
40
60
40
2

47: 22, 0, 0, 0, 0, 3, 0, 1, 0, 0, 1, 0, 0, 0, 1, 0, 0, 0, 0, 0, 0, 0, 0, 0, 1, 0, 0, 0, 0, 0, 0, 26, 0, 0, 0, 0, 11, 0, 0, 0, : 22, 3, 1, 1, 1, 1, 26, 11, 
2: 3, 1, 0, 0, 0, 0, 0, 7, 3, 0, 7, 0, 0, 2, 0, 1, 0, 0, 0, 0, 1, 0, 0, 0, 0, 0, 1, 0, 0, 0, 10, 1, 4, 1, 1, 0, 1, 4, 0, 0, : 3, 1, 7, 3, 7, 2, 1, 1, 1, 10, 1, 4, 1, 1, 1, 4, 
4: 0, 0, 2, 1, 2, 1, 0, 0, 3, 0, 0, 1, 0, 0, 0, 7, 0, 0, 0, 2, 1, 0, 1, 0, 0, 0, 2, 0, 0, 1, 0, 0, 1, 1, 0, 0, 0, 0, 0, 1, : 2, 1, 2, 1, 3, 1, 7, 2, 1, 1, 2, 1, 1, 1, 1, 
26: 0, 0, 12, 0, 0, 0, 0, 1, 0, 0, 0, 0, 0, 7, 2, 0, 0, 0, 4, 0, 0, 2, 0, 1, 1, 1, 0, 0, 0, 2, 0, 1, 0, 1, 0, 0, 0, 0, 2, 1, : 12, 1, 7, 2, 4, 2, 1, 1, 1, 2, 1, 1, 2, 1, 
15: 0, 0, 0, 0, 1, 0, 1, 0, 1, 0, 0, 1, 0, 0, 0, 0, 2, 0, 0, 0, 1, 1, 1, 1, 4, 0, 1, 0, 2, 0, 0, 1, 0, 0, 0, 0, 5, 12, 1, 0, : 1, 1, 1, 1, 2, 1, 1, 1, 1, 4, 1, 2, 1, 5, 12, 1, 
21: 0, 0, 0, 3, 0, 2, 8, 0, 0, 0, 0, 0, 0, 3, 0, 4, 0, 0, 9, 1, 0, 0, 0, 0, 0, 1, 6, 5, 8, 0, 1, 0, 0, 6, 0, 0, 3, 1, 6, 16, : 3, 2, 8, 3, 4, 9, 1, 1, 6, 5, 8, 1, 6, 3, 1, 6, 16, 
46: 0, 14, 0, 1, 5, 0, 1, 1, 0, 0, 0, 19, 0, 0, 1, 6, 1, 10, 3, 0, 0, 1, 0, 0, 0, 0, 2, 2, 1, 0, 0, 0, 1, 1, 1, 0, 0, 1, 0, 0, : 14, 1, 5, 1, 1, 19, 1, 6, 1, 10, 3, 1, 2, 2, 1, 1, 1, 1, 1, 
19: 0, 1, 0, 1, 0, 3, 0, 0, 0, 0, 0, 6, 0, 1, 1, 3, 1, 0, 0, 1, 4, 0, 2, 0, 0, 0, 1, 4, 0, 0, 9, 0, 0, 0, 6, 0, 0, 0, 0, 0, : 1, 1, 3, 6, 1, 1, 3, 1, 1, 4, 2, 1, 4, 9, 6, 
56: 0, 0, 5, 2, 0, 1, 3, 10, 0, 6, 2, 0, 0, 8, 0, 2, 0, 12, 0, 0, 1, 0, 3, 0, 1, 0, 0, 0, 0, 0, 0, 0, 1, 9, 0, 0, 1, 3, 0, 0, : 5, 2, 1, 3, 10, 6, 2, 8, 2, 12, 1, 3, 1, 1, 9, 1, 3, 
59: 0, 0, 0, 0, 0, 0, 0, 0, 4, 4, 1, 0, 1, 0, 3, 2, 0, 0, 0, 0, 0, 9, 0, 0, 0, 0, 0, 0, 0, 13, 0, 0, 0, 0, 1, 0, 2, 2, 17, 0, : 4, 4, 1, 1, 3, 2, 9, 13, 1, 2, 2, 17, 
60: 0, 1, 1, 0, 0, 0, 0, 0, 0, 2, 1, 0, 0, 0, 0, 0, 1, 0, 0, 0, 1, 0, 0, 0, 0, 0, 2, 0, 1, 12, 1, 0, 0, 0, 1, 0, 0, 4, 0, 0, : 1, 1, 2, 1, 1, 1, 2, 1, 12, 1, 1, 4, 
31: 0, 0, 0, 1, 0, 1, 1, 0, 0, 0, 0, 0, 0, 0, 0, 1, 1, 0, 0, 0, 9, 2, 0, 0, 1, 0, 0, 1, 0, 1, 0, 0, 2, 4, 0, 0, 0, 0, 0, 0, : 1, 1, 1, 1, 1, 9, 2, 1, 1, 1, 2, 4, 
44: 0, 0, 1, 0, 2, 0, 0, 3, 1, 2, 3, 0, 15, 0, 1, 1, 11, 0, 2, 0, 0, 0, 0, 0, 0, 3, 3, 1, 1, 0, 0, 1, 24, 0, 19, 0, 0, 0, 0, 0, : 1, 2, 3, 1, 2, 3, 15, 1, 1, 11, 2, 3, 3, 1, 1, 1, 24, 19, 
23: 2, 1, 0, 1, 2, 0, 0, 0, 0, 1, 0, 2, 0, 1, 6, 0, 0, 0, 0, 0, 9, 0, 25, 3, 0, 1, 0, 0, 0, 1, 0, 0, 0, 1, 0, 0, 1, 0, 0, 2, : 2, 1, 1, 2, 1, 2, 1, 6, 9, 25, 3, 1, 1, 1, 1, 2, 
5: 1, 1, 1, 0, 1, 0, 0, 0, 0, 3, 1, 0, 0, 0, 1, 1, 0, 0, 0, 0, 1, 1, 0, 5, 0, 0, 15, 0, 3, 0, 0, 0, 0, 1, 4, 0, 0, 0, 0, 0, : 1, 1, 1, 1, 3, 1, 1, 1, 1, 1, 5, 15, 3, 1, 4, 
6: 1, 0, 0, 0, 0, 1, 0, 0, 18, 0, 9, 0, 0, 5, 0, 1, 1, 0, 0, 0, 0, 0, 0, 0, 2, 6, 2, 1, 9, 1, 0, 0, 0, 3, 0, 6, 0, 0, 0, 0, : 1, 1, 18, 9, 5, 1, 1, 2, 6, 2, 1, 9, 1, 3, 6, 
40: 0, 1, 1, 0, 9, 1, 0, 0, 0, 2, 11, 0, 0, 0, 0, 4, 0, 0, 0, 0, 0, 0, 0, 0, 0, 15, 0, 18, 0, 0, 0, 0, 3, 0, 0, 0, 2, 0, 1, 0, : 1, 1, 9, 1, 2, 11, 4, 15, 18, 3, 2, 1, 
20: 0, 1, 0, 0, 0, 1, 3, 0, 0, 0, 0, 0, 0, 0, 0, 1, 1, 0, 1, 0, 5, 0, 0, 0, 0, 2, 0, 0, 1, 9, 1, 0, 0, 5, 0, 0, 1, 0, 2, 0, : 1, 1, 3, 1, 1, 1, 5, 2, 1, 9, 1, 5, 1, 2, 
33: 7, 4, 0, 0, 4, 1, 5, 0, 0, 4, 1, 3, 0, 2, 1, 1, 0, 1, 0, 0, 2, 0, 0, 0, 1, 0, 0, 0, 0, 0, 0, 0, 0, 0, 0, 0, 1, 1, 0, 0, : 7, 4, 4, 1, 5, 4, 1, 3, 2, 1, 1, 1, 2, 1, 1, 1, 
10: 0, 0, 1, 0, 1, 1, 0, 1, 1, 0, 0, 0, 0, 3, 1, 0, 1, 0, 0, 0, 0, 0, 1, 0, 1, 0, 1, 3, 1, 0, 0, 1, 0, 1, 0, 0, 0, 11, 0, 0, : 1, 1, 1, 1, 1, 3, 1, 1, 1, 1, 1, 3, 1, 1, 1, 11, 
28: 0, 9, 0, 0, 0, 1, 0, 0, 0, 0, 0, 0, 0, 0, 1, 0, 1, 0, 9, 0, 1, 0, 0, 0, 11, 0, 0, 1, 0, 0, 18, 0, 0, 2, 3, 0, 1, 0, 0, 0, : 9, 1, 1, 1, 9, 1, 11, 1, 18, 2, 3, 1, 
3: 1, 3, 1, 0, 0, 0, 0, 0, 0, 3, 0, 0, 0, 0, 0, 1, 0, 3, 0, 19, 1, 0, 1, 0, 1, 0, 0, 0, 1, 0, 0, 1, 1, 2, 1, 0, 4, 0, 0, 0, : 1, 3, 1, 3, 1, 3, 19, 1, 1, 1, 1, 1, 1, 2, 1, 4, 
49: 0, 0, 1, 5, 0, 0, 0, 3, 1, 1, 0, 0, 1, 1, 1, 0, 6, 0, 1, 0, 1, 3, 1, 0, 0, 2, 2, 1, 0, 0, 0, 0, 0, 1, 0, 5, 0, 0, 0, 0, : 1, 5, 3, 1, 1, 1, 1, 1, 6, 1, 1, 3, 1, 2, 2, 1, 1, 5, 
16: 0, 1, 0, 23, 1, 1, 12, 9, 0, 1, 0, 8, 0, 0, 1, 1, 0, 2, 1, 0, 0, 0, 0, 1, 0, 6, 0, 0, 3, 0, 0, 1, 0, 0, 3, 0, 2, 1, 9, 0, : 1, 23, 1, 1, 12, 9, 1, 8, 1, 1, 2, 1, 1, 6, 3, 1, 3, 2, 1, 9, 
30: 0, 1, 0, 1, 5, 0, 0, 0, 1, 0, 1, 0, 0, 0, 13, 0, 0, 0, 0, 16, 1, 0, 1, 0, 0, 0, 1, 0, 1, 0, 0, 0, 0, 0, 0, 27, 0, 0, 0, 0, : 1, 1, 5, 1, 1, 13, 16, 1, 1, 1, 1, 27, 
35: 1, 0, 1, 1, 3, 0, 1, 1, 0, 1, 0, 0, 23, 0, 1, 0, 0, 0, 0, 0, 0, 21, 0, 0, 13, 0, 0, 0, 3, 0, 0, 0, 0, 0, 0, 0, 0, 0, 0, 0, : 1, 1, 1, 3, 1, 1, 1, 23, 1, 21, 13, 3, 
25: 1, 0, 0, 0, 1, 1, 0, 0, 0, 1, 2, 0, 0, 5, 0, 1, 0, 0, 0, 1, 0, 0, 0, 0, 0, 0, 0, 1, 0, 0, 0, 0, 0, 0, 0, 2, 3, 0, 1, 0, : 1, 1, 1, 1, 2, 5, 1, 1, 1, 2, 3, 1, 
43: 0, 0, 0, 0, 1, 12, 0, 0, 6, 5, 0, 0, 0, 1, 1, 1, 10, 12, 1, 0, 1, 0, 3, 5, 3, 0, 0, 0, 3, 0, 0, 0, 0, 0, 0, 0, 1, 0, 0, 1, : 1, 12, 6, 5, 1, 1, 1, 10, 12, 1, 1, 3, 5, 3, 3, 1, 1, 
24: 0, 0, 1, 0, 2, 0, 0, 3, 1, 3, 0, 0, 0, 1, 4, 0, 1, 0, 2, 0, 0, 0, 1, 0, 0, 2, 1, 0, 1, 0, 0, 7, 3, 1, 0, 0, 1, 0, 1, 19, : 1, 2, 3, 1, 3, 1, 4, 1, 2, 1, 2, 1, 1, 7, 3, 1, 1, 1, 19, 
22: 1, 1, 12, 0, 0, 9, 5, 0, 0, 1, 0, 0, 0, 0, 0, 1, 2, 0, 7, 0, 0, 0, 0, 24, 0, 1, 0, 2, 1, 0, 0, 0, 0, 0, 0, 0, 0, 0, 0, 0, : 1, 1, 12, 9, 5, 1, 1, 2, 7, 24, 1, 2, 1, 


18: 0, 0, 1, 0, 0, 0, 0, 1, 0, 0, 1, 5, 1, 0, 1, 0, 2, 1, 0, 3, 0, 1, 1, 0, 0, 0, 1, 1, 0, 0, 2, 0, 6, 0, 0, 0, 0, 0, 0, 2, : 1, 1, 1, 5, 1, 1, 2, 1, 3, 1, 1, 1, 1, 2, 6, 2, 
37: 0, 0, 0, 0, 0, 1, 0, 1, 0, 15, 0, 2, 0, 1, 2, 1, 0, 0, 4, 0, 0, 1, 1, 4, 0, 0, 4, 0, 0, 0, 0, 0, 13, 0, 15, 0, 0, 0, 0, 0, : 1, 1, 15, 2, 1, 2, 1, 4, 1, 1, 4, 4, 13, 15, 
53: 0, 0, 0, 0, 0, 0, 0, 0, 0, 3, 0, 1, 14, 5, 0, 5, 1, 0, 1, 6, 0, 3, 0, 2, 0, 0, 1, 0, 0, 14, 8, 0, 0, 0, 3, 0, 6, 0, 6, 0, : 3, 1, 14, 5, 5, 1, 1, 6, 3, 2, 1, 14, 8, 3, 6, 6, 
57: 0, 0, 1, 0, 1, 0, 0, 1, 1, 0, 20, 0, 8, 0, 0, 2, 1, 1, 0, 0, 0, 0, 1, 0, 1, 0, 0, 0, 0, 0, 0, 0, 0, 0, 1, 1, 2, 1, 0, 0, : 1, 1, 1, 1, 20, 8, 2, 1, 1, 1, 1, 1, 1, 2, 1, 
41: 0, 0, 1, 0, 1, 0, 1, 1, 0, 0, 0, 1, 0, 0, 0, 5, 0, 0, 1, 0, 0, 1, 0, 0, 24, 21, 0, 0, 7, 0, 0, 0, 0, 0, 4, 0, 0, 0, 0, 0, : 1, 1, 1, 1, 1, 5, 1, 1, 24, 21, 7, 4, 
48: 22, 0, 10, 10, 1, 0, 0, 0, 0, 1, 0, 0, 0, 0, 0, 1, 11, 0, 1, 2, 0, 0, 1, 0, 0, 0, 8, 13, 0, 0, 0, 0, 0, 8, 0, 0, 0, 0, 1, 8, : 22, 10, 10, 1, 1, 1, 11, 1, 2, 1, 8, 13, 8, 1, 8, 
13: 2, 0, 1, 0, 2, 1, 0, 1, 20, 9, 0, 0, 0, 0, 0, 0, 1, 0, 3, 12, 0, 1, 0, 0, 0, 0, 0, 0, 0, 0, 0, 8, 1, 0, 0, 0, 0, 0, 0, 1, : 2, 1, 2, 1, 1, 20, 9, 1, 3, 12, 1, 8, 1, 1, 
34: 0, 0, 0, 9, 0, 0, 0, 1, 0, 0, 0, 0, 0, 9, 1, 0, 0, 0, 0, 0, 0, 0, 7, 1, 2, 0, 1, 0, 12, 0, 0, 0, 1, 0, 0, 5, 1, 0, 0, 0, : 9, 1, 9, 1, 7, 1, 2, 1, 12, 1, 5, 1, 
8: 0, 0, 1, 0, 1, 24, 34, 0, 0, 2, 0, 4, 0, 0, 0, 6, 0, 7, 5, 0, 0, 0, 0, 0, 0, 0, 0, 0, 0, 0, 0, 1, 0, 0, 0, 5, 1, 0, 0, 0, : 1, 1, 24, 34, 2, 4, 6, 7, 5, 1, 5, 1, 
36: 0, 3, 1, 0, 1, 0, 0, 0, 0, 0, 2, 5, 0, 0, 0, 1, 0, 3, 0, 0, 0, 1, 18, 0, 0, 0, 1, 1, 0, 11, 0, 0, 5, 0, 0, 3, 1, 0, 0, 0, : 3, 1, 1, 2, 5, 1, 3, 1, 18, 1, 1, 11, 5, 3, 1, 
45: 0, 1, 0, 0, 0, 1, 0, 13, 0, 0, 0, 0, 1, 0, 0, 0, 0, 0, 0, 0, 0, 0, 0, 0, 0, 4, 2, 0, 3, 1, 0, 0, 0, 0, 0, 2, 10, 0, 0, 4, : 1, 1, 13, 1, 4, 2, 3, 1, 2, 10, 4, 
7: 2, 2, 0, 0, 11, 0, 0, 2, 0, 0, 0, 0, 1, 0, 1, 0, 9, 0, 1, 2, 0, 0, 1, 0, 0, 11, 1, 0, 0, 0, 0, 0, 0, 0, 0, 1, 0, 0, 0, 0, : 2, 2, 11, 2, 1, 1, 9, 1, 2, 1, 11, 1, 1, 
27: 0, 0, 1, 0, 1, 0, 0, 0, 2, 0, 0, 0, 0, 0, 0, 0, 0, 0, 1, 0, 15, 1, 0, 0, 0, 0, 0, 2, 0, 0, 1, 0, 0, 0, 0, 1, 0, 0, 0, 0, : 1, 1, 2, 1, 15, 1, 2, 1, 1, 
17: 0, 1, 1, 0, 1, 0, 2, 2, 0, 0, 3, 0, 0, 0, 0, 0, 0, 0, 1, 0, 0, 3, 1, 0, 0, 0, 0, 2, 0, 0, 0, 0, 0, 0, 0, 0, 5, 0, 4, 0, : 1, 1, 1, 2, 2, 3, 1, 3, 1, 2, 5, 4, 
52: 9, 14, 0, 0, 1, 0, 0, 1, 0, 0, 0, 0, 0, 0, 0, 1, 8, 0, 3, 0, 0, 0, 0, 3, 0, 0, 0, 0, 0, 0, 12, 0, 1, 1, 0, 0, 0, 0, 0, 0, : 9, 14, 1, 1, 1, 8, 3, 3, 12, 1, 1, 
42: 1, 0, 2, 0, 1, 0, 0, 0, 0, 0, 0, 0, 1, 0, 0, 4, 0, 1, 0, 0, 0, 6, 0, 12, 0, 0, 0, 1, 0, 0, 0, 0, 1, 0, 0, 0, 1, 3, 0, 0, : 1, 2, 1, 1, 4, 1, 6, 12, 1, 1, 1, 3, 
39: 0, 0, 15, 0, 0, 0, 0, 0, 0, 0, 0, 0, 0, 2, 0, 0, 0, 0, 2, 0, 21, 4, 0, 0, 0, 0, 6, 0, 0, 0, 1, 0, 0, 0, 0, 1, 3, 16, 29, 0, : 15, 2, 2, 21, 4, 6, 1, 1, 3, 16, 29, 
51: 0, 1, 0, 0, 0, 4, 1, 3, 0, 0, 0, 0, 0, 0, 1, 1, 1, 0, 1, 1, 1, 6, 0, 3, 0, 0, 0, 0, 0, 0, 9, 0, 1, 4, 0, 8, 1, 0, 0, 9, : 1, 4, 1, 3, 1, 1, 1, 1, 1, 1, 6, 3, 9, 1, 4, 8, 1, 9, 
55: 0, 0, 0, 0, 1, 0, 0, 0, 3, 0, 0, 0, 2, 0, 2, 0, 0, 0, 4, 9, 3, 0, 2, 0, 0, 0, 0, 0, 0, 1, 0, 0, 0, 0, 0, 1, 1, 0, 0, 4, : 1, 3, 2, 2, 4, 9, 3, 2, 1, 1, 1, 4, 
32: 0, 0, 0, 0, 0, 0, 0, 0, 0, 0, 1, 9, 1, 0, 0, 0, 0, 0, 0, 1, 0, 0, 1, 0, 0, 0, 0, 0, 0, 0, 1, 0, 1, 0, 1, 0, 1, 0, 0, 0, : 1, 9, 1, 1, 1, 1, 1, 1, 1, 
38: 1, 0, 0, 0, 0, 0, 0, 8, 1, 0, 11, 1, 0, 0, 21, 0, 0, 10, 0, 0, 0, 4, 0, 0, 0, 0, 0, 0, 0, 1, 0, 0, 1, 0, 0, 1, 0, 0, 0, 0, : 1, 8, 1, 11, 1, 21, 10, 4, 1, 1, 1, 
58: 0, 0, 1, 0, 1, 2, 0, 0, 0, 2, 0, 0, 1, 0, 0, 1, 0, 1, 0, 0, 0, 1, 0, 0, 0, 0, 12, 18, 0, 4, 0, 0, 1, 1, 0, 1, 1, 0, 0, 0, : 1, 1, 2, 2, 1, 1, 1, 1, 12, 18, 4, 1, 1, 1, 1, 
1: 0, 0, 0, 21, 0, 0, 0, 1, 0, 0, 0, 6, 2, 7, 3, 3, 3, 3, 0, 0, 0, 0, 0, 0, 0, 0, 0, 0, 0, 0, 0, 0, 0, 6, 0, 0, 0, 0, 0, 2, : 21, 1, 6, 2, 7, 3, 3, 3, 3, 6, 2, 
54: 0, 0, 1, 0, 0, 0, 0, 1, 0, 0, 0, 0, 1, 0, 0, 0, 0, 0, 0, 0, 0, 0, 2, 0, 0, 4, 0, 0, 0, 0, 1, 0, 0, 0, 0, 0, 2, 0, 0, 8, : 1, 1, 1, 2, 4, 1, 2, 8, 
29: 0, 1, 1, 0, 1, 3, 0, 0, 0, 1, 0, 0, 0, 0, 3, 0, 0, 1, 0, 0, 0, 2, 0, 0, 0, 0, 0, 0, 1, 0, 2, 0, 0, 0, 7, 1, 0, 0, 0, 0, : 1, 1, 1, 3, 1, 3, 1, 2, 1, 2, 7, 1, 
14: 0, 0, 0, 0, 9, 0, 1, 2, 13, 0, 1, 0, 1, 1, 4, 0, 0, 0, 2, 0, 0, 1, 0, 7, 0, 0, 2, 0, 0, 0, 0, 0, 8, 1, 0, 8, 0, 0, 0, 1, : 9, 1, 2, 13, 1, 1, 1, 4, 2, 1, 7, 2, 8, 1, 8, 1, 
9: 2, 17, 1, 0, 1, 3, 0, 0, 0, 0, 0, 6, 0, 0, 0, 1, 0, 0, 9, 0, 0, 0, 0, 1, 0, 0, 1, 0, 0, 0, 3, 31, 0, 2, 0, 0, 0, 0, 0, 0, : 2, 17, 1, 1, 3, 6, 1, 9, 1, 1, 3, 31, 2, 
11: 0, 0, 1, 0, 1, 0, 0, 0, 0, 0, 0, 0, 1, 15, 0, 4, 1, 11, 0, 0, 0, 0, 4, 7, 13, 0, 0, 2, 0, 0, 0, 0, 0, 0, 0, 0, 3, 0, 0, 0, : 1, 1, 1, 15, 4, 1, 11, 4, 7, 13, 2, 3, 
12: 0, 0, 0, 0, 1, 1, 0, 0, 0, 1, 0, 0, 0, 0, 1, 0, 2, 0, 1, 4, 0, 0, 0, 0, 0, 0, 0, 0, 2, 0, 0, 0, 0, 14, 0, 1, 1, 0, 0, 1, : 1, 1, 1, 1, 2, 1, 4, 2, 14, 1, 1, 1, 
50: 1, 0, 0, 0, 3, 0, 1, 1, 0, 6, 1, 0, 5, 0, 0, 4, 0, 1, 0, 0, 0, 4, 0, 0, 0, 0, 0, 0, 15, 8, 0, 0, 0, 3, 9, 0, 0, 20, 0, 0, : 1, 3, 1, 1, 6, 1, 5, 4, 1, 4, 15, 8, 3, 9, 20, 


