
20
600
40
20

1: 0, 10, 0, 1, 0, 0, 0, 6, 0, 0, 0, 1, 0, 1, 1, 4, 1, 0, 1, 0, : 10, 1, 6, 1, 1, 1, 4, 1, 1, 
232: 0, 0, 2, 0, 1, 1, 0, 1, 0, 0, 10, 6, 0, 0, 0, 7, 1, 0, 0, 0, : 2, 1, 1, 1, 10, 6, 7, 1, 
362: 1, 0, 0, 0, 1, 0, 0, 0, 0, 0, 2, 3, 0, 1, 0, 0, 0, 1, 13, 1, : 1, 1, 2, 3, 1, 1, 13, 1, 
96: 0, 1, 1, 0, 2, 0, 0, 0, 1, 2, 1, 0, 0, 0, 0, 12, 1, 0, 0, 1, : 1, 1, 2, 1, 2, 1, 12, 1, 1, 
458: 3, 0, 2, 7, 1, 2, 0, 0, 0, 0, 0, 0, 0, 0, 0, 0, 0, 0, 0, 0, : 3, 2, 7, 1, 2, 
10: 2, 0, 0, 0, 1, 4, 0, 0, 4, 0, 5, 0, 0, 0, 4, 0, 1, 5, 0, 0, : 2, 1, 4, 4, 5, 4, 1, 5, 
298: 0, 5, 0, 0, 0, 5, 0, 0, 31, 0, 1, 5, 0, 0, 0, 0, 1, 0, 2, 8, : 5, 5, 31, 1, 5, 1, 2, 8, 
117: 1, 5, 1, 1, 0, 0, 0, 0, 0, 1, 1, 1, 0, 1, 0, 1, 1, 0, 1, 0, : 1, 5, 1, 1, 1, 1, 1, 1, 1, 1, 1, 
435: 4, 0, 0, 1, 0, 0, 0, 0, 0, 0, 0, 0, 0, 2, 0, 0, 1, 0, 0, 0, : 4, 1, 2, 1, 
118: 0, 1, 0, 7, 0, 0, 0, 0, 0, 0, 0, 0, 0, 0, 0, 0, 1, 0, 0, 0, : 1, 7, 1, 
86: 0, 0, 12, 0, 0, 0, 0, 0, 0, 1, 0, 1, 1, 1, 0, 0, 1, 0, 0, 0, : 12, 1, 1, 1, 1, 1, 
233: 5, 12, 0, 0, 0, 2, 0, 0, 0, 0, 2, 1, 1, 1, 0, 0, 1, 0, 0, 0, : 5, 12, 2, 2, 1, 1, 1, 1, 
243: 0, 0, 2, 1, 1, 0, 0, 0, 0, 0, 0, 1, 0, 1, 2, 1, 0, 0, 1, 0, : 2, 1, 1, 1, 1, 2, 1, 1, 
208: 5, 3, 0, 1, 1, 0, 0, 0, 0, 0, 12, 3, 1, 0, 2, 8, 1, 0, 0, 0, : 5, 3, 1, 1, 12, 3, 1, 2, 8, 1, 
137: 0, 0, 3, 1, 0, 1, 0, 0, 0, 6, 0, 0, 3, 0, 1, 0, 0, 1, 0, 10, : 3, 1, 1, 6, 3, 1, 1, 10, 
145: 0, 0, 1, 0, 2, 0, 0, 0, 0, 0, 1, 0, 7, 1, 4, 1, 0, 0, 2, 0, : 1, 2, 1, 7, 1, 4, 1, 2, 
288: 1, 0, 0, 0, 1, 1, 0, 0, 0, 0, 0, 0, 0, 0, 0, 2, 3, 5, 2, 0, : 1, 1, 1, 2, 3, 5, 2, 
399: 0, 0, 0, 1, 11, 0, 1, 0, 0, 2, 1, 0, 1, 12, 0, 0, 4, 0, 0, 16, : 1, 11, 1, 2, 1, 1, 12, 4, 16, 
202: 0, 0, 0, 0, 1, 0, 3, 0, 0, 0, 0, 1, 0, 0, 24, 0, 2, 0, 9, 0, : 1, 3, 1, 24, 2, 9, 
520: 1, 0, 0, 1, 1, 0, 9, 0, 0, 0, 0, 0, 0, 0, 1, 0, 0, 12, 0, 0, : 1, 1, 1, 9, 1, 12, 
325: 5, 0, 0, 0, 0, 0, 0, 2, 0, 0, 2, 1, 0, 0, 0, 2, 0, 2, 1, 0, : 5, 2, 2, 1, 2, 2, 1, 
29: 0, 0, 0, 3, 11, 0, 0, 1, 0, 0, 0, 0, 0, 0, 0, 0, 1, 0, 0, 2, : 3, 11, 1, 1, 2, 
361: 0, 0, 10, 7, 1, 0, 27, 0, 0, 5, 1, 0, 1, 1, 1, 0, 8, 0, 0, 0, : 10, 7, 1, 27, 5, 1, 1, 1, 1, 8, 
470: 3, 0, 0, 3, 0, 0, 0, 1, 4, 0, 0, 0, 0, 1, 0, 0, 1, 0, 3, 0, : 3, 3, 1, 4, 1, 1, 3, 
425: 1, 1, 0, 0, 0, 0, 0, 0, 0, 2, 0, 8, 0, 1, 0, 1, 3, 0, 3, 0, : 1, 1, 2, 8, 1, 1, 3, 3, 
287: 1, 0, 2, 0, 1, 0, 0, 4, 0, 0, 1, 4, 2, 0, 0, 1, 0, 3, 0, 0, : 1, 2, 1, 4, 1, 4, 2, 1, 3, 
384: 1, 1, 1, 1, 0, 0, 0, 0, 0, 0, 0, 0, 23, 0, 0, 0, 2, 1, 0, 1, : 1, 1, 1, 1, 23, 2, 1, 1, 
371: 5, 0, 0, 4, 1, 16, 0, 9, 0, 0, 0, 1, 0, 0, 0, 0, 4, 10, 0, 0, : 5, 4, 1, 16, 9, 1, 4, 10, 
235: 1, 0, 3, 0, 2, 0, 0, 16, 0, 20, 0, 0, 0, 16, 0, 0, 1, 0, 2, 1, : 1, 3, 2, 16, 20, 16, 1, 2, 1, 
478: 0, 1, 0, 0, 0, 8, 0, 0, 0, 1, 0, 3, 0, 0, 0, 0, 0, 0, 0, 0, : 1, 8, 1, 3, 


522: 0, 0, 0, 0, 0, 1, 0, 0, 10, 0, 0, 1, 0, 6, 0, 1, 2, 0, 5, 0, : 1, 10, 1, 6, 1, 2, 5, 
257: 3, 0, 0, 0, 0, 0, 1, 0, 1, 0, 0, 0, 0, 0, 1, 0, 1, 0, 10, 0, : 3, 1, 1, 1, 1, 10, 
213: 0, 0, 1, 0, 5, 1, 6, 2, 0, 6, 0, 0, 0, 0, 0, 15, 0, 0, 1, 0, : 1, 5, 1, 6, 2, 6, 15, 1, 
497: 0, 0, 1, 0, 0, 2, 6, 0, 0, 0, 2, 2, 0, 0, 0, 13, 0, 0, 0, 1, : 1, 2, 6, 2, 2, 13, 1, 
380: 0, 6, 1, 0, 0, 0, 0, 0, 0, 0, 2, 0, 0, 1, 0, 0, 1, 0, 0, 0, : 6, 1, 2, 1, 1, 
251: 0, 0, 9, 0, 0, 1, 0, 2, 0, 0, 0, 0, 1, 0, 1, 2, 1, 2, 0, 0, : 9, 1, 2, 1, 1, 2, 1, 2, 
57: 0, 1, 0, 0, 1, 0, 0, 2, 1, 5, 2, 0, 0, 0, 1, 0, 0, 1, 0, 0, : 1, 1, 2, 1, 5, 2, 1, 1, 
44: 5, 0, 1, 1, 10, 1, 1, 0, 1, 1, 3, 0, 3, 1, 1, 0, 0, 0, 0, 0, : 5, 1, 1, 10, 1, 1, 1, 1, 3, 3, 1, 1, 
184: 0, 0, 0, 0, 0, 0, 1, 1, 0, 0, 1, 5, 0, 0, 0, 1, 1, 9, 0, 0, : 1, 1, 1, 5, 1, 1, 9, 
431: 7, 0, 0, 0, 0, 0, 0, 1, 6, 0, 1, 0, 0, 0, 1, 0, 0, 0, 0, 0, : 7, 1, 6, 1, 1, 
512: 0, 0, 0, 11, 0, 0, 7, 1, 2, 0, 0, 3, 0, 0, 1, 0, 0, 0, 0, 0, : 11, 7, 1, 2, 3, 1, 
400: 0, 9, 1, 0, 0, 0, 8, 0, 0, 0, 1, 2, 2, 0, 0, 0, 0, 1, 0, 0, : 9, 1, 8, 1, 2, 2, 1, 
127: 0, 0, 2, 0, 0, 1, 1, 0, 1, 0, 1, 1, 1, 8, 0, 0, 0, 4, 2, 0, : 2, 1, 1, 1, 1, 1, 1, 8, 4, 2, 
415: 12, 0, 0, 0, 0, 3, 0, 9, 1, 1, 0, 1, 0, 0, 0, 2, 0, 0, 0, 0, : 12, 3, 9, 1, 1, 1, 2, 
481: 0, 0, 1, 3, 0, 0, 0, 1, 0, 0, 1, 1, 0, 0, 0, 0, 0, 0, 1, 0, : 1, 3, 1, 1, 1, 1, 
334: 2, 0, 0, 0, 0, 1, 1, 1, 0, 0, 0, 1, 1, 0, 0, 1, 0, 0, 1, 0, : 2, 1, 1, 1, 1, 1, 1, 1, 
324: 0, 0, 0, 0, 1, 0, 0, 0, 0, 0, 9, 0, 3, 0, 2, 1, 0, 0, 0, 0, : 1, 9, 3, 2, 1, 
521: 0, 14, 6, 0, 0, 1, 0, 0, 0, 1, 0, 2, 0, 0, 1, 1, 2, 5, 0, 0, : 14, 6, 1, 1, 2, 1, 1, 2, 5, 
171: 1, 2, 1, 20, 0, 0, 1, 6, 1, 5, 0, 0, 0, 0, 1, 0, 0, 0, 0, 0, : 1, 2, 1, 20, 1, 6, 1, 5, 1, 
294: 0, 1, 11, 0, 0, 0, 0, 1, 0, 3, 0, 0, 6, 2, 0, 0, 0, 1, 0, 0, : 1, 11, 1, 3, 6, 2, 1, 
306: 9, 0, 0, 0, 0, 7, 0, 0, 0, 0, 0, 1, 2, 0, 12, 0, 1, 0, 0, 0, : 9, 7, 1, 2, 12, 1, 
199: 0, 0, 4, 0, 0, 0, 1, 2, 4, 0, 0, 1, 0, 0, 1, 0, 15, 10, 0, 0, : 4, 1, 2, 4, 1, 1, 15, 10, 
166: 0, 1, 1, 0, 0, 2, 2, 6, 1, 6, 0, 4, 1, 0, 8, 0, 0, 1, 2, 10, : 1, 1, 2, 2, 6, 1, 6, 4, 1, 8, 1, 2, 10, 
419: 0, 0, 0, 0, 21, 2, 1, 0, 0, 0, 0, 1, 11, 0, 2, 2, 0, 0, 1, 0, : 21, 2, 1, 1, 11, 2, 2, 1, 
219: 0, 0, 0, 0, 1, 14, 0, 2, 11, 3, 2, 0, 1, 13, 0, 1, 0, 0, 0, 0, : 1, 14, 2, 11, 3, 2, 1, 13, 1, 
592: 0, 4, 0, 0, 0, 0, 0, 0, 0, 0, 1, 2, 6, 0, 0, 0, 2, 1, 12, 21, : 4, 1, 2, 6, 2, 1, 12, 21, 
376: 1, 2, 0, 0, 0, 0, 1, 0, 0, 0, 10, 7, 0, 8, 0, 0, 0, 3, 0, 0, : 1, 2, 1, 10, 7, 8, 3, 
453: 0, 0, 0, 0, 0, 0, 1, 1, 0, 3, 4, 1, 1, 1, 7, 0, 1, 0, 0, 8, : 1, 1, 3, 4, 1, 1, 1, 7, 1, 8, 
77: 0, 0, 0, 0, 1, 0, 1, 0, 0, 0, 0, 1, 1, 0, 0, 0, 0, 2, 0, 0, : 1, 1, 1, 1, 2, 
344: 0, 0, 0, 5, 0, 3, 0, 2, 0, 6, 0, 3, 0, 0, 0, 0, 13, 0, 5, 0, : 5, 3, 2, 6, 3, 13, 5, 


331: 1, 0, 0, 0, 1, 9, 0, 0, 0, 8, 0, 10, 0, 1, 0, 1, 0, 0, 9, 0, : 1, 1, 9, 8, 10, 1, 1, 9, 
341: 2, 3, 0, 1, 0, 0, 0, 0, 0, 0, 1, 15, 4, 0, 0, 0, 2, 0, 0, 0, : 2, 3, 1, 1, 15, 4, 2, 
25: 1, 0, 2, 1, 0, 0, 0, 0, 10, 0, 1, 0, 1, 0, 0, 0, 11, 0, 3, 0, : 1, 2, 1, 10, 1, 1, 11, 3, 
308: 0, 15, 0, 0, 0, 0, 0, 0, 0, 0, 1, 1, 0, 1, 0, 30, 20, 1, 3, 1, : 15, 1, 1, 1, 30, 20, 1, 3, 1, 
527: 1, 0, 1, 22, 8, 14, 0, 0, 1, 0, 0, 1, 1, 1, 2, 0, 0, 0, 0, 0, : 1, 1, 22, 8, 14, 1, 1, 1, 1, 2, 
130: 0, 0, 0, 0, 2, 0, 1, 0, 1, 1, 1, 0, 0, 0, 2, 1, 0, 0, 0, 4, : 2, 1, 1, 1, 1, 2, 1, 4, 
80: 1, 0, 0, 0, 0, 0, 1, 0, 0, 1, 0, 0, 2, 0, 2, 0, 0, 0, 2, 0, : 1, 1, 1, 2, 2, 2, 
246: 0, 0, 1, 0, 0, 0, 0, 0, 2, 0, 0, 2, 1, 0, 0, 1, 0, 0, 4, 0, : 1, 2, 2, 1, 1, 4, 
381: 1, 0, 0, 0, 0, 0, 0, 0, 0, 0, 7, 6, 0, 0, 29, 0, 0, 0, 1, 5, : 1, 7, 6, 29, 1, 5, 
162: 4, 0, 0, 0, 0, 0, 0, 1, 1, 1, 0, 1, 25, 1, 0, 0, 0, 11, 1, 0, : 4, 1, 1, 1, 1, 25, 1, 11, 1, 
350: 0, 0, 10, 0, 0, 0, 1, 0, 0, 0, 1, 1, 0, 28, 0, 1, 0, 0, 0, 0, : 10, 1, 1, 1, 28, 1, 
513: 0, 0, 1, 0, 19, 0, 17, 0, 0, 0, 11, 0, 0, 0, 0, 0, 1, 0, 1, 0, : 1, 19, 17, 11, 1, 1, 
139: 1, 0, 1, 1, 0, 0, 0, 1, 0, 1, 1, 0, 0, 0, 0, 0, 1, 20, 0, 7, : 1, 1, 1, 1, 1, 1, 1, 20, 7, 
593: 1, 0, 0, 0, 0, 0, 0, 0, 3, 0, 1, 0, 0, 2, 0, 0, 0, 0, 1, 8, : 1, 3, 1, 2, 1, 8, 
466: 2, 0, 0, 0, 1, 0, 0, 0, 3, 0, 0, 1, 0, 1, 0, 0, 0, 0, 0, 2, : 2, 1, 3, 1, 1, 2, 
89: 1, 0, 0, 0, 3, 13, 0, 0, 0, 0, 0, 0, 0, 1, 0, 0, 2, 0, 3, 0, : 1, 3, 13, 1, 2, 3, 
146: 0, 0, 0, 0, 0, 0, 0, 0, 1, 0, 0, 0, 0, 0, 0, 0, 0, 0, 2, 4, : 1, 2, 4, 
506: 0, 0, 8, 1, 0, 0, 11, 22, 0, 0, 1, 0, 3, 0, 2, 0, 0, 0, 0, 0, : 8, 1, 11, 22, 1, 3, 2, 
482: 0, 0, 1, 0, 0, 0, 0, 0, 1, 0, 0, 0, 0, 0, 0, 2, 0, 0, 0, 1, : 1, 1, 2, 1, 
182: 0, 19, 0, 0, 0, 0, 0, 0, 0, 0, 1, 0, 0, 2, 0, 0, 0, 0, 4, 0, : 19, 1, 2, 4, 
355: 0, 0, 2, 0, 1, 0, 0, 0, 0, 0, 0, 0, 1, 0, 0, 0, 0, 0, 0, 1, : 2, 1, 1, 1, 
349: 0, 0, 0, 0, 0, 0, 0, 0, 1, 0, 1, 0, 0, 0, 0, 0, 1, 0, 1, 2, : 1, 1, 1, 1, 2, 
102: 1, 0, 0, 0, 0, 0, 0, 0, 3, 0, 0, 0, 1, 0, 0, 4, 0, 2, 1, 0, : 1, 3, 1, 4, 2, 1, 
278: 4, 0, 4, 3, 0, 0, 0, 0, 1, 28, 0, 0, 0, 1, 0, 0, 2, 0, 0, 0, : 4, 4, 3, 1, 28, 1, 2, 
255: 0, 0, 1, 1, 0, 3, 0, 0, 3, 0, 11, 0, 0, 1, 0, 0, 0, 5, 0, 0, : 1, 1, 3, 3, 11, 1, 5, 
174: 0, 0, 0, 2, 1, 0, 0, 0, 7, 0, 0, 0, 0, 0, 0, 0, 0, 1, 1, 5, : 2, 1, 7, 1, 1, 5, 
170: 0, 2, 1, 2, 0, 0, 0, 0, 1, 0, 1, 0, 1, 0, 1, 0, 0, 0, 0, 0, : 2, 1, 2, 1, 1, 1, 1, 
28: 3, 0, 6, 3, 1, 1, 0, 0, 0, 0, 0, 0, 0, 0, 0, 0, 0, 0, 2, 0, : 3, 6, 3, 1, 1, 2, 
525: 0, 0, 1, 3, 0, 0, 9, 16, 0, 0, 0, 1, 0, 0, 0, 0, 0, 0, 0, 0, : 1, 3, 9, 16, 1, 
459: 16, 1, 0, 0, 3, 0, 0, 0, 1, 0, 0, 1, 0, 0, 2, 0, 0, 0, 1, 0, : 16, 1, 3, 1, 1, 2, 1, 


524: 0, 0, 0, 1, 1, 2, 1, 14, 0, 0, 0, 0, 3, 0, 0, 10, 0, 0, 0, 0, : 1, 1, 2, 1, 14, 3, 10, 
467: 0, 0, 0, 7, 0, 0, 0, 0, 0, 0, 1, 0, 3, 0, 0, 0, 1, 0, 0, 1, : 7, 1, 3, 1, 1, 
498: 14, 0, 0, 0, 4, 0, 0, 0, 0, 0, 11, 7, 1, 0, 0, 0, 0, 0, 0, 0, : 14, 4, 11, 7, 1, 
502: 0, 11, 14, 1, 0, 0, 0, 2, 0, 12, 1, 0, 1, 0, 1, 3, 1, 0, 1, 0, : 11, 14, 1, 2, 12, 1, 1, 1, 3, 1, 1, 
221: 0, 0, 5, 2, 4, 0, 0, 0, 0, 0, 0, 1, 0, 1, 2, 1, 1, 0, 0, 1, : 5, 2, 4, 1, 1, 2, 1, 1, 1, 
79: 19, 5, 0, 1, 4, 15, 0, 9, 0, 0, 1, 1, 0, 1, 0, 0, 0, 0, 0, 5, : 19, 5, 1, 4, 15, 9, 1, 1, 1, 5, 
194: 0, 1, 0, 0, 0, 0, 0, 0, 0, 0, 0, 0, 1, 3, 0, 1, 0, 0, 0, 0, : 1, 1, 3, 1, 
113: 0, 0, 0, 0, 2, 14, 0, 0, 0, 1, 0, 1, 2, 0, 0, 1, 0, 5, 6, 0, : 2, 14, 1, 1, 2, 1, 5, 6, 
333: 0, 0, 0, 1, 0, 0, 0, 0, 0, 0, 5, 4, 1, 2, 0, 0, 1, 0, 0, 15, : 1, 5, 4, 1, 2, 1, 15, 
339: 0, 0, 0, 0, 0, 0, 0, 0, 10, 0, 0, 1, 0, 1, 0, 0, 0, 0, 0, 0, : 10, 1, 1, 
231: 0, 2, 0, 0, 1, 9, 0, 3, 1, 0, 3, 0, 0, 3, 0, 0, 0, 0, 0, 1, : 2, 1, 9, 3, 1, 3, 3, 1, 
92: 0, 0, 1, 0, 5, 0, 0, 2, 0, 0, 1, 0, 0, 1, 0, 4, 1, 0, 0, 0, : 1, 5, 2, 1, 1, 4, 1, 
204: 0, 2, 0, 0, 0, 0, 0, 0, 7, 0, 0, 1, 0, 0, 5, 1, 0, 0, 1, 0, : 2, 7, 1, 5, 1, 1, 
358: 0, 0, 0, 1, 1, 0, 0, 1, 0, 0, 0, 1, 5, 0, 3, 0, 0, 0, 0, 0, : 1, 1, 1, 1, 5, 3, 
108: 1, 0, 0, 1, 0, 0, 0, 2, 0, 10, 0, 0, 0, 0, 0, 1, 17, 0, 7, 0, : 1, 1, 2, 10, 1, 17, 7, 
100: 0, 0, 0, 0, 0, 0, 0, 0, 5, 0, 0, 5, 2, 0, 3, 1, 0, 0, 0, 1, : 5, 5, 2, 3, 1, 1, 
310: 1, 0, 0, 0, 0, 0, 9, 0, 1, 0, 1, 0, 0, 1, 12, 1, 0, 2, 0, 1, : 1, 9, 1, 1, 1, 12, 1, 2, 1, 
253: 0, 0, 0, 1, 1, 0, 0, 1, 0, 14, 0, 1, 0, 0, 0, 2, 1, 24, 0, 2, : 1, 1, 1, 14, 1, 2, 1, 24, 2, 
451: 0, 0, 0, 0, 1, 0, 0, 0, 14, 0, 3, 1, 0, 3, 0, 2, 0, 9, 0, 0, : 1, 14, 3, 1, 3, 2, 9, 
365: 0, 1, 0, 1, 5, 0, 0, 0, 0, 0, 0, 1, 1, 1, 12, 2, 0, 0, 1, 0, : 1, 1, 5, 1, 1, 1, 12, 2, 1, 
370: 0, 0, 0, 0, 0, 0, 0, 0, 0, 0, 0, 0, 2, 0, 0, 1, 7, 0, 0, 1, : 2, 1, 7, 1, 
599: 0, 0, 0, 4, 0, 0, 23, 0, 0, 3, 0, 1, 4, 12, 1, 1, 0, 0, 0, 1, : 4, 23, 3, 1, 4, 12, 1, 1, 1, 
439: 1, 0, 0, 18, 1, 0, 0, 1, 1, 0, 2, 8, 1, 0, 1, 0, 0, 0, 0, 0, : 1, 18, 1, 1, 1, 2, 8, 1, 1, 
238: 0, 1, 0, 0, 0, 0, 0, 0, 1, 0, 1, 0, 0, 2, 0, 0, 0, 0, 4, 1, : 1, 1, 1, 2, 4, 1, 
530: 0, 0, 1, 0, 9, 0, 0, 3, 0, 0, 7, 1, 4, 1, 0, 4, 0, 0, 0, 0, : 1, 9, 3, 7, 1, 4, 1, 4, 
198: 3, 1, 0, 1, 0, 0, 7, 1, 0, 0, 0, 0, 1, 0, 0, 0, 9, 0, 16, 0, : 3, 1, 1, 7, 1, 1, 9, 16, 
462: 0, 0, 0, 0, 0, 0, 0, 0, 0, 0, 1, 1, 2, 5, 0, 1, 0, 0, 0, 0, : 1, 1, 2, 5, 1, 
270: 1, 15, 0, 0, 0, 0, 0, 0, 0, 0, 1, 2, 0, 0, 0, 2, 0, 0, 0, 0, : 1, 15, 1, 2, 2, 
441: 0, 1, 0, 0, 0, 0, 0, 1, 0, 0, 0, 1, 6, 0, 0, 1, 0, 0, 1, 10, : 1, 1, 1, 6, 1, 1, 10, 
90: 0, 0, 19, 0, 1, 0, 0, 0, 0, 0, 1, 1, 0, 3, 0, 0, 1, 0, 3, 0, : 19, 1, 1, 1, 3, 1, 3, 


554: 0, 0, 1, 0, 0, 2, 2, 0, 0, 0, 0, 0, 0, 1, 0, 0, 0, 0, 1, 0, : 1, 2, 2, 1, 1, 
445: 0, 0, 2, 0, 0, 2, 1, 2, 0, 1, 0, 0, 0, 0, 0, 1, 0, 0, 2, 2, : 2, 2, 1, 2, 1, 1, 2, 2, 
31: 0, 5, 0, 1, 0, 0, 1, 6, 1, 0, 0, 0, 8, 0, 0, 0, 0, 1, 0, 0, : 5, 1, 1, 6, 1, 8, 1, 
168: 0, 1, 2, 7, 1, 0, 1, 0, 0, 0, 5, 0, 0, 7, 1, 0, 0, 0, 0, 1, : 1, 2, 7, 1, 1, 5, 7, 1, 1, 
281: 1, 0, 0, 1, 1, 2, 0, 0, 0, 0, 0, 0, 0, 0, 0, 1, 0, 1, 0, 1, : 1, 1, 1, 2, 1, 1, 1, 
293: 0, 0, 0, 0, 0, 0, 0, 0, 8, 16, 19, 2, 1, 0, 8, 0, 0, 2, 0, 1, : 8, 16, 19, 2, 1, 8, 2, 1, 
93: 5, 0, 0, 0, 0, 0, 1, 0, 0, 2, 0, 0, 1, 1, 18, 5, 0, 0, 2, 0, : 5, 1, 2, 1, 1, 18, 5, 2, 
115: 3, 0, 4, 3, 0, 15, 6, 4, 0, 1, 12, 2, 2, 0, 1, 0, 0, 3, 0, 8, : 3, 4, 3, 15, 6, 4, 1, 12, 2, 2, 1, 3, 8, 
225: 5, 9, 6, 1, 1, 0, 0, 0, 0, 0, 0, 0, 0, 0, 0, 4, 0, 0, 1, 7, : 5, 9, 6, 1, 1, 4, 1, 7, 
468: 0, 0, 0, 0, 1, 1, 0, 0, 0, 0, 0, 0, 1, 0, 0, 0, 0, 1, 0, 1, : 1, 1, 1, 1, 1, 
429: 1, 1, 6, 13, 1, 0, 0, 0, 0, 0, 0, 0, 11, 0, 0, 1, 0, 1, 9, 0, : 1, 1, 6, 13, 1, 11, 1, 1, 9, 
240: 1, 0, 0, 1, 0, 0, 2, 0, 0, 1, 0, 0, 3, 0, 1, 1, 0, 2, 0, 0, : 1, 1, 2, 1, 3, 1, 1, 2, 
485: 0, 0, 0, 0, 0, 0, 2, 0, 13, 0, 0, 3, 0, 1, 1, 0, 0, 0, 0, 0, : 2, 13, 3, 1, 1, 
211: 11, 0, 1, 2, 3, 0, 1, 16, 0, 2, 0, 0, 0, 0, 2, 0, 0, 0, 1, 0, : 11, 1, 2, 3, 1, 16, 2, 2, 1, 
142: 1, 0, 0, 0, 0, 1, 2, 0, 10, 0, 0, 0, 0, 0, 0, 0, 0, 1, 0, 0, : 1, 1, 2, 10, 1, 
35: 0, 0, 0, 0, 0, 0, 3, 0, 0, 0, 0, 0, 1, 1, 0, 1, 0, 0, 4, 0, : 3, 1, 1, 1, 4, 
440: 2, 1, 0, 0, 0, 0, 1, 0, 1, 3, 0, 0, 0, 0, 0, 0, 0, 6, 0, 0, : 2, 1, 1, 1, 3, 6, 
526: 2, 20, 2, 1, 0, 0, 0, 0, 0, 3, 0, 2, 1, 0, 1, 0, 0, 0, 1, 1, : 2, 20, 2, 1, 3, 2, 1, 1, 1, 1, 
11: 2, 0, 0, 1, 1, 1, 0, 0, 0, 0, 0, 0, 0, 0, 0, 0, 37, 0, 9, 0, : 2, 1, 1, 1, 37, 9, 
190: 0, 0, 0, 0, 0, 14, 1, 0, 7, 0, 1, 0, 0, 0, 0, 0, 0, 1, 1, 1, : 14, 1, 7, 1, 1, 1, 1, 
346: 0, 0, 0, 0, 5, 0, 0, 0, 0, 0, 0, 0, 0, 1, 1, 19, 0, 1, 1, 9, : 5, 1, 1, 19, 1, 1, 9, 
309: 0, 0, 1, 0, 0, 0, 5, 0, 0, 7, 0, 0, 0, 0, 0, 1, 0, 6, 0, 1, : 1, 5, 7, 1, 6, 1, 
7: 0, 0, 0, 0, 0, 1, 1, 0, 0, 0, 0, 0, 6, 0, 0, 1, 3, 1, 0, 2, : 1, 1, 6, 1, 3, 1, 2, 
345: 0, 0, 2, 0, 1, 0, 1, 0, 0, 0, 3, 0, 0, 0, 1, 0, 0, 2, 0, 0, : 2, 1, 1, 3, 1, 2, 
449: 1, 0, 4, 1, 0, 0, 1, 0, 0, 1, 0, 0, 0, 0, 0, 0, 0, 0, 8, 1, : 1, 4, 1, 1, 1, 8, 1, 
484: 2, 0, 0, 6, 1, 0, 1, 0, 0, 1, 0, 17, 2, 23, 0, 0, 0, 9, 0, 2, : 2, 6, 1, 1, 1, 17, 2, 23, 9, 2, 
41: 1, 0, 0, 1, 16, 0, 1, 3, 0, 0, 0, 14, 1, 0, 1, 4, 0, 2, 0, 0, : 1, 1, 16, 1, 3, 14, 1, 1, 4, 2, 
504: 0, 0, 2, 0, 1, 0, 0, 0, 0, 1, 0, 0, 0, 2, 3, 1, 0, 0, 0, 1, : 2, 1, 1, 2, 3, 1, 1, 
33: 0, 3, 7, 0, 7, 1, 5, 8, 0, 0, 0, 0, 1, 2, 1, 0, 0, 0, 0, 1, : 3, 7, 7, 1, 5, 8, 1, 2, 1, 1, 
598: 2, 0, 0, 1, 0, 0, 1, 1, 0, 1, 0, 0, 1, 1, 0, 0, 0, 0, 0, 0, : 2, 1, 1, 1, 1, 1, 1, 


239: 12, 0, 20, 9, 20, 0, 0, 0, 0, 0, 0, 0, 0, 1, 3, 0, 0, 0, 1, 1, : 12, 20, 9, 20, 1, 3, 1, 1, 
152: 0, 0, 1, 0, 0, 0, 0, 19, 0, 1, 0, 0, 1, 1, 0, 15, 0, 0, 1, 0, : 1, 19, 1, 1, 1, 15, 1, 
59: 0, 5, 0, 0, 0, 0, 1, 0, 0, 0, 4, 0, 8, 0, 0, 0, 0, 4, 0, 0, : 5, 1, 4, 8, 4, 
65: 0, 0, 0, 18, 0, 0, 0, 0, 0, 5, 1, 0, 1, 0, 3, 0, 0, 0, 4, 1, : 18, 5, 1, 1, 3, 4, 1, 
541: 0, 0, 0, 2, 0, 2, 0, 0, 0, 1, 0, 0, 1, 0, 0, 0, 0, 0, 1, 1, : 2, 2, 1, 1, 1, 1, 
336: 0, 0, 0, 0, 0, 0, 0, 11, 3, 0, 0, 0, 0, 0, 1, 2, 5, 0, 0, 1, : 11, 3, 1, 2, 5, 1, 
436: 0, 0, 0, 0, 0, 0, 0, 0, 0, 0, 0, 1, 0, 1, 0, 1, 0, 0, 1, 0, : 1, 1, 1, 1, 
483: 0, 0, 0, 0, 0, 0, 18, 0, 1, 1, 0, 1, 0, 0, 0, 0, 0, 0, 0, 2, : 18, 1, 1, 1, 2, 
250: 0, 5, 0, 1, 0, 11, 2, 2, 10, 0, 0, 0, 0, 0, 0, 0, 2, 0, 0, 3, : 5, 1, 11, 2, 2, 10, 2, 3, 
186: 1, 4, 0, 1, 1, 0, 0, 0, 2, 0, 1, 1, 1, 3, 5, 1, 0, 0, 0, 1, : 1, 4, 1, 1, 2, 1, 1, 1, 3, 5, 1, 1, 
401: 0, 14, 3, 1, 0, 0, 0, 0, 0, 0, 0, 0, 9, 0, 0, 0, 0, 0, 0, 1, : 14, 3, 1, 9, 1, 
584: 0, 0, 0, 0, 18, 2, 0, 0, 0, 0, 0, 3, 0, 1, 6, 0, 0, 0, 1, 0, : 18, 2, 3, 1, 6, 1, 
412: 0, 0, 1, 4, 0, 0, 0, 0, 0, 2, 5, 0, 0, 0, 1, 1, 0, 0, 1, 2, : 1, 4, 2, 5, 1, 1, 1, 2, 
552: 0, 1, 0, 0, 0, 2, 0, 0, 0, 0, 0, 0, 1, 7, 1, 3, 1, 1, 1, 0, : 1, 2, 1, 7, 1, 3, 1, 1, 1, 
357: 1, 2, 2, 1, 0, 3, 1, 1, 0, 0, 2, 1, 1, 0, 1, 0, 0, 0, 1, 0, : 1, 2, 2, 1, 3, 1, 1, 2, 1, 1, 1, 1, 
23: 4, 0, 0, 0, 0, 10, 0, 0, 0, 0, 3, 0, 0, 0, 2, 0, 0, 0, 0, 0, : 4, 10, 3, 2, 
216: 0, 2, 0, 1, 1, 2, 0, 0, 0, 1, 0, 3, 0, 18, 1, 0, 0, 0, 0, 1, : 2, 1, 1, 2, 1, 3, 18, 1, 1, 
393: 0, 0, 0, 0, 0, 0, 0, 0, 1, 1, 0, 1, 0, 0, 1, 3, 0, 0, 2, 0, : 1, 1, 1, 1, 3, 2, 
452: 2, 1, 0, 1, 0, 0, 3, 0, 0, 1, 0, 4, 0, 0, 2, 0, 0, 0, 1, 0, : 2, 1, 1, 3, 1, 4, 2, 1, 
147: 0, 2, 1, 0, 0, 0, 0, 3, 1, 2, 1, 0, 0, 2, 0, 0, 0, 1, 0, 4, : 2, 1, 3, 1, 2, 1, 2, 1, 4, 
197: 5, 0, 0, 0, 0, 0, 0, 0, 1, 1, 0, 0, 0, 1, 0, 0, 0, 0, 0, 1, : 5, 1, 1, 1, 1, 
70: 0, 0, 1, 0, 0, 1, 1, 0, 17, 5, 21, 6, 0, 1, 0, 0, 5, 0, 0, 0, : 1, 1, 1, 17, 5, 21, 6, 1, 5, 
181: 2, 0, 5, 0, 0, 0, 0, 0, 0, 0, 0, 0, 0, 1, 0, 0, 27, 0, 1, 0, : 2, 5, 1, 27, 1, 
575: 0, 2, 0, 0, 0, 0, 0, 0, 2, 1, 0, 11, 1, 0, 1, 1, 0, 0, 0, 1, : 2, 2, 1, 11, 1, 1, 1, 1, 
387: 1, 0, 1, 0, 0, 1, 0, 0, 0, 1, 1, 2, 9, 1, 0, 8, 0, 0, 0, 0, : 1, 1, 1, 1, 1, 2, 9, 1, 8, 
42: 0, 1, 0, 1, 0, 0, 7, 0, 1, 17, 0, 1, 0, 0, 0, 0, 0, 0, 1, 13, : 1, 1, 7, 1, 17, 1, 1, 13, 
49: 0, 0, 0, 0, 0, 0, 0, 0, 0, 0, 1, 0, 0, 0, 2, 0, 0, 3, 1, 5, : 1, 2, 3, 1, 5, 
273: 0, 1, 3, 0, 0, 0, 0, 0, 1, 0, 0, 1, 6, 1, 1, 3, 0, 0, 18, 1, : 1, 3, 1, 1, 6, 1, 1, 3, 18, 1, 
56: 0, 0, 0, 0, 0, 0, 1, 4, 0, 0, 0, 0, 0, 1, 9, 0, 0, 30, 1, 0, : 1, 4, 1, 9, 30, 1, 
69: 12, 0, 2, 0, 0, 6, 6, 0, 0, 0, 0, 4, 1, 0, 0, 2, 0, 1, 3, 1, : 12, 2, 6, 6, 4, 1, 2, 1, 3, 1, 


398: 0, 21, 3, 10, 0, 0, 0, 0, 0, 0, 0, 5, 11, 0, 0, 0, 0, 0, 0, 0, : 21, 3, 10, 5, 11, 
477: 0, 1, 3, 0, 0, 0, 1, 0, 0, 0, 9, 0, 0, 0, 0, 1, 0, 0, 0, 0, : 1, 3, 1, 9, 1, 
252: 1, 0, 0, 0, 0, 0, 0, 1, 0, 0, 0, 0, 0, 0, 1, 1, 0, 0, 0, 0, : 1, 1, 1, 1, 
266: 4, 0, 0, 0, 5, 0, 0, 6, 0, 10, 0, 0, 0, 0, 0, 0, 4, 0, 0, 0, : 4, 5, 6, 10, 4, 
386: 0, 0, 1, 0, 2, 0, 1, 0, 0, 0, 0, 0, 3, 4, 0, 0, 0, 0, 0, 1, : 1, 2, 1, 3, 4, 1, 
551: 0, 0, 0, 0, 1, 0, 8, 0, 0, 0, 0, 0, 0, 6, 1, 11, 0, 0, 4, 0, : 1, 8, 6, 1, 11, 4, 
289: 0, 5, 0, 0, 0, 0, 0, 2, 0, 0, 0, 0, 0, 1, 2, 1, 0, 5, 0, 3, : 5, 2, 1, 2, 1, 5, 3, 
590: 0, 0, 0, 3, 0, 0, 0, 0, 0, 0, 0, 0, 0, 0, 5, 0, 0, 1, 0, 1, : 3, 5, 1, 1, 
573: 1, 0, 0, 0, 1, 0, 0, 2, 0, 2, 4, 0, 0, 0, 0, 11, 0, 0, 0, 6, : 1, 1, 2, 2, 4, 11, 6, 
544: 1, 0, 2, 0, 3, 0, 30, 0, 0, 0, 0, 0, 0, 1, 0, 2, 0, 1, 0, 0, : 1, 2, 3, 30, 1, 2, 1, 
295: 0, 0, 0, 0, 1, 0, 0, 0, 0, 0, 2, 1, 0, 0, 0, 6, 0, 9, 0, 0, : 1, 2, 1, 6, 9, 
540: 1, 0, 3, 0, 0, 0, 0, 0, 0, 0, 0, 0, 0, 1, 8, 0, 0, 0, 0, 0, : 1, 3, 1, 8, 
578: 0, 0, 0, 0, 0, 0, 0, 0, 0, 2, 0, 0, 20, 3, 1, 0, 0, 0, 1, 0, : 2, 20, 3, 1, 1, 
587: 1, 0, 4, 0, 0, 0, 0, 0, 0, 0, 0, 3, 0, 0, 0, 0, 0, 0, 0, 0, : 1, 4, 3, 
141: 0, 1, 0, 0, 0, 0, 0, 0, 0, 4, 1, 0, 0, 6, 0, 1, 21, 6, 0, 1, : 1, 4, 1, 6, 1, 21, 6, 1, 
423: 9, 0, 0, 0, 0, 0, 0, 0, 0, 0, 0, 0, 0, 0, 1, 0, 0, 0, 0, 2, : 9, 1, 2, 
562: 0, 1, 0, 0, 3, 0, 0, 0, 0, 10, 0, 1, 0, 0, 0, 0, 0, 0, 0, 0, : 1, 3, 10, 1, 
594: 0, 0, 1, 0, 0, 27, 0, 0, 23, 1, 1, 0, 0, 2, 0, 0, 0, 0, 1, 0, : 1, 27, 23, 1, 1, 2, 1, 
407: 0, 0, 3, 0, 2, 0, 0, 17, 0, 0, 1, 0, 0, 1, 1, 0, 0, 0, 32, 1, : 3, 2, 17, 1, 1, 1, 32, 1, 
106: 3, 0, 6, 0, 0, 0, 0, 0, 0, 2, 21, 0, 0, 1, 0, 1, 0, 0, 0, 0, : 3, 6, 2, 21, 1, 1, 
475: 2, 0, 5, 0, 0, 0, 0, 0, 0, 0, 0, 0, 0, 7, 1, 1, 7, 0, 2, 0, : 2, 5, 7, 1, 1, 7, 2, 
167: 14, 2, 0, 0, 0, 1, 0, 0, 0, 0, 0, 4, 0, 0, 4, 0, 1, 0, 0, 0, : 14, 2, 1, 4, 4, 1, 
105: 0, 3, 0, 0, 4, 0, 0, 1, 0, 0, 0, 4, 0, 0, 13, 0, 6, 7, 0, 0, : 3, 4, 1, 4, 13, 6, 7, 
85: 1, 1, 0, 2, 0, 0, 0, 0, 16, 0, 0, 0, 0, 0, 0, 1, 0, 8, 0, 0, : 1, 1, 2, 16, 1, 8, 
408: 0, 0, 0, 0, 0, 0, 0, 0, 0, 6, 0, 14, 6, 0, 0, 1, 0, 0, 0, 11, : 6, 14, 6, 1, 11, 
491: 1, 0, 0, 25, 14, 0, 0, 0, 0, 0, 0, 2, 0, 1, 0, 0, 0, 3, 0, 0, : 1, 25, 14, 2, 1, 3, 
2: 1, 0, 0, 0, 0, 0, 0, 1, 0, 0, 0, 0, 0, 0, 0, 1, 0, 0, 0, 11, : 1, 1, 1, 11, 
424: 0, 0, 5, 0, 0, 12, 0, 0, 0, 2, 0, 1, 0, 1, 2, 0, 0, 0, 0, 3, : 5, 12, 2, 1, 1, 2, 3, 
455: 0, 2, 0, 0, 0, 0, 0, 0, 1, 0, 1, 4, 0, 5, 0, 1, 0, 0, 0, 0, : 2, 1, 1, 4, 5, 1, 
136: 0, 3, 4, 0, 4, 0, 0, 10, 0, 1, 0, 1, 0, 0, 0, 0, 1, 0, 0, 0, : 3, 4, 4, 10, 1, 1, 1, 


169: 0, 1, 0, 0, 1, 0, 0, 10, 0, 0, 13, 0, 1, 7, 0, 1, 2, 0, 2, 0, : 1, 1, 10, 13, 1, 7, 1, 2, 2, 
570: 3, 2, 2, 0, 0, 1, 0, 0, 0, 0, 0, 0, 3, 0, 0, 0, 0, 0, 1, 0, : 3, 2, 2, 1, 3, 1, 
61: 0, 0, 5, 0, 2, 0, 1, 0, 0, 0, 0, 0, 1, 1, 0, 0, 5, 0, 1, 0, : 5, 2, 1, 1, 1, 5, 1, 
34: 0, 6, 0, 0, 0, 0, 0, 1, 0, 0, 0, 0, 0, 0, 1, 6, 2, 5, 3, 0, : 6, 1, 1, 6, 2, 5, 3, 
476: 1, 0, 4, 0, 0, 17, 0, 0, 2, 0, 2, 0, 0, 1, 0, 0, 0, 0, 2, 0, : 1, 4, 17, 2, 2, 1, 2, 
351: 1, 8, 2, 0, 1, 0, 1, 0, 0, 11, 0, 0, 0, 0, 0, 2, 4, 7, 0, 1, : 1, 8, 2, 1, 1, 11, 2, 4, 7, 1, 
210: 0, 1, 5, 15, 0, 0, 1, 0, 2, 1, 2, 0, 0, 0, 0, 0, 0, 0, 0, 0, : 1, 5, 15, 1, 2, 1, 2, 
164: 3, 0, 0, 1, 0, 0, 0, 0, 4, 1, 0, 0, 0, 0, 1, 2, 5, 0, 19, 4, : 3, 1, 4, 1, 1, 2, 5, 19, 4, 
111: 11, 0, 12, 0, 0, 0, 9, 0, 0, 0, 0, 0, 0, 4, 0, 0, 1, 0, 0, 0, : 11, 12, 9, 4, 1, 
103: 0, 0, 0, 0, 1, 1, 0, 0, 0, 14, 0, 0, 5, 0, 0, 1, 0, 1, 0, 1, : 1, 1, 14, 5, 1, 1, 1, 
438: 0, 0, 0, 0, 9, 0, 1, 0, 0, 1, 6, 0, 0, 4, 0, 1, 0, 8, 0, 0, : 9, 1, 1, 6, 4, 1, 8, 
244: 1, 0, 0, 0, 1, 0, 0, 0, 0, 0, 0, 2, 0, 0, 0, 0, 0, 0, 0, 0, : 1, 1, 2, 
24: 0, 0, 2, 0, 0, 4, 0, 0, 0, 0, 0, 0, 2, 0, 1, 1, 0, 1, 1, 0, : 2, 4, 2, 1, 1, 1, 1, 
548: 10, 0, 0, 0, 1, 0, 0, 1, 1, 1, 4, 0, 3, 0, 0, 0, 0, 0, 1, 0, : 10, 1, 1, 1, 1, 4, 3, 1, 
227: 0, 1, 1, 0, 1, 6, 0, 0, 0, 1, 0, 0, 0, 1, 4, 0, 0, 1, 0, 2, : 1, 1, 1, 6, 1, 1, 4, 1, 2, 
369: 4, 8, 1, 4, 0, 0, 0, 0, 1, 0, 0, 0, 1, 1, 18, 0, 0, 0, 0, 0, : 4, 8, 1, 4, 1, 1, 1, 18, 
488: 0, 1, 2, 0, 0, 0, 0, 0, 0, 0, 0, 0, 0, 1, 0, 1, 0, 0, 0, 0, : 1, 2, 1, 1, 
67: 0, 0, 1, 1, 0, 0, 0, 0, 1, 0, 1, 0, 0, 0, 1, 21, 2, 9, 0, 5, : 1, 1, 1, 1, 1, 21, 2, 9, 5, 
52: 2, 0, 0, 0, 1, 0, 0, 6, 0, 2, 1, 0, 0, 0, 9, 0, 2, 0, 0, 0, : 2, 1, 6, 2, 1, 9, 2, 
76: 0, 0, 1, 0, 3, 0, 2, 1, 0, 0, 0, 0, 16, 0, 0, 0, 1, 1, 1, 0, : 1, 3, 2, 1, 16, 1, 1, 1, 
122: 0, 0, 0, 0, 18, 0, 1, 14, 22, 0, 9, 1, 3, 0, 0, 1, 0, 1, 1, 0, : 18, 1, 14, 22, 9, 1, 3, 1, 1, 1, 
159: 0, 0, 0, 0, 0, 0, 0, 0, 0, 0, 0, 20, 0, 5, 4, 0, 1, 3, 0, 0, : 20, 5, 4, 1, 3, 
296: 1, 0, 0, 19, 0, 4, 21, 0, 0, 2, 0, 0, 0, 11, 0, 1, 0, 0, 2, 4, : 1, 19, 4, 21, 2, 11, 1, 2, 4, 
359: 0, 0, 0, 0, 0, 0, 0, 0, 0, 2, 2, 7, 4, 0, 0, 0, 0, 1, 1, 0, : 2, 2, 7, 4, 1, 1, 
392: 0, 0, 0, 0, 0, 0, 3, 0, 4, 3, 0, 0, 0, 0, 0, 0, 0, 1, 0, 0, : 3, 4, 3, 1, 
286: 0, 0, 1, 0, 0, 0, 0, 0, 1, 1, 0, 0, 0, 1, 0, 0, 0, 1, 0, 0, : 1, 1, 1, 1, 1, 
172: 1, 0, 0, 0, 1, 1, 0, 0, 0, 0, 0, 9, 0, 0, 0, 1, 1, 0, 0, 0, : 1, 1, 1, 9, 1, 1, 
329: 0, 0, 0, 0, 0, 4, 0, 0, 1, 0, 0, 1, 1, 1, 1, 1, 3, 0, 4, 0, : 4, 1, 1, 1, 1, 1, 1, 3, 4, 
523: 2, 4, 1, 0, 0, 0, 0, 0, 1, 0, 0, 0, 0, 1, 0, 0, 11, 0, 0, 1, : 2, 4, 1, 1, 1, 11, 1, 
8: 0, 8, 0, 0, 0, 2, 0, 7, 0, 0, 0, 0, 0, 1, 0, 0, 0, 0, 1, 22, : 8, 2, 7, 1, 1, 22, 


569: 0, 0, 0, 0, 0, 0, 2, 1, 0, 1, 6, 0, 0, 0, 0, 0, 0, 0, 0, 25, : 2, 1, 1, 6, 25, 
515: 1, 0, 0, 8, 2, 0, 0, 0, 0, 0, 1, 11, 0, 0, 2, 0, 0, 0, 0, 0, : 1, 8, 2, 1, 11, 2, 
39: 1, 0, 0, 0, 0, 0, 0, 2, 0, 5, 0, 0, 9, 2, 0, 0, 0, 0, 7, 0, : 1, 2, 5, 9, 2, 7, 
134: 0, 0, 18, 1, 1, 2, 1, 10, 0, 0, 1, 0, 0, 0, 0, 1, 0, 0, 3, 0, : 18, 1, 1, 2, 1, 10, 1, 1, 3, 
518: 0, 0, 1, 0, 0, 16, 0, 0, 1, 0, 2, 1, 0, 0, 0, 1, 11, 0, 0, 0, : 1, 16, 1, 2, 1, 1, 11, 
128: 0, 6, 11, 0, 0, 0, 0, 0, 0, 3, 0, 10, 0, 0, 0, 3, 0, 0, 2, 0, : 6, 11, 3, 10, 3, 2, 
567: 3, 2, 0, 0, 1, 0, 0, 3, 1, 0, 0, 0, 0, 1, 1, 0, 0, 3, 0, 0, : 3, 2, 1, 3, 1, 1, 1, 3, 
465: 0, 3, 0, 0, 14, 0, 0, 1, 0, 0, 1, 0, 0, 4, 0, 1, 0, 0, 0, 0, : 3, 14, 1, 1, 4, 1, 
132: 6, 2, 0, 0, 0, 0, 0, 2, 0, 0, 12, 0, 0, 3, 0, 1, 0, 0, 3, 0, : 6, 2, 2, 12, 3, 1, 3, 
486: 0, 0, 0, 0, 0, 0, 1, 0, 0, 0, 1, 0, 0, 0, 0, 0, 1, 1, 2, 0, : 1, 1, 1, 1, 2, 
375: 0, 1, 0, 1, 0, 1, 3, 0, 0, 0, 2, 0, 0, 0, 0, 0, 1, 0, 0, 0, : 1, 1, 1, 3, 2, 1, 
64: 0, 7, 0, 1, 3, 0, 0, 0, 0, 0, 0, 0, 0, 11, 13, 0, 0, 21, 0, 0, : 7, 1, 3, 11, 13, 21, 
347: 4, 9, 0, 7, 0, 0, 1, 0, 1, 10, 0, 0, 0, 1, 0, 2, 16, 0, 0, 0, : 4, 9, 7, 1, 1, 10, 1, 2, 16, 
505: 0, 1, 3, 1, 1, 0, 1, 3, 0, 0, 0, 3, 13, 2, 0, 0, 0, 0, 0, 15, : 1, 3, 1, 1, 1, 3, 3, 13, 2, 15, 
536: 0, 3, 0, 1, 0, 0, 0, 4, 0, 0, 1, 4, 0, 0, 0, 4, 0, 0, 1, 0, : 3, 1, 4, 1, 4, 4, 1, 
82: 0, 1, 0, 0, 3, 0, 0, 0, 0, 0, 1, 1, 0, 0, 0, 0, 0, 0, 6, 0, : 1, 3, 1, 1, 6, 
9: 0, 0, 4, 8, 0, 0, 0, 1, 1, 0, 1, 0, 0, 0, 0, 4, 0, 0, 0, 0, : 4, 8, 1, 1, 1, 4, 
265: 3, 0, 0, 8, 0, 0, 0, 1, 0, 0, 3, 0, 0, 0, 0, 1, 0, 3, 0, 0, : 3, 8, 1, 3, 1, 3, 
193: 0, 2, 0, 0, 0, 0, 1, 1, 2, 0, 0, 0, 0, 1, 0, 1, 0, 0, 0, 0, : 2, 1, 1, 2, 1, 1, 
276: 0, 0, 0, 0, 0, 0, 0, 1, 9, 0, 0, 1, 0, 0, 0, 3, 1, 0, 4, 0, : 1, 9, 1, 3, 1, 4, 
271: 0, 0, 2, 0, 0, 0, 0, 2, 0, 0, 5, 4, 0, 2, 0, 0, 0, 4, 0, 0, : 2, 2, 5, 4, 2, 4, 
290: 1, 0, 0, 0, 3, 0, 5, 1, 0, 0, 1, 2, 0, 0, 0, 5, 0, 3, 0, 0, : 1, 3, 5, 1, 1, 2, 5, 3, 
490: 3, 0, 0, 1, 1, 2, 1, 0, 0, 1, 1, 0, 0, 0, 0, 2, 4, 0, 0, 0, : 3, 1, 1, 2, 1, 1, 1, 2, 4, 
317: 1, 0, 0, 0, 0, 0, 15, 1, 4, 1, 0, 0, 0, 0, 0, 1, 0, 1, 0, 0, : 1, 15, 1, 4, 1, 1, 1, 
561: 16, 1, 0, 0, 2, 19, 3, 1, 1, 2, 0, 0, 0, 9, 22, 1, 6, 0, 0, 0, : 16, 1, 2, 19, 3, 1, 1, 2, 9, 22, 1, 6, 
550: 0, 0, 0, 0, 1, 0, 1, 0, 0, 0, 1, 0, 0, 0, 2, 0, 0, 0, 1, 0, : 1, 1, 1, 2, 1, 
280: 0, 0, 0, 0, 2, 0, 1, 4, 0, 0, 0, 0, 0, 0, 0, 1, 0, 3, 0, 0, : 2, 1, 4, 1, 3, 
537: 0, 0, 1, 1, 0, 0, 1, 0, 0, 0, 0, 1, 0, 2, 0, 7, 0, 1, 8, 0, : 1, 1, 1, 1, 2, 7, 1, 8, 
237: 0, 1, 0, 0, 0, 0, 3, 1, 19, 17, 0, 0, 18, 2, 0, 0, 0, 0, 2, 0, : 1, 3, 1, 19, 17, 18, 2, 2, 
495: 1, 1, 0, 2, 6, 0, 0, 0, 1, 0, 0, 2, 0, 0, 0, 1, 0, 0, 1, 0, : 1, 1, 2, 6, 1, 2, 1, 1, 


87: 0, 0, 15, 0, 0, 0, 0, 2, 0, 0, 0, 0, 10, 0, 0, 1, 1, 1, 0, 27, : 15, 2, 10, 1, 1, 1, 27, 
319: 0, 5, 0, 18, 0, 1, 0, 1, 1, 0, 0, 0, 0, 0, 0, 0, 0, 1, 0, 0, : 5, 18, 1, 1, 1, 1, 
148: 0, 0, 0, 0, 1, 0, 0, 0, 1, 0, 0, 0, 0, 3, 0, 0, 0, 0, 0, 3, : 1, 1, 3, 3, 
560: 0, 0, 0, 0, 0, 0, 0, 4, 0, 0, 1, 0, 0, 0, 0, 0, 1, 1, 0, 0, : 4, 1, 1, 1, 
330: 0, 1, 0, 0, 1, 0, 1, 0, 2, 0, 0, 6, 0, 7, 0, 1, 0, 2, 0, 0, : 1, 1, 1, 2, 6, 7, 1, 2, 
321: 1, 0, 0, 0, 1, 0, 0, 0, 4, 15, 2, 0, 0, 1, 0, 0, 0, 2, 0, 0, : 1, 1, 4, 15, 2, 1, 2, 
150: 0, 0, 1, 0, 1, 8, 12, 1, 2, 0, 0, 0, 0, 0, 0, 17, 1, 8, 3, 0, : 1, 1, 8, 12, 1, 2, 17, 1, 8, 3, 
402: 0, 0, 1, 0, 0, 1, 1, 1, 4, 0, 0, 0, 0, 0, 0, 1, 13, 1, 8, 0, : 1, 1, 1, 1, 4, 1, 13, 1, 8, 
269: 2, 17, 0, 0, 3, 0, 0, 0, 0, 0, 1, 0, 0, 1, 13, 0, 1, 1, 0, 0, : 2, 17, 3, 1, 1, 13, 1, 1, 
532: 0, 0, 0, 0, 1, 0, 0, 0, 0, 0, 1, 0, 0, 0, 4, 0, 1, 0, 0, 1, : 1, 1, 4, 1, 1, 
109: 5, 11, 1, 0, 0, 0, 0, 0, 2, 0, 6, 0, 0, 0, 6, 0, 0, 2, 0, 0, : 5, 11, 1, 2, 6, 6, 2, 
187: 0, 0, 1, 0, 1, 0, 10, 27, 1, 1, 11, 2, 0, 0, 0, 0, 1, 0, 0, 0, : 1, 1, 10, 27, 1, 1, 11, 2, 1, 
338: 0, 1, 0, 3, 1, 1, 0, 1, 0, 0, 0, 12, 1, 0, 0, 1, 0, 1, 10, 0, : 1, 3, 1, 1, 1, 12, 1, 1, 1, 10, 
125: 7, 1, 0, 0, 0, 0, 0, 0, 1, 0, 1, 0, 1, 1, 0, 0, 0, 1, 0, 2, : 7, 1, 1, 1, 1, 1, 1, 2, 
143: 16, 1, 0, 0, 0, 0, 16, 0, 1, 0, 2, 0, 8, 1, 0, 0, 0, 0, 0, 0, : 16, 1, 16, 1, 2, 8, 1, 
531: 1, 0, 0, 0, 1, 0, 0, 0, 1, 0, 1, 0, 0, 0, 0, 0, 0, 0, 1, 0, : 1, 1, 1, 1, 1, 
30: 1, 0, 1, 1, 0, 0, 0, 0, 0, 0, 0, 1, 15, 1, 0, 1, 0, 1, 0, 1, : 1, 1, 1, 1, 15, 1, 1, 1, 1, 
209: 0, 0, 0, 0, 2, 0, 0, 1, 1, 0, 0, 0, 0, 0, 0, 14, 1, 0, 0, 1, : 2, 1, 1, 14, 1, 1, 
272: 2, 0, 1, 0, 0, 2, 0, 0, 0, 0, 3, 4, 0, 0, 0, 0, 1, 1, 1, 0, : 2, 1, 2, 3, 4, 1, 1, 1, 
176: 2, 0, 0, 0, 1, 1, 0, 0, 0, 4, 7, 13, 0, 1, 0, 3, 0, 0, 10, 0, : 2, 1, 1, 4, 7, 13, 1, 3, 10, 
71: 0, 1, 1, 7, 2, 0, 0, 0, 0, 0, 0, 2, 1, 2, 0, 0, 0, 1, 0, 0, : 1, 1, 7, 2, 2, 1, 2, 1, 
275: 0, 0, 1, 0, 1, 5, 0, 1, 1, 1, 0, 0, 1, 0, 0, 0, 0, 0, 4, 0, : 1, 1, 5, 1, 1, 1, 1, 4, 
62: 0, 0, 0, 0, 1, 2, 0, 0, 0, 0, 0, 0, 2, 0, 0, 1, 0, 1, 0, 0, : 1, 2, 2, 1, 1, 
277: 2, 0, 0, 0, 1, 0, 0, 0, 0, 0, 0, 0, 0, 1, 1, 0, 0, 0, 2, 0, : 2, 1, 1, 1, 2, 
545: 0, 2, 0, 2, 4, 0, 0, 0, 13, 0, 1, 0, 0, 0, 0, 0, 0, 10, 0, 0, : 2, 2, 4, 13, 1, 10, 
374: 0, 0, 3, 0, 10, 1, 0, 0, 1, 0, 0, 0, 0, 1, 0, 0, 0, 3, 0, 2, : 3, 10, 1, 1, 1, 3, 2, 
68: 0, 0, 8, 0, 2, 0, 0, 0, 0, 0, 0, 0, 0, 1, 0, 0, 0, 0, 0, 0, : 8, 2, 1, 
474: 0, 0, 6, 0, 0, 1, 0, 0, 0, 0, 3, 0, 1, 1, 0, 0, 11, 2, 0, 1, : 6, 1, 3, 1, 1, 11, 2, 1, 
427: 1, 0, 0, 9, 3, 0, 0, 0, 2, 15, 0, 0, 0, 0, 0, 0, 0, 0, 1, 2, : 1, 9, 3, 2, 15, 1, 2, 
120: 0, 0, 0, 0, 2, 17, 0, 1, 2, 4, 0, 0, 0, 18, 16, 0, 8, 0, 0, 0, : 2, 17, 1, 2, 4, 18, 16, 8, 


416: 0, 0, 0, 0, 0, 0, 1, 0, 0, 0, 1, 0, 0, 6, 0, 3, 0, 0, 2, 0, : 1, 1, 6, 3, 2, 
15: 1, 13, 0, 1, 0, 5, 4, 0, 1, 0, 0, 0, 0, 0, 0, 0, 5, 0, 1, 0, : 1, 13, 1, 5, 4, 1, 5, 1, 
66: 0, 0, 3, 2, 8, 1, 3, 0, 2, 0, 1, 2, 0, 12, 0, 1, 2, 0, 1, 0, : 3, 2, 8, 1, 3, 2, 1, 2, 12, 1, 2, 1, 
189: 0, 0, 1, 3, 0, 1, 6, 3, 0, 0, 0, 4, 0, 0, 0, 0, 5, 0, 12, 0, : 1, 3, 1, 6, 3, 4, 5, 12, 
574: 0, 0, 0, 0, 0, 1, 1, 0, 0, 1, 1, 0, 0, 0, 1, 0, 1, 0, 0, 0, : 1, 1, 1, 1, 1, 1, 
473: 0, 0, 0, 0, 1, 0, 1, 8, 0, 0, 5, 1, 0, 1, 0, 1, 3, 0, 0, 0, : 1, 1, 8, 5, 1, 1, 1, 3, 
446: 3, 0, 0, 2, 0, 1, 5, 0, 2, 3, 1, 27, 0, 14, 0, 0, 0, 0, 0, 1, : 3, 2, 1, 5, 2, 3, 1, 27, 14, 1, 
124: 0, 0, 0, 1, 0, 1, 1, 3, 6, 0, 2, 0, 1, 0, 0, 0, 1, 0, 1, 0, : 1, 1, 1, 3, 6, 2, 1, 1, 1, 
165: 1, 0, 5, 0, 0, 1, 1, 0, 4, 0, 0, 0, 0, 1, 0, 0, 0, 0, 2, 0, : 1, 5, 1, 1, 4, 1, 2, 
119: 0, 0, 1, 4, 0, 0, 1, 0, 0, 15, 1, 0, 0, 0, 0, 0, 0, 0, 0, 0, : 1, 4, 1, 15, 1, 
223: 1, 14, 0, 0, 0, 0, 1, 0, 2, 0, 1, 0, 2, 0, 1, 25, 0, 2, 1, 0, : 1, 14, 1, 2, 1, 2, 1, 25, 2, 1, 
577: 3, 0, 0, 5, 0, 0, 1, 0, 0, 0, 0, 0, 0, 0, 0, 0, 0, 0, 0, 1, : 3, 5, 1, 1, 
74: 0, 0, 4, 2, 1, 0, 0, 0, 0, 0, 0, 0, 0, 0, 0, 0, 0, 0, 2, 8, : 4, 2, 1, 2, 8, 
516: 10, 0, 0, 0, 0, 17, 1, 0, 1, 0, 1, 1, 0, 0, 0, 0, 0, 0, 1, 1, : 10, 17, 1, 1, 1, 1, 1, 1, 
40: 1, 0, 0, 1, 1, 1, 1, 0, 0, 0, 6, 0, 0, 0, 25, 0, 5, 0, 0, 2, : 1, 1, 1, 1, 1, 6, 25, 5, 2, 
397: 0, 12, 0, 1, 1, 0, 0, 0, 0, 0, 4, 0, 0, 0, 0, 4, 1, 0, 0, 0, : 12, 1, 1, 4, 4, 1, 
47: 0, 0, 0, 0, 0, 0, 0, 7, 9, 1, 1, 0, 6, 0, 1, 4, 2, 0, 0, 9, : 7, 9, 1, 1, 6, 1, 4, 2, 9, 
340: 0, 0, 0, 0, 1, 0, 0, 1, 0, 17, 4, 0, 0, 1, 0, 0, 4, 0, 0, 0, : 1, 1, 17, 4, 1, 4, 
303: 0, 0, 0, 0, 3, 3, 1, 0, 8, 0, 1, 0, 0, 0, 0, 0, 1, 0, 0, 3, : 3, 3, 1, 8, 1, 1, 3, 
580: 0, 0, 0, 1, 0, 0, 3, 8, 1, 1, 1, 0, 0, 0, 0, 1, 1, 0, 1, 0, : 1, 3, 8, 1, 1, 1, 1, 1, 1, 
121: 0, 0, 6, 1, 0, 0, 0, 2, 0, 0, 1, 1, 0, 0, 0, 0, 0, 0, 0, 0, : 6, 1, 2, 1, 1, 
224: 0, 0, 0, 0, 0, 0, 1, 1, 0, 0, 0, 0, 10, 0, 0, 0, 1, 0, 0, 0, : 1, 1, 10, 1, 
566: 4, 0, 0, 4, 16, 0, 1, 2, 0, 1, 2, 0, 2, 2, 0, 0, 0, 31, 2, 14, : 4, 4, 16, 1, 2, 1, 2, 2, 2, 31, 2, 14, 
185: 0, 0, 0, 3, 7, 0, 1, 1, 1, 1, 0, 1, 0, 0, 0, 0, 1, 0, 14, 0, : 3, 7, 1, 1, 1, 1, 1, 1, 14, 
461: 6, 0, 0, 0, 0, 0, 0, 0, 0, 0, 1, 0, 19, 0, 5, 0, 2, 6, 0, 0, : 6, 1, 19, 5, 2, 6, 
463: 1, 0, 0, 1, 1, 2, 2, 0, 1, 0, 1, 1, 0, 0, 0, 0, 2, 0, 0, 0, : 1, 1, 1, 2, 2, 1, 1, 1, 2, 
3: 0, 0, 0, 2, 0, 0, 1, 2, 2, 0, 2, 0, 0, 1, 0, 0, 1, 0, 0, 0, : 2, 1, 2, 2, 2, 1, 1, 
22: 0, 1, 0, 3, 0, 6, 1, 0, 0, 0, 1, 0, 0, 0, 0, 0, 1, 1, 0, 1, : 1, 3, 6, 1, 1, 1, 1, 1, 
391: 9, 0, 0, 2, 0, 0, 0, 0, 0, 0, 1, 2, 0, 0, 7, 0, 0, 0, 0, 0, : 9, 2, 1, 2, 7, 
38: 0, 0, 20, 1, 0, 0, 1, 2, 0, 0, 0, 0, 0, 2, 0, 1, 1, 0, 0, 0, : 20, 1, 1, 2, 2, 1, 1, 


183: 17, 0, 12, 1, 4, 0, 0, 0, 3, 0, 0, 0, 0, 0, 0, 0, 0, 0, 0, 0, : 17, 12, 1, 4, 3, 
588: 1, 0, 0, 0, 0, 0, 1, 5, 0, 3, 2, 0, 0, 0, 0, 3, 0, 1, 0, 0, : 1, 1, 5, 3, 2, 3, 1, 
327: 2, 0, 0, 1, 0, 0, 2, 11, 0, 0, 6, 0, 2, 10, 0, 0, 0, 1, 0, 0, : 2, 1, 2, 11, 6, 2, 10, 1, 
332: 1, 0, 0, 1, 0, 0, 0, 0, 0, 0, 1, 0, 0, 1, 17, 1, 0, 1, 0, 3, : 1, 1, 1, 1, 17, 1, 1, 3, 
254: 0, 1, 0, 1, 0, 0, 0, 3, 1, 0, 0, 1, 0, 0, 0, 0, 5, 0, 0, 0, : 1, 1, 3, 1, 1, 5, 
304: 0, 4, 0, 3, 0, 2, 1, 0, 1, 0, 0, 0, 1, 0, 0, 0, 3, 4, 4, 0, : 4, 3, 2, 1, 1, 1, 3, 4, 4, 
13: 1, 6, 0, 0, 6, 0, 0, 0, 6, 13, 0, 2, 1, 0, 0, 16, 0, 0, 0, 1, : 1, 6, 6, 6, 13, 2, 1, 16, 1, 
18: 0, 0, 0, 0, 5, 0, 0, 3, 1, 1, 0, 0, 0, 0, 0, 2, 0, 0, 0, 0, : 5, 3, 1, 1, 2, 
539: 1, 1, 0, 0, 1, 16, 0, 0, 0, 0, 1, 1, 0, 0, 0, 0, 0, 1, 0, 0, : 1, 1, 1, 16, 1, 1, 1, 
99: 1, 1, 0, 1, 0, 0, 0, 0, 5, 0, 0, 2, 6, 0, 8, 0, 0, 0, 0, 0, : 1, 1, 1, 5, 2, 6, 8, 
173: 1, 7, 0, 5, 0, 10, 1, 0, 2, 0, 1, 1, 1, 0, 3, 0, 0, 1, 2, 0, : 1, 7, 5, 10, 1, 2, 1, 1, 1, 3, 1, 2, 
311: 1, 0, 0, 1, 0, 0, 1, 0, 0, 12, 0, 1, 0, 2, 0, 0, 0, 1, 1, 0, : 1, 1, 1, 12, 1, 2, 1, 1, 
45: 0, 0, 0, 1, 0, 0, 0, 0, 0, 1, 5, 0, 3, 0, 0, 1, 15, 7, 8, 3, : 1, 1, 5, 3, 1, 15, 7, 8, 3, 
519: 0, 1, 0, 0, 0, 0, 0, 1, 1, 0, 0, 0, 2, 0, 1, 0, 0, 0, 0, 0, : 1, 1, 1, 2, 1, 
413: 0, 7, 0, 0, 4, 0, 0, 0, 0, 0, 0, 0, 23, 1, 1, 0, 0, 1, 0, 0, : 7, 4, 23, 1, 1, 1, 
178: 0, 0, 0, 1, 1, 4, 0, 0, 1, 4, 0, 5, 0, 1, 2, 0, 0, 2, 7, 0, : 1, 1, 4, 1, 4, 5, 1, 2, 2, 7, 
73: 0, 0, 0, 0, 0, 0, 0, 1, 1, 0, 1, 0, 0, 4, 0, 0, 2, 5, 1, 8, : 1, 1, 1, 4, 2, 5, 1, 8, 
36: 1, 0, 22, 0, 0, 0, 0, 0, 5, 0, 0, 19, 0, 0, 0, 0, 8, 0, 1, 12, : 1, 22, 5, 19, 8, 1, 12, 
229: 1, 0, 1, 0, 0, 0, 0, 0, 1, 0, 2, 1, 0, 0, 0, 11, 0, 0, 0, 0, : 1, 1, 1, 2, 1, 11, 
17: 0, 0, 0, 0, 1, 0, 0, 0, 6, 1, 16, 0, 0, 2, 0, 0, 4, 0, 12, 0, : 1, 6, 1, 16, 2, 4, 12, 
437: 1, 0, 0, 0, 0, 0, 1, 0, 0, 1, 0, 0, 0, 1, 0, 3, 1, 5, 1, 5, : 1, 1, 1, 1, 3, 1, 5, 1, 5, 
101: 0, 0, 0, 1, 0, 5, 0, 8, 1, 2, 2, 1, 0, 1, 0, 2, 0, 4, 0, 0, : 1, 5, 8, 1, 2, 2, 1, 1, 2, 4, 
503: 0, 0, 0, 5, 7, 0, 0, 0, 0, 2, 0, 0, 1, 0, 0, 0, 0, 1, 2, 1, : 5, 7, 2, 1, 1, 2, 1, 
72: 1, 0, 0, 0, 2, 0, 0, 1, 0, 0, 2, 1, 0, 2, 6, 0, 0, 4, 0, 2, : 1, 2, 1, 2, 1, 2, 6, 4, 2, 
218: 1, 1, 0, 0, 2, 0, 0, 0, 1, 0, 0, 3, 0, 2, 0, 0, 0, 0, 0, 3, : 1, 1, 2, 1, 3, 2, 3, 
94: 0, 1, 0, 1, 0, 0, 0, 5, 0, 0, 1, 0, 0, 1, 0, 0, 0, 0, 0, 2, : 1, 1, 5, 1, 1, 2, 
409: 0, 1, 0, 15, 5, 0, 0, 1, 2, 0, 0, 0, 0, 2, 0, 0, 0, 0, 0, 0, : 1, 15, 5, 1, 2, 2, 
297: 1, 1, 0, 0, 0, 3, 0, 1, 0, 0, 0, 1, 0, 10, 0, 0, 2, 0, 1, 0, : 1, 1, 3, 1, 1, 10, 2, 1, 
98: 3, 8, 0, 2, 2, 0, 8, 0, 0, 0, 0, 1, 0, 0, 1, 0, 0, 1, 0, 0, : 3, 8, 2, 2, 8, 1, 1, 1, 
161: 5, 0, 5, 0, 0, 0, 25, 0, 2, 0, 0, 0, 0, 0, 1, 1, 0, 0, 0, 0, : 5, 5, 25, 2, 1, 1, 


138: 0, 0, 0, 0, 0, 0, 1, 0, 0, 0, 1, 1, 3, 0, 2, 0, 0, 5, 0, 5, : 1, 1, 1, 3, 2, 5, 5, 
228: 1, 1, 1, 0, 5, 0, 0, 0, 0, 0, 0, 0, 4, 0, 16, 0, 1, 0, 0, 0, : 1, 1, 1, 5, 4, 16, 1, 
428: 0, 1, 0, 0, 1, 0, 9, 1, 3, 0, 0, 1, 1, 2, 0, 9, 0, 0, 0, 0, : 1, 1, 9, 1, 3, 1, 1, 2, 9, 
48: 0, 0, 6, 1, 0, 0, 0, 5, 0, 1, 0, 0, 0, 0, 0, 0, 0, 0, 0, 0, : 6, 1, 5, 1, 
27: 0, 0, 0, 0, 0, 0, 10, 3, 1, 0, 0, 1, 0, 0, 0, 12, 0, 0, 4, 0, : 10, 3, 1, 1, 12, 4, 
582: 0, 0, 0, 1, 0, 0, 0, 2, 1, 3, 3, 1, 0, 18, 0, 0, 0, 1, 2, 1, : 1, 2, 1, 3, 3, 1, 18, 1, 2, 1, 
471: 0, 0, 0, 3, 0, 0, 0, 0, 0, 1, 0, 0, 0, 15, 0, 0, 0, 15, 0, 0, : 3, 1, 15, 15, 
217: 2, 1, 0, 0, 12, 0, 0, 4, 0, 1, 0, 1, 3, 1, 10, 12, 0, 0, 0, 0, : 2, 1, 12, 4, 1, 1, 3, 1, 10, 12, 
261: 0, 7, 0, 1, 1, 8, 0, 0, 11, 0, 1, 1, 0, 0, 1, 2, 0, 1, 0, 0, : 7, 1, 1, 8, 11, 1, 1, 1, 2, 1, 
517: 0, 2, 22, 1, 5, 0, 0, 2, 0, 1, 0, 2, 0, 0, 5, 0, 0, 1, 0, 0, : 2, 22, 1, 5, 2, 1, 2, 5, 1, 
529: 0, 0, 0, 3, 0, 0, 0, 0, 7, 0, 0, 1, 0, 0, 0, 0, 0, 0, 0, 0, : 3, 7, 1, 
205: 0, 1, 0, 4, 0, 0, 0, 0, 0, 0, 2, 1, 1, 0, 0, 0, 1, 2, 0, 1, : 1, 4, 2, 1, 1, 1, 2, 1, 
448: 0, 1, 7, 0, 0, 0, 5, 0, 1, 0, 0, 1, 1, 0, 3, 2, 0, 0, 0, 1, : 1, 7, 5, 1, 1, 1, 3, 2, 1, 
377: 0, 0, 0, 8, 0, 0, 0, 2, 0, 0, 0, 1, 1, 0, 0, 0, 0, 1, 0, 1, : 8, 2, 1, 1, 1, 1, 
4: 1, 2, 1, 2, 0, 0, 0, 0, 4, 0, 0, 0, 0, 0, 0, 0, 0, 0, 0, 1, : 1, 2, 1, 2, 4, 1, 
480: 0, 0, 0, 1, 1, 0, 0, 0, 0, 2, 0, 2, 0, 0, 0, 0, 13, 4, 0, 1, : 1, 1, 2, 2, 13, 4, 1, 
572: 1, 1, 1, 0, 1, 6, 0, 0, 1, 4, 13, 0, 0, 0, 0, 0, 0, 0, 0, 0, : 1, 1, 1, 1, 6, 1, 4, 13, 
558: 0, 0, 0, 0, 2, 1, 0, 1, 0, 0, 0, 0, 6, 0, 0, 0, 3, 0, 0, 1, : 2, 1, 1, 6, 3, 1, 
403: 0, 0, 0, 4, 0, 10, 12, 1, 0, 0, 0, 0, 0, 1, 3, 0, 0, 4, 0, 1, : 4, 10, 12, 1, 1, 3, 4, 1, 
203: 0, 1, 0, 3, 1, 0, 0, 0, 2, 9, 0, 4, 0, 0, 0, 0, 15, 0, 0, 1, : 1, 3, 1, 2, 9, 4, 15, 1, 
411: 9, 1, 0, 1, 0, 0, 0, 0, 0, 0, 0, 1, 0, 1, 0, 0, 0, 0, 0, 4, : 9, 1, 1, 1, 1, 4, 
508: 1, 0, 0, 1, 2, 0, 0, 1, 0, 0, 2, 0, 1, 0, 0, 0, 0, 0, 3, 1, : 1, 1, 2, 1, 2, 1, 3, 1, 
430: 0, 9, 0, 1, 1, 0, 0, 6, 1, 6, 0, 2, 1, 1, 0, 0, 0, 0, 0, 1, : 9, 1, 1, 6, 1, 6, 2, 1, 1, 1, 
116: 3, 4, 0, 0, 0, 1, 0, 3, 1, 0, 0, 2, 4, 0, 0, 0, 1, 1, 0, 1, : 3, 4, 1, 3, 1, 2, 4, 1, 1, 1, 
75: 1, 0, 0, 1, 1, 0, 0, 3, 0, 1, 1, 1, 0, 0, 0, 0, 1, 0, 0, 15, : 1, 1, 1, 3, 1, 1, 1, 1, 15, 
579: 0, 0, 0, 1, 0, 14, 0, 0, 1, 1, 0, 0, 0, 0, 0, 0, 2, 1, 1, 1, : 1, 14, 1, 1, 2, 1, 1, 1, 
583: 0, 0, 0, 3, 2, 0, 0, 1, 1, 0, 1, 1, 13, 1, 0, 0, 0, 1, 0, 1, : 3, 2, 1, 1, 1, 1, 13, 1, 1, 1, 
207: 0, 1, 0, 0, 0, 0, 0, 1, 4, 1, 0, 13, 0, 0, 0, 0, 0, 2, 30, 1, : 1, 1, 4, 1, 13, 2, 30, 1, 
352: 21, 6, 0, 0, 4, 0, 2, 1, 0, 0, 0, 1, 0, 0, 0, 2, 3, 1, 0, 0, : 21, 6, 4, 2, 1, 1, 2, 3, 1, 
88: 0, 1, 2, 0, 1, 0, 1, 3, 1, 9, 16, 1, 1, 0, 0, 1, 0, 0, 0, 1, : 1, 2, 1, 1, 3, 1, 9, 16, 1, 1, 1, 1, 


501: 1, 0, 0, 0, 1, 0, 0, 2, 0, 0, 0, 0, 0, 0, 0, 0, 0, 1, 0, 0, : 1, 1, 2, 1, 
19: 0, 0, 0, 16, 3, 0, 0, 1, 0, 1, 0, 0, 0, 0, 0, 0, 0, 11, 0, 0, : 16, 3, 1, 1, 11, 
366: 1, 0, 0, 0, 0, 0, 1, 0, 0, 0, 0, 0, 0, 0, 6, 2, 3, 0, 0, 2, : 1, 1, 6, 2, 3, 2, 
307: 0, 1, 2, 0, 0, 0, 2, 1, 0, 2, 0, 0, 1, 0, 1, 0, 0, 0, 0, 2, : 1, 2, 2, 1, 2, 1, 1, 2, 
472: 1, 0, 0, 0, 4, 0, 1, 1, 0, 0, 0, 1, 2, 0, 0, 0, 0, 0, 0, 0, : 1, 4, 1, 1, 1, 2, 
175: 0, 0, 0, 0, 13, 1, 1, 0, 1, 3, 1, 0, 0, 0, 31, 0, 0, 0, 0, 1, : 13, 1, 1, 1, 3, 1, 31, 1, 
212: 4, 0, 0, 1, 1, 0, 2, 0, 0, 4, 5, 2, 1, 1, 0, 1, 0, 0, 0, 1, : 4, 1, 1, 2, 4, 5, 2, 1, 1, 1, 1, 
206: 1, 0, 0, 17, 0, 0, 0, 1, 7, 1, 0, 0, 2, 0, 0, 0, 0, 0, 18, 1, : 1, 17, 1, 7, 1, 2, 18, 1, 
305: 0, 6, 0, 0, 3, 0, 0, 0, 3, 0, 0, 0, 2, 0, 0, 0, 0, 0, 0, 0, : 6, 3, 3, 2, 
410: 0, 2, 0, 0, 8, 0, 0, 1, 2, 1, 1, 0, 0, 0, 0, 0, 0, 0, 0, 0, : 2, 8, 1, 2, 1, 1, 
348: 0, 0, 0, 0, 0, 0, 1, 1, 0, 0, 0, 1, 0, 13, 0, 0, 0, 0, 0, 1, : 1, 1, 1, 13, 1, 
542: 1, 0, 3, 0, 1, 0, 0, 4, 0, 2, 0, 0, 0, 0, 1, 1, 1, 0, 0, 0, : 1, 3, 1, 4, 2, 1, 1, 1, 
454: 0, 1, 0, 0, 0, 0, 0, 2, 4, 1, 6, 5, 0, 0, 0, 17, 11, 2, 0, 0, : 1, 2, 4, 1, 6, 5, 17, 11, 2, 
191: 3, 0, 0, 0, 0, 4, 0, 2, 0, 0, 0, 0, 1, 0, 0, 1, 0, 1, 0, 3, : 3, 4, 2, 1, 1, 1, 3, 
234: 1, 29, 0, 0, 0, 0, 0, 0, 0, 7, 1, 20, 1, 0, 0, 0, 0, 0, 1, 0, : 1, 29, 7, 1, 20, 1, 1, 
262: 2, 0, 0, 0, 0, 0, 0, 1, 0, 0, 0, 0, 20, 17, 0, 0, 1, 0, 15, 0, : 2, 1, 20, 17, 1, 15, 
396: 1, 0, 32, 0, 0, 0, 0, 1, 0, 1, 0, 0, 0, 0, 0, 0, 0, 1, 5, 7, : 1, 32, 1, 1, 1, 5, 7, 
32: 9, 0, 0, 0, 0, 6, 29, 1, 0, 1, 24, 0, 0, 0, 0, 0, 0, 0, 0, 1, : 9, 6, 29, 1, 1, 24, 1, 
6: 5, 0, 0, 3, 0, 0, 0, 1, 13, 11, 0, 11, 4, 0, 0, 0, 0, 16, 0, 2, : 5, 3, 1, 13, 11, 11, 4, 16, 2, 
196: 0, 0, 2, 0, 0, 1, 0, 4, 6, 1, 0, 0, 0, 0, 0, 0, 14, 1, 0, 1, : 2, 1, 4, 6, 1, 14, 1, 1, 
55: 0, 1, 0, 0, 2, 0, 1, 0, 0, 1, 0, 0, 0, 0, 1, 0, 0, 0, 0, 2, : 1, 2, 1, 1, 1, 2, 
260: 0, 0, 0, 0, 0, 0, 0, 1, 1, 1, 0, 0, 0, 0, 0, 0, 0, 0, 0, 0, : 1, 1, 1, 
378: 1, 0, 0, 0, 1, 0, 0, 1, 3, 1, 1, 0, 0, 8, 0, 0, 0, 0, 0, 0, : 1, 1, 1, 3, 1, 1, 8, 
367: 3, 0, 0, 1, 0, 8, 0, 1, 0, 0, 0, 0, 6, 0, 0, 1, 0, 0, 0, 0, : 3, 1, 8, 1, 6, 1, 
200: 3, 0, 1, 0, 0, 0, 0, 1, 0, 0, 1, 0, 0, 0, 0, 0, 0, 0, 0, 0, : 3, 1, 1, 1, 
160: 0, 0, 0, 0, 3, 0, 1, 1, 0, 0, 0, 0, 0, 0, 0, 1, 0, 0, 0, 1, : 3, 1, 1, 1, 1, 
442: 0, 0, 0, 2, 0, 0, 0, 0, 0, 1, 0, 0, 0, 0, 0, 1, 1, 0, 1, 4, : 2, 1, 1, 1, 1, 4, 
20: 0, 0, 0, 0, 0, 3, 0, 5, 0, 0, 0, 0, 0, 1, 0, 6, 9, 2, 0, 9, : 3, 5, 1, 6, 9, 2, 9, 
559: 2, 0, 0, 0, 0, 17, 1, 6, 0, 0, 0, 0, 0, 0, 0, 9, 0, 5, 0, 1, : 2, 17, 1, 6, 9, 5, 1, 
418: 1, 0, 0, 0, 0, 0, 0, 0, 0, 0, 0, 0, 0, 0, 0, 0, 0, 0, 0, 1, : 1, 1, 


316: 0, 0, 0, 0, 0, 0, 0, 0, 7, 11, 0, 0, 1, 9, 3, 0, 0, 0, 0, 0, : 7, 11, 1, 9, 3, 
406: 1, 0, 0, 0, 0, 10, 0, 0, 0, 0, 0, 0, 0, 2, 4, 0, 0, 1, 4, 0, : 1, 10, 2, 4, 1, 4, 
26: 0, 1, 0, 0, 0, 0, 0, 0, 0, 0, 0, 0, 0, 0, 0, 0, 0, 0, 1, 1, : 1, 1, 1, 
110: 0, 3, 0, 0, 0, 0, 3, 0, 0, 0, 0, 1, 0, 1, 0, 0, 0, 0, 0, 1, : 3, 3, 1, 1, 1, 
158: 0, 1, 0, 0, 2, 0, 0, 4, 0, 1, 0, 0, 0, 0, 1, 1, 0, 12, 5, 1, : 1, 2, 4, 1, 1, 1, 12, 5, 1, 
123: 0, 0, 0, 1, 0, 0, 0, 0, 0, 0, 0, 0, 0, 0, 0, 0, 5, 0, 1, 1, : 1, 5, 1, 1, 
589: 1, 1, 19, 0, 1, 0, 0, 0, 0, 0, 0, 3, 1, 0, 1, 0, 0, 0, 0, 1, : 1, 1, 19, 1, 3, 1, 1, 1, 
157: 1, 3, 0, 0, 0, 6, 0, 0, 0, 0, 0, 2, 12, 1, 0, 1, 0, 1, 0, 2, : 1, 3, 6, 2, 12, 1, 1, 1, 2, 
320: 5, 1, 0, 0, 1, 0, 0, 2, 0, 2, 0, 1, 0, 1, 1, 0, 0, 0, 0, 2, : 5, 1, 1, 2, 2, 1, 1, 1, 2, 
434: 1, 2, 0, 0, 0, 0, 0, 0, 0, 0, 0, 0, 3, 1, 2, 1, 0, 0, 2, 1, : 1, 2, 3, 1, 2, 1, 2, 1, 
595: 0, 1, 0, 1, 0, 0, 0, 2, 0, 0, 0, 0, 0, 21, 0, 0, 1, 0, 2, 1, : 1, 1, 2, 21, 1, 2, 1, 
534: 0, 0, 0, 1, 1, 0, 0, 0, 1, 0, 9, 0, 0, 0, 2, 4, 4, 0, 0, 1, : 1, 1, 1, 9, 2, 4, 4, 1, 
300: 1, 0, 1, 0, 4, 0, 0, 2, 0, 0, 0, 0, 5, 0, 1, 0, 1, 0, 2, 1, : 1, 1, 4, 2, 5, 1, 1, 2, 1, 
385: 0, 3, 3, 0, 0, 5, 0, 0, 1, 0, 0, 1, 13, 0, 0, 0, 0, 4, 2, 0, : 3, 3, 5, 1, 1, 13, 4, 2, 
114: 0, 1, 0, 22, 17, 0, 0, 0, 0, 1, 0, 0, 0, 0, 9, 0, 0, 0, 0, 6, : 1, 22, 17, 1, 9, 6, 
16: 0, 2, 0, 0, 0, 0, 1, 0, 1, 1, 0, 0, 0, 0, 3, 0, 9, 11, 5, 1, : 2, 1, 1, 1, 3, 9, 11, 5, 1, 
528: 0, 0, 0, 8, 7, 6, 0, 8, 0, 0, 1, 0, 0, 1, 2, 0, 0, 0, 0, 0, : 8, 7, 6, 8, 1, 1, 2, 
509: 0, 1, 0, 0, 0, 0, 0, 10, 3, 0, 2, 0, 0, 0, 1, 0, 6, 0, 11, 4, : 1, 10, 3, 2, 1, 6, 11, 4, 
249: 0, 0, 1, 0, 4, 0, 34, 0, 1, 0, 0, 3, 1, 1, 0, 0, 1, 0, 3, 0, : 1, 4, 34, 1, 3, 1, 1, 1, 3, 
63: 0, 0, 3, 3, 1, 0, 0, 0, 0, 0, 1, 0, 4, 0, 1, 0, 0, 0, 0, 1, : 3, 3, 1, 1, 4, 1, 1, 
284: 2, 0, 0, 0, 1, 1, 0, 0, 1, 1, 15, 0, 0, 1, 3, 0, 11, 2, 0, 1, : 2, 1, 1, 1, 1, 15, 1, 3, 11, 2, 1, 
353: 1, 0, 0, 0, 0, 0, 0, 0, 0, 1, 0, 0, 0, 0, 2, 7, 0, 0, 1, 1, : 1, 1, 2, 7, 1, 1, 
60: 27, 1, 0, 0, 0, 0, 0, 0, 0, 0, 1, 0, 0, 0, 0, 6, 1, 2, 0, 1, : 27, 1, 1, 6, 1, 2, 1, 
563: 0, 4, 3, 0, 1, 7, 0, 3, 0, 4, 0, 20, 0, 0, 0, 4, 1, 0, 0, 4, : 4, 3, 1, 7, 3, 4, 20, 4, 1, 4, 
546: 0, 1, 9, 0, 0, 5, 0, 0, 1, 1, 0, 0, 0, 0, 2, 0, 0, 0, 0, 0, : 1, 9, 5, 1, 1, 2, 
153: 0, 1, 0, 4, 0, 0, 0, 0, 0, 3, 0, 9, 0, 0, 1, 0, 0, 0, 0, 1, : 1, 4, 3, 9, 1, 1, 
236: 0, 8, 1, 0, 0, 0, 0, 0, 0, 2, 3, 0, 0, 0, 0, 0, 0, 0, 1, 2, : 8, 1, 2, 3, 1, 2, 
104: 0, 5, 0, 0, 0, 0, 0, 0, 2, 0, 0, 0, 0, 0, 0, 0, 0, 6, 0, 1, : 5, 2, 6, 1, 
126: 0, 0, 0, 0, 0, 0, 2, 9, 22, 10, 0, 0, 0, 1, 1, 14, 0, 0, 0, 3, : 2, 9, 22, 10, 1, 1, 14, 3, 
133: 0, 0, 0, 0, 0, 0, 0, 0, 0, 2, 8, 0, 0, 0, 0, 2, 0, 1, 0, 1, : 2, 8, 2, 1, 1, 


264: 0, 0, 0, 1, 1, 0, 0, 1, 5, 3, 1, 1, 1, 1, 0, 0, 0, 1, 2, 0, : 1, 1, 1, 5, 3, 1, 1, 1, 1, 1, 2, 
447: 0, 0, 0, 0, 0, 0, 1, 0, 0, 2, 0, 0, 0, 0, 1, 0, 12, 1, 0, 0, : 1, 2, 1, 12, 1, 
149: 0, 0, 0, 13, 0, 0, 1, 0, 0, 0, 0, 1, 0, 0, 5, 0, 0, 0, 0, 0, : 13, 1, 1, 5, 
37: 0, 1, 1, 1, 0, 0, 1, 0, 1, 1, 0, 1, 0, 36, 1, 0, 1, 0, 0, 8, : 1, 1, 1, 1, 1, 1, 1, 36, 1, 1, 8, 
155: 0, 0, 0, 0, 5, 3, 0, 0, 0, 0, 0, 1, 0, 0, 1, 0, 0, 4, 0, 1, : 5, 3, 1, 1, 4, 1, 
50: 0, 0, 0, 1, 0, 1, 0, 0, 0, 0, 1, 0, 4, 0, 0, 0, 1, 0, 0, 0, : 1, 1, 1, 4, 1, 
356: 5, 0, 0, 0, 13, 0, 1, 0, 0, 0, 0, 1, 5, 0, 0, 0, 0, 4, 0, 0, : 5, 13, 1, 1, 5, 4, 
432: 0, 0, 0, 0, 1, 1, 0, 1, 0, 0, 0, 30, 0, 0, 0, 0, 0, 1, 0, 0, : 1, 1, 1, 30, 1, 
469: 0, 1, 1, 0, 0, 16, 0, 25, 1, 1, 0, 0, 20, 0, 0, 10, 0, 1, 10, 2, : 1, 1, 16, 25, 1, 1, 20, 10, 1, 10, 2, 
591: 1, 0, 3, 2, 0, 0, 0, 0, 0, 1, 4, 0, 1, 0, 0, 0, 0, 0, 0, 0, : 1, 3, 2, 1, 4, 1, 
383: 0, 0, 0, 0, 1, 0, 0, 2, 1, 1, 0, 0, 0, 1, 0, 0, 3, 6, 0, 0, : 1, 2, 1, 1, 1, 3, 6, 
154: 0, 0, 19, 0, 1, 0, 0, 0, 0, 1, 1, 0, 1, 0, 1, 0, 0, 0, 8, 0, : 19, 1, 1, 1, 1, 1, 8, 
496: 0, 0, 0, 0, 1, 1, 6, 0, 0, 1, 0, 0, 0, 0, 0, 0, 0, 0, 0, 0, : 1, 1, 6, 1, 
388: 0, 16, 0, 0, 2, 0, 0, 0, 14, 1, 7, 0, 1, 1, 8, 3, 0, 12, 0, 0, : 16, 2, 14, 1, 7, 1, 1, 8, 3, 12, 
450: 0, 0, 2, 1, 0, 1, 1, 0, 7, 0, 0, 0, 0, 0, 0, 3, 0, 0, 2, 0, : 2, 1, 1, 1, 7, 3, 2, 
337: 0, 0, 0, 0, 0, 0, 0, 2, 0, 1, 1, 0, 0, 0, 5, 0, 0, 0, 0, 0, : 2, 1, 1, 5, 
312: 0, 0, 0, 0, 0, 5, 1, 1, 0, 6, 0, 0, 0, 0, 0, 0, 0, 4, 0, 0, : 5, 1, 1, 6, 4, 
404: 0, 1, 0, 0, 0, 1, 0, 0, 0, 2, 1, 0, 0, 0, 1, 0, 0, 0, 0, 10, : 1, 1, 2, 1, 1, 10, 
343: 1, 12, 2, 0, 2, 0, 0, 1, 0, 6, 0, 0, 0, 0, 1, 0, 0, 0, 0, 0, : 1, 12, 2, 2, 1, 6, 1, 
568: 0, 1, 0, 3, 0, 0, 0, 0, 0, 8, 0, 0, 0, 0, 9, 0, 0, 1, 0, 0, : 1, 3, 8, 9, 1, 
112: 0, 1, 1, 0, 1, 0, 8, 0, 0, 0, 5, 1, 1, 0, 3, 0, 0, 2, 0, 1, : 1, 1, 1, 8, 5, 1, 1, 3, 2, 1, 
192: 2, 0, 0, 0, 0, 0, 1, 1, 3, 0, 0, 3, 0, 1, 0, 6, 0, 0, 0, 0, : 2, 1, 1, 3, 3, 1, 6, 
585: 1, 6, 0, 0, 1, 0, 2, 0, 4, 1, 0, 0, 3, 0, 2, 3, 0, 0, 0, 0, : 1, 6, 1, 2, 4, 1, 3, 2, 3, 
395: 1, 0, 0, 1, 9, 1, 1, 0, 0, 1, 1, 0, 0, 0, 1, 0, 0, 2, 1, 12, : 1, 1, 9, 1, 1, 1, 1, 1, 2, 1, 12, 
241: 0, 0, 0, 4, 1, 0, 0, 0, 0, 0, 0, 0, 1, 0, 0, 0, 0, 0, 0, 0, : 4, 1, 1, 
586: 0, 1, 0, 0, 0, 0, 12, 4, 1, 2, 7, 1, 1, 0, 0, 14, 0, 0, 8, 0, : 1, 12, 4, 1, 2, 7, 1, 1, 14, 8, 
97: 1, 0, 7, 1, 0, 10, 0, 0, 2, 0, 3, 0, 0, 0, 0, 0, 5, 0, 0, 5, : 1, 7, 1, 10, 2, 3, 5, 5, 
555: 0, 0, 1, 1, 0, 0, 1, 1, 0, 0, 7, 0, 0, 0, 1, 0, 0, 0, 2, 0, : 1, 1, 1, 1, 7, 1, 2, 
535: 27, 0, 3, 11, 0, 0, 3, 0, 0, 0, 1, 0, 0, 0, 0, 1, 16, 1, 0, 0, : 27, 3, 11, 3, 1, 1, 16, 1, 
364: 1, 0, 0, 0, 1, 0, 0, 1, 1, 1, 0, 0, 1, 0, 0, 0, 2, 0, 7, 1, : 1, 1, 1, 1, 1, 1, 2, 7, 1, 


242: 0, 2, 0, 0, 10, 1, 1, 2, 0, 0, 0, 3, 0, 0, 0, 0, 0, 0, 0, 0, : 2, 10, 1, 1, 2, 3, 
291: 0, 0, 0, 0, 0, 0, 0, 2, 0, 1, 0, 2, 0, 0, 0, 2, 2, 1, 0, 1, : 2, 1, 2, 2, 2, 1, 1, 
248: 0, 0, 0, 1, 0, 0, 1, 1, 0, 0, 7, 0, 0, 0, 0, 4, 11, 0, 0, 0, : 1, 1, 1, 7, 4, 11, 
163: 0, 11, 0, 1, 4, 0, 0, 13, 0, 0, 2, 0, 28, 0, 0, 0, 2, 0, 0, 1, : 11, 1, 4, 13, 2, 28, 2, 1, 
342: 0, 1, 0, 3, 13, 0, 0, 0, 0, 1, 0, 6, 0, 0, 0, 0, 1, 4, 0, 0, : 1, 3, 13, 1, 6, 1, 4, 
379: 0, 0, 0, 0, 4, 0, 0, 0, 0, 1, 7, 1, 0, 0, 0, 0, 0, 2, 0, 0, : 4, 1, 7, 1, 2, 
268: 0, 0, 0, 0, 0, 0, 0, 0, 0, 1, 0, 1, 0, 0, 6, 1, 0, 1, 0, 0, : 1, 1, 6, 1, 1, 
83: 0, 0, 0, 14, 0, 2, 4, 0, 0, 1, 0, 5, 0, 12, 2, 1, 0, 0, 0, 0, : 14, 2, 4, 1, 5, 12, 2, 1, 
564: 5, 2, 0, 0, 1, 0, 0, 0, 0, 0, 1, 0, 5, 0, 0, 0, 0, 0, 0, 1, : 5, 2, 1, 1, 5, 1, 
421: 0, 0, 0, 1, 0, 0, 0, 2, 24, 11, 0, 0, 0, 0, 0, 0, 1, 1, 0, 6, : 1, 2, 24, 11, 1, 1, 6, 
177: 0, 14, 0, 0, 0, 0, 0, 0, 0, 0, 1, 0, 0, 0, 0, 1, 0, 0, 11, 0, : 14, 1, 1, 11, 
259: 0, 0, 0, 0, 0, 3, 0, 1, 0, 3, 0, 0, 0, 0, 0, 1, 0, 0, 0, 0, : 3, 1, 3, 1, 
511: 0, 0, 0, 3, 0, 0, 1, 0, 0, 0, 0, 1, 0, 0, 5, 1, 0, 0, 0, 0, : 3, 1, 1, 5, 1, 
553: 0, 0, 0, 0, 0, 0, 13, 11, 0, 1, 1, 0, 0, 3, 0, 0, 2, 7, 1, 0, : 13, 11, 1, 1, 3, 2, 7, 1, 
274: 0, 0, 0, 0, 0, 0, 1, 0, 0, 2, 0, 0, 7, 0, 0, 1, 1, 0, 1, 0, : 1, 2, 7, 1, 1, 1, 
460: 0, 1, 33, 6, 4, 0, 0, 5, 0, 0, 1, 0, 0, 11, 0, 1, 0, 0, 0, 2, : 1, 33, 6, 4, 5, 1, 11, 1, 2, 
267: 0, 2, 0, 0, 0, 31, 0, 1, 0, 0, 7, 1, 0, 0, 1, 0, 14, 0, 0, 0, : 2, 31, 1, 7, 1, 1, 14, 
394: 1, 0, 0, 0, 0, 0, 0, 0, 0, 4, 4, 2, 0, 0, 2, 0, 0, 4, 0, 16, : 1, 4, 4, 2, 2, 4, 16, 
195: 0, 0, 0, 0, 0, 0, 0, 0, 0, 2, 1, 0, 0, 2, 0, 1, 0, 5, 0, 1, : 2, 1, 2, 1, 5, 1, 
499: 0, 3, 1, 7, 2, 1, 0, 0, 5, 0, 5, 1, 0, 0, 0, 11, 0, 1, 0, 0, : 3, 1, 7, 2, 1, 5, 5, 1, 11, 1, 
151: 19, 0, 0, 1, 0, 1, 3, 0, 11, 0, 0, 0, 0, 0, 19, 2, 0, 12, 0, 0, : 19, 1, 1, 3, 11, 19, 2, 12, 
322: 0, 0, 5, 0, 0, 0, 0, 0, 0, 0, 1, 5, 0, 0, 0, 2, 0, 0, 0, 0, : 5, 1, 5, 2, 
299: 0, 0, 0, 0, 2, 1, 0, 1, 0, 1, 1, 0, 0, 0, 1, 1, 0, 0, 9, 0, : 2, 1, 1, 1, 1, 1, 1, 9, 
581: 0, 0, 1, 0, 0, 0, 11, 1, 0, 7, 0, 0, 0, 6, 0, 1, 0, 0, 3, 0, : 1, 11, 1, 7, 6, 1, 3, 
571: 0, 0, 0, 0, 0, 0, 0, 0, 0, 0, 0, 10, 0, 0, 1, 3, 0, 1, 1, 0, : 10, 1, 3, 1, 1, 
292: 0, 0, 0, 2, 0, 0, 0, 0, 0, 1, 1, 0, 0, 0, 0, 1, 0, 1, 5, 0, : 2, 1, 1, 1, 1, 5, 
326: 0, 2, 0, 0, 0, 0, 0, 0, 0, 1, 0, 0, 0, 2, 0, 0, 0, 0, 5, 0, : 2, 1, 2, 5, 
382: 15, 0, 0, 0, 0, 0, 0, 0, 0, 2, 0, 2, 0, 3, 3, 4, 0, 0, 0, 2, : 15, 2, 2, 3, 3, 4, 2, 
14: 0, 1, 0, 0, 0, 0, 0, 0, 0, 0, 0, 0, 0, 0, 0, 0, 0, 0, 1, 0, : 1, 1, 
457: 0, 1, 0, 1, 0, 0, 5, 0, 0, 0, 0, 0, 0, 1, 0, 1, 6, 0, 3, 10, : 1, 1, 5, 1, 1, 6, 3, 10, 


43: 0, 0, 17, 0, 0, 0, 0, 0, 0, 1, 1, 0, 0, 0, 0, 0, 5, 0, 0, 0, : 17, 1, 1, 5, 
514: 0, 0, 0, 0, 0, 2, 0, 9, 1, 0, 1, 0, 3, 0, 0, 0, 8, 2, 0, 0, : 2, 9, 1, 1, 3, 8, 2, 
328: 2, 0, 0, 2, 1, 0, 0, 1, 4, 4, 0, 2, 1, 0, 1, 1, 0, 0, 0, 2, : 2, 2, 1, 1, 4, 4, 2, 1, 1, 1, 2, 
279: 0, 0, 0, 1, 0, 0, 1, 0, 0, 2, 0, 0, 0, 0, 0, 1, 5, 1, 3, 0, : 1, 1, 2, 1, 5, 1, 3, 
565: 6, 0, 0, 1, 0, 0, 0, 0, 9, 3, 0, 3, 2, 0, 0, 1, 1, 1, 0, 0, : 6, 1, 9, 3, 3, 2, 1, 1, 1, 
354: 0, 0, 1, 1, 2, 0, 0, 0, 16, 0, 12, 0, 0, 2, 0, 0, 0, 4, 0, 4, : 1, 1, 2, 16, 12, 2, 4, 4, 
222: 4, 2, 2, 0, 1, 2, 1, 3, 0, 0, 0, 0, 3, 0, 0, 2, 4, 0, 9, 0, : 4, 2, 2, 1, 2, 1, 3, 3, 2, 4, 9, 
201: 2, 7, 0, 0, 0, 3, 15, 0, 0, 0, 1, 1, 3, 19, 0, 0, 0, 0, 0, 0, : 2, 7, 3, 15, 1, 1, 3, 19, 
422: 1, 0, 0, 0, 12, 1, 0, 1, 0, 0, 0, 0, 0, 0, 1, 1, 0, 1, 0, 3, : 1, 12, 1, 1, 1, 1, 1, 3, 
220: 0, 4, 0, 0, 0, 2, 0, 0, 1, 0, 0, 1, 0, 0, 1, 1, 0, 2, 0, 0, : 4, 2, 1, 1, 1, 1, 2, 
256: 0, 0, 0, 0, 0, 0, 0, 0, 1, 0, 2, 0, 0, 0, 1, 0, 1, 1, 0, 0, : 1, 2, 1, 1, 1, 
258: 1, 0, 0, 0, 0, 0, 0, 0, 4, 1, 0, 2, 0, 0, 0, 1, 3, 0, 0, 1, : 1, 4, 1, 2, 1, 3, 1, 
302: 0, 2, 0, 0, 0, 0, 3, 2, 2, 2, 0, 0, 0, 0, 1, 0, 1, 1, 1, 0, : 2, 3, 2, 2, 2, 1, 1, 1, 1, 
417: 1, 0, 0, 9, 0, 0, 0, 0, 0, 1, 3, 0, 0, 1, 1, 0, 2, 9, 0, 19, : 1, 9, 1, 3, 1, 1, 2, 9, 19, 
282: 0, 2, 0, 2, 4, 0, 0, 0, 0, 0, 0, 0, 0, 3, 1, 6, 1, 0, 1, 0, : 2, 2, 4, 3, 1, 6, 1, 1, 
464: 1, 7, 4, 0, 0, 0, 0, 0, 0, 5, 0, 6, 0, 0, 0, 0, 0, 0, 1, 0, : 1, 7, 4, 5, 6, 1, 
600: 0, 1, 0, 12, 2, 1, 0, 0, 0, 4, 0, 0, 0, 0, 0, 0, 5, 0, 0, 1, : 1, 12, 2, 1, 4, 5, 1, 
81: 9, 0, 0, 0, 12, 0, 0, 0, 1, 2, 1, 8, 0, 12, 2, 0, 0, 8, 2, 0, : 9, 12, 1, 2, 1, 8, 12, 2, 8, 2, 
557: 0, 1, 0, 3, 0, 1, 11, 1, 0, 5, 1, 1, 0, 1, 0, 1, 0, 0, 0, 0, : 1, 3, 1, 11, 1, 5, 1, 1, 1, 1, 
5: 0, 1, 0, 0, 2, 4, 4, 0, 0, 0, 0, 7, 1, 1, 10, 1, 0, 1, 1, 1, : 1, 2, 4, 4, 7, 1, 1, 10, 1, 1, 1, 1, 
318: 0, 13, 0, 0, 0, 0, 0, 1, 0, 2, 0, 1, 9, 0, 2, 17, 0, 0, 3, 0, : 13, 1, 2, 1, 9, 2, 17, 3, 
283: 0, 0, 0, 0, 3, 1, 0, 0, 0, 0, 0, 2, 0, 0, 1, 0, 0, 0, 0, 0, : 3, 1, 2, 1, 
285: 0, 0, 0, 1, 0, 0, 0, 0, 0, 0, 5, 0, 0, 0, 0, 1, 1, 1, 2, 6, : 1, 5, 1, 1, 1, 2, 6, 
510: 12, 0, 0, 1, 1, 2, 0, 0, 0, 0, 4, 0, 0, 0, 1, 1, 0, 4, 1, 0, : 12, 1, 1, 2, 4, 1, 1, 4, 1, 
12: 0, 0, 0, 0, 0, 1, 0, 4, 0, 1, 4, 0, 0, 0, 2, 0, 0, 1, 0, 0, : 1, 4, 1, 4, 2, 1, 
245: 0, 0, 16, 0, 0, 0, 0, 16, 0, 0, 2, 1, 0, 1, 1, 2, 1, 1, 0, 0, : 16, 16, 2, 1, 1, 1, 2, 1, 1, 
533: 0, 0, 0, 3, 0, 18, 0, 1, 0, 0, 0, 0, 11, 0, 1, 2, 0, 1, 0, 2, : 3, 18, 1, 11, 1, 2, 1, 2, 
156: 0, 0, 0, 4, 0, 0, 5, 0, 0, 2, 0, 2, 1, 0, 3, 0, 0, 0, 4, 0, : 4, 5, 2, 2, 1, 3, 4, 
433: 0, 0, 0, 0, 0, 1, 0, 1, 0, 5, 0, 2, 6, 0, 10, 0, 0, 1, 1, 1, : 1, 1, 5, 2, 6, 10, 1, 1, 1, 
368: 1, 0, 0, 0, 0, 1, 0, 0, 1, 0, 3, 1, 0, 0, 0, 1, 2, 0, 11, 0, : 1, 1, 1, 3, 1, 1, 2, 11, 


180: 13, 1, 3, 0, 0, 0, 2, 0, 7, 0, 0, 1, 0, 3, 0, 0, 0, 1, 0, 3, : 13, 1, 3, 2, 7, 1, 3, 1, 3, 
215: 1, 0, 0, 0, 1, 1, 0, 0, 1, 1, 0, 1, 3, 3, 0, 0, 0, 0, 0, 1, : 1, 1, 1, 1, 1, 1, 3, 3, 1, 
46: 0, 0, 0, 0, 1, 0, 4, 1, 0, 1, 0, 0, 0, 1, 1, 0, 0, 10, 1, 1, : 1, 4, 1, 1, 1, 1, 10, 1, 1, 
131: 0, 0, 1, 1, 0, 1, 0, 0, 2, 0, 0, 1, 0, 0, 0, 0, 0, 0, 0, 4, : 1, 1, 1, 2, 1, 4, 
414: 3, 1, 2, 0, 0, 0, 0, 1, 0, 1, 0, 1, 0, 0, 1, 2, 7, 0, 0, 0, : 3, 1, 2, 1, 1, 1, 1, 2, 7, 
494: 2, 1, 0, 0, 4, 22, 6, 22, 0, 0, 0, 1, 1, 0, 0, 2, 0, 0, 0, 2, : 2, 1, 4, 22, 6, 22, 1, 1, 2, 2, 
420: 1, 0, 0, 0, 0, 0, 0, 0, 0, 3, 0, 1, 1, 0, 0, 0, 0, 1, 22, 1, : 1, 3, 1, 1, 1, 22, 1, 
58: 1, 3, 0, 0, 2, 12, 0, 0, 0, 0, 0, 1, 1, 2, 3, 0, 0, 0, 0, 1, : 1, 3, 2, 12, 1, 1, 2, 3, 1, 
549: 0, 1, 0, 1, 0, 0, 5, 1, 10, 0, 0, 1, 1, 1, 0, 0, 0, 0, 0, 0, : 1, 1, 5, 1, 10, 1, 1, 1, 
493: 1, 0, 7, 0, 9, 1, 3, 0, 2, 0, 0, 6, 0, 1, 0, 0, 0, 0, 1, 0, : 1, 7, 9, 1, 3, 2, 6, 1, 1, 
489: 0, 0, 0, 6, 12, 2, 1, 1, 0, 11, 0, 1, 0, 1, 0, 0, 1, 8, 0, 1, : 6, 12, 2, 1, 1, 11, 1, 1, 1, 8, 1, 
84: 1, 0, 0, 12, 0, 0, 0, 4, 0, 0, 0, 1, 2, 0, 0, 0, 0, 0, 0, 1, : 1, 12, 4, 1, 2, 1, 
443: 0, 4, 0, 1, 0, 0, 0, 0, 1, 2, 0, 5, 5, 5, 2, 0, 0, 0, 0, 0, : 4, 1, 1, 2, 5, 5, 5, 2, 
363: 1, 0, 0, 0, 1, 0, 0, 1, 1, 0, 0, 4, 1, 4, 0, 0, 1, 0, 0, 0, : 1, 1, 1, 1, 4, 1, 4, 1, 
53: 2, 1, 7, 0, 2, 0, 1, 0, 0, 1, 0, 0, 0, 1, 0, 1, 2, 0, 0, 5, : 2, 1, 7, 2, 1, 1, 1, 1, 2, 5, 
179: 0, 2, 0, 1, 0, 0, 0, 0, 0, 1, 0, 0, 1, 1, 0, 0, 0, 0, 4, 2, : 2, 1, 1, 1, 1, 4, 2, 
315: 1, 0, 0, 9, 0, 0, 0, 6, 0, 0, 0, 1, 3, 0, 0, 1, 4, 4, 0, 1, : 1, 9, 6, 1, 3, 1, 4, 4, 1, 
500: 0, 0, 1, 0, 0, 0, 0, 0, 1, 0, 0, 0, 1, 0, 1, 0, 0, 0, 0, 2, : 1, 1, 1, 1, 2, 
51: 0, 0, 0, 0, 0, 0, 0, 0, 1, 1, 0, 1, 1, 0, 1, 4, 13, 0, 0, 0, : 1, 1, 1, 1, 1, 4, 13, 
129: 4, 0, 9, 0, 0, 0, 3, 2, 5, 0, 0, 2, 0, 0, 1, 0, 0, 0, 0, 1, : 4, 9, 3, 2, 5, 2, 1, 1, 
188: 0, 0, 0, 1, 1, 0, 0, 0, 0, 0, 0, 2, 0, 0, 0, 0, 0, 0, 0, 5, : 1, 1, 2, 5, 
95: 0, 1, 1, 1, 2, 0, 0, 0, 0, 0, 0, 1, 1, 1, 29, 0, 10, 0, 8, 4, : 1, 1, 1, 2, 1, 1, 1, 29, 10, 8, 4, 
538: 3, 4, 4, 1, 0, 0, 0, 0, 1, 4, 0, 0, 1, 2, 0, 0, 0, 0, 0, 0, : 3, 4, 4, 1, 1, 4, 1, 2, 
226: 0, 1, 0, 3, 1, 1, 1, 0, 6, 1, 1, 0, 7, 1, 0, 0, 1, 0, 2, 0, : 1, 3, 1, 1, 1, 6, 1, 1, 7, 1, 1, 2, 
313: 2, 4, 4, 0, 1, 0, 0, 0, 0, 0, 0, 1, 3, 0, 0, 0, 0, 0, 0, 0, : 2, 4, 4, 1, 1, 3, 
426: 0, 1, 0, 1, 0, 0, 1, 0, 0, 0, 0, 4, 1, 1, 0, 6, 0, 16, 0, 1, : 1, 1, 1, 4, 1, 1, 6, 16, 1, 
54: 1, 1, 0, 1, 0, 0, 2, 0, 1, 12, 0, 2, 0, 1, 0, 0, 1, 0, 0, 0, : 1, 1, 1, 2, 1, 12, 2, 1, 1, 
263: 1, 0, 0, 0, 0, 0, 11, 0, 1, 0, 0, 0, 1, 2, 1, 24, 0, 0, 0, 1, : 1, 11, 1, 1, 2, 1, 24, 1, 
389: 0, 0, 1, 1, 1, 0, 0, 1, 0, 0, 23, 1, 1, 9, 0, 0, 0, 0, 0, 2, : 1, 1, 1, 1, 23, 1, 1, 9, 2, 
372: 2, 14, 0, 0, 2, 0, 0, 0, 0, 1, 16, 0, 4, 0, 0, 0, 0, 0, 2, 1, : 2, 14, 2, 1, 16, 4, 2, 1, 


373: 0, 0, 0, 0, 1, 0, 0, 0, 0, 0, 0, 0, 0, 0, 0, 4, 2, 0, 0, 0, : 1, 4, 2, 
507: 0, 0, 0, 1, 1, 0, 7, 15, 13, 0, 0, 5, 0, 0, 17, 0, 0, 1, 0, 0, : 1, 1, 7, 15, 13, 5, 17, 1, 
91: 0, 0, 0, 3, 3, 0, 0, 0, 0, 0, 0, 0, 1, 1, 0, 0, 0, 0, 0, 1, : 3, 3, 1, 1, 1, 
140: 1, 0, 0, 0, 5, 0, 9, 1, 0, 0, 0, 0, 0, 0, 6, 1, 0, 0, 1, 1, : 1, 5, 9, 1, 6, 1, 1, 1, 
214: 0, 0, 0, 1, 0, 10, 0, 0, 0, 1, 0, 0, 0, 2, 0, 0, 4, 32, 0, 0, : 1, 10, 1, 2, 4, 32, 
230: 0, 1, 0, 1, 4, 0, 4, 0, 1, 0, 0, 15, 0, 26, 0, 0, 0, 0, 1, 2, : 1, 1, 4, 4, 1, 15, 26, 1, 2, 
456: 0, 0, 0, 0, 3, 1, 3, 0, 0, 3, 0, 0, 1, 0, 0, 0, 0, 0, 0, 0, : 3, 1, 3, 3, 1, 
556: 0, 2, 1, 1, 0, 0, 0, 0, 0, 3, 0, 0, 2, 0, 1, 0, 0, 0, 0, 0, : 2, 1, 1, 3, 2, 1, 
135: 0, 0, 17, 2, 0, 3, 0, 0, 0, 0, 0, 0, 0, 0, 1, 0, 0, 0, 0, 1, : 17, 2, 3, 1, 1, 
596: 3, 2, 0, 13, 1, 1, 2, 0, 0, 1, 1, 0, 0, 1, 0, 0, 0, 0, 0, 0, : 3, 2, 13, 1, 1, 2, 1, 1, 1, 
543: 2, 0, 1, 0, 1, 0, 0, 0, 0, 1, 0, 0, 0, 0, 0, 0, 0, 0, 1, 4, : 2, 1, 1, 1, 1, 4, 
107: 0, 0, 1, 3, 0, 0, 1, 5, 0, 0, 0, 1, 0, 0, 0, 0, 1, 0, 0, 1, : 1, 3, 1, 5, 1, 1, 1, 
576: 0, 0, 4, 0, 1, 0, 1, 0, 4, 1, 5, 0, 1, 0, 1, 0, 0, 0, 0, 0, : 4, 1, 1, 4, 1, 5, 1, 1, 
323: 0, 1, 1, 0, 0, 0, 8, 1, 1, 0, 0, 0, 0, 0, 0, 0, 9, 0, 1, 0, : 1, 1, 8, 1, 1, 9, 1, 
444: 1, 1, 1, 0, 0, 0, 0, 0, 0, 1, 1, 0, 1, 0, 1, 0, 0, 0, 0, 0, : 1, 1, 1, 1, 1, 1, 1, 
492: 15, 0, 1, 0, 0, 0, 0, 0, 5, 0, 4, 0, 0, 3, 0, 1, 0, 2, 2, 15, : 15, 1, 5, 4, 3, 1, 2, 2, 15, 
78: 12, 0, 0, 3, 1, 0, 0, 0, 0, 2, 0, 7, 0, 0, 0, 0, 0, 0, 19, 0, : 12, 3, 1, 2, 7, 19, 
479: 0, 0, 4, 0, 9, 3, 1, 0, 0, 0, 0, 0, 9, 0, 0, 0, 0, 0, 0, 0, : 4, 9, 3, 1, 9, 
247: 2, 0, 1, 2, 1, 0, 0, 0, 0, 0, 0, 3, 0, 0, 1, 2, 0, 0, 0, 0, : 2, 1, 2, 1, 3, 1, 2, 
597: 0, 3, 2, 0, 0, 1, 0, 0, 1, 0, 0, 0, 0, 2, 0, 0, 0, 3, 0, 1, : 3, 2, 1, 1, 2, 3, 1, 
487: 0, 5, 0, 0, 1, 0, 0, 6, 0, 0, 0, 0, 0, 0, 0, 0, 0, 1, 3, 1, : 5, 1, 6, 1, 3, 1, 
360: 0, 0, 3, 0, 0, 0, 0, 0, 9, 7, 0, 0, 0, 5, 3, 6, 5, 0, 0, 5, : 3, 9, 7, 5, 3, 6, 5, 5, 
144: 0, 1, 1, 0, 0, 0, 0, 0, 0, 1, 8, 0, 14, 0, 0, 0, 0, 0, 1, 5, : 1, 1, 1, 8, 14, 1, 5, 
405: 0, 1, 0, 0, 0, 0, 0, 0, 0, 0, 0, 0, 6, 0, 0, 6, 0, 0, 0, 1, : 1, 6, 6, 1, 
21: 0, 0, 0, 2, 0, 16, 0, 12, 0, 0, 0, 0, 1, 0, 8, 0, 3, 1, 0, 0, : 2, 16, 12, 1, 8, 3, 1, 
301: 0, 0, 0, 7, 3, 0, 1, 0, 1, 0, 0, 0, 0, 0, 0, 1, 4, 0, 0, 1, : 7, 3, 1, 1, 1, 4, 1, 
390: 0, 0, 2, 0, 0, 2, 0, 0, 1, 1, 0, 0, 3, 0, 0, 0, 0, 0, 0, 1, : 2, 2, 1, 1, 3, 1, 
335: 0, 0, 0, 1, 1, 1, 0, 0, 0, 0, 0, 0, 0, 0, 0, 0, 0, 0, 0, 0, : 1, 1, 1, 
547: 4, 5, 0, 0, 4, 2, 3, 0, 1, 1, 0, 0, 1, 0, 1, 12, 2, 0, 0, 0, : 4, 5, 4, 2, 3, 1, 1, 1, 1, 12, 2, 
314: 0, 18, 0, 0, 0, 0, 0, 0, 3, 17, 21, 9, 0, 0, 0, 7, 10, 0, 11, 0, : 18, 3, 17, 21, 9, 7, 10, 11, 


