
40
150
40
5

1: 0, 0, 0, 2, 0, 11, 0, 0, 6, 2, 1, 1, 0, 0, 0, 12, 0, 0, 0, 0, 1, 7, 1, 0, 0, 0, 0, 1, 1, 2, 0, 3, 0, 0, 1, 8, 1, 0, 0, 1, : 2, 11, 6, 2, 1, 1, 12, 1, 7, 1, 1, 1, 2, 3, 1, 8, 1, 1, 
120: 0, 0, 0, 1, 0, 0, 4, 0, 0, 0, 1, 0, 1, 0, 7, 1, 0, 0, 0, 0, 0, 1, 2, 0, 1, 0, 0, 0, 1, 1, 11, 1, 0, 7, 2, 0, 1, 0, 4, 0, : 1, 4, 1, 1, 7, 1, 1, 2, 1, 1, 1, 11, 1, 7, 2, 1, 4, 
32: 0, 0, 0, 0, 0, 0, 0, 0, 12, 1, 0, 0, 0, 19, 0, 0, 0, 1, 0, 0, 0, 0, 0, 0, 1, 0, 0, 0, 0, 1, 0, 0, 6, 0, 1, 1, 0, 0, 0, 0, : 12, 1, 19, 1, 1, 1, 6, 1, 1, 
105: 0, 0, 12, 0, 0, 0, 0, 0, 0, 1, 0, 0, 0, 0, 0, 0, 5, 22, 0, 6, 2, 11, 0, 0, 1, 27, 1, 0, 0, 0, 10, 1, 0, 0, 0, 9, 0, 0, 0, 2, : 12, 1, 5, 22, 6, 2, 11, 1, 27, 1, 10, 1, 9, 2, 
71: 0, 0, 1, 1, 12, 0, 0, 0, 1, 0, 0, 0, 0, 1, 0, 6, 0, 0, 0, 0, 0, 0, 7, 0, 0, 1, 2, 0, 0, 0, 0, 0, 0, 0, 0, 0, 0, 0, 3, 0, : 1, 1, 12, 1, 1, 6, 7, 1, 2, 3, 
13: 0, 0, 0, 0, 0, 0, 0, 0, 0, 0, 0, 0, 0, 0, 0, 0, 0, 0, 2, 0, 1, 0, 0, 11, 2, 0, 0, 0, 1, 0, 0, 0, 0, 1, 3, 0, 1, 0, 3, 0, : 2, 1, 11, 2, 1, 1, 3, 1, 3, 
96: 0, 0, 0, 0, 0, 1, 0, 0, 1, 0, 0, 0, 0, 1, 6, 1, 0, 0, 0, 0, 0, 0, 0, 0, 1, 0, 4, 0, 0, 0, 3, 7, 29, 9, 1, 1, 0, 4, 0, 0, : 1, 1, 1, 6, 1, 1, 4, 3, 7, 29, 9, 1, 1, 4, 
34: 0, 0, 0, 0, 0, 0, 0, 0, 4, 2, 1, 0, 0, 0, 0, 0, 1, 0, 0, 0, 0, 0, 0, 0, 0, 0, 1, 0, 0, 0, 1, 4, 0, 1, 2, 2, 0, 1, 0, 0, : 4, 2, 1, 1, 1, 1, 4, 1, 2, 2, 1, 
129: 0, 16, 0, 1, 0, 1, 0, 7, 0, 0, 1, 9, 0, 1, 0, 0, 9, 0, 0, 0, 0, 0, 0, 0, 0, 0, 0, 0, 0, 1, 0, 0, 0, 0, 1, 0, 0, 0, 0, 1, : 16, 1, 1, 7, 1, 9, 1, 9, 1, 1, 1, 
40: 3, 0, 0, 0, 0, 0, 0, 0, 0, 0, 0, 0, 0, 2, 0, 1, 0, 0, 0, 0, 0, 0, 1, 0, 0, 0, 0, 0, 6, 0, 1, 9, 0, 3, 4, 1, 1, 0, 0, 0, : 3, 2, 1, 1, 6, 1, 9, 3, 4, 1, 1, 
45: 0, 0, 0, 0, 0, 0, 0, 0, 0, 3, 1, 0, 0, 0, 4, 7, 0, 0, 4, 0, 1, 0, 0, 0, 0, 0, 0, 0, 11, 0, 0, 0, 0, 1, 1, 0, 22, 0, 0, 0, : 3, 1, 4, 7, 4, 1, 11, 1, 1, 22, 
137: 0, 0, 0, 0, 24, 0, 0, 0, 0, 1, 0, 0, 34, 1, 1, 0, 1, 1, 13, 6, 0, 0, 0, 0, 0, 0, 5, 0, 1, 0, 1, 0, 1, 5, 0, 1, 0, 0, 1, 1, : 24, 1, 34, 1, 1, 1, 1, 13, 6, 5, 1, 1, 1, 5, 1, 1, 1, 
121: 0, 0, 1, 0, 0, 0, 1, 0, 4, 0, 7, 0, 0, 3, 1, 0, 0, 0, 1, 0, 0, 0, 2, 2, 2, 0, 0, 0, 2, 0, 0, 3, 0, 1, 14, 1, 0, 0, 0, 10, : 1, 1, 4, 7, 3, 1, 1, 2, 2, 2, 2, 3, 1, 14, 1, 10, 
2: 2, 5, 0, 0, 0, 3, 0, 0, 1, 4, 0, 0, 0, 0, 0, 6, 0, 2, 0, 0, 1, 1, 1, 0, 1, 0, 13, 0, 1, 10, 0, 0, 0, 0, 0, 0, 0, 9, 0, 2, : 2, 5, 3, 1, 4, 6, 2, 1, 1, 1, 1, 13, 1, 10, 9, 2, 
139: 0, 1, 0, 10, 0, 0, 0, 0, 1, 1, 1, 0, 0, 0, 0, 0, 0, 0, 0, 0, 2, 0, 0, 1, 5, 0, 0, 0, 0, 0, 0, 0, 0, 0, 3, 0, 0, 5, 0, 0, : 1, 10, 1, 1, 1, 2, 1, 5, 3, 5, 
126: 8, 1, 0, 0, 0, 1, 2, 12, 1, 2, 11, 23, 0, 9, 0, 0, 0, 0, 0, 4, 0, 1, 0, 0, 0, 0, 0, 0, 0, 19, 1, 0, 0, 5, 2, 0, 0, 0, 0, 1, : 8, 1, 1, 2, 12, 1, 2, 11, 23, 9, 4, 1, 19, 1, 5, 2, 1, 
110: 26, 0, 9, 1, 0, 0, 4, 0, 0, 0, 1, 0, 0, 0, 1, 0, 8, 0, 0, 2, 0, 2, 2, 0, 2, 0, 1, 0, 0, 0, 1, 2, 0, 0, 1, 0, 0, 0, 0, 2, : 26, 9, 1, 4, 1, 1, 8, 2, 2, 2, 2, 1, 1, 2, 1, 2, 
77: 0, 0, 0, 0, 0, 1, 0, 0, 1, 0, 0, 0, 0, 0, 8, 3, 0, 0, 0, 0, 0, 0, 1, 0, 1, 0, 8, 0, 3, 0, 0, 1, 0, 0, 1, 0, 0, 0, 0, 1, : 1, 1, 8, 3, 1, 1, 8, 3, 1, 1, 1, 
73: 0, 0, 0, 0, 0, 5, 17, 18, 0, 0, 0, 0, 0, 0, 8, 0, 0, 8, 3, 6, 1, 0, 1, 0, 1, 1, 0, 0, 0, 0, 1, 1, 0, 4, 0, 0, 1, 15, 0, 12, : 5, 17, 18, 8, 8, 3, 6, 1, 1, 1, 1, 1, 1, 4, 1, 15, 12, 
46: 0, 2, 0, 0, 0, 0, 0, 3, 1, 0, 1, 0, 1, 0, 1, 0, 0, 0, 0, 6, 0, 1, 8, 0, 2, 0, 3, 14, 0, 0, 0, 0, 0, 0, 0, 0, 0, 1, 0, 1, : 2, 3, 1, 1, 1, 1, 6, 1, 8, 2, 3, 14, 1, 1, 
102: 0, 1, 1, 1, 0, 0, 0, 0, 0, 3, 2, 0, 3, 0, 0, 0, 0, 0, 0, 0, 1, 0, 0, 0, 1, 0, 0, 0, 1, 0, 0, 2, 0, 1, 2, 1, 0, 1, 0, 1, : 1, 1, 1, 3, 2, 3, 1, 1, 1, 2, 1, 2, 1, 1, 1, 
106: 0, 0, 0, 23, 0, 0, 2, 0, 0, 18, 0, 0, 0, 0, 0, 0, 0, 1, 16, 0, 24, 0, 0, 0, 2, 0, 1, 0, 0, 0, 0, 0, 0, 0, 0, 9, 0, 0, 19, 1, : 23, 2, 18, 1, 16, 24, 2, 1, 9, 19, 1, 
145: 0, 1, 0, 0, 0, 1, 4, 0, 1, 0, 1, 0, 0, 0, 0, 0, 0, 0, 0, 0, 0, 0, 0, 0, 1, 0, 0, 0, 0, 0, 8, 0, 0, 0, 0, 0, 0, 0, 0, 3, : 1, 1, 4, 1, 1, 1, 8, 3, 
57: 1, 2, 15, 0, 0, 0, 6, 0, 0, 0, 0, 0, 1, 0, 0, 1, 0, 0, 0, 0, 0, 0, 1, 22, 0, 0, 1, 0, 1, 1, 1, 1, 1, 2, 0, 1, 0, 3, 0, 0, : 1, 2, 15, 6, 1, 1, 1, 22, 1, 1, 1, 1, 1, 1, 2, 1, 3, 
75: 0, 2, 0, 0, 0, 9, 0, 0, 3, 0, 0, 0, 0, 0, 0, 0, 4, 0, 0, 0, 0, 14, 1, 0, 1, 11, 0, 0, 0, 0, 0, 0, 0, 0, 0, 0, 6, 0, 0, 0, : 2, 9, 3, 4, 14, 1, 1, 11, 6, 
88: 0, 0, 0, 0, 0, 1, 0, 0, 0, 0, 0, 0, 0, 0, 0, 1, 0, 0, 1, 7, 0, 0, 0, 3, 5, 0, 0, 0, 4, 0, 0, 0, 0, 0, 1, 0, 0, 0, 0, 0, : 1, 1, 1, 7, 3, 5, 4, 1, 
141: 0, 0, 0, 0, 0, 5, 0, 0, 3, 0, 0, 0, 0, 1, 0, 0, 0, 0, 0, 0, 0, 2, 1, 0, 4, 0, 0, 0, 1, 0, 0, 0, 3, 0, 0, 1, 0, 1, 0, 0, : 5, 3, 1, 2, 1, 4, 1, 3, 1, 1, 
90: 0, 1, 1, 0, 0, 0, 0, 0, 0, 0, 0, 1, 0, 2, 1, 0, 12, 0, 0, 3, 2, 0, 3, 1, 5, 0, 0, 5, 1, 0, 0, 1, 0, 0, 0, 0, 6, 0, 10, 1, : 1, 1, 1, 2, 1, 12, 3, 2, 3, 1, 5, 5, 1, 1, 6, 10, 1, 
85: 0, 0, 0, 0, 1, 1, 0, 0, 0, 2, 0, 0, 0, 0, 0, 1, 0, 5, 0, 0, 0, 0, 5, 0, 1, 0, 0, 0, 0, 5, 0, 0, 0, 0, 0, 2, 1, 0, 0, 0, : 1, 1, 2, 1, 5, 5, 1, 5, 2, 1, 
65: 0, 8, 0, 0, 3, 0, 0, 0, 0, 0, 11, 6, 0, 0, 2, 0, 0, 0, 0, 0, 4, 0, 3, 0, 0, 0, 0, 20, 5, 0, 1, 4, 0, 0, 0, 2, 0, 0, 0, 0, : 8, 3, 11, 6, 2, 4, 3, 20, 5, 1, 4, 2, 


49: 1, 0, 0, 3, 7, 0, 0, 0, 0, 1, 1, 0, 0, 0, 10, 0, 27, 0, 12, 0, 1, 0, 1, 6, 1, 0, 0, 2, 0, 0, 10, 0, 0, 2, 9, 0, 1, 1, 1, 0, : 1, 3, 7, 1, 1, 10, 27, 12, 1, 1, 6, 1, 2, 10, 2, 9, 1, 1, 1, 
43: 4, 0, 4, 0, 0, 7, 0, 1, 4, 5, 0, 0, 1, 0, 0, 0, 0, 0, 0, 0, 0, 0, 2, 0, 0, 0, 0, 1, 0, 0, 0, 0, 1, 0, 2, 0, 0, 3, 1, 1, : 4, 4, 7, 1, 4, 5, 1, 2, 1, 1, 2, 3, 1, 1, 
123: 0, 15, 1, 2, 1, 8, 0, 0, 1, 1, 0, 0, 0, 0, 0, 0, 0, 15, 0, 0, 0, 0, 4, 0, 0, 0, 0, 0, 1, 0, 0, 0, 4, 0, 0, 0, 1, 0, 0, 0, : 15, 1, 2, 1, 8, 1, 1, 15, 4, 1, 4, 1, 
41: 1, 0, 0, 2, 1, 1, 0, 0, 1, 1, 6, 0, 0, 1, 0, 0, 0, 11, 0, 0, 1, 0, 0, 0, 1, 0, 0, 0, 0, 0, 0, 0, 0, 8, 0, 8, 0, 1, 1, 2, : 1, 2, 1, 1, 1, 1, 6, 1, 11, 1, 1, 8, 8, 1, 1, 2, 
136: 0, 0, 0, 0, 0, 0, 0, 4, 0, 1, 0, 2, 0, 0, 1, 1, 0, 0, 0, 0, 1, 1, 0, 0, 2, 0, 0, 1, 0, 14, 0, 0, 0, 0, 0, 0, 0, 1, 2, 0, : 4, 1, 2, 1, 1, 1, 1, 2, 1, 14, 1, 2, 
138: 1, 1, 0, 2, 2, 0, 1, 0, 0, 3, 0, 0, 0, 3, 0, 0, 0, 0, 0, 3, 0, 1, 0, 3, 1, 0, 0, 0, 1, 0, 5, 0, 0, 0, 0, 0, 2, 0, 0, 0, : 1, 1, 2, 2, 1, 3, 3, 3, 1, 3, 1, 1, 5, 2, 
124: 1, 0, 0, 1, 0, 0, 0, 0, 0, 0, 0, 1, 1, 0, 0, 0, 0, 1, 0, 2, 8, 0, 0, 1, 10, 0, 12, 0, 10, 0, 0, 0, 0, 0, 0, 0, 0, 0, 0, 0, : 1, 1, 1, 1, 1, 2, 8, 1, 10, 12, 10, 
74: 1, 0, 0, 1, 8, 0, 0, 0, 3, 0, 0, 0, 0, 0, 0, 0, 0, 0, 0, 0, 0, 1, 0, 15, 0, 0, 0, 0, 0, 15, 0, 0, 0, 1, 2, 4, 1, 0, 4, 0, : 1, 1, 8, 3, 1, 15, 15, 1, 2, 4, 1, 4, 
117: 6, 0, 0, 1, 1, 0, 0, 0, 0, 0, 0, 0, 0, 0, 0, 0, 0, 5, 0, 20, 0, 1, 2, 2, 2, 10, 0, 1, 0, 0, 0, 0, 3, 2, 0, 0, 0, 8, 6, 0, : 6, 1, 1, 5, 20, 1, 2, 2, 2, 10, 1, 3, 2, 8, 6, 
72: 0, 1, 0, 1, 1, 0, 0, 0, 0, 0, 0, 0, 0, 0, 1, 1, 0, 0, 0, 0, 0, 1, 0, 0, 10, 0, 0, 0, 1, 0, 0, 0, 0, 0, 0, 1, 1, 1, 1, 22, : 1, 1, 1, 1, 1, 1, 10, 1, 1, 1, 1, 1, 22, 
146: 1, 0, 0, 0, 0, 0, 0, 0, 7, 1, 0, 0, 0, 0, 0, 0, 0, 0, 0, 0, 1, 0, 1, 0, 0, 0, 0, 0, 0, 1, 1, 0, 6, 1, 0, 0, 0, 1, 3, 0, : 1, 7, 1, 1, 1, 1, 1, 6, 1, 1, 3, 
119: 0, 1, 0, 1, 0, 11, 0, 0, 0, 0, 0, 0, 0, 0, 0, 0, 0, 1, 0, 0, 0, 15, 0, 0, 1, 0, 0, 0, 0, 0, 0, 0, 1, 0, 0, 0, 0, 0, 0, 2, : 1, 1, 11, 1, 15, 1, 1, 2, 
93: 6, 13, 0, 6, 0, 2, 1, 1, 3, 0, 0, 0, 0, 1, 5, 0, 0, 0, 0, 0, 4, 1, 0, 0, 0, 0, 0, 0, 1, 0, 1, 0, 0, 1, 0, 0, 0, 4, 1, 0, : 6, 13, 6, 2, 1, 1, 3, 1, 5, 4, 1, 1, 1, 1, 4, 1, 
115: 0, 3, 0, 3, 0, 0, 0, 0, 13, 0, 0, 4, 0, 0, 1, 0, 0, 0, 2, 1, 0, 4, 1, 1, 0, 0, 0, 0, 0, 0, 0, 0, 0, 0, 2, 0, 1, 0, 0, 0, : 3, 3, 13, 4, 1, 2, 1, 4, 1, 1, 2, 1, 
103: 1, 0, 0, 1, 0, 0, 0, 0, 0, 3, 0, 0, 2, 0, 0, 0, 0, 0, 0, 0, 0, 0, 0, 0, 0, 0, 0, 3, 0, 0, 6, 0, 0, 0, 0, 0, 14, 0, 0, 1, : 1, 1, 3, 2, 3, 6, 14, 1, 
54: 2, 1, 0, 1, 1, 0, 21, 0, 0, 0, 0, 0, 1, 0, 0, 9, 0, 0, 0, 0, 0, 0, 0, 0, 1, 0, 4, 1, 2, 0, 0, 18, 0, 22, 1, 0, 2, 1, 1, 1, : 2, 1, 1, 1, 21, 1, 9, 1, 4, 1, 2, 18, 22, 1, 2, 1, 1, 1, 
50: 0, 0, 1, 0, 0, 0, 0, 13, 0, 1, 0, 0, 2, 0, 0, 0, 0, 0, 1, 0, 1, 3, 0, 2, 0, 0, 0, 0, 4, 0, 7, 0, 2, 0, 20, 0, 8, 0, 2, 0, : 1, 13, 1, 2, 1, 1, 3, 2, 4, 7, 2, 20, 8, 2, 
80: 1, 0, 0, 0, 1, 0, 0, 0, 0, 5, 0, 0, 0, 0, 1, 18, 0, 0, 18, 0, 4, 2, 1, 1, 0, 0, 0, 11, 10, 4, 0, 0, 1, 0, 1, 1, 0, 0, 0, 0, : 1, 1, 5, 1, 18, 18, 4, 2, 1, 1, 11, 10, 4, 1, 1, 1, 
114: 0, 0, 0, 0, 2, 3, 0, 0, 0, 1, 1, 0, 0, 0, 0, 0, 0, 0, 0, 0, 0, 0, 0, 1, 0, 0, 1, 0, 0, 0, 0, 0, 18, 0, 0, 0, 1, 0, 1, 0, : 2, 3, 1, 1, 1, 1, 18, 1, 1, 
87: 1, 1, 0, 1, 0, 1, 0, 1, 0, 1, 0, 0, 3, 0, 0, 0, 12, 0, 0, 7, 0, 1, 0, 0, 1, 0, 1, 3, 0, 1, 3, 0, 0, 0, 0, 17, 0, 7, 0, 0, : 1, 1, 1, 1, 1, 1, 3, 12, 7, 1, 1, 1, 3, 1, 3, 17, 7, 
44: 1, 0, 2, 1, 0, 0, 13, 0, 1, 1, 0, 0, 1, 3, 3, 0, 0, 1, 0, 0, 0, 3, 0, 0, 5, 0, 20, 1, 0, 0, 0, 0, 0, 0, 0, 0, 0, 0, 0, 0, : 1, 2, 1, 13, 1, 1, 1, 3, 3, 1, 3, 5, 20, 1, 
113: 3, 1, 0, 1, 0, 0, 4, 0, 0, 0, 0, 6, 19, 0, 0, 3, 0, 1, 1, 0, 0, 0, 2, 1, 1, 0, 0, 1, 1, 0, 0, 0, 0, 2, 0, 0, 0, 2, 4, 7, : 3, 1, 1, 4, 6, 19, 3, 1, 1, 2, 1, 1, 1, 1, 2, 2, 4, 7, 
132: 3, 0, 0, 3, 0, 0, 0, 0, 0, 1, 10, 0, 7, 0, 17, 3, 1, 3, 1, 0, 0, 3, 3, 2, 1, 21, 0, 0, 2, 0, 0, 0, 0, 0, 2, 3, 0, 0, 2, 0, : 3, 3, 1, 10, 7, 17, 3, 1, 3, 1, 3, 3, 2, 1, 21, 2, 2, 3, 2, 
33: 3, 0, 0, 2, 0, 3, 0, 3, 3, 1, 8, 26, 2, 9, 0, 1, 0, 1, 3, 0, 16, 0, 0, 0, 0, 0, 0, 0, 0, 0, 0, 0, 0, 1, 0, 0, 2, 1, 1, 1, : 3, 2, 3, 3, 3, 1, 8, 26, 2, 9, 1, 1, 3, 16, 1, 2, 1, 1, 1, 
53: 1, 0, 5, 1, 1, 1, 0, 11, 0, 0, 0, 0, 0, 0, 0, 1, 0, 0, 0, 0, 0, 0, 0, 5, 1, 0, 0, 1, 0, 0, 0, 0, 0, 0, 0, 0, 1, 0, 6, 0, : 1, 5, 1, 1, 1, 11, 1, 5, 1, 1, 1, 6, 
56: 0, 3, 0, 0, 1, 1, 0, 6, 2, 1, 0, 0, 1, 0, 0, 0, 0, 0, 1, 0, 0, 0, 0, 0, 1, 0, 0, 1, 0, 4, 6, 0, 0, 0, 0, 0, 0, 8, 0, 0, : 3, 1, 1, 6, 2, 1, 1, 1, 1, 1, 4, 6, 8, 
25: 0, 0, 0, 1, 1, 1, 0, 0, 0, 0, 0, 1, 0, 0, 0, 0, 0, 0, 0, 7, 1, 1, 2, 0, 0, 6, 1, 1, 4, 0, 0, 22, 0, 0, 0, 0, 2, 0, 1, 1, : 1, 1, 1, 1, 7, 1, 1, 2, 6, 1, 1, 4, 22, 2, 1, 1, 
59: 0, 0, 1, 3, 2, 1, 0, 0, 1, 1, 11, 0, 0, 0, 1, 2, 0, 0, 0, 0, 0, 0, 0, 0, 0, 1, 1, 0, 1, 0, 0, 0, 1, 0, 1, 1, 0, 0, 1, 0, : 1, 3, 2, 1, 1, 1, 11, 1, 2, 1, 1, 1, 1, 1, 1, 1, 
60: 2, 0, 26, 0, 9, 0, 0, 0, 0, 10, 1, 0, 0, 0, 0, 0, 0, 0, 1, 0, 2, 0, 16, 0, 1, 2, 0, 1, 1, 1, 0, 0, 2, 0, 0, 0, 1, 0, 0, 1, : 2, 26, 9, 10, 1, 1, 2, 16, 1, 2, 1, 1, 1, 2, 1, 1, 
21: 0, 0, 0, 2, 1, 0, 0, 0, 1, 1, 2, 0, 0, 23, 0, 1, 0, 1, 0, 0, 0, 2, 5, 0, 0, 0, 0, 11, 1, 0, 1, 0, 1, 0, 0, 5, 2, 1, 1, 1, : 2, 1, 1, 1, 2, 23, 1, 1, 2, 5, 11, 1, 1, 1, 5, 2, 1, 1, 1, 


144: 0, 0, 7, 0, 0, 0, 0, 0, 0, 2, 0, 1, 0, 0, 0, 0, 0, 0, 0, 1, 0, 8, 11, 17, 0, 0, 1, 0, 1, 1, 0, 7, 0, 0, 1, 0, 1, 0, 0, 0, : 7, 2, 1, 1, 8, 11, 17, 1, 1, 1, 7, 1, 1, 
81: 0, 18, 0, 5, 0, 0, 0, 0, 0, 1, 0, 10, 11, 3, 1, 0, 0, 0, 4, 1, 0, 0, 0, 0, 0, 0, 9, 0, 0, 0, 3, 0, 27, 2, 0, 3, 8, 16, 0, 0, : 18, 5, 1, 10, 11, 3, 1, 4, 1, 9, 3, 27, 2, 3, 8, 16, 
91: 1, 1, 0, 0, 0, 7, 0, 0, 0, 0, 0, 0, 0, 0, 2, 1, 0, 0, 0, 2, 3, 0, 0, 13, 0, 0, 0, 0, 0, 8, 0, 0, 0, 0, 0, 1, 0, 0, 0, 1, : 1, 1, 7, 2, 1, 2, 3, 13, 8, 1, 1, 
109: 0, 0, 0, 0, 0, 0, 0, 11, 0, 1, 0, 1, 0, 0, 0, 6, 0, 1, 1, 0, 2, 1, 0, 0, 0, 0, 0, 23, 0, 0, 0, 0, 0, 0, 1, 0, 0, 0, 1, 0, : 11, 1, 1, 6, 1, 1, 2, 1, 23, 1, 1, 
70: 0, 0, 0, 3, 6, 8, 0, 1, 0, 3, 0, 1, 1, 0, 0, 13, 1, 0, 1, 1, 11, 6, 0, 0, 0, 1, 0, 0, 0, 0, 0, 0, 1, 19, 1, 0, 1, 0, 0, 0, : 3, 6, 8, 1, 3, 1, 1, 13, 1, 1, 1, 11, 6, 1, 1, 19, 1, 1, 
4: 1, 0, 0, 0, 0, 2, 0, 0, 1, 0, 0, 1, 0, 0, 0, 0, 1, 1, 0, 0, 0, 1, 1, 0, 2, 0, 1, 1, 0, 0, 0, 0, 0, 1, 1, 0, 0, 0, 0, 3, : 1, 2, 1, 1, 1, 1, 1, 1, 2, 1, 1, 1, 1, 3, 
112: 0, 0, 0, 0, 4, 0, 0, 0, 10, 0, 0, 0, 0, 21, 0, 2, 0, 1, 1, 0, 6, 0, 0, 0, 1, 0, 2, 0, 0, 2, 0, 1, 0, 0, 0, 1, 0, 0, 1, 0, : 4, 10, 21, 2, 1, 1, 6, 1, 2, 2, 1, 1, 1, 
7: 0, 0, 0, 8, 0, 0, 8, 0, 0, 13, 0, 0, 0, 0, 8, 1, 6, 0, 1, 0, 2, 1, 0, 0, 0, 1, 1, 0, 9, 0, 0, 0, 0, 0, 0, 1, 0, 12, 0, 2, : 8, 8, 13, 8, 1, 6, 1, 2, 1, 1, 1, 9, 1, 12, 2, 
98: 0, 0, 16, 0, 0, 0, 0, 0, 0, 0, 0, 0, 12, 0, 0, 0, 0, 0, 0, 0, 0, 0, 0, 1, 0, 0, 1, 0, 0, 0, 11, 0, 0, 0, 3, 0, 0, 0, 0, 0, : 16, 12, 1, 1, 11, 3, 
86: 2, 0, 0, 0, 0, 0, 0, 0, 2, 4, 0, 1, 0, 4, 0, 0, 8, 12, 2, 3, 0, 0, 0, 0, 0, 7, 0, 0, 1, 2, 0, 9, 0, 2, 0, 0, 1, 0, 0, 0, : 2, 2, 4, 1, 4, 8, 12, 2, 3, 7, 1, 2, 9, 2, 1, 
26: 0, 1, 0, 0, 16, 0, 0, 1, 0, 0, 0, 0, 0, 1, 0, 0, 0, 2, 0, 0, 0, 7, 0, 0, 1, 0, 3, 0, 0, 0, 2, 0, 1, 0, 2, 0, 1, 9, 0, 2, : 1, 16, 1, 1, 2, 7, 1, 3, 2, 1, 2, 1, 9, 2, 
31: 0, 0, 0, 0, 0, 2, 1, 5, 0, 0, 1, 0, 0, 0, 2, 0, 0, 3, 0, 12, 0, 5, 0, 0, 0, 4, 2, 0, 0, 0, 0, 0, 0, 0, 18, 0, 0, 0, 24, 1, : 2, 1, 5, 1, 2, 3, 12, 5, 4, 2, 18, 24, 1, 
5: 0, 4, 6, 0, 0, 1, 0, 0, 0, 0, 0, 1, 0, 0, 4, 0, 0, 0, 2, 1, 4, 0, 8, 2, 0, 0, 0, 3, 0, 0, 12, 0, 0, 0, 3, 0, 1, 1, 0, 0, : 4, 6, 1, 1, 4, 2, 1, 4, 8, 2, 3, 12, 3, 1, 1, 
28: 11, 0, 1, 0, 0, 0, 0, 0, 0, 1, 0, 0, 0, 0, 1, 0, 0, 0, 2, 6, 1, 1, 0, 0, 1, 0, 0, 0, 3, 0, 0, 19, 7, 0, 0, 1, 0, 0, 0, 0, : 11, 1, 1, 1, 2, 6, 1, 1, 1, 3, 19, 7, 1, 
29: 2, 0, 0, 0, 6, 0, 0, 16, 0, 5, 0, 0, 0, 1, 0, 1, 0, 2, 0, 2, 2, 0, 4, 0, 5, 1, 3, 2, 0, 0, 0, 0, 0, 1, 2, 0, 0, 0, 0, 10, : 2, 6, 16, 5, 1, 1, 2, 2, 2, 4, 5, 1, 3, 2, 1, 2, 10, 
12: 0, 0, 0, 0, 0, 0, 0, 1, 0, 0, 0, 0, 0, 0, 0, 5, 0, 1, 0, 3, 1, 0, 8, 0, 0, 0, 0, 0, 2, 0, 0, 0, 0, 3, 0, 0, 0, 0, 0, 2, : 1, 5, 1, 3, 1, 8, 2, 3, 2, 
61: 0, 3, 0, 0, 1, 6, 0, 0, 12, 4, 0, 0, 0, 0, 1, 0, 1, 0, 1, 2, 0, 0, 5, 0, 0, 0, 0, 0, 4, 0, 3, 0, 0, 1, 1, 2, 1, 0, 0, 1, : 3, 1, 6, 12, 4, 1, 1, 1, 2, 5, 4, 3, 1, 1, 2, 1, 1, 
128: 0, 4, 6, 0, 0, 1, 1, 1, 1, 0, 5, 2, 0, 0, 0, 0, 0, 0, 1, 0, 0, 0, 1, 1, 1, 0, 2, 1, 0, 0, 0, 0, 0, 0, 0, 1, 0, 0, 0, 1, : 4, 6, 1, 1, 1, 1, 5, 2, 1, 1, 1, 1, 2, 1, 1, 1, 
107: 0, 1, 4, 0, 0, 0, 0, 0, 0, 1, 0, 0, 14, 0, 1, 0, 1, 4, 13, 2, 1, 0, 0, 0, 0, 0, 2, 0, 0, 0, 0, 0, 0, 0, 1, 1, 1, 0, 10, 0, : 1, 4, 1, 14, 1, 1, 4, 13, 2, 1, 2, 1, 1, 1, 10, 
39: 0, 0, 0, 1, 0, 0, 0, 0, 0, 0, 0, 0, 0, 1, 0, 3, 0, 1, 0, 0, 0, 1, 0, 0, 0, 0, 0, 0, 12, 1, 7, 0, 1, 10, 0, 5, 2, 0, 0, 0, : 1, 1, 3, 1, 1, 12, 1, 7, 1, 10, 5, 2, 
47: 1, 0, 0, 1, 2, 4, 0, 0, 0, 0, 0, 1, 0, 0, 0, 0, 0, 1, 1, 1, 1, 4, 0, 0, 0, 8, 0, 0, 1, 0, 0, 0, 3, 1, 3, 0, 2, 0, 0, 1, : 1, 1, 2, 4, 1, 1, 1, 1, 1, 4, 8, 1, 3, 1, 3, 2, 1, 
38: 1, 2, 0, 1, 0, 1, 0, 1, 0, 1, 31, 6, 0, 2, 0, 0, 1, 4, 1, 1, 0, 0, 0, 0, 0, 5, 3, 2, 0, 0, 1, 0, 0, 0, 1, 12, 0, 0, 0, 1, : 1, 2, 1, 1, 1, 1, 31, 6, 2, 1, 4, 1, 1, 5, 3, 2, 1, 1, 12, 1, 
22: 8, 0, 0, 0, 0, 1, 0, 0, 0, 4, 0, 4, 1, 1, 3, 2, 0, 0, 0, 1, 0, 1, 0, 0, 0, 0, 0, 2, 0, 0, 0, 0, 0, 0, 1, 1, 0, 0, 0, 0, : 8, 1, 4, 4, 1, 1, 3, 2, 1, 1, 2, 1, 1, 
15: 0, 0, 0, 0, 2, 0, 20, 1, 1, 0, 1, 0, 0, 4, 0, 1, 1, 0, 0, 0, 2, 1, 0, 0, 0, 1, 0, 0, 1, 16, 0, 0, 0, 0, 0, 0, 0, 2, 0, 12, : 2, 20, 1, 1, 1, 4, 1, 1, 2, 1, 1, 1, 16, 2, 12, 
36: 0, 5, 0, 2, 1, 0, 0, 0, 0, 0, 0, 7, 0, 2, 0, 1, 0, 1, 1, 0, 1, 0, 0, 0, 0, 0, 0, 1, 0, 0, 0, 0, 0, 0, 0, 1, 0, 0, 4, 0, : 5, 2, 1, 7, 2, 1, 1, 1, 1, 1, 1, 4, 
63: 0, 0, 0, 0, 1, 0, 0, 0, 9, 0, 0, 1, 0, 0, 12, 0, 0, 0, 3, 0, 1, 2, 0, 0, 0, 1, 0, 0, 0, 1, 0, 0, 0, 0, 0, 0, 1, 0, 0, 1, : 1, 9, 1, 12, 3, 1, 2, 1, 1, 1, 1, 
6: 1, 0, 0, 3, 0, 2, 0, 0, 0, 0, 1, 0, 0, 0, 0, 2, 1, 6, 1, 0, 0, 0, 0, 6, 0, 6, 0, 3, 5, 0, 0, 1, 0, 0, 0, 0, 0, 0, 0, 0, : 1, 3, 2, 1, 2, 1, 6, 1, 6, 6, 3, 5, 1, 
55: 3, 0, 0, 0, 0, 5, 0, 0, 0, 0, 1, 2, 0, 0, 0, 2, 12, 0, 3, 0, 0, 1, 1, 0, 1, 1, 9, 0, 0, 9, 0, 1, 0, 0, 0, 6, 0, 0, 0, 1, : 3, 5, 1, 2, 2, 12, 3, 1, 1, 1, 1, 9, 9, 1, 6, 1, 
16: 8, 1, 0, 16, 1, 0, 2, 2, 4, 0, 0, 1, 1, 0, 4, 0, 6, 0, 0, 0, 2, 0, 1, 0, 3, 3, 0, 0, 1, 0, 0, 2, 0, 0, 1, 1, 20, 0, 0, 1, : 8, 1, 16, 1, 2, 2, 4, 1, 1, 4, 6, 2, 1, 3, 3, 1, 2, 1, 1, 20, 1, 
118: 1, 0, 0, 0, 0, 0, 8, 0, 0, 0, 0, 0, 0, 0, 1, 0, 1, 0, 1, 1, 0, 0, 0, 0, 25, 1, 1, 2, 0, 0, 1, 0, 0, 0, 0, 3, 0, 0, 0, 0, : 1, 8, 1, 1, 1, 1, 25, 1, 1, 2, 1, 3, 


131: 2, 1, 0, 0, 2, 0, 0, 0, 0, 0, 0, 0, 0, 0, 0, 5, 0, 0, 0, 2, 0, 0, 0, 0, 1, 1, 1, 5, 0, 13, 0, 1, 6, 0, 0, 0, 0, 0, 0, 0, : 2, 1, 2, 5, 2, 1, 1, 1, 5, 13, 1, 6, 
67: 0, 0, 0, 0, 0, 0, 0, 12, 18, 1, 1, 0, 13, 0, 0, 0, 0, 0, 0, 1, 0, 0, 10, 1, 0, 0, 7, 0, 1, 0, 0, 0, 0, 0, 14, 0, 0, 0, 0, 0, : 12, 18, 1, 1, 13, 1, 10, 1, 7, 1, 14, 
127: 0, 0, 12, 1, 4, 0, 3, 0, 0, 0, 0, 0, 0, 2, 0, 0, 3, 0, 9, 0, 0, 0, 0, 1, 0, 1, 1, 0, 0, 0, 0, 10, 0, 0, 0, 0, 0, 1, 0, 0, : 12, 1, 4, 3, 2, 3, 9, 1, 1, 1, 10, 1, 
17: 0, 0, 5, 0, 1, 1, 5, 25, 3, 0, 0, 0, 0, 0, 0, 0, 0, 0, 2, 0, 0, 0, 0, 7, 0, 2, 6, 0, 1, 0, 0, 3, 0, 5, 0, 0, 0, 0, 1, 0, : 5, 1, 1, 5, 25, 3, 2, 7, 2, 6, 1, 3, 5, 1, 
140: 0, 0, 1, 0, 1, 1, 2, 0, 3, 0, 2, 0, 0, 1, 0, 3, 0, 1, 1, 0, 0, 0, 0, 3, 0, 2, 1, 0, 0, 0, 0, 0, 0, 0, 0, 0, 0, 0, 1, 0, : 1, 1, 1, 2, 3, 2, 1, 3, 1, 1, 3, 2, 1, 1, 
130: 1, 2, 1, 0, 1, 0, 0, 0, 0, 0, 1, 1, 0, 4, 0, 0, 0, 0, 10, 0, 24, 0, 0, 0, 0, 0, 5, 0, 0, 0, 0, 1, 0, 0, 0, 0, 0, 0, 0, 0, : 1, 2, 1, 1, 1, 1, 4, 10, 24, 5, 1, 
11: 0, 0, 1, 2, 0, 0, 1, 0, 0, 1, 0, 0, 2, 0, 0, 0, 0, 0, 0, 0, 0, 12, 14, 2, 0, 2, 0, 0, 0, 0, 14, 0, 9, 11, 0, 0, 0, 0, 0, 0, : 1, 2, 1, 1, 2, 12, 14, 2, 2, 14, 9, 11, 
64: 0, 1, 0, 0, 0, 0, 14, 0, 0, 0, 0, 6, 0, 1, 0, 1, 0, 0, 0, 1, 1, 0, 0, 1, 0, 0, 0, 0, 0, 0, 0, 0, 0, 1, 0, 0, 1, 0, 1, 0, : 1, 14, 6, 1, 1, 1, 1, 1, 1, 1, 1, 
79: 1, 0, 1, 0, 1, 0, 1, 0, 0, 7, 1, 9, 0, 9, 0, 11, 0, 0, 2, 0, 0, 0, 1, 0, 0, 1, 0, 0, 0, 1, 0, 10, 0, 0, 0, 0, 6, 0, 2, 0, : 1, 1, 1, 1, 7, 1, 9, 9, 11, 2, 1, 1, 1, 10, 6, 2, 
148: 2, 0, 1, 0, 1, 0, 0, 0, 0, 0, 0, 0, 0, 0, 0, 0, 0, 0, 0, 0, 0, 0, 2, 1, 0, 7, 0, 0, 0, 0, 0, 0, 1, 19, 0, 0, 0, 0, 0, 0, : 2, 1, 1, 2, 1, 7, 1, 19, 
68: 2, 0, 0, 0, 1, 0, 2, 0, 0, 0, 0, 0, 0, 0, 0, 2, 0, 0, 0, 0, 0, 0, 0, 0, 0, 0, 1, 0, 0, 0, 0, 3, 0, 1, 0, 0, 0, 1, 0, 0, : 2, 1, 2, 2, 1, 3, 1, 1, 
62: 0, 0, 1, 0, 0, 0, 0, 0, 0, 0, 1, 0, 0, 0, 0, 12, 0, 21, 0, 0, 0, 0, 1, 1, 0, 0, 1, 0, 0, 1, 0, 0, 1, 0, 0, 0, 0, 8, 1, 0, : 1, 1, 12, 21, 1, 1, 1, 1, 1, 8, 1, 
97: 1, 0, 0, 0, 10, 0, 0, 0, 0, 0, 5, 0, 0, 0, 0, 1, 0, 2, 0, 1, 0, 0, 1, 2, 0, 0, 3, 0, 0, 1, 0, 5, 1, 0, 5, 0, 2, 0, 2, 0, : 1, 10, 5, 1, 2, 1, 1, 2, 3, 1, 5, 1, 5, 2, 2, 
149: 0, 14, 0, 6, 0, 0, 1, 0, 0, 0, 0, 0, 0, 0, 0, 0, 0, 0, 1, 0, 0, 0, 2, 0, 1, 1, 0, 0, 3, 0, 4, 0, 0, 0, 5, 16, 4, 0, 1, 0, : 14, 6, 1, 1, 2, 1, 1, 3, 4, 5, 16, 4, 1, 
51: 0, 0, 0, 0, 1, 0, 0, 0, 0, 5, 0, 0, 0, 0, 0, 0, 0, 0, 0, 0, 5, 1, 2, 0, 0, 1, 0, 0, 0, 1, 0, 0, 0, 0, 0, 0, 0, 0, 1, 0, : 1, 5, 5, 1, 2, 1, 1, 1, 
18: 0, 1, 1, 1, 1, 11, 0, 0, 2, 0, 0, 0, 0, 2, 0, 1, 2, 0, 1, 0, 0, 0, 3, 0, 0, 1, 0, 0, 0, 3, 0, 0, 0, 0, 0, 1, 0, 0, 3, 0, : 1, 1, 1, 1, 11, 2, 2, 1, 2, 1, 3, 1, 3, 1, 3, 
95: 2, 0, 0, 29, 6, 0, 6, 0, 0, 1, 0, 0, 24, 0, 0, 2, 0, 0, 0, 0, 0, 0, 0, 0, 0, 1, 1, 3, 2, 0, 0, 1, 0, 0, 15, 0, 0, 3, 0, 19, : 2, 29, 6, 6, 1, 24, 2, 1, 1, 3, 2, 1, 15, 3, 19, 
111: 6, 0, 1, 0, 0, 3, 0, 0, 0, 0, 0, 0, 0, 0, 16, 0, 28, 0, 1, 0, 0, 10, 0, 0, 0, 0, 0, 0, 0, 0, 0, 1, 0, 0, 0, 0, 7, 0, 1, 0, : 6, 1, 3, 16, 28, 1, 10, 1, 7, 1, 
66: 3, 1, 0, 0, 0, 21, 0, 0, 0, 9, 0, 0, 0, 18, 0, 0, 0, 1, 1, 29, 0, 0, 0, 0, 1, 9, 4, 0, 0, 0, 0, 1, 5, 1, 0, 0, 2, 0, 0, 0, : 3, 1, 21, 9, 18, 1, 1, 29, 1, 9, 4, 1, 5, 1, 2, 
101: 2, 2, 0, 0, 1, 0, 4, 0, 0, 0, 3, 3, 1, 0, 0, 0, 0, 8, 3, 0, 0, 0, 0, 1, 4, 1, 0, 0, 0, 0, 0, 0, 0, 0, 0, 20, 0, 0, 1, 0, : 2, 2, 1, 4, 3, 3, 1, 8, 3, 1, 4, 1, 20, 1, 
9: 0, 1, 1, 0, 2, 0, 0, 0, 9, 0, 0, 7, 0, 0, 0, 0, 6, 4, 0, 0, 3, 6, 0, 0, 6, 0, 0, 0, 9, 1, 0, 1, 0, 1, 0, 1, 0, 0, 3, 0, : 1, 1, 2, 9, 7, 6, 4, 3, 6, 6, 9, 1, 1, 1, 1, 3, 
143: 0, 2, 1, 0, 0, 1, 0, 0, 0, 0, 20, 0, 0, 0, 22, 1, 0, 0, 2, 1, 0, 8, 0, 0, 1, 0, 1, 0, 0, 0, 0, 0, 0, 0, 0, 0, 3, 0, 2, 0, : 2, 1, 1, 20, 22, 1, 2, 1, 8, 1, 1, 3, 2, 
78: 1, 7, 0, 0, 0, 0, 0, 0, 0, 2, 0, 0, 0, 2, 0, 0, 0, 0, 1, 0, 0, 0, 0, 10, 21, 7, 0, 0, 0, 0, 0, 0, 1, 0, 0, 0, 0, 3, 1, 0, : 1, 7, 2, 2, 1, 10, 21, 7, 1, 3, 1, 
23: 0, 3, 2, 0, 0, 0, 0, 0, 0, 0, 5, 1, 0, 0, 0, 1, 0, 0, 1, 0, 4, 3, 1, 3, 0, 0, 0, 4, 0, 1, 0, 1, 0, 0, 0, 0, 0, 0, 0, 21, : 3, 2, 5, 1, 1, 1, 4, 3, 1, 3, 4, 1, 1, 21, 
52: 0, 0, 2, 0, 0, 0, 0, 3, 3, 0, 0, 4, 0, 1, 1, 0, 1, 0, 0, 0, 0, 0, 1, 1, 2, 0, 8, 0, 1, 0, 0, 1, 0, 0, 0, 0, 0, 1, 11, 0, : 2, 3, 3, 4, 1, 1, 1, 1, 1, 2, 8, 1, 1, 1, 11, 
3: 1, 3, 2, 0, 6, 0, 0, 0, 0, 0, 1, 0, 0, 0, 1, 0, 0, 2, 1, 0, 0, 0, 0, 2, 0, 0, 0, 0, 0, 13, 0, 0, 0, 0, 0, 0, 5, 1, 2, 0, : 1, 3, 2, 6, 1, 1, 2, 1, 2, 13, 5, 1, 2, 
94: 7, 1, 1, 1, 0, 0, 0, 0, 0, 0, 0, 0, 0, 0, 0, 0, 0, 1, 0, 2, 0, 0, 0, 0, 0, 1, 0, 9, 1, 0, 0, 0, 1, 0, 0, 0, 0, 0, 2, 0, : 7, 1, 1, 1, 1, 2, 1, 9, 1, 1, 2, 
92: 0, 0, 1, 0, 0, 1, 0, 0, 2, 0, 0, 1, 0, 0, 0, 0, 0, 0, 2, 0, 3, 0, 0, 0, 3, 1, 0, 0, 9, 0, 0, 0, 0, 0, 0, 1, 0, 22, 0, 0, : 1, 1, 2, 1, 2, 3, 3, 1, 9, 1, 22, 
83: 4, 1, 0, 0, 1, 0, 1, 0, 0, 14, 0, 8, 0, 0, 0, 0, 0, 0, 2, 0, 0, 0, 0, 0, 0, 0, 0, 0, 0, 5, 0, 0, 4, 0, 0, 1, 10, 0, 1, 0, : 4, 1, 1, 1, 14, 8, 2, 5, 4, 1, 10, 1, 
27: 5, 0, 5, 0, 0, 1, 0, 0, 0, 0, 0, 0, 0, 0, 0, 0, 0, 0, 0, 3, 0, 0, 2, 4, 0, 1, 0, 19, 13, 0, 22, 1, 11, 1, 1, 0, 0, 0, 3, 0, : 5, 5, 1, 3, 2, 4, 1, 19, 13, 22, 1, 11, 1, 1, 3, 


48: 0, 0, 0, 0, 0, 0, 0, 0, 1, 0, 2, 1, 0, 0, 0, 0, 1, 0, 0, 0, 1, 0, 0, 0, 0, 0, 0, 0, 0, 0, 2, 0, 1, 0, 0, 0, 0, 0, 0, 0, : 1, 2, 1, 1, 1, 2, 1, 
8: 0, 0, 0, 4, 0, 2, 0, 1, 0, 0, 2, 0, 1, 0, 0, 9, 0, 0, 0, 17, 0, 0, 0, 0, 1, 14, 0, 0, 0, 4, 0, 0, 1, 5, 6, 0, 0, 0, 0, 0, : 4, 2, 1, 2, 1, 9, 17, 1, 14, 4, 1, 5, 6, 
82: 0, 0, 0, 0, 0, 1, 2, 0, 0, 0, 7, 0, 0, 0, 0, 2, 0, 0, 0, 0, 0, 0, 0, 0, 1, 0, 1, 0, 0, 1, 0, 0, 6, 0, 2, 3, 1, 0, 0, 0, : 1, 2, 7, 2, 1, 1, 1, 6, 2, 3, 1, 
10: 0, 0, 0, 1, 0, 0, 0, 0, 0, 11, 1, 0, 17, 0, 0, 1, 0, 0, 0, 0, 12, 4, 0, 0, 1, 0, 0, 0, 0, 1, 0, 3, 0, 1, 0, 0, 0, 0, 1, 0, : 1, 11, 1, 17, 1, 12, 4, 1, 1, 3, 1, 1, 
142: 9, 6, 0, 0, 0, 0, 0, 0, 1, 0, 2, 0, 8, 0, 1, 1, 0, 6, 0, 0, 1, 0, 0, 1, 2, 0, 0, 0, 0, 1, 0, 0, 0, 0, 1, 0, 0, 0, 0, 14, : 9, 6, 1, 2, 8, 1, 1, 6, 1, 1, 2, 1, 1, 14, 
30: 4, 2, 0, 21, 0, 0, 2, 0, 0, 0, 0, 0, 2, 0, 1, 1, 0, 1, 30, 0, 10, 1, 0, 2, 0, 2, 4, 0, 0, 1, 1, 20, 0, 0, 1, 0, 0, 1, 0, 0, : 4, 2, 21, 2, 2, 1, 1, 1, 30, 10, 1, 2, 2, 4, 1, 1, 20, 1, 1, 
84: 0, 0, 2, 2, 0, 3, 0, 0, 1, 0, 0, 0, 0, 0, 2, 1, 1, 0, 0, 0, 0, 0, 0, 4, 5, 0, 1, 0, 0, 0, 0, 1, 0, 28, 1, 1, 0, 0, 16, 0, : 2, 2, 3, 1, 2, 1, 1, 4, 5, 1, 1, 28, 1, 1, 16, 
104: 0, 4, 0, 0, 0, 0, 0, 0, 0, 0, 0, 6, 0, 13, 0, 0, 1, 1, 0, 0, 0, 0, 6, 0, 0, 0, 2, 0, 0, 0, 1, 1, 0, 0, 1, 0, 0, 0, 0, 0, : 4, 6, 13, 1, 1, 6, 2, 1, 1, 1, 
122: 0, 0, 0, 0, 7, 1, 0, 0, 2, 0, 4, 20, 1, 0, 1, 0, 1, 0, 0, 0, 1, 0, 0, 0, 0, 0, 1, 0, 0, 1, 0, 0, 2, 0, 2, 2, 0, 2, 0, 0, : 7, 1, 2, 4, 20, 1, 1, 1, 1, 1, 1, 2, 2, 2, 2, 
135: 0, 3, 0, 0, 0, 1, 10, 0, 1, 5, 2, 0, 1, 0, 0, 0, 0, 0, 0, 0, 0, 0, 0, 1, 10, 1, 2, 0, 0, 12, 0, 1, 0, 0, 0, 0, 13, 0, 6, 1, : 3, 1, 10, 1, 5, 2, 1, 1, 10, 1, 2, 12, 1, 13, 6, 1, 
14: 0, 0, 0, 0, 0, 4, 0, 0, 1, 0, 1, 0, 0, 1, 1, 3, 0, 0, 0, 0, 0, 0, 0, 0, 0, 0, 19, 0, 30, 1, 0, 0, 1, 0, 0, 0, 0, 0, 0, 0, : 4, 1, 1, 1, 1, 3, 19, 30, 1, 1, 
100: 0, 0, 1, 0, 0, 0, 0, 0, 1, 0, 1, 0, 1, 2, 0, 2, 0, 0, 0, 7, 0, 3, 1, 0, 4, 0, 0, 0, 0, 3, 9, 0, 0, 1, 0, 0, 1, 0, 0, 0, : 1, 1, 1, 1, 2, 2, 7, 3, 1, 4, 3, 9, 1, 1, 
116: 0, 1, 5, 0, 0, 0, 0, 0, 23, 0, 1, 0, 0, 0, 0, 0, 1, 18, 0, 0, 0, 1, 0, 0, 1, 0, 0, 0, 0, 0, 3, 0, 0, 0, 2, 1, 3, 0, 0, 0, : 1, 5, 23, 1, 1, 18, 1, 1, 3, 2, 1, 3, 
147: 0, 0, 0, 0, 4, 2, 0, 0, 0, 0, 1, 1, 1, 0, 3, 2, 0, 0, 0, 0, 0, 1, 0, 0, 7, 4, 0, 0, 0, 2, 1, 0, 0, 0, 1, 0, 1, 0, 0, 2, : 4, 2, 1, 1, 1, 3, 2, 1, 7, 4, 2, 1, 1, 1, 2, 
35: 0, 0, 1, 1, 1, 0, 0, 0, 1, 0, 1, 0, 1, 0, 0, 1, 0, 0, 0, 0, 0, 8, 0, 0, 0, 0, 1, 1, 4, 0, 0, 0, 0, 0, 5, 0, 4, 0, 0, 0, : 1, 1, 1, 1, 1, 1, 1, 8, 1, 1, 4, 5, 4, 
19: 3, 0, 0, 0, 0, 6, 13, 0, 4, 0, 0, 0, 1, 0, 13, 0, 0, 9, 0, 0, 0, 1, 0, 0, 0, 9, 0, 0, 1, 1, 5, 1, 5, 0, 0, 0, 1, 0, 0, 0, : 3, 6, 13, 4, 1, 13, 9, 1, 9, 1, 1, 5, 1, 5, 1, 
76: 1, 1, 0, 2, 0, 2, 0, 0, 0, 0, 2, 0, 0, 11, 0, 2, 0, 1, 0, 7, 0, 0, 0, 0, 0, 5, 0, 0, 2, 2, 6, 1, 0, 0, 2, 6, 0, 14, 0, 0, : 1, 1, 2, 2, 2, 11, 2, 1, 7, 5, 2, 2, 6, 1, 2, 6, 14, 
37: 8, 2, 1, 1, 0, 8, 0, 19, 0, 0, 0, 9, 0, 0, 0, 1, 0, 0, 0, 0, 1, 0, 0, 0, 1, 0, 0, 0, 0, 2, 1, 0, 1, 1, 0, 0, 2, 0, 1, 0, : 8, 2, 1, 1, 8, 19, 9, 1, 1, 1, 2, 1, 1, 1, 2, 1, 
58: 0, 1, 0, 0, 0, 1, 0, 0, 1, 0, 1, 0, 1, 0, 0, 1, 0, 0, 0, 0, 1, 0, 3, 1, 0, 0, 0, 2, 0, 2, 1, 1, 1, 0, 0, 0, 0, 0, 0, 0, : 1, 1, 1, 1, 1, 1, 1, 3, 1, 2, 2, 1, 1, 1, 
69: 0, 4, 0, 0, 0, 1, 0, 1, 0, 1, 2, 2, 0, 1, 0, 1, 0, 0, 0, 0, 0, 11, 0, 1, 0, 0, 1, 0, 0, 2, 1, 1, 0, 0, 1, 8, 0, 0, 1, 0, : 4, 1, 1, 1, 2, 2, 1, 1, 11, 1, 1, 2, 1, 1, 1, 8, 1, 
150: 0, 2, 0, 0, 0, 0, 1, 0, 0, 0, 1, 0, 0, 0, 0, 0, 0, 0, 0, 9, 1, 0, 7, 1, 0, 0, 2, 0, 0, 1, 1, 0, 10, 0, 0, 0, 2, 0, 0, 0, : 2, 1, 1, 9, 1, 7, 1, 2, 1, 1, 10, 2, 
134: 0, 0, 0, 1, 0, 0, 0, 16, 2, 0, 2, 0, 4, 0, 3, 1, 32, 0, 10, 0, 1, 0, 0, 0, 0, 0, 0, 0, 0, 0, 0, 1, 1, 0, 0, 11, 0, 7, 0, 0, : 1, 16, 2, 2, 4, 3, 1, 32, 10, 1, 1, 1, 11, 7, 
108: 0, 2, 0, 0, 0, 1, 1, 0, 0, 2, 0, 1, 0, 12, 0, 0, 1, 1, 0, 0, 0, 0, 0, 0, 0, 0, 0, 0, 3, 2, 0, 0, 1, 0, 1, 4, 0, 0, 11, 0, : 2, 1, 1, 2, 1, 12, 1, 1, 3, 2, 1, 1, 4, 11, 
89: 0, 0, 0, 5, 2, 2, 10, 0, 0, 0, 1, 0, 1, 0, 0, 4, 0, 1, 0, 0, 2, 9, 22, 0, 1, 1, 0, 0, 0, 1, 0, 0, 1, 0, 10, 0, 0, 2, 0, 0, : 5, 2, 2, 10, 1, 1, 4, 1, 2, 9, 22, 1, 1, 1, 1, 10, 2, 
42: 1, 0, 17, 0, 0, 2, 0, 0, 0, 1, 5, 0, 0, 0, 1, 3, 0, 0, 0, 0, 0, 0, 0, 11, 0, 0, 1, 0, 0, 0, 0, 2, 9, 0, 1, 1, 0, 0, 0, 1, : 1, 17, 2, 1, 5, 1, 3, 11, 1, 2, 9, 1, 1, 1, 
133: 0, 2, 0, 1, 0, 0, 0, 0, 0, 12, 0, 0, 0, 0, 0, 0, 0, 0, 0, 0, 0, 0, 0, 0, 0, 0, 2, 12, 0, 0, 0, 0, 0, 0, 0, 0, 12, 0, 0, 21, : 2, 1, 12, 2, 12, 12, 21, 
125: 14, 6, 0, 0, 0, 2, 0, 3, 0, 7, 1, 0, 0, 0, 10, 1, 0, 1, 0, 0, 0, 0, 0, 2, 0, 1, 1, 0, 0, 0, 1, 1, 0, 0, 0, 0, 0, 14, 1, 1, : 14, 6, 2, 3, 7, 1, 10, 1, 1, 2, 1, 1, 1, 1, 14, 1, 1, 
99: 0, 0, 0, 0, 0, 0, 0, 0, 0, 0, 0, 0, 0, 0, 4, 0, 0, 1, 0, 0, 8, 0, 0, 7, 0, 2, 1, 0, 0, 0, 1, 0, 0, 3, 2, 0, 0, 0, 1, 0, : 4, 1, 8, 7, 2, 1, 1, 3, 2, 1, 
24: 0, 0, 13, 1, 26, 1, 1, 0, 0, 1, 0, 0, 0, 0, 0, 2, 1, 0, 0, 0, 0, 1, 0, 9, 0, 1, 0, 25, 0, 0, 1, 0, 0, 0, 1, 2, 0, 0, 2, 0, : 13, 1, 26, 1, 1, 1, 2, 1, 1, 9, 1, 25, 1, 1, 2, 2, 
20: 0, 4, 0, 0, 0, 0, 0, 0, 1, 0, 0, 0, 0, 0, 0, 1, 1, 0, 0, 0, 1, 0, 1, 0, 6, 0, 1, 0, 0, 0, 5, 6, 0, 1, 0, 1, 0, 0, 0, 0, : 4, 1, 1, 1, 1, 1, 6, 1, 5, 6, 1, 1, 


