
20
30
40
1

13: 0, 12, 1, 0, 2, 0, 0, 0, 0, 1, 0, 0, 0, 0, 0, 0, 4, 0, 2, 0, : 12, 1, 2, 1, 4, 2, 
27: 0, 0, 1, 0, 3, 0, 0, 19, 0, 0, 1, 0, 0, 0, 0, 0, 1, 0, 0, 0, : 1, 3, 19, 1, 1, 
2: 0, 0, 1, 0, 4, 5, 5, 1, 0, 3, 0, 0, 0, 0, 1, 24, 0, 0, 0, 0, : 1, 4, 5, 5, 1, 3, 1, 24, 
7: 0, 0, 0, 2, 0, 1, 0, 0, 0, 1, 1, 0, 0, 0, 0, 4, 0, 0, 0, 0, : 2, 1, 1, 1, 4, 
17: 0, 0, 0, 0, 3, 1, 0, 0, 1, 2, 2, 0, 0, 0, 0, 0, 2, 1, 0, 0, : 3, 1, 1, 2, 2, 2, 1, 
9: 0, 0, 1, 0, 0, 9, 1, 0, 0, 0, 1, 15, 6, 0, 9, 0, 0, 0, 0, 0, : 1, 9, 1, 1, 15, 6, 9, 
1: 6, 1, 0, 0, 0, 2, 0, 0, 0, 2, 1, 0, 0, 0, 1, 0, 0, 0, 0, 0, : 6, 1, 2, 2, 1, 1, 
19: 0, 1, 1, 0, 1, 0, 0, 1, 0, 0, 4, 0, 1, 5, 4, 0, 1, 0, 2, 0, : 1, 1, 1, 1, 4, 1, 5, 4, 1, 2, 
28: 0, 0, 1, 1, 0, 1, 8, 4, 0, 1, 2, 9, 0, 0, 0, 0, 1, 1, 0, 1, : 1, 1, 1, 8, 4, 1, 2, 9, 1, 1, 1, 
14: 0, 2, 6, 1, 12, 0, 0, 0, 1, 5, 1, 0, 2, 1, 7, 0, 0, 0, 0, 0, : 2, 6, 1, 12, 1, 5, 1, 2, 1, 7, 
12: 0, 0, 0, 0, 0, 1, 0, 0, 0, 0, 0, 0, 0, 0, 1, 0, 4, 0, 13, 1, : 1, 1, 4, 13, 1, 
24: 0, 3, 1, 0, 0, 0, 5, 3, 1, 6, 1, 2, 29, 0, 1, 0, 1, 0, 0, 0, : 3, 1, 5, 3, 1, 6, 1, 2, 29, 1, 1, 
23: 0, 1, 0, 12, 1, 0, 2, 0, 1, 4, 1, 0, 0, 0, 0, 0, 0, 4, 0, 0, : 1, 12, 1, 2, 1, 4, 1, 4, 
25: 25, 0, 4, 0, 8, 0, 1, 0, 5, 0, 5, 0, 0, 2, 1, 0, 0, 1, 0, 0, : 25, 4, 8, 1, 5, 5, 2, 1, 1, 
21: 0, 1, 0, 0, 1, 0, 0, 0, 0, 1, 0, 0, 0, 0, 0, 0, 1, 6, 0, 2, : 1, 1, 1, 1, 6, 2, 
6: 0, 0, 7, 0, 0, 8, 0, 1, 13, 0, 1, 0, 0, 0, 0, 0, 13, 0, 0, 0, : 7, 8, 1, 13, 1, 13, 
11: 0, 1, 0, 0, 0, 1, 13, 0, 0, 1, 3, 7, 0, 0, 1, 0, 2, 0, 0, 0, : 1, 1, 13, 1, 3, 7, 1, 2, 
30: 3, 0, 8, 0, 1, 5, 1, 0, 3, 1, 5, 0, 0, 0, 3, 0, 0, 1, 0, 0, : 3, 8, 1, 5, 1, 3, 1, 5, 3, 1, 
3: 1, 0, 2, 0, 0, 0, 0, 0, 1, 0, 2, 0, 0, 0, 3, 0, 0, 0, 0, 4, : 1, 2, 1, 2, 3, 4, 
4: 1, 0, 1, 1, 0, 0, 0, 1, 5, 0, 0, 1, 0, 0, 5, 0, 1, 0, 0, 0, : 1, 1, 1, 1, 5, 1, 5, 1, 
5: 0, 0, 0, 10, 0, 0, 1, 0, 1, 1, 0, 0, 0, 11, 0, 7, 0, 1, 0, 0, : 10, 1, 1, 1, 11, 7, 1, 
22: 0, 0, 0, 0, 3, 0, 0, 0, 0, 1, 5, 0, 0, 0, 0, 0, 0, 0, 3, 0, : 3, 1, 5, 3, 
16: 3, 0, 1, 0, 0, 0, 0, 0, 1, 2, 1, 1, 0, 0, 0, 0, 0, 0, 0, 0, : 3, 1, 1, 2, 1, 1, 
10: 0, 11, 0, 0, 0, 4, 0, 3, 4, 4, 0, 0, 2, 0, 0, 0, 0, 0, 6, 0, : 11, 4, 3, 4, 4, 2, 6, 
15: 0, 0, 1, 0, 0, 0, 0, 0, 0, 3, 0, 0, 0, 19, 1, 0, 1, 0, 0, 0, : 1, 3, 19, 1, 1, 
18: 1, 7, 0, 10, 0, 0, 0, 0, 1, 0, 1, 0, 0, 1, 1, 0, 0, 1, 3, 0, : 1, 7, 10, 1, 1, 1, 1, 1, 3, 
20: 0, 0, 1, 0, 0, 0, 1, 0, 0, 0, 0, 0, 0, 0, 1, 5, 1, 0, 7, 0, : 1, 1, 1, 5, 1, 7, 
8: 0, 0, 0, 2, 0, 0, 0, 1, 0, 1, 1, 0, 0, 1, 0, 0, 6, 0, 0, 11, : 2, 1, 1, 1, 1, 6, 11, 
26: 0, 0, 0, 1, 0, 2, 1, 4, 0, 0, 1, 0, 0, 0, 0, 0, 0, 8, 0, 0, : 1, 2, 1, 4, 1, 8, 
29: 0, 0, 2, 0, 1, 0, 1, 2, 2, 0, 0, 5, 0, 0, 0, 0, 1, 16, 4, 21, : 2, 1, 1, 2, 2, 5, 1, 16, 4, 21, 


