
40
300
40
10

175: 0, 0, 0, 9, 0, 0, 0, 0, 0, 0, 1, 0, 0, 0, 0, 0, 8, 0, 0, 0, 0, 0, 1, 0, 0, 0, 1, 1, 0, 0, 0, 0, 8, 5, 3, 0, 0, 0, 0, 3, : 9, 1, 8, 1, 1, 1, 8, 5, 3, 3, 
88: 1, 2, 0, 1, 2, 2, 5, 0, 0, 2, 0, 1, 0, 0, 0, 0, 0, 0, 5, 3, 0, 2, 0, 1, 0, 0, 1, 0, 0, 1, 0, 0, 0, 1, 5, 0, 0, 0, 0, 0, : 1, 2, 1, 2, 2, 5, 2, 1, 5, 3, 2, 1, 1, 1, 1, 5, 
59: 0, 0, 0, 0, 0, 1, 0, 0, 0, 0, 0, 0, 0, 1, 0, 0, 0, 0, 0, 0, 0, 5, 1, 1, 0, 0, 0, 0, 0, 0, 0, 1, 0, 0, 1, 0, 34, 0, 1, 0, : 1, 1, 5, 1, 1, 1, 1, 34, 1, 
209: 0, 0, 2, 1, 1, 0, 13, 3, 0, 0, 0, 3, 0, 1, 0, 0, 0, 0, 0, 0, 0, 0, 0, 0, 1, 4, 0, 0, 0, 1, 0, 0, 0, 0, 0, 0, 1, 0, 20, 10, : 2, 1, 1, 13, 3, 3, 1, 1, 4, 1, 1, 20, 10, 
112: 2, 0, 0, 0, 2, 0, 0, 0, 0, 2, 0, 1, 2, 0, 0, 0, 0, 0, 19, 0, 0, 0, 10, 0, 0, 0, 0, 0, 0, 1, 14, 2, 1, 2, 0, 1, 0, 28, 0, 0, : 2, 2, 2, 1, 2, 19, 10, 1, 14, 2, 1, 2, 1, 28, 
55: 6, 0, 0, 1, 0, 0, 0, 0, 0, 0, 0, 12, 2, 0, 0, 0, 2, 0, 0, 9, 0, 1, 0, 1, 1, 0, 0, 0, 0, 12, 3, 8, 0, 0, 6, 0, 0, 0, 1, 0, : 6, 1, 12, 2, 2, 9, 1, 1, 1, 12, 3, 8, 6, 1, 
161: 0, 0, 0, 1, 0, 0, 1, 3, 0, 0, 0, 1, 0, 4, 1, 1, 0, 0, 0, 0, 0, 0, 0, 1, 0, 0, 0, 1, 0, 0, 1, 1, 0, 0, 0, 0, 0, 0, 0, 0, : 1, 1, 3, 1, 4, 1, 1, 1, 1, 1, 1, 
76: 0, 11, 0, 1, 0, 0, 0, 0, 0, 4, 0, 3, 0, 2, 0, 0, 0, 0, 0, 0, 0, 3, 0, 0, 0, 0, 1, 0, 6, 0, 0, 1, 0, 1, 3, 0, 3, 2, 2, 0, : 11, 1, 4, 3, 2, 3, 1, 6, 1, 1, 3, 3, 2, 2, 
150: 4, 1, 2, 0, 2, 0, 0, 2, 0, 0, 0, 9, 0, 21, 0, 0, 3, 1, 0, 0, 0, 0, 0, 0, 0, 1, 12, 0, 0, 0, 0, 1, 0, 0, 0, 0, 0, 0, 0, 0, : 4, 1, 2, 2, 2, 9, 21, 3, 1, 1, 12, 1, 
255: 0, 1, 1, 1, 0, 1, 0, 6, 0, 0, 1, 0, 0, 1, 3, 0, 0, 0, 13, 0, 0, 1, 0, 0, 12, 0, 0, 0, 0, 0, 0, 0, 0, 9, 0, 0, 0, 0, 0, 0, : 1, 1, 1, 1, 6, 1, 1, 3, 13, 1, 12, 9, 
225: 0, 1, 0, 0, 0, 0, 0, 0, 0, 0, 0, 0, 0, 1, 0, 0, 4, 0, 1, 0, 0, 9, 0, 0, 1, 0, 0, 1, 0, 0, 0, 14, 0, 11, 1, 0, 0, 6, 1, 0, : 1, 1, 4, 1, 9, 1, 1, 14, 11, 1, 6, 1, 
98: 0, 2, 9, 0, 0, 22, 0, 0, 1, 0, 0, 0, 18, 0, 0, 0, 1, 0, 0, 0, 0, 0, 0, 7, 0, 4, 0, 1, 0, 0, 0, 2, 18, 0, 0, 6, 0, 0, 1, 1, : 2, 9, 22, 1, 18, 1, 7, 4, 1, 2, 18, 6, 1, 1, 
200: 0, 0, 0, 1, 0, 0, 0, 11, 15, 0, 0, 0, 0, 0, 1, 1, 1, 3, 0, 6, 0, 1, 0, 0, 1, 0, 2, 0, 0, 0, 5, 1, 0, 0, 0, 8, 0, 0, 0, 0, : 1, 11, 15, 1, 1, 1, 3, 6, 1, 1, 2, 5, 1, 8, 
293: 18, 0, 2, 2, 5, 0, 0, 0, 0, 0, 0, 0, 1, 0, 0, 5, 0, 0, 0, 0, 0, 0, 0, 6, 0, 4, 0, 0, 2, 1, 7, 1, 0, 0, 0, 7, 1, 0, 0, 1, : 18, 2, 2, 5, 1, 5, 6, 4, 2, 1, 7, 1, 7, 1, 1, 
10: 0, 0, 0, 0, 0, 0, 7, 8, 0, 1, 0, 0, 0, 0, 11, 0, 2, 0, 0, 0, 0, 2, 0, 1, 0, 0, 0, 0, 0, 0, 0, 0, 0, 0, 2, 0, 0, 0, 0, 0, : 7, 8, 1, 11, 2, 2, 1, 2, 
218: 0, 1, 2, 15, 0, 1, 0, 0, 1, 0, 8, 0, 0, 0, 1, 7, 0, 16, 0, 0, 7, 0, 0, 1, 1, 0, 0, 0, 0, 0, 1, 0, 0, 1, 0, 0, 0, 0, 0, 1, : 1, 2, 15, 1, 1, 8, 1, 7, 16, 7, 1, 1, 1, 1, 1, 
223: 0, 0, 0, 0, 4, 0, 1, 0, 0, 1, 28, 1, 2, 1, 12, 5, 0, 5, 0, 0, 0, 4, 0, 1, 0, 0, 0, 0, 0, 0, 0, 0, 0, 2, 0, 2, 0, 0, 0, 0, : 4, 1, 1, 28, 1, 2, 1, 12, 5, 5, 4, 1, 2, 2, 
106: 2, 0, 8, 0, 1, 1, 0, 1, 23, 0, 0, 1, 0, 0, 1, 3, 0, 1, 2, 0, 0, 1, 0, 0, 0, 4, 1, 0, 28, 0, 0, 0, 0, 1, 0, 0, 1, 0, 0, 0, : 2, 8, 1, 1, 1, 23, 1, 1, 3, 1, 2, 1, 4, 1, 28, 1, 1, 
148: 0, 0, 1, 0, 1, 4, 0, 0, 0, 6, 0, 1, 0, 4, 0, 0, 0, 0, 0, 0, 0, 0, 0, 1, 0, 0, 1, 0, 0, 0, 0, 0, 0, 0, 0, 1, 0, 0, 1, 0, : 1, 1, 4, 6, 1, 4, 1, 1, 1, 1, 
83: 2, 1, 1, 3, 0, 0, 4, 0, 0, 4, 0, 0, 2, 0, 0, 0, 1, 0, 0, 1, 0, 1, 1, 0, 0, 14, 0, 1, 0, 0, 0, 0, 0, 0, 0, 2, 0, 0, 0, 16, : 2, 1, 1, 3, 4, 4, 2, 1, 1, 1, 1, 14, 1, 2, 16, 
187: 0, 0, 0, 0, 0, 1, 0, 1, 0, 0, 0, 2, 2, 0, 0, 12, 0, 0, 0, 8, 15, 1, 0, 0, 1, 1, 2, 19, 0, 6, 1, 1, 0, 1, 0, 1, 0, 0, 0, 0, : 1, 1, 2, 2, 12, 8, 15, 1, 1, 1, 2, 19, 6, 1, 1, 1, 1, 
96: 0, 1, 0, 0, 5, 0, 5, 2, 0, 0, 0, 0, 0, 0, 0, 1, 6, 2, 0, 0, 0, 1, 0, 1, 0, 0, 1, 0, 3, 0, 0, 0, 0, 1, 0, 0, 0, 0, 0, 0, : 1, 5, 5, 2, 1, 6, 2, 1, 1, 1, 3, 1, 
79: 2, 1, 0, 0, 0, 6, 0, 0, 0, 0, 1, 0, 5, 1, 0, 0, 4, 0, 0, 0, 0, 1, 0, 1, 0, 3, 18, 8, 0, 1, 0, 0, 11, 0, 1, 3, 0, 3, 3, 0, : 2, 1, 6, 1, 5, 1, 4, 1, 1, 3, 18, 8, 1, 11, 1, 3, 3, 3, 
213: 0, 1, 1, 0, 0, 0, 2, 0, 0, 1, 1, 1, 2, 0, 6, 1, 5, 11, 0, 0, 0, 2, 1, 4, 3, 1, 0, 0, 0, 0, 1, 0, 0, 0, 1, 0, 0, 0, 5, 0, : 1, 1, 2, 1, 1, 1, 2, 6, 1, 5, 11, 2, 1, 4, 3, 1, 1, 1, 5, 
67: 0, 0, 11, 0, 9, 0, 0, 0, 0, 6, 0, 0, 0, 0, 1, 1, 0, 0, 0, 0, 0, 0, 23, 0, 0, 4, 0, 0, 0, 0, 0, 4, 0, 0, 5, 0, 0, 0, 0, 1, : 11, 9, 6, 1, 1, 23, 4, 4, 5, 1, 
122: 2, 2, 0, 1, 0, 1, 0, 0, 0, 0, 0, 0, 0, 1, 2, 0, 0, 0, 0, 0, 0, 1, 0, 4, 10, 0, 0, 1, 1, 0, 5, 0, 2, 5, 0, 0, 0, 0, 1, 1, : 2, 2, 1, 1, 1, 2, 1, 4, 10, 1, 1, 5, 2, 5, 1, 1, 
42: 0, 12, 0, 0, 0, 0, 1, 2, 0, 13, 0, 4, 1, 0, 1, 2, 0, 0, 0, 0, 0, 1, 2, 5, 9, 0, 0, 0, 0, 0, 1, 3, 0, 0, 0, 0, 0, 0, 3, 6, : 12, 1, 2, 13, 4, 1, 1, 2, 1, 2, 5, 9, 1, 3, 3, 6, 
217: 0, 1, 0, 0, 1, 0, 0, 0, 0, 0, 0, 0, 3, 0, 0, 0, 1, 0, 0, 13, 0, 0, 0, 3, 0, 0, 0, 0, 0, 14, 1, 0, 0, 0, 0, 8, 0, 0, 0, 0, : 1, 1, 3, 1, 13, 3, 14, 1, 8, 
168: 1, 2, 0, 2, 7, 0, 0, 1, 0, 0, 0, 0, 0, 0, 0, 1, 2, 1, 0, 0, 18, 3, 1, 0, 0, 0, 0, 0, 0, 0, 0, 0, 0, 0, 0, 1, 0, 0, 1, 0, : 1, 2, 2, 7, 1, 1, 2, 1, 18, 3, 1, 1, 1, 
237: 0, 0, 0, 1, 0, 0, 1, 0, 0, 0, 0, 0, 0, 2, 0, 0, 0, 0, 0, 0, 0, 0, 0, 1, 0, 0, 0, 7, 0, 3, 0, 0, 0, 0, 12, 0, 0, 1, 0, 0, : 1, 1, 2, 1, 7, 3, 12, 1, 


143: 0, 0, 0, 1, 1, 0, 1, 12, 0, 0, 0, 0, 10, 0, 0, 0, 0, 0, 0, 15, 1, 1, 0, 0, 0, 1, 0, 0, 0, 0, 0, 0, 3, 0, 1, 10, 0, 0, 14, 1, : 1, 1, 1, 12, 10, 15, 1, 1, 1, 3, 1, 10, 14, 1, 
215: 0, 0, 0, 0, 3, 0, 22, 0, 0, 0, 1, 0, 0, 0, 0, 3, 1, 1, 1, 1, 1, 0, 0, 4, 0, 0, 0, 0, 1, 0, 1, 0, 0, 0, 7, 0, 0, 2, 0, 0, : 3, 22, 1, 3, 1, 1, 1, 1, 1, 4, 1, 1, 7, 2, 
4: 0, 1, 10, 0, 0, 2, 0, 1, 0, 0, 5, 0, 0, 1, 18, 1, 0, 0, 0, 0, 0, 0, 0, 0, 0, 1, 1, 0, 0, 0, 1, 0, 4, 0, 1, 0, 0, 0, 9, 0, : 1, 10, 2, 1, 5, 1, 18, 1, 1, 1, 1, 4, 1, 9, 
177: 1, 1, 1, 0, 0, 1, 0, 0, 0, 34, 0, 1, 0, 15, 0, 1, 1, 0, 0, 1, 0, 3, 3, 0, 4, 1, 0, 0, 0, 7, 0, 0, 0, 4, 2, 0, 0, 0, 0, 0, : 1, 1, 1, 1, 34, 1, 15, 1, 1, 1, 3, 3, 4, 1, 7, 4, 2, 
248: 1, 0, 1, 0, 1, 1, 0, 0, 0, 0, 0, 0, 20, 0, 0, 0, 1, 0, 2, 3, 0, 6, 0, 3, 0, 0, 0, 12, 0, 0, 0, 20, 1, 1, 0, 1, 0, 0, 0, 0, : 1, 1, 1, 1, 20, 1, 2, 3, 6, 3, 12, 20, 1, 1, 1, 
252: 0, 0, 9, 0, 1, 5, 0, 0, 0, 0, 3, 0, 0, 0, 0, 0, 0, 0, 0, 0, 0, 0, 0, 0, 1, 12, 0, 0, 0, 0, 0, 0, 1, 0, 0, 4, 0, 6, 4, 1, : 9, 1, 5, 3, 1, 12, 1, 4, 6, 4, 1, 
50: 0, 2, 1, 0, 0, 0, 0, 2, 0, 3, 0, 0, 0, 0, 0, 0, 0, 0, 0, 0, 8, 0, 1, 2, 0, 1, 0, 0, 0, 0, 1, 3, 0, 6, 0, 4, 0, 1, 3, 0, : 2, 1, 2, 3, 8, 1, 2, 1, 1, 3, 6, 4, 1, 3, 
6: 0, 0, 2, 0, 6, 1, 0, 0, 0, 3, 5, 1, 1, 0, 5, 0, 2, 4, 0, 0, 6, 1, 0, 0, 0, 0, 0, 4, 0, 1, 1, 0, 0, 0, 1, 0, 0, 9, 1, 0, : 2, 6, 1, 3, 5, 1, 1, 5, 2, 4, 6, 1, 4, 1, 1, 1, 9, 1, 
249: 0, 8, 1, 0, 0, 0, 0, 0, 0, 0, 0, 1, 0, 0, 0, 0, 1, 0, 1, 0, 6, 7, 6, 0, 1, 1, 0, 6, 0, 0, 0, 0, 0, 1, 1, 0, 1, 1, 0, 0, : 8, 1, 1, 1, 1, 6, 7, 6, 1, 1, 6, 1, 1, 1, 1, 
69: 0, 0, 0, 1, 0, 3, 0, 0, 1, 0, 12, 0, 0, 0, 3, 0, 2, 0, 0, 0, 1, 1, 5, 0, 0, 1, 0, 0, 0, 0, 0, 0, 1, 19, 4, 7, 0, 0, 0, 0, : 1, 3, 1, 12, 3, 2, 1, 1, 5, 1, 1, 19, 4, 7, 
62: 0, 0, 0, 0, 0, 3, 0, 12, 6, 0, 0, 0, 0, 1, 0, 35, 8, 0, 1, 0, 0, 0, 4, 1, 2, 1, 0, 0, 10, 0, 0, 8, 1, 0, 0, 0, 5, 3, 0, 0, : 3, 12, 6, 1, 35, 8, 1, 4, 1, 2, 1, 10, 8, 1, 5, 3, 
269: 0, 0, 1, 0, 0, 0, 0, 0, 0, 0, 1, 0, 0, 0, 0, 0, 1, 28, 0, 0, 0, 0, 0, 1, 1, 0, 0, 0, 0, 1, 0, 4, 10, 1, 0, 0, 0, 2, 0, 0, : 1, 1, 1, 28, 1, 1, 1, 4, 10, 1, 2, 
289: 0, 1, 3, 0, 1, 1, 0, 0, 0, 0, 2, 7, 0, 0, 1, 0, 1, 0, 0, 0, 5, 1, 0, 2, 0, 1, 0, 0, 2, 0, 0, 0, 1, 0, 0, 0, 0, 0, 4, 1, : 1, 3, 1, 1, 2, 7, 1, 1, 5, 1, 2, 1, 2, 1, 4, 1, 
275: 2, 1, 1, 1, 1, 1, 0, 0, 0, 0, 0, 2, 0, 0, 0, 0, 1, 0, 1, 0, 6, 0, 11, 1, 2, 1, 0, 1, 0, 1, 2, 1, 0, 0, 0, 0, 2, 0, 0, 0, : 2, 1, 1, 1, 1, 1, 2, 1, 1, 6, 11, 1, 2, 1, 1, 1, 2, 1, 2, 
185: 0, 0, 1, 0, 0, 0, 0, 0, 0, 0, 0, 5, 0, 0, 0, 0, 0, 0, 5, 1, 0, 0, 0, 8, 2, 3, 0, 0, 0, 0, 0, 0, 1, 0, 1, 2, 0, 8, 0, 0, : 1, 5, 5, 1, 8, 2, 3, 1, 1, 2, 8, 
191: 33, 1, 0, 0, 0, 1, 0, 0, 0, 0, 0, 3, 1, 0, 5, 0, 0, 0, 1, 0, 1, 0, 0, 0, 0, 0, 0, 0, 0, 1, 2, 0, 2, 0, 15, 0, 1, 0, 0, 17, : 33, 1, 1, 3, 1, 5, 1, 1, 1, 2, 2, 15, 1, 17, 
145: 0, 0, 0, 14, 0, 5, 15, 2, 0, 0, 0, 0, 0, 0, 0, 0, 1, 1, 0, 0, 0, 12, 0, 8, 0, 6, 0, 0, 0, 0, 1, 1, 0, 0, 0, 4, 8, 0, 1, 0, : 14, 5, 15, 2, 1, 1, 12, 8, 6, 1, 1, 4, 8, 1, 
45: 0, 2, 0, 0, 0, 2, 0, 6, 1, 0, 2, 0, 0, 0, 0, 0, 0, 0, 0, 0, 0, 2, 1, 0, 1, 0, 2, 0, 5, 1, 0, 0, 4, 1, 1, 0, 0, 2, 0, 0, : 2, 2, 6, 1, 2, 2, 1, 1, 2, 5, 1, 4, 1, 1, 2, 
232: 0, 2, 7, 12, 0, 0, 1, 2, 1, 0, 0, 8, 1, 0, 0, 0, 5, 0, 0, 0, 0, 0, 0, 0, 0, 0, 0, 0, 5, 1, 1, 0, 1, 0, 1, 0, 0, 1, 1, 0, : 2, 7, 12, 1, 2, 1, 8, 1, 5, 5, 1, 1, 1, 1, 1, 1, 
137: 0, 1, 0, 1, 0, 0, 0, 0, 0, 0, 1, 1, 0, 6, 0, 0, 1, 0, 1, 0, 0, 0, 0, 0, 0, 0, 0, 0, 0, 13, 0, 0, 1, 3, 0, 1, 0, 0, 0, 0, : 1, 1, 1, 1, 6, 1, 1, 13, 1, 3, 1, 
264: 0, 1, 0, 0, 0, 3, 0, 0, 0, 0, 2, 0, 0, 0, 5, 0, 0, 5, 1, 0, 1, 0, 0, 1, 0, 1, 0, 0, 6, 4, 1, 0, 1, 1, 0, 2, 0, 1, 0, 0, : 1, 3, 2, 5, 5, 1, 1, 1, 1, 6, 4, 1, 1, 1, 2, 1, 
102: 0, 1, 0, 0, 0, 1, 0, 1, 0, 0, 3, 1, 0, 0, 0, 0, 1, 0, 3, 0, 2, 1, 7, 0, 0, 0, 0, 0, 0, 0, 1, 0, 1, 1, 1, 1, 11, 0, 0, 0, : 1, 1, 1, 3, 1, 1, 3, 2, 1, 7, 1, 1, 1, 1, 1, 11, 
57: 0, 1, 0, 0, 7, 3, 0, 0, 30, 0, 0, 0, 0, 0, 1, 0, 0, 0, 1, 10, 0, 2, 2, 0, 0, 0, 13, 0, 0, 0, 5, 0, 1, 0, 2, 0, 0, 0, 0, 7, : 1, 7, 3, 30, 1, 1, 10, 2, 2, 13, 5, 1, 2, 7, 
70: 0, 0, 0, 0, 0, 1, 1, 1, 0, 0, 1, 1, 0, 0, 0, 0, 0, 0, 0, 0, 0, 0, 0, 0, 0, 1, 15, 0, 11, 0, 4, 0, 1, 0, 1, 3, 0, 0, 0, 13, : 1, 1, 1, 1, 1, 1, 15, 11, 4, 1, 1, 3, 13, 
297: 2, 1, 1, 0, 0, 3, 0, 0, 1, 0, 0, 2, 0, 1, 0, 0, 1, 0, 0, 0, 0, 1, 0, 0, 20, 1, 3, 0, 0, 2, 13, 0, 1, 1, 0, 1, 0, 0, 0, 0, : 2, 1, 1, 3, 1, 2, 1, 1, 1, 20, 1, 3, 2, 13, 1, 1, 1, 
190: 0, 15, 0, 0, 0, 0, 0, 0, 0, 0, 0, 0, 0, 0, 0, 0, 9, 0, 1, 0, 0, 1, 0, 9, 0, 0, 0, 0, 0, 5, 0, 1, 1, 0, 0, 0, 11, 1, 0, 0, : 15, 9, 1, 1, 9, 5, 1, 1, 11, 1, 
33: 0, 0, 0, 0, 1, 1, 0, 0, 0, 0, 0, 0, 0, 0, 1, 0, 1, 1, 1, 0, 0, 1, 0, 0, 2, 0, 0, 13, 0, 1, 0, 0, 1, 0, 0, 0, 0, 0, 0, 0, : 1, 1, 1, 1, 1, 1, 1, 2, 13, 1, 1, 
172: 0, 0, 0, 0, 11, 0, 0, 1, 0, 0, 2, 7, 6, 0, 1, 0, 0, 0, 3, 0, 0, 0, 0, 0, 0, 3, 2, 4, 0, 0, 0, 2, 1, 1, 0, 0, 0, 3, 1, 0, : 11, 1, 2, 7, 6, 1, 3, 3, 2, 4, 2, 1, 1, 3, 1, 
23: 0, 0, 1, 0, 0, 1, 0, 0, 0, 0, 0, 0, 1, 16, 0, 0, 1, 0, 16, 9, 1, 0, 0, 0, 0, 4, 1, 0, 0, 0, 6, 0, 0, 0, 0, 0, 0, 0, 0, 0, : 1, 1, 1, 16, 1, 16, 9, 1, 4, 1, 6, 
160: 1, 1, 0, 10, 7, 1, 0, 0, 0, 0, 0, 0, 0, 0, 0, 0, 1, 0, 1, 0, 1, 0, 0, 0, 4, 0, 3, 0, 0, 2, 0, 0, 1, 0, 1, 0, 1, 0, 2, 0, : 1, 1, 10, 7, 1, 1, 1, 1, 4, 3, 2, 1, 1, 1, 2, 


37: 0, 0, 0, 0, 0, 0, 0, 0, 0, 0, 0, 1, 0, 0, 0, 2, 0, 4, 0, 0, 0, 1, 0, 0, 0, 0, 0, 0, 0, 17, 7, 1, 1, 0, 0, 1, 0, 0, 1, 0, : 1, 2, 4, 1, 17, 7, 1, 1, 1, 1, 
294: 1, 0, 0, 0, 0, 7, 0, 0, 0, 0, 0, 0, 4, 0, 0, 0, 0, 0, 0, 0, 0, 1, 1, 0, 0, 0, 0, 0, 4, 1, 0, 1, 1, 1, 0, 3, 1, 0, 0, 0, : 1, 7, 4, 1, 1, 4, 1, 1, 1, 1, 3, 1, 
32: 0, 0, 0, 18, 1, 1, 0, 0, 2, 0, 1, 0, 0, 0, 0, 3, 2, 0, 0, 0, 1, 1, 0, 0, 0, 8, 0, 0, 1, 0, 4, 0, 10, 0, 0, 3, 0, 0, 0, 0, : 18, 1, 1, 2, 1, 3, 2, 1, 1, 8, 1, 4, 10, 3, 
84: 0, 0, 0, 0, 0, 9, 0, 10, 0, 0, 0, 11, 0, 0, 0, 10, 0, 0, 0, 0, 0, 0, 0, 0, 0, 0, 0, 1, 0, 4, 0, 0, 1, 0, 1, 0, 1, 1, 14, 0, : 9, 10, 11, 10, 1, 4, 1, 1, 1, 1, 14, 
300: 1, 0, 0, 0, 0, 0, 0, 0, 0, 0, 0, 0, 0, 1, 0, 0, 1, 0, 0, 2, 0, 0, 0, 0, 0, 15, 0, 0, 0, 1, 0, 0, 0, 1, 0, 1, 0, 0, 0, 7, : 1, 1, 1, 2, 15, 1, 1, 1, 7, 
13: 1, 0, 0, 5, 0, 0, 0, 0, 0, 0, 0, 0, 0, 7, 0, 1, 0, 0, 0, 0, 1, 0, 0, 0, 0, 0, 0, 0, 0, 0, 0, 0, 0, 0, 0, 0, 0, 0, 4, 0, : 1, 5, 7, 1, 1, 4, 
180: 0, 0, 0, 0, 0, 2, 0, 1, 0, 0, 0, 0, 2, 0, 0, 2, 0, 0, 0, 0, 0, 0, 0, 0, 1, 0, 0, 0, 0, 0, 0, 0, 0, 0, 0, 17, 0, 1, 0, 1, : 2, 1, 2, 2, 1, 17, 1, 1, 
114: 0, 1, 21, 0, 0, 0, 0, 0, 0, 1, 0, 0, 0, 7, 0, 5, 0, 3, 0, 0, 1, 0, 0, 0, 0, 0, 0, 0, 21, 3, 0, 7, 2, 0, 0, 1, 0, 0, 0, 1, : 1, 21, 1, 7, 5, 3, 1, 21, 3, 7, 2, 1, 1, 
259: 1, 0, 0, 0, 0, 3, 0, 0, 0, 5, 0, 11, 0, 0, 0, 3, 0, 0, 1, 0, 0, 0, 0, 0, 0, 2, 0, 0, 0, 10, 0, 1, 1, 2, 18, 0, 1, 3, 0, 0, : 1, 3, 5, 11, 3, 1, 2, 10, 1, 1, 2, 18, 1, 3, 
279: 0, 0, 0, 0, 0, 0, 0, 0, 0, 0, 1, 0, 0, 0, 0, 1, 10, 1, 0, 0, 1, 0, 4, 2, 0, 0, 0, 0, 3, 0, 0, 7, 0, 0, 1, 1, 0, 5, 1, 3, : 1, 1, 10, 1, 1, 4, 2, 3, 7, 1, 1, 5, 1, 3, 
270: 0, 2, 10, 0, 1, 0, 0, 0, 1, 0, 0, 0, 13, 0, 0, 0, 0, 3, 0, 0, 13, 0, 0, 0, 0, 0, 0, 0, 0, 1, 0, 0, 0, 0, 0, 0, 3, 0, 4, 0, : 2, 10, 1, 1, 13, 3, 13, 1, 3, 4, 
118: 0, 0, 0, 0, 0, 0, 0, 0, 0, 7, 0, 0, 5, 0, 0, 1, 1, 2, 6, 0, 0, 18, 0, 0, 0, 0, 0, 0, 0, 1, 0, 0, 0, 0, 2, 0, 0, 1, 0, 0, : 7, 5, 1, 1, 2, 6, 18, 1, 2, 1, 
77: 0, 0, 0, 0, 0, 3, 0, 0, 1, 0, 1, 0, 0, 0, 9, 0, 1, 3, 0, 0, 0, 0, 0, 0, 1, 0, 0, 0, 0, 0, 1, 1, 0, 0, 0, 0, 0, 0, 0, 0, : 3, 1, 1, 9, 1, 3, 1, 1, 1, 
182: 0, 2, 0, 1, 1, 1, 0, 0, 0, 0, 18, 0, 2, 2, 0, 1, 0, 0, 0, 0, 1, 1, 0, 0, 0, 0, 0, 4, 0, 0, 0, 1, 1, 7, 1, 0, 0, 1, 0, 0, : 2, 1, 1, 1, 18, 2, 2, 1, 1, 1, 4, 1, 1, 7, 1, 1, 
195: 7, 0, 0, 0, 0, 0, 0, 1, 1, 0, 0, 0, 0, 0, 10, 0, 0, 0, 0, 0, 0, 0, 0, 1, 0, 4, 0, 0, 0, 0, 0, 1, 3, 0, 0, 0, 4, 0, 0, 0, : 7, 1, 1, 10, 1, 4, 1, 3, 4, 
129: 0, 0, 0, 0, 0, 3, 0, 0, 7, 0, 1, 0, 1, 0, 0, 0, 10, 0, 0, 3, 0, 1, 0, 0, 0, 0, 0, 0, 0, 0, 3, 0, 0, 0, 0, 1, 0, 0, 1, 0, : 3, 7, 1, 1, 10, 3, 1, 3, 1, 1, 
221: 2, 1, 0, 1, 0, 0, 0, 0, 1, 0, 0, 0, 1, 0, 0, 2, 0, 0, 0, 0, 3, 3, 0, 0, 0, 0, 0, 0, 0, 0, 0, 1, 1, 0, 0, 0, 0, 1, 1, 1, : 2, 1, 1, 1, 1, 2, 3, 3, 1, 1, 1, 1, 1, 
30: 0, 4, 0, 0, 24, 0, 0, 0, 1, 0, 1, 0, 0, 3, 0, 0, 0, 0, 0, 0, 0, 0, 0, 0, 1, 8, 0, 0, 0, 0, 0, 0, 1, 1, 1, 1, 0, 0, 1, 1, : 4, 24, 1, 1, 3, 1, 8, 1, 1, 1, 1, 1, 1, 
176: 0, 0, 0, 0, 3, 0, 0, 27, 0, 0, 2, 2, 0, 0, 0, 0, 2, 0, 4, 0, 0, 1, 0, 12, 24, 0, 0, 0, 0, 0, 0, 0, 0, 0, 3, 3, 0, 0, 0, 15, : 3, 27, 2, 2, 2, 4, 1, 12, 24, 3, 3, 15, 
281: 3, 15, 6, 0, 0, 1, 0, 0, 9, 0, 0, 0, 1, 0, 0, 1, 8, 8, 0, 4, 0, 0, 0, 0, 0, 0, 0, 0, 0, 0, 0, 1, 0, 1, 0, 0, 0, 0, 0, 0, : 3, 15, 6, 1, 9, 1, 1, 8, 8, 4, 1, 1, 
242: 0, 0, 0, 0, 5, 3, 14, 1, 0, 0, 0, 0, 0, 0, 0, 2, 0, 0, 3, 0, 0, 0, 0, 0, 0, 0, 0, 18, 11, 0, 0, 1, 1, 0, 0, 0, 0, 2, 0, 6, : 5, 3, 14, 1, 2, 3, 18, 11, 1, 1, 2, 6, 
73: 14, 0, 0, 9, 1, 6, 0, 0, 0, 0, 0, 0, 0, 1, 0, 0, 1, 4, 0, 0, 0, 0, 0, 0, 0, 0, 12, 0, 0, 0, 0, 0, 1, 4, 6, 0, 0, 4, 0, 0, : 14, 9, 1, 6, 1, 1, 4, 12, 1, 4, 6, 4, 
66: 8, 3, 0, 1, 0, 0, 0, 0, 0, 0, 0, 0, 2, 3, 2, 0, 0, 3, 0, 0, 18, 0, 0, 7, 0, 0, 3, 0, 0, 0, 0, 0, 1, 10, 0, 2, 0, 0, 1, 0, : 8, 3, 1, 2, 3, 2, 3, 18, 7, 3, 1, 10, 2, 1, 
136: 0, 0, 0, 3, 1, 0, 0, 0, 9, 0, 0, 0, 0, 0, 0, 0, 1, 1, 5, 0, 0, 11, 6, 0, 0, 0, 0, 0, 0, 0, 0, 11, 9, 7, 0, 1, 0, 7, 0, 3, : 3, 1, 9, 1, 1, 5, 11, 6, 11, 9, 7, 1, 7, 3, 
49: 0, 1, 1, 0, 2, 0, 0, 0, 3, 4, 0, 0, 0, 0, 1, 1, 0, 1, 14, 0, 0, 0, 5, 0, 0, 0, 0, 0, 0, 0, 0, 0, 1, 3, 1, 0, 30, 2, 1, 0, : 1, 1, 2, 3, 4, 1, 1, 1, 14, 5, 1, 3, 1, 30, 2, 1, 
254: 0, 7, 0, 0, 0, 0, 0, 0, 0, 0, 0, 15, 0, 0, 0, 1, 2, 0, 0, 4, 0, 0, 0, 18, 0, 2, 3, 2, 0, 0, 0, 0, 1, 1, 0, 4, 0, 8, 0, 0, : 7, 15, 1, 2, 4, 18, 2, 3, 2, 1, 1, 4, 8, 
81: 0, 2, 1, 0, 0, 1, 26, 0, 4, 0, 1, 0, 0, 0, 13, 0, 0, 0, 0, 26, 0, 0, 0, 0, 0, 1, 0, 0, 0, 0, 0, 5, 0, 1, 0, 1, 0, 0, 0, 0, : 2, 1, 1, 26, 4, 1, 13, 26, 1, 5, 1, 1, 
265: 1, 1, 0, 0, 0, 0, 0, 0, 1, 0, 0, 0, 0, 0, 4, 2, 0, 6, 0, 1, 0, 2, 10, 0, 2, 0, 0, 0, 0, 1, 1, 1, 0, 0, 0, 0, 0, 0, 1, 1, : 1, 1, 1, 4, 2, 6, 1, 2, 10, 2, 1, 1, 1, 1, 1, 
286: 1, 0, 0, 0, 0, 0, 0, 0, 0, 23, 14, 0, 0, 16, 1, 1, 0, 0, 1, 0, 1, 0, 0, 0, 11, 0, 22, 13, 0, 1, 24, 0, 0, 1, 1, 0, 0, 0, 10, 0, : 1, 23, 14, 16, 1, 1, 1, 1, 11, 22, 13, 1, 24, 1, 1, 10, 
181: 0, 1, 1, 2, 1, 0, 0, 0, 0, 0, 0, 0, 9, 0, 0, 1, 1, 1, 6, 0, 0, 0, 14, 0, 0, 0, 0, 2, 0, 0, 0, 0, 4, 0, 5, 0, 0, 4, 0, 1, : 1, 1, 2, 1, 9, 1, 1, 1, 6, 14, 2, 4, 5, 4, 1, 


117: 1, 1, 11, 0, 0, 0, 0, 0, 1, 0, 0, 0, 0, 0, 0, 1, 0, 0, 0, 0, 1, 4, 0, 1, 0, 2, 0, 0, 0, 0, 2, 0, 0, 0, 0, 0, 0, 0, 0, 0, : 1, 1, 11, 1, 1, 1, 4, 1, 2, 2, 
212: 4, 0, 0, 3, 0, 21, 0, 7, 0, 6, 2, 2, 1, 16, 1, 0, 0, 0, 0, 1, 1, 0, 2, 0, 2, 1, 0, 0, 4, 3, 0, 0, 7, 0, 0, 0, 0, 1, 1, 3, : 4, 3, 21, 7, 6, 2, 2, 1, 16, 1, 1, 1, 2, 2, 1, 4, 3, 7, 1, 1, 3, 
227: 0, 0, 7, 0, 16, 0, 0, 7, 1, 0, 0, 1, 0, 0, 7, 5, 0, 0, 4, 6, 0, 0, 0, 0, 5, 0, 1, 0, 0, 0, 9, 3, 4, 0, 0, 0, 0, 0, 0, 0, : 7, 16, 7, 1, 1, 7, 5, 4, 6, 5, 1, 9, 3, 4, 
229: 1, 1, 2, 1, 1, 0, 1, 0, 0, 0, 0, 0, 2, 0, 0, 0, 0, 0, 0, 1, 1, 1, 0, 2, 0, 2, 0, 1, 0, 0, 0, 0, 0, 25, 0, 0, 0, 2, 1, 2, : 1, 1, 2, 1, 1, 1, 2, 1, 1, 1, 2, 2, 1, 25, 2, 1, 2, 
239: 0, 1, 0, 12, 0, 0, 0, 0, 0, 1, 0, 2, 0, 0, 2, 2, 0, 0, 2, 2, 0, 0, 0, 0, 5, 1, 4, 0, 1, 0, 0, 7, 1, 0, 0, 18, 1, 0, 3, 0, : 1, 12, 1, 2, 2, 2, 2, 2, 5, 1, 4, 1, 7, 1, 18, 1, 3, 
124: 0, 0, 3, 2, 0, 0, 3, 0, 0, 0, 0, 0, 0, 0, 1, 2, 0, 0, 0, 1, 1, 0, 8, 0, 0, 0, 0, 1, 0, 0, 3, 2, 4, 0, 0, 1, 0, 4, 0, 8, : 3, 2, 3, 1, 2, 1, 1, 8, 1, 3, 2, 4, 1, 4, 8, 
7: 0, 0, 3, 0, 0, 0, 0, 0, 1, 0, 0, 0, 0, 0, 0, 0, 1, 0, 0, 0, 1, 0, 1, 1, 2, 12, 6, 7, 0, 0, 0, 0, 1, 0, 0, 0, 0, 0, 0, 0, : 3, 1, 1, 1, 1, 1, 2, 12, 6, 7, 1, 
260: 0, 4, 2, 0, 0, 1, 1, 0, 0, 1, 0, 0, 2, 0, 0, 1, 0, 0, 1, 2, 1, 3, 4, 1, 0, 2, 0, 12, 0, 1, 1, 0, 1, 0, 0, 0, 0, 0, 1, 0, : 4, 2, 1, 1, 1, 2, 1, 1, 2, 1, 3, 4, 1, 2, 12, 1, 1, 1, 1, 
12: 0, 0, 0, 1, 0, 0, 1, 0, 0, 0, 1, 0, 1, 0, 0, 0, 0, 15, 9, 0, 1, 0, 0, 0, 0, 1, 1, 0, 0, 0, 1, 0, 9, 14, 0, 0, 1, 0, 0, 1, : 1, 1, 1, 1, 15, 9, 1, 1, 1, 1, 9, 14, 1, 1, 
107: 0, 0, 1, 0, 0, 0, 0, 0, 0, 0, 0, 0, 3, 0, 0, 0, 0, 0, 0, 0, 4, 0, 0, 2, 0, 0, 1, 0, 1, 0, 1, 1, 0, 0, 0, 1, 0, 0, 1, 2, : 1, 3, 4, 2, 1, 1, 1, 1, 1, 1, 2, 
253: 9, 1, 0, 0, 0, 0, 0, 0, 0, 0, 5, 1, 0, 0, 0, 1, 0, 0, 3, 0, 0, 0, 0, 0, 1, 1, 1, 0, 2, 1, 0, 0, 1, 0, 0, 0, 0, 0, 4, 1, : 9, 1, 5, 1, 1, 3, 1, 1, 1, 2, 1, 1, 4, 1, 
165: 0, 3, 0, 0, 0, 0, 0, 0, 11, 0, 0, 1, 0, 0, 0, 1, 6, 0, 0, 1, 3, 1, 0, 2, 1, 1, 5, 0, 0, 0, 0, 0, 0, 0, 1, 0, 0, 1, 3, 0, : 3, 11, 1, 1, 6, 1, 3, 1, 2, 1, 1, 5, 1, 1, 3, 
74: 0, 3, 0, 0, 0, 0, 1, 0, 4, 0, 0, 0, 0, 1, 4, 1, 1, 4, 1, 0, 0, 0, 2, 0, 0, 0, 1, 0, 0, 0, 3, 0, 6, 0, 5, 0, 0, 1, 0, 6, : 3, 1, 4, 1, 4, 1, 1, 4, 1, 2, 1, 3, 6, 5, 1, 6, 
220: 0, 0, 0, 0, 0, 0, 3, 0, 0, 0, 13, 1, 0, 3, 0, 0, 0, 0, 1, 0, 0, 0, 0, 0, 1, 1, 2, 0, 0, 0, 0, 0, 0, 0, 0, 0, 0, 0, 0, 0, : 3, 13, 1, 3, 1, 1, 1, 2, 
159: 0, 2, 0, 5, 0, 0, 0, 0, 2, 0, 0, 0, 0, 0, 0, 1, 0, 0, 0, 0, 1, 1, 0, 0, 1, 0, 8, 0, 0, 9, 0, 0, 0, 0, 11, 0, 0, 15, 0, 0, : 2, 5, 2, 1, 1, 1, 1, 8, 9, 11, 15, 
230: 9, 2, 0, 0, 0, 1, 0, 0, 0, 0, 1, 1, 7, 1, 10, 1, 0, 0, 0, 0, 0, 0, 0, 0, 3, 6, 1, 1, 0, 0, 0, 0, 0, 0, 0, 3, 29, 1, 1, 1, : 9, 2, 1, 1, 1, 7, 1, 10, 1, 3, 6, 1, 1, 3, 29, 1, 1, 1, 
95: 0, 0, 0, 0, 0, 6, 0, 26, 0, 0, 2, 3, 0, 1, 4, 1, 0, 0, 0, 0, 1, 5, 0, 0, 0, 1, 1, 6, 13, 0, 1, 0, 0, 1, 0, 0, 0, 0, 13, 7, : 6, 26, 2, 3, 1, 4, 1, 1, 5, 1, 1, 6, 13, 1, 1, 13, 7, 
34: 0, 0, 0, 0, 23, 1, 0, 0, 11, 16, 0, 0, 2, 0, 1, 8, 0, 1, 0, 0, 0, 1, 0, 1, 3, 0, 0, 0, 6, 0, 0, 0, 0, 0, 1, 0, 0, 0, 0, 0, : 23, 1, 11, 16, 2, 1, 8, 1, 1, 1, 3, 6, 1, 
1: 0, 0, 1, 0, 0, 1, 6, 0, 0, 0, 0, 1, 0, 0, 0, 1, 1, 0, 0, 1, 0, 22, 2, 0, 1, 0, 2, 0, 0, 0, 1, 0, 0, 0, 0, 12, 0, 0, 1, 0, : 1, 1, 6, 1, 1, 1, 1, 22, 2, 1, 2, 1, 12, 1, 
211: 3, 0, 5, 0, 0, 0, 13, 0, 3, 0, 0, 5, 2, 0, 1, 1, 0, 19, 1, 15, 1, 0, 1, 22, 1, 1, 0, 0, 2, 0, 0, 1, 0, 0, 0, 0, 0, 2, 2, 0, : 3, 5, 13, 3, 5, 2, 1, 1, 19, 1, 15, 1, 1, 22, 1, 1, 2, 1, 2, 2, 
280: 0, 0, 4, 3, 0, 0, 1, 0, 0, 0, 9, 13, 0, 14, 2, 0, 0, 0, 0, 0, 0, 0, 0, 3, 2, 0, 0, 1, 6, 0, 0, 1, 0, 0, 0, 0, 0, 1, 2, 5, : 4, 3, 1, 9, 13, 14, 2, 3, 2, 1, 6, 1, 1, 2, 5, 
156: 1, 0, 1, 0, 0, 0, 1, 0, 0, 13, 0, 4, 0, 0, 0, 1, 0, 0, 1, 3, 0, 0, 1, 2, 0, 1, 1, 1, 0, 1, 0, 0, 0, 0, 0, 0, 0, 1, 0, 0, : 1, 1, 1, 13, 4, 1, 1, 3, 1, 2, 1, 1, 1, 1, 1, 
234: 0, 1, 0, 11, 0, 0, 0, 0, 1, 2, 0, 0, 0, 2, 0, 0, 0, 0, 1, 0, 1, 0, 1, 2, 0, 0, 1, 0, 0, 4, 0, 0, 0, 0, 0, 0, 0, 0, 4, 2, : 1, 11, 1, 2, 2, 1, 1, 1, 2, 1, 4, 4, 2, 
203: 0, 0, 0, 0, 0, 0, 5, 0, 0, 1, 1, 0, 3, 0, 0, 1, 0, 0, 1, 1, 1, 0, 0, 0, 2, 0, 1, 0, 0, 1, 5, 10, 0, 0, 0, 0, 2, 0, 0, 0, : 5, 1, 1, 3, 1, 1, 1, 1, 2, 1, 1, 5, 10, 2, 
38: 0, 11, 0, 0, 0, 0, 1, 0, 1, 0, 1, 0, 16, 0, 0, 2, 14, 0, 0, 0, 1, 2, 0, 0, 1, 5, 0, 1, 4, 0, 1, 1, 0, 0, 0, 0, 0, 0, 0, 1, : 11, 1, 1, 1, 16, 2, 14, 1, 2, 1, 5, 1, 4, 1, 1, 1, 
240: 0, 10, 0, 0, 0, 9, 2, 0, 0, 0, 0, 0, 0, 0, 1, 1, 0, 0, 0, 1, 0, 0, 6, 0, 1, 0, 1, 8, 0, 0, 3, 2, 1, 0, 0, 0, 0, 1, 0, 0, : 10, 9, 2, 1, 1, 1, 6, 1, 1, 8, 3, 2, 1, 1, 
222: 12, 0, 0, 0, 0, 0, 1, 0, 2, 0, 0, 5, 1, 0, 0, 0, 12, 1, 1, 0, 6, 0, 1, 0, 1, 0, 1, 0, 1, 3, 1, 1, 5, 0, 19, 0, 0, 1, 1, 0, : 12, 1, 2, 5, 1, 12, 1, 1, 6, 1, 1, 1, 1, 3, 1, 1, 5, 19, 1, 1, 
192: 0, 0, 0, 0, 0, 0, 0, 0, 1, 0, 4, 0, 0, 1, 6, 8, 5, 0, 1, 3, 1, 0, 0, 0, 2, 1, 0, 1, 0, 0, 1, 11, 0, 0, 0, 5, 0, 8, 0, 0, : 1, 4, 1, 6, 8, 5, 1, 3, 1, 2, 1, 1, 1, 11, 5, 8, 
132: 0, 0, 0, 1, 0, 0, 0, 0, 0, 0, 1, 0, 0, 1, 0, 0, 0, 0, 1, 1, 12, 0, 2, 0, 3, 0, 1, 0, 0, 17, 1, 0, 0, 0, 1, 0, 1, 1, 1, 1, : 1, 1, 1, 1, 1, 12, 2, 3, 1, 17, 1, 1, 1, 1, 1, 1, 
283: 0, 0, 0, 1, 0, 0, 0, 0, 1, 0, 0, 0, 0, 0, 0, 0, 0, 0, 12, 1, 1, 0, 9, 1, 2, 1, 0, 0, 0, 0, 6, 0, 0, 0, 2, 0, 6, 0, 1, 0, : 1, 1, 12, 1, 1, 9, 1, 2, 1, 6, 2, 6, 1, 


44: 0, 0, 1, 0, 0, 0, 0, 0, 7, 0, 0, 0, 4, 0, 0, 0, 1, 0, 0, 0, 4, 1, 1, 0, 0, 0, 8, 0, 0, 0, 0, 0, 0, 0, 6, 0, 0, 0, 0, 5, : 1, 7, 4, 1, 4, 1, 1, 8, 6, 5, 
208: 0, 1, 0, 0, 0, 2, 1, 2, 0, 0, 0, 0, 0, 0, 0, 1, 0, 14, 0, 0, 0, 2, 0, 0, 0, 0, 2, 0, 0, 1, 2, 0, 0, 0, 1, 0, 1, 0, 2, 5, : 1, 2, 1, 2, 1, 14, 2, 2, 1, 2, 1, 1, 2, 5, 
158: 0, 0, 0, 16, 0, 0, 0, 0, 0, 0, 0, 0, 0, 0, 0, 0, 4, 0, 9, 1, 0, 1, 0, 0, 0, 0, 0, 0, 1, 0, 0, 1, 0, 2, 0, 0, 1, 0, 0, 0, : 16, 4, 9, 1, 1, 1, 1, 2, 1, 
22: 13, 16, 0, 0, 0, 0, 0, 0, 0, 2, 0, 0, 4, 0, 0, 0, 0, 0, 0, 0, 0, 3, 0, 0, 1, 9, 1, 0, 2, 4, 1, 0, 0, 0, 0, 2, 0, 0, 0, 0, : 13, 16, 2, 4, 3, 1, 9, 1, 2, 4, 1, 2, 
90: 0, 3, 0, 0, 0, 0, 0, 0, 0, 1, 0, 7, 0, 0, 1, 0, 0, 2, 0, 0, 0, 0, 0, 0, 1, 0, 0, 0, 16, 0, 1, 1, 0, 0, 0, 5, 0, 0, 2, 0, : 3, 1, 7, 1, 2, 1, 16, 1, 1, 5, 2, 
206: 0, 0, 0, 0, 0, 0, 0, 0, 0, 1, 1, 1, 0, 0, 0, 1, 0, 0, 0, 0, 1, 0, 3, 0, 0, 1, 7, 0, 0, 0, 0, 0, 2, 0, 0, 11, 1, 0, 1, 10, : 1, 1, 1, 1, 1, 3, 1, 7, 2, 11, 1, 1, 10, 
189: 0, 0, 1, 0, 20, 0, 0, 0, 0, 0, 6, 17, 3, 0, 3, 1, 1, 0, 0, 0, 0, 1, 0, 0, 0, 0, 0, 0, 0, 0, 0, 0, 0, 2, 1, 0, 0, 0, 0, 0, : 1, 20, 6, 17, 3, 3, 1, 1, 1, 2, 1, 
210: 10, 3, 0, 0, 0, 0, 0, 0, 0, 0, 0, 1, 0, 0, 0, 0, 0, 0, 0, 0, 0, 0, 1, 18, 11, 0, 0, 0, 0, 7, 1, 0, 0, 0, 1, 0, 1, 1, 6, 1, : 10, 3, 1, 1, 18, 11, 7, 1, 1, 1, 1, 6, 1, 
5: 0, 0, 0, 0, 0, 0, 0, 0, 17, 0, 1, 1, 0, 0, 14, 0, 0, 0, 0, 3, 0, 1, 2, 0, 0, 0, 0, 0, 0, 3, 2, 0, 0, 6, 4, 0, 0, 10, 4, 0, : 17, 1, 1, 14, 3, 1, 2, 3, 2, 6, 4, 10, 4, 
207: 0, 0, 5, 0, 0, 0, 0, 0, 0, 0, 0, 4, 9, 13, 1, 1, 0, 0, 0, 1, 0, 2, 3, 0, 0, 0, 1, 2, 0, 8, 1, 0, 0, 4, 0, 1, 0, 1, 4, 0, : 5, 4, 9, 13, 1, 1, 1, 2, 3, 1, 2, 8, 1, 4, 1, 1, 4, 
51: 0, 1, 8, 11, 0, 1, 0, 8, 0, 0, 0, 0, 1, 8, 5, 0, 0, 0, 0, 0, 0, 1, 0, 0, 13, 0, 1, 0, 0, 2, 1, 7, 10, 10, 0, 0, 0, 0, 4, 1, : 1, 8, 11, 1, 8, 1, 8, 5, 1, 13, 1, 2, 1, 7, 10, 10, 4, 1, 
276: 5, 0, 0, 0, 0, 1, 0, 1, 0, 5, 2, 0, 0, 12, 0, 0, 0, 0, 0, 0, 0, 0, 0, 0, 0, 0, 5, 0, 1, 0, 18, 1, 0, 0, 0, 1, 0, 0, 0, 0, : 5, 1, 1, 5, 2, 12, 5, 1, 18, 1, 1, 
272: 1, 0, 0, 0, 0, 0, 0, 0, 0, 1, 0, 0, 0, 1, 0, 0, 2, 1, 0, 4, 2, 0, 0, 0, 1, 0, 1, 0, 0, 0, 0, 4, 0, 0, 1, 0, 1, 0, 0, 0, : 1, 1, 1, 2, 1, 4, 2, 1, 1, 4, 1, 1, 
202: 0, 0, 0, 8, 12, 1, 0, 0, 1, 0, 0, 0, 1, 1, 0, 0, 0, 0, 1, 1, 0, 1, 0, 0, 0, 0, 0, 0, 0, 4, 1, 1, 0, 0, 5, 1, 7, 1, 0, 1, : 8, 12, 1, 1, 1, 1, 1, 1, 1, 4, 1, 1, 5, 1, 7, 1, 1, 
291: 0, 0, 0, 1, 1, 0, 0, 0, 0, 0, 0, 1, 1, 1, 1, 1, 0, 2, 0, 0, 0, 1, 0, 1, 1, 0, 0, 22, 0, 0, 0, 0, 0, 0, 1, 0, 8, 0, 0, 1, : 1, 1, 1, 1, 1, 1, 1, 2, 1, 1, 1, 22, 1, 8, 1, 
52: 0, 0, 13, 0, 0, 0, 0, 0, 0, 0, 5, 0, 0, 1, 4, 3, 2, 0, 0, 2, 0, 0, 0, 0, 0, 1, 0, 0, 1, 1, 0, 0, 0, 0, 4, 1, 0, 0, 1, 0, : 13, 5, 1, 4, 3, 2, 2, 1, 1, 1, 4, 1, 1, 
131: 0, 0, 0, 1, 0, 0, 0, 0, 0, 2, 0, 0, 6, 0, 0, 0, 13, 0, 0, 0, 0, 3, 0, 0, 1, 0, 0, 0, 9, 1, 0, 0, 0, 1, 1, 1, 2, 0, 1, 9, : 1, 2, 6, 13, 3, 1, 9, 1, 1, 1, 1, 2, 1, 9, 
235: 0, 0, 1, 0, 0, 0, 31, 0, 2, 2, 0, 0, 0, 0, 4, 0, 1, 0, 0, 8, 2, 0, 0, 0, 0, 0, 1, 1, 0, 0, 2, 0, 1, 0, 0, 0, 0, 23, 0, 0, : 1, 31, 2, 2, 4, 1, 8, 2, 1, 1, 2, 1, 23, 
26: 3, 0, 0, 0, 0, 30, 0, 0, 0, 1, 0, 0, 1, 1, 0, 0, 11, 0, 0, 1, 9, 0, 0, 0, 1, 0, 0, 0, 0, 2, 2, 0, 0, 0, 1, 0, 0, 1, 2, 0, : 3, 30, 1, 1, 1, 11, 1, 9, 1, 2, 2, 1, 1, 2, 
47: 0, 0, 8, 0, 0, 3, 6, 8, 0, 0, 0, 6, 1, 0, 0, 0, 0, 0, 0, 0, 0, 1, 0, 0, 0, 0, 0, 0, 2, 1, 0, 0, 2, 0, 1, 4, 0, 1, 1, 0, : 8, 3, 6, 8, 6, 1, 1, 2, 1, 2, 1, 4, 1, 1, 
256: 0, 15, 0, 0, 0, 0, 0, 0, 3, 1, 16, 1, 0, 0, 0, 0, 0, 0, 0, 1, 0, 2, 1, 0, 0, 0, 0, 0, 5, 0, 1, 0, 0, 1, 1, 0, 0, 1, 3, 0, : 15, 3, 1, 16, 1, 1, 2, 1, 5, 1, 1, 1, 1, 3, 
101: 0, 0, 0, 0, 0, 0, 1, 1, 0, 1, 0, 0, 0, 0, 1, 0, 0, 19, 0, 0, 0, 1, 22, 0, 0, 17, 2, 0, 0, 0, 0, 0, 2, 0, 1, 1, 0, 0, 0, 1, : 1, 1, 1, 1, 19, 1, 22, 17, 2, 2, 1, 1, 1, 
27: 0, 0, 0, 0, 0, 0, 0, 0, 0, 2, 0, 0, 0, 0, 0, 0, 0, 0, 0, 0, 1, 0, 1, 0, 2, 0, 1, 0, 0, 0, 0, 17, 0, 0, 0, 0, 0, 0, 7, 1, : 2, 1, 1, 2, 1, 17, 7, 1, 
166: 0, 0, 0, 3, 0, 2, 0, 4, 0, 0, 6, 1, 4, 0, 0, 0, 0, 1, 2, 1, 1, 1, 0, 0, 0, 0, 0, 1, 0, 3, 0, 0, 0, 0, 0, 0, 0, 0, 0, 0, : 3, 2, 4, 6, 1, 4, 1, 2, 1, 1, 1, 1, 3, 
183: 0, 0, 0, 0, 1, 0, 0, 0, 3, 6, 0, 0, 1, 0, 0, 1, 0, 0, 0, 5, 17, 0, 4, 0, 5, 0, 4, 1, 1, 0, 4, 0, 0, 1, 9, 2, 0, 0, 0, 1, : 1, 3, 6, 1, 1, 5, 17, 4, 5, 4, 1, 1, 4, 1, 9, 2, 1, 
128: 0, 1, 0, 0, 1, 0, 0, 16, 7, 8, 0, 0, 0, 2, 0, 0, 1, 0, 0, 0, 0, 2, 0, 0, 0, 11, 0, 0, 1, 1, 0, 0, 1, 9, 1, 0, 0, 0, 0, 1, : 1, 1, 16, 7, 8, 2, 1, 2, 11, 1, 1, 1, 9, 1, 1, 
72: 2, 0, 0, 0, 0, 0, 0, 0, 0, 0, 0, 0, 1, 0, 0, 20, 4, 0, 28, 0, 1, 0, 1, 19, 1, 0, 0, 0, 0, 1, 3, 1, 0, 0, 0, 1, 0, 1, 1, 0, : 2, 1, 20, 4, 28, 1, 1, 19, 1, 1, 3, 1, 1, 1, 1, 
194: 6, 0, 0, 0, 0, 0, 0, 0, 0, 5, 1, 0, 0, 0, 1, 11, 0, 1, 0, 0, 0, 4, 1, 2, 0, 1, 0, 0, 1, 0, 0, 0, 1, 0, 0, 4, 10, 0, 1, 0, : 6, 5, 1, 1, 11, 1, 4, 1, 2, 1, 1, 1, 4, 10, 1, 
109: 0, 0, 2, 0, 0, 0, 1, 0, 0, 2, 1, 0, 3, 0, 3, 0, 0, 0, 0, 0, 0, 12, 0, 0, 1, 0, 0, 13, 0, 0, 0, 6, 0, 0, 0, 1, 0, 0, 0, 3, : 2, 1, 2, 1, 3, 3, 12, 1, 13, 6, 1, 3, 
184: 0, 0, 1, 0, 5, 0, 0, 0, 0, 0, 1, 0, 0, 0, 2, 0, 0, 0, 0, 12, 2, 0, 0, 0, 1, 0, 6, 0, 0, 1, 0, 1, 21, 4, 1, 4, 8, 0, 0, 0, : 1, 5, 1, 2, 12, 2, 1, 6, 1, 1, 21, 4, 1, 4, 8, 


236: 0, 0, 0, 0, 0, 0, 7, 0, 1, 0, 0, 0, 0, 0, 0, 0, 3, 0, 0, 4, 1, 0, 0, 0, 0, 0, 1, 1, 0, 0, 0, 6, 0, 0, 0, 0, 11, 0, 0, 0, : 7, 1, 3, 4, 1, 1, 1, 6, 11, 
111: 0, 0, 3, 3, 1, 0, 0, 0, 0, 0, 0, 21, 0, 9, 0, 0, 1, 0, 0, 0, 0, 1, 0, 9, 0, 0, 5, 0, 0, 0, 0, 0, 0, 0, 0, 0, 0, 0, 0, 0, : 3, 3, 1, 21, 9, 1, 1, 9, 5, 
233: 0, 0, 0, 0, 1, 0, 0, 0, 0, 1, 0, 0, 0, 1, 0, 1, 6, 4, 3, 1, 0, 24, 0, 0, 0, 0, 2, 0, 0, 0, 1, 0, 0, 0, 0, 1, 3, 0, 15, 1, : 1, 1, 1, 1, 6, 4, 3, 1, 24, 2, 1, 1, 3, 15, 1, 
78: 8, 0, 0, 1, 0, 0, 0, 1, 0, 0, 0, 0, 1, 0, 1, 7, 0, 1, 0, 0, 0, 0, 0, 0, 18, 0, 0, 1, 0, 1, 0, 0, 0, 1, 0, 0, 0, 0, 0, 0, : 8, 1, 1, 1, 1, 7, 1, 18, 1, 1, 1, 
19: 14, 0, 0, 0, 1, 0, 0, 2, 0, 0, 9, 0, 0, 0, 0, 0, 0, 0, 0, 20, 0, 4, 0, 0, 0, 0, 3, 3, 0, 0, 0, 1, 0, 0, 0, 0, 1, 0, 0, 0, : 14, 1, 2, 9, 20, 4, 3, 3, 1, 1, 
53: 3, 0, 4, 0, 0, 0, 0, 0, 0, 3, 0, 0, 0, 0, 1, 1, 0, 0, 2, 0, 0, 0, 5, 0, 0, 0, 1, 1, 0, 0, 0, 0, 0, 0, 0, 4, 0, 9, 0, 2, : 3, 4, 3, 1, 1, 2, 5, 1, 1, 4, 9, 2, 
87: 0, 1, 0, 1, 9, 2, 0, 0, 0, 0, 0, 0, 17, 0, 1, 0, 3, 1, 29, 0, 26, 1, 0, 0, 0, 0, 1, 1, 4, 0, 0, 2, 0, 0, 0, 4, 0, 1, 0, 4, : 1, 1, 9, 2, 17, 1, 3, 1, 29, 26, 1, 1, 1, 4, 2, 4, 1, 4, 
186: 0, 0, 0, 0, 10, 0, 5, 1, 5, 3, 0, 0, 0, 1, 2, 0, 0, 0, 0, 0, 1, 0, 0, 3, 1, 0, 0, 1, 19, 0, 0, 0, 0, 0, 0, 0, 0, 1, 21, 0, : 10, 5, 1, 5, 3, 1, 2, 1, 3, 1, 1, 19, 1, 21, 
123: 0, 0, 0, 0, 0, 0, 0, 0, 0, 0, 0, 0, 0, 1, 0, 0, 1, 0, 0, 1, 0, 0, 4, 0, 0, 0, 1, 1, 0, 0, 0, 0, 1, 2, 0, 0, 1, 1, 0, 2, : 1, 1, 1, 4, 1, 1, 1, 2, 1, 1, 2, 
43: 1, 0, 1, 1, 1, 0, 1, 0, 0, 1, 0, 0, 0, 1, 3, 6, 0, 2, 0, 1, 0, 0, 0, 0, 0, 0, 0, 2, 0, 0, 0, 1, 0, 0, 0, 0, 0, 0, 0, 0, : 1, 1, 1, 1, 1, 1, 1, 3, 6, 2, 1, 2, 1, 
292: 1, 0, 1, 3, 1, 16, 0, 0, 0, 2, 0, 0, 0, 0, 0, 0, 0, 0, 0, 2, 8, 3, 0, 0, 0, 0, 0, 1, 0, 2, 0, 0, 0, 16, 16, 1, 12, 3, 0, 0, : 1, 1, 3, 1, 16, 2, 2, 8, 3, 1, 2, 16, 16, 1, 12, 3, 
149: 1, 4, 0, 0, 0, 0, 0, 0, 1, 1, 0, 0, 0, 0, 0, 3, 0, 5, 0, 0, 0, 0, 0, 0, 2, 0, 1, 7, 0, 0, 0, 0, 0, 5, 0, 2, 0, 0, 0, 14, : 1, 4, 1, 1, 3, 5, 2, 1, 7, 5, 2, 14, 
152: 1, 0, 0, 0, 0, 0, 0, 0, 0, 1, 1, 0, 0, 1, 9, 0, 0, 11, 1, 1, 0, 0, 0, 0, 0, 0, 0, 2, 0, 0, 0, 0, 1, 3, 0, 0, 0, 2, 4, 2, : 1, 1, 1, 1, 9, 11, 1, 1, 2, 1, 3, 2, 4, 2, 
296: 0, 0, 0, 0, 0, 1, 0, 20, 0, 1, 6, 0, 0, 12, 2, 0, 0, 6, 0, 0, 0, 0, 0, 2, 8, 0, 0, 1, 3, 0, 0, 0, 1, 0, 1, 10, 0, 0, 0, 0, : 1, 20, 1, 6, 12, 2, 6, 2, 8, 1, 3, 1, 1, 10, 
48: 0, 0, 0, 4, 2, 1, 0, 0, 0, 0, 0, 0, 0, 1, 6, 0, 14, 0, 0, 1, 0, 0, 1, 0, 0, 0, 0, 1, 0, 0, 5, 11, 0, 0, 0, 0, 0, 0, 0, 1, : 4, 2, 1, 1, 6, 14, 1, 1, 1, 5, 11, 1, 
115: 2, 0, 0, 0, 0, 19, 0, 0, 8, 0, 0, 0, 8, 7, 1, 0, 0, 0, 0, 0, 0, 0, 7, 1, 1, 0, 0, 0, 0, 0, 0, 0, 3, 0, 10, 0, 0, 0, 0, 4, : 2, 19, 8, 8, 7, 1, 7, 1, 1, 3, 10, 4, 
162: 3, 0, 0, 7, 1, 0, 0, 0, 0, 0, 0, 0, 0, 0, 0, 0, 0, 1, 0, 1, 1, 7, 0, 10, 0, 0, 1, 1, 1, 9, 4, 4, 0, 0, 1, 1, 0, 0, 0, 1, : 3, 7, 1, 1, 1, 1, 7, 10, 1, 1, 1, 9, 4, 4, 1, 1, 1, 
226: 0, 0, 0, 0, 1, 0, 0, 0, 0, 4, 0, 0, 11, 0, 0, 0, 0, 0, 4, 0, 0, 0, 0, 0, 0, 0, 0, 0, 1, 0, 6, 0, 0, 5, 0, 0, 0, 0, 0, 0, : 1, 4, 11, 4, 1, 6, 5, 
153: 0, 33, 0, 0, 0, 0, 0, 4, 1, 1, 1, 0, 0, 1, 12, 0, 4, 0, 0, 5, 0, 0, 1, 0, 0, 0, 0, 1, 8, 0, 0, 9, 0, 0, 0, 0, 1, 0, 0, 0, : 33, 4, 1, 1, 1, 1, 12, 4, 5, 1, 1, 8, 9, 1, 
20: 0, 1, 6, 0, 0, 0, 1, 0, 0, 0, 5, 0, 0, 0, 0, 0, 0, 0, 1, 1, 1, 0, 0, 0, 0, 0, 0, 1, 0, 0, 0, 1, 0, 0, 0, 7, 1, 4, 0, 0, : 1, 6, 1, 5, 1, 1, 1, 1, 1, 7, 1, 4, 
35: 2, 0, 2, 0, 1, 0, 0, 1, 0, 1, 0, 0, 0, 0, 0, 0, 1, 0, 0, 0, 0, 0, 0, 0, 0, 23, 0, 0, 0, 0, 0, 0, 0, 7, 0, 0, 0, 0, 0, 0, : 2, 2, 1, 1, 1, 1, 23, 7, 
258: 0, 0, 0, 0, 1, 0, 0, 2, 24, 0, 0, 0, 0, 2, 0, 0, 0, 0, 0, 0, 0, 0, 4, 10, 4, 0, 1, 0, 0, 0, 10, 0, 0, 1, 0, 1, 0, 1, 0, 0, : 1, 2, 24, 2, 4, 10, 4, 1, 10, 1, 1, 1, 
82: 1, 0, 0, 0, 0, 0, 2, 1, 0, 5, 8, 19, 0, 0, 0, 0, 1, 0, 0, 0, 1, 0, 0, 0, 0, 0, 1, 3, 0, 0, 0, 0, 1, 0, 0, 0, 0, 0, 0, 1, : 1, 2, 1, 5, 8, 19, 1, 1, 1, 3, 1, 1, 
139: 1, 1, 22, 0, 3, 0, 0, 0, 0, 1, 0, 0, 1, 0, 1, 1, 1, 1, 0, 0, 0, 0, 0, 0, 0, 0, 0, 0, 0, 28, 0, 0, 0, 0, 11, 1, 2, 0, 0, 0, : 1, 1, 22, 3, 1, 1, 1, 1, 1, 1, 28, 11, 1, 2, 
142: 1, 0, 0, 12, 0, 0, 0, 1, 0, 5, 0, 0, 0, 1, 0, 3, 2, 1, 0, 1, 0, 0, 2, 0, 5, 0, 4, 0, 0, 0, 0, 1, 11, 0, 0, 4, 0, 15, 0, 0, : 1, 12, 1, 5, 1, 3, 2, 1, 1, 2, 5, 4, 1, 11, 4, 15, 
238: 0, 0, 0, 0, 1, 1, 0, 4, 0, 1, 0, 0, 2, 0, 1, 0, 1, 2, 0, 0, 0, 0, 0, 0, 0, 0, 1, 2, 4, 0, 1, 0, 0, 0, 0, 4, 0, 0, 0, 0, : 1, 1, 4, 1, 2, 1, 1, 2, 1, 2, 4, 1, 4, 
15: 0, 0, 0, 0, 1, 0, 24, 2, 0, 0, 0, 0, 0, 1, 0, 1, 1, 0, 0, 0, 0, 0, 0, 0, 0, 0, 0, 1, 0, 0, 0, 1, 1, 0, 0, 0, 1, 1, 0, 1, : 1, 24, 2, 1, 1, 1, 1, 1, 1, 1, 1, 1, 
31: 1, 0, 0, 8, 4, 0, 0, 0, 0, 2, 0, 0, 0, 0, 0, 1, 0, 0, 0, 0, 1, 0, 16, 5, 1, 0, 0, 7, 0, 0, 0, 0, 1, 0, 0, 0, 1, 1, 0, 6, : 1, 8, 4, 2, 1, 1, 16, 5, 1, 7, 1, 1, 1, 6, 
63: 0, 0, 1, 0, 1, 0, 0, 1, 0, 1, 2, 0, 0, 0, 0, 0, 1, 0, 0, 1, 0, 0, 0, 0, 0, 17, 17, 1, 0, 0, 1, 0, 2, 0, 1, 0, 6, 0, 0, 1, : 1, 1, 1, 1, 2, 1, 1, 17, 17, 1, 1, 2, 1, 6, 1, 
250: 0, 0, 0, 0, 0, 0, 0, 0, 0, 6, 8, 0, 0, 1, 0, 16, 0, 5, 0, 0, 0, 0, 0, 0, 0, 0, 0, 0, 0, 0, 12, 3, 18, 0, 0, 0, 0, 1, 0, 0, : 6, 8, 1, 16, 5, 12, 3, 18, 1, 


179: 5, 1, 1, 0, 0, 2, 0, 0, 0, 0, 1, 0, 0, 0, 0, 0, 2, 0, 8, 0, 0, 0, 0, 0, 6, 3, 0, 0, 0, 0, 0, 0, 0, 0, 0, 0, 0, 1, 0, 0, : 5, 1, 1, 2, 1, 2, 8, 6, 3, 1, 
105: 0, 0, 1, 0, 3, 3, 3, 0, 0, 0, 0, 0, 14, 0, 5, 0, 1, 0, 1, 0, 0, 0, 0, 0, 0, 0, 3, 0, 5, 0, 0, 2, 0, 0, 0, 0, 1, 0, 2, 0, : 1, 3, 3, 3, 14, 5, 1, 1, 3, 5, 2, 1, 2, 
167: 0, 6, 12, 0, 0, 3, 0, 0, 0, 15, 2, 1, 0, 0, 0, 12, 0, 1, 0, 0, 1, 5, 0, 6, 0, 0, 0, 0, 0, 0, 0, 4, 0, 0, 0, 0, 0, 0, 0, 0, : 6, 12, 3, 15, 2, 1, 12, 1, 1, 5, 6, 4, 
17: 0, 3, 1, 0, 2, 0, 0, 0, 0, 0, 5, 0, 0, 0, 1, 1, 0, 0, 0, 0, 0, 0, 0, 0, 0, 2, 0, 4, 4, 1, 0, 0, 1, 0, 0, 9, 1, 2, 0, 9, : 3, 1, 2, 5, 1, 1, 2, 4, 4, 1, 1, 9, 1, 2, 9, 
247: 1, 5, 0, 4, 5, 0, 1, 1, 0, 0, 2, 1, 0, 0, 1, 0, 1, 0, 5, 0, 14, 0, 0, 0, 21, 3, 0, 0, 0, 0, 1, 0, 0, 6, 0, 0, 0, 1, 0, 0, : 1, 5, 4, 5, 1, 1, 2, 1, 1, 1, 5, 14, 21, 3, 1, 6, 1, 
93: 1, 0, 0, 0, 1, 0, 1, 0, 0, 4, 2, 0, 1, 0, 0, 1, 1, 4, 1, 0, 1, 0, 0, 0, 0, 1, 0, 1, 3, 0, 7, 0, 23, 0, 23, 0, 1, 12, 0, 0, : 1, 1, 1, 4, 2, 1, 1, 1, 4, 1, 1, 1, 1, 3, 7, 23, 23, 1, 12, 
18: 2, 0, 1, 0, 1, 1, 0, 0, 0, 0, 1, 5, 0, 3, 1, 1, 1, 4, 0, 0, 0, 0, 0, 2, 0, 0, 3, 8, 0, 1, 0, 3, 0, 0, 0, 0, 1, 0, 0, 3, : 2, 1, 1, 1, 1, 5, 3, 1, 1, 1, 4, 2, 3, 8, 1, 3, 1, 3, 
146: 1, 0, 0, 0, 0, 0, 5, 2, 1, 0, 0, 0, 0, 3, 1, 0, 0, 15, 2, 0, 0, 0, 0, 0, 0, 1, 0, 0, 0, 0, 0, 0, 0, 0, 0, 0, 0, 0, 0, 0, : 1, 5, 2, 1, 3, 1, 15, 2, 1, 
99: 0, 0, 0, 0, 1, 0, 0, 0, 0, 0, 1, 18, 1, 13, 0, 0, 0, 4, 0, 0, 0, 0, 0, 5, 0, 1, 0, 3, 0, 0, 1, 4, 0, 0, 0, 0, 0, 1, 0, 0, : 1, 1, 18, 1, 13, 4, 5, 1, 3, 1, 4, 1, 
197: 1, 0, 4, 0, 1, 0, 0, 1, 0, 0, 1, 2, 0, 11, 0, 1, 0, 0, 0, 0, 0, 0, 0, 1, 1, 2, 0, 0, 0, 0, 0, 2, 1, 0, 0, 3, 23, 2, 35, 0, : 1, 4, 1, 1, 1, 2, 11, 1, 1, 1, 2, 2, 1, 3, 23, 2, 35, 
120: 0, 0, 0, 2, 2, 0, 0, 3, 0, 21, 0, 0, 0, 0, 12, 0, 1, 0, 0, 1, 1, 0, 0, 0, 0, 0, 0, 0, 0, 5, 1, 0, 0, 0, 0, 1, 3, 0, 0, 0, : 2, 2, 3, 21, 12, 1, 1, 1, 5, 1, 1, 3, 
94: 2, 0, 0, 0, 1, 6, 1, 2, 1, 0, 2, 0, 0, 0, 0, 1, 1, 0, 0, 22, 0, 4, 0, 1, 0, 0, 0, 1, 0, 0, 16, 3, 0, 0, 0, 0, 0, 0, 0, 0, : 2, 1, 6, 1, 2, 1, 2, 1, 1, 22, 4, 1, 1, 16, 3, 
193: 1, 0, 0, 0, 0, 0, 4, 0, 0, 0, 0, 0, 0, 2, 0, 10, 3, 0, 1, 0, 0, 14, 0, 0, 0, 5, 0, 1, 0, 0, 4, 5, 0, 0, 0, 23, 0, 0, 0, 5, : 1, 4, 2, 10, 3, 1, 14, 5, 1, 4, 5, 23, 5, 
108: 0, 0, 1, 33, 1, 0, 2, 1, 0, 0, 2, 0, 0, 1, 0, 0, 0, 0, 0, 1, 0, 0, 0, 0, 0, 3, 0, 0, 0, 1, 0, 1, 0, 0, 0, 0, 0, 4, 1, 15, : 1, 33, 1, 2, 1, 2, 1, 1, 3, 1, 1, 4, 1, 15, 
29: 2, 0, 1, 0, 1, 0, 0, 0, 0, 0, 0, 0, 0, 0, 0, 0, 1, 0, 0, 1, 2, 1, 0, 0, 0, 0, 0, 0, 0, 0, 0, 0, 1, 0, 0, 0, 0, 0, 0, 0, : 2, 1, 1, 1, 1, 2, 1, 1, 
284: 6, 0, 0, 0, 0, 0, 0, 0, 0, 0, 1, 2, 1, 0, 0, 0, 0, 0, 0, 1, 0, 0, 0, 1, 0, 1, 26, 1, 24, 0, 0, 1, 0, 29, 17, 0, 0, 0, 0, 2, : 6, 1, 2, 1, 1, 1, 1, 26, 1, 24, 1, 29, 17, 2, 
16: 1, 0, 1, 0, 0, 1, 0, 0, 2, 0, 8, 2, 18, 0, 0, 0, 0, 0, 0, 0, 0, 0, 0, 0, 1, 2, 0, 1, 0, 4, 0, 0, 0, 0, 0, 1, 1, 0, 1, 0, : 1, 1, 1, 2, 8, 2, 18, 1, 2, 1, 4, 1, 1, 1, 
144: 2, 0, 1, 0, 1, 1, 0, 1, 1, 0, 2, 0, 0, 1, 0, 0, 0, 0, 0, 3, 0, 0, 3, 3, 0, 1, 0, 0, 0, 2, 0, 0, 0, 1, 0, 0, 0, 7, 0, 0, : 2, 1, 1, 1, 1, 1, 2, 1, 3, 3, 3, 1, 2, 1, 7, 
267: 0, 0, 7, 0, 0, 2, 5, 1, 11, 0, 0, 0, 1, 0, 0, 0, 0, 0, 6, 0, 2, 0, 0, 0, 0, 0, 1, 0, 0, 1, 0, 0, 0, 0, 0, 0, 0, 0, 0, 1, : 7, 2, 5, 1, 11, 1, 6, 2, 1, 1, 1, 
21: 1, 0, 0, 0, 8, 0, 0, 1, 0, 0, 1, 0, 0, 0, 0, 2, 0, 0, 0, 0, 3, 4, 0, 0, 0, 3, 4, 0, 0, 0, 0, 1, 0, 0, 0, 1, 0, 0, 0, 1, : 1, 8, 1, 1, 2, 3, 4, 3, 4, 1, 1, 1, 
290: 2, 0, 0, 0, 1, 1, 0, 0, 0, 0, 0, 2, 0, 0, 0, 1, 3, 0, 0, 0, 4, 0, 0, 0, 3, 1, 1, 0, 0, 5, 0, 4, 0, 0, 0, 0, 0, 0, 0, 0, : 2, 1, 1, 2, 1, 3, 4, 3, 1, 1, 5, 4, 
28: 0, 0, 2, 0, 1, 1, 0, 0, 6, 0, 1, 1, 0, 0, 5, 0, 0, 1, 0, 0, 0, 6, 0, 0, 0, 0, 1, 2, 0, 0, 0, 1, 1, 2, 0, 0, 8, 0, 0, 1, : 2, 1, 1, 6, 1, 1, 5, 1, 6, 1, 2, 1, 1, 2, 8, 1, 
140: 3, 21, 0, 0, 0, 0, 12, 0, 1, 0, 0, 0, 0, 2, 0, 0, 0, 0, 0, 0, 1, 0, 0, 1, 1, 1, 0, 0, 4, 0, 2, 1, 0, 2, 0, 0, 0, 1, 0, 3, : 3, 21, 12, 1, 2, 1, 1, 1, 1, 4, 2, 1, 2, 1, 3, 
138: 0, 0, 0, 0, 0, 16, 0, 1, 5, 0, 2, 0, 0, 2, 6, 0, 1, 0, 6, 0, 0, 0, 0, 0, 0, 0, 0, 0, 0, 3, 6, 1, 0, 0, 0, 0, 0, 2, 0, 0, : 16, 1, 5, 2, 2, 6, 1, 6, 3, 6, 1, 2, 
147: 4, 0, 1, 0, 7, 2, 0, 11, 1, 0, 1, 4, 4, 0, 0, 0, 0, 10, 0, 1, 3, 3, 0, 0, 7, 1, 0, 0, 0, 3, 1, 0, 0, 0, 0, 0, 0, 3, 0, 0, : 4, 1, 7, 2, 11, 1, 1, 4, 4, 10, 1, 3, 3, 7, 1, 3, 1, 3, 
121: 0, 0, 0, 0, 2, 0, 0, 0, 2, 0, 2, 1, 0, 1, 1, 0, 0, 1, 1, 10, 0, 0, 0, 18, 0, 1, 0, 0, 0, 0, 1, 0, 12, 0, 0, 0, 0, 0, 0, 0, : 2, 2, 2, 1, 1, 1, 1, 1, 10, 18, 1, 1, 12, 
171: 0, 1, 0, 0, 0, 1, 0, 0, 0, 0, 2, 0, 0, 1, 0, 0, 7, 0, 0, 0, 1, 2, 0, 0, 0, 8, 0, 10, 0, 8, 0, 0, 0, 0, 0, 0, 0, 1, 0, 0, : 1, 1, 2, 1, 7, 1, 2, 8, 10, 8, 1, 
261: 4, 0, 3, 0, 0, 0, 6, 0, 1, 0, 0, 0, 0, 0, 0, 9, 0, 0, 8, 0, 3, 0, 11, 1, 0, 0, 0, 8, 0, 5, 0, 2, 0, 0, 0, 0, 0, 1, 0, 0, : 4, 3, 6, 1, 9, 8, 3, 11, 1, 8, 5, 2, 1, 
125: 0, 2, 0, 1, 0, 0, 0, 5, 8, 0, 0, 0, 0, 0, 7, 0, 15, 0, 0, 0, 2, 0, 26, 1, 0, 0, 1, 0, 0, 1, 0, 5, 1, 0, 0, 0, 1, 1, 1, 0, : 2, 1, 5, 8, 7, 15, 2, 26, 1, 1, 1, 5, 1, 1, 1, 1, 
243: 1, 1, 3, 0, 1, 0, 0, 10, 0, 0, 1, 1, 0, 0, 0, 1, 2, 0, 1, 0, 2, 1, 0, 0, 0, 0, 0, 0, 0, 0, 0, 0, 0, 0, 0, 2, 0, 1, 0, 0, : 1, 1, 3, 1, 10, 1, 1, 1, 2, 1, 2, 1, 2, 1, 


80: 0, 1, 0, 0, 0, 3, 0, 1, 0, 0, 0, 5, 1, 0, 0, 1, 12, 0, 2, 6, 0, 0, 18, 13, 0, 0, 0, 0, 0, 0, 0, 0, 0, 0, 18, 3, 6, 4, 0, 1, : 1, 3, 1, 5, 1, 1, 12, 2, 6, 18, 13, 18, 3, 6, 4, 1, 
245: 0, 0, 3, 1, 0, 0, 1, 1, 1, 0, 5, 1, 12, 0, 0, 0, 0, 0, 0, 0, 0, 0, 1, 0, 0, 0, 0, 0, 0, 3, 0, 0, 13, 0, 0, 3, 5, 0, 10, 3, : 3, 1, 1, 1, 1, 5, 1, 12, 1, 3, 13, 3, 5, 10, 3, 
14: 0, 3, 0, 1, 0, 1, 0, 9, 0, 1, 0, 1, 0, 0, 0, 0, 0, 0, 0, 0, 0, 1, 1, 6, 0, 3, 18, 2, 0, 0, 0, 0, 0, 0, 0, 1, 0, 0, 1, 0, : 3, 1, 1, 9, 1, 1, 1, 1, 6, 3, 18, 2, 1, 1, 
178: 0, 1, 0, 0, 3, 0, 0, 0, 0, 1, 0, 6, 0, 0, 0, 3, 1, 0, 0, 0, 1, 2, 1, 1, 0, 7, 0, 2, 1, 0, 0, 12, 1, 1, 2, 2, 22, 2, 0, 5, : 1, 3, 1, 6, 3, 1, 1, 2, 1, 1, 7, 2, 1, 12, 1, 1, 2, 2, 22, 2, 5, 
298: 0, 1, 0, 0, 0, 0, 16, 2, 1, 9, 0, 0, 0, 0, 2, 1, 0, 2, 0, 6, 0, 0, 2, 0, 0, 1, 1, 0, 2, 5, 0, 0, 0, 1, 1, 0, 0, 0, 0, 0, : 1, 16, 2, 1, 9, 2, 1, 2, 6, 2, 1, 1, 2, 5, 1, 1, 
71: 0, 0, 0, 4, 16, 0, 0, 1, 0, 3, 0, 1, 0, 0, 0, 1, 4, 0, 0, 0, 0, 27, 1, 0, 5, 0, 0, 0, 4, 0, 0, 1, 2, 2, 1, 1, 2, 6, 0, 1, : 4, 16, 1, 3, 1, 1, 4, 27, 1, 5, 4, 1, 2, 2, 1, 1, 2, 6, 1, 
241: 13, 1, 0, 0, 0, 10, 1, 0, 1, 0, 0, 3, 0, 0, 0, 1, 0, 0, 2, 0, 1, 1, 0, 0, 0, 0, 0, 17, 0, 0, 0, 4, 0, 1, 0, 3, 0, 0, 0, 1, : 13, 1, 10, 1, 1, 3, 1, 2, 1, 1, 17, 4, 1, 3, 1, 
266: 0, 0, 0, 2, 0, 0, 1, 1, 0, 2, 3, 0, 0, 0, 2, 0, 1, 7, 9, 0, 1, 0, 5, 7, 0, 0, 6, 1, 6, 0, 0, 11, 0, 5, 2, 0, 0, 0, 1, 6, : 2, 1, 1, 2, 3, 2, 1, 7, 9, 1, 5, 7, 6, 1, 6, 11, 5, 2, 1, 6, 
65: 0, 0, 0, 6, 0, 0, 0, 0, 1, 0, 0, 0, 2, 0, 0, 2, 6, 10, 0, 6, 1, 0, 0, 0, 0, 5, 0, 0, 1, 1, 0, 1, 0, 0, 14, 3, 0, 0, 10, 0, : 6, 1, 2, 2, 6, 10, 6, 1, 5, 1, 1, 1, 14, 3, 10, 
39: 0, 0, 4, 0, 0, 0, 0, 0, 0, 1, 16, 1, 0, 0, 0, 1, 7, 5, 2, 0, 0, 1, 1, 0, 0, 0, 0, 0, 0, 0, 0, 0, 0, 0, 0, 1, 0, 0, 0, 0, : 4, 1, 16, 1, 1, 7, 5, 2, 1, 1, 1, 
133: 0, 0, 0, 5, 0, 0, 0, 2, 1, 0, 0, 1, 0, 0, 0, 3, 0, 0, 1, 0, 6, 0, 1, 0, 0, 0, 1, 0, 0, 2, 0, 0, 0, 0, 0, 5, 0, 0, 0, 1, : 5, 2, 1, 1, 3, 1, 6, 1, 1, 2, 5, 1, 
271: 0, 0, 0, 7, 0, 0, 0, 0, 3, 9, 1, 0, 0, 9, 1, 0, 1, 1, 0, 0, 0, 0, 1, 0, 2, 3, 0, 0, 1, 1, 1, 1, 0, 3, 1, 1, 0, 1, 0, 0, : 7, 3, 9, 1, 9, 1, 1, 1, 1, 2, 3, 1, 1, 1, 1, 3, 1, 1, 1, 
89: 0, 2, 1, 0, 0, 0, 1, 0, 1, 0, 0, 0, 0, 26, 0, 0, 0, 2, 0, 4, 2, 0, 0, 0, 2, 8, 1, 1, 0, 0, 0, 0, 0, 12, 0, 1, 0, 0, 3, 0, : 2, 1, 1, 1, 26, 2, 4, 2, 2, 8, 1, 1, 12, 1, 3, 
75: 0, 2, 0, 0, 0, 0, 0, 0, 1, 0, 0, 0, 17, 0, 0, 1, 0, 0, 0, 0, 0, 0, 2, 0, 3, 5, 0, 7, 0, 0, 0, 0, 0, 0, 0, 1, 0, 13, 0, 0, : 2, 1, 17, 1, 2, 3, 5, 7, 1, 13, 
262: 0, 0, 1, 0, 0, 0, 0, 1, 0, 0, 0, 1, 0, 5, 0, 0, 2, 0, 11, 1, 1, 1, 0, 0, 0, 2, 2, 0, 6, 0, 1, 3, 1, 0, 0, 1, 0, 0, 0, 0, : 1, 1, 1, 5, 2, 11, 1, 1, 1, 2, 2, 6, 1, 3, 1, 1, 
116: 3, 3, 0, 10, 0, 4, 0, 4, 0, 0, 0, 0, 0, 0, 8, 1, 0, 0, 0, 0, 0, 0, 1, 1, 0, 0, 0, 0, 1, 2, 0, 0, 0, 3, 0, 1, 1, 1, 1, 1, : 3, 3, 10, 4, 4, 8, 1, 1, 1, 1, 2, 3, 1, 1, 1, 1, 1, 
155: 0, 1, 4, 0, 2, 0, 0, 2, 0, 0, 0, 1, 0, 0, 0, 0, 0, 0, 0, 1, 0, 0, 1, 0, 0, 0, 0, 0, 0, 0, 0, 1, 0, 0, 0, 0, 0, 0, 8, 0, : 1, 4, 2, 2, 1, 1, 1, 1, 8, 
8: 0, 1, 0, 0, 0, 3, 0, 0, 0, 3, 0, 4, 0, 0, 0, 1, 0, 1, 1, 0, 0, 2, 0, 0, 0, 0, 0, 0, 1, 16, 0, 0, 0, 1, 0, 0, 0, 0, 0, 9, : 1, 3, 3, 4, 1, 1, 1, 2, 1, 16, 1, 9, 
205: 6, 1, 1, 0, 0, 0, 0, 0, 5, 1, 14, 1, 0, 0, 4, 0, 0, 0, 1, 0, 1, 0, 0, 0, 0, 1, 1, 1, 2, 0, 0, 0, 0, 0, 1, 3, 0, 12, 0, 0, : 6, 1, 1, 5, 1, 14, 1, 4, 1, 1, 1, 1, 1, 2, 1, 3, 12, 
163: 0, 2, 0, 0, 11, 0, 0, 0, 16, 0, 0, 1, 0, 0, 0, 1, 2, 0, 0, 0, 6, 0, 1, 0, 0, 0, 0, 2, 0, 0, 0, 0, 11, 0, 0, 0, 0, 0, 0, 4, : 2, 11, 16, 1, 1, 2, 6, 1, 2, 11, 4, 
130: 0, 1, 0, 0, 0, 0, 0, 0, 2, 8, 1, 1, 0, 0, 0, 1, 0, 0, 0, 4, 2, 0, 1, 0, 0, 0, 0, 0, 0, 0, 0, 0, 0, 0, 0, 1, 2, 0, 4, 0, : 1, 2, 8, 1, 1, 1, 4, 2, 1, 1, 2, 4, 
174: 2, 3, 9, 0, 0, 0, 0, 0, 4, 0, 0, 3, 0, 0, 0, 2, 1, 0, 1, 0, 0, 3, 0, 0, 6, 1, 1, 1, 6, 0, 0, 0, 0, 1, 0, 0, 0, 0, 0, 0, : 2, 3, 9, 4, 3, 2, 1, 1, 3, 6, 1, 1, 1, 6, 1, 
60: 0, 3, 0, 1, 0, 0, 6, 1, 1, 0, 0, 3, 0, 0, 0, 0, 1, 0, 1, 0, 3, 0, 0, 1, 0, 0, 1, 2, 5, 6, 0, 3, 0, 0, 0, 1, 0, 1, 0, 1, : 3, 1, 6, 1, 1, 3, 1, 1, 3, 1, 1, 2, 5, 6, 3, 1, 1, 1, 
282: 0, 0, 14, 3, 5, 0, 0, 0, 0, 0, 0, 1, 1, 0, 0, 0, 0, 2, 0, 5, 1, 0, 1, 0, 0, 0, 4, 0, 0, 0, 0, 1, 3, 0, 0, 3, 2, 0, 0, 1, : 14, 3, 5, 1, 1, 2, 5, 1, 1, 4, 1, 3, 3, 2, 1, 
9: 0, 9, 0, 0, 0, 0, 2, 1, 0, 0, 0, 1, 0, 0, 0, 1, 0, 2, 0, 0, 0, 0, 0, 10, 18, 1, 2, 0, 1, 0, 0, 0, 0, 0, 0, 1, 0, 0, 0, 3, : 9, 2, 1, 1, 1, 2, 10, 18, 1, 2, 1, 1, 3, 
251: 0, 4, 0, 0, 0, 0, 0, 1, 2, 1, 0, 1, 1, 0, 16, 0, 0, 7, 5, 0, 0, 0, 0, 0, 1, 1, 0, 0, 1, 1, 0, 1, 0, 0, 0, 1, 0, 0, 2, 1, : 4, 1, 2, 1, 1, 1, 16, 7, 5, 1, 1, 1, 1, 1, 1, 2, 1, 
56: 0, 0, 0, 0, 0, 0, 0, 11, 0, 0, 0, 1, 4, 0, 5, 0, 0, 0, 0, 0, 4, 0, 0, 1, 0, 0, 1, 0, 1, 0, 0, 1, 0, 7, 0, 1, 0, 0, 0, 1, : 11, 1, 4, 5, 4, 1, 1, 1, 1, 7, 1, 1, 
173: 0, 1, 2, 0, 1, 0, 12, 0, 0, 0, 0, 1, 2, 0, 2, 5, 1, 0, 0, 7, 6, 1, 0, 0, 0, 0, 0, 3, 0, 1, 0, 0, 0, 1, 0, 1, 0, 0, 0, 0, : 1, 2, 1, 12, 1, 2, 2, 5, 1, 7, 6, 1, 3, 1, 1, 1, 
25: 1, 0, 1, 0, 0, 19, 0, 0, 0, 0, 0, 1, 0, 0, 0, 3, 0, 0, 0, 0, 3, 0, 0, 0, 2, 2, 1, 0, 0, 0, 8, 0, 9, 1, 0, 0, 0, 0, 0, 0, : 1, 1, 19, 1, 3, 3, 2, 2, 1, 8, 9, 1, 
2: 15, 0, 0, 0, 2, 0, 0, 2, 0, 1, 0, 0, 0, 0, 0, 11, 1, 1, 4, 0, 1, 1, 1, 0, 1, 0, 0, 1, 1, 2, 30, 0, 0, 1, 0, 1, 0, 0, 0, 1, : 15, 2, 2, 1, 11, 1, 1, 4, 1, 1, 1, 1, 1, 1, 2, 30, 1, 1, 1, 


134: 3, 0, 0, 0, 0, 0, 0, 11, 0, 0, 3, 0, 0, 0, 0, 0, 2, 0, 0, 1, 0, 4, 0, 0, 3, 1, 4, 0, 0, 0, 0, 0, 0, 0, 0, 0, 3, 0, 0, 1, : 3, 11, 3, 2, 1, 4, 3, 1, 4, 3, 1, 
268: 1, 0, 0, 8, 12, 1, 0, 3, 1, 0, 7, 6, 2, 4, 0, 0, 0, 0, 0, 0, 0, 0, 8, 21, 0, 0, 0, 0, 1, 1, 0, 0, 0, 0, 0, 3, 0, 4, 0, 0, : 1, 8, 12, 1, 3, 1, 7, 6, 2, 4, 8, 21, 1, 1, 3, 4, 
287: 0, 0, 2, 1, 0, 0, 0, 0, 2, 0, 1, 1, 1, 0, 0, 0, 0, 0, 0, 1, 1, 0, 1, 9, 0, 10, 0, 0, 0, 1, 0, 0, 0, 0, 0, 6, 0, 3, 2, 8, : 2, 1, 2, 1, 1, 1, 1, 1, 1, 9, 10, 1, 6, 3, 2, 8, 
198: 0, 0, 0, 0, 0, 0, 0, 0, 1, 0, 0, 1, 0, 0, 0, 0, 2, 0, 0, 0, 0, 1, 0, 0, 0, 0, 3, 1, 1, 0, 0, 0, 0, 0, 0, 0, 0, 0, 6, 1, : 1, 1, 2, 1, 3, 1, 1, 6, 1, 
164: 0, 0, 0, 0, 0, 0, 0, 0, 0, 1, 0, 0, 1, 0, 24, 0, 21, 0, 2, 0, 0, 1, 6, 0, 0, 0, 1, 3, 1, 0, 0, 0, 8, 0, 0, 0, 6, 0, 0, 5, : 1, 1, 24, 21, 2, 1, 6, 1, 3, 1, 8, 6, 5, 
127: 1, 0, 0, 0, 0, 0, 0, 0, 0, 1, 0, 0, 0, 0, 1, 2, 0, 8, 0, 0, 0, 0, 0, 0, 0, 0, 2, 2, 3, 2, 0, 1, 0, 0, 0, 7, 20, 0, 4, 0, : 1, 1, 1, 2, 8, 2, 2, 3, 2, 1, 7, 20, 4, 
277: 0, 10, 0, 2, 0, 4, 0, 2, 0, 7, 0, 5, 1, 3, 0, 1, 0, 0, 0, 0, 0, 0, 0, 0, 3, 0, 0, 8, 0, 0, 1, 1, 0, 0, 0, 5, 0, 0, 0, 0, : 10, 2, 4, 2, 7, 5, 1, 3, 1, 3, 8, 1, 1, 5, 
224: 2, 12, 1, 2, 0, 0, 0, 0, 0, 0, 1, 2, 0, 0, 0, 0, 1, 0, 4, 1, 1, 0, 0, 0, 0, 4, 13, 0, 1, 1, 0, 0, 0, 2, 1, 0, 0, 3, 0, 0, : 2, 12, 1, 2, 1, 2, 1, 4, 1, 1, 4, 13, 1, 1, 2, 1, 3, 
295: 0, 0, 0, 0, 0, 0, 0, 2, 0, 0, 0, 0, 0, 0, 0, 1, 0, 7, 0, 1, 0, 0, 0, 0, 0, 0, 0, 1, 4, 0, 0, 2, 0, 0, 1, 1, 1, 0, 0, 0, : 2, 1, 7, 1, 1, 4, 2, 1, 1, 1, 
97: 0, 0, 1, 4, 0, 1, 0, 0, 0, 1, 1, 2, 0, 19, 0, 0, 0, 1, 0, 0, 0, 0, 0, 0, 0, 0, 0, 0, 0, 0, 0, 2, 0, 0, 1, 1, 0, 0, 0, 0, : 1, 4, 1, 1, 1, 2, 19, 1, 2, 1, 1, 
188: 0, 3, 0, 7, 0, 0, 0, 0, 0, 1, 5, 1, 7, 10, 0, 8, 0, 0, 0, 1, 5, 0, 1, 0, 1, 0, 0, 0, 0, 0, 0, 0, 0, 0, 0, 2, 3, 0, 0, 0, : 3, 7, 1, 5, 1, 7, 10, 8, 1, 5, 1, 1, 2, 3, 
135: 3, 0, 1, 2, 0, 1, 0, 0, 4, 1, 6, 3, 0, 4, 0, 0, 7, 0, 1, 9, 0, 0, 0, 1, 0, 0, 0, 5, 0, 1, 0, 0, 32, 0, 3, 0, 0, 0, 0, 0, : 3, 1, 2, 1, 4, 1, 6, 3, 4, 7, 1, 9, 1, 5, 1, 32, 3, 
40: 11, 8, 1, 1, 0, 0, 0, 1, 0, 2, 0, 3, 1, 0, 0, 0, 0, 0, 0, 2, 0, 3, 0, 0, 0, 0, 0, 1, 0, 1, 1, 0, 0, 1, 1, 0, 0, 3, 0, 0, : 11, 8, 1, 1, 1, 2, 3, 1, 2, 3, 1, 1, 1, 1, 1, 3, 
113: 0, 1, 3, 0, 0, 5, 3, 12, 0, 0, 0, 0, 10, 0, 0, 0, 0, 0, 1, 1, 6, 0, 7, 0, 0, 0, 0, 0, 1, 0, 0, 0, 0, 0, 0, 0, 1, 0, 0, 0, : 1, 3, 5, 3, 12, 10, 1, 1, 6, 7, 1, 1, 
299: 0, 0, 0, 1, 0, 0, 0, 1, 0, 0, 0, 1, 2, 0, 7, 0, 0, 1, 0, 1, 0, 1, 0, 2, 0, 2, 0, 1, 0, 4, 3, 0, 0, 0, 0, 0, 0, 0, 0, 5, : 1, 1, 1, 2, 7, 1, 1, 1, 2, 2, 1, 4, 3, 5, 
285: 0, 0, 3, 0, 0, 2, 0, 0, 0, 0, 0, 1, 1, 0, 0, 0, 0, 0, 1, 2, 13, 0, 0, 0, 0, 1, 1, 1, 1, 1, 0, 0, 0, 1, 0, 0, 0, 0, 0, 0, : 3, 2, 1, 1, 1, 2, 13, 1, 1, 1, 1, 1, 1, 
214: 1, 0, 0, 0, 0, 4, 0, 0, 0, 0, 0, 1, 0, 0, 0, 0, 0, 1, 0, 1, 1, 1, 0, 1, 21, 0, 4, 4, 0, 0, 2, 0, 0, 13, 2, 1, 0, 0, 0, 2, : 1, 4, 1, 1, 1, 1, 1, 1, 21, 4, 4, 2, 13, 2, 1, 2, 
104: 0, 5, 0, 0, 0, 0, 0, 1, 2, 0, 1, 5, 1, 0, 0, 1, 0, 0, 3, 1, 2, 0, 1, 0, 0, 0, 1, 0, 2, 1, 4, 1, 0, 0, 0, 0, 0, 0, 0, 0, : 5, 1, 2, 1, 5, 1, 1, 3, 1, 2, 1, 1, 2, 1, 4, 1, 
41: 0, 0, 0, 0, 0, 0, 0, 0, 0, 1, 1, 2, 3, 0, 1, 0, 0, 8, 1, 1, 6, 0, 0, 0, 0, 0, 0, 0, 3, 0, 0, 1, 0, 0, 4, 2, 0, 0, 0, 1, : 1, 1, 2, 3, 1, 8, 1, 1, 6, 3, 1, 4, 2, 1, 
126: 6, 0, 0, 1, 0, 0, 0, 0, 0, 4, 1, 0, 1, 0, 0, 0, 0, 0, 0, 2, 1, 0, 0, 0, 1, 0, 2, 0, 8, 0, 0, 0, 0, 1, 1, 0, 6, 0, 0, 0, : 6, 1, 4, 1, 1, 2, 1, 1, 2, 8, 1, 1, 6, 
288: 0, 0, 1, 6, 0, 6, 0, 1, 0, 0, 1, 1, 0, 0, 0, 0, 0, 0, 0, 1, 4, 0, 0, 0, 2, 2, 0, 1, 0, 5, 0, 0, 0, 1, 1, 0, 0, 0, 9, 1, : 1, 6, 6, 1, 1, 1, 1, 4, 2, 2, 1, 5, 1, 1, 9, 1, 
61: 0, 0, 0, 1, 0, 1, 37, 0, 0, 5, 2, 0, 1, 0, 0, 0, 0, 0, 0, 0, 0, 27, 0, 0, 1, 0, 4, 8, 0, 2, 1, 0, 0, 0, 1, 8, 0, 0, 1, 8, : 1, 1, 37, 5, 2, 1, 27, 1, 4, 8, 2, 1, 1, 8, 1, 8, 
257: 0, 0, 0, 1, 16, 0, 0, 0, 26, 7, 1, 0, 0, 0, 0, 1, 0, 6, 1, 0, 0, 0, 0, 0, 0, 1, 1, 0, 0, 4, 0, 0, 0, 0, 15, 1, 0, 4, 0, 0, : 1, 16, 26, 7, 1, 1, 6, 1, 1, 1, 4, 15, 1, 4, 
36: 2, 0, 17, 1, 10, 0, 0, 1, 0, 1, 0, 0, 0, 0, 3, 2, 2, 0, 1, 2, 0, 0, 4, 0, 0, 0, 2, 0, 0, 1, 0, 23, 0, 6, 0, 0, 0, 19, 0, 0, : 2, 17, 1, 10, 1, 1, 3, 2, 2, 1, 2, 4, 2, 1, 23, 6, 19, 
169: 4, 1, 3, 0, 1, 0, 0, 0, 0, 0, 0, 0, 0, 0, 0, 24, 1, 1, 1, 1, 0, 1, 4, 0, 0, 1, 1, 1, 2, 4, 0, 0, 0, 0, 0, 0, 0, 0, 0, 0, : 4, 1, 3, 1, 24, 1, 1, 1, 1, 1, 4, 1, 1, 1, 2, 4, 
103: 1, 0, 0, 0, 0, 13, 0, 0, 0, 5, 1, 1, 6, 0, 0, 0, 0, 5, 0, 1, 0, 0, 0, 2, 6, 0, 1, 0, 0, 1, 0, 0, 0, 5, 0, 0, 0, 0, 1, 0, : 1, 13, 5, 1, 1, 6, 5, 1, 2, 6, 1, 1, 5, 1, 
244: 0, 0, 2, 1, 0, 0, 0, 0, 0, 1, 2, 3, 0, 0, 4, 0, 0, 0, 0, 0, 0, 1, 1, 1, 0, 0, 0, 1, 12, 5, 11, 0, 0, 0, 0, 0, 0, 1, 10, 4, : 2, 1, 1, 2, 3, 4, 1, 1, 1, 1, 12, 5, 11, 1, 10, 4, 
54: 0, 0, 3, 1, 0, 0, 0, 0, 4, 0, 0, 1, 0, 0, 0, 0, 0, 1, 0, 4, 0, 0, 7, 0, 0, 17, 0, 1, 0, 5, 16, 9, 0, 1, 7, 3, 0, 2, 0, 2, : 3, 1, 4, 1, 1, 4, 7, 17, 1, 5, 16, 9, 1, 7, 3, 2, 2, 
228: 5, 0, 2, 0, 0, 2, 0, 0, 0, 1, 0, 0, 1, 0, 0, 0, 2, 1, 0, 0, 0, 0, 0, 3, 1, 0, 0, 0, 0, 0, 1, 0, 0, 9, 2, 0, 0, 1, 6, 2, : 5, 2, 2, 1, 1, 2, 1, 3, 1, 1, 9, 2, 1, 6, 2, 
274: 0, 0, 0, 0, 1, 0, 0, 5, 0, 1, 6, 0, 1, 0, 0, 0, 2, 0, 24, 6, 0, 0, 0, 0, 1, 1, 0, 1, 0, 0, 0, 0, 0, 0, 0, 0, 0, 0, 1, 0, : 1, 5, 1, 6, 1, 2, 24, 6, 1, 1, 1, 1, 


199: 0, 0, 1, 0, 0, 1, 1, 0, 0, 0, 0, 0, 0, 0, 0, 0, 11, 2, 0, 0, 0, 0, 1, 8, 0, 0, 0, 12, 0, 0, 0, 0, 0, 0, 3, 1, 0, 2, 0, 1, : 1, 1, 1, 11, 2, 1, 8, 12, 3, 1, 2, 1, 
231: 0, 0, 6, 0, 0, 1, 5, 0, 1, 0, 0, 0, 0, 1, 0, 6, 0, 0, 0, 0, 0, 14, 1, 0, 1, 0, 0, 0, 9, 11, 1, 1, 2, 0, 0, 0, 3, 0, 3, 0, : 6, 1, 5, 1, 1, 6, 14, 1, 1, 9, 11, 1, 1, 2, 3, 3, 
24: 0, 0, 2, 0, 0, 0, 0, 0, 0, 0, 4, 0, 0, 1, 0, 0, 0, 0, 0, 0, 1, 0, 0, 9, 0, 0, 0, 0, 0, 1, 0, 0, 0, 0, 1, 3, 0, 0, 0, 0, : 2, 4, 1, 1, 9, 1, 1, 3, 
110: 0, 6, 6, 0, 0, 0, 0, 1, 2, 1, 0, 0, 12, 0, 0, 0, 3, 0, 0, 0, 2, 10, 0, 0, 0, 1, 3, 0, 1, 0, 0, 0, 0, 1, 0, 1, 0, 0, 0, 0, : 6, 6, 1, 2, 1, 12, 3, 2, 10, 1, 3, 1, 1, 1, 
219: 0, 0, 0, 0, 0, 0, 0, 22, 0, 0, 0, 13, 0, 0, 0, 3, 0, 0, 33, 1, 0, 0, 0, 3, 4, 3, 0, 16, 6, 0, 0, 0, 3, 0, 0, 0, 0, 2, 0, 2, : 22, 13, 3, 33, 1, 3, 4, 3, 16, 6, 3, 2, 2, 
246: 1, 0, 0, 0, 1, 12, 0, 0, 12, 0, 0, 0, 0, 0, 0, 0, 0, 17, 0, 1, 0, 0, 10, 1, 0, 1, 0, 1, 0, 5, 0, 0, 0, 0, 1, 0, 11, 2, 2, 0, : 1, 1, 12, 12, 17, 1, 10, 1, 1, 1, 5, 1, 11, 2, 2, 
201: 0, 0, 0, 0, 0, 0, 0, 0, 0, 1, 0, 5, 0, 0, 0, 0, 7, 0, 0, 0, 10, 2, 0, 0, 0, 0, 2, 3, 0, 1, 0, 0, 0, 1, 6, 1, 0, 4, 0, 0, : 1, 5, 7, 10, 2, 2, 3, 1, 1, 6, 1, 4, 
196: 1, 0, 1, 0, 0, 0, 0, 0, 2, 1, 0, 0, 0, 1, 0, 0, 0, 0, 0, 0, 2, 0, 0, 6, 0, 2, 0, 0, 2, 1, 1, 0, 0, 0, 0, 9, 0, 2, 0, 6, : 1, 1, 2, 1, 1, 2, 6, 2, 2, 1, 1, 9, 2, 6, 
100: 0, 0, 0, 0, 1, 0, 0, 0, 2, 0, 3, 9, 0, 5, 5, 1, 0, 18, 0, 0, 1, 0, 0, 6, 0, 0, 2, 0, 1, 0, 1, 0, 0, 0, 5, 0, 3, 1, 0, 0, : 1, 2, 3, 9, 5, 5, 1, 18, 1, 6, 2, 1, 1, 5, 3, 1, 
85: 0, 0, 1, 0, 0, 0, 1, 0, 1, 0, 8, 0, 0, 0, 19, 6, 1, 0, 0, 0, 0, 2, 0, 0, 0, 0, 1, 0, 0, 0, 0, 0, 0, 0, 1, 0, 9, 0, 0, 1, : 1, 1, 1, 8, 19, 6, 1, 2, 1, 1, 9, 1, 
278: 0, 0, 0, 0, 5, 0, 0, 1, 0, 0, 0, 0, 2, 1, 0, 0, 3, 0, 0, 0, 0, 0, 6, 0, 0, 7, 3, 0, 1, 0, 1, 19, 0, 6, 0, 18, 0, 0, 0, 0, : 5, 1, 2, 1, 3, 6, 7, 3, 1, 1, 19, 6, 18, 
58: 3, 0, 2, 0, 0, 0, 1, 0, 0, 0, 0, 1, 0, 2, 1, 0, 0, 0, 0, 0, 3, 0, 0, 0, 0, 0, 1, 0, 4, 0, 1, 0, 0, 0, 0, 0, 0, 0, 0, 7, : 3, 2, 1, 1, 2, 1, 3, 1, 4, 1, 7, 
3: 0, 1, 0, 6, 0, 0, 0, 1, 1, 0, 0, 0, 0, 0, 0, 0, 0, 1, 3, 6, 1, 2, 0, 0, 0, 0, 0, 0, 0, 1, 0, 2, 0, 0, 0, 0, 0, 2, 0, 0, : 1, 6, 1, 1, 1, 3, 6, 1, 2, 1, 2, 2, 
68: 1, 0, 3, 0, 0, 0, 0, 9, 9, 4, 0, 0, 1, 1, 0, 0, 0, 0, 0, 1, 0, 0, 0, 0, 1, 0, 1, 0, 0, 2, 0, 0, 0, 0, 1, 0, 0, 0, 1, 0, : 1, 3, 9, 9, 4, 1, 1, 1, 1, 1, 2, 1, 1, 
11: 0, 0, 1, 33, 0, 0, 0, 0, 2, 0, 0, 10, 0, 0, 0, 0, 0, 0, 0, 0, 3, 7, 1, 1, 6, 0, 4, 0, 1, 0, 1, 0, 0, 1, 0, 2, 0, 0, 2, 0, : 1, 33, 2, 10, 3, 7, 1, 1, 6, 4, 1, 1, 1, 2, 2, 
119: 1, 0, 0, 0, 0, 0, 0, 0, 0, 1, 0, 0, 2, 1, 0, 0, 3, 0, 0, 0, 0, 0, 0, 0, 21, 0, 3, 0, 0, 0, 0, 1, 0, 0, 1, 0, 0, 1, 0, 0, : 1, 1, 2, 1, 3, 21, 3, 1, 1, 1, 
86: 6, 0, 0, 0, 0, 0, 1, 0, 0, 0, 0, 0, 0, 4, 0, 0, 0, 0, 0, 1, 1, 0, 0, 0, 0, 0, 0, 0, 1, 2, 1, 0, 0, 0, 0, 1, 5, 0, 1, 17, : 6, 1, 4, 1, 1, 1, 2, 1, 1, 5, 1, 17, 
141: 0, 1, 0, 0, 0, 0, 2, 1, 1, 0, 19, 0, 19, 2, 0, 0, 4, 0, 0, 0, 2, 0, 0, 0, 0, 1, 1, 0, 0, 0, 0, 0, 0, 0, 2, 0, 1, 0, 0, 0, : 1, 2, 1, 1, 19, 19, 2, 4, 2, 1, 1, 2, 1, 
216: 13, 0, 0, 0, 0, 0, 0, 0, 0, 1, 0, 0, 1, 0, 0, 0, 1, 0, 0, 2, 1, 0, 0, 0, 0, 2, 1, 0, 0, 0, 2, 0, 3, 8, 1, 0, 2, 0, 0, 1, : 13, 1, 1, 1, 2, 1, 2, 1, 2, 3, 8, 1, 2, 1, 
151: 0, 1, 0, 0, 0, 0, 15, 1, 0, 0, 0, 0, 0, 1, 0, 0, 0, 1, 0, 17, 0, 0, 0, 0, 1, 0, 1, 0, 3, 0, 0, 1, 0, 0, 0, 1, 2, 0, 0, 0, : 1, 15, 1, 1, 1, 17, 1, 1, 3, 1, 1, 2, 
170: 0, 0, 0, 0, 33, 0, 0, 1, 0, 0, 2, 0, 0, 1, 0, 1, 0, 0, 0, 1, 0, 0, 1, 0, 0, 0, 1, 0, 1, 0, 7, 10, 1, 0, 0, 1, 1, 1, 0, 0, : 33, 1, 2, 1, 1, 1, 1, 1, 1, 7, 10, 1, 1, 1, 1, 
263: 0, 0, 0, 0, 0, 0, 0, 0, 1, 8, 1, 0, 1, 0, 0, 0, 0, 1, 0, 0, 1, 0, 0, 0, 3, 0, 0, 4, 6, 14, 0, 0, 4, 0, 0, 0, 0, 0, 1, 0, : 1, 8, 1, 1, 1, 1, 3, 4, 6, 14, 4, 1, 
92: 0, 0, 0, 0, 0, 2, 3, 0, 2, 1, 1, 0, 0, 1, 14, 0, 0, 0, 0, 1, 2, 0, 2, 0, 0, 0, 0, 0, 0, 0, 1, 0, 1, 0, 1, 0, 0, 1, 0, 0, : 2, 3, 2, 1, 1, 1, 14, 1, 2, 2, 1, 1, 1, 1, 
157: 0, 0, 0, 1, 0, 8, 0, 0, 0, 1, 0, 0, 0, 0, 1, 1, 0, 0, 1, 1, 0, 0, 0, 0, 1, 0, 0, 0, 2, 0, 4, 0, 1, 0, 8, 0, 1, 18, 24, 1, : 1, 8, 1, 1, 1, 1, 1, 1, 2, 4, 1, 8, 1, 18, 24, 1, 
204: 10, 0, 0, 0, 0, 0, 9, 0, 0, 9, 0, 1, 0, 2, 0, 2, 0, 0, 0, 6, 1, 3, 0, 0, 1, 0, 0, 4, 0, 1, 1, 0, 1, 0, 0, 0, 0, 0, 0, 0, : 10, 9, 9, 1, 2, 2, 6, 1, 3, 1, 4, 1, 1, 1, 
273: 1, 31, 1, 0, 0, 0, 0, 0, 0, 0, 0, 0, 0, 0, 0, 0, 0, 0, 0, 0, 1, 0, 0, 0, 0, 4, 9, 0, 1, 1, 18, 0, 0, 1, 8, 1, 0, 1, 5, 3, : 1, 31, 1, 1, 4, 9, 1, 1, 18, 1, 8, 1, 1, 5, 3, 
154: 3, 0, 0, 0, 0, 0, 1, 3, 1, 10, 0, 0, 2, 0, 0, 0, 0, 0, 0, 0, 0, 0, 0, 0, 1, 0, 0, 0, 0, 0, 0, 0, 0, 20, 0, 0, 2, 1, 0, 0, : 3, 1, 3, 1, 10, 2, 1, 20, 2, 1, 
91: 0, 0, 16, 0, 0, 0, 0, 0, 2, 0, 2, 1, 0, 6, 0, 0, 0, 0, 0, 1, 6, 0, 16, 0, 0, 0, 6, 0, 0, 0, 0, 0, 0, 0, 1, 0, 0, 1, 1, 0, : 16, 2, 2, 1, 6, 1, 6, 16, 6, 1, 1, 1, 
64: 0, 0, 0, 0, 0, 9, 0, 0, 0, 2, 0, 0, 0, 1, 0, 0, 7, 0, 0, 0, 1, 0, 0, 6, 0, 19, 0, 0, 0, 0, 0, 6, 0, 0, 0, 1, 0, 0, 0, 0, : 9, 2, 1, 7, 1, 6, 19, 6, 1, 
46: 0, 0, 0, 0, 0, 7, 1, 0, 1, 0, 0, 0, 0, 9, 0, 20, 0, 0, 3, 1, 1, 0, 2, 0, 0, 0, 1, 0, 1, 0, 0, 0, 24, 2, 0, 0, 0, 1, 0, 1, : 7, 1, 1, 9, 20, 3, 1, 1, 2, 1, 1, 24, 2, 1, 1, 


