
200
30
40
1

25: 1, 5, 1, 0, 1, 0, 0, 0, 0, 0, 9, 0, 0, 0, 0, 0, 2, 17, 0, 0, 5, 0, 0, 0, 1, 24, 0, 0, 0, 0, 0, 0, 0, 0, 0, 0, 0, 0, 0, 10, 0, 0, 1, 0, 0, 0, 1, 17, 0, 0, 0, 1, 0, 0, 2, 0, 4, 0, 0, 1, 0, 0, 1, 16, 0, 0, 0, 0, 3, 11, 0, 0, 0, 0, 0, 1, 2, 0, 0, 0, 0, 5, 0, 0, 1, 3, 0, 0, 1, 0, 0, 0, 0, 0, 0, 0, 0, 0, 12, 0, 0, 0, 1, 2, 0, 2, 10, 2, 0, 2, 0, 0, 0, 0, 0, 0, 20, 1, 0, 3, 0, 1, 1, 1, 0, 1, 0, 0, 0, 0, 2, 0, 0, 0, 0, 0, 0, 0, 0, 0, 0, 1, 1, 0, 0, 0, 9, 0, 0, 2, 0, 0, 0, 0, 2, 0, 0, 0, 1, 0, 1, 0, 0, 5, 0, 31, 1, 0, 0, 2, 0, 2, 0, 0, 0, 0, 0, 1, 1, 0, 0, 0, 1, 0, 4, 3, 0, 0, 1, 0, 0, 0, 0, 0, 0, 1, 0, 1, 1, 0, : 1, 5, 1, 1, 9, 2, 17, 5, 1, 24, 10, 1, 1, 17, 1, 2, 4, 1, 1, 16, 3, 11, 1, 2, 5, 1, 3, 1, 12, 1, 2, 2, 10, 2, 2, 20, 1, 3, 1, 1, 1, 1, 2, 1, 1, 9, 2, 2, 1, 1, 5, 31, 1, 2, 2, 1, 1, 1, 4, 3, 1, 1, 1, 1, 
13: 0, 5, 12, 0, 0, 2, 0, 0, 0, 0, 4, 0, 0, 0, 0, 0, 0, 0, 0, 1, 3, 1, 0, 0, 3, 0, 4, 1, 1, 18, 0, 1, 0, 0, 0, 0, 0, 0, 0, 0, 0, 0, 0, 0, 0, 6, 0, 0, 0, 0, 1, 0, 0, 0, 1, 0, 0, 0, 0, 0, 10, 0, 0, 6, 0, 0, 0, 0, 1, 0, 0, 0, 2, 0, 0, 1, 0, 0, 2, 1, 0, 0, 0, 1, 0, 0, 1, 0, 0, 3, 0, 0, 0, 0, 0, 0, 0, 18, 0, 0, 0, 1, 2, 0, 0, 0, 2, 0, 0, 0, 0, 2, 1, 0, 0, 3, 0, 3, 0, 6, 6, 0, 1, 0, 0, 0, 0, 1, 7, 0, 0, 5, 0, 0, 0, 0, 0, 5, 0, 1, 0, 1, 0, 0, 0, 0, 1, 0, 18, 0, 1, 1, 2, 0, 0, 0, 0, 16, 0, 9, 9, 1, 3, 0, 0, 0, 1, 0, 0, 2, 0, 0, 3, 0, 1, 1, 4, 0, 0, 0, 5, 0, 0, 19, 2, 0, 0, 0, 1, 0, 1, 1, 0, 1, 0, 0, 1, 0, 0, 0, : 5, 12, 2, 4, 1, 3, 1, 3, 4, 1, 1, 18, 1, 6, 1, 1, 10, 6, 1, 2, 1, 2, 1, 1, 1, 3, 18, 1, 2, 2, 2, 1, 3, 3, 6, 6, 1, 1, 7, 5, 5, 1, 1, 1, 18, 1, 1, 2, 16, 9, 9, 1, 3, 1, 2, 3, 1, 1, 4, 5, 19, 2, 1, 1, 1, 1, 1, 
11: 0, 0, 0, 11, 2, 0, 2, 0, 0, 0, 0, 0, 0, 0, 0, 0, 0, 0, 0, 0, 0, 0, 0, 4, 0, 2, 0, 0, 1, 0, 0, 0, 0, 1, 0, 1, 0, 0, 0, 3, 0, 1, 0, 1, 8, 0, 0, 0, 0, 3, 0, 0, 0, 1, 0, 0, 17, 0, 0, 0, 1, 0, 0, 6, 0, 0, 0, 0, 1, 0, 0, 0, 1, 0, 4, 5, 3, 0, 0, 1, 0, 1, 0, 0, 0, 9, 2, 19, 1, 0, 0, 0, 1, 0, 0, 0, 0, 2, 0, 0, 0, 14, 0, 0, 0, 0, 1, 0, 3, 0, 0, 2, 0, 1, 0, 0, 1, 1, 0, 0, 1, 0, 3, 0, 0, 3, 0, 0, 0, 0, 0, 0, 0, 0, 0, 1, 0, 0, 0, 2, 0, 1, 7, 0, 1, 2, 0, 0, 1, 5, 1, 0, 0, 0, 1, 0, 0, 0, 0, 0, 0, 0, 0, 0, 1, 0, 0, 0, 0, 0, 0, 0, 0, 0, 0, 6, 1, 0, 0, 0, 2, 0, 0, 1, 0, 1, 0, 0, 0, 6, 0, 0, 0, 0, 0, 4, 0, 0, 0, 0, : 11, 2, 2, 4, 2, 1, 1, 1, 3, 1, 1, 8, 3, 1, 17, 1, 6, 1, 1, 4, 5, 3, 1, 1, 9, 2, 19, 1, 1, 2, 14, 1, 3, 2, 1, 1, 1, 1, 3, 3, 1, 2, 1, 7, 1, 2, 1, 5, 1, 1, 1, 6, 1, 2, 1, 1, 6, 4, 
24: 0, 0, 0, 0, 4, 0, 0, 29, 0, 0, 1, 0, 2, 0, 1, 1, 0, 0, 6, 0, 1, 1, 0, 11, 0, 1, 2, 0, 0, 0, 0, 0, 0, 5, 6, 0, 0, 0, 0, 1, 0, 1, 0, 0, 0, 2, 1, 0, 0, 0, 0, 0, 27, 0, 0, 0, 0, 0, 12, 1, 1, 0, 0, 0, 0, 5, 0, 0, 0, 1, 0, 0, 0, 0, 0, 1, 0, 0, 1, 0, 0, 0, 0, 0, 15, 0, 0, 0, 9, 17, 0, 0, 1, 0, 21, 0, 0, 1, 9, 0, 0, 0, 0, 0, 0, 10, 2, 0, 0, 0, 0, 0, 3, 0, 14, 0, 0, 0, 0, 0, 2, 1, 0, 0, 0, 0, 0, 0, 0, 1, 0, 3, 1, 0, 0, 1, 0, 0, 1, 1, 0, 1, 1, 1, 2, 0, 1, 1, 0, 9, 6, 0, 0, 1, 2, 0, 0, 0, 0, 0, 0, 0, 0, 0, 5, 0, 0, 1, 1, 0, 0, 0, 0, 1, 1, 0, 0, 4, 0, 0, 1, 1, 1, 0, 0, 1, 0, 0, 1, 1, 0, 0, 1, 0, 0, 0, 0, 2, 0, 0, : 4, 29, 1, 2, 1, 1, 6, 1, 1, 11, 1, 2, 5, 6, 1, 1, 2, 1, 27, 12, 1, 1, 5, 1, 1, 1, 15, 9, 17, 1, 21, 1, 9, 10, 2, 3, 14, 2, 1, 1, 3, 1, 1, 1, 1, 1, 1, 1, 2, 1, 1, 9, 6, 1, 2, 5, 1, 1, 1, 1, 4, 1, 1, 1, 1, 1, 1, 1, 2, 
20: 7, 0, 3, 0, 10, 1, 0, 0, 0, 0, 0, 0, 9, 0, 0, 10, 0, 1, 0, 0, 0, 0, 2, 2, 0, 0, 0, 0, 0, 0, 0, 5, 3, 1, 0, 0, 0, 0, 0, 2, 0, 0, 0, 0, 0, 2, 0, 0, 0, 0, 0, 0, 0, 2, 1, 0, 0, 0, 0, 0, 0, 0, 10, 0, 0, 6, 11, 8, 1, 0, 1, 1, 0, 0, 2, 1, 0, 0, 0, 1, 0, 0, 2, 2, 0, 0, 0, 1, 2, 2, 0, 1, 0, 0, 0, 0, 0, 0, 0, 0, 7, 0, 0, 0, 0, 0, 1, 0, 1, 14, 0, 1, 1, 1, 1, 0, 2, 2, 0, 4, 3, 0, 1, 1, 0, 0, 0, 0, 0, 19, 0, 4, 0, 0, 0, 0, 0, 0, 0, 0, 0, 0, 0, 0, 0, 8, 1, 0, 0, 0, 4, 0, 1, 1, 0, 0, 21, 0, 0, 0, 1, 1, 1, 1, 0, 0, 0, 0, 0, 1, 0, 1, 0, 0, 0, 1, 1, 1, 0, 0, 0, 0, 1, 0, 1, 1, 0, 1, 3, 1, 10, 0, 2, 0, 0, 0, 3, 0, 0, 17, : 7, 3, 10, 1, 9, 10, 1, 2, 2, 5, 3, 1, 2, 2, 2, 1, 10, 6, 11, 8, 1, 1, 1, 2, 1, 1, 2, 2, 1, 2, 2, 1, 7, 1, 1, 14, 1, 1, 1, 1, 2, 2, 4, 3, 1, 1, 19, 4, 8, 1, 4, 1, 1, 21, 1, 1, 1, 1, 1, 1, 1, 1, 1, 1, 1, 1, 1, 3, 1, 10, 2, 3, 17, 
6: 10, 0, 0, 2, 1, 0, 0, 0, 21, 2, 0, 0, 0, 0, 0, 7, 0, 0, 1, 0, 2, 2, 0, 0, 0, 0, 0, 0, 0, 6, 0, 5, 0, 0, 0, 0, 0, 0, 11, 0, 0, 0, 0, 10, 0, 1, 0, 0, 1, 0, 0, 0, 0, 0, 0, 1, 1, 0, 0, 6, 1, 0, 0, 0, 0, 0, 1, 0, 0, 1, 1, 0, 1, 13, 0, 1, 0, 8, 0, 1, 1, 0, 8, 0, 0, 0, 0, 1, 0, 0, 16, 0, 0, 6, 0, 0, 0, 1, 0, 0, 0, 0, 0, 0, 0, 2, 0, 0, 0, 5, 2, 0, 0, 0, 0, 2, 0, 0, 15, 0, 0, 0, 1, 0, 3, 16, 0, 0, 0, 7, 0, 0, 0, 1, 0, 0, 0, 0, 0, 1, 0, 2, 0, 0, 0, 0, 0, 0, 1, 2, 20, 0, 0, 6, 2, 0, 0, 1, 0, 0, 1, 0, 1, 0, 1, 1, 13, 0, 2, 0, 0, 31, 0, 0, 0, 0, 0, 0, 3, 0, 1, 0, 0, 0, 0, 0, 11, 0, 5, 1, 1, 0, 0, 0, 0, 0, 2, 0, 1, 0, : 10, 2, 1, 21, 2, 7, 1, 2, 2, 6, 5, 11, 10, 1, 1, 1, 1, 6, 1, 1, 1, 1, 1, 13, 1, 8, 1, 1, 8, 1, 16, 6, 1, 2, 5, 2, 2, 15, 1, 3, 16, 7, 1, 1, 2, 1, 2, 20, 6, 2, 1, 1, 1, 1, 1, 13, 2, 31, 3, 1, 11, 5, 1, 1, 2, 1, 
19: 1, 0, 0, 1, 0, 0, 6, 0, 0, 1, 1, 0, 0, 0, 1, 7, 18, 0, 0, 0, 2, 0, 0, 0, 1, 0, 0, 0, 0, 0, 0, 0, 0, 1, 0, 1, 0, 0, 0, 0, 0, 0, 2, 0, 9, 0, 0, 0, 5, 0, 0, 5, 0, 0, 19, 0, 0, 0, 0, 0, 1, 0, 0, 1, 3, 0, 0, 0, 3, 0, 4, 0, 1, 0, 4, 5, 1, 0, 0, 1, 0, 2, 0, 0, 0, 0, 13, 0, 0, 0, 2, 0, 1, 0, 1, 0, 0, 0, 4, 0, 0, 0, 2, 0, 0, 0, 0, 0, 1, 2, 0, 2, 1, 1, 0, 0, 8, 0, 0, 2, 1, 2, 1, 0, 11, 0, 0, 0, 0, 0, 0, 3, 3, 0, 14, 0, 0, 0, 5, 0, 18, 0, 1, 0, 1, 0, 1, 0, 0, 0, 0, 0, 1, 0, 0, 0, 0, 0, 0, 0, 0, 1, 0, 8, 0, 0, 1, 0, 0, 0, 0, 0, 2, 3, 0, 0, 0, 1, 1, 4, 0, 0, 0, 0, 0, 0, 0, 0, 0, 1, 0, 0, 0, 0, 0, 0, 0, 1, 0, 16, : 1, 1, 6, 1, 1, 1, 7, 18, 2, 1, 1, 1, 2, 9, 5, 5, 19, 1, 1, 3, 3, 4, 1, 4, 5, 1, 1, 2, 13, 2, 1, 1, 4, 2, 1, 2, 2, 1, 1, 8, 2, 1, 2, 1, 11, 3, 3, 14, 5, 18, 1, 1, 1, 1, 1, 8, 1, 2, 3, 1, 1, 4, 1, 1, 16, 
8: 0, 0, 1, 0, 1, 0, 0, 4, 0, 0, 0, 9, 0, 7, 1, 0, 0, 0, 0, 0, 1, 0, 0, 0, 0, 1, 0, 0, 0, 0, 0, 1, 0, 0, 10, 2, 7, 0, 0, 0, 0, 1, 0, 0, 0, 0, 1, 0, 0, 0, 0, 1, 0, 0, 0, 10, 1, 0, 0, 0, 0, 0, 0, 0, 29, 0, 0, 0, 1, 0, 1, 0, 0, 2, 0, 0, 3, 0, 1, 6, 0, 0, 0, 0, 0, 0, 0, 0, 0, 1, 0, 9, 0, 0, 0, 0, 0, 0, 0, 0, 0, 0, 1, 0, 0, 0, 1, 1, 1, 0, 0, 1, 0, 0, 0, 0, 0, 0, 0, 0, 0, 0, 0, 2, 0, 0, 0, 17, 3, 0, 1, 0, 0, 0, 1, 0, 0, 0, 2, 2, 10, 0, 1, 0, 1, 9, 0, 0, 0, 1, 0, 0, 3, 0, 0, 0, 1, 0, 0, 0, 1, 0, 4, 0, 2, 0, 0, 28, 3, 1, 0, 0, 0, 0, 0, 0, 0, 0, 3, 1, 1, 0, 0, 0, 0, 1, 0, 0, 0, 2, 1, 3, 0, 0, 3, 0, 0, 0, 1, 3, : 1, 1, 4, 9, 7, 1, 1, 1, 1, 10, 2, 7, 1, 1, 1, 10, 1, 29, 1, 1, 2, 3, 1, 6, 1, 9, 1, 1, 1, 1, 1, 2, 17, 3, 1, 1, 2, 2, 10, 1, 1, 9, 1, 3, 1, 1, 4, 2, 28, 3, 1, 3, 1, 1, 1, 2, 1, 3, 3, 1, 3, 
29: 2, 7, 1, 0, 1, 0, 13, 0, 0, 0, 0, 0, 1, 2, 0, 0, 0, 0, 1, 1, 0, 0, 0, 2, 0, 0, 3, 1, 0, 0, 0, 0, 0, 0, 0, 4, 0, 0, 0, 0, 0, 1, 12, 0, 0, 0, 0, 0, 1, 3, 0, 1, 0, 0, 0, 0, 0, 0, 21, 0, 0, 5, 0, 0, 0, 0, 0, 0, 0, 4, 0, 0, 3, 0, 0, 2, 0, 0, 0, 11, 11, 0, 0, 0, 0, 0, 1, 0, 6, 0, 0, 3, 0, 0, 0, 0, 0, 0, 0, 0, 13, 1, 7, 1, 0, 0, 0, 0, 1, 0, 0, 0, 0, 14, 2, 2, 0, 0, 0, 1, 0, 1, 1, 3, 0, 0, 0, 0, 0, 6, 0, 0, 0, 0, 0, 28, 0, 0, 0, 0, 0, 4, 0, 20, 15, 0, 1, 0, 0, 0, 1, 3, 1, 1, 0, 0, 2, 0, 1, 0, 1, 1, 0, 0, 0, 0, 0, 0, 2, 0, 6, 0, 0, 7, 0, 6, 0, 1, 0, 1, 4, 0, 0, 0, 5, 0, 0, 0, 1, 1, 0, 1, 0, 1, 0, 1, 1, 1, 35, 0, : 2, 7, 1, 1, 13, 1, 2, 1, 1, 2, 3, 1, 4, 1, 12, 1, 3, 1, 21, 5, 4, 3, 2, 11, 11, 1, 6, 3, 13, 1, 7, 1, 1, 14, 2, 2, 1, 1, 1, 3, 6, 28, 4, 20, 15, 1, 1, 3, 1, 1, 2, 1, 1, 1, 2, 6, 7, 6, 1, 1, 4, 5, 1, 1, 1, 1, 1, 1, 1, 35, 
28: 1, 0, 0, 1, 0, 2, 0, 0, 0, 0, 1, 0, 0, 1, 0, 2, 0, 0, 0, 0, 1, 0, 1, 1, 0, 0, 2, 0, 0, 0, 0, 0, 0, 3, 0, 0, 0, 0, 0, 0, 0, 1, 1, 0, 0, 0, 0, 4, 0, 0, 0, 0, 0, 0, 0, 2, 0, 0, 7, 11, 7, 0, 0, 0, 0, 0, 1, 1, 0, 0, 0, 0, 0, 0, 0, 1, 2, 0, 0, 4, 0, 1, 0, 0, 1, 0, 0, 0, 1, 0, 12, 0, 0, 0, 0, 0, 0, 0, 1, 0, 0, 0, 0, 1, 0, 0, 2, 0, 0, 0, 3, 0, 0, 1, 0, 0, 0, 0, 0, 5, 0, 0, 0, 0, 0, 0, 0, 0, 0, 0, 1, 0, 0, 3, 0, 0, 0, 0, 1, 1, 0, 1, 0, 0, 2, 0, 0, 0, 0, 1, 0, 0, 0, 5, 0, 0, 0, 20, 1, 1, 1, 1, 1, 2, 1, 0, 0, 0, 0, 2, 0, 0, 0, 0, 13, 1, 0, 0, 9, 0, 2, 0, 1, 0, 3, 4, 0, 0, 1, 0, 6, 0, 0, 0, 10, 0, 0, 0, 0, 0, : 1, 1, 2, 1, 1, 2, 1, 1, 1, 2, 3, 1, 1, 4, 2, 7, 11, 7, 1, 1, 1, 2, 4, 1, 1, 1, 12, 1, 1, 2, 3, 1, 5, 1, 3, 1, 1, 1, 2, 1, 5, 20, 1, 1, 1, 1, 1, 2, 1, 2, 13, 1, 9, 2, 1, 3, 4, 1, 6, 10, 
4: 1, 0, 1, 0, 1, 2, 5, 5, 0, 0, 14, 0, 0, 0, 9, 0, 1, 10, 1, 3, 4, 0, 2, 8, 1, 0, 0, 0, 1, 0, 0, 0, 25, 0, 6, 2, 0, 0, 0, 0, 0, 1, 0, 2, 0, 0, 1, 0, 0, 0, 0, 2, 1, 0, 2, 0, 3, 0, 0, 0, 0, 1, 0, 2, 0, 0, 1, 0, 0, 4, 2, 0, 0, 0, 0, 1, 1, 0, 0, 0, 23, 0, 0, 2, 0, 0, 1, 1, 1, 3, 1, 0, 0, 0, 0, 0, 0, 11, 0, 24, 0, 7, 6, 0, 0, 0, 3, 0, 16, 1, 0, 0, 1, 0, 1, 0, 0, 0, 0, 0, 0, 0, 15, 0, 0, 0, 0, 0, 0, 1, 0, 0, 19, 2, 0, 0, 0, 0, 0, 0, 0, 1, 0, 3, 0, 0, 0, 0, 4, 1, 0, 0, 0, 0, 1, 1, 9, 0, 0, 0, 1, 7, 0, 0, 4, 0, 6, 0, 1, 1, 0, 0, 0, 0, 16, 0, 3, 0, 2, 1, 2, 0, 0, 5, 0, 1, 0, 0, 1, 0, 0, 0, 0, 0, 0, 0, 1, 0, 0, 0, : 1, 1, 1, 2, 5, 5, 14, 9, 1, 10, 1, 3, 4, 2, 8, 1, 1, 25, 6, 2, 1, 2, 1, 2, 1, 2, 3, 1, 2, 1, 4, 2, 1, 1, 23, 2, 1, 1, 1, 3, 1, 11, 24, 7, 6, 3, 16, 1, 1, 1, 15, 1, 19, 2, 1, 3, 4, 1, 1, 1, 9, 1, 7, 4, 6, 1, 1, 16, 3, 2, 1, 2, 5, 1, 1, 1, 
9: 0, 9, 0, 1, 0, 2, 0, 0, 11, 0, 0, 6, 0, 1, 1, 1, 0, 2, 0, 0, 2, 27, 0, 0, 1, 3, 1, 0, 0, 0, 0, 20, 0, 0, 0, 2, 0, 0, 0, 3, 0, 0, 7, 0, 0, 9, 2, 0, 0, 0, 0, 6, 0, 0, 0, 16, 0, 0, 0, 2, 0, 0, 3, 1, 0, 0, 0, 0, 0, 1, 0, 0, 0, 1, 0, 3, 1, 0, 10, 2, 0, 0, 0, 0, 0, 0, 0, 1, 0, 0, 0, 0, 0, 0, 0, 0, 0, 0, 0, 0, 0, 0, 0, 0, 0, 1, 0, 1, 1, 1, 0, 0, 0, 0, 5, 0, 0, 0, 2, 0, 0, 0, 4, 1, 1, 5, 0, 0, 0, 0, 0, 1, 0, 0, 0, 0, 0, 0, 0, 0, 0, 1, 0, 0, 0, 0, 1, 0, 1, 1, 0, 1, 0, 0, 0, 0, 0, 0, 0, 3, 0, 1, 0, 2, 1, 0, 0, 0, 2, 0, 2, 0, 0, 0, 0, 1, 0, 0, 0, 21, 1, 28, 0, 1, 0, 0, 17, 0, 0, 0, 0, 0, 0, 0, 4, 2, 1, 0, 0, 0, : 9, 1, 2, 11, 6, 1, 1, 1, 2, 2, 27, 1, 3, 1, 20, 2, 3, 7, 9, 2, 6, 16, 2, 3, 1, 1, 1, 3, 1, 10, 2, 1, 1, 1, 1, 1, 5, 2, 4, 1, 1, 5, 1, 1, 1, 1, 1, 1, 3, 1, 2, 1, 2, 2, 1, 21, 1, 28, 1, 17, 4, 2, 1, 
5: 5, 0, 2, 0, 0, 7, 1, 0, 0, 0, 1, 23, 0, 1, 0, 2, 1, 0, 0, 0, 1, 0, 0, 0, 1, 0, 12, 1, 1, 0, 0, 0, 4, 0, 0, 1, 1, 0, 2, 0, 0, 1, 0, 0, 0, 0, 1, 0, 0, 0, 0, 0, 0, 0, 4, 0, 0, 0, 0, 0, 0, 0, 3, 0, 0, 0, 0, 0, 0, 0, 3, 0, 6, 1, 0, 0, 0, 5, 0, 0, 0, 1, 0, 0, 1, 0, 0, 0, 6, 3, 1, 1, 18, 0, 1, 12, 1, 0, 0, 0, 0, 0, 4, 0, 0, 0, 1, 0, 0, 0, 0, 1, 1, 0, 0, 1, 0, 0, 0, 0, 0, 2, 1, 1, 0, 0, 0, 2, 0, 0, 15, 1, 0, 0, 1, 0, 0, 0, 0, 0, 0, 4, 1, 0, 0, 13, 0, 0, 1, 1, 3, 2, 1, 0, 0, 5, 0, 0, 0, 0, 8, 0, 1, 1, 1, 0, 0, 1, 10, 0, 0, 0, 0, 0, 1, 1, 2, 0, 1, 0, 0, 0, 1, 0, 12, 1, 1, 0, 8, 4, 2, 1, 4, 27, 0, 0, 1, 1, 0, 0, : 5, 2, 7, 1, 1, 23, 1, 2, 1, 1, 1, 12, 1, 1, 4, 1, 1, 2, 1, 1, 4, 3, 3, 6, 1, 5, 1, 1, 6, 3, 1, 1, 18, 1, 12, 1, 4, 1, 1, 1, 1, 2, 1, 1, 2, 15, 1, 1, 4, 1, 13, 1, 1, 3, 2, 1, 5, 8, 1, 1, 1, 1, 10, 1, 1, 2, 1, 1, 12, 1, 1, 8, 4, 2, 1, 4, 27, 1, 1, 
10: 2, 0, 0, 0, 1, 0, 0, 0, 0, 19, 2, 0, 0, 0, 8, 0, 0, 3, 0, 0, 1, 0, 2, 1, 0, 0, 12, 0, 0, 1, 33, 2, 0, 0, 0, 1, 0, 1, 2, 0, 3, 1, 2, 0, 0, 0, 1, 0, 0, 0, 0, 0, 1, 1, 0, 1, 0, 28, 0, 1, 2, 0, 0, 0, 0, 13, 1, 0, 0, 0, 0, 5, 2, 0, 8, 0, 5, 1, 12, 0, 2, 0, 0, 0, 9, 1, 0, 2, 0, 0, 1, 0, 0, 0, 0, 1, 2, 1, 0, 5, 4, 0, 0, 0, 0, 0, 0, 0, 3, 0, 2, 19, 0, 0, 0, 1, 0, 11, 1, 0, 0, 0, 0, 2, 0, 8, 0, 19, 0, 0, 0, 1, 0, 0, 5, 0, 0, 0, 0, 1, 0, 0, 1, 0, 1, 0, 0, 4, 0, 2, 0, 2, 0, 0, 0, 4, 0, 0, 2, 0, 1, 1, 0, 0, 1, 0, 3, 0, 1, 1, 2, 5, 0, 0, 1, 1, 0, 8, 13, 0, 0, 0, 0, 0, 0, 1, 0, 1, 0, 1, 8, 1, 0, 8, 0, 2, 0, 2, 0, 0, : 2, 1, 19, 2, 8, 3, 1, 2, 1, 12, 1, 33, 2, 1, 1, 2, 3, 1, 2, 1, 1, 1, 1, 28, 1, 2, 13, 1, 5, 2, 8, 5, 1, 12, 2, 9, 1, 2, 1, 1, 2, 1, 5, 4, 3, 2, 19, 1, 11, 1, 2, 8, 19, 1, 5, 1, 1, 1, 4, 2, 2, 4, 2, 1, 1, 1, 3, 1, 1, 2, 5, 1, 1, 8, 13, 1, 1, 1, 8, 1, 8, 2, 2, 
2: 1, 0, 0, 0, 0, 2, 0, 0, 0, 0, 0, 0, 0, 0, 0, 1, 0, 0, 18, 0, 1, 3, 0, 1, 1, 0, 0, 1, 0, 0, 0, 0, 0, 3, 0, 0, 0, 0, 3, 2, 0, 0, 0, 0, 0, 0, 1, 0, 0, 6, 7, 0, 6, 16, 4, 0, 0, 0, 0, 0, 1, 1, 0, 0, 0, 0, 0, 1, 0, 3, 1, 1, 0, 0, 0, 3, 1, 0, 0, 0, 0, 0, 3, 0, 2, 0, 0, 0, 5, 3, 0, 0, 0, 20, 0, 0, 8, 1, 2, 0, 1, 0, 0, 0, 0, 0, 3, 1, 0, 0, 0, 0, 0, 0, 2, 0, 0, 0, 0, 0, 0, 15, 3, 0, 0, 0, 0, 0, 0, 5, 1, 3, 1, 1, 0, 0, 0, 0, 0, 1, 0, 0, 2, 2, 7, 0, 0, 0, 0, 0, 0, 0, 0, 0, 1, 0, 0, 0, 0, 0, 0, 0, 1, 3, 1, 0, 0, 0, 0, 0, 0, 0, 0, 2, 0, 0, 0, 1, 1, 0, 0, 0, 0, 1, 3, 1, 0, 32, 0, 0, 0, 0, 0, 0, 0, 0, 1, 0, 0, 0, : 1, 2, 1, 18, 1, 3, 1, 1, 1, 3, 3, 2, 1, 6, 7, 6, 16, 4, 1, 1, 1, 3, 1, 1, 3, 1, 3, 2, 5, 3, 20, 8, 1, 2, 1, 3, 1, 2, 15, 3, 5, 1, 3, 1, 1, 1, 2, 2, 7, 1, 1, 3, 1, 2, 1, 1, 1, 3, 1, 32, 1, 
17: 1, 0, 2, 0, 6, 1, 0, 0, 0, 1, 0, 0, 0, 3, 0, 0, 0, 0, 0, 9, 1, 0, 0, 0, 25, 0, 0, 0, 1, 0, 0, 1, 0, 8, 3, 0, 1, 0, 0, 0, 0, 0, 1, 0, 0, 8, 0, 0, 8, 3, 0, 0, 0, 4, 0, 4, 0, 0, 0, 0, 1, 0, 5, 0, 0, 0, 1, 0, 0, 5, 0, 0, 1, 0, 8, 1, 6, 0, 0, 1, 0, 0, 9, 1, 0, 0, 8, 1, 0, 0, 0, 0, 0, 1, 0, 0, 6, 0, 3, 0, 0, 11, 0, 0, 0, 0, 0, 18, 0, 0, 5, 0, 1, 0, 0, 3, 0, 0, 1, 0, 0, 0, 0, 0, 0, 0, 1, 0, 1, 0, 0, 3, 4, 0, 0, 0, 0, 0, 2, 0, 0, 8, 1, 1, 2, 0, 11, 6, 3, 0, 0, 0, 0, 0, 2, 0, 0, 0, 0, 0, 0, 0, 1, 3, 0, 0, 1, 1, 4, 3, 0, 0, 17, 0, 0, 0, 0, 0, 1, 0, 1, 4, 0, 0, 0, 1, 0, 0, 0, 0, 0, 2, 0, 0, 0, 0, 1, 0, 0, 0, : 1, 2, 6, 1, 1, 3, 9, 1, 25, 1, 1, 8, 3, 1, 1, 8, 8, 3, 4, 4, 1, 5, 1, 5, 1, 8, 1, 6, 1, 9, 1, 8, 1, 1, 6, 3, 11, 18, 5, 1, 3, 1, 1, 1, 3, 4, 2, 8, 1, 1, 2, 11, 6, 3, 2, 1, 3, 1, 1, 4, 3, 17, 1, 1, 4, 1, 2, 1, 
30: 2, 1, 4, 1, 0, 1, 2, 1, 0, 3, 1, 0, 0, 0, 0, 1, 2, 1, 0, 0, 0, 0, 0, 0, 0, 0, 0, 0, 31, 1, 0, 1, 8, 0, 0, 24, 0, 7, 0, 0, 13, 0, 1, 0, 20, 2, 2, 0, 0, 1, 0, 5, 0, 0, 0, 1, 0, 0, 0, 0, 0, 1, 7, 1, 1, 3, 1, 4, 0, 0, 0, 2, 0, 0, 0, 3, 0, 15, 0, 1, 0, 7, 4, 0, 0, 0, 0, 0, 7, 0, 0, 1, 0, 0, 4, 0, 0, 0, 1, 0, 0, 0, 0, 0, 0, 11, 0, 1, 1, 0, 0, 0, 1, 0, 1, 17, 0, 0, 1, 0, 3, 0, 4, 0, 4, 0, 0, 1, 0, 0, 0, 1, 0, 0, 1, 0, 0, 1, 1, 13, 0, 13, 2, 0, 0, 0, 4, 21, 1, 3, 0, 3, 0, 0, 1, 1, 0, 0, 0, 2, 0, 1, 1, 4, 0, 0, 0, 0, 0, 0, 0, 0, 0, 0, 0, 0, 3, 0, 1, 0, 5, 0, 5, 3, 0, 1, 0, 0, 0, 1, 0, 1, 0, 1, 0, 0, 3, 1, 0, 1, : 2, 1, 4, 1, 1, 2, 1, 3, 1, 1, 2, 1, 31, 1, 1, 8, 24, 7, 13, 1, 20, 2, 2, 1, 5, 1, 1, 7, 1, 1, 3, 1, 4, 2, 3, 15, 1, 7, 4, 7, 1, 4, 1, 11, 1, 1, 1, 1, 17, 1, 3, 4, 4, 1, 1, 1, 1, 1, 13, 13, 2, 4, 21, 1, 3, 3, 1, 1, 2, 1, 1, 4, 3, 1, 5, 5, 3, 1, 1, 1, 1, 3, 1, 1, 
22: 3, 0, 0, 1, 0, 0, 0, 0, 0, 0, 1, 0, 0, 1, 0, 0, 0, 2, 0, 0, 0, 0, 0, 3, 0, 0, 0, 0, 0, 14, 0, 0, 0, 0, 0, 0, 4, 0, 0, 1, 13, 10, 0, 0, 0, 0, 1, 0, 1, 0, 22, 1, 0, 0, 0, 0, 0, 0, 0, 1, 5, 0, 0, 2, 0, 2, 0, 0, 10, 0, 2, 1, 1, 2, 0, 2, 0, 0, 0, 0, 0, 5, 0, 0, 2, 9, 0, 0, 0, 1, 1, 1, 0, 3, 10, 0, 0, 0, 0, 0, 0, 1, 2, 0, 10, 0, 1, 0, 0, 0, 1, 0, 0, 0, 0, 0, 0, 0, 0, 15, 0, 0, 1, 0, 0, 0, 14, 0, 0, 0, 0, 1, 0, 0, 2, 0, 0, 0, 0, 4, 0, 0, 0, 0, 1, 1, 3, 0, 0, 1, 0, 0, 0, 3, 0, 2, 0, 0, 0, 0, 3, 0, 5, 0, 0, 8, 1, 0, 0, 0, 0, 0, 0, 0, 0, 18, 1, 0, 1, 9, 1, 1, 7, 0, 0, 11, 5, 0, 8, 0, 0, 9, 0, 0, 0, 9, 4, 2, 0, 0, : 3, 1, 1, 1, 2, 3, 14, 4, 1, 13, 10, 1, 1, 22, 1, 1, 5, 2, 2, 10, 2, 1, 1, 2, 2, 5, 2, 9, 1, 1, 1, 3, 10, 1, 2, 10, 1, 1, 15, 1, 14, 1, 2, 4, 1, 1, 3, 1, 3, 2, 3, 5, 8, 1, 18, 1, 1, 9, 1, 1, 7, 11, 5, 8, 9, 9, 4, 2, 
18: 0, 1, 0, 0, 0, 0, 0, 0, 0, 1, 2, 0, 22, 0, 0, 2, 1, 0, 0, 0, 0, 1, 4, 0, 0, 1, 0, 1, 0, 0, 1, 0, 0, 0, 0, 0, 4, 13, 2, 1, 1, 0, 0, 0, 0, 1, 20, 0, 1, 6, 2, 0, 0, 5, 0, 2, 0, 0, 0, 0, 0, 0, 4, 2, 5, 0, 0, 0, 0, 1, 0, 1, 0, 4, 0, 1, 0, 0, 0, 0, 3, 8, 0, 0, 0, 0, 0, 0, 0, 0, 0, 1, 15, 0, 0, 0, 0, 0, 0, 0, 12, 0, 8, 0, 27, 0, 0, 1, 0, 0, 0, 0, 0, 0, 0, 0, 0, 0, 0, 0, 0, 0, 0, 0, 0, 2, 1, 0, 0, 0, 1, 6, 0, 1, 0, 0, 0, 0, 3, 0, 0, 0, 1, 4, 0, 0, 1, 5, 0, 0, 0, 0, 1, 5, 0, 1, 0, 0, 0, 1, 6, 1, 16, 1, 0, 0, 1, 0, 0, 11, 0, 0, 0, 0, 0, 0, 1, 0, 0, 0, 0, 0, 17, 0, 1, 1, 0, 0, 0, 0, 2, 0, 1, 0, 0, 0, 0, 8, 0, 0, : 1, 1, 2, 22, 2, 1, 1, 4, 1, 1, 1, 4, 13, 2, 1, 1, 1, 20, 1, 6, 2, 5, 2, 4, 2, 5, 1, 1, 4, 1, 3, 8, 1, 15, 12, 8, 27, 1, 2, 1, 1, 6, 1, 3, 1, 4, 1, 5, 1, 5, 1, 1, 6, 1, 16, 1, 1, 11, 1, 17, 1, 1, 2, 1, 8, 
23: 0, 0, 7, 6, 0, 1, 0, 0, 0, 0, 0, 1, 0, 0, 1, 0, 0, 0, 0, 0, 10, 1, 16, 0, 1, 2, 0, 0, 0, 0, 0, 0, 0, 0, 0, 0, 23, 0, 0, 11, 5, 0, 1, 0, 0, 0, 0, 0, 4, 0, 1, 10, 4, 0, 4, 0, 0, 0, 0, 1, 1, 10, 0, 1, 0, 0, 2, 1, 0, 0, 14, 1, 5, 2, 0, 1, 1, 1, 0, 0, 0, 0, 0, 33, 0, 0, 0, 0, 0, 7, 0, 2, 0, 0, 0, 0, 0, 0, 0, 0, 1, 4, 0, 1, 3, 0, 0, 1, 0, 1, 20, 3, 3, 1, 0, 0, 0, 0, 0, 0, 0, 0, 0, 2, 0, 0, 0, 0, 2, 0, 1, 1, 8, 2, 0, 9, 0, 0, 7, 1, 0, 0, 5, 0, 5, 0, 0, 0, 2, 1, 1, 0, 0, 0, 0, 0, 0, 0, 1, 0, 0, 2, 0, 0, 0, 0, 0, 0, 5, 0, 1, 0, 0, 0, 0, 0, 0, 6, 0, 0, 3, 0, 0, 0, 0, 1, 1, 0, 0, 0, 0, 0, 6, 0, 0, 2, 8, 0, 0, 0, : 7, 6, 1, 1, 1, 10, 1, 16, 1, 2, 23, 11, 5, 1, 4, 1, 10, 4, 4, 1, 1, 10, 1, 2, 1, 14, 1, 5, 2, 1, 1, 1, 33, 7, 2, 1, 4, 1, 3, 1, 1, 20, 3, 3, 1, 2, 2, 1, 1, 8, 2, 9, 7, 1, 5, 5, 2, 1, 1, 1, 2, 5, 1, 6, 3, 1, 1, 6, 2, 8, 
14: 0, 3, 0, 0, 0, 2, 0, 0, 0, 0, 1, 0, 0, 6, 0, 0, 1, 1, 0, 0, 1, 0, 0, 0, 2, 2, 1, 9, 0, 0, 0, 0, 0, 0, 0, 1, 0, 0, 0, 0, 0, 1, 1, 0, 3, 0, 0, 0, 1, 16, 7, 4, 0, 0, 0, 1, 0, 0, 0, 0, 0, 0, 1, 1, 0, 0, 0, 0, 5, 1, 1, 0, 0, 0, 0, 1, 0, 10, 0, 0, 0, 0, 0, 0, 0, 4, 0, 6, 0, 0, 0, 4, 0, 0, 0, 0, 6, 0, 0, 0, 0, 0, 0, 5, 0, 0, 2, 0, 0, 3, 1, 0, 1, 17, 3, 0, 4, 0, 0, 0, 0, 0, 1, 0, 2, 1, 1, 0, 0, 0, 0, 0, 0, 0, 0, 0, 28, 1, 0, 0, 0, 0, 4, 0, 0, 0, 1, 0, 1, 0, 1, 0, 1, 1, 5, 0, 0, 0, 14, 7, 0, 0, 5, 1, 0, 0, 0, 0, 0, 9, 13, 1, 10, 1, 0, 0, 0, 0, 1, 0, 1, 0, 0, 0, 6, 3, 0, 0, 0, 2, 1, 0, 11, 0, 9, 0, 3, 0, 0, 0, : 3, 2, 1, 6, 1, 1, 1, 2, 2, 1, 9, 1, 1, 1, 3, 1, 16, 7, 4, 1, 1, 1, 5, 1, 1, 1, 10, 4, 6, 4, 6, 5, 2, 3, 1, 1, 17, 3, 4, 1, 2, 1, 1, 28, 1, 4, 1, 1, 1, 1, 1, 5, 14, 7, 5, 1, 9, 13, 1, 10, 1, 1, 1, 6, 3, 2, 1, 11, 9, 3, 
21: 1, 1, 1, 3, 1, 5, 0, 0, 1, 0, 1, 0, 0, 0, 0, 0, 0, 1, 1, 26, 0, 0, 0, 0, 0, 3, 0, 25, 0, 0, 0, 0, 0, 0, 0, 1, 0, 13, 6, 0, 0, 1, 0, 0, 0, 0, 0, 0, 1, 1, 0, 0, 0, 3, 0, 1, 0, 0, 0, 1, 1, 6, 0, 0, 0, 0, 1, 0, 1, 0, 0, 1, 2, 9, 0, 1, 2, 0, 1, 1, 0, 1, 1, 0, 0, 0, 0, 0, 1, 0, 0, 0, 1, 0, 0, 0, 0, 0, 0, 0, 0, 0, 0, 30, 0, 4, 1, 0, 1, 4, 1, 0, 0, 0, 0, 0, 0, 7, 1, 1, 1, 0, 0, 2, 0, 1, 0, 0, 0, 1, 10, 0, 1, 0, 3, 0, 0, 3, 0, 1, 0, 0, 0, 0, 0, 0, 0, 1, 0, 0, 0, 1, 0, 1, 3, 1, 0, 0, 1, 0, 0, 15, 0, 4, 0, 0, 0, 0, 0, 1, 16, 0, 0, 0, 0, 0, 7, 0, 0, 0, 0, 6, 0, 10, 0, 1, 0, 0, 0, 0, 0, 0, 13, 2, 0, 14, 1, 0, 2, 0, : 1, 1, 1, 3, 1, 5, 1, 1, 1, 1, 26, 3, 25, 1, 13, 6, 1, 1, 1, 3, 1, 1, 1, 6, 1, 1, 1, 2, 9, 1, 2, 1, 1, 1, 1, 1, 1, 30, 4, 1, 1, 4, 1, 7, 1, 1, 1, 2, 1, 1, 10, 1, 3, 3, 1, 1, 1, 1, 3, 1, 1, 15, 4, 1, 16, 7, 6, 10, 1, 13, 2, 14, 1, 2, 
7: 0, 1, 1, 0, 0, 0, 0, 0, 0, 0, 0, 0, 3, 1, 0, 0, 1, 0, 0, 0, 2, 0, 0, 0, 0, 1, 2, 0, 2, 0, 0, 0, 0, 0, 1, 0, 0, 0, 5, 0, 1, 14, 1, 0, 0, 2, 0, 0, 1, 0, 0, 2, 0, 0, 0, 0, 0, 0, 0, 0, 0, 0, 5, 0, 0, 0, 0, 1, 0, 0, 0, 0, 0, 0, 0, 1, 0, 0, 0, 1, 0, 4, 0, 0, 0, 0, 0, 8, 0, 0, 4, 0, 0, 0, 0, 0, 13, 4, 1, 0, 0, 0, 1, 0, 0, 0, 0, 5, 0, 1, 0, 2, 2, 1, 0, 0, 0, 0, 2, 0, 8, 0, 1, 1, 6, 0, 0, 0, 0, 0, 0, 2, 0, 0, 0, 0, 0, 12, 0, 0, 0, 0, 3, 0, 0, 4, 1, 0, 0, 0, 0, 1, 8, 0, 4, 0, 0, 0, 0, 0, 0, 0, 0, 0, 0, 0, 3, 0, 6, 0, 0, 0, 0, 1, 0, 0, 3, 0, 0, 0, 1, 0, 0, 0, 0, 3, 1, 0, 1, 11, 0, 3, 0, 0, 5, 2, 0, 0, 0, 0, : 1, 1, 3, 1, 1, 2, 1, 2, 2, 1, 5, 1, 14, 1, 2, 1, 2, 5, 1, 1, 1, 4, 8, 4, 13, 4, 1, 1, 5, 1, 2, 2, 1, 2, 8, 1, 1, 6, 2, 12, 3, 4, 1, 1, 8, 4, 3, 6, 1, 3, 1, 3, 1, 1, 11, 3, 5, 2, 
27: 0, 7, 1, 0, 0, 2, 0, 0, 0, 0, 0, 0, 0, 0, 14, 0, 1, 1, 8, 0, 1, 4, 3, 0, 0, 0, 1, 1, 0, 0, 0, 0, 0, 18, 0, 0, 0, 0, 5, 1, 1, 0, 10, 8, 0, 0, 0, 1, 1, 0, 0, 0, 0, 6, 2, 1, 2, 6, 0, 0, 0, 0, 0, 0, 0, 2, 0, 0, 0, 1, 5, 5, 1, 3, 8, 1, 0, 0, 1, 6, 0, 1, 0, 1, 3, 0, 0, 0, 0, 0, 0, 9, 2, 0, 0, 0, 0, 1, 0, 0, 0, 1, 0, 0, 0, 1, 0, 0, 0, 4, 0, 0, 17, 3, 0, 0, 3, 0, 2, 0, 2, 0, 0, 0, 0, 0, 0, 0, 0, 0, 2, 1, 0, 0, 1, 0, 0, 0, 0, 1, 11, 0, 2, 1, 0, 0, 0, 1, 0, 1, 0, 0, 0, 1, 0, 0, 1, 0, 0, 13, 1, 1, 0, 0, 0, 0, 0, 0, 1, 1, 0, 0, 0, 0, 0, 0, 4, 0, 0, 0, 8, 0, 0, 0, 0, 1, 0, 0, 0, 0, 1, 12, 1, 0, 3, 0, 3, 0, 0, 0, : 7, 1, 2, 14, 1, 1, 8, 1, 4, 3, 1, 1, 18, 5, 1, 1, 10, 8, 1, 1, 6, 2, 1, 2, 6, 2, 1, 5, 5, 1, 3, 8, 1, 1, 6, 1, 1, 3, 9, 2, 1, 1, 1, 4, 17, 3, 3, 2, 2, 2, 1, 1, 1, 11, 2, 1, 1, 1, 1, 1, 13, 1, 1, 1, 1, 4, 8, 1, 1, 12, 1, 3, 3, 
16: 0, 0, 1, 1, 1, 1, 0, 1, 6, 0, 0, 0, 2, 4, 1, 2, 1, 0, 0, 0, 0, 0, 7, 0, 0, 0, 0, 0, 0, 0, 0, 3, 0, 0, 0, 0, 0, 6, 0, 5, 0, 2, 0, 0, 0, 1, 1, 3, 14, 0, 0, 0, 0, 1, 1, 0, 0, 2, 0, 0, 1, 0, 0, 0, 0, 0, 1, 6, 0, 0, 0, 1, 0, 0, 0, 0, 0, 0, 3, 2, 0, 1, 0, 0, 0, 0, 0, 0, 0, 0, 0, 0, 0, 0, 0, 0, 0, 0, 1, 0, 0, 0, 4, 0, 0, 1, 1, 0, 0, 0, 0, 0, 0, 0, 5, 10, 0, 0, 0, 0, 0, 1, 0, 3, 1, 1, 7, 0, 0, 0, 0, 0, 0, 1, 0, 0, 0, 0, 0, 0, 1, 0, 0, 0, 0, 0, 1, 0, 5, 1, 0, 0, 0, 15, 1, 0, 1, 0, 11, 1, 1, 1, 0, 0, 1, 0, 1, 1, 0, 3, 0, 0, 1, 0, 1, 0, 0, 0, 2, 2, 1, 0, 1, 0, 3, 1, 0, 3, 0, 0, 0, 0, 0, 0, 0, 0, 0, 0, 0, 3, : 1, 1, 1, 1, 1, 6, 2, 4, 1, 2, 1, 7, 3, 6, 5, 2, 1, 1, 3, 14, 1, 1, 2, 1, 1, 6, 1, 3, 2, 1, 1, 4, 1, 1, 5, 10, 1, 3, 1, 1, 7, 1, 1, 1, 5, 1, 15, 1, 1, 11, 1, 1, 1, 1, 1, 1, 3, 1, 1, 2, 2, 1, 1, 3, 1, 3, 3, 
15: 0, 0, 0, 0, 0, 8, 3, 0, 0, 0, 0, 0, 0, 5, 0, 1, 0, 0, 0, 0, 1, 0, 0, 0, 0, 0, 0, 0, 0, 0, 3, 0, 0, 0, 9, 0, 0, 0, 1, 0, 0, 0, 0, 0, 0, 0, 0, 0, 0, 0, 0, 1, 0, 0, 0, 0, 12, 0, 0, 1, 1, 0, 0, 0, 1, 0, 14, 10, 0, 5, 2, 0, 0, 1, 3, 0, 2, 0, 5, 0, 0, 1, 12, 0, 0, 14, 8, 0, 0, 0, 0, 1, 0, 0, 0, 0, 0, 0, 1, 0, 0, 0, 0, 0, 0, 1, 1, 4, 0, 0, 0, 0, 0, 0, 4, 0, 0, 0, 0, 1, 0, 0, 0, 0, 0, 1, 0, 0, 0, 0, 0, 4, 0, 1, 0, 0, 0, 12, 4, 8, 0, 0, 0, 1, 0, 0, 0, 0, 1, 2, 1, 0, 9, 0, 2, 17, 1, 0, 0, 0, 2, 1, 0, 1, 0, 0, 0, 0, 0, 0, 0, 0, 0, 23, 0, 0, 0, 17, 0, 1, 0, 0, 2, 0, 0, 0, 1, 0, 1, 7, 0, 0, 0, 0, 0, 1, 0, 1, 0, 0, : 8, 3, 5, 1, 1, 3, 9, 1, 1, 12, 1, 1, 1, 14, 10, 5, 2, 1, 3, 2, 5, 1, 12, 14, 8, 1, 1, 1, 1, 4, 4, 1, 1, 4, 1, 12, 4, 8, 1, 1, 2, 1, 9, 2, 17, 1, 2, 1, 1, 23, 17, 1, 2, 1, 1, 7, 1, 1, 
1: 0, 0, 1, 1, 0, 0, 0, 0, 0, 6, 0, 0, 0, 2, 1, 0, 0, 0, 1, 0, 0, 0, 1, 0, 0, 0, 0, 0, 0, 0, 3, 1, 0, 0, 0, 0, 0, 0, 1, 0, 2, 0, 0, 9, 0, 0, 0, 0, 0, 1, 0, 0, 0, 1, 0, 0, 0, 0, 0, 1, 2, 0, 0, 1, 0, 7, 1, 1, 0, 0, 0, 20, 0, 0, 0, 1, 1, 0, 0, 0, 0, 2, 0, 0, 2, 0, 0, 0, 0, 0, 0, 4, 1, 7, 0, 0, 0, 0, 0, 11, 2, 0, 0, 0, 0, 0, 0, 3, 10, 2, 0, 3, 1, 0, 0, 1, 0, 0, 0, 0, 9, 17, 0, 1, 0, 0, 0, 0, 0, 0, 5, 0, 0, 0, 0, 0, 0, 1, 12, 0, 0, 0, 1, 3, 1, 1, 0, 1, 0, 1, 1, 13, 0, 0, 0, 7, 0, 0, 0, 0, 1, 1, 0, 0, 18, 0, 5, 0, 1, 0, 0, 0, 7, 1, 1, 0, 0, 0, 0, 0, 0, 0, 0, 0, 0, 0, 0, 0, 0, 0, 1, 0, 1, 0, 0, 0, 1, 0, 0, 0, : 1, 1, 6, 2, 1, 1, 1, 3, 1, 1, 2, 9, 1, 1, 1, 2, 1, 7, 1, 1, 20, 1, 1, 2, 2, 4, 1, 7, 11, 2, 3, 10, 2, 3, 1, 1, 9, 17, 1, 5, 1, 12, 1, 3, 1, 1, 1, 1, 1, 13, 7, 1, 1, 18, 5, 1, 7, 1, 1, 1, 1, 1, 
3: 1, 0, 0, 0, 4, 0, 0, 0, 0, 7, 0, 0, 0, 0, 0, 1, 0, 0, 0, 0, 0, 0, 1, 7, 2, 0, 0, 0, 2, 0, 0, 0, 0, 0, 4, 0, 0, 0, 0, 0, 0, 0, 0, 0, 0, 0, 2, 0, 0, 0, 0, 1, 0, 0, 0, 0, 0, 0, 0, 12, 3, 0, 0, 0, 0, 2, 0, 2, 14, 0, 3, 0, 0, 0, 0, 1, 0, 0, 3, 0, 0, 0, 0, 0, 2, 0, 1, 0, 0, 0, 1, 1, 0, 3, 0, 6, 3, 0, 1, 0, 0, 0, 0, 0, 0, 1, 0, 0, 0, 0, 0, 4, 2, 0, 0, 0, 0, 0, 0, 1, 3, 0, 0, 0, 12, 1, 0, 0, 0, 0, 1, 0, 0, 28, 0, 1, 0, 0, 2, 0, 0, 1, 4, 0, 0, 0, 1, 0, 0, 1, 0, 1, 1, 0, 0, 0, 3, 3, 0, 1, 1, 2, 0, 0, 2, 0, 0, 0, 0, 1, 0, 0, 0, 0, 0, 0, 0, 0, 0, 0, 0, 0, 0, 0, 0, 0, 2, 1, 6, 0, 4, 2, 0, 0, 0, 1, 0, 19, 0, 0, : 1, 4, 7, 1, 1, 7, 2, 2, 4, 2, 1, 12, 3, 2, 2, 14, 3, 1, 3, 2, 1, 1, 1, 3, 6, 3, 1, 1, 4, 2, 1, 3, 12, 1, 1, 28, 1, 2, 1, 4, 1, 1, 1, 1, 3, 3, 1, 1, 2, 2, 1, 2, 1, 6, 4, 2, 1, 19, 
26: 0, 0, 0, 0, 0, 1, 7, 0, 1, 0, 1, 0, 1, 1, 0, 2, 1, 0, 3, 0, 0, 0, 0, 0, 0, 0, 0, 0, 0, 0, 0, 0, 0, 0, 1, 0, 0, 0, 1, 0, 0, 3, 0, 0, 0, 6, 0, 0, 0, 0, 0, 0, 0, 0, 0, 0, 0, 4, 0, 1, 1, 16, 0, 0, 0, 0, 4, 1, 0, 0, 0, 0, 0, 2, 3, 1, 9, 0, 1, 0, 0, 0, 1, 0, 1, 0, 0, 0, 0, 0, 1, 0, 0, 0, 3, 0, 0, 0, 0, 0, 0, 0, 0, 0, 0, 6, 1, 1, 1, 0, 0, 0, 3, 0, 0, 0, 1, 0, 0, 0, 1, 0, 0, 1, 0, 0, 0, 0, 27, 0, 0, 0, 3, 0, 12, 0, 12, 0, 0, 2, 0, 0, 0, 3, 1, 2, 1, 0, 0, 1, 0, 0, 9, 0, 0, 0, 1, 0, 8, 2, 0, 0, 0, 2, 1, 0, 1, 0, 0, 1, 0, 0, 0, 0, 0, 3, 1, 0, 0, 0, 0, 0, 0, 0, 0, 1, 0, 1, 1, 0, 1, 4, 0, 0, 4, 0, 5, 0, 0, 0, : 1, 7, 1, 1, 1, 1, 2, 1, 3, 1, 1, 3, 6, 4, 1, 1, 16, 4, 1, 2, 3, 1, 9, 1, 1, 1, 1, 3, 6, 1, 1, 1, 3, 1, 1, 1, 27, 3, 12, 12, 2, 3, 1, 2, 1, 1, 9, 1, 8, 2, 2, 1, 1, 1, 3, 1, 1, 1, 1, 1, 4, 4, 5, 
12: 1, 0, 1, 11, 6, 0, 1, 0, 0, 0, 0, 1, 0, 5, 2, 0, 10, 1, 0, 0, 0, 0, 1, 0, 1, 0, 0, 0, 0, 0, 0, 0, 0, 0, 0, 0, 0, 0, 1, 0, 1, 1, 0, 10, 0, 0, 5, 15, 1, 0, 0, 0, 1, 0, 0, 0, 0, 0, 0, 0, 0, 0, 1, 0, 1, 0, 0, 4, 0, 2, 0, 1, 14, 0, 0, 0, 0, 0, 0, 0, 0, 0, 0, 0, 1, 0, 5, 0, 0, 0, 0, 2, 0, 0, 0, 21, 1, 0, 4, 0, 0, 0, 2, 0, 0, 0, 7, 1, 0, 0, 5, 0, 1, 0, 2, 0, 1, 15, 15, 1, 0, 0, 1, 19, 0, 0, 16, 0, 0, 0, 0, 0, 0, 0, 0, 0, 0, 5, 0, 0, 0, 1, 2, 1, 0, 0, 1, 0, 1, 3, 0, 12, 2, 0, 13, 1, 0, 0, 0, 0, 0, 1, 0, 2, 0, 0, 2, 8, 1, 0, 0, 0, 0, 1, 5, 1, 9, 0, 0, 0, 0, 0, 3, 0, 0, 0, 1, 1, 1, 1, 1, 0, 0, 0, 2, 1, 0, 1, 0, 0, : 1, 1, 11, 6, 1, 1, 5, 2, 10, 1, 1, 1, 1, 1, 1, 10, 5, 15, 1, 1, 1, 1, 4, 2, 1, 14, 1, 5, 2, 21, 1, 4, 2, 7, 1, 5, 1, 2, 1, 15, 15, 1, 1, 19, 16, 5, 1, 2, 1, 1, 1, 3, 12, 2, 13, 1, 1, 2, 2, 8, 1, 1, 5, 1, 9, 3, 1, 1, 1, 1, 1, 2, 1, 1, 


