
20
300
40
10

113: 0, 1, 0, 0, 1, 0, 0, 0, 1, 0, 0, 0, 0, 0, 0, 0, 0, 4, 0, 1, : 1, 1, 1, 4, 1, 
22: 0, 0, 0, 2, 0, 25, 0, 0, 0, 0, 3, 0, 1, 0, 0, 0, 0, 0, 0, 0, : 2, 25, 3, 1, 
212: 0, 0, 0, 10, 0, 0, 0, 1, 0, 0, 0, 1, 0, 0, 0, 0, 0, 0, 0, 19, : 10, 1, 1, 19, 
114: 0, 0, 0, 1, 0, 0, 0, 0, 0, 6, 0, 0, 0, 0, 0, 0, 0, 0, 0, 0, : 1, 6, 
216: 0, 0, 0, 1, 0, 0, 1, 0, 1, 0, 1, 0, 3, 4, 1, 0, 0, 0, 0, 0, : 1, 1, 1, 1, 3, 4, 1, 
257: 0, 0, 24, 5, 0, 0, 0, 3, 0, 4, 0, 0, 0, 0, 3, 0, 0, 0, 0, 0, : 24, 5, 3, 4, 3, 
154: 19, 0, 0, 0, 0, 0, 26, 0, 1, 0, 0, 0, 1, 6, 0, 0, 2, 0, 0, 0, : 19, 26, 1, 1, 6, 2, 
65: 0, 0, 1, 2, 0, 10, 0, 0, 4, 0, 1, 0, 1, 9, 0, 0, 0, 0, 0, 0, : 1, 2, 10, 4, 1, 1, 9, 
228: 0, 0, 0, 1, 18, 1, 0, 0, 0, 1, 1, 1, 0, 1, 15, 0, 0, 0, 0, 0, : 1, 18, 1, 1, 1, 1, 1, 15, 
23: 0, 5, 0, 1, 0, 0, 0, 0, 0, 2, 2, 0, 0, 0, 1, 0, 0, 0, 0, 0, : 5, 1, 2, 2, 1, 
141: 0, 5, 0, 0, 0, 0, 1, 0, 0, 0, 8, 0, 0, 0, 3, 2, 0, 0, 0, 2, : 5, 1, 8, 3, 2, 2, 
128: 0, 2, 0, 6, 9, 0, 0, 0, 6, 0, 1, 1, 1, 0, 1, 0, 0, 0, 0, 0, : 2, 6, 9, 6, 1, 1, 1, 1, 
176: 0, 0, 0, 0, 0, 1, 1, 9, 3, 4, 0, 1, 0, 0, 8, 8, 0, 0, 0, 0, : 1, 1, 9, 3, 4, 1, 8, 8, 
35: 0, 0, 0, 0, 0, 0, 0, 0, 8, 0, 0, 0, 1, 0, 0, 0, 0, 0, 0, 0, : 8, 1, 
223: 0, 1, 0, 0, 0, 0, 0, 0, 1, 0, 0, 1, 23, 0, 1, 0, 4, 22, 0, 1, : 1, 1, 1, 23, 1, 4, 22, 1, 
241: 0, 0, 10, 0, 0, 0, 7, 0, 0, 0, 0, 1, 0, 1, 0, 0, 0, 0, 0, 0, : 10, 7, 1, 1, 
68: 0, 0, 2, 1, 0, 0, 1, 0, 0, 5, 4, 4, 0, 0, 0, 0, 4, 1, 0, 1, : 2, 1, 1, 5, 4, 4, 4, 1, 1, 
74: 0, 0, 0, 0, 0, 0, 0, 5, 0, 1, 14, 0, 0, 0, 0, 8, 16, 6, 1, 0, : 5, 1, 14, 8, 16, 6, 1, 
208: 1, 0, 0, 0, 0, 0, 2, 1, 0, 0, 2, 0, 1, 0, 0, 0, 0, 6, 2, 1, : 1, 2, 1, 2, 1, 6, 2, 1, 
137: 0, 1, 0, 0, 0, 0, 0, 11, 10, 0, 0, 6, 0, 0, 0, 10, 0, 0, 6, 0, : 1, 11, 10, 6, 10, 6, 
18: 0, 0, 0, 4, 0, 0, 0, 5, 0, 0, 0, 0, 0, 0, 0, 4, 0, 0, 0, 0, : 4, 5, 4, 
175: 0, 0, 0, 0, 0, 0, 0, 0, 0, 4, 0, 2, 0, 0, 0, 3, 4, 1, 0, 1, : 4, 2, 3, 4, 1, 1, 
213: 9, 0, 0, 0, 0, 0, 0, 1, 0, 0, 0, 1, 0, 0, 0, 0, 7, 0, 0, 3, : 9, 1, 1, 7, 3, 
129: 0, 2, 0, 3, 0, 0, 0, 0, 0, 1, 0, 0, 0, 16, 0, 0, 1, 0, 0, 9, : 2, 3, 1, 16, 1, 9, 
177: 11, 18, 0, 1, 3, 0, 0, 0, 0, 0, 0, 18, 0, 1, 0, 1, 0, 0, 20, 0, : 11, 18, 1, 3, 18, 1, 1, 20, 
231: 0, 0, 0, 0, 4, 3, 1, 1, 0, 0, 1, 2, 0, 0, 0, 4, 0, 0, 7, 0, : 4, 3, 1, 1, 1, 2, 4, 7, 
42: 0, 5, 0, 1, 0, 0, 0, 0, 0, 0, 1, 0, 0, 0, 0, 0, 0, 0, 0, 1, : 5, 1, 1, 1, 
150: 0, 0, 3, 0, 0, 0, 0, 0, 0, 0, 1, 1, 4, 2, 0, 0, 1, 0, 2, 0, : 3, 1, 1, 4, 2, 1, 2, 
230: 0, 0, 0, 0, 0, 0, 0, 3, 0, 1, 0, 0, 0, 0, 7, 0, 1, 0, 0, 1, : 3, 1, 7, 1, 1, 
54: 0, 0, 0, 1, 5, 0, 0, 0, 5, 11, 0, 0, 4, 0, 0, 0, 0, 0, 2, 0, : 1, 5, 5, 11, 4, 2, 


47: 1, 0, 0, 0, 1, 1, 0, 0, 0, 0, 3, 1, 0, 11, 0, 0, 0, 2, 0, 0, : 1, 1, 1, 3, 1, 11, 2, 
283: 3, 3, 0, 0, 2, 13, 7, 0, 0, 0, 0, 0, 1, 0, 0, 0, 3, 1, 0, 0, : 3, 3, 2, 13, 7, 1, 3, 1, 
172: 1, 0, 1, 0, 1, 1, 0, 25, 0, 0, 5, 0, 0, 0, 0, 0, 0, 0, 0, 0, : 1, 1, 1, 1, 25, 5, 
136: 0, 0, 3, 1, 0, 0, 4, 0, 0, 0, 0, 1, 9, 0, 0, 0, 0, 1, 0, 4, : 3, 1, 4, 1, 9, 1, 4, 
92: 0, 0, 1, 1, 1, 0, 0, 0, 0, 0, 1, 0, 0, 0, 0, 0, 0, 1, 0, 0, : 1, 1, 1, 1, 1, 
14: 0, 0, 1, 0, 0, 2, 0, 0, 0, 0, 6, 0, 1, 5, 0, 9, 1, 1, 0, 7, : 1, 2, 6, 1, 5, 9, 1, 1, 7, 
93: 0, 11, 0, 1, 1, 1, 0, 5, 3, 0, 0, 1, 0, 6, 0, 0, 0, 0, 0, 0, : 11, 1, 1, 1, 5, 3, 1, 6, 
116: 0, 10, 0, 0, 0, 1, 0, 1, 0, 0, 0, 0, 0, 0, 0, 0, 8, 1, 0, 0, : 10, 1, 1, 8, 1, 
90: 5, 0, 0, 7, 22, 1, 0, 2, 17, 0, 0, 0, 0, 0, 0, 8, 0, 2, 3, 0, : 5, 7, 22, 1, 2, 17, 8, 2, 3, 
192: 0, 0, 1, 1, 0, 1, 0, 0, 0, 0, 1, 0, 0, 2, 3, 0, 0, 1, 0, 0, : 1, 1, 1, 1, 2, 3, 1, 
29: 0, 0, 0, 0, 0, 0, 1, 0, 0, 0, 0, 19, 0, 0, 0, 3, 0, 4, 0, 0, : 1, 19, 3, 4, 
245: 0, 0, 0, 1, 0, 1, 17, 0, 0, 0, 8, 0, 1, 0, 4, 0, 0, 0, 0, 0, : 1, 1, 17, 8, 1, 4, 
69: 0, 0, 0, 0, 0, 1, 0, 0, 0, 0, 0, 4, 1, 0, 0, 0, 0, 1, 13, 0, : 1, 4, 1, 1, 13, 
155: 0, 0, 0, 0, 1, 1, 0, 0, 8, 1, 2, 0, 3, 0, 1, 0, 0, 1, 0, 10, : 1, 1, 8, 1, 2, 3, 1, 1, 10, 
6: 0, 0, 0, 7, 0, 3, 0, 1, 0, 0, 0, 2, 0, 0, 1, 0, 0, 2, 1, 0, : 7, 3, 1, 2, 1, 2, 1, 
161: 1, 0, 0, 0, 1, 0, 0, 0, 0, 2, 1, 1, 5, 0, 1, 0, 1, 0, 0, 0, : 1, 1, 2, 1, 1, 5, 1, 1, 
281: 0, 0, 4, 0, 1, 1, 0, 0, 3, 1, 1, 0, 0, 0, 16, 7, 1, 2, 0, 0, : 4, 1, 1, 3, 1, 1, 16, 7, 1, 2, 
292: 0, 0, 0, 5, 2, 0, 1, 0, 0, 0, 0, 0, 0, 1, 5, 0, 5, 10, 1, 0, : 5, 2, 1, 1, 5, 5, 10, 1, 
266: 0, 0, 0, 0, 1, 0, 0, 0, 0, 0, 0, 0, 0, 1, 0, 0, 0, 1, 0, 0, : 1, 1, 1, 
82: 0, 0, 0, 0, 0, 4, 0, 0, 0, 5, 0, 0, 0, 0, 1, 0, 0, 0, 0, 0, : 4, 5, 1, 
144: 0, 0, 11, 5, 1, 0, 0, 0, 0, 1, 0, 0, 0, 0, 1, 3, 2, 1, 0, 1, : 11, 5, 1, 1, 1, 3, 2, 1, 1, 
76: 0, 0, 2, 0, 1, 1, 8, 2, 0, 1, 0, 0, 2, 0, 0, 0, 0, 2, 0, 0, : 2, 1, 1, 8, 2, 1, 2, 2, 
215: 0, 16, 0, 1, 1, 0, 0, 0, 0, 7, 1, 1, 6, 0, 0, 0, 0, 0, 0, 16, : 16, 1, 1, 7, 1, 1, 6, 16, 
242: 0, 0, 0, 1, 1, 1, 0, 1, 0, 1, 1, 0, 0, 0, 0, 0, 0, 0, 0, 0, : 1, 1, 1, 1, 1, 1, 
183: 1, 0, 0, 1, 0, 1, 0, 2, 0, 8, 0, 0, 1, 0, 0, 10, 0, 0, 0, 1, : 1, 1, 1, 2, 8, 1, 10, 1, 
288: 0, 0, 0, 0, 1, 2, 1, 0, 1, 1, 0, 0, 1, 0, 2, 0, 0, 2, 0, 0, : 1, 2, 1, 1, 1, 1, 2, 2, 
133: 0, 0, 16, 1, 0, 1, 1, 0, 0, 2, 0, 0, 1, 0, 3, 0, 0, 2, 21, 0, : 16, 1, 1, 1, 2, 1, 3, 2, 21, 
40: 24, 0, 0, 5, 0, 1, 0, 0, 0, 0, 9, 4, 0, 12, 0, 0, 0, 0, 1, 0, : 24, 5, 1, 9, 4, 12, 1, 
191: 4, 0, 0, 2, 0, 0, 0, 0, 0, 0, 1, 5, 7, 0, 0, 0, 9, 2, 0, 1, : 4, 2, 1, 5, 7, 9, 2, 1, 
67: 0, 0, 0, 0, 1, 1, 0, 1, 8, 10, 0, 1, 1, 2, 2, 0, 10, 0, 0, 0, : 1, 1, 1, 8, 10, 1, 1, 2, 2, 10, 


209: 0, 0, 9, 0, 0, 0, 0, 25, 0, 0, 0, 1, 0, 1, 2, 7, 0, 6, 0, 0, : 9, 25, 1, 1, 2, 7, 6, 
275: 1, 0, 1, 0, 0, 0, 0, 0, 0, 0, 0, 1, 1, 1, 1, 0, 1, 0, 0, 2, : 1, 1, 1, 1, 1, 1, 1, 2, 
91: 12, 0, 1, 0, 3, 0, 0, 0, 1, 3, 2, 2, 0, 0, 1, 0, 1, 0, 0, 0, : 12, 1, 3, 1, 3, 2, 2, 1, 1, 
178: 0, 0, 2, 0, 1, 0, 19, 0, 0, 0, 8, 1, 0, 0, 1, 1, 1, 0, 2, 0, : 2, 1, 19, 8, 1, 1, 1, 1, 2, 
289: 0, 0, 2, 5, 6, 0, 2, 0, 1, 2, 0, 0, 0, 1, 0, 0, 0, 0, 16, 1, : 2, 5, 6, 2, 1, 2, 1, 16, 1, 
120: 1, 0, 4, 13, 0, 2, 0, 0, 0, 0, 0, 1, 0, 1, 0, 0, 5, 0, 4, 7, : 1, 4, 13, 2, 1, 1, 5, 4, 7, 
73: 0, 1, 0, 0, 0, 0, 0, 0, 0, 1, 0, 1, 0, 0, 3, 8, 0, 0, 0, 0, : 1, 1, 1, 3, 8, 
185: 0, 0, 1, 1, 0, 5, 0, 0, 0, 1, 0, 1, 1, 0, 0, 1, 0, 11, 14, 4, : 1, 1, 5, 1, 1, 1, 1, 11, 14, 4, 
200: 2, 0, 1, 0, 10, 0, 0, 0, 0, 1, 0, 1, 3, 0, 0, 0, 2, 0, 0, 2, : 2, 1, 10, 1, 1, 3, 2, 2, 
207: 0, 19, 4, 0, 0, 0, 0, 6, 4, 0, 0, 1, 0, 2, 1, 0, 1, 0, 0, 1, : 19, 4, 6, 4, 1, 2, 1, 1, 1, 
130: 0, 1, 1, 0, 0, 0, 0, 0, 7, 0, 0, 0, 2, 0, 0, 1, 1, 0, 0, 0, : 1, 1, 7, 2, 1, 1, 
272: 0, 0, 1, 0, 11, 1, 0, 0, 0, 1, 3, 0, 1, 1, 0, 1, 1, 0, 0, 0, : 1, 11, 1, 1, 3, 1, 1, 1, 1, 
205: 3, 0, 0, 0, 1, 0, 1, 0, 1, 1, 20, 4, 6, 1, 14, 1, 1, 4, 0, 1, : 3, 1, 1, 1, 1, 20, 4, 6, 1, 14, 1, 1, 4, 1, 
7: 2, 0, 0, 4, 1, 1, 1, 0, 1, 0, 0, 0, 0, 0, 1, 0, 1, 0, 0, 0, : 2, 4, 1, 1, 1, 1, 1, 1, 
287: 0, 0, 0, 0, 1, 1, 0, 0, 0, 1, 0, 0, 3, 2, 0, 0, 1, 0, 0, 0, : 1, 1, 1, 3, 2, 1, 
143: 5, 0, 0, 0, 1, 18, 0, 0, 0, 2, 1, 1, 0, 0, 2, 2, 1, 0, 0, 0, : 5, 1, 18, 2, 1, 1, 2, 2, 1, 
72: 0, 10, 1, 0, 0, 0, 0, 0, 0, 0, 0, 1, 0, 0, 1, 1, 3, 1, 0, 3, : 10, 1, 1, 1, 1, 3, 1, 3, 
10: 0, 0, 0, 0, 0, 0, 1, 0, 0, 6, 0, 1, 11, 4, 0, 0, 4, 0, 0, 2, : 1, 6, 1, 11, 4, 4, 2, 
104: 0, 0, 1, 7, 1, 1, 3, 0, 4, 0, 0, 1, 1, 12, 0, 0, 0, 0, 1, 0, : 1, 7, 1, 1, 3, 4, 1, 1, 12, 1, 
269: 0, 0, 1, 0, 0, 0, 3, 4, 0, 0, 3, 4, 0, 0, 0, 1, 0, 0, 0, 1, : 1, 3, 4, 3, 4, 1, 1, 
277: 0, 0, 0, 0, 1, 1, 0, 0, 0, 0, 0, 6, 4, 8, 0, 2, 0, 1, 0, 0, : 1, 1, 6, 4, 8, 2, 1, 
45: 0, 0, 0, 4, 3, 0, 0, 0, 5, 4, 0, 0, 1, 1, 1, 0, 0, 0, 0, 0, : 4, 3, 5, 4, 1, 1, 1, 
112: 0, 0, 4, 0, 0, 0, 1, 0, 0, 0, 0, 0, 1, 0, 10, 0, 15, 0, 0, 1, : 4, 1, 1, 10, 15, 1, 
56: 11, 0, 0, 0, 0, 5, 7, 0, 14, 0, 1, 1, 2, 0, 0, 1, 0, 0, 0, 3, : 11, 5, 7, 14, 1, 1, 2, 1, 3, 
139: 1, 0, 2, 0, 0, 0, 0, 0, 1, 12, 0, 1, 0, 0, 0, 5, 0, 0, 0, 2, : 1, 2, 1, 12, 1, 5, 2, 
111: 0, 0, 1, 0, 0, 0, 0, 0, 0, 0, 0, 0, 0, 1, 0, 1, 0, 0, 0, 0, : 1, 1, 1, 
151: 0, 9, 1, 1, 0, 5, 0, 0, 0, 2, 0, 0, 0, 2, 0, 6, 0, 1, 0, 3, : 9, 1, 1, 5, 2, 2, 6, 1, 3, 
293: 2, 0, 1, 0, 0, 0, 1, 0, 0, 1, 0, 0, 3, 1, 2, 0, 0, 1, 0, 4, : 2, 1, 1, 1, 3, 1, 2, 1, 4, 
75: 0, 0, 1, 5, 0, 0, 0, 0, 0, 2, 0, 2, 0, 0, 0, 1, 0, 15, 3, 2, : 1, 5, 2, 2, 1, 15, 3, 2, 
164: 0, 0, 0, 0, 0, 0, 1, 5, 1, 0, 2, 8, 0, 1, 0, 0, 1, 0, 0, 1, : 1, 5, 1, 2, 8, 1, 1, 1, 


217: 0, 1, 17, 0, 8, 1, 5, 1, 1, 1, 0, 0, 0, 11, 0, 12, 0, 6, 0, 0, : 1, 17, 8, 1, 5, 1, 1, 1, 11, 12, 6, 
32: 0, 8, 0, 0, 0, 0, 1, 1, 0, 0, 0, 1, 0, 3, 0, 1, 0, 0, 4, 2, : 8, 1, 1, 1, 3, 1, 4, 2, 
1: 0, 1, 0, 2, 4, 0, 2, 0, 0, 0, 0, 0, 0, 0, 1, 0, 0, 0, 0, 1, : 1, 2, 4, 2, 1, 1, 
264: 0, 1, 0, 4, 25, 6, 0, 0, 0, 0, 0, 5, 0, 0, 0, 0, 0, 16, 14, 1, : 1, 4, 25, 6, 5, 16, 14, 1, 
148: 1, 1, 0, 1, 0, 1, 0, 0, 0, 0, 0, 0, 0, 0, 0, 1, 1, 0, 6, 1, : 1, 1, 1, 1, 1, 1, 6, 1, 
121: 0, 4, 0, 0, 0, 2, 0, 0, 0, 0, 0, 1, 0, 0, 0, 0, 0, 0, 2, 1, : 4, 2, 1, 2, 1, 
254: 0, 4, 0, 1, 0, 0, 0, 0, 24, 0, 0, 3, 0, 5, 0, 0, 0, 1, 0, 0, : 4, 1, 24, 3, 5, 1, 
84: 0, 1, 0, 0, 0, 0, 0, 1, 1, 0, 15, 2, 0, 1, 0, 0, 8, 0, 0, 10, : 1, 1, 1, 15, 2, 1, 8, 10, 
299: 0, 0, 0, 8, 0, 0, 0, 1, 0, 0, 2, 1, 8, 0, 0, 0, 22, 0, 3, 0, : 8, 1, 2, 1, 8, 22, 3, 
34: 0, 0, 0, 2, 0, 0, 1, 0, 0, 0, 0, 3, 0, 8, 0, 1, 0, 0, 0, 0, : 2, 1, 3, 8, 1, 
39: 0, 0, 9, 0, 0, 1, 0, 3, 7, 0, 1, 1, 0, 0, 0, 0, 0, 2, 0, 3, : 9, 1, 3, 7, 1, 1, 2, 3, 
247: 0, 1, 0, 1, 0, 0, 0, 0, 0, 1, 0, 2, 0, 0, 0, 0, 1, 1, 0, 1, : 1, 1, 1, 2, 1, 1, 1, 
106: 3, 0, 0, 1, 0, 7, 0, 0, 0, 0, 0, 2, 0, 0, 0, 0, 0, 0, 0, 0, : 3, 1, 7, 2, 
279: 0, 0, 0, 0, 0, 1, 6, 0, 0, 0, 0, 3, 0, 0, 0, 2, 1, 0, 0, 0, : 1, 6, 3, 2, 1, 
204: 2, 0, 0, 1, 0, 1, 0, 16, 0, 18, 2, 0, 0, 0, 0, 0, 1, 0, 0, 0, : 2, 1, 1, 16, 18, 2, 1, 
50: 17, 0, 0, 6, 0, 0, 0, 4, 0, 0, 0, 0, 0, 0, 18, 0, 1, 0, 7, 0, : 17, 6, 4, 18, 1, 7, 
119: 0, 0, 0, 1, 0, 0, 0, 0, 0, 0, 0, 1, 0, 1, 0, 0, 2, 0, 0, 0, : 1, 1, 1, 2, 
131: 0, 1, 0, 0, 1, 2, 1, 1, 0, 5, 0, 0, 0, 0, 0, 0, 0, 0, 0, 1, : 1, 1, 2, 1, 1, 5, 1, 
219: 0, 0, 0, 3, 0, 0, 20, 0, 1, 13, 18, 1, 6, 0, 0, 17, 0, 13, 0, 3, : 3, 20, 1, 13, 18, 1, 6, 17, 13, 3, 
276: 0, 0, 0, 0, 0, 1, 0, 12, 3, 0, 1, 0, 0, 1, 0, 0, 0, 0, 0, 0, : 1, 12, 3, 1, 1, 
26: 0, 1, 0, 6, 2, 1, 0, 0, 0, 0, 0, 0, 8, 3, 0, 0, 0, 0, 0, 8, : 1, 6, 2, 1, 8, 3, 8, 
184: 0, 1, 11, 0, 0, 1, 0, 0, 0, 1, 0, 3, 0, 0, 0, 0, 0, 0, 0, 1, : 1, 11, 1, 1, 3, 1, 
235: 17, 0, 0, 1, 0, 0, 2, 0, 0, 0, 0, 0, 0, 0, 0, 0, 0, 0, 0, 3, : 17, 1, 2, 3, 
28: 0, 0, 0, 0, 0, 2, 0, 0, 1, 0, 0, 1, 0, 5, 0, 0, 0, 0, 0, 0, : 2, 1, 1, 5, 
118: 0, 0, 0, 0, 0, 1, 2, 0, 0, 0, 0, 0, 8, 0, 1, 0, 3, 0, 0, 0, : 1, 2, 8, 1, 3, 
3: 0, 1, 0, 0, 0, 0, 0, 0, 0, 1, 0, 1, 10, 0, 0, 0, 0, 0, 0, 0, : 1, 1, 1, 10, 
138: 0, 0, 0, 1, 0, 1, 0, 0, 1, 0, 0, 0, 0, 2, 0, 1, 0, 0, 0, 1, : 1, 1, 1, 2, 1, 1, 
169: 0, 0, 0, 1, 0, 0, 0, 0, 1, 0, 0, 1, 0, 0, 2, 0, 0, 0, 0, 3, : 1, 1, 1, 2, 3, 
146: 0, 0, 0, 0, 0, 5, 0, 0, 0, 0, 0, 0, 0, 0, 18, 0, 0, 0, 3, 0, : 5, 18, 3, 
52: 0, 14, 3, 0, 0, 6, 0, 0, 0, 0, 1, 8, 0, 0, 0, 5, 0, 1, 1, 0, : 14, 3, 6, 1, 8, 5, 1, 1, 


105: 1, 0, 1, 0, 0, 0, 1, 0, 0, 0, 1, 1, 8, 0, 0, 0, 5, 1, 0, 0, : 1, 1, 1, 1, 1, 8, 5, 1, 
149: 0, 0, 4, 2, 3, 0, 5, 12, 0, 0, 0, 2, 1, 1, 3, 0, 0, 0, 3, 0, : 4, 2, 3, 5, 12, 2, 1, 1, 3, 3, 
62: 3, 1, 5, 0, 0, 1, 0, 1, 0, 14, 0, 3, 0, 6, 0, 0, 0, 2, 0, 0, : 3, 1, 5, 1, 1, 14, 3, 6, 2, 
268: 0, 17, 0, 1, 0, 0, 0, 1, 1, 13, 0, 2, 2, 1, 0, 3, 2, 0, 0, 1, : 17, 1, 1, 1, 13, 2, 2, 1, 3, 2, 1, 
99: 0, 2, 0, 5, 1, 0, 0, 0, 0, 0, 0, 0, 0, 0, 0, 12, 0, 0, 1, 0, : 2, 5, 1, 12, 1, 
8: 0, 4, 0, 0, 0, 1, 0, 0, 0, 0, 0, 2, 0, 4, 0, 0, 0, 0, 0, 1, : 4, 1, 2, 4, 1, 
55: 2, 0, 0, 0, 0, 0, 0, 0, 3, 0, 24, 1, 2, 0, 0, 1, 1, 0, 0, 1, : 2, 3, 24, 1, 2, 1, 1, 1, 
291: 2, 0, 8, 5, 8, 0, 0, 0, 0, 0, 6, 0, 2, 2, 0, 0, 0, 1, 0, 0, : 2, 8, 5, 8, 6, 2, 2, 1, 
256: 1, 0, 0, 1, 0, 0, 7, 0, 0, 0, 0, 0, 0, 0, 0, 0, 0, 0, 1, 2, : 1, 1, 7, 1, 2, 
48: 2, 0, 6, 0, 0, 0, 0, 0, 0, 3, 0, 9, 0, 1, 21, 0, 3, 0, 0, 0, : 2, 6, 3, 9, 1, 21, 3, 
59: 0, 0, 1, 0, 0, 0, 0, 0, 0, 0, 1, 1, 0, 0, 0, 0, 0, 1, 13, 9, : 1, 1, 1, 1, 13, 9, 
222: 0, 0, 1, 1, 0, 16, 0, 1, 0, 1, 0, 2, 0, 1, 0, 9, 0, 1, 1, 10, : 1, 1, 16, 1, 1, 2, 1, 9, 1, 1, 10, 
4: 1, 0, 1, 0, 0, 0, 1, 0, 0, 0, 0, 0, 0, 1, 1, 0, 0, 0, 5, 0, : 1, 1, 1, 1, 1, 5, 
20: 0, 0, 2, 0, 0, 0, 0, 1, 0, 0, 0, 7, 0, 0, 0, 0, 3, 0, 0, 1, : 2, 1, 7, 3, 1, 
195: 2, 0, 0, 1, 0, 0, 0, 0, 0, 0, 1, 1, 0, 0, 0, 0, 0, 1, 0, 0, : 2, 1, 1, 1, 1, 
193: 1, 2, 0, 0, 0, 0, 1, 1, 0, 1, 0, 1, 0, 0, 3, 0, 1, 4, 0, 1, : 1, 2, 1, 1, 1, 1, 3, 1, 4, 1, 
224: 0, 1, 0, 2, 0, 2, 14, 1, 0, 0, 0, 2, 1, 0, 0, 0, 1, 0, 1, 0, : 1, 2, 2, 14, 1, 2, 1, 1, 1, 
88: 0, 1, 8, 1, 0, 0, 0, 12, 0, 0, 1, 0, 0, 1, 0, 10, 1, 16, 1, 0, : 1, 8, 1, 12, 1, 1, 10, 1, 16, 1, 
12: 1, 1, 0, 1, 0, 1, 0, 1, 1, 6, 0, 0, 1, 3, 0, 1, 3, 0, 2, 0, : 1, 1, 1, 1, 1, 1, 6, 1, 3, 1, 3, 2, 
117: 1, 0, 0, 0, 0, 0, 0, 1, 0, 0, 1, 0, 0, 0, 2, 0, 0, 0, 1, 0, : 1, 1, 1, 2, 1, 
197: 2, 0, 0, 0, 0, 0, 0, 0, 0, 0, 0, 2, 0, 0, 3, 0, 0, 2, 1, 0, : 2, 2, 3, 2, 1, 
250: 0, 0, 0, 5, 28, 0, 0, 0, 21, 0, 0, 1, 2, 15, 3, 1, 2, 1, 2, 0, : 5, 28, 21, 1, 2, 15, 3, 1, 2, 1, 2, 
244: 0, 0, 0, 0, 0, 1, 1, 0, 1, 1, 3, 0, 0, 0, 1, 1, 0, 0, 3, 0, : 1, 1, 1, 1, 3, 1, 1, 3, 
210: 3, 10, 1, 2, 0, 0, 0, 0, 8, 0, 1, 1, 1, 1, 0, 0, 0, 0, 2, 0, : 3, 10, 1, 2, 8, 1, 1, 1, 1, 2, 
127: 4, 0, 1, 6, 0, 0, 1, 0, 5, 0, 0, 0, 0, 0, 0, 2, 0, 0, 1, 2, : 4, 1, 6, 1, 5, 2, 1, 2, 
258: 10, 0, 0, 0, 0, 1, 0, 8, 0, 0, 0, 0, 15, 0, 1, 0, 0, 0, 0, 1, : 10, 1, 8, 15, 1, 1, 
263: 0, 0, 0, 7, 0, 0, 1, 0, 0, 0, 0, 0, 2, 0, 1, 0, 8, 1, 2, 0, : 7, 1, 2, 1, 8, 1, 2, 
85: 3, 1, 1, 0, 0, 1, 0, 0, 0, 0, 1, 0, 2, 1, 0, 0, 0, 4, 0, 0, : 3, 1, 1, 1, 1, 2, 1, 4, 
265: 0, 0, 0, 0, 0, 0, 0, 0, 0, 1, 0, 2, 0, 2, 0, 0, 0, 0, 0, 11, : 1, 2, 2, 11, 
66: 1, 0, 0, 0, 0, 16, 8, 0, 0, 0, 0, 0, 1, 0, 1, 0, 10, 5, 0, 0, : 1, 16, 8, 1, 1, 10, 5, 


194: 0, 0, 0, 1, 0, 0, 0, 1, 0, 0, 1, 0, 4, 1, 2, 0, 4, 1, 9, 1, : 1, 1, 1, 4, 1, 2, 4, 1, 9, 1, 
153: 0, 0, 0, 0, 0, 0, 0, 1, 0, 0, 0, 0, 0, 0, 3, 1, 0, 1, 0, 0, : 1, 3, 1, 1, 
190: 0, 0, 0, 0, 5, 0, 2, 1, 0, 0, 0, 0, 0, 1, 0, 3, 0, 2, 2, 4, : 5, 2, 1, 1, 3, 2, 2, 4, 
173: 0, 0, 0, 0, 0, 19, 0, 0, 0, 0, 0, 0, 0, 0, 0, 0, 0, 5, 6, 1, : 19, 5, 6, 1, 
188: 0, 0, 0, 0, 0, 4, 0, 0, 0, 0, 0, 0, 0, 5, 0, 0, 0, 0, 2, 2, : 4, 5, 2, 2, 
97: 0, 0, 0, 0, 0, 9, 0, 0, 4, 0, 2, 2, 5, 5, 1, 0, 0, 3, 5, 2, : 9, 4, 2, 2, 5, 5, 1, 3, 5, 2, 
229: 0, 2, 0, 1, 6, 0, 0, 11, 5, 0, 3, 0, 1, 9, 2, 0, 0, 0, 1, 0, : 2, 1, 6, 11, 5, 3, 1, 9, 2, 1, 
298: 0, 8, 1, 6, 1, 0, 29, 1, 0, 0, 1, 0, 0, 2, 0, 0, 0, 0, 0, 1, : 8, 1, 6, 1, 29, 1, 1, 2, 1, 
232: 0, 7, 0, 0, 15, 0, 0, 0, 0, 0, 0, 4, 2, 0, 1, 0, 0, 0, 1, 0, : 7, 15, 4, 2, 1, 1, 
86: 0, 0, 0, 2, 0, 0, 0, 0, 3, 0, 0, 0, 4, 1, 2, 0, 2, 1, 8, 1, : 2, 3, 4, 1, 2, 2, 1, 8, 1, 
270: 0, 0, 9, 1, 0, 1, 0, 1, 0, 0, 1, 2, 8, 0, 0, 0, 1, 1, 0, 1, : 9, 1, 1, 1, 1, 2, 8, 1, 1, 1, 
83: 0, 0, 0, 1, 5, 0, 0, 1, 0, 0, 1, 1, 0, 0, 0, 0, 0, 1, 0, 0, : 1, 5, 1, 1, 1, 1, 
239: 0, 1, 0, 0, 0, 0, 0, 1, 0, 1, 0, 0, 0, 0, 0, 0, 3, 0, 0, 1, : 1, 1, 1, 3, 1, 
294: 0, 0, 1, 6, 0, 0, 1, 0, 0, 0, 1, 0, 0, 0, 0, 0, 0, 1, 0, 5, : 1, 6, 1, 1, 1, 5, 
271: 0, 0, 1, 14, 1, 0, 0, 2, 0, 3, 0, 0, 1, 1, 0, 0, 0, 0, 0, 1, : 1, 14, 1, 2, 3, 1, 1, 1, 
44: 0, 0, 0, 1, 0, 1, 0, 0, 0, 0, 5, 0, 0, 2, 0, 0, 0, 0, 0, 1, : 1, 1, 5, 2, 1, 
107: 0, 0, 0, 6, 0, 0, 0, 0, 0, 0, 0, 0, 0, 0, 0, 0, 0, 1, 0, 1, : 6, 1, 1, 
61: 0, 0, 8, 0, 0, 0, 0, 1, 2, 1, 0, 2, 0, 1, 0, 0, 1, 4, 0, 1, : 8, 1, 2, 1, 2, 1, 1, 4, 1, 
240: 3, 0, 0, 1, 3, 0, 0, 0, 0, 0, 1, 1, 0, 1, 1, 0, 20, 1, 0, 0, : 3, 1, 3, 1, 1, 1, 1, 20, 1, 
31: 1, 0, 0, 0, 0, 0, 0, 0, 0, 1, 0, 0, 1, 1, 0, 26, 0, 3, 0, 1, : 1, 1, 1, 1, 26, 3, 1, 
168: 4, 0, 16, 0, 0, 0, 0, 1, 9, 1, 0, 0, 0, 1, 4, 0, 0, 0, 0, 0, : 4, 16, 1, 9, 1, 1, 4, 
162: 10, 3, 2, 0, 0, 0, 0, 0, 0, 1, 19, 0, 0, 0, 0, 0, 7, 0, 5, 1, : 10, 3, 2, 1, 19, 7, 5, 1, 
156: 0, 0, 0, 0, 0, 0, 0, 0, 1, 4, 0, 0, 0, 1, 0, 0, 1, 3, 0, 7, : 1, 4, 1, 1, 3, 7, 
227: 0, 0, 1, 0, 1, 1, 0, 13, 0, 0, 0, 1, 0, 2, 0, 0, 0, 0, 0, 0, : 1, 1, 1, 13, 1, 2, 
25: 0, 19, 0, 0, 1, 0, 1, 0, 15, 0, 0, 1, 0, 0, 0, 1, 0, 6, 0, 0, : 19, 1, 1, 15, 1, 1, 6, 
286: 0, 0, 1, 0, 1, 2, 1, 1, 0, 6, 0, 1, 1, 0, 3, 0, 1, 0, 0, 5, : 1, 1, 2, 1, 1, 6, 1, 1, 3, 1, 5, 
124: 22, 0, 0, 0, 0, 2, 0, 3, 0, 2, 0, 0, 9, 1, 0, 0, 0, 1, 0, 0, : 22, 2, 3, 2, 9, 1, 1, 
57: 0, 0, 0, 0, 1, 0, 0, 1, 0, 19, 0, 25, 4, 0, 0, 9, 0, 2, 0, 1, : 1, 1, 19, 25, 4, 9, 2, 1, 
78: 0, 0, 0, 0, 0, 1, 6, 0, 1, 1, 3, 0, 0, 5, 0, 0, 0, 0, 0, 1, : 1, 6, 1, 1, 3, 5, 1, 
2: 0, 0, 0, 0, 0, 0, 0, 0, 0, 0, 2, 0, 0, 0, 21, 0, 0, 3, 1, 1, : 2, 21, 3, 1, 1, 


19: 1, 0, 0, 0, 0, 0, 1, 0, 0, 0, 0, 1, 0, 0, 18, 0, 2, 0, 8, 13, : 1, 1, 1, 18, 2, 8, 13, 
123: 4, 1, 0, 0, 0, 1, 1, 0, 0, 1, 0, 0, 0, 0, 0, 0, 0, 0, 0, 1, : 4, 1, 1, 1, 1, 1, 
290: 0, 0, 0, 18, 1, 1, 1, 0, 1, 0, 0, 15, 0, 0, 0, 0, 0, 0, 0, 0, : 18, 1, 1, 1, 1, 15, 
284: 0, 0, 6, 0, 0, 2, 0, 0, 6, 0, 0, 0, 2, 0, 17, 2, 0, 0, 0, 0, : 6, 2, 6, 2, 17, 2, 
163: 2, 3, 0, 0, 2, 0, 1, 0, 1, 1, 0, 1, 0, 28, 0, 0, 0, 0, 0, 1, : 2, 3, 2, 1, 1, 1, 1, 28, 1, 
36: 0, 0, 0, 0, 1, 1, 0, 3, 0, 1, 0, 2, 0, 0, 0, 0, 0, 0, 1, 0, : 1, 1, 3, 1, 2, 1, 
273: 3, 1, 1, 0, 0, 4, 0, 1, 1, 9, 0, 0, 0, 0, 0, 8, 0, 0, 0, 0, : 3, 1, 1, 4, 1, 1, 9, 8, 
234: 0, 2, 0, 0, 0, 0, 6, 1, 7, 0, 0, 0, 1, 0, 0, 0, 0, 0, 0, 0, : 2, 6, 1, 7, 1, 
95: 0, 1, 0, 6, 0, 3, 0, 0, 0, 1, 8, 6, 0, 0, 2, 0, 0, 0, 0, 0, : 1, 6, 3, 1, 8, 6, 2, 
152: 0, 0, 0, 1, 1, 1, 1, 0, 3, 1, 0, 1, 23, 0, 0, 0, 4, 0, 4, 0, : 1, 1, 1, 1, 3, 1, 1, 23, 4, 4, 
27: 0, 1, 1, 1, 4, 1, 0, 5, 0, 0, 0, 0, 5, 4, 0, 0, 0, 0, 10, 0, : 1, 1, 1, 4, 1, 5, 5, 4, 10, 
94: 0, 1, 0, 0, 1, 0, 0, 3, 0, 0, 0, 0, 0, 0, 0, 0, 10, 26, 0, 0, : 1, 1, 3, 10, 26, 
285: 0, 0, 1, 0, 3, 0, 0, 1, 0, 1, 0, 0, 0, 0, 0, 1, 3, 0, 0, 1, : 1, 3, 1, 1, 1, 3, 1, 
135: 0, 0, 0, 1, 4, 1, 1, 0, 0, 2, 20, 1, 0, 0, 0, 0, 0, 0, 0, 0, : 1, 4, 1, 1, 2, 20, 1, 
251: 0, 1, 17, 0, 0, 1, 2, 0, 9, 1, 0, 0, 0, 0, 0, 0, 0, 0, 0, 2, : 1, 17, 1, 2, 9, 1, 2, 
198: 1, 0, 1, 0, 1, 3, 0, 0, 0, 0, 0, 0, 0, 0, 0, 0, 0, 10, 1, 7, : 1, 1, 1, 3, 10, 1, 7, 
33: 5, 0, 0, 8, 5, 0, 4, 0, 1, 1, 8, 6, 6, 0, 0, 0, 1, 0, 0, 2, : 5, 8, 5, 4, 1, 1, 8, 6, 6, 1, 2, 
165: 0, 1, 4, 0, 0, 1, 0, 0, 1, 2, 4, 0, 0, 2, 0, 0, 0, 1, 1, 0, : 1, 4, 1, 1, 2, 4, 2, 1, 1, 
260: 0, 3, 1, 0, 0, 0, 9, 0, 1, 1, 0, 0, 0, 0, 1, 0, 0, 0, 1, 4, : 3, 1, 9, 1, 1, 1, 1, 4, 
77: 4, 1, 0, 1, 0, 15, 4, 0, 0, 2, 0, 0, 0, 0, 0, 0, 1, 0, 0, 0, : 4, 1, 1, 15, 4, 2, 1, 
233: 0, 1, 0, 0, 3, 1, 1, 2, 2, 1, 0, 0, 3, 0, 1, 4, 0, 0, 0, 3, : 1, 3, 1, 1, 2, 2, 1, 3, 1, 4, 3, 
248: 0, 2, 0, 0, 0, 0, 2, 19, 0, 3, 0, 3, 0, 0, 0, 0, 0, 3, 0, 3, : 2, 2, 19, 3, 3, 3, 3, 
49: 1, 0, 2, 0, 1, 0, 1, 0, 0, 5, 0, 1, 0, 1, 0, 0, 5, 0, 3, 0, : 1, 2, 1, 1, 5, 1, 1, 5, 3, 
199: 0, 15, 2, 1, 2, 1, 2, 0, 0, 1, 0, 2, 0, 0, 0, 25, 1, 0, 0, 0, : 15, 2, 1, 2, 1, 2, 1, 2, 25, 1, 
9: 0, 4, 1, 0, 2, 1, 1, 4, 0, 2, 0, 0, 0, 0, 0, 0, 0, 0, 3, 0, : 4, 1, 2, 1, 1, 4, 2, 3, 
182: 1, 1, 1, 1, 2, 1, 0, 0, 3, 0, 0, 0, 0, 5, 0, 0, 7, 0, 1, 1, : 1, 1, 1, 1, 2, 1, 3, 5, 7, 1, 1, 
87: 0, 1, 0, 0, 2, 1, 1, 1, 0, 1, 0, 0, 0, 0, 0, 0, 4, 0, 0, 0, : 1, 2, 1, 1, 1, 1, 4, 
179: 8, 0, 1, 1, 1, 0, 0, 0, 2, 1, 0, 0, 0, 0, 1, 0, 0, 0, 0, 0, : 8, 1, 1, 1, 2, 1, 1, 
110: 10, 0, 0, 0, 0, 0, 1, 0, 1, 2, 0, 0, 0, 0, 0, 0, 1, 0, 7, 0, : 10, 1, 1, 2, 1, 7, 
101: 0, 0, 1, 1, 4, 0, 0, 0, 1, 0, 0, 1, 0, 0, 0, 0, 1, 0, 0, 2, : 1, 1, 4, 1, 1, 1, 2, 


237: 0, 0, 0, 0, 0, 0, 0, 0, 1, 0, 0, 1, 0, 0, 13, 0, 0, 0, 0, 12, : 1, 1, 13, 12, 
132: 0, 0, 0, 1, 0, 1, 0, 0, 4, 1, 0, 1, 0, 0, 0, 1, 0, 1, 0, 0, : 1, 1, 4, 1, 1, 1, 1, 
170: 0, 5, 0, 0, 0, 0, 0, 0, 0, 2, 0, 6, 3, 0, 0, 0, 0, 0, 0, 0, : 5, 2, 6, 3, 
41: 0, 1, 0, 0, 0, 0, 0, 1, 0, 0, 0, 2, 0, 0, 1, 1, 0, 0, 1, 0, : 1, 1, 2, 1, 1, 1, 
181: 0, 0, 0, 0, 0, 0, 0, 0, 0, 0, 0, 0, 4, 0, 2, 0, 0, 0, 16, 0, : 4, 2, 16, 
211: 0, 0, 0, 0, 0, 0, 1, 1, 1, 0, 0, 0, 0, 5, 0, 1, 0, 3, 0, 0, : 1, 1, 1, 5, 1, 3, 
201: 0, 3, 0, 1, 0, 1, 0, 0, 0, 0, 0, 1, 1, 0, 0, 0, 0, 0, 3, 1, : 3, 1, 1, 1, 1, 3, 1, 
147: 0, 0, 3, 1, 0, 4, 0, 0, 0, 0, 0, 0, 1, 28, 6, 0, 0, 0, 0, 1, : 3, 1, 4, 1, 28, 6, 1, 
187: 5, 0, 0, 0, 0, 0, 0, 0, 0, 1, 0, 3, 0, 0, 6, 15, 0, 1, 0, 0, : 5, 1, 3, 6, 15, 1, 
17: 8, 13, 0, 1, 9, 0, 0, 16, 0, 0, 0, 0, 0, 0, 0, 0, 0, 4, 0, 0, : 8, 13, 1, 9, 16, 4, 
89: 1, 0, 0, 1, 0, 0, 1, 0, 10, 0, 0, 0, 0, 0, 0, 0, 0, 9, 7, 0, : 1, 1, 1, 10, 9, 7, 
214: 0, 0, 0, 0, 0, 20, 0, 0, 1, 4, 0, 1, 0, 0, 0, 0, 0, 0, 0, 0, : 20, 1, 4, 1, 
225: 0, 0, 0, 0, 1, 0, 9, 2, 0, 0, 0, 2, 0, 0, 3, 1, 0, 1, 0, 0, : 1, 9, 2, 2, 3, 1, 1, 
196: 0, 0, 0, 0, 0, 1, 0, 0, 0, 0, 3, 3, 0, 0, 0, 2, 4, 0, 6, 0, : 1, 3, 3, 2, 4, 6, 
296: 0, 0, 0, 19, 0, 0, 17, 0, 0, 0, 0, 1, 8, 0, 0, 0, 5, 0, 0, 0, : 19, 17, 1, 8, 5, 
238: 0, 0, 0, 0, 0, 0, 9, 0, 0, 5, 0, 2, 0, 0, 0, 1, 0, 0, 0, 4, : 9, 5, 2, 1, 4, 
267: 0, 0, 2, 0, 0, 0, 0, 1, 0, 0, 9, 0, 2, 0, 0, 0, 0, 0, 0, 0, : 2, 1, 9, 2, 
64: 0, 0, 0, 1, 0, 0, 2, 4, 0, 2, 0, 0, 0, 1, 1, 14, 0, 7, 0, 0, : 1, 2, 4, 2, 1, 1, 14, 7, 
5: 0, 1, 12, 0, 5, 1, 0, 0, 0, 24, 0, 5, 0, 0, 0, 0, 0, 0, 0, 0, : 1, 12, 5, 1, 24, 5, 
186: 4, 2, 0, 0, 0, 0, 0, 0, 0, 0, 23, 1, 0, 0, 2, 1, 0, 0, 0, 17, : 4, 2, 23, 1, 2, 1, 17, 
51: 0, 0, 0, 0, 1, 2, 0, 0, 0, 0, 0, 1, 0, 0, 0, 0, 0, 0, 0, 2, : 1, 2, 1, 2, 
255: 14, 0, 23, 0, 0, 8, 0, 0, 1, 0, 2, 5, 1, 0, 0, 0, 0, 0, 1, 1, : 14, 23, 8, 1, 2, 5, 1, 1, 1, 
24: 0, 0, 0, 0, 0, 0, 1, 0, 18, 0, 0, 0, 3, 0, 1, 0, 5, 1, 0, 0, : 1, 18, 3, 1, 5, 1, 
278: 1, 15, 0, 0, 0, 1, 0, 3, 4, 1, 0, 0, 0, 0, 3, 0, 0, 0, 0, 0, : 1, 15, 1, 3, 4, 1, 3, 
145: 0, 0, 0, 0, 0, 0, 0, 0, 0, 0, 0, 4, 0, 0, 1, 2, 16, 13, 0, 1, : 4, 1, 2, 16, 13, 1, 
102: 5, 0, 0, 11, 0, 1, 0, 1, 0, 0, 0, 0, 5, 6, 0, 0, 1, 0, 3, 0, : 5, 11, 1, 1, 5, 6, 1, 3, 
167: 1, 0, 0, 2, 6, 0, 0, 4, 0, 0, 0, 0, 1, 0, 0, 0, 0, 0, 1, 0, : 1, 2, 6, 4, 1, 1, 
126: 0, 0, 0, 2, 16, 0, 0, 0, 0, 0, 1, 0, 0, 0, 1, 0, 0, 0, 0, 1, : 2, 16, 1, 1, 1, 
103: 0, 0, 0, 0, 0, 0, 0, 0, 0, 0, 2, 1, 11, 0, 0, 1, 0, 0, 1, 0, : 2, 1, 11, 1, 1, 
274: 1, 0, 0, 0, 2, 0, 0, 7, 0, 0, 0, 0, 0, 0, 0, 0, 9, 0, 1, 0, : 1, 2, 7, 9, 1, 


243: 1, 1, 1, 0, 0, 1, 0, 5, 0, 0, 11, 0, 1, 10, 0, 3, 0, 1, 0, 0, : 1, 1, 1, 1, 5, 11, 1, 10, 3, 1, 
125: 0, 0, 0, 0, 1, 0, 0, 0, 0, 4, 0, 0, 0, 0, 0, 0, 6, 0, 24, 0, : 1, 4, 6, 24, 
122: 1, 0, 9, 0, 1, 0, 15, 1, 0, 0, 4, 0, 0, 15, 0, 0, 23, 1, 1, 1, : 1, 9, 1, 15, 1, 4, 15, 23, 1, 1, 1, 
60: 0, 1, 0, 0, 3, 0, 1, 0, 1, 5, 0, 0, 0, 1, 0, 9, 0, 9, 0, 0, : 1, 3, 1, 1, 5, 1, 9, 9, 
297: 0, 1, 0, 0, 0, 2, 5, 0, 0, 2, 0, 1, 1, 0, 0, 0, 0, 0, 0, 2, : 1, 2, 5, 2, 1, 1, 2, 
13: 1, 2, 2, 0, 3, 0, 1, 5, 0, 0, 0, 3, 0, 0, 6, 0, 0, 0, 0, 0, : 1, 2, 2, 3, 1, 5, 3, 6, 
157: 0, 0, 1, 0, 0, 0, 0, 1, 0, 0, 0, 0, 14, 1, 0, 3, 0, 0, 0, 3, : 1, 1, 14, 1, 3, 3, 
166: 0, 0, 0, 5, 5, 26, 0, 0, 0, 0, 0, 0, 1, 0, 0, 0, 0, 0, 1, 0, : 5, 5, 26, 1, 1, 
261: 0, 0, 2, 0, 0, 0, 8, 5, 0, 1, 0, 2, 0, 1, 0, 0, 0, 0, 0, 0, : 2, 8, 5, 1, 2, 1, 
38: 0, 11, 0, 0, 6, 0, 0, 0, 0, 0, 0, 0, 0, 0, 0, 0, 5, 3, 0, 0, : 11, 6, 5, 3, 
180: 0, 0, 1, 12, 0, 1, 0, 3, 0, 0, 0, 7, 0, 1, 15, 0, 3, 0, 0, 0, : 1, 12, 1, 3, 7, 1, 15, 3, 
21: 27, 1, 0, 0, 1, 0, 0, 0, 0, 1, 1, 0, 0, 0, 1, 14, 0, 0, 0, 24, : 27, 1, 1, 1, 1, 1, 14, 24, 
96: 3, 0, 0, 0, 1, 0, 0, 0, 0, 1, 0, 0, 0, 0, 1, 0, 0, 1, 3, 8, : 3, 1, 1, 1, 1, 3, 8, 
63: 0, 0, 1, 4, 1, 0, 0, 0, 2, 9, 0, 2, 0, 0, 0, 0, 2, 0, 0, 0, : 1, 4, 1, 2, 9, 2, 2, 
160: 0, 0, 1, 0, 1, 0, 1, 0, 0, 1, 11, 0, 19, 0, 0, 0, 0, 5, 0, 0, : 1, 1, 1, 1, 11, 19, 5, 
134: 0, 0, 1, 0, 0, 0, 0, 0, 0, 1, 0, 6, 0, 0, 0, 0, 0, 0, 0, 0, : 1, 1, 6, 
206: 0, 5, 0, 15, 0, 0, 0, 11, 6, 4, 0, 2, 1, 2, 0, 2, 0, 1, 0, 0, : 5, 15, 11, 6, 4, 2, 1, 2, 2, 1, 
100: 1, 0, 0, 4, 0, 0, 7, 1, 0, 1, 4, 0, 0, 0, 0, 7, 0, 2, 1, 0, : 1, 4, 7, 1, 1, 4, 7, 2, 1, 
218: 0, 6, 1, 0, 0, 0, 0, 1, 0, 1, 3, 0, 1, 0, 0, 0, 1, 0, 0, 0, : 6, 1, 1, 1, 3, 1, 1, 
46: 0, 0, 0, 0, 1, 0, 0, 1, 0, 0, 0, 0, 1, 0, 0, 0, 0, 0, 0, 0, : 1, 1, 1, 
262: 0, 0, 1, 0, 0, 0, 0, 1, 0, 0, 0, 0, 0, 0, 0, 1, 0, 0, 1, 0, : 1, 1, 1, 1, 
249: 0, 0, 0, 0, 0, 1, 0, 0, 0, 1, 1, 2, 0, 0, 0, 1, 0, 1, 0, 0, : 1, 1, 1, 2, 1, 1, 
174: 2, 7, 0, 0, 1, 0, 0, 2, 0, 0, 0, 0, 0, 0, 0, 0, 0, 0, 3, 0, : 2, 7, 1, 2, 3, 
80: 1, 2, 0, 0, 1, 0, 0, 0, 0, 0, 0, 1, 0, 0, 0, 0, 0, 1, 2, 0, : 1, 2, 1, 1, 1, 2, 
253: 3, 1, 2, 0, 1, 0, 1, 0, 3, 1, 0, 3, 0, 0, 17, 0, 0, 7, 0, 1, : 3, 1, 2, 1, 1, 3, 1, 3, 17, 7, 1, 
158: 0, 0, 0, 0, 0, 8, 0, 1, 21, 2, 1, 0, 0, 8, 0, 0, 0, 0, 1, 1, : 8, 1, 21, 2, 1, 8, 1, 1, 
30: 0, 0, 9, 0, 10, 0, 0, 1, 0, 1, 1, 2, 0, 1, 0, 0, 0, 4, 0, 0, : 9, 10, 1, 1, 1, 2, 1, 4, 
159: 0, 0, 1, 0, 0, 1, 1, 0, 1, 3, 3, 5, 0, 0, 0, 0, 0, 3, 0, 0, : 1, 1, 1, 1, 3, 3, 5, 3, 
202: 0, 0, 0, 0, 3, 0, 0, 0, 6, 0, 0, 3, 0, 0, 0, 0, 0, 1, 0, 0, : 3, 6, 3, 1, 
246: 0, 2, 7, 0, 0, 0, 0, 1, 0, 1, 0, 1, 1, 0, 0, 0, 0, 0, 3, 0, : 2, 7, 1, 1, 1, 1, 3, 


109: 35, 10, 0, 0, 1, 0, 0, 1, 0, 2, 1, 0, 0, 0, 0, 1, 1, 0, 1, 0, : 35, 10, 1, 1, 2, 1, 1, 1, 1, 
140: 0, 1, 1, 0, 3, 0, 0, 0, 0, 0, 0, 0, 12, 0, 6, 0, 1, 0, 1, 2, : 1, 1, 3, 12, 6, 1, 1, 2, 
15: 0, 4, 1, 0, 2, 0, 0, 0, 6, 0, 1, 1, 0, 0, 1, 1, 0, 3, 2, 0, : 4, 1, 2, 6, 1, 1, 1, 1, 3, 2, 
37: 0, 0, 1, 0, 2, 0, 0, 2, 1, 0, 7, 0, 12, 1, 1, 1, 0, 0, 0, 0, : 1, 2, 2, 1, 7, 12, 1, 1, 1, 
142: 0, 1, 1, 0, 1, 0, 0, 0, 0, 0, 0, 0, 0, 0, 0, 1, 2, 2, 0, 0, : 1, 1, 1, 1, 2, 2, 
171: 0, 0, 2, 3, 1, 0, 0, 0, 0, 0, 3, 0, 0, 0, 1, 0, 0, 1, 0, 0, : 2, 3, 1, 3, 1, 1, 
16: 0, 0, 6, 5, 1, 0, 5, 8, 1, 0, 0, 4, 0, 0, 2, 1, 0, 0, 1, 0, : 6, 5, 1, 5, 8, 1, 4, 2, 1, 1, 
282: 0, 0, 2, 0, 1, 0, 0, 0, 0, 0, 1, 0, 0, 0, 0, 0, 0, 0, 0, 0, : 2, 1, 1, 
295: 0, 0, 0, 0, 1, 0, 0, 0, 1, 0, 1, 1, 0, 15, 0, 1, 1, 3, 0, 0, : 1, 1, 1, 1, 15, 1, 1, 3, 
221: 0, 0, 1, 0, 1, 4, 0, 17, 3, 1, 0, 5, 0, 0, 2, 0, 1, 1, 0, 8, : 1, 1, 4, 17, 3, 1, 5, 2, 1, 1, 8, 
79: 0, 0, 0, 1, 1, 0, 0, 0, 0, 3, 9, 0, 0, 19, 1, 6, 0, 0, 0, 0, : 1, 1, 3, 9, 19, 1, 6, 
203: 0, 0, 13, 16, 0, 23, 0, 1, 0, 1, 0, 0, 0, 0, 13, 1, 0, 0, 2, 0, : 13, 16, 23, 1, 1, 13, 1, 2, 
11: 0, 0, 0, 0, 2, 0, 0, 5, 5, 2, 0, 2, 1, 0, 1, 0, 0, 0, 0, 0, : 2, 5, 5, 2, 2, 1, 1, 
280: 0, 0, 6, 0, 0, 0, 0, 0, 1, 0, 7, 2, 0, 4, 3, 1, 0, 0, 0, 0, : 6, 1, 7, 2, 4, 3, 1, 
70: 0, 20, 0, 0, 4, 0, 0, 0, 1, 1, 1, 0, 2, 0, 0, 1, 0, 25, 0, 4, : 20, 4, 1, 1, 1, 2, 1, 25, 4, 
189: 0, 0, 4, 1, 0, 1, 5, 0, 0, 5, 1, 2, 0, 1, 0, 5, 1, 0, 0, 0, : 4, 1, 1, 5, 5, 1, 2, 1, 5, 1, 
226: 0, 0, 2, 2, 0, 1, 0, 0, 0, 0, 0, 0, 0, 0, 1, 1, 0, 0, 0, 0, : 2, 2, 1, 1, 1, 
220: 0, 0, 0, 0, 0, 0, 0, 0, 0, 0, 0, 12, 0, 0, 1, 1, 2, 0, 2, 8, : 12, 1, 1, 2, 2, 8, 
259: 0, 0, 0, 1, 1, 0, 0, 1, 11, 1, 0, 5, 10, 0, 0, 0, 0, 1, 0, 0, : 1, 1, 1, 11, 1, 5, 10, 1, 
53: 0, 2, 0, 0, 1, 0, 0, 1, 0, 0, 5, 1, 0, 0, 0, 0, 0, 1, 0, 0, : 2, 1, 1, 5, 1, 1, 
115: 0, 2, 0, 1, 1, 1, 0, 0, 0, 0, 0, 0, 0, 0, 1, 1, 0, 0, 0, 12, : 2, 1, 1, 1, 1, 1, 12, 
58: 0, 0, 0, 2, 0, 1, 0, 0, 0, 4, 1, 1, 0, 0, 1, 0, 2, 0, 1, 0, : 2, 1, 4, 1, 1, 1, 2, 1, 
236: 0, 0, 0, 2, 6, 2, 0, 0, 0, 0, 0, 0, 1, 0, 0, 2, 0, 2, 0, 0, : 2, 6, 2, 1, 2, 2, 
43: 0, 0, 0, 0, 3, 0, 0, 0, 1, 19, 0, 0, 0, 0, 1, 1, 1, 0, 1, 0, : 3, 1, 19, 1, 1, 1, 1, 
81: 0, 0, 0, 3, 1, 0, 2, 2, 0, 0, 0, 0, 0, 0, 0, 2, 23, 0, 0, 0, : 3, 1, 2, 2, 2, 23, 
252: 0, 0, 0, 0, 3, 5, 0, 0, 0, 0, 0, 0, 1, 0, 0, 1, 1, 0, 0, 0, : 3, 5, 1, 1, 1, 
300: 0, 0, 0, 2, 0, 2, 1, 1, 0, 1, 0, 0, 1, 0, 1, 5, 0, 0, 0, 0, : 2, 2, 1, 1, 1, 1, 1, 5, 
71: 0, 0, 0, 0, 1, 0, 27, 0, 0, 0, 0, 0, 0, 0, 1, 3, 4, 1, 29, 0, : 1, 27, 1, 3, 4, 1, 29, 
98: 0, 0, 0, 0, 1, 0, 0, 0, 9, 0, 2, 0, 0, 0, 1, 0, 0, 0, 0, 6, : 1, 9, 2, 1, 6, 
108: 5, 0, 0, 1, 1, 0, 0, 1, 0, 0, 0, 4, 0, 0, 1, 3, 0, 0, 0, 0, : 5, 1, 1, 1, 4, 1, 3, 


