
20
300
40
10

53: 0, 0, 0, 0, 0, 0, 1, 1, 0, 5, 1, 0, 0, 2, 8, 0, 0, 0, 0, 20, : 1, 1, 5, 1, 2, 8, 20, 
11: 0, 0, 0, 0, 1, 0, 4, 1, 0, 4, 2, 0, 19, 0, 1, 0, 0, 0, 0, 0, : 1, 4, 1, 4, 2, 19, 1, 
180: 1, 0, 0, 0, 0, 0, 1, 2, 0, 2, 0, 12, 0, 0, 0, 0, 0, 0, 0, 0, : 1, 1, 2, 2, 12, 
120: 0, 0, 0, 0, 1, 0, 0, 0, 9, 4, 1, 0, 0, 4, 1, 1, 0, 1, 0, 0, : 1, 9, 4, 1, 4, 1, 1, 1, 
273: 0, 8, 0, 4, 0, 0, 1, 0, 0, 3, 0, 0, 0, 4, 0, 0, 0, 0, 0, 1, : 8, 4, 1, 3, 4, 1, 
119: 0, 0, 0, 0, 0, 0, 0, 0, 0, 1, 0, 0, 0, 5, 0, 0, 0, 0, 2, 1, : 1, 5, 2, 1, 
114: 4, 0, 1, 0, 0, 1, 1, 0, 0, 0, 1, 0, 0, 0, 0, 2, 5, 0, 0, 1, : 4, 1, 1, 1, 1, 2, 5, 1, 
7: 1, 0, 0, 3, 0, 0, 0, 0, 0, 5, 0, 1, 0, 1, 0, 0, 0, 1, 0, 0, : 1, 3, 5, 1, 1, 1, 
223: 1, 0, 5, 0, 0, 0, 0, 0, 0, 1, 6, 0, 0, 0, 1, 1, 0, 0, 4, 0, : 1, 5, 1, 6, 1, 1, 4, 
48: 3, 1, 1, 0, 17, 15, 0, 1, 0, 1, 0, 1, 0, 1, 1, 0, 25, 4, 0, 0, : 3, 1, 1, 17, 15, 1, 1, 1, 1, 1, 25, 4, 
177: 0, 0, 0, 2, 0, 0, 6, 3, 0, 0, 0, 0, 0, 3, 0, 0, 0, 0, 0, 0, : 2, 6, 3, 3, 
40: 0, 0, 0, 0, 0, 0, 4, 0, 0, 0, 7, 0, 2, 0, 5, 12, 0, 2, 0, 0, : 4, 7, 2, 5, 12, 2, 
182: 8, 0, 3, 0, 1, 0, 0, 0, 31, 0, 0, 0, 0, 1, 0, 0, 0, 0, 3, 0, : 8, 3, 1, 31, 1, 3, 
196: 0, 0, 0, 2, 0, 0, 1, 1, 0, 6, 0, 2, 6, 0, 0, 0, 2, 0, 0, 0, : 2, 1, 1, 6, 2, 6, 2, 
276: 1, 0, 0, 8, 1, 0, 0, 11, 0, 0, 1, 0, 0, 1, 5, 0, 0, 13, 0, 0, : 1, 8, 1, 11, 1, 1, 5, 13, 
291: 6, 1, 1, 0, 1, 0, 1, 4, 0, 0, 3, 0, 11, 0, 1, 0, 0, 0, 6, 1, : 6, 1, 1, 1, 1, 4, 3, 11, 1, 6, 1, 
284: 0, 0, 0, 0, 3, 0, 0, 0, 0, 0, 0, 0, 0, 0, 0, 0, 0, 1, 0, 6, : 3, 1, 6, 
129: 1, 0, 1, 0, 2, 0, 0, 0, 0, 0, 0, 19, 0, 0, 1, 0, 0, 13, 0, 0, : 1, 1, 2, 19, 1, 13, 
222: 3, 0, 0, 0, 2, 0, 0, 0, 0, 1, 0, 0, 2, 0, 0, 0, 0, 0, 0, 0, : 3, 2, 1, 2, 
98: 1, 18, 0, 0, 2, 1, 0, 1, 0, 0, 1, 0, 0, 1, 15, 0, 3, 1, 0, 0, : 1, 18, 2, 1, 1, 1, 1, 15, 3, 1, 
295: 1, 0, 0, 0, 0, 0, 1, 2, 0, 7, 0, 0, 0, 1, 0, 0, 0, 1, 0, 0, : 1, 1, 2, 7, 1, 1, 
213: 2, 0, 0, 0, 3, 1, 1, 0, 0, 0, 0, 0, 0, 0, 0, 4, 0, 0, 0, 1, : 2, 3, 1, 1, 4, 1, 
112: 1, 0, 7, 0, 0, 0, 5, 1, 0, 0, 13, 5, 0, 0, 0, 0, 0, 0, 0, 0, : 1, 7, 5, 1, 13, 5, 
87: 0, 5, 11, 0, 0, 0, 0, 7, 0, 0, 0, 0, 0, 1, 0, 0, 0, 1, 0, 0, : 5, 11, 7, 1, 1, 
172: 0, 0, 0, 0, 0, 0, 5, 1, 0, 0, 0, 0, 0, 0, 0, 0, 0, 2, 3, 0, : 5, 1, 2, 3, 
101: 0, 0, 0, 10, 0, 0, 0, 2, 0, 0, 2, 0, 0, 9, 0, 0, 0, 0, 0, 0, : 10, 2, 2, 9, 
68: 6, 0, 0, 0, 0, 21, 1, 0, 0, 0, 2, 0, 0, 4, 0, 0, 5, 0, 0, 0, : 6, 21, 1, 2, 4, 5, 
51: 0, 0, 10, 0, 5, 0, 0, 0, 0, 0, 0, 0, 0, 1, 0, 10, 0, 0, 22, 8, : 10, 5, 1, 10, 22, 8, 
152: 0, 7, 0, 10, 1, 0, 4, 1, 0, 0, 0, 0, 0, 0, 0, 6, 0, 0, 0, 0, : 7, 10, 1, 4, 1, 6, 
91: 0, 0, 0, 1, 0, 1, 3, 1, 0, 0, 0, 0, 0, 1, 1, 4, 0, 0, 0, 1, : 1, 1, 3, 1, 1, 1, 4, 1, 


187: 0, 0, 0, 0, 1, 0, 0, 10, 3, 3, 0, 0, 0, 0, 1, 0, 0, 0, 0, 1, : 1, 10, 3, 3, 1, 1, 
107: 22, 15, 0, 0, 0, 1, 0, 0, 0, 1, 1, 0, 2, 0, 1, 0, 0, 0, 0, 2, : 22, 15, 1, 1, 1, 2, 1, 2, 
205: 0, 0, 11, 0, 4, 0, 13, 0, 0, 0, 0, 25, 0, 0, 0, 0, 0, 0, 1, 0, : 11, 4, 13, 25, 1, 
41: 6, 13, 3, 0, 1, 1, 0, 0, 0, 0, 0, 0, 0, 6, 0, 0, 0, 0, 0, 0, : 6, 13, 3, 1, 1, 6, 
164: 0, 4, 0, 0, 0, 0, 0, 0, 0, 0, 1, 0, 0, 0, 1, 0, 1, 8, 0, 0, : 4, 1, 1, 1, 8, 
251: 0, 0, 0, 1, 0, 0, 0, 1, 0, 0, 0, 0, 19, 0, 0, 0, 0, 2, 0, 19, : 1, 1, 19, 2, 19, 
210: 0, 0, 2, 0, 13, 0, 16, 0, 0, 0, 4, 0, 0, 0, 2, 6, 0, 0, 0, 0, : 2, 13, 16, 4, 2, 6, 
217: 1, 0, 0, 0, 0, 0, 1, 0, 2, 0, 3, 0, 0, 0, 1, 4, 0, 0, 0, 2, : 1, 1, 2, 3, 1, 4, 2, 
60: 0, 0, 9, 0, 1, 0, 0, 0, 0, 0, 1, 0, 0, 1, 0, 0, 0, 0, 0, 0, : 9, 1, 1, 1, 
255: 0, 1, 1, 2, 1, 0, 0, 0, 0, 1, 0, 0, 0, 0, 0, 0, 0, 0, 0, 0, : 1, 1, 2, 1, 1, 
105: 0, 0, 0, 1, 0, 3, 1, 19, 1, 1, 0, 0, 0, 0, 1, 1, 0, 0, 0, 1, : 1, 3, 1, 19, 1, 1, 1, 1, 1, 
232: 0, 0, 0, 0, 0, 1, 0, 0, 0, 0, 0, 0, 0, 3, 9, 0, 0, 0, 0, 0, : 1, 3, 9, 
124: 1, 1, 0, 1, 9, 0, 3, 0, 0, 0, 0, 0, 0, 0, 0, 0, 0, 1, 17, 0, : 1, 1, 1, 9, 3, 1, 17, 
102: 0, 0, 0, 10, 0, 0, 4, 0, 1, 1, 0, 0, 0, 0, 0, 0, 13, 0, 1, 9, : 10, 4, 1, 1, 13, 1, 9, 
184: 0, 0, 0, 11, 0, 4, 0, 0, 0, 1, 0, 0, 0, 1, 12, 0, 0, 0, 0, 0, : 11, 4, 1, 1, 12, 
39: 0, 1, 0, 1, 0, 17, 0, 0, 0, 0, 0, 13, 0, 0, 0, 0, 0, 0, 1, 1, : 1, 1, 17, 13, 1, 1, 
259: 0, 1, 0, 0, 0, 0, 0, 0, 1, 1, 0, 0, 0, 3, 2, 0, 0, 5, 0, 0, : 1, 1, 1, 3, 2, 5, 
231: 0, 0, 5, 0, 1, 10, 0, 0, 0, 16, 0, 1, 0, 0, 1, 0, 0, 2, 0, 1, : 5, 1, 10, 16, 1, 1, 2, 1, 
178: 0, 0, 0, 0, 0, 0, 0, 8, 0, 1, 1, 0, 15, 0, 0, 0, 0, 0, 0, 0, : 8, 1, 1, 15, 
38: 3, 0, 0, 0, 4, 0, 2, 0, 0, 0, 3, 0, 0, 0, 0, 1, 0, 0, 0, 0, : 3, 4, 2, 3, 1, 
18: 0, 0, 0, 1, 0, 0, 0, 1, 0, 0, 1, 1, 0, 15, 0, 0, 0, 0, 0, 0, : 1, 1, 1, 1, 15, 
70: 3, 0, 8, 1, 0, 0, 0, 0, 0, 0, 1, 0, 0, 0, 0, 0, 0, 0, 2, 1, : 3, 8, 1, 1, 2, 1, 
12: 0, 0, 0, 0, 0, 0, 0, 0, 0, 0, 0, 0, 0, 2, 0, 0, 25, 17, 2, 3, : 2, 25, 17, 2, 3, 
147: 1, 0, 0, 3, 0, 0, 0, 0, 10, 0, 6, 0, 3, 1, 2, 0, 1, 0, 0, 0, : 1, 3, 10, 6, 3, 1, 2, 1, 
191: 0, 0, 0, 0, 0, 0, 0, 0, 0, 1, 0, 0, 0, 0, 1, 0, 0, 0, 0, 0, : 1, 1, 
174: 1, 4, 0, 7, 1, 0, 0, 0, 21, 0, 1, 0, 0, 2, 0, 0, 0, 0, 2, 0, : 1, 4, 7, 1, 21, 1, 2, 2, 
121: 0, 0, 1, 0, 1, 1, 0, 1, 0, 11, 13, 0, 0, 3, 0, 11, 0, 0, 3, 0, : 1, 1, 1, 1, 11, 13, 3, 11, 3, 
198: 2, 0, 0, 0, 1, 0, 0, 0, 0, 2, 0, 0, 0, 0, 6, 17, 0, 1, 6, 0, : 2, 1, 2, 6, 17, 1, 6, 
280: 0, 0, 0, 0, 2, 2, 0, 0, 1, 0, 4, 0, 0, 0, 0, 0, 0, 2, 0, 0, : 2, 2, 1, 4, 2, 
179: 0, 0, 0, 1, 0, 0, 0, 0, 0, 0, 0, 0, 1, 3, 0, 0, 0, 2, 5, 0, : 1, 1, 3, 2, 5, 


66: 3, 0, 3, 0, 15, 0, 1, 0, 2, 0, 0, 0, 3, 0, 0, 7, 0, 0, 0, 0, : 3, 3, 15, 1, 2, 3, 7, 
34: 1, 19, 0, 3, 0, 0, 0, 0, 2, 0, 0, 1, 0, 0, 1, 2, 0, 2, 1, 0, : 1, 19, 3, 2, 1, 1, 2, 2, 1, 
74: 0, 0, 0, 0, 0, 0, 2, 0, 2, 9, 0, 1, 0, 1, 0, 0, 0, 0, 0, 0, : 2, 2, 9, 1, 1, 
300: 1, 0, 0, 0, 1, 0, 2, 1, 0, 0, 0, 1, 0, 2, 0, 0, 13, 0, 0, 0, : 1, 1, 2, 1, 1, 2, 13, 
72: 0, 0, 0, 0, 0, 2, 1, 0, 1, 0, 0, 4, 0, 3, 0, 1, 1, 0, 0, 1, : 2, 1, 1, 4, 3, 1, 1, 1, 
167: 0, 0, 0, 0, 0, 7, 1, 0, 0, 0, 0, 1, 0, 0, 2, 2, 0, 0, 0, 1, : 7, 1, 1, 2, 2, 1, 
59: 0, 0, 0, 0, 0, 0, 1, 0, 0, 0, 0, 2, 0, 0, 0, 5, 0, 7, 1, 2, : 1, 2, 5, 7, 1, 2, 
176: 9, 0, 0, 2, 0, 0, 1, 0, 0, 5, 0, 10, 0, 1, 0, 0, 0, 0, 2, 0, : 9, 2, 1, 5, 10, 1, 2, 
19: 1, 0, 0, 0, 2, 11, 1, 0, 0, 0, 0, 0, 0, 8, 1, 0, 0, 0, 1, 1, : 1, 2, 11, 1, 8, 1, 1, 1, 
246: 0, 0, 0, 1, 0, 0, 1, 0, 1, 0, 1, 0, 1, 0, 0, 0, 0, 0, 0, 8, : 1, 1, 1, 1, 1, 8, 
6: 0, 1, 0, 0, 0, 0, 1, 0, 0, 1, 0, 0, 0, 1, 3, 0, 0, 0, 4, 1, : 1, 1, 1, 1, 3, 4, 1, 
263: 0, 0, 0, 0, 0, 0, 0, 0, 0, 0, 0, 0, 10, 5, 0, 1, 4, 20, 3, 2, : 10, 5, 1, 4, 20, 3, 2, 
42: 0, 0, 15, 0, 0, 0, 0, 0, 0, 0, 2, 1, 0, 0, 0, 2, 0, 3, 1, 1, : 15, 2, 1, 2, 3, 1, 1, 
298: 4, 0, 0, 1, 0, 0, 2, 1, 1, 0, 0, 1, 0, 0, 1, 0, 5, 0, 2, 0, : 4, 1, 2, 1, 1, 1, 1, 5, 2, 
93: 1, 0, 8, 0, 1, 1, 5, 0, 1, 0, 0, 0, 0, 0, 0, 1, 0, 0, 2, 1, : 1, 8, 1, 1, 5, 1, 1, 2, 1, 
103: 0, 0, 5, 0, 0, 0, 0, 0, 2, 7, 0, 0, 20, 0, 0, 1, 0, 0, 0, 0, : 5, 2, 7, 20, 1, 
57: 11, 4, 0, 0, 0, 0, 1, 0, 0, 0, 1, 0, 0, 9, 1, 5, 0, 0, 1, 1, : 11, 4, 1, 1, 9, 1, 5, 1, 1, 
2: 1, 0, 0, 0, 0, 0, 1, 0, 6, 0, 4, 0, 0, 0, 0, 1, 0, 1, 0, 0, : 1, 1, 6, 4, 1, 1, 
92: 0, 0, 0, 0, 0, 4, 1, 10, 0, 0, 0, 0, 0, 5, 0, 0, 0, 1, 1, 0, : 4, 1, 10, 5, 1, 1, 
137: 1, 0, 0, 0, 12, 0, 0, 10, 17, 1, 0, 2, 0, 1, 1, 3, 3, 0, 2, 0, : 1, 12, 10, 17, 1, 2, 1, 1, 3, 3, 2, 
199: 0, 13, 0, 0, 0, 0, 3, 0, 0, 8, 31, 1, 0, 1, 0, 0, 0, 0, 1, 0, : 13, 3, 8, 31, 1, 1, 1, 
170: 1, 2, 0, 0, 0, 8, 1, 0, 0, 0, 0, 1, 1, 0, 0, 3, 0, 0, 0, 0, : 1, 2, 8, 1, 1, 1, 3, 
117: 0, 0, 0, 1, 0, 0, 1, 0, 0, 3, 0, 6, 0, 0, 7, 1, 0, 1, 1, 0, : 1, 1, 3, 6, 7, 1, 1, 1, 
268: 2, 0, 0, 1, 0, 6, 3, 1, 0, 4, 1, 2, 1, 0, 0, 1, 14, 0, 0, 0, : 2, 1, 6, 3, 1, 4, 1, 2, 1, 1, 14, 
58: 1, 0, 0, 11, 0, 0, 1, 0, 1, 0, 0, 0, 1, 0, 0, 1, 0, 0, 1, 17, : 1, 11, 1, 1, 1, 1, 1, 17, 
106: 0, 0, 6, 17, 0, 0, 6, 0, 1, 2, 0, 2, 0, 1, 3, 1, 0, 1, 1, 0, : 6, 17, 6, 1, 2, 2, 1, 3, 1, 1, 1, 
155: 0, 0, 0, 0, 9, 1, 3, 0, 0, 0, 0, 3, 0, 0, 20, 1, 0, 0, 1, 0, : 9, 1, 3, 3, 20, 1, 1, 
294: 1, 1, 0, 3, 0, 0, 0, 0, 0, 0, 0, 0, 0, 1, 0, 1, 0, 0, 1, 3, : 1, 1, 3, 1, 1, 1, 3, 
113: 1, 0, 3, 0, 0, 0, 0, 0, 0, 0, 0, 1, 3, 0, 0, 0, 0, 0, 0, 0, : 1, 3, 1, 3, 
143: 1, 0, 0, 0, 0, 0, 0, 17, 3, 0, 0, 0, 0, 1, 0, 0, 0, 4, 13, 1, : 1, 17, 3, 1, 4, 13, 1, 


43: 0, 0, 1, 0, 0, 0, 0, 1, 1, 0, 0, 0, 0, 0, 7, 4, 0, 0, 0, 1, : 1, 1, 1, 7, 4, 1, 
135: 0, 0, 1, 6, 0, 0, 5, 0, 0, 1, 0, 0, 1, 2, 0, 2, 1, 0, 2, 0, : 1, 6, 5, 1, 1, 2, 2, 1, 2, 
36: 0, 6, 0, 0, 0, 0, 0, 0, 0, 1, 0, 8, 4, 0, 0, 0, 0, 0, 4, 0, : 6, 1, 8, 4, 4, 
299: 14, 3, 0, 0, 0, 0, 0, 0, 0, 2, 1, 0, 0, 0, 0, 5, 0, 0, 1, 0, : 14, 3, 2, 1, 5, 1, 
46: 0, 7, 0, 0, 1, 7, 0, 0, 2, 1, 0, 1, 1, 12, 0, 0, 0, 0, 0, 0, : 7, 1, 7, 2, 1, 1, 1, 12, 
25: 0, 0, 0, 0, 0, 0, 0, 18, 12, 1, 1, 0, 2, 1, 0, 0, 1, 0, 0, 0, : 18, 12, 1, 1, 2, 1, 1, 
197: 0, 0, 3, 0, 0, 0, 0, 1, 0, 0, 0, 0, 7, 0, 0, 15, 0, 0, 0, 24, : 3, 1, 7, 15, 24, 
145: 0, 1, 1, 0, 0, 0, 17, 0, 0, 0, 0, 2, 0, 9, 7, 0, 0, 1, 0, 1, : 1, 1, 17, 2, 9, 7, 1, 1, 
242: 2, 1, 0, 2, 0, 1, 0, 0, 0, 6, 9, 0, 0, 0, 0, 1, 0, 2, 1, 0, : 2, 1, 2, 1, 6, 9, 1, 2, 1, 
193: 0, 0, 1, 0, 1, 0, 0, 0, 10, 0, 0, 0, 1, 0, 0, 0, 0, 0, 0, 0, : 1, 1, 10, 1, 
200: 1, 0, 0, 0, 0, 1, 3, 3, 0, 3, 3, 0, 2, 0, 0, 2, 24, 1, 0, 1, : 1, 1, 3, 3, 3, 3, 2, 2, 24, 1, 1, 
104: 1, 0, 1, 0, 0, 0, 0, 0, 0, 2, 0, 0, 0, 1, 0, 0, 1, 3, 0, 0, : 1, 1, 2, 1, 1, 3, 
27: 2, 1, 1, 7, 1, 1, 0, 0, 9, 1, 1, 0, 4, 0, 0, 0, 2, 1, 22, 0, : 2, 1, 1, 7, 1, 1, 9, 1, 1, 4, 2, 1, 22, 
138: 0, 6, 1, 8, 4, 0, 0, 0, 0, 0, 0, 0, 0, 0, 0, 0, 1, 10, 0, 5, : 6, 1, 8, 4, 1, 10, 5, 
166: 1, 0, 0, 1, 0, 0, 2, 2, 0, 0, 1, 21, 0, 0, 0, 0, 3, 0, 4, 1, : 1, 1, 2, 2, 1, 21, 3, 4, 1, 
24: 0, 0, 1, 0, 0, 0, 3, 0, 1, 1, 0, 0, 3, 3, 0, 0, 0, 0, 0, 1, : 1, 3, 1, 1, 3, 3, 1, 
293: 5, 1, 0, 0, 0, 0, 0, 0, 0, 0, 5, 0, 1, 0, 0, 1, 0, 1, 0, 0, : 5, 1, 5, 1, 1, 1, 
272: 0, 0, 0, 3, 31, 0, 0, 0, 0, 0, 0, 1, 0, 0, 0, 2, 0, 7, 2, 3, : 3, 31, 1, 2, 7, 2, 3, 
227: 0, 8, 1, 0, 0, 1, 1, 0, 0, 1, 0, 0, 0, 0, 0, 0, 0, 0, 1, 0, : 8, 1, 1, 1, 1, 1, 
238: 0, 1, 0, 0, 0, 0, 0, 0, 0, 0, 0, 2, 0, 0, 0, 4, 1, 1, 1, 0, : 1, 2, 4, 1, 1, 1, 
158: 0, 3, 1, 0, 0, 0, 0, 0, 0, 1, 4, 0, 6, 0, 0, 0, 0, 1, 0, 1, : 3, 1, 1, 4, 6, 1, 1, 
67: 11, 0, 0, 1, 0, 4, 5, 1, 0, 0, 0, 1, 0, 0, 8, 0, 0, 0, 1, 0, : 11, 1, 4, 5, 1, 1, 8, 1, 
90: 1, 1, 9, 0, 0, 4, 0, 0, 1, 1, 14, 0, 0, 0, 0, 0, 0, 0, 0, 0, : 1, 1, 9, 4, 1, 1, 14, 
149: 1, 0, 0, 1, 0, 1, 1, 0, 0, 1, 1, 1, 0, 0, 18, 1, 5, 1, 0, 1, : 1, 1, 1, 1, 1, 1, 1, 18, 1, 5, 1, 1, 
212: 0, 1, 1, 3, 0, 2, 3, 0, 1, 0, 0, 0, 0, 0, 0, 1, 0, 0, 0, 0, : 1, 1, 3, 2, 3, 1, 1, 
261: 0, 0, 1, 8, 1, 0, 0, 7, 1, 1, 0, 1, 4, 0, 0, 1, 0, 0, 0, 0, : 1, 8, 1, 7, 1, 1, 1, 4, 1, 
16: 0, 0, 1, 0, 1, 0, 0, 2, 1, 8, 0, 2, 1, 11, 0, 1, 0, 2, 0, 0, : 1, 1, 2, 1, 8, 2, 1, 11, 1, 2, 
108: 1, 0, 10, 0, 0, 4, 0, 1, 1, 1, 0, 0, 1, 0, 0, 0, 1, 9, 0, 0, : 1, 10, 4, 1, 1, 1, 1, 1, 9, 
216: 0, 0, 0, 0, 0, 9, 0, 4, 0, 0, 0, 0, 1, 1, 0, 0, 0, 0, 0, 1, : 9, 4, 1, 1, 1, 
288: 0, 0, 5, 0, 0, 5, 0, 0, 0, 7, 0, 0, 1, 0, 0, 0, 0, 0, 1, 0, : 5, 5, 7, 1, 1, 


122: 1, 0, 0, 1, 0, 0, 1, 1, 0, 1, 2, 0, 1, 0, 1, 0, 2, 1, 0, 0, : 1, 1, 1, 1, 1, 2, 1, 1, 2, 1, 
94: 0, 1, 0, 0, 1, 0, 0, 0, 1, 0, 1, 0, 0, 0, 13, 0, 0, 0, 0, 0, : 1, 1, 1, 1, 13, 
171: 0, 0, 0, 0, 0, 3, 0, 2, 5, 0, 0, 0, 1, 0, 0, 0, 0, 0, 0, 0, : 3, 2, 5, 1, 
63: 0, 0, 0, 0, 9, 0, 0, 0, 1, 0, 0, 0, 2, 1, 0, 1, 0, 0, 10, 0, : 9, 1, 2, 1, 1, 10, 
156: 0, 13, 0, 0, 0, 0, 0, 0, 3, 12, 0, 0, 2, 3, 0, 0, 0, 0, 0, 0, : 13, 3, 12, 2, 3, 
286: 2, 0, 0, 0, 0, 0, 0, 2, 8, 0, 0, 0, 0, 0, 0, 1, 3, 0, 0, 0, : 2, 2, 8, 1, 3, 
96: 0, 0, 5, 0, 25, 0, 1, 3, 0, 0, 0, 0, 0, 1, 0, 0, 2, 0, 0, 0, : 5, 25, 1, 3, 1, 2, 
75: 0, 3, 0, 4, 0, 0, 1, 0, 0, 0, 4, 0, 1, 0, 0, 6, 0, 0, 0, 0, : 3, 4, 1, 4, 1, 6, 
13: 0, 0, 0, 0, 0, 1, 0, 0, 6, 0, 0, 4, 0, 1, 3, 0, 0, 0, 0, 0, : 1, 6, 4, 1, 3, 
97: 0, 1, 0, 0, 0, 0, 1, 0, 0, 0, 2, 0, 0, 0, 2, 0, 0, 0, 0, 0, : 1, 1, 2, 2, 
252: 0, 0, 0, 0, 1, 0, 1, 0, 6, 7, 0, 0, 0, 2, 0, 0, 0, 0, 0, 0, : 1, 1, 6, 7, 2, 
111: 0, 0, 0, 2, 0, 0, 0, 0, 2, 0, 5, 1, 6, 13, 0, 0, 0, 0, 0, 0, : 2, 2, 5, 1, 6, 13, 
250: 0, 0, 0, 5, 0, 0, 1, 5, 0, 0, 0, 0, 0, 0, 0, 4, 0, 0, 0, 0, : 5, 1, 5, 4, 
44: 0, 0, 0, 0, 0, 0, 12, 0, 0, 3, 0, 0, 0, 4, 0, 0, 0, 0, 0, 0, : 12, 3, 4, 
266: 0, 0, 0, 0, 0, 0, 1, 2, 0, 0, 0, 2, 1, 0, 0, 0, 0, 0, 0, 0, : 1, 2, 2, 1, 
26: 30, 0, 0, 1, 0, 26, 1, 1, 0, 1, 0, 0, 3, 1, 0, 0, 1, 0, 1, 0, : 30, 1, 26, 1, 1, 1, 3, 1, 1, 1, 
71: 0, 0, 0, 10, 0, 0, 0, 0, 0, 0, 4, 0, 0, 1, 0, 10, 1, 28, 0, 24, : 10, 4, 1, 10, 1, 28, 24, 
233: 0, 2, 3, 0, 0, 0, 0, 0, 1, 1, 0, 2, 3, 3, 0, 8, 0, 0, 2, 0, : 2, 3, 1, 1, 2, 3, 3, 8, 2, 
45: 1, 0, 0, 5, 1, 2, 2, 0, 0, 0, 0, 16, 0, 1, 0, 7, 0, 0, 10, 0, : 1, 5, 1, 2, 2, 16, 1, 7, 10, 
289: 0, 0, 0, 0, 0, 0, 0, 0, 1, 8, 0, 1, 3, 0, 0, 0, 0, 0, 0, 0, : 1, 8, 1, 3, 
195: 0, 0, 0, 0, 1, 7, 0, 1, 0, 0, 0, 0, 2, 1, 1, 0, 0, 8, 0, 0, : 1, 7, 1, 2, 1, 1, 8, 
229: 0, 1, 0, 3, 0, 0, 0, 9, 0, 0, 6, 0, 0, 0, 0, 0, 0, 0, 0, 8, : 1, 3, 9, 6, 8, 
274: 0, 0, 0, 0, 0, 0, 10, 1, 4, 0, 0, 2, 9, 0, 0, 3, 0, 0, 1, 0, : 10, 1, 4, 2, 9, 3, 1, 
30: 4, 4, 0, 2, 1, 0, 0, 0, 0, 0, 0, 0, 1, 1, 0, 0, 1, 0, 2, 0, : 4, 4, 2, 1, 1, 1, 1, 2, 
17: 1, 7, 0, 0, 1, 1, 1, 11, 2, 7, 7, 0, 0, 2, 0, 0, 22, 0, 0, 8, : 1, 7, 1, 1, 1, 11, 2, 7, 7, 2, 22, 8, 
84: 0, 3, 1, 0, 0, 0, 5, 0, 0, 0, 0, 0, 1, 0, 0, 0, 6, 0, 3, 0, : 3, 1, 5, 1, 6, 3, 
219: 1, 0, 15, 4, 0, 0, 2, 0, 0, 0, 1, 0, 0, 0, 0, 0, 1, 0, 0, 0, : 1, 15, 4, 2, 1, 1, 
292: 0, 0, 0, 0, 0, 0, 0, 1, 0, 0, 1, 1, 0, 3, 20, 0, 0, 3, 7, 0, : 1, 1, 1, 3, 20, 3, 7, 
224: 0, 5, 16, 2, 0, 0, 0, 0, 0, 0, 7, 1, 3, 1, 0, 0, 1, 0, 4, 0, : 5, 16, 2, 7, 1, 3, 1, 1, 4, 
256: 0, 0, 0, 1, 0, 0, 0, 1, 0, 0, 0, 10, 1, 1, 0, 0, 0, 0, 0, 0, : 1, 1, 10, 1, 1, 


148: 0, 0, 15, 0, 0, 4, 0, 0, 0, 1, 0, 0, 0, 0, 0, 6, 0, 0, 0, 6, : 15, 4, 1, 6, 6, 
128: 0, 0, 2, 0, 3, 0, 1, 0, 4, 0, 0, 0, 0, 0, 0, 1, 9, 0, 0, 1, : 2, 3, 1, 4, 1, 9, 1, 
173: 6, 0, 0, 0, 1, 2, 0, 0, 0, 0, 0, 0, 0, 1, 0, 2, 0, 8, 0, 6, : 6, 1, 2, 1, 2, 8, 6, 
221: 0, 17, 0, 0, 0, 1, 0, 0, 0, 1, 1, 2, 0, 22, 0, 0, 0, 0, 1, 1, : 17, 1, 1, 1, 2, 22, 1, 1, 
31: 0, 1, 0, 0, 8, 0, 0, 0, 0, 0, 0, 1, 0, 0, 0, 1, 28, 4, 0, 2, : 1, 8, 1, 1, 28, 4, 2, 
64: 0, 0, 0, 0, 0, 0, 0, 0, 0, 0, 2, 0, 0, 0, 0, 0, 0, 0, 1, 1, : 2, 1, 1, 
206: 0, 0, 0, 0, 1, 0, 1, 0, 0, 1, 0, 0, 0, 5, 0, 0, 0, 0, 12, 0, : 1, 1, 1, 5, 12, 
285: 0, 0, 0, 16, 0, 0, 1, 24, 0, 0, 0, 0, 0, 0, 1, 1, 0, 1, 0, 2, : 16, 1, 24, 1, 1, 1, 2, 
115: 9, 0, 0, 0, 1, 0, 6, 2, 0, 0, 3, 1, 0, 0, 1, 15, 0, 1, 4, 0, : 9, 1, 6, 2, 3, 1, 1, 15, 1, 4, 
188: 1, 2, 0, 0, 0, 0, 0, 0, 4, 0, 1, 1, 0, 0, 0, 0, 0, 0, 0, 0, : 1, 2, 4, 1, 1, 
83: 0, 0, 0, 1, 0, 1, 0, 0, 9, 0, 0, 5, 0, 0, 0, 0, 3, 0, 0, 0, : 1, 1, 9, 5, 3, 
236: 0, 0, 0, 0, 1, 4, 6, 0, 0, 0, 0, 0, 0, 0, 7, 0, 0, 7, 1, 0, : 1, 4, 6, 7, 7, 1, 
186: 0, 0, 0, 7, 1, 0, 0, 0, 0, 0, 0, 7, 0, 0, 3, 2, 0, 0, 1, 0, : 7, 1, 7, 3, 2, 1, 
297: 0, 0, 0, 0, 0, 0, 0, 0, 0, 0, 14, 2, 10, 1, 0, 0, 0, 9, 0, 0, : 14, 2, 10, 1, 9, 
162: 0, 0, 0, 0, 0, 4, 0, 0, 0, 0, 1, 0, 0, 0, 0, 0, 0, 1, 0, 4, : 4, 1, 1, 4, 
146: 3, 0, 0, 0, 0, 0, 0, 0, 0, 2, 0, 11, 0, 4, 0, 0, 0, 1, 5, 0, : 3, 2, 11, 4, 1, 5, 
54: 0, 0, 14, 0, 0, 0, 0, 1, 2, 1, 1, 6, 0, 0, 1, 7, 0, 0, 1, 0, : 14, 1, 2, 1, 1, 6, 1, 7, 1, 
160: 0, 1, 0, 0, 0, 0, 0, 0, 0, 0, 0, 1, 13, 0, 0, 2, 0, 0, 1, 0, : 1, 1, 13, 2, 1, 
265: 1, 10, 0, 1, 0, 0, 0, 0, 0, 5, 0, 0, 0, 0, 0, 0, 0, 0, 0, 0, : 1, 10, 1, 5, 
123: 0, 0, 0, 0, 0, 6, 9, 0, 0, 0, 1, 1, 0, 0, 0, 1, 0, 0, 2, 0, : 6, 9, 1, 1, 1, 2, 
3: 1, 0, 0, 0, 2, 1, 0, 1, 0, 0, 0, 0, 0, 0, 0, 0, 0, 0, 1, 0, : 1, 2, 1, 1, 1, 
211: 0, 7, 1, 2, 0, 14, 0, 0, 0, 0, 0, 2, 0, 6, 0, 1, 0, 5, 8, 0, : 7, 1, 2, 14, 2, 6, 1, 5, 8, 
168: 0, 0, 0, 1, 2, 0, 10, 0, 0, 11, 0, 0, 0, 1, 12, 0, 0, 0, 0, 14, : 1, 2, 10, 11, 1, 12, 14, 
35: 0, 0, 6, 11, 9, 0, 2, 4, 0, 18, 0, 0, 0, 0, 2, 0, 0, 1, 0, 1, : 6, 11, 9, 2, 4, 18, 2, 1, 1, 
5: 1, 0, 0, 0, 2, 2, 1, 0, 20, 0, 0, 0, 10, 0, 0, 0, 0, 1, 0, 2, : 1, 2, 2, 1, 20, 10, 1, 2, 
116: 0, 2, 0, 0, 6, 0, 0, 0, 0, 0, 0, 0, 0, 0, 2, 0, 0, 1, 1, 0, : 2, 6, 2, 1, 1, 
88: 0, 0, 0, 0, 0, 0, 2, 8, 1, 0, 6, 0, 6, 0, 1, 0, 0, 0, 1, 0, : 2, 8, 1, 6, 6, 1, 1, 
243: 0, 0, 2, 0, 3, 0, 0, 0, 0, 0, 7, 0, 0, 0, 0, 1, 0, 0, 0, 0, : 2, 3, 7, 1, 
181: 18, 0, 0, 0, 0, 0, 0, 0, 0, 0, 2, 0, 1, 0, 0, 0, 0, 0, 0, 0, : 18, 2, 1, 
50: 0, 0, 0, 1, 0, 1, 1, 0, 0, 0, 1, 0, 0, 0, 10, 0, 0, 0, 0, 0, : 1, 1, 1, 1, 10, 


133: 0, 6, 2, 0, 3, 0, 0, 0, 0, 0, 0, 0, 0, 0, 0, 1, 4, 0, 0, 0, : 6, 2, 3, 1, 4, 
23: 1, 0, 0, 0, 2, 6, 0, 6, 9, 0, 0, 0, 0, 0, 5, 1, 4, 4, 0, 0, : 1, 2, 6, 6, 9, 5, 1, 4, 4, 
190: 0, 0, 4, 13, 9, 2, 0, 0, 0, 0, 0, 0, 1, 0, 0, 1, 1, 4, 0, 0, : 4, 13, 9, 2, 1, 1, 1, 4, 
262: 11, 13, 0, 2, 8, 0, 0, 0, 0, 0, 0, 0, 0, 0, 11, 1, 1, 0, 0, 0, : 11, 13, 2, 8, 11, 1, 1, 
15: 0, 3, 1, 0, 0, 0, 0, 0, 0, 2, 0, 0, 0, 1, 4, 1, 10, 0, 0, 0, : 3, 1, 2, 1, 4, 1, 10, 
264: 15, 0, 0, 0, 0, 1, 0, 0, 0, 0, 0, 0, 1, 1, 0, 0, 3, 1, 1, 18, : 15, 1, 1, 1, 3, 1, 1, 18, 
21: 0, 1, 0, 1, 0, 0, 0, 1, 0, 0, 0, 0, 1, 0, 1, 1, 0, 0, 0, 0, : 1, 1, 1, 1, 1, 1, 
175: 0, 0, 0, 1, 1, 0, 0, 0, 0, 0, 0, 0, 0, 0, 0, 0, 1, 0, 1, 1, : 1, 1, 1, 1, 1, 
226: 0, 3, 0, 0, 1, 3, 0, 0, 24, 0, 0, 0, 1, 0, 2, 0, 0, 0, 0, 1, : 3, 1, 3, 24, 1, 2, 1, 
142: 0, 0, 1, 5, 0, 0, 0, 0, 0, 4, 2, 0, 1, 0, 1, 1, 0, 0, 0, 0, : 1, 5, 4, 2, 1, 1, 1, 
20: 1, 0, 0, 0, 0, 0, 0, 1, 0, 0, 0, 0, 11, 24, 0, 0, 1, 0, 13, 0, : 1, 1, 11, 24, 1, 13, 
189: 0, 0, 15, 1, 2, 6, 0, 1, 1, 24, 0, 0, 1, 0, 0, 1, 0, 0, 0, 2, : 15, 1, 2, 6, 1, 1, 24, 1, 1, 2, 
125: 1, 0, 0, 0, 0, 0, 0, 0, 4, 8, 0, 0, 2, 0, 1, 0, 5, 0, 0, 0, : 1, 4, 8, 2, 1, 5, 
33: 0, 0, 1, 0, 2, 0, 0, 2, 0, 0, 0, 0, 0, 0, 0, 1, 1, 0, 0, 0, : 1, 2, 2, 1, 1, 
277: 3, 1, 0, 1, 0, 0, 15, 1, 0, 0, 0, 13, 0, 1, 0, 0, 1, 0, 0, 0, : 3, 1, 1, 15, 1, 13, 1, 1, 
283: 0, 0, 1, 0, 0, 3, 0, 1, 1, 0, 0, 1, 0, 0, 0, 1, 3, 0, 1, 0, : 1, 3, 1, 1, 1, 1, 3, 1, 
271: 0, 0, 1, 0, 0, 2, 0, 0, 0, 0, 0, 0, 18, 1, 0, 0, 1, 0, 0, 0, : 1, 2, 18, 1, 1, 
201: 0, 0, 2, 7, 2, 1, 0, 2, 0, 0, 0, 0, 0, 3, 1, 1, 0, 0, 0, 0, : 2, 7, 2, 1, 2, 3, 1, 1, 
215: 1, 0, 0, 0, 0, 0, 0, 0, 0, 0, 22, 0, 1, 1, 4, 1, 0, 0, 0, 1, : 1, 22, 1, 1, 4, 1, 1, 
81: 2, 0, 0, 0, 0, 0, 0, 1, 0, 0, 0, 0, 1, 2, 7, 4, 1, 0, 0, 1, : 2, 1, 1, 2, 7, 4, 1, 1, 
153: 1, 0, 0, 2, 0, 0, 0, 1, 0, 0, 0, 0, 1, 1, 0, 5, 0, 30, 12, 0, : 1, 2, 1, 1, 1, 5, 30, 12, 
267: 1, 13, 1, 5, 0, 0, 0, 1, 0, 2, 0, 13, 0, 1, 1, 1, 1, 0, 1, 2, : 1, 13, 1, 5, 1, 2, 13, 1, 1, 1, 1, 1, 2, 
95: 1, 0, 1, 0, 2, 0, 1, 0, 0, 0, 16, 0, 0, 0, 0, 1, 0, 0, 0, 0, : 1, 1, 2, 1, 16, 1, 
86: 0, 0, 0, 0, 0, 15, 0, 2, 0, 0, 0, 0, 0, 0, 0, 1, 1, 0, 0, 0, : 15, 2, 1, 1, 
140: 0, 0, 0, 0, 0, 0, 0, 0, 0, 0, 0, 0, 0, 0, 0, 2, 1, 0, 6, 0, : 2, 1, 6, 
282: 0, 0, 0, 0, 0, 0, 0, 18, 0, 0, 0, 0, 0, 0, 0, 4, 0, 0, 0, 0, : 18, 4, 
207: 0, 0, 1, 0, 0, 0, 23, 0, 0, 0, 0, 12, 0, 1, 0, 1, 0, 0, 0, 0, : 1, 23, 12, 1, 1, 
248: 1, 0, 0, 0, 0, 0, 0, 0, 1, 0, 0, 0, 0, 1, 1, 1, 0, 0, 2, 0, : 1, 1, 1, 1, 1, 2, 
237: 1, 0, 0, 2, 0, 1, 1, 0, 0, 0, 0, 1, 0, 1, 1, 0, 0, 1, 3, 0, : 1, 2, 1, 1, 1, 1, 1, 1, 3, 
150: 0, 0, 9, 0, 8, 0, 0, 2, 0, 0, 0, 0, 0, 1, 0, 8, 0, 0, 0, 14, : 9, 8, 2, 1, 8, 14, 


169: 0, 0, 0, 0, 1, 0, 13, 2, 0, 3, 0, 1, 0, 0, 3, 1, 35, 0, 0, 10, : 1, 13, 2, 3, 1, 3, 1, 35, 10, 
269: 0, 0, 0, 9, 3, 1, 0, 0, 1, 0, 7, 1, 11, 1, 0, 0, 2, 1, 0, 21, : 9, 3, 1, 1, 7, 1, 11, 1, 2, 1, 21, 
62: 4, 21, 0, 0, 0, 9, 0, 0, 0, 5, 0, 1, 2, 0, 0, 1, 0, 0, 10, 0, : 4, 21, 9, 5, 1, 2, 1, 10, 
130: 0, 0, 0, 2, 2, 0, 4, 0, 1, 2, 1, 0, 1, 0, 2, 1, 0, 5, 0, 2, : 2, 2, 4, 1, 2, 1, 1, 2, 1, 5, 2, 
254: 1, 0, 0, 0, 0, 0, 0, 0, 0, 0, 0, 1, 0, 1, 0, 0, 0, 6, 0, 0, : 1, 1, 1, 6, 
279: 0, 0, 0, 0, 0, 0, 0, 12, 1, 2, 5, 2, 2, 0, 0, 0, 0, 0, 0, 0, : 12, 1, 2, 5, 2, 2, 
225: 0, 5, 1, 4, 0, 0, 0, 0, 5, 0, 0, 0, 1, 7, 0, 2, 0, 1, 2, 1, : 5, 1, 4, 5, 1, 7, 2, 1, 2, 1, 
65: 9, 0, 0, 0, 0, 0, 19, 0, 0, 1, 5, 2, 0, 0, 0, 0, 0, 0, 1, 5, : 9, 19, 1, 5, 2, 1, 5, 
244: 0, 0, 0, 0, 0, 0, 0, 1, 0, 1, 2, 1, 0, 4, 0, 0, 0, 1, 1, 0, : 1, 1, 2, 1, 4, 1, 1, 
14: 0, 3, 2, 0, 1, 0, 0, 0, 12, 0, 0, 1, 0, 0, 8, 7, 2, 1, 0, 0, : 3, 2, 1, 12, 1, 8, 7, 2, 1, 
85: 4, 0, 0, 0, 0, 0, 1, 0, 0, 1, 2, 0, 1, 0, 0, 0, 0, 0, 12, 0, : 4, 1, 1, 2, 1, 12, 
218: 0, 0, 0, 0, 1, 0, 0, 0, 1, 1, 0, 5, 0, 1, 0, 0, 0, 0, 0, 0, : 1, 1, 1, 5, 1, 
157: 8, 0, 14, 2, 1, 2, 0, 15, 0, 0, 0, 0, 3, 5, 0, 0, 0, 0, 0, 0, : 8, 14, 2, 1, 2, 15, 3, 5, 
209: 0, 0, 0, 2, 0, 0, 0, 0, 0, 0, 0, 3, 0, 0, 1, 4, 0, 0, 0, 0, : 2, 3, 1, 4, 
28: 0, 0, 0, 0, 0, 0, 0, 0, 1, 6, 6, 0, 2, 6, 0, 0, 0, 3, 0, 0, : 1, 6, 6, 2, 6, 3, 
73: 0, 0, 14, 0, 0, 0, 0, 1, 0, 1, 0, 0, 0, 0, 3, 0, 0, 5, 0, 0, : 14, 1, 1, 3, 5, 
29: 0, 4, 0, 0, 1, 0, 0, 0, 0, 0, 0, 1, 1, 0, 9, 0, 0, 0, 6, 0, : 4, 1, 1, 1, 9, 6, 
165: 0, 0, 3, 0, 0, 2, 0, 0, 0, 0, 0, 1, 0, 3, 1, 0, 0, 0, 0, 0, : 3, 2, 1, 3, 1, 
275: 2, 0, 0, 1, 0, 0, 2, 0, 1, 1, 2, 0, 0, 0, 0, 0, 1, 1, 0, 0, : 2, 1, 2, 1, 1, 2, 1, 1, 
247: 5, 0, 0, 0, 0, 7, 0, 2, 4, 2, 0, 1, 1, 0, 2, 0, 0, 0, 4, 1, : 5, 7, 2, 4, 2, 1, 1, 2, 4, 1, 
61: 2, 0, 0, 0, 1, 4, 0, 0, 0, 0, 3, 7, 1, 0, 1, 0, 0, 0, 0, 0, : 2, 1, 4, 3, 7, 1, 1, 
49: 0, 7, 0, 3, 0, 12, 0, 0, 0, 0, 0, 4, 0, 0, 0, 0, 0, 0, 0, 0, : 7, 3, 12, 4, 
296: 0, 0, 1, 12, 0, 0, 0, 0, 0, 5, 1, 1, 0, 1, 0, 14, 0, 0, 1, 0, : 1, 12, 5, 1, 1, 1, 14, 1, 
1: 0, 0, 1, 0, 3, 1, 0, 5, 1, 0, 0, 0, 7, 1, 1, 1, 0, 0, 1, 0, : 1, 3, 1, 5, 1, 7, 1, 1, 1, 1, 
239: 1, 0, 0, 0, 0, 0, 0, 0, 1, 6, 4, 1, 7, 2, 0, 5, 0, 4, 0, 0, : 1, 1, 6, 4, 1, 7, 2, 5, 4, 
253: 0, 0, 0, 0, 0, 1, 0, 0, 0, 0, 0, 2, 0, 0, 1, 1, 0, 0, 0, 0, : 1, 2, 1, 1, 
144: 0, 0, 0, 0, 0, 0, 1, 1, 4, 1, 1, 3, 0, 4, 3, 3, 0, 11, 1, 0, : 1, 1, 4, 1, 1, 3, 4, 3, 3, 11, 1, 
47: 4, 0, 0, 0, 19, 1, 0, 1, 1, 1, 0, 0, 0, 2, 5, 0, 0, 0, 0, 0, : 4, 19, 1, 1, 1, 1, 2, 5, 
260: 0, 0, 0, 3, 7, 0, 0, 0, 5, 0, 1, 0, 0, 1, 0, 0, 0, 1, 1, 0, : 3, 7, 5, 1, 1, 1, 1, 
76: 0, 0, 4, 2, 0, 0, 0, 0, 1, 1, 0, 1, 0, 1, 0, 0, 0, 0, 0, 0, : 4, 2, 1, 1, 1, 1, 


131: 0, 11, 1, 1, 0, 0, 0, 0, 0, 0, 0, 0, 0, 1, 0, 0, 0, 0, 0, 19, : 11, 1, 1, 1, 19, 
202: 0, 0, 9, 0, 0, 0, 0, 1, 9, 0, 0, 0, 0, 0, 0, 4, 0, 0, 0, 0, : 9, 1, 9, 4, 
161: 0, 0, 1, 0, 2, 0, 0, 0, 0, 23, 7, 0, 0, 6, 0, 0, 1, 2, 0, 0, : 1, 2, 23, 7, 6, 1, 2, 
290: 0, 0, 0, 0, 0, 0, 0, 0, 1, 6, 16, 10, 0, 0, 2, 9, 0, 2, 0, 0, : 1, 6, 16, 10, 2, 9, 2, 
127: 0, 0, 1, 0, 2, 0, 0, 3, 3, 0, 0, 5, 0, 1, 0, 0, 0, 0, 10, 1, : 1, 2, 3, 3, 5, 1, 10, 1, 
80: 1, 1, 0, 4, 0, 4, 0, 1, 0, 0, 16, 5, 2, 0, 3, 0, 0, 0, 0, 2, : 1, 1, 4, 4, 1, 16, 5, 2, 3, 2, 
230: 0, 0, 8, 0, 3, 1, 0, 9, 5, 0, 0, 0, 0, 0, 1, 0, 0, 19, 0, 0, : 8, 3, 1, 9, 5, 1, 19, 
192: 0, 2, 0, 0, 8, 0, 0, 0, 0, 1, 0, 0, 0, 0, 0, 1, 0, 8, 0, 0, : 2, 8, 1, 1, 8, 
281: 1, 0, 0, 0, 1, 1, 30, 0, 0, 0, 0, 2, 0, 0, 1, 0, 0, 3, 0, 0, : 1, 1, 1, 30, 2, 1, 3, 
257: 0, 16, 0, 0, 0, 0, 1, 0, 0, 1, 1, 0, 0, 1, 2, 2, 5, 0, 0, 0, : 16, 1, 1, 1, 1, 2, 2, 5, 
8: 6, 0, 0, 0, 0, 0, 0, 7, 0, 0, 0, 0, 1, 0, 0, 3, 1, 0, 0, 0, : 6, 7, 1, 3, 1, 
99: 0, 7, 0, 0, 1, 3, 0, 0, 0, 0, 0, 0, 0, 1, 1, 0, 0, 0, 0, 0, : 7, 1, 3, 1, 1, 
77: 2, 1, 0, 22, 3, 0, 4, 10, 0, 0, 0, 0, 0, 0, 4, 0, 1, 0, 0, 5, : 2, 1, 22, 3, 4, 10, 4, 1, 5, 
235: 6, 0, 0, 1, 5, 7, 0, 0, 0, 0, 0, 0, 0, 0, 0, 0, 0, 0, 0, 0, : 6, 1, 5, 7, 
139: 0, 0, 0, 0, 0, 1, 0, 0, 0, 0, 0, 0, 0, 4, 1, 0, 0, 0, 0, 3, : 1, 4, 1, 3, 
185: 1, 0, 0, 0, 1, 0, 0, 3, 0, 1, 0, 0, 0, 0, 1, 4, 0, 0, 0, 4, : 1, 1, 3, 1, 1, 4, 4, 
9: 11, 0, 0, 0, 1, 0, 1, 1, 5, 0, 0, 0, 0, 0, 12, 1, 0, 0, 0, 1, : 11, 1, 1, 1, 5, 12, 1, 1, 
163: 5, 0, 0, 2, 1, 6, 0, 0, 1, 1, 0, 0, 6, 0, 0, 0, 0, 4, 26, 0, : 5, 2, 1, 6, 1, 1, 6, 4, 26, 
159: 0, 0, 0, 1, 3, 1, 0, 0, 0, 0, 0, 0, 5, 0, 1, 10, 0, 0, 0, 0, : 1, 3, 1, 5, 1, 10, 
245: 0, 0, 0, 0, 1, 0, 0, 0, 0, 4, 0, 0, 0, 2, 0, 1, 1, 1, 0, 2, : 1, 4, 2, 1, 1, 1, 2, 
37: 0, 0, 1, 0, 1, 8, 0, 0, 2, 0, 0, 0, 0, 0, 0, 1, 0, 0, 4, 1, : 1, 1, 8, 2, 1, 4, 1, 
134: 1, 0, 15, 0, 0, 0, 1, 4, 0, 0, 0, 0, 0, 0, 0, 1, 0, 0, 0, 0, : 1, 15, 1, 4, 1, 
32: 0, 0, 0, 0, 1, 2, 0, 0, 10, 0, 0, 0, 4, 0, 0, 0, 4, 0, 0, 0, : 1, 2, 10, 4, 4, 
22: 6, 0, 0, 0, 0, 1, 0, 0, 1, 0, 0, 3, 0, 8, 0, 0, 1, 0, 0, 2, : 6, 1, 1, 3, 8, 1, 2, 
204: 0, 0, 1, 2, 1, 3, 1, 0, 0, 1, 0, 0, 0, 0, 1, 0, 1, 0, 0, 0, : 1, 2, 1, 3, 1, 1, 1, 1, 
132: 0, 0, 0, 0, 1, 0, 0, 0, 0, 0, 0, 0, 0, 0, 7, 1, 1, 0, 0, 0, : 1, 7, 1, 1, 
183: 0, 0, 0, 0, 2, 0, 2, 0, 1, 2, 0, 15, 0, 12, 0, 0, 0, 0, 0, 0, : 2, 2, 1, 2, 15, 12, 
109: 0, 0, 1, 0, 0, 1, 0, 0, 0, 0, 0, 0, 22, 0, 1, 1, 0, 0, 0, 0, : 1, 1, 22, 1, 1, 
56: 0, 0, 2, 0, 0, 1, 0, 0, 2, 0, 0, 0, 0, 2, 1, 1, 23, 0, 0, 0, : 2, 1, 2, 2, 1, 1, 23, 
55: 0, 2, 0, 7, 2, 0, 0, 1, 0, 0, 0, 0, 0, 2, 1, 0, 1, 1, 0, 0, : 2, 7, 2, 1, 2, 1, 1, 1, 


278: 0, 1, 1, 2, 0, 6, 0, 0, 0, 0, 0, 0, 0, 0, 0, 0, 2, 0, 0, 0, : 1, 1, 2, 6, 2, 
78: 0, 3, 1, 0, 0, 0, 0, 0, 5, 11, 0, 1, 0, 0, 4, 0, 0, 0, 18, 0, : 3, 1, 5, 11, 1, 4, 18, 
228: 0, 0, 0, 0, 0, 0, 0, 22, 0, 0, 0, 1, 1, 0, 0, 0, 1, 0, 0, 0, : 22, 1, 1, 1, 
154: 0, 0, 0, 1, 0, 0, 19, 0, 0, 0, 0, 0, 0, 1, 2, 0, 1, 0, 3, 2, : 1, 19, 1, 2, 1, 3, 2, 
4: 0, 0, 0, 0, 3, 1, 0, 0, 1, 3, 0, 1, 0, 0, 0, 0, 2, 0, 2, 0, : 3, 1, 1, 3, 1, 2, 2, 
270: 0, 0, 0, 0, 0, 0, 0, 3, 0, 0, 0, 1, 0, 1, 1, 0, 0, 1, 4, 0, : 3, 1, 1, 1, 1, 4, 
10: 0, 1, 0, 0, 0, 0, 0, 0, 0, 1, 0, 1, 0, 0, 0, 0, 1, 0, 0, 0, : 1, 1, 1, 1, 
141: 0, 0, 1, 10, 0, 8, 0, 0, 1, 0, 0, 3, 14, 0, 0, 0, 0, 0, 0, 0, : 1, 10, 8, 1, 3, 14, 
100: 0, 2, 0, 0, 0, 0, 2, 0, 0, 0, 2, 0, 5, 2, 0, 0, 1, 0, 0, 4, : 2, 2, 2, 5, 2, 1, 4, 
126: 0, 0, 0, 0, 20, 16, 0, 1, 0, 0, 20, 0, 1, 0, 1, 0, 0, 0, 0, 7, : 20, 16, 1, 20, 1, 1, 7, 
52: 1, 0, 12, 0, 0, 2, 0, 0, 0, 0, 0, 0, 1, 0, 0, 0, 0, 0, 0, 0, : 1, 12, 2, 1, 
110: 0, 0, 4, 1, 0, 0, 4, 2, 0, 0, 0, 0, 0, 0, 0, 0, 7, 0, 0, 0, : 4, 1, 4, 2, 7, 
214: 0, 1, 0, 0, 0, 0, 0, 0, 3, 0, 9, 2, 1, 0, 3, 0, 1, 0, 0, 0, : 1, 3, 9, 2, 1, 3, 1, 
203: 0, 1, 0, 1, 1, 0, 0, 1, 0, 0, 0, 1, 5, 0, 0, 0, 1, 1, 3, 0, : 1, 1, 1, 1, 1, 5, 1, 1, 3, 
241: 2, 0, 12, 6, 0, 0, 0, 4, 0, 0, 0, 1, 1, 0, 3, 0, 1, 0, 0, 0, : 2, 12, 6, 4, 1, 1, 3, 1, 
82: 1, 13, 0, 6, 4, 3, 0, 0, 0, 0, 0, 1, 0, 0, 0, 0, 1, 0, 1, 0, : 1, 13, 6, 4, 3, 1, 1, 1, 
234: 0, 1, 0, 0, 0, 0, 0, 0, 0, 1, 0, 1, 0, 0, 0, 0, 1, 1, 0, 0, : 1, 1, 1, 1, 1, 
194: 0, 7, 0, 2, 0, 0, 0, 0, 0, 0, 0, 0, 1, 0, 0, 0, 1, 0, 0, 1, : 7, 2, 1, 1, 1, 
151: 1, 0, 1, 1, 0, 0, 0, 0, 0, 0, 0, 0, 0, 23, 0, 0, 0, 0, 0, 0, : 1, 1, 1, 23, 
240: 0, 0, 0, 0, 0, 0, 0, 1, 0, 0, 6, 1, 0, 0, 1, 0, 0, 0, 0, 0, : 1, 6, 1, 1, 
69: 0, 0, 5, 0, 0, 0, 0, 2, 0, 0, 0, 0, 0, 0, 18, 0, 0, 0, 1, 0, : 5, 2, 18, 1, 
208: 0, 1, 1, 0, 0, 0, 0, 1, 0, 0, 0, 0, 2, 0, 1, 2, 14, 0, 0, 1, : 1, 1, 1, 2, 1, 2, 14, 1, 
287: 0, 0, 1, 0, 0, 0, 0, 0, 0, 14, 0, 0, 3, 0, 1, 0, 0, 22, 1, 0, : 1, 14, 3, 1, 22, 1, 
89: 0, 0, 0, 0, 0, 0, 0, 1, 0, 0, 1, 0, 1, 0, 0, 38, 1, 12, 0, 0, : 1, 1, 1, 38, 1, 12, 
220: 0, 0, 0, 3, 0, 0, 0, 0, 1, 0, 1, 14, 1, 0, 1, 0, 2, 0, 2, 0, : 3, 1, 1, 14, 1, 1, 2, 2, 
118: 11, 1, 0, 0, 0, 0, 0, 0, 0, 0, 0, 1, 0, 0, 1, 0, 1, 1, 1, 0, : 11, 1, 1, 1, 1, 1, 1, 
249: 15, 0, 0, 3, 0, 4, 0, 1, 21, 9, 0, 0, 0, 13, 0, 0, 0, 0, 2, 9, : 15, 3, 4, 1, 21, 9, 13, 2, 9, 
258: 2, 0, 0, 2, 0, 0, 6, 0, 0, 0, 1, 0, 0, 0, 1, 0, 0, 0, 1, 0, : 2, 2, 6, 1, 1, 1, 
79: 7, 8, 0, 2, 9, 0, 9, 0, 0, 1, 0, 1, 0, 0, 2, 0, 1, 2, 1, 16, : 7, 8, 2, 9, 9, 1, 1, 2, 1, 2, 1, 16, 
136: 0, 0, 1, 0, 3, 0, 0, 1, 8, 0, 0, 9, 3, 0, 0, 0, 0, 0, 0, 0, : 1, 3, 1, 8, 9, 3, 


