
20
600
40
20

58: 0, 0, 0, 4, 0, 1, 0, 3, 7, 0, 5, 1, 1, 2, 0, 0, 0, 0, 0, 0, : 4, 1, 3, 7, 5, 1, 1, 2, 
572: 0, 1, 0, 2, 0, 1, 0, 0, 2, 0, 10, 1, 0, 0, 0, 0, 0, 1, 1, 0, : 1, 2, 1, 2, 10, 1, 1, 1, 
422: 0, 0, 1, 0, 1, 0, 18, 0, 0, 0, 1, 0, 1, 9, 0, 0, 0, 0, 0, 0, : 1, 1, 18, 1, 1, 9, 
592: 0, 0, 0, 0, 1, 0, 1, 1, 0, 0, 0, 0, 1, 0, 0, 1, 3, 1, 0, 0, : 1, 1, 1, 1, 1, 3, 1, 
474: 0, 1, 4, 0, 0, 3, 0, 2, 0, 1, 0, 0, 1, 0, 1, 1, 0, 1, 0, 1, : 1, 4, 3, 2, 1, 1, 1, 1, 1, 1, 
339: 0, 1, 6, 0, 0, 1, 0, 3, 0, 0, 0, 0, 0, 3, 0, 0, 2, 0, 0, 0, : 1, 6, 1, 3, 3, 2, 
86: 0, 0, 1, 0, 0, 1, 0, 0, 0, 0, 0, 1, 0, 0, 27, 0, 0, 0, 1, 1, : 1, 1, 1, 27, 1, 1, 
223: 0, 0, 0, 0, 1, 0, 1, 1, 0, 0, 0, 6, 1, 0, 2, 0, 0, 0, 1, 5, : 1, 1, 1, 6, 1, 2, 1, 5, 
148: 0, 0, 0, 4, 13, 1, 1, 0, 0, 31, 0, 1, 0, 0, 1, 0, 0, 0, 0, 4, : 4, 13, 1, 1, 31, 1, 1, 4, 
596: 0, 0, 0, 0, 1, 0, 1, 1, 0, 0, 1, 0, 1, 0, 0, 0, 0, 0, 0, 0, : 1, 1, 1, 1, 1, 
414: 22, 0, 0, 0, 1, 2, 0, 0, 0, 0, 0, 0, 2, 0, 0, 0, 0, 0, 11, 0, : 22, 1, 2, 2, 11, 
268: 0, 8, 0, 0, 0, 2, 0, 3, 0, 0, 0, 0, 2, 0, 0, 1, 0, 1, 1, 0, : 8, 2, 3, 2, 1, 1, 1, 
202: 0, 0, 8, 0, 0, 0, 5, 0, 3, 0, 1, 0, 9, 2, 0, 0, 0, 0, 1, 0, : 8, 5, 3, 1, 9, 2, 1, 
141: 0, 4, 0, 0, 0, 3, 1, 0, 0, 0, 5, 0, 1, 0, 1, 0, 2, 0, 0, 3, : 4, 3, 1, 5, 1, 1, 2, 3, 
418: 0, 4, 1, 0, 0, 1, 0, 0, 0, 5, 2, 5, 0, 0, 0, 0, 0, 1, 0, 7, : 4, 1, 1, 5, 2, 5, 1, 7, 
338: 0, 0, 5, 0, 4, 0, 0, 0, 0, 0, 12, 1, 0, 0, 2, 0, 0, 0, 0, 1, : 5, 4, 12, 1, 2, 1, 
560: 0, 0, 0, 0, 0, 0, 4, 1, 6, 1, 0, 1, 17, 1, 2, 6, 11, 14, 7, 0, : 4, 1, 6, 1, 1, 17, 1, 2, 6, 11, 14, 7, 
471: 0, 0, 0, 1, 3, 2, 0, 9, 2, 0, 0, 2, 0, 20, 0, 0, 0, 4, 5, 0, : 1, 3, 2, 9, 2, 2, 20, 4, 5, 
227: 0, 0, 3, 0, 0, 1, 0, 0, 3, 0, 2, 0, 0, 0, 2, 5, 0, 2, 0, 5, : 3, 1, 3, 2, 2, 5, 2, 5, 
114: 0, 0, 0, 0, 1, 0, 0, 0, 0, 0, 0, 0, 0, 0, 1, 0, 1, 0, 1, 0, : 1, 1, 1, 1, 
515: 0, 0, 3, 0, 0, 0, 0, 0, 0, 0, 0, 2, 0, 0, 0, 2, 9, 7, 0, 1, : 3, 2, 2, 9, 7, 1, 
427: 0, 0, 0, 22, 0, 0, 2, 1, 0, 0, 0, 0, 0, 3, 1, 8, 0, 1, 0, 2, : 22, 2, 1, 3, 1, 8, 1, 2, 
199: 0, 5, 1, 0, 0, 0, 0, 7, 1, 0, 1, 0, 0, 0, 0, 0, 3, 6, 0, 2, : 5, 1, 7, 1, 1, 3, 6, 2, 
526: 18, 0, 1, 0, 0, 0, 2, 1, 10, 0, 0, 0, 1, 0, 0, 1, 2, 0, 2, 5, : 18, 1, 2, 1, 10, 1, 1, 2, 2, 5, 
525: 0, 1, 2, 0, 2, 0, 3, 0, 0, 0, 0, 0, 0, 0, 0, 0, 1, 0, 7, 0, : 1, 2, 2, 3, 1, 7, 
363: 0, 5, 1, 0, 1, 0, 0, 1, 4, 2, 0, 2, 1, 0, 0, 0, 0, 0, 0, 1, : 5, 1, 1, 1, 4, 2, 2, 1, 1, 
366: 0, 0, 1, 0, 0, 0, 0, 1, 0, 0, 0, 10, 0, 0, 0, 0, 0, 0, 0, 0, : 1, 1, 10, 
573: 0, 1, 1, 2, 7, 0, 0, 0, 2, 0, 0, 7, 0, 0, 0, 15, 0, 0, 0, 0, : 1, 1, 2, 7, 2, 7, 15, 
109: 0, 9, 0, 0, 3, 1, 0, 4, 0, 0, 0, 0, 1, 0, 0, 0, 1, 1, 2, 0, : 9, 3, 1, 4, 1, 1, 1, 2, 
177: 0, 0, 1, 5, 1, 20, 1, 1, 0, 0, 0, 0, 0, 0, 0, 0, 5, 0, 0, 2, : 1, 5, 1, 20, 1, 1, 5, 2, 


173: 0, 0, 0, 0, 3, 3, 0, 0, 4, 0, 4, 0, 0, 2, 0, 0, 0, 0, 0, 1, : 3, 3, 4, 4, 2, 1, 
193: 1, 0, 0, 0, 0, 0, 0, 0, 12, 0, 0, 5, 0, 1, 0, 0, 0, 0, 0, 8, : 1, 12, 5, 1, 8, 
479: 1, 10, 0, 5, 1, 0, 0, 0, 0, 2, 0, 0, 1, 0, 7, 1, 0, 0, 0, 0, : 1, 10, 5, 1, 2, 1, 7, 1, 
371: 0, 0, 0, 0, 9, 0, 0, 1, 0, 0, 0, 0, 0, 0, 0, 1, 0, 1, 1, 0, : 9, 1, 1, 1, 1, 
120: 3, 6, 0, 0, 3, 1, 1, 0, 0, 2, 0, 0, 0, 0, 1, 0, 0, 0, 0, 0, : 3, 6, 3, 1, 1, 2, 1, 
459: 1, 0, 2, 0, 0, 0, 0, 0, 0, 0, 23, 1, 0, 0, 1, 0, 1, 1, 0, 1, : 1, 2, 23, 1, 1, 1, 1, 1, 
426: 1, 0, 0, 0, 0, 1, 11, 1, 0, 17, 0, 2, 0, 0, 0, 0, 0, 8, 0, 3, : 1, 1, 11, 1, 17, 2, 8, 3, 
382: 0, 0, 2, 1, 0, 0, 3, 14, 0, 0, 0, 1, 0, 0, 0, 0, 1, 11, 0, 0, : 2, 1, 3, 14, 1, 1, 11, 
224: 1, 15, 0, 0, 1, 0, 0, 0, 3, 3, 0, 1, 0, 0, 0, 0, 1, 0, 0, 0, : 1, 15, 1, 3, 3, 1, 1, 
450: 0, 0, 4, 8, 3, 0, 0, 0, 3, 10, 0, 0, 1, 0, 0, 1, 0, 1, 0, 0, : 4, 8, 3, 3, 10, 1, 1, 1, 
306: 0, 0, 5, 0, 2, 0, 0, 0, 1, 2, 0, 0, 0, 1, 0, 1, 0, 1, 12, 0, : 5, 2, 1, 2, 1, 1, 1, 12, 
63: 4, 2, 0, 1, 0, 0, 1, 0, 0, 0, 0, 1, 0, 0, 7, 1, 0, 1, 0, 0, : 4, 2, 1, 1, 1, 7, 1, 1, 
503: 2, 0, 0, 0, 4, 4, 0, 1, 1, 0, 0, 1, 0, 0, 19, 0, 6, 0, 0, 0, : 2, 4, 4, 1, 1, 1, 19, 6, 
351: 0, 0, 0, 5, 0, 14, 4, 0, 1, 0, 2, 0, 0, 0, 0, 6, 1, 1, 0, 14, : 5, 14, 4, 1, 2, 6, 1, 1, 14, 
569: 1, 1, 1, 0, 0, 1, 0, 0, 0, 0, 0, 6, 0, 0, 1, 0, 0, 1, 0, 0, : 1, 1, 1, 1, 6, 1, 1, 
220: 1, 0, 0, 1, 0, 0, 0, 0, 1, 0, 0, 1, 0, 0, 0, 0, 0, 1, 0, 0, : 1, 1, 1, 1, 1, 
452: 0, 0, 0, 0, 1, 0, 0, 0, 8, 0, 2, 2, 0, 0, 0, 0, 1, 6, 0, 0, : 1, 8, 2, 2, 1, 6, 
145: 1, 0, 0, 1, 0, 1, 0, 15, 1, 0, 0, 0, 1, 1, 1, 1, 0, 0, 0, 0, : 1, 1, 1, 15, 1, 1, 1, 1, 1, 
156: 2, 0, 0, 3, 1, 0, 0, 1, 0, 0, 1, 1, 0, 1, 0, 5, 0, 0, 0, 0, : 2, 3, 1, 1, 1, 1, 1, 5, 
589: 10, 1, 0, 0, 1, 0, 14, 0, 0, 0, 0, 1, 0, 0, 0, 1, 0, 1, 0, 0, : 10, 1, 1, 14, 1, 1, 1, 
102: 0, 0, 0, 1, 0, 1, 4, 0, 1, 0, 1, 1, 0, 8, 0, 1, 3, 0, 0, 0, : 1, 1, 4, 1, 1, 1, 8, 1, 3, 
442: 4, 0, 0, 1, 0, 0, 0, 0, 0, 0, 1, 8, 0, 24, 0, 3, 8, 0, 0, 0, : 4, 1, 1, 8, 24, 3, 8, 
179: 2, 1, 0, 0, 1, 0, 0, 0, 1, 1, 0, 0, 0, 0, 0, 0, 1, 0, 0, 13, : 2, 1, 1, 1, 1, 1, 13, 
447: 3, 0, 0, 10, 0, 9, 0, 0, 0, 0, 0, 0, 0, 0, 0, 3, 7, 0, 1, 0, : 3, 10, 9, 3, 7, 1, 
21: 0, 2, 26, 0, 1, 2, 1, 1, 0, 0, 0, 1, 0, 1, 0, 0, 1, 2, 0, 0, : 2, 26, 1, 2, 1, 1, 1, 1, 1, 2, 
380: 0, 1, 0, 0, 0, 1, 1, 1, 0, 1, 1, 0, 4, 0, 1, 12, 1, 0, 1, 0, : 1, 1, 1, 1, 1, 1, 4, 1, 12, 1, 1, 
324: 1, 1, 0, 2, 3, 1, 0, 0, 0, 0, 0, 1, 0, 1, 0, 0, 0, 0, 0, 0, : 1, 1, 2, 3, 1, 1, 1, 
562: 0, 0, 0, 1, 3, 1, 0, 3, 0, 0, 0, 5, 0, 0, 0, 0, 0, 3, 0, 0, : 1, 3, 1, 3, 5, 3, 
68: 1, 0, 0, 0, 2, 0, 0, 2, 0, 2, 3, 0, 33, 0, 2, 0, 0, 0, 0, 0, : 1, 2, 2, 2, 3, 33, 2, 
541: 0, 0, 0, 0, 1, 0, 0, 0, 3, 0, 2, 1, 0, 0, 0, 3, 8, 1, 25, 0, : 1, 3, 2, 1, 3, 8, 1, 25, 


346: 0, 0, 0, 0, 2, 0, 1, 0, 0, 0, 0, 0, 1, 11, 1, 0, 5, 0, 1, 0, : 2, 1, 1, 11, 1, 5, 1, 
516: 0, 0, 0, 0, 1, 1, 0, 0, 0, 0, 0, 0, 0, 7, 10, 0, 2, 0, 0, 0, : 1, 1, 7, 10, 2, 
302: 0, 0, 7, 0, 0, 2, 0, 0, 0, 0, 1, 0, 1, 0, 3, 0, 0, 0, 0, 1, : 7, 2, 1, 1, 3, 1, 
310: 2, 0, 0, 0, 0, 2, 3, 0, 0, 0, 0, 0, 0, 0, 14, 2, 2, 0, 0, 3, : 2, 2, 3, 14, 2, 2, 3, 
208: 0, 0, 6, 1, 0, 7, 0, 15, 4, 0, 0, 0, 0, 0, 4, 0, 1, 0, 0, 0, : 6, 1, 7, 15, 4, 4, 1, 
48: 0, 14, 1, 1, 1, 1, 0, 0, 2, 0, 0, 2, 0, 0, 0, 0, 0, 0, 5, 1, : 14, 1, 1, 1, 1, 2, 2, 5, 1, 
36: 0, 0, 0, 0, 0, 0, 0, 0, 0, 2, 1, 0, 19, 1, 1, 0, 0, 0, 0, 2, : 2, 1, 19, 1, 1, 2, 
378: 0, 0, 0, 0, 0, 5, 0, 1, 0, 0, 0, 0, 0, 0, 0, 0, 3, 0, 5, 0, : 5, 1, 3, 5, 
545: 1, 0, 2, 1, 0, 0, 0, 0, 1, 0, 0, 0, 1, 6, 0, 3, 0, 0, 0, 0, : 1, 2, 1, 1, 1, 6, 3, 
404: 0, 0, 0, 0, 0, 0, 4, 0, 1, 0, 0, 23, 0, 0, 2, 0, 0, 10, 0, 2, : 4, 1, 23, 2, 10, 2, 
376: 1, 0, 0, 11, 1, 0, 12, 0, 2, 0, 1, 0, 1, 6, 0, 3, 0, 0, 1, 0, : 1, 11, 1, 12, 2, 1, 1, 6, 3, 1, 
135: 4, 0, 15, 0, 16, 1, 2, 0, 1, 0, 0, 0, 0, 1, 0, 2, 0, 1, 0, 0, : 4, 15, 16, 1, 2, 1, 1, 2, 1, 
219: 1, 0, 0, 0, 0, 1, 0, 0, 11, 0, 0, 0, 0, 0, 0, 0, 2, 12, 1, 1, : 1, 1, 11, 2, 12, 1, 1, 
350: 0, 4, 1, 0, 0, 4, 0, 0, 0, 0, 0, 0, 0, 0, 0, 0, 1, 0, 8, 1, : 4, 1, 4, 1, 8, 1, 
187: 0, 1, 1, 0, 1, 0, 0, 0, 0, 0, 1, 1, 0, 0, 2, 0, 0, 3, 0, 4, : 1, 1, 1, 1, 1, 2, 3, 4, 
293: 2, 0, 0, 0, 1, 0, 0, 0, 0, 0, 1, 1, 0, 1, 0, 0, 0, 0, 0, 2, : 2, 1, 1, 1, 1, 2, 
358: 21, 0, 0, 1, 0, 0, 0, 3, 0, 0, 0, 1, 2, 0, 0, 0, 11, 0, 0, 0, : 21, 1, 3, 1, 2, 11, 
381: 0, 0, 0, 0, 1, 1, 0, 0, 3, 0, 10, 0, 0, 0, 0, 0, 1, 11, 0, 2, : 1, 1, 3, 10, 1, 11, 2, 
206: 1, 0, 0, 0, 0, 1, 0, 0, 7, 0, 0, 8, 0, 1, 0, 0, 0, 0, 0, 1, : 1, 1, 7, 8, 1, 1, 
4: 0, 2, 0, 0, 4, 1, 2, 12, 0, 1, 0, 0, 0, 0, 0, 0, 0, 0, 0, 1, : 2, 4, 1, 2, 12, 1, 1, 
238: 1, 0, 0, 0, 0, 1, 0, 0, 1, 24, 0, 0, 6, 0, 0, 0, 0, 0, 12, 0, : 1, 1, 1, 24, 6, 12, 
69: 0, 0, 5, 0, 0, 0, 1, 1, 0, 0, 0, 0, 0, 0, 1, 1, 0, 3, 4, 1, : 5, 1, 1, 1, 1, 3, 4, 1, 
183: 0, 2, 0, 6, 0, 0, 0, 0, 2, 0, 0, 0, 0, 0, 1, 15, 11, 0, 2, 0, : 2, 6, 2, 1, 15, 11, 2, 
158: 1, 0, 0, 8, 1, 9, 0, 0, 0, 0, 24, 3, 0, 0, 0, 0, 1, 0, 0, 2, : 1, 8, 1, 9, 24, 3, 1, 2, 
111: 0, 0, 0, 0, 0, 2, 0, 0, 0, 11, 0, 0, 1, 0, 1, 0, 0, 0, 0, 0, : 2, 11, 1, 1, 
103: 0, 0, 0, 0, 0, 1, 0, 3, 0, 0, 0, 0, 0, 5, 0, 14, 0, 0, 1, 3, : 1, 3, 5, 14, 1, 3, 
587: 1, 0, 0, 0, 6, 0, 0, 0, 0, 0, 0, 0, 6, 1, 0, 0, 0, 0, 0, 2, : 1, 6, 6, 1, 2, 
294: 4, 0, 1, 0, 0, 0, 8, 2, 5, 0, 0, 0, 0, 0, 0, 0, 0, 0, 0, 0, : 4, 1, 8, 2, 5, 
245: 0, 17, 1, 11, 2, 0, 6, 2, 0, 0, 1, 1, 2, 0, 0, 0, 0, 0, 0, 0, : 17, 1, 11, 2, 6, 2, 1, 1, 2, 
37: 0, 0, 0, 0, 3, 0, 1, 1, 0, 2, 0, 0, 0, 0, 0, 0, 0, 0, 0, 11, : 3, 1, 1, 2, 11, 


337: 0, 0, 0, 0, 0, 0, 0, 1, 0, 0, 0, 0, 0, 0, 0, 0, 0, 24, 0, 2, : 1, 24, 2, 
59: 0, 0, 1, 0, 0, 0, 0, 0, 0, 1, 0, 0, 0, 0, 1, 1, 0, 0, 1, 0, : 1, 1, 1, 1, 1, 
504: 1, 0, 0, 0, 0, 0, 0, 0, 1, 0, 0, 0, 0, 0, 6, 1, 0, 0, 7, 0, : 1, 1, 6, 1, 7, 
343: 0, 1, 5, 0, 0, 0, 0, 0, 3, 1, 0, 3, 0, 0, 2, 0, 0, 0, 1, 0, : 1, 5, 3, 1, 3, 2, 1, 
61: 0, 0, 1, 0, 0, 10, 0, 0, 0, 1, 0, 15, 1, 1, 0, 0, 4, 0, 0, 0, : 1, 10, 1, 15, 1, 1, 4, 
116: 0, 4, 0, 0, 0, 0, 0, 0, 0, 0, 0, 0, 0, 0, 8, 1, 0, 1, 0, 4, : 4, 8, 1, 1, 4, 
17: 0, 0, 0, 0, 8, 0, 4, 0, 0, 2, 0, 0, 2, 5, 0, 0, 0, 0, 1, 0, : 8, 4, 2, 2, 5, 1, 
118: 0, 0, 0, 0, 0, 0, 0, 5, 0, 0, 1, 13, 0, 0, 0, 12, 0, 0, 0, 0, : 5, 1, 13, 12, 
125: 0, 0, 1, 1, 0, 0, 0, 0, 2, 0, 0, 0, 0, 1, 1, 0, 5, 1, 0, 0, : 1, 1, 2, 1, 1, 5, 1, 
585: 0, 0, 0, 0, 0, 0, 0, 0, 1, 1, 0, 0, 0, 0, 0, 1, 0, 0, 5, 0, : 1, 1, 1, 5, 
182: 0, 8, 0, 0, 0, 0, 0, 0, 0, 9, 3, 0, 3, 0, 8, 2, 0, 0, 0, 2, : 8, 9, 3, 3, 8, 2, 2, 
195: 0, 0, 0, 1, 0, 0, 13, 0, 18, 1, 0, 0, 0, 0, 0, 0, 0, 0, 0, 0, : 1, 13, 18, 1, 
108: 1, 10, 0, 0, 0, 0, 15, 13, 0, 1, 1, 0, 0, 0, 0, 0, 0, 0, 3, 0, : 1, 10, 15, 13, 1, 1, 3, 
359: 1, 0, 0, 0, 0, 0, 0, 2, 0, 0, 0, 3, 16, 0, 6, 0, 1, 0, 1, 0, : 1, 2, 3, 16, 6, 1, 1, 
493: 2, 0, 0, 0, 0, 0, 0, 1, 0, 0, 0, 0, 1, 1, 1, 1, 0, 0, 1, 0, : 2, 1, 1, 1, 1, 1, 1, 
19: 1, 0, 0, 0, 0, 0, 0, 11, 0, 2, 0, 0, 2, 1, 3, 8, 0, 0, 0, 0, : 1, 11, 2, 2, 1, 3, 8, 
52: 0, 6, 1, 1, 17, 0, 0, 0, 9, 0, 0, 2, 1, 0, 0, 0, 0, 3, 0, 0, : 6, 1, 1, 17, 9, 2, 1, 3, 
211: 1, 3, 0, 4, 0, 0, 0, 0, 0, 0, 4, 0, 0, 0, 0, 0, 0, 0, 0, 0, : 1, 3, 4, 4, 
555: 7, 0, 7, 17, 0, 0, 0, 2, 1, 0, 8, 0, 5, 0, 0, 0, 0, 9, 0, 1, : 7, 7, 17, 2, 1, 8, 5, 9, 1, 
598: 0, 1, 1, 0, 0, 0, 0, 1, 0, 2, 0, 0, 0, 0, 0, 0, 0, 0, 5, 0, : 1, 1, 1, 2, 5, 
43: 0, 5, 1, 0, 0, 0, 0, 0, 0, 1, 0, 0, 0, 0, 0, 0, 0, 0, 0, 0, : 5, 1, 1, 
267: 0, 1, 1, 1, 2, 0, 1, 0, 0, 0, 0, 3, 0, 2, 4, 6, 0, 0, 13, 6, : 1, 1, 1, 2, 1, 3, 2, 4, 6, 13, 6, 
533: 0, 0, 0, 8, 0, 0, 0, 0, 4, 1, 0, 0, 0, 16, 0, 0, 0, 0, 0, 2, : 8, 4, 1, 16, 2, 
469: 24, 0, 4, 7, 0, 0, 0, 0, 0, 11, 0, 0, 0, 0, 0, 0, 0, 0, 0, 2, : 24, 4, 7, 11, 2, 
312: 1, 0, 13, 0, 0, 0, 1, 2, 0, 1, 11, 0, 8, 9, 0, 0, 0, 0, 0, 2, : 1, 13, 1, 2, 1, 11, 8, 9, 2, 
568: 0, 0, 0, 0, 0, 1, 0, 0, 0, 2, 1, 0, 1, 3, 0, 0, 29, 0, 0, 0, : 1, 2, 1, 1, 3, 29, 
385: 0, 0, 3, 0, 0, 0, 0, 1, 0, 1, 1, 0, 0, 1, 0, 0, 1, 0, 0, 3, : 3, 1, 1, 1, 1, 1, 3, 
9: 0, 0, 1, 0, 0, 1, 1, 0, 0, 0, 2, 1, 0, 0, 0, 0, 0, 0, 1, 15, : 1, 1, 1, 2, 1, 1, 15, 
424: 1, 1, 0, 0, 0, 0, 1, 0, 0, 1, 8, 0, 0, 0, 0, 7, 0, 2, 0, 1, : 1, 1, 1, 1, 8, 7, 2, 1, 
84: 0, 0, 0, 0, 13, 28, 4, 1, 1, 1, 0, 0, 0, 0, 0, 0, 0, 0, 1, 0, : 13, 28, 4, 1, 1, 1, 1, 


326: 2, 0, 12, 0, 0, 0, 0, 0, 0, 0, 0, 1, 0, 1, 0, 0, 0, 3, 0, 0, : 2, 12, 1, 1, 3, 
463: 1, 0, 2, 0, 0, 0, 1, 0, 0, 0, 1, 0, 0, 1, 0, 0, 6, 0, 0, 0, : 1, 2, 1, 1, 1, 6, 
66: 0, 0, 2, 0, 0, 0, 0, 0, 1, 0, 0, 14, 0, 0, 6, 1, 0, 0, 0, 0, : 2, 1, 14, 6, 1, 
76: 1, 0, 0, 0, 1, 0, 1, 0, 0, 0, 1, 0, 3, 0, 0, 0, 0, 0, 0, 1, : 1, 1, 1, 1, 3, 1, 
323: 0, 0, 0, 0, 1, 0, 0, 0, 1, 0, 0, 1, 1, 1, 0, 0, 0, 0, 0, 0, : 1, 1, 1, 1, 1, 
318: 1, 0, 0, 0, 0, 0, 3, 1, 0, 1, 0, 1, 0, 2, 0, 0, 0, 0, 0, 0, : 1, 3, 1, 1, 1, 2, 
46: 0, 0, 0, 0, 2, 0, 2, 0, 12, 20, 0, 0, 1, 0, 1, 0, 0, 0, 4, 0, : 2, 2, 12, 20, 1, 1, 4, 
316: 1, 0, 1, 23, 1, 0, 2, 0, 1, 0, 0, 0, 0, 0, 4, 10, 0, 0, 0, 0, : 1, 1, 23, 1, 2, 1, 4, 10, 
264: 1, 0, 0, 0, 3, 0, 3, 0, 0, 0, 0, 4, 1, 0, 0, 0, 0, 0, 20, 1, : 1, 3, 3, 4, 1, 20, 1, 
510: 0, 26, 0, 0, 9, 0, 0, 1, 1, 0, 0, 2, 0, 1, 0, 0, 6, 0, 0, 0, : 26, 9, 1, 1, 2, 1, 6, 
464: 7, 0, 1, 1, 1, 0, 4, 0, 0, 0, 2, 0, 1, 0, 0, 0, 0, 0, 0, 0, : 7, 1, 1, 1, 4, 2, 1, 
430: 0, 0, 1, 0, 0, 10, 4, 0, 3, 4, 0, 0, 0, 0, 0, 0, 0, 0, 1, 0, : 1, 10, 4, 3, 4, 1, 
280: 8, 0, 1, 12, 1, 5, 0, 0, 0, 11, 0, 0, 0, 14, 0, 16, 0, 1, 0, 0, : 8, 1, 12, 1, 5, 11, 14, 16, 1, 
394: 1, 8, 1, 0, 0, 0, 1, 0, 0, 0, 0, 1, 0, 0, 0, 0, 0, 0, 0, 0, : 1, 8, 1, 1, 1, 
217: 0, 0, 0, 0, 1, 0, 1, 0, 1, 0, 0, 1, 3, 0, 4, 0, 0, 11, 0, 1, : 1, 1, 1, 1, 3, 4, 11, 1, 
307: 0, 0, 0, 0, 1, 0, 1, 7, 0, 0, 0, 0, 0, 1, 0, 0, 0, 2, 0, 0, : 1, 1, 7, 1, 2, 
361: 1, 1, 0, 0, 4, 0, 0, 0, 1, 0, 9, 0, 1, 4, 0, 2, 0, 1, 0, 0, : 1, 1, 4, 1, 9, 1, 4, 2, 1, 
286: 1, 0, 0, 1, 3, 0, 13, 13, 0, 0, 0, 1, 1, 1, 1, 0, 1, 0, 0, 4, : 1, 1, 3, 13, 13, 1, 1, 1, 1, 1, 4, 
403: 0, 5, 2, 0, 1, 0, 0, 0, 0, 0, 0, 0, 0, 1, 0, 0, 0, 0, 0, 19, : 5, 2, 1, 1, 19, 
481: 0, 0, 0, 0, 0, 1, 0, 0, 0, 0, 1, 0, 7, 3, 1, 0, 1, 0, 12, 0, : 1, 1, 7, 3, 1, 1, 12, 
134: 0, 0, 0, 0, 0, 2, 0, 0, 2, 0, 0, 2, 0, 0, 0, 0, 1, 0, 0, 0, : 2, 2, 2, 1, 
265: 1, 0, 0, 0, 0, 1, 0, 1, 5, 0, 2, 0, 10, 0, 0, 6, 0, 0, 0, 0, : 1, 1, 1, 5, 2, 10, 6, 
480: 0, 0, 0, 0, 1, 0, 0, 0, 0, 0, 0, 0, 6, 0, 0, 0, 0, 20, 3, 0, : 1, 6, 20, 3, 
240: 14, 0, 4, 0, 7, 0, 1, 8, 10, 3, 0, 1, 0, 1, 1, 5, 0, 0, 0, 0, : 14, 4, 7, 1, 8, 10, 3, 1, 1, 1, 5, 
369: 0, 0, 3, 0, 1, 0, 0, 0, 1, 0, 0, 0, 0, 1, 0, 0, 12, 0, 0, 12, : 3, 1, 1, 1, 12, 12, 
540: 0, 0, 8, 0, 0, 19, 0, 5, 1, 1, 0, 6, 2, 0, 3, 0, 4, 0, 0, 0, : 8, 19, 5, 1, 1, 6, 2, 3, 4, 
83: 0, 0, 1, 0, 0, 0, 1, 0, 0, 0, 0, 0, 1, 1, 1, 0, 0, 0, 0, 0, : 1, 1, 1, 1, 1, 
53: 0, 0, 0, 0, 0, 0, 1, 1, 0, 0, 0, 5, 0, 0, 0, 0, 9, 0, 0, 0, : 1, 1, 5, 9, 
542: 0, 0, 1, 3, 1, 0, 1, 1, 0, 0, 24, 0, 0, 7, 18, 0, 0, 2, 0, 2, : 1, 3, 1, 1, 1, 24, 7, 18, 2, 2, 
470: 0, 0, 0, 0, 1, 2, 0, 2, 0, 0, 0, 0, 2, 0, 0, 0, 0, 0, 0, 0, : 1, 2, 2, 2, 


502: 0, 1, 0, 0, 0, 2, 0, 0, 0, 1, 0, 0, 0, 0, 1, 0, 0, 1, 0, 0, : 1, 2, 1, 1, 1, 
28: 2, 1, 5, 0, 0, 3, 0, 1, 0, 0, 8, 4, 0, 0, 0, 0, 0, 0, 0, 3, : 2, 1, 5, 3, 1, 8, 4, 3, 
586: 0, 1, 0, 1, 2, 0, 0, 0, 0, 4, 0, 0, 0, 1, 2, 2, 0, 3, 1, 0, : 1, 1, 2, 4, 1, 2, 2, 3, 1, 
501: 1, 0, 0, 0, 7, 2, 0, 0, 26, 0, 1, 2, 0, 1, 23, 0, 0, 1, 3, 0, : 1, 7, 2, 26, 1, 2, 1, 23, 1, 3, 
80: 0, 1, 0, 0, 0, 0, 0, 1, 0, 0, 0, 6, 0, 2, 0, 0, 0, 1, 1, 0, : 1, 1, 6, 2, 1, 1, 
210: 4, 1, 0, 10, 1, 0, 0, 0, 0, 0, 5, 1, 1, 1, 0, 3, 0, 0, 0, 0, : 4, 1, 10, 1, 5, 1, 1, 1, 3, 
340: 0, 0, 1, 0, 0, 0, 9, 0, 0, 1, 0, 3, 0, 1, 0, 0, 0, 2, 0, 0, : 1, 9, 1, 3, 1, 2, 
462: 0, 1, 3, 0, 1, 2, 0, 0, 0, 0, 0, 1, 31, 0, 4, 0, 14, 3, 0, 8, : 1, 3, 1, 2, 1, 31, 4, 14, 3, 8, 
557: 7, 0, 0, 0, 0, 2, 0, 0, 0, 0, 1, 0, 0, 0, 0, 0, 2, 0, 4, 0, : 7, 2, 1, 2, 4, 
186: 0, 11, 1, 3, 0, 0, 1, 8, 0, 4, 0, 1, 0, 4, 0, 0, 0, 0, 5, 0, : 11, 1, 3, 1, 8, 4, 1, 4, 5, 
228: 0, 0, 0, 0, 0, 0, 17, 0, 0, 1, 2, 0, 0, 0, 2, 0, 13, 0, 0, 3, : 17, 1, 2, 2, 13, 3, 
593: 0, 1, 0, 13, 9, 1, 1, 0, 0, 3, 0, 1, 0, 0, 1, 0, 0, 5, 0, 3, : 1, 13, 9, 1, 1, 3, 1, 1, 5, 3, 
491: 0, 2, 2, 0, 0, 0, 0, 3, 1, 0, 0, 0, 0, 0, 0, 0, 1, 0, 0, 12, : 2, 2, 3, 1, 1, 12, 
212: 1, 10, 1, 0, 0, 0, 0, 0, 4, 2, 0, 0, 0, 7, 0, 0, 0, 0, 0, 0, : 1, 10, 1, 4, 2, 7, 
488: 0, 1, 3, 0, 0, 0, 9, 0, 0, 2, 0, 0, 0, 0, 0, 15, 1, 0, 0, 0, : 1, 3, 9, 2, 15, 1, 
333: 1, 1, 3, 0, 0, 1, 0, 9, 1, 1, 2, 2, 0, 0, 1, 1, 2, 0, 0, 0, : 1, 1, 3, 1, 9, 1, 1, 2, 2, 1, 1, 2, 
410: 0, 0, 1, 0, 15, 4, 0, 0, 1, 6, 0, 0, 0, 2, 0, 5, 0, 0, 8, 0, : 1, 15, 4, 1, 6, 2, 5, 8, 
284: 0, 0, 1, 0, 1, 0, 0, 0, 0, 6, 0, 0, 0, 0, 0, 0, 0, 2, 10, 0, : 1, 1, 6, 2, 10, 
531: 0, 4, 0, 0, 3, 13, 0, 0, 0, 1, 0, 0, 0, 4, 0, 0, 0, 0, 0, 0, : 4, 3, 13, 1, 4, 
203: 0, 0, 4, 4, 1, 0, 0, 0, 0, 0, 12, 0, 1, 1, 0, 0, 1, 0, 0, 0, : 4, 4, 1, 12, 1, 1, 1, 
580: 11, 0, 0, 0, 0, 0, 0, 0, 7, 3, 0, 2, 2, 0, 0, 0, 1, 0, 1, 0, : 11, 7, 3, 2, 2, 1, 1, 
266: 11, 0, 0, 0, 0, 0, 0, 0, 0, 0, 8, 0, 0, 7, 0, 0, 0, 0, 3, 0, : 11, 8, 7, 3, 
484: 0, 1, 3, 0, 0, 1, 0, 0, 0, 2, 0, 0, 0, 0, 0, 0, 0, 4, 0, 0, : 1, 3, 1, 2, 4, 
191: 0, 0, 3, 0, 0, 5, 0, 0, 0, 0, 0, 3, 0, 0, 0, 2, 0, 16, 0, 0, : 3, 5, 3, 2, 16, 
566: 1, 1, 7, 0, 0, 0, 1, 18, 0, 0, 1, 12, 0, 0, 0, 11, 0, 0, 0, 0, : 1, 1, 7, 1, 18, 1, 12, 11, 
321: 0, 1, 1, 0, 0, 0, 1, 0, 0, 2, 0, 0, 2, 1, 0, 0, 0, 2, 1, 0, : 1, 1, 1, 2, 2, 1, 2, 1, 
174: 1, 0, 0, 9, 0, 1, 0, 0, 0, 0, 0, 1, 0, 3, 0, 1, 0, 0, 1, 0, : 1, 9, 1, 1, 3, 1, 1, 
252: 0, 1, 1, 0, 0, 2, 0, 0, 0, 1, 0, 0, 2, 3, 3, 0, 0, 0, 0, 0, : 1, 1, 2, 1, 2, 3, 3, 
559: 0, 0, 0, 0, 0, 1, 1, 0, 0, 0, 0, 0, 1, 1, 0, 0, 5, 0, 1, 0, : 1, 1, 1, 1, 5, 1, 
25: 0, 0, 0, 0, 0, 0, 0, 0, 0, 0, 0, 1, 0, 1, 3, 0, 0, 0, 1, 11, : 1, 1, 3, 1, 11, 


142: 11, 0, 0, 0, 0, 0, 6, 0, 0, 0, 0, 0, 0, 2, 0, 0, 0, 1, 0, 1, : 11, 6, 2, 1, 1, 
335: 0, 0, 0, 0, 1, 0, 0, 0, 0, 0, 0, 0, 7, 1, 2, 0, 1, 0, 2, 0, : 1, 7, 1, 2, 1, 2, 
207: 0, 0, 0, 3, 3, 7, 0, 0, 0, 0, 16, 0, 6, 0, 0, 0, 12, 0, 8, 1, : 3, 3, 7, 16, 6, 12, 8, 1, 
456: 0, 0, 0, 0, 0, 1, 0, 0, 0, 0, 1, 1, 0, 1, 0, 0, 0, 0, 0, 0, : 1, 1, 1, 1, 
101: 0, 0, 0, 1, 0, 0, 9, 1, 0, 0, 0, 0, 0, 1, 0, 0, 0, 1, 1, 1, : 1, 9, 1, 1, 1, 1, 1, 
552: 1, 2, 0, 0, 0, 0, 0, 0, 0, 0, 0, 0, 0, 0, 0, 9, 0, 8, 0, 0, : 1, 2, 9, 8, 
40: 0, 0, 0, 2, 1, 2, 0, 1, 0, 0, 0, 0, 0, 0, 1, 0, 0, 1, 0, 0, : 2, 1, 2, 1, 1, 1, 
65: 0, 1, 0, 8, 1, 0, 0, 0, 0, 0, 1, 0, 0, 1, 0, 0, 0, 2, 1, 0, : 1, 8, 1, 1, 1, 2, 1, 
129: 0, 0, 1, 0, 0, 0, 0, 0, 0, 24, 0, 0, 1, 0, 1, 0, 0, 2, 4, 3, : 1, 24, 1, 1, 2, 4, 3, 
201: 1, 0, 0, 0, 1, 0, 1, 0, 0, 0, 0, 0, 0, 0, 0, 0, 0, 1, 0, 0, : 1, 1, 1, 1, 
225: 1, 0, 0, 0, 1, 0, 3, 0, 16, 0, 1, 0, 1, 0, 5, 0, 0, 2, 0, 0, : 1, 1, 3, 16, 1, 1, 5, 2, 
6: 1, 0, 0, 0, 0, 0, 0, 0, 0, 0, 0, 0, 0, 0, 0, 0, 0, 1, 0, 7, : 1, 1, 7, 
400: 0, 0, 1, 0, 0, 0, 0, 0, 0, 1, 0, 0, 0, 0, 0, 0, 0, 1, 2, 0, : 1, 1, 1, 2, 
537: 0, 0, 0, 0, 0, 0, 0, 6, 0, 0, 5, 0, 0, 1, 1, 0, 0, 0, 0, 1, : 6, 5, 1, 1, 1, 
495: 0, 0, 1, 1, 0, 0, 0, 0, 0, 0, 0, 0, 1, 1, 1, 0, 0, 2, 1, 0, : 1, 1, 1, 1, 1, 2, 1, 
305: 1, 0, 0, 0, 2, 0, 2, 0, 0, 0, 0, 13, 0, 1, 8, 0, 0, 0, 3, 0, : 1, 2, 2, 13, 1, 8, 3, 
309: 1, 1, 0, 3, 2, 0, 0, 0, 0, 0, 0, 1, 0, 0, 0, 0, 0, 1, 8, 1, : 1, 1, 3, 2, 1, 1, 8, 1, 
181: 1, 0, 0, 0, 0, 4, 1, 1, 0, 4, 0, 0, 0, 0, 0, 0, 18, 0, 0, 0, : 1, 4, 1, 1, 4, 18, 
214: 0, 0, 0, 0, 1, 1, 0, 11, 0, 0, 1, 1, 0, 3, 0, 0, 0, 0, 1, 14, : 1, 1, 11, 1, 1, 3, 1, 14, 
579: 0, 0, 5, 11, 6, 0, 1, 0, 0, 1, 0, 8, 0, 0, 1, 0, 0, 1, 8, 0, : 5, 11, 6, 1, 1, 8, 1, 1, 8, 
399: 7, 36, 3, 0, 0, 0, 0, 2, 0, 1, 1, 0, 0, 1, 19, 6, 0, 1, 0, 1, : 7, 36, 3, 2, 1, 1, 1, 19, 6, 1, 1, 
176: 0, 0, 9, 1, 1, 0, 11, 1, 0, 1, 13, 0, 0, 15, 0, 0, 4, 0, 0, 0, : 9, 1, 1, 11, 1, 1, 13, 15, 4, 
415: 0, 0, 0, 1, 1, 11, 0, 13, 0, 0, 0, 1, 0, 1, 0, 0, 0, 0, 0, 3, : 1, 1, 11, 13, 1, 1, 3, 
421: 1, 0, 0, 0, 0, 1, 0, 0, 0, 0, 0, 5, 12, 0, 0, 0, 2, 3, 0, 0, : 1, 1, 5, 12, 2, 3, 
130: 6, 0, 0, 0, 0, 0, 1, 0, 2, 0, 0, 0, 3, 0, 0, 0, 0, 1, 0, 1, : 6, 1, 2, 3, 1, 1, 
600: 7, 0, 1, 0, 3, 0, 0, 0, 4, 0, 0, 0, 0, 0, 0, 25, 1, 0, 0, 0, : 7, 1, 3, 4, 25, 1, 
575: 0, 0, 0, 0, 6, 1, 1, 0, 18, 0, 0, 9, 0, 3, 0, 0, 1, 3, 1, 0, : 6, 1, 1, 18, 9, 3, 1, 3, 1, 
497: 0, 0, 16, 5, 0, 3, 0, 1, 0, 0, 0, 0, 0, 0, 1, 0, 0, 7, 0, 3, : 16, 5, 3, 1, 1, 7, 3, 
124: 0, 0, 0, 3, 10, 0, 4, 3, 0, 8, 0, 0, 0, 5, 0, 0, 0, 0, 0, 2, : 3, 10, 4, 3, 8, 5, 2, 
283: 1, 0, 3, 1, 0, 9, 0, 0, 0, 0, 1, 1, 9, 3, 0, 0, 1, 1, 0, 1, : 1, 3, 1, 9, 1, 1, 9, 3, 1, 1, 1, 


520: 0, 0, 0, 0, 0, 0, 0, 7, 0, 0, 1, 0, 21, 0, 0, 0, 0, 0, 0, 0, : 7, 1, 21, 
332: 0, 0, 0, 0, 0, 0, 0, 1, 0, 0, 1, 0, 0, 13, 0, 0, 3, 1, 0, 1, : 1, 1, 13, 3, 1, 1, 
23: 0, 1, 0, 0, 0, 1, 0, 1, 0, 1, 2, 0, 0, 0, 0, 1, 0, 0, 1, 2, : 1, 1, 1, 1, 2, 1, 1, 2, 
320: 0, 0, 0, 0, 0, 19, 0, 2, 0, 0, 1, 0, 0, 0, 0, 0, 0, 0, 0, 3, : 19, 2, 1, 3, 
149: 0, 0, 0, 28, 4, 3, 0, 8, 0, 0, 0, 0, 0, 0, 1, 0, 0, 3, 0, 1, : 28, 4, 3, 8, 1, 3, 1, 
263: 0, 0, 2, 0, 2, 1, 8, 1, 0, 0, 16, 0, 0, 0, 0, 1, 9, 1, 0, 5, : 2, 2, 1, 8, 1, 16, 1, 9, 1, 5, 
77: 0, 0, 1, 0, 0, 0, 0, 0, 0, 1, 0, 0, 0, 0, 0, 1, 0, 0, 0, 1, : 1, 1, 1, 1, 
290: 3, 0, 5, 0, 7, 3, 0, 1, 0, 37, 7, 29, 0, 0, 0, 0, 0, 2, 0, 3, : 3, 5, 7, 3, 1, 37, 7, 29, 2, 3, 
496: 0, 0, 0, 0, 0, 0, 0, 1, 0, 0, 0, 0, 0, 0, 0, 0, 1, 21, 0, 2, : 1, 1, 21, 2, 
248: 5, 0, 1, 0, 0, 0, 0, 0, 0, 0, 0, 0, 0, 1, 2, 0, 0, 0, 11, 5, : 5, 1, 1, 2, 11, 5, 
161: 7, 0, 0, 0, 0, 2, 0, 0, 0, 1, 0, 0, 0, 0, 0, 1, 0, 0, 0, 2, : 7, 2, 1, 1, 2, 
522: 0, 1, 0, 0, 0, 0, 0, 1, 0, 0, 2, 0, 0, 0, 1, 2, 12, 4, 0, 1, : 1, 1, 2, 1, 2, 12, 4, 1, 
197: 0, 12, 0, 0, 0, 0, 0, 1, 0, 0, 0, 0, 0, 4, 0, 4, 0, 0, 0, 0, : 12, 1, 4, 4, 
409: 0, 21, 0, 0, 4, 0, 1, 1, 0, 0, 0, 0, 0, 0, 1, 10, 0, 0, 0, 0, : 21, 4, 1, 1, 1, 10, 
244: 4, 0, 0, 0, 0, 0, 1, 0, 0, 0, 0, 2, 0, 0, 4, 2, 1, 0, 0, 1, : 4, 1, 2, 4, 2, 1, 1, 
455: 1, 0, 0, 0, 1, 0, 16, 1, 0, 0, 3, 0, 0, 0, 0, 0, 0, 0, 0, 2, : 1, 1, 16, 1, 3, 2, 
532: 0, 1, 1, 0, 4, 0, 0, 0, 0, 0, 0, 2, 0, 0, 5, 0, 5, 1, 0, 0, : 1, 1, 4, 2, 5, 5, 1, 
443: 0, 0, 0, 1, 6, 0, 0, 0, 0, 0, 1, 0, 0, 0, 9, 0, 0, 0, 1, 1, : 1, 6, 1, 9, 1, 1, 
67: 3, 0, 0, 1, 0, 1, 1, 5, 0, 0, 0, 0, 0, 0, 1, 0, 2, 0, 0, 0, : 3, 1, 1, 1, 5, 1, 2, 
250: 13, 0, 2, 0, 0, 0, 0, 2, 0, 0, 0, 0, 0, 8, 0, 0, 1, 0, 26, 0, : 13, 2, 2, 8, 1, 26, 
137: 0, 2, 4, 0, 0, 0, 0, 0, 0, 0, 0, 0, 0, 0, 14, 1, 0, 0, 0, 0, : 2, 4, 14, 1, 
79: 4, 0, 0, 1, 0, 0, 1, 0, 0, 0, 2, 0, 0, 0, 0, 0, 0, 1, 0, 4, : 4, 1, 1, 2, 1, 4, 
198: 0, 1, 0, 8, 0, 0, 0, 2, 22, 0, 1, 0, 15, 0, 0, 1, 1, 1, 1, 0, : 1, 8, 2, 22, 1, 15, 1, 1, 1, 1, 
178: 0, 0, 0, 0, 3, 0, 12, 0, 0, 0, 0, 0, 0, 1, 0, 0, 0, 0, 0, 1, : 3, 12, 1, 1, 
275: 0, 0, 0, 0, 0, 0, 0, 3, 0, 0, 1, 6, 0, 13, 1, 7, 0, 0, 0, 2, : 3, 1, 6, 13, 1, 7, 2, 
336: 0, 0, 0, 0, 0, 0, 0, 1, 5, 0, 1, 0, 0, 0, 0, 3, 0, 0, 0, 1, : 1, 5, 1, 3, 1, 
349: 0, 0, 0, 0, 9, 1, 0, 0, 0, 0, 0, 0, 0, 0, 0, 1, 0, 1, 0, 1, : 9, 1, 1, 1, 1, 
401: 0, 0, 0, 0, 0, 2, 0, 0, 0, 0, 1, 0, 4, 0, 0, 2, 0, 1, 0, 1, : 2, 1, 4, 2, 1, 1, 
82: 0, 1, 1, 1, 0, 7, 0, 1, 13, 0, 0, 1, 0, 0, 1, 2, 3, 3, 0, 0, : 1, 1, 1, 7, 1, 13, 1, 1, 2, 3, 3, 
315: 0, 0, 23, 0, 0, 0, 0, 0, 0, 0, 0, 0, 0, 0, 0, 1, 2, 0, 0, 0, : 23, 1, 2, 


262: 3, 0, 0, 0, 0, 0, 1, 1, 4, 0, 5, 2, 0, 0, 0, 0, 0, 0, 1, 0, : 3, 1, 1, 4, 5, 2, 1, 
94: 0, 1, 0, 17, 0, 0, 3, 0, 8, 0, 0, 0, 0, 1, 1, 0, 0, 0, 3, 0, : 1, 17, 3, 8, 1, 1, 3, 
236: 0, 0, 0, 0, 0, 1, 3, 2, 0, 0, 0, 0, 1, 4, 0, 0, 1, 0, 0, 1, : 1, 3, 2, 1, 4, 1, 1, 
110: 3, 0, 0, 7, 0, 0, 0, 1, 0, 2, 0, 1, 0, 1, 0, 0, 0, 8, 1, 1, : 3, 7, 1, 2, 1, 1, 8, 1, 1, 
285: 0, 0, 2, 0, 4, 0, 3, 0, 0, 2, 0, 0, 1, 1, 0, 0, 2, 0, 1, 0, : 2, 4, 3, 2, 1, 1, 2, 1, 
56: 0, 0, 1, 0, 2, 4, 1, 0, 0, 5, 0, 0, 1, 19, 0, 0, 1, 0, 0, 0, : 1, 2, 4, 1, 5, 1, 19, 1, 
292: 0, 1, 0, 1, 0, 1, 0, 0, 0, 2, 0, 0, 0, 2, 0, 1, 0, 0, 1, 14, : 1, 1, 1, 2, 2, 1, 1, 14, 
85: 21, 0, 1, 0, 0, 1, 0, 0, 1, 3, 0, 1, 0, 0, 0, 1, 0, 0, 0, 0, : 21, 1, 1, 1, 3, 1, 1, 
405: 1, 0, 1, 0, 0, 0, 0, 0, 0, 0, 0, 1, 0, 0, 0, 2, 0, 4, 0, 0, : 1, 1, 1, 2, 4, 
498: 2, 0, 6, 2, 0, 0, 0, 1, 3, 0, 0, 0, 0, 0, 0, 0, 0, 0, 0, 0, : 2, 6, 2, 1, 3, 
368: 0, 0, 0, 0, 0, 0, 0, 0, 0, 0, 7, 0, 2, 3, 3, 1, 1, 2, 0, 0, : 7, 2, 3, 3, 1, 1, 2, 
597: 0, 1, 0, 0, 15, 1, 0, 1, 6, 0, 0, 1, 2, 1, 0, 5, 0, 1, 0, 0, : 1, 15, 1, 1, 6, 1, 2, 1, 5, 1, 
466: 0, 1, 0, 2, 8, 5, 1, 0, 1, 1, 0, 1, 0, 0, 0, 0, 0, 1, 3, 0, : 1, 2, 8, 5, 1, 1, 1, 1, 1, 3, 
5: 0, 1, 18, 0, 0, 0, 0, 0, 0, 1, 1, 0, 0, 0, 1, 0, 3, 1, 5, 1, : 1, 18, 1, 1, 1, 3, 1, 5, 1, 
419: 0, 0, 0, 0, 0, 0, 1, 0, 0, 1, 0, 3, 11, 0, 1, 2, 0, 5, 0, 0, : 1, 1, 3, 11, 1, 2, 5, 
251: 0, 0, 0, 0, 2, 0, 0, 0, 2, 0, 3, 0, 0, 4, 2, 0, 0, 0, 1, 0, : 2, 2, 3, 4, 2, 1, 
513: 5, 21, 0, 0, 0, 0, 0, 6, 4, 5, 0, 0, 0, 0, 0, 0, 1, 0, 1, 0, : 5, 21, 6, 4, 5, 1, 1, 
297: 1, 1, 3, 0, 0, 0, 0, 12, 6, 1, 1, 0, 0, 0, 1, 1, 0, 12, 6, 0, : 1, 1, 3, 12, 6, 1, 1, 1, 1, 12, 6, 
276: 0, 1, 0, 5, 0, 3, 8, 1, 1, 0, 0, 13, 1, 1, 0, 1, 0, 0, 1, 0, : 1, 5, 3, 8, 1, 1, 13, 1, 1, 1, 1, 
230: 0, 0, 0, 0, 0, 0, 0, 3, 0, 0, 0, 0, 0, 0, 2, 0, 0, 1, 3, 0, : 3, 2, 1, 3, 
121: 1, 0, 0, 0, 1, 0, 0, 0, 0, 0, 1, 0, 0, 0, 2, 0, 1, 0, 1, 15, : 1, 1, 1, 2, 1, 1, 15, 
397: 0, 0, 0, 0, 0, 0, 0, 0, 3, 1, 1, 0, 0, 0, 1, 0, 1, 0, 4, 0, : 3, 1, 1, 1, 1, 4, 
95: 0, 0, 3, 0, 0, 0, 0, 0, 0, 9, 17, 0, 3, 0, 0, 0, 0, 0, 0, 0, : 3, 9, 17, 3, 
30: 0, 0, 0, 2, 0, 5, 0, 2, 0, 0, 0, 5, 0, 0, 6, 2, 2, 2, 2, 0, : 2, 5, 2, 5, 6, 2, 2, 2, 2, 
88: 0, 4, 1, 0, 1, 0, 0, 0, 0, 2, 0, 0, 15, 2, 17, 4, 1, 1, 0, 0, : 4, 1, 1, 2, 15, 2, 17, 4, 1, 1, 
169: 0, 2, 0, 0, 7, 0, 15, 0, 0, 1, 0, 0, 1, 0, 1, 0, 1, 0, 1, 0, : 2, 7, 15, 1, 1, 1, 1, 1, 
548: 0, 0, 2, 0, 0, 0, 3, 2, 0, 0, 2, 1, 1, 0, 0, 0, 25, 1, 1, 8, : 2, 3, 2, 2, 1, 1, 25, 1, 1, 8, 
50: 3, 3, 0, 0, 0, 10, 0, 8, 0, 2, 1, 0, 1, 1, 1, 0, 0, 0, 0, 0, : 3, 3, 10, 8, 2, 1, 1, 1, 1, 
287: 0, 0, 1, 3, 0, 0, 0, 0, 0, 1, 0, 0, 0, 0, 1, 0, 0, 0, 2, 0, : 1, 3, 1, 1, 2, 
167: 0, 3, 1, 1, 0, 9, 1, 0, 1, 1, 1, 11, 0, 0, 0, 20, 0, 1, 2, 0, : 3, 1, 1, 9, 1, 1, 1, 1, 11, 20, 1, 2, 


272: 1, 0, 1, 0, 0, 1, 0, 0, 1, 0, 0, 0, 1, 0, 0, 2, 0, 0, 0, 1, : 1, 1, 1, 1, 1, 2, 1, 
386: 0, 0, 1, 0, 0, 7, 0, 0, 8, 6, 0, 0, 0, 5, 0, 0, 18, 1, 1, 0, : 1, 7, 8, 6, 5, 18, 1, 1, 
188: 6, 0, 0, 0, 0, 0, 0, 0, 0, 2, 0, 2, 0, 0, 3, 0, 0, 0, 0, 2, : 6, 2, 2, 3, 2, 
584: 0, 4, 0, 0, 1, 7, 0, 0, 0, 0, 0, 0, 0, 1, 1, 12, 0, 2, 0, 0, : 4, 1, 7, 1, 1, 12, 2, 
317: 1, 0, 16, 0, 0, 0, 3, 1, 1, 0, 1, 0, 0, 0, 1, 0, 0, 1, 5, 1, : 1, 16, 3, 1, 1, 1, 1, 1, 5, 1, 
70: 0, 0, 0, 2, 0, 0, 0, 0, 1, 0, 0, 32, 0, 0, 0, 0, 0, 0, 1, 1, : 2, 1, 32, 1, 1, 
423: 0, 0, 0, 0, 0, 0, 0, 0, 0, 0, 0, 1, 0, 6, 0, 0, 0, 0, 3, 0, : 1, 6, 3, 
473: 11, 0, 0, 13, 0, 0, 0, 19, 0, 0, 0, 0, 8, 0, 0, 0, 0, 0, 1, 12, : 11, 13, 19, 8, 1, 12, 
126: 0, 3, 5, 0, 0, 1, 0, 7, 1, 0, 0, 0, 1, 0, 4, 0, 3, 1, 0, 0, : 3, 5, 1, 7, 1, 1, 4, 3, 1, 
39: 0, 0, 0, 0, 0, 8, 0, 0, 8, 12, 19, 3, 0, 0, 2, 0, 0, 2, 1, 1, : 8, 8, 12, 19, 3, 2, 2, 1, 1, 
54: 0, 0, 0, 0, 12, 1, 0, 0, 0, 0, 0, 0, 0, 1, 10, 1, 0, 5, 1, 0, : 12, 1, 1, 10, 1, 5, 1, 
299: 1, 0, 0, 1, 0, 1, 0, 0, 0, 0, 2, 0, 0, 0, 0, 7, 0, 1, 0, 0, : 1, 1, 1, 2, 7, 1, 
189: 1, 0, 0, 0, 0, 1, 0, 1, 0, 0, 0, 0, 11, 3, 0, 0, 0, 1, 0, 0, : 1, 1, 1, 11, 3, 1, 
12: 1, 0, 1, 0, 1, 4, 0, 0, 3, 1, 0, 0, 0, 0, 0, 1, 0, 7, 0, 4, : 1, 1, 1, 4, 3, 1, 1, 7, 4, 
296: 0, 0, 1, 0, 0, 0, 1, 0, 1, 0, 0, 0, 0, 4, 0, 3, 0, 0, 5, 5, : 1, 1, 1, 4, 3, 5, 5, 
352: 1, 1, 0, 11, 0, 1, 0, 0, 0, 0, 0, 0, 1, 10, 0, 0, 0, 1, 5, 0, : 1, 1, 11, 1, 1, 10, 1, 5, 
355: 1, 0, 2, 9, 0, 0, 0, 0, 1, 0, 3, 0, 5, 0, 4, 1, 0, 1, 2, 0, : 1, 2, 9, 1, 3, 5, 4, 1, 1, 2, 
448: 0, 0, 0, 1, 10, 1, 9, 0, 0, 0, 3, 0, 0, 2, 0, 0, 0, 3, 0, 0, : 1, 10, 1, 9, 3, 2, 3, 
365: 5, 0, 1, 0, 0, 2, 0, 1, 7, 0, 0, 0, 0, 1, 1, 1, 17, 0, 1, 0, : 5, 1, 2, 1, 7, 1, 1, 1, 17, 1, 
356: 0, 0, 0, 0, 0, 1, 0, 0, 0, 7, 0, 0, 0, 0, 2, 2, 0, 0, 1, 6, : 1, 7, 2, 2, 1, 6, 
147: 5, 3, 0, 0, 0, 1, 0, 2, 3, 1, 0, 1, 0, 0, 0, 2, 2, 1, 0, 2, : 5, 3, 1, 2, 3, 1, 1, 2, 2, 1, 2, 
72: 5, 0, 0, 0, 0, 1, 0, 1, 0, 0, 0, 0, 2, 1, 2, 0, 0, 1, 1, 0, : 5, 1, 1, 2, 1, 2, 1, 1, 
577: 0, 1, 0, 0, 0, 1, 22, 1, 2, 10, 0, 0, 1, 0, 0, 0, 0, 0, 8, 2, : 1, 1, 22, 1, 2, 10, 1, 8, 2, 
374: 1, 27, 1, 0, 1, 0, 0, 0, 0, 0, 6, 0, 2, 0, 4, 0, 0, 2, 0, 0, : 1, 27, 1, 1, 6, 2, 4, 2, 
216: 0, 0, 1, 0, 0, 0, 2, 2, 0, 1, 1, 0, 1, 2, 5, 2, 0, 0, 1, 0, : 1, 2, 2, 1, 1, 1, 2, 5, 2, 1, 
92: 0, 1, 0, 0, 0, 0, 3, 5, 1, 0, 4, 0, 0, 0, 0, 0, 0, 0, 1, 1, : 1, 3, 5, 1, 4, 1, 1, 
237: 0, 0, 4, 3, 0, 0, 0, 0, 2, 0, 1, 0, 1, 0, 1, 0, 0, 1, 0, 1, : 4, 3, 2, 1, 1, 1, 1, 1, 
311: 0, 0, 0, 0, 1, 0, 0, 0, 0, 0, 0, 0, 0, 3, 0, 0, 0, 7, 1, 0, : 1, 3, 7, 1, 
271: 0, 0, 0, 0, 14, 0, 0, 0, 0, 0, 0, 0, 6, 0, 0, 0, 0, 2, 1, 1, : 14, 6, 2, 1, 1, 
457: 0, 0, 6, 0, 0, 1, 0, 0, 0, 0, 0, 1, 0, 1, 0, 6, 0, 0, 0, 0, : 6, 1, 1, 1, 6, 


122: 24, 0, 1, 1, 1, 0, 0, 1, 0, 0, 0, 4, 3, 12, 0, 2, 0, 0, 0, 0, : 24, 1, 1, 1, 1, 4, 3, 12, 2, 
218: 0, 0, 0, 0, 4, 1, 0, 1, 1, 1, 0, 0, 6, 0, 2, 1, 0, 0, 0, 5, : 4, 1, 1, 1, 1, 6, 2, 1, 5, 
583: 0, 0, 0, 6, 3, 5, 9, 4, 1, 0, 0, 0, 0, 5, 0, 0, 0, 0, 0, 0, : 6, 3, 5, 9, 4, 1, 5, 
574: 0, 0, 4, 0, 0, 0, 6, 0, 0, 0, 0, 11, 2, 0, 1, 0, 2, 0, 2, 1, : 4, 6, 11, 2, 1, 2, 2, 1, 
166: 0, 0, 0, 0, 1, 0, 3, 1, 1, 0, 0, 8, 0, 0, 0, 1, 8, 0, 1, 0, : 1, 3, 1, 1, 8, 1, 8, 1, 
581: 0, 6, 0, 0, 1, 0, 0, 0, 0, 0, 0, 0, 7, 0, 0, 0, 5, 0, 0, 9, : 6, 1, 7, 5, 9, 
475: 0, 0, 6, 0, 0, 0, 0, 0, 0, 13, 0, 1, 0, 0, 1, 0, 0, 0, 0, 6, : 6, 13, 1, 1, 6, 
231: 0, 0, 0, 0, 7, 2, 0, 4, 10, 0, 0, 0, 0, 0, 1, 0, 1, 0, 10, 2, : 7, 2, 4, 10, 1, 1, 10, 2, 
289: 1, 0, 0, 2, 0, 0, 0, 1, 0, 0, 7, 0, 1, 0, 0, 0, 0, 0, 0, 3, : 1, 2, 1, 7, 1, 3, 
249: 0, 1, 0, 0, 0, 0, 0, 1, 0, 0, 0, 0, 0, 0, 0, 0, 0, 0, 0, 2, : 1, 1, 2, 
49: 1, 0, 0, 3, 4, 1, 0, 2, 0, 0, 0, 0, 0, 0, 0, 0, 0, 13, 0, 0, : 1, 3, 4, 1, 2, 13, 
164: 0, 0, 0, 0, 0, 0, 0, 1, 0, 0, 0, 0, 1, 8, 4, 2, 0, 18, 0, 6, : 1, 1, 8, 4, 2, 18, 6, 
246: 1, 0, 2, 0, 0, 0, 0, 0, 0, 0, 0, 0, 0, 1, 0, 9, 0, 0, 0, 0, : 1, 2, 1, 9, 
599: 3, 1, 16, 0, 1, 0, 0, 1, 0, 3, 0, 0, 2, 0, 0, 0, 6, 0, 0, 0, : 3, 1, 16, 1, 1, 3, 2, 6, 
561: 0, 0, 1, 0, 0, 1, 0, 9, 0, 0, 4, 0, 0, 0, 0, 0, 0, 0, 0, 0, : 1, 1, 9, 4, 
453: 0, 0, 0, 1, 0, 0, 0, 0, 0, 1, 1, 0, 0, 0, 0, 0, 0, 1, 16, 1, : 1, 1, 1, 1, 16, 1, 
239: 0, 25, 2, 1, 0, 1, 1, 0, 0, 10, 19, 0, 0, 0, 0, 1, 0, 0, 0, 1, : 25, 2, 1, 1, 1, 10, 19, 1, 1, 
544: 0, 1, 0, 0, 0, 22, 0, 2, 18, 1, 0, 0, 1, 0, 2, 0, 4, 0, 1, 0, : 1, 22, 2, 18, 1, 1, 2, 4, 1, 
29: 0, 0, 1, 0, 0, 2, 11, 1, 0, 0, 0, 0, 0, 0, 0, 0, 0, 0, 0, 0, : 1, 2, 11, 1, 
258: 1, 0, 0, 0, 0, 1, 1, 0, 0, 0, 1, 0, 0, 0, 0, 2, 2, 0, 0, 0, : 1, 1, 1, 1, 2, 2, 
151: 0, 0, 0, 1, 3, 0, 6, 1, 1, 2, 0, 7, 17, 1, 0, 16, 1, 7, 0, 0, : 1, 3, 6, 1, 1, 2, 7, 17, 1, 16, 1, 7, 
367: 0, 0, 0, 1, 6, 1, 0, 1, 0, 1, 0, 0, 0, 0, 0, 3, 0, 0, 6, 0, : 1, 6, 1, 1, 1, 3, 6, 
33: 3, 0, 3, 24, 0, 0, 0, 1, 7, 1, 1, 0, 0, 0, 0, 0, 1, 0, 0, 0, : 3, 3, 24, 1, 7, 1, 1, 1, 
372: 6, 0, 0, 0, 8, 1, 0, 1, 0, 0, 2, 1, 0, 2, 0, 0, 2, 0, 0, 0, : 6, 8, 1, 1, 2, 1, 2, 2, 
342: 0, 0, 1, 0, 0, 1, 0, 1, 0, 0, 1, 0, 0, 1, 22, 0, 1, 0, 0, 3, : 1, 1, 1, 1, 1, 22, 1, 3, 
417: 0, 0, 0, 0, 0, 0, 0, 0, 1, 1, 3, 8, 0, 3, 1, 0, 5, 0, 0, 0, : 1, 1, 3, 8, 3, 1, 5, 
288: 0, 1, 1, 0, 0, 0, 0, 2, 0, 6, 0, 0, 0, 7, 0, 1, 0, 0, 0, 1, : 1, 1, 2, 6, 7, 1, 1, 
175: 0, 5, 0, 0, 0, 1, 1, 0, 0, 0, 0, 0, 0, 0, 0, 2, 2, 1, 1, 0, : 5, 1, 1, 2, 2, 1, 1, 
392: 0, 0, 1, 0, 1, 0, 1, 1, 0, 0, 0, 0, 0, 0, 3, 0, 0, 0, 3, 0, : 1, 1, 1, 1, 3, 3, 
590: 0, 0, 1, 0, 0, 0, 1, 3, 0, 0, 1, 0, 0, 0, 3, 0, 0, 0, 0, 0, : 1, 1, 3, 1, 3, 


45: 1, 0, 0, 0, 0, 8, 2, 0, 11, 1, 0, 2, 0, 2, 0, 0, 0, 0, 6, 0, : 1, 8, 2, 11, 1, 2, 2, 6, 
534: 0, 0, 2, 0, 1, 2, 0, 18, 0, 1, 0, 4, 1, 1, 1, 1, 0, 0, 0, 0, : 2, 1, 2, 18, 1, 4, 1, 1, 1, 1, 
467: 0, 0, 0, 0, 0, 0, 4, 0, 0, 0, 0, 3, 1, 1, 0, 1, 1, 0, 0, 0, : 4, 3, 1, 1, 1, 1, 
344: 0, 0, 0, 0, 0, 1, 0, 0, 0, 1, 0, 0, 0, 0, 1, 0, 0, 0, 0, 4, : 1, 1, 1, 4, 
387: 0, 0, 0, 0, 0, 0, 2, 0, 0, 0, 0, 0, 0, 1, 10, 0, 0, 1, 0, 1, : 2, 1, 10, 1, 1, 
146: 1, 0, 0, 0, 1, 0, 1, 0, 0, 0, 0, 3, 0, 1, 0, 0, 0, 0, 0, 6, : 1, 1, 1, 3, 1, 6, 
32: 2, 0, 4, 0, 22, 1, 7, 1, 2, 1, 7, 0, 1, 1, 1, 0, 0, 2, 1, 0, : 2, 4, 22, 1, 7, 1, 2, 1, 7, 1, 1, 1, 2, 1, 
22: 0, 0, 0, 0, 0, 0, 1, 0, 0, 1, 0, 0, 1, 1, 0, 1, 0, 0, 3, 1, : 1, 1, 1, 1, 1, 3, 1, 
582: 9, 0, 1, 0, 0, 1, 2, 1, 1, 0, 2, 2, 1, 1, 0, 0, 6, 0, 0, 0, : 9, 1, 1, 2, 1, 1, 2, 2, 1, 1, 6, 
391: 1, 3, 0, 0, 0, 8, 1, 0, 1, 0, 0, 2, 6, 1, 1, 1, 0, 1, 1, 0, : 1, 3, 8, 1, 1, 2, 6, 1, 1, 1, 1, 1, 
460: 0, 9, 2, 16, 0, 0, 1, 0, 3, 2, 1, 0, 0, 1, 1, 5, 0, 1, 0, 16, : 9, 2, 16, 1, 3, 2, 1, 1, 1, 5, 1, 16, 
87: 0, 0, 0, 0, 0, 2, 0, 0, 5, 1, 0, 6, 0, 2, 1, 0, 3, 0, 1, 0, : 2, 5, 1, 6, 2, 1, 3, 1, 
90: 19, 0, 0, 0, 0, 0, 2, 1, 1, 7, 0, 0, 0, 0, 0, 0, 0, 0, 9, 0, : 19, 2, 1, 1, 7, 9, 
234: 0, 0, 0, 0, 0, 0, 0, 0, 1, 0, 11, 0, 1, 1, 0, 0, 0, 17, 5, 0, : 1, 11, 1, 1, 17, 5, 
171: 0, 1, 0, 0, 6, 0, 1, 0, 0, 2, 0, 1, 1, 10, 1, 0, 0, 0, 0, 6, : 1, 6, 1, 2, 1, 1, 10, 1, 6, 
200: 0, 2, 8, 0, 1, 2, 3, 0, 0, 6, 3, 0, 2, 1, 3, 0, 0, 0, 0, 0, : 2, 8, 1, 2, 3, 6, 3, 2, 1, 3, 
93: 1, 0, 12, 0, 1, 0, 1, 0, 1, 1, 0, 1, 1, 0, 7, 0, 1, 1, 0, 0, : 1, 12, 1, 1, 1, 1, 1, 1, 7, 1, 1, 
152: 0, 0, 0, 0, 1, 0, 0, 0, 2, 10, 1, 1, 5, 0, 3, 0, 0, 3, 0, 0, : 1, 2, 10, 1, 1, 5, 3, 3, 
412: 0, 0, 0, 0, 0, 4, 0, 0, 0, 0, 0, 0, 1, 0, 0, 0, 1, 0, 0, 2, : 4, 1, 1, 2, 
209: 2, 0, 0, 1, 0, 5, 0, 0, 0, 0, 0, 0, 2, 0, 0, 8, 0, 4, 0, 0, : 2, 1, 5, 2, 8, 4, 
384: 0, 0, 2, 0, 0, 0, 0, 4, 0, 0, 0, 0, 0, 0, 0, 5, 0, 1, 0, 1, : 2, 4, 5, 1, 1, 
517: 0, 0, 0, 0, 0, 1, 0, 0, 1, 0, 0, 0, 0, 0, 3, 9, 7, 1, 0, 0, : 1, 1, 3, 9, 7, 1, 
261: 0, 0, 1, 0, 6, 1, 1, 0, 0, 2, 0, 0, 0, 1, 0, 0, 1, 0, 0, 0, : 1, 6, 1, 1, 2, 1, 1, 
15: 1, 0, 0, 1, 0, 3, 1, 0, 5, 0, 0, 0, 0, 0, 0, 0, 1, 0, 0, 0, : 1, 1, 3, 1, 5, 1, 
119: 1, 0, 0, 0, 0, 1, 3, 15, 0, 1, 15, 0, 8, 7, 1, 0, 2, 6, 13, 0, : 1, 1, 3, 15, 1, 15, 8, 7, 1, 2, 6, 13, 
235: 0, 1, 4, 0, 1, 0, 0, 0, 0, 1, 0, 0, 4, 3, 0, 1, 0, 1, 0, 0, : 1, 4, 1, 1, 4, 3, 1, 1, 
449: 1, 0, 0, 0, 0, 0, 1, 0, 0, 1, 0, 0, 2, 0, 3, 1, 15, 0, 0, 2, : 1, 1, 1, 2, 3, 1, 15, 2, 
518: 0, 24, 1, 1, 0, 0, 6, 0, 0, 1, 0, 15, 0, 1, 0, 0, 2, 0, 0, 0, : 24, 1, 1, 6, 1, 15, 1, 2, 
295: 1, 0, 2, 0, 0, 0, 0, 0, 1, 0, 0, 0, 1, 0, 3, 2, 0, 0, 0, 1, : 1, 2, 1, 1, 3, 2, 1, 
313: 0, 0, 1, 21, 0, 0, 0, 0, 5, 0, 0, 0, 1, 3, 0, 5, 0, 1, 1, 0, : 1, 21, 5, 1, 3, 5, 1, 1, 


278: 1, 12, 8, 0, 0, 1, 3, 0, 0, 0, 0, 0, 0, 10, 0, 0, 3, 0, 0, 0, : 1, 12, 8, 1, 3, 10, 3, 
96: 0, 1, 3, 2, 0, 2, 1, 0, 0, 0, 0, 0, 0, 0, 1, 3, 2, 6, 0, 0, : 1, 3, 2, 2, 1, 1, 3, 2, 6, 
377: 0, 0, 0, 2, 0, 0, 0, 0, 7, 0, 0, 0, 1, 2, 1, 0, 12, 0, 3, 0, : 2, 7, 1, 2, 1, 12, 3, 
60: 0, 0, 3, 0, 0, 0, 0, 8, 0, 2, 0, 0, 2, 2, 3, 7, 1, 0, 0, 0, : 3, 8, 2, 2, 2, 3, 7, 1, 
550: 0, 0, 3, 0, 31, 0, 0, 12, 1, 0, 13, 0, 0, 1, 0, 1, 6, 0, 2, 0, : 3, 31, 12, 1, 13, 1, 1, 6, 2, 
536: 0, 0, 1, 7, 0, 1, 11, 0, 0, 0, 0, 0, 0, 19, 9, 0, 5, 0, 0, 19, : 1, 7, 1, 11, 19, 9, 5, 19, 
143: 0, 0, 2, 0, 0, 1, 0, 0, 1, 0, 0, 1, 0, 0, 0, 0, 0, 3, 3, 0, : 2, 1, 1, 1, 3, 3, 
514: 3, 0, 0, 0, 0, 0, 0, 0, 0, 0, 0, 0, 0, 0, 0, 1, 0, 0, 0, 0, : 3, 1, 
221: 1, 0, 0, 0, 0, 1, 1, 0, 0, 0, 0, 14, 3, 0, 0, 0, 0, 1, 4, 0, : 1, 1, 1, 14, 3, 1, 4, 
451: 0, 0, 0, 7, 0, 1, 0, 0, 0, 0, 0, 0, 0, 4, 0, 1, 0, 0, 0, 0, : 7, 1, 4, 1, 
74: 1, 6, 0, 1, 0, 2, 0, 0, 13, 0, 0, 0, 0, 0, 1, 0, 0, 0, 0, 0, : 1, 6, 1, 2, 13, 1, 
434: 1, 0, 0, 0, 0, 3, 1, 0, 0, 9, 0, 0, 0, 0, 0, 22, 7, 0, 1, 0, : 1, 3, 1, 9, 22, 7, 1, 
398: 1, 3, 3, 1, 0, 1, 1, 0, 1, 0, 0, 0, 1, 0, 1, 1, 0, 0, 0, 3, : 1, 3, 3, 1, 1, 1, 1, 1, 1, 1, 3, 
165: 2, 0, 0, 4, 0, 1, 0, 0, 1, 0, 0, 0, 1, 0, 6, 0, 0, 0, 1, 0, : 2, 4, 1, 1, 1, 6, 1, 
10: 0, 0, 0, 0, 0, 2, 0, 0, 0, 0, 0, 0, 0, 1, 0, 0, 1, 0, 2, 0, : 2, 1, 1, 2, 
506: 2, 0, 0, 0, 0, 0, 14, 0, 2, 21, 0, 0, 0, 1, 0, 0, 0, 0, 0, 0, : 2, 14, 2, 21, 1, 
413: 1, 0, 1, 0, 0, 8, 1, 0, 0, 0, 13, 0, 0, 0, 0, 2, 0, 2, 0, 1, : 1, 1, 8, 1, 13, 2, 2, 1, 
322: 0, 0, 1, 0, 0, 0, 0, 0, 0, 0, 8, 0, 0, 0, 1, 1, 0, 8, 1, 0, : 1, 8, 1, 1, 8, 1, 
132: 2, 0, 0, 0, 7, 1, 1, 0, 1, 1, 0, 25, 0, 0, 1, 0, 0, 0, 0, 0, : 2, 7, 1, 1, 1, 1, 25, 1, 
20: 0, 0, 0, 0, 0, 0, 0, 17, 1, 1, 0, 0, 22, 0, 11, 0, 0, 0, 1, 11, : 17, 1, 1, 22, 11, 1, 11, 
530: 8, 0, 0, 0, 0, 1, 0, 0, 0, 0, 0, 0, 0, 0, 0, 1, 0, 0, 3, 0, : 8, 1, 1, 3, 
106: 0, 18, 5, 1, 0, 1, 0, 0, 0, 0, 0, 0, 0, 0, 0, 0, 0, 0, 3, 0, : 18, 5, 1, 1, 3, 
331: 2, 0, 1, 6, 0, 1, 0, 0, 1, 4, 0, 0, 0, 0, 0, 0, 0, 0, 0, 0, : 2, 1, 6, 1, 1, 4, 
301: 0, 0, 2, 1, 0, 1, 2, 0, 3, 0, 4, 0, 0, 0, 0, 0, 0, 0, 0, 6, : 2, 1, 1, 2, 3, 4, 6, 
437: 2, 0, 4, 0, 0, 1, 0, 0, 0, 0, 0, 0, 0, 0, 4, 0, 0, 2, 1, 0, : 2, 4, 1, 4, 2, 1, 
487: 0, 0, 0, 1, 2, 1, 0, 1, 0, 2, 1, 0, 0, 0, 1, 0, 0, 14, 1, 0, : 1, 2, 1, 1, 2, 1, 1, 14, 1, 
232: 12, 0, 1, 0, 0, 1, 0, 0, 8, 0, 0, 0, 10, 0, 0, 0, 0, 0, 4, 0, : 12, 1, 1, 8, 10, 4, 
168: 0, 0, 0, 1, 0, 1, 0, 0, 0, 0, 1, 0, 0, 0, 0, 0, 2, 0, 7, 0, : 1, 1, 1, 2, 7, 
89: 1, 0, 0, 0, 0, 7, 0, 0, 0, 0, 0, 0, 0, 0, 0, 0, 1, 0, 0, 0, : 1, 7, 1, 
444: 0, 0, 2, 6, 0, 0, 4, 2, 0, 0, 0, 0, 0, 0, 0, 0, 0, 4, 3, 0, : 2, 6, 4, 2, 4, 3, 


438: 1, 1, 0, 0, 0, 0, 1, 0, 0, 11, 0, 1, 1, 0, 0, 0, 2, 0, 0, 8, : 1, 1, 1, 11, 1, 1, 2, 8, 
277: 1, 0, 4, 6, 0, 6, 1, 0, 0, 3, 0, 0, 0, 0, 0, 8, 1, 0, 0, 0, : 1, 4, 6, 6, 1, 3, 8, 1, 
303: 0, 1, 1, 0, 0, 0, 0, 0, 0, 0, 0, 0, 1, 5, 11, 0, 1, 0, 14, 0, : 1, 1, 1, 5, 11, 1, 14, 
458: 0, 0, 1, 2, 4, 5, 0, 0, 2, 0, 0, 0, 0, 0, 0, 0, 0, 1, 0, 0, : 1, 2, 4, 5, 2, 1, 
454: 0, 0, 0, 1, 0, 1, 0, 0, 0, 0, 0, 14, 1, 0, 1, 1, 0, 7, 0, 1, : 1, 1, 14, 1, 1, 1, 7, 1, 
500: 0, 19, 0, 0, 0, 0, 0, 0, 0, 0, 0, 0, 0, 10, 0, 0, 0, 0, 1, 0, : 19, 10, 1, 
2: 1, 1, 0, 0, 0, 1, 0, 13, 0, 0, 0, 0, 0, 0, 0, 0, 1, 0, 5, 0, : 1, 1, 1, 13, 1, 5, 
256: 0, 0, 0, 0, 1, 1, 0, 0, 3, 0, 0, 0, 0, 0, 0, 15, 2, 1, 1, 0, : 1, 1, 3, 15, 2, 1, 1, 
226: 0, 0, 0, 0, 0, 7, 1, 4, 23, 0, 0, 7, 1, 1, 0, 0, 6, 0, 0, 0, : 7, 1, 4, 23, 7, 1, 1, 6, 
11: 1, 0, 0, 0, 0, 0, 1, 0, 0, 1, 0, 1, 0, 2, 0, 0, 1, 1, 1, 8, : 1, 1, 1, 1, 2, 1, 1, 1, 8, 
260: 0, 0, 1, 0, 0, 1, 0, 3, 0, 1, 0, 0, 0, 1, 0, 1, 7, 0, 0, 0, : 1, 1, 3, 1, 1, 1, 7, 
546: 19, 0, 0, 0, 0, 10, 10, 3, 1, 0, 0, 0, 3, 0, 18, 0, 0, 4, 0, 2, : 19, 10, 10, 3, 1, 3, 18, 4, 2, 
71: 0, 0, 4, 0, 6, 0, 2, 0, 0, 1, 0, 0, 1, 1, 0, 0, 0, 1, 0, 0, : 4, 6, 2, 1, 1, 1, 1, 
170: 3, 0, 3, 0, 0, 1, 0, 1, 4, 0, 7, 0, 0, 0, 0, 1, 1, 0, 5, 0, : 3, 3, 1, 1, 4, 7, 1, 1, 5, 
576: 7, 0, 0, 1, 1, 0, 0, 0, 0, 20, 0, 0, 26, 0, 0, 0, 1, 0, 0, 7, : 7, 1, 1, 20, 26, 1, 7, 
549: 0, 0, 2, 0, 24, 0, 0, 0, 0, 1, 0, 0, 0, 1, 0, 0, 0, 1, 1, 0, : 2, 24, 1, 1, 1, 1, 
478: 0, 0, 1, 0, 0, 1, 0, 0, 0, 0, 17, 0, 0, 7, 0, 0, 0, 1, 3, 1, : 1, 1, 17, 7, 1, 3, 1, 
31: 2, 0, 1, 1, 1, 0, 0, 0, 0, 0, 1, 0, 0, 1, 8, 0, 0, 0, 1, 1, : 2, 1, 1, 1, 1, 1, 8, 1, 1, 
389: 1, 0, 0, 5, 0, 0, 0, 0, 0, 1, 0, 0, 0, 2, 0, 0, 2, 1, 0, 0, : 1, 5, 1, 2, 2, 1, 
243: 1, 1, 0, 0, 0, 0, 0, 0, 6, 0, 0, 0, 0, 2, 0, 0, 1, 1, 0, 0, : 1, 1, 6, 2, 1, 1, 
416: 0, 1, 1, 0, 0, 0, 13, 0, 0, 0, 0, 0, 1, 0, 0, 0, 0, 0, 6, 1, : 1, 1, 13, 1, 6, 1, 
99: 0, 0, 8, 0, 1, 0, 0, 0, 0, 0, 0, 4, 0, 1, 0, 0, 6, 0, 0, 0, : 8, 1, 4, 1, 6, 
26: 0, 0, 3, 6, 0, 3, 0, 0, 1, 0, 0, 1, 1, 1, 0, 0, 1, 0, 0, 0, : 3, 6, 3, 1, 1, 1, 1, 1, 
105: 1, 0, 0, 0, 1, 0, 0, 2, 0, 0, 0, 5, 3, 0, 0, 0, 0, 3, 0, 0, : 1, 1, 2, 5, 3, 3, 
330: 0, 0, 0, 5, 0, 1, 0, 1, 0, 0, 2, 1, 0, 0, 0, 0, 0, 8, 0, 0, : 5, 1, 1, 2, 1, 8, 
527: 0, 16, 7, 0, 0, 0, 0, 3, 0, 0, 6, 0, 1, 0, 0, 9, 6, 4, 1, 5, : 16, 7, 3, 6, 1, 9, 6, 4, 1, 5, 
136: 1, 0, 0, 1, 0, 0, 0, 1, 0, 1, 0, 1, 0, 0, 0, 3, 0, 2, 0, 0, : 1, 1, 1, 1, 1, 3, 2, 
204: 0, 0, 0, 0, 1, 1, 1, 4, 0, 0, 0, 5, 0, 5, 0, 2, 0, 2, 1, 6, : 1, 1, 1, 4, 5, 5, 2, 2, 1, 6, 
512: 0, 0, 2, 0, 0, 1, 4, 0, 0, 0, 0, 0, 0, 0, 0, 0, 1, 2, 0, 0, : 2, 1, 4, 1, 2, 
505: 1, 0, 1, 12, 0, 0, 6, 5, 0, 0, 7, 0, 0, 0, 2, 0, 0, 0, 0, 0, : 1, 1, 12, 6, 5, 7, 2, 


233: 0, 1, 0, 0, 0, 0, 0, 3, 26, 0, 5, 12, 1, 0, 0, 0, 1, 0, 1, 8, : 1, 3, 26, 5, 12, 1, 1, 1, 8, 
1: 3, 0, 0, 0, 0, 0, 0, 1, 9, 0, 0, 0, 1, 1, 1, 4, 0, 0, 0, 0, : 3, 1, 9, 1, 1, 1, 4, 
521: 0, 0, 2, 4, 0, 4, 0, 10, 0, 0, 5, 0, 3, 18, 0, 0, 0, 0, 2, 0, : 2, 4, 4, 10, 5, 3, 18, 2, 
543: 0, 0, 0, 0, 0, 5, 7, 0, 0, 0, 1, 0, 11, 0, 1, 0, 2, 9, 1, 1, : 5, 7, 1, 11, 1, 2, 9, 1, 1, 
229: 0, 0, 0, 0, 0, 8, 0, 1, 0, 0, 2, 0, 1, 0, 0, 1, 2, 4, 0, 2, : 8, 1, 2, 1, 1, 2, 4, 2, 
8: 0, 1, 1, 1, 2, 0, 0, 6, 0, 0, 5, 0, 0, 0, 0, 3, 0, 0, 0, 1, : 1, 1, 1, 2, 6, 5, 3, 1, 
435: 23, 0, 1, 3, 0, 0, 0, 0, 0, 0, 0, 6, 9, 1, 0, 0, 1, 0, 4, 1, : 23, 1, 3, 6, 9, 1, 1, 4, 1, 
554: 0, 1, 4, 0, 0, 0, 0, 1, 0, 0, 1, 0, 1, 0, 0, 1, 0, 0, 0, 3, : 1, 4, 1, 1, 1, 1, 3, 
75: 1, 0, 0, 0, 1, 0, 0, 0, 0, 0, 7, 0, 0, 0, 0, 2, 0, 0, 0, 0, : 1, 1, 7, 2, 
523: 0, 0, 0, 0, 0, 0, 6, 1, 0, 3, 0, 6, 0, 1, 1, 0, 0, 1, 0, 2, : 6, 1, 3, 6, 1, 1, 1, 2, 
257: 0, 0, 0, 0, 0, 0, 0, 0, 0, 0, 1, 0, 0, 0, 3, 21, 1, 0, 10, 1, : 1, 3, 21, 1, 10, 1, 
24: 0, 4, 1, 6, 0, 0, 0, 6, 0, 9, 1, 0, 0, 0, 0, 1, 0, 0, 0, 0, : 4, 1, 6, 6, 9, 1, 1, 
329: 0, 0, 1, 1, 0, 0, 0, 0, 4, 1, 1, 0, 1, 0, 3, 0, 1, 7, 0, 3, : 1, 1, 4, 1, 1, 1, 3, 1, 7, 3, 
571: 0, 0, 0, 0, 0, 9, 0, 1, 0, 7, 1, 0, 0, 0, 0, 0, 2, 0, 0, 3, : 9, 1, 7, 1, 2, 3, 
402: 0, 15, 0, 0, 5, 3, 0, 0, 0, 5, 0, 0, 0, 0, 5, 0, 1, 0, 0, 1, : 15, 5, 3, 5, 5, 1, 1, 
431: 0, 0, 4, 0, 12, 0, 0, 0, 0, 0, 0, 0, 0, 1, 0, 3, 0, 0, 0, 0, : 4, 12, 1, 3, 
78: 3, 0, 0, 1, 0, 1, 16, 4, 0, 0, 0, 12, 5, 5, 0, 1, 0, 0, 16, 0, : 3, 1, 1, 16, 4, 12, 5, 5, 1, 16, 
494: 3, 1, 13, 0, 0, 1, 0, 0, 0, 0, 1, 0, 1, 0, 0, 0, 0, 1, 0, 0, : 3, 1, 13, 1, 1, 1, 1, 
123: 2, 0, 0, 0, 16, 0, 10, 0, 0, 0, 1, 0, 0, 2, 0, 1, 1, 0, 0, 1, : 2, 16, 10, 1, 2, 1, 1, 1, 
7: 0, 2, 10, 0, 0, 0, 0, 0, 0, 0, 2, 0, 0, 0, 0, 0, 0, 1, 0, 0, : 2, 10, 2, 1, 
360: 1, 1, 0, 23, 2, 0, 1, 0, 0, 0, 1, 1, 0, 0, 11, 0, 0, 0, 0, 0, : 1, 1, 23, 2, 1, 1, 1, 11, 
428: 0, 1, 0, 0, 0, 0, 0, 0, 1, 0, 0, 0, 0, 0, 0, 2, 24, 0, 0, 1, : 1, 1, 2, 24, 1, 
441: 0, 0, 0, 1, 0, 2, 0, 0, 0, 0, 0, 0, 0, 0, 2, 0, 0, 0, 0, 0, : 1, 2, 2, 
104: 0, 1, 0, 0, 0, 0, 0, 0, 0, 15, 1, 0, 5, 0, 0, 0, 0, 0, 0, 0, : 1, 15, 1, 5, 
91: 0, 10, 0, 0, 0, 0, 0, 3, 0, 0, 0, 0, 0, 0, 0, 0, 1, 0, 0, 1, : 10, 3, 1, 1, 
14: 0, 0, 0, 0, 0, 0, 0, 1, 0, 0, 3, 0, 0, 0, 1, 0, 1, 3, 5, 6, : 1, 3, 1, 1, 3, 5, 6, 
194: 0, 2, 0, 0, 1, 0, 0, 2, 0, 0, 1, 1, 0, 0, 12, 0, 0, 0, 1, 0, : 2, 1, 2, 1, 1, 12, 1, 
215: 0, 0, 2, 0, 0, 2, 0, 0, 0, 0, 0, 0, 0, 11, 0, 0, 0, 9, 0, 2, : 2, 2, 11, 9, 2, 
27: 0, 0, 0, 0, 1, 4, 0, 0, 0, 0, 0, 2, 0, 0, 0, 0, 2, 0, 0, 0, : 1, 4, 2, 2, 
594: 4, 0, 1, 0, 0, 1, 0, 0, 0, 0, 0, 0, 1, 0, 0, 0, 0, 5, 0, 3, : 4, 1, 1, 1, 5, 3, 


127: 0, 3, 8, 0, 3, 0, 0, 0, 0, 0, 0, 4, 0, 0, 0, 0, 1, 0, 15, 2, : 3, 8, 3, 4, 1, 15, 2, 
325: 0, 0, 0, 0, 0, 0, 0, 0, 0, 0, 0, 0, 3, 2, 0, 1, 0, 0, 0, 0, : 3, 2, 1, 
390: 0, 1, 0, 0, 0, 0, 6, 11, 11, 0, 0, 0, 1, 0, 1, 1, 0, 0, 1, 0, : 1, 6, 11, 11, 1, 1, 1, 1, 
563: 2, 0, 0, 4, 0, 9, 0, 0, 0, 0, 0, 0, 0, 0, 0, 0, 0, 0, 0, 2, : 2, 4, 9, 2, 
150: 19, 0, 5, 2, 0, 0, 0, 1, 0, 0, 0, 1, 0, 3, 1, 2, 1, 1, 1, 5, : 19, 5, 2, 1, 1, 3, 1, 2, 1, 1, 1, 5, 
300: 3, 0, 2, 0, 0, 0, 0, 1, 1, 0, 0, 0, 0, 22, 0, 1, 1, 0, 1, 2, : 3, 2, 1, 1, 22, 1, 1, 1, 2, 
112: 0, 0, 0, 0, 2, 0, 0, 0, 0, 0, 0, 1, 1, 1, 0, 4, 1, 0, 0, 5, : 2, 1, 1, 1, 4, 1, 5, 
334: 0, 2, 0, 2, 0, 0, 0, 7, 0, 0, 0, 6, 1, 2, 1, 17, 1, 0, 3, 0, : 2, 2, 7, 6, 1, 2, 1, 17, 1, 3, 
184: 1, 0, 0, 0, 0, 0, 0, 0, 0, 0, 1, 1, 0, 1, 1, 0, 1, 0, 1, 1, : 1, 1, 1, 1, 1, 1, 1, 1, 
551: 2, 1, 0, 1, 0, 0, 0, 1, 10, 0, 0, 0, 0, 0, 0, 2, 0, 14, 1, 2, : 2, 1, 1, 1, 10, 2, 14, 1, 2, 
508: 0, 0, 0, 23, 0, 0, 0, 0, 0, 0, 7, 3, 0, 0, 3, 0, 0, 1, 1, 7, : 23, 7, 3, 3, 1, 1, 7, 
328: 0, 1, 0, 0, 2, 0, 0, 0, 12, 0, 1, 0, 2, 2, 0, 0, 1, 0, 0, 0, : 1, 2, 12, 1, 2, 2, 1, 
354: 0, 1, 0, 0, 0, 0, 0, 1, 0, 0, 0, 0, 0, 0, 4, 2, 1, 0, 0, 0, : 1, 1, 4, 2, 1, 
308: 0, 7, 0, 0, 8, 0, 0, 0, 0, 4, 21, 0, 0, 3, 1, 0, 1, 0, 1, 0, : 7, 8, 4, 21, 3, 1, 1, 1, 
269: 1, 2, 0, 0, 2, 0, 34, 0, 0, 0, 1, 0, 3, 1, 0, 2, 10, 10, 1, 0, : 1, 2, 2, 34, 1, 3, 1, 2, 10, 10, 1, 
411: 0, 0, 0, 0, 0, 0, 0, 0, 0, 0, 0, 14, 0, 0, 13, 0, 0, 0, 5, 1, : 14, 13, 5, 1, 
55: 2, 1, 0, 0, 0, 2, 0, 1, 1, 0, 0, 0, 0, 0, 0, 0, 4, 0, 1, 0, : 2, 1, 2, 1, 1, 4, 1, 
558: 1, 0, 13, 0, 0, 0, 0, 0, 0, 0, 0, 0, 2, 0, 0, 1, 1, 7, 0, 2, : 1, 13, 2, 1, 1, 7, 2, 
298: 0, 2, 0, 0, 1, 0, 0, 0, 0, 0, 6, 1, 1, 0, 0, 1, 0, 0, 0, 0, : 2, 1, 6, 1, 1, 1, 
489: 0, 0, 0, 3, 0, 0, 0, 0, 1, 0, 1, 0, 0, 0, 1, 1, 0, 0, 0, 5, : 3, 1, 1, 1, 1, 5, 
538: 0, 0, 0, 0, 0, 4, 0, 0, 0, 0, 0, 0, 10, 0, 0, 0, 0, 1, 1, 0, : 4, 10, 1, 1, 
192: 1, 0, 5, 0, 0, 19, 0, 5, 0, 0, 0, 0, 4, 1, 13, 2, 0, 0, 0, 0, : 1, 5, 19, 5, 4, 1, 13, 2, 
282: 0, 0, 0, 0, 21, 2, 0, 0, 1, 0, 1, 0, 1, 0, 0, 0, 1, 0, 1, 0, : 21, 2, 1, 1, 1, 1, 1, 
509: 0, 0, 0, 0, 0, 0, 0, 0, 3, 26, 0, 0, 1, 0, 0, 2, 15, 0, 0, 1, : 3, 26, 1, 2, 15, 1, 
407: 0, 0, 0, 0, 0, 0, 0, 0, 0, 0, 0, 0, 1, 0, 0, 0, 0, 0, 2, 1, : 1, 2, 1, 
383: 0, 0, 7, 0, 1, 0, 0, 0, 0, 10, 0, 7, 2, 0, 0, 0, 0, 0, 0, 1, : 7, 1, 10, 7, 2, 1, 
172: 2, 0, 0, 5, 0, 0, 0, 0, 0, 0, 1, 1, 1, 0, 0, 1, 0, 0, 0, 1, : 2, 5, 1, 1, 1, 1, 1, 
144: 0, 19, 0, 0, 0, 4, 0, 0, 0, 0, 0, 0, 4, 1, 0, 0, 0, 3, 0, 0, : 19, 4, 4, 1, 3, 
247: 0, 0, 0, 0, 0, 0, 0, 0, 0, 0, 0, 1, 1, 1, 1, 0, 0, 0, 3, 1, : 1, 1, 1, 1, 3, 1, 
98: 6, 0, 0, 0, 0, 0, 0, 12, 0, 0, 0, 0, 1, 0, 0, 0, 0, 3, 1, 1, : 6, 12, 1, 3, 1, 1, 


131: 1, 0, 0, 0, 1, 0, 0, 0, 14, 2, 0, 1, 6, 0, 0, 0, 3, 0, 1, 0, : 1, 1, 14, 2, 1, 6, 3, 1, 
492: 0, 0, 0, 0, 1, 0, 0, 0, 0, 0, 0, 1, 0, 0, 0, 0, 1, 0, 0, 0, : 1, 1, 1, 
42: 0, 0, 9, 17, 1, 0, 0, 0, 2, 1, 0, 0, 1, 0, 0, 0, 4, 0, 5, 0, : 9, 17, 1, 2, 1, 1, 4, 5, 
34: 0, 1, 0, 1, 0, 0, 1, 0, 0, 0, 0, 1, 1, 0, 33, 0, 3, 0, 0, 0, : 1, 1, 1, 1, 1, 33, 3, 
348: 0, 0, 1, 0, 0, 0, 1, 0, 0, 1, 1, 0, 0, 5, 0, 2, 1, 0, 6, 0, : 1, 1, 1, 1, 5, 2, 1, 6, 
154: 4, 0, 1, 0, 0, 0, 0, 3, 0, 0, 0, 1, 1, 1, 0, 0, 1, 22, 1, 0, : 4, 1, 3, 1, 1, 1, 1, 22, 1, 
205: 0, 1, 1, 1, 1, 9, 0, 10, 0, 0, 0, 1, 0, 12, 0, 1, 0, 0, 0, 1, : 1, 1, 1, 1, 9, 10, 1, 12, 1, 1, 
139: 19, 5, 1, 2, 10, 5, 4, 3, 3, 1, 0, 8, 1, 0, 0, 0, 0, 0, 1, 0, : 19, 5, 1, 2, 10, 5, 4, 3, 3, 1, 8, 1, 1, 
140: 0, 1, 0, 0, 0, 1, 0, 0, 1, 0, 0, 0, 1, 1, 0, 0, 0, 0, 0, 0, : 1, 1, 1, 1, 1, 
327: 0, 0, 14, 4, 2, 0, 0, 5, 0, 0, 0, 1, 1, 0, 2, 0, 0, 0, 1, 0, : 14, 4, 2, 5, 1, 1, 2, 1, 
107: 0, 0, 1, 0, 0, 0, 0, 0, 0, 1, 0, 0, 0, 1, 0, 0, 0, 0, 0, 0, : 1, 1, 1, 
185: 0, 0, 0, 0, 3, 0, 29, 0, 6, 8, 0, 0, 1, 2, 0, 0, 2, 3, 0, 0, : 3, 29, 6, 8, 1, 2, 2, 3, 
446: 0, 1, 0, 0, 0, 0, 0, 1, 0, 0, 0, 7, 0, 1, 0, 0, 7, 0, 1, 0, : 1, 1, 7, 1, 7, 1, 
507: 0, 3, 3, 0, 3, 7, 0, 7, 1, 1, 31, 0, 1, 0, 1, 0, 2, 0, 0, 0, : 3, 3, 3, 7, 7, 1, 1, 31, 1, 1, 2, 
281: 0, 3, 0, 2, 6, 0, 0, 0, 6, 0, 3, 0, 0, 0, 0, 0, 0, 1, 9, 0, : 3, 2, 6, 6, 3, 1, 9, 
47: 0, 0, 0, 1, 0, 7, 0, 0, 0, 0, 0, 0, 1, 0, 1, 0, 1, 0, 0, 1, : 1, 7, 1, 1, 1, 1, 
347: 0, 2, 3, 1, 0, 0, 0, 0, 0, 5, 0, 0, 1, 0, 0, 0, 3, 0, 3, 0, : 2, 3, 1, 5, 1, 3, 3, 
432: 5, 0, 0, 0, 1, 0, 0, 0, 0, 0, 0, 0, 1, 0, 0, 0, 0, 0, 3, 0, : 5, 1, 1, 3, 
253: 1, 0, 0, 0, 0, 0, 2, 9, 3, 0, 0, 17, 1, 0, 0, 16, 0, 0, 0, 0, : 1, 2, 9, 3, 17, 1, 16, 
379: 0, 0, 0, 5, 0, 1, 0, 0, 1, 0, 0, 0, 1, 0, 0, 0, 0, 1, 0, 0, : 5, 1, 1, 1, 1, 
445: 0, 1, 0, 0, 0, 10, 3, 0, 1, 7, 0, 0, 11, 0, 0, 0, 2, 0, 0, 5, : 1, 10, 3, 1, 7, 11, 2, 5, 
163: 0, 1, 2, 0, 0, 0, 0, 0, 1, 0, 0, 0, 0, 1, 0, 0, 4, 11, 0, 1, : 1, 2, 1, 1, 4, 11, 1, 
159: 0, 0, 1, 1, 0, 0, 0, 0, 1, 0, 1, 0, 2, 3, 0, 1, 1, 0, 0, 0, : 1, 1, 1, 1, 2, 3, 1, 1, 
73: 0, 1, 0, 0, 0, 0, 0, 0, 0, 1, 0, 0, 1, 0, 0, 0, 1, 0, 6, 32, : 1, 1, 1, 1, 6, 32, 
138: 9, 0, 2, 0, 0, 0, 0, 0, 0, 2, 0, 0, 0, 0, 0, 0, 0, 0, 3, 0, : 9, 2, 2, 3, 
528: 0, 8, 0, 2, 1, 0, 0, 0, 0, 0, 4, 1, 1, 0, 0, 0, 2, 0, 0, 0, : 8, 2, 1, 4, 1, 1, 2, 
319: 0, 2, 0, 1, 1, 0, 0, 0, 0, 0, 0, 1, 0, 0, 0, 12, 0, 0, 0, 0, : 2, 1, 1, 1, 12, 
425: 0, 0, 0, 1, 1, 0, 0, 0, 0, 8, 0, 0, 2, 13, 0, 1, 0, 2, 0, 0, : 1, 1, 8, 2, 13, 1, 2, 
38: 0, 10, 1, 0, 8, 0, 0, 0, 0, 0, 0, 0, 0, 0, 3, 7, 1, 0, 0, 0, : 10, 1, 8, 3, 7, 1, 
553: 1, 0, 0, 1, 0, 0, 0, 2, 0, 2, 0, 0, 4, 0, 0, 0, 1, 0, 0, 0, : 1, 1, 2, 2, 4, 1, 


556: 0, 1, 1, 0, 0, 0, 1, 0, 1, 0, 0, 1, 0, 1, 0, 0, 0, 15, 6, 1, : 1, 1, 1, 1, 1, 1, 15, 6, 1, 
341: 0, 0, 0, 2, 0, 0, 0, 0, 0, 1, 0, 1, 1, 1, 0, 2, 11, 0, 1, 4, : 2, 1, 1, 1, 1, 2, 11, 1, 4, 
357: 0, 0, 4, 1, 0, 3, 1, 2, 1, 0, 12, 0, 0, 1, 0, 1, 0, 1, 7, 0, : 4, 1, 3, 1, 2, 1, 12, 1, 1, 1, 7, 
439: 0, 0, 0, 2, 0, 0, 0, 0, 2, 0, 3, 0, 0, 0, 1, 0, 0, 14, 0, 1, : 2, 2, 3, 1, 14, 1, 
511: 0, 1, 0, 0, 0, 0, 0, 9, 1, 0, 0, 3, 0, 1, 0, 1, 0, 0, 0, 1, : 1, 9, 1, 3, 1, 1, 1, 
57: 0, 3, 0, 0, 0, 0, 0, 0, 0, 0, 0, 0, 0, 2, 0, 1, 0, 0, 0, 0, : 3, 2, 1, 
44: 0, 2, 0, 1, 0, 0, 0, 0, 1, 0, 0, 0, 0, 1, 0, 0, 0, 0, 0, 0, : 2, 1, 1, 1, 
190: 0, 1, 1, 1, 12, 0, 5, 0, 0, 0, 6, 0, 0, 5, 0, 0, 0, 0, 0, 0, : 1, 1, 1, 12, 5, 6, 5, 
591: 0, 0, 13, 1, 1, 2, 2, 0, 3, 0, 0, 0, 0, 0, 1, 4, 1, 0, 0, 26, : 13, 1, 1, 2, 2, 3, 1, 4, 1, 26, 
153: 0, 1, 1, 1, 0, 0, 1, 0, 0, 0, 2, 0, 0, 1, 0, 0, 1, 0, 0, 0, : 1, 1, 1, 1, 2, 1, 1, 
547: 11, 0, 0, 1, 1, 0, 0, 0, 1, 0, 1, 1, 0, 4, 0, 0, 0, 0, 0, 1, : 11, 1, 1, 1, 1, 1, 4, 1, 
468: 0, 0, 5, 1, 0, 2, 9, 5, 0, 0, 2, 3, 22, 0, 0, 6, 15, 1, 0, 0, : 5, 1, 2, 9, 5, 2, 3, 22, 6, 15, 1, 
436: 0, 1, 0, 1, 5, 0, 0, 0, 6, 1, 0, 0, 0, 0, 7, 1, 0, 0, 6, 0, : 1, 1, 5, 6, 1, 7, 1, 6, 
465: 0, 0, 0, 0, 3, 0, 1, 5, 1, 0, 0, 8, 0, 2, 1, 1, 0, 0, 0, 0, : 3, 1, 5, 1, 8, 2, 1, 1, 
162: 0, 1, 0, 1, 0, 2, 1, 4, 6, 0, 0, 5, 0, 10, 0, 8, 0, 0, 1, 0, : 1, 1, 2, 1, 4, 6, 5, 10, 8, 1, 
133: 0, 0, 0, 2, 0, 0, 1, 0, 0, 0, 1, 0, 0, 1, 0, 1, 0, 2, 1, 1, : 2, 1, 1, 1, 1, 2, 1, 1, 
180: 4, 5, 0, 4, 0, 1, 1, 4, 1, 0, 0, 1, 0, 0, 0, 0, 0, 0, 1, 0, : 4, 5, 4, 1, 1, 4, 1, 1, 1, 
157: 0, 1, 1, 0, 2, 0, 0, 0, 1, 0, 4, 0, 0, 1, 1, 0, 0, 0, 1, 0, : 1, 1, 2, 1, 4, 1, 1, 1, 
524: 0, 2, 5, 5, 0, 2, 4, 0, 0, 0, 0, 1, 0, 0, 0, 0, 0, 0, 0, 0, : 2, 5, 5, 2, 4, 1, 
461: 0, 0, 5, 1, 1, 4, 0, 6, 1, 0, 1, 0, 0, 1, 0, 0, 0, 0, 0, 0, : 5, 1, 1, 4, 6, 1, 1, 1, 
41: 0, 1, 0, 0, 0, 0, 0, 0, 3, 0, 0, 2, 13, 1, 1, 1, 0, 0, 6, 0, : 1, 3, 2, 13, 1, 1, 1, 6, 
519: 0, 1, 0, 0, 0, 0, 0, 0, 0, 0, 0, 2, 0, 1, 25, 2, 0, 0, 0, 0, : 1, 2, 1, 25, 2, 
395: 0, 1, 0, 3, 0, 1, 0, 0, 0, 0, 0, 0, 0, 1, 1, 3, 0, 0, 2, 0, : 1, 3, 1, 1, 1, 3, 2, 
279: 24, 2, 0, 1, 1, 0, 0, 0, 1, 37, 0, 4, 0, 1, 0, 1, 7, 0, 1, 0, : 24, 2, 1, 1, 1, 37, 4, 1, 1, 7, 1, 
588: 0, 0, 1, 6, 0, 0, 10, 1, 3, 0, 0, 0, 0, 1, 0, 1, 0, 0, 2, 5, : 1, 6, 10, 1, 3, 1, 1, 2, 5, 
396: 0, 3, 1, 2, 0, 23, 1, 0, 3, 1, 8, 1, 3, 1, 0, 3, 0, 0, 4, 0, : 3, 1, 2, 23, 1, 3, 1, 8, 1, 3, 1, 3, 4, 
570: 0, 1, 0, 1, 14, 0, 1, 4, 0, 0, 0, 0, 0, 0, 1, 1, 3, 2, 0, 0, : 1, 1, 14, 1, 4, 1, 1, 3, 2, 
476: 0, 0, 0, 0, 0, 0, 0, 0, 2, 0, 0, 1, 0, 1, 0, 0, 1, 5, 1, 0, : 2, 1, 1, 1, 5, 1, 
535: 0, 1, 1, 1, 0, 0, 1, 0, 1, 0, 0, 1, 1, 0, 1, 2, 0, 0, 0, 0, : 1, 1, 1, 1, 1, 1, 1, 1, 2, 
100: 1, 11, 1, 1, 0, 0, 0, 0, 1, 0, 0, 5, 0, 1, 0, 0, 1, 0, 0, 0, : 1, 11, 1, 1, 1, 5, 1, 1, 


13: 1, 0, 1, 0, 0, 4, 33, 0, 1, 0, 0, 1, 0, 0, 0, 0, 0, 1, 3, 1, : 1, 1, 4, 33, 1, 1, 1, 3, 1, 
373: 0, 0, 1, 0, 0, 6, 0, 0, 0, 0, 0, 1, 5, 0, 0, 0, 0, 0, 6, 3, : 1, 6, 1, 5, 6, 3, 
117: 9, 4, 0, 0, 15, 0, 0, 0, 0, 0, 0, 2, 0, 0, 0, 1, 0, 0, 1, 0, : 9, 4, 15, 2, 1, 1, 
565: 0, 0, 0, 0, 5, 2, 0, 1, 0, 0, 0, 1, 0, 0, 18, 0, 1, 1, 0, 1, : 5, 2, 1, 1, 18, 1, 1, 1, 
482: 0, 0, 1, 1, 0, 7, 0, 0, 0, 0, 0, 0, 5, 0, 0, 0, 0, 0, 0, 0, : 1, 1, 7, 5, 
393: 4, 0, 2, 0, 1, 2, 0, 0, 0, 0, 3, 1, 26, 0, 0, 2, 0, 0, 0, 1, : 4, 2, 1, 2, 3, 1, 26, 2, 1, 
155: 14, 0, 0, 0, 0, 2, 1, 1, 0, 1, 0, 1, 1, 0, 1, 0, 0, 0, 0, 1, : 14, 2, 1, 1, 1, 1, 1, 1, 1, 
196: 1, 1, 1, 0, 1, 0, 0, 0, 0, 0, 0, 1, 0, 0, 0, 1, 0, 0, 0, 1, : 1, 1, 1, 1, 1, 1, 1, 
314: 0, 0, 0, 0, 1, 0, 0, 1, 11, 0, 0, 2, 0, 1, 0, 0, 0, 1, 0, 0, : 1, 1, 11, 2, 1, 1, 
490: 0, 0, 1, 0, 0, 0, 0, 0, 1, 3, 1, 0, 0, 0, 0, 0, 0, 3, 1, 0, : 1, 1, 3, 1, 3, 1, 
499: 0, 0, 1, 9, 0, 0, 0, 0, 5, 0, 1, 7, 0, 4, 0, 20, 2, 1, 0, 1, : 1, 9, 5, 1, 7, 4, 20, 2, 1, 1, 
564: 0, 1, 0, 1, 0, 4, 0, 0, 4, 0, 0, 0, 0, 2, 13, 1, 2, 1, 1, 0, : 1, 1, 4, 4, 2, 13, 1, 2, 1, 1, 
51: 0, 1, 3, 3, 0, 0, 0, 4, 0, 0, 0, 0, 1, 0, 0, 1, 0, 0, 4, 1, : 1, 3, 3, 4, 1, 1, 4, 1, 
578: 0, 0, 7, 0, 1, 0, 0, 1, 0, 0, 0, 1, 0, 0, 0, 2, 0, 0, 0, 0, : 7, 1, 1, 1, 2, 
433: 0, 0, 5, 4, 2, 0, 0, 1, 0, 0, 0, 4, 0, 27, 0, 6, 0, 0, 13, 1, : 5, 4, 2, 1, 4, 27, 6, 13, 1, 
429: 0, 0, 0, 6, 0, 0, 0, 0, 10, 0, 1, 1, 0, 0, 0, 0, 0, 25, 1, 2, : 6, 10, 1, 1, 25, 1, 2, 
115: 0, 10, 1, 0, 0, 5, 2, 1, 0, 25, 0, 1, 0, 0, 0, 0, 0, 0, 0, 19, : 10, 1, 5, 2, 1, 25, 1, 19, 
595: 4, 0, 0, 0, 0, 1, 1, 0, 0, 0, 0, 0, 0, 1, 0, 0, 0, 2, 0, 1, : 4, 1, 1, 1, 2, 1, 
304: 0, 0, 5, 0, 1, 0, 0, 7, 0, 0, 0, 2, 0, 0, 3, 0, 5, 1, 1, 0, : 5, 1, 7, 2, 3, 5, 1, 1, 
486: 1, 14, 1, 0, 2, 3, 0, 3, 5, 1, 0, 1, 0, 0, 0, 0, 3, 0, 0, 1, : 1, 14, 1, 2, 3, 3, 5, 1, 1, 3, 1, 
255: 5, 1, 0, 0, 0, 0, 0, 0, 0, 1, 0, 1, 0, 0, 4, 0, 1, 0, 1, 1, : 5, 1, 1, 1, 4, 1, 1, 1, 
345: 0, 0, 3, 0, 1, 1, 0, 0, 0, 8, 0, 0, 0, 1, 0, 3, 4, 1, 0, 2, : 3, 1, 1, 8, 1, 3, 4, 1, 2, 
567: 0, 1, 1, 3, 0, 0, 0, 1, 2, 0, 0, 1, 2, 0, 0, 0, 0, 0, 1, 0, : 1, 1, 3, 1, 2, 1, 2, 1, 
353: 0, 2, 1, 0, 5, 0, 0, 0, 0, 1, 3, 3, 0, 0, 0, 1, 1, 0, 1, 0, : 2, 1, 5, 1, 3, 3, 1, 1, 1, 
64: 0, 2, 1, 0, 5, 1, 1, 0, 0, 0, 4, 1, 0, 0, 0, 0, 10, 0, 0, 0, : 2, 1, 5, 1, 1, 4, 1, 10, 
254: 0, 0, 1, 0, 0, 0, 1, 0, 1, 0, 17, 1, 0, 0, 0, 1, 0, 0, 4, 1, : 1, 1, 1, 17, 1, 1, 4, 1, 
128: 1, 1, 0, 0, 0, 0, 0, 0, 0, 0, 9, 2, 0, 4, 0, 0, 0, 0, 1, 0, : 1, 1, 9, 2, 4, 1, 
222: 0, 0, 0, 13, 0, 0, 0, 19, 0, 0, 0, 1, 0, 0, 1, 0, 9, 1, 1, 1, : 13, 19, 1, 1, 9, 1, 1, 1, 
420: 0, 2, 3, 0, 0, 1, 0, 0, 0, 0, 0, 1, 0, 0, 0, 0, 0, 0, 0, 1, : 2, 3, 1, 1, 1, 
483: 0, 0, 0, 0, 0, 1, 1, 0, 0, 0, 1, 2, 0, 0, 0, 1, 2, 2, 0, 0, : 1, 1, 1, 2, 1, 2, 2, 


375: 0, 0, 0, 0, 0, 0, 0, 1, 0, 1, 0, 0, 0, 0, 0, 0, 0, 0, 1, 0, : 1, 1, 1, 
113: 0, 0, 28, 0, 1, 7, 0, 13, 4, 1, 4, 0, 0, 0, 0, 0, 0, 0, 0, 0, : 28, 1, 7, 13, 4, 1, 4, 
35: 0, 0, 0, 0, 0, 0, 8, 0, 0, 1, 0, 0, 0, 0, 0, 0, 0, 0, 2, 1, : 8, 1, 2, 1, 
62: 0, 0, 0, 6, 10, 0, 1, 0, 0, 1, 0, 0, 0, 2, 3, 5, 0, 0, 1, 1, : 6, 10, 1, 1, 2, 3, 5, 1, 1, 
18: 0, 0, 0, 7, 9, 0, 0, 1, 0, 0, 0, 0, 0, 0, 1, 0, 0, 1, 0, 1, : 7, 9, 1, 1, 1, 1, 
364: 5, 0, 0, 0, 0, 1, 0, 0, 1, 1, 0, 0, 2, 6, 17, 1, 20, 0, 0, 1, : 5, 1, 1, 1, 2, 6, 17, 1, 20, 1, 
362: 0, 0, 0, 0, 6, 1, 2, 0, 0, 0, 0, 0, 0, 1, 0, 1, 6, 2, 8, 1, : 6, 1, 2, 1, 1, 6, 2, 8, 1, 
160: 0, 2, 0, 4, 1, 0, 1, 0, 3, 0, 0, 0, 0, 0, 0, 0, 3, 0, 0, 4, : 2, 4, 1, 1, 3, 3, 4, 
270: 0, 0, 0, 3, 0, 2, 1, 0, 4, 0, 1, 0, 0, 0, 0, 13, 0, 4, 5, 0, : 3, 2, 1, 4, 1, 13, 4, 5, 
16: 0, 0, 0, 0, 0, 0, 4, 0, 1, 14, 0, 7, 0, 2, 4, 0, 0, 1, 0, 3, : 4, 1, 14, 7, 2, 4, 1, 3, 
273: 0, 0, 0, 0, 1, 0, 0, 0, 0, 1, 1, 0, 0, 0, 0, 0, 1, 0, 1, 0, : 1, 1, 1, 1, 1, 
3: 0, 4, 6, 0, 1, 23, 0, 0, 0, 2, 0, 0, 0, 3, 0, 0, 1, 0, 0, 1, : 4, 6, 1, 23, 2, 3, 1, 1, 
440: 3, 0, 0, 0, 0, 2, 0, 1, 1, 2, 2, 0, 0, 5, 0, 0, 1, 4, 1, 0, : 3, 2, 1, 1, 2, 2, 5, 1, 4, 1, 
408: 3, 0, 0, 7, 1, 0, 0, 0, 5, 1, 1, 0, 8, 0, 0, 0, 0, 0, 1, 1, : 3, 7, 1, 5, 1, 1, 8, 1, 1, 
529: 0, 0, 0, 0, 1, 0, 9, 0, 3, 0, 1, 0, 0, 0, 0, 0, 0, 4, 1, 0, : 1, 9, 3, 1, 4, 1, 
388: 0, 0, 0, 0, 0, 0, 0, 0, 1, 1, 12, 0, 0, 0, 4, 0, 2, 0, 0, 0, : 1, 1, 12, 4, 2, 
97: 17, 0, 1, 8, 0, 2, 0, 16, 0, 1, 1, 0, 0, 0, 0, 1, 2, 0, 0, 0, : 17, 1, 8, 2, 16, 1, 1, 1, 2, 
370: 0, 0, 0, 0, 4, 0, 0, 0, 0, 1, 3, 0, 26, 1, 0, 0, 0, 0, 0, 0, : 4, 1, 3, 26, 1, 
241: 0, 0, 0, 0, 0, 0, 0, 0, 0, 0, 0, 0, 0, 0, 1, 3, 2, 0, 2, 1, : 1, 3, 2, 2, 1, 
291: 0, 0, 0, 0, 0, 0, 0, 1, 0, 3, 1, 6, 0, 3, 2, 0, 0, 0, 0, 14, : 1, 3, 1, 6, 3, 2, 14, 
274: 1, 0, 0, 0, 0, 0, 2, 0, 0, 0, 0, 0, 3, 0, 1, 0, 2, 1, 0, 0, : 1, 2, 3, 1, 2, 1, 
485: 0, 0, 0, 0, 3, 0, 0, 1, 1, 0, 4, 0, 0, 0, 2, 0, 0, 0, 0, 0, : 3, 1, 1, 4, 2, 
539: 8, 0, 1, 0, 1, 0, 0, 0, 0, 0, 2, 0, 1, 3, 2, 0, 0, 0, 3, 0, : 8, 1, 1, 2, 1, 3, 2, 3, 
81: 0, 0, 0, 0, 0, 0, 0, 5, 1, 0, 0, 0, 0, 0, 0, 0, 0, 12, 6, 1, : 5, 1, 12, 6, 1, 
259: 0, 34, 0, 1, 0, 0, 0, 0, 13, 1, 2, 26, 0, 1, 1, 6, 0, 6, 0, 1, : 34, 1, 13, 1, 2, 26, 1, 1, 6, 6, 1, 
472: 0, 0, 0, 0, 1, 0, 0, 0, 0, 1, 0, 0, 0, 0, 2, 0, 0, 0, 0, 1, : 1, 1, 2, 1, 
406: 0, 0, 0, 1, 0, 0, 12, 0, 0, 1, 0, 0, 0, 1, 0, 10, 0, 4, 1, 0, : 1, 12, 1, 1, 10, 4, 1, 
213: 0, 0, 4, 0, 0, 0, 0, 0, 0, 0, 1, 1, 0, 9, 0, 0, 0, 0, 0, 1, : 4, 1, 1, 9, 1, 
477: 3, 0, 0, 0, 0, 0, 0, 1, 0, 5, 2, 0, 0, 2, 0, 0, 0, 0, 7, 0, : 3, 1, 5, 2, 2, 7, 
242: 0, 0, 0, 3, 0, 2, 0, 0, 2, 1, 2, 0, 0, 1, 0, 0, 0, 1, 0, 7, : 3, 2, 2, 1, 2, 1, 1, 7, 


