
40
300
40
10

131: 0, 2, 0, 6, 0, 0, 0, 0, 1, 0, 2, 2, 12, 1, 0, 1, 2, 15, 0, 0, 1, 0, 1, 0, 2, 0, 0, 0, 0, 1, 1, 1, 0, 1, 0, 1, 0, 0, 0, 0, : 2, 6, 1, 2, 2, 12, 1, 1, 2, 15, 1, 1, 2, 1, 1, 1, 1, 1, 
29: 0, 0, 1, 2, 0, 0, 1, 2, 0, 1, 1, 0, 0, 0, 0, 1, 5, 0, 0, 0, 0, 0, 0, 0, 4, 0, 2, 0, 0, 0, 0, 1, 0, 0, 2, 0, 4, 0, 0, 2, : 1, 2, 1, 2, 1, 1, 1, 5, 4, 2, 1, 2, 4, 2, 
261: 0, 0, 6, 0, 1, 15, 0, 0, 0, 1, 0, 3, 0, 0, 0, 4, 0, 0, 1, 0, 0, 1, 8, 0, 0, 0, 0, 0, 2, 0, 0, 1, 0, 0, 0, 2, 0, 0, 6, 0, : 6, 1, 15, 1, 3, 4, 1, 1, 8, 2, 1, 2, 6, 
117: 0, 1, 0, 0, 5, 1, 6, 0, 0, 0, 0, 0, 2, 4, 1, 0, 3, 0, 7, 3, 0, 0, 2, 2, 2, 0, 1, 0, 1, 7, 1, 1, 0, 0, 0, 1, 0, 0, 0, 0, : 1, 5, 1, 6, 2, 4, 1, 3, 7, 3, 2, 2, 2, 1, 1, 7, 1, 1, 1, 
130: 0, 0, 0, 0, 1, 2, 0, 0, 0, 0, 20, 0, 1, 1, 0, 0, 1, 1, 1, 0, 0, 0, 0, 1, 0, 0, 5, 0, 12, 0, 0, 2, 1, 1, 1, 1, 0, 15, 23, 0, : 1, 2, 20, 1, 1, 1, 1, 1, 1, 5, 12, 2, 1, 1, 1, 1, 15, 23, 
275: 0, 0, 0, 0, 0, 0, 2, 6, 0, 0, 0, 0, 0, 1, 0, 1, 0, 0, 0, 11, 3, 1, 1, 0, 3, 0, 4, 0, 1, 0, 0, 11, 0, 0, 0, 1, 0, 0, 0, 0, : 2, 6, 1, 1, 11, 3, 1, 1, 3, 4, 1, 11, 1, 
32: 0, 0, 1, 3, 1, 1, 0, 0, 0, 0, 0, 0, 10, 0, 0, 3, 1, 0, 8, 1, 1, 0, 1, 0, 1, 0, 0, 0, 0, 1, 1, 0, 0, 0, 2, 1, 0, 0, 0, 0, : 1, 3, 1, 1, 10, 3, 1, 8, 1, 1, 1, 1, 1, 1, 2, 1, 
116: 0, 0, 1, 0, 2, 0, 1, 0, 2, 1, 1, 1, 0, 0, 0, 2, 0, 0, 0, 1, 0, 2, 0, 2, 1, 7, 0, 0, 0, 0, 6, 7, 4, 1, 0, 1, 2, 0, 1, 3, : 1, 2, 1, 2, 1, 1, 1, 2, 1, 2, 2, 1, 7, 6, 7, 4, 1, 1, 2, 1, 3, 
105: 18, 10, 0, 0, 0, 0, 1, 1, 0, 1, 0, 0, 0, 4, 0, 3, 0, 1, 0, 1, 0, 1, 3, 3, 1, 1, 0, 9, 11, 0, 0, 1, 0, 1, 0, 1, 0, 0, 0, 0, : 18, 10, 1, 1, 1, 4, 3, 1, 1, 1, 3, 3, 1, 1, 9, 11, 1, 1, 1, 
127: 0, 0, 9, 0, 0, 1, 0, 13, 0, 0, 0, 0, 0, 2, 0, 6, 0, 0, 0, 0, 5, 1, 0, 0, 2, 0, 0, 0, 0, 11, 0, 1, 0, 0, 9, 0, 0, 0, 1, 0, : 9, 1, 13, 2, 6, 5, 1, 2, 11, 1, 9, 1, 
142: 7, 3, 0, 0, 2, 0, 23, 0, 0, 0, 0, 0, 0, 10, 4, 5, 1, 0, 0, 0, 0, 0, 0, 6, 1, 1, 2, 0, 0, 0, 5, 2, 0, 0, 1, 0, 0, 0, 0, 0, : 7, 3, 2, 23, 10, 4, 5, 1, 6, 1, 1, 2, 5, 2, 1, 
216: 0, 0, 0, 0, 0, 2, 0, 7, 0, 1, 0, 1, 0, 0, 0, 1, 4, 0, 1, 0, 1, 0, 0, 0, 2, 0, 2, 0, 0, 0, 1, 0, 1, 0, 0, 4, 0, 0, 0, 0, : 2, 7, 1, 1, 1, 4, 1, 1, 2, 2, 1, 1, 4, 
273: 0, 0, 7, 0, 0, 0, 0, 0, 0, 0, 0, 4, 1, 0, 0, 9, 19, 3, 0, 0, 0, 0, 5, 0, 0, 0, 0, 0, 1, 1, 0, 1, 0, 1, 1, 2, 0, 0, 1, 0, : 7, 4, 1, 9, 19, 3, 5, 1, 1, 1, 1, 1, 2, 1, 
204: 0, 0, 0, 0, 1, 0, 0, 3, 0, 0, 3, 0, 1, 1, 0, 0, 0, 0, 0, 2, 0, 0, 7, 0, 1, 0, 5, 0, 0, 3, 1, 0, 0, 0, 0, 3, 0, 0, 0, 0, : 1, 3, 3, 1, 1, 2, 7, 1, 5, 3, 1, 3, 
66: 0, 0, 0, 0, 0, 0, 0, 0, 6, 0, 0, 19, 5, 0, 0, 0, 0, 1, 0, 1, 0, 0, 1, 0, 1, 0, 1, 0, 0, 1, 0, 0, 0, 0, 0, 1, 6, 0, 0, 0, : 6, 19, 5, 1, 1, 1, 1, 1, 1, 1, 6, 
123: 0, 0, 2, 0, 0, 0, 0, 0, 0, 0, 1, 1, 0, 1, 0, 0, 0, 0, 0, 0, 0, 8, 1, 6, 2, 0, 11, 13, 0, 0, 1, 0, 0, 0, 0, 2, 0, 0, 0, 9, : 2, 1, 1, 1, 8, 1, 6, 2, 11, 13, 1, 2, 9, 
24: 10, 1, 0, 0, 4, 0, 1, 3, 0, 1, 2, 1, 0, 0, 0, 0, 0, 4, 0, 1, 0, 19, 1, 0, 2, 0, 1, 0, 0, 1, 1, 1, 0, 0, 0, 0, 0, 1, 0, 1, : 10, 1, 4, 1, 3, 1, 2, 1, 4, 1, 19, 1, 2, 1, 1, 1, 1, 1, 1, 
286: 0, 0, 0, 0, 0, 0, 0, 0, 0, 2, 0, 0, 0, 2, 0, 0, 0, 1, 1, 1, 2, 1, 0, 0, 0, 0, 1, 2, 0, 0, 0, 0, 1, 0, 0, 1, 10, 21, 1, 0, : 2, 2, 1, 1, 1, 2, 1, 1, 2, 1, 1, 10, 21, 1, 
187: 2, 0, 0, 0, 0, 1, 0, 0, 0, 4, 0, 0, 0, 0, 4, 3, 4, 0, 0, 0, 1, 0, 1, 2, 1, 1, 0, 1, 0, 0, 0, 0, 0, 0, 0, 0, 9, 1, 1, 0, : 2, 1, 4, 4, 3, 4, 1, 1, 2, 1, 1, 1, 9, 1, 1, 
89: 0, 0, 0, 0, 1, 5, 0, 1, 0, 0, 7, 0, 4, 0, 4, 0, 0, 1, 1, 0, 0, 1, 0, 0, 1, 0, 1, 13, 7, 0, 5, 0, 0, 0, 2, 2, 0, 0, 0, 1, : 1, 5, 1, 7, 4, 4, 1, 1, 1, 1, 1, 13, 7, 5, 2, 2, 1, 
1: 0, 0, 4, 0, 1, 0, 0, 0, 0, 0, 0, 3, 0, 0, 0, 0, 0, 1, 0, 1, 1, 0, 0, 1, 1, 0, 1, 0, 1, 2, 0, 0, 0, 25, 11, 4, 0, 0, 1, 0, : 4, 1, 3, 1, 1, 1, 1, 1, 1, 1, 2, 25, 11, 4, 1, 
58: 0, 19, 0, 1, 0, 5, 0, 1, 0, 0, 2, 0, 0, 3, 4, 0, 0, 0, 0, 0, 0, 0, 0, 1, 2, 0, 0, 0, 0, 1, 8, 2, 0, 0, 0, 2, 0, 0, 0, 2, : 19, 1, 5, 1, 2, 3, 4, 1, 2, 1, 8, 2, 2, 2, 
210: 0, 1, 0, 0, 0, 1, 2, 1, 0, 0, 0, 0, 0, 1, 0, 0, 0, 0, 19, 0, 0, 2, 0, 0, 1, 0, 0, 0, 0, 0, 0, 0, 0, 0, 1, 1, 7, 0, 0, 0, : 1, 1, 2, 1, 1, 19, 2, 1, 1, 1, 7, 
26: 2, 0, 7, 0, 1, 0, 0, 1, 20, 1, 0, 1, 0, 0, 0, 0, 0, 0, 0, 1, 5, 0, 7, 0, 1, 0, 0, 0, 3, 0, 2, 4, 1, 0, 0, 1, 1, 0, 0, 6, : 2, 7, 1, 1, 20, 1, 1, 1, 5, 7, 1, 3, 2, 4, 1, 1, 1, 6, 
251: 0, 0, 0, 0, 1, 0, 0, 0, 0, 0, 0, 0, 0, 1, 0, 0, 0, 1, 0, 13, 0, 0, 0, 0, 1, 0, 0, 1, 0, 4, 0, 0, 0, 0, 0, 0, 1, 0, 0, 0, : 1, 1, 1, 13, 1, 1, 4, 1, 
74: 0, 2, 0, 0, 0, 0, 3, 0, 0, 14, 0, 1, 0, 3, 0, 0, 0, 8, 0, 0, 3, 2, 1, 4, 0, 0, 0, 0, 0, 0, 0, 0, 0, 8, 0, 0, 0, 2, 1, 0, : 2, 3, 14, 1, 3, 8, 3, 2, 1, 4, 8, 2, 1, 
197: 0, 0, 0, 28, 17, 0, 0, 1, 1, 1, 0, 1, 0, 5, 0, 0, 0, 3, 1, 1, 16, 1, 0, 0, 1, 6, 1, 1, 0, 0, 7, 2, 0, 0, 5, 1, 0, 0, 4, 0, : 28, 17, 1, 1, 1, 1, 5, 3, 1, 1, 16, 1, 1, 6, 1, 1, 7, 2, 5, 1, 4, 
113: 0, 0, 1, 0, 0, 0, 0, 0, 10, 0, 0, 1, 0, 0, 0, 0, 0, 0, 0, 2, 1, 0, 0, 1, 5, 3, 1, 0, 0, 6, 0, 1, 0, 0, 0, 7, 0, 0, 0, 0, : 1, 10, 1, 2, 1, 1, 5, 3, 1, 6, 1, 7, 
284: 1, 0, 1, 0, 0, 5, 0, 0, 0, 12, 1, 0, 4, 0, 23, 1, 0, 0, 0, 0, 0, 0, 0, 1, 0, 21, 1, 0, 1, 0, 0, 1, 1, 0, 1, 0, 0, 0, 0, 16, : 1, 1, 5, 12, 1, 4, 23, 1, 1, 21, 1, 1, 1, 1, 1, 16, 
27: 0, 1, 0, 0, 2, 1, 0, 0, 0, 0, 0, 1, 0, 0, 0, 0, 0, 0, 0, 0, 0, 0, 0, 10, 1, 0, 0, 0, 0, 1, 0, 0, 31, 2, 4, 0, 0, 0, 0, 0, : 1, 2, 1, 1, 10, 1, 1, 31, 2, 4, 


93: 0, 0, 1, 0, 3, 0, 0, 0, 1, 0, 0, 1, 0, 5, 0, 2, 0, 0, 0, 0, 1, 0, 0, 0, 0, 0, 0, 30, 0, 1, 0, 1, 6, 0, 1, 4, 26, 0, 0, 1, : 1, 3, 1, 1, 5, 2, 1, 30, 1, 1, 6, 1, 4, 26, 1, 
108: 0, 2, 0, 0, 1, 0, 0, 0, 0, 0, 0, 0, 3, 4, 0, 0, 0, 0, 1, 0, 0, 0, 4, 0, 0, 0, 0, 0, 1, 0, 0, 1, 0, 1, 0, 0, 0, 1, 0, 5, : 2, 1, 3, 4, 1, 4, 1, 1, 1, 1, 5, 
65: 0, 4, 2, 0, 1, 0, 21, 1, 0, 0, 0, 0, 0, 0, 0, 0, 0, 0, 0, 0, 0, 3, 4, 0, 13, 0, 0, 1, 0, 1, 0, 3, 0, 0, 0, 0, 0, 1, 2, 0, : 4, 2, 1, 21, 1, 3, 4, 13, 1, 1, 3, 1, 2, 
208: 0, 0, 1, 0, 0, 0, 0, 0, 1, 0, 0, 0, 0, 0, 1, 9, 0, 3, 1, 0, 0, 0, 0, 0, 0, 0, 0, 0, 5, 0, 0, 0, 0, 0, 0, 0, 2, 0, 2, 1, : 1, 1, 1, 9, 3, 1, 5, 2, 2, 1, 
199: 0, 0, 0, 0, 0, 2, 0, 23, 0, 0, 0, 0, 6, 0, 0, 5, 0, 1, 0, 19, 7, 0, 1, 11, 0, 0, 0, 1, 0, 1, 1, 5, 0, 0, 0, 0, 0, 0, 1, 1, : 2, 23, 6, 5, 1, 19, 7, 1, 11, 1, 1, 1, 5, 1, 1, 
178: 0, 0, 0, 0, 2, 2, 0, 3, 3, 0, 1, 0, 0, 0, 0, 0, 0, 0, 0, 0, 0, 0, 0, 0, 0, 0, 0, 1, 2, 2, 0, 1, 9, 0, 1, 0, 0, 11, 1, 0, : 2, 2, 3, 3, 1, 1, 2, 2, 1, 9, 1, 11, 1, 
233: 1, 0, 1, 0, 0, 0, 0, 6, 1, 0, 15, 13, 0, 0, 0, 1, 0, 0, 0, 1, 0, 1, 0, 0, 0, 0, 0, 0, 6, 0, 0, 0, 0, 0, 1, 0, 0, 9, 0, 4, : 1, 1, 6, 1, 15, 13, 1, 1, 1, 6, 1, 9, 4, 
96: 0, 0, 0, 0, 0, 0, 1, 1, 1, 1, 14, 0, 0, 0, 0, 0, 0, 0, 0, 1, 0, 0, 0, 0, 0, 0, 0, 0, 1, 0, 4, 0, 0, 0, 1, 0, 0, 0, 0, 1, : 1, 1, 1, 1, 14, 1, 1, 4, 1, 1, 
118: 0, 0, 0, 0, 0, 0, 1, 0, 0, 0, 0, 0, 0, 10, 0, 1, 26, 0, 0, 0, 0, 5, 1, 0, 0, 4, 0, 0, 0, 3, 0, 11, 3, 0, 0, 0, 0, 1, 1, 1, : 1, 10, 1, 26, 5, 1, 4, 3, 11, 3, 1, 1, 1, 
88: 11, 0, 0, 0, 0, 0, 0, 0, 2, 0, 0, 0, 0, 0, 1, 0, 0, 0, 10, 0, 0, 0, 0, 0, 0, 0, 0, 0, 2, 1, 1, 1, 2, 0, 0, 0, 2, 8, 0, 0, : 11, 2, 1, 10, 2, 1, 1, 1, 2, 2, 8, 
292: 0, 1, 1, 0, 0, 7, 0, 0, 0, 1, 0, 2, 0, 0, 0, 0, 0, 0, 5, 1, 0, 0, 1, 0, 1, 0, 0, 0, 1, 0, 0, 0, 5, 0, 0, 0, 0, 0, 0, 7, : 1, 1, 7, 1, 2, 5, 1, 1, 1, 1, 5, 7, 
276: 0, 0, 0, 1, 0, 0, 1, 0, 0, 1, 0, 1, 0, 0, 0, 0, 0, 0, 0, 5, 0, 10, 3, 0, 7, 16, 0, 0, 0, 4, 1, 5, 0, 12, 0, 6, 0, 1, 9, 0, : 1, 1, 1, 1, 5, 10, 3, 7, 16, 4, 1, 5, 12, 6, 1, 9, 
76: 0, 0, 0, 0, 1, 3, 0, 0, 0, 0, 0, 0, 0, 0, 0, 0, 0, 0, 1, 1, 21, 0, 0, 0, 0, 0, 5, 0, 0, 1, 0, 3, 1, 0, 1, 0, 0, 4, 0, 1, : 1, 3, 1, 1, 21, 5, 1, 3, 1, 1, 4, 1, 
60: 0, 0, 0, 0, 0, 0, 2, 5, 13, 0, 1, 9, 0, 0, 0, 1, 0, 0, 0, 1, 0, 0, 1, 5, 1, 0, 0, 0, 1, 1, 0, 1, 0, 1, 0, 0, 0, 0, 0, 1, : 2, 5, 13, 1, 9, 1, 1, 1, 5, 1, 1, 1, 1, 1, 1, 
198: 0, 0, 0, 0, 0, 0, 1, 0, 2, 0, 0, 0, 0, 16, 0, 0, 0, 18, 1, 2, 0, 0, 0, 0, 0, 0, 7, 7, 7, 1, 6, 1, 0, 0, 0, 0, 0, 0, 0, 1, : 1, 2, 16, 18, 1, 2, 7, 7, 7, 1, 6, 1, 1, 
203: 0, 0, 0, 0, 0, 0, 0, 0, 1, 0, 1, 0, 10, 0, 1, 6, 0, 6, 0, 0, 1, 0, 0, 0, 0, 1, 0, 0, 7, 0, 0, 1, 0, 0, 0, 1, 0, 0, 0, 6, : 1, 1, 10, 1, 6, 6, 1, 1, 7, 1, 1, 6, 
171: 0, 0, 0, 0, 0, 8, 0, 0, 5, 2, 0, 0, 0, 0, 1, 0, 0, 0, 13, 1, 2, 0, 11, 0, 0, 0, 2, 0, 1, 0, 0, 1, 0, 0, 0, 11, 0, 2, 0, 1, : 8, 5, 2, 1, 13, 1, 2, 11, 2, 1, 1, 11, 2, 1, 
181: 0, 1, 0, 0, 8, 0, 0, 0, 0, 7, 3, 0, 0, 0, 24, 1, 0, 0, 0, 1, 0, 6, 7, 0, 0, 0, 0, 0, 1, 1, 0, 0, 1, 0, 0, 0, 0, 0, 9, 1, : 1, 8, 7, 3, 24, 1, 1, 6, 7, 1, 1, 1, 9, 1, 
240: 0, 0, 0, 0, 5, 0, 5, 0, 3, 11, 3, 0, 0, 0, 0, 1, 13, 0, 0, 0, 8, 0, 0, 0, 0, 0, 1, 0, 0, 0, 11, 0, 0, 14, 0, 0, 0, 1, 6, 0, : 5, 5, 3, 11, 3, 1, 13, 8, 1, 11, 14, 1, 6, 
34: 0, 0, 1, 0, 0, 0, 0, 0, 1, 0, 0, 7, 7, 0, 0, 0, 0, 3, 1, 1, 0, 0, 0, 0, 1, 0, 0, 0, 0, 0, 1, 3, 12, 0, 0, 1, 0, 0, 0, 1, : 1, 1, 7, 7, 3, 1, 1, 1, 1, 3, 12, 1, 1, 
11: 23, 0, 12, 0, 1, 1, 0, 0, 0, 10, 0, 0, 0, 0, 1, 0, 0, 0, 0, 0, 0, 5, 0, 0, 1, 17, 11, 0, 0, 14, 0, 1, 0, 0, 0, 0, 0, 0, 1, 2, : 23, 12, 1, 1, 10, 1, 5, 1, 17, 11, 14, 1, 1, 2, 
298: 0, 0, 4, 1, 1, 1, 0, 0, 1, 0, 0, 4, 1, 0, 0, 4, 0, 2, 0, 0, 0, 0, 1, 0, 0, 0, 0, 0, 0, 0, 2, 1, 0, 0, 0, 0, 0, 0, 0, 1, : 4, 1, 1, 1, 1, 4, 1, 4, 2, 1, 2, 1, 1, 
82: 0, 0, 1, 0, 13, 0, 4, 0, 1, 0, 0, 0, 0, 0, 0, 0, 1, 0, 1, 3, 0, 0, 0, 0, 0, 0, 1, 0, 0, 5, 0, 0, 0, 1, 0, 0, 0, 0, 0, 1, : 1, 13, 4, 1, 1, 1, 3, 1, 5, 1, 1, 
50: 0, 1, 13, 38, 1, 1, 0, 0, 1, 0, 0, 0, 0, 0, 10, 0, 0, 0, 1, 0, 0, 0, 0, 1, 0, 1, 0, 0, 1, 3, 1, 0, 0, 0, 0, 0, 0, 0, 0, 0, : 1, 13, 38, 1, 1, 1, 10, 1, 1, 1, 1, 3, 1, 
270: 0, 0, 0, 0, 1, 0, 0, 0, 0, 6, 0, 1, 8, 0, 0, 0, 0, 0, 0, 0, 0, 0, 2, 0, 0, 0, 0, 0, 0, 0, 0, 0, 0, 0, 20, 0, 0, 0, 0, 1, : 1, 6, 1, 8, 2, 20, 1, 
30: 0, 0, 0, 0, 1, 0, 1, 0, 0, 1, 2, 1, 3, 5, 1, 1, 0, 0, 1, 1, 0, 10, 0, 0, 0, 0, 0, 0, 0, 0, 1, 0, 0, 9, 0, 0, 0, 0, 0, 0, : 1, 1, 1, 2, 1, 3, 5, 1, 1, 1, 1, 10, 1, 9, 
224: 4, 0, 2, 0, 0, 0, 1, 0, 2, 0, 0, 0, 0, 0, 0, 1, 0, 0, 1, 1, 0, 0, 1, 1, 9, 0, 10, 0, 1, 0, 0, 0, 0, 0, 0, 9, 7, 1, 0, 1, : 4, 2, 1, 2, 1, 1, 1, 1, 1, 9, 10, 1, 9, 7, 1, 1, 
17: 1, 1, 1, 0, 0, 15, 1, 0, 0, 0, 0, 0, 1, 0, 0, 5, 0, 7, 0, 1, 0, 0, 2, 2, 5, 0, 0, 0, 0, 1, 10, 0, 0, 2, 0, 1, 3, 0, 0, 0, : 1, 1, 1, 15, 1, 1, 5, 7, 1, 2, 2, 5, 1, 10, 2, 1, 3, 
156: 0, 29, 0, 0, 0, 0, 1, 1, 0, 0, 0, 1, 0, 0, 0, 1, 0, 0, 1, 0, 0, 0, 1, 20, 2, 1, 0, 0, 0, 0, 1, 0, 1, 0, 15, 0, 0, 0, 0, 1, : 29, 1, 1, 1, 1, 1, 1, 20, 2, 1, 1, 1, 15, 1, 
103: 0, 1, 0, 0, 1, 0, 0, 0, 1, 0, 0, 0, 1, 0, 0, 1, 0, 0, 2, 0, 0, 0, 0, 0, 0, 0, 3, 0, 3, 0, 0, 0, 0, 0, 0, 7, 0, 0, 8, 0, : 1, 1, 1, 1, 1, 2, 3, 3, 7, 8, 


135: 0, 6, 0, 0, 0, 0, 0, 0, 0, 1, 0, 1, 0, 0, 0, 0, 0, 0, 0, 1, 0, 0, 8, 2, 0, 0, 1, 11, 1, 0, 0, 1, 10, 0, 1, 0, 1, 0, 0, 4, : 6, 1, 1, 1, 8, 2, 1, 11, 1, 1, 10, 1, 1, 4, 
279: 1, 1, 0, 1, 0, 2, 2, 0, 1, 0, 0, 0, 17, 6, 5, 5, 0, 0, 1, 0, 7, 1, 0, 0, 0, 1, 1, 1, 0, 0, 0, 0, 0, 1, 0, 0, 0, 0, 0, 0, : 1, 1, 1, 2, 2, 1, 17, 6, 5, 5, 1, 7, 1, 1, 1, 1, 1, 
67: 0, 0, 0, 0, 0, 0, 0, 0, 0, 1, 4, 1, 0, 0, 0, 1, 1, 0, 1, 1, 0, 0, 0, 0, 0, 0, 0, 7, 8, 0, 0, 0, 0, 8, 0, 0, 0, 0, 0, 15, : 1, 4, 1, 1, 1, 1, 1, 7, 8, 8, 15, 
299: 2, 1, 0, 0, 0, 0, 5, 1, 0, 1, 0, 2, 0, 6, 0, 0, 0, 4, 0, 0, 0, 0, 0, 0, 0, 0, 1, 4, 0, 0, 0, 9, 0, 0, 1, 0, 0, 0, 1, 3, : 2, 1, 5, 1, 1, 2, 6, 4, 1, 4, 9, 1, 1, 3, 
229: 0, 1, 0, 0, 0, 0, 1, 1, 0, 1, 0, 1, 4, 0, 0, 2, 5, 0, 0, 0, 0, 0, 2, 0, 1, 2, 0, 1, 1, 0, 0, 1, 9, 0, 7, 0, 0, 7, 1, 1, : 1, 1, 1, 1, 1, 4, 2, 5, 2, 1, 2, 1, 1, 1, 9, 7, 7, 1, 1, 
291: 0, 0, 0, 1, 0, 0, 0, 0, 3, 3, 0, 1, 0, 0, 0, 1, 2, 0, 0, 0, 0, 0, 3, 0, 12, 0, 5, 0, 0, 0, 0, 0, 0, 1, 8, 28, 0, 1, 0, 0, : 1, 3, 3, 1, 1, 2, 3, 12, 5, 1, 8, 28, 1, 
64: 0, 0, 0, 2, 1, 0, 9, 1, 3, 0, 18, 0, 0, 0, 0, 0, 1, 0, 0, 0, 1, 0, 0, 2, 0, 0, 0, 0, 0, 10, 4, 0, 0, 1, 0, 0, 0, 1, 0, 0, : 2, 1, 9, 1, 3, 18, 1, 1, 2, 10, 4, 1, 1, 
285: 0, 0, 0, 1, 2, 0, 2, 0, 0, 2, 2, 0, 0, 0, 0, 14, 3, 0, 0, 1, 0, 0, 6, 0, 0, 1, 0, 4, 0, 0, 0, 2, 0, 2, 2, 0, 2, 0, 12, 0, : 1, 2, 2, 2, 2, 14, 3, 1, 6, 1, 4, 2, 2, 2, 2, 12, 
129: 5, 0, 34, 1, 0, 0, 0, 1, 0, 0, 2, 0, 0, 1, 0, 1, 0, 0, 1, 2, 10, 7, 0, 6, 0, 0, 3, 0, 0, 0, 1, 1, 0, 0, 0, 0, 0, 16, 0, 0, : 5, 34, 1, 1, 2, 1, 1, 1, 2, 10, 7, 6, 3, 1, 1, 16, 
258: 4, 1, 0, 3, 10, 14, 0, 0, 1, 0, 5, 0, 8, 1, 9, 0, 1, 0, 0, 0, 0, 0, 2, 0, 1, 0, 0, 0, 2, 1, 1, 0, 8, 0, 0, 0, 0, 1, 0, 0, : 4, 1, 3, 10, 14, 1, 5, 8, 1, 9, 1, 2, 1, 2, 1, 1, 8, 1, 
19: 0, 0, 0, 0, 0, 0, 0, 0, 2, 1, 0, 0, 0, 0, 0, 1, 0, 5, 1, 0, 11, 0, 0, 0, 3, 0, 1, 0, 0, 0, 1, 1, 0, 0, 0, 0, 0, 0, 0, 0, : 2, 1, 1, 5, 1, 11, 3, 1, 1, 1, 
300: 2, 0, 0, 1, 1, 2, 0, 8, 1, 1, 1, 0, 4, 1, 0, 0, 0, 0, 2, 3, 1, 0, 0, 0, 0, 0, 0, 0, 0, 0, 0, 0, 0, 5, 1, 6, 1, 1, 0, 0, : 2, 1, 1, 2, 8, 1, 1, 1, 4, 1, 2, 3, 1, 5, 1, 6, 1, 1, 
295: 22, 1, 4, 0, 18, 1, 1, 0, 9, 2, 0, 5, 0, 0, 1, 0, 0, 0, 0, 5, 0, 0, 3, 0, 0, 0, 0, 0, 1, 0, 1, 1, 0, 0, 0, 0, 1, 0, 0, 0, : 22, 1, 4, 18, 1, 1, 9, 2, 5, 1, 5, 3, 1, 1, 1, 1, 
188: 0, 0, 0, 0, 0, 1, 0, 2, 8, 0, 1, 0, 1, 0, 2, 0, 0, 1, 5, 4, 0, 0, 0, 0, 1, 1, 0, 1, 1, 0, 0, 0, 0, 0, 1, 0, 11, 0, 0, 0, : 1, 2, 8, 1, 1, 2, 1, 5, 4, 1, 1, 1, 1, 1, 11, 
169: 0, 0, 0, 1, 0, 2, 4, 1, 1, 1, 0, 0, 0, 0, 6, 0, 9, 0, 0, 0, 0, 17, 1, 1, 1, 2, 0, 1, 4, 1, 6, 0, 0, 1, 0, 0, 1, 2, 0, 0, : 1, 2, 4, 1, 1, 1, 6, 9, 17, 1, 1, 1, 2, 1, 4, 1, 6, 1, 1, 2, 
227: 1, 1, 0, 1, 1, 3, 6, 1, 0, 1, 0, 0, 0, 8, 0, 0, 0, 14, 0, 1, 0, 0, 0, 1, 0, 0, 1, 2, 0, 1, 0, 0, 0, 0, 0, 0, 0, 0, 9, 0, : 1, 1, 1, 1, 3, 6, 1, 1, 8, 14, 1, 1, 1, 2, 1, 9, 
157: 0, 0, 0, 21, 0, 0, 0, 0, 7, 0, 1, 0, 0, 4, 0, 0, 0, 0, 1, 3, 3, 0, 0, 0, 5, 0, 0, 1, 1, 0, 0, 0, 0, 0, 0, 1, 14, 0, 0, 0, : 21, 7, 1, 4, 1, 3, 3, 5, 1, 1, 1, 14, 
249: 1, 0, 0, 1, 0, 0, 0, 0, 0, 1, 0, 8, 0, 0, 0, 1, 0, 0, 17, 5, 0, 1, 0, 0, 0, 1, 9, 0, 1, 0, 3, 1, 0, 0, 0, 1, 0, 1, 1, 0, : 1, 1, 1, 8, 1, 17, 5, 1, 1, 9, 1, 3, 1, 1, 1, 1, 
44: 0, 6, 0, 0, 0, 0, 0, 1, 0, 0, 0, 0, 0, 1, 0, 2, 0, 0, 0, 0, 0, 3, 0, 0, 0, 1, 0, 1, 1, 14, 0, 1, 10, 0, 3, 1, 0, 0, 0, 1, : 6, 1, 1, 2, 3, 1, 1, 1, 14, 1, 10, 3, 1, 1, 
28: 0, 0, 2, 0, 0, 1, 0, 1, 0, 0, 0, 0, 0, 0, 0, 0, 2, 10, 7, 0, 0, 0, 0, 1, 0, 0, 8, 1, 0, 11, 0, 0, 0, 1, 0, 0, 0, 2, 0, 0, : 2, 1, 1, 2, 10, 7, 1, 8, 1, 11, 1, 2, 
200: 0, 0, 0, 0, 0, 0, 2, 16, 2, 1, 0, 1, 0, 0, 2, 2, 1, 0, 0, 0, 2, 0, 0, 0, 0, 0, 2, 0, 0, 0, 11, 1, 0, 0, 0, 0, 1, 1, 0, 0, : 2, 16, 2, 1, 1, 2, 2, 1, 2, 2, 11, 1, 1, 1, 
168: 0, 6, 0, 0, 1, 0, 0, 0, 0, 0, 0, 1, 0, 1, 0, 1, 0, 0, 1, 0, 1, 1, 0, 0, 7, 0, 3, 1, 0, 0, 2, 1, 2, 0, 5, 0, 0, 1, 13, 2, : 6, 1, 1, 1, 1, 1, 1, 1, 7, 3, 1, 2, 1, 2, 5, 1, 13, 2, 
184: 0, 3, 0, 1, 0, 0, 0, 0, 0, 0, 1, 1, 0, 1, 14, 0, 0, 1, 0, 1, 0, 0, 15, 0, 1, 11, 0, 0, 0, 0, 1, 9, 0, 0, 1, 0, 0, 0, 0, 9, : 3, 1, 1, 1, 1, 14, 1, 1, 15, 1, 11, 1, 9, 1, 9, 
149: 1, 0, 0, 1, 0, 0, 0, 1, 0, 0, 0, 1, 0, 1, 0, 0, 1, 0, 0, 7, 0, 0, 0, 25, 6, 0, 1, 0, 0, 0, 2, 7, 0, 0, 0, 0, 1, 1, 2, 1, : 1, 1, 1, 1, 1, 1, 7, 25, 6, 1, 2, 7, 1, 1, 2, 1, 
163: 0, 0, 0, 0, 0, 0, 0, 1, 0, 0, 5, 0, 0, 6, 0, 1, 2, 0, 3, 0, 2, 9, 0, 0, 0, 1, 1, 1, 1, 0, 1, 4, 1, 0, 0, 0, 0, 0, 0, 1, : 1, 5, 6, 1, 2, 3, 2, 9, 1, 1, 1, 1, 1, 4, 1, 1, 
71: 1, 1, 0, 2, 0, 0, 1, 1, 0, 18, 0, 0, 1, 1, 0, 0, 11, 0, 0, 0, 1, 0, 0, 0, 0, 0, 2, 0, 0, 1, 1, 0, 0, 0, 0, 1, 0, 0, 1, 1, : 1, 1, 2, 1, 1, 18, 1, 1, 11, 1, 2, 1, 1, 1, 1, 1, 
45: 0, 11, 0, 1, 5, 1, 0, 0, 1, 2, 0, 0, 0, 0, 0, 6, 0, 0, 0, 2, 0, 1, 0, 0, 0, 18, 1, 0, 17, 0, 2, 0, 0, 0, 0, 0, 2, 2, 0, 2, : 11, 1, 5, 1, 1, 2, 6, 2, 1, 18, 1, 17, 2, 2, 2, 2, 
14: 0, 0, 0, 0, 0, 0, 6, 2, 0, 0, 0, 2, 4, 1, 0, 1, 0, 0, 0, 2, 0, 0, 0, 1, 0, 1, 0, 2, 1, 1, 0, 0, 0, 0, 10, 2, 1, 1, 0, 0, : 6, 2, 2, 4, 1, 1, 2, 1, 1, 2, 1, 1, 10, 2, 1, 1, 
21: 0, 1, 0, 0, 1, 13, 0, 0, 1, 0, 0, 14, 1, 0, 0, 1, 1, 5, 0, 0, 0, 0, 0, 0, 0, 0, 0, 1, 0, 0, 2, 0, 0, 0, 0, 0, 4, 1, 0, 0, : 1, 1, 13, 1, 14, 1, 1, 1, 5, 1, 2, 4, 1, 
39: 0, 0, 0, 1, 0, 0, 1, 1, 0, 3, 0, 1, 0, 1, 1, 0, 0, 0, 0, 2, 1, 0, 0, 1, 2, 0, 0, 0, 0, 0, 1, 0, 0, 20, 0, 0, 0, 1, 0, 0, : 1, 1, 1, 3, 1, 1, 1, 2, 1, 1, 2, 1, 20, 1, 


172: 1, 0, 2, 0, 10, 1, 0, 0, 7, 0, 0, 0, 0, 0, 0, 0, 1, 1, 0, 0, 1, 0, 0, 2, 8, 0, 0, 2, 0, 1, 0, 0, 9, 0, 2, 1, 0, 5, 0, 5, : 1, 2, 10, 1, 7, 1, 1, 1, 2, 8, 2, 1, 9, 2, 1, 5, 5, 
158: 10, 0, 1, 0, 0, 0, 0, 4, 0, 3, 0, 0, 0, 1, 0, 0, 0, 0, 0, 0, 0, 0, 1, 7, 0, 1, 0, 2, 0, 1, 1, 0, 0, 0, 0, 0, 0, 1, 11, 15, : 10, 1, 4, 3, 1, 1, 7, 1, 2, 1, 1, 1, 11, 15, 
234: 1, 0, 0, 9, 11, 0, 0, 0, 0, 0, 0, 0, 0, 0, 0, 2, 0, 2, 0, 4, 0, 0, 6, 0, 3, 0, 0, 1, 2, 0, 0, 0, 2, 0, 3, 0, 0, 5, 0, 1, : 1, 9, 11, 2, 2, 4, 6, 3, 1, 2, 2, 3, 5, 1, 
69: 0, 0, 0, 0, 0, 15, 0, 0, 3, 1, 1, 18, 0, 9, 0, 1, 12, 2, 0, 0, 0, 0, 1, 0, 3, 0, 0, 2, 2, 1, 0, 0, 0, 0, 1, 1, 1, 0, 0, 0, : 15, 3, 1, 1, 18, 9, 1, 12, 2, 1, 3, 2, 2, 1, 1, 1, 1, 
228: 0, 0, 0, 0, 0, 0, 0, 0, 2, 0, 2, 0, 0, 0, 0, 0, 0, 16, 0, 9, 2, 0, 0, 0, 0, 1, 0, 1, 0, 6, 0, 2, 4, 15, 0, 2, 1, 1, 0, 0, : 2, 2, 16, 9, 2, 1, 1, 6, 2, 4, 15, 2, 1, 1, 
98: 0, 0, 0, 1, 0, 0, 0, 0, 0, 1, 0, 0, 0, 0, 0, 0, 3, 0, 0, 0, 0, 1, 0, 0, 0, 0, 0, 2, 0, 0, 0, 0, 2, 0, 0, 13, 1, 2, 0, 0, : 1, 1, 3, 1, 2, 2, 13, 1, 2, 
257: 0, 0, 0, 2, 1, 1, 0, 0, 0, 0, 0, 0, 12, 0, 0, 0, 0, 1, 25, 0, 1, 1, 0, 0, 0, 0, 0, 2, 0, 0, 0, 1, 1, 0, 5, 7, 0, 2, 0, 0, : 2, 1, 1, 12, 1, 25, 1, 1, 2, 1, 1, 5, 7, 2, 
138: 0, 0, 0, 0, 0, 0, 6, 0, 4, 0, 2, 0, 0, 2, 0, 0, 0, 1, 9, 0, 0, 0, 1, 0, 0, 5, 9, 0, 0, 16, 4, 0, 0, 0, 0, 1, 0, 1, 0, 0, : 6, 4, 2, 2, 1, 9, 1, 5, 9, 16, 4, 1, 1, 
283: 0, 1, 0, 0, 0, 0, 1, 0, 0, 0, 2, 0, 0, 0, 0, 0, 0, 1, 1, 0, 0, 0, 0, 0, 0, 1, 5, 1, 0, 0, 0, 0, 0, 0, 2, 0, 1, 0, 0, 0, : 1, 1, 2, 1, 1, 1, 5, 1, 2, 1, 
217: 3, 19, 0, 5, 1, 0, 0, 0, 0, 13, 1, 0, 0, 0, 0, 0, 0, 0, 0, 1, 0, 0, 0, 1, 0, 0, 7, 1, 0, 0, 3, 0, 0, 0, 1, 0, 0, 1, 6, 0, : 3, 19, 5, 1, 13, 1, 1, 1, 7, 1, 3, 1, 1, 6, 
278: 0, 3, 0, 1, 0, 0, 1, 0, 0, 0, 0, 0, 0, 0, 0, 0, 2, 0, 0, 0, 8, 0, 0, 0, 4, 0, 0, 1, 0, 0, 2, 1, 4, 0, 0, 0, 2, 2, 0, 9, : 3, 1, 1, 2, 8, 4, 1, 2, 1, 4, 2, 2, 9, 
294: 0, 0, 0, 0, 0, 0, 0, 1, 1, 1, 0, 21, 0, 0, 0, 2, 4, 0, 0, 0, 0, 1, 0, 1, 0, 1, 3, 0, 0, 0, 0, 1, 0, 0, 0, 1, 13, 0, 1, 0, : 1, 1, 1, 21, 2, 4, 1, 1, 1, 3, 1, 1, 13, 1, 
256: 1, 0, 2, 2, 0, 1, 1, 0, 1, 0, 1, 1, 3, 0, 0, 0, 0, 3, 0, 0, 0, 0, 0, 0, 0, 0, 0, 4, 1, 0, 0, 7, 1, 0, 0, 2, 0, 0, 1, 0, : 1, 2, 2, 1, 1, 1, 1, 1, 3, 3, 4, 1, 7, 1, 2, 1, 
154: 0, 12, 0, 0, 0, 0, 1, 0, 0, 2, 0, 0, 0, 0, 15, 0, 0, 1, 0, 0, 0, 17, 0, 1, 1, 0, 0, 0, 3, 5, 0, 7, 6, 0, 3, 0, 0, 0, 0, 2, : 12, 1, 2, 15, 1, 17, 1, 1, 3, 5, 7, 6, 3, 2, 
100: 0, 2, 0, 0, 0, 0, 1, 3, 0, 0, 0, 0, 0, 0, 0, 0, 0, 0, 0, 0, 0, 0, 0, 0, 0, 2, 0, 0, 0, 0, 0, 0, 0, 0, 1, 0, 1, 1, 0, 0, : 2, 1, 3, 2, 1, 1, 1, 
152: 5, 0, 3, 0, 6, 0, 0, 0, 0, 0, 0, 0, 0, 0, 0, 0, 0, 0, 0, 0, 0, 0, 3, 0, 0, 0, 0, 2, 0, 0, 19, 1, 10, 0, 0, 0, 1, 7, 0, 0, : 5, 3, 6, 3, 2, 19, 1, 10, 1, 7, 
87: 0, 0, 0, 1, 0, 1, 1, 0, 0, 2, 1, 0, 12, 28, 0, 0, 1, 0, 0, 0, 1, 1, 11, 6, 1, 1, 0, 0, 5, 0, 0, 0, 0, 25, 0, 0, 1, 0, 4, 0, : 1, 1, 1, 2, 1, 12, 28, 1, 1, 1, 11, 6, 1, 1, 5, 25, 1, 4, 
86: 0, 0, 0, 0, 0, 2, 0, 3, 0, 0, 0, 0, 0, 0, 0, 1, 2, 3, 0, 0, 4, 0, 0, 0, 0, 5, 5, 1, 1, 0, 0, 1, 0, 0, 9, 1, 0, 1, 9, 1, : 2, 3, 1, 2, 3, 4, 5, 5, 1, 1, 1, 9, 1, 1, 9, 1, 
99: 0, 0, 0, 0, 0, 1, 5, 1, 0, 3, 0, 0, 0, 0, 0, 1, 2, 0, 0, 0, 1, 5, 0, 1, 6, 0, 0, 0, 0, 3, 0, 0, 0, 0, 0, 0, 2, 0, 0, 0, : 1, 5, 1, 3, 1, 2, 1, 5, 1, 6, 3, 2, 
15: 0, 0, 0, 0, 0, 0, 0, 0, 0, 2, 0, 0, 0, 0, 0, 0, 0, 0, 0, 0, 0, 0, 0, 5, 0, 0, 0, 1, 1, 1, 0, 5, 0, 0, 2, 0, 0, 0, 3, 0, : 2, 5, 1, 1, 1, 5, 2, 3, 
230: 0, 0, 0, 0, 0, 0, 1, 0, 6, 0, 0, 0, 2, 0, 0, 0, 1, 3, 0, 0, 4, 0, 0, 0, 0, 8, 0, 0, 1, 0, 0, 12, 0, 0, 1, 1, 0, 0, 0, 0, : 1, 6, 2, 1, 3, 4, 8, 1, 12, 1, 1, 
194: 0, 0, 0, 0, 0, 1, 0, 14, 0, 8, 0, 0, 11, 0, 0, 0, 1, 0, 0, 0, 0, 0, 0, 1, 0, 0, 0, 2, 0, 0, 0, 1, 1, 0, 0, 1, 0, 0, 0, 0, : 1, 14, 8, 11, 1, 1, 2, 1, 1, 1, 
40: 0, 1, 0, 1, 0, 2, 1, 0, 8, 0, 10, 0, 0, 0, 0, 1, 0, 1, 0, 0, 0, 6, 16, 0, 0, 0, 0, 0, 6, 0, 1, 0, 0, 0, 0, 0, 0, 0, 0, 0, : 1, 1, 2, 1, 8, 10, 1, 1, 6, 16, 6, 1, 
97: 2, 0, 0, 1, 1, 2, 4, 0, 0, 0, 0, 0, 0, 0, 0, 0, 2, 1, 0, 0, 2, 0, 0, 0, 0, 2, 0, 0, 4, 1, 0, 0, 0, 0, 0, 0, 1, 2, 0, 0, : 2, 1, 1, 2, 4, 2, 1, 2, 2, 4, 1, 1, 2, 
42: 0, 2, 0, 1, 1, 0, 4, 6, 1, 0, 0, 0, 0, 0, 7, 0, 0, 1, 0, 0, 15, 0, 0, 0, 0, 0, 0, 3, 0, 0, 0, 0, 0, 0, 1, 1, 0, 2, 2, 0, : 2, 1, 1, 4, 6, 1, 7, 1, 15, 3, 1, 1, 2, 2, 
137: 0, 0, 0, 0, 7, 3, 5, 3, 1, 0, 0, 0, 0, 0, 0, 0, 0, 0, 0, 0, 0, 0, 1, 1, 0, 0, 0, 0, 4, 4, 0, 0, 0, 0, 0, 6, 15, 0, 0, 0, : 7, 3, 5, 3, 1, 1, 1, 4, 4, 6, 15, 
6: 17, 0, 0, 0, 0, 0, 1, 0, 5, 4, 0, 0, 0, 0, 0, 0, 0, 0, 4, 0, 0, 0, 0, 14, 0, 0, 11, 0, 3, 0, 10, 0, 0, 0, 7, 1, 0, 0, 1, 0, : 17, 1, 5, 4, 4, 14, 11, 3, 10, 7, 1, 1, 
235: 0, 0, 0, 1, 1, 8, 6, 0, 0, 0, 16, 0, 0, 0, 18, 31, 2, 1, 0, 26, 0, 0, 0, 0, 0, 12, 0, 0, 0, 0, 0, 0, 0, 0, 1, 1, 0, 6, 0, 4, : 1, 1, 8, 6, 16, 18, 31, 2, 1, 26, 12, 1, 1, 6, 4, 
106: 0, 0, 2, 15, 1, 2, 0, 5, 1, 0, 0, 0, 0, 0, 0, 0, 7, 1, 1, 0, 1, 8, 0, 0, 14, 0, 0, 0, 7, 1, 0, 0, 0, 0, 0, 0, 0, 0, 0, 0, : 2, 15, 1, 2, 5, 1, 7, 1, 1, 1, 8, 14, 7, 1, 
218: 0, 0, 30, 0, 0, 0, 1, 0, 0, 0, 4, 0, 0, 0, 0, 1, 0, 1, 0, 0, 0, 0, 0, 0, 0, 1, 0, 12, 0, 0, 0, 1, 0, 0, 1, 0, 0, 1, 2, 3, : 30, 1, 4, 1, 1, 1, 12, 1, 1, 1, 2, 3, 


59: 0, 0, 1, 0, 0, 1, 1, 0, 0, 0, 0, 0, 0, 0, 24, 6, 0, 0, 1, 0, 0, 0, 0, 0, 0, 0, 0, 0, 1, 0, 2, 1, 1, 0, 0, 1, 0, 0, 2, 0, : 1, 1, 1, 24, 6, 1, 1, 2, 1, 1, 1, 2, 
214: 0, 1, 0, 0, 0, 0, 0, 1, 0, 0, 0, 0, 1, 5, 1, 0, 0, 0, 0, 0, 5, 0, 1, 0, 0, 1, 0, 0, 1, 0, 5, 0, 0, 0, 11, 0, 8, 0, 0, 0, : 1, 1, 1, 5, 1, 5, 1, 1, 1, 5, 11, 8, 
248: 3, 0, 2, 0, 1, 0, 0, 1, 0, 0, 0, 0, 0, 0, 0, 0, 3, 1, 0, 0, 1, 4, 0, 0, 0, 5, 25, 0, 1, 1, 0, 1, 0, 0, 0, 0, 0, 0, 1, 0, : 3, 2, 1, 1, 3, 1, 1, 4, 5, 25, 1, 1, 1, 1, 
126: 0, 0, 1, 0, 6, 0, 1, 3, 1, 0, 8, 0, 16, 7, 0, 0, 7, 1, 4, 0, 2, 0, 19, 0, 0, 2, 0, 1, 0, 0, 0, 1, 1, 1, 0, 1, 0, 0, 0, 2, : 1, 6, 1, 3, 1, 8, 16, 7, 7, 1, 4, 2, 19, 2, 1, 1, 1, 1, 1, 2, 
176: 0, 0, 0, 2, 0, 0, 0, 1, 0, 0, 0, 0, 0, 0, 0, 0, 0, 2, 0, 1, 1, 0, 0, 0, 0, 1, 0, 0, 0, 1, 0, 1, 0, 4, 3, 0, 0, 0, 0, 1, : 2, 1, 2, 1, 1, 1, 1, 1, 4, 3, 1, 
57: 1, 0, 1, 0, 0, 1, 0, 1, 0, 0, 0, 0, 1, 0, 0, 1, 1, 0, 0, 0, 1, 0, 0, 0, 2, 0, 0, 0, 1, 0, 4, 0, 1, 0, 0, 0, 0, 2, 3, 0, : 1, 1, 1, 1, 1, 1, 1, 1, 2, 1, 4, 1, 2, 3, 
289: 0, 0, 1, 1, 0, 0, 0, 1, 3, 0, 30, 0, 0, 0, 0, 4, 0, 0, 0, 13, 1, 0, 0, 0, 0, 1, 0, 0, 0, 0, 0, 3, 1, 1, 3, 1, 2, 0, 0, 5, : 1, 1, 1, 3, 30, 4, 13, 1, 1, 3, 1, 1, 3, 1, 2, 5, 
8: 1, 3, 1, 0, 1, 0, 0, 0, 0, 0, 0, 3, 1, 0, 1, 1, 0, 1, 0, 0, 0, 0, 0, 0, 0, 0, 0, 1, 0, 0, 0, 2, 0, 1, 1, 0, 2, 0, 0, 0, : 1, 3, 1, 1, 3, 1, 1, 1, 1, 1, 2, 1, 1, 2, 
35: 0, 0, 2, 23, 13, 0, 0, 0, 0, 3, 0, 0, 0, 0, 1, 0, 0, 0, 0, 1, 0, 16, 9, 3, 7, 0, 0, 0, 0, 0, 0, 0, 1, 5, 0, 0, 0, 0, 1, 1, : 2, 23, 13, 3, 1, 1, 16, 9, 3, 7, 1, 5, 1, 1, 
120: 0, 1, 2, 0, 0, 16, 0, 2, 0, 2, 0, 1, 0, 0, 0, 0, 0, 2, 0, 0, 2, 0, 0, 0, 12, 1, 0, 0, 1, 3, 3, 0, 0, 0, 0, 0, 0, 0, 1, 0, : 1, 2, 16, 2, 2, 1, 2, 2, 12, 1, 1, 3, 3, 1, 
139: 0, 0, 4, 0, 0, 0, 1, 0, 0, 1, 0, 0, 0, 5, 0, 0, 0, 0, 0, 0, 3, 0, 1, 0, 1, 0, 0, 0, 1, 0, 1, 0, 1, 6, 0, 0, 0, 0, 0, 1, : 4, 1, 1, 5, 3, 1, 1, 1, 1, 1, 6, 1, 
246: 1, 0, 1, 0, 0, 1, 0, 0, 1, 0, 0, 1, 3, 0, 0, 0, 0, 0, 2, 0, 2, 0, 0, 0, 14, 0, 1, 0, 0, 0, 1, 3, 0, 0, 11, 3, 0, 0, 1, 1, : 1, 1, 1, 1, 1, 3, 2, 2, 14, 1, 1, 3, 11, 3, 1, 1, 
37: 0, 0, 5, 0, 0, 6, 0, 0, 0, 2, 0, 1, 0, 0, 4, 0, 0, 0, 0, 0, 1, 0, 0, 0, 1, 0, 0, 0, 1, 0, 0, 0, 1, 0, 0, 0, 0, 0, 0, 0, : 5, 6, 2, 1, 4, 1, 1, 1, 1, 
18: 0, 0, 0, 0, 0, 1, 0, 13, 1, 0, 0, 6, 0, 0, 0, 0, 0, 1, 0, 0, 3, 0, 1, 0, 0, 0, 0, 0, 0, 0, 0, 0, 2, 1, 0, 5, 1, 8, 0, 5, : 1, 13, 1, 6, 1, 3, 1, 2, 1, 5, 1, 8, 5, 
193: 0, 7, 1, 0, 0, 1, 1, 1, 0, 0, 0, 0, 0, 0, 0, 0, 0, 3, 1, 1, 1, 0, 0, 0, 1, 2, 0, 1, 5, 0, 0, 0, 7, 0, 3, 0, 0, 0, 0, 0, : 7, 1, 1, 1, 1, 3, 1, 1, 1, 1, 2, 1, 5, 7, 3, 
81: 0, 1, 1, 0, 1, 0, 2, 1, 0, 0, 0, 0, 0, 1, 1, 11, 3, 4, 2, 21, 3, 13, 1, 0, 0, 1, 0, 0, 0, 0, 1, 2, 0, 0, 0, 0, 8, 1, 0, 1, : 1, 1, 1, 2, 1, 1, 1, 11, 3, 4, 2, 21, 3, 13, 1, 1, 1, 2, 8, 1, 1, 
121: 18, 1, 0, 0, 0, 0, 0, 1, 0, 0, 0, 0, 1, 0, 1, 4, 0, 0, 0, 0, 6, 0, 0, 4, 1, 0, 0, 1, 0, 0, 0, 0, 6, 1, 0, 0, 0, 1, 0, 0, : 18, 1, 1, 1, 1, 4, 6, 4, 1, 1, 6, 1, 1, 
55: 0, 1, 0, 0, 0, 1, 0, 0, 1, 0, 0, 17, 0, 0, 3, 0, 0, 0, 0, 1, 0, 0, 2, 0, 0, 2, 0, 0, 5, 0, 1, 1, 0, 3, 0, 0, 0, 0, 2, 1, : 1, 1, 1, 17, 3, 1, 2, 2, 5, 1, 1, 3, 2, 1, 
36: 0, 1, 3, 0, 0, 0, 1, 1, 3, 1, 0, 0, 2, 0, 0, 0, 0, 1, 0, 0, 0, 0, 3, 0, 0, 3, 0, 25, 2, 0, 0, 0, 2, 11, 5, 26, 0, 0, 1, 1, : 1, 3, 1, 1, 3, 1, 2, 1, 3, 3, 25, 2, 2, 11, 5, 26, 1, 1, 
220: 0, 0, 1, 0, 0, 0, 5, 0, 7, 17, 0, 0, 1, 0, 1, 1, 2, 1, 9, 0, 0, 6, 0, 0, 1, 0, 0, 0, 1, 1, 9, 0, 0, 0, 1, 0, 0, 0, 2, 0, : 1, 5, 7, 17, 1, 1, 1, 2, 1, 9, 6, 1, 1, 1, 9, 1, 2, 
253: 0, 0, 3, 0, 8, 0, 1, 1, 2, 1, 0, 0, 5, 0, 0, 0, 2, 1, 0, 0, 1, 1, 0, 0, 0, 1, 0, 0, 1, 1, 0, 0, 0, 0, 0, 2, 2, 0, 0, 0, : 3, 8, 1, 1, 2, 1, 5, 2, 1, 1, 1, 1, 1, 1, 2, 2, 
153: 0, 1, 1, 0, 9, 0, 0, 0, 0, 0, 2, 0, 1, 8, 1, 3, 0, 2, 0, 0, 3, 0, 0, 0, 0, 6, 0, 0, 0, 0, 0, 16, 0, 0, 0, 1, 6, 0, 0, 3, : 1, 1, 9, 2, 1, 8, 1, 3, 2, 3, 6, 16, 1, 6, 3, 
164: 0, 0, 0, 1, 0, 0, 0, 1, 0, 1, 0, 0, 7, 0, 0, 6, 8, 5, 0, 0, 1, 0, 0, 0, 0, 0, 1, 10, 4, 1, 2, 0, 0, 1, 0, 0, 1, 1, 0, 2, : 1, 1, 1, 7, 6, 8, 5, 1, 1, 10, 4, 1, 2, 1, 1, 1, 2, 
136: 0, 0, 0, 13, 0, 1, 1, 2, 0, 10, 0, 0, 0, 0, 0, 0, 0, 0, 1, 0, 0, 0, 1, 1, 0, 0, 1, 0, 2, 0, 2, 5, 2, 1, 0, 0, 0, 1, 0, 1, : 13, 1, 1, 2, 10, 1, 1, 1, 1, 2, 2, 5, 2, 1, 1, 1, 
290: 6, 0, 1, 0, 0, 0, 0, 3, 0, 0, 0, 0, 0, 0, 0, 1, 0, 0, 14, 0, 0, 0, 0, 1, 0, 0, 0, 0, 1, 0, 5, 2, 0, 0, 0, 0, 0, 1, 0, 0, : 6, 1, 3, 1, 14, 1, 1, 5, 2, 1, 
77: 0, 2, 5, 0, 0, 11, 19, 0, 0, 0, 0, 10, 0, 14, 0, 0, 0, 9, 0, 0, 1, 0, 0, 10, 0, 2, 0, 0, 2, 0, 0, 1, 0, 0, 0, 0, 0, 3, 0, 12, : 2, 5, 11, 19, 10, 14, 9, 1, 10, 2, 2, 1, 3, 12, 
125: 4, 0, 0, 0, 1, 0, 0, 0, 0, 0, 0, 1, 0, 0, 1, 0, 0, 1, 1, 0, 0, 0, 2, 0, 0, 0, 0, 0, 1, 1, 1, 0, 0, 1, 0, 0, 0, 0, 0, 0, : 4, 1, 1, 1, 1, 1, 2, 1, 1, 1, 1, 
80: 0, 0, 1, 0, 0, 0, 0, 1, 2, 0, 0, 0, 0, 0, 0, 2, 1, 5, 5, 0, 0, 0, 0, 0, 0, 11, 0, 1, 5, 0, 0, 1, 1, 0, 2, 0, 8, 0, 0, 0, : 1, 1, 2, 2, 1, 5, 5, 11, 1, 5, 1, 1, 2, 8, 
160: 0, 21, 1, 0, 0, 0, 0, 0, 19, 0, 0, 0, 1, 0, 1, 0, 11, 0, 0, 2, 0, 0, 0, 2, 0, 0, 11, 0, 4, 2, 0, 0, 9, 0, 0, 0, 1, 0, 25, 3, : 21, 1, 19, 1, 1, 11, 2, 2, 11, 4, 2, 9, 1, 25, 3, 
182: 6, 0, 1, 0, 0, 0, 7, 5, 0, 2, 0, 0, 0, 0, 0, 0, 2, 0, 0, 0, 2, 0, 0, 19, 0, 1, 1, 0, 0, 29, 3, 0, 4, 3, 0, 0, 1, 22, 1, 0, : 6, 1, 7, 5, 2, 2, 2, 19, 1, 1, 29, 3, 4, 3, 1, 22, 1, 


239: 1, 1, 0, 0, 0, 0, 0, 0, 2, 0, 1, 0, 0, 0, 1, 16, 0, 0, 0, 0, 0, 0, 0, 6, 2, 0, 0, 0, 0, 0, 0, 9, 0, 0, 0, 0, 1, 0, 1, 0, : 1, 1, 2, 1, 1, 16, 6, 2, 9, 1, 1, 
146: 0, 0, 1, 0, 0, 0, 0, 0, 0, 0, 1, 2, 0, 0, 0, 0, 1, 0, 0, 1, 2, 0, 0, 0, 1, 0, 0, 1, 0, 0, 1, 0, 0, 0, 0, 1, 0, 0, 0, 0, : 1, 1, 2, 1, 1, 2, 1, 1, 1, 1, 
54: 0, 0, 14, 2, 1, 0, 5, 0, 0, 10, 5, 0, 1, 1, 0, 1, 0, 1, 0, 0, 0, 0, 1, 1, 1, 0, 1, 2, 0, 0, 0, 0, 0, 0, 2, 0, 0, 0, 1, 3, : 14, 2, 1, 5, 10, 5, 1, 1, 1, 1, 1, 1, 1, 1, 2, 2, 1, 3, 
72: 0, 0, 0, 0, 0, 1, 5, 1, 0, 0, 0, 1, 0, 7, 6, 0, 1, 0, 1, 7, 1, 0, 0, 0, 0, 10, 1, 0, 0, 0, 19, 0, 0, 0, 0, 0, 0, 0, 1, 0, : 1, 5, 1, 1, 7, 6, 1, 1, 7, 1, 10, 1, 19, 1, 
13: 0, 0, 0, 0, 0, 0, 0, 1, 0, 0, 1, 2, 3, 2, 3, 12, 0, 2, 0, 1, 0, 0, 1, 5, 0, 0, 0, 1, 12, 1, 0, 0, 11, 0, 1, 2, 2, 0, 0, 0, : 1, 1, 2, 3, 2, 3, 12, 2, 1, 1, 5, 1, 12, 1, 11, 1, 2, 2, 
219: 0, 0, 0, 0, 22, 1, 0, 0, 0, 0, 0, 1, 0, 0, 19, 1, 0, 0, 0, 0, 0, 1, 4, 8, 0, 0, 0, 0, 16, 0, 0, 3, 0, 1, 0, 0, 1, 13, 3, 3, : 22, 1, 1, 19, 1, 1, 4, 8, 16, 3, 1, 1, 13, 3, 3, 
268: 0, 0, 1, 0, 0, 1, 0, 0, 0, 0, 2, 3, 19, 4, 0, 0, 0, 0, 0, 0, 0, 2, 1, 2, 0, 0, 0, 1, 0, 7, 9, 0, 1, 0, 0, 0, 0, 0, 1, 0, : 1, 1, 2, 3, 19, 4, 2, 1, 2, 1, 7, 9, 1, 1, 
297: 0, 3, 0, 0, 0, 0, 0, 1, 0, 0, 0, 0, 1, 3, 0, 0, 3, 5, 2, 0, 0, 1, 0, 0, 6, 0, 0, 1, 0, 0, 0, 0, 1, 3, 0, 0, 0, 0, 2, 1, : 3, 1, 1, 3, 3, 5, 2, 1, 6, 1, 1, 3, 2, 1, 
201: 0, 0, 0, 0, 0, 0, 0, 0, 0, 0, 1, 3, 0, 0, 0, 0, 0, 1, 0, 0, 0, 0, 0, 0, 0, 0, 0, 9, 5, 0, 0, 0, 0, 2, 2, 11, 0, 0, 1, 0, : 1, 3, 1, 9, 5, 2, 2, 11, 1, 
209: 0, 2, 4, 0, 0, 0, 0, 0, 14, 0, 0, 1, 0, 1, 0, 0, 0, 3, 0, 2, 11, 1, 0, 0, 0, 0, 13, 0, 6, 23, 0, 0, 0, 0, 1, 2, 1, 0, 1, 1, : 2, 4, 14, 1, 1, 3, 2, 11, 1, 13, 6, 23, 1, 2, 1, 1, 1, 
25: 1, 1, 0, 1, 0, 0, 7, 0, 0, 0, 0, 3, 1, 1, 4, 0, 26, 5, 1, 9, 0, 1, 0, 0, 2, 0, 0, 4, 0, 0, 0, 0, 1, 1, 13, 1, 0, 10, 0, 0, : 1, 1, 1, 7, 3, 1, 1, 4, 26, 5, 1, 9, 1, 2, 4, 1, 1, 13, 1, 10, 
12: 0, 0, 0, 0, 1, 0, 5, 7, 3, 0, 0, 2, 0, 0, 2, 0, 0, 4, 0, 0, 1, 0, 0, 0, 3, 0, 0, 6, 0, 0, 0, 0, 1, 2, 0, 0, 1, 0, 0, 0, : 1, 5, 7, 3, 2, 2, 4, 1, 3, 6, 1, 2, 1, 
159: 3, 9, 7, 0, 0, 0, 0, 0, 0, 0, 1, 0, 0, 0, 0, 0, 0, 1, 0, 0, 1, 0, 0, 0, 16, 11, 3, 0, 0, 6, 0, 0, 0, 5, 4, 0, 0, 0, 0, 0, : 3, 9, 7, 1, 1, 1, 16, 11, 3, 6, 5, 4, 
177: 0, 0, 0, 0, 1, 2, 0, 1, 7, 9, 1, 0, 0, 1, 0, 0, 1, 0, 0, 0, 1, 0, 0, 0, 0, 15, 0, 0, 0, 0, 0, 0, 0, 1, 0, 0, 0, 0, 0, 16, : 1, 2, 1, 7, 9, 1, 1, 1, 1, 15, 1, 16, 
296: 0, 2, 0, 0, 0, 2, 0, 0, 0, 2, 1, 1, 6, 1, 0, 0, 1, 1, 0, 0, 6, 0, 0, 4, 0, 0, 0, 2, 1, 1, 1, 0, 0, 0, 0, 3, 1, 1, 4, 0, : 2, 2, 2, 1, 1, 6, 1, 1, 1, 6, 4, 2, 1, 1, 1, 3, 1, 1, 4, 
119: 9, 2, 0, 0, 1, 1, 0, 1, 0, 0, 0, 0, 0, 0, 1, 0, 1, 0, 0, 1, 1, 0, 5, 0, 0, 0, 0, 0, 0, 0, 0, 17, 1, 0, 0, 0, 1, 0, 0, 0, : 9, 2, 1, 1, 1, 1, 1, 1, 1, 5, 17, 1, 1, 
287: 20, 1, 0, 0, 7, 6, 7, 0, 0, 0, 0, 0, 0, 0, 0, 0, 0, 0, 0, 0, 0, 0, 0, 1, 6, 0, 0, 1, 0, 0, 0, 1, 0, 0, 1, 0, 0, 0, 7, 0, : 20, 1, 7, 6, 7, 1, 6, 1, 1, 1, 7, 
223: 0, 7, 0, 0, 1, 3, 0, 0, 0, 1, 0, 0, 0, 0, 0, 0, 1, 0, 1, 0, 2, 1, 2, 1, 0, 0, 0, 1, 0, 0, 2, 1, 0, 0, 0, 0, 0, 0, 2, 0, : 7, 1, 3, 1, 1, 1, 2, 1, 2, 1, 1, 2, 1, 2, 
242: 1, 0, 0, 17, 0, 3, 0, 0, 0, 0, 0, 4, 0, 0, 1, 3, 0, 0, 0, 1, 0, 0, 0, 0, 0, 0, 0, 0, 0, 0, 1, 2, 0, 11, 3, 8, 4, 0, 2, 0, : 1, 17, 3, 4, 1, 3, 1, 1, 2, 11, 3, 8, 4, 2, 
147: 0, 0, 0, 0, 4, 0, 1, 0, 10, 15, 9, 0, 0, 0, 0, 5, 0, 3, 28, 0, 0, 20, 2, 0, 0, 0, 0, 0, 0, 0, 0, 0, 0, 0, 5, 0, 0, 0, 1, 0, : 4, 1, 10, 15, 9, 5, 3, 28, 20, 2, 5, 1, 
250: 2, 1, 0, 0, 1, 0, 0, 0, 0, 0, 0, 1, 1, 0, 0, 0, 0, 1, 0, 0, 0, 1, 8, 0, 1, 2, 0, 0, 0, 0, 0, 0, 1, 7, 1, 0, 3, 8, 3, 0, : 2, 1, 1, 1, 1, 1, 1, 8, 1, 2, 1, 7, 1, 3, 8, 3, 
192: 0, 0, 1, 17, 1, 0, 2, 0, 0, 0, 4, 8, 2, 0, 0, 0, 0, 0, 0, 1, 0, 0, 0, 0, 0, 0, 0, 1, 0, 0, 0, 0, 3, 0, 0, 0, 12, 0, 0, 0, : 1, 17, 1, 2, 4, 8, 2, 1, 1, 3, 12, 
189: 0, 0, 0, 0, 0, 0, 0, 0, 0, 0, 0, 2, 0, 0, 0, 0, 1, 0, 0, 2, 4, 0, 0, 0, 0, 0, 7, 5, 0, 0, 0, 0, 6, 0, 0, 0, 0, 0, 0, 0, : 2, 1, 2, 4, 7, 5, 6, 
190: 0, 0, 0, 0, 0, 0, 0, 6, 0, 0, 0, 1, 0, 13, 1, 1, 0, 1, 0, 0, 2, 0, 0, 1, 1, 0, 0, 0, 0, 0, 1, 0, 0, 0, 0, 12, 0, 0, 0, 10, : 6, 1, 13, 1, 1, 1, 2, 1, 1, 1, 12, 10, 
196: 1, 1, 0, 3, 0, 4, 0, 0, 0, 0, 2, 1, 5, 3, 0, 1, 2, 0, 6, 9, 3, 1, 1, 11, 1, 0, 8, 0, 0, 0, 1, 5, 3, 0, 6, 0, 0, 0, 0, 0, : 1, 1, 3, 4, 2, 1, 5, 3, 1, 2, 6, 9, 3, 1, 1, 11, 1, 8, 1, 5, 3, 6, 
109: 2, 0, 0, 0, 0, 13, 0, 0, 0, 1, 9, 3, 0, 1, 0, 0, 0, 1, 1, 0, 0, 1, 15, 0, 0, 0, 1, 4, 0, 0, 2, 1, 0, 0, 1, 0, 1, 0, 2, 0, : 2, 13, 1, 9, 3, 1, 1, 1, 1, 15, 1, 4, 2, 1, 1, 1, 2, 
293: 0, 1, 6, 0, 0, 3, 4, 0, 0, 0, 0, 1, 0, 1, 1, 0, 1, 6, 0, 1, 2, 9, 0, 0, 0, 0, 1, 0, 0, 0, 0, 0, 4, 0, 0, 0, 0, 0, 0, 4, : 1, 6, 3, 4, 1, 1, 1, 1, 6, 1, 2, 9, 1, 4, 4, 
245: 0, 1, 0, 0, 0, 0, 3, 1, 0, 0, 0, 0, 0, 0, 1, 0, 1, 1, 0, 0, 2, 1, 0, 0, 0, 2, 5, 0, 0, 0, 0, 0, 2, 0, 0, 0, 11, 0, 0, 0, : 1, 3, 1, 1, 1, 1, 2, 1, 2, 5, 2, 11, 
207: 0, 0, 5, 0, 0, 0, 0, 21, 0, 2, 1, 0, 1, 0, 0, 0, 0, 4, 0, 0, 0, 0, 0, 0, 0, 0, 0, 1, 0, 1, 0, 0, 5, 0, 0, 0, 0, 0, 0, 2, : 5, 21, 2, 1, 1, 4, 1, 1, 5, 2, 
274: 0, 8, 1, 0, 0, 0, 1, 0, 4, 0, 1, 0, 0, 1, 0, 0, 0, 0, 0, 5, 1, 0, 0, 0, 0, 0, 0, 0, 0, 1, 3, 1, 0, 7, 0, 0, 1, 8, 8, 0, : 8, 1, 1, 4, 1, 1, 5, 1, 1, 3, 1, 7, 1, 8, 8, 


174: 0, 0, 0, 0, 0, 1, 0, 0, 0, 6, 0, 2, 0, 0, 0, 0, 0, 0, 0, 0, 0, 0, 0, 0, 0, 9, 14, 2, 1, 0, 1, 0, 0, 7, 26, 4, 0, 1, 0, 0, : 1, 6, 2, 9, 14, 2, 1, 1, 7, 26, 4, 1, 
7: 1, 0, 1, 0, 0, 0, 0, 1, 0, 0, 0, 0, 0, 0, 0, 6, 0, 0, 0, 0, 0, 0, 0, 5, 0, 0, 0, 0, 0, 0, 0, 12, 0, 0, 0, 0, 11, 0, 0, 0, : 1, 1, 1, 6, 5, 12, 11, 
83: 0, 1, 0, 0, 0, 0, 0, 3, 0, 0, 8, 0, 0, 0, 0, 0, 0, 1, 3, 11, 0, 2, 0, 0, 0, 0, 0, 2, 1, 1, 0, 0, 0, 1, 0, 0, 0, 0, 0, 0, : 1, 3, 8, 1, 3, 11, 2, 2, 1, 1, 1, 
212: 0, 0, 0, 13, 1, 2, 0, 0, 9, 1, 0, 1, 7, 0, 0, 0, 7, 11, 0, 5, 0, 0, 0, 0, 30, 0, 0, 0, 0, 0, 0, 0, 0, 0, 0, 1, 0, 0, 0, 1, : 13, 1, 2, 9, 1, 1, 7, 7, 11, 5, 30, 1, 1, 
195: 1, 0, 9, 0, 11, 1, 0, 1, 1, 0, 1, 0, 0, 0, 0, 0, 0, 0, 23, 1, 0, 0, 0, 0, 0, 1, 22, 0, 0, 0, 0, 0, 0, 0, 0, 0, 0, 1, 0, 1, : 1, 9, 11, 1, 1, 1, 1, 23, 1, 1, 22, 1, 1, 
53: 0, 0, 0, 0, 0, 8, 0, 5, 0, 2, 0, 5, 0, 25, 0, 0, 3, 4, 0, 0, 0, 0, 21, 0, 1, 0, 0, 0, 0, 1, 0, 3, 0, 0, 0, 0, 2, 0, 2, 0, : 8, 5, 2, 5, 25, 3, 4, 21, 1, 1, 3, 2, 2, 
134: 0, 0, 0, 0, 0, 0, 2, 0, 1, 0, 0, 0, 1, 0, 4, 2, 0, 5, 0, 0, 8, 1, 0, 7, 0, 0, 0, 1, 1, 0, 0, 0, 0, 0, 0, 0, 0, 0, 0, 0, : 2, 1, 1, 4, 2, 5, 8, 1, 7, 1, 1, 
247: 2, 0, 0, 0, 0, 0, 0, 2, 3, 11, 3, 9, 3, 1, 0, 1, 3, 1, 0, 0, 0, 0, 0, 0, 0, 0, 0, 0, 0, 1, 0, 9, 0, 0, 0, 0, 7, 0, 0, 4, : 2, 2, 3, 11, 3, 9, 3, 1, 1, 3, 1, 1, 9, 7, 4, 
211: 2, 0, 0, 0, 0, 1, 0, 1, 0, 2, 0, 1, 0, 7, 0, 2, 0, 3, 0, 4, 0, 1, 0, 1, 0, 0, 0, 17, 3, 0, 2, 0, 0, 0, 0, 0, 0, 0, 0, 1, : 2, 1, 1, 2, 1, 7, 2, 3, 4, 1, 1, 17, 3, 2, 1, 
107: 1, 1, 0, 0, 0, 0, 0, 0, 2, 1, 0, 0, 0, 1, 0, 6, 0, 0, 1, 3, 0, 0, 1, 0, 0, 0, 0, 0, 1, 0, 0, 0, 0, 1, 0, 0, 0, 19, 0, 0, : 1, 1, 2, 1, 1, 6, 1, 3, 1, 1, 1, 19, 
16: 0, 0, 0, 0, 0, 0, 0, 1, 1, 6, 0, 0, 0, 0, 0, 7, 0, 1, 0, 0, 3, 15, 0, 0, 3, 1, 0, 0, 1, 1, 0, 0, 0, 0, 0, 2, 0, 0, 1, 1, : 1, 1, 6, 7, 1, 3, 15, 3, 1, 1, 1, 2, 1, 1, 
20: 0, 0, 0, 12, 0, 3, 0, 0, 1, 0, 0, 0, 0, 0, 0, 1, 0, 0, 0, 1, 8, 0, 1, 0, 0, 0, 0, 0, 2, 1, 0, 0, 0, 0, 0, 0, 3, 0, 0, 1, : 12, 3, 1, 1, 1, 8, 1, 2, 1, 3, 1, 
282: 0, 12, 3, 0, 0, 0, 0, 3, 2, 0, 0, 8, 0, 1, 1, 0, 0, 1, 6, 0, 0, 0, 0, 1, 0, 0, 0, 0, 0, 0, 0, 0, 0, 2, 0, 0, 0, 1, 0, 0, : 12, 3, 3, 2, 8, 1, 1, 1, 6, 1, 2, 1, 
51: 9, 0, 2, 0, 0, 0, 0, 0, 0, 1, 0, 1, 0, 0, 0, 4, 1, 0, 4, 1, 0, 0, 0, 2, 0, 0, 0, 0, 0, 1, 0, 0, 0, 0, 0, 1, 0, 0, 0, 1, : 9, 2, 1, 1, 4, 1, 4, 1, 2, 1, 1, 1, 
206: 0, 0, 0, 0, 0, 1, 1, 0, 1, 0, 0, 3, 0, 0, 0, 1, 0, 0, 0, 2, 0, 0, 0, 0, 1, 0, 0, 12, 1, 0, 1, 0, 0, 0, 2, 0, 0, 0, 0, 0, : 1, 1, 1, 3, 1, 2, 1, 12, 1, 1, 2, 
222: 1, 0, 1, 0, 2, 0, 0, 0, 1, 0, 0, 1, 21, 0, 1, 0, 0, 0, 0, 1, 2, 1, 0, 0, 0, 1, 1, 1, 14, 0, 0, 0, 28, 0, 0, 0, 0, 1, 1, 0, : 1, 1, 2, 1, 1, 21, 1, 1, 2, 1, 1, 1, 1, 14, 28, 1, 1, 
111: 0, 0, 0, 0, 0, 0, 5, 14, 10, 1, 0, 0, 0, 0, 0, 0, 0, 4, 1, 1, 0, 13, 0, 0, 0, 0, 0, 0, 0, 0, 11, 1, 0, 10, 1, 1, 10, 0, 0, 1, : 5, 14, 10, 1, 4, 1, 1, 13, 11, 1, 10, 1, 1, 10, 1, 
144: 0, 0, 1, 0, 22, 12, 0, 0, 0, 0, 0, 0, 0, 0, 0, 0, 0, 0, 0, 1, 1, 1, 0, 0, 0, 3, 0, 0, 0, 0, 0, 0, 0, 0, 0, 0, 0, 6, 0, 0, : 1, 22, 12, 1, 1, 1, 3, 6, 
180: 1, 5, 0, 0, 0, 0, 0, 5, 0, 0, 0, 0, 0, 0, 0, 0, 0, 0, 0, 0, 0, 1, 0, 0, 5, 0, 0, 0, 0, 1, 0, 0, 1, 0, 0, 0, 1, 1, 0, 0, : 1, 5, 5, 1, 5, 1, 1, 1, 1, 
56: 4, 0, 0, 0, 0, 0, 1, 4, 1, 2, 1, 0, 1, 0, 0, 0, 21, 1, 0, 2, 1, 0, 0, 0, 0, 6, 0, 0, 1, 0, 0, 14, 11, 12, 0, 0, 0, 1, 0, 16, : 4, 1, 4, 1, 2, 1, 1, 21, 1, 2, 1, 6, 1, 14, 11, 12, 1, 16, 
91: 8, 7, 2, 0, 0, 0, 26, 0, 0, 1, 0, 0, 2, 0, 27, 4, 0, 0, 0, 0, 1, 2, 0, 0, 0, 0, 0, 0, 0, 1, 0, 0, 0, 1, 11, 5, 0, 0, 0, 0, : 8, 7, 2, 26, 1, 2, 27, 4, 1, 2, 1, 1, 11, 5, 
281: 7, 0, 0, 9, 0, 0, 0, 0, 0, 0, 24, 0, 0, 3, 0, 1, 0, 0, 0, 1, 0, 0, 0, 0, 0, 0, 0, 0, 0, 0, 0, 0, 0, 0, 0, 0, 0, 3, 31, 1, : 7, 9, 24, 3, 1, 1, 3, 31, 1, 
73: 2, 0, 0, 5, 0, 8, 0, 0, 0, 5, 0, 0, 1, 1, 1, 2, 2, 0, 0, 1, 11, 0, 0, 0, 0, 0, 2, 0, 4, 0, 0, 0, 0, 0, 0, 0, 1, 1, 5, 1, : 2, 5, 8, 5, 1, 1, 1, 2, 2, 1, 11, 2, 4, 1, 1, 5, 1, 
23: 0, 3, 0, 0, 0, 1, 1, 0, 5, 1, 0, 0, 0, 0, 0, 1, 0, 0, 0, 0, 0, 0, 3, 11, 0, 18, 0, 0, 9, 0, 18, 0, 0, 2, 0, 0, 0, 1, 0, 0, : 3, 1, 1, 5, 1, 1, 3, 11, 18, 9, 18, 2, 1, 
9: 1, 0, 0, 0, 0, 0, 0, 0, 1, 0, 1, 0, 0, 1, 2, 0, 0, 0, 1, 1, 0, 1, 4, 0, 0, 1, 0, 1, 0, 0, 2, 0, 0, 0, 0, 0, 5, 1, 0, 0, : 1, 1, 1, 1, 2, 1, 1, 1, 4, 1, 1, 2, 5, 1, 
143: 0, 0, 0, 0, 0, 1, 1, 0, 1, 0, 1, 0, 0, 0, 0, 0, 0, 1, 1, 1, 1, 1, 1, 0, 0, 0, 1, 1, 1, 22, 0, 0, 0, 0, 0, 0, 0, 0, 0, 0, : 1, 1, 1, 1, 1, 1, 1, 1, 1, 1, 1, 1, 1, 22, 
43: 0, 11, 3, 0, 0, 1, 1, 0, 0, 0, 0, 0, 3, 0, 3, 0, 1, 3, 0, 1, 2, 0, 0, 0, 0, 0, 0, 3, 0, 1, 3, 0, 0, 1, 0, 0, 0, 0, 0, 5, : 11, 3, 1, 1, 3, 3, 1, 3, 1, 2, 3, 1, 3, 1, 5, 
183: 0, 0, 0, 0, 1, 0, 2, 0, 0, 0, 1, 0, 1, 0, 1, 0, 1, 2, 0, 1, 0, 0, 0, 3, 0, 0, 0, 0, 0, 9, 1, 0, 0, 1, 0, 0, 0, 1, 0, 1, : 1, 2, 1, 1, 1, 1, 2, 1, 3, 9, 1, 1, 1, 1, 
41: 0, 0, 14, 1, 1, 0, 0, 0, 0, 0, 0, 9, 0, 0, 0, 2, 1, 1, 0, 0, 0, 1, 1, 10, 0, 0, 0, 0, 0, 0, 0, 1, 0, 0, 0, 26, 0, 0, 0, 5, : 14, 1, 1, 9, 2, 1, 1, 1, 1, 10, 1, 26, 5, 
150: 0, 0, 4, 0, 2, 0, 0, 0, 0, 0, 0, 0, 0, 0, 0, 0, 0, 1, 0, 1, 2, 0, 8, 0, 0, 0, 0, 0, 0, 0, 1, 0, 0, 2, 0, 0, 0, 2, 0, 0, : 4, 2, 1, 1, 2, 8, 1, 2, 2, 


255: 0, 0, 0, 0, 1, 0, 0, 0, 0, 27, 1, 1, 0, 0, 0, 0, 0, 5, 0, 3, 0, 0, 0, 0, 0, 3, 1, 0, 0, 3, 0, 0, 0, 1, 1, 0, 4, 0, 1, 0, : 1, 27, 1, 1, 5, 3, 3, 1, 3, 1, 1, 4, 1, 
265: 1, 0, 0, 14, 0, 0, 0, 3, 0, 0, 1, 0, 0, 0, 0, 14, 0, 0, 0, 0, 0, 0, 0, 0, 0, 0, 15, 0, 0, 0, 3, 2, 1, 0, 1, 0, 0, 8, 0, 0, : 1, 14, 3, 1, 14, 15, 3, 2, 1, 1, 8, 
52: 11, 0, 5, 0, 0, 0, 0, 0, 0, 0, 2, 0, 0, 1, 1, 1, 0, 0, 0, 0, 0, 0, 0, 1, 0, 0, 0, 0, 0, 4, 0, 16, 0, 0, 0, 1, 0, 1, 0, 0, : 11, 5, 2, 1, 1, 1, 1, 4, 16, 1, 1, 
85: 0, 1, 1, 0, 0, 0, 0, 5, 0, 0, 1, 0, 0, 0, 1, 0, 1, 0, 0, 0, 0, 0, 0, 0, 1, 0, 1, 0, 3, 0, 2, 3, 0, 0, 0, 0, 0, 1, 3, 0, : 1, 1, 5, 1, 1, 1, 1, 1, 3, 2, 3, 1, 3, 
78: 1, 0, 10, 1, 1, 2, 0, 0, 1, 0, 2, 0, 0, 0, 1, 0, 0, 0, 0, 1, 0, 1, 1, 0, 0, 0, 0, 14, 12, 0, 5, 0, 0, 0, 0, 0, 0, 0, 0, 3, : 1, 10, 1, 1, 2, 1, 2, 1, 1, 1, 1, 14, 12, 5, 3, 
254: 0, 0, 3, 0, 24, 0, 1, 0, 0, 0, 0, 0, 0, 0, 0, 0, 0, 0, 0, 3, 0, 0, 0, 0, 0, 0, 3, 0, 1, 0, 12, 0, 2, 2, 5, 16, 0, 4, 0, 0, : 3, 24, 1, 3, 3, 1, 12, 2, 2, 5, 16, 4, 
271: 1, 8, 0, 0, 0, 0, 0, 0, 1, 0, 0, 0, 0, 0, 7, 0, 0, 0, 0, 0, 0, 0, 1, 0, 1, 0, 0, 0, 0, 0, 0, 0, 0, 0, 0, 0, 0, 13, 0, 0, : 1, 8, 1, 7, 1, 1, 13, 
124: 0, 1, 0, 0, 0, 1, 10, 0, 7, 0, 0, 0, 0, 0, 1, 0, 0, 0, 0, 8, 0, 0, 0, 26, 1, 1, 5, 0, 0, 0, 0, 1, 4, 9, 0, 7, 1, 0, 0, 0, : 1, 1, 10, 7, 1, 8, 26, 1, 1, 5, 1, 4, 9, 7, 1, 
122: 0, 0, 0, 0, 0, 1, 0, 0, 0, 0, 0, 0, 0, 0, 0, 0, 0, 0, 0, 0, 0, 0, 0, 0, 5, 0, 0, 0, 1, 0, 1, 1, 0, 0, 0, 1, 0, 0, 0, 0, : 1, 5, 1, 1, 1, 1, 
145: 11, 0, 0, 0, 2, 0, 0, 1, 2, 0, 0, 0, 0, 1, 5, 0, 0, 0, 6, 0, 0, 0, 1, 0, 3, 0, 0, 1, 9, 2, 0, 0, 1, 0, 0, 0, 0, 1, 2, 8, : 11, 2, 1, 2, 1, 5, 6, 1, 3, 1, 9, 2, 1, 1, 2, 8, 
49: 0, 2, 0, 0, 0, 23, 0, 5, 2, 0, 1, 2, 1, 1, 2, 3, 0, 0, 0, 1, 0, 0, 1, 3, 1, 0, 0, 0, 4, 0, 0, 0, 0, 0, 5, 0, 0, 0, 0, 3, : 2, 23, 5, 2, 1, 2, 1, 1, 2, 3, 1, 1, 3, 1, 4, 5, 3, 
141: 7, 0, 0, 0, 6, 0, 1, 2, 0, 0, 0, 0, 0, 12, 0, 0, 0, 0, 0, 0, 0, 1, 1, 0, 0, 0, 3, 0, 0, 0, 1, 0, 0, 0, 0, 0, 11, 1, 0, 0, : 7, 6, 1, 2, 12, 1, 1, 3, 1, 11, 1, 
238: 0, 0, 2, 0, 0, 0, 0, 6, 22, 0, 0, 2, 0, 1, 1, 0, 0, 0, 3, 0, 0, 4, 0, 2, 3, 0, 0, 0, 0, 0, 1, 1, 0, 0, 0, 0, 3, 0, 0, 4, : 2, 6, 22, 2, 1, 1, 3, 4, 2, 3, 1, 1, 3, 4, 
252: 2, 0, 0, 0, 0, 8, 0, 0, 0, 4, 0, 0, 0, 10, 0, 0, 0, 0, 0, 0, 0, 0, 0, 1, 10, 0, 0, 1, 0, 0, 5, 0, 4, 0, 0, 1, 0, 1, 9, 21, : 2, 8, 4, 10, 1, 10, 1, 5, 4, 1, 1, 9, 21, 
75: 0, 0, 0, 0, 0, 0, 2, 0, 0, 0, 1, 0, 0, 1, 0, 1, 0, 0, 0, 1, 0, 0, 0, 1, 0, 3, 0, 0, 3, 8, 0, 0, 0, 0, 0, 1, 0, 0, 2, 0, : 2, 1, 1, 1, 1, 1, 3, 3, 8, 1, 2, 
112: 0, 12, 2, 0, 0, 0, 0, 5, 0, 0, 1, 0, 1, 1, 1, 0, 1, 1, 0, 0, 24, 3, 1, 0, 1, 0, 1, 0, 0, 0, 0, 0, 0, 0, 1, 0, 14, 1, 0, 0, : 12, 2, 5, 1, 1, 1, 1, 1, 1, 24, 3, 1, 1, 1, 1, 14, 1, 
102: 0, 0, 1, 1, 0, 0, 0, 1, 0, 0, 1, 0, 1, 0, 0, 0, 0, 0, 0, 0, 0, 22, 1, 0, 0, 2, 0, 1, 0, 1, 0, 1, 0, 0, 0, 0, 3, 0, 0, 1, : 1, 1, 1, 1, 1, 22, 1, 2, 1, 1, 1, 3, 1, 
288: 3, 12, 0, 0, 0, 3, 0, 2, 1, 0, 0, 1, 0, 5, 1, 0, 0, 0, 0, 0, 0, 1, 1, 0, 0, 0, 1, 1, 0, 0, 0, 0, 0, 0, 0, 5, 0, 3, 12, 0, : 3, 12, 3, 2, 1, 1, 5, 1, 1, 1, 1, 1, 5, 3, 12, 
63: 0, 1, 3, 23, 0, 0, 0, 0, 0, 0, 0, 0, 0, 0, 1, 0, 22, 0, 9, 1, 1, 2, 0, 0, 0, 0, 5, 0, 1, 0, 1, 1, 1, 0, 0, 0, 0, 0, 3, 0, : 1, 3, 23, 1, 22, 9, 1, 1, 2, 5, 1, 1, 1, 1, 3, 
264: 0, 3, 8, 0, 5, 0, 1, 1, 0, 0, 1, 8, 0, 0, 0, 0, 0, 1, 0, 0, 0, 0, 0, 0, 0, 0, 0, 0, 1, 22, 0, 0, 0, 28, 0, 1, 0, 0, 0, 0, : 3, 8, 5, 1, 1, 1, 8, 1, 1, 22, 28, 1, 
259: 3, 0, 0, 0, 0, 0, 0, 1, 1, 9, 0, 2, 0, 1, 0, 21, 0, 0, 7, 0, 0, 0, 20, 0, 10, 21, 1, 0, 0, 0, 0, 0, 0, 0, 1, 0, 2, 0, 6, 0, : 3, 1, 1, 9, 2, 1, 21, 7, 20, 10, 21, 1, 1, 2, 6, 
155: 0, 0, 0, 0, 0, 0, 0, 1, 1, 0, 0, 0, 0, 0, 0, 0, 5, 10, 0, 0, 0, 0, 3, 0, 0, 0, 0, 0, 0, 0, 0, 1, 0, 0, 1, 0, 0, 3, 0, 0, : 1, 1, 5, 10, 3, 1, 1, 3, 
166: 0, 0, 0, 0, 0, 0, 0, 0, 1, 0, 0, 20, 15, 2, 4, 0, 0, 0, 0, 9, 0, 4, 1, 0, 0, 1, 2, 3, 0, 0, 1, 1, 0, 0, 23, 0, 0, 1, 0, 0, : 1, 20, 15, 2, 4, 9, 4, 1, 1, 2, 3, 1, 1, 23, 1, 
266: 0, 0, 3, 0, 1, 0, 0, 0, 0, 0, 3, 4, 19, 2, 0, 0, 9, 16, 0, 1, 0, 0, 1, 0, 2, 0, 1, 0, 0, 0, 1, 0, 27, 0, 2, 0, 0, 0, 0, 0, : 3, 1, 3, 4, 19, 2, 9, 16, 1, 1, 2, 1, 1, 27, 2, 
2: 0, 0, 1, 0, 0, 0, 7, 0, 1, 0, 0, 0, 2, 0, 4, 0, 0, 1, 1, 4, 0, 0, 0, 0, 0, 0, 1, 0, 2, 0, 1, 1, 0, 0, 0, 0, 1, 0, 1, 0, : 1, 7, 1, 2, 4, 1, 1, 4, 1, 2, 1, 1, 1, 1, 
22: 0, 0, 0, 0, 0, 0, 0, 5, 0, 0, 0, 0, 0, 1, 5, 0, 0, 2, 0, 3, 0, 1, 6, 2, 0, 1, 0, 1, 0, 0, 2, 9, 0, 0, 0, 0, 1, 1, 0, 0, : 5, 1, 5, 2, 3, 1, 6, 2, 1, 1, 2, 9, 1, 1, 
260: 0, 0, 0, 0, 0, 0, 0, 0, 0, 0, 16, 0, 1, 0, 1, 0, 2, 1, 0, 0, 0, 0, 0, 4, 1, 0, 0, 18, 2, 0, 0, 0, 0, 0, 0, 2, 0, 1, 1, 0, : 16, 1, 1, 2, 1, 4, 1, 18, 2, 2, 1, 1, 
151: 0, 0, 0, 1, 0, 2, 8, 1, 0, 0, 0, 0, 0, 0, 1, 0, 0, 1, 0, 0, 0, 1, 0, 0, 1, 0, 0, 0, 0, 0, 2, 1, 0, 0, 0, 0, 0, 0, 0, 0, : 1, 2, 8, 1, 1, 1, 1, 1, 2, 1, 
92: 0, 0, 0, 0, 0, 0, 0, 1, 0, 0, 5, 0, 0, 1, 1, 0, 0, 0, 13, 0, 0, 0, 0, 0, 0, 0, 0, 0, 0, 0, 1, 1, 0, 0, 0, 0, 0, 0, 0, 0, : 1, 5, 1, 1, 13, 1, 1, 
128: 0, 0, 1, 0, 0, 0, 10, 0, 0, 0, 4, 0, 0, 0, 2, 0, 0, 2, 1, 5, 15, 0, 1, 0, 0, 8, 0, 0, 1, 0, 1, 0, 0, 0, 0, 5, 0, 0, 0, 0, : 1, 10, 4, 2, 2, 1, 5, 15, 1, 8, 1, 1, 5, 


104: 0, 1, 0, 0, 0, 11, 1, 4, 0, 0, 0, 0, 0, 0, 6, 1, 0, 1, 17, 5, 1, 0, 0, 0, 1, 1, 3, 0, 6, 0, 15, 1, 0, 0, 0, 9, 2, 1, 1, 0, : 1, 11, 1, 4, 6, 1, 1, 17, 5, 1, 1, 1, 3, 6, 15, 1, 9, 2, 1, 1, 
173: 0, 0, 0, 0, 1, 0, 1, 0, 0, 0, 0, 0, 0, 23, 0, 0, 1, 1, 0, 11, 8, 0, 0, 0, 0, 4, 0, 0, 0, 0, 0, 0, 0, 1, 0, 0, 0, 1, 0, 0, : 1, 1, 23, 1, 1, 11, 8, 4, 1, 1, 
47: 0, 1, 0, 1, 1, 0, 7, 1, 1, 1, 2, 1, 0, 0, 0, 0, 0, 0, 0, 0, 0, 0, 0, 0, 8, 3, 1, 2, 0, 0, 1, 0, 0, 0, 0, 1, 1, 0, 0, 1, : 1, 1, 1, 7, 1, 1, 1, 2, 1, 8, 3, 1, 2, 1, 1, 1, 1, 
114: 0, 0, 5, 9, 0, 0, 0, 0, 0, 1, 0, 1, 0, 0, 0, 1, 2, 3, 0, 3, 2, 0, 0, 0, 0, 1, 0, 0, 0, 8, 6, 0, 2, 2, 0, 0, 1, 6, 4, 0, : 5, 9, 1, 1, 1, 2, 3, 3, 2, 1, 8, 6, 2, 2, 1, 6, 4, 
244: 0, 1, 1, 1, 0, 3, 0, 0, 1, 6, 0, 18, 0, 0, 0, 0, 0, 0, 1, 4, 1, 0, 0, 0, 0, 0, 2, 0, 0, 0, 0, 0, 0, 1, 1, 0, 0, 0, 0, 2, : 1, 1, 1, 3, 1, 6, 18, 1, 4, 1, 2, 1, 1, 2, 
33: 4, 1, 11, 0, 14, 0, 0, 0, 0, 0, 1, 0, 0, 0, 0, 0, 0, 0, 0, 1, 0, 0, 0, 0, 0, 1, 0, 4, 2, 0, 0, 0, 1, 2, 1, 0, 1, 0, 2, 0, : 4, 1, 11, 14, 1, 1, 1, 4, 2, 1, 2, 1, 1, 2, 
272: 0, 4, 0, 0, 0, 12, 16, 0, 6, 1, 2, 0, 4, 0, 0, 0, 0, 0, 0, 0, 0, 0, 0, 1, 2, 8, 0, 0, 6, 10, 0, 0, 0, 0, 0, 0, 7, 0, 0, 7, : 4, 12, 16, 6, 1, 2, 4, 1, 2, 8, 6, 10, 7, 7, 
231: 1, 0, 0, 0, 0, 0, 0, 0, 0, 0, 5, 1, 0, 0, 0, 0, 0, 1, 0, 0, 0, 0, 0, 0, 1, 2, 0, 0, 0, 1, 0, 0, 0, 6, 18, 3, 2, 1, 0, 3, : 1, 5, 1, 1, 1, 2, 1, 6, 18, 3, 2, 1, 3, 
3: 4, 2, 11, 2, 1, 0, 4, 1, 0, 0, 0, 0, 0, 1, 0, 2, 0, 0, 0, 0, 0, 0, 0, 11, 1, 3, 0, 0, 0, 0, 0, 0, 0, 16, 3, 18, 3, 0, 1, 4, : 4, 2, 11, 2, 1, 4, 1, 1, 2, 11, 1, 3, 16, 3, 18, 3, 1, 4, 
226: 1, 1, 0, 0, 6, 1, 0, 8, 1, 0, 0, 0, 0, 0, 1, 18, 7, 2, 0, 0, 3, 0, 0, 1, 0, 5, 1, 23, 0, 0, 0, 0, 1, 7, 0, 0, 3, 0, 4, 1, : 1, 1, 6, 1, 8, 1, 1, 18, 7, 2, 3, 1, 5, 1, 23, 1, 7, 3, 4, 1, 
101: 0, 1, 0, 1, 0, 1, 0, 3, 1, 2, 1, 0, 0, 0, 0, 1, 0, 8, 2, 0, 1, 14, 3, 2, 0, 0, 0, 0, 0, 0, 0, 0, 1, 0, 0, 0, 0, 2, 0, 0, : 1, 1, 1, 3, 1, 2, 1, 1, 8, 2, 1, 14, 3, 2, 1, 2, 
277: 3, 3, 1, 0, 0, 2, 0, 1, 3, 2, 1, 0, 0, 1, 0, 0, 2, 0, 0, 0, 0, 0, 0, 1, 0, 0, 3, 0, 0, 0, 0, 1, 30, 0, 1, 0, 1, 7, 0, 6, : 3, 3, 1, 2, 1, 3, 2, 1, 1, 2, 1, 3, 1, 30, 1, 1, 7, 6, 
148: 0, 0, 1, 1, 0, 1, 0, 0, 0, 11, 0, 1, 0, 0, 0, 1, 0, 1, 0, 0, 0, 0, 2, 0, 2, 1, 1, 0, 0, 0, 0, 1, 0, 0, 5, 0, 4, 0, 0, 0, : 1, 1, 1, 11, 1, 1, 1, 2, 2, 1, 1, 1, 5, 4, 
70: 0, 0, 0, 3, 11, 1, 0, 10, 0, 4, 0, 9, 0, 0, 0, 1, 4, 0, 1, 0, 1, 0, 3, 0, 0, 0, 2, 2, 0, 1, 0, 0, 0, 0, 0, 0, 1, 0, 3, 0, : 3, 11, 1, 10, 4, 9, 1, 4, 1, 1, 3, 2, 2, 1, 1, 3, 
165: 0, 0, 0, 0, 0, 0, 0, 0, 0, 0, 1, 0, 0, 0, 0, 1, 0, 1, 0, 0, 0, 0, 0, 0, 8, 3, 1, 2, 7, 0, 1, 25, 0, 0, 0, 3, 5, 1, 0, 0, : 1, 1, 1, 8, 3, 1, 2, 7, 1, 25, 3, 5, 1, 
191: 17, 0, 0, 0, 0, 0, 0, 0, 0, 0, 1, 0, 0, 0, 2, 0, 2, 1, 3, 0, 1, 0, 0, 0, 0, 0, 0, 0, 1, 0, 0, 0, 0, 0, 0, 0, 1, 0, 0, 1, : 17, 1, 2, 2, 1, 3, 1, 1, 1, 1, 
175: 0, 3, 0, 3, 1, 1, 0, 0, 0, 0, 0, 1, 2, 1, 1, 0, 0, 10, 2, 8, 0, 0, 0, 0, 0, 0, 0, 0, 0, 0, 0, 0, 2, 0, 7, 0, 0, 0, 0, 0, : 3, 3, 1, 1, 1, 2, 1, 1, 10, 2, 8, 2, 7, 
94: 0, 0, 0, 4, 1, 2, 0, 0, 1, 6, 0, 0, 11, 0, 17, 0, 0, 1, 0, 0, 2, 0, 0, 0, 3, 0, 1, 0, 0, 0, 9, 0, 0, 0, 0, 2, 1, 0, 0, 0, : 4, 1, 2, 1, 6, 11, 17, 1, 2, 3, 1, 9, 2, 1, 
243: 0, 7, 0, 0, 1, 4, 0, 0, 12, 0, 0, 0, 0, 0, 0, 1, 0, 0, 0, 0, 0, 0, 0, 0, 1, 1, 1, 0, 9, 0, 0, 0, 0, 0, 0, 0, 1, 0, 0, 0, : 7, 1, 4, 12, 1, 1, 1, 1, 9, 1, 
221: 0, 0, 0, 0, 0, 0, 0, 0, 0, 0, 1, 0, 0, 0, 0, 0, 0, 3, 0, 0, 0, 0, 3, 0, 1, 2, 0, 3, 0, 0, 0, 0, 0, 0, 2, 0, 1, 0, 0, 10, : 1, 3, 3, 1, 2, 3, 2, 1, 10, 
115: 7, 0, 0, 1, 0, 0, 0, 0, 0, 0, 3, 0, 0, 0, 0, 0, 0, 0, 0, 2, 9, 0, 0, 4, 1, 0, 0, 0, 0, 20, 0, 1, 0, 0, 0, 0, 0, 0, 2, 0, : 7, 1, 3, 2, 9, 4, 1, 20, 1, 2, 
225: 0, 0, 0, 0, 0, 0, 0, 5, 11, 1, 0, 0, 1, 13, 12, 12, 11, 2, 3, 1, 1, 0, 0, 0, 0, 0, 0, 2, 1, 0, 0, 0, 0, 0, 1, 0, 1, 1, 1, 1, : 5, 11, 1, 1, 13, 12, 12, 11, 2, 3, 1, 1, 2, 1, 1, 1, 1, 1, 1, 
5: 0, 0, 0, 4, 0, 0, 0, 0, 2, 0, 18, 6, 0, 0, 0, 0, 0, 2, 0, 0, 0, 0, 4, 1, 1, 3, 19, 1, 5, 0, 0, 0, 1, 1, 0, 1, 0, 7, 2, 0, : 4, 2, 18, 6, 2, 4, 1, 1, 3, 19, 1, 5, 1, 1, 1, 7, 2, 
68: 0, 0, 0, 1, 0, 0, 0, 2, 0, 1, 1, 1, 0, 0, 1, 0, 1, 1, 0, 0, 1, 26, 0, 0, 0, 0, 0, 0, 0, 0, 0, 0, 0, 0, 0, 0, 0, 0, 13, 0, : 1, 2, 1, 1, 1, 1, 1, 1, 1, 26, 13, 
31: 1, 2, 0, 0, 1, 0, 3, 0, 0, 0, 1, 0, 0, 0, 0, 0, 0, 0, 0, 0, 2, 0, 1, 0, 0, 1, 0, 0, 0, 0, 2, 0, 0, 0, 0, 0, 4, 1, 1, 0, : 1, 2, 1, 3, 1, 2, 1, 1, 2, 4, 1, 1, 
48: 1, 0, 2, 0, 0, 1, 1, 5, 0, 4, 0, 1, 22, 0, 0, 0, 0, 0, 0, 0, 1, 0, 2, 0, 0, 0, 3, 1, 0, 0, 3, 9, 0, 0, 0, 0, 0, 1, 5, 3, : 1, 2, 1, 1, 5, 4, 1, 22, 1, 2, 3, 1, 3, 9, 1, 5, 3, 
215: 1, 0, 0, 5, 0, 0, 0, 0, 1, 0, 0, 0, 0, 0, 0, 0, 0, 1, 6, 0, 1, 0, 0, 0, 1, 1, 2, 0, 1, 0, 0, 0, 0, 0, 0, 0, 0, 1, 0, 0, : 1, 5, 1, 1, 6, 1, 1, 1, 2, 1, 1, 
186: 0, 13, 8, 1, 0, 0, 7, 0, 0, 0, 2, 0, 0, 0, 0, 0, 0, 0, 1, 4, 0, 0, 0, 0, 7, 0, 0, 0, 1, 0, 0, 0, 0, 3, 0, 0, 0, 1, 0, 0, : 13, 8, 1, 7, 2, 1, 4, 7, 1, 3, 1, 
241: 0, 0, 0, 2, 1, 0, 0, 0, 0, 0, 0, 0, 0, 0, 0, 1, 0, 0, 4, 1, 5, 0, 22, 0, 0, 0, 0, 0, 0, 0, 0, 2, 1, 1, 0, 3, 0, 9, 1, 0, : 2, 1, 1, 4, 1, 5, 22, 2, 1, 1, 3, 9, 1, 
205: 0, 0, 0, 1, 1, 0, 0, 0, 0, 0, 0, 0, 0, 1, 0, 0, 10, 1, 0, 0, 0, 0, 0, 19, 2, 0, 0, 0, 1, 0, 3, 0, 1, 0, 1, 0, 0, 0, 0, 1, : 1, 1, 1, 10, 1, 19, 2, 1, 3, 1, 1, 1, 


90: 0, 0, 0, 0, 0, 21, 1, 0, 1, 0, 10, 0, 0, 1, 3, 1, 2, 0, 0, 3, 3, 1, 0, 10, 1, 0, 4, 0, 0, 12, 0, 4, 0, 1, 6, 7, 4, 0, 29, 0, : 21, 1, 1, 10, 1, 3, 1, 2, 3, 3, 1, 10, 1, 4, 12, 4, 1, 6, 7, 4, 29, 
236: 1, 1, 0, 3, 0, 0, 0, 0, 0, 0, 0, 0, 0, 0, 0, 0, 0, 0, 0, 0, 1, 4, 0, 0, 1, 1, 0, 0, 0, 0, 3, 0, 0, 7, 0, 2, 12, 0, 0, 0, : 1, 1, 3, 1, 4, 1, 1, 3, 7, 2, 12, 
62: 4, 0, 0, 1, 0, 0, 0, 8, 0, 0, 0, 14, 1, 0, 0, 0, 0, 1, 2, 0, 0, 2, 0, 1, 3, 0, 1, 1, 0, 1, 0, 0, 0, 0, 1, 0, 1, 0, 0, 0, : 4, 1, 8, 14, 1, 1, 2, 2, 1, 3, 1, 1, 1, 1, 1, 
269: 0, 0, 0, 0, 0, 0, 0, 1, 0, 0, 0, 1, 0, 0, 0, 1, 0, 0, 2, 0, 1, 0, 0, 0, 0, 0, 0, 0, 1, 0, 0, 0, 0, 0, 0, 5, 1, 0, 0, 2, : 1, 1, 1, 2, 1, 1, 5, 1, 2, 
4: 1, 0, 1, 0, 3, 0, 0, 1, 1, 11, 0, 0, 0, 0, 2, 0, 0, 1, 1, 9, 1, 1, 0, 1, 0, 0, 4, 3, 0, 1, 1, 0, 2, 1, 0, 2, 0, 0, 0, 0, : 1, 1, 3, 1, 1, 11, 2, 1, 1, 9, 1, 1, 1, 4, 3, 1, 1, 2, 1, 2, 
280: 1, 0, 2, 0, 0, 0, 0, 2, 1, 0, 0, 0, 0, 0, 0, 0, 0, 0, 0, 1, 0, 8, 0, 0, 0, 3, 1, 0, 0, 7, 1, 0, 1, 0, 1, 0, 0, 0, 0, 0, : 1, 2, 2, 1, 1, 8, 3, 1, 7, 1, 1, 1, 
202: 1, 0, 0, 0, 0, 0, 0, 0, 7, 0, 0, 0, 1, 23, 0, 7, 0, 30, 0, 0, 0, 0, 0, 0, 0, 0, 1, 0, 8, 0, 0, 0, 0, 1, 0, 0, 4, 1, 0, 0, : 1, 7, 1, 23, 7, 30, 1, 8, 1, 4, 1, 
84: 1, 0, 22, 8, 1, 0, 0, 4, 0, 0, 1, 0, 0, 0, 0, 0, 0, 0, 0, 1, 0, 1, 0, 0, 0, 1, 1, 0, 0, 0, 15, 0, 7, 0, 0, 0, 0, 0, 0, 0, : 1, 22, 8, 1, 4, 1, 1, 1, 1, 1, 15, 7, 
95: 3, 0, 0, 0, 0, 0, 0, 1, 2, 0, 0, 0, 2, 0, 0, 0, 4, 0, 1, 1, 1, 1, 0, 8, 0, 0, 0, 0, 0, 0, 0, 1, 0, 1, 1, 1, 1, 20, 0, 1, : 3, 1, 2, 2, 4, 1, 1, 1, 1, 8, 1, 1, 1, 1, 1, 20, 1, 
213: 1, 0, 0, 0, 0, 1, 0, 1, 3, 0, 0, 0, 0, 0, 0, 1, 0, 3, 0, 4, 0, 0, 0, 0, 0, 0, 0, 0, 3, 1, 0, 0, 0, 0, 0, 0, 1, 0, 0, 0, : 1, 1, 1, 3, 1, 3, 4, 3, 1, 1, 
167: 0, 0, 1, 0, 0, 0, 0, 0, 0, 0, 23, 0, 1, 0, 0, 0, 1, 0, 5, 1, 0, 1, 0, 0, 0, 0, 0, 0, 0, 0, 2, 0, 1, 0, 4, 0, 1, 0, 0, 0, : 1, 23, 1, 1, 5, 1, 1, 2, 1, 4, 1, 
267: 0, 0, 0, 0, 0, 1, 0, 3, 1, 0, 0, 0, 1, 0, 0, 14, 0, 0, 0, 0, 0, 0, 0, 0, 0, 1, 4, 0, 2, 0, 2, 0, 1, 0, 0, 3, 2, 0, 0, 0, : 1, 3, 1, 1, 14, 1, 4, 2, 2, 1, 3, 2, 
61: 12, 12, 0, 0, 0, 0, 0, 0, 0, 0, 0, 0, 0, 0, 0, 1, 0, 0, 0, 0, 0, 0, 0, 0, 2, 0, 11, 0, 0, 0, 9, 0, 0, 1, 1, 0, 1, 0, 1, 0, : 12, 12, 1, 2, 11, 9, 1, 1, 1, 1, 
140: 1, 0, 3, 0, 0, 0, 7, 0, 0, 0, 0, 1, 8, 0, 1, 0, 0, 3, 0, 6, 2, 4, 1, 3, 0, 0, 1, 0, 0, 0, 2, 1, 0, 0, 4, 1, 1, 0, 0, 0, : 1, 3, 7, 1, 8, 1, 3, 6, 2, 4, 1, 3, 1, 2, 1, 4, 1, 1, 
185: 1, 0, 1, 0, 2, 0, 5, 0, 2, 0, 2, 0, 0, 0, 0, 2, 0, 0, 0, 0, 16, 0, 0, 0, 1, 0, 0, 0, 0, 1, 0, 0, 9, 1, 2, 0, 2, 0, 0, 0, : 1, 1, 2, 5, 2, 2, 2, 16, 1, 1, 9, 1, 2, 2, 
132: 0, 1, 0, 0, 1, 0, 2, 1, 0, 0, 0, 0, 4, 14, 0, 3, 0, 0, 0, 0, 0, 3, 0, 6, 0, 0, 0, 2, 0, 0, 3, 0, 0, 1, 11, 16, 0, 0, 0, 0, : 1, 1, 2, 1, 4, 14, 3, 3, 6, 2, 3, 1, 11, 16, 
237: 0, 0, 1, 3, 1, 0, 0, 0, 0, 0, 0, 0, 3, 1, 0, 0, 0, 0, 0, 1, 4, 1, 0, 0, 0, 0, 0, 0, 0, 0, 2, 0, 0, 0, 0, 0, 0, 19, 0, 0, : 1, 3, 1, 3, 1, 1, 4, 1, 2, 19, 
161: 0, 0, 2, 1, 1, 0, 0, 0, 0, 0, 0, 0, 2, 0, 1, 1, 0, 1, 0, 2, 0, 1, 0, 0, 0, 2, 1, 0, 0, 0, 0, 0, 0, 0, 0, 2, 0, 0, 0, 1, : 2, 1, 1, 2, 1, 1, 1, 2, 1, 2, 1, 2, 1, 
232: 3, 0, 0, 0, 2, 0, 1, 2, 2, 0, 0, 0, 0, 0, 1, 0, 1, 0, 0, 0, 0, 1, 0, 0, 0, 15, 0, 0, 0, 0, 0, 0, 0, 1, 1, 0, 0, 0, 10, 0, : 3, 2, 1, 2, 2, 1, 1, 1, 15, 1, 1, 10, 
10: 0, 8, 1, 0, 1, 17, 3, 1, 4, 0, 0, 0, 0, 0, 1, 0, 1, 0, 0, 3, 0, 0, 29, 1, 1, 1, 0, 0, 0, 1, 0, 0, 0, 1, 2, 0, 0, 0, 0, 0, : 8, 1, 1, 17, 3, 1, 4, 1, 1, 3, 29, 1, 1, 1, 1, 1, 2, 
110: 1, 0, 0, 1, 0, 0, 0, 1, 1, 0, 1, 1, 0, 1, 1, 1, 0, 1, 0, 2, 0, 1, 1, 7, 11, 0, 0, 0, 2, 0, 0, 0, 0, 5, 0, 0, 0, 0, 0, 0, : 1, 1, 1, 1, 1, 1, 1, 1, 1, 1, 2, 1, 1, 7, 11, 2, 5, 
262: 1, 2, 0, 0, 8, 0, 13, 7, 0, 29, 0, 0, 0, 0, 0, 0, 0, 0, 3, 0, 0, 1, 0, 1, 0, 0, 0, 33, 1, 1, 0, 29, 1, 1, 0, 0, 1, 0, 0, 1, : 1, 2, 8, 13, 7, 29, 3, 1, 1, 33, 1, 1, 29, 1, 1, 1, 1, 
133: 1, 1, 0, 0, 0, 0, 0, 1, 1, 0, 0, 0, 0, 0, 0, 0, 0, 0, 0, 0, 0, 1, 7, 0, 1, 0, 1, 0, 20, 3, 0, 0, 2, 4, 2, 0, 0, 0, 0, 0, : 1, 1, 1, 1, 1, 7, 1, 1, 20, 3, 2, 4, 2, 
46: 0, 5, 0, 1, 0, 0, 1, 1, 1, 0, 1, 0, 0, 0, 0, 0, 0, 0, 16, 0, 0, 5, 0, 0, 0, 0, 0, 0, 1, 0, 0, 0, 0, 1, 0, 0, 0, 0, 0, 0, : 5, 1, 1, 1, 1, 1, 16, 5, 1, 1, 
170: 2, 0, 0, 16, 0, 0, 0, 1, 10, 0, 0, 1, 0, 0, 2, 0, 0, 0, 0, 0, 1, 0, 1, 0, 0, 1, 1, 0, 0, 1, 0, 5, 0, 3, 0, 0, 0, 0, 0, 2, : 2, 16, 1, 10, 1, 2, 1, 1, 1, 1, 1, 5, 3, 2, 
263: 0, 0, 0, 0, 6, 0, 0, 0, 1, 0, 0, 0, 5, 0, 12, 7, 0, 0, 10, 0, 0, 0, 0, 0, 0, 1, 0, 1, 2, 0, 0, 0, 0, 1, 1, 0, 0, 0, 0, 0, : 6, 1, 5, 12, 7, 10, 1, 1, 2, 1, 1, 
162: 1, 0, 0, 0, 4, 0, 0, 2, 0, 0, 1, 0, 0, 0, 0, 0, 0, 0, 0, 1, 1, 3, 1, 0, 19, 0, 0, 0, 0, 0, 0, 0, 16, 0, 0, 0, 6, 0, 0, 33, : 1, 4, 2, 1, 1, 1, 3, 1, 19, 16, 6, 33, 
179: 1, 0, 5, 0, 0, 0, 0, 0, 1, 0, 0, 0, 12, 0, 0, 0, 0, 0, 0, 0, 5, 0, 0, 1, 0, 0, 9, 0, 0, 11, 0, 0, 0, 0, 0, 0, 0, 0, 0, 0, : 1, 5, 1, 12, 5, 1, 9, 11, 
79: 2, 0, 1, 0, 0, 0, 0, 1, 1, 0, 0, 5, 0, 0, 0, 0, 0, 0, 0, 4, 4, 0, 0, 0, 0, 2, 0, 0, 0, 0, 0, 0, 0, 0, 0, 1, 0, 0, 0, 0, : 2, 1, 1, 1, 5, 4, 4, 2, 1, 
38: 1, 10, 0, 6, 10, 0, 7, 1, 0, 0, 1, 17, 0, 0, 16, 1, 31, 0, 0, 1, 0, 0, 0, 1, 0, 12, 0, 0, 0, 0, 0, 0, 0, 9, 3, 0, 2, 0, 0, 0, : 1, 10, 6, 10, 7, 1, 1, 17, 16, 1, 31, 1, 1, 12, 9, 3, 2, 


