
40
30
40
1

18: 0, 0, 4, 4, 0, 0, 1, 0, 0, 1, 1, 0, 8, 1, 0, 0, 0, 3, 0, 1, 0, 0, 0, 0, 1, 0, 0, 0, 0, 0, 1, 19, 0, 0, 2, 3, 0, 0, 0, 0, : 4, 4, 1, 1, 1, 8, 1, 3, 1, 1, 1, 19, 2, 3, 
27: 0, 0, 8, 0, 1, 0, 5, 0, 0, 0, 6, 0, 0, 10, 0, 0, 0, 0, 0, 8, 0, 1, 1, 0, 0, 0, 1, 0, 2, 0, 0, 0, 0, 1, 0, 2, 0, 0, 0, 0, : 8, 1, 5, 6, 10, 8, 1, 1, 1, 2, 1, 2, 
16: 0, 0, 0, 0, 1, 0, 0, 0, 0, 1, 3, 1, 2, 0, 0, 4, 0, 1, 0, 1, 1, 0, 0, 0, 0, 0, 7, 0, 1, 12, 0, 2, 0, 1, 4, 1, 0, 0, 0, 0, : 1, 1, 3, 1, 2, 4, 1, 1, 1, 7, 1, 12, 2, 1, 4, 1, 
3: 0, 3, 1, 0, 2, 1, 3, 0, 3, 1, 0, 1, 3, 3, 0, 0, 0, 0, 0, 1, 0, 0, 2, 0, 0, 0, 3, 0, 0, 0, 0, 0, 0, 0, 1, 1, 0, 0, 0, 2, : 3, 1, 2, 1, 3, 3, 1, 1, 3, 3, 1, 2, 3, 1, 1, 2, 
22: 0, 1, 0, 0, 0, 0, 0, 1, 0, 1, 1, 0, 0, 0, 0, 1, 0, 0, 0, 0, 2, 1, 3, 4, 9, 0, 6, 0, 0, 0, 1, 0, 7, 0, 1, 0, 0, 0, 0, 0, : 1, 1, 1, 1, 1, 2, 1, 3, 4, 9, 6, 1, 7, 1, 
17: 0, 1, 2, 0, 0, 0, 8, 1, 0, 8, 0, 2, 7, 0, 0, 0, 0, 5, 0, 0, 4, 0, 0, 1, 1, 0, 0, 0, 0, 6, 0, 0, 0, 0, 0, 0, 0, 0, 0, 0, : 1, 2, 8, 1, 8, 2, 7, 5, 4, 1, 1, 6, 
23: 3, 0, 1, 7, 1, 0, 0, 0, 0, 0, 0, 0, 0, 0, 1, 1, 0, 1, 13, 0, 0, 0, 0, 2, 0, 0, 1, 0, 0, 0, 1, 0, 0, 1, 0, 0, 0, 0, 1, 2, : 3, 1, 7, 1, 1, 1, 1, 13, 2, 1, 1, 1, 1, 2, 
24: 0, 0, 0, 2, 1, 0, 0, 0, 0, 1, 0, 0, 0, 2, 1, 1, 5, 0, 0, 7, 0, 0, 0, 0, 0, 0, 1, 0, 2, 0, 4, 0, 0, 0, 3, 0, 8, 0, 2, 4, : 2, 1, 1, 2, 1, 1, 5, 7, 1, 2, 4, 3, 8, 2, 4, 
15: 0, 4, 0, 0, 0, 0, 0, 0, 36, 2, 0, 0, 9, 0, 6, 16, 0, 0, 1, 0, 0, 0, 0, 8, 0, 0, 1, 0, 0, 0, 1, 8, 0, 9, 0, 0, 0, 1, 0, 0, : 4, 36, 2, 9, 6, 16, 1, 8, 1, 1, 8, 9, 1, 
30: 0, 1, 1, 0, 17, 0, 0, 0, 0, 1, 0, 1, 2, 0, 0, 1, 0, 0, 0, 2, 0, 0, 0, 0, 0, 1, 1, 0, 0, 0, 0, 0, 1, 0, 0, 0, 0, 0, 0, 3, : 1, 1, 17, 1, 1, 2, 1, 2, 1, 1, 1, 3, 
21: 0, 8, 0, 3, 0, 0, 0, 3, 0, 2, 0, 1, 0, 0, 0, 1, 8, 0, 0, 0, 0, 0, 3, 0, 0, 1, 0, 0, 0, 0, 0, 0, 0, 1, 0, 1, 0, 0, 1, 0, : 8, 3, 3, 2, 1, 1, 8, 3, 1, 1, 1, 1, 
4: 0, 0, 0, 0, 1, 0, 1, 0, 0, 6, 9, 1, 2, 8, 9, 1, 0, 0, 0, 2, 1, 2, 2, 0, 0, 0, 0, 0, 0, 0, 0, 0, 1, 0, 0, 0, 0, 0, 3, 6, : 1, 1, 6, 9, 1, 2, 8, 9, 1, 2, 1, 2, 2, 1, 3, 6, 
12: 0, 0, 0, 7, 0, 2, 0, 0, 0, 2, 0, 8, 0, 0, 0, 0, 0, 0, 1, 2, 0, 1, 21, 0, 0, 0, 3, 0, 0, 0, 0, 2, 0, 0, 0, 0, 0, 1, 0, 0, : 7, 2, 2, 8, 1, 2, 1, 21, 3, 2, 1, 
7: 0, 0, 3, 0, 0, 0, 0, 1, 0, 0, 12, 0, 0, 0, 11, 1, 0, 0, 0, 3, 0, 1, 0, 0, 1, 5, 0, 0, 0, 1, 13, 0, 0, 0, 13, 0, 0, 1, 0, 0, : 3, 1, 12, 11, 1, 3, 1, 1, 5, 1, 13, 13, 1, 
26: 0, 10, 3, 5, 0, 0, 0, 0, 0, 0, 0, 0, 3, 0, 0, 0, 0, 0, 15, 1, 0, 0, 0, 0, 0, 7, 0, 0, 0, 0, 0, 0, 0, 2, 0, 0, 5, 0, 1, 9, : 10, 3, 5, 3, 15, 1, 7, 2, 5, 1, 9, 
11: 0, 0, 0, 0, 0, 0, 0, 0, 0, 0, 0, 0, 1, 0, 1, 1, 0, 0, 0, 0, 0, 12, 0, 1, 0, 5, 0, 0, 0, 0, 0, 0, 10, 1, 0, 5, 0, 0, 0, 0, : 1, 1, 1, 12, 1, 5, 10, 1, 5, 
28: 0, 0, 3, 1, 0, 0, 4, 0, 0, 2, 0, 0, 0, 1, 0, 0, 0, 9, 1, 0, 0, 0, 0, 0, 2, 0, 0, 0, 0, 0, 1, 0, 0, 0, 1, 0, 0, 19, 0, 0, : 3, 1, 4, 2, 1, 9, 1, 2, 1, 1, 19, 
20: 0, 0, 0, 5, 0, 0, 0, 0, 0, 0, 0, 17, 0, 11, 0, 2, 4, 0, 0, 2, 0, 0, 1, 0, 0, 0, 0, 13, 0, 1, 1, 0, 0, 0, 2, 14, 0, 0, 0, 5, : 5, 17, 11, 2, 4, 2, 1, 13, 1, 1, 2, 14, 5, 
5: 0, 1, 0, 4, 0, 0, 1, 3, 0, 1, 2, 4, 0, 0, 0, 0, 0, 3, 0, 4, 0, 2, 1, 0, 1, 0, 0, 0, 0, 0, 2, 1, 0, 0, 0, 0, 0, 5, 5, 0, : 1, 4, 1, 3, 1, 2, 4, 3, 4, 2, 1, 1, 2, 1, 5, 5, 
14: 0, 0, 0, 0, 1, 0, 0, 19, 0, 0, 0, 0, 0, 0, 0, 1, 0, 0, 0, 0, 0, 1, 0, 0, 0, 1, 1, 0, 2, 1, 0, 0, 0, 12, 0, 0, 0, 0, 1, 0, : 1, 19, 1, 1, 1, 1, 2, 1, 12, 1, 
29: 0, 1, 1, 0, 13, 11, 0, 0, 0, 1, 1, 1, 1, 0, 0, 1, 0, 1, 0, 0, 0, 3, 0, 0, 0, 0, 0, 0, 18, 0, 13, 0, 19, 1, 3, 9, 0, 0, 0, 0, : 1, 1, 13, 11, 1, 1, 1, 1, 1, 1, 3, 18, 13, 19, 1, 3, 9, 
1: 0, 2, 0, 0, 1, 0, 0, 1, 0, 1, 0, 1, 0, 0, 0, 0, 20, 0, 0, 0, 0, 0, 0, 3, 0, 0, 0, 0, 0, 0, 0, 0, 0, 0, 0, 0, 0, 0, 0, 0, : 2, 1, 1, 1, 1, 20, 3, 
6: 0, 2, 0, 0, 0, 0, 1, 0, 0, 1, 0, 0, 0, 0, 8, 1, 0, 0, 3, 1, 0, 12, 0, 0, 0, 15, 0, 0, 0, 4, 0, 0, 0, 0, 0, 2, 0, 12, 0, 4, : 2, 1, 1, 8, 1, 3, 1, 12, 15, 4, 2, 12, 4, 
13: 0, 0, 0, 0, 0, 9, 1, 0, 0, 1, 0, 0, 0, 0, 1, 0, 0, 0, 0, 0, 0, 0, 1, 9, 0, 3, 1, 0, 15, 0, 0, 2, 0, 0, 0, 0, 0, 0, 3, 0, : 9, 1, 1, 1, 1, 9, 3, 1, 15, 2, 3, 
8: 0, 1, 0, 0, 0, 0, 1, 0, 0, 2, 0, 0, 0, 0, 0, 1, 0, 0, 5, 3, 0, 0, 1, 0, 0, 0, 5, 0, 0, 0, 0, 0, 0, 7, 1, 0, 27, 0, 0, 0, : 1, 1, 2, 1, 5, 3, 1, 5, 7, 1, 27, 
25: 0, 0, 0, 1, 0, 17, 0, 0, 0, 2, 1, 0, 1, 0, 0, 2, 0, 0, 0, 1, 31, 1, 3, 0, 12, 0, 0, 0, 0, 0, 0, 1, 0, 2, 0, 1, 0, 0, 0, 0, : 1, 17, 2, 1, 1, 2, 1, 31, 1, 3, 12, 1, 2, 1, 
9: 21, 2, 0, 1, 1, 0, 0, 0, 0, 1, 3, 1, 0, 3, 1, 0, 0, 1, 0, 1, 0, 0, 1, 0, 0, 0, 0, 0, 0, 5, 0, 0, 0, 0, 0, 0, 0, 0, 3, 1, : 21, 2, 1, 1, 1, 3, 1, 3, 1, 1, 1, 1, 5, 3, 1, 
2: 3, 2, 13, 0, 0, 0, 13, 0, 1, 0, 0, 0, 0, 0, 0, 1, 0, 0, 0, 0, 0, 3, 0, 0, 0, 2, 6, 27, 0, 3, 0, 0, 0, 1, 7, 0, 0, 0, 0, 4, : 3, 2, 13, 13, 1, 1, 3, 2, 6, 27, 3, 1, 7, 4, 
10: 13, 1, 0, 0, 0, 0, 0, 1, 0, 1, 0, 1, 1, 0, 0, 3, 0, 4, 0, 0, 1, 0, 0, 0, 12, 0, 0, 0, 0, 7, 2, 1, 2, 1, 1, 1, 0, 1, 0, 0, : 13, 1, 1, 1, 1, 1, 3, 4, 1, 12, 7, 2, 1, 2, 1, 1, 1, 1, 
19: 0, 0, 0, 0, 0, 0, 1, 10, 0, 1, 1, 0, 0, 1, 1, 0, 3, 12, 1, 0, 0, 0, 0, 12, 1, 0, 3, 0, 0, 0, 0, 4, 0, 0, 1, 0, 0, 0, 20, 0, : 1, 10, 1, 1, 1, 1, 3, 12, 1, 12, 1, 3, 4, 1, 20, 


