
20
200
60
10

193: 1, 0, 0, 0, 6, 5, 5, 0, 0, 1, 1, 0, 0, 0, 0, 0, 0, 1, 0, 0, : 1, 6, 5, 5, 1, 1, 1, 
199: 0, 0, 1, 0, 1, 1, 1, 0, 1, 0, 1, 0, 0, 0, 4, 0, 0, 3, 0, 0, : 1, 1, 1, 1, 1, 1, 4, 3, 
23: 0, 0, 3, 2, 1, 2, 1, 0, 0, 0, 4, 0, 0, 0, 0, 0, 0, 3, 0, 2, : 3, 2, 1, 2, 1, 4, 3, 2, 
148: 0, 0, 0, 0, 5, 3, 4, 0, 0, 0, 0, 0, 0, 0, 0, 0, 0, 3, 1, 0, : 5, 3, 4, 3, 1, 
25: 0, 0, 0, 0, 4, 1, 1, 1, 50, 0, 2, 0, 0, 0, 0, 0, 0, 2, 0, 0, : 4, 1, 1, 1, 50, 2, 2, 
130: 1, 0, 0, 0, 3, 1, 4, 0, 0, 2, 5, 0, 0, 0, 2, 0, 0, 2, 0, 0, : 1, 3, 1, 4, 2, 5, 2, 2, 
188: 0, 0, 0, 0, 3, 5, 5, 2, 0, 0, 4, 0, 0, 0, 0, 5, 0, 3, 0, 1, : 3, 5, 5, 2, 4, 5, 3, 1, 
134: 0, 0, 0, 0, 4, 5, 4, 0, 4, 2, 3, 4, 2, 4, 0, 1, 52, 3, 1, 0, : 4, 5, 4, 4, 2, 3, 4, 2, 4, 1, 52, 3, 1, 
51: 0, 1, 50, 0, 2, 5, 4, 52, 4, 4, 0, 0, 3, 2, 0, 0, 0, 2, 0, 0, : 1, 50, 2, 5, 4, 52, 4, 4, 3, 2, 2, 
65: 0, 2, 2, 52, 4, 4, 5, 0, 1, 0, 4, 1, 0, 1, 0, 0, 0, 1, 0, 0, : 2, 2, 52, 4, 4, 5, 1, 4, 1, 1, 1, 
72: 50, 0, 0, 0, 1, 3, 4, 1, 0, 0, 2, 55, 0, 0, 0, 0, 0, 5, 1, 0, : 50, 1, 3, 4, 1, 2, 55, 5, 1, 
135: 0, 0, 2, 0, 3, 4, 1, 0, 0, 1, 5, 0, 0, 0, 0, 0, 0, 5, 0, 0, : 2, 3, 4, 1, 1, 5, 5, 
103: 0, 0, 0, 0, 1, 1, 1, 0, 0, 0, 3, 0, 0, 0, 1, 0, 2, 2, 0, 0, : 1, 1, 1, 3, 1, 2, 2, 
107: 0, 0, 0, 2, 1, 1, 1, 0, 0, 0, 5, 0, 55, 0, 0, 54, 0, 3, 5, 0, : 2, 1, 1, 1, 5, 55, 54, 3, 5, 
88: 0, 52, 0, 0, 4, 0, 3, 0, 0, 0, 1, 0, 0, 0, 0, 0, 3, 1, 2, 1, : 52, 4, 3, 1, 3, 1, 2, 1, 
141: 1, 0, 0, 0, 5, 4, 2, 0, 0, 0, 5, 0, 0, 0, 1, 0, 0, 5, 0, 0, : 1, 5, 4, 2, 5, 1, 5, 
74: 0, 0, 2, 4, 2, 3, 5, 0, 0, 0, 2, 0, 0, 0, 0, 0, 2, 1, 50, 0, : 2, 4, 2, 3, 5, 2, 2, 1, 50, 
116: 4, 0, 0, 0, 4, 4, 1, 0, 0, 50, 3, 0, 0, 0, 52, 0, 1, 5, 0, 51, : 4, 4, 4, 1, 50, 3, 52, 1, 5, 51, 
126: 0, 0, 0, 0, 1, 5, 3, 1, 0, 0, 5, 0, 0, 0, 0, 0, 0, 5, 0, 0, : 1, 5, 3, 1, 5, 5, 
166: 3, 5, 0, 0, 5, 3, 5, 3, 0, 0, 5, 0, 0, 53, 0, 0, 0, 5, 0, 5, : 3, 5, 5, 3, 5, 3, 5, 53, 5, 5, 


125: 1, 0, 0, 0, 0, 4, 0, 0, 0, 0, 0, 3, 1, 4, 0, 2, 0, 1, 0, 0, : 1, 4, 3, 1, 4, 2, 1, 
43: 3, 0, 0, 0, 0, 0, 1, 0, 0, 53, 0, 3, 0, 3, 0, 0, 0, 0, 0, 0, : 3, 1, 53, 3, 3, 
106: 3, 0, 0, 5, 0, 3, 0, 0, 0, 5, 0, 4, 0, 5, 0, 0, 0, 0, 0, 0, : 3, 5, 3, 5, 4, 5, 
39: 0, 1, 0, 0, 1, 0, 0, 0, 5, 0, 2, 3, 0, 4, 0, 0, 0, 0, 4, 0, : 1, 1, 5, 2, 3, 4, 4, 
191: 2, 0, 0, 1, 0, 50, 0, 0, 0, 0, 0, 3, 3, 2, 0, 0, 55, 1, 0, 2, : 2, 1, 50, 3, 3, 2, 55, 1, 2, 
189: 4, 0, 0, 3, 0, 0, 0, 4, 0, 0, 4, 4, 0, 4, 0, 2, 2, 0, 3, 0, : 4, 3, 4, 4, 4, 4, 2, 2, 3, 
186: 1, 0, 51, 0, 0, 0, 0, 0, 0, 0, 0, 1, 0, 1, 1, 0, 0, 4, 0, 0, : 1, 51, 1, 1, 1, 4, 
67: 5, 0, 4, 0, 0, 0, 3, 0, 0, 1, 0, 4, 2, 3, 0, 0, 3, 51, 0, 50, : 5, 4, 3, 1, 4, 2, 3, 3, 51, 50, 
3: 3, 0, 0, 1, 0, 1, 2, 0, 0, 0, 0, 5, 0, 4, 1, 1, 0, 0, 1, 0, : 3, 1, 1, 2, 5, 4, 1, 1, 1, 
160: 5, 0, 1, 0, 2, 0, 1, 0, 0, 0, 0, 2, 0, 2, 0, 51, 0, 0, 0, 0, : 5, 1, 2, 1, 2, 2, 51, 
187: 1, 0, 0, 0, 0, 0, 0, 0, 52, 0, 53, 2, 0, 5, 2, 0, 0, 0, 0, 0, : 1, 52, 53, 2, 5, 2, 
155: 2, 5, 0, 0, 0, 0, 2, 51, 0, 0, 0, 4, 0, 2, 0, 0, 0, 3, 0, 1, : 2, 5, 2, 51, 4, 2, 3, 1, 
119: 5, 0, 0, 0, 0, 0, 0, 0, 0, 0, 0, 2, 0, 0, 51, 0, 0, 0, 0, 0, : 5, 2, 51, 
47: 3, 0, 0, 0, 1, 0, 51, 0, 0, 0, 0, 3, 0, 4, 0, 0, 0, 0, 0, 2, : 3, 1, 51, 3, 4, 2, 
100: 2, 0, 0, 0, 0, 0, 0, 2, 0, 0, 0, 1, 0, 1, 3, 0, 0, 0, 1, 2, : 2, 2, 1, 1, 3, 1, 2, 
109: 5, 0, 0, 0, 0, 1, 0, 0, 0, 1, 0, 3, 51, 3, 0, 0, 0, 0, 0, 0, : 5, 1, 1, 3, 51, 3, 
143: 5, 0, 4, 50, 51, 0, 0, 1, 2, 0, 0, 5, 0, 3, 2, 0, 0, 0, 0, 0, : 5, 4, 50, 51, 1, 2, 5, 3, 2, 
113: 3, 0, 0, 0, 0, 0, 0, 0, 1, 0, 1, 5, 0, 3, 0, 4, 0, 0, 51, 0, : 3, 1, 1, 5, 3, 4, 51, 
195: 5, 2, 0, 0, 5, 1, 0, 2, 0, 0, 0, 2, 3, 4, 0, 0, 0, 0, 0, 3, : 5, 2, 5, 1, 2, 2, 3, 4, 3, 
177: 2, 52, 0, 0, 0, 0, 0, 0, 0, 0, 0, 1, 0, 3, 0, 0, 0, 0, 0, 0, : 2, 52, 1, 3, 


152: 2, 0, 0, 2, 8, 4, 3, 0, 1, 0, 0, 0, 0, 0, 53, 4, 0, 0, 0, 0, : 2, 2, 8, 4, 3, 1, 53, 4, 
117: 3, 0, 0, 3, 4, 1, 0, 0, 1, 2, 2, 0, 0, 0, 0, 4, 0, 0, 0, 0, : 3, 3, 4, 1, 1, 2, 2, 4, 
56: 3, 0, 1, 3, 3, 1, 0, 0, 2, 0, 0, 0, 0, 0, 1, 2, 0, 4, 0, 54, : 3, 1, 3, 3, 1, 2, 1, 2, 4, 54, 
146: 4, 0, 0, 1, 2, 3, 0, 3, 2, 0, 0, 0, 2, 0, 0, 4, 3, 0, 5, 0, : 4, 1, 2, 3, 3, 2, 2, 4, 3, 5, 
75: 2, 0, 0, 3, 4, 2, 0, 0, 4, 0, 0, 2, 0, 0, 0, 1, 0, 0, 0, 0, : 2, 3, 4, 2, 4, 2, 1, 
77: 1, 0, 0, 1, 3, 2, 55, 0, 4, 0, 0, 0, 0, 0, 0, 4, 52, 0, 0, 5, : 1, 1, 3, 2, 55, 4, 4, 52, 5, 
101: 1, 0, 0, 3, 4, 6, 0, 0, 0, 4, 0, 0, 1, 0, 0, 2, 0, 1, 0, 0, : 1, 3, 4, 6, 4, 1, 2, 1, 
175: 3, 0, 50, 1, 3, 2, 0, 0, 5, 0, 0, 51, 0, 0, 0, 1, 0, 0, 0, 0, : 3, 50, 1, 3, 2, 5, 51, 1, 
29: 1, 51, 0, 5, 1, 4, 0, 0, 5, 0, 0, 1, 0, 0, 0, 5, 0, 0, 55, 0, : 1, 51, 5, 1, 4, 5, 1, 5, 55, 
7: 5, 0, 0, 5, 5, 3, 0, 0, 5, 0, 1, 1, 0, 0, 1, 1, 0, 0, 0, 0, : 5, 5, 5, 3, 5, 1, 1, 1, 1, 
171: 1, 0, 0, 5, 1, 3, 1, 0, 2, 0, 1, 1, 0, 5, 0, 5, 5, 0, 0, 1, : 1, 5, 1, 3, 1, 2, 1, 1, 5, 5, 5, 1, 
156: 1, 0, 0, 3, 2, 1, 0, 53, 5, 0, 2, 0, 0, 0, 0, 3, 0, 0, 0, 0, : 1, 3, 2, 1, 53, 5, 2, 3, 
159: 4, 4, 0, 2, 1, 1, 0, 3, 1, 0, 0, 0, 3, 0, 0, 3, 0, 0, 0, 0, : 4, 4, 2, 1, 1, 3, 1, 3, 3, 
90: 1, 4, 0, 4, 2, 1, 0, 0, 2, 3, 51, 0, 0, 0, 0, 1, 0, 0, 0, 0, : 1, 4, 4, 2, 1, 2, 3, 51, 1, 
182: 4, 0, 4, 4, 5, 6, 0, 0, 5, 0, 1, 1, 0, 0, 0, 2, 0, 0, 0, 0, : 4, 4, 4, 5, 6, 5, 1, 1, 2, 
20: 1, 1, 0, 2, 4, 4, 0, 1, 2, 0, 2, 3, 0, 0, 4, 5, 0, 0, 0, 0, : 1, 1, 2, 4, 4, 1, 2, 2, 3, 4, 5, 
97: 8, 0, 0, 1, 5, 3, 0, 0, 5, 51, 0, 0, 54, 55, 0, 4, 0, 0, 0, 0, : 8, 1, 5, 3, 5, 51, 54, 55, 4, 
6: 9, 0, 0, 1, 1, 5, 0, 0, 5, 0, 0, 0, 0, 0, 1, 4, 0, 51, 0, 0, : 9, 1, 1, 5, 5, 1, 4, 51, 
136: 4, 0, 5, 2, 1, 4, 0, 0, 2, 0, 0, 0, 0, 0, 0, 4, 0, 4, 0, 0, : 4, 5, 2, 1, 4, 2, 4, 4, 
44: 2, 0, 0, 9, 1, 4, 1, 0, 2, 0, 0, 0, 0, 0, 0, 1, 0, 0, 0, 0, : 2, 9, 1, 4, 1, 2, 1, 


28: 0, 1, 0, 3, 0, 0, 0, 0, 1, 0, 0, 2, 1, 0, 4, 0, 0, 0, 2, 0, : 1, 3, 1, 2, 1, 4, 2, 
42: 0, 0, 3, 0, 0, 0, 0, 0, 0, 0, 2, 52, 4, 0, 3, 0, 1, 0, 1, 0, : 3, 2, 52, 4, 3, 1, 1, 
79: 0, 0, 2, 0, 3, 0, 0, 0, 0, 0, 0, 0, 1, 0, 4, 0, 0, 0, 2, 0, : 2, 3, 1, 4, 2, 
62: 0, 0, 3, 0, 51, 0, 0, 0, 2, 0, 0, 0, 1, 0, 1, 0, 0, 0, 3, 0, : 3, 51, 2, 1, 1, 3, 
158: 0, 1, 2, 0, 0, 0, 0, 0, 0, 2, 54, 2, 5, 0, 4, 0, 0, 0, 5, 1, : 1, 2, 2, 54, 2, 5, 4, 5, 1, 
194: 0, 0, 4, 51, 0, 0, 4, 0, 0, 4, 0, 0, 1, 0, 5, 0, 0, 0, 5, 54, : 4, 51, 4, 4, 1, 5, 5, 54, 
174: 51, 51, 3, 0, 0, 2, 0, 5, 0, 0, 0, 0, 5, 0, 4, 0, 0, 1, 1, 0, : 51, 51, 3, 2, 5, 5, 4, 1, 1, 
59: 0, 1, 3, 0, 0, 0, 0, 0, 0, 0, 0, 0, 1, 4, 2, 0, 3, 0, 2, 0, : 1, 3, 1, 4, 2, 3, 2, 
154: 0, 0, 0, 0, 0, 0, 0, 3, 0, 0, 1, 0, 1, 0, 3, 1, 0, 0, 4, 4, : 3, 1, 1, 3, 1, 4, 4, 
30: 0, 0, 2, 0, 0, 0, 52, 0, 4, 4, 0, 0, 5, 0, 2, 0, 0, 53, 1, 0, : 2, 52, 4, 4, 5, 2, 53, 1, 
22: 0, 0, 5, 0, 0, 0, 0, 0, 52, 0, 0, 0, 3, 0, 2, 0, 0, 1, 5, 0, : 5, 52, 3, 2, 1, 5, 
27: 0, 5, 3, 0, 0, 0, 0, 0, 0, 50, 0, 3, 5, 1, 2, 0, 0, 0, 5, 0, : 5, 3, 50, 3, 5, 1, 2, 5, 
58: 0, 1, 1, 3, 0, 0, 0, 1, 0, 0, 0, 0, 1, 52, 4, 1, 0, 5, 1, 0, : 1, 1, 3, 1, 1, 52, 4, 1, 5, 1, 
18: 0, 0, 5, 0, 1, 0, 0, 0, 1, 0, 1, 0, 1, 0, 3, 0, 0, 0, 2, 0, : 5, 1, 1, 1, 1, 3, 2, 
149: 0, 0, 5, 0, 0, 0, 0, 0, 0, 0, 0, 0, 4, 3, 5, 0, 0, 0, 3, 0, : 5, 4, 3, 5, 3, 
173: 0, 0, 2, 3, 0, 0, 2, 0, 0, 0, 0, 0, 5, 0, 2, 3, 4, 0, 4, 1, : 2, 3, 2, 5, 2, 3, 4, 4, 1, 
110: 5, 0, 5, 0, 3, 0, 2, 1, 0, 0, 0, 0, 5, 0, 5, 0, 0, 0, 4, 0, : 5, 5, 3, 2, 1, 5, 5, 4, 
68: 4, 0, 2, 0, 2, 55, 0, 0, 0, 0, 0, 0, 3, 0, 1, 55, 0, 0, 5, 0, : 4, 2, 2, 55, 3, 1, 55, 5, 
144: 0, 0, 5, 0, 0, 1, 0, 0, 0, 0, 0, 1, 3, 0, 1, 0, 2, 0, 2, 0, : 5, 1, 1, 3, 1, 2, 2, 
16: 0, 0, 5, 0, 0, 2, 0, 50, 0, 0, 2, 0, 5, 0, 3, 0, 50, 0, 3, 0, : 5, 2, 50, 2, 5, 3, 50, 3, 


165: 0, 0, 1, 0, 0, 1, 3, 0, 0, 0, 5, 0, 0, 0, 0, 0, 0, 4, 0, 0, : 1, 1, 3, 5, 4, 
64: 5, 55, 0, 0, 0, 5, 5, 1, 0, 0, 3, 0, 0, 0, 5, 5, 5, 0, 0, 0, : 5, 55, 5, 5, 1, 3, 5, 5, 5, 
178: 0, 0, 3, 0, 0, 5, 1, 0, 0, 2, 1, 0, 50, 3, 51, 3, 0, 0, 0, 0, : 3, 5, 1, 2, 1, 50, 3, 51, 3, 
140: 0, 0, 0, 0, 0, 4, 1, 0, 0, 0, 0, 1, 0, 0, 0, 0, 0, 0, 0, 0, : 4, 1, 1, 
35: 1, 0, 0, 0, 2, 4, 5, 0, 0, 0, 4, 0, 0, 0, 0, 0, 0, 0, 0, 1, : 1, 2, 4, 5, 4, 1, 
176: 0, 0, 0, 0, 50, 2, 2, 0, 0, 0, 4, 0, 0, 0, 0, 0, 0, 0, 0, 0, : 50, 2, 2, 4, 
170: 0, 0, 0, 55, 0, 1, 3, 53, 52, 0, 4, 3, 0, 0, 0, 0, 0, 0, 1, 0, : 55, 1, 3, 53, 52, 4, 3, 1, 
105: 0, 0, 0, 0, 0, 2, 2, 0, 0, 52, 3, 0, 0, 2, 0, 52, 0, 0, 5, 0, : 2, 2, 52, 3, 2, 52, 5, 
192: 53, 3, 0, 0, 0, 4, 4, 1, 0, 0, 0, 0, 0, 1, 0, 0, 0, 0, 0, 0, : 53, 3, 4, 4, 1, 1, 
167: 0, 2, 2, 0, 0, 2, 2, 0, 0, 0, 4, 0, 0, 0, 0, 0, 0, 0, 0, 0, : 2, 2, 2, 2, 4, 
76: 0, 0, 0, 0, 1, 1, 4, 0, 0, 0, 4, 0, 0, 0, 1, 0, 52, 55, 0, 0, : 1, 1, 4, 4, 1, 52, 55, 
142: 0, 0, 52, 0, 0, 4, 2, 0, 3, 0, 0, 0, 0, 0, 3, 0, 0, 0, 1, 5, : 52, 4, 2, 3, 3, 1, 5, 
87: 0, 0, 0, 0, 1, 1, 3, 0, 0, 0, 3, 1, 0, 0, 0, 0, 0, 0, 0, 0, : 1, 1, 3, 3, 1, 
36: 0, 0, 0, 0, 1, 2, 3, 4, 0, 4, 4, 51, 5, 0, 0, 0, 0, 1, 51, 1, : 1, 2, 3, 4, 4, 4, 51, 5, 1, 51, 1, 
104: 0, 0, 0, 0, 0, 5, 4, 0, 0, 0, 0, 0, 0, 50, 0, 0, 0, 0, 0, 0, : 5, 4, 50, 
63: 0, 0, 0, 0, 2, 1, 4, 0, 0, 2, 5, 1, 0, 0, 0, 0, 3, 0, 2, 0, : 2, 1, 4, 2, 5, 1, 3, 2, 
85: 1, 0, 0, 5, 0, 4, 2, 0, 0, 0, 5, 3, 0, 2, 0, 0, 0, 0, 0, 2, : 1, 5, 4, 2, 5, 3, 2, 2, 
179: 0, 0, 0, 0, 2, 3, 5, 0, 0, 0, 5, 0, 1, 0, 0, 0, 0, 0, 0, 0, : 2, 3, 5, 5, 1, 
122: 0, 0, 0, 0, 0, 6, 2, 0, 0, 0, 3, 0, 4, 0, 0, 0, 0, 0, 0, 0, : 6, 2, 3, 4, 
48: 0, 0, 2, 0, 1, 3, 3, 1, 5, 0, 3, 0, 0, 2, 0, 0, 0, 0, 0, 51, : 2, 1, 3, 3, 1, 5, 3, 2, 51, 


93: 2, 55, 0, 0, 2, 0, 3, 0, 0, 2, 1, 0, 3, 0, 0, 0, 0, 0, 0, 0, : 2, 55, 2, 3, 2, 1, 3, 
4: 2, 0, 0, 0, 0, 0, 0, 0, 0, 5, 4, 0, 0, 0, 0, 0, 4, 0, 0, 0, : 2, 5, 4, 4, 
50: 3, 0, 50, 3, 0, 0, 0, 0, 0, 3, 5, 0, 2, 0, 0, 0, 0, 0, 0, 0, : 3, 50, 3, 3, 5, 2, 
127: 4, 0, 0, 0, 0, 50, 0, 0, 0, 4, 3, 0, 0, 0, 0, 0, 0, 54, 0, 0, : 4, 50, 4, 3, 54, 
197: 3, 0, 0, 0, 0, 1, 0, 0, 0, 3, 1, 0, 0, 0, 5, 0, 0, 5, 0, 0, : 3, 1, 3, 1, 5, 5, 
139: 5, 0, 2, 2, 0, 0, 3, 0, 1, 5, 2, 51, 0, 0, 0, 0, 0, 0, 0, 0, : 5, 2, 2, 3, 1, 5, 2, 51, 
1: 3, 0, 0, 0, 0, 4, 0, 5, 0, 5, 2, 0, 0, 0, 0, 0, 0, 0, 0, 0, : 3, 4, 5, 5, 2, 
184: 4, 0, 0, 0, 0, 0, 0, 0, 0, 5, 3, 0, 0, 0, 0, 0, 0, 0, 1, 5, : 4, 5, 3, 1, 5, 
102: 1, 0, 0, 0, 0, 2, 0, 0, 0, 2, 4, 0, 0, 0, 0, 0, 0, 0, 0, 0, : 1, 2, 2, 4, 
91: 4, 0, 0, 0, 0, 0, 0, 0, 0, 2, 3, 0, 0, 1, 5, 5, 0, 1, 1, 0, : 4, 2, 3, 1, 5, 5, 1, 1, 
86: 1, 0, 1, 0, 0, 0, 0, 1, 0, 2, 1, 1, 0, 4, 0, 0, 0, 0, 54, 0, : 1, 1, 1, 2, 1, 1, 4, 54, 
89: 5, 0, 0, 0, 0, 0, 0, 0, 0, 2, 4, 0, 0, 0, 0, 50, 2, 0, 0, 0, : 5, 2, 4, 50, 2, 
190: 2, 0, 1, 0, 0, 1, 50, 54, 1, 3, 1, 1, 0, 0, 0, 0, 1, 0, 0, 55, : 2, 1, 1, 50, 54, 1, 3, 1, 1, 1, 55, 
164: 3, 5, 0, 0, 1, 0, 0, 0, 0, 2, 2, 0, 0, 0, 0, 0, 0, 0, 1, 0, : 3, 5, 1, 2, 2, 1, 
118: 2, 0, 3, 0, 5, 0, 1, 0, 4, 4, 5, 1, 55, 0, 0, 2, 0, 0, 0, 0, : 2, 3, 5, 1, 4, 4, 5, 1, 55, 2, 
121: 1, 0, 3, 5, 0, 0, 0, 0, 0, 0, 4, 0, 0, 0, 0, 0, 0, 0, 0, 0, : 1, 3, 5, 4, 
8: 1, 0, 0, 0, 0, 2, 1, 0, 0, 3, 5, 1, 0, 0, 0, 3, 0, 0, 0, 0, : 1, 2, 1, 3, 5, 1, 3, 
145: 5, 0, 0, 0, 0, 0, 0, 0, 52, 5, 2, 5, 0, 0, 0, 0, 0, 0, 0, 0, : 5, 52, 5, 2, 5, 
40: 4, 0, 0, 50, 0, 0, 0, 0, 0, 2, 4, 0, 0, 55, 0, 0, 53, 0, 2, 0, : 4, 50, 2, 4, 55, 53, 2, 
84: 5, 0, 0, 0, 52, 0, 2, 0, 2, 1, 4, 0, 0, 0, 50, 0, 0, 0, 1, 0, : 5, 52, 2, 2, 1, 4, 50, 1, 


200: 0, 0, 1, 0, 0, 0, 0, 51, 1, 51, 0, 0, 0, 0, 0, 0, 0, 0, 0, 0, : 1, 51, 1, 51, 
147: 0, 0, 0, 0, 0, 0, 0, 0, 1, 0, 5, 3, 0, 0, 0, 3, 0, 0, 53, 4, : 1, 5, 3, 3, 53, 4, 
83: 0, 51, 0, 0, 0, 0, 0, 4, 2, 4, 4, 0, 0, 0, 0, 0, 0, 0, 2, 2, : 51, 4, 2, 4, 4, 2, 2, 
5: 0, 0, 0, 0, 0, 3, 0, 0, 3, 0, 4, 2, 0, 2, 0, 0, 0, 0, 0, 0, : 3, 3, 4, 2, 2, 
99: 0, 0, 53, 0, 51, 0, 0, 1, 3, 0, 1, 0, 52, 0, 0, 0, 0, 0, 3, 0, : 53, 51, 1, 3, 1, 52, 3, 
41: 2, 0, 0, 0, 0, 53, 1, 0, 4, 0, 5, 0, 0, 0, 0, 3, 0, 0, 0, 0, : 2, 53, 1, 4, 5, 3, 
162: 3, 0, 0, 0, 0, 0, 0, 0, 7, 0, 4, 2, 0, 0, 0, 0, 0, 0, 0, 52, : 3, 7, 4, 2, 52, 
180: 0, 0, 0, 0, 0, 4, 0, 2, 1, 0, 3, 0, 0, 50, 0, 0, 0, 2, 0, 0, : 4, 2, 1, 3, 50, 2, 
70: 0, 0, 0, 0, 1, 0, 0, 0, 2, 0, 1, 0, 0, 0, 55, 0, 0, 50, 0, 0, : 1, 2, 1, 55, 50, 
13: 0, 0, 0, 0, 0, 0, 0, 0, 3, 0, 1, 0, 0, 0, 3, 3, 0, 3, 0, 0, : 3, 1, 3, 3, 3, 
81: 5, 0, 0, 0, 0, 0, 0, 0, 4, 0, 5, 0, 0, 0, 0, 0, 0, 0, 0, 0, : 5, 4, 5, 
153: 0, 0, 0, 1, 2, 0, 5, 1, 2, 0, 3, 0, 0, 0, 0, 50, 0, 2, 0, 1, : 1, 2, 5, 1, 2, 3, 50, 2, 1, 
32: 50, 4, 0, 55, 0, 0, 0, 0, 1, 0, 1, 0, 0, 0, 0, 0, 0, 0, 0, 0, : 50, 4, 55, 1, 1, 
12: 0, 0, 0, 1, 0, 0, 0, 0, 6, 0, 1, 0, 0, 0, 0, 1, 4, 0, 0, 0, : 1, 6, 1, 1, 4, 
172: 0, 0, 2, 0, 0, 0, 0, 0, 4, 0, 1, 0, 3, 0, 0, 0, 0, 0, 0, 1, : 2, 4, 1, 3, 1, 
80: 0, 0, 0, 0, 0, 0, 54, 0, 2, 0, 3, 0, 0, 0, 0, 0, 0, 0, 0, 0, : 54, 2, 3, 
168: 0, 0, 4, 3, 4, 0, 0, 0, 3, 0, 5, 0, 4, 3, 0, 0, 55, 0, 1, 0, : 4, 3, 4, 3, 5, 4, 3, 55, 1, 
73: 0, 0, 0, 0, 0, 0, 0, 1, 4, 5, 5, 53, 1, 0, 0, 0, 0, 3, 0, 0, : 1, 4, 5, 5, 53, 1, 3, 
98: 0, 2, 0, 0, 0, 0, 0, 0, 6, 0, 3, 0, 0, 5, 0, 0, 0, 0, 0, 0, : 2, 6, 3, 5, 
9: 0, 3, 0, 0, 2, 0, 0, 0, 1, 0, 5, 0, 0, 0, 2, 0, 1, 0, 1, 0, : 3, 2, 1, 5, 2, 1, 1, 


137: 0, 0, 0, 3, 0, 5, 0, 1, 0, 0, 0, 0, 0, 0, 2, 0, 0, 0, 5, 0, : 3, 5, 1, 2, 5, 
15: 3, 0, 53, 5, 0, 0, 0, 3, 0, 0, 0, 1, 52, 0, 4, 0, 0, 0, 3, 53, : 3, 53, 5, 3, 1, 52, 4, 3, 53, 
45: 3, 0, 0, 3, 2, 2, 0, 2, 0, 0, 52, 0, 0, 3, 3, 0, 0, 0, 5, 1, : 3, 3, 2, 2, 2, 52, 3, 3, 5, 1, 
96: 0, 0, 0, 5, 0, 0, 0, 2, 0, 0, 0, 0, 0, 0, 0, 0, 0, 0, 2, 0, : 5, 2, 2, 
92: 2, 0, 4, 0, 0, 0, 0, 4, 0, 51, 1, 0, 1, 2, 2, 0, 0, 0, 5, 0, : 2, 4, 4, 51, 1, 1, 2, 2, 5, 
19: 0, 0, 0, 0, 0, 0, 0, 4, 0, 0, 0, 0, 3, 0, 5, 0, 0, 0, 2, 4, : 4, 3, 5, 2, 4, 
52: 0, 0, 1, 5, 0, 0, 1, 2, 3, 0, 0, 1, 0, 51, 1, 52, 2, 0, 1, 1, : 1, 5, 1, 2, 3, 1, 51, 1, 52, 2, 1, 1, 
95: 0, 0, 2, 5, 0, 0, 0, 1, 0, 3, 0, 0, 0, 0, 4, 0, 0, 5, 1, 0, : 2, 5, 1, 3, 4, 5, 1, 
37: 0, 0, 0, 5, 0, 0, 0, 3, 50, 4, 0, 51, 0, 1, 3, 0, 0, 50, 1, 0, : 5, 3, 50, 4, 51, 1, 3, 50, 1, 
128: 0, 0, 0, 5, 0, 0, 1, 4, 0, 0, 0, 0, 0, 0, 5, 0, 50, 2, 2, 1, : 5, 1, 4, 5, 50, 2, 2, 1, 
150: 0, 0, 0, 1, 3, 0, 0, 5, 0, 0, 2, 2, 1, 0, 0, 0, 0, 0, 4, 0, : 1, 3, 5, 2, 2, 1, 4, 
114: 52, 0, 0, 3, 0, 0, 2, 1, 0, 0, 0, 0, 0, 0, 5, 0, 1, 0, 4, 0, : 52, 3, 2, 1, 5, 1, 4, 
34: 0, 0, 0, 5, 52, 0, 0, 2, 2, 0, 4, 0, 0, 0, 1, 4, 3, 1, 4, 0, : 5, 52, 2, 2, 4, 1, 4, 3, 1, 4, 
46: 0, 0, 0, 1, 0, 0, 0, 3, 0, 2, 0, 0, 2, 0, 4, 4, 0, 0, 5, 0, : 1, 3, 2, 2, 4, 4, 5, 
94: 0, 2, 0, 0, 0, 53, 3, 4, 0, 0, 0, 0, 0, 1, 3, 0, 0, 2, 3, 0, : 2, 53, 3, 4, 1, 3, 2, 3, 
71: 0, 0, 0, 5, 0, 0, 0, 4, 3, 0, 0, 0, 0, 2, 5, 0, 1, 0, 3, 0, : 5, 4, 3, 2, 5, 1, 3, 
55: 0, 53, 0, 0, 0, 0, 0, 4, 1, 0, 0, 3, 0, 0, 5, 0, 3, 0, 3, 0, : 53, 4, 1, 3, 5, 3, 3, 
108: 0, 0, 0, 4, 0, 0, 0, 2, 0, 0, 1, 2, 1, 0, 2, 0, 0, 0, 1, 0, : 4, 2, 1, 2, 1, 2, 1, 
129: 0, 1, 0, 0, 3, 0, 0, 4, 0, 0, 0, 0, 0, 0, 3, 0, 0, 0, 3, 0, : 1, 3, 4, 3, 3, 
38: 0, 4, 0, 5, 0, 0, 53, 5, 1, 0, 0, 0, 0, 0, 3, 0, 0, 0, 3, 0, : 4, 5, 53, 5, 1, 3, 3, 


196: 2, 0, 0, 0, 0, 0, 2, 0, 1, 0, 1, 0, 0, 0, 0, 0, 0, 3, 0, 0, : 2, 2, 1, 1, 3, 
138: 4, 0, 1, 1, 0, 2, 5, 0, 0, 3, 0, 0, 1, 0, 0, 0, 0, 4, 0, 0, : 4, 1, 1, 2, 5, 3, 1, 4, 
11: 3, 54, 0, 3, 0, 0, 50, 0, 0, 0, 2, 0, 55, 0, 0, 0, 0, 4, 3, 0, : 3, 54, 3, 50, 2, 55, 4, 3, 
66: 2, 0, 0, 0, 0, 1, 0, 2, 0, 0, 4, 0, 0, 0, 1, 0, 0, 2, 0, 0, : 2, 1, 2, 4, 1, 2, 
54: 2, 0, 0, 0, 0, 1, 0, 0, 0, 0, 4, 1, 1, 1, 1, 55, 4, 3, 0, 0, : 2, 1, 4, 1, 1, 1, 1, 55, 4, 3, 
131: 4, 0, 0, 0, 0, 1, 0, 0, 0, 0, 5, 0, 0, 0, 0, 0, 4, 4, 2, 3, : 4, 1, 5, 4, 4, 2, 3, 
69: 2, 0, 0, 0, 0, 0, 0, 3, 0, 0, 3, 0, 0, 55, 0, 0, 0, 1, 53, 0, : 2, 3, 3, 55, 1, 53, 
78: 1, 0, 0, 0, 0, 0, 0, 50, 2, 55, 5, 0, 0, 4, 0, 4, 0, 5, 0, 0, : 1, 50, 2, 55, 5, 4, 4, 5, 
60: 4, 0, 0, 0, 3, 0, 0, 0, 0, 0, 1, 0, 0, 0, 0, 0, 0, 1, 0, 0, : 4, 3, 1, 1, 
82: 4, 4, 54, 2, 0, 1, 0, 0, 55, 0, 4, 0, 0, 0, 0, 0, 0, 2, 0, 0, : 4, 4, 54, 2, 1, 55, 4, 2, 
33: 5, 0, 0, 51, 2, 0, 3, 0, 0, 0, 3, 1, 0, 0, 53, 0, 50, 2, 0, 55, : 5, 51, 2, 3, 3, 1, 53, 50, 2, 55, 
132: 5, 0, 0, 0, 0, 0, 0, 0, 0, 0, 5, 0, 3, 0, 4, 0, 0, 2, 2, 0, : 5, 5, 3, 4, 2, 2, 
133: 3, 0, 0, 0, 0, 0, 0, 0, 0, 0, 2, 0, 0, 0, 0, 1, 0, 4, 0, 0, : 3, 2, 1, 4, 
123: 4, 0, 0, 0, 55, 1, 0, 0, 0, 0, 3, 0, 0, 0, 0, 0, 0, 5, 0, 0, : 4, 55, 1, 3, 5, 
17: 2, 0, 0, 2, 0, 0, 0, 0, 0, 0, 4, 3, 0, 0, 0, 0, 0, 2, 0, 0, : 2, 2, 4, 3, 2, 
53: 2, 0, 0, 0, 0, 0, 0, 0, 0, 2, 5, 0, 0, 0, 1, 0, 0, 5, 0, 0, : 2, 2, 5, 1, 5, 
61: 1, 1, 0, 1, 0, 0, 0, 0, 0, 0, 1, 0, 0, 0, 0, 0, 0, 2, 0, 0, : 1, 1, 1, 1, 2, 
185: 3, 1, 3, 0, 0, 52, 0, 5, 2, 0, 2, 52, 0, 0, 0, 0, 0, 1, 0, 0, : 3, 1, 3, 52, 5, 2, 2, 52, 1, 
115: 4, 0, 1, 0, 0, 0, 0, 0, 0, 0, 5, 2, 0, 0, 0, 0, 0, 3, 0, 2, : 4, 1, 5, 2, 3, 2, 
57: 3, 0, 1, 0, 0, 1, 0, 0, 0, 0, 1, 1, 0, 0, 0, 0, 2, 5, 0, 0, : 3, 1, 1, 1, 1, 2, 5, 


124: 0, 0, 3, 2, 4, 1, 5, 1, 51, 3, 0, 1, 0, 0, 3, 0, 3, 1, 0, 5, : 3, 2, 4, 1, 5, 1, 51, 3, 1, 3, 3, 1, 5, 
198: 2, 0, 0, 4, 3, 2, 2, 5, 4, 0, 0, 4, 0, 0, 5, 0, 4, 5, 0, 5, : 2, 4, 3, 2, 2, 5, 4, 4, 5, 4, 5, 5, 
151: 0, 0, 0, 4, 5, 5, 3, 0, 0, 0, 0, 4, 0, 0, 3, 0, 2, 1, 0, 1, : 4, 5, 5, 3, 4, 3, 2, 1, 1, 
14: 1, 0, 3, 3, 1, 2, 3, 0, 0, 0, 5, 1, 0, 0, 3, 0, 4, 4, 0, 1, : 1, 3, 3, 1, 2, 3, 5, 1, 3, 4, 4, 1, 
183: 2, 0, 0, 4, 4, 1, 5, 0, 0, 0, 0, 4, 0, 0, 1, 4, 2, 4, 3, 3, : 2, 4, 4, 1, 5, 4, 1, 4, 2, 4, 3, 3, 
163: 2, 0, 3, 1, 4, 3, 1, 0, 0, 0, 0, 2, 0, 0, 2, 0, 3, 5, 0, 2, : 2, 3, 1, 4, 3, 1, 2, 2, 3, 5, 2, 
10: 0, 0, 51, 4, 3, 1, 3, 51, 0, 1, 0, 2, 0, 0, 5, 0, 4, 5, 0, 2, : 51, 4, 3, 1, 3, 51, 1, 2, 5, 4, 5, 2, 
26: 0, 0, 0, 1, 5, 1, 4, 0, 0, 2, 0, 1, 0, 0, 4, 0, 3, 5, 0, 3, : 1, 5, 1, 4, 2, 1, 4, 3, 5, 3, 
49: 1, 5, 0, 4, 5, 5, 3, 0, 0, 0, 5, 5, 5, 0, 4, 0, 1, 4, 0, 1, : 1, 5, 4, 5, 5, 3, 5, 5, 5, 4, 1, 4, 1, 
181: 0, 0, 0, 1, 4, 3, 5, 0, 0, 2, 0, 4, 0, 0, 1, 0, 4, 3, 0, 1, : 1, 4, 3, 5, 2, 4, 1, 4, 3, 1, 
169: 0, 0, 0, 2, 2, 2, 1, 0, 0, 0, 0, 1, 0, 0, 2, 0, 5, 3, 0, 4, : 2, 2, 2, 1, 1, 2, 5, 3, 4, 
161: 50, 0, 0, 4, 5, 3, 1, 0, 0, 0, 0, 3, 0, 0, 4, 1, 3, 4, 2, 5, : 50, 4, 5, 3, 1, 3, 4, 1, 3, 4, 2, 5, 
111: 0, 1, 0, 1, 1, 6, 4, 0, 0, 51, 0, 3, 50, 50, 1, 52, 3, 2, 0, 4, : 1, 1, 1, 6, 4, 51, 3, 50, 50, 1, 52, 3, 2, 4, 
2: 0, 0, 0, 4, 4, 3, 5, 0, 0, 0, 0, 6, 0, 5, 5, 0, 5, 1, 0, 5, : 4, 4, 3, 5, 6, 5, 5, 5, 1, 5, 
31: 0, 0, 0, 4, 1, 3, 1, 0, 0, 0, 0, 4, 0, 4, 2, 0, 2, 1, 0, 5, : 4, 1, 3, 1, 4, 4, 2, 2, 1, 5, 
24: 0, 0, 0, 3, 1, 1, 1, 3, 0, 0, 50, 4, 0, 0, 3, 0, 3, 1, 54, 1, : 3, 1, 1, 1, 3, 50, 4, 3, 3, 1, 54, 1, 
157: 1, 52, 0, 4, 0, 10, 5, 0, 5, 1, 0, 2, 0, 0, 4, 0, 5, 1, 0, 1, : 1, 52, 4, 10, 5, 5, 1, 2, 4, 5, 1, 1, 
21: 0, 2, 0, 2, 0, 5, 3, 0, 0, 0, 0, 2, 0, 0, 1, 0, 1, 4, 0, 4, : 2, 2, 5, 3, 2, 1, 1, 4, 4, 
112: 0, 0, 0, 5, 4, 1, 4, 0, 0, 0, 0, 5, 5, 0, 5, 3, 1, 3, 1, 4, : 5, 4, 1, 4, 5, 5, 5, 3, 1, 3, 1, 4, 
120: 1, 0, 0, 3, 4, 2, 1, 0, 0, 0, 0, 2, 0, 1, 2, 0, 2, 3, 0, 3, : 1, 3, 4, 2, 1, 2, 1, 2, 2, 3, 3, 


