
20
300
60
15

193: 0, 1, 0, 55, 4, 3, 1, 0, 0, 0, 0, 0, 0, 3, 0, 0, 0, 0, 2, 2, : 1, 55, 4, 3, 1, 3, 2, 2, 
234: 0, 0, 0, 0, 0, 0, 1, 0, 0, 54, 0, 2, 0, 4, 0, 0, 0, 0, 2, 5, : 1, 54, 2, 4, 2, 5, 
51: 4, 0, 0, 0, 3, 0, 0, 0, 0, 0, 4, 0, 0, 3, 1, 0, 1, 0, 5, 5, : 4, 3, 4, 3, 1, 1, 5, 5, 
158: 0, 0, 0, 1, 3, 0, 0, 4, 50, 0, 0, 1, 0, 2, 0, 0, 0, 0, 0, 2, : 1, 3, 4, 50, 1, 2, 2, 
42: 52, 0, 2, 0, 3, 0, 0, 0, 0, 1, 0, 0, 0, 3, 0, 2, 0, 0, 2, 5, : 52, 2, 3, 1, 3, 2, 2, 5, 
288: 0, 0, 0, 0, 3, 0, 0, 0, 5, 0, 0, 0, 0, 5, 0, 0, 0, 3, 0, 4, : 3, 5, 5, 3, 4, 
40: 0, 0, 51, 0, 3, 0, 1, 0, 4, 0, 0, 50, 0, 2, 1, 0, 0, 0, 4, 3, : 51, 3, 1, 4, 50, 2, 1, 4, 3, 
80: 0, 0, 0, 0, 2, 2, 0, 0, 0, 0, 0, 0, 1, 2, 0, 0, 0, 52, 3, 3, : 2, 2, 1, 2, 52, 3, 3, 
165: 1, 0, 0, 0, 4, 0, 2, 0, 0, 0, 0, 0, 0, 0, 0, 0, 0, 0, 1, 3, : 1, 4, 2, 1, 3, 
43: 0, 2, 1, 0, 4, 0, 0, 0, 0, 0, 0, 0, 52, 1, 54, 0, 0, 0, 4, 1, : 2, 1, 4, 52, 1, 54, 4, 1, 
260: 0, 0, 0, 0, 4, 0, 2, 5, 0, 0, 0, 0, 0, 2, 4, 0, 0, 0, 4, 1, : 4, 2, 5, 2, 4, 4, 1, 
94: 0, 0, 0, 0, 1, 0, 0, 0, 0, 2, 0, 0, 0, 3, 0, 55, 0, 0, 5, 1, : 1, 2, 3, 55, 5, 1, 
172: 0, 0, 1, 0, 5, 1, 0, 0, 0, 3, 1, 0, 0, 4, 0, 0, 5, 0, 2, 2, : 1, 5, 1, 3, 1, 4, 5, 2, 2, 
92: 0, 0, 0, 0, 4, 0, 0, 1, 1, 0, 0, 0, 0, 1, 0, 3, 0, 0, 5, 4, : 4, 1, 1, 1, 3, 5, 4, 
140: 2, 0, 0, 0, 2, 0, 0, 0, 0, 0, 52, 0, 0, 2, 0, 0, 0, 0, 5, 2, : 2, 2, 52, 2, 5, 2, 
99: 0, 55, 0, 1, 3, 54, 0, 0, 0, 0, 3, 0, 0, 5, 0, 0, 0, 0, 3, 5, : 55, 1, 3, 54, 3, 5, 3, 5, 
216: 1, 2, 5, 0, 2, 0, 0, 50, 0, 0, 0, 0, 0, 5, 0, 0, 54, 0, 4, 4, : 1, 2, 5, 2, 50, 5, 54, 4, 4, 
104: 0, 0, 0, 0, 4, 0, 0, 0, 0, 0, 0, 5, 4, 5, 0, 0, 0, 4, 5, 3, : 4, 5, 4, 5, 4, 5, 3, 
9: 0, 0, 0, 0, 1, 0, 53, 0, 0, 0, 0, 0, 1, 3, 0, 0, 0, 0, 3, 2, : 1, 53, 1, 3, 3, 2, 
255: 0, 0, 0, 3, 5, 0, 0, 0, 0, 0, 0, 2, 2, 5, 0, 0, 0, 1, 1, 3, : 3, 5, 2, 2, 5, 1, 1, 3, 


132: 4, 0, 1, 0, 4, 2, 0, 50, 5, 0, 1, 0, 4, 0, 0, 1, 4, 0, 1, 0, : 4, 1, 4, 2, 50, 5, 1, 4, 1, 4, 1, 
197: 2, 0, 0, 2, 7, 0, 0, 4, 3, 0, 1, 50, 2, 0, 0, 4, 4, 0, 0, 0, : 2, 2, 7, 4, 3, 1, 50, 2, 4, 4, 
125: 1, 0, 0, 0, 1, 1, 2, 2, 1, 0, 0, 0, 5, 0, 0, 3, 1, 0, 3, 0, : 1, 1, 1, 2, 2, 1, 5, 3, 1, 3, 
284: 1, 0, 0, 5, 4, 0, 5, 0, 2, 0, 0, 0, 3, 0, 1, 2, 3, 3, 0, 0, : 1, 5, 4, 5, 2, 3, 1, 2, 3, 3, 
142: 4, 55, 1, 2, 1, 0, 0, 0, 3, 2, 52, 0, 1, 0, 0, 1, 4, 0, 0, 0, : 4, 55, 1, 2, 1, 3, 2, 52, 1, 1, 4, 
171: 2, 0, 1, 0, 5, 0, 0, 0, 5, 0, 3, 3, 3, 0, 0, 1, 1, 0, 2, 0, : 2, 1, 5, 5, 3, 3, 3, 1, 1, 2, 
89: 5, 0, 0, 0, 4, 2, 0, 0, 1, 3, 0, 0, 3, 2, 0, 3, 5, 0, 0, 0, : 5, 4, 2, 1, 3, 3, 2, 3, 5, 
48: 3, 0, 0, 0, 4, 0, 0, 3, 1, 0, 0, 0, 3, 3, 2, 2, 2, 0, 0, 2, : 3, 4, 3, 1, 3, 3, 2, 2, 2, 2, 
285: 5, 0, 1, 0, 1, 0, 0, 0, 3, 0, 0, 0, 1, 0, 0, 4, 3, 0, 0, 0, : 5, 1, 1, 3, 1, 4, 3, 
60: 2, 0, 0, 0, 7, 1, 0, 0, 3, 55, 0, 0, 1, 0, 0, 3, 2, 0, 0, 0, : 2, 7, 1, 3, 55, 1, 3, 2, 
198: 2, 0, 0, 0, 1, 4, 0, 0, 5, 0, 0, 1, 1, 0, 0, 3, 5, 1, 51, 0, : 2, 1, 4, 5, 1, 1, 3, 5, 1, 51, 
100: 2, 1, 1, 50, 3, 0, 50, 0, 1, 0, 0, 1, 4, 0, 0, 3, 1, 53, 0, 0, : 2, 1, 1, 50, 3, 50, 1, 1, 4, 3, 1, 53, 
87: 3, 0, 0, 0, 3, 50, 0, 0, 2, 0, 1, 0, 4, 0, 0, 1, 2, 3, 0, 3, : 3, 3, 50, 2, 1, 4, 1, 2, 3, 3, 
242: 3, 0, 0, 0, 2, 0, 0, 0, 5, 0, 0, 1, 5, 1, 0, 5, 4, 0, 0, 3, : 3, 2, 5, 1, 5, 1, 5, 4, 3, 
103: 3, 3, 0, 0, 2, 0, 2, 0, 5, 0, 0, 0, 5, 0, 0, 5, 1, 0, 3, 0, : 3, 3, 2, 2, 5, 5, 5, 1, 3, 
263: 4, 0, 0, 1, 1, 0, 0, 1, 2, 0, 1, 0, 2, 51, 51, 4, 3, 0, 0, 52, : 4, 1, 1, 1, 2, 1, 2, 51, 51, 4, 3, 52, 
266: 2, 1, 0, 0, 1, 0, 1, 0, 4, 0, 0, 4, 4, 1, 1, 1, 5, 0, 0, 0, : 2, 1, 1, 1, 4, 4, 4, 1, 1, 1, 5, 
147: 6, 0, 1, 0, 1, 0, 0, 0, 4, 0, 1, 0, 2, 2, 0, 3, 2, 0, 0, 0, : 6, 1, 1, 4, 1, 2, 2, 3, 2, 
138: 1, 0, 0, 0, 5, 0, 0, 0, 3, 0, 0, 0, 3, 0, 5, 3, 4, 0, 0, 0, : 1, 5, 3, 3, 5, 3, 4, 
243: 5, 0, 54, 0, 3, 0, 0, 0, 2, 0, 0, 0, 4, 0, 0, 8, 4, 0, 0, 0, : 5, 54, 3, 2, 4, 8, 4, 


52: 0, 0, 0, 4, 4, 0, 0, 5, 1, 5, 0, 53, 0, 0, 0, 0, 0, 5, 0, 0, : 4, 4, 5, 1, 5, 53, 5, 
8: 0, 0, 0, 4, 2, 0, 0, 2, 5, 1, 0, 0, 0, 0, 52, 0, 0, 50, 0, 0, : 4, 2, 2, 5, 1, 52, 50, 
178: 0, 2, 0, 4, 1, 0, 0, 5, 0, 50, 0, 0, 0, 0, 0, 0, 0, 0, 52, 1, : 2, 4, 1, 5, 50, 52, 1, 
25: 0, 0, 0, 5, 3, 0, 0, 3, 0, 0, 3, 0, 0, 5, 0, 0, 0, 1, 0, 0, : 5, 3, 3, 3, 5, 1, 
20: 1, 0, 0, 1, 1, 2, 51, 5, 0, 0, 0, 0, 0, 0, 0, 0, 0, 0, 0, 0, : 1, 1, 1, 2, 51, 5, 
264: 5, 0, 53, 4, 3, 0, 0, 3, 1, 0, 0, 0, 0, 2, 0, 0, 0, 0, 0, 0, : 5, 53, 4, 3, 3, 1, 2, 
290: 0, 0, 0, 4, 2, 2, 0, 3, 0, 0, 0, 0, 0, 0, 0, 0, 0, 0, 0, 0, : 4, 2, 2, 3, 
96: 0, 50, 0, 2, 5, 4, 0, 2, 1, 0, 0, 0, 0, 0, 0, 0, 0, 3, 0, 0, : 50, 2, 5, 4, 2, 1, 3, 
189: 0, 0, 0, 4, 1, 0, 0, 1, 2, 0, 0, 3, 0, 0, 0, 3, 3, 0, 0, 0, : 4, 1, 1, 2, 3, 3, 3, 
117: 0, 0, 1, 0, 8, 0, 5, 5, 0, 0, 0, 0, 0, 0, 3, 50, 0, 0, 0, 0, : 1, 8, 5, 5, 3, 50, 
67: 1, 4, 0, 4, 4, 0, 4, 1, 0, 0, 0, 1, 4, 0, 1, 0, 0, 0, 0, 53, : 1, 4, 4, 4, 4, 1, 1, 4, 1, 53, 
64: 0, 0, 0, 1, 3, 0, 0, 5, 0, 0, 2, 3, 0, 0, 0, 0, 0, 0, 0, 0, : 1, 3, 5, 2, 3, 
53: 52, 0, 1, 2, 1, 0, 0, 5, 0, 0, 0, 0, 53, 0, 0, 0, 0, 0, 3, 0, : 52, 1, 2, 1, 5, 53, 3, 
55: 0, 0, 0, 5, 3, 0, 0, 0, 0, 0, 0, 0, 0, 0, 0, 0, 4, 0, 0, 2, : 5, 3, 4, 2, 
184: 0, 0, 5, 0, 2, 0, 0, 5, 0, 0, 0, 0, 0, 0, 0, 0, 2, 0, 3, 0, : 5, 2, 5, 2, 3, 
137: 0, 3, 0, 0, 2, 0, 0, 3, 50, 0, 54, 0, 0, 0, 0, 3, 0, 0, 0, 0, : 3, 2, 3, 50, 54, 3, 
265: 1, 0, 0, 4, 4, 1, 0, 0, 0, 1, 1, 0, 3, 0, 0, 0, 0, 0, 2, 0, : 1, 4, 4, 1, 1, 1, 3, 2, 
83: 0, 0, 0, 5, 3, 0, 0, 0, 0, 3, 0, 0, 0, 0, 0, 0, 0, 1, 0, 0, : 5, 3, 3, 1, 
212: 0, 1, 0, 5, 4, 0, 0, 4, 0, 0, 0, 0, 0, 0, 0, 1, 51, 0, 0, 0, : 1, 5, 4, 4, 1, 51, 
3: 0, 0, 0, 2, 4, 51, 0, 3, 0, 0, 0, 0, 0, 53, 4, 3, 0, 0, 0, 4, : 2, 4, 51, 3, 53, 4, 3, 4, 


134: 0, 0, 5, 5, 0, 0, 0, 1, 4, 1, 0, 0, 0, 5, 0, 0, 2, 0, 1, 0, : 5, 5, 1, 4, 1, 5, 2, 1, 
1: 0, 0, 3, 3, 0, 0, 0, 5, 5, 0, 1, 0, 54, 2, 2, 0, 50, 0, 3, 0, : 3, 3, 5, 5, 1, 54, 2, 2, 50, 3, 
98: 0, 0, 1, 0, 0, 0, 0, 5, 6, 0, 2, 4, 0, 3, 0, 0, 0, 0, 1, 0, : 1, 5, 6, 2, 4, 3, 1, 
214: 1, 0, 5, 0, 0, 0, 0, 5, 4, 0, 0, 0, 0, 2, 0, 0, 0, 0, 2, 0, : 1, 5, 5, 4, 2, 2, 
107: 0, 0, 2, 0, 0, 0, 0, 5, 1, 0, 0, 0, 0, 5, 0, 0, 0, 0, 3, 0, : 2, 5, 1, 5, 3, 
95: 1, 0, 2, 0, 53, 53, 0, 3, 3, 0, 0, 0, 0, 4, 0, 0, 0, 53, 5, 0, : 1, 2, 53, 53, 3, 3, 4, 53, 5, 
238: 0, 55, 1, 0, 1, 0, 0, 4, 3, 0, 1, 0, 0, 3, 3, 2, 0, 3, 3, 3, : 55, 1, 1, 4, 3, 1, 3, 3, 2, 3, 3, 3, 
156: 53, 1, 2, 0, 0, 5, 0, 1, 2, 1, 0, 0, 0, 1, 0, 0, 3, 0, 5, 2, : 53, 1, 2, 5, 1, 2, 1, 1, 3, 5, 2, 
277: 5, 0, 2, 0, 4, 0, 0, 5, 1, 4, 0, 0, 0, 1, 0, 0, 4, 0, 1, 0, : 5, 2, 4, 5, 1, 4, 1, 4, 1, 
230: 0, 0, 2, 1, 0, 0, 0, 3, 1, 0, 0, 0, 0, 1, 0, 3, 0, 0, 4, 0, : 2, 1, 3, 1, 1, 3, 4, 
115: 0, 0, 2, 0, 0, 0, 0, 4, 4, 50, 0, 4, 1, 2, 0, 50, 0, 0, 3, 0, : 2, 4, 4, 50, 4, 1, 2, 50, 3, 
275: 0, 0, 2, 0, 0, 0, 0, 1, 2, 0, 0, 0, 0, 1, 0, 0, 1, 0, 5, 0, : 2, 1, 2, 1, 1, 5, 
201: 0, 0, 5, 0, 2, 0, 0, 2, 1, 0, 0, 2, 0, 1, 0, 3, 0, 0, 5, 0, : 5, 2, 2, 1, 2, 1, 3, 5, 
163: 0, 2, 3, 0, 0, 0, 2, 3, 1, 4, 3, 0, 3, 5, 55, 1, 0, 0, 2, 0, : 2, 3, 2, 3, 1, 4, 3, 3, 5, 55, 1, 2, 
259: 0, 0, 5, 0, 0, 0, 0, 4, 4, 0, 0, 50, 0, 5, 0, 0, 0, 1, 3, 0, : 5, 4, 4, 50, 5, 1, 3, 
289: 0, 0, 5, 0, 0, 0, 0, 1, 2, 0, 0, 0, 1, 1, 0, 0, 0, 0, 4, 0, : 5, 1, 2, 1, 1, 4, 
177: 0, 0, 4, 0, 0, 0, 0, 1, 4, 0, 53, 0, 0, 5, 0, 0, 0, 0, 1, 0, : 4, 1, 4, 53, 5, 1, 
190: 0, 2, 4, 0, 0, 0, 55, 4, 2, 0, 0, 0, 0, 5, 0, 0, 0, 0, 2, 0, : 2, 4, 55, 4, 2, 5, 2, 
166: 0, 0, 1, 51, 0, 2, 3, 2, 5, 0, 0, 0, 0, 3, 0, 0, 0, 1, 2, 0, : 1, 51, 2, 3, 2, 5, 3, 1, 2, 
130: 0, 0, 4, 0, 0, 0, 0, 1, 5, 0, 0, 0, 1, 5, 0, 1, 0, 2, 5, 55, : 4, 1, 5, 1, 5, 1, 2, 5, 55, 


226: 1, 4, 0, 4, 1, 5, 53, 0, 0, 0, 0, 4, 0, 3, 0, 0, 0, 0, 0, 5, : 1, 4, 4, 1, 5, 53, 4, 3, 5, 
90: 2, 4, 1, 0, 3, 55, 0, 0, 2, 0, 0, 0, 0, 0, 0, 0, 0, 0, 0, 2, : 2, 4, 1, 3, 55, 2, 2, 
93: 3, 2, 0, 0, 4, 0, 0, 0, 0, 0, 0, 0, 0, 3, 0, 3, 0, 0, 0, 1, : 3, 2, 4, 3, 3, 1, 
215: 4, 2, 0, 0, 3, 0, 0, 0, 0, 4, 0, 0, 0, 0, 0, 0, 0, 0, 0, 2, : 4, 2, 3, 4, 2, 
47: 5, 1, 52, 0, 2, 0, 0, 0, 0, 0, 0, 0, 0, 0, 0, 0, 1, 0, 0, 3, : 5, 1, 52, 2, 1, 3, 
168: 3, 1, 0, 55, 5, 0, 0, 0, 2, 0, 0, 0, 55, 0, 0, 0, 0, 0, 0, 5, : 3, 1, 55, 5, 2, 55, 5, 
292: 4, 5, 0, 0, 1, 0, 0, 0, 0, 0, 3, 0, 0, 0, 0, 0, 0, 0, 0, 4, : 4, 5, 1, 3, 4, 
45: 2, 4, 0, 0, 4, 0, 5, 51, 0, 0, 0, 1, 0, 50, 1, 0, 0, 3, 0, 3, : 2, 4, 4, 5, 51, 1, 50, 1, 3, 3, 
247: 5, 5, 0, 0, 1, 0, 0, 0, 2, 0, 0, 0, 5, 0, 2, 0, 0, 0, 0, 3, : 5, 5, 1, 2, 5, 2, 3, 
79: 4, 2, 0, 0, 5, 0, 0, 0, 0, 0, 0, 0, 0, 0, 51, 0, 0, 0, 0, 2, : 4, 2, 5, 51, 2, 
225: 2, 1, 0, 0, 1, 0, 0, 0, 0, 0, 0, 0, 0, 0, 0, 2, 2, 0, 2, 5, : 2, 1, 1, 2, 2, 2, 5, 
254: 3, 5, 2, 0, 4, 0, 0, 0, 0, 0, 0, 2, 0, 0, 0, 0, 50, 0, 0, 1, : 3, 5, 2, 4, 2, 50, 1, 
4: 0, 5, 1, 0, 4, 0, 0, 0, 0, 0, 2, 0, 0, 0, 1, 3, 2, 0, 1, 2, : 5, 1, 4, 2, 1, 3, 2, 1, 2, 
211: 4, 2, 0, 0, 5, 0, 0, 3, 1, 0, 0, 0, 0, 0, 0, 0, 0, 0, 0, 4, : 4, 2, 5, 3, 1, 4, 
160: 1, 2, 0, 0, 3, 0, 0, 0, 53, 53, 52, 0, 0, 2, 0, 0, 0, 1, 0, 5, : 1, 2, 3, 53, 53, 52, 2, 1, 5, 
222: 4, 4, 4, 1, 5, 0, 0, 0, 0, 3, 3, 0, 0, 0, 0, 0, 1, 5, 50, 1, : 4, 4, 4, 1, 5, 3, 3, 1, 5, 50, 1, 
113: 5, 3, 0, 0, 3, 0, 0, 0, 0, 0, 0, 0, 0, 0, 0, 0, 0, 51, 0, 1, : 5, 3, 3, 51, 1, 
71: 3, 2, 0, 0, 1, 0, 0, 5, 0, 0, 0, 0, 0, 1, 5, 1, 0, 0, 5, 5, : 3, 2, 1, 5, 1, 5, 1, 5, 5, 
37: 2, 3, 0, 0, 3, 0, 0, 0, 0, 0, 0, 53, 0, 1, 0, 51, 0, 0, 0, 1, : 2, 3, 3, 53, 1, 51, 1, 
293: 3, 3, 0, 0, 2, 0, 2, 1, 0, 0, 0, 0, 0, 0, 0, 0, 4, 0, 2, 5, : 3, 3, 2, 2, 1, 4, 2, 5, 


297: 2, 4, 0, 0, 0, 3, 0, 5, 0, 0, 0, 0, 0, 0, 0, 0, 0, 0, 0, 0, : 2, 4, 3, 5, 
63: 0, 2, 0, 0, 0, 0, 0, 5, 0, 0, 0, 0, 1, 0, 0, 0, 0, 54, 0, 0, : 2, 5, 1, 54, 
174: 0, 3, 0, 2, 0, 0, 55, 5, 0, 0, 0, 3, 1, 3, 0, 0, 0, 0, 0, 1, : 3, 2, 55, 5, 3, 1, 3, 1, 
148: 0, 2, 0, 0, 0, 0, 0, 2, 0, 0, 0, 0, 3, 0, 0, 1, 0, 0, 0, 0, : 2, 2, 3, 1, 
267: 0, 2, 0, 0, 0, 0, 0, 1, 0, 2, 50, 0, 0, 0, 0, 5, 0, 0, 2, 0, : 2, 1, 2, 50, 5, 2, 
154: 0, 5, 0, 0, 2, 1, 0, 1, 0, 0, 4, 0, 53, 1, 0, 0, 0, 0, 0, 2, : 5, 2, 1, 1, 4, 53, 1, 2, 
30: 50, 2, 0, 0, 0, 0, 1, 2, 2, 0, 0, 0, 0, 0, 1, 0, 0, 5, 0, 0, : 50, 2, 1, 2, 2, 1, 5, 
219: 4, 3, 0, 0, 0, 2, 3, 2, 1, 0, 0, 0, 2, 0, 0, 0, 0, 0, 0, 0, : 4, 3, 2, 3, 2, 1, 2, 
213: 0, 2, 4, 0, 1, 2, 0, 1, 4, 0, 0, 0, 0, 0, 0, 0, 5, 0, 0, 0, : 2, 4, 1, 2, 1, 4, 5, 
72: 0, 1, 0, 0, 0, 0, 0, 5, 51, 1, 1, 0, 0, 3, 0, 0, 50, 0, 0, 0, : 1, 5, 51, 1, 1, 3, 50, 
81: 0, 1, 0, 5, 52, 0, 0, 3, 0, 0, 0, 0, 0, 0, 0, 1, 0, 0, 52, 1, : 1, 5, 52, 3, 1, 52, 1, 
91: 0, 2, 0, 0, 0, 0, 0, 3, 0, 0, 0, 4, 0, 0, 2, 0, 0, 0, 0, 0, : 2, 3, 4, 2, 
114: 0, 3, 0, 50, 0, 0, 0, 5, 0, 0, 0, 1, 0, 53, 0, 0, 0, 0, 1, 0, : 3, 50, 5, 1, 53, 1, 
188: 0, 3, 0, 0, 5, 0, 0, 4, 0, 55, 0, 0, 0, 0, 0, 0, 3, 0, 0, 0, : 3, 5, 4, 55, 3, 
44: 0, 5, 0, 3, 0, 0, 0, 2, 0, 0, 0, 0, 0, 0, 0, 53, 0, 0, 0, 2, : 5, 3, 2, 53, 2, 
127: 0, 4, 0, 0, 0, 0, 0, 4, 2, 0, 0, 0, 0, 0, 1, 0, 0, 0, 0, 52, : 4, 4, 2, 1, 52, 
65: 0, 4, 0, 0, 0, 52, 0, 3, 0, 0, 5, 0, 0, 0, 0, 0, 2, 1, 0, 0, : 4, 52, 3, 5, 2, 1, 
250: 4, 4, 2, 0, 0, 0, 0, 4, 0, 0, 0, 52, 0, 0, 0, 0, 0, 0, 0, 0, : 4, 4, 2, 4, 52, 
153: 0, 5, 0, 0, 0, 0, 0, 1, 0, 0, 0, 0, 0, 0, 1, 0, 0, 0, 5, 2, : 5, 1, 1, 5, 2, 
76: 0, 3, 54, 0, 0, 0, 1, 2, 0, 2, 0, 0, 0, 0, 55, 0, 0, 0, 0, 0, : 3, 54, 1, 2, 2, 55, 


108: 1, 50, 0, 0, 0, 0, 0, 5, 0, 0, 5, 0, 0, 0, 0, 0, 0, 3, 0, 0, : 1, 50, 5, 5, 3, 
296: 0, 0, 1, 0, 0, 0, 0, 0, 2, 0, 2, 0, 0, 0, 0, 0, 0, 3, 0, 0, : 1, 2, 2, 3, 
106: 0, 1, 0, 0, 0, 0, 0, 0, 5, 0, 5, 5, 0, 0, 0, 0, 0, 1, 1, 0, : 1, 5, 5, 5, 1, 1, 
36: 0, 0, 0, 5, 0, 3, 0, 0, 4, 3, 2, 0, 0, 4, 0, 2, 0, 2, 0, 0, : 5, 3, 4, 3, 2, 4, 2, 2, 
70: 54, 3, 0, 1, 3, 0, 3, 0, 1, 53, 5, 0, 0, 0, 0, 0, 51, 2, 0, 2, : 54, 3, 1, 3, 3, 1, 53, 5, 51, 2, 2, 
121: 0, 0, 0, 0, 0, 1, 0, 0, 5, 0, 5, 0, 0, 0, 0, 0, 0, 3, 0, 0, : 1, 5, 5, 3, 
19: 0, 0, 0, 0, 1, 0, 0, 0, 4, 0, 4, 0, 0, 0, 0, 0, 0, 2, 0, 0, : 1, 4, 4, 2, 
62: 0, 0, 0, 0, 0, 0, 0, 0, 4, 0, 4, 0, 0, 5, 0, 0, 0, 5, 54, 0, : 4, 4, 5, 5, 54, 
49: 0, 0, 0, 0, 0, 2, 0, 1, 4, 0, 0, 0, 1, 0, 0, 0, 2, 4, 0, 0, : 2, 1, 4, 1, 2, 4, 
112: 0, 0, 0, 0, 0, 0, 0, 0, 3, 0, 2, 1, 0, 0, 0, 0, 0, 4, 0, 0, : 3, 2, 1, 4, 
239: 0, 0, 1, 0, 0, 1, 5, 0, 4, 0, 2, 0, 0, 50, 52, 50, 4, 5, 3, 51, : 1, 1, 5, 4, 2, 50, 52, 50, 4, 5, 3, 51, 
73: 0, 0, 0, 1, 51, 0, 0, 0, 4, 2, 1, 0, 0, 0, 0, 0, 0, 4, 0, 4, : 1, 51, 4, 2, 1, 4, 4, 
102: 2, 0, 0, 1, 0, 53, 0, 0, 4, 0, 1, 0, 0, 0, 2, 0, 0, 1, 0, 1, : 2, 1, 53, 4, 1, 2, 1, 1, 
123: 0, 1, 0, 0, 0, 0, 0, 0, 3, 0, 5, 1, 3, 0, 2, 0, 0, 5, 0, 2, : 1, 3, 5, 1, 3, 2, 5, 2, 
119: 3, 0, 0, 0, 0, 0, 0, 0, 4, 1, 0, 0, 0, 0, 0, 0, 1, 3, 0, 0, : 3, 4, 1, 1, 3, 
280: 0, 0, 0, 1, 0, 0, 0, 0, 1, 0, 2, 0, 0, 0, 0, 2, 2, 3, 0, 0, : 1, 1, 2, 2, 2, 3, 
28: 0, 0, 55, 0, 5, 0, 0, 2, 1, 0, 5, 0, 0, 0, 0, 5, 0, 2, 0, 0, : 55, 5, 2, 1, 5, 5, 2, 
287: 0, 0, 0, 51, 0, 0, 0, 0, 2, 0, 5, 53, 55, 0, 4, 0, 0, 1, 0, 0, : 51, 2, 5, 53, 55, 4, 1, 
27: 0, 0, 3, 0, 0, 0, 0, 0, 5, 0, 1, 0, 1, 1, 0, 0, 0, 2, 0, 0, : 3, 5, 1, 1, 1, 2, 
110: 0, 5, 0, 0, 0, 0, 52, 52, 0, 1, 4, 0, 0, 0, 0, 1, 0, 5, 2, 0, : 5, 52, 52, 1, 4, 1, 5, 2, 


251: 0, 1, 0, 0, 1, 0, 0, 0, 4, 3, 0, 0, 0, 0, 0, 1, 0, 0, 1, 3, : 1, 1, 4, 3, 1, 1, 3, 
157: 0, 0, 0, 0, 0, 0, 53, 0, 3, 0, 0, 0, 0, 0, 3, 4, 1, 0, 4, 4, : 53, 3, 3, 4, 1, 4, 4, 
191: 0, 0, 0, 0, 0, 0, 0, 1, 5, 3, 0, 0, 0, 0, 4, 3, 0, 0, 3, 4, : 1, 5, 3, 4, 3, 3, 4, 
244: 0, 0, 1, 1, 0, 4, 1, 0, 1, 2, 51, 1, 0, 0, 2, 4, 4, 0, 4, 2, : 1, 1, 4, 1, 1, 2, 51, 1, 2, 4, 4, 4, 2, 
248: 0, 0, 0, 0, 0, 0, 0, 2, 4, 5, 0, 2, 55, 0, 4, 3, 0, 3, 3, 2, : 2, 4, 5, 2, 55, 4, 3, 3, 3, 2, 
24: 50, 0, 0, 0, 0, 0, 0, 0, 4, 4, 4, 0, 0, 0, 4, 5, 0, 50, 1, 2, : 50, 4, 4, 4, 4, 5, 50, 1, 2, 
34: 0, 0, 0, 53, 0, 0, 1, 4, 0, 3, 0, 0, 0, 54, 1, 3, 0, 0, 1, 4, : 53, 1, 4, 3, 54, 1, 3, 1, 4, 
82: 3, 0, 3, 1, 0, 1, 0, 2, 3, 3, 0, 1, 1, 0, 2, 5, 0, 0, 0, 1, : 3, 3, 1, 1, 2, 3, 3, 1, 1, 2, 5, 1, 
15: 0, 0, 0, 0, 54, 0, 0, 0, 0, 2, 5, 2, 0, 0, 1, 5, 0, 0, 5, 3, : 54, 2, 5, 2, 1, 5, 5, 3, 
139: 0, 0, 1, 0, 0, 0, 0, 0, 2, 3, 0, 0, 0, 1, 5, 4, 0, 0, 5, 3, : 1, 2, 3, 1, 5, 4, 5, 3, 
228: 0, 0, 0, 0, 0, 0, 4, 0, 3, 3, 0, 0, 0, 1, 5, 5, 0, 0, 1, 1, : 4, 3, 3, 1, 5, 5, 1, 1, 
270: 0, 0, 0, 0, 5, 0, 0, 0, 3, 3, 0, 52, 0, 1, 4, 2, 50, 0, 3, 8, : 5, 3, 3, 52, 1, 4, 2, 50, 3, 8, 
41: 0, 0, 50, 2, 0, 0, 0, 0, 3, 5, 0, 0, 0, 0, 4, 3, 0, 2, 1, 3, : 50, 2, 3, 5, 4, 3, 2, 1, 3, 
85: 0, 0, 0, 0, 0, 0, 0, 50, 5, 1, 0, 2, 0, 3, 5, 1, 0, 0, 3, 4, : 50, 5, 1, 2, 3, 5, 1, 3, 4, 
122: 0, 0, 3, 0, 0, 1, 0, 0, 5, 2, 0, 0, 0, 0, 1, 2, 0, 0, 5, 2, : 3, 1, 5, 2, 1, 2, 5, 2, 
75: 4, 0, 0, 3, 0, 0, 1, 0, 3, 1, 0, 0, 4, 0, 4, 2, 0, 0, 4, 1, : 4, 3, 1, 3, 1, 4, 4, 2, 4, 1, 
167: 3, 3, 0, 0, 0, 0, 0, 1, 2, 5, 0, 0, 0, 0, 4, 1, 4, 0, 5, 2, : 3, 3, 1, 2, 5, 4, 1, 4, 5, 2, 
183: 0, 0, 2, 0, 0, 0, 0, 0, 3, 4, 0, 0, 0, 0, 2, 2, 0, 4, 5, 4, : 2, 3, 4, 2, 2, 4, 5, 4, 
128: 0, 5, 0, 0, 0, 54, 0, 0, 4, 4, 0, 0, 0, 0, 4, 1, 1, 0, 1, 5, : 5, 54, 4, 4, 4, 1, 1, 1, 5, 
26: 0, 51, 0, 0, 0, 0, 0, 0, 3, 4, 0, 0, 0, 0, 1, 4, 0, 1, 5, 2, : 51, 3, 4, 1, 4, 1, 5, 2, 


150: 0, 0, 0, 5, 1, 0, 0, 55, 0, 0, 3, 1, 0, 4, 3, 0, 1, 2, 0, 0, : 5, 1, 55, 3, 1, 4, 3, 1, 2, 
236: 0, 0, 0, 4, 1, 0, 2, 0, 0, 0, 0, 0, 0, 3, 1, 0, 0, 2, 0, 0, : 4, 1, 2, 3, 1, 2, 
11: 0, 0, 2, 5, 1, 0, 0, 0, 0, 0, 0, 2, 0, 1, 1, 1, 0, 1, 53, 0, : 2, 5, 1, 2, 1, 1, 1, 1, 53, 
39: 0, 0, 0, 2, 4, 0, 0, 0, 1, 0, 0, 0, 0, 5, 3, 0, 0, 2, 0, 5, : 2, 4, 1, 5, 3, 2, 5, 
241: 54, 0, 0, 2, 5, 0, 0, 0, 0, 0, 0, 0, 0, 1, 7, 55, 0, 4, 3, 0, : 54, 2, 5, 1, 7, 55, 4, 3, 
181: 0, 0, 0, 5, 2, 0, 0, 0, 0, 2, 0, 0, 0, 5, 5, 0, 0, 1, 0, 0, : 5, 2, 2, 5, 5, 1, 
217: 0, 0, 0, 2, 5, 0, 0, 0, 0, 0, 0, 0, 51, 5, 3, 0, 0, 5, 0, 50, : 2, 5, 51, 5, 3, 5, 50, 
136: 1, 2, 55, 5, 5, 0, 0, 0, 0, 4, 0, 0, 3, 4, 1, 0, 0, 2, 0, 0, : 1, 2, 55, 5, 5, 4, 3, 4, 1, 2, 
237: 0, 0, 0, 4, 2, 0, 53, 0, 3, 0, 0, 3, 2, 5, 4, 0, 1, 1, 4, 0, : 4, 2, 53, 3, 3, 2, 5, 4, 1, 1, 4, 
109: 0, 0, 0, 4, 3, 5, 0, 0, 0, 0, 0, 0, 0, 1, 5, 0, 0, 6, 0, 5, : 4, 3, 5, 1, 5, 6, 5, 
116: 4, 0, 0, 4, 2, 2, 1, 0, 0, 0, 0, 0, 0, 3, 3, 0, 0, 2, 0, 0, : 4, 4, 2, 2, 1, 3, 3, 2, 
170: 1, 0, 0, 1, 4, 0, 0, 0, 3, 0, 3, 0, 0, 1, 3, 0, 0, 1, 0, 0, : 1, 1, 4, 3, 3, 1, 3, 1, 
69: 0, 54, 0, 1, 4, 0, 0, 0, 0, 0, 1, 0, 0, 5, 3, 0, 0, 1, 0, 0, : 54, 1, 4, 1, 5, 3, 1, 
194: 0, 0, 0, 3, 5, 0, 0, 0, 0, 0, 0, 0, 4, 3, 4, 0, 0, 4, 0, 0, : 3, 5, 4, 3, 4, 4, 
221: 0, 0, 2, 2, 1, 0, 0, 0, 0, 0, 53, 54, 0, 1, 1, 0, 52, 4, 0, 0, : 2, 2, 1, 53, 54, 1, 1, 52, 4, 
118: 0, 1, 0, 1, 5, 1, 0, 5, 0, 0, 0, 0, 0, 4, 3, 0, 3, 4, 0, 0, : 1, 1, 5, 1, 5, 4, 3, 3, 4, 
78: 0, 0, 0, 2, 1, 0, 4, 0, 53, 0, 0, 0, 0, 1, 2, 4, 3, 4, 0, 0, : 2, 1, 4, 53, 1, 2, 4, 3, 4, 
240: 0, 0, 0, 2, 5, 0, 0, 0, 0, 2, 0, 0, 0, 1, 3, 0, 0, 5, 0, 0, : 2, 5, 2, 1, 3, 5, 
200: 0, 0, 0, 5, 3, 0, 0, 0, 0, 50, 0, 0, 0, 3, 4, 0, 0, 3, 0, 0, : 5, 3, 50, 3, 4, 3, 
281: 0, 3, 1, 1, 1, 52, 0, 0, 0, 2, 0, 0, 0, 4, 1, 0, 0, 6, 0, 0, : 3, 1, 1, 1, 52, 2, 4, 1, 6, 


120: 0, 4, 1, 0, 0, 0, 7, 0, 0, 3, 0, 2, 0, 0, 4, 0, 4, 0, 0, 0, : 4, 1, 7, 3, 2, 4, 4, 
233: 3, 2, 2, 0, 53, 0, 5, 0, 0, 5, 0, 0, 54, 1, 3, 0, 1, 0, 2, 0, : 3, 2, 2, 53, 5, 5, 54, 1, 3, 1, 2, 
231: 0, 3, 1, 5, 0, 0, 1, 0, 0, 4, 0, 0, 0, 0, 4, 0, 3, 0, 0, 0, : 3, 1, 5, 1, 4, 4, 3, 
210: 0, 4, 4, 0, 0, 4, 4, 0, 1, 4, 0, 0, 0, 4, 5, 0, 3, 0, 0, 0, : 4, 4, 4, 4, 1, 4, 4, 5, 3, 
97: 0, 3, 2, 3, 0, 0, 4, 0, 0, 1, 1, 0, 0, 0, 2, 5, 5, 0, 3, 0, : 3, 2, 3, 4, 1, 1, 2, 5, 5, 3, 
13: 0, 3, 5, 0, 0, 0, 2, 0, 0, 3, 0, 1, 4, 0, 3, 0, 2, 5, 0, 0, : 3, 5, 2, 3, 1, 4, 3, 2, 5, 
86: 0, 4, 3, 0, 0, 0, 4, 52, 0, 1, 0, 0, 0, 0, 1, 0, 5, 0, 54, 1, : 4, 3, 4, 52, 1, 1, 5, 54, 1, 
229: 0, 3, 4, 0, 0, 1, 5, 0, 0, 1, 0, 0, 0, 0, 3, 0, 3, 0, 0, 0, : 3, 4, 1, 5, 1, 3, 3, 
155: 0, 5, 3, 0, 0, 0, 5, 0, 0, 2, 0, 0, 0, 0, 3, 0, 3, 0, 0, 0, : 5, 3, 5, 2, 3, 3, 
151: 0, 1, 5, 0, 2, 0, 2, 0, 0, 5, 1, 0, 0, 0, 2, 0, 4, 0, 0, 0, : 1, 5, 2, 2, 5, 1, 2, 4, 
58: 0, 4, 4, 2, 0, 5, 1, 3, 0, 4, 0, 0, 0, 0, 4, 0, 3, 0, 0, 0, : 4, 4, 2, 5, 1, 3, 4, 4, 3, 
186: 0, 2, 3, 0, 0, 0, 3, 0, 0, 5, 1, 0, 0, 0, 1, 0, 2, 0, 0, 4, : 2, 3, 3, 5, 1, 1, 2, 4, 
2: 0, 2, 5, 0, 0, 50, 3, 0, 53, 5, 0, 1, 0, 0, 5, 0, 2, 0, 0, 0, : 2, 5, 50, 3, 53, 5, 1, 5, 2, 
46: 0, 1, 4, 50, 2, 0, 4, 5, 0, 3, 0, 5, 0, 0, 2, 0, 1, 0, 0, 0, : 1, 4, 50, 2, 4, 5, 3, 5, 2, 1, 
57: 0, 1, 4, 0, 3, 0, 1, 0, 0, 4, 0, 0, 0, 0, 5, 0, 1, 4, 0, 52, : 1, 4, 3, 1, 4, 5, 1, 4, 52, 
300: 55, 5, 2, 0, 0, 0, 2, 0, 0, 1, 52, 51, 1, 3, 4, 0, 4, 0, 0, 0, : 55, 5, 2, 2, 1, 52, 51, 1, 3, 4, 4, 
175: 0, 4, 2, 0, 0, 0, 4, 0, 4, 4, 2, 0, 0, 52, 2, 0, 1, 0, 1, 3, : 4, 2, 4, 4, 4, 2, 52, 2, 1, 1, 3, 
182: 0, 3, 4, 0, 0, 0, 1, 0, 1, 2, 3, 0, 1, 0, 2, 53, 5, 1, 0, 0, : 3, 4, 1, 1, 2, 3, 1, 2, 53, 5, 1, 
286: 0, 1, 1, 0, 0, 0, 1, 0, 1, 1, 0, 0, 0, 0, 2, 2, 4, 0, 0, 0, : 1, 1, 1, 1, 1, 2, 2, 4, 
10: 2, 5, 1, 0, 0, 0, 1, 0, 0, 2, 0, 0, 0, 0, 3, 0, 4, 50, 0, 0, : 2, 5, 1, 1, 2, 3, 4, 50, 


21: 3, 53, 0, 4, 0, 1, 3, 5, 4, 0, 0, 0, 1, 0, 1, 55, 1, 0, 50, 4, : 3, 53, 4, 1, 3, 5, 4, 1, 1, 55, 1, 50, 4, 
272: 3, 0, 0, 5, 0, 0, 2, 2, 4, 0, 0, 0, 3, 0, 5, 0, 0, 4, 2, 3, : 3, 5, 2, 2, 4, 3, 5, 4, 2, 3, 
252: 1, 2, 3, 3, 0, 0, 3, 0, 1, 0, 0, 0, 3, 0, 0, 0, 53, 3, 0, 3, : 1, 2, 3, 3, 3, 1, 3, 53, 3, 3, 
202: 4, 0, 0, 2, 0, 4, 3, 2, 1, 0, 3, 0, 3, 0, 5, 0, 0, 0, 0, 1, : 4, 2, 4, 3, 2, 1, 3, 3, 5, 1, 
220: 1, 0, 0, 3, 0, 5, 5, 5, 4, 0, 0, 0, 1, 3, 3, 0, 0, 0, 0, 2, : 1, 3, 5, 5, 5, 4, 1, 3, 3, 2, 
29: 1, 0, 0, 4, 1, 50, 4, 3, 0, 0, 0, 0, 2, 0, 1, 0, 0, 5, 0, 5, : 1, 4, 1, 50, 4, 3, 2, 1, 5, 5, 
283: 1, 0, 0, 4, 0, 0, 2, 2, 1, 0, 0, 0, 1, 0, 5, 0, 0, 1, 1, 0, : 1, 4, 2, 2, 1, 1, 5, 1, 1, 
17: 1, 0, 0, 1, 1, 0, 2, 3, 3, 0, 0, 0, 1, 1, 5, 0, 0, 1, 0, 5, : 1, 1, 1, 2, 3, 3, 1, 1, 5, 1, 5, 
206: 3, 0, 0, 6, 0, 0, 2, 2, 4, 0, 0, 0, 5, 54, 2, 1, 0, 4, 0, 4, : 3, 6, 2, 2, 4, 5, 54, 2, 1, 4, 4, 
162: 2, 0, 0, 1, 3, 0, 3, 4, 5, 3, 0, 0, 5, 1, 5, 0, 0, 5, 0, 3, : 2, 1, 3, 3, 4, 5, 3, 5, 1, 5, 5, 3, 
253: 1, 0, 2, 5, 0, 0, 5, 2, 2, 0, 0, 55, 5, 0, 2, 0, 0, 4, 0, 3, : 1, 2, 5, 5, 2, 2, 55, 5, 2, 4, 3, 
205: 1, 0, 0, 1, 0, 0, 5, 1, 4, 0, 0, 2, 5, 0, 5, 0, 4, 3, 0, 5, : 1, 1, 5, 1, 4, 2, 5, 5, 4, 3, 5, 
224: 8, 1, 0, 1, 0, 0, 3, 4, 1, 0, 0, 0, 5, 0, 5, 0, 0, 4, 0, 4, : 8, 1, 1, 3, 4, 1, 5, 5, 4, 4, 
235: 3, 0, 0, 4, 0, 0, 2, 4, 2, 0, 0, 0, 5, 0, 3, 0, 0, 1, 3, 0, : 3, 4, 2, 4, 2, 5, 3, 1, 3, 
111: 9, 0, 0, 4, 1, 0, 5, 1, 5, 0, 0, 0, 2, 0, 3, 0, 0, 3, 4, 3, : 9, 4, 1, 5, 1, 5, 2, 3, 3, 4, 3, 
246: 4, 2, 0, 5, 2, 0, 1, 4, 3, 2, 55, 0, 4, 1, 0, 0, 0, 5, 0, 3, : 4, 2, 5, 2, 1, 4, 3, 2, 55, 4, 1, 5, 3, 
169: 5, 0, 0, 2, 0, 0, 5, 3, 5, 0, 0, 0, 1, 0, 2, 0, 0, 5, 0, 5, : 5, 2, 5, 3, 5, 1, 2, 5, 5, 
164: 3, 0, 55, 1, 0, 0, 1, 5, 5, 0, 0, 0, 2, 0, 2, 4, 0, 2, 0, 1, : 3, 55, 1, 1, 5, 5, 2, 2, 4, 2, 1, 
208: 3, 2, 0, 1, 52, 0, 2, 5, 4, 0, 0, 0, 1, 0, 4, 0, 2, 5, 0, 1, : 3, 2, 1, 52, 2, 5, 4, 1, 4, 2, 5, 1, 
149: 3, 0, 0, 3, 0, 0, 2, 3, 2, 55, 2, 3, 5, 0, 2, 0, 0, 5, 0, 5, : 3, 3, 2, 3, 2, 55, 2, 3, 5, 2, 5, 5, 


131: 0, 1, 0, 0, 55, 0, 0, 0, 0, 0, 54, 0, 0, 0, 2, 1, 0, 0, 0, 0, : 1, 55, 54, 2, 1, 
249: 0, 0, 0, 0, 0, 0, 1, 0, 0, 0, 0, 0, 1, 0, 2, 0, 1, 0, 0, 0, : 1, 1, 2, 1, 
176: 1, 0, 0, 0, 3, 0, 0, 0, 52, 3, 0, 0, 0, 0, 4, 0, 0, 0, 0, 0, : 1, 3, 52, 3, 4, 
152: 0, 0, 0, 0, 0, 5, 0, 0, 1, 2, 0, 5, 1, 0, 3, 0, 0, 0, 0, 53, : 5, 1, 2, 5, 1, 3, 53, 
126: 0, 0, 0, 0, 0, 0, 0, 0, 0, 0, 0, 0, 0, 0, 4, 50, 0, 53, 0, 0, : 4, 50, 53, 
179: 0, 1, 0, 0, 0, 0, 0, 0, 0, 0, 0, 0, 0, 0, 5, 1, 0, 0, 0, 0, : 1, 5, 1, 
227: 53, 0, 0, 5, 0, 0, 0, 3, 4, 0, 0, 0, 0, 0, 3, 1, 0, 3, 0, 0, : 53, 5, 3, 4, 3, 1, 3, 
101: 0, 0, 0, 0, 0, 0, 50, 0, 0, 0, 0, 0, 0, 0, 4, 0, 1, 0, 0, 0, : 50, 4, 1, 
245: 1, 0, 1, 0, 0, 51, 0, 0, 0, 0, 0, 0, 0, 0, 2, 0, 0, 0, 54, 0, : 1, 1, 51, 2, 54, 
269: 0, 0, 0, 0, 0, 1, 2, 0, 0, 3, 0, 50, 0, 1, 4, 0, 0, 0, 1, 0, : 1, 2, 3, 50, 1, 4, 1, 
50: 0, 2, 1, 0, 0, 0, 0, 0, 0, 0, 0, 4, 0, 0, 5, 0, 51, 4, 4, 1, : 2, 1, 4, 5, 51, 4, 4, 1, 
145: 0, 4, 1, 0, 0, 0, 5, 4, 0, 0, 0, 0, 3, 0, 3, 0, 5, 0, 0, 0, : 4, 1, 5, 4, 3, 3, 5, 
22: 2, 1, 0, 0, 0, 0, 0, 0, 0, 0, 0, 0, 0, 0, 5, 0, 0, 0, 0, 0, : 2, 1, 5, 
159: 0, 0, 0, 0, 0, 3, 0, 0, 3, 0, 0, 1, 50, 4, 1, 0, 0, 0, 0, 0, : 3, 3, 1, 50, 4, 1, 
273: 2, 51, 0, 0, 0, 0, 0, 0, 0, 0, 0, 0, 2, 0, 5, 0, 0, 0, 0, 0, : 2, 51, 2, 5, 
18: 1, 0, 0, 0, 0, 0, 0, 0, 0, 0, 0, 0, 3, 51, 3, 0, 0, 0, 0, 0, : 1, 3, 51, 3, 
192: 0, 0, 0, 0, 0, 0, 0, 0, 0, 0, 4, 0, 0, 4, 1, 0, 2, 0, 0, 5, : 4, 4, 1, 2, 5, 
278: 0, 0, 0, 51, 2, 0, 0, 0, 0, 0, 0, 0, 0, 0, 1, 3, 0, 0, 0, 0, : 51, 2, 1, 3, 
6: 0, 0, 54, 0, 0, 0, 2, 0, 0, 0, 2, 0, 0, 0, 1, 0, 0, 0, 0, 1, : 54, 2, 2, 1, 1, 
88: 0, 0, 3, 4, 0, 0, 0, 53, 0, 52, 0, 0, 0, 0, 2, 4, 0, 0, 1, 0, : 3, 4, 53, 52, 2, 4, 1, 


143: 6, 0, 3, 0, 51, 0, 51, 5, 0, 1, 0, 2, 0, 0, 5, 0, 0, 0, 0, 0, : 6, 3, 51, 51, 5, 1, 2, 5, 
261: 3, 0, 3, 0, 0, 4, 0, 4, 0, 54, 0, 0, 0, 0, 0, 50, 0, 0, 0, 2, : 3, 3, 4, 4, 54, 50, 2, 
173: 5, 0, 4, 0, 0, 0, 4, 4, 0, 0, 2, 54, 0, 0, 3, 0, 0, 0, 0, 0, : 5, 4, 4, 4, 2, 54, 3, 
276: 4, 1, 3, 0, 0, 0, 0, 1, 1, 0, 0, 0, 0, 1, 0, 0, 0, 0, 0, 0, : 4, 1, 3, 1, 1, 1, 
218: 2, 0, 4, 0, 0, 4, 0, 4, 0, 0, 0, 0, 0, 52, 51, 0, 0, 1, 0, 0, : 2, 4, 4, 4, 52, 51, 1, 
195: 2, 0, 4, 0, 0, 0, 0, 5, 0, 1, 0, 0, 2, 0, 0, 0, 0, 2, 0, 0, : 2, 4, 5, 1, 2, 2, 
31: 1, 0, 3, 0, 0, 51, 0, 2, 3, 0, 0, 0, 0, 0, 0, 2, 0, 0, 3, 0, : 1, 3, 51, 2, 3, 2, 3, 
12: 3, 0, 3, 0, 0, 0, 0, 1, 0, 0, 5, 2, 0, 3, 0, 0, 0, 1, 0, 0, : 3, 3, 1, 5, 2, 3, 1, 
257: 4, 0, 1, 0, 0, 0, 0, 1, 2, 0, 0, 0, 0, 0, 0, 0, 0, 0, 1, 1, : 4, 1, 1, 2, 1, 1, 
141: 3, 54, 0, 0, 5, 0, 0, 4, 52, 3, 2, 0, 0, 0, 0, 0, 1, 0, 5, 0, : 3, 54, 5, 4, 52, 3, 2, 1, 5, 
223: 1, 0, 4, 0, 0, 0, 0, 4, 0, 0, 0, 0, 0, 0, 0, 0, 53, 0, 0, 0, : 1, 4, 4, 53, 
271: 9, 0, 4, 0, 0, 0, 0, 2, 0, 0, 0, 1, 52, 0, 0, 0, 0, 1, 0, 0, : 9, 4, 2, 1, 52, 1, 
187: 1, 0, 2, 0, 0, 0, 0, 3, 2, 0, 0, 0, 1, 0, 1, 4, 0, 0, 0, 52, : 1, 2, 3, 2, 1, 1, 4, 52, 
262: 2, 0, 4, 55, 0, 0, 0, 5, 0, 0, 1, 0, 3, 0, 0, 0, 0, 0, 0, 0, : 2, 4, 55, 5, 1, 3, 
180: 3, 4, 4, 0, 4, 0, 0, 1, 0, 0, 0, 0, 0, 0, 0, 0, 1, 0, 50, 0, : 3, 4, 4, 4, 1, 1, 50, 
129: 2, 0, 1, 0, 0, 1, 0, 1, 0, 1, 0, 0, 0, 0, 0, 0, 0, 0, 0, 4, : 2, 1, 1, 1, 1, 4, 
274: 2, 0, 5, 0, 0, 0, 1, 4, 0, 0, 0, 0, 2, 0, 0, 0, 0, 51, 0, 0, : 2, 5, 1, 4, 2, 51, 
199: 1, 0, 3, 0, 0, 0, 4, 4, 0, 0, 0, 1, 0, 0, 0, 4, 0, 4, 0, 0, : 1, 3, 4, 4, 1, 4, 4, 
161: 1, 0, 2, 0, 0, 0, 0, 3, 0, 0, 0, 0, 0, 0, 0, 0, 0, 0, 0, 0, : 1, 2, 3, 
268: 5, 1, 3, 5, 0, 0, 0, 2, 0, 0, 50, 0, 0, 4, 0, 0, 5, 0, 1, 1, : 5, 1, 3, 5, 2, 50, 4, 5, 1, 1, 


7: 2, 1, 0, 6, 0, 5, 4, 3, 0, 0, 2, 3, 5, 0, 0, 0, 0, 3, 0, 0, : 2, 1, 6, 5, 4, 3, 2, 3, 5, 3, 
135: 5, 0, 5, 1, 0, 4, 5, 1, 0, 0, 3, 0, 2, 2, 0, 0, 0, 4, 5, 0, : 5, 5, 1, 4, 5, 1, 3, 2, 2, 4, 5, 
203: 1, 0, 5, 1, 0, 2, 3, 2, 0, 0, 0, 0, 3, 0, 0, 0, 0, 0, 0, 3, : 1, 5, 1, 2, 3, 2, 3, 3, 
33: 3, 0, 0, 4, 1, 1, 3, 4, 0, 0, 0, 0, 4, 0, 2, 0, 0, 0, 0, 0, : 3, 4, 1, 1, 3, 4, 4, 2, 
295: 3, 0, 0, 3, 4, 1, 4, 2, 0, 0, 0, 0, 3, 0, 1, 0, 0, 1, 0, 3, : 3, 3, 4, 1, 4, 2, 3, 1, 1, 3, 
124: 1, 0, 0, 1, 0, 2, 2, 2, 0, 0, 0, 0, 3, 0, 54, 0, 0, 0, 0, 0, : 1, 1, 2, 2, 2, 3, 54, 
298: 3, 0, 0, 3, 0, 5, 1, 5, 0, 0, 0, 3, 4, 0, 0, 0, 0, 2, 0, 0, : 3, 3, 5, 1, 5, 3, 4, 2, 
77: 3, 1, 0, 3, 0, 2, 6, 3, 0, 0, 0, 0, 4, 0, 0, 0, 0, 0, 0, 2, : 3, 1, 3, 2, 6, 3, 4, 2, 
59: 5, 0, 0, 1, 0, 3, 2, 3, 0, 3, 50, 50, 5, 0, 1, 0, 5, 0, 1, 0, : 5, 1, 3, 2, 3, 3, 50, 50, 5, 1, 5, 1, 
32: 1, 50, 0, 4, 0, 1, 1, 5, 0, 0, 0, 1, 1, 0, 0, 4, 0, 0, 0, 2, : 1, 50, 4, 1, 1, 5, 1, 1, 4, 2, 
299: 5, 5, 50, 6, 0, 4, 4, 4, 0, 2, 0, 0, 5, 51, 1, 0, 0, 0, 0, 0, : 5, 5, 50, 6, 4, 4, 4, 2, 5, 51, 1, 
133: 5, 2, 0, 3, 0, 3, 1, 3, 0, 0, 0, 0, 1, 0, 0, 0, 0, 0, 0, 0, : 5, 2, 3, 3, 1, 3, 1, 
14: 5, 0, 0, 4, 0, 3, 3, 2, 4, 0, 0, 0, 4, 5, 0, 0, 52, 0, 3, 0, : 5, 4, 3, 3, 2, 4, 4, 5, 52, 3, 
35: 3, 0, 0, 3, 0, 4, 4, 3, 55, 0, 0, 0, 1, 0, 0, 0, 3, 0, 0, 0, : 3, 3, 4, 4, 3, 55, 1, 3, 
61: 1, 1, 0, 4, 0, 5, 5, 1, 0, 0, 1, 1, 3, 0, 0, 5, 0, 0, 0, 0, : 1, 1, 4, 5, 5, 1, 1, 1, 3, 5, 
68: 1, 0, 0, 2, 0, 3, 1, 6, 1, 0, 0, 0, 4, 1, 0, 0, 0, 50, 0, 0, : 1, 2, 3, 1, 6, 1, 4, 1, 50, 
5: 7, 0, 0, 2, 50, 1, 2, 3, 0, 0, 4, 2, 3, 0, 0, 51, 0, 0, 1, 0, : 7, 2, 50, 1, 2, 3, 4, 2, 3, 51, 1, 
196: 1, 0, 0, 4, 5, 5, 2, 1, 0, 55, 0, 0, 1, 0, 0, 0, 0, 0, 50, 0, : 1, 4, 5, 5, 2, 1, 55, 1, 50, 
105: 3, 0, 0, 4, 0, 3, 3, 3, 0, 0, 0, 0, 1, 0, 1, 0, 0, 0, 0, 0, : 3, 4, 3, 3, 3, 1, 1, 
207: 2, 0, 0, 1, 0, 3, 4, 4, 0, 0, 0, 0, 3, 1, 0, 0, 0, 0, 0, 50, : 2, 1, 3, 4, 4, 3, 1, 50, 


66: 0, 3, 6, 2, 1, 0, 1, 0, 0, 53, 0, 0, 0, 3, 54, 1, 0, 2, 0, 0, : 3, 6, 2, 1, 1, 53, 3, 54, 1, 2, 
146: 55, 5, 1, 4, 2, 0, 0, 0, 0, 0, 54, 0, 1, 0, 0, 3, 0, 2, 0, 0, : 55, 5, 1, 4, 2, 54, 1, 3, 2, 
56: 0, 5, 1, 1, 5, 0, 0, 0, 1, 0, 0, 0, 0, 0, 5, 0, 55, 0, 0, 0, : 5, 1, 1, 5, 1, 5, 55, 
291: 0, 3, 2, 3, 5, 1, 0, 0, 0, 0, 0, 53, 0, 0, 0, 1, 0, 0, 0, 5, : 3, 2, 3, 5, 1, 53, 1, 5, 
232: 0, 1, 4, 3, 3, 0, 0, 0, 3, 0, 0, 3, 0, 0, 0, 0, 0, 0, 0, 2, : 1, 4, 3, 3, 3, 3, 2, 
185: 0, 1, 2, 4, 1, 2, 0, 0, 51, 2, 0, 0, 0, 2, 0, 51, 0, 0, 3, 0, : 1, 2, 4, 1, 2, 51, 2, 2, 51, 3, 
38: 0, 5, 1, 4, 1, 0, 53, 0, 0, 0, 0, 0, 0, 4, 0, 0, 0, 0, 0, 0, : 5, 1, 4, 1, 53, 4, 
256: 1, 3, 2, 5, 1, 0, 0, 0, 0, 0, 0, 0, 0, 0, 0, 0, 0, 54, 0, 0, : 1, 3, 2, 5, 1, 54, 
279: 0, 2, 1, 5, 2, 0, 0, 0, 0, 0, 0, 0, 0, 0, 0, 0, 0, 0, 0, 0, : 2, 1, 5, 2, 
54: 0, 4, 6, 1, 4, 0, 0, 3, 0, 0, 0, 0, 2, 0, 0, 0, 0, 0, 0, 0, : 4, 6, 1, 4, 3, 2, 
258: 0, 3, 1, 5, 3, 52, 0, 0, 0, 1, 0, 0, 0, 50, 0, 0, 0, 0, 1, 0, : 3, 1, 5, 3, 52, 1, 50, 1, 
23: 0, 2, 4, 2, 3, 0, 0, 0, 0, 4, 0, 0, 0, 0, 0, 0, 0, 0, 0, 0, : 2, 4, 2, 3, 4, 
282: 0, 1, 5, 4, 5, 0, 3, 0, 2, 0, 0, 0, 0, 1, 0, 0, 2, 0, 0, 0, : 1, 5, 4, 5, 3, 2, 1, 2, 
294: 3, 3, 4, 1, 5, 0, 2, 5, 0, 0, 3, 1, 4, 0, 1, 4, 0, 1, 0, 0, : 3, 3, 4, 1, 5, 2, 5, 3, 1, 4, 1, 4, 1, 
74: 0, 4, 7, 5, 0, 0, 0, 0, 2, 0, 3, 0, 3, 0, 0, 0, 0, 1, 3, 0, : 4, 7, 5, 2, 3, 3, 1, 3, 
84: 0, 2, 3, 2, 5, 0, 0, 52, 1, 0, 0, 0, 50, 0, 0, 0, 0, 0, 2, 0, : 2, 3, 2, 5, 52, 1, 50, 2, 
209: 0, 5, 2, 1, 3, 0, 0, 0, 0, 0, 0, 3, 0, 0, 0, 0, 3, 0, 50, 0, : 5, 2, 1, 3, 3, 3, 50, 
16: 0, 2, 2, 4, 3, 0, 0, 0, 0, 0, 0, 0, 0, 0, 0, 0, 0, 0, 0, 53, : 2, 2, 4, 3, 53, 
144: 1, 4, 1, 2, 3, 5, 0, 0, 0, 0, 0, 0, 0, 0, 0, 0, 0, 0, 0, 0, : 1, 4, 1, 2, 3, 5, 
204: 0, 2, 5, 2, 5, 0, 1, 0, 0, 0, 0, 0, 0, 0, 0, 0, 0, 0, 1, 0, : 2, 5, 2, 5, 1, 1, 


