
40
40
80
2

30: 0, 0, 0, 7, 0, 1, 3, 0, 0, 4, 4, 0, 0, 6, 0, 8, 2, 3, 3, 4, 0, 0, 0, 0, 0, 7, 2, 10, 3, 0, 0, 8, 0, 7, 0, 4, 1, 0, 0, 6, : 7, 1, 3, 4, 4, 6, 8, 2, 3, 3, 4, 7, 2, 10, 3, 8, 7, 4, 1, 6, 
31: 0, 7, 4, 7, 1, 5, 66, 9, 0, 0, 5, 0, 0, 4, 7, 10, 2, 9, 0, 0, 9, 9, 0, 5, 0, 5, 1, 2, 3, 0, 9, 3, 0, 2, 6, 0, 1, 6, 0, 10, : 7, 4, 7, 1, 5, 66, 9, 5, 4, 7, 10, 2, 9, 9, 9, 5, 5, 1, 2, 3, 9, 3, 2, 6, 1, 6, 10, 
36: 0, 1, 0, 8, 2, 4, 2, 0, 0, 9, 10, 3, 0, 5, 6, 1, 0, 0, 0, 0, 0, 5, 0, 0, 8, 2, 10, 0, 9, 0, 6, 3, 0, 0, 1, 0, 0, 0, 0, 3, : 1, 8, 2, 4, 2, 9, 10, 3, 5, 6, 1, 5, 8, 2, 10, 9, 6, 3, 1, 3, 
38: 0, 7, 0, 1, 0, 7, 0, 61, 0, 9, 1, 63, 4, 5, 4, 1, 3, 6, 64, 3, 9, 6, 0, 10, 0, 0, 7, 0, 2, 0, 3, 4, 6, 7, 7, 5, 0, 0, 0, 1, : 7, 1, 7, 61, 9, 1, 63, 4, 5, 4, 1, 3, 6, 64, 3, 9, 6, 10, 7, 2, 3, 4, 6, 7, 7, 5, 1, 
15: 0, 10, 0, 1, 8, 9, 0, 0, 0, 9, 0, 10, 0, 7, 1, 0, 4, 3, 0, 10, 1, 7, 0, 0, 3, 1, 0, 5, 8, 0, 5, 1, 10, 4, 1, 0, 0, 2, 0, 0, : 10, 1, 8, 9, 9, 10, 7, 1, 4, 3, 10, 1, 7, 3, 1, 5, 8, 5, 1, 10, 4, 1, 2, 
22: 0, 4, 68, 9, 5, 5, 0, 1, 8, 1, 2, 0, 67, 1, 5, 3, 7, 6, 2, 2, 0, 2, 0, 0, 0, 0, 7, 3, 10, 1, 0, 1, 4, 0, 9, 0, 60, 0, 7, 10, : 4, 68, 9, 5, 5, 1, 8, 1, 2, 67, 1, 5, 3, 7, 6, 2, 2, 2, 7, 3, 10, 1, 1, 4, 9, 60, 7, 10, 
20: 8, 4, 3, 0, 3, 8, 0, 0, 0, 0, 9, 0, 0, 0, 2, 5, 9, 2, 0, 0, 9, 2, 0, 1, 0, 3, 7, 0, 0, 7, 4, 4, 2, 10, 3, 0, 1, 0, 0, 3, : 8, 4, 3, 3, 8, 9, 2, 5, 9, 2, 9, 2, 1, 3, 7, 7, 4, 4, 2, 10, 3, 1, 3, 
17: 0, 0, 0, 0, 0, 0, 0, 0, 0, 0, 3, 0, 0, 1, 0, 7, 3, 4, 0, 5, 0, 7, 0, 0, 0, 4, 9, 10, 0, 3, 3, 4, 8, 1, 1, 5, 0, 2, 0, 6, : 3, 1, 7, 3, 4, 5, 7, 4, 9, 10, 3, 3, 4, 8, 1, 1, 5, 2, 6, 
8: 0, 3, 3, 8, 8, 2, 0, 0, 0, 4, 7, 1, 0, 6, 8, 0, 0, 4, 1, 0, 9, 5, 0, 60, 3, 2, 2, 0, 6, 0, 1, 5, 0, 8, 3, 0, 10, 0, 0, 0, : 3, 3, 8, 8, 2, 4, 7, 1, 6, 8, 4, 1, 9, 5, 60, 3, 2, 2, 6, 1, 5, 8, 3, 10, 
40: 0, 0, 1, 10, 0, 0, 0, 0, 0, 4, 0, 0, 0, 4, 5, 0, 0, 5, 0, 6, 10, 2, 6, 0, 2, 2, 1, 10, 7, 69, 3, 0, 4, 0, 0, 0, 0, 66, 0, 9, : 1, 10, 4, 4, 5, 5, 6, 10, 2, 6, 2, 2, 1, 10, 7, 69, 3, 4, 66, 9, 
34: 0, 2, 0, 0, 10, 5, 0, 0, 0, 0, 4, 1, 0, 1, 1, 2, 1, 9, 0, 5, 0, 2, 4, 3, 0, 10, 3, 0, 8, 0, 0, 3, 9, 0, 9, 0, 0, 2, 9, 2, : 2, 10, 5, 4, 1, 1, 1, 2, 1, 9, 5, 2, 4, 3, 10, 3, 8, 3, 9, 9, 2, 9, 2, 
24: 70, 0, 0, 0, 3, 0, 5, 0, 61, 0, 8, 0, 0, 9, 7, 6, 6, 0, 0, 4, 0, 4, 0, 0, 0, 0, 1, 1, 3, 0, 8, 8, 7, 7, 5, 0, 1, 0, 0, 0, : 70, 3, 5, 61, 8, 9, 7, 6, 6, 4, 4, 1, 1, 3, 8, 8, 7, 7, 5, 1, 
7: 0, 10, 0, 0, 0, 0, 0, 0, 5, 2, 0, 0, 0, 1, 5, 1, 5, 2, 0, 7, 3, 1, 0, 0, 0, 4, 0, 0, 3, 0, 4, 1, 8, 3, 7, 1, 0, 0, 0, 1, : 10, 5, 2, 1, 5, 1, 5, 2, 7, 3, 1, 4, 3, 4, 1, 8, 3, 7, 1, 1, 
5: 0, 9, 0, 2, 9, 8, 0, 8, 0, 0, 4, 2, 0, 1, 1, 0, 10, 8, 0, 0, 10, 0, 0, 0, 2, 8, 1, 8, 5, 0, 8, 5, 0, 8, 2, 0, 0, 0, 1, 2, : 9, 2, 9, 8, 8, 4, 2, 1, 1, 10, 8, 10, 2, 8, 1, 8, 5, 8, 5, 8, 2, 1, 2, 
3: 0, 3, 1, 6, 7, 4, 4, 0, 5, 8, 10, 0, 0, 7, 1, 6, 6, 9, 0, 0, 0, 8, 1, 1, 2, 10, 9, 7, 1, 0, 1, 5, 9, 8, 8, 1, 0, 0, 0, 5, : 3, 1, 6, 7, 4, 4, 5, 8, 10, 7, 1, 6, 6, 9, 8, 1, 1, 2, 10, 9, 7, 1, 1, 5, 9, 8, 8, 1, 5, 
2: 0, 0, 0, 1, 9, 6, 0, 1, 0, 10, 8, 0, 0, 4, 7, 2, 0, 0, 0, 8, 0, 10, 0, 0, 60, 9, 9, 4, 3, 0, 8, 7, 5, 1, 2, 0, 1, 2, 0, 7, : 1, 9, 6, 1, 10, 8, 4, 7, 2, 8, 10, 60, 9, 9, 4, 3, 8, 7, 5, 1, 2, 1, 2, 7, 
21: 0, 8, 0, 0, 3, 7, 0, 0, 0, 0, 0, 0, 1, 7, 6, 10, 6, 8, 9, 10, 0, 0, 0, 0, 0, 3, 8, 6, 3, 0, 0, 2, 1, 0, 7, 3, 0, 0, 1, 0, : 8, 3, 7, 1, 7, 6, 10, 6, 8, 9, 10, 3, 8, 6, 3, 2, 1, 7, 3, 1, 
10: 0, 4, 0, 8, 3, 0, 0, 0, 0, 5, 0, 0, 0, 0, 5, 10, 5, 0, 1, 6, 7, 9, 69, 0, 0, 6, 3, 3, 0, 0, 1, 0, 6, 9, 5, 0, 0, 0, 0, 6, : 4, 8, 3, 5, 5, 10, 5, 1, 6, 7, 9, 69, 6, 3, 3, 1, 6, 9, 5, 6, 
33: 2, 0, 0, 5, 4, 0, 0, 0, 1, 5, 1, 0, 8, 3, 1, 5, 6, 1, 0, 0, 3, 1, 0, 0, 0, 1, 0, 8, 6, 0, 9, 6, 0, 0, 3, 1, 0, 0, 62, 9, : 2, 5, 4, 1, 5, 1, 8, 3, 1, 5, 6, 1, 3, 1, 1, 8, 6, 9, 6, 3, 1, 62, 9, 
26: 0, 8, 0, 7, 5, 9, 0, 0, 0, 10, 4, 0, 0, 8, 8, 3, 5, 1, 0, 10, 10, 0, 0, 0, 0, 3, 0, 3, 0, 0, 7, 10, 1, 5, 1, 60, 5, 0, 0, 0, : 8, 7, 5, 9, 10, 4, 8, 8, 3, 5, 1, 10, 10, 3, 3, 7, 10, 1, 5, 1, 60, 5, 


39: 68, 0, 10, 0, 2, 61, 70, 0, 1, 0, 9, 0, 5, 8, 0, 9, 67, 0, 0, 8, 3, 0, 0, 8, 0, 8, 5, 6, 3, 64, 0, 3, 5, 1, 0, 0, 2, 0, 7, 1, : 68, 10, 2, 61, 70, 1, 9, 5, 8, 9, 67, 8, 3, 8, 8, 5, 6, 3, 64, 3, 5, 1, 2, 7, 1, 
23: 0, 1, 6, 0, 0, 1, 0, 0, 8, 3, 8, 0, 0, 2, 0, 0, 0, 0, 0, 0, 2, 8, 0, 2, 0, 0, 7, 3, 0, 0, 61, 1, 0, 2, 0, 0, 0, 0, 4, 9, : 1, 6, 1, 8, 3, 8, 2, 2, 8, 2, 7, 3, 61, 1, 2, 4, 9, 
13: 0, 0, 1, 0, 0, 0, 0, 0, 0, 4, 3, 0, 7, 2, 0, 10, 0, 0, 0, 2, 5, 5, 0, 9, 0, 0, 1, 0, 1, 6, 0, 1, 7, 6, 0, 3, 9, 5, 7, 9, : 1, 4, 3, 7, 2, 10, 2, 5, 5, 9, 1, 1, 6, 1, 7, 6, 3, 9, 5, 7, 9, 
29: 0, 5, 0, 0, 0, 1, 0, 0, 7, 0, 5, 0, 8, 4, 0, 1, 0, 0, 66, 9, 6, 2, 0, 0, 0, 0, 0, 2, 0, 0, 0, 0, 8, 10, 0, 0, 3, 3, 5, 0, : 5, 1, 7, 5, 8, 4, 1, 66, 9, 6, 2, 2, 8, 10, 3, 3, 5, 
37: 0, 1, 0, 0, 0, 0, 10, 0, 2, 8, 7, 0, 8, 5, 0, 0, 0, 0, 0, 10, 7, 5, 3, 10, 8, 0, 0, 5, 2, 5, 0, 4, 0, 0, 8, 0, 2, 1, 7, 0, : 1, 10, 2, 8, 7, 8, 5, 10, 7, 5, 3, 10, 8, 5, 2, 5, 4, 8, 2, 1, 7, 
32: 3, 1, 1, 10, 0, 0, 0, 0, 10, 0, 0, 0, 4, 2, 0, 8, 0, 0, 0, 7, 0, 2, 0, 3, 0, 1, 0, 10, 68, 0, 0, 1, 0, 0, 1, 0, 0, 67, 6, 2, : 3, 1, 1, 10, 10, 4, 2, 8, 7, 2, 3, 1, 10, 68, 1, 1, 67, 6, 2, 
35: 9, 7, 6, 0, 0, 0, 0, 0, 0, 7, 7, 4, 0, 0, 0, 7, 0, 0, 1, 3, 6, 1, 0, 3, 2, 0, 3, 0, 0, 0, 0, 5, 0, 9, 0, 2, 1, 0, 1, 6, : 9, 7, 6, 7, 7, 4, 7, 1, 3, 6, 1, 3, 2, 3, 5, 9, 2, 1, 1, 6, 
27: 0, 1, 9, 0, 7, 0, 0, 0, 0, 3, 0, 1, 5, 3, 0, 8, 0, 0, 0, 0, 2, 0, 0, 3, 0, 0, 9, 9, 1, 0, 0, 9, 4, 0, 0, 62, 9, 0, 6, 5, : 1, 9, 7, 3, 1, 5, 3, 8, 2, 3, 9, 9, 1, 9, 4, 62, 9, 6, 5, 
1: 0, 10, 10, 61, 0, 0, 0, 67, 9, 2, 0, 61, 0, 8, 1, 1, 0, 3, 0, 10, 2, 2, 1, 10, 0, 0, 7, 2, 0, 0, 0, 0, 0, 1, 0, 2, 0, 1, 7, 9, : 10, 10, 61, 67, 9, 2, 61, 8, 1, 1, 3, 10, 2, 2, 1, 10, 7, 2, 1, 2, 1, 7, 9, 
4: 0, 8, 1, 0, 0, 0, 0, 0, 1, 2, 6, 0, 4, 3, 1, 2, 3, 0, 0, 9, 10, 6, 60, 8, 0, 0, 0, 6, 0, 0, 1, 0, 0, 1, 0, 0, 10, 1, 0, 2, : 8, 1, 1, 2, 6, 4, 3, 1, 2, 3, 9, 10, 6, 60, 8, 6, 1, 1, 10, 1, 2, 
9: 0, 2, 0, 0, 0, 0, 0, 0, 10, 9, 1, 10, 4, 8, 63, 0, 0, 0, 1, 1, 3, 4, 1, 5, 0, 1, 0, 5, 0, 0, 0, 8, 10, 3, 0, 2, 0, 0, 7, 5, : 2, 10, 9, 1, 10, 4, 8, 63, 1, 1, 3, 4, 1, 5, 1, 5, 8, 10, 3, 2, 7, 5, 
28: 0, 0, 2, 0, 2, 0, 0, 0, 6, 1, 2, 0, 0, 1, 4, 6, 0, 0, 0, 8, 0, 7, 1, 5, 1, 0, 10, 0, 0, 0, 0, 9, 0, 4, 0, 0, 2, 0, 0, 3, : 2, 2, 6, 1, 2, 1, 4, 6, 8, 7, 1, 5, 1, 10, 9, 4, 2, 3, 
16: 0, 6, 10, 0, 3, 8, 0, 0, 10, 5, 8, 3, 0, 7, 0, 10, 0, 0, 0, 4, 3, 10, 4, 2, 0, 0, 9, 2, 0, 1, 0, 10, 7, 9, 5, 0, 8, 0, 0, 3, : 6, 10, 3, 8, 10, 5, 8, 3, 7, 10, 4, 3, 10, 4, 2, 9, 2, 1, 10, 7, 9, 5, 8, 3, 
14: 0, 8, 0, 9, 0, 8, 0, 0, 1, 7, 0, 0, 1, 2, 0, 4, 0, 0, 3, 0, 9, 6, 0, 0, 0, 70, 0, 2, 0, 0, 0, 10, 7, 6, 0, 9, 2, 0, 0, 0, : 8, 9, 8, 1, 7, 1, 2, 4, 3, 9, 6, 70, 2, 10, 7, 6, 9, 2, 
6: 0, 0, 0, 0, 3, 1, 0, 0, 0, 2, 2, 0, 10, 3, 0, 7, 10, 0, 2, 0, 1, 3, 10, 0, 0, 0, 4, 8, 0, 0, 1, 5, 7, 8, 0, 0, 10, 0, 2, 7, : 3, 1, 2, 2, 10, 3, 7, 10, 2, 1, 3, 10, 4, 8, 1, 5, 7, 8, 10, 2, 7, 
19: 0, 6, 0, 0, 0, 0, 0, 0, 5, 6, 3, 0, 9, 0, 1, 1, 0, 0, 0, 2, 7, 3, 0, 0, 0, 0, 0, 5, 4, 4, 9, 9, 7, 8, 66, 0, 2, 0, 0, 8, : 6, 5, 6, 3, 9, 1, 1, 2, 7, 3, 5, 4, 4, 9, 9, 7, 8, 66, 2, 8, 
18: 0, 9, 10, 0, 63, 0, 0, 0, 5, 0, 0, 1, 3, 2, 2, 4, 0, 1, 0, 0, 10, 10, 0, 6, 0, 0, 9, 7, 0, 0, 0, 0, 0, 1, 0, 0, 1, 2, 7, 6, : 9, 10, 63, 5, 1, 3, 2, 2, 4, 1, 10, 10, 6, 9, 7, 1, 1, 2, 7, 6, 
25: 0, 3, 1, 0, 0, 0, 0, 8, 1, 6, 10, 0, 7, 5, 0, 2, 0, 6, 0, 0, 3, 3, 0, 0, 0, 0, 10, 0, 0, 0, 0, 5, 0, 7, 0, 0, 9, 0, 8, 3, : 3, 1, 8, 1, 6, 10, 7, 5, 2, 6, 3, 3, 10, 5, 7, 9, 8, 3, 
11: 0, 5, 6, 0, 0, 0, 0, 0, 3, 8, 9, 0, 2, 6, 0, 0, 0, 0, 0, 0, 0, 3, 0, 2, 7, 0, 6, 4, 0, 0, 0, 0, 9, 0, 0, 0, 7, 0, 4, 1, : 5, 6, 3, 8, 9, 2, 6, 3, 2, 7, 6, 4, 9, 7, 4, 1, 
12: 0, 7, 7, 0, 0, 0, 0, 5, 1, 7, 0, 0, 3, 9, 8, 0, 0, 70, 7, 7, 1, 0, 0, 4, 62, 0, 0, 4, 1, 0, 8, 0, 9, 4, 0, 0, 3, 0, 2, 1, : 7, 7, 5, 1, 7, 3, 9, 8, 70, 7, 7, 1, 4, 62, 4, 1, 8, 9, 4, 3, 2, 1, 


