
40
400
60
20

258: 0, 4, 0, 4, 0, 0, 0, 0, 0, 0, 4, 0, 0, 0, 0, 0, 0, 0, 5, 3, 0, 3, 0, 2, 2, 0, 0, 52, 0, 0, 0, 0, 2, 0, 0, 0, 2, 2, 53, 1, : 4, 4, 4, 5, 3, 3, 2, 2, 52, 2, 2, 2, 53, 1, 
301: 1, 3, 0, 3, 0, 0, 0, 0, 0, 0, 0, 0, 3, 0, 0, 1, 0, 1, 2, 0, 0, 50, 0, 3, 5, 0, 0, 0, 5, 0, 0, 0, 4, 0, 0, 1, 5, 1, 0, 1, : 1, 3, 3, 3, 1, 1, 2, 50, 3, 5, 5, 4, 1, 5, 1, 1, 
208: 0, 5, 0, 2, 0, 1, 0, 0, 0, 0, 0, 0, 0, 0, 0, 2, 0, 0, 2, 5, 0, 0, 0, 2, 2, 0, 0, 1, 0, 0, 50, 3, 5, 0, 0, 0, 3, 4, 0, 5, : 5, 2, 1, 2, 2, 5, 2, 2, 1, 50, 3, 5, 3, 4, 5, 
367: 0, 4, 1, 1, 54, 0, 3, 0, 0, 0, 0, 0, 53, 4, 2, 3, 0, 4, 3, 3, 0, 0, 0, 5, 5, 0, 0, 0, 50, 0, 0, 0, 4, 0, 0, 0, 4, 3, 0, 2, : 4, 1, 1, 54, 3, 53, 4, 2, 3, 4, 3, 3, 5, 5, 50, 4, 4, 3, 2, 
139: 53, 5, 5, 1, 0, 0, 2, 0, 0, 0, 0, 55, 4, 0, 0, 0, 0, 0, 2, 2, 0, 0, 0, 2, 3, 0, 51, 0, 0, 0, 0, 0, 4, 0, 2, 0, 2, 6, 4, 4, : 53, 5, 5, 1, 2, 55, 4, 2, 2, 2, 3, 51, 4, 2, 2, 6, 4, 4, 
286: 0, 5, 0, 6, 0, 2, 0, 0, 0, 0, 0, 0, 0, 0, 0, 0, 4, 0, 1, 3, 0, 0, 3, 1, 4, 0, 3, 0, 0, 0, 0, 0, 1, 0, 1, 0, 5, 3, 0, 3, : 5, 6, 2, 4, 1, 3, 3, 1, 4, 3, 1, 1, 5, 3, 3, 
392: 0, 0, 0, 3, 0, 0, 0, 0, 0, 0, 0, 0, 0, 0, 0, 0, 0, 1, 5, 1, 0, 0, 0, 4, 3, 3, 3, 0, 0, 1, 1, 3, 0, 0, 2, 54, 2, 2, 1, 3, : 3, 1, 5, 1, 4, 3, 3, 3, 1, 1, 3, 2, 54, 2, 2, 1, 3, 
104: 0, 1, 0, 2, 0, 0, 0, 0, 0, 0, 0, 0, 0, 2, 0, 0, 0, 0, 5, 5, 0, 1, 0, 2, 2, 53, 0, 0, 0, 0, 3, 0, 2, 55, 0, 0, 2, 2, 0, 1, : 1, 2, 2, 5, 5, 1, 2, 2, 53, 3, 2, 55, 2, 2, 1, 
296: 0, 4, 0, 4, 0, 0, 0, 0, 0, 0, 0, 0, 0, 0, 0, 2, 0, 0, 0, 3, 0, 0, 0, 3, 3, 0, 0, 0, 0, 3, 0, 0, 5, 0, 0, 2, 5, 3, 0, 4, : 4, 4, 2, 3, 3, 3, 3, 5, 2, 5, 3, 4, 
114: 1, 2, 0, 4, 0, 0, 0, 2, 0, 1, 0, 0, 0, 0, 50, 0, 0, 0, 5, 5, 0, 0, 0, 1, 5, 0, 0, 0, 0, 0, 2, 0, 1, 0, 54, 0, 4, 4, 0, 2, : 1, 2, 4, 2, 1, 50, 5, 5, 1, 5, 2, 1, 54, 4, 4, 2, 
11: 0, 2, 0, 4, 0, 0, 0, 4, 0, 0, 5, 0, 0, 1, 0, 0, 0, 0, 1, 3, 5, 0, 0, 2, 2, 0, 0, 1, 0, 0, 0, 53, 4, 0, 0, 0, 3, 5, 0, 4, : 2, 4, 4, 5, 1, 1, 3, 5, 2, 2, 1, 53, 4, 3, 5, 4, 
385: 0, 1, 4, 3, 0, 2, 0, 1, 0, 1, 50, 5, 0, 0, 0, 1, 0, 2, 5, 4, 0, 0, 0, 7, 1, 0, 0, 0, 0, 0, 0, 0, 4, 0, 0, 0, 1, 1, 0, 2, : 1, 4, 3, 2, 1, 1, 50, 5, 1, 2, 5, 4, 7, 1, 4, 1, 1, 2, 
175: 0, 2, 0, 4, 0, 0, 0, 0, 0, 0, 0, 0, 0, 3, 0, 0, 0, 0, 3, 3, 0, 0, 0, 2, 2, 3, 3, 0, 0, 0, 0, 0, 4, 0, 0, 0, 1, 2, 0, 3, : 2, 4, 3, 3, 3, 2, 2, 3, 3, 4, 1, 2, 3, 
131: 0, 5, 0, 4, 2, 0, 0, 0, 0, 1, 0, 0, 0, 0, 0, 0, 2, 0, 4, 5, 1, 4, 55, 1, 3, 1, 0, 2, 0, 0, 0, 1, 0, 0, 0, 0, 2, 2, 0, 3, : 5, 4, 2, 1, 2, 4, 5, 1, 4, 55, 1, 3, 1, 2, 1, 2, 2, 3, 
194: 0, 0, 0, 2, 0, 0, 0, 0, 5, 0, 1, 0, 0, 0, 3, 0, 0, 0, 4, 1, 0, 0, 0, 6, 1, 0, 0, 0, 0, 0, 3, 0, 0, 0, 0, 0, 3, 5, 0, 5, : 2, 5, 1, 3, 4, 1, 6, 1, 3, 3, 5, 5, 
311: 0, 2, 0, 1, 0, 0, 0, 53, 0, 0, 0, 0, 0, 0, 1, 0, 0, 50, 4, 1, 0, 0, 0, 3, 3, 0, 0, 0, 0, 52, 0, 0, 5, 0, 0, 0, 4, 4, 0, 5, : 2, 1, 53, 1, 50, 4, 1, 3, 3, 52, 5, 4, 4, 5, 
320: 3, 4, 0, 3, 4, 0, 0, 0, 0, 0, 0, 0, 0, 0, 0, 0, 0, 0, 3, 3, 0, 0, 0, 4, 3, 0, 0, 0, 0, 1, 0, 0, 3, 4, 1, 0, 1, 4, 0, 4, : 3, 4, 3, 4, 3, 3, 4, 3, 1, 3, 4, 1, 1, 4, 4, 
193: 2, 3, 0, 3, 0, 0, 2, 0, 0, 2, 0, 0, 0, 0, 0, 50, 3, 2, 2, 2, 0, 0, 0, 2, 4, 0, 0, 4, 5, 0, 1, 0, 3, 0, 0, 0, 4, 1, 2, 1, : 2, 3, 3, 2, 2, 50, 3, 2, 2, 2, 2, 4, 4, 5, 1, 3, 4, 1, 2, 1, 
352: 0, 3, 0, 5, 0, 55, 0, 0, 4, 52, 0, 0, 0, 50, 4, 0, 51, 0, 3, 5, 0, 2, 2, 4, 3, 0, 0, 0, 0, 0, 0, 0, 4, 1, 0, 3, 2, 5, 0, 4, : 3, 5, 55, 4, 52, 50, 4, 51, 3, 5, 2, 2, 4, 3, 4, 1, 3, 2, 5, 4, 
71: 0, 5, 50, 1, 0, 0, 53, 0, 51, 3, 0, 0, 0, 0, 0, 1, 0, 0, 1, 3, 54, 0, 0, 4, 4, 0, 0, 0, 0, 3, 0, 0, 5, 0, 0, 0, 5, 1, 0, 3, : 5, 50, 1, 53, 51, 3, 1, 1, 3, 54, 4, 4, 3, 5, 5, 1, 3, 


248: 1, 0, 0, 0, 0, 50, 0, 0, 5, 0, 0, 0, 0, 0, 0, 0, 0, 1, 1, 5, 0, 1, 1, 0, 0, 0, 0, 0, 1, 3, 0, 5, 4, 0, 0, 51, 0, 0, 0, 3, : 1, 50, 5, 1, 1, 5, 1, 1, 1, 3, 5, 4, 51, 3, 
190: 2, 0, 4, 0, 0, 4, 3, 0, 1, 0, 0, 0, 0, 0, 0, 0, 0, 0, 0, 0, 0, 0, 4, 0, 4, 0, 0, 1, 54, 2, 52, 5, 2, 0, 4, 0, 0, 0, 1, 0, : 2, 4, 4, 3, 1, 4, 4, 1, 54, 2, 52, 5, 2, 4, 1, 
400: 4, 0, 52, 0, 2, 1, 51, 1, 0, 53, 1, 0, 0, 1, 0, 0, 0, 0, 3, 1, 0, 0, 0, 0, 0, 3, 0, 0, 0, 2, 0, 2, 1, 0, 1, 0, 0, 0, 0, 0, : 4, 52, 2, 1, 51, 1, 53, 1, 1, 3, 1, 3, 2, 2, 1, 1, 
274: 1, 0, 3, 0, 0, 0, 0, 1, 0, 0, 2, 0, 0, 0, 0, 0, 0, 0, 0, 1, 2, 0, 50, 0, 0, 3, 0, 0, 0, 2, 0, 1, 1, 0, 0, 4, 0, 0, 0, 0, : 1, 3, 1, 2, 1, 2, 50, 3, 2, 1, 1, 4, 
135: 4, 0, 0, 3, 0, 0, 3, 0, 0, 0, 0, 0, 0, 0, 0, 0, 2, 0, 55, 4, 0, 0, 0, 0, 0, 2, 0, 0, 0, 4, 0, 0, 4, 0, 0, 3, 0, 0, 1, 55, : 4, 3, 3, 2, 55, 4, 2, 4, 4, 3, 1, 55, 
66: 2, 0, 0, 0, 0, 0, 2, 0, 0, 0, 0, 0, 1, 0, 0, 0, 0, 0, 0, 4, 4, 0, 0, 0, 0, 0, 1, 0, 1, 6, 0, 1, 2, 0, 0, 0, 53, 2, 53, 0, : 2, 2, 1, 4, 4, 1, 1, 6, 1, 2, 53, 2, 53, 
346: 2, 0, 0, 0, 0, 0, 0, 0, 0, 0, 5, 0, 0, 4, 0, 0, 0, 0, 0, 0, 0, 0, 0, 0, 0, 0, 0, 0, 0, 1, 0, 2, 1, 4, 0, 0, 0, 0, 0, 0, : 2, 5, 4, 1, 2, 1, 4, 
149: 5, 3, 0, 0, 0, 0, 0, 0, 0, 2, 0, 0, 0, 4, 0, 5, 1, 0, 0, 4, 3, 0, 0, 0, 2, 0, 0, 0, 0, 4, 3, 1, 3, 0, 0, 0, 2, 0, 0, 0, : 5, 3, 2, 4, 5, 1, 4, 3, 2, 4, 3, 1, 3, 2, 
235: 7, 0, 0, 0, 0, 0, 0, 2, 0, 1, 0, 2, 0, 0, 4, 53, 52, 0, 0, 5, 1, 0, 0, 0, 0, 2, 0, 1, 0, 1, 0, 5, 4, 0, 0, 0, 0, 50, 0, 0, : 7, 2, 1, 2, 4, 53, 52, 5, 1, 2, 1, 1, 5, 4, 50, 
290: 4, 0, 1, 55, 0, 1, 0, 0, 0, 0, 0, 0, 0, 50, 0, 0, 0, 0, 0, 5, 0, 0, 0, 5, 0, 0, 51, 0, 0, 2, 0, 5, 2, 0, 0, 0, 0, 0, 0, 0, : 4, 1, 55, 1, 50, 5, 5, 51, 2, 5, 2, 
20: 5, 0, 0, 0, 53, 0, 0, 0, 0, 0, 0, 50, 0, 0, 0, 0, 0, 0, 0, 0, 0, 0, 0, 0, 1, 0, 0, 0, 2, 2, 5, 5, 2, 0, 0, 0, 0, 0, 0, 0, : 5, 53, 50, 1, 2, 2, 5, 5, 2, 
122: 1, 0, 0, 0, 0, 4, 0, 52, 0, 0, 0, 0, 0, 0, 50, 0, 4, 0, 1, 3, 0, 1, 5, 1, 0, 0, 0, 54, 0, 3, 0, 2, 5, 5, 0, 0, 0, 1, 0, 0, : 1, 4, 52, 50, 4, 1, 3, 1, 5, 1, 54, 3, 2, 5, 5, 1, 
89: 2, 3, 0, 0, 0, 0, 0, 3, 2, 0, 0, 0, 5, 0, 0, 0, 0, 51, 0, 4, 50, 53, 0, 0, 53, 0, 4, 0, 0, 3, 0, 4, 5, 0, 51, 2, 0, 0, 0, 0, : 2, 3, 3, 2, 5, 51, 4, 50, 53, 53, 4, 3, 4, 5, 51, 2, 
368: 1, 0, 0, 0, 4, 0, 0, 0, 0, 0, 0, 0, 0, 0, 5, 2, 0, 0, 0, 4, 0, 0, 0, 0, 0, 0, 0, 0, 0, 3, 0, 4, 4, 51, 4, 0, 0, 3, 0, 0, : 1, 4, 5, 2, 4, 3, 4, 4, 51, 4, 3, 
304: 3, 0, 0, 0, 0, 0, 0, 0, 0, 0, 0, 5, 0, 1, 0, 0, 0, 0, 0, 5, 0, 5, 0, 0, 0, 0, 0, 0, 0, 5, 0, 0, 4, 0, 0, 0, 0, 0, 5, 0, : 3, 5, 1, 5, 5, 5, 4, 5, 
394: 4, 0, 0, 0, 0, 0, 0, 0, 0, 4, 51, 0, 0, 0, 0, 0, 0, 2, 0, 5, 0, 0, 0, 0, 0, 0, 0, 0, 2, 4, 0, 3, 1, 0, 0, 0, 0, 4, 0, 0, : 4, 4, 51, 2, 5, 2, 4, 3, 1, 4, 
138: 4, 0, 0, 0, 0, 0, 0, 0, 50, 0, 1, 0, 0, 0, 0, 0, 0, 0, 0, 5, 0, 0, 0, 54, 0, 0, 0, 0, 0, 4, 0, 2, 5, 0, 0, 0, 5, 0, 0, 0, : 4, 50, 1, 5, 54, 4, 2, 5, 5, 
115: 3, 0, 0, 2, 1, 0, 1, 0, 0, 0, 0, 3, 54, 0, 0, 0, 0, 5, 0, 3, 0, 0, 0, 0, 0, 0, 4, 0, 0, 4, 0, 3, 4, 0, 0, 0, 0, 0, 0, 2, : 3, 2, 1, 1, 3, 54, 5, 3, 4, 4, 3, 4, 2, 
218: 3, 0, 0, 0, 0, 0, 0, 1, 0, 0, 0, 0, 0, 0, 0, 0, 1, 1, 0, 0, 0, 0, 0, 0, 0, 0, 0, 0, 0, 1, 0, 5, 2, 0, 0, 0, 0, 0, 0, 0, : 3, 1, 1, 1, 1, 5, 2, 
342: 2, 54, 0, 0, 0, 0, 0, 0, 2, 0, 0, 0, 0, 0, 1, 0, 0, 0, 0, 2, 0, 0, 0, 0, 0, 50, 0, 4, 0, 4, 0, 5, 4, 0, 0, 0, 0, 0, 0, 0, : 2, 54, 2, 1, 2, 50, 4, 4, 5, 4, 


38: 3, 0, 0, 0, 0, 4, 0, 0, 0, 3, 1, 3, 1, 0, 0, 0, 4, 0, 0, 2, 0, 0, 1, 51, 0, 0, 8, 5, 0, 1, 5, 0, 0, 0, 0, 0, 0, 0, 52, 3, : 3, 4, 3, 1, 3, 1, 4, 2, 1, 51, 8, 5, 1, 5, 52, 3, 
18: 4, 0, 0, 0, 0, 4, 0, 0, 0, 1, 0, 5, 5, 0, 0, 0, 0, 0, 0, 0, 0, 55, 0, 0, 0, 0, 1, 5, 0, 1, 1, 0, 0, 0, 0, 0, 0, 0, 0, 1, : 4, 4, 1, 5, 5, 55, 1, 5, 1, 1, 1, 
13: 2, 4, 0, 0, 0, 4, 5, 0, 0, 3, 0, 2, 0, 0, 0, 53, 1, 0, 1, 0, 0, 0, 0, 0, 0, 0, 2, 1, 0, 0, 3, 1, 0, 1, 0, 0, 0, 0, 0, 3, : 2, 4, 4, 5, 3, 2, 53, 1, 1, 2, 1, 3, 1, 1, 3, 
357: 4, 0, 0, 0, 0, 5, 0, 0, 0, 5, 0, 5, 0, 0, 2, 0, 0, 0, 0, 50, 0, 0, 0, 0, 0, 0, 1, 1, 0, 53, 4, 0, 0, 0, 0, 0, 0, 0, 1, 3, : 4, 5, 5, 5, 2, 50, 1, 1, 53, 4, 1, 3, 
273: 2, 0, 55, 1, 0, 4, 0, 0, 0, 4, 53, 4, 0, 0, 0, 0, 0, 0, 51, 0, 5, 0, 1, 0, 0, 0, 5, 4, 0, 0, 3, 0, 5, 0, 3, 1, 0, 0, 0, 2, : 2, 55, 1, 4, 4, 53, 4, 51, 5, 1, 5, 4, 3, 5, 3, 1, 2, 
88: 2, 0, 0, 0, 0, 5, 0, 0, 5, 2, 0, 5, 0, 0, 0, 0, 0, 0, 0, 0, 54, 0, 3, 0, 0, 0, 1, 1, 0, 0, 5, 50, 0, 1, 0, 1, 50, 0, 0, 4, : 2, 5, 5, 2, 5, 54, 3, 1, 1, 5, 50, 1, 1, 50, 4, 
247: 5, 0, 0, 0, 0, 2, 0, 4, 0, 1, 0, 1, 0, 0, 0, 0, 0, 4, 0, 0, 0, 0, 0, 0, 0, 0, 5, 1, 4, 0, 3, 2, 0, 1, 0, 0, 0, 0, 0, 0, : 5, 2, 4, 1, 1, 4, 5, 1, 4, 3, 2, 1, 
246: 1, 1, 0, 0, 0, 2, 2, 0, 4, 5, 0, 4, 0, 0, 0, 0, 1, 0, 0, 0, 0, 0, 0, 1, 0, 5, 5, 3, 0, 0, 3, 2, 0, 1, 0, 0, 5, 0, 0, 5, : 1, 1, 2, 2, 4, 5, 4, 1, 1, 5, 5, 3, 3, 2, 1, 5, 5, 
134: 5, 50, 0, 0, 0, 1, 0, 0, 0, 3, 0, 1, 54, 0, 54, 0, 1, 0, 0, 5, 0, 1, 0, 3, 1, 0, 2, 2, 0, 0, 2, 0, 0, 50, 51, 0, 0, 4, 0, 5, : 5, 50, 1, 3, 1, 54, 54, 1, 5, 1, 3, 1, 2, 2, 2, 50, 51, 4, 5, 
162: 7, 0, 0, 1, 0, 3, 2, 0, 0, 2, 2, 5, 0, 4, 0, 0, 0, 0, 5, 0, 0, 0, 1, 0, 0, 0, 3, 2, 3, 0, 1, 2, 0, 0, 0, 55, 0, 4, 0, 4, : 7, 1, 3, 2, 2, 2, 5, 4, 5, 1, 3, 2, 3, 1, 2, 55, 4, 4, 
337: 1, 0, 0, 53, 0, 5, 0, 0, 50, 3, 0, 2, 0, 1, 0, 0, 0, 0, 0, 0, 0, 4, 0, 0, 4, 0, 4, 5, 0, 0, 2, 1, 0, 0, 0, 0, 0, 0, 0, 1, : 1, 53, 5, 50, 3, 2, 1, 4, 4, 4, 5, 2, 1, 1, 
345: 6, 0, 0, 0, 0, 1, 51, 0, 1, 2, 0, 3, 0, 1, 0, 0, 0, 0, 0, 0, 0, 0, 0, 0, 0, 2, 3, 4, 0, 0, 3, 1, 0, 0, 0, 0, 0, 52, 4, 1, : 6, 1, 51, 1, 2, 3, 1, 2, 3, 4, 3, 1, 52, 4, 1, 
222: 1, 0, 0, 0, 1, 5, 0, 0, 0, 1, 0, 2, 0, 0, 3, 0, 0, 0, 0, 0, 0, 0, 1, 1, 0, 0, 1, 3, 0, 5, 6, 1, 0, 0, 0, 0, 0, 0, 0, 4, : 1, 1, 5, 1, 2, 3, 1, 1, 1, 3, 5, 6, 1, 4, 
318: 2, 0, 0, 0, 4, 3, 0, 0, 0, 4, 0, 2, 0, 0, 0, 0, 2, 0, 0, 2, 0, 0, 0, 0, 0, 0, 1, 5, 0, 0, 2, 0, 0, 0, 0, 0, 5, 0, 0, 2, : 2, 4, 3, 4, 2, 2, 2, 1, 5, 2, 5, 2, 
31: 1, 0, 0, 0, 53, 0, 0, 0, 0, 2, 0, 1, 0, 0, 0, 0, 0, 2, 0, 0, 0, 0, 53, 0, 0, 0, 2, 1, 0, 0, 2, 0, 0, 1, 5, 0, 0, 0, 0, 5, : 1, 53, 2, 1, 2, 53, 2, 1, 2, 1, 5, 5, 
390: 1, 5, 0, 0, 0, 5, 0, 3, 0, 4, 0, 1, 0, 0, 0, 2, 50, 0, 0, 0, 0, 0, 0, 3, 0, 0, 5, 2, 0, 0, 3, 0, 50, 2, 0, 0, 0, 0, 0, 2, : 1, 5, 5, 3, 4, 1, 2, 50, 3, 5, 2, 3, 50, 2, 2, 
5: 2, 0, 4, 0, 0, 4, 0, 0, 0, 3, 4, 5, 0, 0, 1, 5, 0, 0, 3, 1, 0, 0, 0, 0, 53, 3, 2, 5, 1, 0, 1, 0, 5, 0, 0, 0, 0, 0, 0, 5, : 2, 4, 4, 3, 4, 5, 1, 5, 3, 1, 53, 3, 2, 5, 1, 1, 5, 5, 
292: 2, 0, 0, 5, 0, 1, 0, 0, 0, 4, 0, 4, 0, 0, 0, 0, 1, 0, 0, 0, 0, 0, 0, 1, 2, 0, 1, 2, 0, 0, 4, 0, 0, 1, 1, 3, 0, 0, 0, 5, : 2, 5, 1, 4, 4, 1, 1, 2, 1, 2, 4, 1, 1, 3, 5, 
373: 1, 0, 1, 0, 2, 1, 0, 53, 0, 3, 0, 1, 0, 54, 0, 0, 0, 0, 0, 0, 1, 0, 0, 0, 0, 0, 4, 4, 52, 0, 3, 0, 0, 0, 0, 0, 0, 0, 0, 2, : 1, 1, 2, 1, 53, 3, 1, 54, 1, 4, 4, 52, 3, 2, 
242: 8, 0, 0, 0, 0, 1, 0, 0, 0, 5, 0, 4, 0, 0, 0, 0, 0, 54, 0, 0, 0, 0, 0, 0, 0, 50, 4, 4, 0, 0, 4, 0, 0, 2, 0, 0, 0, 0, 3, 3, : 8, 1, 5, 4, 54, 50, 4, 4, 4, 2, 3, 3, 


278: 0, 0, 3, 1, 0, 0, 0, 1, 0, 0, 0, 51, 2, 0, 0, 0, 2, 0, 0, 0, 0, 0, 0, 3, 0, 0, 0, 0, 0, 0, 1, 0, 0, 0, 0, 3, 0, 0, 1, 0, : 3, 1, 1, 51, 2, 2, 3, 1, 3, 1, 
123: 1, 1, 0, 0, 4, 0, 0, 0, 2, 0, 0, 0, 2, 0, 0, 2, 1, 2, 0, 0, 0, 0, 0, 5, 0, 1, 0, 0, 0, 2, 3, 2, 0, 0, 0, 5, 2, 0, 0, 4, : 1, 1, 4, 2, 2, 2, 1, 2, 5, 1, 2, 3, 2, 5, 2, 4, 
285: 5, 0, 54, 1, 0, 1, 0, 1, 3, 0, 0, 2, 1, 0, 0, 5, 0, 1, 0, 4, 0, 2, 0, 5, 0, 0, 0, 54, 0, 4, 3, 0, 0, 0, 0, 2, 1, 0, 0, 0, : 5, 54, 1, 1, 1, 3, 2, 1, 5, 1, 4, 2, 5, 54, 4, 3, 2, 1, 
261: 1, 0, 0, 0, 0, 2, 0, 3, 5, 0, 0, 0, 0, 0, 0, 5, 54, 0, 0, 4, 2, 0, 50, 3, 0, 0, 0, 0, 0, 0, 5, 0, 0, 1, 0, 2, 0, 0, 1, 0, : 1, 2, 3, 5, 5, 54, 4, 2, 50, 3, 5, 1, 2, 1, 
141: 3, 0, 0, 50, 0, 0, 0, 0, 2, 0, 0, 0, 0, 1, 0, 3, 0, 0, 0, 1, 0, 0, 4, 4, 0, 0, 0, 0, 3, 0, 3, 1, 0, 2, 0, 3, 0, 1, 0, 0, : 3, 50, 2, 1, 3, 1, 4, 4, 3, 3, 1, 2, 3, 1, 
326: 5, 3, 0, 0, 0, 1, 51, 0, 1, 0, 0, 0, 3, 0, 0, 1, 0, 0, 0, 0, 0, 0, 0, 2, 0, 4, 0, 0, 0, 0, 5, 0, 0, 0, 0, 3, 0, 0, 0, 0, : 5, 3, 1, 51, 1, 3, 1, 2, 4, 5, 3, 
8: 4, 3, 1, 0, 0, 0, 0, 0, 5, 0, 0, 0, 0, 0, 0, 5, 0, 1, 0, 1, 0, 0, 3, 4, 0, 0, 0, 0, 51, 0, 5, 1, 0, 53, 0, 5, 0, 0, 0, 1, : 4, 3, 1, 5, 5, 1, 1, 3, 4, 51, 5, 1, 53, 5, 1, 
116: 4, 3, 0, 0, 1, 2, 0, 0, 5, 0, 3, 1, 0, 0, 0, 2, 0, 3, 0, 0, 0, 0, 0, 4, 1, 0, 53, 0, 3, 0, 2, 54, 5, 0, 54, 3, 0, 0, 0, 0, : 4, 3, 1, 2, 5, 3, 1, 2, 3, 4, 1, 53, 3, 2, 54, 5, 54, 3, 
68: 4, 0, 0, 1, 0, 51, 0, 0, 4, 3, 0, 0, 0, 0, 3, 5, 0, 0, 5, 0, 2, 0, 0, 2, 55, 54, 1, 0, 3, 0, 4, 0, 0, 4, 0, 5, 52, 0, 0, 3, : 4, 1, 51, 4, 3, 3, 5, 5, 2, 2, 55, 54, 1, 3, 4, 4, 5, 52, 3, 
107: 1, 0, 0, 0, 0, 1, 2, 0, 1, 1, 1, 0, 0, 0, 53, 1, 0, 1, 0, 0, 0, 0, 0, 3, 0, 1, 0, 0, 0, 1, 5, 2, 0, 0, 0, 4, 3, 0, 0, 0, : 1, 1, 2, 1, 1, 1, 53, 1, 1, 3, 1, 1, 5, 2, 4, 3, 
340: 1, 0, 0, 5, 1, 0, 0, 0, 3, 0, 0, 0, 0, 53, 0, 5, 0, 0, 0, 0, 0, 1, 0, 1, 0, 0, 0, 0, 0, 0, 2, 0, 0, 0, 1, 5, 0, 0, 0, 0, : 1, 5, 1, 3, 53, 5, 1, 1, 2, 1, 5, 
269: 5, 0, 1, 0, 0, 0, 0, 0, 4, 50, 3, 0, 0, 1, 0, 4, 0, 0, 0, 0, 0, 0, 0, 2, 0, 0, 0, 0, 0, 0, 1, 0, 0, 0, 0, 2, 0, 0, 55, 0, : 5, 1, 4, 50, 3, 1, 4, 2, 1, 2, 55, 
344: 3, 0, 0, 0, 0, 0, 0, 1, 1, 0, 52, 0, 0, 4, 0, 3, 0, 0, 0, 0, 0, 0, 0, 4, 0, 0, 0, 2, 0, 0, 2, 0, 0, 0, 0, 2, 0, 54, 0, 0, : 3, 1, 1, 52, 4, 3, 4, 2, 2, 2, 54, 
321: 3, 0, 0, 0, 0, 0, 4, 0, 3, 0, 0, 5, 0, 0, 0, 4, 0, 0, 0, 0, 1, 2, 0, 4, 0, 0, 0, 0, 0, 1, 3, 0, 0, 0, 0, 2, 0, 0, 3, 0, : 3, 4, 3, 5, 4, 1, 2, 4, 1, 3, 2, 3, 
26: 2, 0, 0, 1, 0, 0, 1, 0, 4, 2, 0, 0, 0, 0, 0, 0, 0, 0, 0, 50, 0, 0, 0, 2, 0, 0, 5, 1, 0, 52, 2, 0, 0, 0, 0, 5, 0, 0, 0, 0, : 2, 1, 1, 4, 2, 50, 2, 5, 1, 52, 2, 5, 
136: 2, 0, 1, 0, 0, 0, 0, 0, 5, 4, 0, 0, 0, 0, 0, 1, 3, 0, 0, 0, 53, 0, 3, 1, 0, 0, 0, 0, 0, 0, 3, 0, 52, 0, 5, 1, 0, 0, 0, 0, : 2, 1, 5, 4, 1, 3, 53, 3, 1, 3, 52, 5, 1, 
41: 3, 0, 0, 0, 52, 0, 0, 54, 5, 0, 0, 1, 0, 0, 4, 5, 0, 0, 55, 0, 0, 0, 0, 3, 0, 0, 1, 0, 0, 0, 0, 0, 0, 0, 0, 1, 0, 0, 0, 0, : 3, 52, 54, 5, 1, 4, 5, 55, 3, 1, 1, 
323: 4, 0, 0, 0, 0, 0, 2, 0, 3, 0, 1, 0, 52, 1, 0, 2, 0, 0, 0, 0, 0, 0, 0, 5, 0, 0, 0, 0, 0, 0, 3, 0, 0, 0, 0, 2, 1, 5, 0, 51, : 4, 2, 3, 1, 52, 1, 2, 5, 3, 2, 1, 5, 51, 
156: 4, 50, 0, 1, 2, 2, 0, 0, 1, 0, 0, 0, 0, 0, 0, 3, 0, 52, 0, 0, 0, 0, 0, 2, 0, 0, 0, 3, 0, 0, 4, 0, 1, 0, 0, 4, 1, 0, 0, 0, : 4, 50, 1, 2, 2, 1, 3, 52, 2, 3, 4, 1, 4, 1, 
365: 5, 0, 0, 0, 0, 0, 0, 0, 3, 0, 0, 0, 0, 0, 0, 4, 0, 0, 0, 0, 2, 55, 0, 1, 4, 0, 0, 0, 0, 0, 4, 0, 2, 0, 0, 1, 0, 0, 0, 1, : 5, 3, 4, 2, 55, 1, 4, 4, 2, 1, 1, 


188: 0, 0, 0, 0, 4, 0, 0, 0, 0, 0, 0, 4, 0, 5, 0, 1, 4, 0, 1, 0, 5, 3, 0, 1, 0, 0, 0, 0, 0, 0, 0, 3, 0, 2, 0, 0, 3, 0, 3, 0, : 4, 4, 5, 1, 4, 1, 5, 3, 1, 3, 2, 3, 3, 
271: 0, 0, 0, 0, 1, 0, 0, 0, 0, 0, 0, 0, 0, 5, 0, 0, 0, 0, 1, 0, 5, 0, 0, 1, 0, 3, 0, 0, 0, 0, 0, 0, 2, 3, 0, 0, 4, 0, 2, 5, : 1, 5, 1, 5, 1, 3, 2, 3, 4, 2, 5, 
211: 0, 0, 0, 54, 2, 0, 0, 3, 0, 0, 0, 0, 1, 2, 1, 3, 0, 0, 4, 0, 0, 0, 0, 3, 0, 0, 0, 0, 0, 0, 0, 0, 0, 2, 0, 0, 4, 0, 1, 5, : 54, 2, 3, 1, 2, 1, 3, 4, 3, 2, 4, 1, 5, 
22: 0, 0, 0, 0, 2, 0, 0, 0, 0, 0, 0, 0, 2, 4, 0, 0, 0, 0, 2, 0, 0, 0, 0, 4, 0, 0, 0, 1, 0, 3, 0, 0, 0, 3, 0, 55, 3, 3, 1, 5, : 2, 2, 4, 2, 4, 1, 3, 3, 55, 3, 3, 1, 5, 
370: 0, 0, 0, 0, 5, 3, 0, 0, 0, 0, 0, 0, 0, 3, 0, 2, 0, 0, 2, 0, 3, 0, 2, 1, 3, 0, 0, 0, 0, 1, 0, 0, 0, 2, 0, 0, 5, 51, 1, 1, : 5, 3, 3, 2, 2, 3, 2, 1, 3, 1, 2, 5, 51, 1, 1, 
307: 0, 0, 50, 0, 1, 0, 3, 0, 0, 0, 0, 0, 2, 1, 0, 50, 0, 0, 4, 0, 3, 0, 0, 5, 0, 1, 0, 0, 0, 50, 0, 2, 0, 4, 0, 1, 1, 0, 4, 3, : 50, 1, 3, 2, 1, 50, 4, 3, 5, 1, 50, 2, 4, 1, 1, 4, 3, 
98: 0, 0, 0, 0, 1, 0, 0, 0, 0, 0, 0, 0, 0, 2, 0, 0, 0, 0, 1, 2, 2, 0, 0, 5, 0, 0, 0, 0, 2, 0, 0, 0, 0, 2, 0, 0, 2, 0, 2, 0, : 1, 2, 1, 2, 2, 5, 2, 2, 2, 2, 
205: 0, 0, 0, 0, 2, 0, 0, 0, 50, 1, 0, 0, 51, 2, 1, 0, 0, 0, 4, 0, 2, 0, 0, 1, 0, 0, 0, 1, 0, 2, 0, 0, 0, 3, 0, 0, 1, 0, 1, 3, : 2, 50, 1, 51, 2, 1, 4, 2, 1, 1, 2, 3, 1, 1, 3, 
198: 0, 0, 0, 3, 3, 1, 53, 0, 0, 0, 0, 0, 0, 3, 2, 1, 0, 0, 5, 0, 1, 0, 55, 2, 52, 0, 0, 5, 1, 0, 55, 0, 0, 5, 2, 0, 5, 0, 5, 4, : 3, 3, 1, 53, 3, 2, 1, 5, 1, 55, 2, 52, 5, 1, 55, 5, 2, 5, 5, 4, 
334: 0, 0, 0, 0, 3, 0, 0, 0, 0, 0, 4, 0, 0, 3, 0, 0, 0, 0, 5, 1, 5, 0, 0, 5, 0, 0, 3, 0, 0, 0, 0, 0, 0, 1, 0, 0, 1, 0, 4, 5, : 3, 4, 3, 5, 1, 5, 5, 3, 1, 1, 4, 5, 
254: 0, 5, 1, 0, 5, 0, 0, 0, 0, 53, 0, 0, 0, 3, 0, 0, 0, 55, 3, 0, 5, 0, 0, 4, 0, 0, 0, 52, 50, 0, 0, 1, 55, 1, 0, 0, 2, 0, 2, 0, : 5, 1, 5, 53, 3, 55, 3, 5, 4, 52, 50, 1, 55, 1, 2, 2, 
25: 2, 3, 0, 0, 5, 0, 1, 0, 0, 0, 1, 0, 0, 2, 0, 0, 0, 0, 3, 0, 3, 0, 3, 3, 0, 0, 0, 0, 0, 0, 1, 54, 0, 5, 0, 3, 7, 0, 2, 5, : 2, 3, 5, 1, 1, 2, 3, 3, 3, 3, 1, 54, 5, 3, 7, 2, 5, 
397: 1, 0, 1, 3, 2, 0, 0, 0, 2, 2, 1, 0, 0, 4, 0, 0, 0, 0, 3, 0, 4, 55, 0, 2, 0, 0, 0, 0, 1, 0, 0, 0, 0, 5, 0, 0, 3, 0, 4, 2, : 1, 1, 3, 2, 2, 2, 1, 4, 3, 4, 55, 2, 1, 5, 3, 4, 2, 
45: 0, 0, 4, 0, 2, 51, 3, 0, 0, 0, 53, 0, 0, 1, 0, 0, 0, 4, 3, 2, 1, 2, 0, 5, 2, 0, 3, 0, 0, 4, 0, 0, 0, 1, 3, 0, 3, 5, 2, 4, : 4, 2, 51, 3, 53, 1, 4, 3, 2, 1, 2, 5, 2, 3, 4, 1, 3, 3, 5, 2, 4, 
30: 52, 52, 3, 0, 5, 0, 0, 0, 0, 4, 0, 1, 0, 3, 0, 0, 1, 0, 2, 0, 1, 0, 0, 5, 0, 0, 0, 0, 0, 0, 1, 0, 0, 2, 55, 1, 2, 0, 4, 2, : 52, 52, 3, 5, 4, 1, 3, 1, 2, 1, 5, 1, 2, 55, 1, 2, 4, 2, 
312: 2, 0, 0, 0, 4, 4, 0, 0, 5, 0, 0, 5, 0, 4, 0, 0, 0, 0, 1, 4, 4, 0, 0, 4, 0, 0, 0, 1, 0, 0, 0, 0, 0, 4, 0, 0, 3, 0, 4, 3, : 2, 4, 4, 5, 5, 4, 1, 4, 4, 4, 1, 4, 3, 4, 3, 
192: 3, 0, 0, 0, 5, 0, 0, 0, 0, 0, 0, 50, 0, 3, 0, 0, 0, 0, 1, 1, 3, 0, 0, 4, 0, 0, 54, 0, 0, 0, 0, 0, 0, 3, 0, 0, 3, 1, 4, 4, : 3, 5, 50, 3, 1, 1, 3, 4, 54, 3, 3, 1, 4, 4, 
216: 0, 0, 0, 0, 4, 1, 0, 0, 0, 0, 1, 0, 1, 5, 0, 0, 0, 0, 7, 0, 4, 0, 0, 3, 0, 53, 0, 0, 0, 0, 0, 0, 3, 4, 0, 0, 3, 0, 4, 0, : 4, 1, 1, 1, 5, 7, 4, 3, 53, 3, 4, 3, 4, 
253: 0, 0, 1, 0, 3, 0, 0, 4, 0, 0, 0, 0, 0, 1, 3, 0, 3, 0, 4, 0, 5, 0, 0, 1, 0, 3, 0, 0, 4, 0, 3, 0, 0, 4, 0, 0, 3, 0, 5, 5, : 1, 3, 4, 1, 3, 3, 4, 5, 1, 3, 4, 3, 4, 3, 5, 5, 
171: 0, 0, 0, 0, 1, 0, 0, 53, 3, 0, 0, 0, 3, 4, 53, 3, 52, 1, 4, 50, 4, 0, 0, 1, 3, 0, 0, 0, 2, 0, 0, 0, 0, 4, 0, 0, 2, 0, 5, 4, : 1, 53, 3, 3, 4, 53, 3, 52, 1, 4, 50, 4, 1, 3, 2, 4, 2, 5, 4, 


125: 0, 0, 0, 0, 51, 1, 0, 3, 5, 0, 0, 1, 1, 0, 0, 0, 4, 1, 0, 3, 1, 0, 0, 1, 2, 0, 0, 0, 0, 55, 4, 0, 0, 0, 0, 0, 1, 1, 0, 0, : 51, 1, 3, 5, 1, 1, 4, 1, 3, 1, 1, 2, 55, 4, 1, 1, 
380: 50, 0, 3, 0, 0, 5, 0, 0, 0, 0, 0, 0, 2, 1, 0, 52, 5, 0, 0, 2, 0, 0, 0, 5, 0, 0, 0, 0, 0, 2, 5, 0, 0, 0, 0, 1, 0, 0, 0, 0, : 50, 3, 5, 2, 1, 52, 5, 2, 5, 2, 5, 1, 
2: 0, 0, 0, 0, 0, 1, 2, 0, 0, 0, 0, 0, 1, 0, 0, 0, 5, 0, 0, 3, 0, 0, 0, 5, 0, 51, 0, 2, 0, 0, 1, 0, 0, 4, 0, 0, 0, 0, 0, 0, : 1, 2, 1, 5, 3, 5, 51, 2, 1, 4, 
21: 0, 0, 54, 0, 0, 2, 0, 0, 1, 50, 0, 5, 55, 0, 0, 0, 0, 0, 0, 4, 0, 0, 0, 5, 1, 0, 0, 0, 0, 0, 3, 0, 0, 0, 0, 1, 0, 0, 0, 0, : 54, 2, 1, 50, 5, 55, 4, 5, 1, 3, 1, 
126: 0, 1, 0, 4, 0, 2, 0, 50, 0, 0, 0, 0, 0, 0, 0, 0, 0, 0, 0, 5, 3, 0, 5, 1, 0, 0, 0, 51, 0, 0, 1, 0, 0, 0, 0, 0, 0, 0, 0, 0, : 1, 4, 2, 50, 5, 3, 5, 1, 51, 1, 
315: 2, 0, 0, 0, 0, 3, 0, 0, 0, 0, 0, 0, 0, 0, 0, 0, 5, 0, 4, 4, 0, 0, 0, 3, 0, 0, 0, 2, 54, 0, 4, 52, 0, 0, 0, 0, 0, 0, 0, 1, : 2, 3, 5, 4, 4, 3, 2, 54, 4, 52, 1, 
276: 0, 0, 0, 0, 1, 5, 51, 0, 0, 1, 0, 0, 0, 0, 0, 0, 5, 2, 50, 5, 0, 0, 0, 3, 0, 3, 0, 0, 4, 0, 1, 0, 0, 0, 0, 0, 0, 0, 0, 0, : 1, 5, 51, 1, 5, 2, 50, 5, 3, 3, 4, 1, 
313: 0, 0, 0, 1, 4, 3, 0, 0, 0, 0, 3, 0, 0, 0, 0, 0, 2, 0, 0, 2, 0, 0, 0, 1, 1, 0, 1, 0, 0, 0, 2, 5, 0, 0, 0, 0, 0, 52, 0, 0, : 1, 4, 3, 3, 2, 2, 1, 1, 1, 2, 5, 52, 
160: 2, 0, 1, 3, 0, 5, 2, 0, 0, 0, 0, 0, 0, 53, 52, 4, 4, 0, 0, 5, 0, 0, 53, 1, 0, 0, 0, 0, 0, 0, 2, 0, 3, 52, 0, 0, 52, 0, 52, 0, : 2, 1, 3, 5, 2, 53, 52, 4, 4, 5, 53, 1, 2, 3, 52, 52, 52, 
223: 0, 0, 2, 0, 0, 4, 0, 0, 50, 4, 0, 0, 0, 0, 0, 0, 5, 54, 0, 4, 0, 0, 0, 5, 53, 0, 3, 0, 0, 0, 4, 0, 2, 1, 0, 0, 0, 0, 0, 51, : 2, 4, 50, 4, 5, 54, 4, 5, 53, 3, 4, 2, 1, 51, 
77: 0, 0, 0, 0, 0, 1, 0, 0, 0, 0, 0, 0, 0, 0, 5, 0, 1, 0, 0, 2, 0, 0, 0, 2, 1, 0, 0, 0, 0, 0, 1, 0, 0, 0, 0, 0, 0, 0, 0, 0, : 1, 5, 1, 2, 2, 1, 1, 
17: 0, 0, 0, 0, 0, 1, 0, 0, 0, 3, 0, 54, 0, 0, 0, 0, 2, 3, 0, 5, 0, 4, 0, 3, 1, 0, 0, 0, 0, 0, 4, 0, 0, 0, 1, 0, 1, 0, 2, 0, : 1, 3, 54, 2, 3, 5, 4, 3, 1, 4, 1, 1, 2, 
213: 0, 0, 0, 0, 0, 4, 0, 0, 0, 0, 3, 0, 1, 3, 0, 1, 1, 0, 2, 0, 0, 1, 0, 3, 1, 0, 0, 0, 0, 2, 5, 3, 0, 2, 3, 4, 0, 0, 0, 0, : 4, 3, 1, 3, 1, 1, 2, 1, 3, 1, 2, 5, 3, 2, 3, 4, 
366: 2, 0, 0, 0, 0, 4, 0, 0, 2, 2, 0, 0, 0, 2, 0, 0, 5, 0, 0, 1, 0, 0, 0, 3, 0, 0, 55, 0, 0, 0, 4, 0, 53, 0, 54, 0, 0, 3, 5, 2, : 2, 4, 2, 2, 2, 5, 1, 3, 55, 4, 53, 54, 3, 5, 2, 
359: 1, 1, 0, 0, 4, 1, 0, 2, 2, 0, 0, 0, 0, 0, 0, 0, 4, 0, 0, 4, 52, 0, 0, 2, 0, 2, 0, 0, 0, 0, 1, 0, 0, 0, 0, 0, 4, 4, 0, 0, : 1, 1, 4, 1, 2, 2, 4, 4, 52, 2, 2, 1, 4, 4, 
27: 0, 54, 0, 0, 0, 4, 0, 0, 0, 0, 0, 0, 0, 0, 3, 0, 1, 0, 0, 0, 0, 0, 0, 4, 0, 0, 0, 0, 0, 0, 3, 0, 0, 0, 1, 53, 0, 0, 0, 0, : 54, 4, 3, 1, 4, 3, 1, 53, 
202: 1, 0, 0, 0, 0, 5, 0, 0, 0, 0, 0, 0, 0, 1, 0, 0, 4, 0, 0, 3, 0, 0, 0, 1, 0, 0, 0, 0, 0, 1, 4, 0, 0, 1, 1, 0, 0, 0, 1, 4, : 1, 5, 1, 4, 3, 1, 1, 4, 1, 1, 1, 4, 
50: 2, 4, 0, 0, 0, 3, 0, 2, 0, 0, 4, 0, 0, 0, 0, 0, 3, 0, 0, 1, 0, 5, 0, 5, 0, 0, 0, 1, 2, 0, 3, 0, 0, 0, 0, 1, 1, 0, 0, 0, : 2, 4, 3, 2, 4, 3, 1, 5, 5, 1, 2, 3, 1, 1, 
197: 0, 0, 0, 52, 0, 5, 5, 3, 0, 0, 0, 0, 0, 0, 0, 0, 0, 0, 4, 5, 0, 0, 0, 5, 0, 0, 1, 4, 0, 0, 3, 0, 2, 0, 0, 0, 0, 0, 0, 2, : 52, 5, 5, 3, 4, 5, 5, 1, 4, 3, 2, 2, 
309: 0, 0, 0, 0, 0, 1, 0, 0, 0, 0, 50, 0, 0, 0, 0, 3, 4, 0, 0, 2, 4, 50, 2, 2, 0, 4, 0, 0, 0, 0, 5, 0, 0, 0, 0, 0, 1, 0, 0, 0, : 1, 50, 3, 4, 2, 4, 50, 2, 2, 4, 5, 1, 


265: 0, 0, 0, 0, 0, 0, 0, 0, 0, 0, 0, 4, 0, 0, 4, 0, 1, 1, 4, 0, 2, 0, 0, 4, 0, 0, 0, 0, 4, 0, 5, 0, 0, 0, 1, 0, 0, 0, 5, 0, : 4, 4, 1, 1, 4, 2, 4, 4, 5, 1, 5, 
76: 0, 0, 0, 0, 0, 0, 0, 0, 0, 3, 0, 0, 0, 0, 3, 0, 0, 0, 1, 3, 5, 0, 0, 0, 0, 0, 0, 0, 3, 0, 3, 2, 0, 0, 0, 0, 0, 0, 3, 0, : 3, 3, 1, 3, 5, 3, 3, 2, 3, 
15: 0, 1, 0, 1, 0, 0, 0, 2, 0, 0, 0, 0, 0, 2, 1, 0, 3, 5, 5, 0, 4, 0, 0, 1, 0, 0, 0, 2, 3, 0, 1, 0, 0, 0, 0, 0, 1, 0, 1, 0, : 1, 1, 2, 2, 1, 3, 5, 5, 4, 1, 2, 3, 1, 1, 1, 
256: 0, 0, 0, 0, 0, 55, 0, 0, 0, 0, 0, 0, 4, 1, 1, 53, 3, 53, 5, 1, 4, 1, 52, 0, 0, 0, 3, 0, 1, 0, 1, 0, 4, 0, 0, 0, 0, 1, 5, 0, : 55, 4, 1, 1, 53, 3, 53, 5, 1, 4, 1, 52, 3, 1, 1, 4, 1, 5, 
238: 0, 0, 0, 0, 0, 0, 4, 0, 4, 0, 0, 0, 0, 3, 1, 0, 0, 0, 3, 0, 2, 0, 0, 1, 0, 0, 2, 3, 4, 0, 2, 0, 0, 0, 0, 55, 0, 4, 5, 54, : 4, 4, 3, 1, 3, 2, 1, 2, 3, 4, 2, 55, 4, 5, 54, 
212: 0, 0, 0, 0, 0, 0, 1, 0, 0, 0, 0, 0, 0, 0, 1, 0, 4, 0, 1, 0, 3, 0, 0, 0, 0, 51, 2, 0, 2, 0, 3, 50, 0, 0, 0, 1, 0, 0, 2, 0, : 1, 1, 4, 1, 3, 51, 2, 2, 3, 50, 1, 2, 
289: 0, 0, 1, 0, 51, 0, 0, 0, 0, 0, 0, 0, 0, 0, 2, 0, 1, 0, 4, 0, 3, 0, 0, 0, 3, 0, 0, 0, 2, 0, 3, 0, 0, 0, 0, 0, 0, 1, 4, 0, : 1, 51, 2, 1, 4, 3, 3, 2, 3, 1, 4, 
199: 0, 0, 1, 0, 0, 0, 0, 0, 0, 5, 0, 0, 0, 0, 3, 0, 5, 0, 3, 0, 2, 55, 0, 0, 1, 0, 2, 0, 3, 4, 5, 0, 0, 0, 53, 0, 0, 4, 1, 2, : 1, 5, 3, 5, 3, 2, 55, 1, 2, 3, 4, 5, 53, 4, 1, 2, 
200: 0, 1, 0, 2, 0, 0, 0, 0, 55, 0, 0, 0, 54, 0, 1, 0, 4, 0, 4, 0, 1, 0, 0, 0, 0, 0, 0, 0, 2, 0, 2, 1, 0, 4, 0, 0, 0, 50, 3, 0, : 1, 2, 55, 54, 1, 4, 4, 1, 2, 2, 1, 4, 50, 3, 
99: 0, 0, 0, 0, 0, 0, 0, 0, 0, 0, 52, 0, 1, 0, 1, 0, 5, 0, 5, 0, 3, 0, 0, 0, 0, 0, 0, 0, 5, 53, 1, 0, 1, 55, 0, 3, 0, 0, 2, 0, : 52, 1, 1, 5, 5, 3, 5, 53, 1, 1, 55, 3, 2, 
195: 0, 0, 0, 2, 1, 2, 0, 2, 0, 0, 0, 0, 0, 0, 1, 0, 4, 0, 1, 0, 4, 0, 3, 0, 0, 0, 0, 0, 5, 0, 4, 0, 54, 0, 0, 0, 0, 0, 5, 0, : 2, 1, 2, 2, 1, 4, 1, 4, 3, 5, 4, 54, 5, 
112: 3, 0, 0, 1, 0, 0, 0, 0, 0, 0, 5, 0, 0, 53, 2, 1, 5, 0, 0, 0, 2, 0, 0, 52, 1, 3, 0, 0, 1, 0, 2, 0, 0, 0, 0, 0, 4, 0, 4, 0, : 3, 1, 5, 53, 2, 1, 5, 2, 52, 1, 3, 1, 2, 4, 4, 
351: 0, 54, 0, 0, 1, 0, 51, 0, 1, 0, 3, 0, 0, 0, 3, 0, 5, 1, 5, 0, 5, 0, 0, 0, 1, 0, 0, 1, 5, 0, 4, 0, 0, 0, 0, 0, 54, 0, 4, 0, : 54, 1, 51, 1, 3, 3, 5, 1, 5, 5, 1, 1, 5, 4, 54, 4, 
333: 0, 0, 0, 53, 3, 0, 0, 0, 0, 0, 0, 0, 0, 0, 8, 0, 4, 0, 3, 0, 2, 0, 5, 2, 0, 0, 50, 54, 3, 0, 2, 2, 1, 0, 1, 0, 0, 0, 2, 0, : 53, 3, 8, 4, 3, 2, 5, 2, 50, 54, 3, 2, 2, 1, 1, 2, 
349: 0, 0, 0, 0, 0, 0, 4, 0, 0, 0, 0, 0, 1, 1, 1, 0, 3, 0, 2, 0, 4, 2, 0, 0, 0, 0, 1, 0, 3, 2, 3, 0, 0, 0, 3, 1, 0, 0, 1, 0, : 4, 1, 1, 1, 3, 2, 4, 2, 1, 3, 2, 3, 3, 1, 1, 
105: 5, 0, 4, 1, 4, 0, 0, 2, 0, 0, 0, 0, 0, 0, 5, 0, 0, 0, 5, 2, 3, 2, 0, 0, 0, 5, 0, 0, 2, 0, 2, 0, 0, 0, 0, 0, 0, 0, 1, 2, : 5, 4, 1, 4, 2, 5, 5, 2, 3, 2, 5, 2, 2, 1, 2, 
215: 52, 0, 1, 0, 0, 0, 0, 54, 0, 0, 0, 0, 0, 0, 5, 5, 2, 0, 1, 0, 4, 0, 0, 0, 0, 0, 0, 0, 5, 0, 3, 0, 0, 0, 0, 0, 0, 0, 4, 0, : 52, 1, 54, 5, 5, 2, 1, 4, 5, 3, 4, 
207: 0, 0, 52, 0, 0, 0, 0, 0, 0, 0, 0, 2, 0, 0, 8, 1, 3, 0, 4, 54, 4, 0, 0, 0, 51, 1, 0, 0, 1, 0, 4, 5, 0, 1, 2, 0, 1, 0, 1, 2, : 52, 2, 8, 1, 3, 4, 54, 4, 51, 1, 1, 4, 5, 1, 2, 1, 1, 2, 
40: 0, 4, 1, 0, 0, 0, 0, 0, 0, 0, 0, 54, 0, 0, 5, 0, 3, 0, 2, 0, 2, 0, 0, 0, 3, 0, 0, 0, 4, 1, 5, 0, 0, 0, 0, 0, 0, 0, 3, 0, : 4, 1, 54, 5, 3, 2, 2, 3, 4, 1, 5, 3, 
388: 0, 0, 0, 0, 0, 3, 0, 0, 0, 52, 0, 0, 0, 0, 4, 0, 5, 0, 2, 0, 1, 0, 0, 0, 0, 0, 0, 0, 2, 0, 5, 0, 0, 0, 0, 0, 0, 0, 4, 0, : 3, 52, 4, 5, 2, 1, 2, 5, 4, 


159: 0, 0, 0, 0, 0, 2, 0, 0, 1, 0, 5, 0, 2, 0, 55, 0, 0, 0, 52, 0, 0, 0, 52, 0, 8, 5, 0, 0, 0, 0, 0, 0, 0, 1, 0, 0, 0, 2, 0, 4, : 2, 1, 5, 2, 55, 52, 52, 8, 5, 1, 2, 4, 
371: 0, 0, 1, 0, 0, 5, 0, 0, 2, 0, 2, 0, 0, 0, 0, 0, 0, 0, 0, 0, 0, 0, 0, 0, 4, 0, 0, 0, 0, 0, 0, 0, 0, 0, 0, 0, 0, 2, 0, 3, : 1, 5, 2, 2, 4, 2, 3, 
303: 0, 2, 2, 0, 0, 1, 0, 1, 5, 0, 3, 0, 0, 0, 0, 0, 0, 3, 0, 0, 0, 0, 0, 0, 2, 53, 3, 0, 0, 0, 0, 0, 0, 0, 0, 0, 5, 4, 2, 2, : 2, 2, 1, 1, 5, 3, 3, 2, 53, 3, 5, 4, 2, 2, 
252: 0, 0, 2, 0, 0, 4, 0, 0, 4, 1, 4, 0, 0, 0, 0, 0, 1, 0, 2, 5, 0, 0, 0, 0, 4, 0, 0, 0, 0, 0, 0, 0, 2, 5, 0, 0, 0, 2, 0, 1, : 2, 4, 4, 1, 4, 1, 2, 5, 4, 2, 5, 2, 1, 
272: 0, 0, 4, 0, 0, 0, 0, 2, 1, 0, 3, 0, 0, 0, 0, 5, 4, 0, 0, 0, 50, 4, 5, 3, 7, 0, 0, 53, 3, 0, 0, 0, 0, 0, 0, 1, 0, 4, 0, 4, : 4, 2, 1, 3, 5, 4, 50, 4, 5, 3, 7, 53, 3, 1, 4, 4, 
86: 0, 4, 5, 0, 0, 4, 0, 0, 3, 0, 3, 5, 0, 5, 0, 0, 0, 51, 4, 0, 0, 0, 0, 0, 2, 0, 4, 0, 0, 0, 2, 0, 0, 0, 0, 0, 0, 4, 50, 4, : 4, 5, 4, 3, 3, 5, 5, 51, 4, 2, 4, 2, 4, 50, 4, 
239: 0, 0, 4, 5, 0, 5, 3, 0, 5, 0, 3, 0, 0, 0, 2, 0, 0, 0, 0, 0, 2, 0, 0, 0, 4, 0, 1, 0, 0, 3, 0, 54, 0, 0, 0, 0, 0, 5, 0, 1, : 4, 5, 5, 3, 5, 3, 2, 2, 4, 1, 3, 54, 5, 1, 
348: 2, 0, 5, 51, 0, 3, 0, 0, 4, 0, 4, 1, 0, 0, 0, 0, 2, 4, 0, 0, 0, 51, 0, 3, 5, 0, 0, 3, 0, 0, 0, 0, 0, 1, 3, 3, 0, 4, 0, 5, : 2, 5, 51, 3, 4, 4, 1, 2, 4, 51, 3, 5, 3, 1, 3, 3, 4, 5, 
187: 52, 0, 5, 0, 50, 3, 1, 0, 2, 2, 3, 51, 0, 0, 0, 0, 0, 0, 0, 0, 0, 0, 3, 0, 2, 0, 0, 0, 0, 0, 0, 0, 1, 1, 1, 0, 0, 5, 0, 3, : 52, 5, 50, 3, 1, 2, 2, 3, 51, 3, 2, 1, 1, 1, 5, 3, 
283: 0, 0, 4, 2, 2, 2, 0, 0, 5, 2, 1, 3, 0, 0, 0, 0, 0, 0, 0, 1, 1, 0, 0, 0, 2, 0, 1, 0, 0, 1, 0, 0, 55, 0, 51, 0, 4, 1, 0, 3, : 4, 2, 2, 2, 5, 2, 1, 3, 1, 1, 2, 1, 1, 55, 51, 4, 1, 3, 
130: 0, 0, 2, 1, 1, 0, 54, 0, 2, 2, 5, 0, 0, 0, 0, 0, 0, 0, 0, 0, 0, 0, 0, 50, 2, 2, 0, 0, 0, 5, 0, 0, 0, 0, 0, 0, 50, 3, 0, 1, : 2, 1, 1, 54, 2, 2, 5, 50, 2, 2, 5, 50, 3, 1, 
386: 5, 0, 4, 0, 0, 2, 0, 0, 2, 0, 4, 0, 0, 0, 0, 0, 2, 0, 0, 53, 0, 2, 0, 2, 2, 0, 0, 1, 0, 0, 0, 0, 2, 1, 0, 0, 0, 1, 0, 5, : 5, 4, 2, 2, 4, 2, 53, 2, 2, 2, 1, 2, 1, 1, 5, 
327: 0, 0, 1, 0, 0, 3, 0, 0, 1, 0, 4, 0, 0, 3, 0, 0, 0, 0, 2, 0, 5, 0, 0, 2, 1, 0, 0, 0, 0, 0, 2, 0, 0, 0, 0, 51, 1, 5, 0, 2, : 1, 3, 1, 4, 3, 2, 5, 2, 1, 2, 51, 1, 5, 2, 
94: 0, 0, 1, 0, 0, 4, 0, 3, 2, 0, 5, 0, 0, 0, 0, 1, 0, 0, 0, 0, 2, 0, 0, 0, 1, 0, 0, 0, 2, 0, 3, 0, 0, 0, 0, 0, 0, 2, 5, 3, : 1, 4, 3, 2, 5, 1, 2, 1, 2, 3, 2, 5, 3, 
219: 0, 0, 1, 0, 3, 5, 0, 0, 1, 2, 2, 0, 3, 0, 0, 0, 51, 2, 0, 0, 0, 1, 0, 0, 2, 0, 0, 3, 0, 0, 0, 0, 0, 0, 0, 2, 0, 4, 1, 1, : 1, 3, 5, 1, 2, 2, 3, 51, 2, 1, 2, 3, 2, 4, 1, 1, 
325: 0, 0, 5, 1, 0, 4, 1, 0, 5, 0, 1, 0, 0, 0, 1, 0, 0, 0, 0, 0, 0, 0, 0, 0, 1, 0, 1, 0, 1, 0, 3, 1, 0, 0, 0, 3, 0, 3, 0, 1, : 5, 1, 4, 1, 5, 1, 1, 1, 1, 1, 3, 1, 3, 3, 1, 
268: 0, 54, 5, 0, 0, 0, 0, 52, 4, 51, 1, 0, 0, 0, 0, 0, 0, 0, 0, 1, 0, 1, 0, 0, 4, 0, 0, 0, 3, 50, 0, 5, 0, 0, 5, 0, 0, 5, 0, 5, : 54, 5, 52, 4, 51, 1, 1, 1, 4, 3, 50, 5, 5, 5, 5, 
119: 1, 0, 4, 0, 0, 4, 1, 2, 3, 0, 3, 0, 5, 52, 2, 0, 0, 0, 0, 0, 0, 0, 0, 0, 2, 0, 50, 0, 0, 0, 0, 0, 0, 51, 0, 0, 0, 1, 0, 2, : 1, 4, 4, 1, 2, 3, 3, 5, 52, 2, 2, 50, 51, 1, 2, 
329: 0, 0, 5, 0, 0, 4, 0, 0, 5, 0, 3, 0, 50, 0, 0, 3, 0, 0, 0, 0, 0, 0, 0, 0, 1, 0, 0, 0, 0, 0, 50, 0, 0, 0, 0, 0, 0, 2, 0, 5, : 5, 4, 5, 3, 50, 3, 1, 50, 2, 5, 
339: 0, 0, 0, 0, 4, 5, 0, 0, 3, 0, 1, 0, 0, 0, 0, 51, 0, 0, 0, 0, 0, 1, 0, 0, 4, 0, 0, 0, 51, 1, 0, 0, 0, 0, 0, 0, 0, 1, 2, 5, : 4, 5, 3, 1, 51, 1, 4, 51, 1, 1, 2, 5, 


331: 0, 0, 0, 55, 0, 0, 3, 1, 5, 4, 0, 0, 0, 4, 2, 0, 0, 2, 0, 1, 3, 0, 0, 0, 3, 0, 0, 5, 0, 0, 0, 0, 0, 0, 5, 0, 0, 0, 51, 54, : 55, 3, 1, 5, 4, 4, 2, 2, 1, 3, 3, 5, 5, 51, 54, 
163: 0, 0, 3, 0, 0, 0, 0, 4, 5, 0, 0, 0, 50, 4, 3, 0, 0, 3, 1, 1, 0, 0, 0, 0, 1, 0, 0, 5, 0, 0, 0, 50, 0, 2, 0, 0, 0, 0, 3, 0, : 3, 4, 5, 50, 4, 3, 3, 1, 1, 1, 5, 50, 2, 3, 
395: 0, 0, 0, 0, 0, 0, 0, 0, 3, 0, 0, 0, 0, 0, 1, 0, 3, 1, 0, 0, 3, 0, 0, 0, 4, 0, 0, 2, 0, 0, 0, 0, 2, 2, 0, 0, 0, 0, 0, 0, : 3, 1, 3, 1, 3, 4, 2, 2, 2, 
378: 0, 0, 0, 0, 54, 0, 0, 5, 4, 0, 0, 4, 0, 0, 1, 0, 0, 2, 0, 52, 5, 0, 0, 0, 4, 0, 0, 4, 0, 0, 0, 3, 0, 0, 0, 0, 0, 0, 0, 0, : 54, 5, 4, 4, 1, 2, 52, 5, 4, 4, 3, 
62: 1, 0, 50, 0, 0, 0, 0, 5, 4, 0, 0, 0, 0, 0, 4, 0, 1, 4, 0, 0, 2, 0, 0, 0, 4, 0, 51, 2, 0, 0, 0, 4, 0, 2, 0, 0, 0, 0, 0, 0, : 1, 50, 5, 4, 4, 1, 4, 2, 4, 51, 2, 4, 2, 
179: 0, 0, 0, 0, 0, 0, 0, 3, 5, 0, 0, 0, 0, 1, 5, 5, 0, 4, 0, 0, 5, 1, 0, 0, 1, 0, 0, 5, 0, 0, 0, 2, 0, 3, 0, 4, 2, 0, 0, 3, : 3, 5, 1, 5, 5, 4, 5, 1, 1, 5, 2, 3, 4, 2, 3, 
350: 0, 0, 0, 0, 0, 0, 0, 5, 2, 0, 5, 0, 0, 0, 2, 0, 0, 2, 0, 4, 2, 0, 0, 5, 3, 0, 0, 2, 0, 0, 0, 0, 2, 5, 0, 0, 0, 0, 0, 0, : 5, 2, 5, 2, 2, 4, 2, 5, 3, 2, 2, 5, 
102: 0, 0, 4, 0, 0, 0, 0, 2, 5, 0, 0, 1, 0, 0, 5, 52, 0, 2, 0, 0, 5, 0, 0, 0, 3, 0, 0, 2, 0, 55, 0, 0, 0, 2, 0, 1, 3, 0, 0, 0, : 4, 2, 5, 1, 5, 52, 2, 5, 3, 2, 55, 2, 1, 3, 
229: 3, 0, 0, 1, 0, 0, 0, 5, 0, 3, 0, 0, 0, 0, 4, 3, 0, 2, 4, 0, 1, 0, 4, 52, 4, 0, 0, 4, 0, 5, 0, 0, 0, 3, 0, 0, 51, 0, 0, 1, : 3, 1, 5, 3, 4, 3, 2, 4, 1, 4, 52, 4, 4, 5, 3, 51, 1, 
74: 0, 3, 0, 0, 0, 0, 0, 4, 5, 0, 50, 0, 0, 0, 5, 0, 0, 4, 0, 0, 2, 0, 0, 0, 3, 0, 1, 3, 0, 0, 0, 0, 0, 1, 0, 0, 0, 0, 0, 0, : 3, 4, 5, 50, 5, 4, 2, 3, 1, 3, 1, 
113: 2, 0, 3, 0, 2, 2, 0, 1, 4, 0, 0, 0, 0, 0, 1, 0, 3, 2, 0, 0, 3, 50, 0, 0, 4, 0, 3, 1, 0, 0, 0, 0, 53, 5, 0, 0, 0, 55, 0, 0, : 2, 3, 2, 2, 1, 4, 1, 3, 2, 3, 50, 4, 3, 1, 53, 5, 55, 
363: 0, 0, 0, 4, 0, 0, 0, 2, 4, 0, 0, 2, 5, 0, 5, 0, 0, 5, 0, 2, 5, 0, 5, 0, 4, 3, 0, 5, 5, 0, 50, 0, 0, 5, 54, 1, 0, 0, 0, 0, : 4, 2, 4, 2, 5, 5, 5, 2, 5, 5, 4, 3, 5, 5, 50, 5, 54, 1, 
58: 0, 1, 0, 0, 0, 2, 55, 3, 3, 0, 0, 0, 0, 0, 5, 0, 1, 2, 0, 0, 5, 4, 0, 0, 3, 0, 5, 5, 0, 0, 0, 0, 0, 4, 0, 0, 0, 5, 0, 0, : 1, 2, 55, 3, 3, 5, 1, 2, 5, 4, 3, 5, 5, 4, 5, 
124: 54, 0, 0, 0, 0, 52, 0, 4, 0, 1, 3, 50, 0, 0, 3, 0, 0, 4, 0, 0, 5, 1, 0, 0, 3, 0, 0, 4, 0, 0, 1, 0, 0, 4, 0, 0, 0, 0, 0, 0, : 54, 52, 4, 1, 3, 50, 3, 4, 5, 1, 3, 4, 1, 4, 
384: 0, 3, 0, 0, 0, 3, 2, 2, 0, 0, 1, 0, 0, 0, 1, 0, 0, 3, 3, 0, 4, 0, 0, 0, 3, 0, 0, 3, 0, 0, 0, 1, 0, 4, 0, 0, 4, 0, 0, 0, : 3, 3, 2, 2, 1, 1, 3, 3, 4, 3, 3, 1, 4, 4, 
110: 0, 0, 0, 0, 0, 0, 0, 1, 2, 0, 0, 0, 0, 0, 1, 0, 0, 4, 0, 0, 1, 0, 0, 0, 2, 1, 0, 3, 0, 0, 3, 0, 0, 3, 1, 0, 0, 0, 0, 2, : 1, 2, 1, 4, 1, 2, 1, 3, 3, 3, 1, 2, 
120: 0, 53, 0, 0, 0, 0, 0, 3, 4, 0, 0, 3, 0, 0, 5, 0, 0, 3, 51, 0, 5, 0, 51, 0, 1, 0, 0, 2, 51, 0, 0, 0, 3, 2, 0, 0, 0, 0, 0, 0, : 53, 3, 4, 3, 5, 3, 51, 5, 51, 1, 2, 51, 3, 2, 
155: 0, 0, 0, 0, 4, 0, 0, 4, 2, 50, 0, 0, 0, 0, 2, 0, 1, 5, 0, 0, 1, 0, 0, 0, 5, 2, 0, 0, 0, 0, 5, 0, 0, 5, 0, 50, 0, 0, 4, 0, : 4, 4, 2, 50, 2, 1, 5, 1, 5, 2, 5, 5, 50, 4, 
101: 0, 0, 0, 0, 0, 1, 0, 5, 0, 0, 0, 0, 0, 51, 2, 0, 51, 2, 1, 0, 3, 0, 0, 3, 1, 0, 0, 3, 4, 0, 0, 0, 0, 4, 0, 4, 0, 0, 0, 0, : 1, 5, 51, 2, 51, 2, 1, 3, 3, 1, 3, 4, 4, 4, 
374: 0, 0, 0, 0, 0, 0, 0, 1, 3, 2, 1, 0, 5, 0, 3, 0, 0, 4, 0, 0, 0, 4, 0, 0, 4, 54, 0, 0, 0, 0, 1, 0, 0, 4, 0, 0, 0, 0, 2, 0, : 1, 3, 2, 1, 5, 3, 4, 4, 4, 54, 1, 4, 2, 


369: 5, 2, 2, 0, 0, 3, 3, 0, 5, 1, 0, 0, 0, 2, 2, 0, 0, 0, 1, 4, 0, 0, 0, 0, 0, 0, 4, 0, 0, 0, 0, 0, 0, 0, 0, 0, 0, 0, 1, 0, : 5, 2, 2, 3, 3, 5, 1, 2, 2, 1, 4, 4, 1, 
60: 0, 1, 5, 0, 0, 4, 4, 0, 3, 5, 0, 0, 0, 3, 5, 50, 0, 0, 0, 2, 0, 0, 1, 0, 0, 53, 0, 0, 0, 0, 0, 0, 0, 0, 0, 0, 2, 1, 0, 51, : 1, 5, 4, 4, 3, 5, 3, 5, 50, 2, 1, 53, 2, 1, 51, 
164: 0, 1, 2, 0, 0, 1, 0, 0, 2, 2, 0, 0, 1, 4, 1, 0, 0, 54, 0, 5, 3, 0, 0, 0, 0, 0, 0, 0, 0, 0, 0, 0, 3, 2, 0, 50, 0, 0, 3, 0, : 1, 2, 1, 2, 2, 1, 4, 1, 54, 5, 3, 3, 2, 50, 3, 
375: 0, 2, 3, 0, 0, 3, 5, 0, 1, 2, 0, 0, 0, 3, 5, 0, 0, 1, 0, 2, 0, 3, 0, 0, 1, 0, 0, 0, 0, 0, 0, 0, 0, 0, 3, 0, 1, 0, 0, 0, : 2, 3, 3, 5, 1, 2, 3, 5, 1, 2, 3, 1, 3, 1, 
111: 0, 2, 3, 0, 0, 4, 1, 0, 2, 1, 0, 0, 0, 3, 2, 0, 5, 0, 0, 5, 0, 0, 0, 0, 0, 0, 0, 0, 0, 0, 0, 0, 0, 0, 4, 0, 0, 54, 54, 0, : 2, 3, 4, 1, 2, 1, 3, 2, 5, 5, 4, 54, 54, 
220: 3, 7, 0, 0, 3, 2, 2, 0, 4, 5, 50, 0, 0, 5, 1, 0, 0, 0, 0, 2, 0, 0, 1, 1, 0, 0, 0, 0, 51, 5, 0, 0, 0, 0, 0, 0, 1, 0, 1, 0, : 3, 7, 3, 2, 2, 4, 5, 50, 5, 1, 2, 1, 1, 51, 5, 1, 1, 
294: 0, 4, 5, 0, 0, 4, 4, 0, 2, 2, 1, 0, 0, 5, 5, 1, 2, 0, 0, 3, 0, 3, 0, 0, 0, 0, 0, 54, 0, 0, 0, 0, 3, 2, 0, 0, 0, 0, 0, 0, : 4, 5, 4, 4, 2, 2, 1, 5, 5, 1, 2, 3, 3, 54, 3, 2, 
147: 0, 2, 4, 0, 55, 1, 1, 0, 5, 4, 3, 0, 51, 3, 2, 0, 0, 0, 0, 2, 0, 0, 4, 0, 0, 0, 0, 0, 0, 2, 0, 0, 0, 0, 0, 0, 0, 0, 0, 0, : 2, 4, 55, 1, 1, 5, 4, 3, 51, 3, 2, 2, 4, 2, 
78: 0, 2, 5, 0, 0, 3, 5, 0, 4, 3, 2, 3, 0, 1, 4, 1, 0, 0, 1, 3, 0, 0, 0, 0, 0, 0, 0, 0, 0, 0, 0, 4, 1, 0, 0, 3, 0, 0, 0, 0, : 2, 5, 3, 5, 4, 3, 2, 3, 1, 4, 1, 1, 3, 4, 1, 3, 
12: 0, 3, 0, 0, 0, 2, 3, 0, 2, 3, 0, 0, 1, 3, 3, 2, 0, 0, 4, 4, 3, 53, 0, 0, 50, 0, 2, 2, 0, 0, 0, 0, 0, 1, 0, 0, 0, 0, 0, 0, : 3, 2, 3, 2, 3, 1, 3, 3, 2, 4, 4, 3, 53, 50, 2, 2, 1, 
168: 51, 3, 2, 0, 0, 1, 5, 0, 3, 1, 0, 0, 1, 5, 1, 0, 52, 5, 0, 3, 0, 0, 0, 0, 0, 0, 0, 0, 0, 0, 0, 0, 0, 0, 0, 0, 0, 0, 0, 4, : 51, 3, 2, 1, 5, 3, 1, 1, 5, 1, 52, 5, 3, 4, 
121: 0, 4, 3, 0, 1, 5, 3, 4, 1, 2, 0, 4, 2, 5, 5, 0, 0, 0, 53, 5, 0, 0, 0, 2, 0, 0, 0, 0, 0, 51, 0, 0, 51, 0, 0, 0, 1, 0, 0, 0, : 4, 3, 1, 5, 3, 4, 1, 2, 4, 2, 5, 5, 53, 5, 2, 51, 51, 1, 
398: 0, 2, 5, 54, 0, 5, 5, 0, 4, 4, 0, 0, 1, 1, 3, 0, 1, 0, 0, 5, 0, 0, 0, 0, 0, 2, 0, 0, 0, 0, 2, 0, 0, 0, 0, 0, 0, 0, 0, 0, : 2, 5, 54, 5, 5, 4, 4, 1, 1, 3, 1, 5, 2, 2, 
335: 1, 9, 4, 0, 0, 3, 5, 0, 5, 2, 0, 0, 0, 2, 5, 4, 0, 0, 0, 2, 0, 0, 0, 51, 0, 0, 0, 0, 4, 0, 53, 55, 0, 0, 0, 2, 55, 0, 0, 0, : 1, 9, 4, 3, 5, 5, 2, 2, 5, 4, 2, 51, 4, 53, 55, 2, 55, 
165: 0, 2, 4, 0, 0, 1, 2, 0, 1, 4, 3, 0, 0, 3, 4, 0, 0, 0, 1, 1, 0, 0, 0, 0, 0, 5, 0, 4, 0, 0, 0, 1, 2, 0, 1, 0, 0, 0, 0, 0, : 2, 4, 1, 2, 1, 4, 3, 3, 4, 1, 1, 5, 4, 1, 2, 1, 
10: 0, 5, 2, 1, 1, 4, 0, 2, 3, 5, 0, 0, 0, 0, 4, 0, 0, 0, 0, 1, 0, 1, 0, 1, 3, 0, 0, 0, 0, 0, 1, 0, 0, 54, 0, 1, 0, 0, 0, 0, : 5, 2, 1, 1, 4, 2, 3, 5, 4, 1, 1, 1, 3, 1, 54, 1, 
240: 0, 4, 1, 0, 0, 1, 2, 0, 5, 5, 1, 0, 0, 4, 2, 0, 0, 0, 0, 1, 0, 0, 3, 0, 0, 0, 0, 0, 0, 0, 0, 0, 0, 0, 52, 0, 0, 0, 0, 0, : 4, 1, 1, 2, 5, 5, 1, 4, 2, 1, 3, 52, 
44: 0, 1, 3, 0, 0, 5, 3, 0, 1, 5, 0, 53, 3, 1, 4, 0, 0, 0, 0, 3, 0, 0, 0, 0, 2, 0, 0, 0, 0, 0, 0, 0, 0, 1, 0, 0, 0, 0, 0, 5, : 1, 3, 5, 3, 1, 5, 53, 3, 1, 4, 3, 2, 1, 5, 
206: 0, 2, 4, 5, 0, 5, 3, 0, 3, 1, 0, 0, 0, 3, 0, 2, 0, 0, 0, 2, 0, 0, 51, 5, 4, 0, 54, 0, 5, 2, 4, 0, 0, 0, 0, 3, 0, 5, 0, 0, : 2, 4, 5, 5, 3, 3, 1, 3, 2, 2, 51, 5, 4, 54, 5, 2, 4, 3, 5, 
255: 0, 2, 3, 0, 0, 3, 4, 54, 4, 3, 0, 0, 0, 4, 2, 0, 0, 0, 0, 5, 54, 0, 0, 0, 0, 0, 0, 0, 0, 0, 0, 0, 0, 0, 0, 1, 0, 0, 1, 0, : 2, 3, 3, 4, 54, 4, 3, 4, 2, 5, 54, 1, 1, 


82: 2, 2, 0, 0, 0, 0, 0, 4, 3, 0, 4, 1, 0, 0, 0, 0, 1, 0, 0, 3, 1, 5, 0, 1, 0, 0, 0, 0, 0, 0, 1, 0, 0, 2, 0, 4, 0, 0, 0, 0, : 2, 2, 4, 3, 4, 1, 1, 3, 1, 5, 1, 1, 2, 4, 
80: 0, 0, 0, 0, 0, 0, 0, 3, 1, 5, 5, 1, 0, 0, 53, 0, 0, 0, 0, 1, 0, 3, 0, 2, 0, 0, 0, 3, 4, 0, 2, 0, 0, 0, 1, 2, 1, 0, 0, 0, : 3, 1, 5, 5, 1, 53, 1, 3, 2, 3, 4, 2, 1, 2, 1, 
93: 0, 0, 0, 0, 0, 0, 0, 2, 1, 1, 3, 0, 0, 0, 2, 1, 0, 0, 0, 5, 2, 2, 0, 0, 3, 53, 0, 2, 0, 0, 2, 0, 0, 1, 0, 3, 0, 2, 2, 0, : 2, 1, 1, 3, 2, 1, 5, 2, 2, 3, 53, 2, 2, 1, 3, 2, 2, 
336: 0, 3, 0, 0, 52, 0, 0, 2, 4, 0, 2, 0, 0, 0, 0, 0, 3, 54, 1, 4, 0, 3, 0, 1, 0, 0, 0, 0, 0, 50, 5, 0, 0, 0, 0, 5, 0, 1, 0, 0, : 3, 52, 2, 4, 2, 3, 54, 1, 4, 3, 1, 50, 5, 5, 1, 
196: 2, 0, 0, 2, 0, 5, 0, 3, 2, 0, 2, 0, 0, 0, 0, 0, 0, 0, 0, 3, 0, 3, 0, 1, 0, 0, 0, 51, 0, 0, 1, 1, 0, 0, 53, 1, 0, 50, 3, 0, : 2, 2, 5, 3, 2, 2, 3, 3, 1, 51, 1, 1, 53, 1, 50, 3, 
251: 55, 0, 5, 0, 0, 0, 0, 1, 5, 52, 4, 0, 1, 0, 2, 0, 0, 0, 0, 1, 0, 2, 0, 4, 0, 0, 0, 0, 0, 4, 7, 0, 0, 0, 0, 4, 0, 0, 0, 0, : 55, 5, 1, 5, 52, 4, 1, 2, 1, 2, 4, 4, 7, 4, 
53: 0, 0, 0, 0, 0, 0, 0, 5, 5, 0, 1, 0, 0, 0, 0, 0, 0, 0, 0, 3, 0, 1, 0, 1, 0, 0, 0, 0, 0, 3, 6, 0, 0, 0, 0, 3, 0, 0, 0, 0, : 5, 5, 1, 3, 1, 1, 3, 6, 3, 
185: 0, 55, 0, 0, 0, 0, 0, 3, 5, 0, 1, 0, 0, 1, 0, 0, 0, 0, 2, 3, 0, 1, 53, 2, 50, 1, 0, 0, 0, 0, 5, 1, 1, 2, 0, 5, 0, 0, 0, 0, : 55, 3, 5, 1, 1, 2, 3, 1, 53, 2, 50, 1, 5, 1, 1, 2, 5, 
234: 0, 0, 53, 3, 3, 0, 2, 3, 5, 0, 5, 0, 0, 0, 0, 2, 0, 0, 1, 5, 0, 5, 0, 2, 0, 0, 2, 2, 1, 0, 5, 2, 51, 0, 1, 1, 0, 0, 0, 0, : 53, 3, 3, 2, 3, 5, 5, 2, 1, 5, 5, 2, 2, 2, 1, 5, 2, 51, 1, 1, 
100: 0, 0, 0, 0, 4, 0, 0, 3, 1, 0, 6, 0, 0, 0, 0, 0, 0, 0, 0, 4, 0, 3, 0, 4, 3, 0, 55, 0, 3, 0, 1, 0, 0, 0, 0, 4, 3, 0, 0, 1, : 4, 3, 1, 6, 4, 3, 4, 3, 55, 3, 1, 4, 3, 1, 
95: 0, 0, 0, 0, 0, 2, 0, 3, 2, 0, 3, 50, 0, 1, 0, 0, 0, 3, 3, 2, 0, 3, 3, 5, 0, 0, 0, 0, 0, 0, 1, 0, 1, 0, 1, 1, 0, 1, 0, 50, : 2, 3, 2, 3, 50, 1, 3, 3, 2, 3, 3, 5, 1, 1, 1, 1, 1, 50, 
347: 0, 0, 0, 0, 0, 0, 0, 4, 4, 0, 2, 2, 0, 0, 0, 0, 0, 3, 0, 1, 50, 5, 0, 5, 0, 0, 0, 0, 0, 1, 2, 0, 0, 0, 1, 3, 0, 0, 0, 0, : 4, 4, 2, 2, 3, 1, 50, 5, 5, 1, 2, 1, 3, 
106: 0, 0, 0, 0, 0, 0, 0, 1, 1, 0, 4, 2, 55, 0, 0, 0, 0, 0, 53, 3, 0, 1, 0, 2, 4, 1, 0, 0, 0, 0, 2, 0, 3, 0, 0, 5, 0, 3, 0, 0, : 1, 1, 4, 2, 55, 53, 3, 1, 2, 4, 1, 2, 3, 5, 3, 
353: 0, 0, 0, 0, 0, 0, 0, 3, 4, 0, 1, 3, 4, 0, 0, 5, 0, 0, 0, 3, 3, 2, 0, 4, 0, 0, 0, 1, 0, 0, 2, 0, 0, 0, 0, 4, 5, 3, 0, 0, : 3, 4, 1, 3, 4, 5, 3, 3, 2, 4, 1, 2, 4, 5, 3, 
297: 0, 0, 0, 0, 0, 0, 0, 4, 4, 2, 3, 0, 0, 1, 2, 0, 51, 0, 0, 1, 0, 3, 0, 5, 0, 4, 0, 0, 50, 0, 5, 52, 0, 3, 1, 2, 0, 0, 0, 2, : 4, 4, 2, 3, 1, 2, 51, 1, 3, 5, 4, 50, 5, 52, 3, 1, 2, 2, 
360: 1, 0, 2, 1, 0, 0, 54, 3, 4, 0, 2, 0, 0, 4, 0, 0, 3, 0, 0, 4, 4, 4, 0, 4, 0, 0, 0, 1, 2, 0, 4, 3, 0, 52, 1, 1, 1, 0, 0, 0, : 1, 2, 1, 54, 3, 4, 2, 4, 3, 4, 4, 4, 4, 1, 2, 4, 3, 52, 1, 1, 1, 
85: 0, 0, 0, 0, 0, 53, 4, 5, 3, 0, 4, 0, 0, 0, 0, 51, 0, 0, 0, 5, 0, 4, 4, 4, 0, 0, 0, 0, 0, 0, 1, 0, 4, 0, 1, 3, 0, 0, 1, 0, : 53, 4, 5, 3, 4, 51, 5, 4, 4, 4, 1, 4, 1, 3, 1, 
225: 0, 0, 0, 1, 0, 0, 0, 2, 3, 0, 2, 0, 0, 0, 0, 0, 0, 0, 0, 2, 0, 4, 0, 5, 0, 1, 0, 0, 0, 2, 1, 0, 0, 0, 0, 4, 0, 0, 0, 5, : 1, 2, 3, 2, 2, 4, 5, 1, 2, 1, 4, 5, 
57: 0, 0, 0, 53, 0, 0, 0, 3, 1, 0, 4, 0, 0, 53, 1, 0, 2, 0, 0, 2, 0, 5, 0, 5, 0, 0, 0, 0, 0, 0, 5, 1, 0, 0, 0, 2, 50, 0, 54, 2, : 53, 3, 1, 4, 53, 1, 2, 2, 5, 5, 5, 1, 2, 50, 54, 2, 
324: 0, 0, 0, 0, 1, 0, 0, 3, 2, 0, 2, 1, 0, 0, 0, 1, 0, 0, 0, 5, 0, 1, 0, 3, 0, 0, 3, 0, 0, 0, 2, 0, 0, 0, 0, 3, 0, 0, 0, 0, : 1, 3, 2, 2, 1, 1, 5, 1, 3, 3, 2, 3, 


42: 0, 0, 0, 2, 0, 2, 2, 0, 5, 0, 3, 0, 0, 2, 0, 0, 0, 0, 1, 2, 5, 0, 0, 0, 4, 0, 0, 0, 0, 50, 0, 2, 0, 0, 0, 0, 1, 3, 1, 52, : 2, 2, 2, 5, 3, 2, 1, 2, 5, 4, 50, 2, 1, 3, 1, 52, 
67: 1, 0, 50, 50, 0, 0, 4, 3, 3, 3, 1, 0, 0, 1, 0, 0, 0, 0, 0, 0, 0, 0, 0, 0, 0, 0, 0, 2, 0, 0, 0, 3, 0, 1, 0, 0, 0, 0, 53, 0, : 1, 50, 50, 4, 3, 3, 3, 1, 1, 2, 3, 1, 53, 
217: 1, 0, 0, 0, 0, 0, 5, 0, 2, 0, 4, 2, 0, 3, 3, 0, 0, 0, 0, 2, 0, 50, 0, 0, 0, 0, 0, 0, 0, 2, 0, 1, 0, 0, 0, 4, 0, 0, 2, 2, : 1, 5, 2, 4, 2, 3, 3, 2, 50, 2, 1, 4, 2, 2, 
266: 0, 0, 0, 0, 0, 0, 2, 0, 1, 2, 2, 0, 0, 1, 0, 0, 0, 0, 0, 0, 51, 0, 0, 5, 0, 0, 2, 0, 0, 0, 0, 3, 3, 0, 0, 0, 0, 0, 0, 0, : 2, 1, 2, 2, 1, 51, 5, 2, 3, 3, 
201: 0, 0, 0, 0, 0, 0, 1, 0, 3, 0, 4, 0, 4, 5, 0, 0, 0, 0, 0, 0, 0, 4, 0, 0, 0, 0, 0, 1, 0, 0, 0, 5, 0, 0, 52, 0, 0, 0, 0, 0, : 1, 3, 4, 4, 5, 4, 1, 5, 52, 
209: 0, 0, 0, 0, 4, 0, 5, 2, 4, 0, 3, 0, 0, 1, 50, 0, 0, 50, 0, 50, 0, 4, 0, 52, 0, 0, 52, 0, 1, 0, 0, 3, 0, 0, 0, 0, 0, 0, 0, 0, : 4, 5, 2, 4, 3, 1, 50, 50, 50, 4, 52, 52, 1, 3, 
117: 5, 0, 0, 3, 0, 54, 3, 0, 2, 0, 3, 0, 0, 4, 1, 0, 0, 0, 0, 0, 0, 0, 0, 1, 0, 1, 0, 0, 51, 0, 0, 1, 2, 0, 0, 0, 0, 1, 0, 0, : 5, 3, 54, 3, 2, 3, 4, 1, 1, 1, 51, 1, 2, 1, 
322: 0, 55, 0, 3, 0, 0, 4, 0, 3, 0, 3, 0, 0, 4, 0, 1, 0, 0, 53, 0, 0, 0, 1, 0, 0, 0, 0, 5, 0, 0, 0, 3, 0, 50, 0, 2, 0, 52, 4, 1, : 55, 3, 4, 3, 3, 4, 1, 53, 1, 5, 3, 50, 2, 52, 4, 1, 
87: 0, 0, 1, 0, 0, 0, 1, 0, 5, 0, 5, 4, 0, 3, 4, 0, 0, 0, 0, 0, 0, 0, 3, 0, 0, 0, 0, 1, 0, 0, 0, 3, 0, 1, 0, 0, 5, 0, 0, 4, : 1, 1, 5, 5, 4, 3, 4, 3, 1, 3, 1, 5, 4, 
391: 0, 0, 0, 0, 0, 0, 4, 0, 1, 52, 2, 0, 0, 5, 1, 0, 0, 0, 0, 0, 0, 0, 55, 0, 0, 0, 1, 0, 2, 0, 0, 4, 53, 3, 0, 1, 0, 0, 0, 0, : 4, 1, 52, 2, 5, 1, 55, 1, 2, 4, 53, 3, 1, 
203: 0, 2, 3, 0, 0, 0, 3, 0, 1, 0, 5, 0, 5, 3, 0, 1, 0, 5, 0, 1, 4, 0, 0, 1, 2, 0, 0, 0, 0, 0, 0, 3, 0, 0, 0, 2, 0, 0, 0, 0, : 2, 3, 3, 1, 5, 5, 3, 1, 5, 1, 4, 1, 2, 3, 2, 
174: 0, 0, 0, 0, 51, 0, 5, 0, 5, 0, 3, 52, 0, 3, 0, 0, 0, 0, 0, 0, 0, 0, 0, 0, 0, 3, 0, 51, 0, 1, 0, 4, 0, 0, 0, 0, 1, 0, 0, 0, : 51, 5, 5, 3, 52, 3, 3, 51, 1, 4, 1, 
172: 0, 0, 0, 0, 0, 4, 1, 55, 5, 0, 5, 1, 0, 1, 0, 3, 52, 0, 0, 0, 0, 0, 0, 0, 0, 0, 4, 0, 1, 0, 0, 5, 2, 0, 0, 51, 0, 0, 0, 0, : 4, 1, 55, 5, 5, 1, 1, 3, 52, 4, 1, 5, 2, 51, 
316: 0, 0, 0, 0, 5, 0, 3, 0, 1, 1, 2, 0, 0, 1, 0, 55, 0, 0, 0, 0, 0, 0, 1, 1, 0, 0, 0, 0, 0, 0, 0, 5, 0, 0, 0, 0, 1, 0, 0, 0, : 5, 3, 1, 1, 2, 1, 55, 1, 1, 5, 1, 
35: 1, 0, 0, 0, 0, 0, 2, 0, 4, 0, 1, 0, 0, 7, 0, 0, 3, 0, 0, 0, 0, 0, 0, 0, 0, 0, 0, 0, 0, 1, 1, 4, 0, 4, 3, 0, 0, 0, 0, 0, : 1, 2, 4, 1, 7, 3, 1, 1, 4, 4, 3, 
177: 50, 0, 1, 0, 0, 0, 5, 0, 5, 0, 5, 0, 0, 5, 0, 0, 0, 0, 0, 0, 0, 0, 0, 0, 0, 4, 0, 0, 4, 3, 0, 3, 0, 0, 0, 0, 0, 3, 0, 0, : 50, 1, 5, 5, 5, 5, 4, 4, 3, 3, 3, 
3: 0, 0, 0, 0, 0, 0, 2, 0, 5, 0, 2, 0, 51, 1, 0, 0, 5, 0, 1, 0, 0, 2, 0, 0, 50, 0, 0, 0, 1, 0, 3, 2, 0, 1, 0, 0, 0, 0, 0, 0, : 2, 5, 2, 51, 1, 5, 1, 2, 50, 1, 3, 2, 1, 
281: 0, 0, 2, 0, 0, 0, 2, 0, 1, 0, 2, 1, 0, 5, 1, 0, 0, 0, 0, 3, 0, 0, 0, 0, 0, 0, 0, 0, 0, 0, 0, 2, 0, 0, 0, 0, 0, 1, 0, 0, : 2, 2, 1, 2, 1, 5, 1, 3, 2, 1, 
241: 2, 0, 0, 2, 0, 0, 2, 0, 3, 0, 3, 0, 0, 1, 0, 0, 0, 5, 0, 2, 0, 0, 0, 0, 0, 0, 1, 0, 0, 3, 2, 0, 0, 0, 0, 0, 51, 0, 0, 0, : 2, 2, 2, 3, 3, 1, 5, 2, 1, 3, 2, 51, 
56: 0, 3, 3, 0, 0, 0, 4, 0, 1, 2, 2, 0, 0, 4, 0, 0, 0, 0, 5, 0, 0, 0, 0, 0, 4, 52, 0, 0, 0, 0, 54, 4, 0, 0, 5, 0, 1, 0, 0, 1, : 3, 3, 4, 1, 2, 2, 4, 5, 4, 52, 54, 4, 5, 1, 1, 


29: 1, 0, 52, 3, 0, 0, 0, 53, 5, 51, 0, 0, 1, 0, 0, 0, 3, 0, 0, 3, 0, 5, 0, 5, 0, 2, 3, 2, 1, 0, 0, 4, 52, 0, 2, 0, 4, 0, 3, 0, : 1, 52, 3, 53, 5, 51, 1, 3, 3, 5, 5, 2, 3, 2, 1, 4, 52, 2, 4, 3, 
319: 5, 0, 0, 1, 0, 0, 55, 0, 5, 0, 0, 0, 2, 0, 0, 0, 1, 1, 0, 3, 50, 1, 0, 2, 0, 1, 3, 3, 2, 2, 0, 0, 0, 0, 3, 2, 0, 0, 4, 0, : 5, 1, 55, 5, 2, 1, 1, 3, 50, 1, 2, 1, 3, 3, 2, 2, 3, 2, 4, 
376: 1, 0, 5, 1, 0, 0, 0, 0, 3, 2, 52, 0, 2, 0, 0, 0, 5, 0, 51, 1, 0, 5, 0, 4, 0, 0, 3, 3, 2, 0, 1, 3, 0, 52, 1, 0, 0, 0, 2, 0, : 1, 5, 1, 3, 2, 52, 2, 5, 51, 1, 5, 4, 3, 3, 2, 1, 3, 52, 1, 2, 
81: 3, 0, 0, 3, 1, 0, 0, 0, 4, 0, 0, 0, 2, 0, 0, 0, 3, 0, 0, 3, 0, 5, 0, 2, 0, 0, 2, 4, 5, 50, 0, 5, 0, 1, 4, 0, 0, 0, 4, 0, : 3, 3, 1, 4, 2, 3, 3, 5, 2, 2, 4, 5, 50, 5, 1, 4, 4, 
393: 4, 0, 2, 4, 0, 0, 0, 5, 5, 0, 0, 2, 3, 0, 0, 0, 3, 0, 0, 2, 0, 5, 0, 4, 0, 5, 5, 2, 3, 0, 0, 1, 0, 0, 1, 1, 0, 0, 1, 54, : 4, 2, 4, 5, 5, 2, 3, 3, 2, 5, 4, 5, 5, 2, 3, 1, 1, 1, 1, 54, 
173: 0, 53, 0, 1, 0, 0, 0, 0, 2, 0, 0, 0, 4, 0, 0, 1, 0, 0, 0, 8, 3, 5, 0, 5, 0, 0, 1, 4, 4, 3, 1, 5, 0, 0, 5, 0, 0, 0, 4, 0, : 53, 1, 2, 4, 1, 8, 3, 5, 5, 1, 4, 4, 3, 1, 5, 5, 4, 
306: 4, 0, 0, 2, 0, 0, 2, 0, 5, 0, 0, 0, 4, 0, 0, 1, 3, 0, 0, 4, 0, 0, 0, 3, 0, 0, 4, 3, 5, 1, 0, 3, 1, 3, 1, 0, 52, 0, 4, 0, : 4, 2, 2, 5, 4, 1, 3, 4, 3, 4, 3, 5, 1, 3, 1, 3, 1, 52, 4, 
284: 4, 1, 0, 5, 0, 0, 0, 0, 3, 0, 4, 0, 1, 54, 3, 0, 3, 0, 0, 5, 0, 0, 0, 2, 0, 0, 0, 1, 4, 0, 0, 1, 0, 1, 6, 0, 2, 0, 1, 0, : 4, 1, 5, 3, 4, 1, 54, 3, 3, 5, 2, 1, 4, 1, 1, 6, 2, 1, 
291: 5, 0, 1, 4, 0, 0, 0, 0, 3, 0, 0, 0, 1, 0, 0, 53, 5, 0, 0, 4, 0, 4, 50, 1, 0, 0, 0, 4, 1, 1, 0, 5, 0, 0, 2, 0, 0, 0, 3, 0, : 5, 1, 4, 3, 1, 53, 5, 4, 4, 50, 1, 4, 1, 1, 5, 2, 3, 
72: 1, 0, 0, 3, 5, 0, 0, 0, 1, 0, 0, 0, 6, 0, 2, 1, 5, 54, 0, 2, 0, 2, 2, 1, 0, 0, 5, 3, 3, 0, 0, 1, 0, 0, 4, 0, 1, 0, 2, 0, : 1, 3, 5, 1, 6, 2, 1, 5, 54, 2, 2, 2, 1, 5, 3, 3, 1, 4, 1, 2, 
355: 3, 0, 0, 1, 0, 55, 0, 0, 1, 0, 0, 54, 3, 0, 0, 0, 3, 0, 0, 2, 3, 0, 3, 3, 0, 1, 1, 4, 2, 0, 1, 4, 1, 3, 3, 2, 1, 3, 2, 0, : 3, 1, 55, 1, 54, 3, 3, 2, 3, 3, 3, 1, 1, 4, 2, 1, 4, 1, 3, 3, 2, 1, 3, 2, 
23: 1, 0, 0, 5, 0, 0, 0, 0, 2, 3, 0, 0, 3, 3, 0, 0, 4, 0, 0, 3, 0, 2, 0, 4, 0, 0, 3, 1, 4, 0, 0, 1, 0, 0, 5, 0, 0, 4, 4, 0, : 1, 5, 2, 3, 3, 3, 4, 3, 2, 4, 3, 1, 4, 1, 5, 4, 4, 
176: 0, 0, 0, 5, 0, 3, 0, 0, 4, 0, 1, 0, 1, 1, 0, 0, 0, 0, 0, 2, 3, 5, 0, 2, 3, 0, 5, 3, 3, 0, 50, 3, 2, 0, 1, 0, 0, 52, 2, 0, : 5, 3, 4, 1, 1, 1, 2, 3, 5, 2, 3, 5, 3, 3, 50, 3, 2, 1, 52, 2, 
181: 5, 0, 0, 5, 0, 0, 0, 2, 5, 0, 0, 0, 4, 0, 52, 0, 0, 5, 4, 4, 0, 5, 0, 2, 2, 1, 3, 1, 3, 0, 0, 1, 1, 0, 4, 4, 0, 1, 2, 4, : 5, 5, 2, 5, 4, 52, 5, 4, 4, 5, 2, 2, 1, 3, 1, 3, 1, 1, 4, 4, 1, 2, 4, 
70: 5, 0, 0, 6, 0, 0, 0, 0, 3, 0, 0, 0, 2, 2, 1, 0, 2, 0, 0, 1, 1, 1, 0, 1, 0, 0, 4, 4, 4, 0, 0, 4, 3, 0, 2, 0, 0, 0, 1, 2, : 5, 6, 3, 2, 2, 1, 2, 1, 1, 1, 1, 4, 4, 4, 4, 3, 2, 1, 2, 
237: 5, 5, 0, 1, 0, 1, 0, 0, 1, 0, 0, 0, 5, 0, 0, 0, 4, 0, 0, 1, 0, 4, 0, 2, 0, 0, 3, 4, 1, 0, 0, 5, 0, 0, 3, 0, 0, 0, 4, 0, : 5, 5, 1, 1, 1, 5, 4, 1, 4, 2, 3, 4, 1, 5, 3, 4, 
127: 2, 1, 0, 2, 0, 0, 0, 0, 2, 0, 0, 4, 4, 0, 0, 4, 5, 0, 0, 3, 0, 4, 0, 4, 0, 0, 3, 2, 1, 0, 0, 5, 0, 0, 5, 0, 0, 0, 1, 0, : 2, 1, 2, 2, 4, 4, 4, 5, 3, 4, 4, 3, 2, 1, 5, 5, 1, 
16: 3, 0, 0, 2, 0, 0, 0, 0, 2, 4, 0, 0, 4, 0, 0, 0, 3, 0, 0, 4, 0, 1, 0, 4, 0, 0, 4, 4, 4, 3, 5, 2, 0, 0, 1, 1, 0, 0, 5, 0, : 3, 2, 2, 4, 4, 3, 4, 1, 4, 4, 4, 4, 3, 5, 2, 1, 1, 5, 
364: 3, 0, 0, 5, 50, 0, 0, 0, 2, 0, 3, 0, 5, 0, 0, 0, 4, 0, 3, 3, 0, 2, 0, 4, 4, 50, 5, 3, 5, 0, 0, 3, 0, 0, 4, 50, 0, 0, 4, 0, : 3, 5, 50, 2, 3, 5, 4, 3, 3, 2, 4, 4, 50, 5, 3, 5, 3, 4, 50, 4, 
43: 5, 0, 0, 1, 4, 1, 3, 0, 2, 0, 0, 0, 3, 0, 2, 0, 4, 0, 2, 2, 0, 4, 5, 5, 51, 0, 3, 5, 3, 0, 2, 4, 0, 0, 3, 0, 0, 0, 7, 0, : 5, 1, 4, 1, 3, 2, 3, 2, 4, 2, 2, 4, 5, 5, 51, 3, 5, 3, 2, 4, 3, 7, 


157: 0, 0, 0, 0, 0, 0, 0, 0, 0, 0, 6, 3, 1, 5, 0, 0, 4, 0, 3, 0, 0, 0, 2, 1, 0, 0, 0, 3, 0, 0, 0, 0, 0, 0, 0, 2, 0, 0, 0, 0, : 6, 3, 1, 5, 4, 3, 2, 1, 3, 2, 
109: 0, 0, 0, 1, 0, 0, 53, 0, 0, 0, 1, 2, 4, 3, 1, 0, 1, 0, 4, 2, 0, 0, 5, 1, 0, 0, 0, 0, 1, 51, 1, 0, 0, 0, 0, 3, 4, 0, 0, 0, : 1, 53, 1, 2, 4, 3, 1, 1, 4, 2, 5, 1, 1, 51, 1, 3, 4, 
55: 2, 0, 0, 0, 1, 0, 0, 0, 53, 5, 3, 4, 2, 3, 1, 0, 1, 0, 2, 0, 0, 0, 0, 5, 0, 0, 0, 0, 0, 0, 0, 0, 0, 0, 0, 3, 1, 0, 0, 2, : 2, 1, 53, 5, 3, 4, 2, 3, 1, 1, 2, 5, 3, 1, 2, 
377: 1, 0, 0, 0, 0, 0, 3, 0, 0, 0, 1, 5, 0, 3, 0, 1, 4, 2, 4, 5, 2, 0, 50, 3, 2, 2, 0, 0, 0, 0, 0, 0, 2, 0, 55, 3, 1, 1, 0, 0, : 1, 3, 1, 5, 3, 1, 4, 2, 4, 5, 2, 50, 3, 2, 2, 2, 55, 3, 1, 1, 
148: 0, 53, 0, 3, 1, 0, 0, 1, 0, 0, 1, 4, 0, 0, 0, 0, 2, 3, 1, 0, 1, 2, 0, 8, 0, 0, 0, 0, 3, 0, 1, 1, 51, 0, 0, 2, 1, 0, 0, 0, : 53, 3, 1, 1, 1, 4, 2, 3, 1, 1, 2, 8, 3, 1, 1, 51, 2, 1, 
356: 3, 3, 0, 52, 0, 2, 0, 0, 0, 0, 1, 2, 0, 4, 0, 3, 3, 0, 2, 0, 0, 0, 0, 3, 0, 0, 0, 0, 0, 0, 3, 0, 3, 0, 0, 1, 0, 0, 0, 0, : 3, 3, 52, 2, 1, 2, 4, 3, 3, 2, 3, 3, 3, 1, 
186: 50, 0, 0, 0, 0, 2, 0, 0, 0, 0, 1, 1, 0, 3, 0, 0, 1, 0, 3, 0, 0, 0, 0, 3, 0, 0, 0, 4, 1, 0, 0, 1, 0, 0, 0, 3, 0, 0, 0, 0, : 50, 2, 1, 1, 3, 1, 3, 3, 4, 1, 1, 3, 
92: 0, 0, 0, 0, 0, 0, 0, 0, 0, 0, 2, 4, 0, 0, 0, 0, 4, 0, 2, 0, 1, 0, 0, 1, 0, 0, 0, 0, 0, 0, 0, 0, 0, 0, 0, 5, 0, 0, 0, 0, : 2, 4, 4, 2, 1, 1, 5, 
91: 0, 0, 0, 0, 0, 0, 0, 0, 0, 0, 6, 2, 0, 3, 0, 0, 5, 0, 5, 0, 0, 0, 0, 2, 0, 0, 0, 0, 0, 0, 0, 0, 0, 2, 0, 5, 51, 0, 0, 0, : 6, 2, 3, 5, 5, 2, 2, 5, 51, 
96: 0, 0, 5, 0, 0, 5, 0, 1, 4, 0, 3, 2, 0, 3, 2, 0, 5, 0, 3, 50, 0, 3, 0, 5, 0, 0, 0, 0, 0, 0, 55, 0, 0, 53, 0, 2, 0, 1, 0, 0, : 5, 5, 1, 4, 3, 2, 3, 2, 5, 3, 50, 3, 5, 55, 53, 2, 1, 
382: 0, 0, 0, 0, 0, 1, 0, 54, 0, 0, 1, 8, 0, 1, 0, 1, 5, 0, 5, 3, 0, 0, 0, 3, 0, 53, 0, 0, 50, 5, 0, 0, 0, 0, 4, 4, 0, 55, 50, 0, : 1, 54, 1, 8, 1, 1, 5, 5, 3, 3, 53, 50, 5, 4, 4, 55, 50, 
65: 0, 0, 0, 0, 0, 0, 0, 0, 0, 2, 5, 2, 0, 3, 0, 3, 4, 0, 3, 0, 0, 0, 0, 5, 0, 0, 0, 0, 0, 0, 0, 5, 1, 0, 0, 5, 0, 0, 0, 2, : 2, 5, 2, 3, 3, 4, 3, 5, 5, 1, 5, 2, 
381: 0, 0, 0, 0, 0, 0, 0, 0, 0, 0, 2, 1, 0, 4, 55, 0, 3, 51, 3, 0, 0, 0, 2, 2, 1, 0, 0, 52, 0, 0, 0, 0, 0, 0, 0, 4, 0, 0, 0, 0, : 2, 1, 4, 55, 3, 51, 3, 2, 2, 1, 52, 4, 
230: 2, 1, 51, 0, 3, 0, 0, 0, 1, 0, 5, 1, 52, 2, 0, 0, 1, 0, 1, 0, 0, 0, 1, 2, 0, 0, 53, 0, 0, 0, 0, 0, 0, 0, 0, 4, 0, 0, 0, 0, : 2, 1, 51, 3, 1, 5, 1, 52, 2, 1, 1, 1, 2, 53, 4, 
151: 0, 0, 3, 1, 0, 0, 0, 0, 0, 0, 2, 5, 0, 3, 0, 50, 4, 0, 2, 0, 0, 0, 0, 3, 0, 3, 0, 0, 0, 0, 0, 50, 0, 4, 0, 2, 0, 0, 0, 1, : 3, 1, 2, 5, 3, 50, 4, 2, 3, 3, 50, 4, 2, 1, 
330: 0, 0, 1, 0, 0, 0, 0, 0, 0, 0, 6, 3, 0, 5, 0, 0, 3, 0, 5, 0, 0, 0, 0, 3, 53, 0, 0, 0, 0, 0, 0, 0, 0, 0, 0, 3, 0, 0, 0, 51, : 1, 6, 3, 5, 3, 5, 3, 53, 3, 51, 
262: 0, 0, 0, 3, 0, 0, 0, 4, 1, 50, 2, 1, 1, 5, 0, 0, 1, 0, 5, 0, 0, 0, 0, 2, 0, 0, 0, 0, 0, 0, 0, 3, 0, 1, 0, 1, 0, 0, 3, 4, : 3, 4, 1, 50, 2, 1, 1, 5, 1, 5, 2, 3, 1, 1, 3, 4, 
231: 0, 3, 0, 0, 55, 50, 0, 0, 0, 0, 5, 2, 0, 5, 1, 0, 3, 4, 1, 0, 0, 0, 0, 3, 4, 0, 5, 0, 0, 0, 0, 0, 0, 0, 0, 3, 0, 0, 0, 0, : 3, 55, 50, 5, 2, 5, 1, 3, 4, 1, 3, 4, 5, 3, 
228: 2, 0, 0, 0, 0, 0, 3, 0, 0, 0, 5, 4, 0, 0, 0, 2, 5, 0, 5, 0, 1, 0, 0, 3, 0, 2, 0, 0, 0, 1, 0, 0, 0, 0, 0, 3, 1, 3, 2, 0, : 2, 3, 5, 4, 2, 5, 5, 1, 3, 2, 1, 3, 1, 3, 2, 
154: 0, 0, 0, 0, 0, 0, 1, 0, 1, 3, 2, 4, 0, 5, 0, 0, 1, 0, 1, 0, 55, 55, 0, 2, 0, 0, 2, 1, 5, 3, 0, 0, 3, 0, 1, 2, 1, 0, 5, 0, : 1, 1, 3, 2, 4, 5, 1, 1, 55, 55, 2, 2, 1, 5, 3, 3, 1, 2, 1, 5, 


224: 0, 0, 53, 0, 3, 0, 0, 2, 1, 0, 1, 5, 0, 0, 0, 0, 0, 4, 2, 5, 0, 0, 0, 0, 0, 54, 0, 2, 0, 52, 0, 2, 0, 4, 0, 5, 2, 0, 0, 2, : 53, 3, 2, 1, 1, 5, 4, 2, 5, 54, 2, 52, 2, 4, 5, 2, 2, 
28: 0, 54, 0, 0, 2, 0, 0, 5, 3, 0, 5, 2, 0, 0, 0, 0, 0, 4, 1, 50, 0, 0, 0, 0, 0, 0, 0, 2, 0, 2, 0, 1, 4, 2, 0, 5, 5, 0, 0, 0, : 54, 2, 5, 3, 5, 2, 4, 1, 50, 2, 2, 1, 4, 2, 5, 5, 
46: 0, 0, 4, 0, 5, 0, 0, 2, 0, 0, 5, 1, 0, 0, 0, 3, 0, 2, 3, 0, 55, 0, 0, 0, 0, 0, 3, 3, 0, 0, 0, 10, 0, 3, 0, 5, 1, 0, 0, 2, : 4, 5, 2, 5, 1, 3, 2, 3, 55, 3, 3, 10, 3, 5, 1, 2, 
361: 0, 0, 0, 0, 2, 0, 0, 4, 0, 0, 4, 4, 0, 1, 0, 0, 0, 2, 4, 0, 0, 53, 0, 0, 0, 0, 0, 1, 0, 0, 2, 2, 0, 2, 0, 1, 5, 0, 0, 0, : 2, 4, 4, 4, 1, 2, 4, 53, 1, 2, 2, 2, 1, 5, 
244: 0, 0, 0, 0, 1, 1, 0, 5, 1, 0, 3, 3, 0, 0, 0, 1, 0, 3, 4, 0, 0, 0, 5, 0, 0, 0, 0, 5, 0, 1, 0, 5, 1, 3, 5, 5, 5, 0, 0, 0, : 1, 1, 5, 1, 3, 3, 1, 3, 4, 5, 5, 1, 5, 1, 3, 5, 5, 5, 
14: 0, 0, 0, 1, 5, 0, 0, 4, 0, 0, 2, 2, 0, 5, 0, 50, 0, 2, 1, 0, 0, 0, 0, 0, 54, 0, 0, 4, 0, 0, 0, 3, 0, 4, 0, 2, 1, 0, 0, 0, : 1, 5, 4, 2, 2, 5, 50, 2, 1, 54, 4, 3, 4, 2, 1, 
245: 0, 4, 3, 0, 4, 1, 0, 0, 54, 1, 2, 5, 5, 0, 4, 0, 1, 5, 5, 0, 1, 0, 0, 5, 0, 0, 0, 1, 51, 0, 4, 1, 0, 2, 0, 3, 4, 0, 0, 53, : 4, 3, 4, 1, 54, 1, 2, 5, 5, 4, 1, 5, 5, 1, 5, 1, 51, 4, 1, 2, 3, 4, 53, 
305: 1, 2, 0, 0, 1, 0, 5, 5, 0, 0, 3, 5, 0, 0, 0, 0, 0, 5, 5, 0, 0, 0, 0, 2, 5, 0, 0, 1, 2, 5, 0, 3, 51, 7, 0, 1, 3, 0, 0, 0, : 1, 2, 1, 5, 5, 3, 5, 5, 5, 2, 5, 1, 2, 5, 3, 51, 7, 1, 3, 
140: 0, 0, 0, 0, 4, 0, 0, 0, 0, 0, 4, 5, 1, 0, 0, 0, 0, 4, 4, 0, 0, 0, 3, 0, 0, 0, 0, 3, 0, 0, 0, 4, 0, 3, 0, 1, 5, 0, 0, 0, : 4, 4, 5, 1, 4, 4, 3, 3, 4, 3, 1, 5, 
387: 0, 0, 0, 0, 5, 4, 0, 4, 0, 1, 1, 5, 0, 0, 0, 1, 4, 3, 5, 0, 0, 0, 50, 0, 0, 5, 0, 2, 0, 0, 0, 1, 1, 2, 0, 4, 4, 0, 0, 0, : 5, 4, 4, 1, 1, 5, 1, 4, 3, 5, 50, 5, 2, 1, 1, 2, 4, 4, 
279: 1, 0, 0, 0, 5, 54, 0, 3, 0, 0, 4, 2, 0, 0, 5, 0, 54, 2, 4, 0, 0, 2, 0, 0, 1, 0, 0, 4, 1, 0, 51, 3, 0, 5, 0, 5, 3, 55, 0, 3, : 1, 5, 54, 3, 4, 2, 5, 54, 2, 4, 2, 1, 4, 1, 51, 3, 5, 5, 3, 55, 3, 
6: 50, 0, 0, 0, 1, 0, 0, 0, 0, 0, 1, 1, 0, 0, 0, 0, 0, 5, 5, 0, 2, 0, 0, 0, 0, 0, 2, 1, 5, 0, 0, 1, 0, 4, 0, 3, 1, 5, 0, 0, : 50, 1, 1, 1, 5, 5, 2, 2, 1, 5, 1, 4, 3, 1, 5, 
372: 0, 0, 0, 0, 2, 0, 0, 3, 0, 0, 4, 4, 0, 0, 51, 0, 1, 2, 0, 0, 0, 5, 2, 0, 0, 1, 0, 5, 0, 0, 0, 3, 2, 3, 0, 1, 4, 0, 4, 0, : 2, 3, 4, 4, 51, 1, 2, 5, 2, 1, 5, 3, 2, 3, 1, 4, 4, 
236: 0, 0, 0, 3, 5, 0, 0, 4, 0, 0, 3, 1, 0, 0, 0, 0, 0, 1, 4, 0, 0, 0, 0, 0, 0, 0, 0, 5, 1, 0, 0, 1, 1, 1, 51, 2, 3, 0, 0, 0, : 3, 5, 4, 3, 1, 1, 4, 5, 1, 1, 1, 1, 51, 2, 3, 
84: 4, 0, 0, 0, 1, 0, 55, 4, 1, 0, 5, 1, 52, 1, 0, 0, 0, 4, 0, 0, 0, 0, 0, 0, 0, 0, 2, 4, 0, 0, 3, 2, 0, 1, 0, 1, 1, 0, 51, 0, : 4, 1, 55, 4, 1, 5, 1, 52, 1, 4, 2, 4, 3, 2, 1, 1, 1, 51, 
97: 3, 0, 0, 0, 5, 0, 0, 2, 0, 54, 5, 3, 0, 0, 0, 0, 0, 1, 5, 0, 0, 0, 0, 0, 0, 0, 3, 4, 0, 0, 0, 3, 0, 1, 0, 3, 1, 0, 0, 0, : 3, 5, 2, 54, 5, 3, 1, 5, 3, 4, 3, 1, 3, 1, 
328: 0, 0, 0, 0, 1, 0, 0, 2, 0, 0, 1, 1, 0, 51, 0, 0, 0, 3, 0, 1, 2, 0, 0, 53, 0, 0, 0, 2, 0, 0, 0, 5, 0, 4, 0, 4, 1, 0, 0, 0, : 1, 2, 1, 1, 51, 3, 1, 2, 53, 2, 5, 4, 4, 1, 
33: 1, 0, 0, 0, 2, 0, 0, 5, 0, 0, 1, 4, 0, 2, 0, 0, 0, 3, 4, 1, 0, 0, 0, 0, 0, 0, 50, 4, 0, 0, 0, 4, 0, 1, 3, 4, 1, 0, 0, 0, : 1, 2, 5, 1, 4, 2, 3, 4, 1, 50, 4, 4, 1, 3, 4, 1, 
150: 0, 0, 0, 53, 5, 0, 0, 3, 0, 4, 1, 2, 0, 0, 0, 5, 0, 2, 2, 0, 0, 0, 0, 0, 0, 0, 0, 3, 0, 0, 0, 2, 0, 5, 0, 4, 2, 0, 5, 0, : 53, 5, 3, 4, 1, 2, 5, 2, 2, 3, 2, 5, 4, 2, 5, 
133: 0, 0, 0, 3, 1, 0, 0, 3, 0, 0, 5, 4, 2, 0, 0, 0, 0, 3, 2, 3, 0, 0, 0, 0, 0, 0, 0, 4, 0, 0, 0, 4, 0, 3, 1, 1, 8, 0, 0, 0, : 3, 1, 3, 5, 4, 2, 3, 2, 3, 4, 4, 3, 1, 1, 8, 


249: 4, 4, 0, 2, 0, 0, 0, 0, 0, 1, 0, 0, 0, 5, 0, 0, 3, 3, 1, 0, 3, 0, 0, 1, 0, 0, 0, 0, 0, 0, 3, 0, 0, 0, 3, 0, 0, 0, 0, 4, : 4, 4, 2, 1, 5, 3, 3, 1, 3, 1, 3, 3, 4, 
103: 3, 1, 1, 0, 0, 52, 0, 1, 0, 0, 0, 0, 0, 2, 0, 1, 0, 0, 0, 0, 0, 0, 0, 0, 0, 3, 0, 0, 0, 0, 1, 0, 0, 0, 3, 0, 0, 2, 0, 5, : 3, 1, 1, 52, 1, 2, 1, 3, 1, 3, 2, 5, 
288: 2, 3, 0, 51, 2, 0, 0, 54, 1, 0, 0, 0, 0, 2, 0, 0, 0, 0, 1, 2, 0, 1, 0, 0, 0, 1, 2, 4, 0, 1, 2, 50, 0, 0, 1, 0, 0, 0, 0, 3, : 2, 3, 51, 2, 54, 1, 2, 1, 2, 1, 1, 2, 4, 1, 2, 50, 1, 3, 
341: 2, 5, 3, 0, 50, 0, 3, 2, 3, 0, 53, 0, 0, 2, 0, 0, 0, 0, 0, 0, 0, 0, 0, 0, 0, 3, 0, 0, 4, 0, 1, 4, 0, 0, 5, 5, 0, 1, 0, 2, : 2, 5, 3, 50, 3, 2, 3, 53, 2, 3, 4, 1, 4, 5, 5, 1, 2, 
302: 1, 3, 0, 0, 0, 0, 0, 0, 0, 0, 1, 0, 0, 5, 0, 0, 0, 0, 4, 52, 0, 0, 0, 0, 0, 5, 0, 0, 51, 0, 3, 0, 0, 0, 3, 0, 2, 0, 0, 5, : 1, 3, 1, 5, 4, 52, 5, 51, 3, 3, 2, 5, 
64: 4, 1, 0, 0, 0, 0, 0, 0, 0, 0, 0, 0, 0, 4, 51, 4, 4, 1, 0, 0, 0, 0, 0, 0, 0, 5, 0, 0, 0, 5, 5, 0, 0, 2, 2, 0, 0, 1, 2, 2, : 4, 1, 4, 51, 4, 4, 1, 5, 5, 5, 2, 2, 1, 2, 2, 
250: 3, 5, 0, 1, 0, 0, 0, 0, 0, 0, 3, 4, 0, 1, 2, 1, 0, 0, 1, 0, 0, 0, 0, 0, 0, 1, 0, 0, 0, 0, 5, 0, 0, 2, 5, 1, 0, 0, 0, 5, : 3, 5, 1, 3, 4, 1, 2, 1, 1, 1, 5, 2, 5, 1, 5, 
51: 2, 1, 0, 0, 1, 0, 0, 0, 0, 5, 0, 0, 3, 2, 0, 0, 0, 0, 0, 0, 0, 52, 0, 0, 0, 0, 50, 1, 1, 0, 5, 1, 0, 0, 3, 0, 1, 0, 0, 1, : 2, 1, 1, 5, 3, 2, 52, 50, 1, 1, 5, 1, 3, 1, 1, 
54: 1, 2, 0, 0, 0, 0, 51, 0, 0, 0, 0, 0, 0, 3, 0, 1, 0, 51, 0, 0, 0, 0, 5, 0, 0, 2, 0, 0, 0, 50, 2, 2, 0, 0, 2, 0, 0, 50, 0, 4, : 1, 2, 51, 3, 1, 51, 5, 2, 50, 2, 2, 2, 50, 4, 
221: 2, 4, 0, 0, 0, 0, 0, 0, 0, 0, 0, 0, 2, 2, 0, 0, 0, 0, 0, 0, 0, 0, 0, 0, 1, 5, 0, 0, 0, 0, 2, 0, 1, 0, 5, 0, 0, 1, 0, 5, : 2, 4, 2, 2, 1, 5, 2, 1, 5, 1, 5, 
158: 2, 2, 0, 0, 0, 0, 1, 0, 0, 0, 0, 0, 0, 5, 0, 0, 0, 0, 0, 5, 0, 0, 0, 2, 0, 4, 2, 0, 1, 0, 5, 0, 0, 0, 4, 0, 0, 0, 0, 1, : 2, 2, 1, 5, 5, 2, 4, 2, 1, 5, 4, 1, 
34: 2, 1, 0, 0, 0, 0, 1, 0, 0, 0, 0, 0, 0, 4, 1, 3, 1, 0, 51, 0, 0, 2, 0, 0, 5, 4, 0, 0, 2, 0, 4, 0, 4, 0, 2, 4, 0, 0, 0, 2, : 2, 1, 1, 4, 1, 3, 1, 51, 2, 5, 4, 2, 4, 4, 2, 4, 2, 
243: 2, 3, 0, 1, 0, 0, 0, 0, 2, 0, 0, 52, 0, 1, 0, 0, 0, 5, 0, 0, 0, 0, 55, 0, 0, 4, 4, 0, 0, 1, 3, 0, 0, 0, 2, 0, 0, 0, 0, 3, : 2, 3, 1, 2, 52, 1, 5, 55, 4, 4, 1, 3, 2, 3, 
343: 9, 5, 0, 0, 1, 0, 0, 0, 0, 0, 0, 0, 0, 2, 2, 0, 0, 0, 2, 1, 53, 0, 0, 0, 0, 3, 0, 0, 0, 0, 1, 0, 0, 51, 2, 0, 0, 0, 4, 4, : 9, 5, 1, 2, 2, 2, 1, 53, 3, 1, 51, 2, 4, 4, 
399: 4, 4, 0, 0, 0, 0, 0, 2, 0, 0, 3, 0, 0, 1, 0, 50, 0, 0, 0, 0, 0, 0, 0, 54, 0, 3, 0, 1, 0, 0, 4, 0, 55, 0, 3, 0, 0, 5, 54, 1, : 4, 4, 2, 3, 1, 50, 54, 3, 1, 4, 55, 3, 5, 54, 1, 
37: 4, 3, 0, 5, 4, 0, 0, 0, 4, 0, 0, 0, 0, 4, 0, 0, 0, 0, 0, 0, 0, 5, 0, 3, 0, 3, 0, 0, 1, 0, 2, 2, 0, 0, 3, 0, 3, 0, 0, 1, : 4, 3, 5, 4, 4, 4, 5, 3, 3, 1, 2, 2, 3, 3, 1, 
263: 1, 3, 51, 0, 0, 5, 0, 0, 0, 0, 0, 0, 55, 3, 0, 0, 0, 0, 0, 0, 0, 0, 0, 0, 1, 4, 0, 2, 0, 0, 5, 1, 0, 0, 3, 0, 1, 0, 0, 3, : 1, 3, 51, 5, 55, 3, 1, 4, 2, 5, 1, 3, 1, 3, 
354: 4, 4, 0, 0, 0, 0, 4, 0, 0, 50, 0, 0, 0, 5, 4, 0, 0, 0, 0, 0, 4, 0, 0, 0, 53, 2, 2, 0, 0, 0, 1, 0, 0, 4, 5, 0, 53, 0, 0, 2, : 4, 4, 4, 50, 5, 4, 4, 53, 2, 2, 1, 4, 5, 53, 2, 
280: 4, 3, 5, 0, 0, 3, 0, 1, 0, 4, 0, 4, 0, 5, 0, 0, 52, 0, 0, 0, 0, 0, 0, 0, 0, 4, 0, 1, 0, 2, 3, 0, 0, 1, 2, 50, 0, 0, 0, 3, : 4, 3, 5, 3, 1, 4, 4, 5, 52, 4, 1, 2, 3, 1, 2, 50, 3, 
270: 4, 3, 0, 0, 2, 0, 0, 0, 50, 0, 0, 0, 0, 2, 0, 0, 0, 0, 0, 0, 0, 0, 0, 0, 0, 4, 0, 51, 0, 1, 3, 0, 0, 0, 2, 0, 0, 0, 0, 4, : 4, 3, 2, 50, 2, 4, 51, 1, 3, 2, 4, 


362: 0, 4, 2, 0, 55, 0, 3, 0, 0, 1, 0, 0, 0, 0, 0, 0, 0, 0, 2, 0, 1, 3, 4, 0, 5, 0, 1, 0, 5, 3, 3, 0, 55, 0, 3, 5, 3, 2, 0, 0, : 4, 2, 55, 3, 1, 2, 1, 3, 4, 5, 1, 5, 3, 3, 55, 3, 5, 3, 2, 
275: 4, 0, 1, 0, 0, 1, 5, 0, 0, 5, 0, 0, 0, 0, 0, 0, 0, 0, 3, 0, 0, 4, 1, 0, 0, 0, 0, 0, 2, 5, 4, 0, 0, 52, 4, 1, 0, 3, 0, 5, : 4, 1, 1, 5, 5, 3, 4, 1, 2, 5, 4, 52, 4, 1, 3, 5, 
144: 0, 0, 5, 0, 0, 0, 5, 0, 0, 4, 0, 0, 0, 0, 0, 0, 1, 0, 2, 0, 0, 1, 4, 0, 0, 0, 0, 0, 1, 4, 4, 4, 0, 0, 5, 5, 0, 3, 0, 0, : 5, 5, 4, 1, 2, 1, 4, 1, 4, 4, 4, 5, 5, 3, 
191: 0, 0, 2, 0, 0, 0, 2, 0, 0, 1, 54, 0, 0, 0, 0, 50, 0, 1, 5, 1, 2, 4, 1, 51, 0, 0, 0, 0, 5, 2, 2, 0, 0, 0, 5, 1, 0, 2, 0, 0, : 2, 2, 1, 54, 50, 1, 5, 1, 2, 4, 1, 51, 5, 2, 2, 5, 1, 2, 
314: 0, 0, 2, 0, 0, 0, 3, 3, 0, 4, 0, 0, 0, 0, 0, 0, 0, 52, 1, 1, 0, 2, 2, 0, 0, 0, 0, 4, 1, 6, 1, 0, 0, 1, 4, 1, 0, 1, 0, 0, : 2, 3, 3, 4, 52, 1, 1, 2, 2, 4, 1, 6, 1, 1, 4, 1, 1, 
182: 54, 0, 2, 0, 0, 0, 5, 0, 0, 4, 0, 0, 0, 0, 53, 0, 1, 3, 1, 0, 1, 2, 5, 0, 50, 0, 0, 0, 2, 4, 4, 0, 0, 0, 1, 3, 0, 1, 0, 0, : 54, 2, 5, 4, 53, 1, 3, 1, 1, 2, 5, 50, 2, 4, 4, 1, 3, 1, 
257: 0, 0, 4, 0, 2, 0, 4, 2, 0, 1, 1, 0, 1, 0, 0, 0, 2, 3, 2, 0, 0, 3, 5, 0, 0, 0, 2, 0, 3, 3, 2, 0, 0, 0, 4, 1, 0, 4, 0, 0, : 4, 2, 4, 2, 1, 1, 1, 2, 3, 2, 3, 5, 2, 3, 3, 2, 4, 1, 4, 
4: 0, 0, 3, 5, 0, 0, 4, 0, 0, 2, 0, 2, 2, 0, 0, 0, 0, 0, 3, 0, 0, 5, 4, 0, 0, 51, 1, 0, 1, 2, 2, 0, 0, 0, 3, 4, 0, 3, 4, 4, : 3, 5, 4, 2, 2, 2, 3, 5, 4, 51, 1, 1, 2, 2, 3, 4, 3, 4, 4, 
287: 0, 1, 3, 0, 0, 0, 5, 0, 0, 1, 0, 0, 0, 0, 0, 0, 53, 0, 1, 2, 0, 4, 2, 1, 0, 0, 0, 0, 3, 2, 3, 0, 0, 0, 2, 5, 0, 5, 0, 1, : 1, 3, 5, 1, 53, 1, 2, 4, 2, 1, 3, 2, 3, 2, 5, 5, 1, 
1: 0, 0, 1, 0, 0, 2, 4, 50, 0, 1, 0, 0, 53, 0, 3, 4, 0, 0, 2, 1, 0, 2, 4, 0, 4, 0, 0, 51, 1, 2, 4, 0, 0, 0, 3, 1, 0, 3, 0, 0, : 1, 2, 4, 50, 1, 53, 3, 4, 2, 1, 2, 4, 4, 51, 1, 2, 4, 3, 1, 3, 
166: 1, 0, 2, 5, 0, 5, 4, 0, 0, 2, 0, 0, 0, 0, 0, 0, 0, 1, 3, 0, 0, 3, 3, 0, 0, 0, 0, 0, 1, 1, 2, 0, 0, 0, 1, 3, 54, 3, 0, 0, : 1, 2, 5, 5, 4, 2, 1, 3, 3, 3, 1, 1, 2, 1, 3, 54, 3, 
49: 0, 0, 5, 0, 0, 0, 5, 1, 0, 5, 0, 53, 0, 51, 4, 0, 0, 0, 5, 0, 0, 2, 2, 0, 1, 0, 0, 2, 2, 1, 6, 3, 0, 0, 4, 1, 0, 5, 0, 0, : 5, 5, 1, 5, 53, 51, 4, 5, 2, 2, 1, 2, 2, 1, 6, 3, 4, 1, 5, 
73: 0, 55, 2, 0, 0, 0, 2, 0, 0, 4, 0, 0, 0, 0, 0, 0, 0, 0, 4, 0, 2, 4, 5, 0, 0, 0, 0, 3, 4, 4, 2, 0, 0, 4, 4, 3, 3, 3, 0, 0, : 55, 2, 2, 4, 4, 2, 4, 5, 3, 4, 4, 2, 4, 4, 3, 3, 3, 
170: 0, 0, 5, 0, 0, 50, 0, 2, 3, 2, 1, 0, 0, 0, 0, 1, 0, 0, 5, 0, 0, 3, 2, 0, 0, 4, 0, 0, 7, 3, 2, 0, 0, 0, 2, 5, 0, 4, 54, 0, : 5, 50, 2, 3, 2, 1, 1, 5, 3, 2, 4, 7, 3, 2, 2, 5, 4, 54, 
47: 0, 0, 3, 0, 0, 0, 5, 0, 0, 5, 0, 0, 0, 0, 0, 0, 3, 0, 4, 0, 53, 2, 4, 0, 0, 0, 4, 0, 4, 1, 2, 53, 0, 0, 2, 5, 0, 4, 0, 0, : 3, 5, 5, 3, 4, 53, 2, 4, 4, 4, 1, 2, 53, 2, 5, 4, 
299: 0, 0, 2, 0, 3, 0, 2, 0, 54, 5, 0, 0, 0, 2, 0, 0, 0, 0, 3, 0, 0, 3, 2, 0, 0, 0, 52, 0, 4, 5, 4, 0, 0, 0, 1, 3, 0, 3, 0, 0, : 2, 3, 2, 54, 5, 2, 3, 3, 2, 52, 4, 5, 4, 1, 3, 3, 
9: 1, 0, 5, 50, 0, 0, 0, 0, 0, 3, 0, 5, 0, 2, 0, 5, 0, 0, 3, 0, 0, 1, 4, 0, 0, 0, 0, 0, 2, 4, 3, 0, 0, 0, 5, 2, 0, 4, 0, 0, : 1, 5, 50, 3, 5, 2, 5, 3, 1, 4, 2, 4, 3, 5, 2, 4, 
389: 0, 0, 4, 0, 0, 0, 0, 0, 0, 3, 0, 0, 0, 0, 0, 0, 0, 0, 1, 1, 0, 4, 2, 4, 0, 0, 0, 0, 4, 5, 3, 0, 5, 3, 4, 4, 0, 5, 0, 0, : 4, 3, 1, 1, 4, 2, 4, 4, 5, 3, 5, 3, 4, 4, 5, 
137: 0, 0, 3, 0, 0, 0, 0, 0, 0, 2, 0, 0, 4, 0, 0, 0, 0, 0, 5, 0, 1, 5, 3, 4, 0, 0, 0, 0, 5, 2, 2, 0, 0, 0, 1, 3, 0, 0, 2, 0, : 3, 2, 4, 5, 1, 5, 3, 4, 5, 2, 2, 1, 3, 2, 
61: 0, 0, 4, 0, 0, 2, 2, 2, 3, 5, 4, 0, 0, 5, 0, 0, 0, 0, 5, 54, 0, 3, 1, 0, 0, 5, 0, 0, 3, 1, 5, 0, 0, 0, 2, 4, 0, 2, 0, 50, : 4, 2, 2, 2, 3, 5, 4, 5, 5, 54, 3, 1, 5, 3, 1, 5, 2, 4, 2, 50, 


383: 0, 3, 0, 0, 0, 0, 0, 5, 3, 0, 0, 1, 0, 0, 0, 1, 0, 0, 0, 0, 0, 0, 2, 4, 0, 0, 5, 1, 0, 0, 1, 0, 0, 0, 1, 3, 0, 0, 0, 0, : 3, 5, 3, 1, 1, 2, 4, 5, 1, 1, 1, 3, 
300: 0, 0, 0, 0, 0, 0, 50, 1, 55, 3, 0, 4, 0, 0, 0, 3, 0, 0, 3, 0, 0, 0, 0, 0, 0, 0, 3, 50, 0, 0, 0, 0, 4, 0, 0, 0, 0, 0, 0, 0, : 50, 1, 55, 3, 4, 3, 3, 3, 50, 4, 
145: 50, 0, 0, 0, 0, 0, 0, 4, 0, 0, 4, 3, 0, 0, 0, 0, 2, 0, 0, 0, 0, 0, 0, 0, 0, 0, 2, 3, 0, 0, 0, 0, 0, 0, 0, 1, 0, 0, 54, 0, : 50, 4, 4, 3, 2, 2, 3, 1, 54, 
69: 1, 0, 0, 0, 0, 0, 0, 2, 0, 4, 0, 2, 54, 0, 0, 5, 54, 0, 0, 0, 0, 0, 3, 0, 0, 4, 1, 0, 1, 0, 0, 0, 0, 0, 0, 0, 0, 0, 3, 5, : 1, 2, 4, 2, 54, 5, 54, 3, 4, 1, 1, 3, 5, 
210: 0, 0, 52, 0, 0, 0, 0, 3, 0, 50, 0, 2, 0, 1, 0, 4, 0, 0, 0, 0, 0, 2, 0, 0, 0, 0, 2, 0, 0, 0, 0, 0, 0, 4, 0, 0, 0, 0, 0, 0, : 52, 3, 50, 2, 1, 4, 2, 2, 4, 
214: 0, 0, 0, 0, 1, 0, 1, 5, 0, 0, 0, 4, 0, 0, 0, 5, 0, 55, 0, 0, 2, 0, 0, 0, 0, 0, 5, 0, 0, 0, 0, 0, 0, 4, 0, 0, 0, 0, 0, 0, : 1, 1, 5, 4, 5, 55, 2, 5, 4, 
132: 0, 0, 0, 1, 0, 0, 0, 3, 0, 0, 0, 5, 3, 52, 3, 0, 0, 0, 0, 0, 2, 0, 0, 0, 0, 50, 4, 0, 0, 0, 0, 0, 0, 0, 0, 1, 0, 0, 0, 0, : 1, 3, 5, 3, 52, 3, 2, 50, 4, 1, 
184: 0, 0, 0, 0, 0, 0, 0, 5, 0, 0, 2, 2, 2, 0, 0, 3, 0, 2, 52, 0, 0, 0, 0, 0, 0, 0, 3, 4, 4, 1, 4, 0, 0, 0, 0, 0, 0, 0, 0, 0, : 5, 2, 2, 2, 3, 2, 52, 3, 4, 4, 1, 4, 
143: 0, 53, 0, 0, 0, 0, 0, 1, 0, 0, 0, 3, 1, 0, 0, 1, 0, 0, 0, 0, 0, 0, 0, 0, 0, 1, 3, 0, 0, 54, 0, 0, 2, 0, 0, 0, 3, 0, 2, 0, : 53, 1, 3, 1, 1, 1, 3, 54, 2, 3, 2, 
282: 0, 0, 0, 0, 53, 0, 0, 2, 0, 0, 1, 1, 0, 0, 2, 5, 0, 0, 0, 55, 0, 0, 0, 0, 55, 0, 5, 0, 0, 0, 0, 0, 0, 0, 5, 0, 0, 0, 0, 0, : 53, 2, 1, 1, 2, 5, 55, 55, 5, 5, 
167: 0, 0, 0, 51, 1, 0, 0, 3, 0, 0, 0, 2, 0, 2, 0, 4, 0, 0, 0, 1, 0, 0, 0, 1, 0, 0, 1, 0, 0, 0, 0, 0, 1, 0, 0, 0, 0, 0, 0, 0, : 51, 1, 3, 2, 2, 4, 1, 1, 1, 1, 
277: 0, 0, 0, 0, 0, 1, 4, 3, 1, 0, 0, 4, 0, 0, 0, 0, 1, 0, 5, 0, 0, 0, 0, 0, 0, 1, 3, 0, 0, 0, 0, 0, 0, 0, 0, 0, 2, 2, 0, 0, : 1, 4, 3, 1, 4, 1, 5, 1, 3, 2, 2, 
52: 5, 3, 0, 4, 0, 0, 0, 1, 0, 2, 0, 5, 0, 1, 4, 2, 0, 0, 0, 1, 0, 3, 0, 0, 3, 4, 2, 0, 0, 0, 0, 1, 1, 1, 0, 0, 0, 0, 0, 0, : 5, 3, 4, 1, 2, 5, 1, 4, 2, 1, 3, 3, 4, 2, 1, 1, 1, 
108: 0, 0, 2, 0, 0, 1, 0, 5, 0, 0, 0, 4, 0, 0, 0, 5, 0, 0, 0, 0, 0, 4, 0, 0, 0, 0, 3, 0, 0, 0, 0, 0, 0, 0, 1, 1, 0, 0, 1, 0, : 2, 1, 5, 4, 5, 4, 3, 1, 1, 1, 
24: 0, 1, 0, 0, 0, 2, 0, 4, 0, 1, 51, 3, 0, 0, 0, 1, 0, 0, 0, 0, 0, 0, 0, 0, 0, 0, 5, 0, 55, 0, 55, 0, 0, 0, 52, 0, 4, 0, 0, 1, : 1, 2, 4, 1, 51, 3, 1, 5, 55, 55, 52, 4, 1, 
128: 0, 0, 1, 3, 4, 52, 0, 1, 0, 0, 2, 2, 0, 0, 0, 3, 3, 0, 0, 0, 1, 51, 0, 0, 0, 0, 4, 0, 0, 0, 0, 5, 0, 51, 0, 0, 0, 5, 0, 0, : 1, 3, 4, 52, 1, 2, 2, 3, 3, 1, 51, 4, 5, 51, 5, 
59: 4, 0, 0, 1, 0, 0, 4, 5, 0, 0, 0, 2, 0, 0, 50, 4, 0, 0, 0, 0, 2, 0, 0, 0, 0, 0, 3, 2, 0, 4, 0, 0, 0, 0, 0, 0, 0, 0, 0, 0, : 4, 1, 4, 5, 2, 50, 4, 2, 3, 2, 4, 
310: 0, 0, 0, 0, 0, 0, 1, 1, 0, 0, 0, 5, 0, 0, 0, 5, 0, 0, 0, 0, 0, 0, 0, 55, 2, 0, 2, 0, 0, 1, 0, 3, 52, 0, 0, 0, 51, 53, 0, 0, : 1, 1, 5, 5, 55, 2, 2, 1, 3, 52, 51, 53, 
48: 0, 0, 5, 0, 0, 4, 0, 3, 1, 0, 0, 2, 0, 3, 1, 5, 0, 3, 0, 3, 0, 0, 0, 0, 0, 0, 3, 0, 0, 0, 0, 0, 0, 0, 0, 0, 0, 0, 0, 0, : 5, 4, 3, 1, 2, 3, 1, 5, 3, 3, 3, 
396: 0, 0, 0, 0, 1, 0, 0, 3, 0, 0, 0, 4, 0, 1, 0, 4, 0, 0, 0, 0, 53, 0, 55, 0, 0, 0, 1, 0, 0, 0, 0, 51, 0, 0, 1, 54, 0, 0, 0, 54, : 1, 3, 4, 1, 4, 53, 55, 1, 51, 1, 54, 54, 


189: 54, 5, 4, 4, 1, 1, 2, 0, 0, 0, 5, 0, 13, 2, 0, 0, 0, 0, 0, 5, 0, 0, 1, 0, 0, 2, 0, 0, 1, 0, 0, 3, 1, 0, 0, 3, 0, 3, 5, 0, : 54, 5, 4, 4, 1, 1, 2, 5, 13, 2, 5, 1, 2, 1, 3, 1, 3, 3, 5, 
19: 0, 3, 0, 2, 2, 0, 3, 1, 0, 0, 5, 0, 2, 1, 0, 0, 0, 0, 0, 5, 0, 0, 0, 5, 0, 0, 0, 0, 1, 0, 0, 2, 0, 2, 2, 0, 0, 0, 0, 0, : 3, 2, 2, 3, 1, 5, 2, 1, 5, 5, 1, 2, 2, 2, 
90: 0, 8, 0, 3, 5, 52, 0, 0, 0, 55, 4, 52, 3, 0, 1, 0, 0, 0, 0, 5, 3, 0, 2, 0, 0, 0, 52, 0, 4, 0, 0, 0, 0, 0, 0, 0, 51, 0, 0, 0, : 8, 3, 5, 52, 55, 4, 52, 3, 1, 5, 3, 2, 52, 4, 51, 
298: 0, 3, 0, 5, 3, 0, 0, 1, 0, 5, 4, 0, 5, 55, 0, 0, 0, 4, 0, 2, 0, 0, 4, 0, 0, 0, 0, 0, 4, 0, 0, 0, 0, 52, 0, 5, 0, 0, 51, 4, : 3, 5, 3, 1, 5, 4, 5, 55, 4, 2, 4, 4, 52, 5, 51, 4, 
227: 0, 1, 0, 4, 3, 0, 0, 0, 0, 0, 1, 0, 1, 0, 0, 0, 0, 0, 0, 3, 0, 0, 4, 0, 0, 4, 0, 0, 3, 0, 0, 0, 3, 0, 0, 52, 0, 0, 0, 0, : 1, 4, 3, 1, 1, 3, 4, 4, 3, 3, 52, 
204: 0, 3, 0, 3, 1, 1, 0, 54, 0, 0, 3, 1, 1, 1, 0, 5, 0, 0, 0, 4, 0, 0, 2, 0, 2, 0, 0, 0, 5, 0, 0, 0, 52, 0, 0, 0, 0, 0, 0, 2, : 3, 3, 1, 1, 54, 3, 1, 1, 1, 5, 4, 2, 2, 5, 52, 2, 
332: 0, 3, 0, 4, 2, 0, 0, 0, 0, 0, 5, 0, 2, 0, 0, 0, 0, 0, 0, 2, 0, 55, 4, 0, 0, 0, 0, 0, 5, 1, 4, 0, 2, 0, 0, 0, 1, 0, 0, 0, : 3, 4, 2, 5, 2, 2, 55, 4, 5, 1, 4, 2, 1, 
233: 0, 2, 0, 1, 3, 0, 0, 0, 2, 0, 1, 0, 1, 0, 0, 1, 0, 0, 5, 4, 0, 0, 3, 0, 0, 0, 3, 0, 0, 0, 0, 0, 2, 2, 0, 0, 0, 0, 0, 2, : 2, 1, 3, 2, 1, 1, 1, 5, 4, 3, 3, 2, 2, 2, 
75: 0, 3, 0, 3, 2, 0, 0, 0, 2, 0, 4, 0, 1, 0, 0, 52, 0, 0, 0, 1, 0, 0, 2, 0, 1, 3, 1, 0, 4, 0, 0, 0, 0, 0, 0, 0, 0, 4, 0, 50, : 3, 3, 2, 2, 4, 1, 52, 1, 2, 1, 3, 1, 4, 4, 50, 
39: 0, 1, 50, 3, 5, 0, 0, 0, 0, 0, 2, 0, 2, 1, 0, 0, 0, 0, 0, 3, 53, 0, 5, 0, 0, 0, 0, 2, 4, 0, 2, 0, 0, 0, 0, 0, 0, 0, 0, 0, : 1, 50, 3, 5, 2, 2, 1, 3, 53, 5, 2, 4, 2, 
295: 0, 1, 0, 5, 5, 0, 0, 0, 0, 0, 1, 0, 3, 0, 0, 0, 0, 2, 0, 4, 0, 0, 3, 0, 0, 0, 1, 0, 3, 0, 0, 2, 0, 0, 0, 0, 0, 0, 0, 0, : 1, 5, 5, 1, 3, 2, 4, 3, 1, 3, 2, 
308: 4, 2, 0, 3, 1, 0, 2, 1, 0, 0, 1, 0, 4, 0, 0, 1, 0, 0, 1, 1, 0, 2, 5, 53, 0, 0, 0, 0, 2, 0, 0, 50, 0, 0, 0, 0, 0, 0, 0, 0, : 4, 2, 3, 1, 2, 1, 1, 4, 1, 1, 1, 2, 5, 53, 2, 50, 
379: 0, 5, 0, 0, 7, 4, 53, 0, 2, 0, 2, 2, 2, 0, 0, 0, 2, 51, 0, 1, 0, 0, 1, 0, 0, 0, 0, 0, 4, 0, 0, 0, 0, 4, 0, 0, 0, 0, 0, 0, : 5, 7, 4, 53, 2, 2, 2, 2, 2, 51, 1, 1, 4, 4, 
260: 0, 2, 0, 1, 1, 0, 0, 0, 50, 0, 2, 0, 4, 0, 0, 0, 2, 0, 0, 1, 0, 1, 4, 0, 1, 0, 1, 2, 5, 0, 0, 0, 0, 0, 0, 0, 0, 0, 4, 0, : 2, 1, 1, 50, 2, 4, 2, 1, 1, 4, 1, 1, 2, 5, 4, 
36: 0, 4, 5, 3, 2, 0, 0, 0, 0, 0, 1, 0, 2, 0, 5, 0, 0, 0, 3, 3, 0, 0, 4, 0, 0, 0, 1, 0, 4, 0, 50, 0, 0, 0, 0, 0, 0, 52, 0, 0, : 4, 5, 3, 2, 1, 2, 5, 3, 3, 4, 1, 4, 50, 52, 
32: 0, 1, 0, 3, 2, 0, 0, 2, 2, 0, 5, 0, 1, 0, 0, 0, 51, 0, 0, 4, 0, 0, 1, 0, 0, 0, 0, 4, 5, 52, 0, 2, 0, 0, 3, 0, 0, 0, 0, 1, : 1, 3, 2, 2, 2, 5, 1, 51, 4, 1, 4, 5, 52, 2, 3, 1, 
264: 0, 5, 0, 3, 4, 1, 0, 0, 0, 0, 3, 4, 2, 0, 0, 1, 0, 0, 0, 4, 0, 0, 5, 0, 0, 0, 0, 52, 1, 4, 4, 0, 0, 0, 0, 0, 0, 0, 0, 1, : 5, 3, 4, 1, 3, 4, 2, 1, 4, 5, 52, 1, 4, 4, 1, 
146: 0, 1, 0, 3, 5, 0, 0, 0, 0, 0, 3, 0, 2, 0, 0, 0, 0, 1, 51, 1, 0, 0, 3, 1, 2, 51, 0, 0, 3, 0, 0, 0, 0, 0, 0, 0, 5, 1, 0, 0, : 1, 3, 5, 3, 2, 1, 51, 1, 3, 1, 2, 51, 3, 5, 1, 
142: 2, 5, 0, 3, 3, 0, 0, 0, 0, 0, 3, 1, 4, 0, 54, 0, 5, 2, 0, 3, 4, 0, 5, 1, 54, 0, 1, 0, 1, 0, 0, 1, 0, 0, 1, 0, 0, 0, 0, 0, : 2, 5, 3, 3, 3, 1, 4, 54, 5, 2, 3, 4, 5, 1, 54, 1, 1, 1, 1, 
338: 0, 2, 1, 4, 3, 1, 0, 1, 2, 0, 5, 0, 5, 0, 0, 0, 0, 0, 0, 4, 0, 2, 2, 0, 0, 0, 0, 0, 1, 3, 0, 0, 0, 0, 54, 0, 3, 0, 0, 0, : 2, 1, 4, 3, 1, 1, 2, 5, 5, 4, 2, 2, 1, 3, 54, 3, 


226: 1, 0, 0, 1, 3, 1, 53, 0, 5, 1, 0, 0, 5, 0, 0, 0, 4, 0, 5, 0, 0, 0, 53, 0, 0, 5, 0, 0, 4, 0, 4, 1, 1, 2, 1, 0, 3, 4, 1, 3, : 1, 1, 3, 1, 53, 5, 1, 5, 4, 5, 53, 5, 4, 4, 1, 1, 2, 1, 3, 4, 1, 3, 
267: 0, 0, 0, 0, 2, 3, 0, 2, 3, 2, 0, 0, 1, 0, 3, 0, 4, 0, 2, 0, 0, 0, 0, 0, 0, 3, 0, 0, 5, 0, 3, 53, 0, 0, 0, 0, 1, 1, 4, 3, : 2, 3, 2, 3, 2, 1, 3, 4, 2, 3, 5, 3, 53, 1, 1, 4, 3, 
161: 0, 53, 0, 0, 5, 0, 1, 5, 4, 0, 5, 52, 2, 3, 0, 52, 1, 0, 1, 0, 0, 0, 0, 54, 2, 2, 0, 0, 3, 0, 5, 0, 0, 0, 0, 0, 2, 1, 5, 1, : 53, 5, 1, 5, 4, 5, 52, 2, 3, 52, 1, 1, 54, 2, 2, 3, 5, 2, 1, 5, 1, 
63: 0, 1, 0, 0, 1, 0, 0, 5, 0, 0, 1, 0, 3, 0, 0, 0, 4, 1, 1, 1, 5, 0, 0, 0, 0, 1, 0, 52, 2, 0, 3, 0, 0, 0, 0, 0, 4, 1, 4, 5, : 1, 1, 5, 1, 3, 4, 1, 1, 1, 5, 1, 52, 2, 3, 4, 1, 4, 5, 
178: 0, 0, 0, 50, 4, 0, 0, 3, 1, 4, 50, 0, 4, 0, 2, 0, 7, 0, 4, 3, 0, 0, 0, 0, 0, 2, 0, 0, 1, 0, 2, 0, 55, 0, 0, 0, 5, 5, 1, 2, : 50, 4, 3, 1, 4, 50, 4, 2, 7, 4, 3, 2, 1, 2, 55, 5, 5, 1, 2, 
358: 0, 0, 3, 0, 4, 0, 0, 5, 5, 1, 0, 0, 2, 0, 52, 0, 4, 0, 1, 51, 0, 4, 0, 0, 0, 3, 0, 0, 1, 4, 5, 0, 0, 0, 0, 54, 5, 3, 3, 3, : 3, 4, 5, 5, 1, 2, 52, 4, 1, 51, 4, 3, 1, 4, 5, 54, 5, 3, 3, 3, 
317: 0, 0, 0, 0, 2, 53, 0, 0, 3, 4, 1, 2, 2, 0, 0, 0, 5, 1, 7, 0, 1, 0, 0, 0, 4, 3, 0, 0, 2, 0, 4, 0, 0, 0, 0, 0, 5, 3, 1, 5, : 2, 53, 3, 4, 1, 2, 2, 5, 1, 7, 1, 4, 3, 2, 4, 5, 3, 1, 5, 
183: 0, 2, 0, 1, 1, 0, 3, 5, 2, 5, 0, 0, 2, 52, 0, 3, 2, 2, 2, 0, 51, 1, 0, 0, 0, 4, 0, 0, 2, 0, 3, 0, 0, 1, 0, 0, 4, 2, 3, 1, : 2, 1, 1, 3, 5, 2, 5, 2, 52, 3, 2, 2, 2, 51, 1, 4, 2, 3, 1, 4, 2, 3, 1, 
79: 0, 0, 0, 0, 4, 0, 0, 5, 5, 2, 0, 3, 5, 0, 0, 0, 4, 0, 4, 0, 0, 0, 0, 1, 0, 3, 0, 0, 3, 0, 0, 0, 0, 5, 0, 0, 5, 1, 3, 1, : 4, 5, 5, 2, 3, 5, 4, 4, 1, 3, 3, 5, 5, 1, 3, 1, 
118: 0, 0, 0, 0, 1, 0, 2, 2, 1, 3, 0, 0, 1, 1, 0, 0, 1, 0, 2, 0, 3, 0, 3, 0, 0, 4, 0, 0, 2, 0, 4, 2, 0, 0, 5, 0, 4, 5, 4, 1, : 1, 2, 2, 1, 3, 1, 1, 1, 2, 3, 3, 4, 2, 4, 2, 5, 4, 5, 4, 1, 
153: 0, 0, 1, 1, 3, 0, 0, 5, 1, 2, 0, 1, 5, 0, 0, 0, 3, 0, 1, 0, 0, 0, 2, 0, 0, 4, 0, 5, 5, 0, 4, 4, 0, 0, 0, 5, 1, 4, 2, 5, : 1, 1, 3, 5, 1, 2, 1, 5, 3, 1, 2, 4, 5, 5, 4, 4, 5, 1, 4, 2, 5, 
7: 1, 0, 0, 0, 3, 0, 0, 5, 2, 4, 0, 0, 5, 0, 2, 5, 2, 0, 1, 0, 0, 0, 0, 0, 0, 2, 0, 0, 1, 0, 1, 0, 0, 50, 0, 0, 2, 5, 5, 1, : 1, 3, 5, 2, 4, 5, 2, 5, 2, 1, 2, 1, 1, 50, 2, 5, 5, 1, 
129: 3, 0, 0, 0, 5, 0, 0, 2, 4, 2, 0, 0, 1, 0, 0, 0, 1, 55, 2, 0, 0, 0, 0, 0, 1, 1, 5, 0, 3, 4, 2, 0, 0, 0, 0, 0, 2, 2, 4, 5, : 3, 5, 2, 4, 2, 1, 1, 55, 2, 1, 1, 5, 3, 4, 2, 2, 2, 4, 5, 
293: 0, 0, 3, 0, 5, 0, 1, 1, 1, 4, 1, 0, 3, 3, 0, 0, 2, 0, 2, 1, 0, 0, 0, 0, 0, 5, 52, 3, 4, 0, 1, 0, 2, 0, 1, 0, 2, 3, 4, 3, : 3, 5, 1, 1, 1, 4, 1, 3, 3, 2, 2, 1, 5, 52, 3, 4, 1, 2, 1, 2, 3, 4, 3, 
169: 2, 0, 0, 0, 1, 3, 0, 5, 4, 4, 0, 1, 4, 0, 1, 0, 3, 0, 1, 0, 0, 2, 0, 1, 0, 1, 0, 0, 4, 0, 3, 0, 1, 0, 0, 0, 1, 1, 1, 4, : 2, 1, 3, 5, 4, 4, 1, 4, 1, 3, 1, 2, 1, 1, 4, 3, 1, 1, 1, 1, 4, 
232: 0, 0, 0, 4, 4, 0, 0, 3, 5, 4, 1, 0, 2, 0, 0, 0, 4, 0, 4, 0, 0, 0, 0, 0, 3, 5, 0, 0, 5, 0, 5, 0, 0, 0, 1, 0, 2, 3, 2, 4, : 4, 4, 3, 5, 4, 1, 2, 4, 4, 3, 5, 5, 5, 1, 2, 3, 2, 4, 
83: 1, 0, 0, 3, 1, 0, 0, 0, 2, 5, 0, 0, 2, 0, 0, 0, 4, 1, 5, 0, 0, 52, 0, 0, 0, 2, 0, 0, 5, 0, 1, 0, 0, 0, 52, 0, 2, 6, 1, 3, : 1, 3, 1, 2, 5, 2, 4, 1, 5, 52, 2, 5, 1, 52, 2, 6, 1, 3, 
180: 1, 0, 53, 0, 4, 0, 0, 2, 2, 3, 1, 0, 3, 0, 0, 0, 1, 0, 4, 0, 0, 0, 0, 0, 50, 6, 0, 0, 3, 50, 5, 0, 1, 2, 0, 1, 1, 3, 3, 4, : 1, 53, 4, 2, 2, 3, 1, 3, 1, 4, 50, 6, 3, 50, 5, 1, 2, 1, 1, 3, 3, 4, 
152: 0, 0, 0, 0, 2, 0, 0, 1, 5, 5, 0, 1, 4, 0, 0, 0, 3, 0, 9, 0, 0, 1, 2, 0, 0, 3, 3, 0, 1, 2, 0, 0, 0, 0, 0, 0, 5, 2, 4, 3, : 2, 1, 5, 5, 1, 4, 3, 9, 1, 2, 3, 3, 1, 2, 5, 2, 4, 3, 
259: 51, 4, 0, 0, 5, 0, 0, 4, 5, 5, 0, 0, 4, 1, 0, 0, 1, 0, 2, 4, 0, 0, 0, 4, 0, 1, 0, 0, 4, 0, 5, 0, 0, 0, 0, 0, 4, 5, 5, 3, : 51, 4, 5, 4, 5, 5, 4, 1, 1, 2, 4, 4, 1, 4, 5, 4, 5, 5, 3, 


