
40
20
60
1

15: 0, 1, 3, 4, 0, 3, 0, 1, 0, 0, 5, 1, 0, 0, 0, 0, 0, 0, 0, 5, 0, 0, 0, 0, 0, 0, 0, 2, 0, 0, 0, 0, 1, 0, 3, 2, 0, 5, 0, 4, : 1, 3, 4, 3, 1, 5, 1, 5, 2, 1, 3, 2, 5, 4, 
3: 0, 0, 5, 5, 0, 5, 0, 2, 0, 0, 3, 3, 1, 0, 0, 0, 0, 55, 50, 3, 0, 0, 0, 1, 0, 0, 4, 4, 0, 0, 0, 0, 0, 0, 0, 2, 53, 5, 0, 0, : 5, 5, 5, 2, 3, 3, 1, 55, 50, 3, 1, 4, 4, 2, 53, 5, 
5: 0, 0, 3, 5, 0, 5, 0, 4, 0, 0, 2, 4, 0, 55, 0, 0, 0, 0, 3, 1, 0, 0, 0, 0, 0, 0, 2, 2, 0, 0, 0, 0, 52, 0, 0, 2, 0, 2, 2, 51, : 3, 5, 5, 4, 2, 4, 55, 3, 1, 2, 2, 52, 2, 2, 2, 51, 
19: 0, 0, 2, 1, 0, 4, 0, 1, 0, 2, 4, 3, 1, 0, 0, 0, 0, 0, 0, 1, 0, 3, 0, 50, 0, 53, 0, 2, 0, 3, 0, 0, 1, 0, 0, 1, 2, 5, 0, 0, : 2, 1, 4, 1, 2, 4, 3, 1, 1, 3, 50, 53, 2, 3, 1, 1, 2, 5, 
2: 0, 0, 5, 2, 0, 1, 1, 5, 2, 0, 2, 5, 0, 0, 5, 0, 0, 0, 1, 2, 0, 1, 0, 0, 0, 0, 0, 3, 0, 0, 0, 0, 0, 1, 0, 3, 0, 2, 0, 1, : 5, 2, 1, 1, 5, 2, 2, 5, 5, 1, 2, 1, 3, 1, 3, 2, 1, 
17: 0, 5, 0, 1, 4, 4, 0, 5, 0, 0, 3, 5, 0, 0, 0, 0, 0, 0, 0, 5, 5, 5, 0, 0, 0, 0, 0, 1, 0, 0, 1, 0, 0, 1, 4, 1, 0, 1, 0, 0, : 5, 1, 4, 4, 5, 3, 5, 5, 5, 5, 1, 1, 1, 4, 1, 1, 
8: 0, 50, 4, 3, 4, 5, 0, 4, 0, 0, 1, 4, 0, 0, 4, 0, 0, 0, 1, 4, 51, 0, 0, 1, 0, 0, 50, 5, 2, 0, 0, 54, 0, 0, 1, 1, 0, 5, 0, 2, : 50, 4, 3, 4, 5, 4, 1, 4, 4, 1, 4, 51, 1, 50, 5, 2, 54, 1, 1, 5, 2, 
16: 0, 0, 5, 1, 0, 1, 0, 5, 0, 50, 1, 5, 1, 0, 0, 0, 1, 0, 0, 2, 0, 0, 1, 0, 1, 0, 0, 4, 0, 0, 0, 0, 0, 0, 0, 4, 1, 4, 0, 1, : 5, 1, 1, 5, 50, 1, 5, 1, 1, 2, 1, 1, 4, 4, 1, 4, 1, 
10: 53, 0, 2, 2, 2, 1, 0, 3, 0, 0, 2, 5, 52, 0, 0, 0, 0, 0, 5, 2, 0, 0, 0, 0, 0, 0, 0, 1, 0, 0, 3, 1, 0, 0, 0, 3, 3, 3, 0, 0, : 53, 2, 2, 2, 1, 3, 2, 5, 52, 5, 2, 1, 3, 1, 3, 3, 3, 
1: 0, 3, 3, 2, 0, 2, 0, 4, 54, 4, 0, 4, 0, 0, 0, 4, 0, 0, 0, 2, 0, 0, 2, 0, 0, 4, 0, 4, 0, 0, 0, 2, 0, 5, 0, 5, 0, 4, 53, 0, : 3, 3, 2, 2, 4, 54, 4, 4, 4, 2, 2, 4, 4, 2, 5, 5, 4, 53, 
18: 0, 0, 5, 2, 0, 5, 0, 3, 0, 0, 2, 3, 0, 0, 0, 0, 0, 0, 0, 9, 0, 1, 0, 1, 0, 1, 2, 5, 53, 0, 0, 0, 0, 52, 0, 1, 0, 2, 0, 0, : 5, 2, 5, 3, 2, 3, 9, 1, 1, 1, 2, 5, 53, 52, 1, 2, 
11: 0, 0, 0, 5, 0, 2, 0, 5, 1, 0, 4, 4, 0, 0, 0, 0, 2, 0, 0, 6, 0, 0, 2, 4, 50, 0, 0, 4, 0, 2, 0, 0, 0, 0, 0, 4, 0, 3, 5, 0, : 5, 2, 5, 1, 4, 4, 2, 6, 2, 4, 50, 4, 2, 4, 3, 5, 
7: 0, 0, 4, 3, 0, 5, 0, 1, 0, 0, 5, 5, 0, 5, 0, 0, 0, 0, 0, 2, 0, 0, 0, 0, 0, 0, 0, 2, 0, 0, 0, 0, 3, 0, 0, 5, 0, 1, 0, 0, : 4, 3, 5, 1, 5, 5, 5, 2, 2, 3, 5, 1, 
9: 2, 0, 1, 3, 0, 0, 0, 1, 1, 0, 5, 3, 3, 0, 51, 53, 0, 0, 0, 5, 0, 0, 54, 0, 0, 0, 0, 1, 0, 0, 0, 0, 2, 0, 0, 5, 1, 3, 0, 0, : 2, 1, 3, 1, 1, 5, 3, 3, 51, 53, 5, 54, 1, 2, 5, 1, 3, 
4: 0, 0, 0, 5, 0, 1, 0, 3, 0, 0, 5, 1, 1, 0, 0, 0, 3, 0, 0, 4, 0, 0, 0, 1, 0, 1, 0, 3, 0, 0, 0, 0, 1, 0, 51, 5, 0, 3, 0, 1, : 5, 1, 3, 5, 1, 1, 3, 4, 1, 1, 3, 1, 51, 5, 3, 1, 
6: 0, 0, 0, 3, 0, 5, 53, 5, 2, 0, 5, 0, 0, 0, 0, 0, 52, 0, 0, 1, 0, 0, 1, 0, 0, 1, 0, 5, 0, 0, 1, 0, 0, 0, 0, 5, 0, 2, 0, 0, : 3, 5, 53, 5, 2, 5, 52, 1, 1, 1, 5, 1, 5, 2, 
13: 3, 0, 5, 4, 50, 2, 1, 5, 0, 0, 3, 0, 0, 0, 0, 0, 0, 0, 0, 1, 0, 0, 0, 0, 0, 0, 0, 5, 5, 55, 0, 0, 0, 0, 1, 3, 0, 2, 0, 0, : 3, 5, 4, 50, 2, 1, 5, 3, 1, 5, 5, 55, 1, 3, 2, 
14: 0, 0, 4, 1, 0, 4, 0, 2, 0, 0, 3, 2, 0, 0, 0, 2, 1, 2, 0, 1, 0, 0, 0, 0, 5, 0, 0, 1, 0, 0, 53, 0, 0, 0, 0, 1, 0, 2, 0, 0, : 4, 1, 4, 2, 3, 2, 2, 1, 2, 1, 5, 1, 53, 1, 2, 
12: 0, 0, 5, 3, 0, 1, 5, 1, 0, 0, 4, 3, 0, 0, 0, 0, 0, 2, 0, 2, 4, 0, 0, 0, 4, 0, 0, 4, 0, 0, 0, 2, 0, 1, 0, 4, 0, 5, 0, 0, : 5, 3, 1, 5, 1, 4, 3, 2, 2, 4, 4, 4, 2, 1, 4, 5, 
20: 2, 1, 4, 5, 0, 4, 0, 0, 0, 4, 1, 0, 1, 0, 0, 1, 1, 1, 0, 2, 0, 50, 0, 2, 0, 0, 2, 2, 0, 0, 2, 1, 0, 0, 0, 3, 0, 1, 0, 0, : 2, 1, 4, 5, 4, 4, 1, 1, 1, 1, 1, 2, 50, 2, 2, 2, 2, 1, 3, 1, 


