
20
300
60
15

144: 0, 1, 2, 0, 50, 0, 0, 0, 1, 1, 3, 51, 1, 0, 0, 50, 0, 0, 0, 4, : 1, 2, 50, 1, 1, 3, 51, 1, 50, 4, 
85: 0, 5, 2, 3, 0, 0, 0, 0, 5, 5, 0, 0, 0, 0, 0, 0, 0, 0, 0, 5, : 5, 2, 3, 5, 5, 5, 
191: 0, 5, 2, 0, 0, 1, 1, 5, 3, 2, 0, 0, 0, 51, 0, 0, 0, 0, 0, 1, : 5, 2, 1, 1, 5, 3, 2, 51, 1, 
98: 0, 4, 3, 0, 5, 0, 1, 0, 4, 2, 52, 0, 1, 0, 0, 0, 1, 0, 0, 2, : 4, 3, 5, 1, 4, 2, 52, 1, 1, 2, 
99: 0, 4, 2, 3, 1, 0, 0, 0, 1, 4, 1, 1, 0, 1, 0, 0, 0, 55, 2, 5, : 4, 2, 3, 1, 1, 4, 1, 1, 1, 55, 2, 5, 
233: 0, 2, 4, 3, 0, 0, 0, 0, 3, 2, 0, 0, 0, 0, 0, 0, 3, 0, 4, 3, : 2, 4, 3, 3, 2, 3, 4, 3, 
296: 0, 1, 1, 0, 0, 2, 4, 0, 3, 4, 0, 0, 53, 2, 1, 0, 51, 0, 0, 2, : 1, 1, 2, 4, 3, 4, 53, 2, 1, 51, 2, 
47: 0, 4, 1, 0, 0, 0, 0, 0, 1, 3, 0, 0, 4, 0, 0, 0, 0, 0, 51, 1, : 4, 1, 1, 3, 4, 51, 1, 
293: 0, 4, 3, 0, 0, 0, 0, 2, 3, 4, 2, 0, 0, 0, 0, 1, 0, 0, 0, 3, : 4, 3, 2, 3, 4, 2, 1, 3, 
106: 0, 2, 1, 0, 0, 1, 0, 50, 2, 2, 0, 0, 0, 0, 1, 1, 0, 1, 0, 3, : 2, 1, 1, 50, 2, 2, 1, 1, 1, 3, 
221: 55, 3, 5, 0, 0, 2, 0, 0, 2, 4, 0, 5, 0, 0, 3, 0, 0, 0, 0, 1, : 55, 3, 5, 2, 2, 4, 5, 3, 1, 
71: 0, 4, 5, 0, 0, 0, 0, 0, 4, 5, 0, 0, 0, 0, 0, 0, 3, 0, 0, 2, : 4, 5, 4, 5, 3, 2, 
109: 5, 1, 5, 0, 0, 0, 0, 3, 4, 2, 0, 0, 1, 1, 4, 4, 0, 0, 0, 5, : 5, 1, 5, 3, 4, 2, 1, 1, 4, 4, 5, 
210: 0, 3, 1, 1, 0, 1, 2, 0, 3, 1, 0, 0, 0, 0, 0, 0, 0, 0, 0, 2, : 3, 1, 1, 1, 2, 3, 1, 2, 
53: 0, 3, 4, 0, 0, 0, 0, 0, 5, 1, 0, 0, 0, 0, 0, 0, 0, 0, 0, 4, : 3, 4, 5, 1, 4, 
38: 0, 4, 1, 0, 4, 0, 0, 0, 4, 5, 0, 0, 0, 0, 0, 0, 2, 2, 0, 1, : 4, 1, 4, 4, 5, 2, 2, 1, 
18: 0, 4, 8, 0, 0, 1, 0, 0, 2, 3, 0, 3, 0, 0, 0, 0, 0, 0, 0, 8, : 4, 8, 1, 2, 3, 3, 8, 
196: 0, 4, 3, 0, 0, 50, 1, 0, 4, 3, 0, 0, 0, 0, 1, 4, 0, 2, 3, 2, : 4, 3, 50, 1, 4, 3, 1, 4, 2, 3, 2, 
103: 0, 1, 4, 50, 0, 0, 51, 0, 2, 3, 2, 0, 0, 0, 50, 0, 0, 0, 0, 5, : 1, 4, 50, 51, 2, 3, 2, 50, 5, 
231: 0, 1, 3, 0, 0, 2, 0, 0, 4, 4, 0, 0, 0, 5, 0, 0, 0, 0, 0, 1, : 1, 3, 2, 4, 4, 5, 1, 


229: 1, 2, 0, 2, 0, 2, 3, 0, 2, 0, 0, 5, 0, 0, 0, 0, 5, 0, 0, 0, : 1, 2, 2, 2, 3, 2, 5, 5, 
120: 4, 5, 1, 0, 0, 2, 2, 0, 0, 1, 0, 1, 0, 0, 0, 1, 0, 0, 0, 0, : 4, 5, 1, 2, 2, 1, 1, 1, 
74: 1, 3, 0, 0, 0, 5, 1, 0, 1, 0, 52, 2, 0, 0, 0, 0, 0, 0, 5, 0, : 1, 3, 5, 1, 1, 52, 2, 5, 
128: 2, 2, 0, 0, 0, 2, 5, 4, 1, 0, 0, 4, 0, 0, 0, 0, 0, 0, 0, 0, : 2, 2, 2, 5, 4, 1, 4, 
77: 2, 1, 0, 0, 5, 5, 3, 0, 0, 0, 0, 0, 0, 0, 0, 0, 50, 0, 2, 0, : 2, 1, 5, 5, 3, 50, 2, 
73: 4, 4, 0, 0, 0, 3, 2, 1, 0, 0, 3, 5, 0, 0, 0, 0, 0, 4, 1, 51, : 4, 4, 3, 2, 1, 3, 5, 4, 1, 51, 
43: 3, 2, 0, 0, 0, 4, 3, 0, 0, 0, 0, 1, 0, 0, 0, 54, 0, 0, 0, 0, : 3, 2, 4, 3, 1, 54, 
252: 1, 4, 1, 0, 0, 5, 4, 0, 0, 53, 0, 0, 3, 0, 0, 0, 0, 0, 0, 0, : 1, 4, 1, 5, 4, 53, 3, 
60: 6, 5, 0, 0, 0, 2, 2, 0, 0, 3, 0, 1, 2, 0, 0, 0, 0, 0, 0, 0, : 6, 5, 2, 2, 3, 1, 2, 
61: 5, 3, 4, 3, 0, 3, 2, 53, 0, 0, 0, 5, 0, 5, 0, 0, 0, 0, 0, 0, : 5, 3, 4, 3, 3, 2, 53, 5, 5, 
174: 1, 3, 1, 0, 0, 2, 3, 0, 1, 1, 0, 2, 0, 2, 55, 0, 0, 51, 51, 0, : 1, 3, 1, 2, 3, 1, 1, 2, 2, 55, 51, 51, 
179: 4, 5, 0, 2, 0, 2, 2, 0, 4, 0, 0, 5, 0, 0, 0, 0, 0, 0, 0, 0, : 4, 5, 2, 2, 2, 4, 5, 
12: 5, 4, 0, 0, 0, 3, 11, 0, 0, 0, 0, 3, 0, 1, 3, 0, 1, 0, 0, 0, : 5, 4, 3, 11, 3, 1, 3, 1, 
193: 2, 5, 0, 0, 1, 3, 2, 2, 0, 0, 0, 5, 1, 0, 0, 0, 4, 0, 1, 0, : 2, 5, 1, 3, 2, 2, 5, 1, 4, 1, 
101: 2, 1, 0, 50, 53, 1, 4, 0, 0, 0, 2, 4, 3, 50, 0, 0, 0, 0, 0, 0, : 2, 1, 50, 53, 1, 4, 2, 4, 3, 50, 
175: 2, 1, 0, 0, 0, 2, 2, 0, 50, 0, 3, 5, 0, 0, 0, 0, 0, 4, 0, 5, : 2, 1, 2, 2, 50, 3, 5, 4, 5, 
180: 4, 3, 50, 3, 0, 3, 2, 0, 0, 0, 0, 5, 1, 1, 0, 0, 0, 0, 0, 0, : 4, 3, 50, 3, 3, 2, 5, 1, 1, 
205: 5, 1, 0, 0, 0, 5, 1, 0, 0, 0, 0, 3, 50, 1, 0, 0, 0, 0, 0, 0, : 5, 1, 5, 1, 3, 50, 1, 
217: 4, 1, 2, 0, 1, 5, 2, 0, 0, 0, 0, 0, 0, 0, 2, 5, 0, 0, 0, 0, : 4, 1, 2, 1, 5, 2, 2, 5, 
200: 2, 5, 1, 0, 0, 1, 4, 0, 1, 2, 0, 4, 0, 0, 0, 0, 0, 1, 0, 4, : 2, 5, 1, 1, 4, 1, 2, 4, 1, 4, 


70: 1, 1, 51, 1, 0, 1, 0, 5, 0, 0, 0, 1, 5, 1, 4, 1, 0, 0, 0, 2, : 1, 1, 51, 1, 1, 5, 1, 5, 1, 4, 1, 2, 
68: 0, 5, 0, 1, 0, 0, 3, 1, 2, 0, 0, 51, 3, 3, 52, 0, 0, 54, 50, 0, : 5, 1, 3, 1, 2, 51, 3, 3, 52, 54, 50, 
55: 0, 2, 0, 5, 0, 0, 0, 2, 0, 1, 0, 0, 4, 5, 0, 0, 0, 1, 0, 0, : 2, 5, 2, 1, 4, 5, 1, 
59: 0, 4, 4, 5, 0, 0, 51, 3, 0, 0, 0, 0, 5, 2, 0, 0, 54, 0, 3, 1, : 4, 4, 5, 51, 3, 5, 2, 54, 3, 1, 
49: 54, 2, 0, 5, 0, 0, 5, 1, 2, 0, 0, 0, 0, 1, 0, 0, 0, 0, 1, 0, : 54, 2, 5, 5, 1, 2, 1, 1, 
159: 0, 3, 1, 1, 0, 0, 0, 2, 0, 50, 0, 0, 2, 5, 0, 0, 0, 0, 0, 0, : 3, 1, 1, 2, 50, 2, 5, 
29: 0, 1, 0, 3, 2, 2, 0, 3, 0, 1, 0, 0, 3, 0, 0, 55, 0, 0, 5, 0, : 1, 3, 2, 2, 3, 1, 3, 55, 5, 
286: 0, 5, 0, 4, 0, 0, 0, 5, 0, 0, 0, 4, 4, 4, 3, 0, 0, 0, 0, 2, : 5, 4, 5, 4, 4, 4, 3, 2, 
42: 0, 2, 0, 4, 0, 0, 0, 5, 0, 0, 0, 3, 5, 2, 1, 0, 0, 0, 1, 0, : 2, 4, 5, 3, 5, 2, 1, 1, 
36: 0, 5, 0, 3, 1, 0, 0, 2, 3, 0, 53, 0, 2, 2, 0, 0, 0, 0, 0, 0, : 5, 3, 1, 2, 3, 53, 2, 2, 
143: 0, 4, 0, 5, 0, 0, 0, 3, 0, 0, 0, 0, 1, 2, 0, 0, 1, 0, 0, 0, : 4, 5, 3, 1, 2, 1, 
247: 4, 2, 0, 1, 0, 3, 1, 4, 0, 1, 2, 0, 2, 2, 0, 0, 0, 5, 0, 0, : 4, 2, 1, 3, 1, 4, 1, 2, 2, 2, 5, 
244: 0, 5, 0, 1, 0, 0, 0, 5, 0, 0, 0, 0, 1, 5, 0, 0, 0, 0, 0, 0, : 5, 1, 5, 1, 5, 
201: 0, 4, 0, 1, 0, 0, 0, 5, 0, 0, 0, 0, 4, 5, 0, 0, 0, 0, 0, 0, : 4, 1, 5, 4, 5, 
41: 0, 2, 4, 3, 0, 50, 0, 1, 0, 0, 1, 0, 2, 2, 0, 2, 0, 0, 0, 0, : 2, 4, 3, 50, 1, 1, 2, 2, 2, 
176: 0, 4, 0, 2, 0, 0, 0, 4, 50, 2, 0, 0, 5, 4, 0, 2, 0, 0, 0, 0, : 4, 2, 4, 50, 2, 5, 4, 2, 
266: 0, 5, 0, 3, 1, 3, 0, 1, 0, 3, 0, 1, 2, 4, 0, 0, 5, 0, 0, 0, : 5, 3, 1, 3, 1, 3, 1, 2, 4, 5, 
194: 0, 3, 0, 4, 54, 0, 0, 2, 3, 0, 0, 0, 2, 3, 0, 0, 0, 0, 0, 0, : 3, 4, 54, 2, 3, 2, 3, 
250: 0, 1, 0, 3, 0, 0, 0, 2, 0, 0, 4, 0, 3, 5, 0, 0, 0, 0, 0, 0, : 1, 3, 2, 4, 3, 5, 
117: 1, 0, 0, 5, 2, 1, 0, 4, 0, 2, 0, 0, 5, 3, 0, 0, 0, 0, 0, 55, : 1, 5, 2, 1, 4, 2, 5, 3, 55, 


157: 1, 0, 0, 0, 0, 0, 0, 5, 0, 2, 0, 0, 0, 0, 1, 0, 0, 4, 5, 0, : 1, 5, 2, 1, 4, 5, 
22: 5, 0, 0, 0, 0, 4, 0, 0, 52, 1, 0, 0, 0, 0, 0, 4, 0, 0, 4, 0, : 5, 4, 52, 1, 4, 4, 
24: 5, 0, 0, 0, 0, 54, 0, 0, 0, 3, 0, 0, 0, 51, 0, 0, 0, 0, 4, 0, : 5, 54, 3, 51, 4, 
212: 2, 3, 0, 0, 0, 0, 1, 2, 0, 2, 4, 0, 0, 0, 0, 0, 0, 0, 2, 5, : 2, 3, 1, 2, 2, 4, 2, 5, 
280: 3, 0, 3, 4, 0, 0, 0, 0, 0, 4, 1, 0, 0, 3, 51, 1, 0, 0, 5, 0, : 3, 3, 4, 4, 1, 3, 51, 1, 5, 
170: 4, 0, 53, 2, 0, 0, 0, 0, 0, 1, 0, 54, 0, 0, 0, 0, 0, 0, 4, 0, : 4, 53, 2, 1, 54, 4, 
300: 5, 0, 0, 0, 0, 0, 55, 0, 0, 1, 1, 0, 55, 0, 0, 0, 0, 0, 3, 54, : 5, 55, 1, 1, 55, 3, 54, 
84: 4, 0, 0, 0, 53, 0, 0, 0, 0, 5, 0, 0, 0, 0, 0, 4, 0, 0, 2, 0, : 4, 53, 5, 4, 2, 
20: 1, 1, 0, 0, 0, 0, 0, 52, 0, 2, 0, 0, 0, 0, 0, 0, 0, 0, 0, 0, : 1, 1, 52, 2, 
131: 3, 0, 0, 0, 0, 0, 0, 0, 0, 1, 2, 0, 0, 0, 5, 0, 50, 1, 5, 0, : 3, 1, 2, 5, 50, 1, 5, 
171: 1, 2, 0, 0, 0, 0, 4, 0, 1, 4, 0, 0, 0, 0, 0, 0, 0, 0, 3, 0, : 1, 2, 4, 1, 4, 3, 
136: 1, 0, 2, 0, 1, 0, 0, 0, 2, 5, 0, 0, 0, 0, 0, 0, 0, 52, 3, 0, : 1, 2, 1, 2, 5, 52, 3, 
116: 1, 50, 0, 0, 0, 0, 0, 0, 0, 4, 0, 2, 0, 0, 3, 0, 5, 0, 1, 1, : 1, 50, 4, 2, 3, 5, 1, 1, 
240: 5, 3, 2, 4, 0, 0, 0, 0, 0, 2, 0, 0, 0, 3, 0, 0, 0, 0, 2, 0, : 5, 3, 2, 4, 2, 3, 2, 
48: 4, 1, 0, 0, 0, 0, 0, 1, 2, 1, 0, 0, 0, 0, 0, 0, 0, 0, 1, 0, : 4, 1, 1, 2, 1, 1, 
281: 2, 0, 0, 0, 4, 0, 0, 0, 0, 8, 1, 0, 1, 2, 0, 0, 1, 0, 3, 0, : 2, 4, 8, 1, 1, 2, 1, 3, 
220: 1, 0, 0, 0, 2, 0, 0, 0, 0, 7, 51, 0, 0, 0, 0, 51, 0, 0, 3, 0, : 1, 2, 7, 51, 51, 3, 
50: 4, 0, 0, 50, 0, 2, 0, 0, 3, 1, 0, 0, 4, 1, 0, 0, 0, 0, 4, 0, : 4, 50, 2, 3, 1, 4, 1, 4, 
164: 5, 0, 0, 0, 0, 0, 0, 0, 0, 3, 0, 4, 0, 0, 0, 0, 0, 0, 5, 0, : 5, 3, 4, 5, 
87: 3, 0, 0, 0, 0, 0, 0, 0, 0, 3, 0, 0, 0, 0, 0, 0, 4, 3, 1, 0, : 3, 3, 4, 3, 1, 


130: 0, 0, 0, 0, 0, 3, 1, 0, 0, 2, 1, 0, 5, 0, 0, 1, 0, 53, 0, 2, : 3, 1, 2, 1, 5, 1, 53, 2, 
153: 5, 0, 0, 0, 0, 0, 1, 0, 1, 3, 0, 0, 0, 0, 0, 0, 0, 1, 3, 3, : 5, 1, 1, 3, 1, 3, 3, 
219: 0, 0, 0, 0, 0, 0, 1, 4, 0, 4, 0, 0, 0, 0, 4, 0, 52, 0, 0, 0, : 1, 4, 4, 4, 52, 
88: 0, 0, 0, 0, 0, 0, 5, 0, 0, 1, 0, 0, 0, 1, 0, 0, 1, 1, 0, 4, : 5, 1, 1, 1, 1, 4, 
113: 0, 3, 0, 1, 0, 0, 1, 0, 1, 4, 0, 0, 1, 0, 0, 1, 0, 0, 0, 0, : 3, 1, 1, 1, 4, 1, 1, 
163: 0, 0, 0, 0, 0, 0, 5, 0, 0, 4, 0, 0, 0, 0, 0, 0, 0, 0, 1, 0, : 5, 4, 1, 
197: 0, 1, 0, 0, 0, 52, 1, 0, 5, 4, 0, 0, 0, 50, 0, 2, 0, 0, 0, 0, : 1, 52, 1, 5, 4, 50, 2, 
79: 2, 4, 0, 0, 0, 0, 3, 1, 0, 4, 0, 0, 3, 0, 0, 1, 0, 0, 0, 0, : 2, 4, 3, 1, 4, 3, 1, 
154: 2, 0, 5, 0, 0, 0, 4, 0, 0, 4, 4, 1, 0, 0, 52, 0, 0, 0, 0, 0, : 2, 5, 4, 4, 4, 1, 52, 
279: 0, 0, 0, 0, 0, 0, 5, 0, 0, 2, 0, 0, 0, 2, 0, 0, 1, 0, 0, 0, : 5, 2, 2, 1, 
72: 0, 52, 0, 0, 53, 0, 6, 52, 0, 4, 0, 2, 0, 0, 0, 2, 0, 0, 0, 51, : 52, 53, 6, 52, 4, 2, 2, 51, 
198: 0, 0, 0, 0, 0, 0, 1, 0, 0, 0, 1, 52, 0, 0, 0, 2, 3, 0, 0, 0, : 1, 1, 52, 2, 3, 
5: 1, 0, 0, 50, 0, 0, 1, 0, 0, 4, 0, 0, 0, 0, 3, 0, 0, 0, 0, 0, : 1, 50, 1, 4, 3, 
187: 0, 0, 50, 0, 4, 0, 5, 3, 52, 2, 0, 0, 1, 0, 0, 0, 0, 0, 0, 0, : 50, 4, 5, 3, 52, 2, 1, 
236: 0, 0, 0, 1, 0, 0, 4, 0, 0, 4, 54, 0, 0, 2, 0, 0, 0, 5, 5, 0, : 1, 4, 4, 54, 2, 5, 5, 
246: 0, 0, 0, 0, 0, 0, 3, 0, 0, 5, 0, 1, 0, 3, 0, 0, 0, 0, 0, 0, : 3, 5, 1, 3, 
115: 0, 0, 0, 5, 3, 0, 7, 0, 1, 0, 0, 0, 0, 0, 0, 51, 0, 0, 0, 0, : 5, 3, 7, 1, 51, 
190: 0, 0, 5, 0, 0, 5, 3, 0, 0, 3, 0, 4, 0, 0, 1, 0, 0, 0, 51, 0, : 5, 5, 3, 3, 4, 1, 51, 
237: 50, 0, 0, 0, 0, 0, 2, 0, 0, 4, 0, 0, 50, 0, 0, 0, 0, 0, 0, 0, : 50, 2, 4, 50, 
37: 0, 0, 0, 3, 0, 0, 1, 0, 0, 2, 0, 0, 0, 2, 0, 0, 3, 0, 0, 0, : 3, 1, 2, 2, 3, 


269: 0, 0, 0, 0, 0, 0, 1, 0, 1, 0, 0, 0, 0, 0, 0, 0, 0, 0, 1, 2, : 1, 1, 1, 2, 
248: 0, 0, 1, 0, 0, 0, 0, 0, 3, 1, 0, 0, 0, 0, 0, 0, 0, 0, 0, 5, : 1, 3, 1, 5, 
178: 0, 0, 0, 0, 0, 0, 0, 0, 5, 0, 0, 2, 0, 3, 0, 0, 0, 0, 2, 2, : 5, 2, 3, 2, 2, 
263: 51, 0, 0, 53, 0, 0, 0, 1, 1, 1, 52, 1, 0, 0, 1, 0, 0, 0, 0, 2, : 51, 53, 1, 1, 1, 52, 1, 1, 2, 
202: 0, 1, 0, 0, 0, 0, 0, 0, 3, 0, 0, 0, 1, 0, 1, 5, 0, 0, 0, 1, : 1, 3, 1, 1, 5, 1, 
123: 1, 1, 0, 0, 2, 0, 0, 0, 3, 0, 5, 1, 0, 0, 0, 0, 0, 0, 0, 4, : 1, 1, 2, 3, 5, 1, 4, 
238: 0, 0, 0, 0, 0, 0, 0, 0, 5, 0, 0, 3, 0, 0, 0, 0, 0, 0, 0, 3, : 5, 3, 3, 
226: 0, 0, 0, 2, 0, 0, 52, 52, 2, 0, 1, 1, 0, 0, 0, 0, 0, 55, 0, 2, : 2, 52, 52, 2, 1, 1, 55, 2, 
132: 2, 0, 0, 1, 0, 0, 0, 2, 5, 0, 0, 0, 0, 0, 0, 0, 2, 0, 1, 10, : 2, 1, 2, 5, 2, 1, 10, 
51: 1, 0, 0, 0, 0, 2, 0, 0, 3, 0, 0, 51, 0, 0, 0, 0, 1, 0, 4, 1, : 1, 2, 3, 51, 1, 4, 1, 
100: 2, 0, 0, 2, 0, 0, 0, 0, 4, 3, 0, 0, 0, 0, 0, 0, 4, 0, 0, 5, : 2, 2, 4, 3, 4, 5, 
243: 0, 0, 1, 2, 54, 0, 2, 0, 2, 0, 0, 0, 0, 0, 0, 3, 0, 0, 0, 3, : 1, 2, 54, 2, 2, 3, 3, 
267: 1, 0, 0, 0, 3, 0, 0, 0, 5, 0, 0, 0, 0, 0, 0, 52, 0, 1, 0, 1, : 1, 3, 5, 52, 1, 1, 
260: 0, 0, 5, 0, 0, 0, 0, 2, 3, 0, 0, 0, 0, 0, 0, 0, 0, 4, 0, 3, : 5, 2, 3, 4, 3, 
35: 0, 1, 0, 0, 0, 0, 0, 0, 1, 0, 2, 1, 0, 2, 0, 0, 0, 0, 0, 2, : 1, 1, 2, 1, 2, 2, 
86: 0, 0, 0, 0, 0, 54, 3, 3, 3, 0, 0, 0, 4, 55, 0, 0, 1, 0, 0, 2, : 54, 3, 3, 3, 4, 55, 1, 2, 
124: 1, 0, 3, 0, 0, 0, 0, 0, 5, 0, 0, 0, 1, 0, 55, 0, 0, 0, 52, 1, : 1, 3, 5, 1, 55, 52, 1, 
268: 0, 3, 0, 0, 0, 4, 1, 0, 1, 0, 0, 0, 0, 0, 0, 0, 1, 0, 0, 1, : 3, 4, 1, 1, 1, 1, 
32: 1, 0, 50, 0, 1, 0, 1, 0, 4, 55, 0, 0, 0, 0, 0, 0, 0, 0, 0, 5, : 1, 50, 1, 1, 4, 55, 5, 
145: 0, 54, 0, 0, 0, 0, 0, 0, 1, 0, 0, 0, 54, 0, 3, 0, 51, 0, 0, 5, : 54, 1, 54, 3, 51, 5, 


6: 1, 52, 0, 0, 0, 3, 0, 0, 0, 0, 53, 0, 0, 2, 0, 0, 0, 1, 3, 0, : 1, 52, 3, 53, 2, 1, 3, 
102: 0, 0, 0, 0, 3, 3, 0, 0, 0, 3, 0, 52, 0, 2, 0, 0, 0, 1, 1, 0, : 3, 3, 3, 52, 2, 1, 1, 
10: 0, 0, 0, 0, 0, 3, 0, 0, 4, 0, 0, 0, 0, 4, 0, 0, 5, 2, 2, 0, : 3, 4, 4, 5, 2, 2, 
17: 4, 0, 0, 0, 0, 2, 0, 0, 0, 0, 0, 2, 1, 2, 0, 0, 1, 2, 1, 3, : 4, 2, 2, 1, 2, 1, 2, 1, 3, 
290: 0, 0, 3, 0, 0, 5, 0, 0, 0, 3, 3, 2, 0, 5, 0, 0, 0, 2, 5, 0, : 3, 5, 3, 3, 2, 5, 2, 5, 
276: 53, 0, 0, 0, 0, 1, 0, 1, 0, 0, 0, 0, 1, 2, 0, 2, 0, 0, 5, 0, : 53, 1, 1, 1, 2, 2, 5, 
209: 0, 0, 0, 0, 0, 0, 0, 50, 0, 0, 0, 0, 3, 4, 0, 0, 0, 5, 5, 0, : 50, 3, 4, 5, 5, 
122: 0, 0, 0, 0, 0, 1, 55, 0, 0, 0, 0, 0, 0, 2, 0, 0, 0, 1, 1, 0, : 1, 55, 2, 1, 1, 
76: 0, 0, 0, 0, 0, 5, 0, 0, 50, 0, 0, 0, 0, 5, 0, 51, 0, 5, 3, 0, : 5, 50, 5, 51, 5, 3, 
150: 0, 0, 0, 0, 0, 3, 0, 0, 0, 0, 0, 0, 0, 4, 0, 2, 0, 5, 4, 2, : 3, 4, 2, 5, 4, 2, 
82: 0, 0, 5, 0, 0, 5, 1, 4, 0, 51, 0, 0, 0, 1, 0, 0, 1, 4, 4, 50, : 5, 5, 1, 4, 51, 1, 1, 4, 4, 50, 
264: 0, 0, 0, 0, 1, 2, 0, 0, 0, 0, 0, 4, 0, 0, 0, 0, 0, 3, 4, 0, : 1, 2, 4, 3, 4, 
230: 0, 3, 0, 53, 0, 3, 0, 0, 0, 0, 0, 0, 0, 2, 3, 0, 0, 5, 4, 0, : 3, 53, 3, 2, 3, 5, 4, 
169: 0, 0, 0, 0, 2, 4, 0, 0, 2, 0, 0, 0, 0, 5, 0, 1, 2, 2, 3, 0, : 2, 4, 2, 5, 1, 2, 2, 3, 
299: 1, 0, 0, 0, 0, 5, 0, 5, 0, 0, 4, 0, 0, 5, 0, 0, 50, 1, 3, 0, : 1, 5, 5, 4, 5, 50, 1, 3, 
7: 0, 0, 0, 0, 0, 5, 0, 0, 0, 0, 0, 0, 2, 5, 0, 0, 0, 5, 1, 2, : 5, 2, 5, 5, 1, 2, 
265: 0, 5, 2, 0, 0, 0, 0, 0, 0, 1, 0, 0, 53, 4, 52, 4, 1, 4, 2, 0, : 5, 2, 1, 53, 4, 52, 4, 1, 4, 2, 
182: 1, 0, 0, 0, 0, 3, 0, 0, 0, 0, 0, 0, 0, 0, 4, 0, 0, 2, 2, 0, : 1, 3, 4, 2, 2, 
67: 0, 0, 0, 3, 0, 3, 4, 0, 3, 0, 0, 0, 0, 2, 1, 0, 0, 5, 4, 0, : 3, 3, 4, 3, 2, 1, 5, 4, 
211: 0, 0, 50, 4, 54, 4, 0, 0, 1, 2, 0, 0, 0, 4, 0, 0, 0, 5, 3, 3, : 50, 4, 54, 4, 1, 2, 4, 5, 3, 3, 


241: 1, 0, 0, 5, 0, 0, 1, 0, 0, 0, 0, 0, 50, 2, 0, 4, 0, 0, 0, 3, : 1, 5, 1, 50, 2, 4, 3, 
8: 5, 0, 0, 1, 0, 5, 5, 0, 0, 0, 2, 0, 1, 5, 0, 2, 0, 0, 0, 0, : 5, 1, 5, 5, 2, 1, 5, 2, 
192: 0, 0, 0, 2, 0, 0, 3, 0, 1, 0, 0, 1, 0, 3, 4, 3, 3, 0, 0, 0, : 2, 3, 1, 1, 3, 4, 3, 3, 
148: 0, 0, 0, 3, 4, 51, 3, 0, 0, 0, 0, 0, 0, 2, 0, 5, 54, 0, 0, 0, : 3, 4, 51, 3, 2, 5, 54, 
258: 1, 0, 0, 1, 0, 1, 5, 0, 0, 0, 0, 0, 0, 2, 0, 4, 0, 0, 0, 0, : 1, 1, 1, 5, 2, 4, 
19: 0, 0, 0, 4, 0, 2, 5, 3, 0, 1, 0, 0, 0, 5, 0, 0, 0, 0, 0, 0, : 4, 2, 5, 3, 1, 5, 
125: 50, 0, 0, 2, 0, 0, 5, 0, 0, 0, 0, 5, 3, 4, 0, 2, 0, 0, 0, 0, : 50, 2, 5, 5, 3, 4, 2, 
69: 0, 0, 0, 2, 0, 0, 2, 2, 0, 0, 0, 0, 0, 4, 0, 3, 0, 0, 0, 0, : 2, 2, 2, 4, 3, 
199: 0, 0, 0, 5, 0, 0, 2, 0, 5, 0, 0, 0, 0, 2, 4, 0, 0, 1, 55, 0, : 5, 2, 5, 2, 4, 1, 55, 
284: 0, 0, 0, 6, 0, 0, 3, 1, 0, 4, 0, 0, 0, 3, 0, 3, 2, 0, 0, 0, : 6, 3, 1, 4, 3, 3, 2, 
167: 0, 54, 0, 2, 1, 0, 2, 50, 0, 0, 0, 0, 0, 4, 0, 5, 0, 1, 0, 0, : 54, 2, 1, 2, 50, 4, 5, 1, 
58: 0, 0, 0, 2, 0, 0, 2, 0, 1, 0, 53, 1, 1, 4, 0, 5, 0, 3, 0, 0, : 2, 2, 1, 53, 1, 1, 4, 5, 3, 
186: 0, 0, 1, 5, 0, 0, 5, 0, 0, 0, 0, 0, 0, 2, 0, 5, 0, 0, 0, 2, : 1, 5, 5, 2, 5, 2, 
126: 0, 0, 4, 1, 3, 0, 1, 1, 0, 0, 5, 0, 0, 4, 0, 5, 0, 53, 0, 0, : 4, 1, 3, 1, 1, 5, 4, 5, 53, 
80: 0, 0, 51, 4, 51, 0, 4, 0, 0, 53, 0, 0, 0, 3, 0, 4, 0, 0, 0, 0, : 51, 4, 51, 4, 53, 3, 4, 
118: 3, 0, 0, 5, 0, 1, 5, 0, 3, 0, 0, 0, 2, 4, 52, 1, 1, 0, 0, 55, : 3, 5, 1, 5, 3, 2, 4, 52, 1, 1, 55, 
289: 0, 5, 0, 3, 1, 0, 1, 3, 0, 1, 0, 0, 0, 2, 0, 2, 0, 0, 1, 0, : 5, 3, 1, 1, 3, 1, 2, 2, 1, 
52: 0, 0, 4, 3, 0, 0, 1, 0, 50, 1, 0, 53, 1, 3, 0, 0, 0, 2, 0, 0, : 4, 3, 1, 50, 1, 53, 1, 3, 2, 
223: 0, 0, 0, 2, 0, 0, 4, 0, 0, 0, 0, 0, 0, 1, 0, 5, 0, 0, 4, 0, : 2, 4, 1, 5, 4, 
133: 0, 1, 0, 2, 0, 0, 1, 0, 0, 0, 0, 0, 2, 1, 0, 2, 0, 0, 0, 0, : 1, 2, 1, 2, 1, 2, 


31: 1, 0, 3, 0, 5, 3, 4, 4, 0, 0, 0, 0, 0, 0, 0, 0, 0, 1, 4, 0, : 1, 3, 5, 3, 4, 4, 1, 4, 
285: 1, 0, 5, 0, 2, 3, 3, 1, 0, 53, 0, 0, 0, 0, 0, 2, 0, 2, 2, 0, : 1, 5, 2, 3, 3, 1, 53, 2, 2, 2, 
184: 0, 0, 2, 2, 3, 1, 4, 3, 0, 0, 0, 50, 0, 0, 0, 0, 0, 1, 0, 5, : 2, 2, 3, 1, 4, 3, 50, 1, 5, 
151: 0, 0, 1, 0, 5, 5, 5, 3, 0, 0, 0, 0, 0, 0, 0, 0, 0, 5, 2, 0, : 1, 5, 5, 5, 3, 5, 2, 
141: 0, 0, 2, 1, 1, 5, 2, 4, 0, 0, 0, 0, 0, 0, 0, 0, 0, 4, 2, 51, : 2, 1, 1, 5, 2, 4, 4, 2, 51, 
242: 0, 2, 4, 0, 5, 2, 1, 2, 0, 0, 0, 0, 0, 1, 0, 2, 0, 8, 5, 0, : 2, 4, 5, 2, 1, 2, 1, 2, 8, 5, 
288: 0, 0, 2, 3, 2, 5, 3, 1, 0, 2, 0, 1, 5, 1, 0, 0, 0, 1, 2, 0, : 2, 3, 2, 5, 3, 1, 2, 1, 5, 1, 1, 2, 
66: 0, 0, 3, 0, 1, 1, 2, 4, 0, 0, 0, 0, 0, 2, 0, 0, 0, 1, 4, 0, : 3, 1, 1, 2, 4, 2, 1, 4, 
254: 0, 52, 1, 0, 4, 1, 2, 6, 0, 0, 0, 0, 0, 1, 0, 0, 0, 1, 1, 3, : 52, 1, 4, 1, 2, 6, 1, 1, 1, 3, 
282: 0, 0, 4, 0, 3, 5, 5, 3, 5, 0, 0, 0, 0, 4, 0, 0, 0, 2, 3, 1, : 4, 3, 5, 5, 3, 5, 4, 2, 3, 1, 
249: 0, 0, 1, 0, 4, 5, 4, 5, 0, 3, 0, 4, 0, 0, 0, 0, 0, 1, 3, 0, : 1, 4, 5, 4, 5, 3, 4, 1, 3, 
92: 2, 0, 5, 1, 2, 1, 5, 4, 0, 0, 2, 1, 0, 0, 0, 1, 1, 9, 1, 0, : 2, 5, 1, 2, 1, 5, 4, 2, 1, 1, 1, 9, 1, 
23: 0, 0, 3, 0, 2, 2, 1, 2, 0, 1, 0, 0, 0, 0, 0, 0, 0, 3, 3, 0, : 3, 2, 2, 1, 2, 1, 3, 3, 
108: 0, 0, 6, 0, 2, 5, 5, 1, 0, 0, 0, 0, 0, 0, 0, 52, 1, 4, 5, 0, : 6, 2, 5, 5, 1, 52, 1, 4, 5, 
2: 0, 0, 3, 51, 3, 2, 4, 3, 0, 0, 2, 3, 0, 0, 50, 0, 0, 2, 3, 0, : 3, 51, 3, 2, 4, 3, 2, 3, 50, 2, 3, 
189: 0, 2, 5, 0, 3, 5, 3, 1, 53, 0, 0, 0, 55, 0, 0, 1, 0, 4, 4, 0, : 2, 5, 3, 5, 3, 1, 53, 55, 1, 4, 4, 
27: 51, 0, 2, 0, 4, 1, 1, 2, 0, 0, 3, 0, 0, 0, 0, 2, 0, 3, 5, 0, : 51, 2, 4, 1, 1, 2, 3, 2, 3, 5, 
294: 1, 0, 2, 1, 2, 3, 1, 5, 0, 0, 0, 0, 0, 0, 0, 0, 0, 5, 4, 0, : 1, 2, 1, 2, 3, 1, 5, 5, 4, 
256: 3, 4, 2, 0, 4, 1, 2, 3, 1, 0, 0, 0, 0, 51, 5, 0, 4, 1, 3, 0, : 3, 4, 2, 4, 1, 2, 3, 1, 51, 5, 4, 1, 3, 
40: 1, 0, 4, 1, 3, 4, 3, 3, 1, 1, 53, 1, 0, 0, 5, 0, 54, 2, 4, 0, : 1, 4, 1, 3, 4, 3, 3, 1, 1, 53, 1, 5, 54, 2, 4, 


278: 5, 0, 0, 3, 0, 0, 0, 2, 0, 2, 0, 0, 0, 3, 2, 0, 0, 0, 53, 5, : 5, 3, 2, 2, 3, 2, 53, 5, 
152: 5, 0, 0, 5, 0, 51, 0, 0, 0, 4, 0, 5, 0, 2, 3, 3, 0, 3, 4, 2, : 5, 5, 51, 4, 5, 2, 3, 3, 3, 4, 2, 
13: 4, 0, 0, 4, 2, 0, 0, 0, 1, 3, 0, 2, 0, 1, 3, 0, 0, 1, 3, 1, : 4, 4, 2, 1, 3, 2, 1, 3, 1, 3, 1, 
57: 2, 0, 0, 3, 0, 0, 1, 0, 0, 2, 1, 0, 0, 1, 5, 0, 0, 0, 0, 5, : 2, 3, 1, 2, 1, 1, 5, 5, 
218: 1, 0, 0, 3, 54, 0, 3, 0, 2, 4, 0, 0, 0, 5, 5, 0, 53, 2, 0, 2, : 1, 3, 54, 3, 2, 4, 5, 5, 53, 2, 2, 
94: 3, 0, 0, 1, 0, 0, 0, 0, 0, 4, 51, 0, 0, 3, 1, 51, 1, 2, 0, 5, : 3, 1, 4, 51, 3, 1, 51, 1, 2, 5, 
203: 4, 0, 0, 5, 0, 1, 50, 0, 0, 4, 1, 0, 0, 3, 6, 0, 0, 0, 0, 1, : 4, 5, 1, 50, 4, 1, 3, 6, 1, 
222: 1, 0, 0, 4, 0, 0, 0, 2, 0, 6, 0, 0, 0, 4, 3, 0, 4, 50, 0, 1, : 1, 4, 2, 6, 4, 3, 4, 50, 1, 
95: 1, 0, 0, 3, 0, 3, 0, 0, 0, 5, 0, 52, 51, 2, 3, 5, 0, 0, 0, 2, : 1, 3, 3, 5, 52, 51, 2, 3, 5, 2, 
46: 1, 0, 54, 5, 0, 3, 0, 0, 0, 1, 0, 0, 0, 4, 3, 0, 1, 0, 0, 3, : 1, 54, 5, 3, 1, 4, 3, 1, 3, 
166: 4, 0, 0, 5, 0, 0, 1, 0, 0, 5, 0, 0, 1, 5, 2, 0, 0, 0, 0, 5, : 4, 5, 1, 5, 1, 5, 2, 5, 
93: 1, 0, 3, 5, 0, 0, 0, 3, 2, 5, 0, 0, 0, 3, 3, 0, 1, 0, 0, 5, : 1, 3, 5, 3, 2, 5, 3, 3, 1, 5, 
56: 4, 51, 0, 0, 0, 0, 0, 0, 53, 1, 2, 0, 0, 2, 4, 0, 0, 0, 0, 5, : 4, 51, 53, 1, 2, 2, 4, 5, 
274: 1, 2, 0, 0, 0, 0, 0, 0, 2, 2, 0, 0, 0, 1, 2, 0, 0, 0, 0, 3, : 1, 2, 2, 2, 1, 2, 3, 
89: 5, 1, 0, 0, 0, 0, 0, 51, 0, 1, 1, 0, 0, 5, 1, 0, 0, 0, 0, 2, : 5, 1, 51, 1, 1, 5, 1, 2, 
277: 4, 0, 0, 4, 0, 0, 0, 0, 0, 2, 0, 0, 3, 5, 1, 0, 0, 0, 0, 3, : 4, 4, 2, 3, 5, 1, 3, 
224: 1, 0, 3, 2, 0, 0, 3, 2, 0, 2, 0, 0, 5, 4, 2, 0, 0, 0, 0, 3, : 1, 3, 2, 3, 2, 2, 5, 4, 2, 3, 
33: 3, 2, 0, 3, 0, 2, 0, 0, 0, 2, 0, 0, 0, 2, 4, 0, 0, 2, 0, 1, : 3, 2, 3, 2, 2, 2, 4, 2, 1, 
25: 5, 0, 0, 4, 0, 0, 2, 0, 0, 1, 0, 1, 0, 1, 5, 1, 0, 0, 0, 1, : 5, 4, 2, 1, 1, 1, 5, 1, 1, 
292: 5, 4, 0, 1, 4, 0, 0, 0, 0, 4, 4, 0, 0, 4, 2, 0, 0, 0, 0, 5, : 5, 4, 1, 4, 4, 4, 4, 2, 5, 


255: 0, 1, 1, 0, 0, 50, 0, 0, 0, 0, 0, 0, 0, 3, 0, 0, 0, 0, 2, 0, : 1, 1, 50, 3, 2, 
291: 1, 0, 0, 1, 50, 0, 0, 0, 0, 0, 53, 0, 0, 0, 0, 0, 0, 3, 0, 2, : 1, 1, 50, 53, 3, 2, 
83: 51, 1, 0, 0, 0, 0, 0, 0, 53, 0, 0, 1, 0, 3, 0, 0, 0, 0, 2, 0, : 51, 1, 53, 1, 3, 2, 
181: 0, 4, 0, 0, 5, 0, 0, 0, 0, 55, 0, 0, 0, 54, 50, 52, 0, 0, 0, 1, : 4, 5, 55, 54, 50, 52, 1, 
138: 3, 0, 0, 0, 0, 3, 0, 3, 0, 0, 0, 0, 0, 0, 0, 0, 0, 0, 0, 0, : 3, 3, 3, 
97: 0, 0, 0, 55, 0, 0, 0, 0, 0, 2, 0, 0, 0, 0, 0, 0, 1, 1, 0, 4, : 55, 2, 1, 1, 4, 
62: 5, 50, 0, 0, 0, 0, 0, 0, 0, 0, 4, 1, 0, 0, 0, 1, 0, 0, 0, 0, : 5, 50, 4, 1, 1, 
188: 0, 0, 0, 0, 0, 2, 50, 0, 0, 0, 0, 0, 52, 0, 0, 0, 0, 0, 0, 0, : 2, 50, 52, 
207: 0, 0, 0, 0, 0, 0, 0, 1, 2, 0, 1, 2, 0, 0, 0, 0, 53, 55, 54, 0, : 1, 2, 1, 2, 53, 55, 54, 
146: 0, 2, 0, 0, 0, 0, 0, 0, 1, 0, 0, 0, 0, 0, 0, 0, 0, 0, 2, 0, : 2, 1, 2, 
96: 0, 0, 53, 0, 0, 0, 1, 0, 0, 1, 0, 0, 4, 0, 5, 2, 0, 1, 0, 0, : 53, 1, 1, 4, 5, 2, 1, 
225: 0, 0, 0, 0, 1, 1, 1, 0, 2, 0, 0, 0, 0, 0, 0, 0, 0, 0, 0, 0, : 1, 1, 1, 2, 
168: 0, 0, 1, 0, 0, 0, 2, 0, 0, 0, 0, 0, 0, 0, 0, 3, 0, 0, 0, 0, : 1, 2, 3, 
216: 0, 0, 0, 0, 0, 0, 0, 0, 0, 0, 0, 0, 3, 0, 0, 2, 0, 0, 0, 2, : 3, 2, 2, 
204: 0, 0, 0, 0, 0, 0, 1, 1, 2, 2, 0, 4, 0, 0, 0, 0, 2, 0, 0, 0, : 1, 1, 2, 2, 4, 2, 
78: 0, 2, 0, 0, 0, 0, 0, 0, 0, 0, 0, 0, 0, 0, 0, 0, 0, 0, 0, 51, : 2, 51, 
259: 0, 0, 0, 4, 0, 2, 4, 1, 0, 0, 0, 0, 0, 0, 0, 0, 4, 0, 0, 0, : 4, 2, 4, 1, 4, 
9: 0, 0, 0, 0, 0, 2, 1, 0, 0, 0, 2, 1, 1, 0, 0, 0, 0, 0, 0, 0, : 2, 1, 2, 1, 1, 
173: 0, 0, 3, 0, 4, 0, 0, 1, 0, 0, 0, 0, 0, 0, 0, 0, 0, 0, 0, 0, : 3, 4, 1, 
3: 0, 0, 2, 0, 0, 0, 0, 53, 0, 0, 0, 51, 0, 0, 5, 0, 0, 0, 0, 0, : 2, 53, 51, 5, 


195: 4, 0, 0, 1, 54, 0, 0, 2, 0, 0, 0, 0, 0, 0, 5, 0, 0, 0, 0, 1, : 4, 1, 54, 2, 5, 1, 
165: 51, 0, 0, 51, 0, 0, 0, 4, 0, 1, 0, 0, 0, 0, 2, 0, 0, 1, 0, 4, : 51, 51, 4, 1, 2, 1, 4, 
232: 0, 1, 0, 0, 0, 1, 0, 3, 0, 1, 0, 0, 0, 0, 1, 0, 0, 0, 4, 4, : 1, 1, 3, 1, 1, 4, 4, 
26: 0, 5, 51, 0, 0, 0, 0, 4, 0, 54, 0, 0, 0, 0, 3, 0, 0, 0, 0, 1, : 5, 51, 4, 54, 3, 1, 
139: 0, 0, 0, 4, 0, 1, 0, 1, 0, 0, 3, 0, 0, 0, 1, 1, 0, 0, 0, 3, : 4, 1, 1, 3, 1, 1, 3, 
65: 3, 0, 0, 2, 0, 0, 0, 0, 0, 0, 0, 5, 5, 0, 5, 55, 0, 1, 1, 2, : 3, 2, 5, 5, 5, 55, 1, 1, 2, 
127: 0, 0, 1, 0, 0, 0, 51, 3, 0, 0, 0, 3, 0, 0, 3, 0, 0, 0, 4, 5, : 1, 51, 3, 3, 3, 4, 5, 
91: 0, 0, 0, 0, 0, 0, 5, 5, 53, 3, 0, 0, 1, 0, 1, 0, 1, 0, 1, 4, : 5, 5, 53, 3, 1, 1, 1, 1, 4, 
114: 0, 1, 4, 1, 0, 1, 0, 5, 0, 0, 0, 1, 0, 0, 3, 0, 0, 0, 0, 3, : 1, 4, 1, 1, 5, 1, 3, 3, 
64: 0, 0, 0, 0, 0, 0, 4, 5, 3, 0, 0, 0, 51, 0, 1, 0, 0, 0, 0, 2, : 4, 5, 3, 51, 1, 2, 
16: 0, 0, 0, 1, 3, 0, 0, 1, 0, 1, 53, 0, 1, 0, 4, 3, 0, 0, 0, 1, : 1, 3, 1, 1, 53, 1, 4, 3, 1, 
44: 0, 50, 0, 0, 0, 52, 0, 4, 0, 0, 0, 0, 2, 0, 3, 0, 4, 0, 0, 3, : 50, 52, 4, 2, 3, 4, 3, 
119: 0, 0, 0, 0, 0, 0, 0, 3, 0, 0, 0, 0, 0, 0, 2, 0, 0, 3, 0, 4, : 3, 2, 3, 4, 
28: 0, 0, 0, 0, 0, 0, 0, 3, 0, 0, 0, 0, 0, 4, 4, 0, 0, 0, 0, 5, : 3, 4, 4, 5, 
295: 0, 0, 0, 0, 0, 0, 0, 3, 3, 0, 0, 1, 0, 0, 4, 0, 0, 0, 50, 2, : 3, 3, 1, 4, 50, 2, 
111: 0, 3, 0, 0, 0, 0, 0, 3, 0, 0, 0, 0, 0, 55, 3, 0, 0, 55, 0, 3, : 3, 3, 55, 3, 55, 3, 
21: 0, 0, 0, 0, 0, 0, 0, 5, 0, 0, 0, 0, 0, 0, 4, 0, 0, 0, 0, 1, : 5, 4, 1, 
4: 2, 0, 0, 0, 0, 1, 0, 0, 0, 0, 4, 50, 0, 0, 5, 0, 0, 0, 0, 6, : 2, 1, 4, 50, 5, 6, 
54: 0, 0, 0, 0, 3, 1, 0, 2, 1, 0, 0, 0, 0, 1, 4, 0, 0, 0, 0, 3, : 3, 1, 2, 1, 1, 4, 3, 
34: 0, 0, 4, 0, 0, 3, 0, 4, 0, 0, 0, 0, 0, 0, 2, 1, 55, 0, 0, 3, : 4, 3, 4, 2, 1, 55, 3, 


215: 1, 0, 2, 0, 0, 3, 0, 1, 2, 2, 5, 0, 0, 0, 0, 1, 1, 4, 0, 0, : 1, 2, 3, 1, 2, 2, 5, 1, 1, 4, 
149: 4, 0, 3, 0, 0, 4, 0, 0, 0, 1, 2, 2, 0, 0, 0, 3, 1, 1, 3, 2, : 4, 3, 4, 1, 2, 2, 3, 1, 1, 3, 2, 
251: 4, 0, 0, 0, 2, 3, 0, 0, 0, 3, 1, 0, 50, 0, 0, 4, 0, 2, 0, 0, : 4, 2, 3, 3, 1, 50, 4, 2, 
235: 2, 0, 1, 0, 0, 2, 52, 0, 0, 0, 1, 0, 0, 0, 0, 4, 0, 5, 0, 0, : 2, 1, 2, 52, 1, 4, 5, 
228: 4, 0, 0, 0, 0, 4, 0, 51, 0, 3, 1, 0, 5, 0, 0, 3, 0, 4, 51, 1, : 4, 4, 51, 3, 1, 5, 3, 4, 51, 1, 
39: 5, 0, 50, 0, 0, 5, 0, 0, 0, 2, 4, 0, 0, 0, 0, 5, 0, 4, 0, 2, : 5, 50, 5, 2, 4, 5, 4, 2, 
239: 3, 0, 0, 0, 5, 1, 0, 0, 0, 5, 3, 0, 0, 0, 0, 4, 0, 5, 0, 0, : 3, 5, 1, 5, 3, 4, 5, 
147: 5, 5, 2, 1, 0, 4, 0, 4, 2, 5, 2, 52, 0, 0, 0, 5, 0, 4, 0, 1, : 5, 5, 2, 1, 4, 4, 2, 5, 2, 52, 5, 4, 1, 
172: 1, 0, 0, 53, 1, 5, 0, 0, 2, 5, 5, 0, 0, 0, 0, 1, 2, 1, 1, 0, : 1, 53, 1, 5, 2, 5, 5, 1, 2, 1, 1, 
214: 2, 0, 0, 0, 0, 1, 0, 3, 51, 4, 3, 0, 0, 55, 1, 3, 1, 4, 0, 0, : 2, 1, 3, 51, 4, 3, 55, 1, 3, 1, 4, 
134: 1, 0, 0, 0, 0, 2, 2, 0, 0, 2, 3, 0, 0, 0, 0, 4, 0, 1, 0, 0, : 1, 2, 2, 2, 3, 4, 1, 
177: 5, 0, 0, 0, 0, 1, 0, 0, 2, 3, 2, 0, 0, 0, 0, 1, 0, 4, 0, 0, : 5, 1, 2, 3, 2, 1, 4, 
156: 0, 0, 0, 0, 0, 5, 0, 1, 0, 4, 4, 0, 0, 0, 0, 3, 0, 2, 0, 50, : 5, 1, 4, 4, 3, 2, 50, 
275: 5, 0, 0, 0, 1, 4, 1, 0, 1, 3, 5, 0, 0, 0, 0, 5, 0, 2, 0, 0, : 5, 1, 4, 1, 1, 3, 5, 5, 2, 
262: 0, 0, 0, 0, 0, 1, 0, 0, 0, 5, 6, 1, 0, 5, 3, 1, 0, 2, 0, 4, : 1, 5, 6, 1, 5, 3, 1, 2, 4, 
160: 5, 0, 2, 2, 0, 2, 0, 0, 0, 0, 3, 4, 0, 0, 0, 2, 0, 2, 0, 0, : 5, 2, 2, 2, 3, 4, 2, 2, 
129: 3, 0, 0, 4, 1, 3, 0, 0, 0, 3, 4, 0, 0, 0, 0, 3, 2, 3, 0, 0, : 3, 4, 1, 3, 3, 4, 3, 2, 3, 
81: 3, 0, 0, 0, 0, 2, 0, 0, 0, 2, 1, 1, 1, 0, 5, 4, 0, 2, 0, 0, : 3, 2, 2, 1, 1, 1, 5, 4, 2, 
1: 4, 55, 0, 0, 0, 4, 5, 0, 0, 3, 4, 0, 0, 0, 51, 1, 0, 3, 5, 0, : 4, 55, 4, 5, 3, 4, 51, 1, 3, 5, 
11: 3, 0, 0, 0, 50, 4, 0, 0, 0, 5, 1, 0, 4, 0, 0, 3, 53, 5, 0, 0, : 3, 50, 4, 5, 1, 4, 3, 53, 5, 


185: 0, 3, 0, 0, 0, 0, 3, 0, 0, 2, 2, 3, 3, 0, 0, 0, 0, 3, 1, 0, : 3, 3, 2, 2, 3, 3, 3, 1, 
121: 4, 3, 0, 55, 5, 4, 4, 0, 0, 1, 4, 3, 0, 0, 3, 0, 0, 0, 0, 0, : 4, 3, 55, 5, 4, 4, 1, 4, 3, 3, 
270: 0, 2, 0, 0, 0, 0, 0, 0, 0, 5, 0, 2, 2, 0, 1, 3, 0, 0, 0, 0, : 2, 5, 2, 2, 1, 3, 
273: 0, 5, 0, 2, 53, 0, 5, 4, 0, 0, 3, 5, 4, 0, 0, 0, 4, 0, 0, 0, : 5, 2, 53, 5, 4, 3, 5, 4, 4, 
110: 0, 4, 0, 3, 0, 0, 4, 0, 0, 2, 1, 4, 2, 0, 0, 0, 0, 3, 0, 0, : 4, 3, 4, 2, 1, 4, 2, 3, 
297: 0, 4, 50, 0, 0, 0, 0, 0, 0, 4, 4, 5, 4, 4, 1, 0, 0, 0, 0, 0, : 4, 50, 4, 4, 5, 4, 4, 1, 
287: 0, 3, 0, 0, 0, 0, 5, 0, 53, 4, 2, 2, 3, 1, 1, 51, 2, 0, 0, 5, : 3, 5, 53, 4, 2, 2, 3, 1, 1, 51, 2, 5, 
162: 0, 2, 0, 0, 0, 0, 4, 0, 0, 4, 5, 4, 5, 0, 0, 0, 0, 0, 0, 0, : 2, 4, 4, 5, 4, 5, 
140: 51, 2, 0, 0, 0, 1, 4, 0, 0, 3, 5, 4, 1, 0, 0, 0, 0, 1, 0, 0, : 51, 2, 1, 4, 3, 5, 4, 1, 1, 
208: 0, 3, 0, 0, 0, 0, 4, 0, 0, 5, 4, 2, 2, 1, 0, 0, 0, 52, 0, 0, : 3, 4, 5, 4, 2, 2, 1, 52, 
30: 0, 3, 0, 0, 0, 1, 3, 0, 0, 0, 3, 1, 5, 0, 0, 0, 0, 0, 3, 1, : 3, 1, 3, 3, 1, 5, 3, 1, 
234: 0, 0, 0, 0, 1, 3, 4, 0, 1, 5, 4, 5, 3, 2, 0, 5, 0, 0, 0, 0, : 1, 3, 4, 1, 5, 4, 5, 3, 2, 5, 
298: 2, 2, 0, 0, 0, 0, 0, 0, 0, 4, 2, 4, 5, 50, 0, 0, 0, 0, 0, 0, : 2, 2, 4, 2, 4, 5, 50, 
137: 0, 3, 0, 0, 0, 0, 4, 51, 5, 3, 2, 3, 3, 0, 0, 0, 50, 0, 0, 2, : 3, 4, 51, 5, 3, 2, 3, 3, 50, 2, 
158: 0, 3, 0, 0, 0, 50, 1, 5, 1, 3, 4, 1, 4, 2, 0, 0, 0, 0, 5, 0, : 3, 50, 1, 5, 1, 3, 4, 1, 4, 2, 5, 
283: 0, 5, 0, 0, 0, 0, 4, 0, 0, 4, 2, 5, 2, 0, 3, 0, 0, 0, 0, 0, : 5, 4, 4, 2, 5, 2, 3, 
105: 0, 3, 0, 0, 0, 0, 5, 0, 0, 1, 5, 1, 5, 0, 0, 0, 1, 0, 51, 0, : 3, 5, 1, 5, 1, 5, 1, 51, 
272: 3, 4, 5, 0, 0, 0, 4, 0, 0, 3, 5, 1, 2, 0, 0, 0, 0, 1, 0, 0, : 3, 4, 5, 4, 3, 5, 1, 2, 1, 
245: 0, 1, 0, 0, 1, 1, 2, 0, 0, 3, 1, 0, 4, 0, 0, 1, 0, 0, 0, 0, : 1, 1, 1, 2, 3, 1, 4, 1, 
155: 0, 5, 5, 0, 0, 0, 0, 0, 0, 4, 2, 5, 1, 0, 51, 0, 3, 0, 0, 52, : 5, 5, 4, 2, 5, 1, 51, 3, 52, 


112: 2, 2, 0, 4, 1, 0, 0, 1, 4, 0, 0, 0, 0, 2, 5, 0, 4, 0, 5, 0, : 2, 2, 4, 1, 1, 4, 2, 5, 4, 5, 
104: 0, 5, 0, 2, 0, 0, 0, 0, 3, 0, 0, 0, 0, 1, 1, 0, 0, 0, 0, 0, : 5, 2, 3, 1, 1, 
257: 0, 4, 0, 0, 0, 0, 0, 0, 4, 0, 0, 0, 0, 3, 3, 1, 0, 5, 0, 0, : 4, 4, 3, 3, 1, 5, 
142: 0, 2, 0, 3, 0, 0, 0, 0, 5, 0, 0, 0, 0, 2, 4, 0, 2, 0, 0, 0, : 2, 3, 5, 2, 4, 2, 
15: 4, 4, 0, 4, 0, 2, 1, 0, 1, 3, 0, 0, 0, 4, 5, 0, 0, 0, 0, 0, : 4, 4, 4, 2, 1, 1, 3, 4, 5, 
213: 50, 3, 0, 3, 3, 0, 0, 0, 2, 0, 2, 0, 3, 4, 2, 0, 53, 5, 0, 0, : 50, 3, 3, 3, 2, 2, 3, 4, 2, 53, 5, 
75: 0, 4, 0, 5, 0, 1, 0, 0, 4, 0, 0, 0, 0, 2, 4, 0, 0, 0, 0, 0, : 4, 5, 1, 4, 2, 4, 
261: 0, 4, 0, 1, 0, 0, 0, 4, 1, 0, 5, 0, 0, 2, 0, 4, 0, 0, 0, 0, : 4, 1, 4, 1, 5, 2, 4, 
183: 0, 3, 54, 2, 0, 2, 0, 0, 5, 0, 0, 0, 0, 2, 0, 0, 0, 0, 0, 0, : 3, 54, 2, 2, 5, 2, 
253: 0, 4, 2, 5, 0, 1, 2, 0, 4, 0, 50, 0, 0, 3, 4, 0, 1, 0, 0, 0, : 4, 2, 5, 1, 2, 4, 50, 3, 4, 1, 
90: 0, 2, 0, 5, 0, 53, 54, 0, 5, 0, 0, 4, 0, 5, 3, 0, 0, 0, 0, 0, : 2, 5, 53, 54, 5, 4, 5, 3, 
63: 0, 1, 0, 4, 3, 0, 3, 0, 1, 0, 3, 0, 0, 4, 5, 5, 0, 0, 0, 1, : 1, 4, 3, 3, 1, 3, 4, 5, 5, 1, 
227: 0, 5, 0, 1, 0, 0, 0, 0, 1, 0, 0, 0, 0, 4, 0, 0, 0, 50, 0, 1, : 5, 1, 1, 4, 50, 1, 
14: 0, 0, 0, 5, 3, 0, 0, 0, 1, 4, 0, 0, 0, 2, 1, 0, 0, 0, 0, 54, : 5, 3, 1, 4, 2, 1, 54, 
107: 4, 3, 0, 1, 0, 0, 0, 52, 3, 0, 0, 0, 0, 5, 5, 0, 0, 0, 0, 0, : 4, 3, 1, 52, 3, 5, 5, 
161: 0, 2, 0, 5, 0, 0, 0, 3, 3, 0, 0, 0, 1, 5, 2, 0, 0, 0, 0, 2, : 2, 5, 3, 3, 1, 5, 2, 2, 
45: 0, 3, 4, 3, 0, 1, 0, 0, 4, 0, 0, 2, 0, 2, 5, 50, 0, 0, 54, 2, : 3, 4, 3, 1, 4, 2, 2, 5, 50, 54, 2, 
271: 0, 3, 0, 2, 0, 0, 0, 0, 5, 0, 0, 0, 0, 4, 3, 0, 0, 0, 0, 0, : 3, 2, 5, 4, 3, 
206: 0, 4, 0, 2, 0, 0, 0, 0, 3, 53, 0, 0, 54, 1, 3, 0, 0, 0, 0, 0, : 4, 2, 3, 53, 54, 1, 3, 
135: 0, 2, 0, 3, 50, 0, 0, 0, 1, 0, 0, 54, 2, 3, 5, 0, 0, 0, 1, 0, : 2, 3, 50, 1, 54, 2, 3, 5, 1, 


