
40
200
60
10

10: 2, 0, 0, 0, 4, 0, 4, 0, 0, 0, 0, 0, 0, 50, 3, 0, 3, 0, 0, 1, 4, 0, 0, 50, 0, 0, 0, 0, 0, 0, 0, 1, 0, 51, 0, 0, 0, 0, 0, 1, : 2, 4, 4, 50, 3, 3, 1, 4, 50, 1, 51, 1, 
158: 0, 0, 0, 0, 5, 0, 0, 0, 0, 0, 0, 0, 2, 4, 0, 0, 6, 0, 1, 2, 0, 0, 0, 0, 4, 0, 0, 0, 0, 0, 0, 0, 0, 0, 0, 0, 0, 0, 0, 5, : 5, 2, 4, 6, 1, 2, 4, 5, 
99: 0, 3, 0, 0, 1, 0, 0, 0, 0, 0, 0, 2, 0, 0, 0, 0, 5, 0, 0, 1, 0, 0, 0, 0, 0, 55, 0, 0, 0, 1, 0, 2, 0, 0, 0, 0, 0, 50, 0, 2, : 3, 1, 2, 5, 1, 55, 1, 2, 50, 2, 
46: 0, 0, 1, 0, 1, 0, 0, 1, 52, 0, 0, 0, 0, 0, 0, 0, 1, 0, 0, 7, 0, 0, 0, 0, 0, 0, 0, 0, 0, 0, 0, 2, 0, 0, 0, 0, 0, 0, 0, 2, : 1, 1, 1, 52, 1, 7, 2, 2, 
42: 5, 0, 0, 5, 4, 55, 0, 0, 0, 0, 0, 54, 1, 0, 0, 3, 3, 4, 0, 4, 0, 0, 1, 0, 0, 0, 0, 0, 0, 0, 0, 0, 0, 0, 0, 0, 0, 0, 53, 4, : 5, 5, 4, 55, 54, 1, 3, 3, 4, 4, 1, 53, 4, 
117: 0, 50, 0, 0, 3, 0, 0, 0, 0, 0, 1, 0, 4, 0, 0, 0, 2, 0, 0, 6, 0, 2, 1, 0, 0, 0, 0, 1, 0, 0, 0, 0, 0, 1, 0, 0, 0, 0, 0, 5, : 50, 3, 1, 4, 2, 6, 2, 1, 1, 1, 5, 
80: 0, 2, 0, 0, 2, 0, 0, 0, 0, 1, 5, 0, 0, 1, 0, 0, 5, 0, 4, 1, 4, 52, 0, 4, 0, 0, 0, 1, 50, 0, 0, 0, 4, 0, 0, 0, 0, 0, 0, 1, : 2, 2, 1, 5, 1, 5, 4, 1, 4, 52, 4, 1, 50, 4, 1, 
176: 0, 0, 0, 0, 2, 1, 0, 5, 0, 4, 0, 0, 0, 0, 55, 0, 1, 0, 1, 2, 0, 0, 0, 0, 0, 0, 4, 0, 0, 0, 0, 0, 0, 0, 0, 0, 3, 0, 0, 2, : 2, 1, 5, 4, 55, 1, 1, 2, 4, 3, 2, 
2: 0, 0, 0, 0, 2, 0, 1, 0, 4, 0, 0, 0, 0, 0, 0, 0, 2, 1, 1, 5, 0, 0, 0, 5, 55, 0, 0, 0, 0, 0, 0, 0, 0, 0, 50, 0, 0, 0, 2, 2, : 2, 1, 4, 2, 1, 1, 5, 5, 55, 50, 2, 2, 
144: 0, 0, 0, 2, 4, 0, 0, 0, 0, 0, 2, 0, 0, 2, 0, 0, 5, 51, 0, 2, 51, 0, 0, 0, 1, 1, 0, 3, 0, 0, 0, 0, 0, 0, 0, 0, 0, 0, 0, 5, : 2, 4, 2, 2, 5, 51, 2, 51, 1, 1, 3, 5, 
25: 0, 0, 0, 0, 1, 4, 0, 0, 0, 2, 0, 0, 0, 2, 0, 0, 1, 0, 0, 5, 0, 0, 0, 0, 0, 0, 0, 0, 4, 4, 0, 0, 52, 0, 0, 0, 0, 0, 4, 5, : 1, 4, 2, 2, 1, 5, 4, 4, 52, 4, 5, 
106: 0, 0, 0, 0, 2, 0, 0, 0, 0, 0, 0, 0, 0, 0, 0, 0, 3, 0, 0, 3, 0, 0, 4, 1, 0, 0, 0, 55, 0, 0, 0, 52, 0, 3, 0, 55, 0, 0, 0, 4, : 2, 3, 3, 4, 1, 55, 52, 3, 55, 4, 
199: 0, 0, 0, 0, 2, 0, 0, 0, 0, 0, 52, 1, 53, 0, 0, 0, 2, 0, 1, 1, 1, 0, 0, 0, 0, 0, 2, 0, 0, 0, 0, 0, 1, 0, 1, 1, 52, 0, 0, 3, : 2, 52, 1, 53, 2, 1, 1, 1, 2, 1, 1, 1, 52, 3, 
138: 0, 5, 0, 0, 1, 0, 0, 0, 0, 0, 0, 0, 0, 0, 0, 0, 3, 0, 0, 2, 0, 1, 0, 0, 0, 0, 0, 0, 1, 0, 0, 3, 0, 1, 0, 0, 0, 0, 1, 3, : 5, 1, 3, 2, 1, 1, 3, 1, 1, 3, 
188: 52, 0, 53, 0, 5, 0, 0, 1, 0, 0, 0, 0, 0, 0, 0, 0, 4, 0, 52, 3, 0, 0, 53, 0, 0, 1, 0, 0, 0, 0, 0, 0, 0, 1, 5, 0, 5, 4, 0, 2, : 52, 53, 5, 1, 4, 52, 3, 53, 1, 1, 5, 5, 4, 2, 
29: 0, 0, 0, 0, 4, 0, 0, 0, 0, 0, 0, 3, 0, 1, 0, 51, 3, 1, 0, 2, 0, 0, 0, 0, 0, 3, 0, 0, 0, 0, 4, 0, 0, 2, 0, 0, 0, 0, 0, 1, : 4, 3, 1, 51, 3, 1, 2, 3, 4, 2, 1, 
160: 0, 0, 1, 0, 5, 0, 0, 0, 0, 53, 0, 0, 0, 0, 0, 0, 5, 2, 0, 3, 0, 0, 0, 0, 0, 0, 0, 0, 0, 2, 55, 0, 0, 0, 4, 0, 0, 0, 0, 1, : 1, 5, 53, 5, 2, 3, 2, 55, 4, 1, 
28: 0, 0, 0, 53, 3, 0, 0, 0, 4, 0, 0, 0, 0, 0, 0, 0, 2, 0, 0, 5, 0, 5, 0, 0, 0, 0, 51, 0, 0, 53, 1, 0, 0, 0, 0, 1, 0, 0, 0, 4, : 53, 3, 4, 2, 5, 5, 51, 53, 1, 1, 4, 
74: 0, 0, 5, 0, 4, 0, 54, 0, 0, 0, 0, 0, 0, 0, 2, 5, 2, 1, 0, 4, 0, 0, 0, 0, 0, 0, 3, 0, 0, 0, 0, 0, 3, 0, 0, 0, 0, 1, 0, 4, : 5, 4, 54, 2, 5, 2, 1, 4, 3, 3, 1, 4, 
154: 1, 0, 0, 0, 5, 0, 1, 53, 0, 0, 0, 0, 0, 0, 0, 1, 2, 0, 0, 1, 0, 0, 1, 0, 0, 0, 0, 0, 5, 0, 0, 0, 0, 1, 0, 3, 0, 5, 0, 4, : 1, 5, 1, 53, 1, 2, 1, 1, 5, 1, 3, 5, 4, 


133: 54, 0, 0, 0, 3, 0, 0, 5, 0, 0, 0, 0, 0, 5, 5, 0, 0, 0, 4, 0, 0, 0, 1, 2, 0, 0, 0, 0, 0, 2, 3, 5, 0, 0, 0, 0, 0, 0, 0, 2, : 54, 3, 5, 5, 5, 4, 1, 2, 2, 3, 5, 2, 
121: 0, 0, 0, 0, 3, 0, 0, 5, 0, 0, 0, 54, 0, 5, 0, 0, 0, 55, 1, 0, 54, 0, 0, 0, 0, 5, 0, 0, 0, 0, 2, 4, 0, 0, 52, 0, 0, 0, 0, 5, : 3, 5, 54, 5, 55, 1, 54, 5, 2, 4, 52, 5, 
101: 0, 0, 0, 0, 3, 0, 0, 5, 0, 0, 2, 0, 0, 2, 3, 0, 50, 0, 4, 0, 0, 0, 0, 0, 0, 0, 0, 0, 0, 0, 3, 3, 0, 0, 0, 0, 0, 55, 0, 0, : 3, 5, 2, 2, 3, 50, 4, 3, 3, 55, 
81: 1, 0, 0, 51, 2, 0, 0, 3, 0, 0, 0, 0, 0, 5, 4, 0, 0, 0, 2, 0, 0, 50, 1, 0, 0, 0, 0, 0, 0, 0, 5, 2, 0, 4, 0, 0, 0, 0, 0, 4, : 1, 51, 2, 3, 5, 4, 2, 50, 1, 5, 2, 4, 4, 
165: 1, 0, 5, 0, 5, 55, 0, 1, 0, 1, 0, 0, 0, 1, 5, 0, 0, 0, 3, 0, 0, 0, 0, 0, 1, 0, 0, 0, 3, 0, 2, 3, 0, 0, 0, 0, 0, 0, 2, 1, : 1, 5, 5, 55, 1, 1, 1, 5, 3, 1, 3, 2, 3, 2, 1, 
145: 0, 0, 0, 2, 4, 0, 0, 1, 0, 0, 0, 3, 0, 4, 3, 0, 0, 0, 4, 4, 0, 0, 54, 0, 4, 50, 0, 3, 4, 2, 1, 1, 2, 0, 0, 0, 0, 0, 0, 2, : 2, 4, 1, 3, 4, 3, 4, 4, 54, 4, 50, 3, 4, 2, 1, 1, 2, 2, 
186: 0, 4, 0, 1, 5, 3, 1, 1, 0, 0, 0, 0, 2, 4, 2, 0, 0, 0, 5, 0, 0, 3, 0, 0, 0, 0, 0, 0, 0, 0, 1, 1, 0, 0, 3, 2, 4, 0, 53, 4, : 4, 1, 5, 3, 1, 1, 2, 4, 2, 5, 3, 1, 1, 3, 2, 4, 53, 4, 
40: 0, 0, 0, 4, 1, 0, 0, 2, 0, 53, 0, 0, 0, 1, 5, 50, 0, 0, 5, 0, 0, 0, 0, 0, 0, 0, 55, 0, 0, 0, 2, 2, 5, 2, 0, 50, 0, 0, 0, 3, : 4, 1, 2, 53, 1, 5, 50, 5, 55, 2, 2, 5, 2, 50, 3, 
120: 0, 0, 0, 0, 3, 0, 5, 5, 0, 1, 0, 0, 0, 1, 5, 0, 3, 0, 1, 1, 0, 0, 0, 53, 0, 0, 0, 3, 1, 1, 2, 1, 0, 50, 2, 0, 0, 0, 0, 0, : 3, 5, 5, 1, 1, 5, 3, 1, 1, 53, 3, 1, 1, 2, 1, 50, 2, 
34: 0, 0, 0, 0, 0, 0, 1, 4, 0, 0, 0, 0, 0, 4, 1, 2, 0, 0, 6, 50, 4, 3, 0, 0, 0, 0, 0, 52, 0, 2, 2, 4, 0, 0, 0, 1, 53, 0, 0, 2, : 1, 4, 4, 1, 2, 6, 50, 4, 3, 52, 2, 2, 4, 1, 53, 2, 
32: 0, 0, 0, 0, 4, 0, 0, 1, 1, 0, 0, 3, 0, 1, 3, 2, 0, 2, 4, 0, 0, 2, 0, 0, 4, 0, 0, 0, 0, 0, 2, 8, 0, 0, 0, 0, 1, 0, 0, 5, : 4, 1, 1, 3, 1, 3, 2, 2, 4, 2, 4, 2, 8, 1, 5, 
5: 0, 0, 0, 0, 5, 2, 0, 2, 4, 0, 0, 0, 5, 2, 4, 0, 0, 0, 1, 0, 0, 1, 0, 0, 0, 0, 0, 1, 0, 0, 2, 4, 0, 0, 0, 2, 0, 0, 0, 4, : 5, 2, 2, 4, 5, 2, 4, 1, 1, 1, 2, 4, 2, 4, 
130: 0, 0, 0, 0, 5, 0, 0, 3, 0, 1, 0, 0, 0, 5, 3, 1, 3, 0, 3, 0, 2, 1, 1, 0, 0, 0, 0, 0, 0, 0, 4, 4, 0, 0, 0, 2, 2, 0, 0, 3, : 5, 3, 1, 5, 3, 1, 3, 3, 2, 1, 1, 4, 4, 2, 2, 3, 
87: 4, 0, 0, 0, 0, 0, 0, 4, 55, 0, 4, 0, 0, 1, 4, 3, 1, 0, 1, 0, 0, 0, 0, 0, 0, 0, 0, 0, 0, 52, 2, 3, 0, 0, 1, 0, 0, 0, 0, 2, : 4, 4, 55, 4, 1, 4, 3, 1, 1, 52, 2, 3, 1, 2, 
97: 0, 3, 0, 1, 3, 0, 3, 1, 0, 0, 50, 0, 1, 4, 3, 0, 0, 0, 5, 0, 0, 0, 0, 0, 0, 5, 0, 0, 0, 0, 1, 2, 53, 0, 0, 1, 0, 0, 0, 4, : 3, 1, 3, 3, 1, 50, 1, 4, 3, 5, 5, 1, 2, 53, 1, 4, 
107: 0, 0, 0, 0, 3, 0, 0, 4, 0, 0, 4, 0, 0, 3, 5, 2, 1, 0, 3, 5, 0, 0, 0, 0, 0, 0, 1, 0, 0, 1, 11, 1, 0, 0, 0, 2, 0, 0, 5, 5, : 3, 4, 4, 3, 5, 2, 1, 3, 5, 1, 1, 11, 1, 2, 5, 5, 
20: 0, 0, 0, 0, 4, 0, 0, 1, 0, 0, 0, 0, 0, 2, 2, 0, 0, 0, 3, 0, 0, 0, 0, 0, 0, 0, 0, 0, 50, 0, 6, 3, 0, 0, 1, 0, 0, 0, 0, 4, : 4, 1, 2, 2, 3, 50, 6, 3, 1, 4, 
89: 0, 0, 0, 0, 1, 0, 0, 3, 0, 0, 0, 0, 52, 4, 3, 0, 0, 0, 3, 0, 0, 0, 0, 0, 0, 0, 4, 1, 0, 0, 4, 1, 0, 4, 1, 0, 0, 0, 0, 2, : 1, 3, 52, 4, 3, 3, 4, 1, 4, 1, 4, 1, 2, 
102: 0, 1, 0, 1, 4, 0, 50, 5, 0, 2, 0, 0, 0, 4, 0, 0, 0, 3, 1, 0, 0, 0, 0, 4, 51, 0, 0, 0, 0, 0, 2, 5, 0, 0, 0, 0, 0, 0, 0, 3, : 1, 1, 4, 50, 5, 2, 4, 3, 1, 4, 51, 2, 5, 3, 
174: 0, 52, 55, 0, 2, 0, 0, 4, 0, 2, 0, 0, 0, 2, 0, 0, 2, 0, 1, 0, 0, 0, 3, 1, 0, 0, 0, 0, 2, 0, 3, 3, 0, 0, 0, 0, 0, 5, 0, 5, : 52, 55, 2, 4, 2, 2, 2, 1, 3, 1, 2, 3, 3, 5, 5, 


73: 3, 0, 1, 0, 4, 0, 0, 0, 0, 5, 1, 0, 0, 0, 0, 3, 0, 0, 3, 0, 1, 0, 0, 3, 2, 50, 0, 0, 0, 0, 1, 1, 0, 1, 0, 0, 0, 0, 5, 5, : 3, 1, 4, 5, 1, 3, 3, 1, 3, 2, 50, 1, 1, 1, 5, 5, 
19: 0, 0, 0, 0, 4, 0, 0, 3, 0, 0, 0, 4, 5, 4, 0, 3, 5, 0, 4, 50, 0, 0, 0, 2, 0, 0, 0, 4, 0, 0, 0, 1, 0, 0, 0, 0, 0, 0, 1, 1, : 4, 3, 4, 5, 4, 3, 5, 4, 50, 2, 4, 1, 1, 1, 
4: 0, 2, 0, 1, 2, 0, 0, 0, 0, 50, 0, 0, 0, 5, 0, 2, 0, 0, 2, 0, 0, 0, 0, 5, 0, 0, 0, 0, 0, 5, 0, 2, 0, 0, 0, 0, 0, 0, 5, 5, : 2, 1, 2, 50, 5, 2, 2, 5, 5, 2, 5, 5, 
172: 0, 50, 0, 0, 5, 0, 0, 0, 0, 0, 0, 0, 0, 3, 0, 1, 0, 0, 2, 0, 0, 0, 0, 5, 0, 0, 0, 0, 0, 4, 0, 5, 0, 0, 0, 0, 0, 0, 2, 2, : 50, 5, 3, 1, 2, 5, 4, 5, 2, 2, 
171: 0, 0, 0, 0, 5, 51, 55, 0, 0, 0, 5, 50, 0, 1, 3, 1, 0, 0, 5, 0, 0, 0, 0, 5, 0, 0, 0, 0, 2, 0, 0, 4, 2, 0, 0, 0, 0, 0, 2, 4, : 5, 51, 55, 5, 50, 1, 3, 1, 5, 5, 2, 4, 2, 2, 4, 
187: 1, 0, 0, 52, 3, 0, 0, 0, 2, 0, 0, 0, 0, 4, 0, 4, 0, 2, 3, 0, 0, 0, 0, 3, 0, 0, 0, 5, 0, 0, 0, 1, 0, 0, 0, 0, 0, 0, 0, 3, : 1, 52, 3, 2, 4, 4, 2, 3, 3, 5, 1, 3, 
39: 51, 4, 3, 0, 3, 1, 0, 0, 0, 0, 0, 0, 0, 2, 0, 1, 0, 0, 2, 0, 4, 0, 0, 5, 0, 3, 3, 0, 0, 0, 0, 2, 2, 0, 0, 0, 50, 0, 4, 1, : 51, 4, 3, 3, 1, 2, 1, 2, 4, 5, 3, 3, 2, 2, 50, 4, 1, 
152: 2, 2, 0, 1, 4, 0, 0, 0, 0, 0, 0, 0, 0, 3, 0, 3, 0, 4, 5, 1, 1, 0, 0, 2, 0, 0, 0, 0, 3, 0, 0, 5, 0, 5, 0, 0, 0, 0, 5, 4, : 2, 2, 1, 4, 3, 3, 4, 5, 1, 1, 2, 3, 5, 5, 5, 4, 
24: 0, 0, 0, 1, 3, 0, 4, 2, 0, 0, 0, 2, 0, 4, 0, 4, 0, 0, 5, 0, 0, 0, 0, 2, 0, 0, 0, 0, 50, 0, 0, 2, 0, 0, 0, 0, 0, 51, 4, 4, : 1, 3, 4, 2, 2, 4, 4, 5, 2, 50, 2, 51, 4, 4, 
21: 1, 0, 51, 0, 2, 0, 0, 1, 0, 3, 0, 0, 55, 4, 0, 2, 1, 0, 3, 0, 52, 5, 1, 1, 0, 2, 51, 0, 0, 0, 0, 4, 0, 51, 0, 0, 0, 0, 1, 1, : 1, 51, 2, 1, 3, 55, 4, 2, 1, 3, 52, 5, 1, 1, 2, 51, 4, 51, 1, 1, 
93: 1, 0, 0, 0, 1, 0, 0, 0, 0, 2, 0, 0, 0, 2, 0, 5, 0, 0, 5, 4, 1, 0, 2, 2, 0, 0, 1, 0, 5, 0, 0, 4, 0, 0, 0, 4, 1, 0, 1, 3, : 1, 1, 2, 2, 5, 5, 4, 1, 2, 2, 1, 5, 4, 4, 1, 1, 3, 
72: 1, 0, 0, 0, 2, 0, 0, 0, 0, 0, 0, 0, 0, 1, 0, 1, 0, 0, 3, 0, 1, 55, 0, 5, 0, 0, 0, 0, 0, 1, 0, 0, 0, 2, 0, 0, 0, 0, 5, 4, : 1, 2, 1, 1, 3, 1, 55, 5, 1, 2, 5, 4, 
163: 0, 0, 0, 0, 4, 3, 0, 54, 0, 0, 4, 4, 0, 4, 0, 5, 0, 0, 2, 0, 0, 0, 0, 4, 0, 0, 3, 0, 0, 50, 50, 3, 0, 0, 0, 0, 0, 0, 5, 1, : 4, 3, 54, 4, 4, 4, 5, 2, 4, 3, 50, 50, 3, 5, 1, 
30: 0, 0, 0, 0, 2, 0, 0, 0, 0, 0, 0, 0, 0, 1, 52, 1, 0, 0, 2, 4, 0, 0, 0, 2, 0, 0, 0, 0, 0, 0, 0, 2, 1, 0, 0, 0, 2, 4, 5, 5, : 2, 1, 52, 1, 2, 4, 2, 2, 1, 2, 4, 5, 5, 
140: 0, 0, 0, 0, 2, 0, 0, 0, 0, 0, 0, 0, 0, 1, 0, 4, 1, 0, 1, 0, 0, 0, 0, 2, 0, 4, 0, 1, 0, 0, 0, 5, 0, 0, 0, 1, 0, 0, 2, 5, : 2, 1, 4, 1, 1, 2, 4, 1, 5, 1, 2, 5, 
155: 0, 2, 0, 0, 4, 0, 0, 0, 0, 0, 0, 0, 0, 5, 0, 3, 0, 0, 3, 0, 0, 0, 0, 4, 55, 0, 0, 0, 0, 0, 0, 5, 0, 0, 4, 0, 2, 0, 3, 2, : 2, 4, 5, 3, 3, 4, 55, 5, 4, 2, 3, 2, 
65: 0, 0, 4, 0, 5, 0, 1, 0, 4, 0, 0, 0, 0, 4, 0, 4, 0, 2, 3, 1, 0, 0, 53, 1, 3, 0, 0, 50, 0, 0, 5, 5, 0, 0, 5, 0, 0, 0, 1, 5, : 4, 5, 1, 4, 4, 4, 2, 3, 1, 53, 1, 3, 50, 5, 5, 5, 1, 5, 
7: 0, 0, 0, 0, 1, 0, 0, 0, 53, 0, 50, 0, 0, 2, 5, 5, 0, 0, 2, 0, 0, 0, 4, 3, 0, 0, 2, 0, 0, 0, 1, 5, 55, 0, 0, 55, 3, 1, 4, 0, : 1, 53, 50, 2, 5, 5, 2, 4, 3, 2, 1, 5, 55, 55, 3, 1, 4, 
123: 0, 0, 1, 5, 2, 0, 0, 0, 1, 0, 0, 0, 0, 5, 0, 4, 53, 0, 4, 0, 0, 0, 0, 3, 0, 1, 0, 0, 0, 0, 2, 2, 0, 0, 0, 0, 0, 4, 2, 2, : 1, 5, 2, 1, 5, 4, 53, 4, 3, 1, 2, 2, 4, 2, 2, 
63: 0, 0, 0, 0, 2, 5, 0, 0, 0, 0, 0, 0, 0, 5, 0, 4, 0, 52, 1, 0, 0, 0, 0, 1, 0, 0, 0, 0, 0, 0, 1, 2, 0, 1, 51, 0, 2, 0, 3, 3, : 2, 5, 5, 4, 52, 1, 1, 1, 2, 1, 51, 2, 3, 3, 


159: 52, 0, 0, 0, 0, 0, 0, 0, 3, 5, 0, 3, 1, 0, 0, 0, 0, 1, 5, 1, 0, 0, 0, 1, 0, 3, 0, 0, 55, 0, 0, 0, 0, 0, 0, 0, 5, 0, 1, 0, : 52, 3, 5, 3, 1, 1, 5, 1, 1, 3, 55, 5, 1, 
90: 5, 0, 0, 0, 0, 1, 0, 55, 2, 2, 0, 0, 0, 0, 0, 0, 1, 5, 3, 53, 0, 0, 0, 0, 0, 0, 1, 0, 0, 0, 0, 0, 53, 0, 0, 0, 0, 0, 3, 0, : 5, 1, 55, 2, 2, 1, 5, 3, 53, 1, 53, 3, 
132: 0, 0, 1, 4, 0, 0, 0, 0, 5, 3, 1, 0, 0, 0, 0, 1, 0, 4, 1, 0, 0, 5, 0, 0, 0, 4, 0, 0, 0, 0, 0, 0, 0, 1, 0, 5, 0, 0, 2, 0, : 1, 4, 5, 3, 1, 1, 4, 1, 5, 4, 1, 5, 2, 
78: 0, 4, 0, 0, 0, 0, 0, 0, 2, 2, 0, 0, 0, 0, 0, 0, 52, 3, 2, 0, 0, 0, 0, 0, 0, 0, 0, 0, 0, 0, 0, 0, 0, 0, 0, 0, 0, 1, 5, 0, : 4, 2, 2, 52, 3, 2, 1, 5, 
8: 0, 0, 0, 0, 2, 0, 0, 0, 3, 5, 0, 0, 0, 2, 0, 3, 0, 1, 4, 1, 0, 0, 0, 0, 0, 50, 0, 0, 0, 0, 0, 0, 2, 0, 0, 1, 0, 0, 3, 0, : 2, 3, 5, 2, 3, 1, 4, 1, 50, 2, 1, 3, 
35: 0, 0, 0, 54, 55, 0, 0, 0, 1, 3, 0, 0, 0, 0, 0, 0, 0, 4, 3, 0, 0, 0, 0, 0, 0, 1, 0, 1, 0, 0, 52, 2, 0, 1, 0, 0, 0, 0, 3, 0, : 54, 55, 1, 3, 4, 3, 1, 1, 52, 2, 1, 3, 
60: 0, 0, 0, 0, 0, 0, 0, 4, 1, 3, 3, 0, 53, 0, 0, 0, 1, 3, 1, 2, 0, 0, 0, 50, 0, 0, 0, 0, 0, 0, 1, 50, 0, 0, 0, 4, 0, 50, 2, 0, : 4, 1, 3, 3, 53, 1, 3, 1, 2, 50, 1, 50, 4, 50, 2, 
156: 1, 0, 0, 0, 0, 0, 0, 0, 4, 1, 1, 1, 0, 0, 0, 0, 0, 4, 1, 0, 0, 0, 0, 4, 0, 0, 0, 54, 1, 5, 2, 0, 0, 0, 0, 0, 53, 0, 2, 4, : 1, 4, 1, 1, 1, 4, 1, 4, 54, 1, 5, 2, 53, 2, 4, 
86: 0, 0, 0, 0, 0, 1, 0, 0, 5, 4, 0, 51, 0, 0, 0, 0, 0, 4, 6, 3, 5, 0, 3, 0, 0, 0, 0, 0, 0, 0, 0, 3, 0, 0, 0, 0, 0, 0, 5, 0, : 1, 5, 4, 51, 4, 6, 3, 5, 3, 3, 5, 
157: 0, 4, 2, 0, 0, 51, 0, 0, 7, 1, 0, 1, 0, 0, 0, 0, 0, 3, 4, 0, 0, 0, 3, 1, 0, 0, 2, 0, 0, 0, 0, 0, 4, 0, 4, 0, 0, 0, 4, 0, : 4, 2, 51, 7, 1, 1, 3, 4, 3, 1, 2, 4, 4, 4, 
62: 0, 0, 0, 0, 0, 0, 5, 1, 3, 4, 0, 0, 0, 2, 0, 1, 2, 1, 5, 0, 0, 0, 0, 0, 0, 0, 0, 0, 0, 0, 0, 0, 0, 0, 0, 0, 0, 0, 5, 0, : 5, 1, 3, 4, 2, 1, 2, 1, 5, 5, 
50: 0, 0, 53, 2, 0, 1, 0, 0, 4, 1, 0, 0, 0, 1, 0, 0, 1, 1, 2, 0, 0, 0, 0, 0, 5, 0, 0, 3, 4, 53, 0, 0, 0, 0, 53, 0, 0, 0, 4, 0, : 53, 2, 1, 4, 1, 1, 1, 1, 2, 5, 3, 4, 53, 53, 4, 
195: 0, 0, 0, 0, 0, 0, 0, 0, 5, 5, 54, 0, 0, 0, 55, 55, 0, 4, 3, 0, 0, 0, 0, 0, 0, 0, 3, 0, 0, 0, 0, 0, 0, 2, 1, 0, 1, 4, 3, 0, : 5, 5, 54, 55, 55, 4, 3, 3, 2, 1, 1, 4, 3, 
98: 0, 0, 0, 0, 3, 0, 55, 0, 3, 5, 0, 0, 0, 0, 3, 0, 0, 4, 3, 0, 0, 50, 51, 4, 0, 1, 0, 0, 0, 0, 0, 0, 0, 0, 2, 0, 0, 0, 3, 0, : 3, 55, 3, 5, 3, 4, 3, 50, 51, 4, 1, 2, 3, 
197: 2, 52, 0, 0, 0, 4, 0, 0, 2, 1, 0, 0, 3, 0, 0, 0, 0, 4, 2, 0, 0, 1, 1, 0, 2, 0, 0, 0, 0, 1, 4, 4, 1, 0, 0, 50, 1, 0, 4, 3, : 2, 52, 4, 2, 1, 3, 4, 2, 1, 1, 2, 1, 4, 4, 1, 50, 1, 4, 3, 
9: 0, 0, 0, 0, 0, 0, 0, 0, 1, 4, 0, 0, 2, 54, 0, 0, 0, 4, 4, 0, 53, 0, 0, 0, 0, 0, 0, 0, 0, 0, 0, 0, 0, 0, 0, 0, 0, 0, 2, 0, : 1, 4, 2, 54, 4, 4, 53, 2, 
112: 0, 0, 0, 0, 0, 1, 0, 0, 2, 5, 0, 0, 0, 0, 2, 0, 2, 3, 1, 0, 2, 0, 0, 0, 0, 0, 1, 2, 0, 0, 0, 0, 0, 0, 0, 0, 0, 0, 4, 0, : 1, 2, 5, 2, 2, 3, 1, 2, 1, 2, 4, 
137: 0, 0, 0, 0, 0, 0, 0, 0, 1, 4, 0, 0, 0, 1, 0, 0, 1, 3, 3, 0, 0, 0, 0, 0, 53, 0, 3, 0, 0, 0, 1, 0, 0, 2, 0, 0, 0, 0, 1, 53, : 1, 4, 1, 1, 3, 3, 53, 3, 1, 2, 1, 53, 
136: 0, 0, 0, 0, 0, 1, 0, 0, 1, 1, 1, 0, 0, 0, 0, 0, 0, 3, 5, 0, 0, 4, 0, 0, 0, 1, 0, 0, 0, 1, 0, 1, 0, 54, 0, 0, 0, 0, 1, 0, : 1, 1, 1, 1, 3, 5, 4, 1, 1, 1, 54, 1, 
196: 0, 0, 4, 0, 0, 0, 0, 0, 5, 1, 0, 4, 1, 0, 0, 0, 0, 1, 2, 0, 0, 0, 2, 0, 0, 0, 50, 0, 0, 0, 0, 0, 0, 0, 0, 0, 0, 5, 3, 0, : 4, 5, 1, 4, 1, 1, 2, 2, 50, 5, 3, 


122: 1, 0, 1, 0, 4, 0, 0, 0, 0, 0, 4, 0, 0, 2, 5, 0, 2, 3, 0, 0, 2, 0, 0, 0, 0, 0, 3, 1, 0, 0, 2, 1, 0, 5, 0, 0, 5, 4, 5, 0, : 1, 1, 4, 4, 2, 5, 2, 3, 2, 3, 1, 2, 1, 5, 5, 4, 5, 
114: 1, 0, 0, 4, 2, 0, 4, 0, 0, 0, 4, 0, 0, 0, 1, 0, 2, 3, 1, 0, 0, 0, 0, 0, 0, 0, 5, 0, 0, 0, 1, 3, 0, 2, 5, 0, 3, 2, 1, 0, : 1, 4, 2, 4, 4, 1, 2, 3, 1, 5, 1, 3, 2, 5, 3, 2, 1, 
79: 4, 0, 1, 2, 2, 3, 0, 0, 0, 0, 4, 0, 0, 0, 1, 0, 1, 5, 50, 0, 0, 2, 0, 0, 0, 0, 4, 0, 2, 0, 4, 0, 0, 4, 0, 0, 5, 2, 5, 0, : 4, 1, 2, 2, 3, 4, 1, 1, 5, 50, 2, 4, 2, 4, 4, 5, 2, 5, 
71: 5, 0, 0, 0, 2, 51, 0, 2, 0, 0, 2, 1, 3, 0, 1, 1, 3, 2, 0, 0, 0, 0, 0, 0, 1, 1, 2, 53, 0, 0, 4, 3, 0, 3, 0, 0, 1, 3, 2, 0, : 5, 2, 51, 2, 2, 1, 3, 1, 1, 3, 2, 1, 1, 2, 53, 4, 3, 3, 1, 3, 2, 
85: 2, 4, 0, 0, 3, 0, 0, 0, 0, 0, 3, 0, 52, 0, 3, 0, 2, 4, 0, 0, 4, 0, 0, 0, 1, 0, 2, 0, 1, 2, 5, 5, 0, 2, 3, 0, 1, 5, 2, 0, : 2, 4, 3, 3, 52, 3, 2, 4, 4, 1, 2, 1, 2, 5, 5, 2, 3, 1, 5, 2, 
175: 1, 0, 0, 1, 5, 5, 0, 0, 0, 54, 7, 55, 0, 0, 2, 0, 3, 2, 2, 0, 0, 0, 0, 0, 0, 0, 4, 0, 0, 0, 3, 4, 0, 3, 0, 0, 1, 2, 5, 0, : 1, 1, 5, 5, 54, 7, 55, 2, 3, 2, 2, 4, 3, 4, 3, 1, 2, 5, 
51: 5, 0, 0, 0, 3, 0, 0, 0, 0, 0, 2, 0, 0, 0, 5, 1, 1, 1, 0, 0, 0, 0, 0, 0, 0, 0, 3, 0, 1, 4, 5, 4, 0, 5, 0, 0, 2, 3, 4, 1, : 5, 3, 2, 5, 1, 1, 1, 3, 1, 4, 5, 4, 5, 2, 3, 4, 1, 
23: 2, 0, 2, 0, 4, 0, 0, 0, 0, 0, 4, 1, 0, 4, 3, 0, 5, 2, 0, 0, 0, 0, 0, 0, 0, 51, 4, 0, 0, 0, 1, 3, 0, 1, 52, 1, 2, 5, 4, 0, : 2, 2, 4, 4, 1, 4, 3, 5, 2, 51, 4, 1, 3, 1, 52, 1, 2, 5, 4, 
190: 3, 0, 2, 0, 4, 0, 0, 0, 54, 0, 3, 0, 0, 0, 2, 53, 1, 5, 0, 0, 0, 1, 1, 2, 0, 0, 2, 0, 0, 0, 5, 3, 0, 4, 0, 0, 2, 3, 4, 0, : 3, 2, 4, 54, 3, 2, 53, 1, 5, 1, 1, 2, 2, 5, 3, 4, 2, 3, 4, 
53: 3, 0, 0, 0, 2, 0, 0, 0, 0, 0, 2, 0, 1, 0, 1, 0, 4, 0, 0, 2, 0, 2, 0, 0, 0, 1, 4, 4, 0, 0, 1, 5, 3, 0, 0, 3, 5, 5, 0, 2, : 3, 2, 2, 1, 1, 4, 2, 2, 1, 4, 4, 1, 5, 3, 3, 5, 5, 2, 
164: 1, 0, 0, 51, 3, 0, 0, 0, 0, 0, 4, 3, 0, 0, 5, 0, 3, 5, 0, 0, 0, 0, 0, 3, 0, 0, 3, 0, 0, 0, 2, 0, 3, 5, 0, 5, 5, 2, 5, 0, : 1, 51, 3, 4, 3, 5, 3, 5, 3, 3, 2, 3, 5, 5, 5, 2, 5, 
83: 1, 51, 0, 0, 1, 0, 2, 0, 0, 0, 1, 0, 0, 0, 5, 0, 2, 2, 1, 0, 1, 50, 0, 0, 2, 0, 1, 0, 0, 0, 4, 2, 0, 3, 0, 0, 1, 3, 1, 0, : 1, 51, 1, 2, 1, 5, 2, 2, 1, 1, 50, 2, 1, 4, 2, 3, 1, 3, 1, 
142: 2, 1, 50, 0, 4, 0, 0, 2, 1, 2, 3, 0, 0, 0, 4, 0, 5, 2, 0, 0, 0, 0, 0, 0, 0, 0, 3, 0, 0, 0, 4, 4, 0, 4, 0, 0, 3, 1, 3, 1, : 2, 1, 50, 4, 2, 1, 2, 3, 4, 5, 2, 3, 4, 4, 4, 3, 1, 3, 1, 
126: 4, 3, 0, 0, 5, 0, 0, 0, 0, 0, 2, 0, 0, 0, 4, 2, 4, 4, 0, 4, 1, 0, 54, 55, 0, 0, 5, 0, 0, 0, 1, 1, 0, 1, 0, 50, 4, 2, 5, 0, : 4, 3, 5, 2, 4, 2, 4, 4, 4, 1, 54, 55, 5, 1, 1, 1, 50, 4, 2, 5, 
47: 5, 0, 4, 0, 1, 0, 0, 53, 0, 0, 2, 0, 0, 4, 2, 3, 4, 5, 0, 52, 0, 0, 0, 0, 55, 0, 4, 0, 3, 0, 2, 1, 0, 3, 0, 0, 2, 4, 2, 0, : 5, 4, 1, 53, 2, 4, 2, 3, 4, 5, 52, 55, 4, 3, 2, 1, 3, 2, 4, 2, 
139: 7, 0, 0, 0, 3, 0, 1, 0, 0, 1, 2, 0, 0, 0, 4, 0, 2, 1, 1, 0, 1, 4, 0, 0, 0, 2, 4, 1, 50, 0, 5, 5, 51, 5, 0, 0, 4, 2, 5, 0, : 7, 3, 1, 1, 2, 4, 2, 1, 1, 1, 4, 2, 4, 1, 50, 5, 5, 51, 5, 4, 2, 5, 
64: 2, 0, 0, 2, 2, 0, 0, 0, 2, 0, 2, 0, 0, 50, 2, 0, 4, 3, 5, 2, 0, 1, 3, 0, 0, 0, 1, 0, 0, 0, 0, 1, 0, 5, 0, 0, 5, 5, 2, 0, : 2, 2, 2, 2, 2, 50, 2, 4, 3, 5, 2, 1, 3, 1, 1, 5, 5, 5, 2, 
92: 4, 0, 0, 0, 2, 0, 0, 2, 0, 3, 4, 0, 4, 0, 7, 0, 5, 5, 0, 0, 0, 0, 0, 0, 0, 5, 4, 1, 3, 0, 4, 5, 0, 3, 0, 1, 1, 1, 2, 52, : 4, 2, 2, 3, 4, 4, 7, 5, 5, 5, 4, 1, 3, 4, 5, 3, 1, 1, 1, 2, 52, 
91: 3, 1, 0, 0, 4, 1, 0, 0, 3, 0, 4, 0, 0, 0, 1, 0, 2, 2, 0, 0, 0, 0, 0, 0, 0, 0, 1, 0, 0, 54, 5, 5, 0, 0, 0, 0, 5, 3, 1, 0, : 3, 1, 4, 1, 3, 4, 1, 2, 2, 1, 54, 5, 5, 5, 3, 1, 
84: 4, 0, 0, 0, 4, 0, 53, 1, 0, 0, 1, 0, 0, 0, 2, 0, 5, 4, 0, 0, 51, 0, 2, 0, 1, 0, 1, 0, 0, 0, 2, 5, 3, 2, 0, 0, 3, 3, 2, 4, : 4, 4, 53, 1, 1, 2, 5, 4, 51, 2, 1, 1, 2, 5, 3, 2, 3, 3, 2, 4, 


13: 0, 0, 0, 0, 0, 0, 3, 0, 0, 0, 0, 5, 0, 3, 0, 0, 50, 0, 54, 0, 0, 0, 3, 0, 0, 0, 3, 0, 5, 0, 0, 0, 4, 4, 1, 0, 2, 0, 0, 2, : 3, 5, 3, 50, 54, 3, 3, 5, 4, 4, 1, 2, 2, 
15: 0, 0, 0, 0, 0, 0, 2, 0, 0, 0, 0, 6, 0, 1, 0, 52, 3, 0, 0, 0, 0, 0, 1, 0, 0, 0, 3, 0, 3, 0, 1, 0, 0, 0, 3, 0, 3, 0, 0, 2, : 2, 6, 1, 52, 3, 1, 3, 3, 1, 3, 3, 2, 
169: 0, 0, 1, 0, 0, 0, 5, 0, 0, 2, 0, 1, 0, 1, 0, 0, 0, 0, 0, 0, 0, 0, 1, 0, 1, 0, 1, 0, 4, 5, 4, 0, 0, 0, 0, 1, 2, 2, 0, 4, : 1, 5, 2, 1, 1, 1, 1, 1, 4, 5, 4, 1, 2, 2, 4, 
31: 0, 0, 0, 0, 0, 0, 5, 0, 0, 0, 0, 2, 0, 0, 5, 0, 0, 0, 0, 2, 0, 0, 1, 0, 0, 2, 5, 0, 4, 0, 1, 1, 0, 0, 3, 0, 4, 0, 0, 5, : 5, 2, 5, 2, 1, 2, 5, 4, 1, 1, 3, 4, 5, 
69: 50, 0, 0, 2, 0, 0, 5, 0, 2, 0, 0, 3, 54, 0, 0, 0, 0, 2, 0, 0, 1, 0, 5, 0, 54, 0, 1, 0, 4, 0, 0, 0, 0, 0, 0, 1, 1, 0, 0, 3, : 50, 2, 5, 2, 3, 54, 2, 1, 5, 54, 1, 4, 1, 1, 3, 
168: 4, 0, 0, 0, 0, 0, 4, 0, 0, 0, 0, 6, 0, 0, 0, 3, 0, 3, 0, 0, 0, 0, 1, 0, 2, 0, 1, 4, 2, 0, 0, 0, 0, 0, 0, 0, 4, 0, 5, 3, : 4, 4, 6, 3, 3, 1, 2, 1, 4, 2, 4, 5, 3, 
151: 4, 0, 0, 0, 0, 0, 1, 3, 0, 0, 1, 2, 0, 1, 2, 2, 0, 0, 0, 1, 0, 52, 1, 2, 0, 0, 5, 0, 4, 0, 0, 0, 0, 1, 0, 0, 1, 50, 51, 4, : 4, 1, 3, 1, 2, 1, 2, 2, 1, 52, 1, 2, 5, 4, 1, 1, 50, 51, 4, 
43: 0, 0, 0, 0, 0, 0, 3, 0, 0, 2, 0, 3, 0, 4, 0, 0, 0, 0, 2, 0, 0, 2, 5, 0, 0, 5, 1, 0, 4, 0, 0, 0, 1, 0, 0, 4, 5, 0, 0, 5, : 3, 2, 3, 4, 2, 2, 5, 5, 1, 4, 1, 4, 5, 5, 
181: 0, 0, 0, 0, 0, 0, 2, 0, 0, 0, 0, 4, 0, 0, 1, 0, 4, 0, 0, 0, 5, 0, 2, 1, 0, 0, 3, 0, 1, 0, 54, 2, 0, 0, 2, 0, 4, 0, 0, 1, : 2, 4, 1, 4, 5, 2, 1, 3, 1, 54, 2, 2, 4, 1, 
38: 0, 0, 0, 0, 0, 0, 1, 0, 0, 0, 0, 4, 1, 0, 0, 1, 0, 0, 0, 0, 51, 0, 4, 0, 1, 0, 4, 0, 2, 0, 0, 0, 0, 2, 0, 0, 1, 0, 0, 2, : 1, 4, 1, 1, 51, 4, 1, 4, 2, 2, 1, 2, 
173: 0, 0, 2, 0, 0, 0, 1, 0, 0, 0, 5, 4, 0, 0, 0, 1, 0, 55, 0, 0, 2, 1, 5, 1, 0, 0, 5, 0, 1, 0, 0, 0, 1, 0, 0, 1, 5, 0, 0, 4, : 2, 1, 5, 4, 1, 55, 2, 1, 5, 1, 5, 1, 1, 1, 5, 4, 
94: 0, 4, 0, 2, 4, 0, 3, 0, 0, 0, 0, 1, 0, 0, 0, 0, 0, 0, 2, 2, 0, 4, 4, 1, 0, 0, 2, 0, 4, 53, 0, 0, 0, 0, 0, 52, 5, 1, 0, 3, : 4, 2, 4, 3, 1, 2, 2, 4, 4, 1, 2, 4, 53, 52, 5, 1, 3, 
45: 0, 3, 0, 0, 0, 5, 4, 2, 0, 0, 0, 5, 0, 0, 0, 0, 0, 0, 0, 55, 0, 1, 4, 0, 0, 1, 5, 0, 4, 0, 0, 2, 0, 0, 51, 0, 3, 0, 4, 3, : 3, 5, 4, 2, 5, 55, 1, 4, 1, 5, 4, 2, 51, 3, 4, 3, 
36: 0, 0, 52, 5, 0, 0, 1, 0, 0, 0, 0, 3, 0, 0, 0, 0, 3, 0, 0, 0, 1, 0, 4, 1, 0, 0, 3, 1, 1, 0, 0, 0, 0, 52, 0, 0, 5, 0, 0, 4, : 52, 5, 1, 3, 3, 1, 4, 1, 3, 1, 1, 52, 5, 4, 
1: 0, 0, 0, 0, 0, 55, 1, 0, 0, 0, 0, 2, 0, 50, 0, 0, 0, 0, 0, 0, 0, 0, 1, 2, 0, 0, 2, 0, 1, 0, 0, 0, 0, 0, 0, 0, 2, 3, 0, 4, : 55, 1, 2, 50, 1, 2, 2, 1, 2, 3, 4, 
127: 0, 53, 0, 0, 0, 0, 5, 53, 0, 0, 0, 1, 3, 0, 0, 0, 0, 0, 0, 0, 0, 0, 4, 51, 0, 0, 3, 55, 1, 0, 0, 0, 0, 1, 0, 0, 1, 0, 0, 2, : 53, 5, 53, 1, 3, 4, 51, 3, 55, 1, 1, 1, 2, 
16: 0, 0, 0, 0, 0, 0, 5, 2, 0, 0, 0, 2, 2, 0, 51, 0, 0, 0, 0, 0, 0, 0, 5, 0, 0, 0, 6, 0, 4, 2, 0, 55, 0, 0, 0, 0, 1, 1, 0, 3, : 5, 2, 2, 2, 51, 5, 6, 4, 2, 55, 1, 1, 3, 
194: 0, 0, 3, 0, 1, 0, 5, 0, 55, 0, 0, 1, 0, 0, 0, 1, 0, 0, 2, 0, 0, 0, 3, 0, 0, 0, 2, 0, 1, 0, 0, 0, 0, 0, 0, 0, 3, 2, 0, 4, : 3, 1, 5, 55, 1, 1, 2, 3, 2, 1, 3, 2, 4, 
150: 2, 0, 0, 50, 55, 0, 3, 0, 3, 55, 54, 2, 0, 0, 1, 0, 0, 0, 0, 0, 0, 0, 1, 1, 2, 0, 3, 0, 5, 0, 0, 0, 0, 0, 0, 1, 3, 1, 0, 1, : 2, 50, 55, 3, 3, 55, 54, 2, 1, 1, 1, 2, 3, 5, 1, 3, 1, 1, 
185: 0, 0, 2, 1, 0, 0, 1, 0, 0, 1, 0, 3, 0, 0, 0, 0, 0, 0, 0, 0, 0, 0, 5, 0, 0, 52, 2, 0, 5, 0, 0, 0, 54, 0, 0, 0, 5, 0, 0, 1, : 2, 1, 1, 1, 3, 5, 52, 2, 5, 54, 5, 1, 


17: 0, 3, 3, 0, 5, 0, 50, 0, 1, 0, 0, 0, 0, 0, 0, 1, 50, 0, 0, 4, 2, 0, 0, 0, 3, 0, 0, 4, 0, 0, 0, 1, 0, 4, 0, 1, 0, 3, 4, 0, : 3, 3, 5, 50, 1, 1, 50, 4, 2, 3, 4, 1, 4, 1, 3, 4, 
146: 2, 2, 1, 0, 8, 0, 1, 0, 0, 0, 0, 0, 0, 0, 1, 1, 0, 0, 0, 1, 2, 0, 0, 0, 2, 55, 0, 2, 0, 0, 0, 0, 0, 0, 0, 0, 0, 0, 0, 0, : 2, 2, 1, 8, 1, 1, 1, 1, 2, 2, 55, 2, 
77: 0, 5, 2, 0, 3, 1, 2, 0, 0, 0, 0, 1, 0, 0, 5, 3, 0, 0, 0, 2, 2, 0, 0, 0, 5, 4, 0, 3, 0, 0, 0, 1, 1, 5, 0, 1, 0, 3, 0, 0, : 5, 2, 3, 1, 2, 1, 5, 3, 2, 2, 5, 4, 3, 1, 1, 5, 1, 3, 
56: 0, 1, 1, 0, 1, 0, 0, 0, 0, 0, 50, 0, 2, 0, 0, 2, 0, 3, 0, 1, 5, 0, 0, 0, 5, 0, 0, 2, 0, 2, 1, 0, 0, 0, 0, 0, 0, 4, 0, 1, : 1, 1, 1, 50, 2, 2, 3, 1, 5, 5, 2, 2, 1, 4, 1, 
58: 0, 1, 3, 54, 1, 0, 0, 3, 0, 0, 2, 0, 0, 0, 5, 5, 0, 0, 0, 4, 3, 0, 0, 0, 4, 0, 0, 1, 0, 0, 0, 0, 0, 0, 0, 0, 0, 4, 54, 0, : 1, 3, 54, 1, 3, 2, 5, 5, 4, 3, 4, 1, 4, 54, 
135: 4, 3, 2, 2, 3, 0, 0, 0, 0, 0, 0, 0, 3, 0, 3, 0, 0, 0, 2, 1, 4, 1, 0, 0, 4, 0, 3, 1, 0, 0, 0, 2, 0, 0, 1, 0, 2, 1, 0, 0, : 4, 3, 2, 2, 3, 3, 3, 2, 1, 4, 1, 4, 3, 1, 2, 1, 2, 1, 
37: 0, 5, 2, 0, 2, 50, 5, 0, 0, 1, 0, 0, 0, 0, 5, 5, 0, 50, 3, 4, 1, 55, 0, 0, 5, 0, 0, 3, 3, 0, 0, 0, 0, 0, 0, 0, 0, 5, 0, 0, : 5, 2, 2, 50, 5, 1, 5, 5, 50, 3, 4, 1, 55, 5, 3, 3, 5, 
68: 0, 3, 5, 0, 2, 0, 0, 0, 0, 0, 0, 0, 0, 0, 1, 5, 0, 0, 0, 1, 4, 0, 4, 0, 3, 0, 0, 1, 0, 0, 0, 0, 53, 51, 0, 0, 0, 5, 0, 3, : 3, 5, 2, 1, 5, 1, 4, 4, 3, 1, 53, 51, 5, 3, 
141: 0, 4, 2, 3, 4, 0, 2, 0, 0, 0, 0, 50, 5, 0, 5, 4, 4, 1, 53, 2, 1, 0, 0, 0, 1, 0, 0, 2, 0, 0, 53, 0, 0, 0, 0, 0, 3, 4, 0, 0, : 4, 2, 3, 4, 2, 50, 5, 5, 4, 4, 1, 53, 2, 1, 1, 2, 53, 3, 4, 
111: 0, 3, 3, 0, 6, 3, 0, 0, 0, 54, 0, 2, 0, 54, 4, 4, 4, 0, 0, 4, 5, 2, 0, 0, 1, 0, 0, 3, 0, 0, 0, 1, 0, 0, 0, 5, 0, 1, 0, 3, : 3, 3, 6, 3, 54, 2, 54, 4, 4, 4, 4, 5, 2, 1, 3, 1, 5, 1, 3, 
26: 0, 2, 5, 0, 1, 0, 0, 0, 0, 0, 0, 1, 0, 0, 1, 2, 0, 0, 0, 2, 5, 0, 0, 1, 1, 0, 0, 5, 0, 53, 0, 0, 0, 0, 0, 0, 0, 3, 0, 50, : 2, 5, 1, 1, 1, 2, 2, 5, 1, 1, 5, 53, 3, 50, 
179: 0, 2, 2, 0, 3, 0, 0, 55, 0, 1, 0, 0, 0, 0, 4, 0, 0, 0, 0, 4, 4, 0, 53, 0, 2, 0, 0, 1, 0, 1, 0, 0, 0, 0, 0, 0, 0, 1, 0, 0, : 2, 2, 3, 55, 1, 4, 4, 4, 53, 2, 1, 1, 1, 
200: 0, 1, 4, 0, 1, 0, 0, 0, 0, 0, 1, 0, 0, 0, 4, 5, 0, 0, 0, 5, 5, 0, 0, 0, 3, 0, 52, 2, 0, 0, 1, 0, 1, 0, 0, 51, 54, 4, 0, 0, : 1, 4, 1, 1, 4, 5, 5, 5, 3, 52, 2, 1, 1, 51, 54, 4, 
108: 0, 2, 2, 0, 4, 0, 0, 0, 0, 0, 2, 0, 0, 0, 2, 5, 0, 3, 0, 3, 4, 0, 0, 55, 5, 0, 5, 6, 0, 0, 0, 2, 5, 0, 0, 0, 1, 4, 1, 1, : 2, 2, 4, 2, 2, 5, 3, 3, 4, 55, 5, 5, 6, 2, 5, 1, 4, 1, 1, 
147: 0, 5, 1, 0, 3, 3, 0, 0, 5, 0, 3, 2, 0, 0, 0, 2, 0, 0, 0, 4, 1, 0, 2, 0, 2, 0, 0, 3, 2, 0, 0, 0, 0, 0, 0, 0, 0, 2, 1, 1, : 5, 1, 3, 3, 5, 3, 2, 2, 4, 1, 2, 2, 3, 2, 2, 1, 1, 
12: 0, 4, 1, 0, 3, 0, 0, 2, 3, 4, 0, 0, 0, 0, 5, 0, 0, 0, 0, 4, 1, 2, 0, 0, 2, 0, 0, 5, 0, 0, 0, 0, 0, 0, 0, 0, 0, 3, 0, 0, : 4, 1, 3, 2, 3, 4, 5, 4, 1, 2, 2, 5, 3, 
149: 54, 4, 3, 0, 1, 0, 0, 0, 0, 0, 0, 0, 0, 2, 5, 4, 2, 3, 0, 2, 2, 0, 0, 1, 2, 0, 0, 3, 55, 4, 1, 0, 0, 0, 54, 0, 0, 0, 0, 1, : 54, 4, 3, 1, 2, 5, 4, 2, 3, 2, 2, 1, 2, 3, 55, 4, 1, 54, 1, 
115: 0, 4, 8, 0, 3, 0, 0, 0, 0, 0, 0, 0, 0, 4, 1, 4, 0, 0, 0, 3, 4, 0, 1, 0, 5, 0, 0, 4, 0, 0, 0, 0, 0, 0, 0, 0, 0, 4, 0, 0, : 4, 8, 3, 4, 1, 4, 3, 4, 1, 5, 4, 4, 
125: 0, 3, 5, 1, 4, 3, 0, 0, 1, 0, 0, 4, 50, 0, 4, 5, 0, 0, 2, 5, 3, 0, 0, 0, 3, 1, 0, 5, 0, 0, 1, 53, 0, 0, 0, 2, 0, 4, 0, 0, : 3, 5, 1, 4, 3, 1, 4, 50, 4, 5, 2, 5, 3, 3, 1, 5, 1, 53, 2, 4, 
170: 0, 3, 5, 0, 2, 0, 0, 0, 50, 0, 2, 0, 0, 0, 5, 3, 0, 0, 0, 4, 2, 0, 0, 3, 2, 0, 0, 4, 0, 0, 3, 0, 0, 0, 5, 0, 0, 5, 0, 0, : 3, 5, 2, 50, 2, 5, 3, 4, 2, 3, 2, 4, 3, 5, 5, 


192: 0, 1, 0, 2, 0, 0, 2, 0, 4, 1, 0, 1, 0, 5, 3, 4, 0, 0, 0, 3, 1, 2, 0, 0, 0, 5, 0, 0, 1, 0, 0, 0, 5, 0, 0, 0, 55, 0, 1, 0, : 1, 2, 2, 4, 1, 1, 5, 3, 4, 3, 1, 2, 5, 1, 5, 55, 1, 
182: 0, 0, 0, 5, 0, 1, 0, 51, 0, 0, 0, 2, 0, 2, 0, 2, 0, 0, 0, 1, 1, 1, 0, 4, 0, 0, 0, 1, 0, 1, 0, 0, 0, 0, 1, 1, 0, 1, 0, 0, : 5, 1, 51, 2, 2, 2, 1, 1, 1, 4, 1, 1, 1, 1, 1, 
95: 5, 0, 0, 2, 3, 1, 0, 2, 0, 2, 0, 8, 0, 3, 0, 3, 0, 0, 0, 1, 5, 3, 0, 0, 0, 0, 0, 0, 0, 0, 0, 0, 1, 0, 0, 0, 0, 0, 0, 51, : 5, 2, 3, 1, 2, 2, 8, 3, 3, 1, 5, 3, 1, 51, 
184: 0, 53, 1, 2, 0, 5, 1, 0, 0, 0, 0, 5, 0, 2, 0, 5, 0, 0, 0, 3, 3, 5, 0, 0, 0, 0, 0, 0, 0, 0, 0, 0, 0, 0, 0, 0, 0, 0, 0, 5, : 53, 1, 2, 5, 1, 5, 2, 5, 3, 3, 5, 5, 
131: 0, 0, 0, 1, 0, 0, 0, 4, 0, 0, 0, 5, 0, 2, 0, 3, 1, 4, 0, 0, 4, 1, 0, 0, 52, 0, 0, 0, 0, 0, 0, 0, 0, 52, 0, 0, 4, 50, 0, 0, : 1, 4, 5, 2, 3, 1, 4, 4, 1, 52, 52, 4, 50, 
167: 0, 0, 0, 4, 0, 1, 0, 0, 0, 0, 0, 2, 0, 5, 0, 3, 0, 2, 4, 4, 5, 6, 53, 0, 0, 0, 0, 0, 0, 0, 0, 1, 0, 0, 0, 4, 1, 0, 0, 0, : 4, 1, 2, 5, 3, 2, 4, 4, 5, 6, 53, 1, 4, 1, 
67: 0, 0, 0, 1, 0, 0, 0, 0, 0, 0, 1, 3, 2, 4, 0, 3, 0, 0, 0, 3, 3, 5, 0, 0, 0, 4, 0, 0, 0, 2, 0, 0, 0, 0, 0, 0, 0, 0, 2, 0, : 1, 1, 3, 2, 4, 3, 3, 3, 5, 4, 2, 2, 
180: 0, 3, 51, 4, 0, 0, 0, 0, 0, 0, 3, 5, 0, 4, 51, 3, 0, 0, 0, 1, 4, 2, 5, 0, 1, 51, 0, 1, 0, 0, 0, 0, 0, 0, 0, 2, 0, 0, 0, 0, : 3, 51, 4, 3, 5, 4, 51, 3, 1, 4, 2, 5, 1, 51, 1, 2, 
104: 0, 0, 0, 4, 0, 0, 0, 0, 0, 0, 0, 5, 5, 4, 0, 4, 0, 0, 0, 4, 2, 1, 0, 0, 0, 0, 0, 0, 0, 0, 0, 0, 0, 0, 4, 0, 0, 0, 0, 0, : 4, 5, 5, 4, 4, 4, 2, 1, 4, 
18: 0, 1, 1, 4, 0, 0, 0, 0, 0, 0, 5, 2, 0, 4, 0, 1, 0, 1, 0, 4, 2, 3, 0, 0, 0, 0, 5, 0, 0, 0, 3, 0, 0, 2, 0, 0, 0, 4, 0, 0, : 1, 1, 4, 5, 2, 4, 1, 1, 4, 2, 3, 5, 3, 2, 4, 
183: 0, 0, 0, 1, 0, 50, 0, 0, 0, 0, 0, 5, 0, 5, 0, 5, 0, 0, 0, 5, 2, 2, 0, 0, 0, 0, 0, 0, 0, 0, 3, 1, 0, 0, 0, 3, 0, 2, 1, 0, : 1, 50, 5, 5, 5, 5, 2, 2, 3, 1, 3, 2, 1, 
55: 0, 2, 0, 5, 54, 0, 1, 3, 53, 0, 1, 1, 0, 0, 4, 1, 0, 0, 2, 5, 1, 4, 0, 0, 0, 0, 0, 4, 3, 0, 0, 0, 0, 1, 2, 0, 0, 0, 3, 0, : 2, 5, 54, 1, 3, 53, 1, 1, 4, 1, 2, 5, 1, 4, 4, 3, 1, 2, 3, 
6: 0, 0, 0, 5, 0, 0, 0, 0, 0, 0, 0, 1, 51, 5, 0, 4, 50, 0, 0, 2, 5, 5, 0, 54, 0, 0, 0, 51, 55, 52, 0, 0, 0, 0, 0, 0, 0, 0, 0, 0, : 5, 1, 51, 5, 4, 50, 2, 5, 5, 54, 51, 55, 52, 
105: 0, 0, 0, 3, 0, 0, 0, 0, 0, 0, 0, 3, 0, 2, 0, 4, 4, 0, 3, 4, 1, 3, 0, 0, 0, 0, 0, 0, 0, 0, 0, 0, 53, 0, 0, 0, 0, 0, 1, 2, : 3, 3, 2, 4, 4, 3, 4, 1, 3, 53, 1, 2, 
143: 0, 0, 0, 4, 0, 0, 1, 0, 3, 54, 0, 1, 0, 2, 0, 2, 0, 1, 0, 5, 4, 1, 0, 0, 0, 0, 52, 0, 0, 0, 4, 4, 0, 0, 51, 50, 0, 3, 0, 0, : 4, 1, 3, 54, 1, 2, 2, 1, 5, 4, 1, 52, 4, 4, 51, 50, 3, 
124: 55, 0, 0, 5, 0, 0, 3, 0, 0, 0, 0, 2, 0, 0, 0, 1, 0, 2, 0, 1, 7, 2, 0, 1, 2, 0, 0, 0, 0, 1, 0, 0, 1, 0, 1, 0, 0, 0, 0, 0, : 55, 5, 3, 2, 1, 2, 1, 7, 2, 1, 2, 1, 1, 1, 
129: 0, 0, 3, 1, 0, 0, 50, 0, 0, 0, 50, 1, 0, 1, 0, 4, 0, 0, 0, 5, 2, 5, 0, 1, 1, 0, 3, 0, 1, 0, 0, 51, 0, 5, 0, 0, 0, 0, 1, 2, : 3, 1, 50, 50, 1, 1, 4, 5, 2, 5, 1, 1, 3, 1, 51, 5, 1, 2, 
110: 0, 0, 4, 5, 3, 2, 1, 0, 0, 0, 0, 1, 0, 4, 0, 4, 0, 0, 51, 1, 2, 5, 2, 0, 0, 0, 0, 3, 0, 0, 0, 2, 0, 0, 1, 0, 0, 0, 0, 0, : 4, 5, 3, 2, 1, 1, 4, 4, 51, 1, 2, 5, 2, 3, 2, 1, 
189: 0, 0, 0, 1, 0, 0, 1, 0, 0, 0, 0, 3, 2, 4, 2, 2, 5, 0, 0, 4, 3, 3, 0, 0, 4, 0, 0, 0, 0, 4, 0, 0, 0, 0, 0, 0, 0, 0, 51, 0, : 1, 1, 3, 2, 4, 2, 2, 5, 4, 3, 3, 4, 4, 51, 
3: 0, 0, 0, 1, 0, 0, 0, 0, 0, 3, 0, 4, 0, 2, 0, 2, 0, 50, 0, 4, 3, 1, 0, 0, 0, 0, 0, 0, 0, 0, 50, 1, 0, 0, 0, 0, 0, 0, 0, 0, : 1, 3, 4, 2, 2, 50, 4, 3, 1, 50, 1, 


82: 0, 0, 0, 0, 0, 0, 0, 0, 0, 0, 0, 0, 5, 1, 0, 3, 0, 0, 0, 4, 0, 55, 0, 0, 3, 4, 2, 0, 5, 4, 0, 0, 0, 0, 0, 0, 1, 4, 1, 0, : 5, 1, 3, 4, 55, 3, 4, 2, 5, 4, 1, 4, 1, 
48: 0, 0, 0, 1, 4, 0, 51, 0, 2, 0, 0, 0, 4, 0, 0, 5, 0, 0, 0, 1, 2, 0, 0, 0, 2, 5, 0, 0, 3, 4, 0, 0, 0, 0, 0, 0, 0, 0, 4, 0, : 1, 4, 51, 2, 4, 5, 1, 2, 2, 5, 3, 4, 4, 
128: 0, 0, 0, 0, 0, 0, 4, 0, 0, 0, 0, 0, 5, 0, 1, 1, 0, 0, 0, 3, 0, 0, 0, 0, 3, 5, 0, 1, 3, 2, 0, 0, 0, 1, 0, 0, 0, 0, 4, 0, : 4, 5, 1, 1, 3, 3, 5, 1, 3, 2, 1, 4, 
178: 0, 4, 1, 0, 0, 0, 0, 0, 0, 0, 0, 0, 4, 0, 0, 5, 0, 2, 0, 2, 3, 0, 0, 0, 5, 1, 0, 1, 3, 5, 0, 3, 0, 1, 0, 0, 0, 0, 3, 0, : 4, 1, 4, 5, 2, 2, 3, 5, 1, 1, 3, 5, 3, 1, 3, 
177: 0, 0, 0, 4, 1, 50, 0, 1, 51, 0, 0, 0, 1, 4, 3, 3, 0, 0, 2, 3, 0, 0, 0, 1, 2, 4, 0, 0, 3, 2, 0, 5, 0, 0, 0, 0, 0, 0, 3, 0, : 4, 1, 50, 1, 51, 1, 4, 3, 3, 2, 3, 1, 2, 4, 3, 2, 5, 3, 
118: 0, 0, 0, 0, 0, 4, 0, 0, 0, 0, 3, 0, 3, 0, 0, 4, 1, 0, 0, 4, 1, 0, 0, 0, 5, 1, 0, 0, 4, 0, 1, 0, 0, 0, 0, 0, 0, 3, 4, 0, : 4, 3, 3, 4, 1, 4, 1, 5, 1, 4, 1, 3, 4, 
96: 0, 0, 0, 52, 2, 0, 0, 0, 0, 2, 50, 0, 3, 0, 0, 5, 0, 0, 0, 2, 0, 0, 0, 0, 2, 3, 51, 4, 5, 2, 55, 0, 0, 0, 0, 0, 0, 2, 2, 2, : 52, 2, 2, 50, 3, 5, 2, 2, 3, 51, 4, 5, 2, 55, 2, 2, 2, 
54: 0, 0, 0, 0, 0, 1, 0, 0, 3, 0, 0, 0, 2, 0, 0, 1, 0, 0, 0, 1, 51, 0, 0, 0, 1, 4, 0, 0, 5, 2, 0, 0, 0, 1, 53, 0, 0, 0, 2, 4, : 1, 3, 2, 1, 1, 51, 1, 4, 5, 2, 1, 53, 2, 4, 
113: 4, 0, 0, 0, 0, 0, 0, 50, 0, 0, 0, 54, 1, 0, 5, 3, 0, 0, 0, 3, 0, 3, 0, 2, 4, 1, 0, 0, 1, 5, 0, 0, 53, 0, 0, 0, 2, 0, 4, 50, : 4, 50, 54, 1, 5, 3, 3, 3, 2, 4, 1, 1, 5, 53, 2, 4, 50, 
41: 0, 0, 0, 0, 0, 0, 0, 0, 0, 0, 0, 0, 2, 0, 0, 4, 0, 0, 0, 4, 0, 0, 0, 54, 2, 4, 5, 0, 2, 5, 0, 0, 2, 0, 0, 50, 1, 0, 2, 0, : 2, 4, 4, 54, 2, 4, 5, 2, 5, 2, 50, 1, 2, 
27: 1, 1, 51, 0, 0, 0, 0, 0, 0, 54, 0, 2, 2, 4, 0, 2, 54, 0, 53, 5, 0, 0, 0, 0, 5, 2, 0, 0, 1, 1, 0, 0, 0, 0, 0, 0, 0, 0, 4, 0, : 1, 1, 51, 54, 2, 2, 4, 2, 54, 53, 5, 5, 2, 1, 1, 4, 
193: 0, 50, 0, 0, 0, 0, 0, 3, 1, 0, 0, 0, 1, 1, 0, 4, 2, 0, 5, 5, 0, 0, 0, 2, 4, 8, 0, 0, 1, 5, 0, 0, 0, 0, 2, 0, 0, 50, 1, 0, : 50, 3, 1, 1, 1, 4, 2, 5, 5, 2, 4, 8, 1, 5, 2, 50, 1, 
116: 0, 0, 0, 0, 0, 0, 0, 0, 0, 0, 0, 0, 1, 0, 0, 4, 1, 0, 0, 1, 2, 0, 5, 0, 4, 3, 1, 0, 4, 3, 0, 0, 0, 0, 0, 0, 0, 0, 2, 4, : 1, 4, 1, 1, 2, 5, 4, 3, 1, 4, 3, 2, 4, 
100: 1, 0, 0, 2, 0, 0, 5, 0, 0, 4, 4, 0, 3, 0, 0, 3, 0, 2, 0, 5, 0, 0, 0, 0, 2, 3, 0, 0, 2, 4, 0, 2, 5, 0, 0, 0, 0, 1, 4, 0, : 1, 2, 5, 4, 4, 3, 3, 2, 5, 2, 3, 2, 4, 2, 5, 1, 4, 
75: 0, 4, 0, 0, 0, 0, 0, 1, 0, 0, 3, 0, 5, 0, 0, 3, 0, 1, 0, 4, 0, 1, 0, 0, 2, 1, 0, 0, 4, 1, 0, 0, 0, 1, 4, 5, 4, 0, 4, 0, : 4, 1, 3, 5, 3, 1, 4, 1, 2, 1, 4, 1, 1, 4, 5, 4, 4, 
166: 50, 0, 0, 0, 0, 0, 0, 3, 0, 0, 0, 0, 8, 0, 0, 1, 0, 0, 0, 5, 0, 0, 0, 1, 1, 2, 0, 0, 2, 1, 0, 0, 0, 3, 1, 0, 0, 0, 5, 0, : 50, 3, 8, 1, 5, 1, 1, 2, 2, 1, 3, 1, 5, 
57: 0, 0, 3, 0, 0, 0, 0, 2, 3, 0, 0, 0, 5, 0, 0, 3, 0, 54, 0, 2, 0, 0, 0, 0, 4, 3, 1, 53, 2, 2, 4, 0, 0, 0, 0, 0, 52, 0, 2, 0, : 3, 2, 3, 5, 3, 54, 2, 4, 3, 1, 53, 2, 2, 4, 52, 2, 
103: 0, 0, 0, 0, 0, 0, 0, 0, 0, 0, 0, 0, 2, 0, 0, 1, 2, 0, 0, 4, 0, 1, 0, 0, 3, 1, 0, 0, 1, 4, 0, 50, 0, 0, 0, 5, 0, 0, 4, 0, : 2, 1, 2, 4, 1, 3, 1, 1, 4, 50, 5, 4, 
66: 0, 1, 3, 0, 53, 5, 0, 0, 0, 0, 0, 0, 1, 50, 51, 1, 0, 0, 0, 1, 1, 0, 0, 0, 5, 2, 0, 0, 5, 4, 0, 0, 0, 0, 0, 0, 0, 0, 1, 0, : 1, 3, 53, 5, 1, 50, 51, 1, 1, 1, 5, 2, 5, 4, 1, 
191: 4, 0, 2, 1, 0, 0, 0, 0, 0, 0, 0, 4, 2, 0, 0, 4, 0, 1, 0, 1, 0, 0, 55, 0, 1, 3, 0, 1, 4, 4, 0, 0, 0, 53, 0, 0, 0, 0, 4, 0, : 4, 2, 1, 4, 2, 4, 1, 1, 55, 1, 3, 1, 4, 4, 53, 4, 


61: 0, 4, 0, 0, 1, 0, 5, 0, 1, 1, 4, 0, 0, 1, 0, 3, 2, 0, 4, 51, 5, 1, 0, 4, 0, 0, 3, 1, 0, 0, 0, 0, 2, 52, 0, 1, 0, 0, 0, 2, : 4, 1, 5, 1, 1, 4, 1, 3, 2, 4, 51, 5, 1, 4, 3, 1, 2, 52, 1, 2, 
49: 4, 4, 0, 0, 1, 0, 0, 0, 5, 3, 3, 0, 52, 0, 1, 2, 4, 0, 1, 0, 4, 0, 0, 0, 0, 0, 4, 2, 0, 0, 0, 0, 5, 0, 0, 0, 0, 0, 0, 50, : 4, 4, 1, 5, 3, 3, 52, 1, 2, 4, 1, 4, 4, 2, 5, 50, 
14: 0, 5, 51, 0, 3, 0, 1, 0, 4, 2, 6, 52, 0, 0, 0, 2, 5, 0, 4, 0, 5, 0, 0, 0, 0, 0, 4, 4, 0, 0, 0, 0, 1, 0, 0, 0, 50, 0, 0, 0, : 5, 51, 3, 1, 4, 2, 6, 52, 2, 5, 4, 5, 4, 4, 1, 50, 
76: 0, 4, 0, 0, 2, 0, 0, 1, 4, 5, 1, 0, 4, 0, 0, 2, 4, 3, 2, 0, 5, 0, 0, 0, 0, 0, 4, 2, 0, 2, 3, 0, 5, 0, 0, 0, 0, 0, 0, 0, : 4, 2, 1, 4, 5, 1, 4, 2, 4, 3, 2, 5, 4, 2, 2, 3, 5, 
198: 1, 5, 0, 0, 4, 0, 0, 3, 5, 3, 7, 0, 0, 0, 0, 1, 5, 0, 3, 0, 1, 1, 0, 0, 0, 0, 3, 2, 0, 0, 0, 0, 8, 0, 0, 0, 0, 0, 0, 5, : 1, 5, 4, 3, 5, 3, 7, 1, 5, 3, 1, 1, 3, 2, 8, 5, 
119: 0, 3, 0, 0, 5, 54, 0, 0, 3, 3, 4, 0, 0, 0, 0, 5, 4, 50, 2, 0, 3, 0, 0, 0, 0, 0, 2, 5, 0, 3, 0, 4, 2, 0, 0, 4, 0, 0, 0, 0, : 3, 5, 54, 3, 3, 4, 5, 4, 50, 2, 3, 2, 5, 3, 4, 2, 4, 
153: 50, 4, 0, 0, 1, 1, 0, 0, 1, 3, 2, 1, 1, 0, 0, 4, 1, 0, 5, 0, 1, 0, 0, 52, 2, 1, 4, 2, 0, 0, 0, 0, 4, 2, 0, 0, 0, 0, 0, 0, : 50, 4, 1, 1, 1, 3, 2, 1, 1, 4, 1, 5, 1, 52, 2, 1, 4, 2, 4, 2, 
162: 0, 5, 0, 0, 1, 5, 0, 0, 4, 4, 1, 2, 1, 0, 0, 2, 1, 1, 3, 1, 2, 54, 0, 0, 0, 0, 3, 2, 4, 0, 0, 1, 6, 0, 0, 1, 0, 55, 4, 0, : 5, 1, 5, 4, 4, 1, 2, 1, 2, 1, 1, 3, 1, 2, 54, 3, 2, 4, 1, 6, 1, 55, 4, 
148: 0, 0, 3, 0, 4, 0, 0, 0, 5, 4, 2, 0, 0, 0, 1, 4, 5, 1, 9, 0, 4, 0, 1, 0, 0, 2, 4, 4, 0, 0, 53, 0, 2, 2, 0, 0, 5, 0, 0, 0, : 3, 4, 5, 4, 2, 1, 4, 5, 1, 9, 4, 1, 2, 4, 4, 53, 2, 2, 5, 
44: 0, 2, 0, 4, 5, 0, 1, 4, 2, 4, 4, 0, 0, 0, 53, 3, 2, 0, 1, 3, 4, 0, 1, 0, 0, 0, 1, 4, 0, 0, 4, 0, 2, 2, 5, 0, 0, 0, 0, 0, : 2, 4, 5, 1, 4, 2, 4, 4, 53, 3, 2, 1, 3, 4, 1, 1, 4, 4, 2, 2, 5, 
109: 0, 4, 0, 2, 2, 0, 0, 0, 2, 4, 3, 5, 0, 0, 0, 5, 3, 5, 1, 0, 1, 2, 0, 0, 0, 0, 3, 1, 0, 0, 0, 0, 4, 0, 0, 50, 0, 0, 0, 0, : 4, 2, 2, 2, 4, 3, 5, 5, 3, 5, 1, 1, 2, 3, 1, 4, 50, 
161: 0, 4, 0, 50, 5, 0, 0, 51, 2, 1, 2, 0, 0, 0, 1, 1, 1, 0, 1, 0, 1, 0, 0, 4, 0, 0, 5, 4, 0, 1, 0, 1, 1, 0, 0, 1, 0, 0, 0, 2, : 4, 50, 5, 51, 2, 1, 2, 1, 1, 1, 1, 1, 4, 5, 4, 1, 1, 1, 1, 2, 
134: 0, 3, 0, 0, 1, 0, 0, 0, 5, 3, 1, 0, 2, 0, 4, 2, 3, 0, 5, 0, 0, 0, 1, 0, 53, 0, 5, 3, 0, 0, 0, 0, 1, 0, 0, 0, 0, 0, 0, 0, : 3, 1, 5, 3, 1, 2, 4, 2, 3, 5, 1, 53, 5, 3, 1, 
70: 0, 1, 0, 0, 3, 0, 0, 0, 3, 4, 3, 0, 0, 0, 0, 5, 3, 0, 2, 0, 4, 2, 0, 0, 0, 53, 4, 7, 0, 0, 0, 0, 4, 0, 0, 2, 5, 0, 0, 0, : 1, 3, 3, 4, 3, 5, 3, 2, 4, 2, 53, 4, 7, 4, 2, 5, 
59: 4, 1, 1, 2, 5, 0, 51, 0, 4, 3, 3, 0, 0, 0, 0, 5, 4, 0, 2, 5, 1, 0, 52, 0, 0, 0, 5, 3, 4, 54, 0, 0, 2, 0, 53, 0, 0, 0, 1, 0, : 4, 1, 1, 2, 5, 51, 4, 3, 3, 5, 4, 2, 5, 1, 52, 5, 3, 4, 54, 2, 53, 1, 
52: 1, 0, 0, 0, 2, 0, 0, 0, 2, 1, 3, 0, 0, 0, 0, 2, 4, 0, 3, 0, 3, 0, 5, 0, 0, 0, 1, 4, 52, 0, 0, 0, 3, 0, 0, 1, 0, 5, 0, 0, : 1, 2, 2, 1, 3, 2, 4, 3, 3, 5, 1, 4, 52, 3, 1, 5, 
88: 0, 2, 0, 0, 5, 0, 0, 1, 2, 4, 4, 0, 0, 0, 0, 5, 1, 0, 5, 0, 5, 0, 0, 0, 5, 0, 1, 3, 0, 0, 0, 54, 2, 2, 0, 0, 0, 0, 0, 1, : 2, 5, 1, 2, 4, 4, 5, 1, 5, 5, 5, 1, 3, 54, 2, 2, 1, 
33: 0, 0, 0, 0, 3, 0, 2, 0, 1, 4, 3, 0, 0, 0, 0, 0, 5, 0, 1, 0, 5, 0, 0, 0, 0, 0, 1, 1, 0, 0, 0, 0, 2, 0, 1, 0, 0, 0, 1, 0, : 3, 2, 1, 4, 3, 5, 1, 5, 1, 1, 2, 1, 1, 
11: 0, 4, 5, 0, 5, 0, 0, 0, 4, 3, 1, 0, 0, 5, 0, 4, 1, 0, 4, 0, 2, 0, 0, 0, 0, 0, 2, 4, 0, 0, 0, 0, 1, 0, 0, 0, 0, 0, 0, 0, : 4, 5, 5, 4, 3, 1, 5, 4, 1, 4, 2, 2, 4, 1, 
22: 0, 5, 0, 2, 2, 0, 0, 0, 1, 1, 3, 0, 0, 54, 0, 3, 2, 0, 2, 0, 4, 0, 0, 0, 0, 4, 1, 2, 0, 0, 0, 0, 3, 0, 1, 0, 0, 0, 54, 0, : 5, 2, 2, 1, 1, 3, 54, 3, 2, 2, 4, 4, 1, 2, 3, 1, 54, 


