
20
100
60
5

57: 0, 0, 5, 4, 0, 3, 2, 54, 0, 2, 0, 0, 0, 5, 0, 5, 0, 0, 0, 3, : 5, 4, 3, 2, 54, 2, 5, 5, 3, 
96: 0, 0, 0, 0, 3, 0, 1, 1, 0, 0, 0, 50, 0, 3, 0, 3, 0, 0, 0, 0, : 3, 1, 1, 50, 3, 3, 
76: 2, 0, 0, 0, 50, 0, 1, 0, 0, 5, 0, 1, 0, 4, 0, 1, 0, 3, 2, 2, : 2, 50, 1, 5, 1, 4, 1, 3, 2, 2, 
75: 0, 0, 1, 0, 0, 0, 5, 0, 0, 0, 0, 0, 0, 3, 0, 4, 0, 1, 4, 0, : 1, 5, 3, 4, 1, 4, 
46: 3, 0, 0, 0, 4, 0, 0, 0, 4, 52, 0, 0, 0, 1, 0, 3, 4, 1, 0, 0, : 3, 4, 4, 52, 1, 3, 4, 1, 
89: 0, 1, 0, 0, 0, 0, 4, 1, 2, 0, 0, 0, 0, 3, 54, 1, 0, 0, 0, 0, : 1, 4, 1, 2, 3, 54, 1, 
5: 1, 0, 0, 0, 0, 0, 4, 0, 0, 0, 0, 0, 0, 4, 0, 2, 0, 0, 0, 0, : 1, 4, 4, 2, 
63: 1, 0, 0, 0, 0, 0, 0, 0, 0, 0, 1, 0, 0, 5, 1, 4, 0, 0, 0, 52, : 1, 1, 5, 1, 4, 52, 
93: 0, 3, 0, 0, 0, 0, 1, 0, 0, 0, 52, 0, 54, 4, 0, 4, 0, 1, 50, 0, : 3, 1, 52, 54, 4, 4, 1, 50, 
68: 0, 0, 0, 1, 0, 0, 4, 0, 0, 0, 0, 0, 0, 2, 5, 5, 0, 0, 0, 0, : 1, 4, 2, 5, 5, 
4: 0, 0, 0, 0, 0, 3, 2, 2, 0, 0, 0, 5, 0, 5, 0, 2, 0, 0, 0, 0, : 3, 2, 2, 5, 5, 2, 
77: 0, 0, 0, 52, 2, 0, 5, 0, 0, 0, 0, 0, 0, 1, 0, 1, 0, 4, 0, 0, : 52, 2, 5, 1, 1, 4, 
86: 53, 4, 0, 3, 0, 0, 5, 0, 0, 0, 0, 4, 0, 1, 0, 3, 54, 0, 0, 0, : 53, 4, 3, 5, 4, 1, 3, 54, 
32: 0, 0, 0, 0, 0, 4, 4, 0, 0, 0, 0, 0, 0, 2, 0, 2, 0, 0, 0, 0, : 4, 4, 2, 2, 
37: 0, 0, 52, 0, 0, 50, 3, 0, 0, 0, 0, 0, 0, 1, 0, 1, 0, 0, 4, 0, : 52, 50, 3, 1, 1, 4, 
78: 0, 0, 0, 0, 0, 0, 4, 0, 0, 0, 3, 0, 0, 5, 0, 5, 0, 0, 0, 0, : 4, 3, 5, 5, 
12: 0, 52, 0, 0, 0, 0, 5, 0, 0, 0, 0, 0, 2, 3, 0, 3, 0, 50, 0, 0, : 52, 5, 2, 3, 3, 50, 
1: 0, 0, 0, 0, 1, 0, 3, 0, 2, 0, 0, 0, 0, 3, 0, 2, 2, 0, 0, 0, : 1, 3, 2, 3, 2, 2, 
51: 0, 0, 2, 0, 0, 0, 5, 2, 52, 0, 0, 0, 1, 1, 0, 4, 0, 0, 0, 3, : 2, 5, 2, 52, 1, 1, 4, 3, 
7: 0, 0, 0, 0, 0, 0, 2, 0, 0, 1, 4, 0, 3, 4, 0, 5, 0, 0, 0, 0, : 2, 1, 4, 3, 4, 5, 


87: 0, 4, 0, 51, 2, 0, 0, 0, 0, 0, 2, 0, 0, 0, 0, 0, 2, 0, 0, 0, : 4, 51, 2, 2, 2, 
26: 2, 4, 1, 5, 2, 0, 0, 1, 0, 5, 5, 0, 1, 0, 0, 0, 3, 0, 0, 54, : 2, 4, 1, 5, 2, 1, 5, 5, 1, 3, 54, 
90: 0, 2, 0, 0, 5, 0, 0, 53, 0, 1, 2, 0, 0, 0, 0, 0, 1, 0, 0, 0, : 2, 5, 53, 1, 2, 1, 
28: 0, 0, 4, 0, 5, 0, 0, 0, 0, 2, 3, 2, 0, 0, 0, 0, 1, 0, 1, 0, : 4, 5, 2, 3, 2, 1, 1, 
20: 0, 3, 0, 0, 4, 2, 0, 0, 0, 0, 1, 0, 0, 0, 0, 4, 5, 0, 55, 0, : 3, 4, 2, 1, 4, 5, 55, 
91: 54, 3, 0, 1, 3, 0, 0, 0, 1, 0, 3, 0, 0, 0, 1, 1, 1, 0, 0, 1, : 54, 3, 1, 3, 1, 3, 1, 1, 1, 1, 
16: 0, 3, 0, 0, 4, 0, 0, 0, 0, 0, 2, 0, 0, 0, 0, 0, 1, 0, 0, 0, : 3, 4, 2, 1, 
55: 0, 4, 0, 1, 1, 0, 0, 0, 55, 0, 3, 0, 2, 0, 0, 4, 5, 0, 1, 0, : 4, 1, 1, 55, 3, 2, 4, 5, 1, 
10: 4, 3, 0, 0, 4, 0, 3, 0, 1, 0, 5, 0, 0, 55, 0, 0, 1, 55, 0, 0, : 4, 3, 4, 3, 1, 5, 55, 1, 55, 
25: 0, 3, 51, 0, 2, 5, 0, 4, 0, 0, 2, 1, 0, 0, 4, 0, 3, 0, 0, 0, : 3, 51, 2, 5, 4, 2, 1, 4, 3, 
84: 0, 4, 0, 0, 2, 0, 0, 0, 0, 0, 2, 54, 0, 0, 0, 0, 4, 1, 0, 0, : 4, 2, 2, 54, 4, 1, 
6: 0, 3, 0, 0, 2, 0, 1, 0, 0, 0, 1, 0, 0, 0, 0, 0, 1, 0, 0, 0, : 3, 2, 1, 1, 1, 
22: 0, 3, 0, 0, 5, 0, 0, 0, 3, 0, 4, 0, 0, 0, 0, 0, 5, 0, 3, 0, : 3, 5, 3, 4, 5, 3, 
9: 0, 4, 1, 0, 1, 0, 2, 2, 0, 0, 5, 3, 0, 5, 0, 0, 2, 1, 0, 5, : 4, 1, 1, 2, 2, 5, 3, 5, 2, 1, 5, 
43: 0, 2, 0, 0, 5, 2, 0, 0, 0, 50, 2, 0, 4, 0, 0, 0, 3, 0, 0, 0, : 2, 5, 2, 50, 2, 4, 3, 
41: 0, 3, 0, 0, 3, 51, 3, 0, 0, 0, 1, 0, 0, 0, 54, 0, 3, 0, 0, 0, : 3, 3, 51, 3, 1, 54, 3, 
14: 0, 1, 0, 0, 5, 0, 0, 0, 0, 1, 5, 0, 0, 0, 0, 0, 2, 0, 0, 0, : 1, 5, 1, 5, 2, 
100: 0, 5, 0, 2, 2, 0, 0, 0, 0, 0, 2, 0, 0, 0, 0, 0, 5, 3, 0, 0, : 5, 2, 2, 2, 5, 3, 
2: 0, 5, 2, 0, 1, 0, 0, 0, 0, 1, 5, 0, 0, 0, 1, 51, 7, 0, 0, 0, : 5, 2, 1, 1, 5, 1, 51, 7, 
38: 0, 1, 1, 0, 2, 0, 51, 0, 0, 0, 5, 0, 53, 0, 0, 0, 5, 0, 0, 0, : 1, 1, 2, 51, 5, 53, 5, 


49: 0, 0, 0, 0, 0, 1, 51, 0, 0, 0, 0, 0, 0, 0, 5, 4, 0, 0, 4, 2, : 1, 51, 5, 4, 4, 2, 
83: 0, 3, 0, 0, 0, 0, 0, 0, 0, 1, 0, 0, 0, 0, 0, 4, 0, 0, 1, 1, : 3, 1, 4, 1, 1, 
60: 0, 1, 0, 0, 0, 0, 0, 0, 0, 0, 2, 0, 2, 0, 0, 3, 0, 3, 3, 0, : 1, 2, 2, 3, 3, 3, 
19: 0, 2, 0, 0, 1, 55, 0, 0, 53, 0, 0, 0, 0, 53, 0, 4, 0, 0, 1, 1, : 2, 1, 55, 53, 53, 4, 1, 1, 
92: 0, 4, 0, 3, 0, 0, 0, 4, 0, 0, 0, 0, 0, 1, 0, 4, 0, 0, 5, 0, : 4, 3, 4, 1, 4, 5, 
36: 0, 4, 0, 0, 2, 0, 3, 3, 0, 0, 0, 0, 0, 0, 0, 2, 0, 0, 1, 0, : 4, 2, 3, 3, 2, 1, 
15: 0, 5, 0, 0, 50, 0, 0, 3, 3, 0, 1, 0, 0, 0, 0, 2, 3, 0, 4, 0, : 5, 50, 3, 3, 1, 2, 3, 4, 
45: 0, 4, 0, 0, 0, 0, 0, 0, 0, 0, 2, 52, 0, 0, 0, 5, 0, 0, 3, 0, : 4, 2, 52, 5, 3, 
48: 0, 4, 0, 0, 1, 0, 1, 0, 0, 1, 55, 0, 0, 4, 0, 3, 1, 53, 3, 0, : 4, 1, 1, 1, 55, 4, 3, 1, 53, 3, 
88: 52, 4, 0, 0, 0, 0, 0, 0, 3, 4, 0, 0, 0, 0, 0, 3, 54, 0, 1, 0, : 52, 4, 3, 4, 3, 54, 1, 
3: 0, 4, 2, 52, 0, 1, 0, 0, 0, 0, 0, 3, 0, 0, 50, 3, 0, 0, 2, 0, : 4, 2, 52, 1, 3, 50, 3, 2, 
81: 0, 1, 55, 0, 0, 3, 0, 0, 0, 0, 0, 0, 0, 0, 0, 1, 0, 0, 5, 0, : 1, 55, 3, 1, 5, 
65: 0, 4, 0, 0, 0, 0, 0, 50, 0, 0, 0, 0, 1, 0, 0, 2, 0, 0, 5, 0, : 4, 50, 1, 2, 5, 
8: 0, 2, 0, 1, 0, 0, 4, 0, 0, 0, 0, 0, 0, 0, 0, 3, 1, 0, 1, 0, : 2, 1, 4, 3, 1, 1, 
11: 1, 2, 0, 0, 0, 0, 0, 0, 0, 0, 0, 0, 54, 0, 0, 4, 0, 0, 3, 0, : 1, 2, 54, 4, 3, 
74: 1, 3, 0, 0, 0, 0, 0, 0, 0, 0, 0, 0, 0, 2, 0, 2, 0, 1, 3, 0, : 1, 3, 2, 2, 1, 3, 
13: 4, 2, 2, 4, 2, 0, 0, 0, 1, 3, 0, 0, 0, 0, 0, 2, 1, 0, 4, 51, : 4, 2, 2, 4, 2, 1, 3, 2, 1, 4, 51, 
79: 1, 4, 0, 0, 0, 0, 0, 0, 0, 51, 0, 5, 0, 0, 0, 5, 0, 0, 1, 0, : 1, 4, 51, 5, 5, 1, 
17: 0, 4, 0, 0, 3, 0, 1, 0, 0, 0, 0, 0, 3, 0, 0, 0, 0, 0, 5, 0, : 4, 3, 1, 3, 5, 
52: 1, 3, 1, 0, 1, 0, 0, 0, 0, 0, 0, 0, 0, 0, 5, 4, 0, 3, 5, 5, : 1, 3, 1, 1, 5, 4, 3, 5, 5, 


39: 0, 4, 0, 0, 2, 0, 1, 3, 0, 0, 0, 3, 0, 0, 52, 4, 0, 0, 0, 1, : 4, 2, 1, 3, 3, 52, 4, 1, 
71: 1, 4, 0, 0, 1, 0, 0, 3, 0, 0, 0, 0, 0, 0, 0, 0, 0, 0, 3, 0, : 1, 4, 1, 3, 3, 
82: 0, 5, 1, 1, 3, 1, 0, 4, 0, 0, 0, 2, 0, 0, 0, 2, 0, 0, 0, 0, : 5, 1, 1, 3, 1, 4, 2, 2, 
47: 0, 1, 0, 0, 1, 0, 0, 4, 0, 0, 5, 1, 0, 1, 0, 2, 0, 0, 0, 0, : 1, 1, 4, 5, 1, 1, 2, 
21: 0, 2, 3, 0, 1, 52, 0, 5, 0, 0, 0, 0, 0, 0, 0, 0, 52, 0, 0, 0, : 2, 3, 1, 52, 5, 52, 
40: 0, 5, 0, 0, 1, 0, 0, 1, 0, 0, 1, 0, 0, 0, 2, 0, 2, 0, 0, 0, : 5, 1, 1, 1, 2, 2, 
69: 0, 4, 2, 0, 5, 0, 0, 3, 0, 4, 1, 0, 1, 0, 0, 0, 0, 0, 53, 0, : 4, 2, 5, 3, 4, 1, 1, 53, 
24: 0, 4, 0, 0, 3, 0, 0, 5, 0, 0, 0, 51, 0, 0, 0, 0, 2, 0, 0, 0, : 4, 3, 5, 51, 2, 
27: 52, 3, 0, 0, 2, 0, 0, 2, 0, 0, 0, 0, 0, 5, 0, 0, 0, 0, 0, 0, : 52, 3, 2, 2, 5, 
94: 0, 0, 0, 0, 8, 0, 0, 5, 5, 0, 53, 0, 0, 0, 0, 0, 3, 3, 0, 1, : 8, 5, 5, 53, 3, 3, 1, 
97: 0, 3, 0, 0, 1, 1, 0, 4, 0, 5, 0, 0, 2, 0, 2, 0, 0, 0, 1, 54, : 3, 1, 1, 4, 5, 2, 2, 1, 54, 
85: 5, 3, 0, 5, 5, 0, 0, 5, 0, 0, 0, 0, 55, 0, 0, 0, 0, 1, 0, 4, : 5, 3, 5, 5, 5, 55, 1, 4, 
29: 0, 3, 50, 0, 3, 0, 0, 0, 0, 0, 0, 3, 0, 0, 0, 0, 0, 0, 0, 0, : 3, 50, 3, 3, 
44: 0, 3, 2, 0, 2, 0, 4, 5, 0, 0, 0, 0, 0, 0, 0, 0, 0, 0, 0, 0, : 3, 2, 2, 4, 5, 
61: 1, 2, 0, 0, 4, 0, 0, 0, 51, 0, 0, 0, 2, 0, 0, 0, 0, 0, 3, 0, : 1, 2, 4, 51, 2, 3, 
67: 0, 3, 0, 0, 1, 1, 0, 0, 0, 0, 0, 0, 0, 0, 0, 0, 0, 0, 0, 0, : 3, 1, 1, 
50: 1, 1, 2, 0, 3, 0, 3, 4, 0, 0, 0, 0, 0, 0, 0, 52, 1, 55, 0, 0, : 1, 1, 2, 3, 3, 4, 52, 1, 55, 
33: 0, 5, 0, 54, 5, 1, 0, 4, 2, 0, 0, 0, 0, 0, 4, 0, 0, 0, 0, 0, : 5, 54, 5, 1, 4, 2, 4, 
54: 0, 3, 0, 0, 4, 0, 51, 0, 2, 51, 0, 0, 0, 2, 0, 0, 0, 0, 0, 0, : 3, 4, 51, 2, 51, 2, 
30: 0, 2, 0, 0, 5, 4, 1, 3, 0, 0, 0, 0, 0, 52, 0, 0, 0, 1, 0, 0, : 2, 5, 4, 1, 3, 52, 1, 


70: 0, 4, 4, 2, 0, 0, 0, 0, 0, 0, 0, 0, 3, 1, 3, 0, 5, 0, 0, 0, : 4, 4, 2, 3, 1, 3, 5, 
62: 0, 3, 0, 0, 0, 0, 0, 0, 1, 0, 0, 0, 1, 0, 4, 1, 3, 0, 0, 0, : 3, 1, 1, 4, 1, 3, 
23: 51, 3, 2, 0, 5, 55, 0, 0, 0, 0, 0, 0, 4, 0, 2, 2, 2, 0, 0, 0, : 51, 3, 2, 5, 55, 4, 2, 2, 2, 
59: 0, 2, 4, 0, 0, 0, 0, 0, 1, 0, 0, 0, 2, 0, 3, 0, 4, 0, 4, 5, : 2, 4, 1, 2, 3, 4, 4, 5, 
56: 0, 3, 3, 0, 0, 0, 0, 0, 0, 4, 0, 0, 1, 0, 4, 0, 4, 0, 0, 0, : 3, 3, 4, 1, 4, 4, 
58: 2, 0, 2, 0, 0, 3, 0, 0, 0, 0, 0, 0, 1, 0, 3, 0, 4, 0, 0, 0, : 2, 2, 3, 1, 3, 4, 
35: 0, 5, 2, 3, 0, 0, 0, 2, 0, 0, 0, 0, 5, 0, 1, 0, 4, 0, 0, 0, : 5, 2, 3, 2, 5, 1, 4, 
34: 0, 0, 4, 0, 0, 0, 54, 0, 0, 0, 0, 2, 4, 55, 5, 0, 2, 0, 0, 0, : 4, 54, 2, 4, 55, 5, 2, 
18: 0, 3, 3, 0, 52, 0, 0, 4, 0, 0, 0, 0, 5, 0, 3, 0, 2, 0, 0, 0, : 3, 3, 52, 4, 5, 3, 2, 
64: 0, 4, 3, 0, 0, 0, 0, 0, 0, 0, 0, 0, 2, 0, 4, 0, 4, 4, 0, 0, : 4, 3, 2, 4, 4, 4, 
31: 1, 4, 5, 0, 0, 0, 0, 3, 0, 54, 0, 0, 4, 0, 3, 0, 5, 0, 0, 0, : 1, 4, 5, 3, 54, 4, 3, 5, 
66: 1, 2, 5, 0, 0, 0, 0, 0, 3, 0, 2, 2, 4, 0, 5, 3, 3, 1, 0, 0, : 1, 2, 5, 3, 2, 2, 4, 5, 3, 3, 1, 
98: 0, 3, 5, 0, 3, 0, 0, 1, 1, 0, 1, 50, 1, 1, 3, 0, 4, 0, 0, 0, : 3, 5, 3, 1, 1, 1, 50, 1, 1, 3, 4, 
73: 5, 3, 1, 0, 0, 0, 0, 0, 4, 0, 0, 1, 4, 0, 3, 0, 2, 2, 0, 50, : 5, 3, 1, 4, 1, 4, 3, 2, 2, 50, 
72: 0, 5, 5, 0, 0, 0, 0, 0, 0, 2, 0, 0, 3, 0, 4, 2, 2, 1, 0, 5, : 5, 5, 2, 3, 4, 2, 2, 1, 5, 
99: 0, 3, 2, 2, 0, 0, 0, 0, 0, 0, 0, 0, 3, 0, 3, 0, 1, 0, 51, 0, : 3, 2, 2, 3, 3, 1, 51, 
95: 0, 0, 2, 0, 0, 2, 0, 0, 50, 0, 0, 0, 3, 0, 1, 0, 4, 1, 0, 0, : 2, 2, 50, 3, 1, 4, 1, 
80: 0, 5, 3, 53, 0, 0, 4, 0, 0, 0, 5, 0, 1, 0, 1, 0, 2, 0, 0, 0, : 5, 3, 53, 4, 5, 1, 1, 2, 
53: 0, 4, 0, 0, 0, 0, 0, 0, 0, 0, 52, 0, 5, 3, 4, 50, 1, 0, 0, 0, : 4, 52, 5, 3, 4, 50, 1, 
42: 0, 4, 5, 0, 0, 0, 2, 50, 0, 0, 0, 5, 4, 0, 1, 2, 2, 51, 5, 0, : 4, 5, 2, 50, 5, 4, 1, 2, 2, 51, 5, 


