
20
400
60
20

307: 0, 1, 0, 0, 0, 0, 5, 2, 1, 0, 3, 0, 1, 0, 50, 0, 0, 1, 5, 0, : 1, 5, 2, 1, 3, 1, 50, 1, 5, 
390: 0, 0, 0, 4, 0, 0, 1, 1, 0, 50, 2, 54, 4, 0, 2, 0, 3, 0, 4, 0, : 4, 1, 1, 50, 2, 54, 4, 2, 3, 4, 
217: 2, 0, 2, 0, 3, 0, 5, 1, 0, 0, 5, 0, 2, 0, 0, 4, 0, 0, 2, 53, : 2, 2, 3, 5, 1, 5, 2, 4, 2, 53, 
168: 0, 50, 0, 0, 0, 0, 1, 4, 0, 4, 1, 0, 1, 0, 0, 0, 0, 0, 3, 0, : 50, 1, 4, 4, 1, 1, 3, 
193: 0, 0, 0, 0, 4, 0, 3, 4, 2, 0, 4, 0, 5, 0, 0, 0, 51, 0, 3, 0, : 4, 3, 4, 2, 4, 5, 51, 3, 
79: 0, 0, 0, 0, 0, 0, 3, 4, 0, 0, 5, 4, 5, 2, 0, 0, 0, 0, 1, 3, : 3, 4, 5, 4, 5, 2, 1, 3, 
8: 0, 1, 0, 0, 0, 3, 2, 7, 0, 0, 1, 0, 3, 4, 0, 54, 3, 0, 1, 0, : 1, 3, 2, 7, 1, 3, 4, 54, 3, 1, 
341: 0, 0, 0, 0, 0, 0, 3, 1, 0, 2, 1, 0, 2, 0, 0, 0, 0, 0, 3, 0, : 3, 1, 2, 1, 2, 3, 
59: 0, 0, 3, 0, 0, 0, 4, 1, 0, 0, 5, 1, 2, 1, 5, 0, 0, 0, 1, 0, : 3, 4, 1, 5, 1, 2, 1, 5, 1, 
111: 1, 0, 50, 0, 0, 0, 5, 2, 3, 0, 4, 0, 5, 0, 0, 0, 0, 0, 5, 0, : 1, 50, 5, 2, 3, 4, 5, 5, 
185: 0, 0, 0, 0, 0, 2, 1, 1, 0, 0, 1, 0, 2, 51, 0, 0, 0, 0, 2, 0, : 2, 1, 1, 1, 2, 51, 2, 
369: 0, 0, 1, 1, 0, 0, 4, 5, 50, 0, 2, 0, 2, 0, 3, 0, 0, 0, 4, 0, : 1, 1, 4, 5, 50, 2, 2, 3, 4, 
310: 0, 0, 0, 0, 0, 5, 2, 1, 0, 0, 5, 1, 3, 0, 0, 1, 0, 50, 5, 0, : 5, 2, 1, 5, 1, 3, 1, 50, 5, 
143: 0, 0, 0, 0, 0, 0, 2, 1, 0, 0, 1, 0, 2, 0, 0, 0, 0, 0, 3, 2, : 2, 1, 1, 2, 3, 2, 
29: 53, 0, 4, 0, 0, 0, 2, 4, 0, 0, 2, 0, 5, 1, 0, 1, 0, 4, 2, 2, : 53, 4, 2, 4, 2, 5, 1, 1, 4, 2, 2, 
228: 0, 0, 0, 0, 0, 50, 6, 1, 0, 1, 4, 0, 4, 0, 0, 0, 0, 4, 3, 0, : 50, 6, 1, 1, 4, 4, 4, 3, 
191: 0, 3, 0, 50, 53, 0, 3, 5, 0, 0, 5, 0, 0, 0, 0, 0, 2, 1, 2, 0, : 3, 50, 53, 3, 5, 5, 2, 1, 2, 
93: 0, 3, 0, 0, 0, 0, 1, 5, 0, 0, 1, 0, 5, 1, 0, 0, 1, 0, 4, 0, : 3, 1, 5, 1, 5, 1, 1, 4, 
103: 4, 0, 0, 0, 0, 0, 5, 5, 2, 0, 3, 0, 4, 0, 0, 0, 0, 0, 5, 0, : 4, 5, 5, 2, 3, 4, 5, 
315: 0, 2, 0, 5, 0, 0, 2, 5, 2, 3, 5, 0, 3, 0, 0, 0, 0, 0, 2, 0, : 2, 5, 2, 5, 2, 3, 5, 3, 2, 


194: 2, 0, 0, 0, 5, 3, 0, 0, 0, 5, 2, 52, 0, 0, 0, 0, 0, 3, 1, 3, : 2, 5, 3, 5, 2, 52, 3, 1, 3, 
188: 0, 0, 0, 0, 2, 0, 0, 0, 0, 2, 3, 0, 54, 2, 0, 1, 0, 0, 3, 1, : 2, 2, 3, 54, 2, 1, 3, 1, 
294: 0, 52, 0, 5, 5, 0, 3, 0, 0, 1, 2, 3, 0, 0, 1, 0, 0, 0, 2, 1, : 52, 5, 5, 3, 1, 2, 3, 1, 2, 1, 
352: 0, 3, 2, 0, 3, 0, 1, 0, 0, 4, 4, 0, 0, 0, 0, 0, 0, 0, 4, 3, : 3, 2, 3, 1, 4, 4, 4, 3, 
272: 0, 0, 0, 0, 1, 0, 0, 2, 0, 3, 1, 0, 0, 0, 0, 0, 0, 0, 4, 3, : 1, 2, 3, 1, 4, 3, 
280: 2, 0, 0, 0, 0, 0, 0, 0, 0, 2, 4, 0, 0, 0, 0, 0, 0, 0, 1, 2, : 2, 2, 4, 1, 2, 
320: 0, 0, 2, 52, 3, 0, 1, 2, 0, 5, 3, 0, 2, 51, 0, 0, 4, 0, 4, 5, : 2, 52, 3, 1, 2, 5, 3, 2, 51, 4, 4, 5, 
13: 0, 1, 1, 0, 4, 1, 0, 1, 0, 2, 2, 0, 0, 2, 0, 0, 0, 0, 2, 4, : 1, 1, 4, 1, 1, 2, 2, 2, 2, 4, 
75: 54, 0, 3, 0, 2, 0, 0, 0, 55, 3, 1, 0, 0, 0, 0, 51, 0, 0, 2, 3, : 54, 3, 2, 55, 3, 1, 51, 2, 3, 
127: 0, 1, 0, 2, 5, 0, 0, 0, 0, 3, 2, 0, 0, 0, 0, 0, 0, 0, 3, 2, : 1, 2, 5, 3, 2, 3, 2, 
318: 0, 0, 0, 0, 4, 0, 1, 0, 0, 3, 1, 5, 0, 0, 0, 0, 2, 2, 1, 5, : 4, 1, 3, 1, 5, 2, 2, 1, 5, 
195: 0, 0, 0, 0, 2, 0, 0, 0, 0, 1, 7, 0, 1, 0, 55, 0, 0, 0, 4, 4, : 2, 1, 7, 1, 55, 4, 4, 
65: 2, 0, 0, 0, 4, 0, 0, 0, 0, 5, 5, 0, 2, 2, 0, 0, 0, 0, 1, 2, : 2, 4, 5, 5, 2, 2, 1, 2, 
372: 0, 0, 0, 0, 4, 0, 0, 50, 0, 2, 5, 0, 0, 0, 0, 5, 0, 0, 4, 4, : 4, 50, 2, 5, 5, 4, 4, 
134: 0, 0, 0, 0, 0, 0, 0, 5, 0, 5, 4, 0, 0, 0, 4, 0, 51, 1, 3, 2, : 5, 5, 4, 4, 51, 1, 3, 2, 
389: 0, 1, 52, 0, 1, 3, 0, 0, 0, 5, 2, 0, 0, 3, 0, 0, 0, 54, 5, 2, : 1, 52, 1, 3, 5, 2, 3, 54, 5, 2, 
378: 0, 0, 0, 0, 5, 0, 52, 0, 0, 0, 3, 0, 0, 0, 0, 0, 2, 0, 2, 2, : 5, 52, 3, 2, 2, 2, 
171: 0, 2, 0, 1, 5, 0, 2, 0, 0, 1, 1, 0, 0, 0, 0, 3, 1, 0, 3, 4, : 2, 1, 5, 2, 1, 1, 3, 1, 3, 4, 
281: 0, 0, 0, 0, 3, 53, 0, 0, 4, 4, 3, 0, 1, 0, 0, 0, 0, 0, 8, 4, : 3, 53, 4, 4, 3, 1, 8, 4, 
25: 0, 0, 0, 0, 2, 0, 0, 0, 1, 4, 5, 0, 0, 0, 0, 0, 0, 0, 3, 4, : 2, 1, 4, 5, 3, 4, 


136: 0, 0, 0, 0, 3, 0, 0, 4, 0, 0, 1, 0, 0, 1, 0, 0, 2, 0, 3, 2, : 3, 4, 1, 1, 2, 3, 2, 
264: 0, 0, 1, 4, 4, 0, 0, 4, 0, 0, 1, 0, 53, 2, 0, 0, 5, 0, 1, 0, : 1, 4, 4, 4, 1, 53, 2, 5, 1, 
54: 0, 0, 0, 1, 1, 0, 0, 2, 0, 0, 0, 0, 0, 4, 0, 3, 1, 0, 1, 0, : 1, 1, 2, 4, 3, 1, 1, 
36: 0, 0, 0, 0, 3, 0, 0, 0, 0, 3, 0, 0, 3, 4, 0, 0, 1, 0, 4, 0, : 3, 3, 3, 4, 1, 4, 
190: 0, 0, 0, 0, 4, 54, 4, 5, 0, 0, 2, 55, 0, 1, 0, 0, 3, 0, 4, 0, : 4, 54, 4, 5, 2, 55, 1, 3, 4, 
37: 3, 0, 0, 0, 1, 0, 50, 2, 0, 0, 0, 4, 0, 5, 0, 0, 2, 0, 5, 0, : 3, 1, 50, 2, 4, 5, 2, 5, 
207: 0, 0, 0, 0, 1, 1, 0, 3, 0, 3, 0, 0, 0, 4, 0, 0, 3, 0, 6, 0, : 1, 1, 3, 3, 4, 3, 6, 
319: 0, 1, 0, 0, 1, 0, 3, 3, 3, 51, 0, 0, 0, 2, 0, 52, 4, 0, 1, 3, : 1, 1, 3, 3, 3, 51, 2, 52, 4, 1, 3, 
9: 1, 0, 0, 0, 4, 0, 0, 5, 0, 0, 0, 0, 0, 3, 0, 0, 5, 55, 3, 0, : 1, 4, 5, 3, 5, 55, 3, 
356: 0, 3, 0, 0, 3, 0, 0, 1, 0, 0, 0, 0, 0, 1, 0, 0, 1, 0, 4, 0, : 3, 3, 1, 1, 1, 4, 
334: 0, 1, 54, 0, 3, 0, 0, 3, 0, 2, 52, 0, 0, 3, 0, 0, 2, 0, 3, 0, : 1, 54, 3, 3, 2, 52, 3, 2, 3, 
106: 4, 0, 0, 55, 5, 1, 0, 4, 0, 0, 1, 0, 0, 2, 0, 0, 1, 0, 1, 0, : 4, 55, 5, 1, 4, 1, 2, 1, 1, 
374: 0, 0, 0, 0, 1, 0, 0, 2, 0, 0, 0, 0, 0, 5, 0, 0, 4, 0, 4, 0, : 1, 2, 5, 4, 4, 
279: 0, 0, 0, 0, 5, 4, 0, 3, 0, 0, 0, 0, 0, 3, 0, 0, 3, 4, 3, 1, : 5, 4, 3, 3, 3, 4, 3, 1, 
198: 0, 0, 0, 0, 2, 0, 0, 2, 55, 1, 0, 0, 0, 3, 0, 5, 5, 0, 1, 0, : 2, 2, 55, 1, 3, 5, 5, 1, 
167: 0, 3, 0, 0, 4, 0, 0, 5, 0, 0, 2, 0, 2, 4, 0, 0, 5, 1, 1, 0, : 3, 4, 5, 2, 2, 4, 5, 1, 1, 
220: 0, 0, 2, 0, 4, 0, 0, 0, 1, 0, 0, 0, 0, 4, 3, 0, 2, 0, 6, 0, : 2, 4, 1, 4, 3, 2, 6, 
38: 52, 52, 3, 0, 4, 0, 0, 4, 0, 0, 0, 0, 2, 2, 54, 0, 5, 0, 2, 3, : 52, 52, 3, 4, 4, 2, 2, 54, 5, 2, 3, 
77: 0, 0, 0, 0, 5, 0, 0, 5, 0, 0, 1, 0, 0, 3, 0, 0, 3, 0, 3, 51, : 5, 5, 1, 3, 3, 3, 51, 
152: 0, 0, 0, 0, 2, 0, 3, 3, 1, 0, 0, 1, 0, 4, 3, 0, 3, 0, 4, 0, : 2, 3, 3, 1, 1, 4, 3, 3, 4, 


289: 5, 0, 1, 0, 0, 4, 1, 4, 1, 0, 0, 5, 0, 0, 5, 0, 5, 5, 0, 0, : 5, 1, 4, 1, 4, 1, 5, 5, 5, 5, 
391: 5, 0, 3, 0, 0, 2, 5, 3, 3, 0, 0, 0, 1, 0, 0, 0, 3, 0, 0, 0, : 5, 3, 2, 5, 3, 3, 1, 3, 
89: 1, 0, 0, 0, 0, 0, 4, 4, 3, 1, 0, 0, 54, 0, 0, 0, 1, 51, 0, 0, : 1, 4, 4, 3, 1, 54, 1, 51, 
246: 1, 0, 0, 0, 0, 5, 5, 2, 2, 0, 50, 0, 0, 0, 0, 54, 1, 0, 0, 0, : 1, 5, 5, 2, 2, 50, 54, 1, 
16: 2, 0, 0, 0, 55, 2, 2, 5, 3, 0, 0, 0, 0, 0, 3, 0, 1, 0, 0, 0, : 2, 55, 2, 2, 5, 3, 3, 1, 
156: 5, 2, 0, 0, 0, 4, 1, 3, 6, 0, 0, 0, 1, 0, 0, 0, 3, 1, 0, 0, : 5, 2, 4, 1, 3, 6, 1, 3, 1, 
258: 4, 5, 0, 0, 0, 3, 1, 2, 2, 3, 0, 0, 0, 0, 0, 0, 4, 0, 1, 0, : 4, 5, 3, 1, 2, 2, 3, 4, 1, 
123: 5, 3, 0, 0, 0, 2, 1, 2, 4, 0, 2, 0, 0, 0, 0, 0, 3, 0, 3, 0, : 5, 3, 2, 1, 2, 4, 2, 3, 3, 
124: 4, 0, 0, 0, 1, 1, 4, 4, 1, 0, 2, 0, 0, 2, 0, 0, 5, 0, 0, 0, : 4, 1, 1, 4, 4, 1, 2, 2, 5, 
376: 4, 0, 0, 0, 3, 5, 3, 3, 2, 0, 0, 0, 0, 0, 52, 0, 1, 0, 0, 0, : 4, 3, 5, 3, 3, 2, 52, 1, 
20: 3, 0, 0, 2, 1, 4, 2, 1, 5, 2, 0, 0, 0, 0, 0, 0, 5, 0, 1, 4, : 3, 2, 1, 4, 2, 1, 5, 2, 5, 1, 4, 
381: 2, 0, 0, 0, 0, 3, 5, 4, 4, 0, 0, 2, 0, 0, 0, 0, 3, 0, 2, 0, : 2, 3, 5, 4, 4, 2, 3, 2, 
120: 1, 50, 0, 0, 0, 3, 3, 5, 4, 0, 0, 0, 0, 0, 0, 0, 2, 3, 0, 0, : 1, 50, 3, 3, 5, 4, 2, 3, 
239: 2, 0, 0, 5, 0, 3, 3, 4, 3, 0, 0, 0, 0, 0, 0, 0, 5, 0, 52, 53, : 2, 5, 3, 3, 4, 3, 5, 52, 53, 
237: 4, 0, 0, 0, 0, 4, 1, 3, 2, 0, 0, 51, 0, 0, 0, 0, 2, 0, 0, 0, : 4, 4, 1, 3, 2, 51, 2, 
55: 1, 0, 0, 53, 0, 4, 2, 2, 3, 52, 0, 0, 0, 5, 0, 0, 3, 0, 0, 3, : 1, 53, 4, 2, 2, 3, 52, 5, 3, 3, 
33: 5, 0, 0, 0, 0, 2, 4, 0, 4, 0, 4, 0, 4, 51, 0, 0, 2, 0, 1, 0, : 5, 2, 4, 4, 4, 4, 51, 2, 1, 
379: 3, 0, 0, 0, 0, 2, 6, 2, 2, 0, 2, 0, 0, 2, 0, 5, 4, 0, 0, 0, : 3, 2, 6, 2, 2, 2, 2, 5, 4, 
116: 2, 0, 51, 0, 0, 3, 4, 3, 5, 0, 0, 2, 0, 0, 0, 0, 3, 0, 0, 0, : 2, 51, 3, 4, 3, 5, 2, 3, 
236: 1, 0, 5, 0, 0, 4, 3, 4, 1, 2, 0, 0, 0, 0, 0, 1, 4, 0, 0, 0, : 1, 5, 4, 3, 4, 1, 2, 1, 4, 


66: 52, 0, 4, 0, 0, 0, 0, 0, 0, 0, 0, 5, 3, 0, 0, 0, 3, 0, 0, 51, : 52, 4, 5, 3, 3, 51, 
276: 0, 0, 0, 0, 0, 0, 0, 4, 0, 0, 0, 5, 0, 0, 1, 2, 3, 0, 0, 0, : 4, 5, 1, 2, 3, 
396: 0, 0, 0, 3, 0, 5, 0, 0, 0, 0, 50, 4, 0, 0, 51, 0, 4, 0, 2, 1, : 3, 5, 50, 4, 51, 4, 2, 1, 
278: 0, 1, 0, 0, 0, 0, 0, 0, 0, 0, 3, 5, 0, 0, 0, 0, 8, 1, 3, 0, : 1, 3, 5, 8, 1, 3, 
354: 0, 0, 0, 50, 0, 0, 0, 0, 5, 50, 0, 5, 53, 0, 0, 0, 3, 0, 3, 0, : 50, 5, 50, 5, 53, 3, 3, 
299: 0, 0, 2, 3, 0, 0, 3, 0, 50, 0, 0, 0, 0, 0, 0, 0, 2, 4, 0, 0, : 2, 3, 3, 50, 2, 4, 
230: 0, 0, 0, 0, 1, 3, 0, 0, 0, 0, 0, 5, 0, 3, 0, 2, 4, 1, 0, 0, : 1, 3, 5, 3, 2, 4, 1, 
337: 0, 0, 0, 0, 0, 50, 0, 0, 1, 5, 0, 3, 0, 51, 1, 5, 3, 0, 0, 0, : 50, 1, 5, 3, 51, 1, 5, 3, 
275: 0, 0, 1, 2, 0, 0, 1, 0, 0, 0, 0, 2, 0, 3, 0, 0, 2, 0, 0, 0, : 1, 2, 1, 2, 3, 2, 
213: 0, 0, 0, 0, 0, 0, 0, 0, 0, 0, 0, 3, 0, 0, 3, 0, 9, 0, 52, 4, : 3, 3, 9, 52, 4, 
102: 0, 0, 0, 0, 0, 2, 0, 0, 0, 0, 5, 2, 0, 0, 0, 0, 4, 0, 0, 0, : 2, 5, 2, 4, 
196: 0, 53, 0, 0, 0, 0, 0, 0, 0, 1, 0, 4, 0, 0, 3, 51, 2, 0, 0, 0, : 53, 1, 4, 3, 51, 2, 
48: 2, 0, 0, 0, 0, 0, 51, 2, 0, 4, 0, 0, 0, 0, 0, 0, 2, 3, 0, 0, : 2, 51, 2, 4, 2, 3, 
147: 0, 1, 0, 0, 1, 0, 0, 0, 1, 0, 1, 2, 0, 0, 0, 0, 2, 0, 0, 0, : 1, 1, 1, 1, 2, 2, 
137: 0, 0, 0, 0, 1, 0, 4, 0, 0, 0, 0, 3, 0, 3, 0, 0, 1, 50, 0, 0, : 1, 4, 3, 3, 1, 50, 
355: 0, 5, 0, 0, 0, 0, 0, 0, 3, 0, 0, 1, 1, 0, 0, 0, 2, 0, 0, 0, : 5, 3, 1, 1, 2, 
175: 3, 0, 0, 2, 1, 0, 0, 0, 0, 0, 0, 3, 0, 0, 0, 0, 2, 0, 0, 1, : 3, 2, 1, 3, 2, 1, 
82: 0, 0, 0, 0, 55, 0, 0, 53, 0, 0, 1, 4, 0, 0, 1, 0, 1, 0, 0, 0, : 55, 53, 1, 4, 1, 1, 
72: 0, 0, 51, 0, 0, 0, 1, 0, 0, 0, 0, 1, 3, 0, 0, 0, 2, 0, 0, 3, : 51, 1, 1, 3, 2, 3, 
317: 3, 0, 2, 0, 1, 0, 0, 1, 0, 0, 0, 3, 0, 0, 0, 0, 1, 1, 0, 0, : 3, 2, 1, 1, 3, 1, 1, 


367: 0, 0, 3, 0, 0, 0, 0, 0, 4, 0, 1, 2, 0, 0, 0, 0, 53, 0, 0, 1, : 3, 4, 1, 2, 53, 1, 
260: 4, 0, 1, 4, 0, 0, 0, 0, 0, 3, 52, 5, 1, 0, 55, 53, 0, 0, 0, 4, : 4, 1, 4, 3, 52, 5, 1, 55, 53, 4, 
306: 52, 0, 2, 0, 0, 0, 0, 0, 0, 0, 0, 3, 0, 0, 0, 0, 0, 1, 0, 2, : 52, 2, 3, 1, 2, 
288: 1, 0, 3, 0, 3, 5, 0, 1, 0, 0, 0, 5, 3, 0, 0, 0, 0, 3, 0, 5, : 1, 3, 3, 5, 1, 5, 3, 3, 5, 
153: 1, 0, 1, 0, 0, 0, 1, 0, 0, 0, 0, 4, 0, 1, 0, 1, 5, 0, 0, 2, : 1, 1, 1, 4, 1, 1, 5, 2, 
308: 0, 0, 5, 0, 0, 0, 5, 53, 3, 50, 0, 2, 0, 0, 0, 0, 0, 0, 1, 5, : 5, 5, 53, 3, 50, 2, 1, 5, 
344: 0, 0, 2, 0, 0, 0, 0, 0, 52, 0, 1, 2, 0, 0, 0, 0, 0, 0, 0, 5, : 2, 52, 1, 2, 5, 
73: 0, 0, 1, 0, 52, 0, 0, 0, 0, 0, 5, 1, 0, 51, 0, 2, 0, 0, 0, 1, : 1, 52, 5, 1, 51, 2, 1, 
125: 0, 0, 2, 52, 5, 0, 0, 1, 0, 0, 0, 1, 0, 0, 0, 0, 0, 53, 2, 5, : 2, 52, 5, 1, 1, 53, 2, 5, 
282: 0, 3, 1, 2, 0, 4, 0, 0, 0, 1, 1, 5, 3, 0, 0, 0, 0, 0, 0, 5, : 3, 1, 2, 4, 1, 1, 5, 3, 5, 
117: 0, 0, 2, 0, 0, 0, 0, 0, 0, 0, 0, 1, 0, 0, 0, 0, 0, 0, 0, 2, : 2, 1, 2, 
21: 0, 0, 1, 0, 0, 0, 0, 0, 0, 0, 0, 4, 0, 0, 0, 0, 0, 0, 0, 1, : 1, 4, 1, 
57: 0, 0, 5, 0, 0, 0, 0, 0, 0, 0, 0, 10, 0, 0, 4, 1, 1, 1, 5, 4, : 5, 10, 4, 1, 1, 1, 5, 4, 
300: 0, 0, 7, 0, 0, 0, 0, 0, 0, 0, 0, 1, 52, 0, 0, 0, 0, 1, 0, 3, : 7, 1, 52, 1, 3, 
6: 2, 0, 5, 1, 0, 0, 0, 0, 0, 0, 0, 4, 0, 0, 0, 0, 0, 0, 51, 2, : 2, 5, 1, 4, 51, 2, 
205: 0, 2, 5, 0, 0, 1, 0, 0, 1, 5, 0, 1, 0, 2, 0, 0, 0, 1, 1, 4, : 2, 5, 1, 1, 5, 1, 2, 1, 1, 4, 
61: 0, 0, 5, 0, 0, 0, 0, 0, 0, 0, 0, 3, 1, 4, 0, 3, 0, 0, 0, 2, : 5, 3, 1, 4, 3, 2, 
135: 0, 0, 1, 0, 0, 50, 0, 1, 0, 0, 0, 1, 0, 1, 0, 0, 0, 0, 0, 2, : 1, 50, 1, 1, 1, 2, 
164: 0, 0, 3, 0, 0, 0, 50, 4, 0, 1, 0, 3, 0, 1, 1, 0, 0, 0, 0, 4, : 3, 50, 4, 1, 3, 1, 1, 4, 
399: 0, 55, 5, 1, 0, 0, 4, 0, 0, 0, 0, 2, 0, 0, 0, 0, 1, 0, 0, 1, : 55, 5, 1, 4, 2, 1, 1, 


363: 0, 0, 0, 0, 0, 0, 3, 0, 0, 1, 0, 0, 1, 2, 0, 4, 0, 0, 2, 0, : 3, 1, 1, 2, 4, 2, 
140: 0, 0, 0, 0, 0, 0, 5, 0, 4, 0, 0, 0, 0, 4, 0, 0, 1, 2, 4, 0, : 5, 4, 4, 1, 2, 4, 
254: 2, 0, 0, 0, 0, 0, 1, 0, 0, 0, 0, 0, 0, 5, 0, 0, 0, 4, 5, 0, : 2, 1, 5, 4, 5, 
34: 5, 0, 0, 0, 0, 0, 1, 0, 0, 0, 0, 0, 0, 4, 0, 4, 0, 0, 4, 0, : 5, 1, 4, 4, 4, 
159: 0, 2, 3, 0, 51, 55, 4, 0, 4, 52, 0, 0, 0, 1, 0, 0, 0, 2, 3, 55, : 2, 3, 51, 55, 4, 4, 52, 1, 2, 3, 55, 
257: 0, 0, 0, 0, 0, 0, 4, 0, 0, 0, 0, 55, 0, 2, 0, 0, 0, 0, 1, 0, : 4, 55, 2, 1, 
263: 0, 0, 0, 0, 0, 0, 2, 0, 0, 0, 50, 0, 0, 1, 0, 0, 2, 0, 1, 0, : 2, 50, 1, 2, 1, 
225: 0, 0, 0, 0, 0, 0, 1, 0, 0, 0, 0, 1, 0, 3, 0, 50, 52, 0, 1, 0, : 1, 1, 3, 50, 52, 1, 
178: 52, 0, 0, 0, 2, 0, 2, 0, 0, 0, 0, 0, 3, 3, 5, 0, 0, 0, 4, 0, : 52, 2, 2, 3, 3, 5, 4, 
314: 1, 0, 0, 0, 0, 0, 5, 0, 0, 0, 1, 0, 1, 4, 0, 0, 5, 0, 2, 0, : 1, 5, 1, 1, 4, 5, 2, 
387: 0, 0, 0, 0, 0, 0, 0, 0, 0, 0, 0, 0, 0, 1, 0, 0, 0, 0, 1, 0, : 1, 1, 
357: 0, 0, 0, 0, 5, 0, 5, 55, 50, 0, 0, 0, 0, 3, 55, 0, 0, 0, 5, 0, : 5, 5, 55, 50, 3, 55, 5, 
154: 0, 0, 0, 0, 1, 3, 2, 0, 0, 4, 1, 0, 0, 3, 0, 0, 0, 0, 4, 0, : 1, 3, 2, 4, 1, 3, 4, 
200: 0, 54, 3, 54, 1, 0, 1, 0, 0, 1, 0, 0, 0, 4, 0, 2, 0, 0, 0, 0, : 54, 3, 54, 1, 1, 1, 4, 2, 
226: 0, 4, 0, 4, 0, 1, 3, 0, 1, 0, 3, 0, 0, 5, 0, 0, 0, 0, 5, 0, : 4, 4, 1, 3, 1, 3, 5, 5, 
298: 0, 0, 0, 0, 0, 1, 5, 0, 0, 2, 1, 0, 0, 3, 0, 0, 0, 0, 3, 0, : 1, 5, 2, 1, 3, 3, 
338: 0, 0, 0, 2, 0, 0, 5, 5, 0, 0, 0, 0, 0, 2, 0, 0, 0, 0, 5, 0, : 2, 5, 5, 2, 5, 
155: 0, 0, 0, 0, 0, 0, 4, 0, 0, 0, 4, 0, 0, 4, 0, 0, 0, 0, 5, 0, : 4, 4, 4, 5, 
115: 0, 0, 54, 0, 0, 0, 2, 0, 1, 0, 0, 4, 54, 5, 0, 0, 0, 0, 2, 0, : 54, 2, 1, 4, 54, 5, 2, 
327: 0, 0, 0, 0, 0, 0, 5, 0, 0, 0, 0, 0, 1, 1, 0, 0, 0, 52, 3, 5, : 5, 1, 1, 52, 3, 5, 


241: 0, 0, 0, 0, 0, 0, 0, 5, 0, 0, 0, 0, 0, 3, 0, 0, 0, 1, 50, 0, : 5, 3, 1, 50, 
132: 0, 50, 0, 0, 3, 0, 0, 3, 52, 0, 1, 0, 0, 1, 2, 1, 0, 4, 0, 0, : 50, 3, 3, 52, 1, 1, 2, 1, 4, 
32: 0, 0, 0, 0, 0, 0, 0, 5, 0, 0, 0, 3, 0, 4, 0, 0, 0, 3, 1, 5, : 5, 3, 4, 3, 1, 5, 
142: 0, 2, 5, 1, 0, 0, 0, 4, 0, 0, 52, 2, 0, 5, 1, 0, 4, 4, 0, 0, : 2, 5, 1, 4, 52, 2, 5, 1, 4, 4, 
394: 0, 0, 0, 2, 0, 0, 0, 5, 1, 0, 0, 0, 4, 1, 0, 0, 0, 4, 1, 0, : 2, 5, 1, 4, 1, 4, 1, 
160: 0, 0, 0, 3, 0, 0, 0, 4, 0, 0, 0, 0, 0, 5, 0, 0, 0, 3, 2, 0, : 3, 4, 5, 3, 2, 
101: 1, 0, 0, 0, 1, 0, 0, 1, 1, 1, 0, 0, 0, 3, 0, 0, 0, 4, 0, 1, : 1, 1, 1, 1, 1, 3, 4, 1, 
208: 0, 0, 0, 0, 0, 1, 0, 2, 0, 0, 3, 0, 0, 2, 3, 0, 0, 2, 0, 51, : 1, 2, 3, 2, 3, 2, 51, 
197: 0, 0, 0, 0, 2, 0, 5, 4, 0, 0, 0, 0, 0, 2, 0, 0, 3, 1, 0, 0, : 2, 5, 4, 2, 3, 1, 
24: 0, 5, 0, 0, 0, 1, 0, 1, 0, 2, 0, 0, 0, 3, 0, 2, 0, 4, 0, 0, : 5, 1, 1, 2, 3, 2, 4, 
15: 2, 1, 0, 0, 0, 0, 0, 2, 3, 4, 4, 0, 0, 2, 0, 0, 50, 2, 0, 0, : 2, 1, 2, 3, 4, 4, 2, 50, 2, 
242: 54, 0, 0, 0, 0, 0, 53, 3, 0, 0, 0, 0, 0, 4, 0, 0, 0, 2, 0, 0, : 54, 53, 3, 4, 2, 
99: 0, 0, 0, 0, 0, 1, 2, 0, 0, 0, 0, 0, 0, 3, 0, 5, 0, 3, 0, 2, : 1, 2, 3, 5, 3, 2, 
284: 2, 0, 0, 0, 0, 0, 0, 5, 0, 1, 0, 0, 5, 1, 0, 0, 3, 5, 0, 0, : 2, 5, 1, 5, 1, 3, 5, 
58: 0, 0, 0, 0, 0, 0, 0, 1, 0, 0, 0, 0, 0, 3, 0, 0, 0, 2, 0, 0, : 1, 3, 2, 
244: 0, 1, 54, 0, 50, 54, 0, 3, 0, 0, 0, 0, 0, 5, 1, 0, 0, 5, 1, 0, : 1, 54, 50, 54, 3, 5, 1, 5, 1, 
100: 1, 0, 0, 0, 0, 0, 0, 4, 2, 0, 0, 0, 51, 3, 0, 0, 0, 0, 0, 0, : 1, 4, 2, 51, 3, 
46: 0, 0, 1, 0, 0, 0, 0, 5, 0, 52, 0, 55, 0, 5, 0, 52, 0, 5, 5, 0, : 1, 5, 52, 55, 5, 52, 5, 5, 
292: 0, 1, 0, 54, 0, 0, 0, 1, 0, 0, 0, 0, 0, 4, 0, 0, 0, 3, 0, 1, : 1, 54, 1, 4, 3, 1, 
277: 0, 0, 0, 0, 4, 3, 0, 2, 1, 0, 0, 0, 0, 1, 53, 0, 0, 3, 0, 0, : 4, 3, 2, 1, 1, 53, 3, 


235: 1, 0, 2, 0, 0, 0, 52, 0, 0, 0, 0, 53, 0, 0, 1, 5, 5, 0, 0, 0, : 1, 2, 52, 53, 1, 5, 5, 
346: 0, 0, 0, 51, 1, 2, 0, 0, 0, 0, 0, 0, 0, 0, 5, 1, 1, 3, 0, 0, : 51, 1, 2, 5, 1, 1, 3, 
296: 1, 0, 4, 0, 55, 51, 0, 0, 0, 0, 2, 0, 0, 0, 4, 4, 0, 1, 0, 0, : 1, 4, 55, 51, 2, 4, 4, 1, 
360: 0, 0, 1, 0, 0, 0, 1, 3, 0, 1, 0, 0, 2, 0, 5, 3, 0, 0, 0, 53, : 1, 1, 3, 1, 2, 5, 3, 53, 
325: 0, 52, 0, 0, 0, 0, 0, 0, 0, 0, 0, 0, 0, 0, 1, 3, 0, 0, 0, 0, : 52, 1, 3, 
214: 0, 0, 0, 0, 0, 0, 0, 1, 0, 55, 0, 1, 0, 0, 4, 5, 1, 0, 4, 0, : 1, 55, 1, 4, 5, 1, 4, 
94: 0, 0, 0, 2, 1, 1, 1, 0, 2, 0, 0, 0, 0, 0, 4, 2, 0, 0, 0, 0, : 2, 1, 1, 1, 2, 4, 2, 
301: 0, 0, 0, 1, 0, 0, 0, 0, 2, 0, 3, 1, 0, 0, 2, 4, 0, 0, 0, 0, : 1, 2, 3, 1, 2, 4, 
345: 0, 0, 0, 4, 0, 0, 0, 0, 0, 0, 0, 1, 0, 0, 2, 1, 1, 4, 0, 2, : 4, 1, 2, 1, 1, 4, 2, 
259: 0, 0, 50, 1, 0, 0, 0, 0, 0, 0, 0, 0, 0, 0, 3, 5, 0, 0, 0, 0, : 50, 1, 3, 5, 
283: 53, 0, 0, 0, 0, 0, 0, 0, 0, 0, 0, 0, 0, 0, 4, 5, 2, 52, 0, 0, : 53, 4, 5, 2, 52, 
68: 3, 0, 1, 0, 3, 5, 0, 0, 55, 2, 0, 0, 0, 0, 1, 3, 0, 0, 0, 0, : 3, 1, 3, 5, 55, 2, 1, 3, 
388: 0, 0, 1, 0, 0, 1, 0, 0, 0, 0, 1, 0, 52, 0, 4, 4, 0, 0, 0, 0, : 1, 1, 1, 52, 4, 4, 
311: 0, 0, 0, 0, 0, 0, 5, 0, 0, 0, 0, 0, 0, 0, 2, 3, 50, 0, 0, 0, : 5, 2, 3, 50, 
291: 0, 5, 0, 0, 0, 0, 0, 0, 0, 0, 4, 1, 0, 5, 4, 0, 0, 0, 2, 0, : 5, 4, 1, 5, 4, 2, 
267: 2, 0, 0, 0, 0, 0, 1, 0, 0, 0, 0, 1, 0, 0, 2, 3, 0, 0, 52, 0, : 2, 1, 1, 2, 3, 52, 
148: 0, 0, 0, 1, 0, 0, 0, 4, 0, 0, 50, 1, 3, 0, 1, 1, 0, 0, 2, 0, : 1, 4, 50, 1, 3, 1, 1, 2, 
170: 0, 0, 0, 0, 0, 0, 0, 52, 1, 0, 0, 1, 1, 0, 5, 3, 0, 0, 0, 0, : 52, 1, 1, 1, 5, 3, 
64: 0, 3, 0, 0, 0, 0, 0, 0, 0, 2, 0, 0, 2, 55, 3, 1, 0, 0, 0, 4, : 3, 2, 2, 55, 3, 1, 4, 
161: 0, 0, 1, 0, 0, 0, 0, 0, 0, 0, 0, 0, 0, 0, 3, 4, 0, 0, 0, 1, : 1, 3, 4, 1, 


336: 0, 3, 0, 0, 0, 0, 0, 1, 0, 0, 5, 3, 0, 0, 3, 0, 0, 0, 0, 0, : 3, 1, 5, 3, 3, 
302: 0, 0, 2, 0, 0, 0, 0, 0, 1, 0, 1, 0, 50, 0, 3, 52, 0, 0, 0, 0, : 2, 1, 1, 50, 3, 52, 
335: 0, 4, 0, 0, 0, 0, 3, 4, 0, 0, 1, 0, 0, 51, 3, 0, 0, 2, 0, 0, : 4, 3, 4, 1, 51, 3, 2, 
370: 0, 0, 0, 3, 0, 0, 51, 0, 1, 0, 5, 0, 0, 0, 7, 3, 50, 0, 51, 5, : 3, 51, 1, 5, 7, 3, 50, 51, 5, 
28: 0, 0, 0, 0, 5, 1, 0, 0, 0, 51, 2, 0, 0, 0, 1, 0, 0, 0, 0, 0, : 5, 1, 51, 2, 1, 
31: 0, 0, 0, 0, 1, 54, 0, 0, 0, 0, 4, 0, 0, 0, 2, 0, 1, 0, 3, 0, : 1, 54, 4, 2, 1, 3, 
183: 0, 0, 0, 0, 0, 0, 0, 0, 0, 0, 3, 0, 0, 1, 4, 0, 0, 0, 0, 3, : 3, 1, 4, 3, 
83: 0, 0, 0, 3, 2, 0, 0, 0, 0, 0, 1, 0, 2, 0, 5, 5, 0, 0, 0, 0, : 3, 2, 1, 2, 5, 5, 
202: 3, 0, 0, 0, 0, 1, 1, 0, 0, 0, 2, 0, 0, 0, 3, 0, 0, 0, 0, 0, : 3, 1, 1, 2, 3, 
316: 0, 0, 53, 0, 0, 0, 5, 0, 0, 3, 2, 3, 0, 0, 3, 0, 0, 0, 0, 0, : 53, 5, 3, 2, 3, 3, 
366: 0, 0, 0, 0, 0, 0, 0, 0, 1, 5, 5, 0, 0, 2, 3, 0, 0, 0, 0, 2, : 1, 5, 5, 2, 3, 2, 
12: 1, 0, 0, 0, 50, 2, 0, 0, 0, 0, 5, 0, 0, 0, 3, 0, 0, 0, 1, 0, : 1, 50, 2, 5, 3, 1, 
199: 0, 0, 0, 1, 0, 0, 0, 0, 0, 0, 4, 0, 2, 0, 2, 0, 1, 0, 0, 0, : 1, 4, 2, 2, 1, 
187: 2, 50, 0, 0, 0, 0, 0, 2, 5, 1, 3, 0, 0, 3, 6, 0, 3, 4, 1, 50, : 2, 50, 2, 5, 1, 3, 3, 6, 3, 4, 1, 50, 
86: 0, 0, 2, 0, 0, 0, 0, 0, 0, 0, 2, 0, 0, 1, 1, 0, 0, 0, 0, 0, : 2, 2, 1, 1, 
373: 3, 0, 3, 53, 0, 0, 0, 53, 52, 0, 5, 0, 4, 0, 1, 0, 0, 4, 0, 0, : 3, 3, 53, 53, 52, 5, 4, 1, 4, 
358: 0, 0, 0, 0, 0, 0, 0, 0, 0, 0, 4, 0, 0, 0, 1, 0, 0, 50, 0, 0, : 4, 1, 50, 
4: 0, 0, 0, 0, 1, 0, 0, 0, 0, 0, 1, 54, 0, 0, 2, 0, 0, 0, 0, 0, : 1, 1, 54, 2, 
97: 0, 3, 0, 0, 0, 2, 0, 0, 0, 0, 3, 0, 2, 2, 3, 0, 5, 0, 0, 0, : 3, 2, 3, 2, 2, 3, 5, 
172: 51, 0, 0, 0, 1, 0, 0, 0, 0, 0, 2, 0, 0, 0, 4, 0, 0, 0, 4, 0, : 51, 1, 2, 4, 4, 


231: 1, 0, 3, 0, 0, 0, 0, 1, 0, 0, 6, 0, 2, 0, 0, 0, 0, 0, 0, 0, : 1, 3, 1, 6, 2, 
269: 0, 0, 5, 0, 0, 0, 0, 0, 0, 0, 9, 0, 4, 1, 0, 0, 0, 0, 0, 0, : 5, 9, 4, 1, 
322: 1, 0, 4, 0, 0, 0, 0, 2, 0, 0, 1, 0, 4, 1, 0, 0, 4, 0, 0, 0, : 1, 4, 2, 1, 4, 1, 4, 
30: 5, 4, 6, 0, 4, 0, 0, 0, 0, 1, 4, 4, 3, 0, 0, 52, 0, 0, 0, 0, : 5, 4, 6, 4, 1, 4, 4, 3, 52, 
330: 3, 0, 3, 0, 1, 2, 54, 0, 2, 5, 5, 0, 3, 0, 0, 0, 55, 0, 0, 0, : 3, 3, 1, 2, 54, 2, 5, 5, 3, 55, 
180: 4, 0, 2, 0, 0, 0, 0, 0, 0, 0, 1, 0, 5, 53, 0, 0, 0, 0, 54, 0, : 4, 2, 1, 5, 53, 54, 
377: 5, 0, 5, 0, 0, 4, 0, 1, 0, 0, 1, 3, 4, 0, 0, 0, 0, 0, 1, 0, : 5, 5, 4, 1, 1, 3, 4, 1, 
204: 0, 0, 2, 0, 0, 2, 0, 0, 0, 0, 5, 51, 2, 0, 3, 0, 0, 3, 0, 2, : 2, 2, 5, 51, 2, 3, 3, 2, 
221: 5, 0, 1, 1, 0, 0, 1, 5, 0, 0, 2, 0, 1, 0, 0, 4, 0, 4, 0, 0, : 5, 1, 1, 1, 5, 2, 1, 4, 4, 
122: 5, 0, 4, 0, 0, 0, 0, 0, 3, 1, 1, 0, 2, 0, 0, 0, 0, 0, 0, 1, : 5, 4, 3, 1, 1, 2, 1, 
247: 3, 0, 4, 0, 0, 0, 1, 0, 0, 52, 5, 2, 5, 0, 0, 0, 0, 0, 0, 0, : 3, 4, 1, 52, 5, 2, 5, 
238: 1, 0, 2, 0, 0, 1, 0, 0, 0, 0, 4, 0, 1, 0, 0, 0, 0, 0, 0, 55, : 1, 2, 1, 4, 1, 55, 
271: 4, 0, 2, 0, 0, 0, 0, 0, 1, 0, 2, 0, 1, 0, 0, 0, 0, 0, 0, 0, : 4, 2, 1, 2, 1, 
98: 1, 0, 5, 2, 0, 0, 0, 0, 0, 0, 2, 0, 5, 1, 0, 0, 0, 53, 5, 2, : 1, 5, 2, 2, 5, 1, 53, 5, 2, 
181: 5, 0, 1, 0, 0, 0, 0, 51, 0, 0, 4, 0, 2, 0, 0, 0, 0, 0, 0, 0, : 5, 1, 51, 4, 2, 
166: 4, 0, 2, 0, 0, 0, 2, 0, 1, 0, 1, 0, 5, 0, 0, 0, 0, 0, 0, 0, : 4, 2, 2, 1, 1, 5, 
176: 1, 0, 4, 1, 53, 1, 0, 0, 0, 0, 1, 0, 2, 1, 0, 0, 0, 0, 0, 0, : 1, 4, 1, 53, 1, 1, 2, 1, 
364: 5, 2, 2, 1, 0, 0, 2, 0, 0, 1, 2, 0, 2, 0, 0, 4, 0, 0, 0, 0, : 5, 2, 2, 1, 2, 1, 2, 2, 4, 
23: 2, 0, 2, 55, 2, 0, 0, 0, 53, 0, 2, 0, 5, 3, 54, 0, 1, 0, 0, 0, : 2, 2, 55, 2, 53, 2, 5, 3, 54, 1, 
90: 5, 54, 1, 0, 0, 50, 0, 0, 0, 0, 2, 0, 2, 0, 3, 0, 0, 0, 0, 0, : 5, 54, 1, 50, 2, 2, 3, 


339: 1, 55, 2, 3, 0, 0, 0, 0, 0, 0, 0, 0, 0, 1, 0, 0, 4, 1, 0, 3, : 1, 55, 2, 3, 1, 4, 1, 3, 
227: 0, 0, 0, 3, 0, 0, 0, 0, 0, 0, 1, 0, 0, 0, 4, 0, 0, 5, 52, 1, : 3, 1, 4, 5, 52, 1, 
270: 3, 0, 0, 5, 0, 0, 1, 0, 0, 0, 0, 1, 0, 0, 0, 0, 4, 5, 3, 3, : 3, 5, 1, 1, 4, 5, 3, 3, 
192: 0, 0, 0, 0, 0, 0, 0, 0, 1, 0, 0, 0, 0, 0, 3, 0, 0, 2, 0, 5, : 1, 3, 2, 5, 
206: 0, 0, 1, 5, 53, 0, 0, 0, 0, 0, 2, 0, 0, 2, 0, 0, 0, 4, 0, 4, : 1, 5, 53, 2, 2, 4, 4, 
5: 0, 0, 0, 4, 0, 0, 0, 0, 0, 50, 1, 1, 0, 0, 0, 0, 0, 2, 0, 1, : 4, 50, 1, 1, 2, 1, 
80: 0, 0, 0, 5, 4, 0, 3, 0, 3, 0, 0, 4, 0, 0, 0, 0, 0, 5, 0, 3, : 5, 4, 3, 3, 4, 5, 3, 
113: 0, 0, 0, 2, 0, 0, 0, 0, 0, 0, 0, 0, 1, 0, 50, 0, 0, 2, 0, 2, : 2, 1, 50, 2, 2, 
163: 0, 0, 0, 3, 0, 4, 0, 5, 1, 0, 0, 0, 0, 0, 0, 0, 0, 3, 0, 4, : 3, 4, 5, 1, 3, 4, 
384: 5, 0, 0, 4, 0, 0, 0, 3, 3, 0, 0, 0, 0, 0, 3, 0, 0, 4, 0, 2, : 5, 4, 3, 3, 3, 4, 2, 
174: 0, 0, 0, 4, 0, 0, 0, 0, 0, 4, 0, 0, 0, 1, 0, 0, 50, 2, 0, 4, : 4, 4, 1, 50, 2, 4, 
329: 0, 5, 1, 4, 0, 0, 0, 0, 0, 0, 0, 0, 0, 0, 0, 4, 2, 3, 0, 5, : 5, 1, 4, 4, 2, 3, 5, 
326: 1, 0, 52, 2, 2, 0, 1, 0, 1, 0, 0, 1, 0, 4, 0, 53, 0, 2, 0, 3, : 1, 52, 2, 2, 1, 1, 1, 4, 53, 2, 3, 
22: 0, 0, 0, 4, 0, 0, 0, 0, 0, 0, 0, 0, 0, 2, 0, 0, 0, 5, 0, 3, : 4, 2, 5, 3, 
219: 0, 0, 0, 3, 0, 1, 3, 52, 0, 3, 55, 0, 0, 0, 0, 0, 0, 1, 1, 1, : 3, 1, 3, 52, 3, 55, 1, 1, 1, 
184: 0, 0, 0, 0, 0, 0, 0, 0, 0, 3, 0, 0, 0, 0, 0, 3, 0, 3, 0, 2, : 3, 3, 3, 2, 
63: 0, 0, 0, 0, 0, 0, 0, 0, 1, 0, 0, 52, 5, 50, 0, 0, 0, 3, 1, 5, : 1, 52, 5, 50, 3, 1, 5, 
212: 50, 0, 0, 1, 0, 4, 52, 0, 0, 0, 1, 0, 0, 0, 0, 0, 0, 3, 3, 2, : 50, 1, 4, 52, 1, 3, 3, 2, 
353: 0, 0, 3, 4, 1, 50, 0, 0, 50, 0, 0, 0, 3, 0, 0, 0, 0, 2, 0, 3, : 3, 4, 1, 50, 50, 3, 2, 3, 
395: 0, 0, 1, 4, 0, 1, 0, 0, 0, 0, 0, 1, 51, 0, 0, 0, 0, 3, 0, 4, : 1, 4, 1, 1, 51, 3, 4, 


251: 0, 0, 1, 0, 0, 0, 5, 1, 1, 5, 0, 1, 3, 0, 2, 1, 0, 5, 54, 0, : 1, 5, 1, 1, 5, 1, 3, 2, 1, 5, 54, 
256: 50, 1, 4, 0, 5, 0, 1, 0, 0, 3, 0, 5, 2, 0, 4, 0, 2, 0, 0, 0, : 50, 1, 4, 5, 1, 3, 5, 2, 4, 2, 
255: 0, 0, 5, 0, 2, 0, 2, 0, 0, 2, 0, 5, 52, 0, 1, 0, 0, 0, 0, 4, : 5, 2, 2, 2, 5, 52, 1, 4, 
157: 3, 0, 2, 0, 0, 0, 4, 0, 1, 1, 0, 1, 0, 0, 5, 1, 3, 53, 0, 0, : 3, 2, 4, 1, 1, 1, 5, 1, 3, 53, 
42: 0, 0, 2, 0, 0, 0, 4, 0, 0, 5, 0, 3, 0, 0, 5, 0, 4, 0, 0, 0, : 2, 4, 5, 3, 5, 4, 
112: 0, 0, 2, 0, 0, 2, 2, 3, 0, 2, 0, 3, 0, 0, 5, 0, 5, 0, 0, 0, : 2, 2, 2, 3, 2, 3, 5, 5, 
84: 0, 0, 5, 5, 0, 0, 2, 0, 0, 5, 0, 1, 0, 4, 5, 0, 5, 0, 0, 0, : 5, 5, 2, 5, 1, 4, 5, 5, 
110: 0, 0, 2, 0, 0, 1, 2, 0, 0, 3, 0, 4, 0, 0, 5, 0, 2, 0, 4, 0, : 2, 1, 2, 3, 4, 5, 2, 4, 
130: 2, 1, 4, 0, 0, 0, 4, 0, 0, 3, 0, 4, 2, 0, 3, 0, 4, 0, 0, 0, : 2, 1, 4, 4, 3, 4, 2, 3, 4, 
145: 0, 53, 3, 50, 0, 0, 2, 53, 55, 3, 0, 3, 0, 2, 4, 0, 3, 0, 0, 0, : 53, 3, 50, 2, 53, 55, 3, 3, 2, 4, 3, 
162: 0, 0, 4, 0, 0, 50, 4, 0, 0, 4, 55, 1, 0, 0, 1, 0, 5, 0, 0, 0, : 4, 50, 4, 4, 55, 1, 1, 5, 
96: 1, 5, 3, 0, 0, 0, 1, 0, 0, 4, 0, 4, 0, 0, 1, 50, 4, 0, 0, 0, : 1, 5, 3, 1, 4, 4, 1, 50, 4, 
312: 1, 0, 4, 0, 1, 0, 5, 3, 0, 5, 1, 2, 0, 52, 1, 0, 5, 0, 2, 0, : 1, 4, 1, 5, 3, 5, 1, 2, 52, 1, 5, 2, 
105: 2, 0, 1, 0, 0, 0, 5, 0, 0, 5, 1, 5, 0, 0, 3, 0, 5, 2, 0, 1, : 2, 1, 5, 5, 1, 5, 3, 5, 2, 1, 
179: 1, 0, 1, 0, 0, 5, 3, 0, 0, 3, 3, 1, 1, 0, 1, 0, 3, 0, 0, 0, : 1, 1, 5, 3, 3, 3, 1, 1, 1, 3, 
177: 0, 0, 5, 0, 52, 2, 4, 0, 0, 2, 0, 5, 0, 0, 0, 0, 1, 0, 0, 0, : 5, 52, 2, 4, 2, 5, 1, 
385: 0, 0, 4, 0, 0, 0, 4, 0, 0, 2, 0, 1, 0, 0, 5, 4, 2, 0, 0, 52, : 4, 4, 2, 1, 5, 4, 2, 52, 
126: 0, 0, 3, 5, 0, 0, 4, 0, 0, 1, 0, 3, 0, 0, 4, 4, 4, 0, 0, 2, : 3, 5, 4, 1, 3, 4, 4, 4, 2, 
297: 0, 0, 3, 0, 0, 0, 0, 0, 0, 1, 0, 3, 0, 0, 2, 0, 1, 0, 0, 0, : 3, 1, 3, 2, 1, 
397: 0, 0, 2, 0, 0, 0, 2, 0, 3, 1, 0, 5, 0, 2, 3, 0, 2, 0, 0, 1, : 2, 2, 3, 1, 5, 2, 3, 2, 1, 


52: 1, 5, 2, 1, 3, 0, 0, 0, 0, 0, 5, 0, 0, 0, 0, 0, 1, 0, 1, 0, : 1, 5, 2, 1, 3, 5, 1, 1, 
169: 3, 0, 2, 5, 5, 0, 0, 0, 0, 50, 0, 0, 0, 0, 0, 0, 0, 0, 2, 1, : 3, 2, 5, 5, 50, 2, 1, 
210: 3, 0, 2, 4, 2, 0, 0, 5, 3, 0, 3, 0, 0, 5, 0, 0, 2, 0, 4, 0, : 3, 2, 4, 2, 5, 3, 3, 5, 2, 4, 
365: 2, 0, 3, 2, 3, 0, 0, 0, 0, 0, 1, 0, 3, 0, 3, 0, 5, 3, 3, 5, : 2, 3, 2, 3, 1, 3, 3, 5, 3, 3, 5, 
146: 2, 0, 5, 4, 5, 1, 1, 0, 0, 0, 4, 55, 1, 0, 51, 5, 1, 0, 2, 1, : 2, 5, 4, 5, 1, 1, 4, 55, 1, 51, 5, 1, 2, 1, 
233: 2, 0, 4, 4, 4, 4, 0, 0, 5, 1, 3, 0, 0, 0, 0, 52, 5, 0, 3, 0, : 2, 4, 4, 4, 4, 5, 1, 3, 52, 5, 3, 
18: 5, 0, 3, 5, 1, 0, 0, 0, 0, 0, 5, 0, 0, 0, 0, 0, 1, 0, 0, 0, : 5, 3, 5, 1, 5, 1, 
7: 4, 2, 2, 4, 2, 0, 0, 0, 51, 1, 4, 0, 0, 0, 0, 0, 5, 0, 3, 0, : 4, 2, 2, 4, 2, 51, 1, 4, 5, 3, 
53: 4, 0, 3, 4, 4, 0, 0, 0, 0, 0, 4, 0, 0, 0, 1, 0, 5, 1, 1, 0, : 4, 3, 4, 4, 4, 1, 5, 1, 1, 
150: 2, 53, 4, 1, 5, 0, 0, 4, 0, 0, 3, 0, 3, 50, 0, 0, 1, 52, 4, 0, : 2, 53, 4, 1, 5, 4, 3, 3, 50, 1, 52, 4, 
398: 2, 0, 3, 5, 1, 0, 0, 0, 0, 1, 1, 0, 0, 0, 0, 0, 2, 0, 5, 0, : 2, 3, 5, 1, 1, 1, 2, 5, 
69: 4, 0, 5, 0, 1, 53, 0, 0, 0, 0, 0, 0, 0, 0, 0, 0, 4, 0, 4, 1, : 4, 5, 1, 53, 4, 4, 1, 
129: 4, 0, 4, 5, 2, 0, 1, 1, 0, 0, 1, 0, 0, 0, 0, 0, 2, 0, 4, 0, : 4, 4, 5, 2, 1, 1, 1, 2, 4, 
350: 3, 0, 0, 4, 2, 1, 0, 0, 0, 2, 5, 0, 0, 0, 0, 0, 5, 1, 4, 0, : 3, 4, 2, 1, 2, 5, 5, 1, 4, 
39: 1, 0, 4, 1, 2, 0, 3, 0, 0, 0, 3, 0, 0, 0, 0, 3, 5, 0, 1, 0, : 1, 4, 1, 2, 3, 3, 3, 5, 1, 
138: 3, 0, 1, 1, 2, 1, 0, 0, 0, 0, 5, 4, 0, 4, 4, 0, 3, 0, 4, 0, : 3, 1, 1, 2, 1, 5, 4, 4, 4, 3, 4, 
371: 3, 0, 2, 4, 4, 0, 1, 0, 1, 1, 2, 0, 0, 0, 0, 0, 5, 3, 5, 0, : 3, 2, 4, 4, 1, 1, 1, 2, 5, 3, 5, 
333: 4, 0, 5, 2, 1, 0, 0, 0, 0, 4, 3, 0, 50, 0, 1, 0, 4, 0, 5, 0, : 4, 5, 2, 1, 4, 3, 50, 1, 4, 5, 
234: 3, 0, 2, 1, 7, 0, 54, 50, 0, 0, 5, 0, 0, 1, 0, 0, 2, 0, 3, 1, : 3, 2, 1, 7, 54, 50, 5, 1, 2, 3, 1, 
342: 5, 0, 4, 3, 4, 0, 0, 0, 0, 0, 3, 1, 3, 0, 0, 0, 2, 0, 2, 51, : 5, 4, 3, 4, 3, 1, 3, 2, 2, 51, 


76: 0, 0, 0, 6, 0, 0, 5, 0, 0, 1, 0, 1, 2, 4, 1, 3, 0, 2, 0, 2, : 6, 5, 1, 1, 2, 4, 1, 3, 2, 2, 
2: 0, 0, 0, 3, 0, 0, 5, 2, 1, 1, 3, 2, 5, 0, 2, 1, 0, 4, 0, 0, : 3, 5, 2, 1, 1, 3, 2, 5, 2, 1, 4, 
380: 0, 0, 0, 3, 5, 0, 1, 3, 0, 0, 1, 1, 4, 0, 1, 2, 0, 3, 0, 0, : 3, 5, 1, 3, 1, 1, 4, 1, 2, 3, 
85: 0, 0, 0, 2, 0, 0, 3, 54, 1, 0, 0, 4, 1, 3, 3, 1, 0, 4, 53, 2, : 2, 3, 54, 1, 4, 1, 3, 3, 1, 4, 53, 2, 
245: 0, 0, 0, 1, 0, 0, 1, 0, 0, 0, 0, 4, 4, 0, 5, 5, 0, 1, 2, 0, : 1, 1, 4, 4, 5, 5, 1, 2, 
285: 0, 0, 2, 2, 1, 0, 2, 0, 1, 0, 1, 3, 5, 0, 2, 2, 0, 1, 0, 0, : 2, 2, 1, 2, 1, 1, 3, 5, 2, 2, 1, 
400: 0, 0, 0, 5, 0, 0, 4, 0, 0, 0, 0, 5, 3, 0, 1, 7, 0, 5, 5, 0, : 5, 4, 5, 3, 1, 7, 5, 5, 
392: 5, 0, 3, 5, 0, 0, 3, 0, 3, 2, 0, 3, 3, 0, 1, 1, 2, 4, 0, 0, : 5, 3, 5, 3, 3, 2, 3, 3, 1, 1, 2, 4, 
223: 0, 0, 0, 2, 0, 0, 3, 0, 52, 0, 0, 4, 1, 0, 2, 1, 0, 4, 0, 0, : 2, 3, 52, 4, 1, 2, 1, 4, 
286: 0, 5, 0, 3, 0, 0, 2, 0, 0, 0, 1, 2, 2, 0, 3, 3, 0, 0, 0, 0, : 5, 3, 2, 1, 2, 2, 3, 3, 
393: 2, 0, 0, 3, 0, 0, 1, 0, 2, 0, 0, 5, 3, 0, 8, 1, 0, 4, 0, 0, : 2, 3, 1, 2, 5, 3, 8, 1, 4, 
332: 0, 0, 0, 4, 1, 1, 5, 0, 0, 0, 0, 5, 2, 0, 1, 3, 0, 2, 0, 51, : 4, 1, 1, 5, 5, 2, 1, 3, 2, 51, 
229: 0, 0, 0, 5, 2, 2, 3, 0, 0, 0, 0, 2, 2, 0, 1, 4, 0, 4, 0, 0, : 5, 2, 2, 3, 2, 2, 1, 4, 4, 
222: 0, 0, 0, 2, 0, 0, 5, 0, 0, 0, 54, 2, 5, 0, 3, 1, 0, 5, 0, 0, : 2, 5, 54, 2, 5, 3, 1, 5, 
49: 0, 1, 2, 1, 0, 0, 3, 1, 0, 0, 0, 3, 6, 0, 4, 8, 52, 3, 0, 0, : 1, 2, 1, 3, 1, 3, 6, 4, 8, 52, 3, 
309: 0, 0, 52, 1, 0, 1, 5, 0, 0, 0, 0, 5, 4, 0, 5, 4, 1, 1, 0, 0, : 52, 1, 1, 5, 5, 4, 5, 4, 1, 1, 
158: 53, 0, 1, 5, 51, 52, 3, 0, 0, 51, 0, 2, 1, 0, 5, 1, 0, 5, 0, 3, : 53, 1, 5, 51, 52, 3, 51, 2, 1, 5, 1, 5, 3, 
313: 0, 0, 0, 2, 0, 0, 3, 0, 0, 5, 0, 5, 1, 0, 5, 5, 0, 5, 0, 0, : 2, 3, 5, 5, 1, 5, 5, 5, 
50: 0, 54, 0, 2, 0, 0, 2, 0, 0, 0, 0, 0, 5, 52, 5, 3, 0, 3, 0, 0, : 54, 2, 2, 5, 52, 5, 3, 3, 
287: 0, 0, 0, 3, 0, 4, 1, 0, 0, 0, 0, 2, 1, 1, 2, 4, 5, 0, 0, 2, : 3, 4, 1, 2, 1, 1, 2, 4, 5, 2, 


386: 0, 5, 1, 2, 1, 0, 0, 4, 0, 0, 0, 0, 0, 0, 0, 0, 1, 0, 0, 0, : 5, 1, 2, 1, 4, 1, 
10: 0, 3, 4, 3, 1, 1, 0, 0, 0, 0, 51, 0, 0, 0, 2, 3, 5, 0, 0, 0, : 3, 4, 3, 1, 1, 51, 2, 3, 5, 
261: 0, 5, 2, 4, 0, 0, 52, 0, 2, 0, 5, 0, 0, 0, 0, 0, 0, 0, 54, 0, : 5, 2, 4, 52, 2, 5, 54, 
362: 0, 2, 5, 3, 0, 0, 0, 0, 0, 0, 2, 0, 0, 0, 3, 2, 4, 0, 0, 3, : 2, 5, 3, 2, 3, 2, 4, 3, 
265: 0, 5, 5, 1, 2, 0, 3, 51, 0, 0, 0, 3, 0, 0, 0, 0, 1, 0, 0, 0, : 5, 5, 1, 2, 3, 51, 3, 1, 
173: 5, 3, 0, 1, 0, 0, 0, 0, 0, 1, 0, 2, 2, 0, 0, 1, 3, 0, 0, 1, : 5, 3, 1, 1, 2, 2, 1, 3, 1, 
209: 1, 1, 3, 2, 0, 54, 0, 0, 1, 0, 0, 0, 0, 0, 0, 0, 2, 0, 0, 51, : 1, 1, 3, 2, 54, 1, 2, 51, 
324: 0, 5, 4, 2, 0, 0, 0, 0, 0, 0, 0, 0, 0, 0, 0, 0, 2, 0, 0, 2, : 5, 4, 2, 2, 2, 
108: 0, 4, 2, 6, 1, 1, 0, 0, 0, 0, 0, 0, 0, 0, 0, 0, 4, 0, 0, 0, : 4, 2, 6, 1, 1, 4, 
186: 0, 1, 4, 3, 0, 0, 3, 4, 2, 0, 0, 52, 0, 3, 0, 0, 5, 0, 2, 0, : 1, 4, 3, 3, 4, 2, 52, 3, 5, 2, 
95: 0, 2, 3, 1, 0, 0, 0, 0, 0, 0, 0, 0, 52, 0, 3, 1, 4, 0, 0, 0, : 2, 3, 1, 52, 3, 1, 4, 
262: 0, 5, 4, 3, 4, 4, 0, 0, 0, 1, 0, 3, 0, 2, 0, 0, 3, 0, 0, 0, : 5, 4, 3, 4, 4, 1, 3, 2, 3, 
290: 51, 1, 3, 6, 0, 0, 0, 0, 0, 0, 0, 0, 0, 0, 0, 0, 4, 0, 0, 0, : 51, 1, 3, 6, 4, 
62: 0, 2, 3, 5, 50, 0, 2, 1, 0, 0, 0, 0, 0, 51, 0, 0, 5, 5, 0, 0, : 2, 3, 5, 50, 2, 1, 51, 5, 5, 
81: 3, 1, 5, 4, 0, 0, 0, 0, 0, 0, 1, 0, 1, 1, 0, 0, 4, 0, 0, 0, : 3, 1, 5, 4, 1, 1, 1, 4, 
1: 0, 0, 5, 4, 0, 0, 0, 0, 0, 2, 1, 0, 0, 0, 0, 0, 3, 5, 4, 3, : 5, 4, 2, 1, 3, 5, 4, 3, 
303: 0, 5, 0, 1, 1, 0, 0, 0, 0, 1, 0, 0, 0, 2, 0, 51, 3, 50, 0, 0, : 5, 1, 1, 1, 2, 51, 3, 50, 
128: 0, 5, 0, 2, 0, 0, 0, 0, 5, 0, 0, 0, 0, 1, 0, 0, 1, 0, 0, 0, : 5, 2, 5, 1, 1, 
92: 0, 4, 2, 3, 0, 0, 0, 0, 50, 1, 0, 0, 5, 0, 0, 2, 5, 0, 0, 0, : 4, 2, 3, 50, 1, 5, 2, 5, 
44: 0, 1, 5, 4, 0, 0, 0, 0, 0, 54, 0, 0, 0, 0, 52, 0, 1, 0, 0, 0, : 1, 5, 4, 54, 52, 1, 


70: 0, 0, 0, 0, 1, 0, 0, 3, 0, 0, 0, 4, 0, 5, 0, 0, 5, 0, 0, 0, : 1, 3, 4, 5, 5, 
293: 0, 3, 2, 0, 0, 0, 2, 0, 0, 0, 3, 0, 0, 4, 0, 0, 0, 0, 0, 0, : 3, 2, 2, 3, 4, 
118: 0, 0, 0, 0, 0, 0, 0, 0, 2, 0, 3, 0, 0, 3, 0, 1, 51, 0, 0, 0, : 2, 3, 3, 1, 51, 
71: 0, 0, 0, 0, 0, 3, 0, 0, 0, 0, 0, 0, 0, 1, 0, 0, 0, 2, 0, 0, : 3, 1, 2, 
40: 0, 2, 0, 0, 0, 0, 0, 1, 0, 0, 0, 0, 0, 3, 0, 0, 0, 0, 0, 0, : 2, 1, 3, 
91: 0, 0, 0, 0, 0, 0, 0, 0, 0, 0, 0, 0, 0, 5, 1, 0, 0, 0, 2, 0, : 5, 1, 2, 
368: 0, 0, 3, 2, 4, 0, 0, 0, 0, 0, 2, 0, 2, 3, 0, 0, 0, 51, 0, 52, : 3, 2, 4, 2, 2, 3, 51, 52, 
340: 0, 0, 0, 0, 0, 0, 0, 0, 4, 0, 0, 0, 0, 2, 53, 1, 0, 2, 0, 0, : 4, 2, 53, 1, 2, 
304: 0, 0, 0, 0, 0, 54, 0, 0, 0, 0, 0, 0, 4, 7, 0, 0, 0, 0, 0, 0, : 54, 4, 7, 
383: 0, 0, 5, 3, 0, 0, 0, 0, 53, 0, 0, 1, 0, 1, 0, 2, 4, 1, 0, 0, : 5, 3, 53, 1, 1, 2, 4, 1, 
218: 0, 0, 0, 53, 0, 0, 0, 0, 0, 55, 0, 0, 0, 2, 0, 0, 0, 0, 51, 3, : 53, 55, 2, 51, 3, 
266: 0, 0, 0, 0, 0, 0, 0, 0, 0, 0, 0, 0, 0, 2, 4, 0, 0, 0, 0, 0, : 2, 4, 
348: 0, 0, 0, 0, 0, 1, 1, 1, 1, 0, 0, 1, 0, 3, 0, 1, 0, 0, 0, 0, : 1, 1, 1, 1, 1, 3, 1, 
141: 0, 0, 50, 0, 52, 0, 0, 0, 0, 0, 0, 51, 53, 2, 0, 0, 0, 0, 0, 0, : 50, 52, 51, 53, 2, 
249: 0, 0, 0, 2, 3, 0, 0, 0, 0, 0, 0, 0, 0, 4, 0, 4, 0, 4, 0, 0, : 2, 3, 4, 4, 4, 
17: 0, 0, 0, 0, 0, 0, 5, 50, 0, 0, 0, 0, 0, 2, 1, 0, 0, 0, 0, 0, : 5, 50, 2, 1, 
268: 55, 55, 0, 0, 0, 0, 0, 0, 0, 0, 0, 0, 1, 1, 0, 0, 0, 0, 3, 2, : 55, 55, 1, 1, 3, 2, 
250: 0, 0, 0, 0, 0, 0, 0, 0, 0, 3, 0, 0, 0, 3, 1, 51, 0, 0, 3, 0, : 3, 3, 1, 51, 3, 
27: 5, 0, 0, 0, 0, 1, 52, 0, 0, 2, 0, 0, 0, 4, 0, 0, 0, 0, 1, 0, : 5, 1, 52, 2, 4, 1, 
139: 0, 0, 0, 0, 0, 1, 0, 5, 0, 0, 52, 3, 0, 3, 0, 0, 0, 0, 0, 3, : 1, 5, 52, 3, 3, 3, 


109: 0, 0, 0, 0, 0, 0, 3, 0, 3, 0, 0, 2, 0, 0, 3, 0, 0, 0, 52, 2, : 3, 3, 2, 3, 52, 2, 
131: 0, 52, 0, 0, 0, 4, 2, 0, 5, 5, 0, 0, 0, 52, 3, 0, 0, 0, 0, 4, : 52, 4, 2, 5, 5, 52, 3, 4, 
107: 1, 3, 0, 5, 1, 0, 2, 53, 5, 5, 0, 0, 0, 0, 0, 0, 52, 0, 3, 4, : 1, 3, 5, 1, 2, 53, 5, 5, 52, 3, 4, 
47: 0, 0, 0, 1, 0, 0, 4, 0, 1, 3, 0, 0, 0, 0, 50, 0, 0, 50, 2, 3, : 1, 4, 1, 3, 50, 50, 2, 3, 
104: 0, 0, 0, 0, 2, 0, 5, 0, 2, 5, 0, 1, 54, 0, 0, 0, 0, 0, 0, 2, : 2, 5, 2, 5, 1, 54, 2, 
321: 0, 0, 3, 50, 0, 0, 2, 0, 3, 3, 0, 0, 0, 5, 3, 0, 4, 0, 0, 4, : 3, 50, 2, 3, 3, 5, 3, 4, 4, 
74: 3, 3, 0, 0, 1, 0, 5, 0, 3, 3, 0, 0, 0, 0, 0, 0, 0, 0, 0, 4, : 3, 3, 1, 5, 3, 3, 4, 
203: 3, 0, 4, 0, 0, 0, 3, 1, 5, 5, 5, 0, 0, 0, 0, 0, 0, 0, 0, 1, : 3, 4, 3, 1, 5, 5, 5, 1, 
144: 0, 0, 0, 0, 0, 54, 3, 0, 1, 1, 0, 0, 0, 0, 0, 50, 0, 0, 0, 7, : 54, 3, 1, 1, 50, 7, 
240: 0, 0, 0, 0, 4, 0, 3, 0, 5, 1, 0, 0, 2, 3, 0, 0, 0, 0, 1, 2, : 4, 3, 5, 1, 2, 3, 1, 2, 
201: 0, 0, 0, 0, 0, 0, 2, 4, 4, 2, 53, 0, 0, 0, 0, 0, 0, 5, 0, 2, : 2, 4, 4, 2, 53, 5, 2, 
119: 0, 0, 2, 0, 0, 0, 4, 0, 5, 2, 0, 54, 0, 0, 1, 0, 0, 4, 0, 1, : 2, 4, 5, 2, 54, 1, 4, 1, 
248: 0, 0, 0, 3, 0, 0, 2, 0, 1, 2, 0, 0, 0, 0, 0, 0, 1, 0, 0, 3, : 3, 2, 1, 2, 1, 3, 
182: 51, 0, 0, 0, 0, 0, 2, 0, 1, 2, 0, 1, 0, 0, 0, 0, 0, 0, 0, 3, : 51, 2, 1, 2, 1, 3, 
361: 0, 0, 0, 0, 1, 2, 2, 0, 2, 4, 0, 0, 0, 0, 0, 0, 0, 0, 0, 5, : 1, 2, 2, 2, 4, 5, 
165: 0, 0, 0, 0, 0, 0, 4, 0, 1, 5, 0, 0, 0, 0, 0, 5, 0, 0, 0, 4, : 4, 1, 5, 5, 4, 
11: 2, 0, 50, 0, 0, 0, 3, 0, 2, 3, 0, 2, 0, 0, 0, 1, 0, 1, 2, 1, : 2, 50, 3, 2, 3, 2, 1, 1, 2, 1, 
347: 0, 2, 0, 0, 0, 0, 5, 0, 3, 1, 2, 0, 0, 0, 0, 0, 3, 0, 0, 2, : 2, 5, 3, 1, 2, 3, 2, 
351: 0, 0, 1, 1, 51, 0, 2, 0, 5, 3, 0, 0, 0, 0, 0, 2, 0, 0, 0, 2, : 1, 1, 51, 2, 5, 3, 2, 2, 
189: 0, 0, 0, 0, 0, 0, 2, 2, 3, 5, 0, 0, 4, 0, 0, 2, 0, 0, 0, 4, : 2, 2, 3, 5, 4, 2, 4, 


51: 0, 0, 0, 0, 0, 1, 0, 4, 1, 50, 3, 0, 5, 0, 0, 0, 0, 0, 0, 0, : 1, 4, 1, 50, 3, 5, 
216: 0, 0, 0, 0, 0, 2, 0, 5, 0, 0, 3, 0, 2, 53, 0, 0, 0, 0, 0, 0, : 2, 5, 3, 2, 53, 
60: 0, 0, 0, 0, 0, 5, 2, 3, 0, 0, 3, 0, 3, 0, 0, 3, 5, 0, 0, 5, : 5, 2, 3, 3, 3, 3, 5, 5, 
252: 3, 0, 0, 2, 0, 5, 1, 5, 0, 0, 5, 0, 3, 5, 1, 1, 0, 0, 0, 0, : 3, 2, 5, 1, 5, 5, 3, 5, 1, 1, 
295: 0, 54, 0, 0, 0, 5, 3, 2, 0, 0, 4, 0, 1, 2, 0, 0, 0, 0, 0, 0, : 54, 5, 3, 2, 4, 1, 2, 
349: 0, 0, 0, 0, 1, 1, 0, 3, 1, 2, 5, 2, 4, 0, 0, 0, 0, 0, 0, 0, : 1, 1, 3, 1, 2, 5, 2, 4, 
211: 55, 0, 0, 0, 0, 2, 0, 1, 54, 0, 2, 0, 3, 0, 0, 0, 0, 0, 0, 53, : 55, 2, 1, 54, 2, 3, 53, 
343: 0, 0, 0, 0, 0, 2, 0, 2, 0, 3, 3, 53, 3, 0, 50, 0, 1, 0, 0, 0, : 2, 2, 3, 3, 53, 3, 50, 1, 
43: 0, 2, 0, 1, 0, 3, 0, 3, 0, 0, 5, 3, 5, 0, 2, 0, 0, 0, 2, 0, : 2, 1, 3, 3, 5, 3, 5, 2, 2, 
243: 0, 0, 4, 0, 0, 4, 0, 3, 0, 0, 2, 0, 3, 0, 0, 0, 0, 0, 0, 0, : 4, 4, 3, 2, 3, 
224: 0, 0, 0, 0, 4, 2, 0, 5, 0, 0, 5, 0, 0, 0, 0, 0, 0, 0, 0, 0, : 4, 2, 5, 5, 
14: 0, 0, 5, 0, 0, 1, 0, 3, 0, 0, 2, 0, 5, 0, 0, 1, 0, 5, 0, 0, : 5, 1, 3, 2, 5, 1, 5, 
56: 2, 2, 0, 0, 0, 6, 2, 2, 0, 0, 1, 0, 5, 0, 2, 54, 0, 1, 0, 0, : 2, 2, 6, 2, 2, 1, 5, 2, 54, 1, 
26: 0, 0, 0, 2, 1, 4, 0, 1, 0, 1, 1, 0, 1, 0, 4, 0, 0, 0, 0, 0, : 2, 1, 4, 1, 1, 1, 1, 4, 
67: 0, 0, 0, 0, 51, 4, 0, 5, 0, 0, 3, 0, 5, 0, 0, 0, 0, 0, 3, 0, : 51, 4, 5, 3, 5, 3, 
3: 0, 0, 50, 0, 0, 1, 0, 3, 0, 0, 1, 0, 4, 0, 0, 0, 3, 1, 0, 0, : 50, 1, 3, 1, 4, 3, 1, 
328: 0, 2, 0, 0, 3, 3, 0, 1, 0, 4, 5, 0, 1, 0, 0, 1, 51, 0, 0, 0, : 2, 3, 3, 1, 4, 5, 1, 1, 51, 
253: 0, 0, 0, 0, 0, 4, 1, 2, 4, 0, 2, 0, 2, 0, 1, 0, 0, 50, 0, 2, : 4, 1, 2, 4, 2, 2, 1, 50, 2, 
87: 0, 0, 1, 0, 0, 2, 51, 3, 0, 0, 1, 1, 3, 0, 0, 0, 0, 3, 55, 0, : 1, 2, 51, 3, 1, 1, 3, 3, 55, 
149: 0, 0, 0, 55, 0, 3, 0, 4, 0, 0, 4, 1, 2, 0, 0, 0, 0, 0, 0, 0, : 55, 3, 4, 4, 1, 2, 


35: 0, 0, 4, 0, 0, 0, 4, 1, 0, 0, 0, 0, 0, 0, 0, 3, 0, 0, 50, 3, : 4, 4, 1, 3, 50, 3, 
232: 1, 0, 0, 0, 0, 51, 1, 2, 0, 0, 0, 0, 0, 0, 0, 0, 0, 0, 0, 3, : 1, 51, 1, 2, 3, 
88: 0, 0, 4, 5, 0, 0, 5, 1, 2, 0, 0, 0, 0, 0, 0, 0, 0, 51, 0, 5, : 4, 5, 5, 1, 2, 51, 5, 
359: 0, 0, 3, 0, 55, 4, 5, 2, 0, 0, 0, 0, 0, 0, 0, 0, 0, 0, 3, 2, : 3, 55, 4, 5, 2, 3, 2, 
382: 0, 0, 3, 52, 0, 0, 4, 2, 0, 0, 0, 0, 1, 0, 0, 0, 5, 0, 0, 4, : 3, 52, 4, 2, 1, 5, 4, 
133: 0, 0, 5, 0, 0, 0, 1, 5, 50, 0, 0, 0, 0, 0, 0, 0, 0, 0, 3, 3, : 5, 1, 5, 50, 3, 3, 
215: 0, 0, 1, 0, 0, 0, 3, 1, 3, 0, 3, 0, 0, 0, 0, 1, 0, 0, 0, 2, : 1, 3, 1, 3, 3, 1, 2, 
151: 0, 0, 5, 0, 0, 5, 3, 2, 0, 1, 0, 0, 52, 0, 4, 0, 0, 0, 0, 5, : 5, 5, 3, 2, 1, 52, 4, 5, 
273: 0, 0, 4, 0, 0, 0, 5, 3, 0, 5, 4, 0, 0, 0, 0, 0, 0, 0, 0, 2, : 4, 5, 3, 5, 4, 2, 
323: 0, 0, 2, 0, 0, 0, 1, 5, 0, 0, 53, 0, 0, 0, 0, 0, 0, 0, 0, 3, : 2, 1, 5, 53, 3, 
19: 0, 0, 5, 0, 0, 0, 4, 5, 0, 0, 0, 54, 3, 0, 50, 0, 0, 0, 0, 5, : 5, 4, 5, 54, 3, 50, 5, 
78: 0, 0, 5, 0, 0, 0, 3, 5, 0, 0, 0, 5, 0, 0, 0, 0, 0, 3, 0, 1, : 5, 3, 5, 5, 3, 1, 
274: 0, 0, 2, 0, 3, 0, 1, 0, 4, 0, 0, 0, 0, 0, 1, 1, 0, 0, 0, 3, : 2, 3, 1, 4, 1, 1, 3, 
121: 0, 0, 0, 0, 0, 0, 4, 5, 0, 0, 0, 0, 0, 0, 1, 0, 55, 0, 0, 3, : 4, 5, 1, 55, 3, 
305: 3, 0, 5, 0, 0, 0, 5, 4, 0, 1, 0, 0, 4, 4, 0, 55, 0, 1, 0, 3, : 3, 5, 5, 4, 1, 4, 4, 55, 1, 3, 
375: 0, 0, 4, 0, 0, 0, 5, 5, 0, 53, 0, 0, 0, 3, 0, 0, 0, 0, 0, 2, : 4, 5, 5, 53, 3, 2, 
331: 3, 55, 1, 3, 2, 0, 1, 5, 0, 0, 0, 0, 0, 0, 0, 0, 0, 0, 4, 2, : 3, 55, 1, 3, 2, 1, 5, 4, 2, 
114: 0, 5, 0, 0, 0, 0, 1, 2, 1, 0, 0, 0, 0, 1, 0, 0, 0, 3, 0, 5, : 5, 1, 2, 1, 1, 3, 5, 
45: 53, 0, 4, 0, 0, 0, 1, 1, 0, 0, 0, 1, 0, 0, 0, 0, 0, 1, 0, 2, : 53, 4, 1, 1, 1, 1, 2, 
41: 0, 0, 3, 0, 0, 0, 3, 4, 0, 0, 0, 0, 0, 52, 4, 0, 0, 1, 0, 2, : 3, 3, 4, 52, 4, 1, 2, 


