
20
200
80
10

75: 0, 0, 3, 5, 3, 0, 5, 2, 10, 0, 1, 6, 0, 0, 1, 9, 70, 0, 0, 0, : 3, 5, 3, 5, 2, 10, 1, 6, 1, 9, 70, 
176: 0, 61, 7, 4, 10, 0, 1, 0, 0, 0, 2, 0, 0, 2, 1, 9, 0, 0, 10, 0, : 61, 7, 4, 10, 1, 2, 2, 1, 9, 10, 
59: 0, 0, 8, 0, 10, 0, 4, 0, 0, 6, 1, 2, 2, 0, 0, 1, 8, 0, 7, 0, : 8, 10, 4, 6, 1, 2, 2, 1, 8, 7, 
30: 0, 0, 5, 0, 7, 0, 4, 10, 8, 0, 1, 0, 0, 0, 0, 0, 0, 1, 0, 0, : 5, 7, 4, 10, 8, 1, 1, 
156: 0, 5, 7, 61, 5, 2, 0, 0, 2, 0, 1, 9, 6, 0, 0, 0, 0, 1, 8, 0, : 5, 7, 61, 5, 2, 2, 1, 9, 6, 1, 8, 
73: 63, 0, 2, 0, 7, 0, 6, 2, 9, 8, 9, 10, 67, 0, 0, 0, 0, 0, 2, 0, : 63, 2, 7, 6, 2, 9, 8, 9, 10, 67, 2, 
84: 0, 0, 0, 0, 9, 0, 10, 5, 2, 0, 6, 6, 0, 0, 0, 0, 0, 8, 9, 0, : 9, 10, 5, 2, 6, 6, 8, 9, 
4: 0, 3, 9, 0, 3, 0, 0, 6, 3, 0, 1, 0, 0, 0, 66, 0, 0, 0, 10, 67, : 3, 9, 3, 6, 3, 1, 66, 10, 67, 
40: 0, 4, 10, 3, 6, 0, 2, 2, 3, 0, 0, 5, 2, 0, 0, 0, 0, 0, 0, 0, : 4, 10, 3, 6, 2, 2, 3, 5, 2, 
93: 0, 5, 8, 0, 1, 0, 9, 0, 10, 3, 6, 4, 0, 0, 0, 0, 0, 0, 2, 0, : 5, 8, 1, 9, 10, 3, 6, 4, 2, 
64: 0, 0, 0, 0, 0, 0, 8, 10, 0, 2, 0, 0, 0, 0, 10, 0, 0, 0, 3, 0, : 8, 10, 2, 10, 3, 
171: 3, 0, 2, 0, 4, 7, 5, 8, 3, 0, 9, 0, 0, 3, 1, 0, 0, 62, 2, 4, : 3, 2, 4, 7, 5, 8, 3, 9, 3, 1, 62, 2, 4, 
24: 0, 2, 0, 0, 4, 0, 0, 6, 10, 0, 0, 7, 0, 66, 0, 0, 1, 0, 0, 0, : 2, 4, 6, 10, 7, 66, 1, 
177: 10, 0, 0, 0, 1, 1, 6, 5, 1, 61, 0, 5, 0, 0, 0, 0, 0, 0, 0, 0, : 10, 1, 1, 6, 5, 1, 61, 5, 
26: 1, 0, 1, 0, 1, 0, 7, 0, 0, 0, 9, 7, 0, 8, 0, 0, 0, 0, 9, 1, : 1, 1, 1, 7, 9, 7, 8, 9, 1, 
61: 0, 0, 0, 4, 0, 0, 0, 10, 5, 0, 0, 9, 0, 0, 0, 0, 0, 0, 4, 0, : 4, 10, 5, 9, 4, 
188: 3, 0, 6, 0, 0, 70, 2, 8, 6, 0, 9, 0, 3, 1, 1, 61, 0, 0, 0, 0, : 3, 6, 70, 2, 8, 6, 9, 3, 1, 1, 61, 
42: 0, 0, 3, 0, 9, 0, 0, 1, 1, 0, 8, 0, 0, 0, 0, 0, 0, 0, 7, 0, : 3, 9, 1, 1, 8, 7, 
86: 0, 0, 0, 3, 0, 0, 1, 3, 0, 0, 7, 7, 0, 0, 0, 0, 0, 0, 4, 4, : 3, 1, 3, 7, 7, 4, 4, 
180: 0, 0, 9, 0, 0, 0, 10, 2, 7, 0, 10, 3, 0, 0, 0, 0, 1, 8, 3, 4, : 9, 10, 2, 7, 10, 3, 1, 8, 3, 4, 


95: 5, 0, 8, 0, 9, 0, 0, 5, 0, 0, 0, 0, 0, 4, 0, 2, 0, 0, 0, 0, : 5, 8, 9, 5, 4, 2, 
69: 0, 0, 0, 1, 0, 5, 0, 4, 0, 0, 7, 61, 0, 2, 0, 0, 1, 0, 2, 4, : 1, 5, 4, 7, 61, 2, 1, 2, 4, 
35: 0, 0, 2, 2, 0, 7, 0, 5, 6, 0, 0, 0, 0, 0, 0, 0, 2, 0, 1, 4, : 2, 2, 7, 5, 6, 2, 1, 4, 
111: 0, 0, 10, 62, 0, 10, 0, 2, 0, 0, 5, 0, 0, 10, 0, 0, 0, 60, 0, 10, : 10, 62, 10, 2, 5, 10, 60, 10, 
12: 0, 0, 7, 0, 0, 0, 0, 3, 2, 2, 0, 2, 0, 7, 0, 0, 0, 5, 0, 0, : 7, 3, 2, 2, 2, 7, 5, 
125: 0, 4, 0, 0, 63, 0, 2, 3, 0, 60, 2, 0, 1, 9, 0, 0, 62, 0, 0, 7, : 4, 63, 2, 3, 60, 2, 1, 9, 62, 7, 
68: 60, 0, 0, 2, 0, 2, 0, 8, 0, 0, 3, 9, 1, 3, 0, 1, 1, 0, 2, 4, : 60, 2, 2, 8, 3, 9, 1, 3, 1, 1, 2, 4, 
172: 0, 0, 4, 0, 0, 5, 0, 1, 0, 1, 0, 0, 70, 10, 0, 68, 2, 5, 0, 0, : 4, 5, 1, 1, 70, 10, 68, 2, 5, 
104: 0, 0, 2, 0, 0, 9, 7, 7, 0, 0, 2, 0, 0, 0, 0, 0, 5, 0, 0, 0, : 2, 9, 7, 7, 2, 5, 
52: 0, 10, 8, 0, 0, 0, 0, 8, 0, 9, 2, 0, 1, 8, 0, 0, 0, 0, 0, 4, : 10, 8, 8, 9, 2, 1, 8, 4, 
200: 0, 0, 0, 1, 0, 9, 0, 2, 2, 0, 7, 0, 4, 8, 1, 0, 0, 0, 3, 10, : 1, 9, 2, 2, 7, 4, 8, 1, 3, 10, 
149: 0, 0, 8, 0, 0, 0, 0, 2, 0, 0, 9, 0, 0, 0, 0, 0, 0, 6, 0, 6, : 8, 2, 9, 6, 6, 
127: 0, 0, 2, 0, 0, 0, 0, 4, 0, 0, 2, 0, 0, 0, 0, 0, 7, 0, 5, 3, : 2, 4, 2, 7, 5, 3, 
161: 0, 0, 2, 0, 0, 0, 0, 9, 0, 0, 7, 0, 0, 0, 9, 2, 0, 0, 0, 2, : 2, 9, 7, 9, 2, 2, 
123: 7, 66, 4, 4, 8, 2, 0, 2, 0, 3, 0, 0, 0, 0, 8, 1, 0, 4, 0, 6, : 7, 66, 4, 4, 8, 2, 2, 3, 8, 1, 4, 6, 
81: 0, 0, 0, 1, 0, 7, 60, 1, 0, 4, 4, 0, 2, 6, 0, 0, 0, 0, 0, 8, : 1, 7, 60, 1, 4, 4, 2, 6, 8, 
179: 0, 0, 8, 7, 0, 10, 0, 3, 8, 1, 8, 0, 1, 0, 0, 5, 0, 0, 0, 0, : 8, 7, 10, 3, 8, 1, 8, 1, 5, 
53: 0, 0, 5, 0, 0, 10, 1, 2, 0, 0, 4, 8, 0, 3, 2, 0, 0, 0, 0, 4, : 5, 10, 1, 2, 4, 8, 3, 2, 4, 
189: 0, 0, 10, 0, 0, 4, 8, 6, 62, 0, 8, 0, 0, 2, 0, 0, 0, 0, 67, 8, : 10, 4, 8, 6, 62, 8, 2, 67, 8, 
32: 8, 0, 0, 0, 0, 0, 2, 3, 0, 0, 10, 0, 0, 8, 60, 1, 0, 0, 0, 0, : 8, 2, 3, 10, 8, 60, 1, 


29: 6, 0, 0, 0, 0, 3, 0, 0, 3, 0, 0, 8, 2, 5, 5, 0, 7, 3, 0, 2, : 6, 3, 3, 8, 2, 5, 5, 7, 3, 2, 
105: 6, 0, 0, 61, 68, 3, 0, 0, 6, 2, 0, 2, 5, 2, 1, 0, 5, 7, 0, 2, : 6, 61, 68, 3, 6, 2, 2, 5, 2, 1, 5, 7, 2, 
121: 8, 0, 0, 0, 6, 3, 8, 0, 8, 8, 0, 0, 9, 7, 0, 0, 0, 6, 0, 10, : 8, 6, 3, 8, 8, 8, 9, 7, 6, 10, 
14: 2, 0, 8, 0, 0, 7, 7, 1, 9, 0, 0, 9, 5, 1, 0, 60, 0, 1, 0, 3, : 2, 8, 7, 7, 1, 9, 9, 5, 1, 60, 1, 3, 
27: 4, 4, 3, 0, 0, 1, 2, 0, 1, 0, 0, 0, 0, 9, 2, 0, 6, 9, 0, 6, : 4, 4, 3, 1, 2, 1, 9, 2, 6, 9, 6, 
142: 10, 0, 4, 0, 0, 6, 1, 5, 8, 9, 0, 6, 4, 8, 0, 7, 8, 0, 0, 6, : 10, 4, 6, 1, 5, 8, 9, 6, 4, 8, 7, 8, 6, 
113: 7, 0, 0, 0, 0, 5, 0, 0, 6, 3, 0, 9, 7, 10, 60, 0, 5, 0, 1, 3, : 7, 5, 6, 3, 9, 7, 10, 60, 5, 1, 3, 
62: 0, 0, 5, 0, 0, 9, 10, 0, 0, 4, 1, 10, 6, 0, 1, 0, 8, 0, 0, 4, : 5, 9, 10, 4, 1, 10, 6, 1, 8, 4, 
165: 4, 0, 7, 0, 0, 0, 9, 0, 1, 0, 0, 4, 5, 1, 9, 0, 0, 1, 62, 6, : 4, 7, 9, 1, 4, 5, 1, 9, 1, 62, 6, 
187: 4, 0, 3, 0, 0, 10, 0, 70, 0, 0, 0, 5, 6, 1, 0, 1, 6, 2, 0, 9, : 4, 3, 10, 70, 5, 6, 1, 1, 6, 2, 9, 
130: 0, 0, 6, 0, 0, 1, 3, 0, 2, 7, 65, 0, 2, 0, 0, 0, 0, 2, 0, 0, : 6, 1, 3, 2, 7, 65, 2, 2, 
58: 7, 0, 0, 0, 0, 10, 5, 0, 4, 7, 8, 1, 0, 2, 0, 3, 4, 0, 0, 1, : 7, 10, 5, 4, 7, 8, 1, 2, 3, 4, 1, 
198: 5, 0, 9, 0, 1, 8, 7, 4, 7, 4, 0, 7, 0, 0, 0, 9, 2, 1, 9, 3, : 5, 9, 1, 8, 7, 4, 7, 4, 7, 9, 2, 1, 9, 3, 
22: 5, 0, 9, 0, 0, 2, 1, 0, 0, 6, 0, 3, 9, 0, 0, 0, 9, 9, 0, 6, : 5, 9, 2, 1, 6, 3, 9, 9, 9, 6, 
110: 1, 0, 10, 1, 0, 7, 3, 0, 6, 9, 0, 4, 4, 0, 2, 0, 0, 7, 0, 2, : 1, 10, 1, 7, 3, 6, 9, 4, 4, 2, 7, 2, 
66: 0, 0, 0, 0, 0, 3, 7, 0, 0, 0, 2, 0, 8, 10, 0, 0, 7, 9, 0, 5, : 3, 7, 2, 8, 10, 7, 9, 5, 
195: 2, 7, 10, 9, 0, 0, 0, 0, 8, 4, 0, 0, 3, 5, 0, 0, 7, 5, 0, 1, : 2, 7, 10, 9, 8, 4, 3, 5, 7, 5, 1, 
50: 4, 62, 0, 0, 5, 1, 3, 0, 5, 4, 4, 5, 2, 10, 0, 0, 0, 8, 0, 10, : 4, 62, 5, 1, 3, 5, 4, 4, 5, 2, 10, 8, 10, 
82: 2, 0, 0, 0, 0, 1, 4, 0, 0, 8, 0, 0, 1, 6, 0, 0, 2, 10, 0, 1, : 2, 1, 4, 8, 1, 6, 2, 10, 1, 
112: 3, 7, 6, 9, 0, 0, 10, 0, 6, 5, 0, 7, 2, 3, 0, 0, 4, 0, 8, 0, : 3, 7, 6, 9, 10, 6, 5, 7, 2, 3, 4, 8, 


144: 0, 4, 8, 0, 0, 0, 3, 7, 2, 60, 5, 0, 1, 9, 3, 0, 0, 2, 0, 7, : 4, 8, 3, 7, 2, 60, 5, 1, 9, 3, 2, 7, 
196: 4, 9, 0, 0, 0, 0, 6, 8, 6, 0, 3, 0, 2, 5, 0, 2, 1, 1, 0, 0, : 4, 9, 6, 8, 6, 3, 2, 5, 2, 1, 1, 
108: 0, 0, 5, 6, 10, 0, 3, 0, 4, 0, 1, 0, 7, 6, 1, 0, 1, 1, 0, 5, : 5, 6, 10, 3, 4, 1, 7, 6, 1, 1, 1, 5, 
148: 10, 10, 0, 1, 6, 0, 3, 9, 0, 0, 7, 0, 1, 1, 7, 0, 10, 3, 0, 3, : 10, 10, 1, 6, 3, 9, 7, 1, 1, 7, 10, 3, 3, 
92: 1, 0, 2, 5, 8, 1, 4, 6, 6, 0, 1, 4, 7, 7, 0, 5, 5, 4, 0, 8, : 1, 2, 5, 8, 1, 4, 6, 6, 1, 4, 7, 7, 5, 5, 4, 8, 
102: 6, 10, 0, 1, 8, 0, 9, 5, 2, 9, 3, 0, 5, 3, 9, 0, 5, 6, 0, 0, : 6, 10, 1, 8, 9, 5, 2, 9, 3, 5, 3, 9, 5, 6, 
155: 7, 8, 10, 5, 0, 0, 0, 0, 0, 0, 1, 0, 2, 0, 9, 0, 2, 8, 10, 0, : 7, 8, 10, 5, 1, 2, 9, 2, 8, 10, 
101: 1, 2, 0, 2, 10, 0, 6, 6, 5, 0, 5, 0, 1, 10, 5, 0, 2, 4, 0, 10, : 1, 2, 2, 10, 6, 6, 5, 5, 1, 10, 5, 2, 4, 10, 
19: 10, 8, 3, 8, 0, 68, 0, 0, 4, 0, 1, 0, 1, 9, 3, 63, 8, 0, 0, 8, : 10, 8, 3, 8, 68, 4, 1, 1, 9, 3, 63, 8, 8, 
1: 3, 4, 0, 0, 8, 0, 0, 10, 8, 6, 3, 60, 3, 10, 8, 0, 5, 7, 0, 8, : 3, 4, 8, 10, 8, 6, 3, 60, 3, 10, 8, 5, 7, 8, 
17: 3, 6, 7, 0, 0, 0, 0, 0, 1, 0, 3, 0, 4, 4, 8, 1, 2, 8, 0, 1, : 3, 6, 7, 1, 3, 4, 4, 8, 1, 2, 8, 1, 
164: 3, 3, 7, 2, 0, 0, 8, 0, 0, 0, 8, 0, 3, 5, 0, 0, 4, 0, 1, 5, : 3, 3, 7, 2, 8, 8, 3, 5, 4, 1, 5, 
138: 1, 0, 3, 10, 0, 6, 0, 7, 7, 0, 5, 0, 10, 8, 6, 9, 6, 2, 0, 3, : 1, 3, 10, 6, 7, 7, 5, 10, 8, 6, 9, 6, 2, 3, 
54: 0, 9, 9, 9, 4, 0, 9, 0, 1, 0, 4, 0, 3, 0, 5, 0, 2, 7, 0, 9, : 9, 9, 9, 4, 9, 1, 4, 3, 5, 2, 7, 9, 
159: 3, 3, 0, 0, 8, 0, 2, 2, 0, 0, 6, 0, 5, 1, 3, 0, 9, 6, 0, 8, : 3, 3, 8, 2, 2, 6, 5, 1, 3, 9, 6, 8, 
145: 4, 0, 3, 10, 2, 0, 7, 7, 4, 0, 8, 10, 7, 0, 0, 0, 3, 9, 8, 0, : 4, 3, 10, 2, 7, 7, 4, 8, 10, 7, 3, 9, 8, 
106: 7, 2, 8, 10, 0, 2, 9, 8, 5, 5, 0, 0, 5, 0, 10, 0, 2, 1, 0, 3, : 7, 2, 8, 10, 2, 9, 8, 5, 5, 5, 10, 2, 1, 3, 
135: 5, 0, 0, 1, 3, 1, 0, 0, 9, 0, 9, 0, 1, 2, 0, 0, 5, 1, 61, 1, : 5, 1, 3, 1, 9, 9, 1, 2, 5, 1, 61, 1, 
37: 9, 0, 9, 3, 9, 2, 2, 0, 7, 0, 6, 6, 9, 0, 3, 0, 0, 1, 0, 0, : 9, 9, 3, 9, 2, 2, 7, 6, 6, 9, 3, 1, 
192: 3, 2, 6, 7, 4, 0, 9, 5, 9, 0, 1, 0, 3, 0, 0, 0, 8, 9, 0, 1, : 3, 2, 6, 7, 4, 9, 5, 9, 1, 3, 8, 9, 1, 


186: 9, 0, 2, 0, 65, 0, 0, 9, 1, 0, 0, 0, 0, 0, 0, 7, 0, 0, 0, 0, : 9, 2, 65, 9, 1, 7, 
150: 1, 9, 1, 2, 1, 62, 0, 0, 0, 0, 0, 5, 8, 3, 0, 10, 0, 1, 0, 0, : 1, 9, 1, 2, 1, 62, 5, 8, 3, 10, 1, 
157: 7, 5, 5, 7, 1, 0, 10, 10, 9, 0, 6, 3, 0, 0, 63, 0, 0, 3, 0, 0, : 7, 5, 5, 7, 1, 10, 10, 9, 6, 3, 63, 3, 
67: 0, 9, 0, 9, 1, 0, 0, 7, 4, 0, 0, 5, 4, 0, 0, 8, 0, 0, 9, 0, : 9, 9, 1, 7, 4, 5, 4, 8, 9, 
191: 7, 8, 2, 0, 0, 0, 0, 4, 2, 8, 0, 8, 63, 0, 0, 0, 0, 0, 0, 0, : 7, 8, 2, 4, 2, 8, 8, 63, 
152: 0, 3, 9, 0, 0, 0, 0, 10, 0, 0, 0, 6, 0, 2, 0, 8, 64, 0, 0, 0, : 3, 9, 10, 6, 2, 8, 64, 
143: 2, 10, 2, 5, 0, 3, 0, 8, 1, 0, 62, 2, 0, 0, 7, 1, 0, 6, 67, 2, : 2, 10, 2, 5, 3, 8, 1, 62, 2, 7, 1, 6, 67, 2, 
166: 1, 0, 5, 2, 0, 0, 0, 4, 1, 0, 7, 7, 0, 66, 5, 0, 8, 68, 0, 0, : 1, 5, 2, 4, 1, 7, 7, 66, 5, 8, 68, 
98: 9, 10, 9, 0, 1, 9, 0, 6, 2, 0, 0, 1, 1, 0, 0, 10, 0, 2, 4, 1, : 9, 10, 9, 1, 9, 6, 2, 1, 1, 10, 2, 4, 1, 
140: 5, 0, 8, 1, 0, 0, 5, 1, 0, 61, 0, 0, 0, 0, 0, 10, 0, 0, 0, 0, : 5, 8, 1, 5, 1, 61, 10, 
109: 5, 2, 9, 0, 0, 0, 0, 9, 8, 0, 0, 4, 4, 0, 0, 1, 0, 0, 0, 0, : 5, 2, 9, 9, 8, 4, 4, 1, 
137: 4, 1, 1, 9, 0, 0, 0, 0, 10, 0, 5, 6, 0, 0, 0, 5, 0, 0, 0, 0, : 4, 1, 1, 9, 10, 5, 6, 5, 
91: 2, 1, 1, 10, 9, 0, 1, 0, 10, 0, 0, 5, 0, 0, 0, 0, 0, 0, 0, 10, : 2, 1, 1, 10, 9, 1, 10, 5, 10, 
94: 3, 0, 4, 8, 0, 0, 0, 2, 1, 0, 0, 2, 0, 0, 0, 0, 0, 0, 0, 0, : 3, 4, 8, 2, 1, 2, 
3: 10, 4, 0, 0, 0, 0, 0, 1, 6, 0, 0, 10, 0, 0, 0, 9, 0, 0, 0, 0, : 10, 4, 1, 6, 10, 9, 
153: 7, 8, 9, 9, 0, 0, 0, 0, 2, 10, 0, 5, 0, 6, 0, 0, 0, 0, 0, 0, : 7, 8, 9, 9, 2, 10, 5, 6, 
160: 3, 0, 1, 7, 2, 0, 0, 1, 4, 0, 0, 2, 0, 2, 5, 0, 0, 0, 0, 1, : 3, 1, 7, 2, 1, 4, 2, 2, 5, 1, 
182: 3, 9, 1, 0, 0, 6, 0, 0, 9, 0, 0, 1, 0, 0, 0, 2, 0, 0, 0, 64, : 3, 9, 1, 6, 9, 1, 2, 64, 
141: 0, 1, 10, 2, 0, 0, 0, 6, 9, 0, 0, 7, 0, 1, 0, 6, 0, 0, 0, 2, : 1, 10, 2, 6, 9, 7, 1, 6, 2, 
34: 2, 0, 1, 9, 0, 0, 64, 2, 1, 1, 0, 1, 0, 0, 0, 3, 8, 0, 0, 0, : 2, 1, 9, 64, 2, 1, 1, 1, 3, 8, 


56: 6, 2, 2, 1, 0, 0, 10, 0, 61, 0, 0, 6, 0, 0, 6, 0, 7, 0, 0, 6, : 6, 2, 2, 1, 10, 61, 6, 6, 7, 6, 
154: 0, 1, 7, 5, 0, 65, 7, 60, 0, 0, 0, 6, 0, 0, 0, 0, 1, 0, 1, 7, : 1, 7, 5, 65, 7, 60, 6, 1, 1, 7, 
23: 10, 5, 9, 0, 0, 7, 5, 0, 4, 0, 0, 1, 5, 63, 1, 3, 7, 1, 9, 6, : 10, 5, 9, 7, 5, 4, 1, 5, 63, 1, 3, 7, 1, 9, 6, 
77: 0, 2, 9, 8, 0, 0, 9, 0, 0, 0, 1, 2, 60, 0, 0, 1, 5, 0, 0, 8, : 2, 9, 8, 9, 1, 2, 60, 1, 5, 8, 
15: 0, 6, 3, 1, 69, 0, 2, 2, 0, 0, 5, 2, 0, 0, 63, 63, 9, 67, 0, 7, : 6, 3, 1, 69, 2, 2, 5, 2, 63, 63, 9, 67, 7, 
47: 0, 2, 4, 0, 0, 4, 0, 0, 1, 0, 0, 2, 0, 0, 2, 0, 2, 0, 60, 1, : 2, 4, 4, 1, 2, 2, 2, 60, 1, 
139: 5, 5, 1, 0, 0, 0, 0, 0, 0, 5, 0, 10, 0, 0, 0, 0, 2, 9, 0, 2, : 5, 5, 1, 5, 10, 2, 9, 2, 
158: 8, 2, 1, 6, 0, 0, 7, 0, 0, 1, 0, 1, 7, 4, 0, 4, 2, 0, 0, 3, : 8, 2, 1, 6, 7, 1, 1, 7, 4, 4, 2, 3, 
70: 0, 0, 3, 8, 0, 1, 0, 0, 1, 0, 0, 2, 0, 0, 2, 1, 3, 0, 0, 0, : 3, 8, 1, 1, 2, 2, 1, 3, 
18: 5, 4, 6, 8, 0, 0, 0, 0, 0, 67, 1, 5, 0, 1, 0, 0, 3, 0, 0, 0, : 5, 4, 6, 8, 67, 1, 5, 1, 3, 
190: 0, 2, 3, 3, 2, 0, 6, 0, 0, 5, 0, 8, 0, 0, 4, 0, 5, 0, 0, 4, : 2, 3, 3, 2, 6, 5, 8, 4, 5, 4, 
162: 10, 8, 1, 7, 0, 3, 0, 3, 0, 0, 0, 5, 0, 10, 0, 0, 1, 0, 0, 0, : 10, 8, 1, 7, 3, 3, 5, 10, 1, 
119: 1, 5, 0, 7, 1, 0, 0, 0, 5, 0, 68, 7, 0, 0, 0, 0, 8, 0, 0, 9, : 1, 5, 7, 1, 5, 68, 7, 8, 9, 
163: 0, 4, 8, 8, 3, 0, 1, 0, 0, 0, 4, 4, 3, 2, 2, 8, 1, 0, 0, 1, : 4, 8, 8, 3, 1, 4, 4, 3, 2, 2, 8, 1, 1, 
49: 8, 10, 6, 5, 0, 0, 7, 9, 0, 2, 0, 1, 5, 0, 0, 0, 2, 0, 1, 10, : 8, 10, 6, 5, 7, 9, 2, 1, 5, 2, 1, 10, 
170: 10, 2, 10, 0, 0, 0, 0, 0, 6, 0, 0, 1, 0, 0, 0, 0, 6, 0, 0, 8, : 10, 2, 10, 6, 1, 6, 8, 
175: 0, 3, 1, 2, 5, 0, 8, 1, 0, 0, 0, 1, 0, 0, 0, 0, 8, 0, 0, 0, : 3, 1, 2, 5, 8, 1, 1, 8, 
74: 5, 5, 5, 6, 0, 0, 0, 3, 2, 0, 0, 9, 0, 0, 0, 0, 1, 3, 0, 3, : 5, 5, 5, 6, 3, 2, 9, 1, 3, 3, 
41: 8, 5, 0, 5, 0, 0, 10, 2, 0, 0, 1, 1, 0, 0, 0, 0, 2, 0, 9, 5, : 8, 5, 5, 10, 2, 1, 1, 2, 9, 5, 
72: 4, 7, 1, 0, 0, 0, 8, 0, 0, 0, 0, 6, 0, 0, 0, 0, 5, 0, 0, 0, : 4, 7, 1, 8, 6, 5, 


25: 0, 0, 0, 5, 0, 5, 0, 7, 0, 0, 0, 0, 1, 1, 0, 0, 1, 2, 0, 1, : 5, 5, 7, 1, 1, 1, 2, 1, 
51: 69, 0, 8, 8, 2, 10, 0, 7, 4, 0, 5, 65, 3, 5, 0, 1, 0, 9, 0, 0, : 69, 8, 8, 2, 10, 7, 4, 5, 65, 3, 5, 1, 9, 
115: 0, 0, 10, 2, 0, 4, 0, 0, 0, 5, 68, 0, 10, 9, 0, 0, 2, 1, 4, 10, : 10, 2, 4, 5, 68, 10, 9, 2, 1, 4, 10, 
10: 0, 68, 8, 2, 4, 0, 0, 3, 8, 60, 0, 0, 7, 4, 0, 0, 5, 7, 0, 2, : 68, 8, 2, 4, 3, 8, 60, 7, 4, 5, 7, 2, 
11: 0, 1, 1, 0, 0, 9, 0, 8, 0, 0, 1, 0, 6, 1, 0, 60, 0, 3, 0, 0, : 1, 1, 9, 8, 1, 6, 1, 60, 3, 
87: 0, 0, 6, 0, 0, 1, 1, 10, 1, 1, 0, 6, 0, 1, 0, 0, 9, 9, 61, 9, : 6, 1, 1, 10, 1, 1, 6, 1, 9, 9, 61, 9, 
193: 0, 5, 5, 4, 0, 8, 0, 0, 0, 2, 0, 0, 4, 2, 0, 7, 9, 0, 4, 0, : 5, 5, 4, 8, 2, 4, 2, 7, 9, 4, 
71: 0, 0, 2, 0, 8, 4, 0, 4, 0, 0, 0, 0, 9, 4, 0, 0, 9, 0, 0, 0, : 2, 8, 4, 4, 9, 4, 9, 
168: 0, 0, 0, 9, 7, 0, 0, 0, 0, 0, 2, 0, 9, 5, 0, 2, 7, 5, 0, 5, : 9, 7, 2, 9, 5, 2, 7, 5, 5, 
114: 0, 0, 7, 9, 0, 4, 0, 7, 1, 2, 2, 0, 2, 10, 0, 1, 0, 9, 0, 0, : 7, 9, 4, 7, 1, 2, 2, 2, 10, 1, 9, 
169: 5, 0, 1, 8, 6, 0, 0, 1, 1, 0, 0, 0, 10, 0, 0, 0, 0, 0, 0, 0, : 5, 1, 8, 6, 1, 1, 10, 
83: 0, 0, 0, 4, 0, 6, 69, 7, 1, 2, 0, 0, 0, 7, 1, 0, 5, 7, 0, 1, : 4, 6, 69, 7, 1, 2, 7, 1, 5, 7, 1, 
100: 0, 0, 0, 9, 3, 9, 0, 0, 62, 0, 2, 3, 4, 4, 0, 1, 0, 0, 3, 4, : 9, 3, 9, 62, 2, 3, 4, 4, 1, 3, 4, 
118: 6, 1, 0, 3, 9, 6, 0, 10, 2, 0, 0, 0, 2, 3, 0, 0, 7, 0, 0, 6, : 6, 1, 3, 9, 6, 10, 2, 2, 3, 7, 6, 
90: 0, 0, 6, 9, 8, 5, 5, 4, 0, 0, 0, 3, 0, 9, 8, 8, 0, 5, 0, 6, : 6, 9, 8, 5, 5, 4, 3, 9, 8, 8, 5, 6, 
31: 0, 0, 9, 3, 6, 2, 0, 0, 0, 6, 0, 0, 0, 7, 69, 0, 9, 5, 0, 8, : 9, 3, 6, 2, 6, 7, 69, 9, 5, 8, 
184: 0, 1, 4, 2, 3, 0, 0, 4, 0, 0, 0, 0, 0, 0, 0, 0, 5, 1, 4, 4, : 1, 4, 2, 3, 4, 5, 1, 4, 4, 
9: 0, 1, 0, 1, 6, 0, 0, 7, 0, 0, 0, 0, 5, 4, 0, 0, 4, 7, 4, 4, : 1, 1, 6, 7, 5, 4, 4, 7, 4, 4, 
173: 0, 0, 9, 0, 9, 1, 0, 0, 0, 0, 0, 3, 2, 0, 0, 0, 7, 10, 0, 10, : 9, 9, 1, 3, 2, 7, 10, 10, 
85: 0, 3, 4, 2, 9, 6, 5, 1, 0, 2, 0, 0, 6, 4, 2, 0, 1, 0, 0, 10, : 3, 4, 2, 9, 6, 5, 1, 2, 6, 4, 2, 1, 10, 


146: 3, 0, 1, 1, 0, 1, 9, 0, 7, 0, 0, 0, 5, 0, 0, 0, 7, 4, 0, 0, : 3, 1, 1, 1, 9, 7, 5, 7, 4, 
39: 3, 0, 5, 9, 0, 5, 0, 0, 2, 0, 0, 0, 2, 0, 0, 0, 4, 2, 0, 4, : 3, 5, 9, 5, 2, 2, 4, 2, 4, 
89: 10, 2, 1, 3, 0, 9, 9, 0, 2, 0, 9, 4, 9, 4, 0, 0, 9, 5, 0, 0, : 10, 2, 1, 3, 9, 9, 2, 9, 4, 9, 4, 9, 5, 
116: 7, 1, 5, 0, 3, 0, 10, 0, 2, 0, 8, 6, 3, 1, 0, 0, 8, 0, 0, 0, : 7, 1, 5, 3, 10, 2, 8, 6, 3, 1, 8, 
63: 4, 0, 1, 3, 0, 0, 1, 0, 4, 0, 4, 0, 2, 10, 0, 0, 2, 9, 0, 0, : 4, 1, 3, 1, 4, 4, 2, 10, 2, 9, 
43: 6, 1, 8, 0, 0, 4, 7, 0, 4, 60, 2, 62, 0, 0, 0, 0, 1, 10, 2, 0, : 6, 1, 8, 4, 7, 4, 60, 2, 62, 1, 10, 2, 
8: 9, 0, 5, 2, 0, 4, 6, 0, 1, 1, 0, 0, 0, 0, 2, 0, 0, 2, 0, 1, : 9, 5, 2, 4, 6, 1, 1, 2, 2, 1, 
45: 6, 0, 3, 10, 63, 7, 5, 9, 10, 1, 2, 0, 8, 0, 0, 0, 1, 2, 0, 0, : 6, 3, 10, 63, 7, 5, 9, 10, 1, 2, 8, 1, 2, 
44: 5, 0, 0, 0, 0, 0, 8, 0, 8, 0, 8, 0, 1, 0, 0, 0, 0, 0, 0, 0, : 5, 8, 8, 8, 1, 
120: 4, 3, 0, 9, 0, 5, 1, 0, 2, 0, 1, 0, 1, 0, 4, 0, 0, 4, 4, 0, : 4, 3, 9, 5, 1, 2, 1, 1, 4, 4, 4, 
181: 5, 0, 5, 10, 1, 2, 6, 0, 6, 0, 7, 0, 2, 65, 0, 0, 3, 3, 0, 0, : 5, 5, 10, 1, 2, 6, 6, 7, 2, 65, 3, 3, 
185: 3, 0, 0, 3, 0, 8, 0, 0, 8, 0, 9, 0, 10, 0, 0, 0, 4, 0, 63, 0, : 3, 3, 8, 8, 9, 10, 4, 63, 
134: 1, 0, 0, 3, 0, 8, 2, 0, 1, 0, 8, 0, 5, 0, 7, 68, 8, 9, 0, 8, : 1, 3, 8, 2, 1, 8, 5, 7, 68, 8, 9, 8, 
174: 1, 0, 5, 2, 6, 4, 2, 0, 2, 0, 0, 0, 3, 0, 3, 0, 1, 10, 0, 6, : 1, 5, 2, 6, 4, 2, 2, 3, 3, 1, 10, 6, 
7: 1, 63, 7, 10, 0, 1, 7, 2, 5, 0, 7, 0, 0, 0, 0, 0, 7, 9, 0, 0, : 1, 63, 7, 10, 1, 7, 2, 5, 7, 7, 9, 
55: 0, 0, 10, 4, 0, 6, 0, 0, 1, 2, 0, 8, 8, 0, 62, 1, 2, 3, 1, 0, : 10, 4, 6, 1, 2, 8, 8, 62, 1, 2, 3, 1, 
183: 3, 0, 6, 0, 0, 2, 1, 0, 0, 10, 3, 0, 7, 0, 1, 0, 6, 0, 0, 0, : 3, 6, 2, 1, 10, 3, 7, 1, 6, 
199: 0, 0, 9, 1, 7, 3, 0, 0, 1, 0, 9, 0, 3, 0, 0, 5, 6, 0, 10, 0, : 9, 1, 7, 3, 1, 9, 3, 5, 6, 10, 
96: 3, 10, 7, 0, 0, 5, 1, 69, 6, 0, 3, 0, 5, 0, 0, 6, 6, 8, 0, 0, : 3, 10, 7, 5, 1, 69, 6, 3, 5, 6, 6, 8, 
124: 6, 0, 2, 10, 0, 6, 5, 0, 8, 6, 0, 0, 6, 0, 1, 0, 5, 0, 0, 61, : 6, 2, 10, 6, 5, 8, 6, 6, 1, 5, 61, 


21: 1, 0, 2, 0, 2, 7, 0, 0, 0, 0, 9, 0, 10, 0, 0, 9, 0, 2, 1, 0, : 1, 2, 2, 7, 9, 10, 9, 2, 1, 
28: 0, 0, 0, 67, 1, 6, 1, 2, 0, 65, 4, 0, 2, 1, 0, 9, 1, 7, 0, 8, : 67, 1, 6, 1, 2, 65, 4, 2, 1, 9, 1, 7, 8, 
97: 7, 61, 0, 0, 9, 0, 0, 0, 0, 0, 7, 10, 0, 0, 63, 9, 9, 8, 0, 5, : 7, 61, 9, 7, 10, 63, 9, 9, 8, 5, 
128: 7, 3, 0, 0, 3, 8, 0, 0, 0, 0, 0, 0, 8, 0, 3, 3, 7, 5, 0, 0, : 7, 3, 3, 8, 8, 3, 3, 7, 5, 
131: 0, 0, 1, 0, 5, 3, 0, 0, 0, 0, 0, 0, 7, 0, 0, 2, 7, 7, 0, 0, : 1, 5, 3, 7, 2, 7, 7, 
78: 1, 0, 0, 2, 0, 0, 0, 63, 0, 0, 5, 0, 4, 5, 1, 3, 2, 4, 0, 8, : 1, 2, 63, 5, 4, 5, 1, 3, 2, 4, 8, 
13: 0, 0, 0, 0, 8, 7, 0, 0, 62, 0, 8, 0, 3, 5, 0, 2, 4, 4, 7, 6, : 8, 7, 62, 8, 3, 5, 2, 4, 4, 7, 6, 
147: 10, 0, 6, 0, 0, 0, 0, 4, 0, 0, 8, 0, 7, 0, 0, 0, 2, 2, 63, 3, : 10, 6, 4, 8, 7, 2, 2, 63, 3, 
117: 0, 8, 0, 0, 10, 1, 4, 0, 0, 0, 4, 0, 1, 0, 0, 10, 2, 7, 0, 0, : 8, 10, 1, 4, 4, 1, 10, 2, 7, 
80: 9, 4, 0, 1, 3, 9, 0, 0, 1, 0, 3, 0, 1, 1, 4, 0, 8, 5, 0, 0, : 9, 4, 1, 3, 9, 1, 3, 1, 1, 4, 8, 5, 
79: 9, 1, 0, 3, 0, 9, 0, 0, 9, 0, 5, 0, 7, 0, 0, 6, 2, 4, 0, 0, : 9, 1, 3, 9, 9, 5, 7, 6, 2, 4, 
103: 3, 0, 0, 0, 5, 5, 0, 10, 1, 0, 10, 0, 6, 0, 2, 1, 3, 1, 0, 9, : 3, 5, 5, 10, 1, 10, 6, 2, 1, 3, 1, 9, 
38: 10, 0, 0, 0, 3, 9, 65, 0, 7, 3, 0, 0, 0, 0, 0, 0, 4, 7, 3, 2, : 10, 3, 9, 65, 7, 3, 4, 7, 3, 2, 
6: 0, 0, 1, 3, 0, 0, 6, 1, 0, 10, 5, 0, 10, 0, 2, 4, 5, 2, 6, 3, : 1, 3, 6, 1, 10, 5, 10, 2, 4, 5, 2, 6, 3, 
132: 3, 0, 0, 3, 2, 1, 3, 0, 0, 0, 0, 1, 1, 1, 0, 0, 0, 4, 0, 5, : 3, 3, 2, 1, 3, 1, 1, 1, 4, 5, 
122: 0, 3, 2, 0, 9, 0, 0, 0, 0, 0, 0, 69, 0, 67, 0, 3, 7, 2, 0, 7, : 3, 2, 9, 69, 67, 3, 7, 2, 7, 
76: 6, 0, 66, 0, 5, 0, 0, 0, 0, 0, 4, 0, 1, 0, 5, 8, 6, 2, 0, 10, : 6, 66, 5, 4, 1, 5, 8, 6, 2, 10, 
36: 7, 0, 2, 0, 8, 3, 1, 0, 0, 2, 3, 0, 6, 0, 0, 10, 1, 2, 0, 0, : 7, 2, 8, 3, 1, 2, 3, 6, 10, 1, 2, 
46: 2, 0, 0, 1, 1, 6, 0, 0, 0, 0, 5, 0, 0, 0, 0, 0, 7, 2, 0, 9, : 2, 1, 1, 6, 5, 7, 2, 9, 
57: 5, 0, 0, 0, 6, 6, 0, 0, 0, 0, 0, 0, 6, 0, 0, 1, 3, 3, 0, 5, : 5, 6, 6, 6, 1, 3, 3, 5, 


65: 0, 0, 6, 3, 9, 5, 4, 6, 1, 1, 0, 0, 8, 0, 0, 5, 2, 0, 10, 0, : 6, 3, 9, 5, 4, 6, 1, 1, 8, 5, 2, 10, 
99: 0, 0, 1, 7, 9, 0, 9, 5, 0, 2, 0, 5, 6, 0, 0, 0, 0, 2, 8, 0, : 1, 7, 9, 9, 5, 2, 5, 6, 2, 8, 
107: 0, 0, 1, 7, 0, 0, 5, 1, 2, 7, 0, 0, 3, 10, 1, 1, 8, 0, 4, 0, : 1, 7, 5, 1, 2, 7, 3, 10, 1, 1, 8, 4, 
2: 0, 0, 0, 7, 4, 4, 7, 0, 3, 1, 0, 0, 5, 5, 0, 0, 9, 0, 1, 0, : 7, 4, 4, 7, 3, 1, 5, 5, 9, 1, 
194: 4, 0, 2, 5, 8, 0, 7, 5, 4, 5, 1, 0, 2, 1, 0, 9, 8, 61, 5, 0, : 4, 2, 5, 8, 7, 5, 4, 5, 1, 2, 1, 9, 8, 61, 5, 
133: 0, 0, 8, 7, 6, 64, 0, 7, 6, 1, 60, 64, 4, 2, 0, 0, 8, 0, 1, 1, : 8, 7, 6, 64, 7, 6, 1, 60, 64, 4, 2, 8, 1, 1, 
88: 0, 0, 9, 1, 0, 0, 5, 6, 1, 1, 2, 0, 1, 3, 0, 8, 0, 9, 4, 0, : 9, 1, 5, 6, 1, 1, 2, 1, 3, 8, 9, 4, 
48: 0, 0, 0, 3, 3, 1, 2, 4, 7, 9, 1, 0, 2, 3, 0, 7, 6, 0, 5, 0, : 3, 3, 1, 2, 4, 7, 9, 1, 2, 3, 7, 6, 5, 
20: 0, 0, 5, 0, 0, 0, 0, 1, 3, 4, 0, 0, 0, 0, 0, 4, 4, 0, 2, 0, : 5, 1, 3, 4, 4, 4, 2, 
136: 2, 0, 8, 9, 0, 0, 0, 0, 6, 6, 0, 0, 6, 7, 65, 8, 4, 0, 0, 0, : 2, 8, 9, 6, 6, 6, 7, 65, 8, 4, 
5: 0, 0, 0, 7, 8, 0, 7, 10, 2, 7, 0, 5, 9, 2, 0, 9, 3, 0, 7, 1, : 7, 8, 7, 10, 2, 7, 5, 9, 2, 9, 3, 7, 1, 
151: 0, 0, 0, 0, 0, 0, 5, 3, 1, 1, 0, 0, 7, 7, 0, 6, 1, 5, 8, 0, : 5, 3, 1, 1, 7, 7, 6, 1, 5, 8, 
129: 1, 0, 0, 1, 1, 0, 0, 5, 6, 4, 0, 0, 5, 9, 0, 1, 0, 0, 2, 0, : 1, 1, 1, 5, 6, 4, 5, 9, 1, 2, 
60: 0, 0, 0, 3, 8, 0, 8, 9, 5, 6, 0, 0, 3, 9, 1, 10, 3, 0, 8, 67, : 3, 8, 8, 9, 5, 6, 3, 9, 1, 10, 3, 8, 67, 
126: 0, 0, 7, 7, 1, 0, 2, 5, 1, 10, 0, 0, 2, 8, 0, 3, 7, 0, 0, 0, : 7, 7, 1, 2, 5, 1, 10, 2, 8, 3, 7, 
16: 0, 7, 10, 0, 0, 0, 1, 4, 7, 5, 0, 0, 2, 6, 0, 5, 3, 0, 0, 0, : 7, 10, 1, 4, 7, 5, 2, 6, 5, 3, 
178: 67, 65, 1, 9, 10, 0, 8, 3, 6, 6, 10, 0, 2, 6, 5, 0, 10, 3, 3, 1, : 67, 65, 1, 9, 10, 8, 3, 6, 6, 10, 2, 6, 5, 10, 3, 3, 1, 
167: 0, 0, 9, 1, 6, 0, 0, 0, 9, 0, 0, 6, 2, 0, 0, 0, 0, 0, 5, 9, : 9, 1, 6, 9, 6, 2, 5, 9, 
33: 6, 8, 7, 2, 7, 5, 1, 4, 0, 3, 6, 0, 2, 2, 0, 2, 4, 0, 7, 1, : 6, 8, 7, 2, 7, 5, 1, 4, 3, 6, 2, 2, 2, 4, 7, 1, 
197: 0, 0, 6, 1, 0, 1, 9, 2, 10, 1, 0, 0, 9, 0, 8, 2, 0, 0, 0, 0, : 6, 1, 1, 9, 2, 10, 1, 9, 8, 2, 


