
200
20
80
1

3: 0, 4, 0, 1, 6, 0, 0, 0, 0, 0, 0, 0, 4, 0, 7, 0, 64, 0, 0, 0, 0, 0, 9, 0, 61, 1, 1, 1, 0, 6, 0, 5, 3, 9, 0, 0, 0, 0, 0, 0, 4, 0, 0, 3, 10, 70, 0, 3, 0, 0, 0, 8, 0, 0, 5, 0, 6, 0, 9, 0, 2, 0, 6, 0, 0, 0, 2, 0, 0, 1, 2, 0, 6, 1, 5, 0, 6, 0, 0, 0, 1, 0, 2, 0, 0, 0, 0, 0, 2, 6, 3, 0, 0, 0, 0, 0, 0, 0, 0, 0, 2, 3, 6, 0, 0, 0, 0, 0, 6, 6, 4, 4, 10, 0, 1, 0, 2, 0, 0, 0, 0, 0, 0, 0, 0, 0, 0, 0, 0, 0, 0, 2, 5, 0, 2, 0, 6, 10, 68, 0, 1, 0, 0, 0, 0, 8, 0, 9, 0, 0, 0, 0, 0, 0, 1, 4, 0, 10, 0, 60, 0, 6, 0, 0, 0, 0, 3, 0, 0, 7, 1, 8, 4, 0, 0, 0, 0, 0, 3, 1, 1, 3, 0, 0, 10, 0, 0, 0, 0, 1, 3, 0, 0, 2, 2, 0, 61, 0, 0, 0, : 4, 1, 6, 4, 7, 64, 9, 61, 1, 1, 1, 6, 5, 3, 9, 4, 3, 10, 70, 3, 8, 5, 6, 9, 2, 6, 2, 1, 2, 6, 1, 5, 6, 1, 2, 2, 6, 3, 2, 3, 6, 6, 6, 4, 4, 10, 1, 2, 2, 5, 2, 6, 10, 68, 1, 8, 9, 1, 4, 10, 60, 6, 3, 7, 1, 8, 4, 3, 1, 1, 3, 10, 1, 3, 2, 2, 61, 
12: 0, 0, 0, 9, 8, 10, 0, 0, 0, 0, 0, 0, 0, 0, 0, 0, 0, 9, 0, 1, 0, 1, 0, 0, 4, 2, 2, 0, 0, 2, 4, 2, 0, 0, 0, 0, 0, 0, 0, 1, 0, 0, 0, 0, 4, 0, 0, 0, 0, 6, 0, 6, 0, 0, 0, 0, 0, 0, 0, 0, 0, 0, 10, 0, 0, 9, 62, 0, 0, 0, 2, 0, 5, 65, 10, 0, 10, 0, 5, 7, 1, 0, 1, 0, 0, 0, 0, 0, 61, 0, 9, 62, 0, 0, 0, 60, 0, 0, 0, 0, 0, 1, 2, 5, 0, 0, 0, 0, 0, 1, 0, 0, 5, 0, 0, 0, 3, 0, 0, 0, 63, 0, 0, 0, 0, 9, 0, 0, 7, 9, 0, 5, 0, 0, 0, 0, 0, 2, 0, 0, 0, 70, 0, 10, 1, 0, 0, 0, 0, 60, 0, 0, 1, 0, 0, 0, 1, 0, 0, 9, 0, 9, 0, 0, 0, 0, 1, 0, 0, 5, 2, 4, 0, 0, 0, 0, 0, 0, 1, 10, 10, 0, 1, 0, 0, 1, 0, 0, 0, 0, 1, 2, 4, 0, 66, 0, 8, 0, 0, 0, : 9, 8, 10, 9, 1, 1, 4, 2, 2, 2, 4, 2, 1, 4, 6, 6, 10, 9, 62, 2, 5, 65, 10, 10, 5, 7, 1, 1, 61, 9, 62, 60, 1, 2, 5, 1, 5, 3, 63, 9, 7, 9, 5, 2, 70, 10, 1, 60, 1, 1, 9, 9, 1, 5, 2, 4, 1, 10, 10, 1, 1, 1, 2, 4, 66, 8, 
11: 0, 0, 0, 6, 8, 4, 10, 0, 1, 0, 0, 0, 0, 0, 0, 0, 4, 10, 0, 8, 0, 0, 0, 4, 0, 0, 0, 0, 0, 0, 0, 2, 0, 0, 0, 0, 4, 10, 66, 6, 0, 0, 1, 0, 8, 0, 0, 5, 0, 0, 0, 5, 0, 0, 0, 69, 7, 1, 10, 0, 0, 0, 0, 7, 3, 70, 9, 0, 0, 65, 0, 0, 2, 0, 0, 0, 0, 0, 0, 1, 0, 69, 1, 66, 0, 6, 0, 0, 0, 0, 4, 0, 0, 1, 0, 0, 0, 4, 0, 0, 0, 9, 9, 0, 0, 0, 0, 5, 0, 0, 10, 4, 4, 0, 61, 2, 0, 0, 3, 0, 3, 1, 0, 0, 0, 0, 0, 0, 1, 9, 0, 2, 0, 0, 1, 2, 2, 0, 0, 0, 2, 0, 8, 4, 0, 6, 0, 4, 65, 8, 0, 2, 0, 0, 0, 61, 8, 2, 0, 6, 1, 0, 0, 1, 0, 0, 0, 2, 0, 9, 5, 8, 0, 7, 1, 0, 0, 0, 6, 3, 0, 0, 0, 0, 0, 1, 0, 0, 0, 0, 65, 0, 0, 0, 0, 0, 10, 0, 0, 5, : 6, 8, 4, 10, 1, 4, 10, 8, 4, 2, 4, 10, 66, 6, 1, 8, 5, 5, 69, 7, 1, 10, 7, 3, 70, 9, 65, 2, 1, 69, 1, 66, 6, 4, 1, 4, 9, 9, 5, 10, 4, 4, 61, 2, 3, 3, 1, 1, 9, 2, 1, 2, 2, 2, 8, 4, 6, 4, 65, 8, 2, 61, 8, 2, 6, 1, 1, 2, 9, 5, 8, 7, 1, 6, 3, 1, 65, 10, 5, 
13: 0, 0, 0, 5, 5, 0, 0, 10, 7, 0, 0, 0, 0, 0, 0, 2, 0, 0, 0, 7, 0, 0, 0, 0, 0, 0, 6, 4, 0, 1, 0, 4, 0, 69, 5, 0, 0, 0, 0, 63, 0, 0, 0, 0, 10, 0, 0, 0, 0, 0, 9, 1, 0, 0, 0, 0, 6, 0, 4, 0, 1, 7, 0, 0, 0, 0, 0, 3, 0, 0, 0, 0, 2, 0, 7, 0, 10, 0, 0, 8, 66, 0, 10, 0, 0, 0, 6, 0, 0, 0, 7, 0, 0, 10, 0, 0, 0, 0, 5, 0, 0, 0, 0, 0, 60, 0, 0, 0, 0, 0, 6, 6, 6, 0, 0, 0, 1, 1, 1, 65, 0, 3, 0, 0, 0, 0, 0, 0, 0, 7, 0, 1, 0, 0, 0, 0, 3, 8, 0, 7, 0, 0, 0, 5, 8, 9, 1, 0, 0, 4, 2, 1, 0, 0, 0, 0, 0, 0, 0, 0, 0, 0, 2, 0, 0, 1, 0, 0, 0, 0, 1, 6, 0, 0, 0, 0, 0, 0, 9, 0, 9, 0, 7, 0, 0, 0, 7, 0, 9, 0, 0, 0, 0, 0, 0, 0, 0, 2, 64, 0, : 5, 5, 10, 7, 2, 7, 6, 4, 1, 4, 69, 5, 63, 10, 9, 1, 6, 4, 1, 7, 3, 2, 7, 10, 8, 66, 10, 6, 7, 10, 5, 60, 6, 6, 6, 1, 1, 1, 65, 3, 7, 1, 3, 8, 7, 5, 8, 9, 1, 4, 2, 1, 2, 1, 1, 6, 9, 9, 7, 7, 9, 2, 64, 
2: 1, 68, 0, 0, 3, 0, 0, 0, 2, 0, 8, 1, 2, 6, 0, 0, 0, 0, 0, 0, 0, 1, 0, 0, 0, 0, 8, 9, 0, 9, 0, 1, 0, 0, 0, 0, 1, 0, 1, 4, 0, 0, 9, 3, 4, 0, 0, 1, 3, 0, 0, 8, 0, 0, 0, 3, 0, 0, 2, 61, 0, 0, 0, 0, 0, 0, 0, 0, 0, 0, 0, 0, 0, 0, 1, 0, 0, 8, 2, 7, 0, 1, 4, 5, 1, 1, 0, 0, 0, 0, 9, 0, 0, 0, 0, 6, 0, 7, 0, 0, 67, 6, 2, 0, 0, 0, 0, 4, 5, 0, 0, 1, 10, 62, 0, 0, 0, 0, 0, 0, 1, 9, 9, 0, 0, 6, 0, 0, 0, 1, 61, 6, 0, 0, 0, 0, 6, 9, 6, 0, 0, 0, 6, 1, 1, 1, 2, 1, 0, 4, 0, 0, 0, 64, 3, 5, 0, 0, 1, 0, 0, 8, 64, 0, 0, 0, 0, 60, 0, 0, 0, 3, 0, 0, 0, 69, 0, 2, 4, 0, 3, 0, 0, 0, 0, 0, 0, 0, 0, 4, 0, 66, 5, 0, 7, 3, 0, 10, 10, 0, : 1, 68, 3, 2, 8, 1, 2, 6, 1, 8, 9, 9, 1, 1, 1, 4, 9, 3, 4, 1, 3, 8, 3, 2, 61, 1, 8, 2, 7, 1, 4, 5, 1, 1, 9, 6, 7, 67, 6, 2, 4, 5, 1, 10, 62, 1, 9, 9, 6, 1, 61, 6, 6, 9, 6, 6, 1, 1, 1, 2, 1, 4, 64, 3, 5, 1, 8, 64, 60, 3, 69, 2, 4, 3, 4, 66, 5, 7, 3, 10, 10, 
19: 7, 0, 4, 7, 1, 0, 0, 0, 1, 2, 0, 0, 0, 3, 0, 68, 0, 0, 0, 2, 3, 0, 0, 4, 0, 0, 0, 4, 0, 2, 0, 3, 1, 0, 0, 0, 5, 62, 0, 0, 6, 0, 0, 0, 0, 3, 0, 4, 0, 0, 2, 1, 0, 0, 1, 0, 0, 6, 7, 0, 1, 1, 0, 0, 0, 0, 0, 63, 0, 0, 3, 0, 10, 0, 6, 0, 4, 0, 0, 1, 0, 0, 0, 0, 0, 0, 0, 0, 9, 1, 4, 0, 1, 0, 63, 5, 2, 0, 0, 61, 0, 9, 4, 0, 1, 0, 0, 0, 9, 1, 0, 5, 4, 0, 2, 0, 1, 61, 4, 1, 6, 0, 0, 0, 8, 10, 0, 0, 0, 2, 0, 4, 1, 66, 0, 0, 1, 4, 0, 70, 0, 0, 61, 2, 0, 5, 60, 0, 0, 0, 62, 0, 0, 0, 0, 1, 0, 0, 0, 0, 2, 3, 2, 0, 0, 0, 0, 7, 0, 0, 6, 4, 0, 0, 0, 0, 0, 0, 0, 1, 2, 0, 0, 0, 0, 0, 67, 0, 0, 63, 0, 2, 0, 0, 0, 0, 0, 60, 0, 0, : 7, 4, 7, 1, 1, 2, 3, 68, 2, 3, 4, 4, 2, 3, 1, 5, 62, 6, 3, 4, 2, 1, 1, 6, 7, 1, 1, 63, 3, 10, 6, 4, 1, 9, 1, 4, 1, 63, 5, 2, 61, 9, 4, 1, 9, 1, 5, 4, 2, 1, 61, 4, 1, 6, 8, 10, 2, 4, 1, 66, 1, 4, 70, 61, 2, 5, 60, 62, 1, 2, 3, 2, 7, 6, 4, 1, 2, 67, 63, 2, 60, 
9: 0, 0, 0, 4, 1, 0, 0, 0, 9, 0, 0, 0, 0, 0, 0, 0, 0, 0, 2, 6, 0, 0, 0, 0, 0, 62, 0, 0, 0, 2, 0, 7, 0, 0, 0, 8, 0, 0, 0, 0, 0, 0, 60, 3, 3, 0, 0, 61, 0, 0, 0, 0, 0, 0, 2, 0, 8, 0, 6, 0, 0, 61, 0, 0, 0, 0, 0, 1, 0, 0, 2, 0, 8, 4, 1, 64, 10, 2, 0, 8, 0, 0, 0, 0, 0, 5, 1, 0, 0, 6, 1, 0, 0, 3, 0, 0, 0, 0, 0, 0, 0, 10, 0, 0, 0, 0, 0, 64, 9, 0, 0, 6, 0, 0, 0, 0, 0, 0, 66, 0, 7, 5, 0, 0, 0, 0, 0, 0, 0, 0, 3, 0, 1, 0, 0, 0, 6, 0, 0, 0, 0, 2, 0, 0, 0, 9, 0, 9, 0, 0, 0, 0, 6, 0, 0, 0, 0, 2, 0, 0, 0, 6, 0, 0, 2, 0, 0, 3, 0, 8, 10, 3, 0, 2, 0, 2, 10, 1, 0, 0, 8, 0, 0, 0, 0, 0, 0, 0, 0, 1, 0, 10, 62, 0, 0, 0, 0, 3, 0, 0, : 4, 1, 9, 2, 6, 62, 2, 7, 8, 60, 3, 3, 61, 2, 8, 6, 61, 1, 2, 8, 4, 1, 64, 10, 2, 8, 5, 1, 6, 1, 3, 10, 64, 9, 6, 66, 7, 5, 3, 1, 6, 2, 9, 9, 6, 2, 6, 2, 3, 8, 10, 3, 2, 2, 10, 1, 8, 1, 10, 62, 3, 
4: 0, 0, 1, 8, 0, 0, 0, 0, 4, 0, 0, 0, 64, 62, 9, 0, 0, 0, 0, 3, 0, 0, 0, 0, 6, 8, 9, 0, 0, 2, 0, 6, 0, 0, 1, 63, 0, 0, 0, 1, 0, 1, 6, 0, 10, 0, 67, 4, 0, 0, 0, 0, 0, 2, 0, 1, 3, 0, 6, 0, 0, 0, 10, 63, 0, 0, 0, 7, 0, 0, 0, 0, 5, 1, 6, 0, 9, 0, 0, 6, 0, 0, 8, 1, 0, 0, 4, 0, 0, 0, 4, 8, 0, 0, 0, 0, 0, 0, 0, 4, 0, 3, 6, 0, 9, 1, 0, 0, 3, 0, 0, 7, 6, 0, 0, 0, 2, 0, 4, 1, 0, 3, 61, 0, 60, 7, 70, 1, 0, 10, 0, 6, 0, 2, 9, 2, 9, 0, 2, 1, 0, 0, 0, 0, 0, 1, 2, 10, 1, 1, 0, 0, 0, 6, 10, 1, 0, 10, 0, 0, 0, 1, 0, 0, 0, 5, 0, 0, 1, 9, 0, 3, 0, 0, 0, 0, 0, 0, 4, 0, 3, 1, 62, 1, 0, 0, 0, 0, 0, 0, 8, 0, 0, 0, 5, 0, 0, 0, 0, 0, : 1, 8, 4, 64, 62, 9, 3, 6, 8, 9, 2, 6, 1, 63, 1, 1, 6, 10, 67, 4, 2, 1, 3, 6, 10, 63, 7, 5, 1, 6, 9, 6, 8, 1, 4, 4, 8, 4, 3, 6, 9, 1, 3, 7, 6, 2, 4, 1, 3, 61, 60, 7, 70, 1, 10, 6, 2, 9, 2, 9, 2, 1, 1, 2, 10, 1, 1, 6, 10, 1, 10, 1, 5, 1, 9, 3, 4, 3, 1, 62, 1, 8, 5, 
7: 0, 0, 61, 0, 0, 0, 0, 0, 4, 0, 0, 0, 0, 0, 61, 0, 0, 0, 0, 0, 0, 0, 0, 60, 0, 0, 3, 0, 0, 6, 0, 1, 69, 0, 3, 0, 2, 0, 0, 0, 0, 60, 0, 0, 7, 0, 0, 0, 0, 1, 0, 4, 0, 0, 0, 0, 6, 0, 0, 0, 0, 1, 7, 2, 0, 1, 0, 0, 0, 1, 0, 0, 10, 0, 0, 0, 1, 0, 2, 6, 7, 0, 10, 0, 0, 1, 0, 0, 1, 5, 0, 0, 7, 60, 6, 0, 0, 0, 5, 0, 0, 0, 9, 0, 0, 0, 0, 1, 7, 8, 0, 0, 6, 7, 0, 0, 0, 0, 0, 0, 0, 8, 0, 3, 4, 10, 1, 0, 0, 2, 6, 10, 5, 0, 0, 0, 1, 4, 0, 0, 1, 7, 0, 7, 1, 10, 0, 8, 0, 0, 0, 0, 0, 0, 0, 0, 0, 5, 0, 0, 5, 6, 1, 0, 3, 2, 6, 0, 65, 5, 7, 1, 0, 0, 0, 0, 0, 0, 3, 0, 0, 0, 0, 0, 1, 1, 0, 0, 0, 0, 0, 0, 0, 0, 0, 6, 0, 2, 0, 0, : 61, 4, 61, 60, 3, 6, 1, 69, 3, 2, 60, 7, 1, 4, 6, 1, 7, 2, 1, 1, 10, 1, 2, 6, 7, 10, 1, 1, 5, 7, 60, 6, 5, 9, 1, 7, 8, 6, 7, 8, 3, 4, 10, 1, 2, 6, 10, 5, 1, 4, 1, 7, 7, 1, 10, 8, 5, 5, 6, 1, 3, 2, 6, 65, 5, 7, 1, 3, 1, 1, 6, 2, 
18: 0, 0, 0, 0, 0, 0, 0, 0, 5, 2, 1, 0, 0, 0, 2, 0, 0, 0, 0, 1, 0, 0, 0, 0, 0, 0, 6, 0, 0, 8, 0, 1, 0, 0, 0, 0, 4, 2, 0, 0, 0, 1, 0, 1, 9, 0, 0, 0, 62, 0, 4, 1, 0, 0, 0, 0, 0, 6, 3, 0, 0, 0, 6, 0, 3, 0, 0, 0, 0, 7, 8, 0, 6, 0, 8, 0, 1, 0, 0, 4, 1, 0, 0, 0, 0, 2, 0, 0, 0, 1, 1, 0, 0, 1, 0, 0, 0, 0, 0, 3, 0, 3, 8, 0, 0, 10, 5, 0, 4, 61, 0, 0, 0, 0, 2, 0, 10, 0, 0, 0, 0, 7, 0, 0, 0, 5, 0, 0, 70, 6, 0, 9, 0, 0, 0, 0, 5, 1, 0, 0, 0, 0, 0, 4, 0, 8, 6, 9, 6, 0, 0, 0, 1, 0, 0, 0, 0, 10, 0, 1, 0, 7, 0, 1, 0, 0, 0, 0, 0, 0, 5, 1, 0, 3, 0, 0, 0, 67, 0, 0, 7, 0, 3, 0, 0, 3, 0, 0, 0, 8, 0, 0, 0, 0, 0, 2, 0, 1, 0, 0, : 5, 2, 1, 2, 1, 6, 8, 1, 4, 2, 1, 1, 9, 62, 4, 1, 6, 3, 6, 3, 7, 8, 6, 8, 1, 4, 1, 2, 1, 1, 1, 3, 3, 8, 10, 5, 4, 61, 2, 10, 7, 5, 70, 6, 9, 5, 1, 4, 8, 6, 9, 6, 1, 10, 1, 7, 1, 5, 1, 3, 67, 7, 3, 3, 8, 2, 1, 
1: 0, 0, 2, 0, 8, 0, 0, 0, 5, 67, 0, 0, 1, 0, 0, 0, 0, 0, 0, 0, 0, 3, 5, 0, 0, 0, 8, 0, 0, 10, 1, 6, 1, 0, 0, 1, 0, 0, 0, 0, 68, 0, 0, 0, 5, 0, 3, 0, 1, 68, 0, 5, 0, 0, 0, 0, 2, 0, 0, 7, 9, 0, 3, 1, 0, 0, 0, 3, 0, 5, 0, 0, 8, 0, 5, 0, 3, 0, 0, 0, 0, 2, 4, 0, 8, 0, 0, 1, 3, 0, 1, 0, 0, 5, 0, 0, 0, 0, 63, 0, 0, 2, 7, 7, 0, 0, 65, 0, 0, 0, 0, 6, 0, 0, 0, 0, 0, 0, 0, 8, 0, 10, 0, 0, 0, 6, 0, 70, 0, 7, 0, 7, 0, 0, 0, 0, 10, 5, 0, 0, 0, 0, 0, 1, 1, 0, 0, 4, 0, 2, 7, 2, 0, 0, 0, 0, 0, 7, 5, 0, 0, 3, 0, 0, 0, 0, 0, 5, 0, 8, 2, 6, 0, 0, 0, 0, 8, 0, 7, 0, 0, 2, 0, 0, 0, 2, 0, 0, 70, 0, 0, 0, 0, 0, 0, 0, 0, 0, 0, 0, : 2, 8, 5, 67, 1, 3, 5, 8, 10, 1, 6, 1, 1, 68, 5, 3, 1, 68, 5, 2, 7, 9, 3, 1, 3, 5, 8, 5, 3, 2, 4, 8, 1, 3, 1, 5, 63, 2, 7, 7, 65, 6, 8, 10, 6, 70, 7, 7, 10, 5, 1, 1, 4, 2, 7, 2, 7, 5, 3, 5, 8, 2, 6, 8, 7, 2, 2, 70, 
15: 0, 0, 0, 10, 3, 0, 0, 0, 5, 0, 0, 0, 0, 2, 0, 0, 0, 0, 70, 8, 2, 4, 0, 2, 2, 0, 1, 0, 0, 5, 0, 10, 0, 0, 0, 0, 0, 6, 0, 0, 0, 0, 0, 2, 0, 0, 0, 0, 0, 0, 0, 7, 0, 0, 0, 0, 0, 65, 2, 0, 63, 10, 4, 0, 68, 0, 0, 0, 6, 0, 0, 9, 0, 2, 3, 0, 10, 62, 0, 6, 0, 0, 0, 0, 0, 0, 0, 68, 0, 0, 5, 0, 0, 0, 0, 1, 0, 0, 0, 1, 0, 7, 10, 0, 0, 0, 0, 5, 8, 1, 0, 3, 1, 4, 1, 6, 0, 0, 0, 0, 0, 1, 0, 0, 0, 0, 0, 0, 0, 1, 0, 2, 0, 0, 0, 0, 1, 1, 2, 0, 0, 0, 0, 8, 0, 0, 9, 3, 0, 0, 7, 0, 0, 5, 0, 3, 0, 0, 8, 0, 0, 2, 0, 6, 0, 0, 1, 0, 0, 10, 10, 7, 9, 68, 2, 0, 61, 0, 5, 0, 1, 62, 0, 5, 0, 0, 0, 0, 0, 0, 0, 0, 8, 61, 0, 0, 0, 0, 0, 0, : 10, 3, 5, 2, 70, 8, 2, 4, 2, 2, 1, 5, 10, 6, 2, 7, 65, 2, 63, 10, 4, 68, 6, 9, 2, 3, 10, 62, 6, 68, 5, 1, 1, 7, 10, 5, 8, 1, 3, 1, 4, 1, 6, 1, 1, 2, 1, 1, 2, 8, 9, 3, 7, 5, 3, 8, 2, 6, 1, 10, 10, 7, 9, 68, 2, 61, 5, 1, 62, 5, 8, 61, 
16: 0, 0, 8, 2, 9, 0, 3, 0, 4, 0, 0, 8, 0, 6, 0, 4, 0, 0, 8, 5, 0, 0, 65, 0, 0, 0, 4, 0, 0, 0, 7, 2, 0, 0, 0, 0, 63, 0, 0, 0, 1, 0, 2, 0, 0, 0, 0, 0, 0, 0, 0, 0, 0, 0, 4, 5, 10, 0, 10, 0, 0, 0, 0, 0, 0, 0, 7, 0, 0, 0, 0, 2, 0, 0, 1, 0, 2, 2, 10, 2, 0, 0, 9, 0, 0, 0, 1, 0, 1, 0, 7, 0, 0, 0, 0, 0, 0, 0, 0, 5, 0, 9, 0, 0, 0, 0, 0, 0, 0, 2, 0, 6, 0, 0, 0, 8, 0, 0, 0, 0, 0, 6, 0, 0, 2, 3, 0, 0, 0, 0, 2, 2, 0, 3, 61, 0, 3, 4, 0, 0, 0, 0, 0, 10, 0, 0, 0, 6, 0, 0, 2, 67, 0, 0, 66, 0, 0, 10, 0, 0, 61, 0, 6, 0, 0, 66, 0, 1, 6, 7, 7, 2, 66, 0, 0, 0, 0, 1, 7, 2, 3, 0, 1, 0, 0, 0, 0, 0, 0, 0, 0, 0, 0, 6, 0, 0, 1, 0, 0, 0, : 8, 2, 9, 3, 4, 8, 6, 4, 8, 5, 65, 4, 7, 2, 63, 1, 2, 4, 5, 10, 10, 7, 2, 1, 2, 2, 10, 2, 9, 1, 1, 7, 5, 9, 2, 6, 8, 6, 2, 3, 2, 2, 3, 61, 3, 4, 10, 6, 2, 67, 66, 10, 61, 6, 66, 1, 6, 7, 7, 2, 66, 1, 7, 2, 3, 1, 6, 1, 
10: 7, 0, 0, 2, 0, 0, 1, 0, 9, 0, 67, 1, 0, 0, 0, 0, 0, 0, 0, 9, 2, 0, 0, 1, 1, 0, 7, 2, 2, 0, 0, 7, 0, 0, 65, 8, 0, 0, 0, 4, 0, 4, 0, 0, 0, 0, 0, 0, 0, 0, 0, 6, 9, 0, 0, 0, 7, 0, 0, 0, 0, 0, 1, 0, 0, 0, 0, 0, 0, 0, 0, 69, 4, 2, 1, 0, 7, 0, 0, 3, 0, 0, 8, 0, 0, 0, 0, 2, 3, 61, 3, 0, 0, 0, 0, 0, 0, 0, 0, 0, 0, 1, 3, 64, 0, 0, 0, 1, 6, 0, 60, 4, 0, 1, 5, 0, 0, 3, 0, 0, 0, 1, 0, 3, 0, 0, 0, 2, 1, 7, 5, 5, 0, 0, 0, 0, 7, 9, 0, 0, 0, 0, 0, 0, 0, 0, 0, 3, 0, 0, 0, 0, 1, 0, 0, 4, 0, 0, 0, 0, 0, 0, 0, 65, 5, 0, 0, 0, 8, 0, 4, 2, 0, 0, 1, 0, 0, 9, 2, 0, 0, 4, 0, 0, 1, 0, 0, 0, 0, 3, 0, 0, 0, 5, 0, 0, 0, 0, 0, 0, : 7, 2, 1, 9, 67, 1, 9, 2, 1, 1, 7, 2, 2, 7, 65, 8, 4, 4, 6, 9, 7, 1, 69, 4, 2, 1, 7, 3, 8, 2, 3, 61, 3, 1, 3, 64, 1, 6, 60, 4, 1, 5, 3, 1, 3, 2, 1, 7, 5, 5, 7, 9, 3, 1, 4, 65, 5, 8, 4, 2, 1, 9, 2, 4, 1, 3, 5, 
20: 0, 1, 4, 7, 6, 63, 0, 0, 8, 0, 0, 0, 0, 1, 0, 0, 0, 1, 0, 0, 0, 0, 0, 0, 0, 0, 3, 0, 10, 2, 0, 5, 0, 0, 0, 0, 1, 0, 0, 0, 0, 4, 0, 0, 2, 0, 0, 2, 0, 0, 0, 6, 3, 0, 0, 0, 3, 2, 10, 1, 0, 0, 9, 0, 0, 0, 0, 0, 0, 0, 0, 0, 3, 0, 5, 0, 6, 0, 0, 0, 0, 0, 8, 0, 8, 0, 0, 5, 0, 0, 2, 0, 0, 0, 0, 3, 3, 68, 0, 0, 5, 0, 9, 0, 0, 0, 0, 0, 0, 0, 0, 10, 4, 0, 6, 0, 60, 4, 2, 0, 0, 3, 0, 0, 0, 0, 0, 1, 0, 4, 0, 0, 0, 0, 0, 0, 5, 7, 0, 0, 62, 0, 0, 1, 0, 0, 0, 3, 0, 0, 0, 0, 9, 0, 0, 0, 0, 0, 61, 0, 2, 7, 0, 0, 2, 6, 0, 0, 0, 0, 4, 5, 0, 0, 0, 0, 0, 0, 1, 0, 3, 0, 0, 0, 0, 0, 0, 0, 0, 0, 0, 0, 0, 0, 0, 0, 0, 0, 0, 5, : 1, 4, 7, 6, 63, 8, 1, 1, 3, 10, 2, 5, 1, 4, 2, 2, 6, 3, 3, 2, 10, 1, 9, 3, 5, 6, 8, 8, 5, 2, 3, 3, 68, 5, 9, 10, 4, 6, 60, 4, 2, 3, 1, 4, 5, 7, 62, 1, 3, 9, 61, 2, 7, 2, 6, 4, 5, 1, 3, 5, 
5: 0, 0, 0, 4, 10, 0, 0, 0, 6, 9, 4, 0, 0, 0, 0, 0, 0, 0, 0, 9, 5, 64, 0, 0, 0, 4, 6, 0, 0, 7, 0, 3, 2, 0, 0, 0, 0, 0, 0, 1, 0, 0, 0, 1, 0, 0, 1, 0, 10, 0, 5, 10, 0, 0, 0, 0, 0, 0, 1, 3, 0, 0, 5, 6, 0, 0, 0, 0, 0, 0, 1, 0, 1, 0, 7, 3, 0, 2, 0, 1, 0, 0, 7, 1, 63, 0, 0, 0, 0, 0, 5, 10, 6, 0, 0, 0, 0, 0, 0, 0, 0, 0, 0, 0, 2, 1, 7, 0, 8, 0, 0, 0, 0, 3, 0, 0, 0, 2, 0, 0, 0, 9, 0, 3, 0, 0, 3, 0, 0, 1, 3, 4, 68, 0, 0, 0, 1, 0, 2, 0, 2, 0, 0, 10, 0, 1, 0, 4, 0, 0, 0, 0, 0, 0, 0, 1, 0, 0, 0, 4, 9, 0, 0, 0, 66, 0, 6, 0, 0, 7, 0, 4, 0, 0, 0, 2, 0, 0, 10, 1, 3, 0, 0, 0, 68, 0, 0, 61, 0, 0, 0, 0, 0, 0, 0, 60, 0, 0, 0, 70, : 4, 10, 6, 9, 4, 9, 5, 64, 4, 6, 7, 3, 2, 1, 1, 1, 10, 5, 10, 1, 3, 5, 6, 1, 1, 7, 3, 2, 1, 7, 1, 63, 5, 10, 6, 2, 1, 7, 8, 3, 2, 9, 3, 3, 1, 3, 4, 68, 1, 2, 2, 10, 1, 4, 1, 4, 9, 66, 6, 7, 4, 2, 10, 1, 3, 68, 61, 60, 70, 
17: 65, 7, 0, 1, 0, 0, 0, 67, 9, 0, 0, 1, 9, 0, 0, 0, 4, 0, 0, 8, 0, 1, 1, 0, 0, 0, 5, 0, 68, 9, 0, 0, 0, 0, 3, 0, 0, 0, 6, 0, 0, 0, 0, 67, 1, 0, 0, 0, 0, 5, 0, 4, 67, 0, 0, 0, 8, 0, 8, 0, 4, 0, 7, 0, 0, 0, 0, 2, 0, 0, 60, 0, 5, 0, 6, 0, 1, 4, 60, 10, 3, 8, 2, 1, 0, 65, 68, 0, 0, 0, 1, 0, 66, 0, 0, 0, 10, 0, 0, 1, 5, 10, 1, 0, 0, 0, 0, 0, 0, 0, 0, 5, 7, 0, 0, 64, 0, 0, 0, 5, 0, 6, 0, 63, 0, 9, 0, 0, 0, 7, 0, 4, 0, 9, 0, 0, 4, 1, 0, 0, 0, 1, 5, 1, 0, 5, 0, 0, 0, 0, 0, 0, 0, 0, 0, 0, 0, 9, 4, 0, 0, 0, 0, 0, 2, 0, 62, 2, 0, 5, 8, 1, 0, 0, 61, 7, 0, 0, 3, 0, 8, 0, 0, 0, 0, 9, 0, 0, 0, 0, 2, 0, 0, 6, 0, 0, 0, 0, 2, 0, : 65, 7, 1, 67, 9, 1, 9, 4, 8, 1, 1, 5, 68, 9, 3, 6, 67, 1, 5, 4, 67, 8, 8, 4, 7, 2, 60, 5, 6, 1, 4, 60, 10, 3, 8, 2, 1, 65, 68, 1, 66, 10, 1, 5, 10, 1, 5, 7, 64, 5, 6, 63, 9, 7, 4, 9, 4, 1, 1, 5, 1, 5, 9, 4, 2, 62, 2, 5, 8, 1, 61, 7, 3, 8, 9, 2, 6, 2, 
14: 0, 0, 0, 3, 0, 0, 0, 0, 0, 0, 0, 69, 0, 0, 0, 0, 0, 0, 0, 3, 64, 6, 0, 9, 0, 0, 4, 0, 0, 0, 0, 2, 0, 0, 2, 0, 0, 0, 0, 0, 0, 6, 0, 0, 6, 3, 0, 0, 4, 0, 0, 1, 1, 0, 0, 0, 0, 0, 0, 8, 0, 0, 2, 0, 6, 0, 0, 1, 0, 1, 0, 0, 4, 5, 0, 4, 0, 0, 0, 6, 0, 0, 1, 6, 0, 0, 0, 4, 0, 0, 2, 0, 0, 0, 10, 0, 0, 0, 0, 1, 0, 3, 2, 0, 8, 0, 3, 0, 10, 0, 0, 3, 1, 2, 0, 0, 0, 0, 0, 0, 0, 2, 0, 0, 1, 2, 0, 0, 0, 1, 0, 4, 0, 0, 0, 7, 0, 7, 0, 2, 2, 0, 0, 4, 2, 4, 0, 0, 0, 1, 0, 0, 62, 1, 0, 0, 2, 3, 1, 0, 0, 10, 0, 7, 0, 0, 0, 0, 0, 0, 0, 4, 1, 0, 5, 0, 0, 0, 6, 0, 3, 2, 0, 1, 0, 0, 0, 0, 1, 0, 0, 0, 1, 0, 0, 8, 0, 2, 0, 0, : 3, 69, 3, 64, 6, 9, 4, 2, 2, 6, 6, 3, 4, 1, 1, 8, 2, 6, 1, 1, 4, 5, 4, 6, 1, 6, 4, 2, 10, 1, 3, 2, 8, 3, 10, 3, 1, 2, 2, 1, 2, 1, 4, 7, 7, 2, 2, 4, 2, 4, 1, 62, 1, 2, 3, 1, 10, 7, 4, 1, 5, 6, 3, 2, 1, 1, 1, 8, 2, 
8: 0, 0, 0, 8, 10, 0, 3, 0, 0, 0, 0, 0, 0, 0, 0, 0, 1, 60, 0, 4, 4, 0, 0, 0, 6, 0, 6, 0, 0, 9, 8, 4, 0, 2, 1, 0, 0, 0, 7, 0, 0, 1, 2, 0, 1, 1, 0, 0, 0, 0, 60, 1, 0, 70, 68, 0, 10, 0, 0, 0, 0, 0, 0, 0, 0, 0, 0, 0, 8, 0, 2, 0, 1, 0, 4, 9, 0, 0, 0, 3, 0, 0, 3, 0, 0, 0, 0, 0, 0, 0, 5, 0, 0, 0, 0, 5, 65, 1, 0, 0, 1, 0, 2, 4, 0, 0, 0, 0, 0, 0, 0, 2, 7, 1, 0, 0, 1, 9, 0, 0, 0, 0, 10, 0, 5, 9, 1, 6, 1, 1, 0, 7, 0, 0, 0, 1, 3, 8, 0, 0, 0, 0, 0, 7, 0, 4, 0, 4, 5, 0, 0, 8, 0, 4, 0, 0, 69, 9, 0, 0, 0, 8, 0, 0, 0, 0, 0, 0, 0, 0, 6, 7, 0, 0, 10, 0, 0, 0, 0, 62, 9, 0, 1, 10, 0, 0, 0, 10, 0, 0, 0, 0, 0, 0, 0, 1, 0, 0, 0, 0, : 8, 10, 3, 1, 60, 4, 4, 6, 6, 9, 8, 4, 2, 1, 7, 1, 2, 1, 1, 60, 1, 70, 68, 10, 8, 2, 1, 4, 9, 3, 3, 5, 5, 65, 1, 1, 2, 4, 2, 7, 1, 1, 9, 10, 5, 9, 1, 6, 1, 1, 7, 1, 3, 8, 7, 4, 4, 5, 8, 4, 69, 9, 8, 6, 7, 10, 62, 9, 1, 10, 10, 1, 
6: 0, 0, 0, 3, 2, 3, 63, 3, 1, 0, 0, 0, 0, 0, 1, 6, 7, 0, 0, 6, 0, 0, 0, 0, 0, 3, 1, 60, 0, 0, 60, 9, 4, 0, 0, 0, 0, 0, 0, 0, 1, 3, 0, 0, 0, 3, 9, 0, 0, 0, 0, 6, 0, 8, 0, 2, 4, 0, 2, 0, 0, 0, 10, 1, 0, 0, 0, 0, 66, 0, 0, 0, 0, 0, 4, 0, 0, 0, 1, 1, 1, 0, 2, 0, 0, 0, 0, 0, 0, 0, 7, 0, 0, 0, 1, 0, 0, 0, 7, 4, 0, 4, 0, 0, 0, 68, 0, 0, 5, 0, 0, 8, 9, 0, 2, 0, 0, 0, 0, 0, 0, 6, 0, 8, 0, 4, 5, 0, 0, 5, 0, 0, 0, 0, 7, 68, 7, 0, 0, 0, 10, 0, 0, 5, 66, 9, 0, 3, 3, 0, 0, 0, 0, 0, 0, 0, 0, 3, 0, 0, 0, 4, 5, 0, 0, 0, 1, 0, 0, 0, 2, 1, 0, 0, 0, 0, 1, 0, 9, 0, 7, 6, 5, 63, 0, 63, 6, 9, 0, 0, 1, 0, 0, 0, 0, 0, 0, 0, 4, 0, : 3, 2, 3, 63, 3, 1, 1, 6, 7, 6, 3, 1, 60, 60, 9, 4, 1, 3, 3, 9, 6, 8, 2, 4, 2, 10, 1, 66, 4, 1, 1, 1, 2, 7, 1, 7, 4, 4, 68, 5, 8, 9, 2, 6, 8, 4, 5, 5, 7, 68, 7, 10, 5, 66, 9, 3, 3, 3, 4, 5, 1, 2, 1, 1, 9, 7, 6, 5, 63, 63, 6, 9, 1, 4, 


