
100
200
60
10

113: 0, 0, 0, 51, 1, 0, 0, 5, 0, 0, 54, 0, 4, 0, 0, 4, 0, 2, 0, 0, 0, 1, 0, 0, 2, 0, 5, 2, 0, 0, 0, 0, 0, 5, 0, 4, 0, 0, 0, 0, 4, 0, 0, 0, 4, 0, 0, 1, 52, 0, 0, 0, 0, 0, 0, 1, 1, 4, 3, 0, 4, 0, 0, 0, 0, 3, 1, 5, 3, 0, 3, 0, 1, 0, 0, 0, 5, 51, 0, 0, 0, 51, 4, 1, 0, 0, 0, 2, 0, 0, 0, 0, 0, 0, 0, 1, 0, 0, 0, 0, : 51, 1, 5, 54, 4, 4, 2, 1, 2, 5, 2, 5, 4, 4, 4, 1, 52, 1, 1, 4, 3, 4, 3, 1, 5, 3, 3, 1, 5, 51, 51, 4, 1, 2, 1, 
107: 0, 0, 0, 5, 1, 0, 0, 5, 0, 0, 0, 0, 4, 0, 0, 2, 2, 3, 0, 0, 2, 0, 0, 0, 0, 0, 1, 2, 0, 5, 0, 0, 0, 2, 53, 1, 0, 0, 0, 0, 4, 0, 0, 3, 2, 4, 0, 3, 0, 1, 0, 0, 54, 4, 0, 3, 0, 0, 8, 2, 0, 0, 0, 0, 0, 1, 0, 3, 51, 53, 0, 1, 0, 0, 0, 3, 1, 0, 54, 1, 0, 0, 5, 5, 0, 0, 1, 0, 0, 0, 0, 0, 0, 3, 2, 0, 0, 2, 0, 0, : 5, 1, 5, 4, 2, 2, 3, 2, 1, 2, 5, 2, 53, 1, 4, 3, 2, 4, 3, 1, 54, 4, 3, 8, 2, 1, 3, 51, 53, 1, 3, 1, 54, 1, 5, 5, 1, 3, 2, 2, 
110: 0, 0, 0, 0, 0, 0, 0, 1, 0, 0, 0, 0, 0, 0, 0, 4, 0, 2, 0, 1, 0, 0, 4, 0, 0, 0, 2, 4, 5, 0, 0, 0, 0, 4, 0, 2, 0, 2, 0, 0, 2, 0, 2, 0, 4, 0, 0, 2, 0, 4, 0, 0, 0, 0, 1, 4, 0, 0, 1, 0, 1, 0, 0, 1, 0, 2, 0, 5, 1, 0, 0, 0, 2, 0, 0, 0, 3, 0, 0, 0, 0, 0, 2, 3, 0, 0, 52, 0, 0, 0, 50, 0, 0, 0, 0, 0, 0, 55, 0, 0, : 1, 4, 2, 1, 4, 2, 4, 5, 4, 2, 2, 2, 2, 4, 2, 4, 1, 4, 1, 1, 1, 2, 5, 1, 2, 3, 2, 3, 52, 50, 55, 
144: 1, 0, 0, 0, 0, 0, 0, 1, 0, 0, 0, 0, 2, 0, 54, 5, 0, 1, 0, 0, 0, 0, 0, 51, 0, 0, 2, 3, 0, 0, 0, 0, 1, 2, 1, 2, 0, 0, 0, 0, 1, 2, 2, 5, 2, 0, 5, 3, 0, 0, 0, 0, 0, 0, 0, 6, 3, 0, 1, 2, 0, 0, 1, 0, 0, 6, 0, 3, 3, 0, 0, 5, 0, 0, 0, 0, 2, 0, 0, 1, 0, 0, 3, 4, 0, 0, 3, 0, 0, 50, 0, 0, 0, 0, 0, 0, 0, 0, 0, 0, : 1, 1, 2, 54, 5, 1, 51, 2, 3, 1, 2, 1, 2, 1, 2, 2, 5, 2, 5, 3, 6, 3, 1, 2, 1, 6, 3, 3, 5, 2, 1, 3, 4, 3, 50, 
37: 54, 1, 0, 0, 0, 2, 0, 4, 0, 0, 0, 0, 1, 0, 1, 4, 0, 5, 0, 0, 0, 0, 0, 4, 1, 0, 0, 4, 0, 0, 4, 1, 0, 2, 0, 3, 0, 0, 52, 0, 5, 0, 1, 1, 5, 0, 0, 4, 1, 0, 55, 0, 0, 0, 0, 2, 2, 0, 4, 0, 0, 1, 0, 53, 0, 3, 0, 5, 0, 0, 0, 0, 1, 0, 0, 3, 5, 0, 0, 0, 0, 0, 3, 4, 0, 0, 1, 1, 0, 0, 1, 52, 0, 0, 0, 0, 2, 0, 1, 52, : 54, 1, 2, 4, 1, 1, 4, 5, 4, 1, 4, 4, 1, 2, 3, 52, 5, 1, 1, 5, 4, 1, 55, 2, 2, 4, 1, 53, 3, 5, 1, 3, 5, 3, 4, 1, 1, 1, 52, 2, 1, 52, 
65: 0, 51, 0, 0, 2, 52, 0, 5, 0, 5, 0, 0, 5, 0, 1, 1, 0, 2, 0, 0, 0, 0, 0, 0, 0, 0, 0, 4, 1, 2, 0, 0, 0, 1, 0, 5, 0, 0, 0, 0, 5, 0, 0, 0, 3, 0, 2, 3, 0, 0, 0, 0, 0, 0, 2, 5, 0, 2, 3, 0, 0, 1, 0, 0, 0, 8, 52, 5, 0, 0, 0, 0, 0, 0, 1, 0, 1, 0, 0, 0, 3, 0, 2, 1, 0, 0, 0, 50, 1, 0, 5, 0, 0, 0, 0, 0, 2, 0, 51, 0, : 51, 2, 52, 5, 5, 5, 1, 1, 2, 4, 1, 2, 1, 5, 5, 3, 2, 3, 2, 5, 2, 3, 1, 8, 52, 5, 1, 1, 3, 2, 1, 50, 1, 5, 2, 51, 
46: 0, 2, 0, 1, 0, 0, 0, 3, 50, 0, 4, 53, 5, 0, 0, 3, 0, 1, 0, 0, 1, 0, 0, 0, 55, 5, 3, 1, 0, 0, 0, 0, 3, 7, 0, 1, 3, 0, 0, 0, 2, 0, 0, 0, 2, 0, 0, 5, 0, 0, 0, 3, 0, 0, 0, 3, 0, 0, 2, 0, 0, 1, 0, 0, 0, 1, 3, 1, 0, 0, 0, 0, 0, 1, 52, 0, 3, 0, 0, 0, 55, 0, 5, 5, 0, 0, 0, 1, 0, 0, 0, 1, 0, 0, 0, 3, 53, 0, 0, 1, : 2, 1, 3, 50, 4, 53, 5, 3, 1, 1, 55, 5, 3, 1, 3, 7, 1, 3, 2, 2, 5, 3, 3, 2, 1, 1, 3, 1, 1, 52, 3, 55, 5, 5, 1, 1, 3, 53, 1, 
93: 0, 0, 0, 0, 0, 0, 0, 0, 5, 0, 1, 0, 5, 0, 4, 3, 1, 5, 0, 0, 2, 0, 0, 0, 0, 0, 0, 3, 0, 0, 0, 0, 0, 4, 0, 4, 0, 0, 0, 2, 1, 0, 0, 0, 2, 4, 53, 3, 0, 0, 1, 55, 0, 0, 0, 5, 51, 0, 3, 52, 0, 0, 0, 0, 5, 2, 2, 0, 0, 5, 0, 0, 1, 0, 4, 0, 4, 4, 0, 2, 1, 0, 2, 2, 0, 0, 0, 0, 0, 5, 0, 0, 53, 0, 1, 0, 0, 0, 1, 0, : 5, 1, 5, 4, 3, 1, 5, 2, 3, 4, 4, 2, 1, 2, 4, 53, 3, 1, 55, 5, 51, 3, 52, 5, 2, 2, 5, 1, 4, 4, 4, 2, 1, 2, 2, 5, 53, 1, 1, 
16: 0, 0, 0, 0, 0, 3, 5, 3, 0, 0, 0, 3, 1, 52, 0, 3, 0, 1, 0, 0, 1, 0, 0, 0, 0, 0, 5, 4, 0, 0, 0, 0, 3, 4, 0, 5, 0, 1, 4, 0, 4, 0, 0, 0, 1, 0, 0, 2, 0, 0, 0, 0, 0, 0, 0, 5, 0, 0, 2, 0, 0, 50, 0, 0, 52, 2, 0, 0, 0, 0, 2, 0, 0, 54, 0, 0, 2, 0, 5, 0, 0, 0, 4, 4, 0, 5, 0, 0, 0, 0, 0, 0, 0, 0, 0, 0, 0, 0, 0, 2, : 3, 5, 3, 3, 1, 52, 3, 1, 1, 5, 4, 3, 4, 5, 1, 4, 4, 1, 2, 5, 2, 50, 52, 2, 2, 54, 2, 5, 4, 4, 5, 2, 
39: 0, 0, 55, 0, 1, 0, 0, 0, 2, 1, 0, 0, 5, 0, 0, 3, 0, 5, 54, 0, 50, 53, 0, 2, 0, 0, 2, 3, 0, 0, 0, 0, 1, 3, 1, 2, 0, 0, 2, 0, 5, 0, 0, 0, 5, 1, 0, 1, 0, 0, 0, 0, 5, 2, 0, 2, 0, 0, 1, 0, 0, 0, 1, 0, 0, 5, 0, 3, 0, 0, 0, 0, 0, 0, 0, 53, 1, 0, 0, 0, 0, 0, 1, 3, 53, 55, 0, 0, 0, 0, 0, 0, 0, 0, 0, 54, 0, 0, 0, 0, : 55, 1, 2, 1, 5, 3, 5, 54, 50, 53, 2, 2, 3, 1, 3, 1, 2, 2, 5, 5, 1, 1, 5, 2, 2, 1, 1, 5, 3, 53, 1, 1, 3, 53, 55, 54, 
44: 1, 0, 0, 0, 0, 0, 0, 1, 0, 0, 0, 1, 3, 3, 0, 1, 50, 4, 0, 0, 2, 0, 51, 1, 0, 0, 4, 4, 0, 0, 0, 0, 0, 4, 1, 4, 1, 0, 1, 0, 1, 51, 2, 0, 2, 0, 0, 5, 0, 0, 0, 0, 0, 0, 0, 3, 0, 0, 4, 0, 1, 0, 2, 0, 0, 1, 0, 1, 0, 0, 0, 0, 0, 0, 2, 0, 5, 0, 0, 3, 0, 3, 3, 3, 1, 0, 0, 2, 1, 0, 0, 0, 1, 0, 3, 2, 0, 0, 0, 0, : 1, 1, 1, 3, 3, 1, 50, 4, 2, 51, 1, 4, 4, 4, 1, 4, 1, 1, 1, 51, 2, 2, 5, 3, 4, 1, 2, 1, 1, 2, 5, 3, 3, 3, 3, 1, 2, 1, 1, 3, 2, 
154: 1, 0, 0, 0, 0, 0, 0, 5, 2, 0, 0, 0, 4, 0, 0, 2, 1, 5, 0, 0, 0, 3, 5, 0, 0, 0, 5, 3, 0, 0, 0, 54, 0, 2, 0, 6, 4, 3, 0, 0, 4, 0, 0, 50, 5, 0, 0, 5, 0, 0, 0, 2, 0, 0, 0, 1, 3, 0, 3, 0, 0, 0, 2, 0, 0, 2, 1, 3, 0, 0, 2, 0, 51, 2, 0, 0, 4, 0, 0, 0, 0, 0, 2, 5, 0, 0, 3, 0, 0, 0, 0, 5, 4, 54, 4, 0, 0, 0, 3, 0, : 1, 5, 2, 4, 2, 1, 5, 3, 5, 5, 3, 54, 2, 6, 4, 3, 4, 50, 5, 5, 2, 1, 3, 3, 2, 2, 1, 3, 2, 51, 2, 4, 2, 5, 3, 5, 4, 54, 4, 3, 
35: 0, 0, 3, 3, 0, 1, 0, 5, 1, 0, 0, 0, 1, 5, 0, 4, 1, 2, 0, 1, 1, 0, 0, 0, 0, 55, 4, 3, 52, 0, 0, 0, 0, 3, 0, 5, 51, 0, 0, 0, 2, 0, 0, 0, 3, 0, 0, 2, 0, 2, 0, 0, 0, 1, 52, 2, 0, 0, 4, 0, 0, 4, 0, 0, 0, 3, 0, 5, 0, 0, 3, 0, 1, 0, 0, 0, 4, 5, 0, 0, 0, 5, 4, 1, 0, 0, 0, 0, 0, 0, 0, 2, 0, 2, 0, 0, 2, 0, 0, 0, : 3, 3, 1, 5, 1, 1, 5, 4, 1, 2, 1, 1, 55, 4, 3, 52, 3, 5, 51, 2, 3, 2, 2, 1, 52, 2, 4, 4, 3, 5, 3, 1, 4, 5, 5, 4, 1, 2, 2, 2, 
98: 1, 0, 0, 0, 0, 1, 0, 1, 0, 50, 0, 3, 0, 0, 0, 5, 0, 0, 0, 50, 1, 0, 0, 0, 0, 0, 5, 1, 0, 0, 0, 0, 0, 1, 0, 5, 0, 0, 0, 0, 4, 0, 0, 0, 0, 0, 0, 5, 3, 0, 0, 0, 1, 3, 0, 3, 0, 0, 4, 0, 0, 2, 53, 0, 0, 2, 0, 5, 0, 0, 0, 54, 0, 0, 0, 0, 1, 0, 1, 0, 0, 0, 2, 3, 4, 0, 0, 0, 0, 0, 0, 0, 0, 0, 0, 0, 0, 1, 0, 5, : 1, 1, 1, 50, 3, 5, 50, 1, 5, 1, 1, 5, 4, 5, 3, 1, 3, 3, 4, 2, 53, 2, 5, 54, 1, 1, 2, 3, 4, 1, 5, 
2: 0, 2, 0, 0, 53, 1, 0, 4, 0, 3, 0, 0, 1, 0, 0, 2, 0, 3, 0, 3, 0, 0, 0, 0, 2, 0, 5, 3, 0, 0, 0, 0, 0, 1, 0, 1, 1, 0, 0, 5, 3, 0, 0, 0, 5, 0, 0, 2, 0, 0, 0, 0, 0, 0, 3, 2, 0, 0, 3, 0, 54, 0, 0, 4, 0, 3, 0, 3, 0, 0, 50, 0, 3, 0, 1, 0, 1, 0, 0, 0, 0, 0, 2, 3, 0, 0, 0, 0, 0, 5, 3, 0, 2, 1, 0, 0, 0, 0, 0, 0, : 2, 53, 1, 4, 3, 1, 2, 3, 3, 2, 5, 3, 1, 1, 1, 5, 3, 5, 2, 3, 2, 3, 54, 4, 3, 3, 50, 3, 1, 1, 2, 3, 5, 3, 2, 1, 
52: 0, 0, 0, 0, 2, 0, 0, 4, 0, 0, 0, 0, 4, 0, 0, 4, 0, 5, 0, 3, 0, 0, 0, 0, 0, 0, 1, 1, 1, 0, 2, 0, 52, 4, 3, 4, 0, 1, 0, 0, 4, 1, 0, 0, 3, 0, 0, 4, 0, 0, 0, 0, 0, 0, 0, 1, 0, 0, 4, 1, 0, 0, 0, 0, 2, 4, 0, 2, 0, 0, 0, 0, 0, 0, 0, 1, 4, 0, 0, 0, 1, 0, 1, 1, 0, 0, 0, 0, 53, 0, 0, 0, 0, 0, 50, 0, 0, 0, 0, 0, : 2, 4, 4, 4, 5, 3, 1, 1, 1, 2, 52, 4, 3, 4, 1, 4, 1, 3, 4, 1, 4, 1, 2, 4, 2, 1, 4, 1, 1, 1, 53, 50, 
24: 0, 0, 0, 0, 0, 0, 0, 5, 0, 0, 1, 0, 5, 0, 0, 1, 0, 4, 2, 0, 0, 0, 0, 0, 0, 0, 2, 9, 0, 0, 54, 5, 0, 1, 0, 1, 0, 0, 1, 53, 1, 0, 0, 1, 5, 1, 0, 3, 0, 51, 0, 0, 0, 0, 1, 2, 0, 54, 3, 3, 0, 0, 0, 0, 0, 5, 0, 4, 0, 0, 0, 0, 0, 0, 0, 0, 3, 0, 0, 0, 0, 0, 5, 5, 0, 0, 0, 1, 2, 0, 0, 0, 0, 0, 0, 0, 0, 0, 2, 0, : 5, 1, 5, 1, 4, 2, 2, 9, 54, 5, 1, 1, 1, 53, 1, 1, 5, 1, 3, 51, 1, 2, 54, 3, 3, 5, 4, 3, 5, 5, 1, 2, 2, 
170: 0, 0, 2, 0, 0, 0, 0, 5, 0, 1, 0, 0, 4, 0, 0, 1, 0, 3, 0, 2, 0, 3, 0, 0, 0, 0, 5, 1, 0, 0, 0, 0, 0, 4, 1, 1, 0, 0, 0, 0, 2, 0, 53, 0, 4, 0, 0, 3, 0, 0, 4, 0, 0, 50, 0, 4, 0, 0, 4, 0, 0, 1, 0, 0, 1, 4, 0, 2, 0, 2, 0, 0, 0, 3, 0, 0, 2, 0, 0, 0, 0, 0, 3, 4, 2, 0, 0, 0, 0, 0, 1, 0, 0, 0, 0, 0, 0, 0, 0, 0, : 2, 5, 1, 4, 1, 3, 2, 3, 5, 1, 4, 1, 1, 2, 53, 4, 3, 4, 50, 4, 4, 1, 1, 4, 2, 2, 3, 2, 3, 4, 2, 1, 
112: 1, 4, 0, 0, 0, 0, 0, 0, 0, 0, 0, 0, 3, 0, 0, 3, 0, 5, 0, 0, 0, 0, 0, 2, 0, 0, 4, 1, 1, 53, 0, 0, 0, 4, 0, 1, 0, 53, 0, 0, 3, 4, 0, 0, 1, 50, 0, 1, 4, 1, 0, 0, 0, 0, 0, 1, 0, 0, 1, 0, 0, 0, 1, 0, 0, 1, 1, 4, 2, 0, 0, 0, 0, 0, 0, 0, 5, 0, 0, 53, 0, 1, 2, 1, 0, 0, 0, 3, 0, 0, 0, 0, 0, 0, 0, 0, 1, 2, 2, 0, : 1, 4, 3, 3, 5, 2, 4, 1, 1, 53, 4, 1, 53, 3, 4, 1, 50, 1, 4, 1, 1, 1, 1, 1, 1, 4, 2, 5, 53, 1, 2, 1, 3, 1, 2, 2, 
166: 1, 0, 0, 0, 0, 0, 55, 3, 0, 0, 0, 0, 3, 0, 0, 5, 5, 2, 4, 0, 0, 0, 0, 0, 0, 0, 5, 4, 0, 0, 0, 0, 0, 2, 0, 3, 0, 0, 0, 0, 3, 2, 0, 0, 2, 0, 0, 3, 0, 1, 0, 0, 0, 0, 1, 5, 0, 0, 2, 0, 0, 0, 0, 2, 0, 2, 0, 1, 0, 0, 0, 0, 0, 0, 0, 0, 4, 0, 0, 0, 0, 0, 5, 2, 0, 0, 0, 0, 3, 0, 0, 0, 0, 0, 0, 0, 0, 0, 0, 0, : 1, 55, 3, 3, 5, 5, 2, 4, 5, 4, 2, 3, 3, 2, 2, 3, 1, 1, 5, 2, 2, 2, 1, 4, 5, 2, 3, 


192: 0, 0, 0, 1, 0, 0, 0, 2, 0, 0, 2, 0, 0, 4, 55, 50, 2, 0, 0, 50, 0, 3, 0, 5, 0, 4, 0, 52, 0, 2, 0, 0, 0, 0, 0, 3, 0, 4, 1, 0, 4, 0, 0, 0, 0, 0, 0, 0, 3, 0, 5, 55, 0, 0, 5, 53, 0, 0, 0, 0, 0, 0, 0, 1, 1, 0, 0, 1, 3, 0, 0, 0, 0, 5, 3, 0, 1, 1, 0, 0, 6, 0, 1, 2, 5, 0, 1, 0, 0, 3, 2, 0, 0, 5, 0, 0, 3, 0, 0, 1, : 1, 2, 2, 4, 55, 50, 2, 50, 3, 5, 4, 52, 2, 3, 4, 1, 4, 3, 5, 55, 5, 53, 1, 1, 1, 3, 5, 3, 1, 1, 6, 1, 2, 5, 1, 3, 2, 5, 3, 1, 
9: 0, 0, 0, 5, 0, 0, 0, 2, 0, 3, 5, 1, 0, 1, 0, 4, 1, 0, 0, 1, 0, 4, 0, 4, 0, 0, 0, 0, 0, 3, 0, 0, 3, 3, 0, 5, 0, 3, 5, 0, 5, 0, 0, 0, 51, 52, 5, 0, 0, 54, 4, 0, 0, 0, 2, 3, 0, 0, 0, 0, 0, 0, 0, 1, 4, 0, 0, 0, 1, 0, 0, 0, 0, 4, 1, 4, 0, 0, 0, 0, 3, 2, 2, 4, 1, 1, 7, 0, 0, 2, 3, 0, 55, 4, 0, 0, 0, 3, 0, 0, : 5, 2, 3, 5, 1, 1, 4, 1, 1, 4, 4, 3, 3, 3, 5, 3, 5, 5, 51, 52, 5, 54, 4, 2, 3, 1, 4, 1, 4, 1, 4, 3, 2, 2, 4, 1, 1, 7, 2, 3, 55, 4, 3, 
47: 54, 0, 4, 3, 4, 0, 0, 5, 3, 0, 2, 0, 0, 2, 0, 0, 4, 0, 0, 0, 0, 3, 0, 2, 2, 0, 0, 0, 0, 3, 0, 0, 0, 0, 51, 2, 0, 0, 4, 0, 3, 0, 0, 0, 4, 0, 0, 0, 4, 0, 2, 0, 0, 0, 3, 0, 0, 2, 2, 0, 0, 0, 0, 3, 5, 0, 0, 5, 2, 0, 0, 54, 0, 5, 5, 0, 0, 0, 0, 0, 2, 4, 4, 4, 2, 1, 2, 0, 0, 0, 2, 0, 0, 1, 0, 4, 5, 53, 2, 0, : 54, 4, 3, 4, 5, 3, 2, 2, 4, 3, 2, 2, 3, 51, 2, 4, 3, 4, 4, 2, 3, 2, 2, 3, 5, 5, 2, 54, 5, 5, 2, 4, 4, 4, 2, 1, 2, 2, 1, 4, 5, 53, 2, 
189: 0, 0, 0, 4, 0, 0, 0, 1, 1, 0, 4, 0, 0, 3, 0, 0, 0, 1, 2, 0, 0, 2, 0, 3, 51, 0, 0, 1, 51, 5, 0, 0, 0, 0, 2, 2, 0, 2, 1, 0, 3, 53, 1, 0, 0, 0, 0, 0, 1, 2, 3, 0, 0, 1, 1, 0, 0, 0, 0, 0, 0, 1, 4, 3, 5, 0, 0, 5, 5, 0, 0, 0, 0, 4, 5, 0, 2, 0, 54, 0, 2, 0, 4, 1, 2, 1, 4, 4, 1, 2, 3, 0, 0, 1, 0, 0, 0, 0, 0, 0, : 4, 1, 1, 4, 3, 1, 2, 2, 3, 51, 1, 51, 5, 2, 2, 2, 1, 3, 53, 1, 1, 2, 3, 1, 1, 1, 4, 3, 5, 5, 5, 4, 5, 2, 54, 2, 4, 1, 2, 1, 4, 4, 1, 2, 3, 1, 
7: 1, 0, 4, 5, 0, 0, 0, 5, 0, 0, 3, 3, 0, 4, 0, 1, 3, 1, 0, 2, 0, 0, 4, 4, 0, 0, 0, 0, 0, 5, 0, 0, 0, 0, 3, 0, 54, 3, 5, 3, 3, 0, 0, 0, 0, 0, 3, 0, 4, 0, 4, 0, 2, 0, 5, 0, 0, 0, 0, 0, 0, 0, 0, 2, 6, 5, 0, 1, 2, 5, 51, 0, 0, 2, 2, 0, 0, 0, 0, 0, 2, 0, 4, 3, 4, 0, 2, 0, 0, 4, 5, 0, 0, 3, 0, 0, 0, 0, 0, 0, : 1, 4, 5, 5, 3, 3, 4, 1, 3, 1, 2, 4, 4, 5, 3, 54, 3, 5, 3, 3, 3, 4, 4, 2, 5, 2, 6, 5, 1, 2, 5, 51, 2, 2, 2, 4, 3, 4, 2, 4, 5, 3, 
172: 0, 0, 0, 1, 0, 3, 0, 5, 51, 2, 1, 0, 0, 2, 2, 0, 4, 0, 0, 0, 0, 2, 0, 5, 0, 0, 0, 0, 0, 4, 3, 0, 0, 0, 0, 4, 0, 1, 4, 0, 4, 0, 0, 0, 0, 0, 0, 1, 5, 0, 3, 0, 0, 51, 5, 0, 0, 0, 0, 55, 0, 0, 5, 2, 1, 0, 0, 0, 1, 0, 0, 0, 0, 5, 1, 0, 0, 1, 0, 0, 1, 2, 4, 5, 4, 0, 5, 0, 0, 4, 5, 54, 0, 4, 0, 0, 0, 0, 0, 0, : 1, 3, 5, 51, 2, 1, 2, 2, 4, 2, 5, 4, 3, 4, 1, 4, 4, 1, 5, 3, 51, 5, 55, 5, 2, 1, 1, 5, 1, 1, 1, 2, 4, 5, 4, 5, 4, 5, 54, 4, 
165: 1, 0, 0, 5, 0, 0, 0, 1, 0, 0, 5, 0, 0, 4, 1, 0, 1, 0, 0, 1, 0, 4, 0, 3, 0, 1, 0, 0, 0, 1, 1, 52, 0, 0, 0, 2, 0, 1, 1, 0, 1, 0, 55, 0, 0, 0, 0, 3, 4, 0, 3, 0, 0, 1, 5, 0, 0, 5, 0, 0, 4, 0, 1, 5, 5, 0, 51, 4, 2, 0, 0, 0, 0, 5, 2, 0, 2, 0, 0, 0, 5, 0, 3, 1, 2, 0, 2, 0, 0, 2, 5, 0, 0, 5, 0, 0, 0, 0, 0, 0, : 1, 5, 1, 5, 4, 1, 1, 1, 4, 3, 1, 1, 1, 52, 2, 1, 1, 1, 55, 3, 4, 3, 1, 5, 5, 4, 1, 5, 5, 51, 4, 2, 5, 2, 2, 5, 3, 1, 2, 2, 2, 5, 5, 
34: 0, 0, 0, 4, 0, 0, 0, 4, 0, 0, 2, 53, 0, 3, 0, 0, 3, 2, 1, 0, 0, 2, 55, 2, 0, 0, 0, 0, 0, 0, 0, 0, 52, 0, 0, 4, 0, 5, 1, 0, 4, 0, 0, 1, 0, 0, 0, 0, 0, 2, 1, 0, 1, 0, 3, 1, 0, 0, 0, 1, 2, 0, 0, 3, 5, 0, 4, 4, 4, 54, 0, 0, 0, 4, 2, 0, 0, 52, 0, 0, 2, 0, 1, 4, 3, 0, 4, 3, 5, 5, 2, 0, 4, 4, 0, 0, 0, 0, 0, 0, : 4, 4, 2, 53, 3, 3, 2, 1, 2, 55, 2, 52, 4, 5, 1, 4, 1, 2, 1, 1, 3, 1, 1, 2, 3, 5, 4, 4, 4, 54, 4, 2, 52, 2, 1, 4, 3, 4, 3, 5, 5, 2, 4, 4, 
8: 0, 0, 0, 1, 1, 0, 53, 5, 0, 0, 1, 0, 0, 4, 0, 0, 2, 0, 0, 0, 1, 0, 1, 2, 5, 0, 1, 0, 0, 5, 0, 1, 4, 0, 0, 4, 1, 5, 5, 0, 5, 0, 0, 0, 5, 0, 0, 0, 5, 2, 4, 0, 5, 0, 2, 0, 3, 0, 0, 0, 0, 0, 0, 1, 1, 0, 0, 5, 3, 0, 0, 0, 0, 2, 5, 1, 0, 3, 0, 3, 1, 0, 2, 3, 5, 0, 4, 0, 0, 3, 5, 0, 0, 3, 0, 0, 0, 1, 4, 0, : 1, 1, 53, 5, 1, 4, 2, 1, 1, 2, 5, 1, 5, 1, 4, 4, 1, 5, 5, 5, 5, 5, 2, 4, 5, 2, 3, 1, 1, 5, 3, 2, 5, 1, 3, 3, 1, 2, 3, 5, 4, 3, 5, 3, 1, 4, 
73: 0, 0, 0, 2, 0, 1, 1, 1, 0, 0, 10, 3, 51, 3, 0, 0, 3, 0, 0, 0, 0, 2, 0, 1, 0, 0, 0, 3, 0, 2, 0, 0, 0, 0, 0, 5, 0, 3, 1, 0, 5, 1, 1, 0, 0, 0, 0, 0, 4, 0, 5, 0, 0, 0, 5, 0, 5, 0, 0, 0, 0, 53, 0, 5, 5, 5, 5, 0, 5, 0, 0, 1, 3, 4, 1, 50, 5, 0, 5, 0, 4, 0, 5, 1, 1, 0, 3, 0, 1, 4, 3, 0, 0, 1, 3, 0, 0, 0, 0, 2, : 2, 1, 1, 1, 10, 3, 51, 3, 3, 2, 1, 3, 2, 5, 3, 1, 5, 1, 1, 4, 5, 5, 5, 53, 5, 5, 5, 5, 5, 1, 3, 4, 1, 50, 5, 5, 4, 5, 1, 1, 3, 1, 4, 3, 1, 3, 2, 
79: 3, 0, 0, 1, 2, 0, 0, 2, 0, 51, 3, 0, 0, 5, 0, 0, 5, 0, 0, 0, 0, 5, 0, 5, 0, 0, 5, 4, 1, 0, 3, 2, 0, 0, 0, 2, 0, 2, 3, 0, 1, 0, 0, 0, 0, 3, 50, 1, 1, 0, 3, 0, 0, 0, 1, 0, 2, 1, 0, 0, 0, 0, 0, 5, 1, 0, 0, 3, 3, 0, 0, 0, 0, 4, 5, 0, 0, 0, 0, 54, 3, 0, 2, 5, 2, 50, 1, 0, 0, 5, 1, 3, 0, 3, 0, 0, 0, 0, 0, 0, : 3, 1, 2, 2, 51, 3, 5, 5, 5, 5, 5, 4, 1, 3, 2, 2, 2, 3, 1, 3, 50, 1, 1, 3, 1, 2, 1, 5, 1, 3, 3, 4, 5, 54, 3, 2, 5, 2, 50, 1, 5, 1, 3, 3, 
56: 0, 0, 0, 5, 0, 51, 0, 2, 0, 0, 4, 0, 2, 2, 2, 0, 5, 0, 50, 0, 0, 2, 0, 4, 1, 0, 0, 0, 0, 2, 0, 0, 0, 0, 2, 3, 0, 1, 5, 1, 5, 0, 0, 0, 0, 0, 0, 0, 1, 0, 4, 0, 1, 0, 1, 0, 0, 0, 0, 0, 0, 0, 0, 5, 3, 0, 0, 5, 4, 0, 4, 0, 0, 3, 1, 0, 0, 0, 0, 0, 7, 0, 5, 4, 2, 0, 4, 0, 51, 4, 5, 0, 0, 2, 0, 55, 0, 0, 51, 0, : 5, 51, 2, 4, 2, 2, 2, 5, 50, 2, 4, 1, 2, 2, 3, 1, 5, 1, 5, 1, 4, 1, 1, 5, 3, 5, 4, 4, 3, 1, 7, 5, 4, 2, 4, 51, 4, 5, 2, 55, 51, 
157: 0, 0, 0, 5, 0, 0, 0, 5, 0, 0, 2, 0, 0, 5, 0, 2, 3, 0, 5, 2, 52, 2, 0, 1, 0, 51, 0, 0, 0, 1, 0, 0, 1, 5, 2, 4, 0, 5, 4, 3, 1, 0, 0, 0, 0, 0, 0, 0, 4, 0, 3, 0, 51, 0, 2, 0, 0, 0, 54, 0, 0, 0, 0, 2, 1, 50, 0, 0, 3, 0, 0, 0, 0, 0, 3, 0, 0, 0, 0, 0, 2, 2, 1, 2, 3, 0, 3, 3, 0, 5, 5, 0, 0, 4, 4, 0, 0, 0, 3, 0, : 5, 5, 2, 5, 2, 3, 5, 2, 52, 2, 1, 51, 1, 1, 5, 2, 4, 5, 4, 3, 1, 4, 3, 51, 2, 54, 2, 1, 50, 3, 3, 2, 2, 1, 2, 3, 3, 3, 5, 5, 4, 4, 3, 
147: 0, 3, 0, 2, 51, 0, 0, 4, 0, 0, 1, 0, 0, 3, 0, 0, 3, 0, 0, 3, 0, 5, 0, 5, 0, 3, 1, 0, 4, 5, 2, 0, 0, 0, 0, 5, 0, 5, 3, 52, 4, 3, 0, 0, 0, 0, 0, 52, 3, 0, 2, 0, 0, 2, 5, 0, 50, 0, 0, 0, 1, 0, 0, 5, 4, 0, 0, 5, 4, 0, 0, 0, 0, 5, 2, 0, 0, 0, 0, 0, 2, 0, 1, 3, 2, 0, 2, 0, 0, 2, 5, 0, 0, 2, 3, 0, 0, 0, 0, 55, : 3, 2, 51, 4, 1, 3, 3, 3, 5, 5, 3, 1, 4, 5, 2, 5, 5, 3, 52, 4, 3, 52, 3, 2, 2, 5, 50, 1, 5, 4, 5, 4, 5, 2, 2, 1, 3, 2, 2, 2, 5, 2, 3, 55, 
28: 0, 0, 0, 4, 0, 3, 1, 1, 0, 0, 3, 0, 1, 2, 0, 2, 5, 0, 0, 0, 0, 5, 0, 3, 0, 1, 0, 0, 0, 5, 0, 3, 0, 0, 0, 2, 4, 3, 5, 0, 1, 0, 0, 4, 0, 1, 0, 0, 2, 0, 1, 1, 0, 3, 4, 0, 0, 0, 0, 1, 50, 1, 0, 1, 1, 0, 0, 4, 5, 0, 0, 0, 1, 3, 5, 0, 0, 3, 0, 0, 2, 0, 4, 2, 4, 2, 2, 0, 0, 2, 0, 0, 0, 4, 50, 0, 50, 2, 0, 1, : 4, 3, 1, 1, 3, 1, 2, 2, 5, 5, 3, 1, 5, 3, 2, 4, 3, 5, 1, 4, 1, 2, 1, 1, 3, 4, 1, 50, 1, 1, 1, 4, 5, 1, 3, 5, 3, 2, 4, 2, 4, 2, 2, 2, 4, 50, 50, 2, 1, 
139: 1, 5, 52, 1, 0, 0, 0, 4, 0, 0, 2, 0, 0, 4, 0, 0, 1, 0, 0, 0, 4, 5, 0, 2, 0, 0, 2, 0, 0, 5, 51, 0, 0, 0, 0, 4, 1, 3, 3, 0, 0, 0, 0, 50, 0, 0, 0, 0, 4, 0, 5, 0, 0, 0, 2, 0, 0, 1, 0, 3, 0, 0, 50, 3, 2, 0, 0, 5, 1, 0, 0, 0, 0, 2, 4, 2, 0, 0, 0, 3, 1, 0, 1, 5, 5, 0, 5, 0, 0, 3, 5, 0, 0, 5, 0, 0, 1, 0, 0, 0, : 1, 5, 52, 1, 4, 2, 4, 1, 4, 5, 2, 2, 5, 51, 4, 1, 3, 3, 50, 4, 5, 2, 1, 3, 50, 3, 2, 5, 1, 2, 4, 2, 3, 1, 1, 5, 5, 5, 3, 5, 5, 1, 
131: 0, 0, 0, 4, 2, 2, 2, 4, 5, 0, 2, 0, 1, 2, 0, 1, 1, 0, 2, 0, 0, 4, 0, 2, 1, 0, 0, 0, 4, 2, 0, 2, 0, 0, 0, 2, 0, 5, 4, 1, 1, 3, 0, 0, 0, 0, 0, 3, 5, 0, 3, 0, 0, 0, 1, 2, 0, 0, 0, 0, 0, 0, 0, 5, 1, 0, 0, 4, 2, 0, 0, 0, 5, 0, 2, 3, 0, 0, 0, 0, 3, 0, 4, 0, 2, 3, 3, 0, 0, 2, 0, 2, 0, 3, 0, 0, 0, 0, 0, 0, : 4, 2, 2, 2, 4, 5, 2, 1, 2, 1, 1, 2, 4, 2, 1, 4, 2, 2, 2, 5, 4, 1, 1, 3, 3, 5, 3, 1, 2, 5, 1, 4, 2, 5, 2, 3, 3, 4, 2, 3, 3, 2, 2, 3, 
51: 0, 50, 0, 3, 0, 0, 0, 1, 0, 4, 1, 0, 0, 2, 0, 0, 5, 3, 0, 0, 0, 5, 0, 1, 0, 0, 0, 0, 0, 5, 0, 0, 0, 52, 0, 1, 0, 4, 2, 0, 4, 0, 0, 5, 0, 0, 0, 0, 2, 0, 2, 4, 0, 1, 3, 0, 0, 51, 4, 0, 0, 0, 0, 5, 3, 0, 0, 4, 3, 0, 0, 5, 0, 2, 4, 0, 50, 0, 1, 0, 2, 50, 4, 4, 5, 0, 2, 50, 0, 2, 0, 0, 1, 4, 0, 0, 0, 0, 0, 1, : 50, 3, 1, 4, 1, 2, 5, 3, 5, 1, 5, 52, 1, 4, 2, 4, 5, 2, 2, 4, 1, 3, 51, 4, 5, 3, 4, 3, 5, 2, 4, 50, 1, 2, 50, 4, 4, 5, 2, 50, 2, 1, 4, 1, 
183: 0, 2, 0, 1, 0, 0, 0, 1, 0, 0, 2, 0, 4, 4, 0, 0, 5, 53, 0, 1, 0, 5, 0, 3, 0, 0, 50, 0, 0, 0, 0, 0, 0, 0, 0, 5, 0, 1, 1, 0, 1, 0, 3, 0, 0, 3, 2, 0, 4, 0, 2, 0, 0, 0, 2, 0, 0, 0, 0, 0, 3, 5, 0, 2, 4, 0, 0, 5, 4, 0, 0, 0, 51, 1, 5, 0, 0, 0, 0, 0, 5, 0, 5, 4, 2, 0, 2, 0, 2, 4, 0, 0, 0, 1, 0, 1, 0, 0, 0, 0, : 2, 1, 1, 2, 4, 4, 5, 53, 1, 5, 3, 50, 5, 1, 1, 1, 3, 3, 2, 4, 2, 2, 3, 5, 2, 4, 5, 4, 51, 1, 5, 5, 5, 4, 2, 2, 2, 4, 1, 1, 
133: 0, 0, 0, 3, 0, 0, 3, 5, 0, 0, 5, 0, 1, 1, 0, 0, 4, 0, 0, 0, 3, 0, 0, 3, 0, 0, 1, 0, 0, 5, 0, 0, 0, 0, 0, 1, 0, 4, 2, 0, 5, 0, 0, 0, 0, 1, 0, 0, 4, 0, 1, 0, 0, 1, 3, 1, 0, 0, 0, 0, 0, 0, 0, 1, 2, 0, 0, 0, 3, 1, 5, 0, 0, 0, 2, 0, 0, 0, 0, 0, 5, 0, 3, 3, 4, 2, 2, 0, 0, 2, 4, 1, 0, 1, 0, 0, 1, 1, 0, 0, : 3, 3, 5, 5, 1, 1, 4, 3, 3, 1, 5, 1, 4, 2, 5, 1, 4, 1, 1, 3, 1, 1, 2, 3, 1, 5, 2, 5, 3, 3, 4, 2, 2, 2, 4, 1, 1, 1, 1, 


149: 0, 0, 1, 0, 0, 0, 2, 3, 0, 0, 0, 0, 4, 0, 0, 1, 3, 1, 4, 0, 54, 1, 0, 0, 54, 0, 0, 8, 4, 2, 0, 0, 5, 0, 4, 5, 3, 55, 1, 0, 0, 0, 1, 1, 1, 50, 0, 0, 0, 0, 0, 4, 2, 0, 0, 1, 0, 5, 5, 4, 0, 0, 5, 3, 0, 0, 0, 1, 50, 0, 1, 0, 0, 0, 0, 1, 2, 0, 0, 0, 1, 0, 0, 0, 0, 3, 0, 0, 4, 0, 3, 0, 0, 0, 0, 0, 1, 0, 0, 0, : 1, 2, 3, 4, 1, 3, 1, 4, 54, 1, 54, 8, 4, 2, 5, 4, 5, 3, 55, 1, 1, 1, 1, 50, 4, 2, 1, 5, 5, 4, 5, 3, 1, 50, 1, 1, 2, 1, 3, 4, 3, 1, 
1: 2, 0, 53, 0, 0, 0, 5, 4, 0, 0, 0, 1, 2, 1, 0, 1, 0, 1, 0, 0, 0, 2, 0, 0, 0, 0, 2, 1, 0, 4, 0, 0, 4, 0, 2, 3, 51, 0, 0, 0, 0, 2, 0, 3, 2, 0, 0, 0, 0, 0, 0, 1, 4, 4, 1, 0, 0, 3, 5, 0, 3, 0, 1, 5, 2, 0, 0, 5, 0, 1, 2, 2, 0, 0, 0, 0, 4, 50, 0, 3, 3, 0, 0, 0, 0, 0, 0, 0, 3, 0, 4, 0, 0, 0, 0, 0, 0, 0, 0, 0, : 2, 53, 5, 4, 1, 2, 1, 1, 1, 2, 2, 1, 4, 4, 2, 3, 51, 2, 3, 2, 1, 4, 4, 1, 3, 5, 3, 1, 5, 2, 5, 1, 2, 2, 4, 50, 3, 3, 3, 4, 
101: 2, 0, 0, 0, 0, 51, 0, 2, 0, 0, 0, 3, 3, 0, 0, 0, 0, 4, 0, 0, 0, 1, 0, 0, 0, 0, 0, 2, 0, 1, 1, 0, 2, 0, 2, 5, 0, 0, 50, 0, 0, 0, 0, 0, 4, 5, 0, 3, 0, 0, 0, 5, 4, 0, 0, 2, 0, 5, 4, 2, 0, 51, 5, 2, 1, 0, 0, 3, 0, 0, 4, 0, 0, 0, 0, 1, 0, 0, 0, 0, 4, 0, 0, 0, 0, 4, 50, 51, 5, 0, 1, 0, 51, 3, 0, 0, 0, 0, 0, 0, : 2, 51, 2, 3, 3, 4, 1, 2, 1, 1, 2, 2, 5, 50, 4, 5, 3, 5, 4, 2, 5, 4, 2, 51, 5, 2, 1, 3, 4, 1, 4, 4, 50, 51, 5, 1, 51, 3, 
20: 0, 0, 0, 1, 0, 0, 0, 1, 0, 0, 0, 0, 3, 0, 51, 0, 51, 4, 0, 0, 0, 5, 0, 0, 0, 0, 0, 5, 0, 4, 1, 4, 3, 2, 3, 5, 0, 0, 0, 1, 54, 0, 0, 0, 2, 0, 0, 4, 53, 0, 0, 1, 4, 0, 0, 0, 4, 1, 5, 4, 0, 0, 5, 1, 2, 0, 52, 4, 0, 0, 2, 3, 0, 0, 0, 0, 0, 0, 0, 0, 4, 0, 0, 0, 0, 4, 2, 3, 4, 0, 1, 0, 0, 1, 0, 0, 0, 0, 0, 0, : 1, 1, 3, 51, 51, 4, 5, 5, 4, 1, 4, 3, 2, 3, 5, 1, 54, 2, 4, 53, 1, 4, 4, 1, 5, 4, 5, 1, 2, 52, 4, 2, 3, 4, 4, 2, 3, 4, 1, 1, 
31: 2, 4, 0, 0, 2, 0, 0, 4, 0, 0, 0, 0, 5, 0, 0, 1, 0, 5, 0, 0, 0, 5, 50, 0, 0, 0, 0, 1, 51, 1, 0, 0, 1, 0, 5, 2, 0, 0, 5, 53, 0, 0, 0, 0, 1, 0, 0, 0, 0, 4, 0, 1, 6, 0, 50, 0, 0, 4, 1, 4, 0, 4, 1, 1, 0, 0, 0, 5, 0, 0, 4, 0, 0, 0, 0, 0, 0, 5, 0, 0, 3, 0, 0, 0, 0, 4, 3, 0, 5, 0, 1, 0, 1, 0, 0, 55, 0, 0, 0, 0, : 2, 4, 2, 4, 5, 1, 5, 5, 50, 1, 51, 1, 1, 5, 2, 5, 53, 1, 4, 1, 6, 50, 4, 1, 4, 4, 1, 1, 5, 4, 5, 3, 4, 3, 5, 1, 1, 55, 
15: 0, 0, 0, 0, 1, 0, 0, 2, 0, 0, 0, 0, 1, 0, 5, 0, 0, 2, 0, 0, 0, 3, 0, 0, 0, 0, 0, 3, 0, 5, 1, 0, 3, 0, 5, 1, 0, 0, 0, 0, 0, 0, 0, 0, 2, 0, 0, 0, 0, 0, 0, 1, 1, 52, 0, 0, 0, 3, 0, 1, 0, 0, 5, 5, 0, 0, 0, 4, 0, 0, 5, 0, 1, 0, 0, 0, 0, 0, 0, 0, 2, 1, 0, 0, 0, 4, 0, 0, 2, 0, 3, 0, 1, 0, 0, 0, 0, 0, 0, 0, : 1, 2, 1, 5, 2, 3, 3, 5, 1, 3, 5, 1, 2, 1, 1, 52, 3, 1, 5, 5, 4, 5, 1, 2, 1, 4, 2, 3, 1, 
116: 0, 0, 0, 1, 0, 0, 1, 3, 0, 0, 0, 0, 2, 0, 0, 0, 0, 4, 0, 0, 0, 6, 1, 0, 0, 4, 0, 4, 0, 4, 0, 0, 3, 0, 3, 5, 0, 0, 0, 0, 0, 0, 0, 0, 3, 1, 55, 1, 1, 0, 50, 5, 5, 0, 0, 1, 1, 1, 3, 1, 0, 0, 2, 4, 0, 0, 0, 1, 0, 4, 2, 53, 0, 2, 0, 3, 1, 1, 0, 0, 4, 0, 0, 2, 0, 4, 1, 0, 3, 0, 2, 0, 0, 0, 0, 0, 0, 0, 0, 0, : 1, 1, 3, 2, 4, 6, 1, 4, 4, 4, 3, 3, 5, 3, 1, 55, 1, 1, 50, 5, 5, 1, 1, 1, 3, 1, 2, 4, 1, 4, 2, 53, 2, 3, 1, 1, 4, 2, 4, 1, 3, 2, 
200: 0, 0, 0, 0, 0, 0, 52, 2, 53, 0, 0, 0, 1, 0, 2, 0, 0, 3, 2, 0, 0, 2, 0, 0, 0, 0, 0, 2, 0, 4, 0, 0, 0, 0, 4, 3, 0, 0, 1, 0, 4, 0, 0, 50, 1, 0, 0, 0, 0, 0, 0, 3, 3, 0, 1, 3, 1, 5, 0, 5, 0, 0, 5, 3, 1, 0, 0, 2, 1, 0, 1, 0, 0, 0, 0, 0, 0, 1, 0, 0, 1, 0, 0, 0, 0, 4, 0, 0, 3, 0, 1, 0, 0, 50, 0, 0, 0, 0, 0, 3, : 52, 2, 53, 1, 2, 3, 2, 2, 2, 4, 4, 3, 1, 4, 50, 1, 3, 3, 1, 3, 1, 5, 5, 5, 3, 1, 2, 1, 1, 1, 1, 4, 3, 1, 50, 3, 
179: 0, 0, 0, 0, 2, 3, 0, 5, 0, 0, 0, 0, 4, 0, 0, 1, 0, 3, 0, 1, 5, 4, 0, 0, 0, 0, 0, 2, 0, 2, 0, 0, 5, 0, 5, 0, 0, 0, 0, 0, 0, 0, 0, 0, 5, 0, 0, 0, 0, 52, 5, 5, 3, 1, 1, 0, 0, 1, 1, 4, 55, 0, 4, 2, 0, 5, 0, 4, 0, 0, 3, 0, 0, 4, 3, 51, 0, 0, 1, 0, 2, 0, 51, 0, 0, 4, 0, 0, 1, 1, 5, 0, 0, 0, 0, 0, 0, 0, 2, 1, : 2, 3, 5, 4, 1, 3, 1, 5, 4, 2, 2, 5, 5, 5, 52, 5, 5, 3, 1, 1, 1, 1, 4, 55, 4, 2, 5, 4, 3, 4, 3, 51, 1, 2, 51, 4, 1, 1, 5, 2, 1, 
30: 0, 54, 0, 0, 5, 0, 0, 3, 0, 0, 0, 0, 4, 0, 0, 0, 0, 2, 0, 0, 0, 3, 3, 0, 0, 0, 0, 2, 0, 5, 0, 0, 2, 0, 1, 0, 0, 0, 2, 0, 0, 1, 0, 0, 5, 0, 2, 0, 0, 0, 0, 2, 1, 2, 0, 50, 0, 4, 5, 3, 0, 0, 1, 5, 0, 1, 0, 4, 1, 0, 5, 0, 0, 0, 0, 0, 0, 0, 0, 0, 7, 0, 0, 0, 0, 4, 1, 2, 1, 0, 5, 0, 0, 0, 0, 0, 0, 0, 0, 0, : 54, 5, 3, 4, 2, 3, 3, 2, 5, 2, 1, 2, 1, 5, 2, 2, 1, 2, 50, 4, 5, 3, 1, 5, 1, 4, 1, 5, 7, 4, 1, 2, 1, 5, 
130: 0, 0, 0, 0, 0, 2, 0, 2, 0, 0, 0, 0, 4, 0, 2, 0, 0, 2, 0, 1, 0, 4, 0, 0, 1, 0, 0, 3, 0, 3, 0, 0, 3, 2, 1, 1, 0, 0, 0, 0, 2, 0, 0, 0, 4, 0, 0, 0, 0, 3, 0, 3, 5, 0, 0, 0, 0, 5, 1, 4, 0, 0, 5, 2, 0, 0, 0, 4, 0, 0, 2, 0, 1, 0, 0, 0, 0, 0, 0, 0, 4, 0, 0, 0, 0, 4, 0, 0, 5, 0, 4, 0, 0, 0, 0, 2, 0, 0, 4, 0, : 2, 2, 4, 2, 2, 1, 4, 1, 3, 3, 3, 2, 1, 1, 2, 4, 3, 3, 5, 5, 1, 4, 5, 2, 4, 2, 1, 4, 4, 5, 4, 2, 4, 
186: 0, 0, 3, 2, 0, 0, 0, 2, 2, 4, 0, 1, 3, 50, 0, 0, 0, 2, 0, 4, 0, 1, 4, 0, 0, 0, 0, 3, 0, 3, 0, 0, 5, 0, 1, 5, 0, 0, 1, 1, 0, 0, 0, 0, 2, 0, 0, 0, 2, 0, 2, 2, 3, 0, 0, 0, 1, 3, 3, 1, 0, 0, 2, 5, 0, 0, 0, 1, 0, 0, 1, 0, 0, 0, 0, 0, 0, 1, 3, 0, 1, 4, 1, 0, 0, 4, 0, 0, 3, 0, 5, 0, 0, 0, 0, 0, 2, 0, 54, 52, : 3, 2, 2, 2, 4, 1, 3, 50, 2, 4, 1, 4, 3, 3, 5, 1, 5, 1, 1, 2, 2, 2, 2, 3, 1, 3, 3, 1, 2, 5, 1, 1, 1, 3, 1, 4, 1, 4, 3, 5, 2, 54, 52, 
160: 1, 1, 3, 0, 0, 0, 0, 5, 1, 0, 0, 0, 2, 2, 0, 1, 0, 4, 0, 0, 0, 5, 0, 50, 3, 0, 0, 2, 5, 3, 0, 0, 3, 0, 4, 4, 0, 0, 0, 1, 0, 0, 0, 4, 3, 0, 2, 0, 0, 0, 0, 4, 3, 0, 5, 1, 0, 0, 2, 5, 0, 0, 5, 5, 3, 0, 0, 3, 3, 1, 7, 2, 0, 53, 0, 1, 0, 0, 0, 0, 1, 0, 0, 0, 0, 4, 0, 0, 4, 0, 5, 4, 0, 2, 0, 0, 3, 0, 0, 3, : 1, 1, 3, 5, 1, 2, 2, 1, 4, 5, 50, 3, 2, 5, 3, 3, 4, 4, 1, 4, 3, 2, 4, 3, 5, 1, 2, 5, 5, 5, 3, 3, 3, 1, 7, 2, 53, 1, 1, 4, 4, 5, 4, 2, 3, 3, 
32: 53, 0, 0, 0, 0, 1, 0, 5, 0, 0, 53, 0, 2, 0, 0, 0, 0, 3, 2, 0, 0, 3, 0, 0, 0, 1, 5, 2, 0, 5, 0, 0, 2, 0, 2, 3, 0, 0, 0, 0, 0, 0, 2, 0, 5, 0, 0, 0, 0, 0, 0, 5, 1, 0, 0, 0, 2, 4, 5, 4, 0, 0, 3, 4, 50, 0, 0, 4, 1, 0, 1, 0, 0, 0, 0, 0, 0, 2, 0, 54, 3, 0, 2, 53, 0, 0, 0, 0, 2, 5, 3, 0, 0, 0, 54, 0, 0, 2, 0, 0, : 53, 1, 5, 53, 2, 3, 2, 3, 1, 5, 2, 5, 2, 2, 3, 2, 5, 5, 1, 2, 4, 5, 4, 3, 4, 50, 4, 1, 1, 2, 54, 3, 2, 53, 2, 5, 3, 54, 2, 
25: 0, 0, 0, 50, 0, 0, 0, 4, 0, 0, 5, 0, 1, 0, 0, 5, 3, 5, 0, 52, 0, 2, 0, 3, 0, 0, 0, 1, 0, 1, 4, 0, 1, 0, 3, 5, 0, 0, 0, 1, 0, 1, 55, 0, 5, 1, 0, 0, 0, 0, 3, 3, 1, 0, 2, 0, 0, 2, 3, 5, 0, 2, 0, 1, 0, 0, 0, 4, 1, 0, 5, 0, 5, 0, 53, 0, 53, 0, 52, 0, 1, 4, 0, 0, 0, 3, 1, 0, 1, 1, 3, 0, 0, 0, 3, 1, 0, 5, 0, 0, : 50, 4, 5, 1, 5, 3, 5, 52, 2, 3, 1, 1, 4, 1, 3, 5, 1, 1, 55, 5, 1, 3, 3, 1, 2, 2, 3, 5, 2, 1, 4, 1, 5, 5, 53, 53, 52, 1, 4, 3, 1, 1, 1, 3, 3, 1, 5, 
114: 0, 1, 0, 4, 50, 0, 0, 4, 0, 0, 0, 0, 5, 1, 0, 0, 0, 4, 50, 0, 0, 2, 0, 0, 2, 0, 0, 8, 0, 5, 53, 3, 3, 0, 1, 2, 3, 4, 0, 1, 0, 0, 0, 2, 2, 0, 0, 0, 0, 0, 0, 3, 3, 0, 0, 0, 0, 2, 2, 1, 0, 2, 2, 3, 0, 0, 0, 3, 0, 52, 3, 0, 50, 1, 2, 0, 0, 0, 0, 0, 3, 0, 0, 0, 0, 4, 0, 3, 4, 0, 3, 2, 0, 0, 0, 0, 0, 0, 0, 0, : 1, 4, 50, 4, 5, 1, 4, 50, 2, 2, 8, 5, 53, 3, 3, 1, 2, 3, 4, 1, 2, 2, 3, 3, 2, 2, 1, 2, 2, 3, 3, 52, 3, 50, 1, 2, 3, 4, 3, 4, 3, 2, 
171: 0, 0, 0, 2, 0, 2, 0, 3, 0, 51, 2, 0, 4, 1, 0, 50, 0, 2, 0, 0, 0, 1, 2, 0, 0, 55, 0, 1, 0, 1, 0, 53, 3, 2, 5, 3, 3, 1, 0, 1, 0, 0, 0, 0, 3, 0, 1, 50, 0, 0, 0, 1, 1, 0, 0, 0, 0, 4, 5, 2, 0, 0, 5, 1, 0, 54, 0, 1, 1, 1, 3, 0, 0, 0, 0, 0, 0, 0, 0, 0, 9, 0, 1, 0, 55, 1, 0, 0, 2, 0, 3, 0, 0, 0, 0, 2, 53, 53, 0, 1, : 2, 2, 3, 51, 2, 4, 1, 50, 2, 1, 2, 55, 1, 1, 53, 3, 2, 5, 3, 3, 1, 1, 3, 1, 50, 1, 1, 4, 5, 2, 5, 1, 54, 1, 1, 1, 3, 9, 1, 55, 1, 2, 3, 2, 53, 53, 1, 
11: 0, 0, 0, 0, 0, 0, 0, 2, 0, 1, 0, 0, 3, 4, 0, 0, 3, 4, 0, 0, 1, 2, 0, 2, 0, 0, 51, 5, 0, 2, 0, 0, 3, 0, 3, 4, 0, 0, 0, 1, 0, 0, 2, 0, 1, 3, 0, 2, 1, 0, 0, 5, 2, 0, 0, 2, 51, 1, 4, 3, 0, 1, 1, 4, 0, 0, 5, 1, 0, 0, 3, 0, 0, 0, 0, 0, 0, 0, 0, 2, 2, 51, 0, 0, 5, 1, 0, 0, 4, 0, 2, 0, 5, 3, 3, 0, 0, 0, 0, 0, : 2, 1, 3, 4, 3, 4, 1, 2, 2, 51, 5, 2, 3, 3, 4, 1, 2, 1, 3, 2, 1, 5, 2, 2, 51, 1, 4, 3, 1, 1, 4, 5, 1, 3, 2, 2, 51, 5, 1, 4, 2, 5, 3, 3, 
194: 0, 0, 0, 0, 0, 1, 0, 2, 4, 4, 0, 0, 3, 1, 0, 0, 0, 3, 0, 2, 0, 4, 0, 4, 0, 0, 0, 1, 0, 4, 0, 0, 5, 0, 5, 1, 0, 0, 0, 0, 0, 55, 0, 0, 5, 0, 0, 0, 0, 0, 0, 1, 5, 0, 0, 0, 0, 4, 5, 2, 2, 0, 3, 3, 0, 0, 3, 5, 2, 1, 4, 0, 0, 0, 2, 2, 0, 0, 4, 1, 2, 0, 5, 5, 0, 1, 0, 0, 3, 0, 1, 2, 2, 1, 0, 0, 1, 0, 0, 0, : 1, 2, 4, 4, 3, 1, 3, 2, 4, 4, 1, 4, 5, 5, 1, 55, 5, 1, 5, 4, 5, 2, 2, 3, 3, 3, 5, 2, 1, 4, 2, 2, 4, 1, 2, 5, 5, 1, 3, 1, 2, 2, 1, 1, 
22: 0, 0, 0, 0, 0, 0, 0, 2, 0, 0, 0, 55, 4, 0, 0, 0, 0, 2, 2, 0, 0, 4, 0, 1, 0, 0, 2, 4, 0, 1, 0, 0, 4, 54, 1, 3, 0, 0, 0, 0, 0, 1, 0, 0, 4, 0, 0, 0, 3, 1, 0, 5, 3, 1, 0, 0, 0, 3, 1, 5, 0, 0, 0, 1, 1, 0, 0, 1, 0, 0, 2, 0, 3, 0, 0, 1, 0, 0, 0, 0, 3, 0, 0, 0, 0, 3, 2, 1, 1, 53, 5, 52, 0, 0, 0, 0, 0, 0, 0, 0, : 2, 55, 4, 2, 2, 4, 1, 2, 4, 1, 4, 54, 1, 3, 1, 4, 3, 1, 5, 3, 1, 3, 1, 5, 1, 1, 1, 2, 3, 1, 3, 3, 2, 1, 1, 53, 5, 52, 


156: 0, 0, 0, 3, 0, 4, 0, 55, 2, 4, 0, 0, 0, 52, 1, 2, 5, 0, 0, 0, 0, 0, 0, 2, 50, 0, 0, 2, 0, 0, 0, 0, 2, 0, 5, 0, 4, 0, 0, 0, 4, 0, 0, 1, 50, 0, 0, 0, 0, 0, 50, 2, 4, 0, 0, 0, 5, 0, 1, 1, 0, 5, 0, 5, 0, 0, 0, 1, 5, 0, 0, 2, 3, 0, 0, 0, 0, 4, 0, 0, 0, 3, 0, 0, 3, 1, 0, 3, 5, 0, 0, 0, 4, 0, 2, 0, 1, 2, 1, 0, : 3, 4, 55, 2, 4, 52, 1, 2, 5, 2, 50, 2, 2, 5, 4, 4, 1, 50, 50, 2, 4, 5, 1, 1, 5, 5, 1, 5, 2, 3, 4, 3, 3, 1, 3, 5, 4, 2, 1, 2, 1, 
19: 0, 0, 3, 4, 5, 3, 0, 0, 5, 1, 0, 0, 0, 4, 0, 0, 4, 0, 0, 0, 4, 0, 0, 4, 0, 0, 0, 5, 0, 2, 0, 0, 2, 0, 3, 0, 1, 0, 0, 5, 1, 0, 1, 6, 0, 50, 0, 0, 0, 0, 0, 1, 3, 54, 0, 1, 4, 0, 0, 1, 0, 5, 0, 0, 1, 0, 1, 3, 2, 0, 55, 0, 3, 2, 0, 0, 0, 5, 3, 0, 0, 5, 0, 0, 3, 5, 0, 6, 3, 0, 2, 1, 2, 0, 1, 0, 4, 0, 4, 0, : 3, 4, 5, 3, 5, 1, 4, 4, 4, 4, 5, 2, 2, 3, 1, 5, 1, 1, 6, 50, 1, 3, 54, 1, 4, 1, 5, 1, 1, 3, 2, 55, 3, 2, 5, 3, 5, 3, 5, 6, 3, 2, 1, 2, 1, 4, 4, 
21: 5, 0, 3, 5, 0, 0, 0, 0, 2, 1, 0, 0, 0, 0, 3, 0, 3, 0, 0, 0, 0, 0, 0, 1, 0, 0, 0, 5, 0, 0, 0, 0, 2, 0, 1, 0, 1, 1, 3, 0, 1, 0, 0, 1, 0, 1, 1, 0, 0, 0, 0, 3, 3, 0, 0, 0, 3, 1, 0, 4, 0, 4, 0, 0, 0, 2, 0, 2, 3, 0, 0, 0, 5, 0, 1, 0, 0, 5, 0, 0, 0, 5, 0, 0, 3, 3, 4, 1, 1, 1, 0, 0, 1, 0, 3, 4, 1, 0, 5, 0, : 5, 3, 5, 2, 1, 3, 3, 1, 5, 2, 1, 1, 1, 3, 1, 1, 1, 1, 3, 3, 3, 1, 4, 4, 2, 2, 3, 5, 1, 5, 5, 3, 3, 4, 1, 1, 1, 1, 3, 4, 1, 5, 
5: 53, 0, 2, 5, 0, 0, 0, 0, 2, 4, 0, 53, 0, 0, 3, 0, 2, 5, 55, 0, 0, 52, 1, 1, 0, 2, 54, 3, 0, 0, 0, 0, 1, 0, 2, 0, 5, 0, 0, 1, 3, 52, 4, 4, 0, 4, 0, 0, 0, 0, 0, 2, 5, 0, 0, 0, 5, 0, 0, 5, 0, 5, 1, 0, 0, 1, 2, 2, 5, 0, 0, 0, 3, 0, 2, 2, 53, 1, 0, 0, 0, 2, 0, 0, 1, 4, 0, 4, 2, 0, 0, 0, 1, 0, 5, 0, 4, 0, 5, 53, : 53, 2, 5, 2, 4, 53, 3, 2, 5, 55, 52, 1, 1, 2, 54, 3, 1, 2, 5, 1, 3, 52, 4, 4, 4, 2, 5, 5, 5, 5, 1, 1, 2, 2, 5, 3, 2, 2, 53, 1, 2, 1, 4, 4, 2, 1, 5, 4, 5, 53, 
4: 0, 50, 5, 2, 0, 0, 0, 1, 1, 4, 0, 0, 0, 0, 5, 0, 3, 0, 0, 0, 0, 0, 4, 1, 2, 0, 0, 1, 3, 0, 0, 5, 2, 0, 2, 0, 1, 1, 0, 0, 4, 0, 2, 4, 0, 0, 0, 0, 0, 0, 0, 2, 3, 0, 0, 0, 3, 0, 0, 3, 0, 5, 0, 0, 0, 0, 0, 1, 3, 55, 0, 0, 5, 50, 0, 0, 4, 4, 0, 1, 0, 2, 0, 2, 1, 4, 0, 3, 2, 0, 0, 5, 1, 51, 3, 0, 1, 0, 3, 0, : 50, 5, 2, 1, 1, 4, 5, 3, 4, 1, 2, 1, 3, 5, 2, 2, 1, 1, 4, 2, 4, 2, 3, 3, 3, 5, 1, 3, 55, 5, 50, 4, 4, 1, 2, 2, 1, 4, 3, 2, 5, 1, 51, 3, 1, 3, 
124: 0, 0, 3, 2, 0, 0, 0, 0, 3, 4, 0, 0, 0, 0, 3, 0, 2, 2, 0, 0, 0, 2, 0, 3, 2, 0, 0, 3, 0, 0, 0, 55, 4, 4, 4, 0, 7, 0, 0, 0, 1, 2, 0, 4, 0, 0, 0, 0, 52, 0, 0, 2, 3, 0, 2, 2, 1, 1, 0, 2, 0, 3, 0, 0, 0, 1, 0, 5, 5, 0, 0, 55, 2, 0, 0, 0, 0, 3, 0, 0, 0, 5, 0, 0, 4, 2, 0, 3, 5, 0, 0, 0, 2, 0, 4, 0, 3, 0, 1, 0, : 3, 2, 3, 4, 3, 2, 2, 2, 3, 2, 3, 55, 4, 4, 4, 7, 1, 2, 4, 52, 2, 3, 2, 2, 1, 1, 2, 3, 1, 5, 5, 55, 2, 3, 5, 4, 2, 3, 5, 2, 4, 3, 1, 
121: 0, 0, 5, 3, 0, 0, 1, 0, 5, 5, 53, 1, 0, 0, 2, 0, 2, 0, 0, 0, 0, 0, 55, 4, 0, 0, 0, 3, 0, 2, 0, 0, 5, 0, 3, 0, 3, 2, 0, 0, 4, 0, 0, 3, 0, 0, 0, 0, 0, 2, 1, 1, 5, 0, 55, 0, 1, 0, 50, 1, 0, 2, 0, 0, 0, 55, 2, 5, 4, 0, 0, 0, 1, 0, 0, 0, 0, 4, 0, 3, 0, 3, 0, 3, 3, 3, 3, 4, 1, 2, 0, 1, 5, 0, 2, 0, 2, 3, 4, 0, : 5, 3, 1, 5, 5, 53, 1, 2, 2, 55, 4, 3, 2, 5, 3, 3, 2, 4, 3, 2, 1, 1, 5, 55, 1, 50, 1, 2, 55, 2, 5, 4, 1, 4, 3, 3, 3, 3, 3, 3, 4, 1, 2, 1, 5, 2, 2, 3, 4, 
104: 0, 1, 4, 2, 0, 0, 0, 0, 3, 4, 1, 0, 0, 0, 4, 1, 2, 0, 0, 0, 0, 0, 0, 2, 0, 0, 4, 1, 0, 0, 3, 0, 3, 0, 4, 54, 2, 0, 53, 54, 5, 4, 0, 2, 0, 1, 0, 55, 0, 51, 0, 4, 2, 0, 3, 5, 5, 0, 0, 5, 2, 5, 0, 0, 0, 0, 0, 1, 3, 0, 0, 0, 4, 0, 0, 1, 0, 4, 1, 0, 0, 0, 4, 0, 4, 2, 0, 3, 1, 0, 3, 0, 1, 0, 1, 2, 2, 0, 1, 0, : 1, 4, 2, 3, 4, 1, 4, 1, 2, 2, 4, 1, 3, 3, 4, 54, 2, 53, 54, 5, 4, 2, 1, 55, 51, 4, 2, 3, 5, 5, 5, 2, 5, 1, 3, 4, 1, 4, 1, 4, 4, 2, 3, 1, 3, 1, 1, 2, 2, 1, 
36: 0, 0, 0, 4, 0, 0, 0, 0, 2, 5, 0, 4, 0, 0, 1, 0, 3, 1, 0, 0, 0, 2, 0, 3, 0, 3, 0, 1, 0, 2, 1, 0, 5, 52, 2, 0, 4, 0, 0, 0, 4, 0, 0, 1, 0, 0, 0, 0, 0, 2, 0, 5, 2, 0, 0, 50, 2, 0, 0, 3, 52, 3, 0, 0, 0, 0, 0, 2, 2, 0, 0, 0, 4, 0, 0, 0, 0, 3, 0, 1, 3, 3, 0, 0, 4, 1, 0, 4, 2, 1, 51, 0, 3, 2, 2, 0, 3, 0, 4, 1, : 4, 2, 5, 4, 1, 3, 1, 2, 3, 3, 1, 2, 1, 5, 52, 2, 4, 4, 1, 2, 5, 2, 50, 2, 3, 52, 3, 2, 2, 4, 3, 1, 3, 3, 4, 1, 4, 2, 1, 51, 3, 2, 2, 3, 4, 1, 
195: 2, 0, 4, 1, 0, 0, 0, 0, 3, 1, 0, 0, 0, 0, 5, 0, 3, 0, 3, 2, 0, 0, 0, 4, 0, 0, 0, 3, 5, 0, 0, 0, 1, 0, 3, 0, 3, 0, 0, 0, 1, 0, 50, 4, 0, 0, 0, 0, 0, 0, 2, 5, 3, 0, 0, 0, 5, 0, 0, 1, 0, 1, 4, 0, 4, 0, 0, 1, 2, 0, 0, 0, 5, 0, 1, 0, 0, 3, 0, 1, 0, 1, 3, 0, 3, 3, 0, 1, 5, 0, 1, 0, 5, 0, 1, 50, 5, 0, 5, 0, : 2, 4, 1, 3, 1, 5, 3, 3, 2, 4, 3, 5, 1, 3, 3, 1, 50, 4, 2, 5, 3, 5, 1, 1, 4, 4, 1, 2, 5, 1, 3, 1, 1, 3, 3, 3, 1, 5, 1, 5, 1, 50, 5, 5, 
102: 0, 1, 3, 4, 0, 0, 0, 0, 1, 2, 0, 0, 0, 0, 3, 0, 3, 0, 0, 1, 0, 0, 0, 1, 0, 0, 0, 3, 0, 0, 0, 0, 2, 0, 5, 2, 3, 0, 0, 0, 4, 0, 0, 1, 5, 0, 5, 3, 2, 1, 5, 4, 2, 0, 0, 0, 3, 0, 1, 5, 0, 1, 0, 0, 0, 0, 50, 2, 2, 0, 0, 0, 1, 0, 51, 3, 1, 2, 1, 0, 0, 3, 0, 0, 1, 5, 0, 5, 3, 0, 0, 0, 2, 2, 4, 1, 3, 0, 3, 0, : 1, 3, 4, 1, 2, 3, 3, 1, 1, 3, 2, 5, 2, 3, 4, 1, 5, 5, 3, 2, 1, 5, 4, 2, 3, 1, 5, 1, 50, 2, 2, 1, 51, 3, 1, 2, 1, 3, 1, 5, 5, 3, 2, 2, 4, 1, 3, 3, 
53: 0, 0, 0, 3, 0, 3, 0, 0, 2, 2, 0, 0, 0, 0, 3, 0, 3, 0, 0, 0, 2, 0, 0, 5, 0, 2, 1, 4, 0, 0, 0, 0, 2, 0, 5, 2, 4, 0, 0, 0, 4, 0, 1, 2, 0, 0, 0, 0, 0, 0, 1, 2, 3, 0, 0, 0, 1, 3, 0, 4, 0, 3, 54, 0, 0, 0, 0, 3, 2, 1, 0, 0, 2, 0, 0, 52, 0, 3, 0, 51, 0, 4, 1, 0, 4, 3, 0, 3, 4, 0, 0, 0, 4, 0, 1, 0, 5, 0, 2, 0, : 3, 3, 2, 2, 3, 3, 2, 5, 2, 1, 4, 2, 5, 2, 4, 4, 1, 2, 1, 2, 3, 1, 3, 4, 3, 54, 3, 2, 1, 2, 52, 3, 51, 4, 1, 4, 3, 3, 4, 4, 1, 5, 2, 
108: 0, 0, 4, 4, 0, 0, 0, 0, 4, 3, 0, 0, 0, 0, 2, 5, 4, 0, 1, 0, 1, 0, 0, 3, 0, 50, 0, 3, 0, 0, 0, 0, 5, 0, 4, 0, 3, 54, 1, 0, 5, 0, 0, 2, 4, 0, 0, 0, 0, 1, 0, 4, 4, 1, 0, 0, 4, 2, 0, 3, 1, 1, 0, 0, 53, 0, 5, 4, 1, 0, 0, 0, 5, 0, 0, 0, 0, 4, 1, 0, 1, 2, 51, 0, 3, 3, 0, 1, 4, 0, 0, 0, 3, 0, 4, 0, 3, 4, 3, 0, : 4, 4, 4, 3, 2, 5, 4, 1, 1, 3, 50, 3, 5, 4, 3, 54, 1, 5, 2, 4, 1, 4, 4, 1, 4, 2, 3, 1, 1, 53, 5, 4, 1, 5, 4, 1, 1, 2, 51, 3, 3, 1, 4, 3, 4, 3, 4, 3, 
64: 0, 0, 3, 1, 0, 0, 1, 0, 1, 2, 0, 0, 1, 0, 4, 51, 5, 1, 0, 0, 2, 1, 0, 5, 0, 0, 0, 2, 0, 0, 2, 0, 5, 0, 1, 0, 4, 1, 0, 0, 2, 0, 2, 1, 0, 0, 0, 0, 0, 3, 0, 1, 1, 1, 0, 0, 3, 0, 0, 1, 0, 1, 0, 0, 0, 0, 0, 1, 4, 1, 5, 0, 2, 0, 2, 0, 0, 5, 3, 0, 0, 5, 0, 0, 4, 2, 0, 3, 1, 0, 3, 0, 1, 0, 3, 0, 4, 51, 5, 1, : 3, 1, 1, 1, 2, 1, 4, 51, 5, 1, 2, 1, 5, 2, 2, 5, 1, 4, 1, 2, 2, 1, 3, 1, 1, 1, 3, 1, 1, 1, 4, 1, 5, 2, 2, 5, 3, 5, 4, 2, 3, 1, 3, 1, 3, 4, 51, 5, 1, 
175: 0, 5, 5, 3, 0, 0, 50, 0, 1, 3, 3, 0, 4, 0, 4, 0, 4, 0, 0, 0, 0, 3, 0, 2, 0, 0, 0, 2, 0, 0, 0, 0, 4, 1, 1, 2, 3, 0, 0, 0, 2, 0, 0, 5, 0, 1, 52, 0, 1, 0, 1, 3, 5, 0, 0, 0, 4, 0, 5, 4, 0, 1, 0, 54, 0, 0, 0, 9, 4, 0, 0, 0, 1, 0, 1, 0, 0, 1, 0, 0, 1, 0, 0, 54, 5, 2, 0, 2, 3, 0, 0, 0, 1, 0, 5, 0, 2, 0, 4, 4, : 5, 5, 3, 50, 1, 3, 3, 4, 4, 4, 3, 2, 2, 4, 1, 1, 2, 3, 2, 5, 1, 52, 1, 1, 3, 5, 4, 5, 4, 1, 54, 9, 4, 1, 1, 1, 1, 54, 5, 2, 2, 3, 1, 5, 2, 4, 4, 
161: 0, 0, 4, 3, 0, 0, 0, 0, 4, 3, 1, 1, 0, 0, 2, 0, 5, 51, 0, 0, 0, 0, 0, 1, 0, 0, 1, 5, 0, 51, 0, 0, 4, 1, 3, 0, 1, 0, 2, 0, 5, 2, 0, 4, 0, 0, 1, 2, 0, 0, 0, 5, 1, 0, 0, 0, 1, 0, 0, 4, 0, 3, 0, 0, 0, 0, 0, 5, 5, 0, 0, 0, 1, 0, 1, 0, 0, 1, 0, 2, 0, 5, 0, 0, 1, 3, 3, 2, 1, 0, 0, 53, 5, 0, 2, 0, 4, 0, 1, 0, : 4, 3, 4, 3, 1, 1, 2, 5, 51, 1, 1, 5, 51, 4, 1, 3, 1, 2, 5, 2, 4, 1, 2, 5, 1, 1, 4, 3, 5, 5, 1, 1, 1, 2, 5, 1, 3, 3, 2, 1, 53, 5, 2, 4, 1, 
87: 0, 0, 1, 3, 1, 0, 5, 1, 5, 1, 2, 1, 0, 0, 2, 1, 2, 0, 0, 54, 0, 0, 0, 4, 3, 3, 0, 2, 0, 0, 51, 0, 2, 0, 5, 0, 1, 1, 0, 0, 1, 0, 0, 3, 0, 0, 0, 0, 0, 0, 0, 6, 3, 1, 0, 0, 2, 53, 0, 1, 0, 2, 1, 0, 1, 1, 0, 5, 1, 0, 0, 3, 1, 5, 0, 0, 1, 2, 1, 1, 0, 3, 1, 0, 4, 5, 0, 5, 5, 0, 0, 0, 9, 0, 1, 0, 3, 0, 2, 0, : 1, 3, 1, 5, 1, 5, 1, 2, 1, 2, 1, 2, 54, 4, 3, 3, 2, 51, 2, 5, 1, 1, 1, 3, 6, 3, 1, 2, 53, 1, 2, 1, 1, 1, 5, 1, 3, 1, 5, 1, 2, 1, 1, 3, 1, 4, 5, 5, 5, 9, 1, 3, 2, 
134: 0, 0, 2, 1, 0, 0, 2, 0, 5, 4, 0, 0, 0, 1, 4, 0, 2, 0, 1, 0, 0, 0, 0, 10, 0, 0, 0, 4, 52, 3, 0, 0, 5, 0, 1, 0, 3, 0, 0, 0, 1, 0, 0, 4, 0, 0, 1, 0, 1, 0, 0, 2, 0, 0, 0, 0, 3, 0, 2, 4, 1, 4, 0, 0, 0, 0, 0, 1, 4, 0, 0, 0, 3, 0, 0, 1, 1, 2, 50, 0, 55, 4, 0, 0, 1, 4, 50, 3, 5, 2, 0, 0, 3, 5, 4, 1, 5, 0, 3, 0, : 2, 1, 2, 5, 4, 1, 4, 2, 1, 10, 4, 52, 3, 5, 1, 3, 1, 4, 1, 1, 2, 3, 2, 4, 1, 4, 1, 4, 3, 1, 1, 2, 50, 55, 4, 1, 4, 50, 3, 5, 2, 3, 5, 4, 1, 5, 3, 
97: 0, 0, 4, 4, 0, 50, 0, 3, 5, 3, 0, 0, 55, 0, 5, 0, 1, 0, 0, 0, 51, 0, 0, 1, 3, 0, 0, 3, 0, 0, 0, 0, 2, 0, 4, 0, 4, 0, 0, 0, 5, 0, 0, 5, 1, 0, 0, 0, 4, 0, 0, 3, 3, 3, 0, 0, 3, 0, 1, 5, 2, 4, 0, 1, 1, 0, 0, 4, 2, 3, 0, 0, 5, 0, 1, 1, 0, 3, 0, 0, 0, 4, 0, 0, 3, 4, 0, 1, 5, 0, 0, 0, 3, 0, 3, 1, 1, 0, 2, 1, : 4, 4, 50, 3, 5, 3, 55, 5, 1, 51, 1, 3, 3, 2, 4, 4, 5, 5, 1, 4, 3, 3, 3, 3, 1, 5, 2, 4, 1, 1, 4, 2, 3, 5, 1, 1, 3, 4, 3, 4, 1, 5, 3, 3, 1, 1, 2, 1, 
163: 0, 3, 5, 3, 54, 0, 1, 0, 4, 4, 0, 0, 0, 3, 4, 0, 2, 0, 0, 3, 0, 0, 0, 3, 0, 0, 0, 5, 0, 0, 3, 0, 2, 2, 2, 0, 3, 0, 1, 0, 3, 0, 0, 3, 0, 3, 0, 0, 0, 0, 0, 3, 5, 0, 0, 2, 2, 0, 0, 3, 2, 2, 0, 0, 0, 0, 0, 3, 1, 0, 0, 0, 4, 3, 0, 0, 0, 1, 0, 0, 0, 1, 0, 1, 5, 1, 0, 3, 2, 54, 0, 0, 4, 0, 9, 1, 4, 0, 2, 0, : 3, 5, 3, 54, 1, 4, 4, 3, 4, 2, 3, 3, 5, 3, 2, 2, 2, 3, 1, 3, 3, 3, 3, 5, 2, 2, 3, 2, 2, 3, 1, 4, 3, 1, 1, 1, 5, 1, 3, 2, 54, 4, 9, 1, 4, 2, 


129: 4, 0, 1, 0, 3, 0, 0, 2, 2, 0, 0, 0, 0, 3, 53, 0, 1, 0, 4, 0, 0, 0, 2, 0, 55, 0, 0, 0, 0, 0, 0, 0, 0, 0, 0, 1, 0, 1, 3, 0, 0, 0, 0, 0, 0, 3, 0, 0, 2, 0, 0, 0, 0, 0, 0, 0, 5, 2, 0, 0, 0, 5, 0, 0, 3, 0, 0, 0, 1, 0, 5, 0, 1, 4, 0, 0, 0, 0, 0, 0, 52, 0, 0, 1, 1, 0, 1, 4, 0, 0, 2, 0, 0, 50, 0, 0, 1, 0, 0, 0, : 4, 1, 3, 2, 2, 3, 53, 1, 4, 2, 55, 1, 1, 3, 3, 2, 5, 2, 5, 3, 1, 5, 1, 4, 52, 1, 1, 1, 4, 2, 50, 1, 
85: 1, 0, 5, 0, 0, 3, 0, 0, 0, 0, 0, 0, 51, 0, 1, 53, 2, 0, 0, 0, 0, 0, 1, 0, 0, 1, 0, 0, 0, 0, 0, 0, 0, 0, 0, 0, 0, 5, 2, 0, 0, 5, 0, 0, 0, 1, 0, 0, 2, 0, 0, 0, 0, 3, 51, 1, 1, 2, 3, 0, 0, 0, 51, 0, 5, 0, 0, 0, 0, 0, 0, 0, 0, 0, 5, 0, 0, 0, 0, 0, 0, 5, 1, 0, 1, 0, 0, 2, 0, 0, 0, 0, 0, 0, 0, 0, 1, 1, 4, 0, : 1, 5, 3, 51, 1, 53, 2, 1, 1, 5, 2, 5, 1, 2, 3, 51, 1, 1, 2, 3, 51, 5, 5, 5, 1, 1, 2, 1, 1, 4, 
71: 4, 0, 4, 0, 0, 1, 0, 0, 0, 0, 0, 0, 0, 0, 1, 4, 3, 0, 0, 0, 0, 0, 4, 0, 0, 0, 0, 0, 0, 3, 0, 0, 0, 0, 0, 1, 1, 5, 5, 1, 0, 55, 1, 0, 0, 0, 0, 0, 0, 0, 0, 3, 2, 0, 0, 0, 3, 2, 54, 0, 0, 0, 0, 0, 1, 0, 0, 0, 0, 0, 0, 0, 0, 0, 0, 5, 0, 0, 0, 0, 0, 0, 0, 0, 2, 0, 0, 2, 0, 0, 0, 0, 0, 0, 0, 0, 0, 1, 51, 1, : 4, 4, 1, 1, 4, 3, 4, 3, 1, 1, 5, 5, 1, 55, 1, 3, 2, 3, 2, 54, 1, 5, 2, 2, 1, 51, 1, 
153: 5, 0, 1, 0, 0, 0, 0, 1, 2, 51, 0, 0, 0, 0, 0, 0, 5, 1, 0, 0, 0, 0, 4, 0, 0, 1, 1, 0, 1, 0, 0, 51, 0, 3, 3, 0, 0, 3, 2, 0, 0, 0, 0, 0, 50, 4, 0, 0, 5, 0, 0, 0, 51, 53, 0, 0, 3, 5, 0, 1, 2, 0, 0, 0, 3, 1, 0, 51, 0, 0, 0, 0, 0, 0, 0, 0, 0, 55, 0, 0, 0, 0, 0, 0, 4, 2, 0, 3, 0, 0, 0, 55, 0, 0, 0, 0, 0, 0, 0, 0, : 5, 1, 1, 2, 51, 5, 1, 4, 1, 1, 1, 51, 3, 3, 3, 2, 50, 4, 5, 51, 53, 3, 5, 1, 2, 3, 1, 51, 55, 4, 2, 3, 55, 
132: 1, 0, 1, 0, 0, 0, 0, 0, 0, 0, 0, 0, 0, 2, 0, 0, 5, 0, 0, 0, 0, 0, 1, 0, 0, 2, 1, 0, 2, 0, 1, 4, 3, 0, 50, 0, 0, 1, 4, 0, 0, 0, 0, 0, 0, 2, 0, 0, 5, 0, 0, 0, 0, 0, 0, 0, 3, 3, 0, 0, 0, 0, 0, 0, 4, 0, 0, 0, 51, 0, 0, 0, 0, 0, 0, 0, 1, 0, 0, 0, 0, 0, 2, 1, 1, 0, 2, 3, 1, 2, 0, 0, 1, 0, 0, 1, 0, 0, 0, 0, : 1, 1, 2, 5, 1, 2, 1, 2, 1, 4, 3, 50, 1, 4, 2, 5, 3, 3, 4, 51, 1, 2, 1, 1, 2, 3, 1, 2, 1, 1, 
136: 4, 0, 3, 0, 0, 3, 0, 0, 0, 0, 0, 0, 2, 0, 0, 0, 3, 53, 0, 0, 50, 1, 3, 0, 0, 0, 0, 1, 0, 0, 0, 0, 0, 0, 0, 0, 1, 2, 5, 3, 0, 0, 0, 52, 0, 4, 0, 0, 2, 0, 1, 52, 2, 0, 3, 0, 2, 3, 0, 0, 0, 0, 0, 0, 1, 0, 4, 0, 0, 0, 0, 0, 4, 0, 0, 53, 0, 0, 0, 0, 0, 0, 0, 3, 4, 5, 2, 4, 0, 0, 0, 4, 0, 5, 0, 3, 2, 0, 0, 0, : 4, 3, 3, 2, 3, 53, 50, 1, 3, 1, 1, 2, 5, 3, 52, 4, 2, 1, 52, 2, 3, 2, 3, 1, 4, 4, 53, 3, 4, 5, 2, 4, 4, 5, 3, 2, 
164: 2, 53, 3, 0, 0, 0, 2, 51, 0, 3, 0, 1, 0, 0, 0, 0, 1, 0, 1, 0, 0, 0, 4, 0, 0, 0, 0, 0, 2, 0, 53, 0, 0, 0, 4, 0, 0, 4, 2, 0, 0, 0, 0, 0, 0, 5, 0, 0, 3, 0, 0, 0, 0, 0, 0, 2, 2, 5, 0, 0, 3, 0, 0, 0, 4, 0, 0, 0, 0, 0, 0, 0, 1, 0, 0, 0, 0, 0, 0, 0, 0, 0, 0, 50, 1, 0, 0, 1, 0, 3, 0, 0, 0, 5, 0, 0, 0, 0, 0, 0, : 2, 53, 3, 2, 51, 3, 1, 1, 1, 4, 2, 53, 4, 4, 2, 5, 3, 2, 2, 5, 3, 4, 1, 50, 1, 1, 3, 5, 
198: 1, 5, 5, 0, 0, 0, 0, 0, 0, 0, 55, 3, 1, 0, 0, 1, 3, 0, 0, 0, 0, 0, 4, 0, 0, 0, 0, 0, 0, 3, 0, 3, 0, 0, 0, 0, 0, 5, 4, 0, 0, 0, 1, 0, 0, 2, 52, 0, 3, 0, 0, 0, 0, 0, 0, 0, 4, 4, 0, 0, 0, 0, 2, 0, 5, 53, 0, 0, 0, 52, 0, 0, 0, 0, 0, 0, 0, 3, 1, 0, 3, 0, 0, 1, 5, 0, 0, 5, 0, 0, 0, 1, 0, 0, 0, 0, 0, 0, 0, 0, : 1, 5, 5, 55, 3, 1, 1, 3, 4, 3, 3, 5, 4, 1, 2, 52, 3, 4, 4, 2, 5, 53, 52, 3, 1, 3, 1, 5, 5, 1, 
86: 3, 0, 1, 0, 2, 1, 1, 0, 0, 0, 0, 0, 0, 2, 0, 0, 3, 0, 0, 0, 0, 0, 3, 0, 0, 0, 0, 0, 0, 0, 0, 0, 0, 0, 0, 0, 0, 5, 5, 1, 0, 0, 0, 4, 0, 5, 1, 0, 5, 4, 0, 0, 0, 4, 0, 0, 4, 4, 0, 0, 0, 0, 0, 0, 2, 0, 0, 1, 0, 2, 0, 0, 0, 1, 0, 0, 3, 0, 0, 0, 0, 2, 52, 0, 4, 0, 55, 3, 2, 0, 0, 0, 1, 0, 4, 0, 0, 0, 3, 0, : 3, 1, 2, 1, 1, 2, 3, 3, 5, 5, 1, 4, 5, 1, 5, 4, 4, 4, 4, 2, 1, 2, 1, 3, 2, 52, 4, 55, 3, 2, 1, 4, 3, 
57: 2, 0, 3, 0, 0, 0, 0, 2, 0, 0, 5, 0, 0, 0, 4, 0, 2, 0, 0, 0, 4, 0, 2, 54, 0, 0, 0, 0, 0, 0, 5, 2, 0, 4, 0, 0, 0, 3, 3, 0, 3, 0, 52, 0, 5, 1, 0, 5, 2, 0, 0, 0, 3, 0, 0, 0, 1, 3, 0, 50, 0, 0, 0, 54, 4, 0, 2, 0, 0, 0, 0, 0, 0, 0, 0, 0, 0, 0, 2, 0, 3, 0, 0, 4, 1, 3, 0, 2, 0, 0, 4, 0, 0, 0, 0, 0, 0, 0, 0, 5, : 2, 3, 2, 5, 4, 2, 4, 2, 54, 5, 2, 4, 3, 3, 3, 52, 5, 1, 5, 2, 3, 1, 3, 50, 54, 4, 2, 2, 3, 4, 1, 3, 2, 4, 5, 
196: 2, 2, 3, 1, 3, 0, 0, 0, 0, 2, 0, 0, 3, 0, 0, 0, 4, 0, 0, 3, 2, 0, 4, 0, 0, 0, 0, 0, 0, 0, 0, 0, 0, 0, 0, 0, 2, 1, 3, 0, 0, 0, 0, 4, 0, 2, 4, 0, 4, 3, 1, 0, 0, 0, 0, 0, 4, 2, 0, 0, 55, 0, 3, 1, 3, 0, 0, 0, 0, 0, 0, 0, 0, 0, 0, 1, 0, 0, 0, 0, 0, 0, 0, 0, 2, 0, 0, 5, 0, 0, 0, 0, 1, 0, 0, 3, 54, 0, 0, 0, : 2, 2, 3, 1, 3, 2, 3, 4, 3, 2, 4, 2, 1, 3, 4, 2, 4, 4, 3, 1, 4, 2, 55, 3, 1, 3, 1, 2, 5, 1, 3, 54, 
27: 3, 0, 3, 0, 0, 0, 0, 0, 0, 0, 0, 0, 0, 0, 0, 0, 8, 0, 0, 0, 0, 54, 3, 0, 1, 2, 0, 0, 0, 51, 0, 0, 0, 0, 0, 0, 0, 2, 4, 0, 0, 0, 0, 0, 0, 4, 0, 0, 2, 0, 0, 0, 0, 0, 0, 0, 5, 3, 0, 3, 0, 2, 2, 0, 5, 0, 1, 4, 0, 1, 0, 0, 0, 0, 1, 0, 0, 0, 2, 0, 0, 1, 0, 0, 4, 50, 0, 1, 1, 0, 0, 0, 51, 0, 0, 0, 0, 1, 0, 1, : 3, 3, 8, 54, 3, 1, 2, 51, 2, 4, 4, 2, 5, 3, 3, 2, 2, 5, 1, 4, 1, 1, 2, 1, 4, 50, 1, 1, 51, 1, 1, 
106: 4, 0, 5, 53, 0, 0, 54, 0, 55, 0, 0, 0, 0, 2, 0, 1, 3, 1, 0, 0, 0, 0, 4, 5, 0, 0, 0, 0, 0, 0, 0, 0, 0, 0, 3, 0, 0, 3, 3, 4, 0, 0, 0, 0, 0, 2, 0, 0, 5, 3, 0, 5, 0, 0, 0, 0, 4, 1, 0, 2, 0, 0, 0, 0, 3, 0, 53, 0, 2, 0, 0, 0, 54, 1, 54, 0, 52, 2, 0, 0, 0, 0, 0, 0, 7, 0, 0, 1, 52, 0, 0, 0, 1, 0, 53, 0, 0, 3, 0, 0, : 4, 5, 53, 54, 55, 2, 1, 3, 1, 4, 5, 3, 3, 3, 4, 2, 5, 3, 5, 4, 1, 2, 3, 53, 2, 54, 1, 54, 52, 2, 7, 1, 52, 1, 53, 3, 
55: 4, 0, 5, 0, 0, 2, 0, 2, 1, 0, 0, 0, 0, 0, 0, 0, 3, 4, 53, 0, 0, 3, 4, 0, 0, 53, 0, 4, 0, 0, 0, 0, 0, 0, 0, 0, 1, 5, 1, 0, 0, 0, 0, 0, 0, 2, 0, 0, 4, 0, 5, 0, 1, 0, 0, 4, 2, 5, 0, 4, 0, 0, 0, 0, 5, 0, 0, 0, 0, 1, 1, 3, 0, 0, 0, 0, 0, 0, 0, 5, 1, 0, 1, 0, 2, 0, 0, 5, 0, 0, 52, 0, 5, 0, 1, 1, 0, 0, 0, 0, : 4, 5, 2, 2, 1, 3, 4, 53, 3, 4, 53, 4, 1, 5, 1, 2, 4, 5, 1, 4, 2, 5, 4, 5, 1, 1, 3, 5, 1, 1, 2, 5, 52, 5, 1, 1, 
29: 4, 0, 3, 0, 1, 0, 0, 0, 0, 0, 0, 50, 0, 0, 0, 0, 2, 0, 0, 0, 0, 0, 5, 1, 0, 0, 53, 0, 0, 1, 0, 0, 55, 0, 0, 0, 0, 5, 3, 0, 0, 0, 0, 0, 0, 5, 0, 0, 2, 50, 3, 0, 0, 0, 0, 0, 3, 4, 0, 0, 0, 0, 0, 0, 2, 0, 0, 4, 0, 2, 4, 0, 0, 53, 0, 0, 0, 0, 1, 0, 1, 0, 0, 0, 3, 0, 0, 5, 0, 0, 0, 0, 0, 0, 0, 0, 1, 0, 0, 0, : 4, 3, 1, 50, 2, 5, 1, 53, 1, 55, 5, 3, 5, 2, 50, 3, 3, 4, 2, 4, 2, 4, 53, 1, 1, 3, 5, 1, 
127: 1, 0, 4, 0, 51, 0, 0, 0, 0, 0, 0, 2, 3, 0, 0, 0, 1, 0, 0, 0, 0, 0, 4, 0, 0, 0, 3, 0, 0, 0, 0, 0, 0, 0, 0, 5, 0, 1, 2, 0, 53, 0, 3, 0, 0, 5, 0, 0, 1, 0, 50, 0, 0, 0, 0, 0, 4, 2, 0, 0, 0, 0, 0, 0, 1, 0, 0, 0, 0, 0, 0, 0, 0, 0, 0, 1, 0, 0, 0, 0, 0, 0, 0, 0, 3, 0, 0, 5, 0, 0, 0, 0, 0, 0, 0, 0, 0, 0, 0, 0, : 1, 4, 51, 2, 3, 1, 4, 3, 5, 1, 2, 53, 3, 5, 1, 50, 4, 2, 1, 1, 3, 5, 
128: 5, 0, 1, 5, 0, 0, 3, 2, 0, 0, 0, 0, 0, 1, 1, 0, 5, 0, 0, 0, 4, 0, 3, 0, 0, 0, 2, 2, 0, 0, 0, 0, 0, 0, 0, 0, 55, 2, 5, 0, 0, 0, 0, 0, 0, 4, 0, 51, 5, 0, 0, 0, 0, 0, 0, 0, 5, 3, 0, 0, 0, 0, 0, 5, 2, 1, 0, 0, 1, 2, 50, 53, 0, 0, 0, 0, 0, 0, 0, 0, 0, 0, 0, 0, 3, 0, 0, 1, 0, 0, 0, 0, 0, 0, 2, 0, 0, 0, 0, 0, : 5, 1, 5, 3, 2, 1, 1, 5, 4, 3, 2, 2, 55, 2, 5, 4, 51, 5, 5, 3, 5, 2, 1, 1, 2, 50, 53, 3, 1, 2, 
193: 5, 0, 1, 0, 0, 50, 0, 0, 0, 0, 0, 3, 0, 0, 0, 1, 1, 0, 1, 5, 0, 2, 0, 0, 0, 1, 0, 0, 0, 2, 0, 0, 2, 0, 0, 53, 0, 4, 1, 0, 0, 0, 1, 0, 0, 2, 0, 0, 3, 0, 0, 0, 0, 0, 1, 0, 4, 3, 0, 0, 0, 0, 0, 0, 2, 0, 0, 0, 0, 0, 0, 4, 0, 1, 0, 0, 0, 0, 0, 3, 0, 0, 0, 0, 5, 0, 0, 2, 4, 52, 0, 0, 0, 0, 0, 52, 1, 54, 2, 53, : 5, 1, 50, 3, 1, 1, 1, 5, 2, 1, 2, 2, 53, 4, 1, 1, 2, 3, 1, 4, 3, 2, 4, 1, 3, 5, 2, 4, 52, 52, 1, 54, 2, 53, 
105: 1, 0, 3, 1, 0, 0, 0, 0, 0, 4, 0, 0, 0, 0, 0, 0, 2, 1, 0, 0, 0, 0, 3, 0, 4, 0, 0, 53, 0, 0, 0, 0, 0, 1, 0, 0, 0, 1, 2, 0, 4, 0, 2, 0, 5, 4, 3, 4, 4, 0, 0, 0, 0, 0, 0, 52, 0, 2, 3, 0, 0, 0, 0, 0, 1, 5, 0, 0, 0, 0, 0, 0, 0, 0, 0, 0, 0, 0, 54, 52, 0, 52, 0, 0, 4, 0, 0, 2, 0, 0, 0, 0, 0, 0, 0, 0, 0, 0, 0, 0, : 1, 3, 1, 4, 2, 1, 3, 4, 53, 1, 1, 2, 4, 2, 5, 4, 3, 4, 4, 52, 2, 3, 1, 5, 54, 52, 52, 4, 2, 
91: 4, 0, 5, 0, 0, 0, 0, 0, 0, 0, 0, 1, 0, 50, 0, 0, 3, 0, 1, 52, 0, 0, 2, 0, 0, 0, 0, 0, 55, 0, 1, 0, 0, 52, 0, 0, 0, 2, 1, 51, 0, 0, 0, 0, 0, 3, 0, 0, 1, 0, 0, 0, 1, 0, 5, 1, 1, 2, 0, 0, 0, 53, 2, 0, 4, 0, 0, 0, 5, 0, 0, 0, 0, 0, 0, 0, 4, 0, 0, 0, 0, 0, 4, 0, 3, 0, 0, 4, 0, 3, 2, 0, 0, 0, 0, 0, 0, 0, 0, 0, : 4, 5, 1, 50, 3, 1, 52, 2, 55, 1, 52, 2, 1, 51, 3, 1, 1, 5, 1, 1, 2, 53, 2, 4, 5, 4, 4, 3, 4, 3, 2, 


111: 4, 0, 0, 4, 4, 4, 5, 0, 1, 1, 0, 1, 3, 1, 52, 4, 0, 0, 0, 1, 0, 0, 0, 0, 0, 0, 1, 0, 5, 3, 0, 0, 0, 52, 3, 4, 5, 0, 0, 2, 0, 5, 1, 5, 0, 4, 0, 0, 0, 1, 0, 0, 0, 0, 1, 3, 0, 5, 6, 0, 4, 0, 0, 0, 5, 0, 0, 0, 0, 0, 0, 0, 52, 0, 0, 0, 0, 0, 0, 0, 0, 0, 0, 50, 2, 0, 0, 0, 0, 0, 0, 0, 0, 0, 0, 0, 4, 0, 0, 0, : 4, 4, 4, 4, 5, 1, 1, 1, 3, 1, 52, 4, 1, 1, 5, 3, 52, 3, 4, 5, 2, 5, 1, 5, 4, 1, 1, 3, 5, 6, 4, 5, 52, 50, 2, 4, 
95: 0, 0, 0, 1, 4, 2, 1, 1, 0, 2, 0, 0, 1, 4, 0, 2, 0, 0, 0, 0, 0, 0, 0, 51, 4, 0, 2, 0, 2, 4, 54, 0, 0, 0, 0, 5, 0, 0, 1, 0, 0, 1, 5, 1, 0, 1, 0, 4, 0, 4, 0, 54, 0, 0, 0, 1, 0, 3, 2, 0, 0, 0, 0, 0, 3, 1, 0, 0, 0, 0, 0, 0, 0, 0, 0, 0, 4, 0, 0, 0, 0, 0, 0, 0, 4, 0, 0, 0, 0, 2, 0, 0, 0, 1, 0, 0, 4, 1, 0, 0, : 1, 4, 2, 1, 1, 2, 1, 4, 2, 51, 4, 2, 2, 4, 54, 5, 1, 1, 5, 1, 1, 4, 4, 54, 1, 3, 2, 3, 1, 4, 4, 2, 1, 4, 1, 
158: 0, 0, 0, 0, 3, 4, 5, 0, 0, 0, 0, 0, 0, 0, 0, 1, 0, 0, 0, 0, 5, 0, 3, 0, 0, 0, 5, 0, 5, 5, 0, 0, 0, 0, 5, 1, 0, 0, 1, 0, 0, 1, 4, 5, 0, 2, 0, 0, 51, 5, 0, 0, 53, 0, 0, 5, 0, 2, 2, 53, 5, 0, 0, 0, 0, 0, 0, 0, 0, 0, 0, 0, 0, 0, 0, 2, 0, 3, 0, 0, 0, 0, 0, 1, 5, 0, 0, 0, 0, 0, 0, 0, 0, 0, 0, 0, 0, 0, 0, 0, : 3, 4, 5, 1, 5, 3, 5, 5, 5, 5, 1, 1, 1, 4, 5, 2, 51, 5, 53, 5, 2, 2, 53, 5, 2, 3, 1, 5, 
76: 2, 0, 1, 0, 4, 1, 5, 0, 0, 53, 0, 0, 0, 0, 5, 5, 0, 0, 0, 3, 0, 1, 0, 0, 3, 0, 1, 3, 1, 1, 0, 0, 3, 0, 0, 2, 0, 0, 50, 0, 5, 5, 2, 2, 0, 5, 0, 0, 0, 5, 0, 0, 0, 0, 0, 5, 3, 3, 4, 0, 0, 0, 1, 0, 3, 0, 52, 0, 0, 0, 0, 0, 4, 0, 0, 0, 0, 0, 0, 0, 0, 0, 0, 0, 4, 0, 1, 0, 0, 0, 0, 0, 0, 1, 0, 2, 4, 0, 0, 0, : 2, 1, 4, 1, 5, 53, 5, 5, 3, 1, 3, 1, 3, 1, 1, 3, 2, 50, 5, 5, 2, 2, 5, 5, 5, 3, 3, 4, 1, 3, 52, 4, 4, 1, 1, 2, 4, 
38: 2, 0, 0, 0, 2, 1, 5, 0, 5, 0, 0, 0, 0, 0, 0, 9, 50, 2, 0, 54, 54, 0, 0, 0, 1, 0, 1, 0, 2, 4, 0, 0, 0, 0, 0, 3, 0, 3, 0, 53, 0, 3, 4, 5, 0, 3, 0, 1, 0, 2, 1, 2, 5, 0, 0, 2, 0, 3, 3, 5, 0, 0, 0, 0, 2, 0, 0, 1, 0, 1, 0, 0, 0, 0, 0, 0, 0, 0, 0, 0, 0, 2, 0, 0, 2, 0, 53, 1, 0, 0, 0, 51, 3, 0, 0, 0, 4, 4, 0, 3, : 2, 2, 1, 5, 5, 9, 50, 2, 54, 54, 1, 1, 2, 4, 3, 3, 53, 3, 4, 5, 3, 1, 2, 1, 2, 5, 2, 3, 3, 5, 2, 1, 1, 2, 2, 53, 1, 51, 3, 4, 4, 3, 
78: 0, 0, 0, 0, 2, 4, 4, 0, 0, 0, 0, 1, 0, 0, 0, 2, 0, 1, 0, 0, 1, 0, 0, 1, 0, 0, 4, 2, 4, 3, 4, 51, 0, 0, 0, 2, 52, 1, 0, 0, 1, 2, 8, 2, 2, 2, 0, 3, 1, 4, 0, 0, 0, 0, 0, 3, 0, 1, 5, 1, 0, 0, 1, 4, 3, 0, 0, 2, 0, 4, 54, 0, 0, 0, 5, 0, 0, 0, 3, 0, 1, 0, 0, 0, 3, 0, 0, 0, 0, 0, 5, 0, 0, 0, 0, 0, 1, 0, 0, 0, : 2, 4, 4, 1, 2, 1, 1, 1, 4, 2, 4, 3, 4, 51, 2, 52, 1, 1, 2, 8, 2, 2, 2, 3, 1, 4, 3, 1, 5, 1, 1, 4, 3, 2, 4, 54, 5, 3, 1, 3, 5, 1, 
142: 0, 1, 0, 1, 2, 4, 2, 4, 51, 0, 0, 1, 0, 1, 0, 2, 0, 0, 0, 0, 0, 50, 0, 0, 0, 4, 2, 1, 5, 5, 0, 0, 0, 0, 0, 5, 0, 51, 0, 0, 0, 4, 2, 5, 1, 4, 0, 0, 3, 5, 0, 0, 2, 0, 3, 2, 53, 2, 3, 1, 0, 0, 0, 0, 5, 0, 0, 0, 0, 0, 0, 0, 0, 0, 0, 2, 1, 0, 0, 0, 1, 0, 0, 0, 1, 0, 0, 0, 0, 0, 2, 1, 0, 0, 0, 0, 5, 0, 0, 5, : 1, 1, 2, 4, 2, 4, 51, 1, 1, 2, 50, 4, 2, 1, 5, 5, 5, 51, 4, 2, 5, 1, 4, 3, 5, 2, 3, 2, 53, 2, 3, 1, 5, 2, 1, 1, 1, 2, 1, 5, 5, 
176: 0, 5, 0, 0, 4, 2, 0, 50, 0, 0, 0, 0, 0, 0, 1, 1, 0, 3, 0, 0, 0, 0, 0, 1, 52, 0, 1, 0, 1, 2, 0, 0, 2, 0, 0, 1, 0, 0, 5, 5, 0, 3, 3, 4, 0, 3, 5, 0, 0, 5, 0, 0, 0, 0, 0, 2, 0, 2, 3, 0, 0, 4, 0, 1, 2, 52, 0, 53, 0, 0, 0, 0, 0, 0, 0, 0, 50, 1, 0, 0, 0, 51, 4, 0, 3, 0, 0, 0, 2, 0, 0, 3, 0, 0, 0, 5, 5, 0, 0, 0, : 5, 4, 2, 50, 1, 1, 3, 1, 52, 1, 1, 2, 2, 1, 5, 5, 3, 3, 4, 3, 5, 5, 2, 2, 3, 4, 1, 2, 52, 53, 50, 1, 51, 4, 3, 2, 3, 5, 5, 
84: 50, 0, 0, 3, 4, 1, 5, 0, 0, 0, 3, 0, 0, 0, 0, 2, 2, 0, 0, 0, 0, 0, 0, 0, 0, 0, 3, 54, 1, 3, 0, 0, 0, 0, 0, 3, 0, 0, 0, 0, 51, 1, 1, 4, 0, 5, 0, 50, 0, 2, 0, 1, 0, 52, 0, 9, 0, 6, 2, 0, 0, 1, 1, 0, 2, 0, 0, 1, 3, 0, 0, 2, 0, 0, 0, 2, 0, 2, 0, 0, 5, 0, 0, 0, 2, 3, 0, 51, 1, 0, 0, 0, 2, 1, 0, 0, 2, 0, 0, 0, : 50, 3, 4, 1, 5, 3, 2, 2, 3, 54, 1, 3, 3, 51, 1, 1, 4, 5, 50, 2, 1, 52, 9, 6, 2, 1, 1, 2, 1, 3, 2, 2, 2, 5, 2, 3, 51, 1, 2, 1, 2, 
67: 0, 0, 0, 1, 5, 3, 1, 0, 0, 0, 0, 0, 0, 0, 0, 4, 0, 1, 0, 0, 0, 0, 0, 0, 0, 0, 6, 0, 5, 6, 0, 0, 0, 0, 0, 2, 0, 4, 0, 0, 0, 3, 3, 3, 0, 1, 0, 0, 3, 4, 3, 3, 0, 2, 0, 2, 0, 2, 1, 0, 0, 0, 5, 2, 3, 0, 4, 0, 3, 53, 0, 0, 0, 50, 0, 51, 0, 0, 0, 0, 0, 0, 0, 0, 2, 0, 0, 1, 0, 0, 0, 0, 0, 0, 4, 0, 0, 0, 2, 0, : 1, 5, 3, 1, 4, 1, 6, 5, 6, 2, 4, 3, 3, 3, 1, 3, 4, 3, 3, 2, 2, 2, 1, 5, 2, 3, 4, 3, 53, 50, 51, 2, 1, 4, 2, 
191: 0, 0, 0, 50, 1, 4, 2, 0, 0, 0, 0, 0, 0, 0, 0, 1, 4, 51, 0, 0, 0, 0, 0, 0, 0, 0, 3, 0, 3, 3, 0, 2, 0, 1, 50, 5, 0, 0, 0, 0, 2, 3, 4, 1, 0, 6, 0, 0, 0, 3, 1, 0, 0, 0, 0, 2, 0, 3, 4, 0, 0, 0, 0, 0, 0, 0, 0, 0, 0, 0, 0, 0, 0, 0, 0, 0, 0, 0, 52, 2, 0, 0, 51, 4, 6, 1, 2, 0, 1, 0, 0, 0, 0, 0, 0, 52, 5, 50, 0, 0, : 50, 1, 4, 2, 1, 4, 51, 3, 3, 3, 2, 1, 50, 5, 2, 3, 4, 1, 6, 3, 1, 2, 3, 4, 52, 2, 51, 4, 6, 1, 2, 1, 52, 5, 50, 
169: 0, 0, 0, 0, 2, 0, 5, 0, 0, 0, 0, 0, 0, 0, 2, 2, 0, 0, 3, 0, 0, 0, 0, 0, 0, 0, 5, 0, 5, 3, 2, 5, 0, 0, 0, 1, 0, 0, 0, 0, 0, 5, 4, 0, 55, 5, 0, 0, 0, 3, 0, 0, 0, 2, 0, 3, 0, 5, 3, 0, 0, 0, 0, 0, 3, 0, 0, 0, 0, 0, 0, 0, 2, 0, 0, 0, 0, 0, 0, 53, 2, 0, 0, 0, 4, 0, 0, 0, 55, 0, 0, 0, 0, 0, 3, 0, 4, 0, 0, 0, : 2, 5, 2, 2, 3, 5, 5, 3, 2, 5, 1, 5, 4, 55, 5, 3, 2, 3, 5, 3, 3, 2, 53, 2, 4, 55, 3, 4, 
100: 0, 1, 4, 0, 7, 5, 0, 0, 0, 0, 0, 3, 0, 0, 0, 5, 0, 0, 0, 0, 0, 4, 0, 0, 0, 0, 1, 0, 1, 1, 0, 0, 0, 0, 0, 5, 0, 0, 0, 0, 0, 7, 2, 3, 2, 2, 0, 0, 0, 3, 0, 0, 0, 0, 0, 4, 0, 4, 3, 0, 0, 0, 0, 0, 4, 0, 0, 0, 52, 0, 0, 0, 0, 0, 0, 2, 0, 0, 1, 5, 0, 0, 0, 0, 1, 53, 2, 1, 0, 4, 0, 0, 0, 4, 0, 0, 4, 5, 0, 0, : 1, 4, 7, 5, 3, 5, 4, 1, 1, 1, 5, 7, 2, 3, 2, 2, 3, 4, 4, 3, 4, 52, 2, 1, 5, 1, 53, 2, 1, 4, 4, 4, 5, 
77: 0, 0, 0, 0, 1, 5, 1, 0, 3, 2, 0, 2, 0, 3, 0, 2, 0, 0, 54, 0, 0, 0, 0, 1, 0, 0, 5, 0, 2, 3, 0, 0, 0, 0, 0, 2, 0, 1, 0, 0, 0, 1, 1, 2, 0, 4, 0, 0, 0, 3, 0, 0, 0, 0, 0, 3, 0, 5, 2, 0, 0, 51, 0, 53, 0, 0, 0, 0, 0, 1, 0, 0, 0, 0, 0, 0, 0, 53, 0, 0, 0, 0, 0, 0, 3, 0, 0, 0, 0, 0, 0, 0, 3, 52, 0, 0, 0, 0, 0, 0, : 1, 5, 1, 3, 2, 2, 3, 2, 54, 1, 5, 2, 3, 2, 1, 1, 1, 2, 4, 3, 3, 5, 2, 51, 53, 1, 53, 3, 3, 52, 
62: 0, 0, 2, 0, 2, 4, 5, 4, 0, 0, 0, 1, 0, 0, 0, 4, 0, 0, 0, 0, 0, 0, 5, 5, 0, 52, 2, 0, 1, 3, 0, 0, 0, 0, 0, 5, 0, 0, 0, 0, 0, 3, 4, 4, 0, 3, 0, 2, 0, 1, 5, 0, 0, 0, 0, 2, 0, 2, 2, 0, 51, 0, 0, 0, 5, 0, 4, 0, 0, 0, 0, 0, 0, 0, 0, 0, 0, 0, 2, 0, 0, 0, 1, 2, 3, 0, 0, 0, 0, 0, 0, 0, 0, 0, 0, 0, 2, 0, 0, 0, : 2, 2, 4, 5, 4, 1, 4, 5, 5, 52, 2, 1, 3, 5, 3, 4, 4, 3, 2, 1, 5, 2, 2, 2, 51, 5, 4, 2, 1, 2, 3, 2, 
119: 0, 0, 53, 0, 2, 2, 1, 0, 0, 0, 0, 0, 0, 51, 0, 3, 0, 0, 0, 0, 0, 0, 2, 0, 0, 1, 4, 0, 3, 2, 0, 2, 0, 4, 0, 3, 0, 0, 0, 0, 0, 1, 3, 4, 0, 3, 4, 0, 0, 1, 50, 0, 0, 0, 1, 2, 4, 3, 4, 0, 0, 0, 52, 0, 1, 5, 0, 0, 0, 0, 1, 0, 0, 0, 0, 0, 0, 0, 0, 0, 0, 2, 0, 0, 5, 3, 0, 1, 0, 0, 51, 0, 0, 0, 2, 1, 4, 0, 54, 0, : 53, 2, 2, 1, 51, 3, 2, 1, 4, 3, 2, 2, 4, 3, 1, 3, 4, 3, 4, 1, 50, 1, 2, 4, 3, 4, 52, 1, 5, 1, 2, 5, 3, 1, 51, 2, 1, 4, 54, 
63: 0, 1, 0, 0, 4, 4, 4, 1, 0, 1, 54, 0, 0, 0, 0, 2, 0, 2, 0, 0, 0, 0, 0, 1, 0, 0, 3, 0, 3, 3, 0, 0, 0, 0, 0, 5, 0, 0, 0, 0, 1, 3, 2, 2, 0, 3, 0, 0, 0, 5, 0, 0, 0, 0, 0, 4, 0, 1, 1, 0, 0, 0, 0, 0, 4, 2, 0, 0, 2, 0, 0, 1, 2, 5, 0, 0, 0, 0, 0, 0, 50, 0, 4, 1, 3, 0, 0, 0, 1, 54, 0, 5, 51, 0, 1, 0, 4, 0, 1, 52, : 1, 4, 4, 4, 1, 1, 54, 2, 2, 1, 3, 3, 3, 5, 1, 3, 2, 2, 3, 5, 4, 1, 1, 4, 2, 2, 1, 2, 5, 50, 4, 1, 3, 1, 54, 5, 51, 1, 4, 1, 52, 
167: 2, 0, 0, 0, 3, 3, 1, 0, 0, 0, 0, 0, 54, 0, 0, 3, 0, 0, 0, 2, 0, 0, 0, 0, 0, 0, 5, 0, 2, 3, 0, 0, 0, 0, 0, 1, 0, 0, 3, 0, 0, 4, 1, 4, 0, 1, 0, 0, 2, 2, 0, 0, 0, 4, 1, 1, 0, 4, 1, 0, 0, 4, 0, 0, 5, 0, 0, 0, 0, 0, 0, 4, 0, 0, 0, 0, 0, 1, 2, 0, 1, 4, 0, 0, 2, 0, 2, 4, 0, 0, 0, 0, 1, 0, 50, 0, 4, 0, 0, 0, : 2, 3, 3, 1, 54, 3, 2, 5, 2, 3, 1, 3, 4, 1, 4, 1, 2, 2, 4, 1, 1, 4, 1, 4, 5, 4, 1, 2, 1, 4, 2, 2, 4, 1, 50, 4, 
72: 0, 52, 0, 0, 1, 3, 5, 0, 0, 0, 0, 51, 2, 0, 0, 4, 0, 0, 3, 0, 0, 5, 0, 0, 0, 3, 1, 0, 2, 1, 0, 0, 55, 0, 0, 4, 2, 0, 0, 0, 0, 1, 3, 2, 0, 1, 0, 0, 0, 1, 0, 0, 0, 0, 0, 2, 0, 1, 5, 0, 0, 0, 0, 0, 5, 0, 0, 0, 0, 1, 5, 0, 0, 5, 55, 1, 5, 0, 0, 0, 0, 0, 0, 2, 2, 0, 0, 1, 0, 0, 0, 0, 0, 0, 0, 0, 0, 0, 3, 0, : 52, 1, 3, 5, 51, 2, 4, 3, 5, 3, 1, 2, 1, 55, 4, 2, 1, 3, 2, 1, 1, 2, 1, 5, 5, 1, 5, 5, 55, 1, 5, 2, 2, 1, 3, 
17: 0, 0, 0, 0, 3, 4, 3, 0, 0, 1, 3, 0, 0, 0, 0, 2, 4, 0, 0, 0, 0, 0, 50, 0, 0, 0, 5, 0, 7, 2, 0, 0, 0, 3, 2, 1, 1, 0, 0, 0, 0, 4, 3, 2, 0, 2, 51, 0, 0, 1, 0, 0, 0, 0, 54, 3, 0, 3, 4, 0, 0, 0, 0, 0, 5, 0, 0, 3, 0, 0, 0, 53, 0, 0, 0, 0, 0, 0, 0, 0, 0, 1, 0, 0, 3, 0, 0, 0, 0, 0, 2, 0, 0, 1, 0, 0, 4, 0, 0, 0, : 3, 4, 3, 1, 3, 2, 4, 50, 5, 7, 2, 3, 2, 1, 1, 4, 3, 2, 2, 51, 1, 54, 3, 3, 4, 5, 3, 53, 1, 3, 2, 1, 4, 


75: 3, 0, 0, 0, 0, 0, 2, 0, 0, 0, 0, 1, 0, 0, 0, 0, 2, 3, 0, 0, 0, 0, 0, 0, 0, 3, 1, 0, 0, 0, 5, 1, 0, 0, 0, 5, 3, 0, 4, 54, 5, 0, 0, 1, 0, 2, 1, 0, 0, 0, 0, 0, 0, 0, 0, 1, 0, 0, 5, 0, 3, 54, 0, 0, 0, 1, 0, 2, 0, 0, 0, 1, 0, 0, 0, 4, 0, 5, 0, 0, 0, 0, 0, 0, 0, 0, 0, 3, 0, 54, 0, 0, 0, 0, 0, 4, 0, 0, 0, 0, : 3, 2, 1, 2, 3, 3, 1, 5, 1, 5, 3, 4, 54, 5, 1, 2, 1, 1, 5, 3, 54, 1, 2, 1, 4, 5, 3, 54, 4, 
96: 2, 0, 0, 0, 2, 50, 1, 0, 0, 0, 0, 0, 0, 3, 0, 0, 0, 0, 4, 0, 1, 0, 0, 0, 0, 4, 6, 0, 0, 50, 5, 0, 5, 0, 0, 5, 0, 0, 3, 0, 5, 0, 0, 0, 54, 5, 0, 50, 0, 0, 1, 0, 0, 2, 0, 0, 0, 0, 2, 0, 5, 0, 0, 0, 0, 0, 0, 4, 0, 1, 5, 1, 3, 1, 0, 3, 0, 4, 0, 0, 0, 5, 0, 0, 0, 0, 0, 0, 0, 0, 1, 0, 0, 0, 0, 3, 0, 0, 2, 0, : 2, 2, 50, 1, 3, 4, 1, 4, 6, 50, 5, 5, 5, 3, 5, 54, 5, 50, 1, 2, 2, 5, 4, 1, 5, 1, 3, 1, 3, 4, 5, 1, 3, 2, 
123: 1, 0, 0, 0, 0, 0, 5, 0, 1, 0, 0, 0, 52, 0, 0, 1, 4, 0, 0, 0, 0, 0, 1, 0, 0, 3, 2, 0, 0, 0, 2, 0, 0, 5, 0, 3, 4, 2, 2, 0, 3, 0, 0, 1, 0, 3, 0, 0, 5, 0, 0, 0, 0, 0, 0, 0, 0, 0, 5, 0, 0, 0, 0, 2, 0, 0, 52, 1, 0, 0, 51, 3, 53, 0, 5, 5, 0, 5, 4, 0, 0, 3, 0, 1, 0, 0, 51, 0, 0, 0, 0, 0, 0, 0, 0, 2, 0, 0, 0, 53, : 1, 5, 1, 52, 1, 4, 1, 3, 2, 2, 5, 3, 4, 2, 2, 3, 1, 3, 5, 5, 2, 52, 1, 51, 3, 53, 5, 5, 5, 4, 3, 1, 51, 2, 53, 
150: 2, 5, 0, 2, 0, 0, 2, 0, 0, 0, 0, 0, 0, 0, 52, 0, 0, 0, 0, 0, 0, 0, 2, 0, 1, 2, 5, 0, 0, 0, 1, 52, 0, 0, 0, 3, 4, 0, 2, 0, 4, 0, 0, 0, 0, 3, 0, 0, 0, 52, 0, 2, 0, 0, 0, 0, 0, 0, 1, 0, 0, 0, 0, 0, 52, 0, 0, 4, 0, 0, 0, 6, 2, 54, 0, 3, 0, 1, 0, 0, 0, 1, 0, 0, 0, 1, 0, 2, 0, 3, 0, 50, 54, 2, 3, 1, 1, 0, 0, 0, : 2, 5, 2, 2, 52, 2, 1, 2, 5, 1, 52, 3, 4, 2, 4, 3, 52, 2, 1, 52, 4, 6, 2, 54, 3, 1, 1, 1, 2, 3, 50, 54, 2, 3, 1, 1, 
141: 5, 0, 0, 1, 1, 1, 2, 0, 0, 0, 1, 0, 0, 1, 0, 0, 0, 0, 0, 0, 0, 0, 0, 0, 0, 3, 3, 50, 0, 0, 5, 0, 1, 0, 0, 2, 5, 0, 4, 0, 1, 0, 1, 0, 0, 2, 52, 5, 3, 0, 5, 0, 0, 0, 0, 0, 5, 0, 4, 0, 0, 0, 0, 0, 3, 0, 0, 2, 0, 2, 0, 1, 0, 0, 0, 1, 0, 2, 0, 0, 0, 0, 0, 0, 0, 50, 0, 0, 0, 0, 0, 0, 0, 0, 0, 5, 0, 0, 0, 0, : 5, 1, 1, 1, 2, 1, 1, 3, 3, 50, 5, 1, 2, 5, 4, 1, 1, 2, 52, 5, 3, 5, 5, 4, 3, 2, 2, 1, 1, 2, 50, 5, 
173: 3, 0, 0, 0, 53, 0, 5, 0, 0, 0, 0, 54, 0, 0, 2, 0, 2, 0, 0, 0, 4, 0, 0, 1, 0, 2, 3, 5, 0, 0, 1, 0, 0, 0, 3, 0, 2, 2, 2, 0, 5, 3, 0, 0, 0, 2, 0, 0, 0, 0, 0, 0, 1, 0, 0, 0, 0, 0, 4, 4, 0, 0, 4, 0, 1, 0, 1, 3, 0, 1, 0, 6, 0, 0, 0, 0, 0, 2, 0, 0, 0, 2, 0, 0, 0, 0, 0, 0, 5, 0, 0, 5, 0, 0, 0, 5, 0, 0, 2, 0, : 3, 53, 5, 54, 2, 2, 4, 1, 2, 3, 5, 1, 3, 2, 2, 2, 5, 3, 2, 1, 4, 4, 4, 1, 1, 3, 1, 6, 2, 2, 5, 5, 5, 2, 
13: 5, 0, 0, 0, 0, 0, 2, 0, 2, 0, 0, 0, 0, 0, 4, 0, 0, 0, 0, 5, 0, 0, 0, 5, 0, 5, 1, 0, 0, 1, 5, 1, 0, 0, 0, 5, 3, 0, 5, 4, 4, 0, 0, 0, 5, 5, 4, 1, 0, 0, 0, 0, 53, 0, 55, 1, 0, 0, 2, 0, 0, 0, 1, 4, 0, 0, 0, 3, 3, 54, 0, 5, 0, 0, 54, 5, 0, 5, 0, 0, 0, 0, 0, 0, 50, 5, 0, 0, 1, 0, 3, 0, 1, 51, 0, 4, 0, 1, 0, 0, : 5, 2, 2, 4, 5, 5, 5, 1, 1, 5, 1, 5, 3, 5, 4, 4, 5, 5, 4, 1, 53, 55, 1, 2, 1, 4, 3, 3, 54, 5, 54, 5, 5, 50, 5, 1, 3, 1, 51, 4, 1, 
159: 3, 0, 1, 2, 0, 0, 5, 0, 0, 55, 0, 1, 4, 5, 0, 0, 0, 0, 0, 0, 1, 0, 0, 52, 0, 1, 5, 0, 0, 0, 2, 1, 0, 0, 0, 0, 5, 0, 4, 0, 3, 0, 0, 0, 0, 5, 0, 0, 0, 0, 0, 5, 0, 52, 0, 0, 0, 0, 5, 0, 0, 1, 0, 0, 0, 1, 0, 2, 0, 0, 1, 2, 0, 0, 0, 1, 0, 1, 0, 0, 51, 5, 4, 3, 0, 1, 0, 0, 0, 2, 0, 0, 0, 0, 51, 3, 4, 0, 0, 0, : 3, 1, 2, 5, 55, 1, 4, 5, 1, 52, 1, 5, 2, 1, 5, 4, 3, 5, 5, 52, 5, 1, 1, 2, 1, 2, 1, 1, 51, 5, 4, 3, 1, 2, 51, 3, 4, 
58: 1, 0, 0, 0, 0, 0, 2, 0, 0, 0, 0, 0, 0, 0, 0, 0, 0, 0, 1, 0, 0, 0, 0, 0, 0, 4, 2, 0, 0, 0, 2, 0, 0, 2, 0, 3, 1, 0, 5, 0, 1, 0, 0, 0, 0, 1, 0, 0, 0, 0, 0, 2, 0, 0, 1, 0, 0, 0, 2, 51, 0, 0, 2, 52, 0, 1, 0, 2, 54, 1, 0, 4, 0, 3, 0, 0, 0, 3, 0, 0, 5, 4, 0, 0, 3, 2, 0, 0, 0, 0, 2, 3, 1, 0, 0, 4, 55, 50, 0, 0, : 1, 2, 1, 4, 2, 2, 2, 3, 1, 5, 1, 1, 2, 1, 2, 51, 2, 52, 1, 2, 54, 1, 4, 3, 3, 5, 4, 3, 2, 2, 3, 1, 4, 55, 50, 
155: 2, 3, 0, 0, 0, 1, 3, 0, 0, 0, 0, 2, 0, 0, 0, 0, 0, 1, 0, 53, 0, 55, 4, 1, 2, 2, 4, 0, 0, 5, 1, 0, 0, 0, 0, 5, 2, 0, 3, 0, 2, 0, 0, 4, 0, 1, 0, 3, 0, 0, 0, 0, 0, 0, 0, 0, 0, 3, 0, 0, 0, 0, 0, 0, 0, 0, 0, 3, 1, 0, 0, 4, 0, 0, 0, 5, 0, 2, 53, 0, 0, 0, 0, 0, 0, 0, 1, 0, 0, 0, 0, 0, 0, 3, 0, 5, 0, 5, 5, 0, : 2, 3, 1, 3, 2, 1, 53, 55, 4, 1, 2, 2, 4, 5, 1, 5, 2, 3, 2, 4, 1, 3, 3, 3, 1, 4, 5, 2, 53, 1, 3, 5, 5, 5, 
61: 1, 0, 2, 0, 0, 2, 2, 0, 0, 0, 0, 0, 0, 0, 2, 0, 50, 0, 0, 2, 0, 0, 0, 0, 4, 5, 1, 1, 0, 0, 5, 1, 54, 0, 0, 1, 3, 0, 1, 0, 2, 1, 1, 0, 1, 4, 0, 0, 0, 0, 0, 0, 0, 2, 4, 3, 0, 0, 5, 0, 51, 0, 0, 2, 0, 0, 0, 3, 0, 0, 0, 1, 0, 0, 0, 3, 0, 3, 0, 1, 1, 3, 0, 0, 0, 0, 2, 0, 0, 0, 54, 2, 0, 0, 0, 5, 0, 0, 0, 0, : 1, 2, 2, 2, 2, 50, 2, 4, 5, 1, 1, 5, 1, 54, 1, 3, 1, 2, 1, 1, 1, 4, 2, 4, 3, 5, 51, 2, 3, 1, 3, 3, 1, 1, 3, 2, 54, 2, 5, 
23: 3, 0, 0, 0, 0, 0, 4, 0, 0, 0, 2, 0, 0, 0, 0, 4, 0, 51, 0, 0, 0, 0, 0, 0, 0, 5, 2, 3, 0, 0, 3, 0, 0, 0, 0, 4, 5, 55, 5, 0, 1, 1, 2, 1, 0, 4, 0, 0, 0, 0, 1, 0, 0, 0, 0, 0, 0, 0, 3, 0, 0, 1, 0, 0, 2, 0, 0, 2, 0, 0, 0, 2, 0, 0, 0, 4, 2, 5, 0, 3, 0, 5, 4, 0, 0, 0, 1, 0, 0, 0, 0, 0, 0, 1, 0, 5, 0, 0, 0, 0, : 3, 4, 2, 4, 51, 5, 2, 3, 3, 4, 5, 55, 5, 1, 1, 2, 1, 4, 1, 3, 1, 2, 2, 2, 4, 2, 5, 3, 5, 4, 1, 1, 5, 
81: 1, 0, 0, 0, 0, 0, 2, 0, 0, 3, 0, 0, 0, 0, 0, 0, 0, 0, 0, 0, 0, 0, 0, 1, 1, 1, 4, 0, 5, 0, 4, 0, 0, 0, 3, 1, 1, 0, 1, 1, 4, 0, 53, 0, 0, 5, 0, 0, 0, 0, 53, 0, 0, 0, 0, 0, 0, 4, 2, 0, 0, 0, 0, 0, 0, 0, 0, 4, 0, 0, 0, 1, 0, 0, 0, 5, 2, 5, 0, 0, 0, 5, 0, 0, 0, 0, 3, 0, 0, 0, 0, 0, 0, 0, 1, 4, 0, 0, 0, 2, : 1, 2, 3, 1, 1, 1, 4, 5, 4, 3, 1, 1, 1, 1, 4, 53, 5, 53, 4, 2, 4, 1, 5, 2, 5, 5, 3, 1, 4, 2, 
3: 4, 0, 2, 0, 4, 0, 1, 0, 0, 0, 1, 0, 0, 0, 0, 0, 0, 2, 0, 0, 1, 0, 0, 0, 1, 5, 4, 0, 0, 1, 1, 0, 0, 2, 0, 2, 5, 0, 5, 0, 4, 2, 0, 0, 0, 4, 0, 0, 0, 3, 0, 0, 0, 0, 0, 0, 0, 50, 1, 2, 0, 0, 52, 0, 1, 2, 4, 5, 0, 0, 0, 4, 0, 0, 0, 3, 54, 1, 0, 0, 0, 4, 1, 50, 0, 0, 0, 0, 0, 1, 0, 0, 0, 0, 0, 1, 0, 1, 1, 0, : 4, 2, 4, 1, 1, 2, 1, 1, 5, 4, 1, 1, 2, 2, 5, 5, 4, 2, 4, 3, 50, 1, 2, 52, 1, 2, 4, 5, 4, 3, 54, 1, 4, 1, 50, 1, 1, 1, 1, 
42: 4, 51, 51, 0, 0, 0, 4, 53, 53, 0, 0, 0, 1, 51, 0, 53, 0, 0, 0, 0, 0, 3, 0, 0, 0, 2, 2, 0, 0, 0, 3, 0, 0, 0, 0, 5, 3, 0, 5, 1, 1, 0, 0, 0, 0, 2, 0, 1, 0, 0, 0, 0, 0, 0, 0, 0, 55, 0, 0, 0, 0, 0, 0, 0, 0, 2, 0, 2, 0, 0, 0, 5, 0, 0, 0, 5, 0, 2, 0, 0, 0, 5, 0, 0, 4, 0, 0, 0, 0, 0, 0, 0, 0, 0, 0, 1, 0, 0, 0, 0, : 4, 51, 51, 4, 53, 53, 1, 51, 53, 3, 2, 2, 3, 5, 3, 5, 1, 1, 2, 1, 55, 2, 2, 5, 5, 2, 5, 4, 1, 
90: 5, 1, 2, 54, 0, 0, 4, 0, 2, 0, 0, 0, 0, 0, 0, 0, 0, 0, 0, 0, 0, 0, 1, 0, 51, 4, 3, 0, 0, 1, 3, 3, 0, 50, 0, 4, 1, 0, 2, 0, 3, 0, 0, 0, 0, 2, 0, 0, 0, 0, 0, 0, 0, 0, 0, 0, 0, 0, 1, 0, 0, 4, 0, 0, 0, 0, 0, 4, 0, 0, 3, 3, 0, 0, 0, 1, 2, 1, 3, 3, 0, 3, 0, 0, 0, 0, 0, 0, 0, 0, 0, 0, 0, 2, 0, 3, 0, 2, 0, 0, : 5, 1, 2, 54, 4, 2, 1, 51, 4, 3, 1, 3, 3, 50, 4, 1, 2, 3, 2, 1, 4, 4, 3, 3, 1, 2, 1, 3, 3, 3, 2, 3, 2, 
177: 3, 0, 2, 1, 0, 0, 3, 1, 0, 0, 0, 0, 0, 0, 0, 2, 0, 0, 0, 0, 0, 0, 0, 0, 0, 1, 4, 1, 0, 2, 3, 1, 0, 0, 0, 1, 1, 0, 2, 0, 3, 53, 0, 0, 0, 1, 1, 0, 52, 0, 0, 0, 0, 0, 0, 0, 0, 3, 5, 3, 0, 0, 0, 0, 1, 53, 2, 2, 0, 1, 0, 5, 0, 2, 0, 2, 0, 4, 0, 0, 0, 5, 51, 4, 0, 1, 0, 0, 53, 0, 0, 0, 0, 1, 0, 1, 0, 0, 0, 0, : 3, 2, 1, 3, 1, 2, 1, 4, 1, 2, 3, 1, 1, 1, 2, 3, 53, 1, 1, 52, 3, 5, 3, 1, 53, 2, 2, 1, 5, 2, 2, 4, 5, 51, 4, 1, 53, 1, 1, 
54: 5, 0, 0, 0, 0, 1, 4, 1, 0, 0, 51, 0, 0, 0, 0, 0, 1, 0, 0, 0, 0, 0, 51, 0, 0, 4, 1, 0, 0, 0, 4, 0, 0, 1, 52, 4, 5, 1, 4, 0, 4, 0, 0, 0, 0, 1, 0, 0, 0, 5, 0, 50, 0, 4, 0, 0, 0, 0, 5, 0, 1, 0, 0, 0, 0, 0, 0, 3, 0, 0, 0, 3, 0, 0, 1, 2, 0, 1, 0, 53, 3, 5, 0, 2, 0, 0, 0, 54, 1, 0, 0, 0, 0, 0, 5, 0, 0, 0, 50, 0, : 5, 1, 4, 1, 51, 1, 51, 4, 1, 4, 1, 52, 4, 5, 1, 4, 4, 1, 5, 50, 4, 5, 1, 3, 3, 1, 2, 1, 53, 3, 5, 2, 54, 1, 5, 50, 
45: 6, 0, 0, 0, 0, 0, 3, 5, 2, 2, 4, 2, 0, 0, 0, 0, 0, 3, 55, 0, 1, 2, 1, 0, 0, 1, 4, 0, 55, 0, 2, 0, 0, 0, 0, 4, 2, 0, 1, 0, 4, 0, 0, 1, 0, 4, 0, 0, 0, 0, 0, 1, 4, 0, 0, 3, 0, 0, 4, 0, 0, 0, 0, 0, 0, 0, 0, 8, 1, 0, 0, 1, 0, 0, 0, 5, 0, 3, 0, 0, 0, 0, 0, 0, 0, 0, 2, 1, 0, 0, 0, 0, 0, 0, 0, 3, 0, 1, 0, 5, : 6, 3, 5, 2, 2, 4, 2, 3, 55, 1, 2, 1, 1, 4, 55, 2, 4, 2, 1, 4, 1, 4, 1, 4, 3, 4, 8, 1, 1, 5, 3, 2, 1, 3, 1, 5, 
184: 1, 0, 0, 0, 0, 5, 4, 0, 0, 0, 1, 0, 3, 0, 0, 0, 1, 0, 0, 0, 52, 0, 0, 0, 0, 3, 3, 0, 0, 0, 3, 0, 0, 0, 2, 3, 5, 0, 0, 0, 1, 0, 3, 52, 0, 4, 2, 0, 0, 0, 0, 0, 2, 0, 0, 52, 0, 0, 4, 0, 0, 0, 1, 0, 0, 0, 1, 1, 1, 0, 0, 2, 2, 0, 0, 3, 0, 5, 0, 0, 0, 5, 0, 0, 3, 0, 0, 0, 0, 0, 0, 0, 4, 0, 0, 1, 0, 0, 0, 0, : 1, 5, 4, 1, 3, 1, 52, 3, 3, 3, 2, 3, 5, 1, 3, 52, 4, 2, 2, 52, 4, 1, 1, 1, 1, 2, 2, 3, 5, 5, 3, 4, 1, 


94: 3, 0, 4, 0, 5, 0, 3, 3, 0, 5, 0, 0, 0, 0, 5, 1, 5, 2, 0, 0, 0, 53, 0, 0, 50, 0, 0, 2, 0, 0, 3, 0, 0, 0, 0, 0, 0, 5, 0, 0, 0, 3, 0, 0, 1, 3, 4, 0, 1, 5, 0, 51, 0, 0, 3, 0, 2, 5, 0, 1, 0, 0, 0, 0, 0, 4, 0, 2, 0, 0, 4, 0, 0, 0, 0, 0, 50, 3, 4, 0, 0, 0, 1, 2, 0, 2, 0, 0, 0, 50, 0, 0, 0, 4, 0, 0, 55, 2, 0, 4, : 3, 4, 5, 3, 3, 5, 5, 1, 5, 2, 53, 50, 2, 3, 5, 3, 1, 3, 4, 1, 5, 51, 3, 2, 5, 1, 4, 2, 4, 50, 3, 4, 1, 2, 2, 50, 4, 55, 2, 4, 
74: 4, 0, 2, 0, 5, 0, 55, 0, 0, 4, 0, 0, 0, 0, 1, 0, 0, 5, 0, 0, 0, 0, 0, 0, 0, 1, 0, 4, 0, 4, 1, 0, 0, 0, 0, 0, 4, 2, 0, 0, 0, 0, 0, 5, 2, 2, 1, 0, 4, 1, 0, 0, 0, 0, 3, 54, 4, 5, 0, 5, 2, 0, 0, 2, 0, 4, 0, 2, 0, 0, 4, 1, 0, 0, 0, 0, 0, 3, 0, 0, 4, 0, 0, 2, 0, 0, 1, 3, 0, 2, 2, 0, 0, 5, 2, 0, 0, 0, 0, 3, : 4, 2, 5, 55, 4, 1, 5, 1, 4, 4, 1, 4, 2, 5, 2, 2, 1, 4, 1, 3, 54, 4, 5, 5, 2, 2, 4, 2, 4, 1, 3, 4, 2, 1, 3, 2, 2, 5, 2, 3, 
122: 3, 0, 5, 3, 5, 0, 1, 0, 0, 3, 2, 0, 3, 0, 0, 2, 0, 1, 0, 0, 51, 1, 53, 0, 0, 0, 0, 0, 2, 0, 1, 0, 3, 5, 0, 0, 0, 3, 0, 0, 0, 0, 0, 4, 2, 3, 5, 0, 5, 5, 0, 0, 0, 0, 4, 0, 2, 4, 1, 4, 0, 0, 0, 0, 3, 5, 0, 1, 0, 0, 4, 0, 0, 0, 0, 3, 0, 3, 0, 0, 0, 0, 0, 2, 0, 0, 0, 0, 0, 0, 1, 0, 0, 1, 0, 0, 2, 0, 3, 4, : 3, 5, 3, 5, 1, 3, 2, 3, 2, 1, 51, 1, 53, 2, 1, 3, 5, 3, 4, 2, 3, 5, 5, 5, 4, 2, 4, 1, 4, 3, 5, 1, 4, 3, 3, 2, 1, 1, 2, 3, 4, 
168: 0, 51, 1, 0, 1, 1, 0, 0, 51, 1, 0, 2, 1, 1, 0, 0, 0, 1, 0, 0, 2, 1, 0, 0, 0, 0, 0, 0, 0, 0, 6, 0, 0, 0, 5, 0, 1, 1, 1, 0, 0, 0, 0, 0, 7, 1, 0, 0, 0, 1, 0, 0, 2, 0, 3, 0, 3, 0, 0, 5, 0, 0, 0, 0, 0, 2, 0, 2, 54, 1, 5, 0, 0, 0, 1, 0, 0, 1, 0, 53, 0, 0, 0, 2, 0, 0, 0, 0, 0, 0, 0, 1, 0, 5, 0, 2, 0, 0, 1, 5, : 51, 1, 1, 1, 51, 1, 2, 1, 1, 1, 2, 1, 6, 5, 1, 1, 1, 7, 1, 1, 2, 3, 3, 5, 2, 2, 54, 1, 5, 1, 1, 53, 2, 1, 5, 2, 1, 5, 
68: 1, 0, 4, 0, 3, 0, 0, 55, 0, 4, 0, 0, 1, 0, 1, 0, 0, 2, 0, 3, 0, 1, 0, 3, 0, 0, 0, 0, 2, 0, 2, 0, 0, 0, 0, 0, 0, 3, 3, 0, 0, 1, 0, 0, 3, 4, 3, 0, 3, 3, 0, 0, 0, 5, 2, 0, 4, 1, 4, 2, 0, 0, 0, 1, 0, 1, 0, 3, 0, 0, 5, 0, 0, 0, 0, 0, 4, 2, 0, 0, 51, 0, 0, 3, 0, 0, 1, 0, 0, 0, 0, 0, 0, 3, 0, 0, 0, 0, 0, 5, : 1, 4, 3, 55, 4, 1, 1, 2, 3, 1, 3, 2, 2, 3, 3, 1, 3, 4, 3, 3, 3, 5, 2, 4, 1, 4, 2, 1, 1, 3, 5, 4, 2, 51, 3, 1, 3, 5, 
33: 4, 0, 4, 0, 4, 0, 0, 0, 1, 1, 0, 0, 0, 0, 0, 0, 0, 3, 0, 0, 0, 0, 1, 0, 0, 0, 50, 0, 0, 0, 4, 0, 0, 0, 0, 0, 53, 4, 0, 0, 0, 0, 0, 0, 5, 5, 3, 0, 1, 2, 0, 2, 0, 0, 3, 0, 1, 3, 52, 3, 2, 1, 0, 0, 0, 3, 0, 4, 0, 51, 4, 0, 0, 0, 0, 0, 0, 4, 54, 0, 0, 0, 0, 1, 0, 0, 0, 52, 1, 0, 0, 0, 4, 3, 0, 0, 0, 0, 0, 5, : 4, 4, 4, 1, 1, 3, 1, 50, 4, 53, 4, 5, 5, 3, 1, 2, 2, 3, 1, 3, 52, 3, 2, 1, 3, 4, 51, 4, 4, 54, 1, 52, 1, 4, 3, 5, 
125: 4, 1, 2, 0, 2, 0, 0, 0, 0, 4, 0, 0, 0, 0, 0, 0, 0, 7, 0, 50, 0, 0, 0, 0, 0, 2, 0, 2, 0, 1, 5, 0, 0, 0, 0, 0, 2, 3, 0, 0, 0, 0, 3, 0, 4, 4, 5, 0, 2, 2, 0, 0, 0, 0, 1, 0, 5, 1, 0, 4, 0, 2, 0, 0, 0, 4, 0, 5, 3, 2, 5, 1, 0, 0, 0, 0, 0, 2, 0, 0, 0, 0, 50, 4, 1, 0, 0, 4, 0, 4, 5, 0, 0, 0, 0, 0, 3, 0, 53, 3, : 4, 1, 2, 2, 4, 7, 50, 2, 2, 1, 5, 2, 3, 3, 4, 4, 5, 2, 2, 1, 5, 1, 4, 2, 4, 5, 3, 2, 5, 1, 2, 50, 4, 1, 4, 4, 5, 3, 53, 3, 
48: 4, 4, 2, 52, 3, 0, 0, 0, 0, 2, 2, 1, 0, 1, 0, 0, 0, 5, 3, 0, 0, 0, 5, 53, 0, 0, 0, 0, 0, 1, 1, 0, 0, 0, 52, 0, 0, 3, 0, 0, 2, 0, 0, 0, 5, 2, 4, 0, 3, 4, 0, 0, 0, 0, 4, 1, 2, 1, 0, 1, 0, 0, 0, 0, 0, 0, 0, 2, 0, 0, 3, 0, 0, 0, 1, 0, 0, 4, 0, 0, 0, 5, 0, 5, 0, 0, 0, 0, 0, 0, 0, 0, 0, 3, 51, 4, 0, 0, 3, 3, : 4, 4, 2, 52, 3, 2, 2, 1, 1, 5, 3, 5, 53, 1, 1, 52, 3, 2, 5, 2, 4, 3, 4, 4, 1, 2, 1, 1, 2, 3, 1, 4, 5, 5, 3, 51, 4, 3, 3, 
143: 1, 0, 1, 0, 4, 0, 0, 1, 0, 5, 0, 0, 0, 0, 0, 0, 0, 4, 0, 0, 0, 0, 0, 3, 0, 0, 0, 0, 0, 3, 1, 53, 0, 0, 0, 0, 0, 3, 0, 0, 1, 1, 1, 0, 1, 8, 4, 0, 5, 4, 0, 0, 1, 0, 3, 3, 4, 3, 0, 3, 0, 0, 0, 0, 0, 5, 0, 5, 0, 0, 4, 0, 51, 0, 0, 1, 0, 3, 0, 2, 0, 0, 0, 1, 1, 0, 0, 0, 1, 1, 0, 1, 0, 4, 0, 0, 0, 0, 0, 5, : 1, 1, 4, 1, 5, 4, 3, 3, 1, 53, 3, 1, 1, 1, 1, 8, 4, 5, 4, 1, 3, 3, 4, 3, 3, 5, 5, 4, 51, 1, 3, 2, 1, 1, 1, 1, 1, 4, 5, 
145: 5, 0, 6, 0, 3, 2, 0, 0, 4, 3, 0, 54, 0, 0, 0, 52, 0, 5, 0, 0, 0, 0, 0, 0, 0, 53, 0, 52, 51, 0, 2, 0, 5, 0, 2, 0, 0, 5, 0, 53, 0, 0, 0, 1, 1, 6, 4, 0, 5, 1, 0, 4, 0, 0, 2, 0, 4, 5, 0, 0, 0, 0, 0, 0, 0, 1, 4, 4, 0, 0, 1, 0, 0, 5, 0, 0, 0, 2, 0, 0, 0, 0, 0, 1, 0, 0, 0, 0, 4, 0, 50, 0, 0, 5, 0, 0, 0, 1, 0, 0, : 5, 6, 3, 2, 4, 3, 54, 52, 5, 53, 52, 51, 2, 5, 2, 5, 53, 1, 1, 6, 4, 5, 1, 4, 2, 4, 5, 1, 4, 4, 1, 5, 2, 1, 4, 50, 5, 1, 
99: 2, 0, 2, 0, 5, 0, 0, 0, 0, 4, 0, 3, 1, 2, 0, 1, 51, 1, 0, 0, 5, 0, 0, 0, 0, 0, 5, 0, 0, 51, 5, 0, 50, 0, 0, 0, 0, 2, 3, 5, 0, 0, 0, 0, 1, 2, 1, 3, 5, 3, 0, 0, 0, 0, 4, 0, 1, 2, 0, 4, 3, 0, 0, 0, 52, 3, 0, 2, 0, 0, 3, 2, 0, 0, 0, 53, 0, 5, 0, 4, 0, 0, 0, 2, 4, 5, 0, 0, 0, 3, 0, 1, 0, 2, 0, 1, 0, 0, 0, 0, : 2, 2, 5, 4, 3, 1, 2, 1, 51, 1, 5, 5, 51, 5, 50, 2, 3, 5, 1, 2, 1, 3, 5, 3, 4, 1, 2, 4, 3, 52, 3, 2, 3, 2, 53, 5, 4, 2, 4, 5, 3, 1, 2, 1, 
26: 5, 0, 5, 0, 3, 0, 0, 0, 0, 4, 0, 0, 52, 0, 0, 0, 2, 4, 0, 0, 0, 0, 0, 1, 0, 0, 0, 0, 0, 0, 5, 0, 1, 4, 0, 0, 0, 4, 0, 0, 0, 0, 0, 0, 5, 1, 4, 0, 2, 1, 0, 2, 0, 0, 3, 0, 0, 4, 0, 0, 0, 0, 0, 0, 0, 4, 4, 2, 3, 0, 4, 0, 0, 0, 0, 0, 0, 2, 0, 0, 5, 0, 0, 5, 0, 52, 55, 0, 0, 0, 0, 53, 0, 1, 0, 0, 0, 0, 0, 0, : 5, 5, 3, 4, 52, 2, 4, 1, 5, 1, 4, 4, 5, 1, 4, 2, 1, 2, 3, 4, 4, 4, 2, 3, 4, 2, 5, 5, 52, 55, 53, 1, 
120: 4, 1, 1, 0, 1, 1, 0, 0, 0, 1, 4, 0, 2, 0, 0, 0, 0, 1, 0, 0, 0, 0, 0, 0, 0, 0, 0, 0, 0, 0, 3, 0, 0, 0, 0, 5, 0, 2, 0, 2, 4, 0, 0, 0, 1, 4, 2, 1, 2, 4, 55, 0, 0, 50, 2, 0, 4, 3, 0, 3, 53, 0, 54, 0, 0, 3, 0, 5, 0, 0, 1, 0, 0, 0, 2, 0, 0, 1, 0, 0, 0, 0, 0, 5, 0, 0, 0, 0, 0, 0, 0, 0, 0, 5, 0, 0, 0, 2, 0, 3, : 4, 1, 1, 1, 1, 1, 4, 2, 1, 3, 5, 2, 2, 4, 1, 4, 2, 1, 2, 4, 55, 50, 2, 4, 3, 3, 53, 54, 3, 5, 1, 2, 1, 5, 5, 2, 3, 
138: 3, 0, 1, 2, 4, 0, 0, 0, 0, 4, 0, 0, 0, 0, 3, 3, 2, 2, 0, 0, 0, 0, 0, 0, 4, 0, 0, 0, 0, 0, 6, 0, 0, 51, 0, 0, 0, 3, 0, 0, 0, 51, 53, 0, 3, 3, 4, 0, 4, 2, 0, 0, 0, 0, 1, 0, 4, 2, 0, 2, 0, 0, 0, 4, 0, 1, 1, 3, 0, 2, 3, 0, 4, 0, 0, 0, 0, 5, 0, 0, 0, 52, 0, 1, 0, 0, 0, 1, 2, 0, 0, 0, 51, 4, 3, 0, 0, 0, 0, 1, : 3, 1, 2, 4, 4, 3, 3, 2, 2, 4, 6, 51, 3, 51, 53, 3, 3, 4, 4, 2, 1, 4, 2, 2, 4, 1, 1, 3, 2, 3, 4, 5, 52, 1, 1, 2, 51, 4, 3, 1, 
41: 0, 0, 5, 0, 2, 0, 1, 0, 0, 2, 0, 0, 0, 2, 0, 0, 0, 1, 0, 0, 0, 0, 0, 0, 1, 0, 1, 0, 0, 0, 1, 0, 0, 0, 0, 53, 0, 5, 53, 0, 0, 0, 0, 0, 5, 4, 3, 5, 5, 5, 0, 1, 52, 0, 2, 0, 3, 2, 3, 4, 0, 54, 0, 0, 4, 3, 0, 7, 0, 0, 1, 0, 5, 0, 5, 0, 0, 2, 2, 0, 0, 1, 0, 5, 0, 0, 0, 0, 0, 0, 2, 0, 2, 3, 0, 53, 0, 55, 0, 3, : 5, 2, 1, 2, 2, 1, 1, 1, 1, 53, 5, 53, 5, 4, 3, 5, 5, 5, 1, 52, 2, 3, 2, 3, 4, 54, 4, 3, 7, 1, 5, 5, 2, 2, 1, 5, 2, 2, 3, 53, 55, 3, 
92: 5, 2, 4, 3, 1, 1, 0, 1, 0, 4, 52, 0, 0, 0, 0, 1, 0, 5, 0, 0, 2, 1, 0, 0, 0, 0, 3, 0, 0, 0, 2, 0, 0, 0, 0, 0, 0, 2, 0, 0, 0, 4, 0, 0, 3, 1, 1, 0, 3, 1, 2, 0, 0, 5, 4, 0, 3, 3, 0, 5, 0, 0, 2, 0, 0, 5, 50, 2, 0, 0, 3, 0, 0, 0, 1, 3, 0, 4, 0, 1, 0, 0, 5, 5, 4, 0, 1, 0, 0, 0, 0, 0, 1, 4, 0, 0, 0, 0, 0, 4, : 5, 2, 4, 3, 1, 1, 1, 4, 52, 1, 5, 2, 1, 3, 2, 2, 4, 3, 1, 1, 3, 1, 2, 5, 4, 3, 3, 5, 2, 5, 50, 2, 3, 1, 3, 4, 1, 5, 5, 4, 1, 1, 4, 4, 
115: 4, 0, 1, 0, 1, 0, 0, 0, 0, 5, 0, 0, 0, 0, 50, 0, 0, 3, 0, 0, 0, 3, 0, 0, 0, 0, 0, 0, 0, 0, 4, 2, 0, 0, 1, 0, 0, 4, 0, 0, 0, 0, 0, 0, 5, 2, 4, 0, 3, 5, 0, 0, 0, 0, 3, 0, 5, 5, 0, 5, 0, 0, 0, 2, 0, 5, 1, 4, 0, 1, 1, 0, 0, 0, 0, 0, 4, 3, 0, 0, 0, 0, 4, 3, 0, 0, 0, 0, 52, 0, 0, 0, 0, 3, 0, 0, 0, 0, 0, 5, : 4, 1, 1, 5, 50, 3, 3, 4, 2, 1, 4, 5, 2, 4, 3, 5, 3, 5, 5, 5, 2, 5, 1, 4, 1, 1, 4, 3, 4, 3, 52, 3, 5, 
109: 2, 1, 5, 0, 5, 1, 0, 0, 0, 1, 0, 0, 0, 54, 0, 0, 0, 1, 54, 0, 0, 0, 1, 0, 0, 0, 0, 0, 0, 0, 5, 1, 0, 0, 0, 2, 0, 1, 0, 0, 0, 0, 3, 50, 3, 1, 1, 51, 3, 1, 0, 0, 4, 0, 5, 2, 0, 5, 0, 1, 0, 0, 0, 0, 1, 3, 0, 1, 0, 0, 0, 5, 0, 0, 50, 0, 2, 3, 0, 0, 0, 0, 0, 1, 0, 0, 0, 0, 0, 0, 0, 0, 0, 2, 0, 0, 0, 0, 0, 3, : 2, 1, 5, 5, 1, 1, 54, 1, 54, 1, 5, 1, 2, 1, 3, 50, 3, 1, 1, 51, 3, 1, 4, 5, 2, 5, 1, 1, 3, 1, 5, 50, 2, 3, 1, 2, 3, 
117: 2, 0, 1, 0, 2, 0, 0, 0, 0, 1, 0, 0, 0, 0, 0, 0, 0, 3, 3, 5, 0, 0, 0, 0, 2, 0, 1, 0, 4, 0, 1, 0, 0, 0, 0, 0, 0, 2, 0, 0, 53, 0, 0, 0, 1, 1, 4, 0, 1, 5, 0, 0, 1, 0, 4, 0, 5, 4, 0, 4, 0, 0, 1, 51, 0, 1, 0, 1, 0, 3, 4, 51, 0, 55, 0, 0, 0, 5, 0, 0, 0, 0, 0, 6, 50, 0, 2, 0, 0, 0, 0, 2, 2, 1, 0, 0, 0, 0, 0, 1, : 2, 1, 2, 1, 3, 3, 5, 2, 1, 4, 1, 2, 53, 1, 1, 4, 1, 5, 1, 4, 5, 4, 4, 1, 51, 1, 1, 3, 4, 51, 55, 5, 6, 50, 2, 2, 2, 1, 1, 
12: 4, 0, 4, 0, 1, 54, 0, 0, 4, 2, 0, 0, 0, 0, 0, 0, 0, 4, 0, 2, 0, 0, 0, 0, 3, 4, 0, 0, 1, 0, 2, 4, 1, 0, 0, 0, 0, 3, 0, 0, 0, 0, 0, 0, 2, 3, 3, 0, 3, 5, 3, 0, 0, 0, 4, 0, 4, 2, 0, 4, 0, 3, 3, 0, 0, 3, 0, 3, 0, 0, 1, 0, 0, 0, 0, 0, 0, 3, 0, 0, 0, 2, 0, 4, 0, 1, 0, 0, 0, 0, 0, 2, 0, 2, 4, 0, 0, 0, 0, 3, : 4, 4, 1, 54, 4, 2, 4, 2, 3, 4, 1, 2, 4, 1, 3, 2, 3, 3, 3, 5, 3, 4, 4, 2, 4, 3, 3, 3, 3, 1, 3, 2, 4, 1, 2, 2, 4, 3, 


137: 0, 2, 0, 0, 2, 0, 0, 3, 51, 0, 0, 0, 2, 0, 0, 0, 0, 4, 0, 0, 0, 0, 0, 0, 0, 0, 0, 0, 0, 1, 5, 0, 0, 4, 0, 0, 0, 0, 0, 4, 0, 0, 0, 0, 0, 0, 0, 0, 0, 0, 0, 0, 0, 0, 2, 0, 0, 0, 1, 2, 0, 0, 0, 5, 53, 0, 5, 0, 0, 1, 3, 0, 0, 0, 0, 0, 0, 1, 3, 0, 0, 0, 1, 0, 0, 0, 0, 1, 0, 2, 0, 1, 0, 0, 0, 0, 0, 0, 0, 0, : 2, 2, 3, 51, 2, 4, 1, 5, 4, 4, 2, 1, 2, 5, 53, 5, 1, 3, 1, 3, 1, 1, 2, 1, 
185: 3, 4, 0, 0, 1, 0, 0, 4, 1, 4, 0, 0, 0, 0, 0, 1, 5, 7, 4, 0, 55, 0, 1, 0, 0, 0, 0, 0, 0, 0, 5, 0, 1, 4, 50, 0, 0, 0, 0, 1, 0, 0, 0, 0, 52, 0, 0, 0, 0, 0, 3, 0, 0, 0, 0, 0, 2, 0, 3, 0, 0, 0, 0, 3, 0, 0, 5, 1, 0, 5, 3, 0, 0, 0, 0, 0, 2, 1, 1, 0, 0, 0, 0, 0, 0, 0, 0, 0, 0, 6, 2, 1, 0, 0, 0, 0, 0, 1, 4, 2, : 3, 4, 1, 4, 1, 4, 1, 5, 7, 4, 55, 1, 5, 1, 4, 50, 1, 52, 3, 2, 3, 3, 5, 1, 5, 3, 2, 1, 1, 6, 2, 1, 1, 4, 2, 
18: 0, 4, 1, 0, 4, 0, 0, 1, 0, 0, 0, 55, 0, 55, 0, 0, 0, 3, 0, 0, 0, 0, 0, 0, 0, 0, 0, 0, 0, 50, 0, 0, 0, 3, 0, 0, 0, 0, 50, 4, 0, 0, 0, 50, 1, 0, 0, 0, 5, 50, 0, 0, 0, 0, 1, 0, 3, 0, 2, 0, 1, 0, 50, 1, 0, 0, 5, 0, 0, 5, 2, 0, 0, 0, 0, 0, 0, 0, 1, 0, 0, 0, 55, 0, 0, 0, 0, 0, 0, 3, 52, 5, 3, 0, 0, 1, 0, 0, 0, 1, : 4, 1, 4, 1, 55, 55, 3, 50, 3, 50, 4, 50, 1, 5, 50, 1, 3, 2, 1, 50, 1, 5, 5, 2, 1, 55, 3, 52, 5, 3, 1, 1, 
180: 0, 4, 0, 1, 2, 1, 5, 2, 0, 0, 0, 0, 0, 0, 0, 0, 5, 4, 0, 5, 0, 0, 54, 0, 0, 0, 0, 1, 53, 0, 4, 0, 0, 2, 0, 0, 1, 3, 0, 5, 0, 0, 0, 0, 0, 0, 0, 2, 0, 0, 0, 2, 0, 50, 0, 4, 0, 0, 5, 1, 0, 0, 0, 2, 0, 1, 0, 0, 0, 4, 4, 0, 0, 0, 4, 53, 0, 0, 3, 0, 0, 3, 0, 0, 0, 0, 2, 0, 0, 4, 0, 3, 1, 0, 0, 0, 0, 3, 0, 1, : 4, 1, 2, 1, 5, 2, 5, 4, 5, 54, 1, 53, 4, 2, 1, 3, 5, 2, 2, 50, 4, 5, 1, 2, 1, 4, 4, 4, 53, 3, 3, 2, 4, 3, 1, 3, 1, 
152: 2, 1, 0, 1, 2, 0, 4, 1, 0, 0, 0, 1, 0, 0, 2, 0, 0, 4, 0, 0, 1, 0, 0, 2, 0, 0, 1, 50, 0, 1, 4, 0, 0, 3, 2, 0, 2, 0, 0, 1, 0, 0, 1, 2, 0, 0, 0, 0, 0, 0, 0, 0, 0, 1, 0, 1, 0, 0, 5, 0, 0, 0, 0, 4, 0, 0, 3, 5, 0, 3, 2, 0, 0, 55, 0, 1, 0, 0, 3, 0, 0, 2, 0, 52, 0, 0, 0, 0, 0, 4, 2, 2, 0, 1, 0, 54, 0, 0, 0, 1, : 2, 1, 1, 2, 4, 1, 1, 2, 4, 1, 2, 1, 50, 1, 4, 3, 2, 2, 1, 1, 2, 1, 1, 5, 4, 3, 5, 3, 2, 55, 1, 3, 2, 52, 4, 2, 2, 1, 54, 1, 
151: 0, 5, 0, 0, 2, 0, 0, 4, 0, 0, 0, 0, 0, 0, 1, 0, 50, 4, 0, 0, 2, 1, 0, 0, 0, 0, 0, 0, 2, 0, 1, 0, 1, 3, 0, 0, 0, 0, 0, 2, 0, 0, 0, 4, 0, 0, 2, 0, 0, 0, 50, 1, 0, 1, 5, 0, 0, 0, 2, 0, 0, 0, 0, 5, 0, 0, 2, 0, 0, 0, 2, 0, 0, 0, 0, 3, 0, 0, 5, 0, 0, 51, 0, 0, 0, 5, 0, 0, 0, 1, 0, 5, 0, 0, 52, 0, 0, 55, 0, 53, : 5, 2, 4, 1, 50, 4, 2, 1, 2, 1, 1, 3, 2, 4, 2, 50, 1, 1, 5, 2, 5, 2, 2, 3, 5, 51, 5, 1, 5, 52, 55, 53, 
174: 0, 1, 5, 2, 4, 0, 3, 5, 0, 0, 0, 0, 0, 0, 1, 51, 0, 3, 0, 0, 0, 0, 0, 0, 2, 0, 3, 2, 0, 0, 4, 0, 0, 3, 0, 0, 0, 3, 0, 4, 0, 0, 0, 0, 0, 0, 0, 0, 0, 0, 0, 0, 0, 0, 0, 0, 51, 0, 2, 0, 0, 0, 0, 1, 0, 0, 5, 0, 0, 3, 4, 0, 4, 0, 0, 0, 0, 0, 0, 0, 1, 0, 4, 0, 0, 0, 0, 0, 0, 4, 0, 2, 0, 0, 0, 2, 0, 0, 1, 0, : 1, 5, 2, 4, 3, 5, 1, 51, 3, 2, 3, 2, 4, 3, 3, 4, 51, 2, 1, 5, 3, 4, 4, 1, 4, 4, 2, 2, 1, 
199: 0, 1, 0, 0, 4, 0, 1, 3, 0, 0, 0, 0, 0, 0, 51, 0, 0, 1, 2, 3, 2, 1, 0, 0, 0, 0, 0, 0, 0, 0, 2, 52, 52, 4, 0, 50, 0, 0, 0, 3, 0, 0, 0, 0, 0, 0, 3, 0, 0, 0, 0, 0, 54, 0, 0, 0, 0, 3, 3, 0, 0, 0, 1, 2, 0, 0, 4, 0, 1, 5, 1, 0, 0, 0, 0, 0, 0, 0, 5, 0, 0, 0, 0, 0, 0, 0, 54, 0, 1, 5, 0, 3, 0, 1, 1, 0, 0, 0, 1, 2, : 1, 4, 1, 3, 51, 1, 2, 3, 2, 1, 2, 52, 52, 4, 50, 3, 3, 54, 3, 3, 1, 2, 4, 1, 5, 1, 5, 54, 1, 5, 3, 1, 1, 1, 2, 
135: 0, 2, 0, 0, 4, 0, 5, 4, 0, 0, 0, 0, 0, 0, 1, 0, 0, 5, 0, 1, 0, 0, 0, 0, 2, 0, 0, 0, 0, 3, 4, 0, 0, 1, 0, 0, 0, 0, 1, 2, 1, 0, 1, 4, 5, 1, 0, 0, 0, 0, 0, 0, 1, 0, 0, 0, 0, 0, 3, 0, 0, 3, 4, 5, 0, 0, 1, 0, 0, 5, 3, 0, 55, 0, 0, 0, 55, 0, 4, 54, 0, 0, 0, 2, 52, 0, 0, 0, 0, 2, 0, 5, 0, 0, 1, 1, 0, 1, 0, 0, : 2, 4, 5, 4, 1, 5, 1, 2, 3, 4, 1, 1, 2, 1, 1, 4, 5, 1, 1, 3, 3, 4, 5, 1, 5, 3, 55, 55, 4, 54, 2, 52, 2, 5, 1, 1, 1, 
146: 1, 1, 0, 1, 1, 0, 5, 1, 0, 1, 0, 0, 0, 2, 0, 5, 0, 2, 0, 0, 0, 0, 0, 50, 0, 0, 0, 0, 0, 0, 4, 0, 0, 3, 0, 5, 3, 0, 0, 4, 0, 0, 0, 0, 0, 0, 0, 0, 0, 5, 2, 55, 3, 0, 0, 0, 0, 0, 0, 51, 0, 0, 0, 5, 0, 0, 2, 2, 4, 0, 3, 0, 0, 5, 1, 0, 0, 0, 4, 1, 53, 0, 0, 0, 0, 0, 0, 54, 0, 1, 0, 3, 0, 0, 0, 0, 0, 0, 0, 0, : 1, 1, 1, 1, 5, 1, 1, 2, 5, 2, 50, 4, 3, 5, 3, 4, 5, 2, 55, 3, 51, 5, 2, 2, 4, 3, 5, 1, 4, 1, 53, 54, 1, 3, 
148: 0, 5, 0, 1, 2, 0, 5, 2, 0, 52, 0, 0, 0, 0, 0, 0, 0, 1, 0, 0, 0, 0, 0, 0, 0, 0, 0, 0, 0, 0, 1, 0, 0, 1, 0, 1, 0, 0, 0, 3, 0, 5, 2, 0, 0, 1, 0, 0, 0, 0, 0, 0, 0, 0, 0, 0, 0, 0, 5, 2, 0, 0, 0, 1, 1, 0, 0, 0, 0, 0, 3, 0, 0, 0, 54, 0, 3, 0, 4, 0, 2, 0, 0, 0, 0, 0, 0, 0, 0, 3, 0, 4, 5, 0, 0, 0, 0, 0, 54, 0, : 5, 1, 2, 5, 2, 52, 1, 1, 1, 1, 3, 5, 2, 1, 5, 2, 1, 1, 3, 54, 3, 4, 2, 3, 4, 5, 54, 
14: 0, 3, 0, 0, 4, 0, 3, 4, 0, 0, 0, 0, 0, 0, 0, 0, 0, 3, 0, 0, 0, 0, 5, 0, 0, 54, 50, 0, 0, 0, 5, 0, 0, 6, 0, 0, 1, 0, 0, 5, 0, 0, 0, 0, 0, 0, 50, 0, 3, 0, 0, 0, 0, 4, 0, 0, 0, 0, 1, 0, 0, 0, 0, 4, 0, 3, 4, 0, 0, 2, 5, 0, 0, 0, 1, 2, 0, 1, 0, 0, 0, 0, 0, 0, 0, 0, 0, 5, 0, 5, 3, 1, 0, 0, 1, 0, 4, 0, 0, 0, : 3, 4, 3, 4, 3, 5, 54, 50, 5, 6, 1, 5, 50, 3, 4, 1, 4, 3, 4, 2, 5, 1, 2, 1, 5, 5, 3, 1, 1, 4, 
83: 0, 5, 0, 1, 2, 0, 2, 2, 0, 1, 0, 0, 0, 0, 0, 2, 0, 4, 0, 0, 0, 5, 0, 1, 1, 0, 0, 0, 5, 0, 1, 0, 0, 3, 0, 0, 0, 0, 0, 3, 3, 0, 55, 0, 0, 0, 0, 0, 0, 4, 1, 0, 0, 0, 52, 54, 0, 0, 3, 0, 53, 0, 0, 3, 3, 0, 0, 0, 0, 5, 1, 1, 0, 0, 0, 0, 0, 0, 5, 0, 0, 4, 0, 0, 2, 0, 2, 0, 0, 1, 0, 4, 0, 0, 0, 0, 0, 0, 0, 0, : 5, 1, 2, 2, 2, 1, 2, 4, 5, 1, 1, 5, 1, 3, 3, 3, 55, 4, 1, 52, 54, 3, 53, 3, 3, 5, 1, 1, 5, 4, 2, 2, 1, 4, 
70: 0, 1, 0, 0, 2, 53, 1, 4, 0, 0, 2, 0, 51, 0, 0, 0, 0, 2, 0, 0, 0, 0, 0, 2, 0, 0, 0, 0, 0, 0, 3, 0, 0, 4, 0, 0, 0, 0, 0, 3, 0, 0, 0, 0, 1, 0, 0, 0, 0, 1, 1, 0, 1, 0, 0, 0, 3, 0, 3, 0, 0, 0, 0, 4, 0, 5, 5, 52, 0, 5, 2, 0, 0, 0, 0, 0, 0, 0, 5, 0, 0, 0, 0, 0, 0, 0, 0, 0, 0, 2, 0, 2, 1, 0, 0, 0, 52, 0, 0, 0, : 1, 2, 53, 1, 4, 2, 51, 2, 2, 3, 4, 3, 1, 1, 1, 1, 3, 3, 4, 5, 5, 52, 5, 2, 5, 2, 2, 1, 52, 
10: 0, 2, 52, 2, 2, 0, 2, 1, 3, 0, 3, 0, 0, 0, 0, 0, 0, 1, 52, 0, 0, 0, 0, 0, 0, 2, 0, 1, 0, 0, 5, 3, 0, 3, 4, 1, 0, 0, 0, 5, 3, 0, 1, 0, 0, 0, 0, 1, 0, 0, 0, 0, 0, 0, 0, 1, 0, 2, 5, 1, 0, 0, 0, 3, 3, 0, 3, 0, 53, 5, 4, 0, 0, 0, 0, 0, 0, 0, 3, 0, 0, 0, 0, 0, 1, 0, 0, 0, 1, 4, 0, 4, 0, 4, 0, 0, 3, 0, 0, 0, : 2, 52, 2, 2, 2, 1, 3, 3, 1, 52, 2, 1, 5, 3, 3, 4, 1, 5, 3, 1, 1, 1, 2, 5, 1, 3, 3, 3, 53, 5, 4, 3, 1, 1, 4, 4, 4, 3, 
6: 0, 3, 0, 0, 3, 3, 5, 5, 0, 0, 0, 0, 2, 3, 0, 0, 0, 4, 0, 0, 0, 0, 0, 0, 0, 0, 2, 0, 0, 5, 2, 0, 0, 2, 0, 0, 3, 0, 5, 2, 53, 0, 0, 0, 0, 53, 0, 2, 2, 0, 3, 1, 1, 0, 0, 0, 0, 4, 2, 2, 5, 2, 4, 4, 0, 0, 3, 0, 0, 4, 4, 0, 0, 0, 0, 1, 0, 0, 4, 4, 0, 0, 0, 0, 1, 0, 0, 0, 54, 1, 1, 3, 0, 0, 0, 0, 0, 0, 0, 0, : 3, 3, 3, 5, 5, 2, 3, 4, 2, 5, 2, 2, 3, 5, 2, 53, 53, 2, 2, 3, 1, 1, 4, 2, 2, 5, 2, 4, 4, 3, 4, 4, 1, 4, 4, 1, 54, 1, 1, 3, 
182: 52, 5, 0, 51, 4, 2, 4, 2, 0, 0, 4, 0, 5, 0, 0, 0, 0, 2, 0, 0, 0, 0, 0, 0, 53, 0, 0, 3, 0, 0, 5, 0, 5, 3, 0, 0, 0, 0, 4, 2, 0, 0, 0, 0, 0, 4, 4, 2, 0, 0, 0, 0, 0, 3, 0, 0, 0, 0, 5, 1, 1, 0, 0, 1, 0, 51, 4, 0, 0, 4, 5, 3, 0, 0, 0, 0, 0, 5, 3, 0, 2, 0, 0, 0, 0, 0, 0, 0, 0, 1, 0, 2, 0, 0, 0, 0, 0, 0, 0, 0, : 52, 5, 51, 4, 2, 4, 2, 4, 5, 2, 53, 3, 5, 5, 3, 4, 2, 4, 4, 2, 3, 5, 1, 1, 1, 51, 4, 4, 5, 3, 5, 3, 2, 1, 2, 
69: 0, 5, 0, 0, 7, 0, 5, 4, 0, 1, 0, 0, 0, 0, 0, 0, 0, 4, 0, 0, 0, 1, 0, 2, 2, 0, 1, 0, 0, 0, 2, 0, 0, 2, 4, 0, 0, 0, 0, 0, 0, 55, 0, 0, 1, 0, 0, 0, 50, 0, 0, 1, 0, 0, 0, 0, 0, 51, 5, 0, 0, 55, 0, 2, 0, 0, 2, 0, 0, 3, 3, 2, 1, 0, 0, 0, 0, 1, 1, 1, 0, 0, 0, 1, 0, 0, 2, 0, 0, 2, 0, 4, 0, 0, 5, 0, 0, 0, 0, 0, : 5, 7, 5, 4, 1, 4, 1, 2, 2, 1, 2, 2, 4, 55, 1, 50, 1, 51, 5, 55, 2, 2, 3, 3, 2, 1, 1, 1, 1, 1, 2, 2, 4, 5, 
162: 0, 4, 1, 0, 5, 1, 5, 3, 5, 1, 0, 0, 0, 0, 4, 0, 0, 1, 2, 51, 0, 0, 0, 3, 0, 4, 3, 3, 0, 0, 1, 0, 1, 4, 0, 3, 50, 0, 0, 5, 0, 0, 0, 0, 0, 0, 0, 53, 0, 0, 0, 0, 0, 1, 0, 0, 1, 0, 4, 0, 0, 0, 1, 3, 0, 0, 5, 0, 2, 1, 3, 54, 0, 0, 0, 0, 0, 50, 5, 0, 0, 0, 0, 5, 2, 55, 0, 0, 4, 5, 0, 5, 0, 0, 0, 2, 1, 0, 0, 0, : 4, 1, 5, 1, 5, 3, 5, 1, 4, 1, 2, 51, 3, 4, 3, 3, 1, 1, 4, 3, 50, 5, 53, 1, 1, 4, 1, 3, 5, 2, 1, 3, 54, 50, 5, 5, 2, 55, 4, 5, 5, 2, 1, 
40: 2, 2, 1, 0, 3, 0, 5, 5, 0, 0, 51, 4, 0, 0, 0, 1, 0, 1, 0, 0, 0, 52, 0, 0, 0, 0, 0, 0, 0, 0, 2, 5, 0, 2, 0, 0, 0, 54, 0, 2, 0, 0, 0, 0, 0, 1, 1, 0, 0, 0, 0, 0, 0, 0, 0, 0, 0, 0, 1, 0, 0, 0, 0, 2, 0, 0, 2, 0, 0, 0, 3, 0, 0, 0, 0, 0, 0, 1, 1, 0, 2, 0, 0, 0, 2, 0, 0, 0, 0, 4, 0, 1, 50, 54, 0, 0, 0, 0, 0, 0, : 2, 2, 1, 3, 5, 5, 51, 4, 1, 1, 52, 2, 5, 2, 54, 2, 1, 1, 1, 2, 2, 3, 1, 1, 2, 2, 4, 1, 50, 54, 


82: 0, 1, 0, 0, 0, 1, 0, 0, 4, 0, 1, 0, 0, 0, 0, 0, 0, 0, 0, 2, 0, 0, 3, 4, 50, 0, 2, 0, 0, 0, 0, 2, 0, 4, 0, 1, 5, 0, 4, 0, 0, 0, 0, 51, 0, 0, 0, 0, 0, 3, 0, 0, 0, 0, 0, 2, 0, 0, 0, 0, 0, 0, 2, 3, 3, 0, 2, 5, 0, 0, 0, 5, 2, 0, 4, 0, 1, 0, 4, 0, 1, 0, 5, 0, 2, 0, 0, 5, 0, 50, 5, 0, 0, 0, 2, 2, 0, 2, 0, 0, : 1, 1, 4, 1, 2, 3, 4, 50, 2, 2, 4, 1, 5, 4, 51, 3, 2, 2, 3, 3, 2, 5, 5, 2, 4, 1, 4, 1, 5, 2, 5, 50, 5, 2, 2, 2, 
181: 0, 0, 0, 3, 0, 1, 0, 0, 4, 0, 3, 0, 1, 50, 2, 0, 0, 0, 0, 0, 0, 3, 3, 11, 0, 0, 5, 0, 0, 0, 0, 0, 0, 0, 0, 50, 3, 0, 1, 0, 3, 0, 0, 0, 0, 0, 1, 0, 1, 1, 0, 0, 0, 0, 0, 1, 0, 0, 0, 0, 0, 0, 5, 0, 1, 0, 1, 1, 0, 0, 0, 1, 3, 0, 2, 0, 3, 0, 0, 53, 0, 0, 0, 0, 0, 0, 2, 0, 0, 0, 4, 0, 5, 1, 0, 0, 2, 0, 0, 0, : 3, 1, 4, 3, 1, 50, 2, 3, 3, 11, 5, 50, 3, 1, 3, 1, 1, 1, 1, 5, 1, 1, 1, 1, 3, 2, 3, 53, 2, 4, 5, 1, 2, 
59: 5, 1, 0, 0, 0, 4, 0, 3, 5, 0, 1, 0, 0, 1, 1, 0, 0, 0, 53, 0, 0, 0, 5, 4, 0, 0, 2, 0, 0, 1, 0, 0, 0, 1, 0, 0, 3, 0, 4, 0, 0, 0, 3, 0, 0, 53, 0, 0, 0, 3, 0, 0, 0, 0, 0, 3, 0, 0, 4, 0, 0, 51, 5, 0, 4, 0, 1, 2, 0, 53, 1, 3, 4, 3, 5, 5, 5, 0, 0, 0, 0, 0, 5, 0, 50, 0, 3, 3, 0, 0, 2, 0, 0, 0, 0, 0, 0, 0, 3, 1, : 5, 1, 4, 3, 5, 1, 1, 1, 53, 5, 4, 2, 1, 1, 3, 4, 3, 53, 3, 3, 4, 51, 5, 4, 1, 2, 53, 1, 3, 4, 3, 5, 5, 5, 5, 50, 3, 3, 2, 3, 1, 
118: 0, 0, 0, 1, 0, 1, 0, 0, 3, 1, 3, 52, 0, 0, 4, 0, 0, 0, 0, 0, 0, 0, 2, 2, 0, 0, 3, 5, 0, 0, 0, 0, 0, 1, 0, 0, 1, 0, 5, 51, 0, 0, 0, 3, 0, 0, 0, 0, 0, 4, 4, 0, 0, 0, 0, 3, 0, 5, 0, 0, 2, 0, 1, 0, 4, 0, 1, 5, 0, 3, 2, 1, 2, 0, 5, 0, 0, 0, 0, 0, 0, 3, 3, 0, 0, 50, 0, 0, 0, 3, 2, 0, 0, 0, 0, 0, 50, 0, 53, 0, : 1, 1, 3, 1, 3, 52, 4, 2, 2, 3, 5, 1, 1, 5, 51, 3, 4, 4, 3, 5, 2, 1, 4, 1, 5, 3, 2, 1, 2, 5, 3, 3, 50, 3, 2, 50, 53, 
89: 0, 0, 54, 5, 0, 5, 0, 0, 5, 0, 5, 3, 0, 5, 4, 0, 0, 0, 0, 0, 0, 0, 3, 2, 0, 0, 3, 0, 0, 0, 0, 0, 51, 0, 0, 0, 1, 0, 4, 0, 2, 2, 0, 0, 0, 0, 0, 51, 0, 3, 0, 0, 0, 0, 0, 3, 0, 0, 0, 0, 0, 0, 5, 0, 5, 0, 1, 1, 0, 0, 0, 5, 1, 0, 2, 0, 0, 0, 0, 0, 5, 3, 2, 0, 0, 0, 0, 0, 0, 0, 0, 5, 0, 0, 0, 0, 0, 0, 0, 3, : 54, 5, 5, 5, 5, 3, 5, 4, 3, 2, 3, 51, 1, 4, 2, 2, 51, 3, 3, 5, 5, 1, 1, 5, 1, 2, 5, 3, 2, 5, 3, 
140: 2, 0, 0, 1, 0, 4, 1, 0, 2, 0, 3, 0, 0, 0, 2, 0, 0, 0, 0, 0, 3, 0, 4, 4, 2, 0, 5, 0, 0, 0, 0, 3, 0, 0, 2, 0, 4, 0, 1, 1, 1, 55, 0, 0, 0, 1, 0, 0, 0, 1, 0, 0, 5, 0, 0, 4, 0, 0, 0, 54, 0, 0, 4, 0, 2, 0, 5, 5, 4, 0, 53, 2, 3, 0, 3, 0, 0, 4, 0, 0, 0, 0, 1, 0, 0, 0, 0, 0, 2, 0, 1, 55, 0, 0, 51, 0, 0, 52, 0, 0, : 2, 1, 4, 1, 2, 3, 2, 3, 4, 4, 2, 5, 3, 2, 4, 1, 1, 1, 55, 1, 1, 5, 4, 54, 4, 2, 5, 5, 4, 53, 2, 3, 3, 4, 1, 2, 1, 55, 51, 52, 
187: 0, 0, 0, 2, 0, 5, 0, 0, 2, 0, 4, 0, 2, 4, 4, 0, 0, 0, 0, 0, 0, 0, 3, 5, 4, 0, 3, 0, 4, 0, 0, 0, 0, 0, 0, 0, 3, 0, 4, 0, 1, 0, 0, 2, 51, 4, 0, 0, 0, 1, 0, 0, 0, 0, 0, 0, 1, 0, 0, 0, 0, 3, 5, 0, 4, 0, 2, 3, 0, 0, 0, 4, 3, 0, 4, 0, 0, 0, 0, 2, 0, 0, 5, 5, 0, 0, 0, 0, 53, 0, 5, 0, 0, 0, 0, 0, 2, 0, 0, 0, : 2, 5, 2, 4, 2, 4, 4, 3, 5, 4, 3, 4, 3, 4, 1, 2, 51, 4, 1, 1, 3, 5, 4, 2, 3, 4, 3, 4, 2, 5, 5, 53, 5, 2, 
178: 1, 0, 0, 4, 0, 5, 0, 53, 0, 0, 2, 0, 0, 0, 1, 2, 0, 2, 0, 2, 0, 3, 1, 1, 0, 0, 3, 51, 0, 0, 1, 0, 3, 0, 0, 3, 2, 54, 2, 0, 0, 0, 0, 0, 0, 0, 0, 1, 54, 8, 0, 4, 0, 4, 5, 3, 0, 0, 55, 0, 2, 0, 1, 0, 2, 0, 8, 5, 51, 0, 1, 5, 4, 0, 1, 0, 0, 0, 0, 0, 0, 0, 1, 0, 0, 3, 0, 0, 0, 0, 4, 0, 1, 0, 0, 0, 0, 4, 0, 0, : 1, 4, 5, 53, 2, 1, 2, 2, 2, 3, 1, 1, 3, 51, 1, 3, 3, 2, 54, 2, 1, 54, 8, 4, 4, 5, 3, 55, 2, 1, 2, 8, 5, 51, 1, 5, 4, 1, 1, 3, 4, 1, 4, 
43: 0, 0, 0, 5, 0, 4, 0, 0, 4, 0, 3, 0, 0, 0, 4, 3, 0, 0, 2, 0, 0, 4, 4, 4, 0, 2, 2, 0, 1, 0, 0, 0, 1, 54, 0, 1, 1, 0, 1, 0, 0, 0, 0, 0, 0, 0, 0, 0, 0, 3, 0, 0, 0, 0, 0, 1, 4, 0, 0, 0, 53, 0, 4, 1, 3, 0, 3, 1, 3, 1, 0, 4, 3, 1, 3, 0, 0, 0, 0, 1, 52, 0, 1, 0, 1, 1, 0, 0, 0, 2, 0, 0, 0, 0, 0, 51, 0, 0, 0, 0, : 5, 4, 4, 3, 4, 3, 2, 4, 4, 4, 2, 2, 1, 1, 54, 1, 1, 1, 3, 1, 4, 53, 4, 1, 3, 3, 1, 3, 1, 4, 3, 1, 3, 1, 52, 1, 1, 1, 2, 51, 
126: 0, 0, 0, 4, 0, 5, 0, 0, 4, 0, 2, 0, 55, 0, 3, 0, 0, 3, 0, 0, 54, 0, 3, 2, 1, 54, 4, 0, 0, 1, 0, 0, 0, 0, 3, 0, 2, 0, 4, 2, 0, 0, 0, 0, 0, 0, 0, 0, 0, 4, 0, 0, 1, 53, 0, 2, 0, 0, 1, 1, 0, 4, 2, 1, 1, 0, 2, 4, 0, 0, 0, 1, 4, 3, 4, 0, 0, 0, 0, 0, 0, 0, 2, 0, 0, 0, 0, 52, 0, 0, 2, 0, 0, 0, 3, 0, 0, 2, 0, 0, : 4, 5, 4, 2, 55, 3, 3, 54, 3, 2, 1, 54, 4, 1, 3, 2, 4, 2, 4, 1, 53, 2, 1, 1, 4, 2, 1, 1, 2, 4, 1, 4, 3, 4, 2, 52, 2, 3, 2, 
188: 0, 0, 0, 4, 2, 2, 0, 0, 4, 0, 5, 0, 1, 0, 3, 4, 0, 0, 0, 2, 0, 0, 5, 1, 0, 0, 5, 0, 0, 54, 0, 0, 0, 0, 0, 0, 1, 4, 4, 0, 1, 0, 0, 0, 0, 0, 55, 0, 0, 2, 3, 0, 0, 0, 0, 3, 0, 0, 0, 0, 1, 0, 3, 0, 2, 0, 1, 1, 0, 0, 0, 4, 4, 1, 5, 4, 0, 0, 0, 0, 0, 0, 4, 4, 0, 0, 0, 0, 1, 0, 2, 0, 0, 0, 0, 0, 2, 0, 0, 0, : 4, 2, 2, 4, 5, 1, 3, 4, 2, 5, 1, 5, 54, 1, 4, 4, 1, 55, 2, 3, 3, 1, 3, 2, 1, 1, 4, 4, 1, 5, 4, 4, 4, 1, 2, 2, 
49: 0, 0, 2, 5, 0, 4, 0, 0, 5, 3, 5, 0, 0, 0, 3, 0, 0, 0, 5, 0, 0, 0, 5, 3, 0, 0, 4, 0, 0, 0, 0, 0, 0, 0, 0, 0, 4, 0, 0, 1, 0, 0, 0, 1, 0, 0, 0, 0, 0, 1, 0, 0, 0, 0, 0, 4, 0, 0, 0, 0, 0, 0, 4, 50, 4, 0, 4, 3, 0, 0, 0, 1, 2, 0, 3, 0, 0, 4, 0, 0, 0, 0, 3, 0, 0, 1, 0, 0, 0, 0, 5, 0, 4, 0, 0, 0, 0, 0, 0, 0, : 2, 5, 4, 5, 3, 5, 3, 5, 5, 3, 4, 4, 1, 1, 1, 4, 4, 50, 4, 4, 3, 1, 2, 3, 4, 3, 1, 5, 4, 
60: 0, 4, 0, 5, 55, 2, 1, 0, 2, 0, 5, 0, 0, 0, 5, 0, 0, 0, 0, 53, 0, 0, 1, 4, 0, 3, 2, 0, 0, 0, 0, 0, 0, 0, 0, 0, 3, 0, 4, 0, 0, 0, 3, 0, 4, 0, 0, 0, 0, 4, 50, 54, 0, 0, 0, 2, 54, 0, 0, 0, 0, 0, 1, 0, 3, 0, 5, 3, 0, 0, 0, 2, 2, 0, 1, 0, 0, 0, 0, 3, 0, 0, 5, 0, 1, 0, 0, 0, 0, 1, 4, 0, 0, 0, 0, 0, 0, 0, 4, 0, : 4, 5, 55, 2, 1, 2, 5, 5, 53, 1, 4, 3, 2, 3, 4, 3, 4, 4, 50, 54, 2, 54, 1, 3, 5, 3, 2, 2, 1, 3, 5, 1, 1, 4, 4, 
66: 0, 0, 0, 3, 0, 3, 55, 0, 5, 0, 2, 0, 1, 0, 3, 0, 0, 0, 0, 0, 0, 0, 3, 1, 0, 0, 1, 0, 2, 0, 0, 1, 2, 0, 0, 0, 4, 1, 4, 0, 1, 0, 0, 1, 0, 0, 0, 0, 0, 5, 0, 0, 0, 0, 52, 5, 0, 0, 0, 0, 0, 1, 5, 0, 1, 0, 1, 4, 0, 0, 0, 1, 5, 0, 5, 0, 0, 0, 0, 0, 0, 0, 4, 0, 0, 0, 0, 0, 4, 0, 2, 0, 0, 0, 0, 4, 0, 0, 0, 0, : 3, 3, 55, 5, 2, 1, 3, 3, 1, 1, 2, 1, 2, 4, 1, 4, 1, 1, 5, 52, 5, 1, 5, 1, 1, 4, 1, 5, 5, 4, 4, 2, 4, 
197: 0, 52, 0, 4, 0, 5, 0, 0, 1, 0, 4, 0, 0, 0, 3, 1, 1, 0, 0, 0, 0, 0, 3, 1, 0, 0, 3, 4, 0, 0, 52, 0, 3, 0, 0, 1, 3, 1, 4, 0, 51, 1, 0, 0, 0, 0, 0, 0, 1, 2, 0, 2, 0, 0, 0, 4, 0, 0, 0, 0, 1, 1, 4, 0, 4, 0, 5, 5, 0, 0, 0, 1, 4, 50, 1, 50, 50, 0, 0, 0, 0, 0, 1, 0, 3, 0, 0, 0, 0, 0, 4, 0, 0, 0, 0, 3, 0, 0, 0, 51, : 52, 4, 5, 1, 4, 3, 1, 1, 3, 1, 3, 4, 52, 3, 1, 3, 1, 4, 51, 1, 1, 2, 2, 4, 1, 1, 4, 4, 5, 5, 1, 4, 50, 1, 50, 50, 1, 3, 4, 3, 51, 
103: 0, 0, 0, 1, 0, 4, 0, 0, 4, 1, 3, 0, 0, 0, 2, 50, 0, 0, 0, 0, 0, 0, 4, 1, 0, 0, 1, 0, 0, 4, 0, 0, 0, 0, 0, 0, 4, 0, 3, 0, 0, 0, 53, 1, 0, 0, 0, 4, 0, 3, 0, 0, 0, 2, 3, 4, 0, 0, 0, 0, 0, 0, 2, 0, 2, 0, 1, 2, 0, 0, 0, 5, 5, 0, 3, 0, 0, 0, 0, 1, 0, 0, 4, 0, 0, 0, 1, 0, 0, 0, 5, 0, 50, 0, 0, 0, 0, 0, 0, 5, : 1, 4, 4, 1, 3, 2, 50, 4, 1, 1, 4, 4, 3, 53, 1, 4, 3, 2, 3, 4, 2, 2, 1, 2, 5, 5, 3, 1, 4, 1, 5, 50, 5, 
80: 2, 1, 0, 5, 0, 0, 3, 0, 1, 0, 4, 0, 0, 0, 2, 0, 0, 0, 0, 1, 0, 0, 2, 2, 0, 1, 1, 0, 53, 0, 0, 0, 0, 0, 4, 4, 4, 0, 0, 5, 0, 0, 0, 0, 0, 2, 0, 0, 0, 4, 0, 0, 2, 1, 0, 1, 0, 4, 0, 1, 0, 0, 2, 0, 1, 55, 3, 1, 0, 3, 0, 3, 4, 2, 2, 0, 0, 0, 0, 0, 2, 0, 4, 0, 0, 5, 51, 0, 0, 4, 4, 0, 0, 51, 4, 0, 0, 0, 0, 0, : 2, 1, 5, 3, 1, 4, 2, 1, 2, 2, 1, 1, 53, 4, 4, 4, 5, 2, 4, 2, 1, 1, 4, 1, 2, 1, 55, 3, 1, 3, 3, 4, 2, 2, 2, 4, 5, 51, 4, 4, 51, 4, 
190: 0, 0, 4, 1, 0, 2, 0, 0, 0, 55, 2, 0, 0, 0, 5, 0, 55, 0, 0, 0, 3, 50, 3, 3, 0, 0, 4, 0, 0, 0, 2, 52, 0, 0, 0, 0, 3, 0, 4, 0, 0, 0, 0, 0, 5, 0, 0, 1, 1, 1, 0, 0, 0, 0, 0, 5, 0, 51, 0, 0, 1, 0, 1, 1, 6, 0, 8, 2, 0, 0, 0, 2, 2, 0, 0, 0, 0, 0, 51, 0, 0, 54, 1, 50, 0, 0, 1, 0, 0, 0, 1, 0, 0, 0, 0, 0, 0, 0, 0, 0, : 4, 1, 2, 55, 2, 5, 55, 3, 50, 3, 3, 4, 2, 52, 3, 4, 5, 1, 1, 1, 5, 51, 1, 1, 1, 6, 8, 2, 2, 2, 51, 54, 1, 50, 1, 1, 
50: 50, 0, 0, 3, 3, 0, 0, 2, 0, 0, 2, 5, 0, 0, 5, 0, 0, 55, 0, 0, 0, 0, 1, 3, 2, 0, 5, 0, 0, 0, 4, 2, 0, 0, 0, 0, 4, 0, 5, 0, 0, 0, 0, 0, 0, 0, 4, 3, 2, 3, 0, 0, 52, 0, 0, 5, 1, 0, 0, 4, 0, 0, 1, 4, 3, 0, 5, 2, 2, 0, 0, 5, 0, 0, 4, 0, 1, 52, 5, 0, 0, 0, 5, 0, 3, 0, 0, 0, 0, 0, 4, 0, 0, 3, 0, 0, 3, 0, 0, 0, : 50, 3, 3, 2, 2, 5, 5, 55, 1, 3, 2, 5, 4, 2, 4, 5, 4, 3, 2, 3, 52, 5, 1, 4, 1, 4, 3, 5, 2, 2, 5, 4, 1, 52, 5, 5, 3, 4, 3, 3, 
88: 0, 1, 0, 4, 0, 3, 0, 2, 5, 0, 1, 0, 0, 0, 4, 0, 4, 0, 0, 0, 0, 0, 2, 2, 1, 0, 2, 0, 0, 0, 1, 0, 0, 0, 51, 0, 5, 0, 2, 0, 0, 2, 1, 1, 0, 0, 0, 0, 1, 4, 3, 0, 0, 0, 0, 5, 0, 0, 0, 0, 0, 0, 3, 0, 5, 5, 1, 5, 0, 0, 3, 5, 3, 0, 3, 1, 0, 0, 0, 0, 0, 0, 4, 1, 0, 0, 2, 0, 0, 0, 4, 0, 0, 5, 0, 0, 1, 0, 0, 0, : 1, 4, 3, 2, 5, 1, 4, 4, 2, 2, 1, 2, 1, 51, 5, 2, 2, 1, 1, 1, 4, 3, 5, 3, 5, 5, 1, 5, 3, 5, 3, 3, 1, 4, 1, 2, 4, 5, 1, 


