
40
300
60
15

51: 0, 0, 53, 0, 0, 0, 0, 1, 0, 0, 0, 2, 4, 0, 0, 3, 50, 1, 0, 0, 0, 0, 0, 2, 0, 2, 53, 0, 0, 0, 3, 0, 0, 0, 1, 0, 0, 4, 0, 5, : 53, 1, 2, 4, 3, 50, 1, 2, 2, 53, 3, 1, 4, 5, 
221: 0, 0, 0, 0, 0, 0, 0, 0, 0, 1, 0, 0, 1, 0, 0, 1, 0, 3, 0, 0, 0, 0, 2, 5, 50, 1, 1, 0, 0, 0, 0, 0, 0, 5, 2, 2, 1, 1, 54, 4, : 1, 1, 1, 3, 2, 5, 50, 1, 1, 5, 2, 2, 1, 1, 54, 4, 
29: 0, 0, 0, 0, 0, 51, 0, 4, 0, 3, 0, 5, 0, 0, 0, 3, 0, 3, 5, 0, 0, 0, 5, 1, 0, 0, 0, 0, 1, 0, 4, 0, 0, 0, 2, 2, 0, 5, 0, 4, : 51, 4, 3, 5, 3, 3, 5, 5, 1, 1, 4, 2, 2, 5, 4, 
110: 0, 0, 0, 0, 0, 0, 0, 1, 54, 0, 0, 2, 0, 2, 0, 5, 0, 8, 5, 2, 2, 0, 0, 3, 3, 0, 0, 0, 0, 0, 0, 0, 0, 0, 0, 0, 2, 5, 1, 2, : 1, 54, 2, 2, 5, 8, 5, 2, 2, 3, 3, 2, 5, 1, 2, 
284: 0, 0, 0, 0, 5, 0, 0, 4, 0, 4, 0, 5, 0, 0, 54, 2, 0, 2, 0, 0, 0, 2, 0, 2, 0, 0, 0, 0, 1, 0, 0, 0, 0, 0, 0, 0, 2, 4, 0, 2, : 5, 4, 4, 5, 54, 2, 2, 2, 2, 1, 2, 4, 2, 
83: 0, 0, 2, 0, 0, 0, 0, 3, 0, 4, 1, 0, 0, 0, 0, 5, 1, 2, 0, 0, 0, 0, 0, 5, 4, 0, 0, 0, 0, 5, 0, 0, 0, 0, 0, 0, 0, 4, 0, 5, : 2, 3, 4, 1, 5, 1, 2, 5, 4, 5, 4, 5, 
16: 51, 0, 0, 0, 2, 0, 5, 2, 0, 2, 0, 4, 51, 0, 4, 2, 3, 1, 0, 0, 50, 51, 0, 0, 0, 2, 0, 0, 0, 0, 0, 54, 52, 0, 0, 2, 50, 1, 0, 2, : 51, 2, 5, 2, 2, 4, 51, 4, 2, 3, 1, 50, 51, 2, 54, 52, 2, 50, 1, 2, 
22: 0, 50, 0, 54, 0, 0, 0, 5, 3, 1, 0, 2, 3, 0, 0, 4, 0, 2, 0, 0, 0, 5, 0, 1, 1, 0, 0, 5, 0, 0, 0, 0, 3, 0, 0, 50, 0, 1, 1, 3, : 50, 54, 5, 3, 1, 2, 3, 4, 2, 5, 1, 1, 5, 3, 50, 1, 1, 3, 
201: 0, 0, 3, 0, 0, 3, 0, 5, 0, 4, 0, 3, 0, 0, 0, 3, 0, 1, 0, 0, 0, 0, 0, 5, 0, 0, 0, 0, 0, 0, 0, 0, 0, 1, 0, 0, 0, 2, 0, 2, : 3, 3, 5, 4, 3, 3, 1, 5, 1, 2, 2, 
111: 0, 0, 0, 1, 0, 0, 0, 3, 0, 1, 54, 5, 0, 0, 0, 5, 0, 4, 0, 55, 2, 1, 0, 0, 0, 0, 0, 50, 0, 0, 0, 0, 5, 50, 54, 0, 0, 2, 0, 4, : 1, 3, 1, 54, 5, 5, 4, 55, 2, 1, 50, 5, 50, 54, 2, 4, 
220: 0, 5, 1, 0, 0, 0, 0, 2, 0, 5, 0, 3, 0, 3, 0, 5, 1, 5, 0, 0, 0, 0, 0, 1, 0, 0, 0, 0, 50, 53, 0, 0, 0, 0, 0, 0, 0, 3, 0, 1, : 5, 1, 2, 5, 3, 3, 5, 1, 5, 1, 50, 53, 3, 1, 
222: 4, 0, 0, 0, 0, 0, 0, 3, 0, 2, 0, 3, 0, 0, 0, 1, 0, 6, 50, 1, 0, 0, 0, 2, 0, 0, 0, 0, 5, 1, 52, 0, 0, 0, 0, 0, 5, 1, 0, 4, : 4, 3, 2, 3, 1, 6, 50, 1, 2, 5, 1, 52, 5, 1, 4, 
31: 0, 0, 0, 2, 0, 0, 54, 2, 0, 4, 0, 1, 0, 0, 0, 3, 0, 1, 0, 0, 0, 1, 0, 3, 0, 1, 0, 1, 0, 0, 0, 0, 0, 0, 1, 0, 0, 6, 0, 3, : 2, 54, 2, 4, 1, 3, 1, 1, 3, 1, 1, 1, 6, 3, 
211: 0, 0, 0, 0, 0, 0, 0, 2, 0, 5, 5, 5, 0, 2, 1, 3, 0, 5, 0, 1, 0, 0, 3, 4, 0, 0, 0, 0, 0, 0, 0, 0, 0, 0, 0, 4, 0, 3, 3, 2, : 2, 5, 5, 5, 2, 1, 3, 5, 1, 3, 4, 4, 3, 3, 2, 
154: 0, 0, 0, 0, 0, 0, 0, 5, 0, 2, 0, 4, 0, 0, 0, 2, 0, 1, 0, 0, 0, 0, 0, 3, 0, 1, 5, 0, 0, 0, 1, 0, 0, 0, 0, 0, 0, 3, 0, 1, : 5, 2, 4, 2, 1, 3, 1, 5, 1, 3, 1, 
289: 0, 5, 0, 0, 0, 0, 0, 3, 3, 3, 0, 4, 0, 0, 1, 1, 0, 2, 0, 0, 0, 0, 0, 4, 0, 0, 0, 4, 0, 1, 0, 0, 0, 0, 0, 0, 0, 3, 1, 3, : 5, 3, 3, 3, 4, 1, 1, 2, 4, 4, 1, 3, 1, 3, 
140: 1, 0, 1, 0, 0, 0, 0, 4, 0, 5, 0, 4, 0, 0, 0, 3, 0, 1, 0, 1, 3, 0, 0, 5, 1, 0, 0, 0, 3, 0, 0, 0, 0, 0, 0, 0, 0, 3, 0, 4, : 1, 1, 4, 5, 4, 3, 1, 1, 3, 5, 1, 3, 3, 4, 
166: 4, 0, 0, 0, 3, 5, 0, 5, 0, 5, 0, 1, 0, 0, 0, 3, 5, 5, 0, 0, 0, 0, 50, 4, 0, 53, 1, 0, 0, 0, 0, 1, 0, 4, 0, 0, 0, 2, 0, 3, : 4, 3, 5, 5, 5, 1, 3, 5, 5, 50, 4, 53, 1, 1, 4, 2, 3, 
176: 0, 0, 0, 3, 0, 0, 1, 2, 0, 4, 0, 4, 1, 0, 0, 4, 0, 5, 0, 0, 0, 0, 0, 5, 1, 0, 0, 0, 0, 0, 0, 2, 0, 0, 0, 0, 0, 3, 0, 5, : 3, 1, 2, 4, 4, 1, 4, 5, 5, 1, 2, 3, 5, 
182: 0, 0, 0, 0, 50, 1, 0, 4, 0, 5, 0, 3, 0, 53, 0, 2, 0, 2, 0, 0, 3, 0, 0, 5, 0, 0, 0, 0, 0, 0, 0, 3, 0, 0, 0, 0, 0, 4, 0, 1, : 50, 1, 4, 5, 3, 53, 2, 2, 3, 5, 3, 4, 1, 


155: 0, 0, 0, 0, 3, 0, 4, 0, 0, 0, 4, 0, 2, 0, 0, 1, 1, 1, 0, 0, 0, 0, 3, 3, 0, 0, 0, 0, 0, 4, 1, 4, 5, 5, 0, 0, 0, 0, 4, 5, : 3, 4, 4, 2, 1, 1, 1, 3, 3, 4, 1, 4, 5, 5, 4, 5, 
12: 0, 0, 0, 0, 1, 0, 0, 0, 0, 0, 4, 0, 4, 0, 0, 0, 0, 5, 50, 0, 0, 0, 50, 3, 0, 0, 0, 5, 1, 2, 0, 1, 0, 1, 0, 0, 0, 0, 0, 0, : 1, 4, 4, 5, 50, 50, 3, 5, 1, 2, 1, 1, 
98: 1, 3, 0, 0, 2, 0, 0, 0, 0, 0, 1, 0, 3, 0, 0, 0, 0, 2, 0, 0, 0, 0, 3, 1, 0, 0, 1, 1, 2, 3, 0, 1, 1, 0, 53, 0, 4, 0, 2, 0, : 1, 3, 2, 1, 3, 2, 3, 1, 1, 1, 2, 3, 1, 1, 53, 4, 2, 
120: 0, 0, 0, 0, 5, 0, 0, 53, 0, 0, 4, 0, 1, 0, 0, 0, 0, 6, 0, 0, 0, 5, 0, 4, 0, 0, 0, 0, 0, 5, 4, 8, 1, 5, 0, 0, 51, 54, 4, 0, : 5, 53, 4, 1, 6, 5, 4, 5, 4, 8, 1, 5, 51, 54, 4, 
8: 0, 0, 0, 0, 1, 0, 0, 0, 0, 0, 2, 0, 4, 0, 1, 0, 0, 1, 0, 0, 0, 0, 0, 1, 0, 0, 0, 0, 1, 1, 0, 3, 0, 5, 4, 0, 4, 0, 1, 3, : 1, 2, 4, 1, 1, 1, 1, 1, 3, 5, 4, 4, 1, 3, 
39: 0, 1, 0, 0, 1, 3, 0, 3, 0, 0, 3, 0, 5, 54, 0, 0, 0, 2, 0, 52, 0, 5, 0, 3, 0, 3, 1, 2, 0, 5, 0, 4, 0, 1, 0, 0, 1, 0, 4, 0, : 1, 1, 3, 3, 3, 5, 54, 2, 52, 5, 3, 3, 1, 2, 5, 4, 1, 1, 4, 
129: 0, 0, 0, 0, 1, 0, 1, 0, 1, 0, 5, 54, 4, 0, 55, 0, 0, 3, 0, 0, 0, 0, 0, 1, 0, 52, 0, 50, 0, 4, 51, 5, 0, 2, 0, 0, 0, 0, 5, 1, : 1, 1, 1, 5, 54, 4, 55, 3, 1, 52, 50, 4, 51, 5, 2, 5, 1, 
269: 0, 0, 0, 4, 2, 0, 0, 0, 0, 0, 3, 0, 3, 5, 0, 0, 4, 1, 0, 0, 0, 0, 0, 5, 0, 0, 0, 0, 0, 2, 0, 1, 0, 0, 0, 0, 0, 0, 4, 0, : 4, 2, 3, 3, 5, 4, 1, 5, 2, 1, 4, 
205: 55, 0, 0, 3, 6, 1, 2, 0, 0, 1, 4, 5, 2, 0, 0, 0, 0, 4, 5, 2, 53, 50, 1, 3, 0, 0, 0, 0, 0, 4, 0, 3, 0, 5, 0, 0, 0, 0, 3, 0, : 55, 3, 6, 1, 2, 1, 4, 5, 2, 4, 5, 2, 53, 50, 1, 3, 4, 3, 5, 3, 
210: 0, 3, 51, 0, 4, 0, 0, 0, 0, 54, 1, 0, 0, 0, 0, 0, 52, 3, 0, 0, 0, 0, 0, 5, 0, 0, 0, 0, 0, 2, 0, 5, 0, 4, 1, 0, 0, 0, 3, 0, : 3, 51, 4, 54, 1, 52, 3, 5, 2, 5, 4, 1, 3, 
164: 0, 3, 4, 53, 3, 1, 50, 0, 0, 0, 1, 0, 4, 0, 0, 0, 0, 4, 0, 0, 1, 0, 1, 4, 2, 0, 1, 2, 4, 4, 0, 3, 0, 5, 0, 0, 0, 0, 4, 0, : 3, 4, 53, 3, 1, 50, 1, 4, 4, 1, 1, 4, 2, 1, 2, 4, 4, 3, 5, 4, 
7: 2, 0, 0, 0, 5, 55, 1, 0, 0, 0, 5, 0, 2, 0, 0, 0, 0, 3, 0, 0, 0, 0, 0, 2, 0, 0, 0, 0, 1, 5, 0, 1, 0, 2, 0, 5, 0, 0, 3, 50, : 2, 5, 55, 1, 5, 2, 3, 2, 1, 5, 1, 2, 5, 3, 50, 
53: 0, 0, 2, 0, 4, 0, 0, 0, 0, 0, 4, 0, 3, 0, 1, 0, 0, 4, 0, 0, 0, 0, 0, 2, 4, 0, 51, 0, 0, 2, 0, 2, 0, 0, 0, 1, 0, 0, 0, 0, : 2, 4, 4, 3, 1, 4, 2, 4, 51, 2, 2, 1, 
67: 0, 0, 0, 0, 4, 0, 0, 0, 0, 0, 1, 0, 4, 1, 0, 0, 0, 5, 0, 0, 0, 0, 0, 2, 0, 0, 0, 0, 1, 2, 4, 4, 0, 5, 2, 0, 0, 0, 1, 0, : 4, 1, 4, 1, 5, 2, 1, 2, 4, 4, 5, 2, 1, 
49: 0, 0, 0, 0, 1, 0, 0, 0, 0, 1, 2, 0, 1, 0, 0, 0, 0, 4, 0, 0, 0, 0, 0, 4, 1, 0, 0, 0, 0, 4, 0, 4, 0, 1, 0, 0, 0, 0, 5, 0, : 1, 1, 2, 1, 4, 4, 1, 4, 4, 1, 5, 
70: 0, 50, 0, 0, 5, 0, 0, 0, 3, 0, 5, 1, 4, 0, 3, 0, 0, 1, 3, 2, 0, 0, 0, 5, 53, 5, 4, 0, 0, 2, 0, 3, 0, 3, 0, 0, 0, 1, 4, 0, : 50, 5, 3, 5, 1, 4, 3, 1, 3, 2, 5, 53, 5, 4, 2, 3, 3, 1, 4, 
285: 0, 0, 3, 0, 4, 0, 0, 3, 51, 1, 5, 0, 5, 0, 0, 0, 3, 1, 0, 2, 4, 0, 0, 1, 0, 0, 0, 0, 0, 3, 0, 2, 0, 5, 0, 0, 0, 0, 1, 1, : 3, 4, 3, 51, 1, 5, 5, 3, 1, 2, 4, 1, 3, 2, 5, 1, 1, 
202: 2, 0, 0, 0, 1, 0, 2, 0, 5, 0, 1, 0, 2, 0, 0, 5, 0, 2, 2, 1, 0, 0, 0, 1, 0, 0, 0, 0, 0, 1, 0, 3, 53, 5, 0, 0, 0, 5, 5, 0, : 2, 1, 2, 5, 1, 2, 5, 2, 2, 1, 1, 1, 3, 53, 5, 5, 5, 
237: 0, 0, 0, 0, 2, 0, 0, 0, 0, 3, 1, 0, 3, 0, 0, 0, 0, 4, 0, 1, 2, 0, 2, 1, 0, 0, 0, 0, 50, 1, 0, 1, 0, 2, 0, 0, 0, 0, 5, 0, : 2, 3, 1, 3, 4, 1, 2, 2, 1, 50, 1, 1, 2, 5, 
224: 0, 0, 0, 0, 5, 0, 0, 1, 0, 0, 4, 0, 4, 0, 0, 54, 0, 4, 0, 0, 0, 0, 0, 9, 0, 0, 2, 0, 0, 4, 0, 2, 0, 4, 0, 54, 0, 0, 2, 0, : 5, 1, 4, 4, 54, 4, 9, 2, 4, 2, 4, 54, 2, 


197: 0, 0, 3, 0, 0, 0, 0, 0, 0, 0, 0, 4, 0, 0, 0, 0, 0, 1, 1, 0, 3, 1, 0, 0, 0, 3, 0, 0, 0, 5, 4, 3, 51, 0, 0, 0, 0, 0, 0, 0, : 3, 4, 1, 1, 3, 1, 3, 5, 4, 3, 51, 
250: 0, 0, 0, 0, 0, 0, 0, 0, 0, 0, 0, 0, 0, 0, 0, 1, 0, 2, 0, 0, 0, 5, 0, 0, 0, 0, 4, 0, 0, 1, 2, 0, 0, 0, 0, 0, 0, 0, 0, 4, : 1, 2, 5, 4, 1, 2, 4, 
265: 0, 0, 50, 0, 0, 0, 0, 54, 0, 2, 0, 0, 0, 0, 0, 0, 0, 0, 0, 0, 0, 0, 0, 0, 0, 0, 0, 0, 1, 2, 3, 0, 0, 0, 0, 5, 0, 0, 0, 0, : 50, 54, 2, 1, 2, 3, 5, 
146: 4, 0, 0, 55, 0, 4, 0, 0, 0, 0, 51, 0, 3, 0, 2, 51, 0, 0, 53, 0, 0, 0, 0, 0, 0, 0, 0, 2, 2, 5, 2, 0, 2, 0, 1, 0, 0, 0, 0, 0, : 4, 55, 4, 51, 3, 2, 51, 53, 2, 2, 5, 2, 2, 1, 
56: 2, 0, 0, 0, 0, 0, 0, 0, 0, 0, 4, 0, 2, 0, 0, 0, 50, 0, 0, 0, 0, 0, 2, 0, 0, 0, 1, 0, 0, 4, 5, 0, 1, 53, 0, 0, 0, 0, 0, 0, : 2, 4, 2, 50, 2, 1, 4, 5, 1, 53, 
225: 0, 0, 0, 0, 0, 0, 0, 0, 0, 4, 0, 51, 0, 0, 0, 0, 0, 0, 0, 0, 0, 0, 0, 0, 0, 0, 0, 0, 0, 5, 5, 0, 1, 3, 0, 0, 0, 0, 0, 0, : 4, 51, 5, 5, 1, 3, 
33: 0, 0, 0, 0, 0, 0, 0, 0, 5, 0, 0, 0, 0, 0, 2, 2, 0, 0, 0, 0, 0, 0, 0, 0, 0, 0, 0, 0, 52, 1, 1, 4, 0, 0, 0, 0, 0, 4, 0, 0, : 5, 2, 2, 52, 1, 1, 4, 4, 
58: 0, 0, 0, 1, 0, 0, 0, 0, 2, 0, 0, 4, 0, 0, 1, 1, 0, 0, 0, 0, 0, 4, 51, 1, 50, 0, 0, 0, 0, 2, 2, 0, 5, 0, 3, 0, 0, 0, 0, 0, : 1, 2, 4, 1, 1, 4, 51, 1, 50, 2, 2, 5, 3, 
34: 0, 0, 0, 0, 0, 0, 0, 0, 0, 0, 0, 0, 0, 0, 0, 0, 0, 0, 0, 0, 0, 0, 1, 0, 0, 1, 0, 0, 0, 6, 4, 1, 0, 4, 0, 0, 0, 0, 0, 0, : 1, 1, 6, 4, 1, 4, 
91: 0, 1, 0, 0, 0, 0, 0, 0, 53, 2, 0, 0, 0, 3, 0, 0, 0, 0, 0, 5, 0, 0, 1, 3, 0, 0, 0, 1, 0, 1, 4, 0, 0, 0, 51, 0, 0, 53, 1, 54, : 1, 53, 2, 3, 5, 1, 3, 1, 1, 4, 51, 53, 1, 54, 
193: 0, 0, 0, 0, 4, 0, 0, 0, 0, 0, 0, 0, 0, 0, 0, 0, 0, 1, 0, 0, 0, 0, 0, 53, 0, 0, 0, 52, 0, 2, 5, 0, 0, 0, 0, 0, 0, 0, 0, 0, : 4, 1, 53, 52, 2, 5, 
268: 0, 0, 0, 0, 2, 0, 0, 0, 0, 0, 0, 0, 1, 0, 1, 0, 0, 0, 2, 0, 2, 0, 1, 0, 0, 0, 0, 0, 0, 3, 2, 0, 0, 0, 0, 0, 0, 0, 4, 0, : 2, 1, 1, 2, 2, 1, 3, 2, 4, 
248: 51, 0, 0, 0, 4, 2, 1, 0, 0, 0, 2, 1, 0, 3, 0, 0, 0, 0, 0, 0, 0, 0, 0, 0, 5, 3, 0, 0, 5, 3, 2, 52, 0, 0, 2, 0, 0, 0, 0, 0, : 51, 4, 2, 1, 2, 1, 3, 5, 3, 5, 3, 2, 52, 2, 
183: 1, 0, 0, 0, 0, 0, 0, 0, 0, 0, 0, 0, 53, 0, 3, 0, 3, 5, 0, 0, 0, 0, 0, 0, 5, 0, 0, 0, 0, 5, 3, 0, 0, 0, 0, 0, 0, 0, 0, 1, : 1, 53, 3, 3, 5, 5, 5, 3, 1, 
138: 0, 5, 0, 0, 0, 0, 1, 2, 0, 0, 0, 0, 0, 0, 0, 0, 0, 0, 0, 55, 1, 0, 1, 0, 0, 0, 0, 0, 0, 1, 2, 0, 0, 0, 0, 0, 3, 0, 0, 0, : 5, 1, 2, 55, 1, 1, 1, 2, 3, 
18: 2, 0, 0, 0, 50, 0, 0, 0, 0, 50, 3, 0, 0, 0, 0, 0, 3, 0, 2, 0, 54, 0, 1, 0, 0, 0, 0, 0, 0, 3, 1, 0, 0, 0, 0, 0, 0, 0, 0, 0, : 2, 50, 50, 3, 3, 2, 54, 1, 3, 1, 
118: 0, 0, 0, 0, 0, 0, 0, 0, 0, 0, 0, 0, 0, 54, 0, 0, 0, 0, 0, 0, 0, 0, 0, 0, 0, 53, 55, 0, 0, 4, 2, 0, 0, 0, 0, 0, 4, 0, 0, 0, : 54, 53, 55, 4, 2, 4, 
286: 0, 0, 5, 4, 0, 0, 55, 1, 0, 2, 0, 0, 0, 0, 1, 5, 0, 0, 2, 0, 0, 0, 1, 0, 0, 0, 0, 0, 0, 5, 4, 0, 0, 0, 0, 0, 0, 3, 55, 0, : 5, 4, 55, 1, 2, 1, 5, 2, 1, 5, 4, 3, 55, 
159: 0, 54, 0, 0, 0, 54, 1, 0, 0, 0, 0, 0, 0, 0, 50, 0, 4, 50, 0, 0, 0, 0, 0, 3, 0, 0, 0, 0, 0, 1, 4, 0, 0, 0, 3, 5, 53, 0, 0, 1, : 54, 54, 1, 50, 4, 50, 3, 1, 4, 3, 5, 53, 1, 
96: 0, 0, 2, 0, 0, 0, 2, 3, 0, 0, 0, 0, 1, 0, 0, 0, 0, 1, 0, 0, 0, 50, 1, 0, 0, 0, 0, 5, 0, 1, 3, 0, 0, 0, 0, 50, 0, 0, 0, 0, : 2, 2, 3, 1, 1, 50, 1, 5, 1, 3, 50, 


145: 0, 2, 0, 5, 0, 0, 2, 1, 51, 3, 0, 4, 1, 0, 1, 0, 0, 53, 0, 0, 5, 4, 0, 0, 0, 0, 51, 0, 0, 1, 3, 0, 0, 3, 0, 3, 0, 51, 4, 0, : 2, 5, 2, 1, 51, 3, 4, 1, 1, 53, 5, 4, 51, 1, 3, 3, 3, 51, 4, 
65: 0, 5, 4, 0, 55, 0, 0, 2, 0, 2, 0, 1, 2, 0, 1, 0, 0, 0, 0, 0, 0, 4, 0, 0, 0, 50, 0, 0, 51, 1, 5, 0, 0, 1, 0, 0, 0, 0, 1, 0, : 5, 4, 55, 2, 2, 1, 2, 1, 4, 50, 51, 1, 5, 1, 1, 
123: 2, 2, 0, 1, 0, 0, 0, 1, 0, 0, 0, 1, 1, 0, 4, 1, 0, 0, 0, 0, 0, 1, 1, 0, 0, 0, 0, 0, 0, 0, 3, 0, 0, 1, 55, 5, 2, 0, 4, 0, : 2, 2, 1, 1, 1, 1, 4, 1, 1, 1, 3, 1, 55, 5, 2, 4, 
19: 0, 4, 0, 2, 0, 0, 2, 1, 1, 4, 5, 5, 4, 0, 4, 0, 2, 0, 0, 0, 0, 4, 0, 0, 0, 0, 0, 0, 0, 0, 4, 0, 0, 3, 5, 0, 50, 0, 3, 0, : 4, 2, 2, 1, 1, 4, 5, 5, 4, 4, 2, 4, 4, 3, 5, 50, 3, 
81: 0, 1, 0, 2, 0, 0, 0, 2, 0, 4, 55, 1, 3, 1, 5, 0, 2, 0, 0, 0, 0, 3, 0, 1, 0, 0, 0, 0, 0, 0, 4, 0, 5, 3, 0, 0, 0, 0, 2, 0, : 1, 2, 2, 4, 55, 1, 3, 1, 5, 2, 3, 1, 4, 5, 3, 2, 
204: 0, 3, 0, 4, 2, 0, 1, 4, 0, 3, 0, 3, 4, 2, 3, 0, 0, 0, 0, 0, 0, 1, 0, 0, 0, 0, 1, 0, 1, 0, 5, 0, 4, 4, 0, 0, 0, 0, 2, 0, : 3, 4, 2, 1, 4, 3, 3, 4, 2, 3, 1, 1, 1, 5, 4, 4, 2, 
88: 0, 5, 0, 3, 0, 0, 0, 4, 0, 5, 0, 3, 5, 0, 3, 1, 0, 1, 0, 5, 0, 3, 5, 0, 1, 0, 0, 0, 1, 0, 2, 0, 0, 4, 0, 0, 0, 0, 2, 3, : 5, 3, 4, 5, 3, 5, 3, 1, 1, 5, 3, 5, 1, 1, 2, 4, 2, 3, 
38: 0, 6, 0, 4, 0, 0, 1, 3, 0, 4, 0, 7, 4, 53, 1, 0, 0, 0, 0, 0, 0, 5, 0, 0, 0, 5, 0, 2, 1, 0, 3, 0, 0, 1, 0, 0, 0, 0, 1, 0, : 6, 4, 1, 3, 4, 7, 4, 53, 1, 5, 5, 2, 1, 3, 1, 1, 
64: 0, 2, 0, 1, 0, 0, 52, 3, 1, 2, 0, 1, 4, 0, 1, 0, 0, 0, 0, 0, 0, 2, 0, 0, 0, 0, 5, 0, 2, 0, 1, 5, 0, 5, 0, 0, 0, 0, 5, 0, : 2, 1, 52, 3, 1, 2, 1, 4, 1, 2, 5, 2, 1, 5, 5, 5, 
52: 0, 3, 0, 5, 0, 0, 0, 2, 0, 1, 0, 2, 3, 0, 5, 54, 0, 0, 1, 0, 0, 3, 50, 0, 3, 1, 0, 0, 0, 0, 3, 0, 0, 2, 0, 0, 0, 4, 3, 0, : 3, 5, 2, 1, 2, 3, 5, 54, 1, 3, 50, 3, 1, 3, 2, 4, 3, 
148: 0, 3, 2, 3, 0, 0, 0, 3, 0, 5, 0, 5, 2, 0, 4, 0, 0, 0, 54, 0, 0, 4, 0, 1, 0, 3, 0, 2, 4, 2, 4, 50, 0, 2, 0, 0, 5, 0, 4, 0, : 3, 2, 3, 3, 5, 5, 2, 4, 54, 4, 1, 3, 2, 4, 2, 4, 50, 2, 5, 4, 
258: 0, 7, 54, 4, 2, 2, 0, 3, 0, 4, 0, 1, 1, 0, 4, 0, 55, 0, 1, 0, 0, 1, 0, 0, 3, 0, 0, 55, 0, 2, 2, 0, 0, 2, 0, 51, 0, 0, 5, 0, : 7, 54, 4, 2, 2, 3, 4, 1, 1, 4, 55, 1, 1, 3, 55, 2, 2, 2, 51, 5, 
28: 1, 4, 0, 3, 0, 2, 0, 5, 0, 2, 0, 3, 0, 4, 3, 0, 1, 0, 0, 5, 0, 5, 0, 5, 1, 0, 0, 0, 0, 0, 5, 3, 0, 8, 0, 1, 0, 0, 3, 0, : 1, 4, 3, 2, 5, 2, 3, 4, 3, 1, 5, 5, 5, 1, 5, 3, 8, 1, 3, 
231: 0, 1, 0, 4, 0, 0, 0, 2, 0, 5, 0, 1, 3, 0, 2, 0, 0, 0, 0, 0, 5, 3, 4, 0, 0, 0, 0, 0, 0, 4, 0, 0, 0, 3, 0, 0, 0, 0, 1, 54, : 1, 4, 2, 5, 1, 3, 2, 5, 3, 4, 4, 3, 1, 54, 
1: 2, 3, 0, 3, 0, 0, 0, 5, 0, 5, 0, 1, 5, 0, 4, 0, 0, 1, 0, 0, 0, 3, 0, 0, 0, 0, 0, 0, 0, 0, 1, 1, 0, 4, 0, 0, 0, 5, 6, 0, : 2, 3, 3, 5, 5, 1, 5, 4, 1, 3, 1, 1, 4, 5, 6, 
169: 0, 3, 0, 5, 0, 0, 0, 9, 1, 2, 0, 5, 4, 0, 3, 0, 0, 0, 4, 0, 0, 2, 0, 0, 0, 1, 1, 1, 0, 50, 5, 0, 0, 1, 0, 0, 0, 0, 3, 0, : 3, 5, 9, 1, 2, 5, 4, 3, 4, 2, 1, 1, 1, 50, 5, 1, 3, 
189: 51, 3, 0, 5, 0, 2, 0, 1, 1, 1, 0, 4, 4, 0, 4, 0, 0, 0, 0, 0, 0, 4, 0, 53, 0, 0, 0, 0, 0, 0, 2, 1, 0, 6, 0, 0, 0, 0, 2, 0, : 51, 3, 5, 2, 1, 1, 1, 4, 4, 4, 4, 53, 2, 1, 6, 2, 
122: 1, 1, 0, 3, 0, 51, 2, 1, 0, 5, 0, 4, 5, 0, 3, 0, 0, 5, 0, 50, 50, 1, 0, 0, 0, 0, 1, 0, 0, 0, 4, 0, 51, 3, 0, 0, 0, 0, 1, 2, : 1, 1, 3, 51, 2, 1, 5, 4, 5, 3, 5, 50, 50, 1, 1, 4, 51, 3, 1, 2, 
215: 3, 1, 0, 3, 0, 3, 0, 4, 0, 1, 0, 4, 2, 0, 1, 0, 0, 0, 0, 0, 0, 2, 0, 0, 0, 0, 0, 0, 0, 0, 1, 0, 0, 1, 0, 0, 3, 0, 4, 0, : 3, 1, 3, 3, 4, 1, 4, 2, 1, 2, 1, 1, 3, 4, 
192: 0, 1, 0, 0, 1, 0, 0, 4, 5, 2, 0, 4, 3, 0, 4, 4, 0, 0, 0, 0, 0, 5, 0, 0, 52, 0, 1, 0, 0, 0, 3, 0, 0, 3, 0, 0, 0, 0, 4, 1, : 1, 1, 4, 5, 2, 4, 3, 4, 4, 5, 52, 1, 3, 3, 4, 1, 


99: 0, 1, 0, 0, 0, 0, 5, 1, 0, 55, 1, 0, 0, 0, 4, 2, 0, 2, 51, 3, 0, 4, 1, 2, 0, 1, 5, 0, 0, 0, 0, 2, 0, 4, 0, 0, 1, 0, 4, 4, : 1, 5, 1, 55, 1, 4, 2, 2, 51, 3, 4, 1, 2, 1, 5, 2, 4, 1, 4, 4, 
137: 1, 0, 0, 3, 0, 0, 1, 0, 0, 0, 4, 0, 0, 0, 5, 0, 0, 0, 0, 5, 0, 3, 0, 1, 0, 3, 0, 0, 4, 0, 0, 3, 3, 0, 2, 0, 0, 0, 2, 1, : 1, 3, 1, 4, 5, 5, 3, 1, 3, 4, 3, 3, 2, 2, 1, 
133: 0, 51, 0, 4, 0, 0, 2, 0, 0, 0, 5, 0, 52, 52, 5, 0, 2, 0, 0, 3, 0, 3, 0, 5, 50, 1, 0, 0, 0, 0, 0, 1, 0, 0, 0, 0, 0, 0, 1, 0, : 51, 4, 2, 5, 52, 52, 5, 2, 3, 3, 5, 50, 1, 1, 1, 
194: 0, 2, 0, 2, 0, 1, 1, 0, 0, 0, 5, 2, 0, 0, 4, 0, 0, 0, 4, 2, 0, 4, 0, 2, 0, 3, 0, 52, 4, 0, 0, 1, 0, 0, 0, 54, 0, 0, 5, 0, : 2, 2, 1, 1, 5, 2, 4, 4, 2, 4, 2, 3, 52, 4, 1, 54, 5, 
11: 0, 0, 5, 3, 5, 0, 2, 0, 0, 0, 5, 0, 0, 2, 2, 0, 3, 1, 0, 4, 0, 3, 4, 2, 0, 1, 0, 0, 52, 0, 1, 5, 2, 0, 0, 0, 0, 0, 2, 0, : 5, 3, 5, 2, 5, 2, 2, 3, 1, 4, 3, 4, 2, 1, 52, 1, 5, 2, 2, 
87: 2, 0, 0, 2, 0, 0, 4, 0, 0, 0, 0, 0, 0, 0, 1, 0, 0, 0, 0, 3, 2, 3, 0, 5, 0, 3, 50, 0, 0, 0, 0, 4, 0, 52, 4, 0, 0, 0, 5, 0, : 2, 2, 4, 1, 3, 2, 3, 5, 3, 50, 4, 52, 4, 5, 
14: 0, 0, 0, 1, 0, 0, 2, 1, 0, 0, 5, 0, 0, 0, 5, 0, 0, 1, 0, 3, 0, 3, 0, 2, 0, 3, 0, 0, 0, 51, 0, 4, 0, 0, 1, 0, 54, 0, 4, 0, : 1, 2, 1, 5, 5, 1, 3, 3, 2, 3, 51, 4, 1, 54, 4, 
266: 0, 4, 0, 5, 0, 0, 5, 0, 4, 0, 1, 0, 0, 0, 1, 0, 0, 0, 0, 0, 0, 1, 0, 1, 5, 3, 1, 0, 0, 0, 0, 5, 51, 0, 52, 0, 0, 1, 1, 0, : 4, 5, 5, 4, 1, 1, 1, 1, 5, 3, 1, 5, 51, 52, 1, 1, 
54: 1, 0, 3, 3, 0, 0, 5, 4, 0, 3, 3, 0, 0, 0, 2, 0, 0, 0, 0, 3, 0, 2, 51, 6, 0, 5, 0, 0, 0, 3, 5, 1, 0, 0, 0, 0, 0, 0, 3, 0, : 1, 3, 3, 5, 4, 3, 3, 2, 3, 2, 51, 6, 5, 3, 5, 1, 3, 
161: 53, 0, 0, 5, 0, 50, 4, 0, 55, 0, 4, 0, 0, 3, 5, 0, 0, 0, 0, 3, 0, 1, 0, 5, 0, 5, 0, 4, 0, 0, 0, 5, 0, 0, 0, 0, 0, 0, 1, 0, : 53, 5, 50, 4, 55, 4, 3, 5, 3, 1, 5, 5, 4, 5, 1, 
139: 0, 1, 0, 5, 0, 0, 0, 1, 0, 0, 2, 0, 0, 0, 1, 0, 2, 4, 0, 5, 0, 2, 0, 4, 0, 1, 0, 0, 0, 0, 0, 0, 0, 0, 0, 0, 2, 52, 4, 0, : 1, 5, 1, 2, 1, 2, 4, 5, 2, 4, 1, 2, 52, 4, 
272: 3, 0, 0, 4, 0, 0, 5, 0, 0, 0, 5, 0, 3, 3, 3, 0, 52, 0, 5, 3, 54, 4, 0, 3, 0, 1, 0, 0, 0, 0, 0, 3, 4, 0, 1, 0, 0, 0, 3, 5, : 3, 4, 5, 5, 3, 3, 3, 52, 5, 3, 54, 4, 3, 1, 3, 4, 1, 3, 5, 
26: 0, 0, 0, 5, 0, 0, 0, 0, 0, 0, 2, 2, 1, 0, 3, 3, 0, 0, 0, 5, 0, 2, 0, 3, 0, 3, 0, 3, 0, 0, 0, 3, 0, 4, 0, 0, 0, 0, 4, 0, : 5, 2, 2, 1, 3, 3, 5, 2, 3, 3, 3, 3, 4, 4, 
282: 0, 0, 0, 2, 0, 0, 4, 0, 1, 0, 2, 0, 0, 0, 2, 0, 0, 0, 0, 4, 0, 2, 0, 1, 0, 2, 3, 0, 0, 5, 0, 4, 0, 0, 0, 1, 0, 0, 2, 0, : 2, 4, 1, 2, 2, 4, 2, 1, 2, 3, 5, 4, 1, 2, 
216: 0, 0, 0, 4, 55, 0, 2, 0, 0, 0, 3, 51, 0, 0, 2, 2, 1, 0, 0, 3, 0, 6, 0, 4, 0, 4, 0, 1, 0, 0, 0, 5, 0, 0, 0, 5, 0, 0, 1, 0, : 4, 55, 2, 3, 51, 2, 2, 1, 3, 6, 4, 4, 1, 5, 5, 1, 
236: 0, 0, 0, 1, 0, 0, 3, 0, 0, 2, 3, 0, 2, 0, 1, 0, 0, 0, 0, 0, 0, 3, 0, 4, 0, 3, 0, 0, 0, 0, 0, 2, 0, 0, 0, 0, 0, 0, 3, 50, : 1, 3, 2, 3, 2, 1, 3, 4, 3, 2, 3, 50, 
57: 0, 0, 0, 0, 0, 4, 2, 0, 0, 0, 4, 0, 0, 0, 3, 0, 0, 52, 0, 3, 1, 3, 0, 3, 0, 5, 0, 0, 0, 0, 0, 1, 0, 0, 0, 0, 3, 4, 4, 0, : 4, 2, 4, 3, 52, 3, 1, 3, 3, 5, 1, 3, 4, 4, 
132: 0, 0, 52, 4, 0, 5, 3, 53, 0, 0, 0, 5, 0, 0, 3, 0, 0, 0, 0, 0, 0, 1, 0, 5, 0, 5, 1, 0, 0, 0, 0, 5, 0, 0, 0, 0, 0, 0, 2, 0, : 52, 4, 5, 3, 53, 5, 3, 1, 5, 5, 1, 5, 2, 
24: 0, 0, 0, 5, 0, 0, 5, 0, 0, 0, 4, 0, 0, 0, 5, 53, 0, 0, 0, 3, 3, 5, 0, 1, 0, 5, 0, 0, 0, 0, 0, 2, 0, 0, 0, 0, 0, 0, 5, 0, : 5, 5, 4, 5, 53, 3, 3, 5, 1, 5, 2, 5, 
199: 0, 1, 0, 2, 0, 0, 5, 0, 0, 0, 2, 0, 2, 0, 3, 0, 0, 0, 0, 5, 0, 5, 4, 1, 5, 3, 0, 0, 0, 1, 54, 4, 0, 0, 0, 0, 0, 3, 4, 0, : 1, 2, 5, 2, 2, 3, 5, 5, 4, 1, 5, 3, 1, 54, 4, 3, 4, 


174: 3, 51, 0, 4, 0, 4, 0, 3, 0, 0, 0, 0, 5, 0, 0, 2, 0, 0, 1, 0, 1, 0, 0, 5, 0, 0, 2, 0, 0, 0, 0, 5, 0, 0, 0, 0, 0, 0, 0, 0, : 3, 51, 4, 4, 3, 5, 2, 1, 1, 5, 2, 5, 
226: 0, 0, 0, 0, 0, 1, 0, 0, 0, 0, 0, 1, 2, 0, 0, 0, 0, 5, 0, 0, 0, 0, 4, 5, 0, 0, 4, 0, 0, 0, 0, 4, 0, 0, 0, 0, 0, 0, 53, 0, : 1, 1, 2, 5, 4, 5, 4, 4, 53, 
252: 0, 4, 1, 0, 0, 0, 0, 0, 0, 0, 0, 0, 5, 0, 2, 0, 0, 50, 4, 0, 5, 0, 0, 5, 50, 0, 3, 0, 0, 3, 0, 5, 0, 0, 0, 3, 0, 3, 0, 0, : 4, 1, 5, 2, 50, 4, 5, 5, 50, 3, 3, 5, 3, 3, 
203: 53, 0, 0, 0, 0, 5, 0, 2, 0, 0, 0, 0, 1, 50, 1, 0, 0, 0, 5, 0, 0, 0, 0, 0, 1, 0, 1, 0, 0, 0, 1, 3, 3, 1, 5, 0, 55, 0, 0, 0, : 53, 5, 2, 1, 50, 1, 5, 1, 1, 1, 3, 3, 1, 5, 55, 
117: 0, 0, 0, 51, 0, 1, 0, 0, 4, 0, 0, 0, 3, 1, 51, 0, 0, 0, 5, 0, 0, 0, 53, 2, 0, 53, 3, 0, 0, 2, 0, 1, 0, 0, 0, 0, 0, 0, 3, 0, : 51, 1, 4, 3, 1, 51, 5, 53, 2, 53, 3, 2, 1, 3, 
178: 0, 0, 5, 0, 0, 5, 0, 0, 0, 0, 0, 0, 2, 0, 0, 0, 0, 0, 2, 0, 0, 0, 0, 5, 0, 0, 3, 0, 0, 54, 0, 2, 0, 3, 1, 0, 0, 0, 0, 54, : 5, 5, 2, 2, 5, 3, 54, 2, 3, 1, 54, 
116: 1, 0, 0, 4, 0, 5, 0, 0, 0, 5, 2, 0, 5, 0, 0, 0, 0, 0, 5, 50, 0, 0, 0, 1, 1, 3, 3, 3, 0, 0, 0, 3, 0, 0, 0, 0, 0, 0, 0, 0, : 1, 4, 5, 5, 2, 5, 5, 50, 1, 1, 3, 3, 3, 3, 
277: 0, 0, 0, 0, 0, 4, 0, 0, 0, 51, 0, 0, 5, 0, 0, 0, 0, 0, 4, 0, 0, 0, 0, 3, 0, 0, 4, 0, 0, 0, 4, 1, 0, 52, 0, 0, 0, 0, 0, 0, : 4, 51, 5, 4, 3, 4, 4, 1, 52, 
160: 3, 0, 0, 0, 1, 4, 0, 0, 0, 0, 0, 0, 5, 0, 0, 0, 0, 0, 2, 0, 1, 3, 0, 3, 0, 0, 4, 4, 5, 0, 54, 3, 1, 0, 0, 0, 4, 0, 0, 0, : 3, 1, 4, 5, 2, 1, 3, 3, 4, 4, 5, 54, 3, 1, 4, 
79: 0, 0, 0, 0, 0, 1, 0, 0, 0, 0, 0, 3, 1, 3, 0, 0, 51, 1, 5, 0, 0, 50, 0, 5, 0, 0, 5, 0, 0, 0, 1, 4, 1, 0, 0, 0, 0, 3, 0, 0, : 1, 3, 1, 3, 51, 1, 5, 50, 5, 5, 1, 4, 1, 3, 
275: 0, 0, 0, 1, 0, 0, 4, 0, 0, 0, 0, 1, 3, 0, 0, 3, 0, 0, 4, 4, 53, 2, 1, 0, 0, 0, 5, 0, 0, 1, 0, 1, 50, 0, 0, 0, 1, 3, 0, 0, : 1, 4, 1, 3, 3, 4, 4, 53, 2, 1, 5, 1, 1, 50, 1, 3, 
228: 0, 0, 0, 0, 0, 3, 0, 0, 0, 0, 0, 0, 2, 3, 0, 1, 0, 0, 3, 0, 0, 2, 1, 5, 0, 0, 3, 0, 0, 0, 0, 2, 2, 0, 0, 0, 0, 0, 0, 0, : 3, 2, 3, 1, 3, 2, 1, 5, 3, 2, 2, 
20: 0, 0, 0, 0, 0, 3, 0, 0, 0, 0, 0, 0, 4, 0, 0, 0, 0, 0, 1, 0, 0, 0, 1, 4, 0, 0, 4, 0, 0, 0, 0, 4, 0, 0, 0, 0, 0, 0, 0, 2, : 3, 4, 1, 1, 4, 4, 4, 2, 
61: 0, 0, 0, 0, 2, 5, 0, 0, 54, 0, 53, 0, 2, 0, 0, 0, 0, 0, 2, 0, 0, 2, 0, 3, 0, 0, 1, 53, 0, 0, 0, 5, 0, 0, 0, 1, 0, 0, 0, 0, : 2, 5, 54, 53, 2, 2, 2, 3, 1, 53, 5, 1, 
247: 0, 0, 52, 0, 53, 1, 0, 0, 0, 0, 0, 0, 0, 3, 0, 0, 0, 1, 4, 1, 0, 0, 0, 3, 4, 0, 2, 0, 0, 0, 0, 3, 0, 4, 0, 0, 0, 0, 0, 0, : 52, 53, 1, 3, 1, 4, 1, 3, 4, 2, 3, 4, 
68: 0, 0, 0, 0, 4, 5, 1, 50, 0, 0, 0, 0, 1, 0, 0, 3, 0, 0, 3, 3, 0, 0, 0, 2, 0, 0, 2, 0, 0, 0, 0, 4, 0, 0, 1, 51, 0, 0, 0, 4, : 4, 5, 1, 50, 1, 3, 3, 3, 2, 2, 4, 1, 51, 4, 
105: 0, 5, 1, 0, 0, 5, 55, 0, 1, 0, 1, 54, 5, 0, 0, 0, 0, 3, 2, 0, 0, 0, 0, 2, 3, 4, 4, 0, 55, 0, 0, 5, 1, 0, 0, 0, 0, 0, 0, 0, : 5, 1, 5, 55, 1, 1, 54, 5, 3, 2, 2, 3, 4, 4, 55, 5, 1, 
74: 0, 0, 1, 0, 0, 2, 0, 0, 1, 0, 0, 0, 4, 0, 3, 51, 3, 0, 2, 2, 0, 0, 0, 2, 1, 0, 1, 0, 0, 0, 0, 2, 0, 0, 1, 3, 0, 0, 0, 0, : 1, 2, 1, 4, 3, 51, 3, 2, 2, 2, 1, 1, 2, 1, 3, 
97: 0, 0, 0, 0, 0, 2, 0, 5, 0, 4, 0, 0, 3, 0, 0, 0, 5, 0, 4, 0, 0, 1, 0, 1, 0, 0, 2, 0, 0, 0, 0, 1, 2, 0, 52, 0, 0, 0, 4, 0, : 2, 5, 4, 3, 5, 4, 1, 1, 2, 1, 2, 52, 4, 
271: 0, 0, 0, 0, 0, 4, 0, 0, 0, 0, 4, 1, 2, 0, 3, 0, 1, 0, 2, 0, 0, 0, 0, 4, 0, 0, 4, 0, 0, 0, 0, 2, 0, 0, 0, 2, 0, 51, 0, 0, : 4, 4, 1, 2, 3, 1, 2, 4, 4, 2, 2, 51, 


230: 0, 0, 0, 1, 1, 0, 0, 0, 1, 0, 5, 2, 0, 2, 5, 0, 0, 0, 0, 1, 1, 0, 1, 0, 0, 0, 2, 0, 0, 0, 0, 0, 0, 0, 3, 0, 3, 0, 1, 0, : 1, 1, 1, 5, 2, 2, 5, 1, 1, 1, 2, 3, 3, 1, 
2: 0, 0, 0, 1, 0, 54, 0, 0, 0, 0, 4, 0, 0, 2, 1, 0, 0, 4, 0, 0, 4, 0, 0, 0, 1, 0, 0, 0, 1, 0, 0, 0, 0, 0, 3, 2, 0, 0, 0, 0, : 1, 54, 4, 2, 1, 4, 4, 1, 1, 3, 2, 
296: 0, 0, 0, 5, 0, 0, 0, 51, 0, 1, 3, 0, 0, 5, 1, 1, 0, 0, 0, 0, 3, 0, 0, 0, 0, 0, 2, 0, 0, 0, 5, 0, 50, 0, 4, 0, 0, 0, 0, 0, : 5, 51, 1, 3, 5, 1, 1, 3, 2, 5, 50, 4, 
206: 0, 0, 0, 4, 0, 0, 0, 1, 50, 5, 5, 0, 0, 3, 3, 0, 3, 0, 0, 1, 1, 3, 0, 0, 0, 3, 0, 1, 0, 5, 0, 0, 5, 0, 2, 0, 0, 55, 3, 0, : 4, 1, 50, 5, 5, 3, 3, 3, 1, 1, 3, 3, 1, 5, 5, 2, 55, 3, 
130: 1, 0, 0, 1, 1, 0, 0, 0, 1, 0, 1, 0, 0, 2, 4, 0, 51, 0, 0, 0, 3, 0, 0, 0, 0, 0, 0, 0, 0, 0, 4, 0, 0, 0, 4, 0, 0, 0, 0, 0, : 1, 1, 1, 1, 1, 2, 4, 51, 3, 4, 4, 
261: 0, 0, 0, 2, 0, 0, 0, 0, 0, 0, 1, 1, 1, 2, 5, 5, 0, 1, 0, 0, 2, 51, 3, 55, 0, 0, 0, 0, 0, 0, 0, 0, 0, 1, 5, 0, 0, 0, 0, 0, : 2, 1, 1, 1, 2, 5, 5, 1, 2, 51, 3, 55, 1, 5, 
279: 0, 0, 0, 3, 0, 0, 0, 0, 0, 0, 1, 0, 2, 3, 3, 0, 0, 0, 0, 0, 4, 0, 1, 4, 3, 0, 0, 0, 1, 0, 0, 0, 0, 0, 1, 0, 4, 0, 0, 4, : 3, 1, 2, 3, 3, 4, 1, 4, 3, 1, 1, 4, 4, 
25: 0, 0, 0, 4, 0, 0, 0, 1, 0, 0, 0, 0, 1, 4, 3, 0, 0, 0, 0, 0, 2, 0, 0, 0, 3, 0, 0, 0, 0, 5, 50, 0, 0, 0, 1, 0, 0, 0, 0, 0, : 4, 1, 1, 4, 3, 2, 3, 5, 50, 1, 
100: 0, 0, 0, 3, 1, 0, 1, 0, 0, 51, 4, 0, 1, 1, 3, 0, 0, 0, 55, 0, 1, 0, 0, 0, 0, 0, 0, 0, 0, 0, 0, 0, 0, 0, 4, 0, 0, 0, 0, 0, : 3, 1, 1, 51, 4, 1, 1, 3, 55, 1, 4, 
131: 0, 0, 0, 1, 0, 2, 0, 3, 1, 1, 4, 50, 0, 1, 2, 0, 0, 0, 1, 54, 5, 0, 2, 0, 0, 0, 0, 0, 2, 0, 0, 0, 0, 4, 4, 3, 1, 5, 0, 0, : 1, 2, 3, 1, 1, 4, 50, 1, 2, 1, 54, 5, 2, 2, 4, 4, 3, 1, 5, 
295: 54, 0, 0, 5, 0, 0, 55, 2, 0, 0, 4, 0, 0, 1, 5, 0, 2, 0, 0, 0, 3, 0, 0, 0, 0, 0, 0, 0, 0, 50, 0, 0, 0, 1, 5, 0, 0, 0, 0, 0, : 54, 5, 55, 2, 4, 1, 5, 2, 3, 50, 1, 5, 
240: 0, 0, 0, 1, 5, 1, 0, 0, 2, 0, 2, 4, 0, 4, 1, 0, 0, 0, 0, 2, 2, 0, 0, 0, 0, 54, 0, 5, 0, 0, 0, 3, 2, 0, 1, 0, 0, 0, 0, 0, : 1, 5, 1, 2, 2, 4, 4, 1, 2, 2, 54, 5, 3, 2, 1, 
229: 0, 0, 1, 6, 0, 0, 0, 0, 0, 1, 4, 0, 0, 4, 1, 52, 0, 0, 0, 1, 2, 0, 0, 0, 0, 0, 4, 0, 0, 0, 0, 0, 0, 0, 5, 0, 0, 0, 1, 2, : 1, 6, 1, 4, 4, 1, 52, 1, 2, 4, 5, 1, 2, 
257: 0, 0, 53, 3, 0, 0, 4, 0, 0, 0, 4, 0, 0, 3, 2, 0, 0, 0, 0, 0, 4, 0, 2, 0, 0, 0, 0, 0, 0, 0, 0, 4, 0, 0, 0, 0, 0, 0, 0, 0, : 53, 3, 4, 4, 3, 2, 4, 2, 4, 
223: 4, 54, 0, 4, 51, 0, 0, 0, 0, 1, 0, 0, 0, 5, 3, 0, 0, 0, 0, 0, 2, 1, 50, 1, 0, 1, 51, 50, 0, 0, 0, 0, 0, 0, 1, 0, 0, 0, 1, 0, : 4, 54, 4, 51, 1, 5, 3, 2, 1, 50, 1, 1, 51, 50, 1, 1, 
290: 1, 5, 5, 4, 0, 0, 0, 0, 0, 0, 5, 1, 50, 5, 5, 0, 0, 0, 0, 0, 2, 0, 1, 0, 53, 0, 0, 0, 0, 0, 0, 0, 1, 0, 1, 0, 0, 0, 54, 4, : 1, 5, 5, 4, 5, 1, 50, 5, 5, 2, 1, 53, 1, 1, 54, 4, 
170: 0, 0, 1, 6, 0, 0, 0, 0, 0, 0, 3, 0, 0, 3, 5, 0, 0, 0, 0, 0, 5, 0, 0, 0, 0, 0, 1, 1, 0, 0, 0, 0, 2, 0, 5, 0, 52, 0, 0, 0, : 1, 6, 3, 3, 5, 5, 1, 1, 2, 5, 52, 
241: 0, 1, 0, 2, 1, 3, 0, 1, 0, 0, 1, 0, 0, 5, 3, 0, 0, 54, 4, 0, 5, 0, 0, 0, 0, 2, 0, 0, 4, 0, 0, 51, 0, 54, 1, 0, 0, 0, 0, 50, : 1, 2, 1, 3, 1, 1, 5, 3, 54, 4, 5, 2, 4, 51, 54, 1, 50, 
66: 0, 0, 0, 2, 0, 0, 0, 0, 0, 0, 5, 0, 5, 3, 4, 2, 4, 1, 0, 0, 4, 0, 0, 0, 0, 0, 0, 2, 51, 0, 1, 0, 0, 0, 5, 55, 0, 0, 0, 0, : 2, 5, 5, 3, 4, 2, 4, 1, 4, 2, 51, 1, 5, 55, 
127: 0, 0, 0, 2, 0, 0, 0, 1, 5, 0, 4, 2, 0, 2, 1, 0, 0, 0, 0, 1, 5, 5, 0, 0, 0, 0, 0, 1, 1, 0, 0, 2, 0, 0, 5, 0, 0, 0, 0, 0, : 2, 1, 5, 4, 2, 2, 1, 1, 5, 5, 1, 1, 2, 5, 


299: 4, 4, 0, 1, 5, 0, 0, 0, 0, 0, 4, 3, 0, 0, 0, 5, 0, 0, 0, 50, 0, 0, 0, 0, 6, 1, 0, 0, 0, 0, 1, 0, 53, 2, 0, 51, 0, 0, 4, 4, : 4, 4, 1, 5, 4, 3, 5, 50, 6, 1, 1, 53, 2, 51, 4, 4, 
94: 0, 0, 0, 0, 2, 51, 0, 0, 0, 0, 50, 4, 0, 0, 0, 2, 54, 1, 5, 0, 0, 0, 0, 0, 4, 1, 0, 0, 0, 0, 4, 0, 5, 50, 0, 1, 0, 0, 0, 7, : 2, 51, 50, 4, 2, 54, 1, 5, 4, 1, 4, 5, 50, 1, 7, 
103: 0, 1, 0, 0, 5, 0, 0, 0, 0, 0, 0, 5, 1, 0, 0, 0, 0, 0, 0, 0, 0, 0, 0, 0, 1, 2, 0, 0, 0, 2, 1, 0, 2, 0, 1, 0, 0, 0, 3, 1, : 1, 5, 5, 1, 1, 2, 2, 1, 2, 1, 3, 1, 
251: 0, 0, 0, 3, 4, 1, 1, 0, 0, 0, 5, 3, 55, 52, 0, 0, 0, 0, 0, 0, 0, 0, 5, 0, 3, 5, 0, 0, 0, 0, 2, 0, 0, 3, 0, 0, 0, 0, 1, 1, : 3, 4, 1, 1, 5, 3, 55, 52, 5, 3, 5, 2, 3, 1, 1, 
125: 0, 0, 5, 0, 4, 0, 0, 2, 0, 1, 0, 0, 0, 0, 1, 0, 0, 0, 0, 0, 1, 0, 0, 0, 1, 5, 0, 0, 0, 0, 4, 0, 0, 4, 0, 0, 0, 0, 4, 2, : 5, 4, 2, 1, 1, 1, 1, 5, 4, 4, 4, 2, 
156: 0, 0, 0, 0, 4, 2, 0, 0, 0, 0, 0, 4, 0, 0, 0, 0, 0, 2, 0, 0, 50, 0, 0, 0, 4, 3, 0, 0, 0, 0, 1, 3, 0, 0, 5, 0, 0, 0, 5, 4, : 4, 2, 4, 2, 50, 4, 3, 1, 3, 5, 5, 4, 
48: 4, 1, 1, 1, 1, 0, 0, 0, 0, 4, 0, 3, 0, 0, 0, 0, 1, 0, 0, 5, 3, 0, 0, 0, 5, 2, 0, 0, 51, 4, 5, 0, 0, 0, 0, 0, 55, 0, 4, 2, : 4, 1, 1, 1, 1, 4, 3, 1, 5, 3, 5, 2, 51, 4, 5, 55, 4, 2, 
291: 0, 0, 0, 0, 2, 0, 0, 0, 1, 0, 0, 1, 1, 0, 0, 0, 0, 3, 0, 3, 0, 0, 0, 0, 3, 1, 0, 0, 0, 0, 2, 0, 0, 0, 0, 0, 0, 0, 3, 4, : 2, 1, 1, 1, 3, 3, 3, 1, 2, 3, 4, 
17: 0, 0, 0, 0, 4, 0, 0, 0, 0, 0, 0, 3, 0, 0, 0, 0, 0, 0, 5, 0, 0, 0, 0, 2, 1, 2, 0, 0, 0, 0, 5, 53, 0, 0, 0, 0, 0, 55, 4, 5, : 4, 3, 5, 2, 1, 2, 5, 53, 55, 4, 5, 
112: 0, 0, 2, 0, 2, 0, 0, 0, 0, 0, 0, 3, 0, 0, 0, 0, 0, 0, 50, 0, 0, 0, 0, 0, 3, 4, 0, 0, 5, 54, 3, 0, 0, 0, 53, 0, 3, 0, 1, 5, : 2, 2, 3, 50, 3, 4, 5, 54, 3, 53, 3, 1, 5, 
150: 0, 0, 1, 0, 3, 0, 4, 53, 4, 0, 0, 1, 0, 0, 1, 0, 2, 1, 0, 0, 0, 0, 0, 1, 4, 2, 0, 0, 0, 0, 4, 0, 0, 0, 0, 0, 2, 0, 4, 3, : 1, 3, 4, 53, 4, 1, 1, 2, 1, 1, 4, 2, 4, 2, 4, 3, 
179: 0, 0, 0, 0, 2, 0, 1, 0, 0, 0, 0, 4, 0, 0, 0, 0, 2, 0, 0, 0, 0, 0, 0, 52, 2, 3, 0, 0, 0, 0, 4, 0, 0, 1, 0, 0, 0, 0, 5, 1, : 2, 1, 4, 2, 52, 2, 3, 4, 1, 5, 1, 
10: 0, 0, 0, 0, 1, 0, 4, 0, 0, 0, 0, 2, 3, 0, 0, 0, 0, 0, 0, 0, 0, 5, 0, 0, 4, 4, 0, 0, 2, 0, 2, 0, 0, 0, 0, 0, 0, 0, 2, 2, : 1, 4, 2, 3, 5, 4, 4, 2, 2, 2, 2, 
281: 0, 50, 0, 0, 2, 4, 0, 0, 0, 0, 0, 2, 0, 0, 3, 0, 0, 0, 0, 0, 2, 0, 2, 0, 4, 5, 0, 0, 2, 0, 2, 1, 0, 0, 1, 0, 0, 0, 5, 2, : 50, 2, 4, 2, 3, 2, 2, 4, 5, 2, 2, 1, 1, 5, 2, 
50: 0, 0, 0, 50, 2, 0, 0, 0, 4, 1, 0, 3, 0, 0, 50, 0, 0, 0, 0, 2, 0, 0, 0, 0, 4, 1, 0, 54, 0, 0, 1, 0, 0, 0, 0, 0, 0, 4, 4, 4, : 50, 2, 4, 1, 3, 50, 2, 4, 1, 54, 1, 4, 4, 4, 
78: 0, 2, 0, 0, 3, 1, 0, 0, 51, 0, 0, 5, 0, 1, 0, 0, 0, 51, 0, 0, 0, 0, 0, 0, 1, 5, 0, 1, 0, 0, 2, 3, 0, 0, 0, 0, 0, 0, 2, 1, : 2, 3, 1, 51, 5, 1, 51, 1, 5, 1, 2, 3, 2, 1, 
259: 0, 0, 0, 4, 2, 0, 0, 0, 0, 4, 0, 3, 0, 0, 0, 53, 0, 0, 0, 0, 0, 0, 0, 5, 2, 3, 5, 0, 0, 0, 3, 0, 0, 0, 0, 0, 0, 0, 3, 1, : 4, 2, 4, 3, 53, 5, 2, 3, 5, 3, 3, 1, 
153: 0, 0, 0, 0, 7, 0, 0, 0, 0, 0, 0, 5, 0, 3, 0, 0, 1, 1, 0, 0, 0, 53, 0, 0, 3, 3, 0, 5, 0, 0, 3, 0, 0, 0, 0, 4, 0, 1, 1, 4, : 7, 5, 3, 1, 1, 53, 3, 3, 5, 3, 4, 1, 1, 4, 
35: 52, 0, 51, 0, 4, 1, 50, 5, 0, 50, 1, 4, 0, 4, 5, 0, 0, 1, 0, 0, 4, 0, 53, 0, 3, 5, 1, 0, 0, 0, 6, 0, 0, 0, 0, 4, 0, 0, 3, 2, : 52, 51, 4, 1, 50, 5, 50, 1, 4, 4, 5, 1, 4, 53, 3, 5, 1, 6, 4, 3, 2, 
242: 0, 2, 0, 1, 1, 0, 0, 0, 0, 0, 0, 2, 0, 0, 0, 0, 0, 0, 0, 0, 0, 2, 0, 0, 2, 3, 54, 0, 0, 0, 5, 0, 0, 0, 0, 0, 0, 0, 2, 5, : 2, 1, 1, 2, 2, 2, 3, 54, 5, 2, 5, 


115: 0, 0, 0, 0, 5, 2, 3, 1, 0, 3, 0, 0, 0, 0, 0, 0, 0, 0, 0, 0, 0, 0, 0, 1, 3, 0, 0, 3, 0, 1, 4, 4, 2, 0, 0, 0, 0, 3, 3, 5, : 5, 2, 3, 1, 3, 1, 3, 3, 1, 4, 4, 2, 3, 3, 5, 
208: 1, 0, 5, 0, 0, 3, 2, 0, 0, 3, 0, 0, 0, 0, 2, 0, 53, 2, 0, 0, 0, 0, 4, 52, 1, 0, 5, 2, 0, 0, 0, 5, 0, 0, 0, 4, 0, 2, 0, 4, : 1, 5, 3, 2, 3, 2, 53, 2, 4, 52, 1, 5, 2, 5, 4, 2, 4, 
298: 0, 0, 0, 0, 0, 1, 5, 0, 1, 1, 0, 0, 0, 0, 0, 54, 0, 1, 0, 0, 0, 1, 0, 0, 1, 4, 0, 1, 0, 0, 1, 1, 3, 0, 0, 0, 0, 6, 0, 3, : 1, 5, 1, 1, 54, 1, 1, 1, 4, 1, 1, 1, 3, 6, 3, 
188: 0, 1, 0, 0, 50, 2, 3, 0, 0, 2, 1, 1, 0, 0, 0, 0, 0, 52, 0, 0, 1, 4, 0, 1, 3, 0, 0, 2, 0, 0, 0, 3, 0, 0, 0, 0, 51, 2, 0, 2, : 1, 50, 2, 3, 2, 1, 1, 52, 1, 4, 1, 3, 2, 3, 51, 2, 2, 
76: 1, 0, 4, 0, 0, 2, 6, 0, 0, 0, 4, 0, 0, 0, 0, 0, 0, 0, 0, 0, 0, 0, 2, 0, 3, 0, 54, 2, 0, 0, 0, 4, 0, 0, 0, 0, 0, 4, 0, 1, : 1, 4, 2, 6, 4, 2, 3, 54, 2, 4, 4, 1, 
212: 1, 4, 0, 0, 0, 3, 1, 0, 0, 4, 52, 0, 0, 55, 0, 2, 0, 0, 0, 1, 0, 0, 0, 0, 4, 0, 0, 2, 0, 0, 0, 4, 51, 0, 0, 0, 0, 4, 0, 1, : 1, 4, 3, 1, 4, 52, 55, 2, 1, 4, 2, 4, 51, 4, 1, 
37: 1, 0, 0, 0, 0, 4, 5, 0, 0, 4, 0, 0, 0, 5, 0, 0, 0, 0, 55, 0, 0, 0, 0, 0, 3, 3, 0, 5, 0, 50, 0, 1, 3, 3, 0, 0, 2, 2, 0, 1, : 1, 4, 5, 4, 5, 55, 3, 3, 5, 50, 1, 3, 3, 2, 2, 1, 
59: 0, 0, 0, 4, 0, 3, 2, 0, 0, 5, 1, 0, 0, 0, 0, 0, 0, 0, 0, 0, 0, 0, 0, 4, 1, 0, 1, 3, 0, 0, 0, 2, 0, 2, 55, 0, 0, 1, 0, 5, : 4, 3, 2, 5, 1, 4, 1, 1, 3, 2, 2, 55, 1, 5, 
106: 0, 0, 0, 0, 0, 2, 3, 0, 2, 5, 0, 2, 0, 0, 0, 2, 3, 0, 0, 0, 0, 1, 50, 0, 4, 0, 0, 4, 54, 0, 1, 1, 0, 0, 0, 0, 0, 3, 0, 1, : 2, 3, 2, 5, 2, 2, 3, 1, 50, 4, 4, 54, 1, 1, 3, 1, 
190: 3, 0, 0, 3, 0, 5, 2, 55, 0, 1, 0, 0, 2, 0, 0, 0, 0, 0, 0, 53, 0, 0, 0, 0, 9, 0, 0, 1, 0, 0, 0, 5, 0, 0, 2, 2, 0, 6, 1, 5, : 3, 3, 5, 2, 55, 1, 2, 53, 9, 1, 5, 2, 2, 6, 1, 5, 
195: 0, 0, 0, 0, 0, 3, 1, 0, 0, 1, 0, 0, 0, 0, 0, 0, 0, 0, 0, 0, 2, 0, 0, 0, 3, 0, 0, 5, 0, 0, 0, 3, 0, 0, 0, 3, 0, 3, 0, 4, : 3, 1, 1, 2, 3, 5, 3, 3, 3, 4, 
287: 2, 0, 0, 0, 0, 1, 5, 0, 2, 4, 0, 1, 5, 0, 2, 0, 0, 0, 1, 4, 0, 1, 3, 0, 3, 0, 0, 4, 0, 0, 0, 3, 0, 54, 0, 0, 0, 2, 0, 4, : 2, 1, 5, 2, 4, 1, 5, 2, 1, 4, 1, 3, 3, 4, 3, 54, 2, 4, 
300: 0, 0, 0, 0, 0, 6, 1, 0, 4, 4, 0, 0, 0, 0, 0, 0, 0, 0, 0, 0, 0, 0, 1, 0, 5, 2, 0, 4, 0, 4, 0, 3, 0, 0, 3, 0, 0, 2, 3, 5, : 6, 1, 4, 4, 1, 5, 2, 4, 4, 3, 3, 2, 3, 5, 
158: 0, 0, 0, 0, 0, 4, 5, 4, 0, 3, 0, 0, 1, 0, 55, 0, 4, 0, 0, 0, 54, 0, 0, 0, 2, 0, 0, 5, 1, 0, 1, 6, 1, 0, 0, 0, 0, 2, 0, 5, : 4, 5, 4, 3, 1, 55, 4, 54, 2, 5, 1, 1, 6, 1, 2, 5, 
172: 0, 0, 0, 0, 0, 2, 1, 0, 50, 5, 0, 51, 0, 0, 1, 0, 0, 0, 0, 0, 0, 53, 0, 0, 2, 0, 0, 5, 0, 0, 0, 2, 0, 0, 0, 0, 0, 4, 0, 3, : 2, 1, 50, 5, 51, 1, 53, 2, 5, 2, 4, 3, 
256: 51, 0, 0, 0, 1, 4, 2, 0, 1, 4, 0, 5, 0, 0, 0, 2, 0, 0, 0, 0, 0, 0, 0, 0, 2, 1, 0, 3, 0, 0, 50, 4, 0, 0, 0, 0, 2, 3, 0, 1, : 51, 1, 4, 2, 1, 4, 5, 2, 2, 1, 3, 50, 4, 2, 3, 1, 
32: 0, 0, 0, 3, 1, 1, 1, 0, 0, 2, 0, 0, 51, 0, 0, 0, 0, 3, 0, 0, 0, 0, 0, 2, 2, 0, 0, 3, 0, 5, 1, 3, 0, 0, 0, 50, 5, 2, 0, 5, : 3, 1, 1, 1, 2, 51, 3, 2, 2, 3, 5, 1, 3, 50, 5, 2, 5, 
297: 0, 2, 51, 0, 0, 2, 7, 0, 0, 1, 2, 0, 0, 0, 0, 0, 0, 0, 4, 0, 0, 0, 0, 0, 2, 0, 0, 4, 4, 0, 2, 1, 0, 1, 0, 1, 0, 1, 50, 0, : 2, 51, 2, 7, 1, 2, 4, 2, 4, 4, 2, 1, 1, 1, 1, 50, 
191: 0, 53, 0, 0, 0, 2, 4, 0, 0, 3, 0, 0, 0, 0, 0, 0, 0, 2, 0, 1, 3, 0, 0, 0, 4, 50, 0, 1, 1, 0, 0, 4, 0, 0, 0, 0, 0, 4, 0, 0, : 53, 2, 4, 3, 2, 1, 3, 4, 50, 1, 1, 4, 4, 
36: 0, 0, 0, 50, 3, 8, 1, 0, 0, 5, 0, 0, 1, 0, 0, 0, 0, 0, 0, 1, 0, 0, 0, 0, 3, 0, 0, 1, 0, 0, 0, 1, 0, 0, 0, 0, 0, 4, 3, 5, : 50, 3, 8, 1, 5, 1, 1, 3, 1, 1, 4, 3, 5, 


238: 3, 6, 0, 1, 0, 0, 0, 1, 0, 3, 0, 0, 0, 0, 0, 3, 0, 4, 53, 0, 0, 5, 0, 5, 0, 53, 0, 1, 0, 0, 9, 3, 2, 0, 0, 1, 3, 0, 0, 0, : 3, 6, 1, 1, 3, 3, 4, 53, 5, 5, 53, 1, 9, 3, 2, 1, 3, 
217: 3, 1, 0, 0, 0, 0, 0, 3, 0, 0, 0, 0, 3, 0, 0, 4, 0, 2, 0, 0, 3, 1, 0, 3, 0, 0, 50, 4, 0, 0, 2, 0, 4, 2, 0, 0, 0, 0, 0, 0, : 3, 1, 3, 3, 4, 2, 3, 1, 3, 50, 4, 2, 4, 2, 
181: 3, 3, 3, 0, 0, 0, 0, 4, 0, 0, 0, 0, 0, 5, 4, 3, 0, 5, 0, 0, 0, 4, 1, 4, 0, 0, 1, 3, 0, 50, 5, 0, 2, 0, 0, 0, 0, 0, 4, 0, : 3, 3, 3, 4, 5, 4, 3, 5, 4, 1, 4, 1, 3, 50, 5, 2, 4, 
13: 2, 3, 0, 0, 0, 0, 0, 5, 0, 0, 1, 51, 0, 0, 0, 2, 0, 0, 0, 0, 0, 4, 0, 3, 1, 0, 0, 1, 1, 0, 3, 0, 3, 0, 0, 0, 0, 0, 1, 0, : 2, 3, 5, 1, 51, 2, 4, 3, 1, 1, 1, 3, 3, 1, 
152: 4, 5, 1, 0, 0, 53, 0, 5, 54, 0, 2, 0, 2, 0, 0, 2, 0, 2, 0, 0, 0, 1, 0, 1, 2, 0, 3, 4, 0, 1, 1, 0, 3, 1, 0, 5, 0, 0, 0, 0, : 4, 5, 1, 53, 5, 54, 2, 2, 2, 2, 1, 1, 2, 3, 4, 1, 1, 3, 1, 5, 
171: 2, 1, 0, 0, 0, 1, 0, 0, 0, 0, 0, 0, 0, 0, 5, 5, 1, 1, 0, 0, 0, 1, 0, 3, 0, 0, 0, 1, 0, 3, 2, 50, 3, 0, 0, 0, 0, 4, 0, 0, : 2, 1, 1, 5, 5, 1, 1, 1, 3, 1, 3, 2, 50, 3, 4, 
147: 5, 2, 50, 0, 0, 3, 1, 2, 0, 0, 0, 0, 0, 0, 0, 3, 3, 4, 0, 3, 0, 1, 0, 1, 0, 0, 1, 5, 0, 0, 1, 2, 3, 0, 0, 3, 2, 0, 0, 1, : 5, 2, 50, 3, 1, 2, 3, 3, 4, 3, 1, 1, 1, 5, 1, 2, 3, 3, 2, 1, 
214: 3, 1, 2, 0, 53, 2, 0, 3, 0, 0, 0, 0, 2, 0, 50, 3, 0, 3, 0, 0, 0, 5, 0, 5, 0, 0, 0, 4, 0, 0, 2, 0, 3, 53, 0, 0, 0, 0, 2, 1, : 3, 1, 2, 53, 2, 3, 2, 50, 3, 3, 5, 5, 4, 2, 3, 53, 2, 1, 
107: 5, 3, 0, 0, 2, 0, 0, 0, 3, 0, 0, 0, 0, 50, 0, 1, 0, 4, 0, 0, 0, 1, 1, 1, 0, 3, 0, 3, 1, 3, 1, 0, 1, 0, 2, 0, 0, 0, 0, 0, : 5, 3, 2, 3, 50, 1, 4, 1, 1, 1, 3, 3, 1, 3, 1, 1, 2, 
43: 3, 5, 0, 0, 0, 0, 0, 4, 0, 0, 0, 0, 0, 0, 1, 2, 0, 4, 0, 0, 0, 1, 0, 3, 0, 3, 0, 4, 0, 0, 3, 0, 3, 0, 4, 0, 0, 0, 0, 0, : 3, 5, 4, 1, 2, 4, 1, 3, 3, 4, 3, 3, 4, 
165: 2, 4, 0, 0, 0, 0, 0, 5, 0, 0, 0, 0, 0, 0, 0, 5, 0, 3, 0, 0, 0, 2, 2, 2, 0, 0, 4, 4, 0, 0, 5, 0, 2, 0, 0, 0, 0, 0, 1, 0, : 2, 4, 5, 5, 3, 2, 2, 2, 4, 4, 5, 2, 1, 
5: 1, 2, 0, 0, 5, 0, 0, 2, 0, 0, 0, 0, 0, 0, 0, 3, 1, 3, 1, 0, 4, 2, 0, 0, 0, 1, 0, 3, 1, 0, 4, 0, 4, 0, 0, 0, 0, 0, 0, 0, : 1, 2, 5, 2, 3, 1, 3, 1, 4, 2, 1, 3, 1, 4, 4, 
249: 6, 4, 3, 51, 0, 0, 54, 5, 3, 0, 0, 4, 0, 0, 0, 1, 0, 3, 0, 0, 2, 7, 4, 5, 53, 0, 0, 3, 53, 0, 2, 0, 3, 4, 0, 0, 0, 0, 1, 0, : 6, 4, 3, 51, 54, 5, 3, 4, 1, 3, 2, 7, 4, 5, 53, 3, 53, 2, 3, 4, 1, 
3: 1, 1, 0, 5, 0, 0, 0, 1, 0, 0, 0, 0, 52, 4, 0, 4, 0, 5, 1, 0, 0, 5, 1, 4, 0, 0, 0, 5, 0, 0, 3, 0, 3, 0, 3, 0, 0, 3, 0, 0, : 1, 1, 5, 1, 52, 4, 4, 5, 1, 5, 1, 4, 5, 3, 3, 3, 3, 
84: 1, 3, 0, 3, 0, 0, 0, 4, 0, 0, 55, 0, 0, 0, 0, 5, 0, 1, 0, 0, 0, 2, 0, 2, 0, 0, 0, 3, 0, 0, 1, 2, 4, 0, 51, 0, 0, 0, 0, 0, : 1, 3, 3, 4, 55, 5, 1, 2, 2, 3, 1, 2, 4, 51, 
200: 3, 2, 0, 0, 0, 0, 0, 2, 0, 0, 2, 0, 0, 1, 0, 3, 5, 2, 0, 54, 0, 5, 51, 4, 0, 0, 0, 1, 0, 2, 4, 0, 4, 0, 0, 51, 0, 0, 0, 0, : 3, 2, 2, 2, 1, 3, 5, 2, 54, 5, 51, 4, 1, 2, 4, 4, 51, 
219: 3, 5, 1, 0, 0, 0, 0, 1, 0, 3, 0, 0, 0, 0, 0, 4, 0, 2, 0, 2, 0, 4, 0, 1, 0, 0, 0, 2, 0, 1, 3, 3, 7, 0, 0, 0, 51, 0, 0, 0, : 3, 5, 1, 1, 3, 4, 2, 2, 4, 1, 2, 1, 3, 3, 7, 51, 
101: 5, 2, 0, 0, 0, 0, 2, 4, 0, 0, 0, 5, 1, 0, 0, 1, 50, 5, 0, 0, 0, 5, 0, 4, 0, 0, 1, 4, 0, 0, 2, 0, 4, 0, 0, 0, 0, 0, 0, 5, : 5, 2, 2, 4, 5, 1, 1, 50, 5, 5, 4, 1, 4, 2, 4, 5, 
27: 1, 5, 0, 0, 0, 1, 3, 5, 0, 54, 0, 0, 0, 0, 0, 1, 0, 5, 5, 1, 0, 1, 0, 5, 2, 0, 0, 4, 4, 0, 2, 0, 1, 0, 0, 0, 4, 0, 0, 52, : 1, 5, 1, 3, 5, 54, 1, 5, 5, 1, 1, 5, 2, 4, 4, 2, 1, 4, 52, 
119: 4, 2, 0, 0, 0, 0, 0, 4, 0, 0, 0, 0, 0, 0, 0, 5, 0, 2, 0, 0, 51, 3, 0, 4, 2, 0, 0, 1, 0, 0, 5, 0, 1, 0, 0, 0, 0, 53, 51, 1, : 4, 2, 4, 5, 2, 51, 3, 4, 2, 1, 5, 1, 53, 51, 1, 


278: 0, 0, 1, 0, 4, 2, 0, 0, 4, 0, 1, 4, 0, 3, 0, 0, 2, 0, 5, 0, 0, 0, 2, 3, 2, 2, 51, 0, 0, 0, 2, 0, 0, 3, 0, 3, 0, 2, 0, 0, : 1, 4, 2, 4, 1, 4, 3, 2, 5, 2, 3, 2, 2, 51, 2, 3, 3, 2, 
9: 0, 0, 0, 0, 4, 4, 0, 0, 0, 1, 0, 2, 51, 5, 53, 1, 1, 0, 2, 0, 0, 0, 4, 3, 1, 4, 1, 0, 0, 1, 0, 1, 1, 4, 50, 0, 0, 3, 0, 0, : 4, 4, 1, 2, 51, 5, 53, 1, 1, 2, 4, 3, 1, 4, 1, 1, 1, 1, 4, 50, 3, 
128: 0, 0, 53, 0, 1, 1, 0, 0, 0, 0, 0, 3, 0, 4, 0, 0, 2, 52, 5, 0, 0, 0, 2, 2, 2, 5, 0, 0, 0, 0, 0, 0, 0, 2, 0, 0, 0, 4, 0, 0, : 53, 1, 1, 3, 4, 2, 52, 5, 2, 2, 2, 5, 2, 4, 
63: 0, 0, 0, 0, 5, 4, 0, 50, 54, 1, 0, 2, 3, 5, 0, 0, 2, 0, 4, 1, 0, 2, 1, 2, 4, 5, 0, 0, 0, 0, 0, 0, 0, 3, 4, 0, 53, 4, 0, 51, : 5, 4, 50, 54, 1, 2, 3, 5, 2, 4, 1, 2, 1, 2, 4, 5, 3, 4, 53, 4, 51, 
72: 54, 55, 0, 0, 1, 5, 0, 0, 0, 0, 2, 3, 2, 0, 0, 0, 3, 2, 1, 1, 0, 3, 3, 6, 5, 5, 5, 0, 0, 5, 0, 0, 0, 2, 0, 1, 0, 3, 5, 2, : 54, 55, 1, 5, 2, 3, 2, 3, 2, 1, 1, 3, 3, 6, 5, 5, 5, 5, 2, 1, 3, 5, 2, 
108: 0, 0, 0, 0, 3, 1, 0, 0, 0, 0, 0, 5, 0, 0, 0, 0, 5, 0, 3, 0, 0, 0, 3, 1, 3, 4, 0, 0, 0, 0, 53, 1, 0, 1, 0, 51, 0, 2, 0, 0, : 3, 1, 5, 5, 3, 3, 1, 3, 4, 53, 1, 1, 51, 2, 
233: 0, 0, 0, 0, 3, 5, 5, 0, 0, 0, 1, 2, 4, 5, 0, 54, 2, 0, 5, 0, 0, 3, 2, 1, 1, 3, 0, 0, 0, 0, 0, 0, 0, 2, 0, 0, 1, 4, 0, 0, : 3, 5, 5, 1, 2, 4, 5, 54, 2, 5, 3, 2, 1, 1, 3, 2, 1, 4, 
73: 0, 0, 0, 0, 4, 4, 52, 0, 0, 55, 0, 2, 0, 2, 0, 1, 5, 0, 5, 0, 0, 0, 1, 5, 4, 3, 0, 0, 0, 54, 0, 0, 0, 4, 0, 1, 0, 2, 0, 0, : 4, 4, 52, 55, 2, 2, 1, 5, 5, 1, 5, 4, 3, 54, 4, 1, 2, 
121: 0, 0, 0, 50, 5, 2, 0, 0, 0, 0, 0, 3, 0, 2, 2, 0, 1, 2, 3, 0, 0, 0, 3, 1, 4, 3, 0, 0, 0, 0, 0, 1, 0, 1, 0, 0, 0, 4, 2, 0, : 50, 5, 2, 3, 2, 2, 1, 2, 3, 3, 1, 4, 3, 1, 1, 4, 2, 
44: 0, 0, 0, 0, 5, 5, 0, 0, 0, 0, 0, 5, 0, 5, 0, 0, 5, 0, 1, 0, 0, 0, 4, 3, 3, 2, 0, 5, 0, 0, 0, 0, 0, 2, 0, 0, 0, 2, 0, 0, : 5, 5, 5, 5, 5, 1, 4, 3, 3, 2, 5, 2, 2, 
30: 2, 3, 0, 0, 3, 1, 0, 0, 0, 0, 0, 4, 0, 3, 0, 0, 4, 1, 2, 0, 4, 0, 4, 5, 4, 3, 0, 53, 0, 0, 0, 0, 5, 3, 4, 0, 1, 2, 0, 0, : 2, 3, 3, 1, 4, 3, 4, 1, 2, 4, 4, 5, 4, 3, 53, 5, 3, 4, 1, 2, 
143: 0, 0, 0, 0, 0, 0, 0, 0, 0, 0, 0, 1, 0, 2, 0, 0, 1, 0, 3, 0, 0, 0, 2, 3, 5, 3, 3, 0, 0, 0, 0, 0, 0, 3, 0, 0, 1, 3, 0, 0, : 1, 2, 1, 3, 2, 3, 5, 3, 3, 3, 1, 3, 
184: 1, 0, 0, 1, 3, 4, 0, 5, 0, 0, 0, 2, 0, 5, 0, 0, 4, 0, 3, 0, 5, 52, 3, 5, 1, 2, 0, 0, 0, 0, 0, 0, 54, 3, 2, 2, 0, 4, 0, 0, : 1, 1, 3, 4, 5, 2, 5, 4, 3, 5, 52, 3, 5, 1, 2, 54, 3, 2, 2, 4, 
102: 1, 0, 0, 0, 5, 2, 1, 1, 1, 0, 0, 2, 0, 2, 0, 0, 3, 2, 3, 0, 51, 0, 3, 2, 5, 3, 0, 0, 5, 0, 3, 0, 0, 3, 0, 0, 4, 3, 2, 0, : 1, 5, 2, 1, 1, 1, 2, 2, 3, 2, 3, 51, 3, 2, 5, 3, 5, 3, 3, 4, 3, 2, 
151: 1, 0, 0, 0, 1, 2, 2, 0, 0, 1, 0, 2, 0, 4, 0, 0, 4, 0, 4, 0, 0, 0, 3, 3, 3, 2, 0, 0, 0, 0, 1, 0, 0, 5, 0, 0, 0, 5, 51, 0, : 1, 1, 2, 2, 1, 2, 4, 4, 4, 3, 3, 3, 2, 1, 5, 5, 51, 
196: 1, 0, 0, 2, 5, 3, 0, 0, 0, 0, 55, 4, 0, 1, 5, 0, 5, 0, 1, 0, 0, 0, 3, 3, 1, 1, 0, 0, 0, 0, 0, 0, 0, 5, 0, 1, 0, 2, 0, 0, : 1, 2, 5, 3, 55, 4, 1, 5, 5, 1, 3, 3, 1, 1, 5, 1, 2, 
227: 0, 0, 0, 0, 3, 5, 0, 0, 1, 2, 0, 5, 0, 5, 0, 0, 5, 1, 3, 5, 0, 0, 2, 1, 2, 3, 0, 0, 1, 0, 0, 0, 0, 1, 0, 0, 0, 4, 0, 0, : 3, 5, 1, 2, 5, 5, 5, 1, 3, 5, 2, 1, 2, 3, 1, 1, 4, 
273: 0, 0, 3, 4, 1, 3, 0, 0, 0, 0, 1, 7, 0, 2, 0, 0, 1, 0, 5, 0, 0, 0, 4, 3, 2, 1, 0, 2, 0, 0, 0, 0, 0, 4, 0, 0, 0, 2, 0, 3, : 3, 4, 1, 3, 1, 7, 2, 1, 5, 4, 3, 2, 1, 2, 4, 2, 3, 
243: 0, 2, 3, 1, 4, 2, 0, 0, 0, 0, 0, 1, 0, 2, 0, 0, 3, 0, 1, 0, 0, 0, 4, 3, 5, 3, 0, 0, 0, 0, 1, 54, 0, 5, 0, 0, 0, 1, 0, 4, : 2, 3, 1, 4, 2, 1, 2, 3, 1, 4, 3, 5, 3, 1, 54, 5, 1, 4, 
86: 0, 0, 0, 2, 0, 5, 0, 4, 0, 0, 0, 1, 0, 3, 0, 4, 2, 0, 1, 53, 0, 0, 7, 5, 3, 3, 0, 0, 54, 0, 0, 3, 0, 4, 0, 1, 0, 4, 0, 0, : 2, 5, 4, 1, 3, 4, 2, 1, 53, 7, 5, 3, 3, 54, 3, 4, 1, 4, 


186: 0, 0, 0, 1, 0, 0, 0, 0, 5, 5, 0, 0, 1, 0, 0, 0, 0, 0, 0, 4, 0, 0, 2, 5, 1, 0, 0, 4, 0, 0, 0, 3, 0, 0, 0, 0, 0, 1, 0, 0, : 1, 5, 5, 1, 4, 2, 5, 1, 4, 3, 1, 
149: 52, 0, 0, 4, 0, 2, 0, 0, 3, 4, 0, 0, 5, 0, 1, 0, 0, 0, 0, 3, 0, 1, 0, 3, 5, 0, 1, 0, 0, 0, 0, 4, 0, 0, 0, 0, 0, 0, 0, 2, : 52, 4, 2, 3, 4, 5, 1, 3, 1, 3, 5, 1, 4, 2, 
69: 0, 0, 0, 1, 0, 1, 0, 0, 1, 3, 0, 0, 2, 0, 0, 0, 0, 4, 55, 2, 0, 0, 0, 3, 1, 0, 0, 0, 0, 5, 0, 5, 0, 0, 0, 0, 0, 0, 0, 0, : 1, 1, 1, 3, 2, 4, 55, 2, 3, 1, 5, 5, 
167: 0, 0, 0, 4, 0, 2, 0, 0, 3, 1, 0, 4, 5, 55, 5, 0, 1, 0, 0, 2, 0, 0, 0, 1, 2, 1, 0, 0, 0, 0, 0, 4, 0, 0, 1, 0, 0, 0, 0, 1, : 4, 2, 3, 1, 4, 5, 55, 5, 1, 2, 1, 2, 1, 4, 1, 1, 
245: 0, 0, 0, 1, 0, 0, 54, 0, 4, 4, 0, 0, 4, 4, 0, 0, 0, 0, 0, 4, 0, 3, 0, 5, 1, 2, 0, 0, 5, 1, 0, 1, 0, 0, 0, 0, 0, 0, 0, 0, : 1, 54, 4, 4, 4, 4, 4, 3, 5, 1, 2, 5, 1, 1, 
62: 0, 0, 0, 4, 0, 5, 0, 0, 4, 3, 0, 0, 4, 0, 0, 0, 0, 54, 0, 1, 0, 0, 0, 1, 4, 0, 0, 0, 0, 0, 3, 3, 0, 0, 0, 0, 0, 1, 0, 0, : 4, 5, 4, 3, 4, 54, 1, 1, 4, 3, 3, 1, 
168: 1, 0, 51, 1, 0, 0, 0, 0, 5, 5, 0, 0, 4, 0, 0, 0, 53, 0, 0, 1, 0, 1, 0, 3, 1, 1, 0, 0, 0, 0, 0, 4, 0, 0, 0, 0, 2, 0, 3, 2, : 1, 51, 1, 5, 5, 4, 53, 1, 1, 3, 1, 1, 4, 2, 3, 2, 
141: 0, 0, 0, 3, 0, 0, 1, 0, 3, 4, 0, 0, 2, 0, 0, 0, 1, 0, 0, 5, 0, 0, 0, 2, 5, 0, 0, 0, 0, 0, 51, 5, 0, 5, 1, 0, 2, 0, 0, 2, : 3, 1, 3, 4, 2, 1, 5, 2, 5, 51, 5, 5, 1, 2, 2, 
246: 0, 1, 4, 3, 4, 0, 0, 0, 4, 0, 1, 0, 5, 0, 0, 5, 0, 0, 0, 5, 0, 0, 1, 7, 7, 0, 2, 0, 0, 2, 0, 2, 1, 0, 5, 0, 0, 0, 52, 0, : 1, 4, 3, 4, 4, 1, 5, 5, 5, 1, 7, 7, 2, 2, 2, 1, 5, 52, 
260: 2, 52, 0, 4, 5, 0, 0, 1, 3, 0, 1, 1, 1, 0, 0, 0, 0, 0, 0, 3, 0, 0, 0, 1, 2, 0, 50, 0, 0, 0, 3, 2, 0, 0, 0, 2, 0, 0, 0, 0, : 2, 52, 4, 5, 1, 3, 1, 1, 1, 3, 1, 2, 50, 3, 2, 2, 
135: 0, 0, 0, 3, 0, 0, 1, 0, 1, 3, 5, 0, 1, 0, 0, 0, 0, 0, 0, 3, 0, 1, 52, 3, 5, 0, 4, 0, 0, 0, 0, 5, 52, 0, 51, 50, 4, 0, 0, 0, : 3, 1, 1, 3, 5, 1, 3, 1, 52, 3, 5, 4, 5, 52, 51, 50, 4, 
85: 0, 0, 0, 3, 0, 0, 0, 0, 5, 4, 0, 0, 2, 1, 54, 0, 0, 0, 0, 1, 3, 50, 0, 5, 3, 0, 0, 53, 0, 52, 0, 3, 0, 50, 0, 0, 0, 0, 0, 2, : 3, 5, 4, 2, 1, 54, 1, 3, 50, 5, 3, 53, 52, 3, 50, 2, 
264: 0, 0, 3, 1, 0, 50, 0, 4, 2, 2, 0, 3, 3, 0, 0, 0, 2, 0, 0, 2, 0, 0, 0, 3, 5, 0, 0, 0, 0, 0, 0, 5, 3, 0, 0, 0, 52, 3, 0, 0, : 3, 1, 50, 4, 2, 2, 3, 3, 2, 2, 3, 5, 5, 3, 52, 3, 
163: 0, 1, 0, 5, 50, 0, 0, 55, 1, 2, 52, 0, 2, 0, 0, 0, 0, 0, 0, 2, 1, 0, 3, 1, 1, 0, 0, 1, 0, 0, 0, 0, 0, 0, 0, 0, 0, 0, 0, 0, : 1, 5, 50, 55, 1, 2, 52, 2, 2, 1, 3, 1, 1, 1, 
235: 0, 3, 0, 7, 0, 0, 0, 0, 3, 5, 0, 52, 2, 0, 0, 0, 3, 0, 2, 5, 2, 0, 0, 1, 1, 0, 0, 0, 0, 0, 0, 4, 4, 0, 0, 0, 0, 0, 0, 0, : 3, 7, 3, 5, 52, 2, 3, 2, 5, 2, 1, 1, 4, 4, 
292: 0, 0, 2, 2, 0, 0, 2, 0, 1, 1, 0, 0, 5, 0, 0, 0, 0, 2, 0, 4, 0, 0, 0, 5, 5, 2, 2, 0, 0, 0, 0, 2, 0, 0, 1, 4, 0, 53, 0, 0, : 2, 2, 2, 1, 1, 5, 2, 4, 5, 5, 2, 2, 2, 1, 4, 53, 
293: 0, 0, 0, 4, 0, 0, 0, 0, 5, 1, 1, 0, 4, 0, 0, 53, 0, 0, 3, 2, 50, 4, 0, 4, 3, 0, 1, 2, 0, 0, 0, 3, 0, 4, 0, 0, 0, 2, 0, 0, : 4, 5, 1, 1, 4, 53, 3, 2, 50, 4, 4, 3, 1, 2, 3, 4, 2, 
255: 0, 3, 0, 3, 0, 0, 0, 0, 1, 4, 0, 0, 2, 0, 0, 0, 0, 0, 0, 2, 2, 0, 0, 1, 4, 0, 0, 0, 0, 0, 0, 1, 0, 1, 0, 4, 0, 0, 0, 51, : 3, 3, 1, 4, 2, 2, 2, 1, 4, 1, 1, 4, 51, 
21: 5, 0, 0, 3, 0, 0, 0, 0, 3, 4, 0, 0, 3, 0, 0, 2, 0, 0, 0, 4, 2, 0, 2, 3, 2, 54, 0, 0, 55, 0, 0, 0, 0, 0, 0, 0, 0, 0, 0, 0, : 5, 3, 3, 4, 3, 2, 4, 2, 2, 3, 2, 54, 55, 
109: 0, 0, 0, 3, 1, 0, 2, 0, 3, 5, 0, 0, 3, 0, 0, 0, 0, 0, 0, 5, 0, 0, 0, 3, 2, 0, 0, 0, 0, 0, 3, 4, 0, 0, 1, 0, 0, 0, 5, 0, : 3, 1, 2, 3, 5, 3, 5, 3, 2, 3, 4, 1, 5, 


187: 0, 0, 0, 0, 4, 0, 0, 5, 4, 5, 0, 0, 7, 3, 5, 0, 0, 0, 2, 0, 1, 0, 3, 0, 5, 0, 0, 0, 0, 3, 0, 5, 5, 0, 1, 4, 0, 0, 0, 0, : 4, 5, 4, 5, 7, 3, 5, 2, 1, 3, 5, 3, 5, 5, 1, 4, 
274: 2, 0, 0, 1, 1, 5, 0, 2, 0, 5, 0, 0, 1, 1, 4, 0, 0, 0, 2, 0, 0, 0, 5, 0, 3, 0, 0, 2, 0, 0, 0, 3, 4, 0, 2, 2, 0, 4, 0, 51, : 2, 1, 1, 5, 2, 5, 1, 1, 4, 2, 5, 3, 2, 3, 4, 2, 2, 4, 51, 
294: 0, 0, 4, 0, 2, 0, 0, 2, 0, 4, 0, 0, 2, 3, 4, 2, 0, 2, 5, 0, 0, 0, 4, 0, 4, 4, 2, 0, 2, 2, 2, 3, 1, 0, 5, 5, 1, 0, 0, 0, : 4, 2, 2, 4, 2, 3, 4, 2, 2, 5, 4, 4, 4, 2, 2, 2, 2, 3, 1, 5, 5, 1, 
175: 0, 0, 0, 0, 1, 0, 0, 4, 0, 5, 5, 0, 2, 3, 1, 0, 0, 0, 1, 0, 0, 0, 1, 0, 5, 0, 50, 0, 0, 0, 0, 5, 2, 2, 3, 4, 0, 1, 0, 0, : 1, 4, 5, 5, 2, 3, 1, 1, 1, 5, 50, 5, 2, 2, 3, 4, 1, 
4: 2, 0, 0, 5, 2, 4, 0, 2, 0, 3, 0, 0, 3, 5, 1, 0, 0, 0, 3, 0, 0, 2, 2, 0, 1, 0, 0, 0, 0, 52, 3, 5, 4, 0, 2, 4, 0, 0, 0, 0, : 2, 5, 2, 4, 2, 3, 3, 5, 1, 3, 2, 2, 1, 52, 3, 5, 4, 2, 4, 
280: 0, 0, 0, 0, 5, 50, 0, 2, 0, 1, 0, 0, 1, 2, 1, 0, 0, 54, 5, 0, 0, 0, 0, 1, 2, 0, 1, 2, 0, 2, 0, 3, 5, 0, 5, 5, 2, 0, 0, 0, : 5, 50, 2, 1, 1, 2, 1, 54, 5, 1, 2, 1, 2, 2, 3, 5, 5, 5, 2, 
15: 1, 0, 0, 0, 2, 0, 0, 3, 0, 5, 0, 0, 4, 2, 1, 0, 0, 0, 3, 0, 0, 0, 5, 0, 3, 0, 0, 0, 3, 0, 1, 4, 0, 50, 2, 1, 0, 0, 0, 0, : 1, 2, 3, 5, 4, 2, 1, 3, 5, 3, 3, 1, 4, 50, 2, 1, 
92: 2, 1, 0, 0, 1, 0, 2, 3, 0, 2, 0, 0, 1, 5, 1, 0, 0, 0, 5, 0, 51, 54, 3, 0, 2, 0, 1, 0, 0, 1, 0, 0, 1, 0, 4, 5, 1, 1, 0, 4, : 2, 1, 1, 2, 3, 2, 1, 5, 1, 5, 51, 54, 3, 2, 1, 1, 1, 4, 5, 1, 1, 4, 
42: 0, 4, 0, 0, 1, 0, 5, 3, 0, 1, 2, 3, 2, 3, 4, 0, 0, 0, 2, 3, 0, 0, 3, 0, 4, 0, 0, 0, 0, 0, 0, 5, 1, 0, 3, 2, 0, 0, 0, 0, : 4, 1, 5, 3, 1, 2, 3, 2, 3, 4, 2, 3, 3, 4, 5, 1, 3, 2, 
80: 0, 3, 0, 50, 2, 0, 0, 3, 0, 4, 0, 3, 2, 2, 2, 0, 0, 0, 4, 3, 0, 0, 2, 0, 4, 0, 0, 0, 2, 0, 0, 5, 4, 0, 5, 1, 4, 0, 2, 0, : 3, 50, 2, 3, 4, 3, 2, 2, 2, 4, 3, 2, 4, 2, 5, 4, 5, 1, 4, 2, 
134: 0, 0, 0, 0, 3, 0, 0, 0, 0, 1, 0, 51, 10, 5, 4, 0, 0, 0, 4, 0, 0, 0, 5, 0, 4, 0, 4, 0, 0, 0, 0, 5, 3, 2, 5, 1, 0, 50, 52, 0, : 3, 1, 51, 10, 5, 4, 4, 5, 4, 4, 5, 3, 2, 5, 1, 50, 52, 
253: 0, 0, 4, 0, 4, 0, 0, 5, 0, 2, 0, 1, 2, 3, 5, 2, 0, 0, 3, 54, 5, 4, 4, 3, 3, 51, 0, 0, 0, 0, 0, 1, 1, 0, 3, 1, 0, 0, 0, 0, : 4, 4, 5, 2, 1, 2, 3, 5, 2, 3, 54, 5, 4, 4, 3, 3, 51, 1, 1, 3, 1, 
262: 0, 1, 0, 4, 4, 0, 0, 3, 0, 3, 0, 0, 5, 1, 5, 0, 0, 0, 3, 0, 1, 0, 2, 0, 0, 0, 1, 3, 52, 0, 0, 3, 5, 0, 4, 1, 0, 3, 0, 0, : 1, 4, 4, 3, 3, 5, 1, 5, 3, 1, 2, 1, 3, 52, 3, 5, 4, 1, 3, 
173: 0, 1, 0, 0, 3, 0, 0, 1, 0, 3, 0, 2, 2, 4, 3, 4, 0, 0, 3, 0, 0, 0, 5, 0, 2, 0, 0, 2, 0, 0, 0, 1, 1, 5, 1, 3, 0, 0, 0, 3, : 1, 3, 1, 3, 2, 2, 4, 3, 4, 3, 5, 2, 2, 1, 1, 5, 1, 3, 3, 
90: 53, 0, 0, 0, 5, 0, 0, 1, 0, 2, 0, 0, 1, 2, 5, 0, 0, 0, 4, 0, 0, 0, 0, 0, 3, 0, 0, 0, 1, 0, 1, 0, 5, 1, 0, 2, 0, 1, 3, 2, : 53, 5, 1, 2, 1, 2, 5, 4, 3, 1, 1, 5, 1, 2, 1, 3, 2, 
60: 0, 0, 0, 0, 5, 0, 2, 3, 0, 2, 51, 0, 2, 5, 4, 0, 55, 0, 0, 0, 0, 0, 1, 0, 3, 5, 0, 0, 0, 0, 1, 0, 3, 0, 4, 3, 0, 0, 0, 0, : 5, 2, 3, 2, 51, 2, 5, 4, 55, 1, 3, 5, 1, 3, 4, 3, 
71: 0, 0, 52, 0, 4, 0, 0, 5, 2, 1, 1, 0, 1, 1, 2, 0, 0, 0, 1, 0, 0, 0, 3, 4, 4, 0, 0, 0, 0, 0, 0, 4, 5, 0, 3, 5, 0, 0, 0, 0, : 52, 4, 5, 2, 1, 1, 1, 1, 2, 1, 3, 4, 4, 4, 5, 3, 5, 
93: 0, 50, 0, 0, 2, 0, 51, 5, 0, 3, 0, 0, 6, 3, 3, 0, 0, 4, 1, 0, 2, 0, 3, 1, 3, 0, 1, 0, 0, 0, 1, 4, 3, 0, 3, 5, 52, 0, 0, 0, : 50, 2, 51, 5, 3, 6, 3, 3, 4, 1, 2, 3, 1, 3, 1, 1, 4, 3, 3, 5, 52, 
46: 0, 0, 0, 0, 4, 1, 0, 3, 3, 3, 0, 0, 1, 3, 2, 52, 5, 0, 4, 0, 0, 0, 5, 0, 0, 0, 0, 51, 0, 0, 51, 0, 2, 0, 4, 2, 0, 0, 0, 0, : 4, 1, 3, 3, 3, 1, 3, 2, 52, 5, 4, 5, 51, 51, 2, 4, 2, 
104: 0, 0, 0, 0, 5, 0, 0, 5, 51, 5, 1, 0, 5, 4, 3, 0, 0, 0, 5, 0, 0, 0, 4, 51, 5, 0, 0, 0, 0, 0, 0, 4, 5, 0, 1, 4, 0, 0, 3, 0, : 5, 5, 51, 5, 1, 5, 4, 3, 5, 4, 51, 5, 4, 5, 1, 4, 3, 


213: 0, 0, 5, 1, 0, 0, 0, 0, 0, 0, 4, 0, 0, 0, 0, 0, 0, 0, 5, 3, 2, 0, 0, 0, 2, 5, 0, 2, 2, 0, 0, 0, 1, 0, 0, 1, 0, 0, 3, 0, : 5, 1, 4, 5, 3, 2, 2, 5, 2, 2, 1, 1, 3, 
270: 0, 0, 3, 0, 3, 54, 0, 0, 0, 0, 5, 0, 0, 0, 0, 0, 0, 0, 2, 0, 3, 0, 1, 0, 0, 2, 0, 4, 2, 0, 0, 0, 0, 1, 0, 5, 0, 0, 5, 0, : 3, 3, 54, 5, 2, 3, 1, 2, 4, 2, 1, 5, 5, 
218: 0, 0, 3, 0, 1, 0, 2, 0, 2, 0, 4, 0, 1, 0, 5, 0, 0, 0, 2, 0, 5, 0, 0, 0, 0, 5, 3, 1, 4, 0, 0, 2, 0, 0, 3, 1, 2, 0, 3, 0, : 3, 1, 2, 2, 4, 1, 5, 2, 5, 5, 3, 1, 4, 2, 3, 1, 2, 3, 
113: 0, 0, 2, 0, 0, 0, 0, 54, 0, 0, 4, 0, 0, 0, 0, 0, 1, 3, 5, 0, 3, 0, 0, 5, 0, 5, 2, 3, 3, 54, 0, 1, 54, 0, 0, 5, 4, 3, 2, 1, : 2, 54, 4, 1, 3, 5, 3, 5, 5, 2, 3, 3, 54, 1, 54, 5, 4, 3, 2, 1, 
136: 52, 0, 2, 0, 0, 0, 0, 0, 0, 0, 1, 0, 1, 0, 0, 0, 0, 0, 1, 0, 1, 0, 0, 0, 0, 3, 0, 2, 1, 0, 5, 2, 0, 0, 0, 2, 0, 1, 4, 0, : 52, 2, 1, 1, 1, 1, 3, 2, 1, 5, 2, 2, 1, 4, 
142: 0, 4, 4, 0, 0, 0, 0, 0, 1, 2, 1, 0, 0, 0, 0, 0, 0, 0, 0, 0, 1, 4, 0, 0, 0, 3, 51, 2, 2, 1, 1, 0, 0, 1, 0, 5, 0, 0, 4, 0, : 4, 4, 1, 2, 1, 1, 4, 3, 51, 2, 2, 1, 1, 1, 5, 4, 
82: 0, 0, 2, 0, 0, 4, 0, 0, 0, 0, 1, 5, 0, 0, 0, 0, 0, 54, 4, 3, 3, 4, 0, 0, 1, 3, 0, 2, 5, 0, 0, 0, 1, 0, 0, 5, 0, 5, 1, 0, : 2, 4, 1, 5, 54, 4, 3, 3, 4, 1, 3, 2, 5, 1, 5, 5, 1, 
239: 0, 0, 3, 53, 0, 0, 0, 0, 3, 0, 3, 0, 0, 0, 0, 0, 3, 0, 3, 0, 6, 0, 0, 0, 3, 4, 1, 4, 4, 0, 0, 0, 0, 0, 0, 3, 0, 0, 2, 0, : 3, 53, 3, 3, 3, 3, 6, 3, 4, 1, 4, 4, 3, 2, 
254: 0, 0, 4, 1, 5, 0, 0, 0, 1, 0, 2, 0, 0, 0, 0, 55, 0, 0, 5, 0, 2, 0, 0, 0, 0, 4, 0, 5, 6, 0, 0, 0, 0, 51, 0, 4, 0, 0, 4, 0, : 4, 1, 5, 1, 2, 55, 5, 2, 4, 5, 6, 51, 4, 4, 
276: 0, 0, 3, 0, 0, 0, 0, 0, 1, 0, 5, 4, 0, 3, 0, 0, 0, 0, 1, 0, 1, 0, 0, 0, 0, 2, 0, 3, 5, 0, 0, 0, 4, 0, 0, 4, 0, 0, 3, 0, : 3, 1, 5, 4, 3, 1, 1, 2, 3, 5, 4, 4, 3, 
267: 0, 0, 5, 4, 50, 0, 0, 0, 0, 0, 1, 0, 0, 0, 0, 3, 0, 0, 5, 0, 3, 0, 0, 50, 0, 2, 0, 4, 4, 2, 51, 0, 0, 3, 0, 3, 50, 0, 2, 0, : 5, 4, 50, 1, 3, 5, 3, 50, 2, 4, 4, 2, 51, 3, 3, 50, 2, 
244: 3, 0, 3, 0, 0, 2, 0, 0, 1, 0, 3, 0, 0, 55, 0, 0, 4, 0, 5, 0, 5, 0, 0, 1, 0, 4, 1, 8, 3, 0, 0, 0, 0, 0, 55, 3, 0, 0, 3, 0, : 3, 3, 2, 1, 3, 55, 4, 5, 5, 1, 4, 1, 8, 3, 55, 3, 3, 
288: 0, 0, 1, 1, 0, 0, 4, 3, 0, 0, 5, 0, 1, 0, 0, 0, 50, 0, 3, 0, 2, 0, 0, 0, 50, 1, 0, 2, 2, 0, 0, 0, 0, 0, 1, 2, 3, 0, 4, 0, : 1, 1, 4, 3, 5, 1, 50, 3, 2, 50, 1, 2, 2, 1, 2, 3, 4, 
126: 1, 1, 3, 0, 0, 0, 1, 0, 0, 0, 2, 0, 0, 0, 0, 0, 0, 0, 2, 0, 5, 50, 54, 0, 2, 3, 0, 2, 1, 0, 0, 0, 0, 0, 0, 5, 0, 51, 2, 0, : 1, 1, 3, 1, 2, 2, 5, 50, 54, 2, 3, 2, 1, 5, 51, 2, 
263: 0, 0, 1, 0, 0, 0, 0, 0, 0, 0, 5, 0, 50, 0, 0, 0, 2, 0, 3, 0, 4, 0, 2, 0, 1, 2, 0, 5, 1, 1, 3, 0, 0, 3, 0, 0, 0, 0, 4, 1, : 1, 5, 50, 2, 3, 4, 2, 1, 2, 5, 1, 1, 3, 3, 4, 1, 
77: 3, 53, 4, 0, 0, 0, 3, 3, 0, 0, 2, 0, 0, 0, 0, 0, 0, 0, 4, 50, 2, 0, 0, 0, 0, 3, 0, 2, 5, 0, 0, 0, 0, 0, 1, 1, 0, 0, 5, 0, : 3, 53, 4, 3, 3, 2, 4, 50, 2, 3, 2, 5, 1, 1, 5, 
89: 0, 0, 4, 0, 1, 0, 0, 0, 0, 55, 5, 0, 0, 0, 55, 0, 0, 0, 2, 0, 3, 0, 0, 0, 0, 4, 0, 1, 2, 0, 0, 0, 0, 0, 0, 2, 0, 0, 3, 4, : 4, 1, 55, 5, 55, 2, 3, 4, 1, 2, 2, 3, 4, 
234: 0, 0, 2, 0, 0, 0, 0, 0, 0, 0, 0, 0, 1, 0, 0, 0, 0, 0, 4, 4, 1, 0, 0, 0, 0, 2, 1, 2, 4, 2, 0, 0, 0, 1, 0, 2, 0, 0, 4, 54, : 2, 1, 4, 4, 1, 2, 1, 2, 4, 2, 1, 2, 4, 54, 
75: 1, 0, 5, 0, 0, 0, 0, 0, 51, 2, 5, 0, 1, 0, 0, 2, 0, 3, 1, 0, 3, 0, 3, 0, 1, 1, 1, 2, 2, 0, 0, 0, 0, 0, 0, 3, 0, 0, 1, 0, : 1, 5, 51, 2, 5, 1, 2, 3, 1, 3, 3, 1, 1, 1, 2, 2, 3, 1, 
198: 0, 2, 1, 0, 0, 0, 50, 0, 0, 1, 2, 51, 5, 2, 0, 0, 0, 0, 3, 0, 5, 2, 0, 4, 0, 2, 0, 4, 2, 0, 0, 55, 0, 0, 0, 4, 1, 0, 1, 0, : 2, 1, 50, 1, 2, 51, 5, 2, 3, 5, 2, 4, 2, 4, 2, 55, 4, 1, 1, 


162: 1, 0, 0, 0, 50, 0, 0, 0, 5, 50, 0, 0, 0, 4, 0, 0, 0, 4, 1, 0, 1, 2, 0, 2, 51, 0, 5, 0, 1, 0, 0, 0, 0, 3, 3, 0, 0, 0, 0, 3, : 1, 50, 5, 50, 4, 4, 1, 1, 2, 2, 51, 5, 1, 3, 3, 3, 
114: 3, 0, 0, 0, 0, 0, 55, 0, 0, 0, 0, 0, 0, 5, 0, 0, 52, 4, 4, 0, 0, 2, 2, 1, 0, 0, 0, 55, 5, 1, 0, 0, 53, 4, 0, 0, 1, 50, 0, 0, : 3, 55, 5, 52, 4, 4, 2, 2, 1, 55, 5, 1, 53, 4, 1, 50, 
232: 5, 0, 0, 0, 3, 0, 0, 0, 0, 0, 0, 0, 1, 3, 0, 0, 1, 5, 4, 0, 0, 2, 0, 0, 2, 0, 0, 0, 4, 0, 0, 0, 0, 3, 0, 0, 0, 0, 4, 0, : 5, 3, 1, 3, 1, 5, 4, 2, 2, 4, 3, 4, 
283: 5, 0, 51, 0, 5, 0, 0, 0, 1, 0, 0, 0, 52, 4, 51, 0, 0, 4, 1, 2, 2, 4, 0, 51, 1, 0, 2, 0, 3, 0, 0, 0, 0, 2, 0, 51, 0, 0, 0, 0, : 5, 51, 5, 1, 52, 4, 51, 4, 1, 2, 2, 4, 51, 1, 2, 3, 2, 51, 
209: 3, 0, 0, 0, 0, 1, 0, 4, 1, 3, 0, 0, 0, 1, 0, 51, 1, 4, 6, 0, 0, 4, 0, 0, 0, 0, 52, 0, 1, 0, 3, 0, 0, 3, 0, 0, 0, 0, 0, 0, : 3, 1, 4, 1, 3, 1, 51, 1, 4, 6, 4, 52, 1, 3, 3, 
157: 3, 1, 0, 0, 0, 3, 1, 0, 0, 0, 0, 1, 1, 1, 0, 0, 0, 2, 2, 4, 0, 1, 0, 2, 4, 0, 0, 0, 3, 0, 3, 0, 0, 5, 1, 3, 2, 0, 0, 0, : 3, 1, 3, 1, 1, 1, 1, 2, 2, 4, 1, 2, 4, 3, 3, 5, 1, 3, 2, 
95: 3, 1, 3, 0, 0, 0, 0, 0, 0, 3, 0, 0, 0, 3, 0, 0, 0, 5, 5, 0, 1, 4, 0, 0, 0, 0, 0, 0, 2, 1, 0, 0, 0, 1, 0, 0, 0, 0, 2, 0, : 3, 1, 3, 3, 3, 5, 5, 1, 4, 2, 1, 1, 2, 
41: 5, 54, 0, 4, 0, 0, 0, 0, 0, 0, 0, 0, 0, 2, 3, 0, 0, 0, 2, 0, 0, 3, 0, 0, 0, 1, 0, 0, 2, 0, 50, 0, 0, 3, 0, 2, 0, 0, 0, 0, : 5, 54, 4, 2, 3, 2, 3, 1, 2, 50, 3, 2, 
45: 3, 0, 0, 0, 0, 50, 0, 0, 0, 3, 0, 53, 0, 5, 0, 1, 0, 0, 5, 0, 0, 1, 52, 0, 0, 1, 0, 0, 3, 51, 0, 2, 0, 3, 0, 0, 0, 4, 0, 2, : 3, 50, 3, 53, 5, 1, 5, 1, 52, 1, 3, 51, 2, 3, 4, 2, 
207: 5, 0, 0, 0, 0, 2, 0, 0, 0, 1, 52, 0, 0, 4, 1, 0, 0, 5, 2, 0, 52, 1, 0, 0, 0, 0, 0, 0, 1, 0, 1, 0, 2, 4, 0, 1, 0, 0, 51, 0, : 5, 2, 1, 52, 4, 1, 5, 2, 52, 1, 1, 1, 2, 4, 1, 51, 
47: 2, 0, 5, 0, 0, 1, 0, 1, 0, 0, 0, 0, 0, 4, 0, 0, 0, 5, 3, 0, 0, 2, 0, 0, 0, 0, 0, 0, 4, 0, 0, 0, 0, 4, 0, 0, 0, 0, 0, 3, : 2, 5, 1, 1, 4, 5, 3, 2, 4, 4, 3, 
55: 1, 0, 0, 51, 0, 0, 4, 55, 1, 0, 1, 0, 0, 3, 0, 0, 2, 0, 4, 0, 0, 2, 5, 0, 0, 0, 0, 0, 1, 0, 0, 4, 0, 1, 3, 2, 0, 0, 0, 0, : 1, 51, 4, 55, 1, 1, 3, 2, 4, 2, 5, 1, 4, 1, 3, 2, 
23: 2, 0, 0, 0, 0, 0, 0, 0, 0, 0, 0, 1, 0, 4, 0, 0, 0, 1, 3, 0, 0, 4, 0, 0, 1, 0, 0, 0, 1, 0, 3, 0, 0, 1, 50, 1, 1, 0, 3, 1, : 2, 1, 4, 1, 3, 4, 1, 1, 3, 1, 50, 1, 1, 3, 1, 
180: 2, 0, 0, 2, 0, 3, 0, 0, 0, 0, 0, 0, 0, 1, 0, 0, 4, 5, 6, 0, 4, 4, 0, 0, 0, 0, 0, 0, 5, 5, 0, 50, 1, 4, 1, 0, 0, 4, 0, 0, : 2, 2, 3, 1, 4, 5, 6, 4, 4, 5, 5, 50, 1, 4, 1, 4, 
185: 1, 3, 0, 0, 0, 0, 0, 0, 52, 0, 0, 0, 0, 1, 0, 3, 0, 2, 1, 0, 0, 2, 0, 0, 0, 0, 0, 0, 1, 0, 0, 1, 0, 5, 0, 0, 0, 0, 0, 1, : 1, 3, 52, 1, 3, 2, 1, 2, 1, 1, 5, 1, 
6: 5, 0, 0, 1, 0, 0, 0, 0, 0, 0, 0, 0, 0, 5, 2, 0, 0, 3, 2, 0, 0, 4, 0, 0, 0, 54, 0, 0, 4, 1, 0, 0, 0, 4, 0, 0, 50, 0, 0, 0, : 5, 1, 5, 2, 3, 2, 4, 54, 4, 1, 4, 50, 
40: 5, 0, 0, 0, 1, 0, 0, 0, 0, 0, 2, 0, 0, 1, 1, 0, 0, 3, 2, 1, 0, 4, 0, 1, 0, 3, 0, 5, 4, 0, 0, 0, 3, 5, 2, 0, 4, 0, 0, 50, : 5, 1, 2, 1, 1, 3, 2, 1, 4, 1, 3, 5, 4, 3, 5, 2, 4, 50, 
144: 1, 1, 1, 2, 0, 0, 0, 0, 0, 0, 4, 0, 0, 1, 0, 0, 0, 5, 1, 51, 0, 4, 1, 3, 1, 1, 1, 0, 5, 0, 0, 2, 0, 0, 0, 0, 0, 0, 0, 0, : 1, 1, 1, 2, 4, 1, 5, 1, 51, 4, 1, 3, 1, 1, 1, 5, 2, 
177: 2, 0, 0, 0, 1, 0, 0, 0, 0, 0, 0, 5, 5, 4, 2, 5, 0, 0, 2, 2, 0, 5, 0, 0, 0, 0, 0, 0, 5, 1, 0, 0, 1, 5, 0, 0, 0, 0, 0, 0, : 2, 1, 5, 5, 4, 2, 5, 2, 2, 5, 5, 1, 1, 5, 
124: 3, 0, 0, 0, 0, 0, 0, 0, 0, 0, 1, 0, 1, 4, 0, 0, 0, 3, 4, 0, 0, 5, 0, 0, 0, 0, 0, 0, 5, 0, 0, 1, 0, 0, 0, 0, 2, 2, 0, 0, : 3, 1, 1, 4, 3, 4, 5, 5, 1, 2, 2, 


