
40
20
60
1

15: 0, 0, 0, 2, 0, 4, 3, 0, 3, 0, 1, 0, 0, 0, 0, 1, 0, 0, 0, 0, 5, 2, 0, 5, 1, 0, 50, 0, 0, 2, 0, 1, 3, 0, 0, 1, 1, 0, 5, 4, : 2, 4, 3, 3, 1, 1, 5, 2, 5, 1, 50, 2, 1, 3, 1, 1, 5, 4, 
20: 0, 0, 5, 2, 0, 3, 0, 0, 3, 0, 1, 0, 0, 0, 2, 0, 0, 52, 0, 0, 0, 2, 0, 5, 4, 0, 0, 0, 0, 0, 4, 4, 1, 0, 0, 5, 0, 3, 1, 2, : 5, 2, 3, 3, 1, 2, 52, 2, 5, 4, 4, 4, 1, 5, 3, 1, 2, 
1: 0, 0, 0, 4, 5, 3, 0, 0, 4, 1, 0, 0, 0, 0, 0, 3, 1, 0, 0, 2, 0, 2, 0, 5, 4, 0, 0, 0, 0, 0, 1, 2, 0, 0, 0, 5, 0, 50, 2, 4, : 4, 5, 3, 4, 1, 3, 1, 2, 2, 5, 4, 1, 2, 5, 50, 2, 4, 
13: 0, 0, 0, 3, 0, 5, 0, 0, 5, 0, 1, 1, 0, 0, 3, 2, 0, 0, 0, 0, 0, 3, 0, 1, 1, 0, 0, 0, 0, 0, 0, 4, 0, 0, 0, 1, 0, 0, 4, 3, : 3, 5, 5, 1, 1, 3, 2, 3, 1, 1, 4, 1, 4, 3, 
5: 0, 0, 0, 5, 0, 5, 0, 0, 2, 0, 50, 0, 0, 52, 0, 0, 0, 0, 0, 2, 0, 1, 0, 3, 5, 2, 0, 0, 50, 3, 0, 1, 0, 0, 0, 2, 0, 0, 3, 1, : 5, 5, 2, 50, 52, 2, 1, 3, 5, 2, 50, 3, 1, 2, 3, 1, 
18: 0, 0, 0, 2, 0, 2, 0, 0, 7, 0, 0, 0, 0, 5, 0, 0, 0, 3, 5, 0, 2, 4, 0, 5, 1, 0, 0, 0, 0, 1, 0, 3, 0, 0, 0, 2, 0, 0, 3, 5, : 2, 2, 7, 5, 3, 5, 2, 4, 5, 1, 1, 3, 2, 3, 5, 
17: 0, 0, 0, 3, 0, 1, 0, 1, 2, 0, 0, 0, 0, 0, 0, 0, 0, 0, 0, 0, 0, 5, 0, 1, 0, 0, 0, 0, 4, 0, 0, 3, 0, 53, 50, 1, 0, 0, 4, 3, : 3, 1, 1, 2, 5, 1, 4, 3, 53, 50, 1, 4, 3, 
16: 55, 0, 51, 0, 0, 4, 0, 0, 3, 50, 1, 2, 0, 0, 0, 0, 0, 0, 0, 50, 0, 3, 52, 4, 3, 0, 0, 0, 0, 0, 0, 2, 2, 2, 2, 4, 0, 0, 1, 1, : 55, 51, 4, 3, 50, 1, 2, 50, 3, 52, 4, 3, 2, 2, 2, 2, 4, 1, 1, 
6: 0, 0, 0, 2, 1, 4, 0, 0, 1, 3, 0, 0, 0, 0, 0, 0, 0, 0, 0, 0, 0, 2, 3, 5, 0, 0, 0, 0, 1, 1, 0, 5, 0, 0, 0, 3, 0, 0, 1, 3, : 2, 1, 4, 1, 3, 2, 3, 5, 1, 1, 5, 3, 1, 3, 
7: 0, 3, 2, 3, 0, 2, 1, 0, 1, 0, 4, 0, 2, 0, 0, 0, 0, 0, 0, 3, 0, 3, 0, 2, 2, 1, 0, 0, 0, 0, 50, 1, 0, 0, 2, 5, 0, 5, 2, 2, : 3, 2, 3, 2, 1, 1, 4, 2, 3, 3, 2, 2, 1, 50, 1, 2, 5, 5, 2, 2, 
9: 3, 0, 0, 3, 0, 4, 0, 2, 2, 0, 0, 0, 0, 0, 0, 0, 54, 0, 0, 2, 1, 1, 0, 1, 5, 0, 0, 55, 0, 0, 2, 5, 0, 0, 0, 4, 0, 0, 5, 5, : 3, 3, 4, 2, 2, 54, 2, 1, 1, 1, 5, 55, 2, 5, 4, 5, 5, 
14: 0, 52, 1, 5, 0, 1, 0, 0, 5, 0, 0, 0, 54, 0, 0, 0, 0, 0, 0, 0, 0, 1, 0, 4, 5, 0, 0, 0, 0, 0, 0, 4, 0, 0, 3, 1, 0, 0, 2, 2, : 52, 1, 5, 1, 5, 54, 1, 4, 5, 4, 3, 1, 2, 2, 
8: 0, 0, 0, 5, 1, 3, 0, 0, 1, 1, 0, 0, 0, 0, 0, 0, 0, 0, 0, 0, 0, 2, 0, 1, 4, 51, 5, 0, 5, 0, 0, 1, 0, 2, 0, 1, 0, 0, 4, 3, : 5, 1, 3, 1, 1, 2, 1, 4, 51, 5, 5, 1, 2, 1, 4, 3, 
2: 2, 1, 0, 2, 0, 2, 0, 4, 1, 0, 0, 0, 0, 0, 0, 0, 0, 1, 0, 1, 0, 5, 0, 1, 0, 0, 0, 0, 0, 0, 0, 4, 3, 3, 0, 3, 0, 0, 5, 2, : 2, 1, 2, 2, 4, 1, 1, 1, 5, 1, 4, 3, 3, 3, 5, 2, 
4: 0, 0, 0, 3, 0, 2, 0, 2, 5, 0, 0, 0, 1, 0, 54, 0, 0, 4, 0, 0, 0, 6, 0, 5, 5, 0, 0, 0, 0, 0, 3, 1, 0, 0, 0, 4, 0, 2, 1, 3, : 3, 2, 2, 5, 1, 54, 4, 6, 5, 5, 3, 1, 4, 2, 1, 3, 
10: 0, 4, 0, 4, 0, 3, 0, 51, 2, 4, 2, 3, 0, 3, 0, 0, 5, 0, 0, 0, 2, 3, 1, 3, 2, 1, 0, 0, 0, 0, 0, 4, 0, 0, 3, 5, 0, 0, 5, 5, : 4, 4, 3, 51, 2, 4, 2, 3, 3, 5, 2, 3, 1, 3, 2, 1, 4, 3, 5, 5, 5, 
19: 0, 0, 0, 3, 0, 4, 0, 0, 4, 0, 0, 0, 3, 0, 1, 54, 0, 0, 0, 0, 0, 5, 0, 3, 5, 1, 0, 0, 0, 0, 0, 4, 0, 0, 0, 5, 4, 0, 3, 5, : 3, 4, 4, 3, 1, 54, 5, 3, 5, 1, 4, 5, 4, 3, 5, 
12: 0, 0, 0, 2, 53, 3, 5, 0, 4, 1, 0, 0, 0, 0, 0, 0, 0, 0, 0, 0, 50, 3, 3, 1, 5, 0, 0, 5, 0, 52, 0, 4, 0, 0, 0, 2, 0, 0, 1, 2, : 2, 53, 3, 5, 4, 1, 50, 3, 3, 1, 5, 5, 52, 4, 2, 1, 2, 
11: 0, 0, 1, 5, 0, 2, 0, 0, 4, 0, 0, 0, 0, 0, 0, 0, 0, 0, 0, 0, 0, 3, 1, 1, 5, 4, 5, 0, 0, 1, 0, 2, 51, 0, 0, 3, 55, 0, 3, 2, : 1, 5, 2, 4, 3, 1, 1, 5, 4, 5, 1, 2, 51, 3, 55, 3, 2, 
3: 0, 0, 0, 2, 0, 3, 51, 0, 1, 0, 0, 54, 0, 0, 0, 0, 0, 0, 55, 0, 0, 4, 0, 4, 3, 0, 0, 0, 0, 0, 0, 5, 0, 0, 0, 3, 0, 0, 5, 3, : 2, 3, 51, 1, 54, 55, 4, 4, 3, 5, 3, 5, 3, 


