
20
20
60
1

20: 0, 1, 0, 2, 5, 0, 4, 0, 0, 0, 1, 0, 0, 0, 0, 0, 5, 0, 0, 0, : 1, 2, 5, 4, 1, 5, 
5: 0, 5, 1, 0, 0, 0, 0, 0, 0, 0, 0, 51, 0, 0, 0, 0, 0, 0, 5, 0, : 5, 1, 51, 5, 
13: 0, 4, 52, 0, 0, 0, 0, 0, 0, 0, 0, 1, 0, 0, 50, 0, 0, 0, 0, 1, : 4, 52, 1, 50, 1, 
9: 0, 4, 0, 0, 0, 0, 0, 0, 0, 0, 0, 0, 0, 51, 0, 0, 0, 0, 0, 0, : 4, 51, 
7: 0, 2, 0, 0, 4, 0, 0, 4, 0, 0, 0, 0, 0, 0, 5, 0, 0, 0, 0, 0, : 2, 4, 4, 5, 
1: 0, 3, 0, 0, 51, 0, 0, 0, 0, 0, 0, 0, 0, 2, 0, 0, 4, 3, 0, 3, : 3, 51, 2, 4, 3, 3, 
12: 0, 6, 1, 0, 0, 50, 0, 1, 0, 0, 0, 3, 0, 0, 0, 0, 0, 0, 0, 0, : 6, 1, 50, 1, 3, 
15: 4, 1, 0, 1, 0, 0, 0, 0, 0, 5, 0, 0, 0, 0, 0, 0, 51, 0, 0, 0, : 4, 1, 1, 5, 51, 
10: 0, 4, 2, 0, 0, 1, 0, 0, 51, 0, 0, 0, 0, 0, 0, 1, 0, 0, 55, 0, : 4, 2, 1, 51, 1, 55, 
11: 53, 3, 0, 3, 0, 0, 0, 0, 0, 0, 0, 5, 0, 5, 0, 0, 0, 0, 0, 0, : 53, 3, 3, 5, 5, 
3: 0, 1, 0, 0, 0, 0, 0, 50, 5, 0, 1, 0, 0, 1, 0, 4, 0, 0, 0, 0, : 1, 50, 5, 1, 1, 4, 
8: 0, 2, 0, 0, 0, 0, 0, 2, 0, 0, 5, 0, 0, 0, 0, 0, 0, 1, 0, 0, : 2, 2, 5, 1, 
14: 0, 3, 1, 0, 0, 0, 0, 1, 0, 51, 51, 0, 0, 0, 0, 0, 0, 0, 0, 0, : 3, 1, 1, 51, 51, 
18: 0, 6, 0, 0, 0, 0, 0, 0, 0, 4, 0, 0, 1, 0, 0, 0, 0, 1, 0, 0, : 6, 4, 1, 1, 
6: 0, 2, 0, 4, 0, 0, 0, 0, 0, 0, 0, 0, 55, 0, 0, 0, 0, 0, 0, 51, : 2, 4, 55, 51, 
17: 1, 4, 0, 0, 0, 4, 0, 0, 4, 0, 0, 0, 0, 0, 0, 0, 0, 0, 0, 2, : 1, 4, 4, 4, 2, 
19: 0, 4, 0, 0, 0, 3, 52, 2, 0, 0, 2, 0, 1, 0, 0, 0, 0, 0, 0, 0, : 4, 3, 52, 2, 2, 1, 
16: 0, 2, 0, 50, 0, 0, 0, 0, 0, 0, 0, 0, 0, 0, 0, 52, 0, 55, 0, 0, : 2, 50, 52, 55, 
2: 0, 2, 0, 0, 0, 1, 4, 0, 0, 0, 0, 0, 0, 1, 0, 3, 0, 0, 0, 3, : 2, 1, 4, 1, 3, 3, 
4: 2, 1, 3, 0, 0, 1, 0, 0, 0, 0, 0, 0, 3, 0, 5, 0, 0, 0, 0, 0, : 2, 1, 3, 1, 3, 5, 


