
20
200
60
10

119: 0, 5, 0, 50, 0, 0, 2, 52, 0, 0, 0, 0, 51, 50, 4, 5, 0, 0, 1, 0, : 5, 50, 2, 52, 51, 50, 4, 5, 1, 
153: 0, 1, 0, 0, 0, 0, 3, 0, 0, 0, 1, 0, 0, 0, 4, 2, 0, 0, 0, 0, : 1, 3, 1, 4, 2, 
140: 0, 2, 0, 3, 0, 0, 4, 0, 0, 50, 0, 0, 0, 0, 1, 5, 5, 3, 0, 0, : 2, 3, 4, 50, 1, 5, 5, 3, 
147: 0, 2, 0, 0, 0, 0, 1, 2, 0, 0, 0, 2, 3, 0, 2, 4, 0, 1, 4, 0, : 2, 1, 2, 2, 3, 2, 4, 1, 4, 
85: 0, 3, 0, 0, 0, 0, 1, 2, 0, 0, 0, 5, 0, 0, 4, 1, 0, 50, 0, 0, : 3, 1, 2, 5, 4, 1, 50, 
102: 0, 1, 0, 0, 0, 0, 1, 0, 0, 0, 0, 0, 0, 3, 3, 2, 0, 0, 0, 51, : 1, 1, 3, 3, 2, 51, 
180: 0, 1, 0, 2, 1, 0, 1, 0, 0, 0, 0, 0, 0, 0, 6, 3, 0, 1, 0, 0, : 1, 2, 1, 1, 6, 3, 1, 
13: 0, 5, 0, 2, 0, 0, 1, 0, 0, 0, 0, 0, 0, 0, 3, 5, 55, 0, 1, 0, : 5, 2, 1, 3, 5, 55, 1, 
31: 0, 3, 0, 0, 4, 0, 5, 0, 4, 0, 1, 0, 0, 4, 2, 2, 0, 0, 0, 0, : 3, 4, 5, 4, 1, 4, 2, 2, 
117: 5, 1, 0, 0, 50, 4, 5, 0, 51, 3, 5, 0, 0, 0, 2, 3, 0, 0, 0, 4, : 5, 1, 50, 4, 5, 51, 3, 5, 2, 3, 4, 
84: 0, 4, 0, 0, 3, 0, 5, 0, 0, 0, 0, 0, 0, 0, 1, 3, 0, 0, 2, 4, : 4, 3, 5, 1, 3, 2, 4, 
1: 53, 4, 0, 0, 0, 0, 3, 0, 4, 0, 0, 0, 0, 0, 5, 5, 0, 3, 0, 0, : 53, 4, 3, 4, 5, 5, 3, 
51: 0, 1, 2, 0, 1, 0, 1, 0, 0, 2, 51, 0, 0, 0, 1, 1, 0, 0, 0, 0, : 1, 2, 1, 1, 2, 51, 1, 1, 
64: 2, 4, 2, 0, 0, 52, 2, 0, 0, 0, 0, 0, 0, 3, 4, 4, 0, 0, 0, 0, : 2, 4, 2, 52, 2, 3, 4, 4, 
157: 0, 2, 0, 0, 1, 1, 2, 1, 0, 0, 1, 0, 0, 0, 3, 1, 0, 1, 0, 0, : 2, 1, 1, 2, 1, 1, 3, 1, 1, 
171: 0, 5, 0, 0, 0, 1, 4, 0, 1, 0, 0, 53, 0, 0, 1, 3, 0, 0, 0, 0, : 5, 1, 4, 1, 53, 1, 3, 
143: 0, 4, 0, 3, 0, 0, 2, 0, 0, 0, 0, 0, 0, 0, 4, 1, 0, 0, 0, 0, : 4, 3, 2, 4, 1, 
72: 0, 5, 55, 0, 0, 2, 7, 3, 0, 5, 0, 0, 4, 0, 2, 4, 0, 0, 0, 1, : 5, 55, 2, 7, 3, 5, 4, 2, 4, 1, 
159: 0, 4, 0, 0, 0, 0, 5, 0, 0, 0, 0, 0, 0, 0, 5, 4, 0, 0, 0, 0, : 4, 5, 5, 4, 
10: 0, 3, 1, 0, 0, 0, 5, 0, 0, 0, 1, 0, 2, 0, 3, 2, 0, 1, 52, 0, : 3, 1, 5, 1, 2, 3, 2, 1, 52, 


25: 0, 0, 4, 2, 0, 0, 2, 1, 1, 0, 0, 5, 3, 0, 0, 0, 1, 0, 0, 2, : 4, 2, 2, 1, 1, 5, 3, 1, 2, 
122: 0, 0, 0, 0, 0, 0, 3, 2, 1, 0, 0, 0, 4, 1, 0, 0, 0, 0, 0, 0, : 3, 2, 1, 4, 1, 
167: 0, 2, 0, 0, 2, 0, 1, 4, 5, 0, 4, 2, 5, 0, 1, 0, 1, 0, 0, 5, : 2, 2, 1, 4, 5, 4, 2, 5, 1, 1, 5, 
28: 53, 0, 0, 0, 51, 2, 2, 2, 5, 0, 0, 2, 0, 0, 3, 0, 0, 0, 0, 0, : 53, 51, 2, 2, 2, 5, 2, 3, 
114: 5, 0, 0, 54, 0, 53, 1, 2, 4, 0, 0, 4, 4, 5, 0, 1, 51, 5, 0, 0, : 5, 54, 53, 1, 2, 4, 4, 4, 5, 1, 51, 5, 
172: 0, 0, 2, 0, 0, 0, 2, 4, 5, 2, 1, 2, 0, 0, 0, 0, 2, 0, 0, 0, : 2, 2, 4, 5, 2, 1, 2, 2, 
196: 0, 0, 0, 1, 0, 0, 3, 4, 5, 0, 0, 4, 4, 0, 0, 2, 0, 0, 0, 0, : 1, 3, 4, 5, 4, 4, 2, 
162: 0, 2, 0, 0, 2, 0, 3, 2, 3, 0, 0, 5, 5, 0, 0, 0, 0, 0, 2, 0, : 2, 2, 3, 2, 3, 5, 5, 2, 
41: 0, 0, 0, 0, 3, 0, 3, 2, 3, 4, 50, 4, 5, 0, 53, 0, 0, 0, 50, 2, : 3, 3, 2, 3, 4, 50, 4, 5, 53, 50, 2, 
168: 0, 0, 0, 2, 0, 0, 3, 5, 5, 0, 0, 3, 2, 0, 0, 2, 0, 0, 0, 0, : 2, 3, 5, 5, 3, 2, 2, 
146: 0, 0, 0, 0, 0, 0, 3, 2, 5, 0, 0, 0, 5, 53, 0, 0, 0, 0, 0, 50, : 3, 2, 5, 5, 53, 50, 
33: 0, 52, 0, 0, 0, 0, 1, 4, 0, 52, 0, 5, 4, 0, 0, 1, 0, 54, 0, 0, : 52, 1, 4, 52, 5, 4, 1, 54, 
38: 0, 0, 0, 0, 0, 0, 4, 5, 2, 1, 0, 4, 1, 0, 0, 0, 0, 0, 0, 0, : 4, 5, 2, 1, 4, 1, 
138: 0, 0, 4, 0, 0, 0, 4, 3, 5, 0, 0, 4, 4, 0, 1, 0, 0, 0, 2, 0, : 4, 4, 3, 5, 4, 4, 1, 2, 
175: 0, 0, 0, 0, 0, 0, 2, 2, 0, 0, 0, 5, 3, 0, 0, 2, 0, 1, 1, 0, : 2, 2, 5, 3, 2, 1, 1, 
104: 2, 0, 50, 0, 0, 5, 7, 1, 4, 0, 5, 4, 1, 0, 0, 0, 0, 0, 0, 0, : 2, 50, 5, 7, 1, 4, 5, 4, 1, 
121: 0, 0, 0, 0, 2, 0, 3, 6, 0, 0, 0, 3, 5, 0, 2, 0, 5, 0, 0, 0, : 2, 3, 6, 3, 5, 2, 5, 
184: 0, 0, 0, 0, 0, 0, 4, 3, 2, 1, 0, 2, 1, 0, 0, 0, 0, 0, 1, 1, : 4, 3, 2, 1, 2, 1, 1, 1, 
130: 0, 0, 0, 0, 0, 0, 2, 5, 4, 0, 0, 0, 3, 1, 0, 0, 0, 0, 4, 0, : 2, 5, 4, 3, 1, 4, 
16: 0, 4, 0, 1, 0, 0, 7, 1, 1, 0, 0, 2, 1, 0, 0, 52, 0, 0, 0, 0, : 4, 1, 7, 1, 1, 2, 1, 52, 


66: 1, 0, 0, 0, 0, 0, 0, 0, 51, 0, 5, 0, 0, 0, 0, 2, 0, 4, 0, 2, : 1, 51, 5, 2, 4, 2, 
134: 0, 0, 2, 0, 0, 0, 0, 0, 0, 0, 2, 4, 0, 4, 0, 1, 0, 1, 4, 0, : 2, 2, 4, 4, 1, 1, 4, 
183: 0, 0, 0, 0, 0, 0, 0, 0, 2, 1, 2, 0, 0, 1, 0, 2, 3, 5, 0, 0, : 2, 1, 2, 1, 2, 3, 5, 
105: 2, 0, 0, 3, 4, 0, 0, 54, 0, 0, 4, 0, 0, 3, 0, 4, 0, 3, 0, 0, : 2, 3, 4, 54, 4, 3, 4, 3, 
128: 0, 0, 3, 0, 0, 0, 2, 1, 0, 0, 4, 0, 50, 5, 0, 6, 3, 2, 2, 0, : 3, 2, 1, 4, 50, 5, 6, 3, 2, 2, 
115: 0, 0, 0, 0, 55, 2, 1, 0, 0, 0, 1, 0, 0, 3, 0, 5, 0, 3, 0, 0, : 55, 2, 1, 1, 3, 5, 3, 
131: 0, 53, 3, 0, 0, 0, 0, 0, 4, 0, 2, 50, 0, 3, 4, 1, 0, 3, 0, 0, : 53, 3, 4, 2, 50, 3, 4, 1, 3, 
18: 0, 0, 0, 0, 0, 0, 0, 0, 0, 0, 4, 0, 0, 5, 0, 4, 0, 2, 0, 0, : 4, 5, 4, 2, 
150: 0, 0, 0, 0, 0, 0, 52, 0, 0, 0, 1, 0, 1, 3, 0, 4, 0, 4, 0, 0, : 52, 1, 1, 3, 4, 4, 
156: 0, 0, 0, 0, 0, 0, 0, 0, 2, 54, 4, 0, 0, 2, 0, 2, 0, 5, 0, 4, : 2, 54, 4, 2, 2, 5, 4, 
73: 0, 0, 0, 0, 1, 55, 0, 0, 0, 4, 3, 0, 1, 5, 4, 2, 0, 2, 1, 0, : 1, 55, 4, 3, 1, 5, 4, 2, 2, 1, 
59: 0, 0, 0, 0, 0, 0, 0, 4, 0, 0, 2, 0, 1, 0, 0, 3, 0, 1, 0, 0, : 4, 2, 1, 3, 1, 
95: 0, 0, 0, 0, 0, 0, 0, 0, 1, 0, 5, 0, 0, 3, 0, 5, 0, 0, 0, 53, : 1, 5, 3, 5, 53, 
26: 0, 1, 0, 3, 0, 0, 4, 0, 0, 0, 3, 2, 0, 4, 52, 2, 0, 3, 0, 0, : 1, 3, 4, 3, 2, 4, 52, 2, 3, 
2: 0, 0, 2, 0, 0, 3, 0, 0, 0, 0, 1, 0, 0, 3, 0, 2, 0, 5, 1, 0, : 2, 3, 1, 3, 2, 5, 1, 
98: 52, 3, 0, 52, 0, 0, 0, 0, 0, 0, 5, 0, 0, 3, 0, 5, 0, 5, 0, 0, : 52, 3, 52, 5, 3, 5, 5, 
45: 0, 0, 0, 2, 0, 0, 0, 0, 0, 0, 1, 0, 0, 3, 0, 3, 0, 4, 0, 0, : 2, 1, 3, 3, 4, 
182: 1, 3, 0, 0, 0, 0, 0, 1, 0, 0, 4, 0, 5, 1, 0, 4, 0, 1, 52, 1, : 1, 3, 1, 4, 5, 1, 4, 1, 52, 1, 
120: 0, 0, 50, 0, 0, 0, 1, 0, 0, 0, 4, 0, 2, 5, 0, 2, 0, 2, 0, 0, : 50, 1, 4, 2, 5, 2, 2, 
144: 4, 0, 0, 0, 0, 0, 0, 0, 0, 1, 3, 4, 0, 4, 0, 1, 54, 5, 0, 0, : 4, 1, 3, 4, 4, 1, 54, 5, 


30: 4, 0, 0, 1, 0, 1, 0, 0, 9, 0, 1, 0, 3, 3, 0, 3, 0, 0, 0, 0, : 4, 1, 1, 9, 1, 3, 3, 3, 
61: 2, 1, 1, 2, 0, 0, 0, 0, 1, 0, 0, 0, 1, 4, 0, 3, 0, 0, 0, 3, : 2, 1, 1, 2, 1, 1, 4, 3, 3, 
173: 2, 1, 2, 3, 0, 3, 0, 0, 3, 0, 0, 0, 0, 4, 0, 2, 0, 2, 4, 0, : 2, 1, 2, 3, 3, 3, 4, 2, 2, 4, 
160: 5, 0, 0, 4, 0, 0, 0, 0, 1, 0, 0, 51, 0, 4, 0, 5, 0, 0, 0, 0, : 5, 4, 1, 51, 4, 5, 
67: 2, 0, 4, 8, 0, 0, 0, 0, 4, 0, 0, 0, 0, 5, 0, 2, 0, 0, 0, 2, : 2, 4, 8, 4, 5, 2, 2, 
142: 0, 0, 0, 5, 2, 0, 54, 0, 2, 5, 0, 4, 0, 0, 0, 1, 5, 0, 0, 0, : 5, 2, 54, 2, 5, 4, 1, 5, 
135: 3, 0, 0, 1, 0, 0, 0, 0, 1, 0, 0, 2, 0, 2, 0, 4, 0, 0, 0, 1, : 3, 1, 1, 2, 2, 4, 1, 
29: 3, 0, 51, 1, 0, 0, 0, 4, 1, 0, 0, 0, 0, 0, 0, 2, 0, 55, 0, 0, : 3, 51, 1, 4, 1, 2, 55, 
22: 2, 0, 0, 3, 0, 0, 0, 0, 4, 0, 2, 0, 50, 3, 0, 5, 0, 0, 0, 0, : 2, 3, 4, 2, 50, 3, 5, 
170: 1, 0, 1, 1, 0, 0, 0, 0, 5, 51, 0, 0, 0, 0, 1, 3, 0, 0, 0, 0, : 1, 1, 1, 5, 51, 1, 3, 
8: 5, 0, 0, 2, 0, 2, 0, 0, 2, 0, 0, 0, 0, 5, 3, 2, 0, 0, 0, 0, : 5, 2, 2, 2, 5, 3, 2, 
149: 5, 3, 0, 5, 0, 51, 0, 4, 2, 0, 0, 0, 0, 5, 0, 1, 0, 0, 54, 0, : 5, 3, 5, 51, 4, 2, 5, 1, 54, 
75: 4, 53, 0, 2, 55, 0, 0, 0, 4, 3, 0, 1, 0, 5, 50, 3, 1, 0, 0, 4, : 4, 53, 2, 55, 4, 3, 1, 5, 50, 3, 1, 4, 
35: 2, 0, 0, 4, 1, 0, 1, 0, 4, 0, 0, 1, 0, 4, 0, 4, 0, 0, 0, 0, : 2, 4, 1, 1, 4, 1, 4, 4, 
197: 3, 0, 1, 2, 0, 0, 0, 0, 4, 0, 0, 1, 2, 1, 0, 2, 0, 0, 0, 0, : 3, 1, 2, 4, 1, 2, 1, 2, 
176: 2, 0, 0, 3, 0, 0, 0, 0, 1, 0, 0, 0, 0, 4, 0, 9, 0, 3, 0, 0, : 2, 3, 1, 4, 9, 3, 
126: 4, 0, 0, 5, 2, 3, 0, 50, 2, 0, 1, 0, 0, 2, 4, 5, 0, 0, 0, 0, : 4, 5, 2, 3, 50, 2, 1, 2, 4, 5, 
78: 1, 2, 0, 3, 0, 0, 5, 2, 1, 0, 55, 0, 4, 4, 1, 2, 0, 0, 2, 0, : 1, 2, 3, 5, 2, 1, 55, 4, 4, 1, 2, 2, 
34: 5, 0, 0, 2, 0, 0, 0, 0, 5, 0, 1, 0, 0, 3, 1, 1, 0, 0, 0, 0, : 5, 2, 5, 1, 3, 1, 1, 
39: 5, 0, 0, 3, 0, 0, 0, 0, 4, 1, 0, 0, 0, 2, 0, 1, 54, 0, 0, 50, : 5, 3, 4, 1, 2, 1, 54, 50, 


200: 3, 51, 0, 4, 0, 1, 0, 0, 0, 0, 2, 0, 0, 0, 5, 0, 0, 4, 0, 0, : 3, 51, 4, 1, 2, 5, 4, 
93: 1, 4, 0, 0, 0, 3, 0, 0, 0, 4, 4, 0, 1, 0, 0, 0, 0, 0, 0, 0, : 1, 4, 3, 4, 4, 1, 
27: 5, 1, 0, 0, 1, 2, 1, 0, 0, 0, 4, 0, 0, 1, 0, 55, 53, 0, 0, 0, : 5, 1, 1, 2, 1, 4, 1, 55, 53, 
32: 3, 2, 0, 4, 1, 4, 0, 0, 0, 51, 3, 0, 0, 0, 0, 0, 0, 0, 0, 0, : 3, 2, 4, 1, 4, 51, 3, 
192: 1, 0, 0, 0, 0, 5, 0, 0, 0, 0, 4, 52, 52, 5, 0, 0, 0, 0, 0, 0, : 1, 5, 4, 52, 52, 5, 
108: 2, 0, 0, 0, 1, 5, 51, 52, 53, 0, 5, 0, 0, 0, 0, 0, 0, 0, 0, 0, : 2, 1, 5, 51, 52, 53, 5, 
116: 3, 0, 1, 0, 0, 3, 0, 3, 0, 0, 3, 0, 0, 0, 0, 1, 0, 0, 0, 5, : 3, 1, 3, 3, 3, 1, 5, 
191: 3, 0, 0, 0, 1, 3, 0, 0, 0, 5, 3, 0, 0, 0, 0, 1, 0, 0, 1, 5, : 3, 1, 3, 5, 3, 1, 1, 5, 
198: 5, 0, 0, 0, 53, 5, 3, 0, 0, 0, 3, 0, 0, 0, 0, 0, 0, 0, 0, 0, : 5, 53, 5, 3, 3, 
187: 5, 0, 0, 0, 0, 2, 0, 0, 0, 0, 2, 0, 1, 52, 0, 3, 0, 1, 0, 0, : 5, 2, 2, 1, 52, 3, 1, 
49: 4, 0, 5, 0, 0, 2, 0, 0, 4, 0, 4, 0, 0, 0, 1, 0, 0, 0, 0, 0, : 4, 5, 2, 4, 4, 1, 
86: 5, 0, 0, 0, 0, 4, 5, 0, 1, 0, 4, 0, 0, 0, 0, 0, 5, 0, 0, 0, : 5, 4, 5, 1, 4, 5, 
47: 2, 0, 0, 0, 0, 1, 0, 0, 0, 0, 5, 4, 2, 1, 0, 0, 0, 1, 0, 0, : 2, 1, 5, 4, 2, 1, 1, 
129: 4, 2, 0, 0, 0, 2, 0, 0, 0, 0, 0, 0, 0, 0, 0, 0, 1, 0, 4, 0, : 4, 2, 2, 1, 4, 
65: 1, 0, 1, 0, 0, 4, 0, 5, 0, 0, 1, 2, 1, 0, 0, 0, 0, 53, 0, 0, : 1, 1, 4, 5, 1, 2, 1, 53, 
55: 3, 0, 0, 50, 0, 3, 0, 0, 0, 0, 1, 0, 0, 0, 0, 0, 1, 0, 0, 0, : 3, 50, 3, 1, 1, 
56: 2, 0, 0, 0, 0, 5, 0, 0, 1, 0, 4, 0, 0, 1, 0, 0, 0, 0, 0, 0, : 2, 5, 1, 4, 1, 
141: 4, 0, 3, 0, 0, 4, 0, 0, 1, 0, 2, 2, 0, 0, 0, 0, 0, 1, 0, 0, : 4, 3, 4, 1, 2, 2, 1, 
82: 2, 0, 50, 0, 0, 2, 0, 0, 0, 0, 2, 0, 0, 0, 0, 0, 0, 0, 55, 50, : 2, 50, 2, 2, 55, 50, 
20: 2, 0, 0, 2, 3, 0, 0, 0, 0, 0, 4, 0, 3, 0, 54, 0, 0, 0, 0, 0, : 2, 2, 3, 4, 3, 54, 


42: 1, 4, 1, 0, 2, 0, 0, 0, 4, 0, 0, 0, 1, 0, 1, 0, 3, 0, 0, 0, : 1, 4, 1, 2, 4, 1, 1, 3, 
5: 0, 0, 0, 0, 3, 0, 0, 0, 4, 0, 0, 0, 2, 1, 4, 2, 1, 0, 0, 0, : 3, 4, 2, 1, 4, 2, 1, 
133: 0, 0, 0, 0, 3, 0, 0, 0, 3, 0, 0, 0, 4, 0, 2, 0, 4, 0, 0, 4, : 3, 3, 4, 2, 4, 4, 
90: 0, 0, 0, 0, 4, 0, 0, 0, 3, 0, 0, 4, 0, 0, 4, 0, 4, 0, 0, 0, : 4, 3, 4, 4, 4, 
3: 2, 0, 0, 0, 5, 1, 5, 0, 3, 0, 3, 0, 1, 0, 5, 0, 4, 0, 1, 0, : 2, 5, 1, 5, 3, 3, 1, 5, 4, 1, 
40: 0, 0, 1, 0, 3, 0, 1, 2, 4, 53, 0, 0, 0, 0, 4, 0, 3, 2, 0, 0, : 1, 3, 1, 2, 4, 53, 4, 3, 2, 
23: 0, 0, 0, 0, 1, 0, 0, 0, 6, 0, 0, 3, 0, 0, 4, 0, 4, 1, 0, 50, : 1, 6, 3, 4, 4, 1, 50, 
186: 0, 0, 0, 0, 4, 0, 0, 2, 4, 0, 0, 0, 0, 0, 1, 3, 3, 0, 0, 0, : 4, 2, 4, 1, 3, 3, 
151: 0, 0, 0, 0, 4, 54, 54, 0, 4, 0, 50, 1, 0, 0, 2, 0, 4, 0, 0, 1, : 4, 54, 54, 4, 50, 1, 2, 4, 1, 
163: 0, 0, 0, 0, 2, 0, 0, 51, 2, 0, 0, 2, 0, 0, 3, 0, 2, 1, 0, 0, : 2, 51, 2, 2, 3, 2, 1, 
58: 0, 1, 0, 0, 4, 0, 0, 0, 3, 0, 3, 0, 0, 0, 3, 1, 7, 0, 0, 0, : 1, 4, 3, 3, 3, 1, 7, 
44: 55, 0, 0, 5, 2, 0, 0, 1, 2, 1, 4, 0, 1, 0, 1, 0, 1, 1, 1, 0, : 55, 5, 2, 1, 2, 1, 4, 1, 1, 1, 1, 1, 
199: 0, 53, 0, 0, 0, 0, 0, 0, 1, 5, 0, 0, 0, 0, 2, 0, 3, 0, 0, 0, : 53, 1, 5, 2, 3, 
7: 1, 0, 0, 0, 2, 0, 0, 1, 1, 0, 0, 0, 0, 0, 2, 53, 3, 0, 1, 0, : 1, 2, 1, 1, 2, 53, 3, 1, 
43: 0, 0, 0, 0, 1, 0, 0, 0, 4, 0, 0, 0, 50, 0, 3, 1, 1, 0, 0, 0, : 1, 4, 50, 3, 1, 1, 
70: 0, 2, 0, 0, 4, 4, 0, 0, 1, 0, 0, 50, 0, 2, 5, 0, 3, 0, 0, 5, : 2, 4, 4, 1, 50, 2, 5, 3, 5, 
62: 0, 0, 0, 0, 5, 0, 0, 0, 3, 0, 0, 0, 0, 0, 2, 0, 4, 55, 0, 0, : 5, 3, 2, 4, 55, 
14: 1, 0, 0, 55, 4, 1, 0, 0, 4, 0, 0, 0, 1, 54, 4, 0, 1, 0, 53, 0, : 1, 55, 4, 1, 4, 1, 54, 4, 1, 53, 
125: 0, 0, 5, 0, 2, 0, 0, 0, 1, 0, 0, 0, 0, 0, 4, 0, 4, 0, 0, 0, : 5, 2, 1, 4, 4, 
53: 0, 0, 53, 0, 5, 0, 0, 3, 3, 1, 0, 0, 0, 3, 4, 0, 1, 0, 4, 0, : 53, 5, 3, 3, 1, 3, 4, 1, 4, 


9: 0, 0, 4, 0, 5, 0, 0, 1, 0, 0, 0, 0, 0, 1, 0, 1, 4, 0, 0, 0, : 4, 5, 1, 1, 1, 4, 
169: 0, 0, 5, 0, 3, 1, 1, 0, 4, 0, 0, 0, 0, 0, 3, 0, 3, 0, 2, 3, : 5, 3, 1, 1, 4, 3, 3, 2, 3, 
6: 3, 0, 5, 0, 1, 0, 0, 0, 3, 0, 0, 1, 2, 0, 0, 0, 2, 0, 0, 0, : 3, 5, 1, 3, 1, 2, 2, 
37: 0, 0, 5, 3, 5, 0, 0, 0, 2, 0, 0, 0, 53, 4, 2, 0, 1, 0, 0, 50, : 5, 3, 5, 2, 53, 4, 2, 1, 50, 
193: 3, 0, 3, 0, 3, 0, 0, 0, 0, 0, 0, 0, 0, 0, 0, 0, 5, 0, 0, 0, : 3, 3, 3, 5, 
118: 0, 0, 2, 1, 5, 0, 0, 0, 0, 0, 0, 0, 0, 0, 1, 0, 1, 0, 0, 0, : 2, 1, 5, 1, 1, 
188: 0, 2, 0, 3, 2, 0, 0, 0, 0, 0, 0, 0, 0, 5, 0, 0, 2, 3, 0, 1, : 2, 3, 2, 5, 2, 3, 1, 
36: 0, 0, 3, 0, 2, 50, 5, 0, 0, 2, 2, 0, 0, 0, 0, 0, 1, 1, 0, 0, : 3, 2, 50, 5, 2, 2, 1, 1, 
68: 0, 0, 4, 0, 5, 3, 53, 54, 0, 50, 0, 0, 0, 0, 0, 3, 5, 1, 0, 4, : 4, 5, 3, 53, 54, 50, 3, 5, 1, 4, 
57: 0, 0, 2, 0, 2, 5, 0, 0, 0, 0, 51, 3, 0, 0, 0, 0, 4, 0, 0, 0, : 2, 2, 5, 51, 3, 4, 
189: 0, 0, 4, 0, 2, 0, 0, 0, 0, 0, 0, 0, 0, 0, 0, 0, 2, 1, 0, 0, : 4, 2, 2, 1, 
181: 0, 0, 5, 0, 2, 0, 0, 0, 0, 0, 0, 0, 0, 0, 0, 0, 2, 2, 0, 1, : 5, 2, 2, 2, 1, 
76: 0, 53, 2, 53, 5, 0, 0, 0, 0, 2, 0, 0, 0, 0, 0, 0, 5, 51, 0, 0, : 53, 2, 53, 5, 2, 5, 51, 
136: 0, 0, 3, 0, 1, 0, 0, 1, 0, 0, 0, 51, 0, 0, 0, 51, 2, 0, 4, 0, : 3, 1, 1, 51, 51, 2, 4, 
92: 0, 4, 1, 0, 3, 0, 0, 0, 51, 0, 5, 5, 0, 0, 0, 0, 4, 0, 52, 0, : 4, 1, 3, 51, 5, 5, 4, 52, 
81: 52, 0, 2, 0, 2, 0, 0, 4, 0, 0, 0, 0, 1, 50, 0, 0, 3, 0, 0, 0, : 52, 2, 2, 4, 1, 50, 3, 
100: 1, 0, 1, 0, 2, 0, 1, 0, 0, 0, 0, 0, 0, 0, 0, 5, 5, 0, 0, 0, : 1, 1, 2, 1, 5, 5, 
137: 0, 1, 2, 0, 2, 1, 0, 0, 0, 0, 0, 0, 0, 0, 0, 0, 2, 1, 0, 0, : 1, 2, 2, 1, 2, 1, 
194: 0, 0, 3, 0, 5, 0, 0, 0, 0, 2, 0, 0, 3, 0, 2, 0, 4, 0, 0, 0, : 3, 5, 2, 3, 2, 4, 
21: 1, 0, 4, 0, 3, 0, 0, 0, 0, 4, 2, 0, 1, 0, 52, 0, 3, 0, 2, 1, : 1, 4, 3, 4, 2, 1, 52, 3, 2, 1, 


174: 0, 3, 3, 0, 0, 0, 1, 5, 0, 0, 5, 0, 0, 0, 0, 0, 51, 0, 4, 0, : 3, 3, 1, 5, 5, 51, 4, 
79: 52, 3, 0, 0, 0, 0, 5, 4, 4, 0, 2, 1, 2, 0, 0, 0, 0, 0, 2, 0, : 52, 3, 5, 4, 4, 2, 1, 2, 2, 
110: 0, 4, 0, 53, 0, 5, 4, 4, 0, 0, 5, 0, 0, 55, 0, 5, 0, 3, 4, 1, : 4, 53, 5, 4, 4, 5, 55, 5, 3, 4, 1, 
97: 0, 5, 0, 0, 0, 0, 4, 3, 0, 0, 4, 0, 2, 0, 0, 0, 4, 0, 3, 0, : 5, 4, 3, 4, 2, 4, 3, 
152: 0, 0, 0, 0, 0, 0, 2, 1, 0, 0, 5, 0, 51, 1, 0, 0, 0, 2, 1, 0, : 2, 1, 5, 51, 1, 2, 1, 
195: 0, 5, 0, 0, 0, 0, 5, 1, 0, 0, 1, 5, 4, 0, 0, 1, 0, 0, 4, 0, : 5, 5, 1, 1, 5, 4, 1, 4, 
190: 0, 1, 0, 0, 0, 0, 3, 4, 0, 0, 5, 0, 0, 0, 0, 1, 0, 54, 3, 1, : 1, 3, 4, 5, 1, 54, 3, 1, 
106: 4, 5, 0, 2, 0, 0, 2, 2, 0, 0, 1, 0, 0, 0, 0, 0, 0, 0, 7, 0, : 4, 5, 2, 2, 2, 1, 7, 
50: 2, 1, 2, 0, 0, 0, 2, 5, 0, 0, 5, 50, 0, 0, 0, 0, 0, 0, 1, 0, : 2, 1, 2, 2, 5, 5, 50, 1, 
179: 0, 5, 0, 1, 0, 0, 1, 2, 0, 54, 4, 0, 0, 0, 0, 0, 0, 0, 2, 0, : 5, 1, 1, 2, 54, 4, 2, 
139: 0, 2, 0, 0, 0, 0, 3, 5, 0, 0, 2, 0, 0, 0, 0, 0, 1, 0, 4, 0, : 2, 3, 5, 2, 1, 4, 
69: 0, 5, 1, 0, 4, 0, 2, 3, 2, 2, 5, 0, 0, 0, 0, 0, 0, 0, 2, 3, : 5, 1, 4, 2, 3, 2, 2, 5, 2, 3, 
96: 2, 2, 0, 0, 0, 0, 1, 2, 0, 0, 1, 0, 0, 0, 0, 0, 4, 0, 3, 2, : 2, 2, 1, 2, 1, 4, 3, 2, 
4: 0, 2, 0, 0, 1, 4, 3, 1, 0, 0, 4, 0, 0, 0, 50, 0, 0, 0, 3, 0, : 2, 1, 4, 3, 1, 4, 50, 3, 
177: 0, 4, 52, 0, 0, 0, 1, 3, 0, 0, 5, 0, 1, 0, 0, 1, 0, 1, 1, 51, : 4, 52, 1, 3, 5, 1, 1, 1, 1, 51, 
185: 0, 1, 2, 0, 0, 51, 5, 4, 0, 0, 1, 0, 0, 0, 0, 0, 0, 0, 4, 0, : 1, 2, 51, 5, 4, 1, 4, 
83: 0, 3, 0, 0, 54, 0, 4, 1, 53, 4, 1, 4, 0, 0, 5, 0, 0, 0, 1, 2, : 3, 54, 4, 1, 53, 4, 1, 4, 5, 1, 2, 
164: 0, 3, 0, 4, 0, 0, 2, 2, 1, 0, 2, 0, 0, 0, 0, 0, 0, 0, 5, 0, : 3, 4, 2, 2, 1, 2, 5, 
107: 0, 3, 0, 0, 1, 0, 5, 4, 0, 0, 1, 0, 0, 0, 0, 0, 0, 0, 4, 0, : 3, 1, 5, 4, 1, 4, 
24: 0, 3, 0, 0, 0, 0, 5, 4, 0, 0, 1, 0, 0, 4, 5, 52, 0, 0, 2, 0, : 3, 5, 4, 1, 4, 5, 52, 2, 


54: 0, 0, 0, 1, 0, 5, 0, 2, 0, 0, 3, 1, 0, 0, 4, 0, 0, 2, 0, 4, : 1, 5, 2, 3, 1, 4, 2, 4, 
166: 2, 0, 0, 5, 0, 3, 2, 0, 1, 2, 5, 1, 0, 0, 3, 0, 0, 5, 3, 1, : 2, 5, 3, 2, 1, 2, 5, 1, 3, 5, 3, 1, 
112: 1, 0, 4, 6, 0, 5, 0, 0, 0, 0, 3, 1, 0, 0, 3, 0, 0, 3, 0, 5, : 1, 4, 6, 5, 3, 1, 3, 3, 5, 
60: 0, 3, 0, 1, 0, 5, 3, 0, 0, 0, 5, 2, 1, 0, 1, 0, 0, 3, 0, 3, : 3, 1, 5, 3, 5, 2, 1, 1, 3, 3, 
178: 0, 0, 50, 1, 3, 2, 0, 0, 0, 0, 3, 2, 54, 1, 1, 0, 3, 5, 0, 1, : 50, 1, 3, 2, 3, 2, 54, 1, 1, 3, 5, 1, 
113: 0, 0, 0, 1, 0, 4, 3, 0, 0, 0, 5, 3, 0, 51, 3, 0, 51, 1, 0, 1, : 1, 4, 3, 5, 3, 51, 3, 51, 1, 1, 
154: 0, 0, 0, 5, 51, 0, 1, 0, 0, 0, 1, 3, 5, 3, 4, 0, 0, 3, 0, 5, : 5, 51, 1, 1, 3, 5, 3, 4, 3, 5, 
103: 3, 0, 0, 2, 0, 1, 0, 3, 0, 0, 3, 1, 0, 1, 4, 0, 1, 2, 5, 5, : 3, 2, 1, 3, 3, 1, 1, 4, 1, 2, 5, 5, 
80: 0, 0, 0, 3, 2, 5, 51, 0, 2, 0, 1, 2, 0, 0, 3, 4, 0, 2, 0, 5, : 3, 2, 5, 51, 2, 1, 2, 3, 4, 2, 5, 
127: 54, 0, 5, 2, 0, 2, 0, 0, 54, 0, 2, 9, 0, 0, 1, 0, 0, 4, 0, 3, : 54, 5, 2, 2, 54, 2, 9, 1, 4, 3, 
74: 0, 0, 0, 1, 2, 5, 0, 0, 0, 0, 4, 6, 0, 4, 1, 0, 1, 5, 0, 2, : 1, 2, 5, 4, 6, 4, 1, 1, 5, 2, 
63: 0, 1, 1, 3, 0, 3, 0, 52, 2, 54, 5, 3, 0, 0, 3, 0, 0, 4, 0, 1, : 1, 1, 3, 3, 52, 2, 54, 5, 3, 3, 4, 1, 
87: 0, 5, 0, 2, 0, 1, 0, 2, 0, 0, 1, 2, 0, 0, 4, 0, 0, 5, 0, 5, : 5, 2, 1, 2, 1, 2, 4, 5, 5, 
11: 0, 0, 0, 5, 0, 2, 0, 1, 0, 0, 1, 2, 0, 0, 1, 4, 0, 1, 0, 4, : 5, 2, 1, 1, 2, 1, 4, 1, 4, 
17: 0, 0, 0, 2, 0, 5, 0, 0, 0, 0, 4, 4, 0, 0, 4, 0, 0, 1, 0, 2, : 2, 5, 4, 4, 4, 1, 2, 
94: 0, 50, 0, 3, 0, 4, 0, 0, 0, 0, 1, 5, 0, 0, 5, 0, 0, 3, 1, 5, : 50, 3, 4, 1, 5, 5, 3, 1, 5, 
148: 0, 0, 0, 4, 2, 2, 0, 0, 1, 0, 2, 3, 0, 0, 3, 0, 0, 2, 51, 2, : 4, 2, 2, 1, 2, 3, 3, 2, 51, 2, 
99: 0, 1, 0, 4, 0, 1, 0, 0, 0, 0, 2, 4, 0, 0, 4, 0, 0, 2, 0, 0, : 1, 4, 1, 2, 4, 4, 2, 
158: 0, 0, 0, 7, 0, 3, 0, 0, 0, 4, 4, 2, 0, 0, 4, 0, 4, 5, 0, 3, : 7, 3, 4, 4, 2, 4, 4, 5, 3, 
111: 0, 0, 0, 2, 0, 2, 0, 0, 0, 0, 5, 4, 0, 0, 4, 52, 0, 2, 0, 3, : 2, 2, 5, 4, 4, 52, 2, 3, 


88: 0, 0, 0, 0, 0, 3, 0, 0, 0, 5, 1, 0, 4, 1, 0, 0, 0, 0, 0, 1, : 3, 5, 1, 4, 1, 1, 
89: 0, 0, 1, 54, 1, 3, 0, 0, 0, 2, 0, 3, 0, 2, 0, 0, 4, 0, 0, 0, : 1, 54, 1, 3, 2, 3, 2, 4, 
77: 0, 3, 0, 0, 0, 7, 0, 0, 0, 0, 0, 0, 0, 5, 0, 0, 52, 0, 0, 0, : 3, 7, 5, 52, 
165: 0, 0, 0, 0, 0, 3, 0, 55, 0, 3, 51, 0, 0, 1, 3, 3, 1, 4, 0, 0, : 3, 55, 3, 51, 1, 3, 3, 1, 4, 
19: 0, 0, 3, 1, 52, 2, 1, 0, 0, 5, 0, 0, 0, 4, 2, 0, 0, 0, 0, 0, : 3, 1, 52, 2, 1, 5, 4, 2, 
15: 51, 3, 3, 0, 2, 5, 0, 0, 5, 5, 0, 0, 0, 4, 0, 3, 0, 0, 0, 0, : 51, 3, 3, 2, 5, 5, 5, 4, 3, 
123: 0, 0, 0, 0, 0, 1, 0, 0, 0, 1, 1, 0, 0, 5, 0, 0, 0, 0, 0, 55, : 1, 1, 1, 5, 55, 
12: 0, 0, 50, 0, 0, 4, 51, 4, 0, 5, 1, 0, 53, 2, 3, 0, 0, 0, 0, 0, : 50, 4, 51, 4, 5, 1, 53, 2, 3, 
124: 5, 0, 0, 0, 0, 6, 0, 0, 0, 5, 2, 0, 1, 3, 0, 0, 0, 0, 0, 0, : 5, 6, 5, 2, 1, 3, 
52: 0, 0, 0, 0, 0, 2, 4, 0, 1, 4, 0, 53, 0, 4, 0, 0, 0, 0, 53, 0, : 2, 4, 1, 4, 53, 4, 53, 
46: 0, 0, 0, 0, 0, 2, 0, 1, 0, 5, 0, 0, 0, 4, 0, 0, 0, 3, 0, 0, : 2, 1, 5, 4, 3, 
155: 0, 0, 0, 0, 0, 1, 2, 0, 0, 0, 0, 2, 0, 3, 51, 0, 0, 0, 2, 4, : 1, 2, 2, 3, 51, 2, 4, 
161: 0, 0, 0, 0, 0, 4, 0, 0, 0, 0, 0, 0, 0, 4, 0, 0, 0, 0, 0, 0, : 4, 4, 
48: 0, 0, 3, 0, 0, 1, 0, 0, 0, 2, 0, 0, 0, 2, 0, 0, 3, 52, 1, 0, : 3, 1, 2, 2, 3, 52, 1, 
91: 0, 52, 0, 0, 0, 4, 0, 0, 0, 3, 0, 2, 0, 4, 1, 52, 0, 0, 0, 0, : 52, 4, 3, 2, 4, 1, 52, 
71: 0, 0, 0, 0, 0, 4, 0, 0, 2, 0, 0, 0, 0, 2, 0, 0, 0, 0, 0, 0, : 4, 2, 2, 
101: 4, 2, 0, 0, 0, 1, 0, 0, 0, 2, 0, 0, 0, 2, 0, 0, 0, 0, 4, 0, : 4, 2, 1, 2, 2, 4, 
145: 0, 0, 0, 5, 0, 3, 0, 0, 50, 5, 1, 0, 0, 4, 0, 2, 0, 0, 0, 0, : 5, 3, 50, 5, 1, 4, 2, 
109: 0, 0, 0, 0, 5, 1, 2, 0, 2, 4, 1, 0, 2, 2, 0, 0, 0, 1, 0, 0, : 5, 1, 2, 2, 4, 1, 2, 2, 1, 
132: 0, 0, 0, 0, 0, 3, 0, 0, 0, 4, 2, 0, 0, 2, 0, 0, 0, 0, 0, 0, : 3, 4, 2, 2, 


