
100
40
60
2

24: 0, 0, 1, 0, 0, 1, 0, 0, 0, 0, 0, 1, 0, 1, 0, 0, 0, 0, 5, 3, 2, 0, 0, 0, 0, 1, 0, 1, 0, 0, 0, 0, 0, 2, 0, 0, 1, 0, 5, 4, 4, 0, 5, 0, 2, 0, 5, 1, 2, 0, 4, 0, 1, 1, 2, 0, 5, 0, 2, 0, 1, 0, 4, 0, 0, 1, 0, 0, 3, 5, 0, 52, 0, 0, 0, 0, 0, 2, 0, 5, 5, 5, 2, 52, 3, 0, 1, 0, 0, 0, 5, 0, 0, 54, 0, 5, 3, 0, 0, 5, : 1, 1, 1, 1, 5, 3, 2, 1, 1, 2, 1, 5, 4, 4, 5, 2, 5, 1, 2, 4, 1, 1, 2, 5, 2, 1, 4, 1, 3, 5, 52, 2, 5, 5, 5, 2, 52, 3, 1, 5, 54, 5, 3, 5, 
25: 0, 0, 0, 1, 0, 0, 0, 0, 0, 0, 0, 5, 0, 0, 0, 0, 2, 0, 0, 0, 0, 0, 1, 0, 0, 2, 0, 0, 0, 0, 0, 0, 0, 0, 0, 0, 0, 0, 1, 0, 2, 51, 4, 0, 2, 2, 4, 1, 0, 0, 1, 0, 4, 0, 0, 0, 3, 0, 2, 0, 0, 0, 5, 4, 0, 4, 0, 3, 5, 0, 0, 0, 0, 0, 0, 50, 0, 2, 55, 4, 5, 1, 3, 0, 3, 0, 2, 4, 0, 0, 4, 1, 55, 0, 0, 0, 1, 0, 0, 4, : 1, 5, 2, 1, 2, 1, 2, 51, 4, 2, 2, 4, 1, 1, 4, 3, 2, 5, 4, 4, 3, 5, 50, 2, 55, 4, 5, 1, 3, 3, 2, 4, 4, 1, 55, 1, 4, 
16: 3, 3, 0, 0, 0, 0, 0, 0, 1, 2, 0, 5, 0, 51, 0, 2, 0, 0, 1, 0, 51, 2, 2, 0, 0, 0, 4, 0, 0, 1, 0, 0, 0, 0, 2, 0, 1, 0, 1, 0, 4, 0, 2, 0, 9, 0, 2, 5, 0, 0, 3, 0, 3, 0, 0, 0, 2, 0, 5, 0, 0, 0, 1, 0, 0, 3, 0, 0, 3, 0, 0, 0, 1, 0, 0, 0, 0, 4, 0, 4, 2, 3, 5, 0, 4, 0, 2, 5, 0, 52, 1, 0, 0, 0, 52, 0, 4, 0, 1, 2, : 3, 3, 1, 2, 5, 51, 2, 1, 51, 2, 2, 4, 1, 2, 1, 1, 4, 2, 9, 2, 5, 3, 3, 2, 5, 1, 3, 3, 1, 4, 4, 2, 3, 5, 4, 2, 5, 52, 1, 52, 4, 1, 2, 
10: 0, 0, 0, 0, 0, 0, 5, 0, 0, 0, 0, 1, 0, 0, 0, 0, 0, 2, 0, 1, 0, 4, 0, 0, 0, 0, 0, 1, 0, 51, 0, 0, 0, 0, 0, 0, 0, 1, 1, 1, 3, 0, 0, 0, 4, 2, 4, 1, 0, 0, 3, 50, 1, 0, 0, 0, 4, 0, 2, 3, 3, 0, 5, 0, 0, 4, 0, 0, 1, 0, 0, 0, 2, 0, 0, 0, 0, 3, 0, 3, 5, 5, 0, 0, 3, 5, 2, 4, 0, 0, 3, 0, 0, 2, 0, 0, 1, 54, 0, 3, : 5, 1, 2, 1, 4, 1, 51, 1, 1, 1, 3, 4, 2, 4, 1, 3, 50, 1, 4, 2, 3, 3, 5, 4, 1, 2, 3, 3, 5, 5, 3, 5, 2, 4, 3, 2, 1, 54, 3, 
28: 0, 2, 0, 0, 0, 0, 0, 0, 2, 1, 0, 6, 3, 0, 51, 0, 0, 0, 0, 0, 0, 0, 0, 0, 1, 1, 0, 0, 0, 0, 1, 0, 3, 0, 0, 0, 0, 0, 3, 0, 1, 0, 3, 0, 3, 1, 1, 1, 55, 4, 4, 1, 5, 0, 0, 0, 4, 0, 5, 0, 0, 0, 4, 0, 0, 1, 0, 0, 1, 1, 0, 1, 0, 0, 0, 2, 0, 2, 0, 3, 4, 6, 1, 0, 5, 0, 4, 3, 0, 0, 4, 0, 0, 0, 0, 0, 1, 0, 0, 1, : 2, 2, 1, 6, 3, 51, 1, 1, 1, 3, 3, 1, 3, 3, 1, 1, 1, 55, 4, 4, 1, 5, 4, 5, 4, 1, 1, 1, 1, 2, 2, 3, 4, 6, 1, 5, 4, 3, 4, 1, 1, 
36: 0, 0, 0, 0, 4, 0, 0, 0, 0, 0, 0, 5, 0, 0, 0, 4, 54, 0, 2, 0, 1, 54, 0, 0, 1, 0, 0, 1, 0, 0, 0, 0, 0, 2, 1, 0, 0, 0, 4, 0, 3, 0, 3, 0, 3, 0, 2, 5, 1, 0, 1, 0, 4, 54, 2, 0, 4, 1, 3, 4, 0, 0, 5, 0, 0, 4, 0, 0, 5, 0, 1, 4, 5, 0, 2, 3, 0, 3, 1, 4, 4, 3, 1, 0, 1, 2, 3, 1, 0, 0, 4, 0, 0, 0, 0, 0, 4, 0, 0, 4, : 4, 5, 4, 54, 2, 1, 54, 1, 1, 2, 1, 4, 3, 3, 3, 2, 5, 1, 1, 4, 54, 2, 4, 1, 3, 4, 5, 4, 5, 1, 4, 5, 2, 3, 3, 1, 4, 4, 3, 1, 1, 2, 3, 1, 4, 4, 4, 
33: 52, 0, 0, 0, 0, 0, 0, 1, 0, 2, 0, 1, 0, 2, 0, 0, 0, 0, 0, 0, 0, 0, 0, 0, 0, 50, 0, 1, 0, 1, 0, 5, 0, 0, 0, 0, 0, 0, 4, 0, 2, 0, 2, 0, 2, 0, 4, 4, 0, 51, 3, 1, 4, 0, 0, 0, 1, 0, 4, 0, 0, 0, 1, 0, 2, 4, 0, 0, 5, 0, 0, 2, 0, 0, 0, 0, 3, 5, 0, 5, 2, 4, 4, 0, 4, 0, 1, 0, 0, 0, 2, 0, 0, 2, 0, 0, 4, 0, 0, 3, : 52, 1, 2, 1, 2, 50, 1, 1, 5, 4, 2, 2, 2, 4, 4, 51, 3, 1, 4, 1, 4, 1, 2, 4, 5, 2, 3, 5, 5, 2, 4, 4, 4, 1, 2, 2, 4, 3, 
9: 0, 0, 0, 52, 0, 0, 0, 3, 0, 0, 52, 1, 2, 2, 0, 53, 0, 0, 0, 0, 1, 0, 1, 0, 1, 1, 0, 0, 1, 0, 0, 51, 1, 0, 0, 53, 0, 0, 0, 0, 3, 0, 2, 0, 2, 0, 3, 4, 0, 0, 5, 0, 3, 0, 0, 4, 0, 0, 1, 0, 0, 0, 1, 0, 0, 1, 2, 0, 4, 0, 3, 1, 0, 0, 51, 0, 1, 1, 0, 1, 5, 1, 4, 0, 4, 0, 4, 4, 0, 0, 6, 0, 0, 0, 4, 0, 3, 2, 0, 5, : 52, 3, 52, 1, 2, 2, 53, 1, 1, 1, 1, 1, 51, 1, 53, 3, 2, 2, 3, 4, 5, 3, 4, 1, 1, 1, 2, 4, 3, 1, 51, 1, 1, 1, 5, 1, 4, 4, 4, 4, 6, 4, 3, 2, 5, 
7: 4, 52, 0, 0, 0, 0, 4, 0, 0, 0, 0, 1, 0, 0, 5, 0, 2, 0, 0, 0, 1, 0, 0, 0, 0, 0, 0, 0, 5, 1, 0, 0, 0, 0, 0, 0, 54, 5, 1, 0, 5, 0, 5, 0, 4, 0, 3, 2, 0, 0, 4, 0, 5, 1, 0, 0, 4, 0, 5, 0, 0, 0, 5, 0, 3, 5, 0, 1, 3, 1, 0, 0, 0, 0, 0, 0, 0, 2, 0, 3, 0, 1, 2, 0, 1, 0, 3, 4, 0, 3, 3, 1, 0, 0, 0, 0, 5, 0, 51, 1, : 4, 52, 4, 1, 5, 2, 1, 5, 1, 54, 5, 1, 5, 5, 4, 3, 2, 4, 5, 1, 4, 5, 5, 3, 5, 1, 3, 1, 2, 3, 1, 2, 1, 3, 4, 3, 3, 1, 5, 51, 1, 
13: 0, 0, 3, 3, 0, 0, 1, 3, 4, 0, 0, 4, 0, 0, 0, 0, 2, 0, 0, 4, 0, 0, 0, 0, 53, 0, 0, 0, 0, 0, 0, 0, 0, 0, 0, 0, 2, 0, 5, 0, 4, 0, 5, 52, 3, 0, 4, 5, 1, 0, 2, 0, 3, 0, 0, 0, 2, 0, 5, 0, 0, 0, 2, 0, 0, 1, 0, 0, 3, 1, 0, 0, 1, 0, 0, 0, 0, 6, 0, 3, 2, 1, 1, 0, 1, 0, 2, 5, 0, 1, 2, 55, 0, 0, 0, 0, 3, 0, 0, 2, : 3, 3, 1, 3, 4, 4, 2, 4, 53, 2, 5, 4, 5, 52, 3, 4, 5, 1, 2, 3, 2, 5, 2, 1, 3, 1, 1, 6, 3, 2, 1, 1, 1, 2, 5, 1, 2, 55, 3, 2, 
30: 0, 3, 0, 0, 0, 0, 0, 0, 0, 0, 0, 5, 0, 0, 0, 0, 0, 55, 0, 0, 0, 0, 0, 0, 0, 5, 0, 0, 0, 0, 0, 1, 3, 0, 3, 4, 0, 1, 3, 0, 3, 3, 2, 1, 4, 0, 1, 5, 0, 0, 0, 0, 2, 0, 0, 0, 5, 0, 5, 0, 0, 0, 2, 0, 0, 2, 50, 0, 2, 0, 0, 0, 0, 0, 0, 2, 52, 1, 0, 1, 3, 2, 4, 4, 4, 0, 2, 5, 5, 1, 2, 0, 5, 0, 0, 0, 1, 0, 0, 5, : 3, 5, 55, 5, 1, 3, 3, 4, 1, 3, 3, 3, 2, 1, 4, 1, 5, 2, 5, 5, 2, 2, 50, 2, 2, 52, 1, 1, 3, 2, 4, 4, 4, 2, 5, 5, 1, 2, 5, 1, 5, 
21: 1, 0, 0, 4, 0, 0, 0, 0, 0, 0, 0, 2, 1, 0, 3, 0, 0, 0, 52, 0, 0, 0, 1, 0, 0, 0, 0, 0, 0, 0, 0, 0, 0, 0, 0, 0, 0, 0, 2, 0, 2, 4, 4, 0, 2, 0, 3, 1, 0, 0, 4, 2, 2, 4, 0, 0, 4, 0, 1, 0, 0, 0, 5, 4, 0, 5, 0, 0, 0, 0, 50, 0, 0, 55, 0, 0, 0, 2, 0, 2, 1, 5, 2, 0, 2, 0, 2, 3, 51, 0, 3, 0, 0, 0, 0, 52, 3, 0, 0, 2, : 1, 4, 2, 1, 3, 52, 1, 2, 2, 4, 4, 2, 3, 1, 4, 2, 2, 4, 4, 1, 5, 4, 5, 50, 55, 2, 2, 1, 5, 2, 2, 2, 3, 51, 3, 52, 3, 2, 
1: 0, 0, 52, 0, 53, 51, 0, 52, 0, 0, 0, 1, 0, 0, 0, 0, 0, 0, 0, 0, 0, 0, 0, 0, 0, 0, 2, 0, 0, 0, 0, 0, 0, 1, 50, 0, 0, 53, 5, 0, 2, 0, 0, 0, 3, 50, 1, 4, 0, 1, 3, 0, 5, 0, 0, 0, 5, 0, 0, 0, 2, 4, 2, 0, 0, 1, 1, 0, 3, 0, 0, 0, 0, 0, 0, 0, 0, 5, 0, 3, 4, 3, 4, 0, 1, 0, 8, 4, 0, 0, 3, 2, 0, 1, 0, 1, 6, 0, 0, 3, : 52, 53, 51, 52, 1, 2, 1, 50, 53, 5, 2, 3, 50, 1, 4, 1, 3, 5, 5, 2, 4, 2, 1, 1, 3, 5, 3, 4, 3, 4, 1, 8, 4, 3, 2, 1, 1, 6, 3, 
19: 0, 0, 0, 0, 0, 4, 0, 0, 0, 0, 5, 3, 51, 4, 0, 0, 0, 0, 0, 0, 0, 0, 0, 4, 0, 0, 0, 0, 0, 0, 0, 0, 0, 0, 0, 0, 0, 0, 1, 2, 4, 0, 3, 0, 1, 0, 7, 2, 0, 0, 4, 0, 3, 0, 1, 0, 5, 1, 2, 2, 1, 53, 4, 0, 0, 2, 0, 0, 1, 0, 0, 0, 0, 0, 0, 0, 0, 2, 0, 5, 1, 2, 5, 0, 3, 0, 5, 3, 0, 0, 1, 0, 0, 0, 4, 0, 4, 1, 0, 4, : 4, 5, 3, 51, 4, 4, 1, 2, 4, 3, 1, 7, 2, 4, 3, 1, 5, 1, 2, 2, 1, 53, 4, 2, 1, 2, 5, 1, 2, 5, 3, 5, 3, 1, 4, 4, 1, 4, 
27: 0, 0, 0, 0, 3, 0, 0, 0, 0, 0, 0, 3, 0, 0, 1, 0, 0, 0, 0, 0, 0, 0, 0, 0, 0, 0, 0, 52, 54, 0, 5, 0, 0, 0, 0, 0, 0, 0, 5, 0, 5, 0, 5, 3, 1, 0, 1, 2, 0, 0, 3, 0, 1, 0, 0, 0, 0, 53, 2, 1, 0, 0, 1, 50, 0, 6, 5, 0, 2, 1, 0, 0, 0, 0, 2, 0, 0, 2, 0, 1, 2, 4, 4, 0, 4, 52, 1, 1, 0, 0, 1, 0, 0, 0, 0, 0, 1, 0, 0, 5, : 3, 3, 1, 52, 54, 5, 5, 5, 5, 3, 1, 1, 2, 3, 1, 53, 2, 1, 1, 50, 6, 5, 2, 1, 2, 2, 1, 2, 4, 4, 4, 52, 1, 1, 1, 1, 5, 
4: 0, 0, 2, 0, 0, 0, 0, 0, 0, 0, 0, 3, 1, 0, 0, 0, 0, 0, 0, 52, 0, 0, 55, 0, 0, 0, 0, 0, 0, 2, 0, 0, 0, 0, 2, 3, 2, 0, 4, 0, 4, 0, 5, 0, 4, 4, 2, 4, 0, 1, 4, 0, 3, 0, 0, 53, 5, 0, 4, 0, 0, 3, 1, 0, 0, 5, 0, 0, 5, 0, 2, 0, 0, 0, 0, 0, 0, 1, 4, 4, 5, 4, 5, 0, 4, 0, 3, 4, 3, 0, 1, 0, 0, 0, 0, 0, 2, 0, 5, 1, : 2, 3, 1, 52, 55, 2, 2, 3, 2, 4, 4, 5, 4, 4, 2, 4, 1, 4, 3, 53, 5, 4, 3, 1, 5, 5, 2, 1, 4, 4, 5, 4, 5, 4, 3, 4, 3, 1, 2, 5, 1, 
31: 0, 0, 2, 0, 0, 0, 50, 1, 0, 55, 0, 5, 1, 0, 0, 1, 0, 3, 0, 0, 0, 0, 0, 51, 0, 0, 1, 0, 0, 4, 54, 0, 3, 0, 2, 0, 0, 0, 5, 0, 4, 2, 3, 0, 4, 0, 2, 4, 0, 3, 1, 2, 5, 0, 0, 3, 1, 0, 2, 0, 0, 0, 5, 0, 0, 4, 0, 0, 4, 0, 3, 0, 0, 0, 0, 0, 4, 4, 0, 1, 2, 1, 5, 0, 3, 0, 5, 2, 0, 0, 3, 0, 0, 0, 0, 0, 6, 0, 3, 3, : 2, 50, 1, 55, 5, 1, 1, 3, 51, 1, 4, 54, 3, 2, 5, 4, 2, 3, 4, 2, 4, 3, 1, 2, 5, 3, 1, 2, 5, 4, 4, 3, 4, 4, 1, 2, 1, 5, 3, 5, 2, 3, 6, 3, 3, 
14: 0, 0, 0, 0, 0, 0, 0, 0, 0, 0, 3, 4, 0, 0, 0, 0, 0, 0, 0, 0, 0, 0, 0, 0, 0, 0, 1, 0, 0, 0, 0, 3, 50, 53, 0, 0, 0, 0, 1, 0, 2, 0, 4, 0, 2, 1, 3, 4, 0, 0, 3, 0, 2, 0, 54, 0, 2, 5, 5, 50, 0, 0, 4, 0, 0, 2, 1, 52, 1, 0, 0, 0, 51, 0, 0, 0, 0, 4, 0, 2, 5, 1, 5, 3, 1, 1, 4, 1, 0, 3, 3, 0, 0, 0, 0, 0, 3, 3, 0, 1, : 3, 4, 1, 3, 50, 53, 1, 2, 4, 2, 1, 3, 4, 3, 2, 54, 2, 5, 5, 50, 4, 2, 1, 52, 1, 51, 4, 2, 5, 1, 5, 3, 1, 1, 4, 1, 3, 3, 3, 3, 1, 
32: 0, 0, 0, 0, 0, 4, 0, 0, 0, 0, 0, 3, 0, 0, 0, 0, 0, 0, 0, 0, 3, 0, 0, 0, 4, 0, 1, 0, 0, 0, 0, 0, 0, 0, 0, 0, 0, 0, 5, 53, 3, 0, 0, 0, 4, 0, 4, 3, 1, 0, 3, 1, 2, 0, 1, 0, 3, 0, 2, 0, 53, 0, 1, 2, 55, 1, 1, 4, 5, 0, 0, 0, 0, 1, 0, 0, 0, 5, 0, 4, 3, 4, 3, 1, 5, 0, 2, 5, 1, 0, 5, 0, 0, 1, 0, 0, 3, 0, 0, 4, : 4, 3, 3, 4, 1, 5, 53, 3, 4, 4, 3, 1, 3, 1, 2, 1, 3, 2, 53, 1, 2, 55, 1, 1, 4, 5, 1, 5, 4, 3, 4, 3, 1, 5, 2, 5, 1, 5, 1, 3, 4, 
40: 0, 0, 0, 0, 0, 0, 0, 0, 53, 0, 0, 1, 1, 0, 0, 0, 0, 0, 0, 0, 1, 0, 0, 5, 0, 0, 51, 4, 0, 0, 0, 0, 0, 2, 0, 0, 0, 0, 4, 0, 0, 0, 3, 4, 1, 0, 4, 2, 0, 0, 5, 3, 2, 0, 0, 0, 1, 0, 3, 0, 0, 0, 2, 0, 0, 4, 0, 0, 4, 51, 1, 0, 0, 4, 5, 3, 0, 4, 0, 2, 0, 4, 0, 0, 4, 0, 4, 2, 0, 0, 4, 1, 0, 0, 0, 2, 2, 0, 0, 2, : 53, 1, 1, 1, 5, 51, 4, 2, 4, 3, 4, 1, 4, 2, 5, 3, 2, 1, 3, 2, 4, 4, 51, 1, 4, 5, 3, 4, 2, 4, 4, 4, 2, 4, 1, 2, 2, 2, 


26: 1, 0, 50, 0, 0, 0, 1, 4, 0, 2, 5, 0, 2, 1, 0, 0, 54, 3, 1, 3, 3, 3, 0, 4, 1, 0, 6, 0, 2, 1, 2, 54, 0, 0, 3, 7, 0, 0, 3, 0, 0, 1, 0, 2, 0, 0, 0, 4, 0, 0, 0, 1, 0, 54, 0, 0, 1, 0, 0, 0, 5, 0, 1, 1, 0, 5, 0, 0, 0, 3, 0, 1, 0, 0, 2, 3, 0, 0, 2, 2, 0, 0, 0, 2, 3, 0, 0, 0, 0, 0, 0, 5, 0, 0, 0, 2, 0, 0, 4, 0, : 1, 50, 1, 4, 2, 5, 2, 1, 54, 3, 1, 3, 3, 3, 4, 1, 6, 2, 1, 2, 54, 3, 7, 3, 1, 2, 4, 1, 54, 1, 5, 1, 1, 5, 3, 1, 2, 3, 2, 2, 2, 3, 5, 2, 4, 
35: 0, 0, 3, 1, 0, 3, 1, 3, 0, 4, 5, 0, 3, 3, 0, 0, 0, 4, 5, 3, 1, 0, 0, 3, 0, 0, 2, 0, 5, 50, 5, 0, 0, 0, 1, 4, 0, 0, 0, 0, 0, 0, 0, 0, 1, 1, 4, 4, 0, 0, 0, 2, 0, 0, 0, 1, 0, 0, 0, 0, 0, 2, 3, 0, 0, 5, 0, 0, 0, 0, 0, 1, 0, 0, 1, 1, 0, 0, 0, 4, 0, 0, 0, 5, 2, 0, 0, 0, 0, 0, 0, 3, 0, 0, 0, 0, 0, 0, 3, 0, : 3, 1, 3, 1, 3, 4, 5, 3, 3, 4, 5, 3, 1, 3, 2, 5, 50, 5, 1, 4, 1, 1, 4, 4, 2, 1, 2, 3, 5, 1, 1, 1, 4, 5, 2, 3, 3, 
2: 1, 1, 0, 0, 0, 0, 1, 1, 0, 4, 2, 0, 0, 1, 0, 0, 0, 5, 2, 5, 3, 3, 0, 5, 0, 0, 3, 0, 1, 0, 2, 0, 4, 0, 3, 1, 1, 0, 0, 0, 0, 50, 0, 0, 0, 0, 0, 2, 0, 0, 0, 2, 0, 3, 0, 0, 0, 0, 0, 50, 0, 0, 3, 0, 0, 2, 0, 54, 5, 0, 0, 3, 5, 0, 2, 2, 0, 0, 0, 2, 0, 0, 0, 0, 3, 0, 0, 0, 0, 0, 0, 3, 0, 0, 0, 0, 0, 0, 3, 0, : 1, 1, 1, 1, 4, 2, 1, 5, 2, 5, 3, 3, 5, 3, 1, 2, 4, 3, 1, 1, 50, 2, 2, 3, 50, 3, 2, 54, 5, 3, 5, 2, 2, 2, 3, 3, 3, 
8: 4, 0, 0, 0, 1, 0, 4, 1, 0, 2, 5, 0, 0, 1, 0, 0, 2, 1, 3, 5, 3, 54, 2, 5, 0, 5, 5, 0, 1, 0, 1, 0, 0, 0, 4, 2, 4, 0, 0, 2, 52, 0, 0, 0, 0, 0, 1, 2, 3, 1, 54, 3, 50, 0, 0, 50, 1, 0, 0, 0, 0, 0, 3, 0, 54, 1, 0, 0, 0, 0, 4, 4, 1, 0, 2, 5, 0, 0, 0, 4, 0, 1, 0, 5, 5, 0, 0, 0, 0, 0, 0, 5, 0, 5, 1, 0, 0, 2, 3, 50, : 4, 1, 4, 1, 2, 5, 1, 2, 1, 3, 5, 3, 54, 2, 5, 5, 5, 1, 1, 4, 2, 4, 2, 52, 1, 2, 3, 1, 54, 3, 50, 50, 1, 3, 54, 1, 4, 4, 1, 2, 5, 4, 1, 5, 5, 5, 5, 1, 2, 3, 50, 
39: 51, 0, 0, 51, 0, 0, 5, 5, 0, 4, 3, 0, 2, 1, 0, 0, 2, 1, 4, 2, 1, 0, 0, 2, 3, 0, 1, 0, 3, 5, 1, 0, 54, 0, 4, 2, 4, 0, 0, 0, 1, 1, 1, 0, 0, 0, 0, 1, 50, 0, 0, 4, 0, 0, 0, 2, 0, 0, 0, 0, 0, 4, 2, 0, 0, 3, 3, 0, 0, 0, 0, 4, 0, 0, 4, 5, 5, 0, 51, 5, 0, 0, 0, 1, 2, 0, 0, 0, 0, 0, 0, 2, 0, 0, 1, 0, 0, 0, 5, 0, : 51, 51, 5, 5, 4, 3, 2, 1, 2, 1, 4, 2, 1, 2, 3, 1, 3, 5, 1, 54, 4, 2, 4, 1, 1, 1, 1, 50, 4, 2, 4, 2, 3, 3, 4, 4, 5, 5, 51, 5, 1, 2, 2, 1, 5, 
22: 0, 0, 0, 1, 0, 1, 1, 1, 50, 2, 2, 1, 0, 5, 0, 0, 0, 5, 4, 4, 2, 0, 0, 5, 0, 0, 2, 0, 3, 0, 1, 0, 0, 0, 0, 4, 0, 0, 0, 0, 5, 0, 0, 0, 0, 0, 3, 1, 0, 0, 0, 5, 5, 0, 0, 0, 1, 1, 0, 0, 0, 0, 3, 4, 0, 2, 0, 0, 5, 0, 0, 1, 0, 0, 3, 4, 0, 0, 0, 4, 0, 0, 51, 5, 4, 0, 0, 0, 0, 1, 0, 2, 0, 52, 0, 0, 1, 54, 3, 5, : 1, 1, 1, 1, 50, 2, 2, 1, 5, 5, 4, 4, 2, 5, 2, 3, 1, 4, 5, 3, 1, 5, 5, 1, 1, 3, 4, 2, 5, 1, 3, 4, 4, 51, 5, 4, 1, 2, 52, 1, 54, 3, 5, 
5: 0, 0, 0, 0, 1, 51, 3, 5, 0, 2, 3, 0, 0, 5, 0, 0, 0, 4, 2, 4, 4, 0, 0, 5, 0, 0, 1, 0, 5, 0, 3, 0, 0, 3, 3, 4, 0, 0, 0, 0, 0, 0, 0, 4, 0, 0, 0, 2, 0, 3, 0, 5, 0, 0, 0, 0, 2, 0, 0, 0, 50, 0, 4, 0, 0, 3, 0, 0, 0, 4, 0, 4, 50, 52, 2, 3, 0, 0, 0, 2, 0, 53, 0, 4, 5, 2, 0, 5, 0, 0, 0, 3, 0, 0, 0, 0, 0, 0, 4, 0, : 1, 51, 3, 5, 2, 3, 5, 4, 2, 4, 4, 5, 1, 5, 3, 3, 3, 4, 4, 2, 3, 5, 2, 50, 4, 3, 4, 4, 50, 52, 2, 3, 2, 53, 4, 5, 2, 5, 3, 4, 
12: 0, 0, 1, 0, 0, 0, 5, 4, 0, 3, 4, 0, 0, 1, 0, 1, 0, 5, 2, 4, 5, 0, 54, 0, 0, 0, 5, 0, 4, 1, 5, 0, 0, 3, 1, 1, 0, 0, 0, 0, 0, 0, 0, 3, 0, 1, 0, 1, 0, 54, 0, 3, 0, 0, 0, 0, 2, 3, 0, 0, 0, 0, 1, 1, 4, 5, 0, 0, 0, 0, 0, 1, 0, 0, 5, 5, 0, 0, 0, 3, 0, 0, 3, 5, 5, 0, 0, 0, 0, 2, 3, 3, 0, 0, 0, 1, 0, 0, 1, 1, : 1, 5, 4, 3, 4, 1, 1, 5, 2, 4, 5, 54, 5, 4, 1, 5, 3, 1, 1, 3, 1, 1, 54, 3, 2, 3, 1, 1, 4, 5, 1, 5, 5, 3, 3, 5, 5, 2, 3, 3, 1, 1, 1, 
3: 0, 52, 0, 4, 0, 0, 2, 5, 5, 4, 4, 0, 0, 2, 0, 0, 0, 2, 4, 1, 2, 0, 0, 0, 5, 0, 2, 4, 5, 0, 3, 0, 0, 0, 4, 3, 0, 0, 0, 0, 0, 0, 0, 0, 0, 4, 0, 5, 0, 0, 1, 5, 1, 3, 0, 0, 0, 0, 55, 0, 0, 54, 2, 0, 0, 1, 0, 0, 0, 0, 0, 2, 0, 0, 5, 2, 0, 0, 0, 1, 0, 1, 0, 0, 2, 0, 4, 0, 55, 52, 2, 2, 0, 2, 0, 50, 2, 0, 3, 0, : 52, 4, 2, 5, 5, 4, 4, 2, 2, 4, 1, 2, 5, 2, 4, 5, 3, 4, 3, 4, 5, 1, 5, 1, 3, 55, 54, 2, 1, 2, 5, 2, 1, 1, 2, 4, 55, 52, 2, 2, 2, 50, 2, 3, 
6: 0, 0, 0, 2, 4, 0, 5, 2, 0, 2, 3, 1, 0, 4, 0, 0, 0, 3, 5, 1, 4, 0, 4, 1, 0, 0, 3, 0, 2, 0, 4, 0, 0, 0, 3, 3, 0, 0, 0, 0, 0, 0, 0, 51, 0, 0, 0, 5, 3, 0, 0, 3, 0, 0, 2, 0, 0, 0, 0, 0, 0, 0, 2, 0, 1, 3, 54, 0, 50, 0, 2, 2, 0, 0, 5, 4, 1, 0, 0, 5, 5, 0, 0, 5, 2, 0, 0, 0, 0, 0, 0, 3, 2, 0, 0, 0, 0, 0, 4, 0, : 2, 4, 5, 2, 2, 3, 1, 4, 3, 5, 1, 4, 4, 1, 3, 2, 4, 3, 3, 51, 5, 3, 3, 2, 2, 1, 3, 54, 50, 2, 2, 5, 4, 1, 5, 5, 5, 2, 3, 2, 4, 
20: 1, 4, 0, 0, 0, 0, 1, 4, 0, 1, 4, 53, 0, 2, 52, 5, 0, 3, 2, 5, 3, 0, 0, 3, 0, 0, 4, 50, 4, 0, 5, 0, 0, 0, 1, 4, 0, 0, 0, 0, 0, 0, 4, 0, 0, 0, 0, 5, 1, 0, 4, 1, 0, 0, 0, 2, 52, 0, 0, 0, 0, 0, 5, 0, 0, 1, 1, 0, 0, 0, 0, 5, 0, 0, 4, 1, 3, 0, 0, 4, 1, 0, 0, 0, 5, 0, 0, 0, 0, 0, 0, 2, 0, 0, 0, 3, 0, 0, 5, 0, : 1, 4, 1, 4, 1, 4, 53, 2, 52, 5, 3, 2, 5, 3, 3, 4, 50, 4, 5, 1, 4, 4, 5, 1, 4, 1, 2, 52, 5, 1, 1, 5, 4, 1, 3, 4, 1, 5, 2, 3, 5, 
15: 0, 0, 0, 0, 1, 2, 3, 1, 0, 4, 3, 0, 52, 5, 1, 0, 0, 2, 3, 2, 1, 0, 0, 5, 0, 0, 5, 0, 2, 0, 4, 0, 0, 0, 5, 2, 0, 0, 0, 0, 0, 0, 0, 0, 51, 0, 0, 2, 0, 0, 0, 1, 0, 0, 0, 3, 1, 0, 0, 5, 0, 0, 1, 2, 0, 5, 2, 0, 0, 0, 1, 3, 1, 0, 5, 2, 0, 0, 0, 1, 0, 0, 0, 4, 1, 55, 2, 0, 0, 0, 0, 3, 0, 0, 0, 0, 0, 0, 3, 1, : 1, 2, 3, 1, 4, 3, 52, 5, 1, 2, 3, 2, 1, 5, 5, 2, 4, 5, 2, 51, 2, 1, 3, 1, 5, 1, 2, 5, 2, 1, 3, 1, 5, 2, 1, 4, 1, 55, 2, 3, 3, 1, 
34: 0, 0, 0, 0, 52, 0, 5, 2, 0, 5, 1, 0, 0, 5, 2, 0, 0, 1, 3, 2, 4, 0, 0, 3, 1, 0, 2, 0, 2, 0, 5, 0, 1, 54, 5, 1, 51, 5, 0, 0, 0, 2, 0, 0, 0, 53, 51, 3, 0, 2, 0, 4, 0, 0, 55, 0, 0, 0, 0, 1, 0, 0, 6, 0, 0, 3, 0, 0, 0, 0, 0, 5, 0, 0, 2, 3, 0, 0, 0, 4, 0, 0, 0, 3, 2, 0, 53, 0, 0, 4, 53, 2, 3, 0, 0, 0, 0, 2, 2, 2, : 52, 5, 2, 5, 1, 5, 2, 1, 3, 2, 4, 3, 1, 2, 2, 5, 1, 54, 5, 1, 51, 5, 2, 53, 51, 3, 2, 4, 55, 1, 6, 3, 5, 2, 3, 4, 3, 2, 53, 4, 53, 2, 3, 2, 2, 2, 
29: 0, 0, 5, 0, 0, 0, 5, 5, 0, 4, 2, 0, 0, 2, 2, 50, 2, 1, 1, 2, 3, 0, 0, 0, 0, 55, 2, 0, 3, 0, 1, 0, 0, 0, 2, 5, 0, 0, 0, 0, 2, 0, 0, 0, 4, 0, 0, 4, 0, 0, 0, 4, 0, 0, 0, 1, 0, 5, 1, 0, 0, 0, 2, 0, 0, 1, 0, 1, 0, 0, 0, 5, 0, 0, 3, 2, 0, 0, 2, 4, 0, 0, 4, 3, 3, 0, 0, 0, 4, 0, 0, 2, 50, 0, 55, 0, 0, 0, 3, 0, : 5, 5, 5, 4, 2, 2, 2, 50, 2, 1, 1, 2, 3, 55, 2, 3, 1, 2, 5, 2, 4, 4, 4, 1, 5, 1, 2, 1, 1, 5, 3, 2, 2, 4, 4, 3, 3, 4, 2, 50, 55, 3, 
38: 2, 0, 1, 0, 0, 3, 2, 4, 0, 4, 0, 0, 0, 4, 0, 0, 0, 7, 2, 2, 4, 0, 0, 4, 0, 0, 4, 0, 5, 0, 2, 2, 0, 0, 1, 3, 0, 0, 4, 55, 0, 1, 55, 0, 0, 0, 0, 1, 0, 0, 0, 3, 0, 0, 0, 1, 0, 0, 0, 0, 0, 0, 4, 1, 1, 3, 0, 5, 0, 0, 0, 1, 0, 4, 3, 5, 0, 0, 0, 4, 0, 0, 0, 4, 2, 0, 0, 0, 0, 1, 0, 5, 0, 0, 0, 0, 0, 0, 4, 0, : 2, 1, 3, 2, 4, 4, 4, 7, 2, 2, 4, 4, 4, 5, 2, 2, 1, 3, 4, 55, 1, 55, 1, 3, 1, 4, 1, 1, 3, 5, 1, 4, 3, 5, 4, 4, 2, 1, 5, 4, 
17: 0, 0, 0, 0, 1, 0, 1, 5, 5, 3, 4, 0, 1, 4, 3, 0, 0, 2, 1, 1, 3, 0, 0, 5, 50, 0, 1, 2, 1, 0, 2, 1, 0, 0, 3, 2, 0, 0, 50, 2, 0, 0, 0, 0, 0, 0, 1, 4, 0, 0, 1, 1, 4, 0, 0, 0, 0, 0, 0, 4, 0, 0, 5, 1, 0, 2, 0, 0, 0, 0, 0, 1, 0, 0, 2, 4, 51, 0, 0, 1, 0, 3, 1, 3, 5, 0, 0, 0, 0, 0, 0, 1, 0, 0, 0, 1, 0, 0, 1, 0, : 1, 1, 5, 5, 3, 4, 1, 4, 3, 2, 1, 1, 3, 5, 50, 1, 2, 1, 2, 1, 3, 2, 50, 2, 1, 4, 1, 1, 4, 4, 5, 1, 2, 1, 2, 4, 51, 1, 3, 1, 3, 5, 1, 1, 1, 
23: 0, 0, 0, 0, 0, 0, 7, 2, 0, 2, 4, 3, 0, 3, 0, 2, 0, 5, 4, 5, 3, 0, 0, 5, 0, 0, 1, 4, 4, 0, 5, 0, 0, 0, 2, 1, 0, 0, 0, 0, 0, 0, 0, 0, 0, 0, 0, 1, 0, 0, 0, 4, 0, 0, 0, 0, 0, 0, 0, 0, 0, 0, 1, 0, 0, 3, 0, 0, 0, 0, 0, 5, 0, 2, 2, 0, 0, 53, 5, 4, 0, 1, 0, 0, 1, 0, 1, 55, 0, 0, 0, 3, 0, 0, 0, 3, 4, 2, 4, 0, : 7, 2, 2, 4, 3, 3, 2, 5, 4, 5, 3, 5, 1, 4, 4, 5, 2, 1, 1, 4, 1, 3, 5, 2, 2, 53, 5, 4, 1, 1, 1, 55, 3, 3, 4, 2, 4, 
37: 0, 0, 0, 1, 0, 0, 4, 1, 0, 1, 0, 0, 0, 6, 0, 0, 0, 1, 2, 3, 4, 0, 0, 3, 0, 0, 4, 0, 2, 0, 2, 3, 0, 0, 5, 5, 0, 0, 0, 0, 0, 5, 0, 0, 0, 0, 0, 5, 3, 0, 0, 0, 0, 0, 1, 0, 0, 0, 4, 0, 5, 0, 5, 50, 0, 2, 0, 0, 0, 0, 50, 5, 3, 0, 3, 4, 0, 4, 0, 1, 53, 0, 0, 1, 3, 3, 0, 0, 0, 0, 2, 4, 0, 1, 1, 0, 1, 0, 0, 1, : 1, 4, 1, 1, 6, 1, 2, 3, 4, 3, 4, 2, 2, 3, 5, 5, 5, 5, 3, 1, 4, 5, 5, 50, 2, 50, 5, 3, 3, 4, 4, 1, 53, 1, 3, 3, 2, 4, 1, 1, 1, 1, 
11: 0, 3, 0, 0, 0, 0, 1, 1, 0, 4, 4, 0, 0, 1, 0, 0, 0, 3, 5, 3, 2, 0, 0, 1, 0, 0, 4, 0, 3, 0, 3, 0, 0, 0, 5, 2, 0, 0, 0, 1, 0, 0, 0, 0, 1, 1, 0, 3, 0, 0, 0, 5, 0, 0, 2, 0, 0, 51, 0, 0, 0, 0, 2, 0, 0, 5, 0, 0, 0, 0, 3, 5, 0, 0, 2, 2, 0, 3, 0, 2, 1, 0, 1, 5, 1, 0, 0, 0, 0, 0, 0, 2, 5, 0, 0, 0, 52, 0, 2, 0, : 3, 1, 1, 4, 4, 1, 3, 5, 3, 2, 1, 4, 3, 3, 5, 2, 1, 1, 1, 3, 5, 2, 51, 2, 5, 3, 5, 2, 2, 3, 2, 1, 1, 5, 1, 2, 5, 52, 2, 
18: 0, 0, 0, 0, 0, 0, 3, 4, 0, 3, 2, 2, 0, 4, 0, 2, 0, 2, 5, 3, 5, 0, 0, 1, 0, 0, 3, 0, 3, 3, 4, 0, 1, 0, 5, 4, 0, 55, 3, 0, 0, 0, 0, 0, 3, 0, 0, 5, 0, 0, 0, 4, 0, 0, 0, 0, 0, 0, 0, 0, 0, 0, 5, 0, 0, 5, 0, 0, 0, 53, 0, 2, 0, 2, 3, 3, 0, 0, 0, 3, 0, 1, 0, 5, 4, 0, 0, 0, 1, 0, 0, 5, 0, 0, 2, 0, 0, 0, 3, 0, : 3, 4, 3, 2, 2, 4, 2, 2, 5, 3, 5, 1, 3, 3, 3, 4, 1, 5, 4, 55, 3, 3, 5, 4, 5, 5, 53, 2, 2, 3, 3, 3, 1, 5, 4, 1, 5, 2, 3, 


