
20
100
60
5

18: 2, 0, 0, 1, 2, 54, 0, 0, 0, 2, 0, 2, 0, 0, 0, 5, 5, 2, 0, 0, : 2, 1, 2, 54, 2, 2, 5, 5, 2, 
87: 1, 1, 0, 0, 2, 4, 0, 0, 0, 1, 0, 1, 0, 2, 0, 5, 3, 8, 51, 0, : 1, 1, 2, 4, 1, 1, 2, 5, 3, 8, 51, 
24: 3, 0, 0, 0, 3, 0, 0, 4, 0, 4, 0, 3, 0, 1, 1, 4, 4, 3, 0, 0, : 3, 3, 4, 4, 3, 1, 1, 4, 4, 3, 
31: 4, 0, 0, 0, 4, 0, 0, 0, 0, 4, 2, 5, 0, 0, 0, 1, 1, 5, 0, 0, : 4, 4, 4, 2, 5, 1, 1, 5, 
68: 3, 0, 0, 0, 3, 0, 0, 0, 0, 5, 1, 1, 0, 0, 0, 2, 2, 3, 0, 0, : 3, 3, 5, 1, 1, 2, 2, 3, 
97: 4, 0, 51, 0, 4, 0, 0, 0, 0, 2, 1, 5, 52, 3, 0, 2, 1, 3, 0, 0, : 4, 51, 4, 2, 1, 5, 52, 3, 2, 1, 3, 
56: 1, 0, 0, 0, 2, 0, 0, 0, 0, 5, 3, 5, 0, 0, 0, 3, 4, 3, 4, 0, : 1, 2, 5, 3, 5, 3, 4, 3, 4, 
19: 9, 0, 0, 0, 5, 0, 0, 53, 0, 1, 0, 4, 4, 0, 0, 3, 2, 3, 1, 0, : 9, 5, 53, 1, 4, 4, 3, 2, 3, 1, 
28: 4, 3, 0, 0, 1, 0, 0, 0, 0, 1, 0, 1, 3, 0, 0, 3, 2, 1, 0, 0, : 4, 3, 1, 1, 1, 3, 3, 2, 1, 
41: 2, 53, 5, 0, 2, 0, 0, 0, 3, 2, 0, 2, 0, 0, 0, 5, 4, 2, 0, 0, : 2, 53, 5, 2, 3, 2, 2, 5, 4, 2, 
63: 4, 0, 3, 53, 1, 0, 1, 0, 0, 6, 0, 2, 1, 54, 0, 2, 4, 1, 0, 5, : 4, 3, 53, 1, 1, 6, 2, 1, 54, 2, 4, 1, 5, 
51: 5, 1, 0, 5, 1, 0, 0, 0, 0, 3, 0, 0, 0, 0, 0, 1, 4, 5, 0, 0, : 5, 1, 5, 1, 3, 1, 4, 5, 
1: 3, 0, 0, 0, 1, 0, 5, 0, 0, 4, 0, 4, 0, 0, 0, 2, 4, 3, 0, 0, : 3, 1, 5, 4, 4, 2, 4, 3, 
35: 2, 0, 0, 0, 3, 0, 53, 0, 0, 1, 0, 2, 0, 0, 2, 3, 5, 2, 0, 0, : 2, 3, 53, 1, 2, 2, 3, 5, 2, 
58: 2, 0, 0, 1, 4, 0, 0, 0, 2, 4, 0, 1, 0, 0, 0, 0, 1, 4, 0, 0, : 2, 1, 4, 2, 4, 1, 1, 4, 
95: 2, 0, 0, 0, 5, 0, 1, 0, 0, 1, 53, 5, 0, 0, 2, 2, 3, 3, 0, 0, : 2, 5, 1, 1, 53, 5, 2, 2, 3, 3, 
6: 2, 0, 0, 0, 2, 0, 0, 0, 55, 5, 0, 5, 0, 0, 3, 4, 5, 2, 0, 0, : 2, 2, 55, 5, 5, 3, 4, 5, 2, 
45: 2, 0, 0, 0, 5, 0, 0, 0, 0, 2, 0, 5, 0, 0, 0, 4, 2, 2, 4, 54, : 2, 5, 2, 5, 4, 2, 2, 4, 54, 
66: 1, 2, 1, 0, 5, 2, 0, 3, 0, 3, 0, 4, 0, 0, 52, 5, 3, 3, 0, 0, : 1, 2, 1, 5, 2, 3, 3, 4, 52, 5, 3, 3, 
78: 4, 0, 0, 0, 5, 0, 0, 0, 0, 4, 0, 3, 0, 0, 0, 4, 1, 2, 0, 1, : 4, 5, 4, 3, 4, 1, 2, 1, 


11: 0, 2, 0, 0, 1, 0, 1, 2, 0, 2, 1, 0, 0, 5, 0, 0, 0, 0, 0, 0, : 2, 1, 1, 2, 2, 1, 5, 
30: 0, 51, 0, 0, 1, 0, 1, 4, 0, 0, 0, 53, 0, 5, 0, 1, 4, 1, 52, 0, : 51, 1, 1, 4, 53, 5, 1, 4, 1, 52, 
49: 0, 0, 3, 0, 4, 5, 2, 1, 2, 0, 3, 0, 50, 1, 0, 1, 4, 0, 0, 4, : 3, 4, 5, 2, 1, 2, 3, 50, 1, 1, 4, 4, 
53: 50, 0, 2, 0, 5, 0, 4, 0, 0, 0, 0, 0, 0, 2, 4, 0, 4, 1, 0, 0, : 50, 2, 5, 4, 2, 4, 4, 1, 
16: 4, 0, 0, 53, 3, 0, 0, 0, 51, 0, 2, 0, 0, 1, 0, 0, 1, 0, 0, 0, : 4, 53, 3, 51, 2, 1, 1, 
90: 0, 5, 0, 0, 5, 0, 0, 1, 0, 3, 3, 0, 4, 5, 0, 0, 5, 0, 0, 0, : 5, 5, 1, 3, 3, 4, 5, 5, 
82: 0, 0, 0, 0, 2, 0, 0, 0, 0, 0, 2, 1, 3, 5, 0, 55, 5, 0, 0, 0, : 2, 2, 1, 3, 5, 55, 5, 
76: 0, 0, 0, 0, 4, 0, 0, 50, 0, 0, 4, 0, 0, 2, 0, 0, 1, 1, 0, 0, : 4, 50, 4, 2, 1, 1, 
43: 0, 0, 0, 0, 5, 0, 51, 1, 4, 0, 5, 0, 0, 4, 1, 0, 5, 0, 0, 0, : 5, 51, 1, 4, 5, 4, 1, 5, 
36: 3, 0, 0, 0, 0, 0, 0, 0, 0, 0, 3, 0, 0, 5, 0, 0, 3, 52, 4, 0, : 3, 3, 5, 3, 52, 4, 
20: 0, 0, 53, 0, 5, 0, 1, 0, 0, 0, 2, 0, 0, 4, 0, 0, 1, 0, 0, 0, : 53, 5, 1, 2, 4, 1, 
83: 0, 0, 0, 4, 5, 0, 0, 0, 3, 4, 3, 0, 0, 3, 0, 0, 5, 0, 0, 0, : 4, 5, 3, 4, 3, 3, 5, 
91: 0, 0, 0, 0, 0, 0, 0, 0, 0, 0, 5, 0, 0, 1, 4, 0, 1, 0, 0, 0, : 5, 1, 4, 1, 
54: 0, 0, 0, 3, 5, 0, 0, 0, 0, 0, 3, 0, 0, 1, 0, 0, 1, 4, 0, 0, : 3, 5, 3, 1, 1, 4, 
46: 3, 0, 1, 0, 5, 0, 0, 0, 0, 1, 4, 2, 0, 0, 0, 0, 3, 0, 0, 3, : 3, 1, 5, 1, 4, 2, 3, 3, 
100: 0, 0, 0, 0, 1, 0, 0, 1, 0, 0, 5, 0, 0, 5, 0, 0, 4, 0, 0, 0, : 1, 1, 5, 5, 4, 
70: 0, 0, 0, 0, 4, 0, 0, 0, 0, 0, 5, 0, 3, 4, 0, 0, 1, 1, 0, 0, : 4, 5, 3, 4, 1, 1, 
10: 0, 0, 0, 0, 0, 0, 0, 0, 0, 50, 4, 4, 0, 3, 0, 0, 5, 0, 0, 0, : 50, 4, 4, 3, 5, 
34: 0, 2, 0, 0, 4, 55, 0, 0, 0, 0, 2, 0, 0, 0, 51, 0, 5, 0, 4, 0, : 2, 4, 55, 2, 51, 5, 4, 
79: 0, 0, 1, 0, 1, 0, 0, 0, 0, 0, 4, 0, 0, 4, 0, 3, 2, 0, 0, 53, : 1, 1, 4, 4, 3, 2, 53, 


32: 0, 0, 2, 0, 0, 0, 0, 0, 0, 0, 0, 1, 5, 5, 0, 0, 1, 1, 53, 0, : 2, 1, 5, 5, 1, 1, 53, 
61: 4, 0, 0, 0, 0, 2, 0, 0, 1, 0, 0, 0, 2, 1, 0, 0, 0, 0, 0, 0, : 4, 2, 1, 2, 1, 
96: 0, 0, 5, 1, 0, 4, 0, 0, 0, 0, 52, 0, 0, 2, 0, 0, 0, 0, 0, 0, : 5, 1, 4, 52, 2, 
52: 0, 0, 0, 0, 0, 1, 1, 0, 50, 0, 0, 0, 4, 2, 0, 3, 0, 0, 0, 0, : 1, 1, 50, 4, 2, 3, 
92: 0, 0, 0, 0, 0, 3, 0, 0, 0, 0, 0, 0, 5, 3, 0, 0, 0, 0, 0, 0, : 3, 5, 3, 
89: 0, 0, 2, 0, 0, 4, 0, 0, 5, 0, 0, 3, 3, 1, 0, 0, 2, 0, 0, 0, : 2, 4, 5, 3, 3, 1, 2, 
64: 1, 0, 0, 0, 0, 1, 1, 0, 3, 3, 0, 0, 4, 4, 3, 0, 2, 4, 0, 0, : 1, 1, 1, 3, 3, 4, 4, 3, 2, 4, 
48: 0, 0, 51, 0, 0, 4, 0, 0, 0, 0, 0, 0, 1, 4, 1, 1, 0, 0, 5, 2, : 51, 4, 1, 4, 1, 1, 5, 2, 
25: 0, 0, 0, 0, 50, 4, 0, 0, 0, 0, 0, 0, 0, 3, 54, 0, 1, 0, 0, 0, : 50, 4, 3, 54, 1, 
14: 1, 0, 0, 4, 0, 1, 0, 3, 0, 55, 5, 0, 2, 4, 0, 0, 0, 0, 0, 2, : 1, 4, 1, 3, 55, 5, 2, 4, 2, 
73: 0, 0, 0, 0, 3, 5, 0, 0, 0, 0, 0, 50, 5, 3, 0, 50, 0, 2, 0, 0, : 3, 5, 50, 5, 3, 50, 2, 
2: 0, 2, 0, 0, 0, 3, 0, 51, 0, 0, 1, 2, 5, 3, 0, 0, 0, 0, 0, 53, : 2, 3, 51, 1, 2, 5, 3, 53, 
15: 50, 0, 0, 54, 0, 4, 0, 1, 0, 0, 0, 2, 3, 5, 0, 0, 2, 0, 0, 0, : 50, 54, 4, 1, 2, 3, 5, 2, 
94: 0, 0, 0, 0, 0, 2, 0, 5, 0, 0, 0, 0, 3, 3, 0, 0, 0, 0, 0, 2, : 2, 5, 3, 3, 2, 
38: 0, 0, 0, 0, 1, 5, 3, 0, 0, 0, 0, 0, 1, 4, 0, 0, 0, 53, 0, 1, : 1, 5, 3, 1, 4, 53, 1, 
4: 0, 0, 0, 0, 0, 2, 0, 0, 0, 0, 2, 0, 3, 5, 0, 3, 0, 0, 0, 0, : 2, 2, 3, 5, 3, 
77: 0, 3, 0, 0, 5, 4, 0, 0, 1, 1, 0, 0, 5, 2, 0, 0, 1, 0, 0, 0, : 3, 5, 4, 1, 1, 5, 2, 1, 
62: 0, 0, 0, 0, 0, 5, 53, 0, 0, 1, 0, 2, 5, 1, 2, 0, 0, 0, 0, 0, : 5, 53, 1, 2, 5, 1, 2, 
74: 0, 5, 0, 1, 0, 1, 2, 0, 0, 0, 0, 0, 3, 1, 0, 3, 1, 0, 0, 0, : 5, 1, 1, 2, 3, 1, 3, 1, 
5: 4, 50, 0, 0, 1, 5, 0, 0, 0, 0, 0, 0, 1, 4, 0, 0, 50, 0, 2, 0, : 4, 50, 1, 5, 1, 4, 50, 2, 


21: 0, 5, 0, 0, 3, 0, 2, 0, 1, 0, 0, 0, 0, 0, 0, 2, 4, 0, 1, 0, : 5, 3, 2, 1, 2, 4, 1, 
72: 0, 1, 0, 0, 4, 0, 5, 0, 1, 0, 1, 0, 0, 0, 0, 3, 0, 0, 5, 0, : 1, 4, 5, 1, 1, 3, 5, 
13: 0, 2, 0, 0, 4, 0, 3, 0, 0, 0, 0, 0, 0, 0, 1, 2, 0, 0, 1, 0, : 2, 4, 3, 1, 2, 1, 
33: 5, 3, 0, 1, 2, 0, 4, 5, 0, 0, 0, 0, 0, 0, 1, 5, 0, 0, 5, 0, : 5, 3, 1, 2, 4, 5, 1, 5, 5, 
50: 0, 3, 1, 0, 4, 0, 5, 0, 0, 51, 1, 0, 0, 0, 0, 4, 1, 0, 1, 0, : 3, 1, 4, 5, 51, 1, 4, 1, 1, 
69: 0, 4, 0, 2, 1, 0, 2, 1, 50, 0, 2, 0, 0, 54, 0, 3, 0, 0, 4, 0, : 4, 2, 1, 2, 1, 50, 2, 54, 3, 4, 
60: 0, 2, 0, 0, 3, 0, 4, 0, 0, 0, 0, 5, 0, 4, 0, 5, 50, 0, 3, 54, : 2, 3, 4, 5, 4, 5, 50, 3, 54, 
40: 5, 5, 0, 1, 2, 0, 4, 0, 0, 0, 0, 52, 2, 2, 0, 2, 0, 54, 2, 0, : 5, 5, 1, 2, 4, 52, 2, 2, 2, 54, 2, 
29: 0, 5, 55, 0, 4, 0, 8, 0, 0, 0, 0, 0, 0, 0, 0, 4, 0, 0, 4, 0, : 5, 55, 4, 8, 4, 4, 
67: 0, 2, 0, 0, 4, 0, 1, 0, 0, 0, 0, 0, 1, 0, 5, 3, 0, 1, 2, 3, : 2, 4, 1, 1, 5, 3, 1, 2, 3, 
26: 0, 1, 0, 0, 5, 0, 2, 0, 0, 0, 51, 0, 5, 0, 0, 1, 0, 0, 2, 0, : 1, 5, 2, 51, 5, 1, 2, 
37: 0, 5, 2, 0, 1, 0, 3, 0, 0, 0, 0, 0, 51, 0, 0, 2, 0, 0, 4, 0, : 5, 2, 1, 3, 51, 2, 4, 
44: 0, 1, 0, 0, 2, 0, 2, 51, 3, 1, 0, 0, 0, 0, 0, 5, 0, 2, 2, 0, : 1, 2, 2, 51, 3, 1, 5, 2, 2, 
22: 0, 3, 1, 0, 1, 0, 1, 0, 1, 0, 1, 0, 0, 0, 0, 1, 4, 2, 2, 0, : 3, 1, 1, 1, 1, 1, 1, 4, 2, 2, 
59: 0, 2, 1, 0, 3, 3, 5, 0, 0, 0, 4, 0, 0, 0, 0, 1, 0, 1, 5, 0, : 2, 1, 3, 3, 5, 4, 1, 1, 5, 
39: 50, 1, 0, 0, 3, 2, 1, 0, 4, 1, 0, 0, 1, 0, 0, 4, 0, 0, 4, 2, : 50, 1, 3, 2, 1, 4, 1, 1, 4, 4, 2, 
3: 0, 5, 0, 53, 2, 0, 2, 3, 0, 3, 0, 0, 0, 0, 0, 7, 0, 0, 2, 0, : 5, 53, 2, 2, 3, 3, 7, 2, 
23: 0, 5, 0, 3, 5, 0, 2, 0, 0, 0, 0, 0, 0, 0, 50, 2, 0, 0, 4, 1, : 5, 3, 5, 2, 50, 2, 4, 1, 
65: 0, 1, 0, 0, 2, 0, 1, 0, 0, 3, 0, 3, 0, 0, 3, 2, 0, 0, 3, 0, : 1, 2, 1, 3, 3, 3, 2, 3, 
84: 0, 4, 0, 0, 5, 55, 3, 0, 0, 1, 0, 0, 0, 0, 0, 2, 1, 0, 4, 0, : 4, 5, 55, 3, 1, 2, 1, 4, 


42: 1, 0, 3, 51, 2, 2, 0, 0, 0, 50, 0, 0, 0, 0, 4, 4, 0, 0, 0, 5, : 1, 3, 51, 2, 2, 50, 4, 4, 5, 
27: 0, 0, 4, 0, 2, 1, 0, 4, 0, 0, 3, 0, 0, 0, 4, 0, 0, 0, 3, 1, : 4, 2, 1, 4, 3, 4, 3, 1, 
47: 0, 0, 3, 0, 5, 5, 0, 0, 4, 0, 0, 0, 0, 0, 1, 0, 51, 0, 0, 3, : 3, 5, 5, 4, 1, 51, 3, 
17: 1, 54, 3, 0, 1, 4, 3, 3, 0, 0, 0, 0, 0, 0, 4, 55, 0, 0, 0, 5, : 1, 54, 3, 1, 4, 3, 3, 4, 55, 5, 
80: 0, 0, 1, 0, 5, 2, 52, 0, 1, 0, 0, 0, 0, 0, 5, 0, 5, 0, 0, 4, : 1, 5, 2, 52, 1, 5, 5, 4, 
75: 0, 0, 1, 0, 1, 4, 0, 0, 50, 0, 5, 0, 0, 0, 2, 0, 0, 0, 0, 5, : 1, 1, 4, 50, 5, 2, 5, 
99: 0, 0, 3, 0, 4, 4, 2, 0, 4, 0, 0, 0, 1, 0, 1, 0, 2, 0, 0, 4, : 3, 4, 4, 2, 4, 1, 1, 2, 4, 
88: 0, 3, 5, 0, 2, 0, 0, 0, 0, 0, 1, 0, 2, 0, 3, 0, 0, 0, 0, 5, : 3, 5, 2, 1, 2, 3, 5, 
81: 0, 0, 2, 0, 5, 3, 0, 0, 1, 0, 0, 0, 0, 0, 1, 0, 0, 0, 1, 1, : 2, 5, 3, 1, 1, 1, 1, 
71: 0, 0, 4, 4, 3, 4, 0, 50, 0, 0, 0, 55, 0, 5, 4, 0, 0, 55, 0, 1, : 4, 4, 3, 4, 50, 55, 5, 4, 55, 1, 
9: 0, 0, 1, 2, 2, 5, 0, 0, 0, 5, 50, 0, 0, 1, 6, 0, 0, 2, 0, 4, : 1, 2, 2, 5, 5, 50, 1, 6, 2, 4, 
7: 50, 0, 5, 0, 3, 0, 0, 0, 0, 0, 1, 0, 0, 3, 4, 0, 1, 0, 0, 5, : 50, 5, 3, 1, 3, 4, 1, 5, 
86: 1, 0, 3, 0, 1, 4, 0, 0, 0, 0, 0, 0, 0, 1, 2, 0, 0, 0, 0, 1, : 1, 3, 1, 4, 1, 2, 1, 
93: 0, 0, 3, 3, 5, 5, 0, 0, 0, 0, 0, 0, 4, 0, 1, 0, 0, 0, 1, 4, : 3, 3, 5, 5, 4, 1, 1, 4, 
57: 0, 0, 5, 0, 2, 0, 0, 3, 0, 0, 0, 0, 2, 50, 5, 1, 0, 0, 50, 3, : 5, 2, 3, 2, 50, 5, 1, 50, 3, 
85: 0, 0, 2, 0, 2, 5, 1, 0, 0, 0, 0, 1, 0, 0, 2, 0, 0, 0, 1, 0, : 2, 2, 5, 1, 1, 2, 1, 
8: 1, 0, 2, 0, 3, 2, 0, 0, 0, 0, 0, 3, 0, 0, 5, 0, 1, 0, 0, 2, : 1, 2, 3, 2, 3, 5, 1, 2, 
98: 0, 0, 5, 0, 4, 5, 0, 0, 0, 0, 0, 0, 1, 0, 2, 0, 0, 0, 0, 3, : 5, 4, 5, 1, 2, 3, 
12: 1, 3, 4, 0, 3, 0, 2, 0, 0, 0, 0, 1, 0, 0, 2, 0, 0, 3, 0, 2, : 1, 3, 4, 3, 2, 1, 2, 3, 2, 
55: 5, 0, 1, 0, 5, 5, 0, 0, 0, 5, 0, 0, 50, 0, 2, 0, 0, 0, 4, 2, : 5, 1, 5, 5, 5, 50, 2, 4, 2, 


