
40
400
60
20

183: 0, 1, 0, 0, 5, 1, 54, 0, 0, 0, 0, 0, 0, 0, 0, 0, 0, 0, 3, 2, 0, 0, 1, 4, 0, 2, 0, 0, 0, 0, 1, 0, 1, 5, 0, 0, 2, 0, 0, 0, : 1, 5, 1, 54, 3, 2, 1, 4, 2, 1, 1, 5, 2, 
142: 0, 4, 0, 0, 2, 0, 0, 0, 0, 0, 0, 0, 0, 0, 0, 0, 0, 0, 3, 2, 0, 0, 2, 5, 0, 5, 0, 53, 1, 4, 0, 2, 4, 4, 0, 0, 0, 0, 0, 1, : 4, 2, 3, 2, 2, 5, 5, 53, 1, 4, 2, 4, 4, 1, 
9: 54, 5, 0, 0, 1, 2, 1, 0, 0, 0, 0, 0, 0, 1, 0, 0, 0, 0, 4, 7, 0, 0, 3, 3, 0, 5, 0, 0, 0, 0, 0, 0, 5, 5, 0, 0, 0, 0, 0, 0, : 54, 5, 1, 2, 1, 1, 4, 7, 3, 3, 5, 5, 5, 
85: 0, 3, 0, 0, 1, 5, 3, 0, 0, 51, 0, 0, 0, 0, 1, 0, 0, 0, 2, 4, 0, 0, 3, 4, 2, 2, 50, 0, 0, 0, 0, 0, 3, 5, 4, 0, 0, 0, 0, 0, : 3, 1, 5, 3, 51, 1, 2, 4, 3, 4, 2, 2, 50, 3, 5, 4, 
200: 0, 2, 53, 0, 5, 2, 0, 51, 55, 1, 55, 0, 0, 0, 0, 0, 0, 0, 3, 5, 1, 2, 2, 4, 0, 3, 0, 0, 2, 0, 3, 5, 2, 3, 51, 1, 1, 0, 1, 0, : 2, 53, 5, 2, 51, 55, 1, 55, 3, 5, 1, 2, 2, 4, 3, 2, 3, 5, 2, 3, 51, 1, 1, 1, 
209: 0, 3, 0, 0, 1, 2, 0, 0, 0, 0, 0, 0, 0, 0, 1, 0, 0, 0, 1, 1, 0, 0, 4, 3, 0, 1, 0, 0, 0, 0, 0, 0, 1, 2, 1, 0, 0, 0, 0, 0, : 3, 1, 2, 1, 1, 1, 4, 3, 1, 1, 2, 1, 
202: 0, 5, 0, 0, 1, 5, 0, 5, 5, 0, 2, 5, 5, 0, 2, 0, 4, 0, 4, 1, 1, 0, 3, 2, 5, 4, 3, 1, 0, 0, 1, 0, 3, 3, 0, 51, 0, 1, 0, 0, : 5, 1, 5, 5, 5, 2, 5, 5, 2, 4, 4, 1, 1, 3, 2, 5, 4, 3, 1, 1, 3, 3, 51, 1, 
308: 0, 5, 0, 0, 3, 4, 0, 0, 0, 0, 0, 0, 0, 51, 0, 0, 5, 0, 2, 2, 3, 3, 4, 2, 0, 1, 0, 0, 0, 0, 0, 0, 2, 5, 0, 0, 2, 1, 0, 0, : 5, 3, 4, 51, 5, 2, 2, 3, 3, 4, 2, 1, 2, 5, 2, 1, 
225: 0, 3, 0, 0, 5, 3, 0, 0, 0, 2, 1, 0, 1, 0, 1, 1, 0, 0, 0, 1, 0, 0, 4, 3, 0, 2, 0, 0, 54, 0, 0, 0, 3, 2, 0, 0, 0, 0, 3, 0, : 3, 5, 3, 2, 1, 1, 1, 1, 1, 4, 3, 2, 54, 3, 2, 3, 
25: 0, 2, 0, 0, 3, 2, 0, 0, 0, 0, 0, 0, 54, 0, 0, 0, 0, 55, 3, 2, 0, 0, 1, 0, 0, 2, 0, 0, 0, 0, 0, 0, 5, 2, 0, 0, 1, 0, 0, 0, : 2, 3, 2, 54, 55, 3, 2, 1, 2, 5, 2, 1, 
360: 0, 1, 0, 0, 2, 3, 2, 4, 0, 0, 0, 0, 0, 0, 0, 0, 0, 0, 2, 1, 0, 3, 5, 2, 0, 4, 0, 0, 0, 0, 0, 0, 4, 3, 0, 5, 0, 54, 0, 2, : 1, 2, 3, 2, 4, 2, 1, 3, 5, 2, 4, 4, 3, 5, 54, 2, 
14: 3, 4, 2, 0, 5, 5, 0, 0, 0, 0, 0, 55, 0, 2, 0, 0, 0, 0, 3, 1, 0, 0, 2, 5, 0, 1, 3, 0, 0, 51, 0, 0, 4, 2, 0, 0, 0, 0, 0, 0, : 3, 4, 2, 5, 5, 55, 2, 3, 1, 2, 5, 1, 3, 51, 4, 2, 
378: 1, 3, 0, 0, 1, 4, 0, 0, 0, 0, 0, 0, 0, 0, 2, 0, 1, 0, 2, 1, 0, 0, 2, 1, 0, 4, 0, 3, 0, 2, 0, 0, 4, 1, 0, 0, 2, 4, 0, 0, : 1, 3, 1, 4, 2, 1, 2, 1, 2, 1, 4, 3, 2, 4, 1, 2, 4, 
393: 0, 1, 0, 0, 4, 2, 0, 0, 0, 0, 0, 0, 0, 1, 0, 2, 0, 0, 5, 5, 3, 51, 3, 3, 0, 1, 4, 0, 0, 0, 55, 0, 4, 7, 1, 0, 2, 0, 0, 1, : 1, 4, 2, 1, 2, 5, 5, 3, 51, 3, 3, 1, 4, 55, 4, 7, 1, 2, 1, 
197: 0, 5, 0, 50, 5, 5, 0, 0, 0, 0, 2, 0, 0, 0, 50, 55, 0, 0, 3, 4, 0, 0, 1, 5, 0, 1, 0, 0, 0, 0, 0, 1, 0, 1, 0, 0, 50, 0, 0, 52, : 5, 50, 5, 5, 2, 50, 55, 3, 4, 1, 5, 1, 1, 1, 50, 52, 
86: 1, 3, 5, 0, 3, 3, 0, 0, 0, 2, 0, 0, 0, 0, 3, 1, 50, 5, 4, 8, 1, 0, 5, 1, 0, 1, 0, 0, 3, 0, 0, 52, 2, 2, 0, 3, 0, 0, 2, 3, : 1, 3, 5, 3, 3, 2, 3, 1, 50, 5, 4, 8, 1, 5, 1, 1, 3, 52, 2, 2, 3, 2, 3, 
298: 0, 1, 0, 4, 2, 1, 0, 0, 0, 0, 0, 0, 0, 0, 0, 0, 0, 0, 5, 4, 1, 0, 4, 3, 1, 8, 0, 0, 0, 0, 0, 0, 3, 2, 0, 0, 0, 0, 0, 0, : 1, 4, 2, 1, 5, 4, 1, 4, 3, 1, 8, 3, 2, 
362: 0, 3, 0, 3, 4, 2, 0, 0, 0, 4, 0, 0, 0, 0, 0, 0, 0, 0, 5, 3, 50, 1, 5, 2, 52, 2, 0, 0, 0, 0, 0, 0, 3, 2, 0, 0, 0, 0, 54, 0, : 3, 3, 4, 2, 4, 5, 3, 50, 1, 5, 2, 52, 2, 3, 2, 54, 
288: 0, 1, 0, 3, 4, 5, 0, 0, 0, 0, 0, 0, 0, 0, 0, 1, 0, 0, 5, 2, 0, 0, 2, 3, 0, 6, 0, 3, 0, 3, 0, 0, 3, 3, 0, 0, 0, 0, 0, 1, : 1, 3, 4, 5, 1, 5, 2, 2, 3, 6, 3, 3, 3, 3, 1, 
15: 1, 5, 0, 0, 3, 4, 0, 0, 0, 0, 0, 0, 0, 5, 0, 0, 0, 0, 1, 4, 0, 0, 4, 5, 0, 5, 0, 0, 0, 0, 0, 0, 4, 1, 3, 0, 0, 0, 0, 0, : 1, 5, 3, 4, 5, 1, 4, 4, 5, 5, 4, 1, 3, 


35: 4, 0, 0, 1, 0, 51, 0, 0, 0, 1, 50, 0, 0, 0, 5, 0, 0, 0, 0, 0, 0, 0, 0, 0, 0, 0, 4, 0, 0, 0, 0, 0, 0, 0, 1, 0, 1, 0, 3, 0, : 4, 1, 51, 1, 50, 5, 4, 1, 1, 3, 
347: 2, 0, 3, 0, 0, 0, 0, 0, 0, 0, 3, 0, 0, 1, 51, 0, 0, 0, 0, 0, 54, 0, 0, 0, 0, 0, 5, 0, 0, 0, 0, 0, 0, 0, 3, 5, 3, 52, 0, 0, : 2, 3, 3, 1, 51, 54, 5, 3, 5, 3, 52, 
120: 3, 0, 0, 1, 0, 0, 0, 0, 0, 0, 0, 4, 0, 0, 0, 0, 0, 0, 0, 2, 0, 0, 0, 0, 0, 0, 3, 0, 1, 0, 0, 1, 0, 0, 51, 0, 2, 0, 0, 4, : 3, 1, 4, 2, 3, 1, 1, 51, 2, 4, 
122: 3, 52, 0, 1, 2, 0, 2, 0, 0, 0, 0, 0, 0, 0, 0, 0, 0, 0, 0, 0, 0, 0, 0, 0, 0, 0, 1, 0, 0, 0, 0, 0, 0, 0, 4, 0, 5, 0, 0, 3, : 3, 52, 1, 2, 2, 1, 4, 5, 3, 
274: 4, 0, 0, 0, 0, 0, 0, 0, 0, 0, 0, 0, 0, 0, 0, 0, 0, 5, 0, 0, 0, 0, 0, 0, 54, 0, 2, 0, 0, 0, 0, 0, 0, 0, 0, 3, 5, 0, 52, 0, : 4, 5, 54, 2, 3, 5, 52, 
221: 4, 4, 0, 0, 0, 0, 0, 50, 2, 3, 1, 0, 0, 0, 0, 0, 0, 0, 0, 0, 0, 0, 2, 0, 0, 55, 0, 1, 0, 1, 0, 54, 0, 0, 0, 0, 2, 5, 0, 0, : 4, 4, 50, 2, 3, 1, 2, 55, 1, 1, 54, 2, 5, 
329: 2, 1, 0, 0, 2, 0, 0, 0, 0, 0, 0, 1, 0, 2, 0, 2, 0, 2, 1, 1, 0, 4, 0, 0, 0, 0, 4, 0, 4, 0, 0, 0, 0, 0, 0, 0, 3, 0, 0, 0, : 2, 1, 2, 1, 2, 2, 2, 1, 1, 4, 4, 4, 3, 
340: 5, 0, 0, 1, 0, 0, 0, 0, 3, 0, 0, 0, 1, 0, 0, 53, 0, 0, 54, 50, 0, 52, 0, 0, 0, 0, 2, 0, 0, 0, 0, 0, 0, 0, 0, 1, 3, 2, 0, 50, : 5, 1, 3, 1, 53, 54, 50, 52, 2, 1, 3, 2, 50, 
113: 3, 0, 5, 0, 0, 1, 0, 0, 0, 0, 0, 0, 0, 55, 0, 0, 0, 52, 0, 0, 0, 0, 1, 1, 0, 0, 5, 0, 0, 0, 0, 1, 0, 0, 1, 0, 0, 1, 0, 0, : 3, 5, 1, 55, 52, 1, 1, 5, 1, 1, 1, 
40: 5, 3, 0, 0, 52, 0, 0, 0, 0, 0, 0, 0, 0, 0, 0, 0, 0, 0, 0, 0, 0, 0, 51, 0, 0, 0, 5, 0, 0, 0, 53, 0, 0, 0, 0, 0, 3, 0, 0, 0, : 5, 3, 52, 51, 5, 53, 3, 
107: 1, 0, 0, 4, 0, 1, 0, 0, 0, 0, 0, 0, 0, 0, 0, 0, 0, 0, 5, 0, 0, 0, 0, 0, 0, 0, 4, 5, 0, 0, 5, 0, 4, 0, 0, 0, 4, 0, 0, 0, : 1, 4, 1, 5, 4, 5, 5, 4, 4, 
220: 3, 0, 0, 0, 0, 0, 54, 0, 52, 1, 5, 1, 0, 0, 0, 5, 0, 0, 0, 0, 2, 0, 0, 0, 3, 0, 1, 1, 5, 0, 2, 0, 0, 0, 0, 0, 2, 0, 2, 0, : 3, 54, 52, 1, 5, 1, 5, 2, 3, 1, 1, 5, 2, 2, 2, 
355: 1, 0, 0, 0, 0, 2, 1, 0, 0, 0, 0, 50, 4, 0, 0, 0, 0, 0, 0, 4, 1, 0, 0, 0, 0, 0, 2, 0, 0, 0, 0, 1, 0, 5, 0, 0, 2, 0, 0, 0, : 1, 2, 1, 50, 4, 4, 1, 2, 1, 5, 2, 
386: 5, 0, 0, 0, 2, 0, 0, 0, 0, 0, 0, 1, 0, 0, 0, 0, 0, 0, 0, 0, 0, 0, 0, 0, 0, 0, 5, 0, 0, 0, 0, 0, 50, 0, 0, 0, 4, 0, 0, 0, : 5, 2, 1, 5, 50, 4, 
374: 2, 0, 0, 0, 0, 0, 0, 0, 0, 0, 0, 0, 0, 0, 4, 0, 3, 0, 0, 0, 0, 0, 2, 1, 0, 0, 1, 52, 0, 0, 0, 0, 0, 0, 0, 0, 3, 0, 0, 0, : 2, 4, 3, 2, 1, 1, 52, 3, 
52: 2, 0, 0, 0, 0, 0, 0, 0, 0, 3, 0, 3, 0, 0, 0, 0, 52, 1, 0, 0, 0, 0, 0, 2, 0, 4, 2, 0, 0, 1, 0, 3, 0, 0, 0, 0, 1, 0, 0, 0, : 2, 3, 3, 52, 1, 2, 4, 2, 1, 3, 1, 
301: 1, 0, 0, 51, 0, 0, 0, 5, 0, 0, 0, 0, 0, 0, 0, 0, 0, 0, 0, 2, 3, 0, 0, 1, 0, 0, 3, 1, 50, 0, 0, 0, 3, 55, 0, 0, 3, 0, 0, 0, : 1, 51, 5, 2, 3, 1, 3, 1, 50, 3, 55, 3, 
175: 4, 0, 0, 0, 0, 5, 1, 0, 0, 52, 0, 0, 0, 1, 0, 0, 1, 0, 0, 1, 0, 0, 4, 0, 0, 0, 1, 0, 0, 53, 0, 0, 0, 0, 0, 1, 4, 0, 0, 1, : 4, 5, 1, 52, 1, 1, 1, 4, 1, 53, 1, 4, 1, 
154: 2, 0, 0, 1, 2, 0, 0, 5, 2, 0, 1, 0, 55, 1, 0, 0, 0, 0, 0, 0, 0, 4, 0, 2, 0, 0, 5, 0, 0, 5, 0, 0, 0, 0, 0, 50, 5, 0, 1, 2, : 2, 1, 2, 5, 2, 1, 55, 1, 4, 2, 5, 5, 50, 5, 1, 2, 
236: 4, 0, 52, 0, 0, 0, 2, 0, 1, 0, 0, 0, 0, 0, 0, 0, 4, 0, 0, 0, 0, 0, 0, 53, 3, 1, 5, 0, 0, 0, 0, 0, 3, 0, 0, 0, 5, 0, 2, 0, : 4, 52, 2, 1, 4, 53, 3, 1, 5, 3, 5, 2, 


400: 0, 0, 0, 1, 3, 0, 0, 0, 4, 1, 0, 6, 0, 0, 0, 0, 2, 0, 0, 0, 0, 4, 3, 0, 0, 0, 4, 0, 0, 1, 0, 0, 0, 54, 3, 5, 5, 0, 0, 5, : 1, 3, 4, 1, 6, 2, 4, 3, 4, 1, 54, 3, 5, 5, 5, 
396: 0, 0, 0, 52, 2, 0, 0, 0, 0, 0, 0, 4, 0, 2, 0, 0, 4, 0, 0, 0, 1, 3, 2, 53, 2, 0, 2, 0, 0, 0, 0, 0, 1, 0, 3, 1, 1, 0, 0, 2, : 52, 2, 4, 2, 4, 1, 3, 2, 53, 2, 2, 1, 3, 1, 1, 2, 
240: 0, 0, 1, 4, 0, 0, 0, 0, 0, 0, 0, 7, 0, 0, 0, 0, 4, 0, 54, 1, 0, 1, 0, 2, 0, 0, 3, 0, 4, 0, 0, 0, 0, 0, 2, 0, 4, 0, 0, 4, : 1, 4, 7, 4, 54, 1, 1, 2, 3, 4, 2, 4, 4, 
17: 0, 0, 0, 0, 0, 0, 0, 3, 0, 0, 1, 4, 0, 0, 2, 0, 4, 0, 0, 0, 0, 5, 5, 0, 0, 0, 3, 0, 0, 0, 3, 0, 0, 3, 5, 2, 3, 0, 3, 3, : 3, 1, 4, 2, 4, 5, 5, 3, 3, 3, 5, 2, 3, 3, 3, 
337: 0, 1, 0, 0, 0, 0, 0, 0, 3, 0, 0, 4, 0, 0, 0, 0, 1, 0, 0, 0, 0, 2, 2, 0, 0, 0, 1, 0, 0, 0, 0, 0, 0, 0, 1, 4, 4, 0, 0, 5, : 1, 3, 4, 1, 2, 2, 1, 1, 4, 4, 5, 
344: 0, 0, 0, 0, 0, 0, 1, 0, 0, 0, 1, 2, 53, 1, 0, 55, 5, 1, 0, 0, 0, 2, 3, 0, 0, 3, 2, 0, 1, 0, 0, 0, 53, 0, 1, 5, 1, 0, 0, 3, : 1, 1, 2, 53, 1, 55, 5, 1, 2, 3, 3, 2, 1, 53, 1, 5, 1, 3, 
134: 0, 0, 0, 0, 0, 2, 5, 0, 0, 2, 0, 2, 0, 0, 1, 0, 1, 0, 2, 1, 0, 5, 5, 1, 0, 0, 3, 0, 50, 0, 3, 2, 0, 0, 4, 1, 2, 0, 0, 4, : 2, 5, 2, 2, 1, 1, 2, 1, 5, 5, 1, 3, 50, 3, 2, 4, 1, 2, 4, 
180: 0, 0, 5, 0, 0, 0, 0, 2, 0, 0, 1, 2, 0, 0, 2, 0, 6, 0, 0, 1, 0, 2, 5, 0, 50, 0, 3, 0, 0, 4, 0, 0, 0, 0, 3, 5, 2, 0, 0, 1, : 5, 2, 1, 2, 2, 6, 1, 2, 5, 50, 3, 4, 3, 5, 2, 1, 
312: 0, 0, 0, 0, 0, 0, 0, 0, 0, 3, 0, 2, 0, 51, 0, 0, 1, 0, 0, 53, 53, 2, 3, 1, 0, 0, 4, 1, 0, 0, 0, 0, 1, 0, 3, 2, 7, 0, 0, 5, : 3, 2, 51, 1, 53, 53, 2, 3, 1, 4, 1, 1, 3, 2, 7, 5, 
244: 0, 0, 0, 0, 0, 55, 0, 54, 2, 0, 0, 2, 5, 0, 0, 0, 3, 5, 0, 0, 0, 2, 3, 0, 0, 1, 4, 0, 0, 53, 0, 0, 5, 0, 4, 4, 3, 0, 0, 3, : 55, 54, 2, 2, 5, 3, 5, 2, 3, 1, 4, 53, 5, 4, 4, 3, 3, 
364: 0, 52, 0, 0, 0, 0, 0, 0, 0, 0, 53, 2, 0, 0, 0, 0, 1, 0, 0, 0, 0, 5, 2, 0, 0, 0, 3, 0, 2, 0, 2, 0, 0, 0, 2, 4, 4, 0, 0, 3, : 52, 53, 2, 1, 5, 2, 3, 2, 2, 2, 4, 4, 3, 
153: 0, 2, 0, 0, 0, 0, 0, 0, 0, 0, 3, 4, 0, 0, 0, 1, 4, 0, 1, 0, 0, 4, 3, 2, 3, 0, 3, 0, 0, 2, 0, 0, 0, 0, 3, 4, 3, 0, 3, 1, : 2, 3, 4, 1, 4, 1, 4, 3, 2, 3, 3, 2, 3, 4, 3, 3, 1, 
29: 0, 0, 0, 0, 1, 0, 0, 0, 0, 0, 0, 5, 0, 0, 0, 0, 3, 0, 0, 0, 0, 1, 5, 0, 5, 0, 5, 0, 1, 0, 0, 53, 0, 1, 5, 5, 1, 52, 0, 5, : 1, 5, 3, 1, 5, 5, 5, 1, 53, 1, 5, 5, 1, 52, 5, 
238: 0, 5, 52, 0, 0, 3, 0, 0, 0, 50, 0, 1, 0, 2, 5, 3, 4, 1, 1, 0, 0, 5, 4, 1, 0, 0, 3, 0, 1, 0, 51, 0, 0, 0, 1, 2, 2, 0, 4, 4, : 5, 52, 3, 50, 1, 2, 5, 3, 4, 1, 1, 5, 4, 1, 3, 1, 51, 1, 2, 2, 4, 4, 
356: 3, 0, 0, 0, 0, 0, 0, 0, 51, 0, 0, 3, 0, 0, 0, 0, 2, 0, 2, 0, 1, 2, 0, 0, 0, 55, 1, 50, 0, 0, 0, 0, 0, 0, 8, 5, 3, 0, 0, 3, : 3, 51, 3, 2, 2, 1, 2, 55, 1, 50, 8, 5, 3, 3, 
151: 0, 0, 2, 3, 0, 0, 50, 0, 0, 0, 1, 2, 0, 0, 0, 0, 3, 0, 0, 4, 0, 3, 3, 0, 0, 0, 3, 0, 0, 0, 0, 5, 0, 0, 1, 1, 1, 5, 0, 4, : 2, 3, 50, 1, 2, 3, 4, 3, 3, 3, 5, 1, 1, 1, 5, 4, 
13: 0, 0, 0, 0, 0, 0, 4, 0, 0, 0, 0, 2, 0, 4, 0, 0, 1, 1, 0, 0, 0, 5, 5, 0, 0, 0, 4, 5, 0, 0, 0, 0, 0, 1, 4, 5, 5, 0, 50, 1, : 4, 2, 4, 1, 1, 5, 5, 4, 5, 1, 4, 5, 5, 50, 1, 
65: 0, 0, 0, 0, 0, 0, 0, 0, 0, 4, 0, 4, 1, 0, 0, 0, 4, 52, 0, 0, 0, 2, 5, 0, 0, 1, 3, 0, 1, 0, 1, 0, 0, 0, 1, 0, 1, 3, 0, 2, : 4, 4, 1, 4, 52, 2, 5, 1, 3, 1, 1, 1, 1, 3, 2, 
184: 55, 0, 0, 0, 54, 0, 0, 0, 0, 0, 0, 1, 0, 0, 50, 0, 2, 0, 0, 0, 0, 2, 1, 0, 0, 0, 1, 2, 0, 0, 0, 0, 0, 1, 5, 1, 3, 0, 0, 1, : 55, 54, 1, 50, 2, 2, 1, 1, 2, 1, 5, 1, 3, 1, 
4: 2, 0, 0, 0, 0, 0, 0, 1, 0, 0, 0, 1, 1, 0, 0, 1, 5, 0, 0, 0, 5, 3, 1, 0, 0, 0, 5, 2, 0, 0, 0, 0, 0, 0, 1, 4, 5, 0, 0, 1, : 2, 1, 1, 1, 1, 5, 5, 3, 1, 5, 2, 1, 4, 5, 1, 


263: 0, 0, 0, 1, 0, 0, 0, 0, 0, 0, 1, 0, 51, 0, 0, 1, 1, 0, 0, 0, 0, 0, 0, 1, 1, 0, 0, 0, 1, 4, 55, 0, 1, 0, 2, 0, 0, 4, 5, 2, : 1, 1, 51, 1, 1, 1, 1, 1, 4, 55, 1, 2, 4, 5, 2, 
377: 0, 0, 1, 0, 0, 0, 0, 0, 0, 0, 0, 55, 0, 53, 0, 3, 0, 4, 0, 4, 3, 0, 0, 5, 0, 0, 54, 0, 0, 4, 1, 53, 0, 0, 3, 0, 1, 3, 4, 3, : 1, 55, 53, 3, 4, 4, 3, 5, 54, 4, 1, 53, 3, 1, 3, 4, 3, 
110: 0, 0, 0, 0, 0, 0, 0, 51, 0, 0, 0, 0, 0, 3, 0, 5, 1, 0, 2, 0, 0, 55, 0, 0, 2, 0, 0, 4, 0, 4, 4, 0, 0, 0, 2, 5, 2, 2, 3, 2, : 51, 3, 5, 1, 2, 55, 2, 4, 4, 4, 2, 5, 2, 2, 3, 2, 
349: 3, 52, 0, 0, 0, 1, 3, 0, 0, 1, 0, 0, 0, 0, 0, 2, 0, 0, 0, 0, 0, 0, 0, 0, 0, 4, 0, 0, 0, 0, 0, 0, 0, 0, 2, 0, 0, 2, 2, 0, : 3, 52, 1, 3, 1, 2, 4, 2, 2, 2, 
309: 0, 0, 0, 0, 0, 1, 0, 0, 0, 0, 0, 0, 0, 0, 0, 1, 0, 0, 51, 0, 0, 0, 1, 2, 0, 0, 0, 0, 0, 1, 0, 0, 0, 0, 2, 0, 3, 2, 4, 0, : 1, 1, 51, 1, 2, 1, 2, 3, 2, 4, 
176: 1, 0, 0, 2, 0, 0, 0, 0, 0, 5, 0, 0, 1, 0, 0, 4, 4, 0, 4, 53, 0, 0, 0, 50, 1, 0, 0, 0, 1, 5, 0, 0, 0, 0, 6, 0, 0, 2, 2, 53, : 1, 2, 5, 1, 4, 4, 4, 53, 50, 1, 1, 5, 6, 2, 2, 53, 
41: 0, 0, 0, 0, 0, 0, 0, 0, 54, 0, 0, 0, 0, 3, 0, 5, 0, 0, 1, 0, 2, 0, 0, 0, 0, 0, 0, 0, 0, 3, 0, 0, 0, 0, 4, 0, 1, 2, 2, 0, : 54, 3, 5, 1, 2, 3, 4, 1, 2, 2, 
185: 0, 0, 0, 0, 0, 0, 0, 1, 0, 0, 1, 1, 0, 0, 0, 5, 0, 2, 0, 0, 0, 0, 0, 0, 1, 0, 0, 0, 2, 2, 0, 0, 2, 0, 1, 0, 0, 0, 1, 0, : 1, 1, 1, 5, 2, 1, 2, 2, 2, 1, 1, 
149: 0, 0, 0, 0, 0, 0, 0, 1, 0, 0, 0, 0, 0, 0, 0, 4, 0, 0, 0, 3, 0, 0, 0, 0, 0, 0, 0, 0, 0, 4, 0, 0, 0, 0, 3, 0, 0, 3, 3, 0, : 1, 4, 3, 4, 3, 3, 3, 
262: 0, 0, 0, 0, 0, 0, 0, 0, 0, 0, 0, 0, 2, 0, 0, 1, 0, 0, 0, 0, 0, 1, 52, 0, 0, 0, 5, 0, 53, 2, 0, 0, 0, 0, 2, 0, 50, 2, 1, 0, : 2, 1, 1, 52, 5, 53, 2, 2, 50, 2, 1, 
121: 0, 3, 5, 2, 4, 0, 0, 3, 0, 52, 0, 0, 0, 0, 0, 3, 1, 0, 0, 0, 0, 0, 0, 0, 50, 0, 1, 0, 0, 1, 0, 0, 1, 0, 3, 4, 0, 1, 3, 0, : 3, 5, 2, 4, 3, 52, 3, 1, 50, 1, 1, 1, 3, 4, 1, 3, 
129: 0, 0, 0, 3, 1, 54, 1, 0, 2, 0, 2, 0, 2, 0, 4, 3, 0, 0, 0, 0, 1, 0, 2, 0, 0, 1, 0, 0, 1, 2, 0, 0, 3, 0, 3, 51, 0, 5, 1, 0, : 3, 1, 54, 1, 2, 2, 2, 4, 3, 1, 2, 1, 1, 2, 3, 3, 51, 5, 1, 
194: 54, 0, 0, 51, 0, 0, 0, 0, 1, 0, 2, 0, 0, 1, 0, 2, 0, 0, 0, 0, 0, 0, 1, 0, 0, 53, 0, 0, 0, 5, 0, 0, 1, 0, 4, 0, 0, 5, 1, 0, : 54, 51, 1, 2, 1, 2, 1, 53, 5, 1, 4, 5, 1, 
3: 0, 0, 0, 1, 50, 2, 0, 3, 0, 0, 54, 0, 0, 0, 50, 1, 0, 0, 0, 0, 0, 4, 0, 0, 4, 0, 0, 3, 0, 4, 0, 0, 0, 3, 5, 0, 0, 5, 2, 0, : 1, 50, 2, 3, 54, 50, 1, 4, 4, 3, 4, 3, 5, 5, 2, 
369: 0, 0, 52, 0, 0, 0, 0, 1, 0, 0, 0, 0, 4, 0, 0, 5, 0, 0, 0, 0, 0, 0, 1, 0, 0, 2, 0, 0, 0, 4, 0, 0, 52, 5, 1, 0, 0, 5, 5, 0, : 52, 1, 4, 5, 1, 2, 4, 52, 5, 1, 5, 5, 
322: 0, 0, 0, 0, 0, 0, 0, 0, 0, 0, 0, 0, 0, 0, 2, 3, 0, 54, 0, 0, 3, 0, 0, 1, 0, 0, 0, 0, 0, 3, 0, 0, 0, 0, 2, 0, 0, 3, 9, 0, : 2, 3, 54, 3, 1, 3, 2, 3, 9, 
283: 0, 0, 0, 0, 0, 2, 2, 0, 0, 2, 0, 0, 0, 0, 0, 2, 0, 0, 0, 0, 0, 0, 0, 0, 1, 0, 0, 50, 0, 3, 0, 0, 0, 0, 4, 0, 2, 5, 3, 0, : 2, 2, 2, 2, 1, 50, 3, 4, 2, 5, 3, 
109: 0, 0, 0, 0, 0, 0, 54, 0, 3, 0, 0, 4, 0, 0, 0, 7, 0, 0, 2, 0, 51, 0, 0, 0, 0, 0, 0, 0, 2, 2, 0, 2, 0, 51, 5, 0, 0, 5, 5, 0, : 54, 3, 4, 7, 2, 51, 2, 2, 2, 51, 5, 5, 5, 
358: 0, 5, 2, 0, 0, 0, 0, 0, 0, 0, 0, 0, 0, 0, 4, 1, 0, 0, 0, 0, 0, 0, 2, 1, 0, 0, 0, 3, 0, 4, 0, 5, 0, 1, 5, 0, 0, 2, 2, 0, : 5, 2, 4, 1, 2, 1, 3, 4, 5, 1, 5, 2, 2, 
207: 2, 0, 0, 0, 5, 0, 0, 0, 0, 0, 0, 0, 0, 0, 0, 2, 53, 0, 0, 0, 0, 0, 1, 0, 0, 0, 0, 0, 0, 3, 0, 0, 0, 0, 1, 0, 1, 2, 2, 0, : 2, 5, 2, 53, 1, 3, 1, 1, 2, 2, 


58: 51, 0, 0, 3, 0, 0, 3, 0, 0, 2, 0, 0, 0, 0, 52, 0, 4, 0, 0, 5, 0, 0, 0, 0, 0, 0, 1, 51, 0, 0, 0, 0, 1, 55, 0, 1, 2, 5, 0, 5, : 51, 3, 3, 2, 52, 4, 5, 1, 51, 1, 55, 1, 2, 5, 5, 
336: 3, 0, 0, 1, 1, 0, 0, 0, 0, 1, 0, 0, 54, 0, 0, 0, 5, 0, 0, 5, 0, 0, 0, 0, 0, 0, 3, 0, 0, 0, 2, 0, 2, 0, 0, 0, 0, 2, 0, 2, : 3, 1, 1, 1, 54, 5, 5, 3, 2, 2, 2, 2, 
237: 0, 0, 4, 1, 0, 5, 0, 4, 0, 4, 2, 0, 0, 0, 0, 0, 4, 0, 0, 5, 0, 0, 0, 0, 0, 1, 4, 0, 1, 0, 0, 0, 3, 0, 0, 0, 52, 1, 51, 2, : 4, 1, 5, 4, 4, 2, 4, 5, 1, 4, 1, 3, 52, 1, 51, 2, 
203: 5, 3, 0, 7, 0, 0, 0, 0, 0, 4, 0, 0, 1, 0, 0, 0, 0, 1, 4, 2, 0, 0, 2, 1, 1, 0, 4, 5, 0, 0, 0, 5, 2, 0, 0, 0, 0, 3, 0, 4, : 5, 3, 7, 4, 1, 1, 4, 2, 2, 1, 1, 4, 5, 5, 2, 3, 4, 
383: 0, 0, 0, 5, 0, 0, 0, 0, 4, 3, 0, 0, 0, 0, 0, 0, 5, 2, 2, 0, 0, 0, 5, 0, 0, 0, 5, 0, 0, 0, 50, 0, 4, 0, 0, 2, 0, 2, 0, 2, : 5, 4, 3, 5, 2, 2, 5, 5, 50, 4, 2, 2, 2, 
230: 0, 0, 50, 2, 0, 0, 0, 0, 0, 4, 0, 0, 0, 0, 0, 1, 5, 0, 0, 5, 50, 0, 0, 0, 0, 0, 3, 0, 3, 0, 0, 0, 5, 0, 0, 0, 0, 5, 0, 5, : 50, 2, 4, 1, 5, 5, 50, 3, 3, 5, 5, 5, 
69: 0, 0, 0, 3, 0, 0, 0, 1, 0, 2, 1, 1, 0, 3, 0, 3, 5, 0, 1, 2, 3, 0, 0, 3, 0, 2, 3, 0, 0, 0, 0, 0, 5, 0, 0, 0, 0, 5, 0, 2, : 3, 1, 2, 1, 1, 3, 3, 5, 1, 2, 3, 3, 2, 3, 5, 5, 2, 
296: 0, 0, 0, 2, 0, 0, 0, 0, 0, 5, 0, 0, 0, 0, 0, 0, 0, 3, 0, 2, 0, 0, 0, 0, 5, 0, 2, 0, 0, 54, 0, 0, 1, 0, 0, 0, 5, 1, 0, 2, : 2, 5, 3, 2, 5, 2, 54, 1, 5, 1, 2, 
388: 0, 54, 0, 3, 1, 0, 0, 0, 0, 2, 0, 2, 0, 0, 0, 1, 4, 54, 50, 4, 2, 52, 0, 0, 0, 0, 1, 0, 0, 3, 0, 0, 2, 0, 1, 0, 0, 5, 0, 4, : 54, 3, 1, 2, 2, 1, 4, 54, 50, 4, 2, 52, 1, 3, 2, 1, 5, 4, 
168: 0, 0, 3, 2, 0, 51, 0, 0, 0, 1, 0, 54, 0, 0, 0, 50, 4, 0, 0, 2, 3, 0, 0, 0, 0, 3, 4, 0, 0, 0, 0, 0, 5, 1, 0, 4, 0, 2, 0, 2, : 3, 2, 51, 1, 54, 50, 4, 2, 3, 3, 4, 5, 1, 4, 2, 2, 
133: 1, 0, 0, 5, 55, 0, 0, 0, 0, 1, 0, 0, 0, 0, 0, 0, 5, 0, 0, 4, 0, 0, 0, 0, 0, 0, 1, 0, 3, 0, 1, 0, 5, 0, 0, 0, 0, 3, 1, 1, : 1, 5, 55, 1, 5, 4, 1, 3, 1, 5, 3, 1, 1, 
6: 0, 0, 0, 4, 0, 4, 55, 0, 0, 2, 0, 0, 0, 0, 0, 0, 3, 0, 0, 3, 0, 0, 0, 51, 0, 0, 1, 0, 0, 2, 0, 0, 5, 1, 0, 0, 1, 1, 0, 5, : 4, 4, 55, 2, 3, 3, 51, 1, 2, 5, 1, 1, 1, 5, 
116: 0, 0, 0, 2, 0, 0, 0, 0, 0, 6, 0, 0, 0, 0, 0, 0, 1, 0, 0, 2, 0, 0, 0, 0, 0, 3, 5, 1, 0, 0, 0, 0, 2, 0, 0, 0, 0, 3, 0, 1, : 2, 6, 1, 2, 3, 5, 1, 2, 3, 1, 
215: 0, 0, 0, 2, 0, 0, 2, 1, 4, 2, 0, 0, 0, 0, 0, 2, 0, 0, 0, 0, 0, 0, 0, 0, 0, 0, 3, 1, 0, 0, 1, 51, 3, 3, 1, 0, 0, 3, 0, 0, : 2, 2, 1, 4, 2, 2, 3, 1, 1, 51, 3, 3, 1, 3, 
311: 0, 2, 0, 1, 0, 0, 0, 0, 0, 2, 52, 3, 5, 0, 0, 1, 2, 0, 0, 4, 1, 5, 0, 0, 0, 0, 5, 2, 0, 0, 0, 0, 1, 0, 0, 0, 0, 5, 0, 5, : 2, 1, 2, 52, 3, 5, 1, 2, 4, 1, 5, 5, 2, 1, 5, 5, 
73: 0, 0, 0, 2, 0, 0, 0, 0, 0, 3, 0, 0, 0, 52, 5, 0, 3, 0, 2, 4, 0, 0, 0, 0, 0, 0, 3, 0, 53, 0, 0, 4, 1, 0, 54, 0, 0, 3, 2, 3, : 2, 3, 52, 5, 3, 2, 4, 3, 53, 4, 1, 54, 3, 2, 3, 
42: 0, 0, 0, 3, 0, 0, 0, 54, 52, 5, 0, 0, 0, 1, 0, 0, 1, 0, 0, 2, 0, 0, 0, 0, 0, 0, 2, 0, 0, 1, 2, 0, 4, 0, 4, 53, 0, 1, 0, 3, : 3, 54, 52, 5, 1, 1, 2, 2, 1, 2, 4, 4, 53, 1, 3, 
93: 0, 1, 0, 4, 0, 0, 0, 0, 0, 4, 3, 0, 0, 0, 3, 0, 4, 0, 0, 4, 0, 0, 50, 5, 54, 51, 4, 0, 0, 0, 4, 0, 4, 0, 0, 0, 0, 5, 4, 2, : 1, 4, 4, 3, 3, 4, 4, 50, 5, 54, 51, 4, 4, 4, 5, 4, 2, 
389: 0, 0, 0, 5, 3, 0, 0, 0, 0, 4, 0, 0, 0, 4, 0, 2, 1, 0, 0, 4, 0, 0, 3, 0, 0, 0, 4, 0, 0, 0, 0, 0, 3, 0, 0, 0, 0, 3, 2, 5, : 5, 3, 4, 4, 2, 1, 4, 3, 4, 3, 3, 2, 5, 
97: 0, 0, 3, 3, 0, 0, 0, 0, 0, 3, 2, 0, 0, 0, 0, 0, 4, 0, 1, 1, 1, 3, 0, 0, 0, 0, 2, 0, 0, 0, 0, 0, 2, 0, 0, 0, 0, 2, 0, 5, : 3, 3, 3, 2, 4, 1, 1, 1, 3, 2, 2, 2, 5, 


270: 0, 0, 0, 0, 0, 51, 1, 6, 3, 1, 0, 0, 1, 3, 0, 0, 2, 1, 1, 2, 0, 0, 0, 0, 0, 0, 0, 0, 0, 0, 0, 0, 3, 0, 0, 0, 2, 0, 0, 0, : 51, 1, 6, 3, 1, 1, 3, 2, 1, 1, 2, 3, 2, 
339: 0, 0, 0, 4, 3, 0, 0, 4, 0, 0, 0, 0, 4, 6, 0, 0, 4, 53, 3, 4, 0, 0, 0, 0, 0, 0, 1, 0, 0, 4, 0, 0, 1, 0, 0, 0, 1, 0, 0, 0, : 4, 3, 4, 4, 6, 4, 53, 3, 4, 1, 4, 1, 1, 
190: 0, 3, 0, 0, 0, 4, 0, 1, 0, 50, 0, 0, 4, 3, 0, 0, 2, 0, 1, 0, 0, 2, 0, 0, 0, 0, 0, 0, 0, 0, 0, 0, 5, 0, 0, 0, 2, 0, 4, 0, : 3, 4, 1, 50, 4, 3, 2, 1, 2, 5, 2, 4, 
219: 0, 0, 0, 0, 0, 0, 0, 1, 0, 0, 1, 2, 2, 1, 0, 0, 3, 0, 4, 0, 0, 2, 0, 0, 0, 0, 0, 0, 0, 0, 0, 0, 3, 5, 0, 0, 1, 0, 0, 0, : 1, 1, 2, 2, 1, 3, 4, 2, 3, 5, 1, 
103: 2, 0, 0, 0, 0, 0, 0, 2, 0, 0, 0, 0, 4, 6, 0, 0, 1, 0, 5, 0, 0, 4, 0, 0, 0, 53, 0, 0, 0, 0, 0, 52, 3, 0, 0, 0, 1, 0, 0, 0, : 2, 2, 4, 6, 1, 5, 4, 53, 52, 3, 1, 
214: 0, 0, 1, 0, 0, 0, 0, 4, 0, 0, 0, 0, 5, 2, 0, 1, 4, 4, 1, 0, 0, 0, 4, 1, 52, 0, 0, 1, 0, 51, 0, 0, 2, 0, 0, 5, 4, 0, 50, 0, : 1, 4, 5, 2, 1, 4, 4, 1, 4, 1, 52, 1, 51, 2, 5, 4, 50, 
233: 0, 0, 0, 0, 0, 3, 0, 1, 0, 0, 2, 0, 2, 2, 4, 0, 2, 0, 4, 0, 1, 0, 0, 51, 4, 0, 0, 4, 0, 0, 0, 0, 1, 0, 2, 0, 4, 52, 0, 0, : 3, 1, 2, 2, 2, 4, 2, 4, 1, 51, 4, 4, 1, 2, 4, 52, 
229: 0, 0, 4, 0, 0, 0, 0, 3, 0, 0, 0, 0, 5, 3, 0, 0, 1, 0, 2, 0, 0, 0, 0, 0, 0, 0, 0, 3, 0, 0, 5, 0, 5, 0, 2, 0, 5, 0, 2, 55, : 4, 3, 5, 3, 1, 2, 3, 5, 5, 2, 5, 2, 55, 
155: 0, 0, 0, 0, 0, 0, 0, 2, 0, 0, 0, 53, 5, 4, 0, 5, 5, 0, 3, 0, 0, 0, 0, 0, 0, 0, 0, 0, 0, 0, 0, 0, 2, 51, 0, 0, 1, 0, 0, 2, : 2, 53, 5, 4, 5, 5, 3, 2, 51, 1, 2, 
16: 0, 55, 51, 0, 0, 0, 51, 1, 0, 3, 0, 0, 5, 2, 0, 0, 1, 0, 3, 0, 0, 0, 53, 1, 0, 0, 0, 0, 0, 0, 0, 0, 1, 0, 0, 0, 5, 0, 0, 0, : 55, 51, 51, 1, 3, 5, 2, 1, 3, 53, 1, 1, 5, 
321: 0, 0, 0, 0, 0, 0, 0, 1, 3, 0, 0, 0, 1, 2, 50, 0, 5, 0, 5, 0, 0, 0, 0, 0, 0, 0, 53, 2, 0, 0, 54, 0, 5, 2, 0, 0, 2, 0, 0, 0, : 1, 3, 1, 2, 50, 5, 5, 53, 2, 54, 5, 2, 2, 
204: 0, 2, 0, 0, 55, 0, 1, 3, 0, 0, 0, 0, 1, 1, 0, 54, 5, 0, 4, 0, 4, 0, 0, 0, 1, 0, 3, 50, 4, 4, 0, 0, 5, 1, 0, 0, 5, 5, 0, 0, : 2, 55, 1, 3, 1, 1, 54, 5, 4, 4, 1, 3, 50, 4, 4, 5, 1, 5, 5, 
118: 0, 0, 0, 0, 0, 0, 0, 5, 0, 0, 0, 0, 5, 1, 0, 0, 3, 0, 4, 0, 0, 0, 0, 2, 0, 5, 0, 0, 0, 0, 0, 0, 1, 0, 1, 51, 2, 3, 0, 2, : 5, 5, 1, 3, 4, 2, 5, 1, 1, 51, 2, 3, 2, 
181: 1, 0, 0, 0, 0, 2, 3, 5, 0, 0, 2, 0, 3, 1, 1, 0, 3, 2, 5, 0, 0, 0, 0, 0, 1, 0, 1, 0, 0, 0, 1, 3, 1, 1, 51, 0, 5, 0, 0, 0, : 1, 2, 3, 5, 2, 3, 1, 1, 3, 2, 5, 1, 1, 1, 3, 1, 1, 51, 5, 
39: 0, 0, 0, 55, 0, 0, 0, 1, 0, 0, 0, 0, 4, 3, 0, 0, 4, 0, 5, 0, 0, 0, 3, 0, 1, 0, 0, 0, 0, 0, 0, 0, 5, 0, 0, 0, 3, 0, 0, 0, : 55, 1, 4, 3, 4, 5, 3, 1, 5, 3, 
60: 52, 0, 0, 0, 0, 0, 0, 2, 3, 0, 0, 0, 1, 4, 5, 0, 2, 0, 1, 0, 0, 51, 0, 5, 0, 2, 0, 0, 2, 0, 0, 1, 4, 0, 0, 0, 4, 0, 0, 0, : 52, 2, 3, 1, 4, 5, 2, 1, 51, 5, 2, 2, 1, 4, 4, 
54: 0, 0, 1, 1, 0, 0, 0, 5, 51, 0, 53, 0, 2, 7, 0, 0, 2, 0, 2, 0, 0, 0, 0, 0, 0, 0, 0, 0, 1, 0, 0, 4, 4, 0, 1, 4, 1, 0, 0, 0, : 1, 1, 5, 51, 53, 2, 7, 2, 2, 1, 4, 4, 1, 4, 1, 
351: 0, 0, 0, 0, 2, 0, 0, 4, 0, 1, 0, 0, 4, 3, 0, 0, 4, 0, 1, 0, 55, 1, 0, 0, 0, 0, 0, 0, 0, 0, 0, 0, 3, 0, 0, 0, 3, 0, 0, 0, : 2, 4, 1, 4, 3, 4, 1, 55, 1, 3, 3, 
365: 0, 0, 2, 0, 0, 0, 4, 4, 0, 0, 1, 5, 1, 5, 0, 0, 3, 0, 3, 54, 0, 0, 0, 0, 1, 0, 2, 0, 0, 1, 0, 0, 1, 0, 0, 0, 4, 0, 4, 0, : 2, 4, 4, 1, 5, 1, 5, 3, 3, 54, 1, 2, 1, 1, 4, 4, 
199: 5, 0, 1, 0, 0, 0, 0, 5, 0, 5, 1, 0, 1, 1, 0, 0, 4, 0, 3, 0, 0, 0, 0, 0, 0, 0, 0, 0, 53, 0, 0, 0, 5, 0, 3, 0, 5, 0, 0, 1, : 5, 1, 5, 5, 1, 1, 1, 4, 3, 53, 5, 3, 5, 1, 


252: 1, 0, 4, 1, 0, 0, 0, 1, 0, 0, 5, 2, 0, 2, 0, 0, 0, 0, 0, 0, 0, 1, 2, 53, 0, 0, 0, 0, 0, 0, 5, 0, 0, 0, 0, 55, 0, 3, 0, 0, : 1, 4, 1, 1, 5, 2, 2, 1, 2, 53, 5, 55, 3, 
150: 5, 0, 0, 0, 0, 1, 0, 5, 0, 0, 0, 5, 1, 5, 0, 0, 1, 0, 0, 0, 0, 5, 0, 0, 0, 0, 0, 2, 0, 0, 2, 0, 0, 0, 3, 0, 0, 1, 0, 0, : 5, 1, 5, 5, 1, 5, 1, 5, 2, 2, 3, 1, 
367: 4, 0, 0, 4, 0, 0, 1, 2, 0, 0, 1, 1, 0, 2, 0, 0, 1, 1, 0, 0, 0, 2, 0, 2, 0, 0, 0, 0, 0, 0, 5, 52, 0, 0, 0, 2, 50, 2, 1, 0, : 4, 4, 1, 2, 1, 1, 2, 1, 1, 2, 2, 5, 52, 2, 50, 2, 1, 
385: 4, 0, 0, 0, 0, 52, 0, 1, 1, 0, 0, 1, 4, 2, 3, 0, 1, 1, 0, 0, 0, 5, 0, 0, 0, 0, 0, 0, 55, 0, 1, 0, 1, 5, 0, 0, 4, 3, 0, 0, : 4, 52, 1, 1, 1, 4, 2, 3, 1, 1, 5, 55, 1, 1, 5, 4, 3, 
208: 5, 5, 0, 0, 0, 0, 0, 5, 0, 3, 0, 5, 50, 1, 0, 0, 0, 0, 0, 0, 0, 4, 0, 0, 1, 0, 1, 0, 0, 0, 3, 0, 0, 0, 0, 0, 0, 5, 0, 53, : 5, 5, 5, 3, 5, 50, 1, 4, 1, 1, 3, 5, 53, 
300: 5, 0, 0, 0, 0, 0, 0, 2, 1, 1, 0, 1, 0, 5, 0, 0, 2, 0, 0, 2, 0, 4, 0, 0, 0, 0, 0, 0, 0, 0, 1, 0, 3, 0, 0, 0, 0, 0, 0, 0, : 5, 2, 1, 1, 1, 5, 2, 2, 4, 1, 3, 
278: 3, 0, 0, 0, 1, 0, 1, 4, 0, 4, 0, 4, 0, 1, 1, 5, 0, 0, 52, 0, 0, 2, 0, 1, 0, 0, 0, 0, 0, 0, 4, 0, 51, 0, 0, 0, 0, 5, 0, 0, : 3, 1, 1, 4, 4, 4, 1, 1, 5, 52, 2, 1, 4, 51, 5, 
21: 3, 0, 53, 0, 52, 0, 0, 2, 0, 51, 0, 3, 0, 5, 0, 50, 0, 0, 0, 0, 0, 3, 1, 0, 0, 0, 0, 0, 0, 0, 1, 0, 0, 0, 54, 0, 0, 3, 0, 0, : 3, 53, 52, 2, 51, 3, 5, 50, 3, 1, 1, 54, 3, 
253: 1, 0, 0, 0, 0, 0, 0, 1, 0, 0, 0, 1, 0, 1, 0, 0, 0, 1, 2, 54, 5, 4, 0, 0, 5, 0, 0, 0, 0, 0, 1, 3, 0, 0, 0, 0, 0, 4, 0, 0, : 1, 1, 1, 1, 1, 2, 54, 5, 4, 5, 1, 3, 4, 
20: 2, 0, 0, 0, 0, 0, 0, 4, 0, 0, 0, 3, 0, 2, 0, 0, 53, 0, 0, 0, 0, 2, 0, 1, 3, 54, 2, 0, 0, 0, 5, 5, 0, 0, 3, 3, 4, 2, 0, 2, : 2, 4, 3, 2, 53, 2, 1, 3, 54, 2, 5, 5, 3, 3, 4, 2, 2, 
95: 2, 0, 3, 0, 0, 0, 52, 3, 0, 1, 0, 3, 0, 4, 53, 0, 0, 0, 1, 0, 0, 5, 0, 0, 0, 0, 0, 53, 5, 0, 2, 0, 0, 0, 0, 0, 0, 5, 5, 0, : 2, 3, 52, 3, 1, 3, 4, 53, 1, 5, 53, 5, 2, 5, 5, 
136: 1, 0, 0, 0, 0, 2, 1, 1, 0, 0, 0, 4, 0, 2, 0, 0, 0, 0, 0, 4, 0, 2, 0, 2, 0, 2, 1, 0, 0, 0, 4, 0, 0, 0, 0, 0, 0, 5, 0, 1, : 1, 2, 1, 1, 4, 2, 4, 2, 2, 2, 1, 4, 5, 1, 
36: 4, 0, 0, 1, 5, 0, 0, 5, 55, 0, 0, 2, 0, 3, 1, 0, 1, 0, 0, 0, 0, 1, 51, 0, 0, 0, 0, 1, 0, 2, 2, 0, 0, 4, 0, 0, 0, 4, 0, 0, : 4, 1, 5, 5, 55, 2, 3, 1, 1, 1, 51, 1, 2, 2, 4, 4, 
76: 2, 0, 0, 54, 0, 0, 0, 3, 0, 0, 52, 2, 0, 3, 0, 0, 0, 0, 0, 0, 0, 1, 0, 1, 0, 0, 1, 0, 0, 0, 5, 0, 0, 51, 0, 0, 0, 3, 0, 0, : 2, 54, 3, 52, 2, 3, 1, 1, 1, 5, 51, 3, 
38: 3, 0, 0, 0, 0, 0, 0, 4, 0, 0, 0, 5, 0, 5, 0, 0, 0, 0, 0, 0, 0, 3, 0, 0, 0, 1, 51, 0, 0, 53, 2, 0, 0, 0, 0, 0, 0, 1, 0, 4, : 3, 4, 5, 5, 3, 1, 51, 53, 2, 1, 4, 
257: 3, 3, 0, 0, 0, 5, 0, 4, 0, 0, 0, 3, 3, 2, 0, 0, 0, 0, 0, 0, 0, 4, 1, 0, 0, 0, 0, 0, 0, 0, 1, 0, 0, 0, 0, 0, 0, 4, 0, 0, : 3, 3, 5, 4, 3, 3, 2, 4, 1, 1, 4, 
363: 4, 0, 0, 0, 0, 0, 0, 5, 1, 0, 0, 4, 2, 2, 0, 2, 0, 2, 0, 0, 1, 4, 0, 0, 51, 0, 4, 0, 0, 5, 5, 0, 5, 0, 0, 0, 2, 4, 0, 0, : 4, 5, 1, 4, 2, 2, 2, 2, 1, 4, 51, 4, 5, 5, 5, 2, 4, 
90: 4, 52, 0, 0, 2, 0, 5, 3, 0, 0, 0, 5, 0, 4, 0, 0, 0, 0, 5, 0, 53, 2, 5, 0, 0, 3, 0, 4, 0, 0, 3, 0, 0, 0, 0, 0, 0, 0, 4, 0, : 4, 52, 2, 5, 3, 5, 4, 5, 53, 2, 5, 3, 4, 3, 4, 
206: 3, 0, 0, 0, 0, 0, 0, 3, 2, 0, 1, 2, 0, 4, 0, 0, 1, 55, 0, 0, 0, 5, 0, 0, 0, 0, 0, 0, 0, 0, 3, 0, 0, 0, 0, 0, 0, 4, 50, 0, : 3, 3, 2, 1, 2, 4, 1, 55, 5, 3, 4, 50, 
392: 1, 0, 0, 0, 0, 0, 0, 2, 0, 0, 1, 4, 0, 5, 2, 3, 0, 0, 0, 0, 1, 1, 0, 0, 0, 0, 0, 0, 0, 0, 5, 0, 0, 0, 0, 0, 0, 2, 0, 0, : 1, 2, 1, 4, 5, 2, 3, 1, 1, 5, 2, 


307: 2, 2, 0, 5, 0, 2, 0, 4, 0, 0, 0, 5, 2, 0, 0, 1, 0, 0, 1, 0, 3, 0, 0, 0, 2, 1, 0, 0, 0, 4, 0, 3, 0, 0, 0, 52, 0, 0, 0, 0, : 2, 2, 5, 2, 4, 5, 2, 1, 1, 3, 2, 1, 4, 3, 52, 
37: 0, 0, 0, 4, 0, 0, 0, 4, 0, 0, 0, 0, 1, 52, 1, 3, 0, 0, 4, 0, 6, 0, 0, 0, 55, 53, 0, 0, 0, 2, 0, 0, 3, 0, 0, 1, 1, 0, 0, 0, : 4, 4, 1, 52, 1, 3, 4, 6, 55, 53, 2, 3, 1, 1, 
222: 0, 0, 0, 1, 0, 0, 0, 4, 1, 0, 0, 0, 4, 0, 0, 1, 0, 0, 2, 0, 4, 0, 2, 0, 0, 0, 0, 0, 54, 3, 0, 0, 0, 4, 3, 4, 0, 0, 0, 0, : 1, 4, 1, 4, 1, 2, 4, 2, 54, 3, 4, 3, 4, 
50: 0, 1, 0, 4, 0, 0, 0, 2, 0, 0, 0, 0, 1, 0, 0, 3, 0, 0, 0, 0, 5, 0, 0, 0, 0, 0, 2, 1, 1, 1, 2, 0, 0, 0, 3, 0, 0, 2, 3, 0, : 1, 4, 2, 1, 3, 5, 2, 1, 1, 1, 2, 3, 2, 3, 
55: 0, 0, 0, 4, 2, 0, 1, 3, 3, 0, 0, 0, 1, 0, 3, 5, 55, 0, 0, 4, 3, 4, 0, 0, 0, 0, 3, 0, 0, 6, 0, 0, 0, 0, 1, 0, 0, 0, 0, 53, : 4, 2, 1, 3, 3, 1, 3, 5, 55, 4, 3, 4, 3, 6, 1, 53, 
279: 0, 0, 0, 3, 54, 2, 0, 3, 0, 2, 1, 0, 4, 0, 2, 1, 1, 3, 0, 3, 2, 0, 0, 4, 0, 0, 0, 0, 0, 3, 0, 0, 0, 0, 0, 0, 0, 0, 0, 0, : 3, 54, 2, 3, 2, 1, 4, 2, 1, 1, 3, 3, 2, 4, 3, 
22: 0, 0, 0, 3, 0, 0, 0, 4, 1, 0, 0, 0, 3, 0, 0, 4, 0, 0, 0, 0, 1, 0, 1, 0, 0, 1, 0, 55, 0, 4, 4, 3, 0, 1, 0, 0, 2, 0, 0, 0, : 3, 4, 1, 3, 4, 1, 1, 1, 55, 4, 4, 3, 1, 2, 
250: 0, 0, 0, 5, 0, 1, 1, 2, 0, 0, 0, 0, 4, 0, 0, 1, 1, 0, 0, 0, 5, 2, 0, 4, 0, 0, 0, 0, 0, 3, 0, 0, 0, 0, 1, 0, 0, 0, 0, 0, : 5, 1, 1, 2, 4, 1, 1, 5, 2, 4, 3, 1, 
146: 5, 0, 5, 2, 0, 0, 0, 3, 0, 0, 50, 0, 2, 3, 0, 2, 0, 0, 0, 0, 3, 0, 0, 0, 0, 0, 3, 0, 0, 1, 0, 0, 1, 0, 0, 0, 1, 0, 0, 5, : 5, 5, 2, 3, 50, 2, 3, 2, 3, 3, 1, 1, 1, 5, 
98: 0, 0, 0, 2, 3, 50, 0, 2, 0, 1, 0, 0, 2, 0, 0, 2, 0, 0, 0, 50, 3, 0, 0, 0, 0, 0, 0, 0, 0, 5, 0, 3, 4, 54, 0, 3, 0, 1, 0, 0, : 2, 3, 50, 2, 1, 2, 2, 50, 3, 5, 3, 4, 54, 3, 1, 
82: 1, 0, 0, 3, 0, 1, 0, 3, 0, 0, 1, 1, 4, 1, 0, 3, 0, 0, 0, 2, 2, 0, 0, 0, 0, 0, 0, 0, 0, 4, 0, 0, 0, 0, 0, 0, 0, 4, 0, 0, : 1, 3, 1, 3, 1, 1, 4, 1, 3, 2, 2, 4, 4, 
198: 0, 0, 0, 1, 0, 0, 0, 4, 0, 0, 1, 0, 2, 0, 0, 2, 0, 0, 1, 0, 1, 0, 5, 51, 0, 0, 0, 0, 0, 1, 0, 0, 0, 1, 0, 0, 0, 1, 0, 1, : 1, 4, 1, 2, 2, 1, 1, 5, 51, 1, 1, 1, 1, 
302: 0, 0, 0, 0, 0, 1, 0, 5, 0, 0, 2, 0, 4, 0, 0, 7, 3, 51, 0, 0, 3, 0, 0, 0, 0, 1, 0, 0, 5, 3, 0, 0, 0, 0, 0, 0, 0, 0, 0, 1, : 1, 5, 2, 4, 7, 3, 51, 3, 1, 5, 3, 1, 
83: 0, 0, 0, 5, 0, 0, 1, 5, 0, 0, 1, 50, 2, 0, 0, 4, 0, 0, 0, 0, 2, 0, 0, 1, 0, 0, 2, 0, 0, 1, 0, 1, 0, 0, 0, 0, 0, 0, 0, 0, : 5, 1, 5, 1, 50, 2, 4, 2, 1, 2, 1, 1, 
258: 52, 52, 0, 1, 0, 0, 0, 1, 50, 3, 0, 0, 4, 0, 51, 4, 0, 0, 0, 0, 3, 0, 0, 0, 0, 0, 0, 0, 0, 1, 54, 0, 0, 0, 52, 0, 55, 0, 0, 0, : 52, 52, 1, 1, 50, 3, 4, 51, 4, 3, 1, 54, 52, 55, 
156: 0, 0, 0, 1, 0, 0, 4, 3, 0, 0, 0, 0, 3, 4, 0, 3, 0, 5, 0, 1, 1, 0, 0, 0, 0, 3, 50, 0, 0, 6, 0, 0, 1, 0, 0, 0, 0, 0, 52, 0, : 1, 4, 3, 3, 4, 3, 5, 1, 1, 3, 50, 6, 1, 52, 
387: 0, 0, 0, 2, 0, 0, 0, 4, 5, 0, 3, 0, 3, 0, 0, 6, 0, 0, 0, 0, 3, 0, 0, 0, 3, 0, 0, 4, 0, 3, 0, 0, 0, 0, 0, 0, 1, 0, 5, 0, : 2, 4, 5, 3, 3, 6, 3, 3, 4, 3, 1, 5, 
398: 0, 5, 55, 4, 0, 0, 0, 0, 0, 0, 1, 4, 7, 0, 0, 2, 0, 0, 0, 0, 3, 0, 52, 0, 0, 0, 0, 0, 0, 2, 0, 50, 51, 0, 0, 0, 0, 0, 0, 0, : 5, 55, 4, 1, 4, 7, 2, 3, 52, 2, 50, 51, 
11: 0, 0, 0, 5, 0, 3, 53, 1, 0, 1, 0, 0, 2, 0, 3, 3, 0, 1, 0, 0, 5, 54, 0, 0, 0, 1, 0, 0, 0, 5, 0, 0, 0, 0, 0, 0, 0, 0, 0, 0, : 5, 3, 53, 1, 1, 2, 3, 3, 1, 5, 54, 1, 5, 
165: 0, 0, 0, 5, 1, 0, 0, 3, 0, 53, 0, 0, 5, 0, 0, 3, 0, 0, 52, 0, 2, 0, 0, 0, 0, 0, 0, 0, 0, 2, 0, 0, 0, 0, 0, 0, 0, 52, 0, 0, : 5, 1, 3, 53, 5, 3, 52, 2, 2, 52, 


108: 0, 4, 0, 2, 0, 0, 0, 4, 0, 0, 0, 0, 0, 2, 0, 0, 0, 4, 0, 0, 3, 4, 2, 3, 0, 0, 3, 0, 0, 0, 0, 0, 52, 0, 0, 4, 0, 0, 1, 1, : 4, 2, 4, 2, 4, 3, 4, 2, 3, 3, 52, 4, 1, 1, 
158: 0, 0, 4, 0, 0, 0, 0, 3, 0, 0, 55, 2, 1, 1, 0, 0, 0, 3, 0, 0, 1, 0, 2, 2, 5, 0, 2, 0, 0, 0, 0, 51, 0, 2, 0, 0, 0, 0, 0, 2, : 4, 3, 55, 2, 1, 1, 3, 1, 2, 2, 5, 2, 51, 2, 2, 
152: 1, 0, 0, 3, 0, 0, 5, 3, 3, 0, 0, 0, 0, 1, 3, 0, 0, 1, 0, 5, 2, 0, 0, 0, 50, 0, 2, 0, 0, 0, 0, 0, 0, 0, 0, 0, 0, 0, 0, 5, : 1, 3, 5, 3, 3, 1, 3, 1, 5, 2, 50, 2, 5, 
53: 0, 0, 53, 2, 0, 0, 0, 3, 0, 0, 0, 0, 0, 1, 0, 0, 0, 5, 0, 0, 5, 0, 0, 1, 0, 1, 2, 0, 0, 0, 0, 0, 0, 0, 0, 53, 0, 3, 5, 4, : 53, 2, 3, 1, 5, 5, 1, 1, 2, 53, 3, 5, 4, 
243: 0, 0, 0, 0, 0, 0, 0, 3, 0, 5, 0, 0, 0, 1, 0, 51, 0, 2, 0, 0, 4, 0, 0, 0, 0, 0, 3, 0, 0, 0, 52, 0, 4, 0, 0, 0, 0, 54, 0, 2, : 3, 5, 1, 51, 2, 4, 3, 52, 4, 54, 2, 
143: 0, 0, 0, 1, 1, 0, 1, 3, 0, 0, 0, 0, 0, 10, 0, 0, 0, 1, 50, 0, 2, 0, 0, 52, 0, 0, 4, 0, 0, 0, 0, 4, 0, 0, 0, 0, 53, 0, 0, 1, : 1, 1, 1, 3, 10, 1, 50, 2, 52, 4, 4, 53, 1, 
290: 0, 52, 0, 0, 0, 0, 0, 4, 0, 0, 1, 0, 0, 4, 51, 0, 4, 1, 0, 0, 4, 2, 0, 0, 0, 0, 4, 52, 0, 0, 0, 0, 0, 1, 0, 0, 0, 0, 0, 1, : 52, 4, 1, 4, 51, 4, 1, 4, 2, 4, 52, 1, 1, 
306: 0, 0, 0, 0, 0, 4, 0, 4, 0, 53, 0, 0, 0, 1, 0, 0, 52, 4, 0, 0, 4, 0, 0, 0, 0, 1, 2, 0, 50, 0, 0, 0, 0, 0, 0, 0, 0, 0, 1, 5, : 4, 4, 53, 1, 52, 4, 4, 1, 2, 50, 1, 5, 
314: 3, 0, 0, 0, 0, 0, 0, 1, 1, 0, 0, 1, 1, 5, 0, 0, 0, 5, 5, 51, 1, 0, 0, 0, 0, 2, 5, 0, 0, 0, 4, 0, 0, 2, 0, 0, 0, 3, 0, 4, : 3, 1, 1, 1, 1, 5, 5, 5, 51, 1, 2, 5, 4, 2, 3, 4, 
102: 4, 0, 0, 0, 3, 0, 0, 1, 0, 0, 0, 0, 53, 1, 0, 0, 0, 0, 0, 0, 3, 0, 1, 0, 0, 1, 4, 0, 0, 0, 0, 0, 0, 0, 0, 0, 0, 0, 0, 5, : 4, 3, 1, 53, 1, 3, 1, 1, 4, 5, 
395: 0, 1, 0, 0, 0, 0, 0, 5, 4, 0, 0, 2, 0, 1, 0, 0, 0, 5, 0, 1, 0, 1, 0, 1, 4, 0, 5, 0, 2, 0, 0, 0, 0, 0, 0, 0, 0, 0, 0, 5, : 1, 5, 4, 2, 1, 5, 1, 1, 1, 4, 5, 2, 5, 
70: 0, 0, 0, 0, 2, 0, 0, 3, 0, 0, 0, 0, 0, 2, 0, 0, 3, 5, 0, 0, 4, 50, 0, 0, 0, 53, 3, 0, 1, 55, 0, 0, 0, 1, 53, 1, 1, 0, 50, 4, : 2, 3, 2, 3, 5, 4, 50, 53, 3, 1, 55, 1, 53, 1, 1, 50, 4, 
271: 1, 0, 0, 0, 0, 0, 0, 4, 0, 0, 0, 0, 0, 7, 0, 0, 0, 2, 5, 2, 5, 0, 0, 0, 0, 2, 1, 0, 0, 1, 0, 4, 1, 0, 3, 0, 0, 0, 0, 1, : 1, 4, 7, 2, 5, 2, 5, 2, 1, 1, 4, 1, 3, 1, 
62: 0, 2, 0, 0, 0, 0, 54, 5, 0, 0, 0, 0, 0, 5, 0, 0, 0, 5, 0, 0, 3, 0, 4, 1, 0, 0, 6, 0, 0, 0, 0, 0, 0, 0, 0, 0, 1, 0, 0, 2, : 2, 54, 5, 5, 5, 3, 4, 1, 6, 1, 2, 
361: 0, 0, 0, 0, 0, 0, 0, 1, 0, 2, 0, 1, 0, 4, 0, 3, 0, 4, 0, 0, 4, 3, 0, 0, 0, 0, 2, 0, 0, 3, 3, 0, 0, 0, 0, 0, 0, 0, 3, 3, : 1, 2, 1, 4, 3, 4, 4, 3, 2, 3, 3, 3, 3, 
399: 1, 0, 0, 0, 1, 52, 0, 1, 52, 0, 4, 0, 0, 3, 2, 0, 1, 4, 0, 0, 1, 0, 0, 0, 0, 0, 1, 3, 0, 0, 1, 0, 0, 0, 0, 0, 5, 0, 0, 2, : 1, 1, 52, 1, 52, 4, 3, 2, 1, 4, 1, 1, 3, 1, 5, 2, 
63: 0, 0, 1, 51, 50, 0, 0, 2, 0, 0, 0, 0, 0, 1, 0, 4, 0, 1, 0, 0, 5, 0, 50, 0, 0, 0, 1, 0, 5, 0, 0, 1, 1, 0, 0, 2, 0, 0, 0, 3, : 1, 51, 50, 2, 1, 4, 1, 5, 50, 1, 5, 1, 1, 2, 3, 
30: 50, 0, 0, 0, 0, 0, 0, 3, 0, 0, 0, 4, 5, 2, 2, 0, 0, 2, 0, 1, 2, 0, 1, 0, 0, 0, 2, 5, 0, 0, 0, 0, 0, 0, 0, 0, 0, 0, 0, 1, : 50, 3, 4, 5, 2, 2, 2, 1, 2, 1, 2, 5, 1, 
100: 0, 0, 0, 0, 1, 4, 0, 2, 0, 0, 0, 50, 0, 5, 0, 0, 0, 1, 0, 0, 2, 0, 0, 0, 0, 0, 5, 0, 0, 1, 0, 0, 2, 54, 4, 0, 0, 0, 0, 4, : 1, 4, 2, 50, 5, 1, 2, 5, 1, 2, 54, 4, 4, 
379: 0, 1, 2, 1, 2, 0, 0, 5, 0, 0, 0, 0, 0, 3, 2, 2, 0, 5, 0, 0, 5, 0, 0, 0, 1, 0, 3, 0, 2, 0, 0, 0, 0, 0, 0, 0, 0, 0, 0, 5, : 1, 2, 1, 2, 5, 3, 2, 2, 5, 5, 1, 3, 2, 5, 


394: 0, 3, 0, 0, 4, 5, 0, 0, 5, 0, 0, 4, 50, 0, 53, 0, 2, 0, 0, 1, 4, 2, 1, 1, 55, 0, 4, 0, 51, 0, 0, 5, 0, 3, 2, 0, 1, 1, 0, 0, : 3, 4, 5, 5, 4, 50, 53, 2, 1, 4, 2, 1, 1, 55, 4, 51, 5, 3, 2, 1, 1, 
12: 0, 3, 50, 0, 1, 0, 0, 4, 0, 0, 2, 2, 1, 0, 0, 0, 0, 50, 0, 2, 3, 1, 0, 3, 0, 3, 3, 0, 0, 5, 0, 5, 0, 5, 2, 0, 0, 0, 0, 1, : 3, 50, 1, 4, 2, 2, 1, 50, 2, 3, 1, 3, 3, 3, 5, 5, 5, 2, 1, 
8: 0, 1, 5, 0, 3, 0, 0, 0, 52, 0, 0, 5, 5, 0, 0, 0, 1, 0, 0, 3, 5, 10, 0, 2, 0, 0, 4, 0, 0, 0, 0, 5, 0, 3, 2, 0, 0, 0, 0, 0, : 1, 5, 3, 52, 5, 5, 1, 3, 5, 10, 2, 4, 5, 3, 2, 
74: 0, 4, 1, 0, 5, 0, 0, 0, 0, 0, 0, 0, 0, 0, 0, 55, 1, 0, 0, 5, 5, 1, 0, 1, 0, 0, 1, 1, 0, 0, 0, 1, 0, 2, 5, 0, 0, 0, 0, 0, : 4, 1, 5, 55, 1, 5, 5, 1, 1, 1, 1, 1, 2, 5, 
128: 0, 1, 0, 0, 2, 0, 4, 0, 0, 3, 1, 3, 0, 51, 0, 0, 0, 4, 0, 1, 3, 2, 0, 5, 0, 0, 4, 3, 0, 0, 0, 5, 2, 1, 3, 0, 5, 0, 0, 0, : 1, 2, 4, 3, 1, 3, 51, 4, 1, 3, 2, 5, 4, 3, 5, 2, 1, 3, 5, 
162: 1, 1, 0, 0, 3, 0, 0, 1, 0, 0, 0, 5, 1, 0, 5, 0, 2, 0, 0, 5, 3, 2, 0, 5, 5, 0, 5, 0, 0, 0, 55, 2, 0, 5, 4, 0, 0, 0, 0, 0, : 1, 1, 3, 1, 5, 1, 5, 2, 5, 3, 2, 5, 5, 5, 55, 2, 5, 4, 
2: 1, 5, 0, 5, 3, 0, 0, 0, 0, 0, 1, 4, 0, 0, 0, 0, 0, 0, 0, 1, 3, 4, 55, 5, 0, 51, 5, 0, 0, 0, 0, 4, 0, 3, 3, 0, 52, 4, 0, 1, : 1, 5, 5, 3, 1, 4, 1, 3, 4, 55, 5, 51, 5, 4, 3, 3, 52, 4, 1, 
357: 0, 1, 0, 0, 3, 3, 4, 0, 0, 0, 54, 4, 0, 0, 0, 0, 0, 0, 2, 5, 1, 3, 0, 1, 0, 0, 1, 0, 0, 0, 2, 1, 53, 3, 5, 0, 0, 1, 0, 0, : 1, 3, 3, 4, 54, 4, 2, 5, 1, 3, 1, 1, 2, 1, 53, 3, 5, 1, 
259: 1, 4, 0, 0, 5, 0, 50, 0, 0, 0, 0, 2, 0, 0, 0, 0, 0, 0, 3, 1, 4, 1, 0, 1, 0, 0, 0, 0, 1, 0, 0, 3, 0, 4, 5, 1, 0, 0, 0, 0, : 1, 4, 5, 50, 2, 3, 1, 4, 1, 1, 1, 3, 4, 5, 1, 
226: 0, 4, 0, 0, 1, 0, 0, 0, 0, 0, 0, 0, 0, 0, 0, 0, 0, 0, 0, 1, 1, 5, 0, 1, 0, 0, 2, 2, 0, 0, 0, 5, 0, 1, 2, 0, 2, 0, 0, 0, : 4, 1, 1, 1, 5, 1, 2, 2, 5, 1, 2, 2, 
127: 0, 6, 0, 50, 2, 0, 0, 0, 0, 0, 0, 4, 0, 0, 0, 5, 54, 0, 0, 3, 4, 5, 0, 3, 0, 0, 2, 0, 0, 3, 0, 1, 0, 3, 0, 54, 0, 2, 0, 0, : 6, 50, 2, 4, 5, 54, 3, 4, 5, 3, 2, 3, 1, 3, 54, 2, 
232: 55, 2, 0, 0, 4, 2, 0, 0, 2, 0, 0, 4, 0, 0, 0, 0, 0, 0, 0, 2, 4, 1, 0, 4, 0, 5, 3, 0, 1, 0, 0, 2, 0, 5, 4, 0, 0, 0, 2, 0, : 55, 2, 4, 2, 2, 4, 2, 4, 1, 4, 5, 3, 1, 2, 5, 4, 2, 
71: 1, 7, 0, 4, 3, 50, 0, 0, 1, 3, 0, 1, 0, 0, 0, 0, 0, 0, 0, 1, 2, 6, 4, 1, 0, 0, 3, 0, 0, 0, 0, 1, 0, 2, 5, 3, 0, 0, 0, 53, : 1, 7, 4, 3, 50, 1, 3, 1, 1, 2, 6, 4, 1, 3, 1, 2, 5, 3, 53, 
382: 0, 4, 1, 1, 5, 0, 0, 0, 0, 0, 0, 4, 2, 4, 0, 0, 0, 5, 0, 2, 5, 1, 0, 1, 0, 0, 3, 0, 4, 50, 1, 2, 0, 4, 3, 0, 0, 0, 4, 0, : 4, 1, 1, 5, 4, 2, 4, 5, 2, 5, 1, 1, 3, 4, 50, 1, 2, 4, 3, 4, 
276: 0, 2, 0, 0, 1, 0, 2, 0, 0, 0, 0, 4, 1, 0, 0, 0, 0, 0, 0, 8, 1, 1, 0, 7, 0, 0, 4, 0, 3, 0, 2, 3, 4, 1, 2, 0, 0, 50, 0, 0, : 2, 1, 2, 4, 1, 8, 1, 1, 7, 4, 3, 2, 3, 4, 1, 2, 50, 
231: 0, 1, 0, 0, 2, 0, 0, 1, 0, 0, 0, 4, 0, 0, 0, 0, 0, 1, 52, 1, 2, 4, 0, 2, 0, 0, 3, 1, 0, 0, 0, 3, 0, 5, 0, 0, 0, 1, 0, 0, : 1, 2, 1, 4, 1, 52, 1, 2, 4, 2, 3, 1, 3, 5, 1, 
166: 0, 3, 3, 0, 2, 0, 0, 0, 0, 0, 0, 1, 0, 3, 0, 0, 0, 0, 2, 1, 5, 1, 0, 3, 0, 0, 4, 0, 0, 0, 0, 4, 0, 1, 2, 2, 0, 0, 2, 0, : 3, 3, 2, 1, 3, 2, 1, 5, 1, 3, 4, 4, 1, 2, 2, 2, 
366: 1, 4, 0, 0, 5, 0, 0, 0, 0, 50, 0, 5, 0, 0, 2, 0, 0, 0, 0, 4, 2, 4, 0, 3, 0, 0, 4, 0, 0, 0, 0, 3, 1, 1, 1, 0, 0, 0, 0, 0, : 1, 4, 5, 50, 5, 2, 4, 2, 4, 3, 4, 3, 1, 1, 1, 
187: 0, 1, 0, 0, 4, 0, 0, 4, 0, 0, 2, 3, 0, 0, 0, 0, 0, 0, 1, 1, 2, 5, 0, 7, 0, 1, 5, 53, 0, 0, 0, 1, 0, 4, 5, 0, 0, 0, 0, 0, : 1, 4, 4, 2, 3, 1, 1, 2, 5, 7, 1, 5, 53, 1, 4, 5, 
78: 0, 3, 0, 0, 2, 0, 0, 50, 0, 4, 0, 1, 0, 2, 0, 0, 0, 0, 0, 12, 1, 1, 0, 4, 0, 0, 0, 0, 0, 2, 0, 4, 0, 4, 5, 0, 0, 1, 52, 5, : 3, 2, 50, 4, 1, 2, 12, 1, 1, 4, 2, 4, 4, 5, 1, 52, 5, 


269: 0, 4, 0, 0, 0, 0, 0, 0, 0, 0, 5, 0, 0, 0, 0, 0, 4, 0, 1, 1, 0, 0, 0, 4, 1, 3, 0, 5, 1, 0, 0, 0, 0, 5, 0, 2, 2, 0, 5, 0, : 4, 5, 4, 1, 1, 4, 1, 3, 5, 1, 5, 2, 2, 5, 
326: 0, 5, 0, 0, 0, 0, 53, 0, 0, 0, 3, 0, 0, 0, 2, 0, 2, 0, 1, 3, 0, 2, 0, 1, 3, 3, 0, 1, 0, 0, 0, 0, 3, 2, 0, 2, 5, 3, 1, 0, : 5, 53, 3, 2, 2, 1, 3, 2, 1, 3, 3, 1, 3, 2, 2, 5, 3, 1, 
141: 2, 5, 0, 0, 0, 5, 0, 0, 0, 0, 0, 0, 0, 0, 0, 0, 4, 0, 51, 3, 55, 0, 0, 0, 5, 3, 51, 3, 3, 0, 0, 0, 0, 3, 51, 5, 4, 0, 2, 0, : 2, 5, 5, 4, 51, 3, 55, 5, 3, 51, 3, 3, 3, 51, 5, 4, 2, 
323: 2, 1, 0, 1, 0, 0, 0, 52, 55, 0, 0, 0, 50, 0, 0, 0, 0, 0, 0, 1, 2, 0, 0, 0, 1, 5, 0, 4, 3, 0, 2, 0, 51, 2, 0, 4, 1, 0, 4, 0, : 2, 1, 1, 52, 55, 50, 1, 2, 1, 5, 4, 3, 2, 51, 2, 4, 1, 4, 
273: 0, 0, 0, 0, 0, 0, 0, 0, 3, 0, 1, 3, 3, 0, 0, 0, 5, 0, 0, 1, 0, 0, 0, 0, 5, 2, 0, 2, 5, 0, 4, 0, 0, 5, 0, 2, 4, 0, 2, 0, : 3, 1, 3, 3, 5, 1, 5, 2, 2, 5, 4, 5, 2, 4, 2, 
169: 1, 4, 0, 2, 0, 0, 0, 0, 0, 0, 0, 0, 0, 0, 0, 51, 0, 5, 0, 4, 0, 0, 54, 2, 1, 4, 0, 3, 3, 5, 0, 0, 0, 3, 0, 4, 4, 0, 5, 0, : 1, 4, 2, 51, 5, 4, 54, 2, 1, 4, 3, 3, 5, 3, 4, 4, 5, 
182: 0, 2, 0, 2, 0, 0, 0, 0, 0, 2, 0, 0, 0, 0, 0, 0, 4, 0, 0, 5, 0, 0, 0, 0, 5, 4, 0, 1, 2, 0, 2, 0, 0, 2, 1, 4, 3, 0, 4, 0, : 2, 2, 2, 4, 5, 5, 4, 1, 2, 2, 2, 1, 4, 3, 4, 
282: 1, 4, 0, 0, 0, 0, 0, 0, 0, 0, 1, 0, 0, 0, 0, 0, 4, 0, 0, 1, 0, 0, 0, 0, 4, 4, 0, 3, 0, 52, 0, 0, 0, 1, 0, 4, 2, 0, 3, 0, : 1, 4, 1, 4, 1, 4, 4, 3, 52, 1, 4, 2, 3, 
380: 0, 5, 1, 0, 54, 0, 0, 0, 0, 0, 0, 0, 0, 0, 0, 0, 5, 0, 0, 2, 0, 0, 0, 0, 5, 4, 4, 4, 3, 0, 50, 5, 0, 2, 0, 3, 4, 0, 1, 53, : 5, 1, 54, 5, 2, 5, 4, 4, 4, 3, 50, 5, 2, 3, 4, 1, 53, 
160: 0, 3, 0, 0, 0, 0, 4, 0, 0, 3, 0, 3, 0, 0, 0, 0, 4, 0, 2, 4, 0, 3, 0, 0, 0, 2, 0, 3, 4, 0, 0, 0, 0, 5, 0, 3, 3, 0, 4, 5, : 3, 4, 3, 3, 4, 2, 4, 3, 2, 3, 4, 5, 3, 3, 4, 5, 
328: 0, 4, 0, 3, 0, 51, 3, 1, 0, 0, 50, 0, 0, 0, 0, 0, 0, 0, 0, 5, 0, 0, 1, 0, 3, 1, 0, 2, 2, 0, 2, 0, 0, 1, 0, 3, 3, 0, 5, 0, : 4, 3, 51, 3, 1, 50, 5, 1, 3, 1, 2, 2, 2, 1, 3, 3, 5, 
130: 0, 0, 0, 51, 0, 0, 0, 0, 2, 0, 0, 0, 0, 2, 3, 0, 2, 0, 2, 2, 0, 0, 1, 0, 3, 2, 0, 2, 4, 0, 0, 1, 0, 4, 0, 5, 4, 0, 2, 0, : 51, 2, 2, 3, 2, 2, 2, 1, 3, 2, 2, 4, 1, 4, 5, 4, 2, 
138: 53, 3, 0, 0, 5, 0, 0, 0, 0, 0, 0, 0, 1, 0, 0, 5, 2, 0, 0, 6, 0, 0, 1, 0, 2, 4, 0, 4, 5, 0, 0, 0, 3, 5, 0, 4, 5, 1, 5, 0, : 53, 3, 5, 1, 5, 2, 6, 1, 2, 4, 4, 5, 3, 5, 4, 5, 1, 5, 
255: 0, 5, 55, 0, 0, 0, 0, 3, 0, 1, 0, 0, 0, 0, 0, 0, 5, 3, 0, 1, 0, 0, 0, 2, 3, 3, 0, 5, 4, 0, 0, 0, 0, 1, 0, 2, 1, 0, 4, 0, : 5, 55, 3, 1, 5, 3, 1, 2, 3, 3, 5, 4, 1, 2, 1, 4, 
177: 1, 3, 0, 0, 0, 3, 0, 1, 0, 0, 0, 0, 5, 0, 1, 0, 0, 0, 0, 5, 1, 3, 0, 0, 3, 2, 0, 2, 5, 0, 0, 53, 0, 3, 0, 4, 2, 5, 1, 0, : 1, 3, 3, 1, 5, 1, 5, 1, 3, 3, 2, 2, 5, 53, 3, 4, 2, 5, 1, 
32: 0, 4, 0, 0, 0, 0, 0, 0, 0, 0, 0, 0, 0, 0, 0, 0, 4, 0, 0, 1, 1, 0, 0, 0, 3, 4, 0, 5, 1, 0, 0, 0, 0, 2, 2, 0, 5, 51, 4, 2, : 4, 4, 1, 1, 3, 4, 5, 1, 2, 2, 5, 51, 4, 2, 
114: 0, 0, 3, 0, 0, 1, 0, 0, 0, 0, 0, 50, 0, 53, 0, 0, 5, 51, 0, 3, 0, 52, 0, 51, 5, 3, 0, 2, 4, 0, 0, 1, 0, 3, 0, 1, 2, 0, 2, 0, : 3, 1, 50, 53, 5, 51, 3, 52, 51, 5, 3, 2, 4, 1, 3, 1, 2, 2, 
188: 0, 2, 0, 1, 0, 0, 0, 0, 0, 54, 0, 4, 0, 0, 0, 4, 1, 1, 3, 4, 0, 0, 0, 0, 5, 1, 0, 2, 5, 3, 0, 0, 0, 5, 2, 3, 1, 0, 1, 0, : 2, 1, 54, 4, 4, 1, 1, 3, 4, 5, 1, 2, 5, 3, 5, 2, 3, 1, 1, 
285: 0, 3, 0, 0, 1, 0, 0, 2, 0, 0, 0, 0, 0, 0, 54, 0, 5, 0, 0, 3, 1, 0, 0, 0, 0, 3, 3, 2, 5, 0, 0, 0, 1, 2, 0, 2, 1, 0, 2, 0, : 3, 1, 2, 54, 5, 3, 1, 3, 3, 2, 5, 1, 2, 2, 1, 2, 
161: 0, 3, 1, 0, 0, 0, 0, 1, 0, 0, 0, 0, 1, 5, 0, 0, 4, 0, 0, 5, 0, 0, 3, 0, 3, 3, 2, 5, 1, 0, 0, 0, 2, 4, 4, 3, 4, 0, 3, 0, : 3, 1, 1, 1, 5, 4, 5, 3, 3, 3, 2, 5, 1, 2, 4, 4, 3, 4, 3, 


266: 3, 0, 50, 0, 0, 0, 0, 2, 0, 0, 5, 0, 0, 3, 0, 0, 0, 2, 0, 1, 0, 50, 0, 3, 0, 0, 0, 4, 1, 3, 5, 0, 2, 0, 0, 1, 0, 0, 0, 0, : 3, 50, 2, 5, 3, 2, 1, 50, 3, 4, 1, 3, 5, 2, 1, 
227: 0, 0, 2, 0, 4, 0, 0, 1, 0, 0, 3, 0, 0, 4, 0, 52, 0, 3, 0, 4, 4, 4, 0, 1, 0, 0, 0, 0, 3, 4, 2, 0, 0, 0, 0, 1, 0, 0, 0, 0, : 2, 4, 1, 3, 4, 52, 3, 4, 4, 4, 1, 3, 4, 2, 1, 
123: 0, 0, 0, 0, 0, 0, 0, 4, 0, 0, 4, 0, 0, 5, 0, 0, 0, 5, 0, 4, 0, 0, 3, 3, 0, 0, 0, 0, 2, 1, 50, 2, 0, 0, 0, 5, 0, 0, 0, 2, : 4, 4, 5, 5, 4, 3, 3, 2, 1, 50, 2, 5, 2, 
147: 0, 0, 0, 0, 0, 51, 4, 1, 0, 0, 5, 0, 0, 4, 3, 1, 0, 2, 1, 5, 0, 0, 0, 4, 0, 0, 0, 0, 5, 2, 0, 0, 0, 0, 0, 1, 0, 1, 0, 0, : 51, 4, 1, 5, 4, 3, 1, 2, 1, 5, 4, 5, 2, 1, 1, 
67: 0, 1, 1, 0, 0, 0, 0, 5, 2, 51, 2, 0, 0, 1, 0, 0, 0, 1, 0, 2, 0, 1, 0, 1, 54, 0, 0, 0, 2, 3, 0, 0, 54, 0, 0, 4, 0, 0, 2, 0, : 1, 1, 5, 2, 51, 2, 1, 1, 2, 1, 1, 54, 2, 3, 54, 4, 2, 
333: 0, 0, 0, 0, 50, 4, 1, 5, 0, 0, 1, 1, 5, 1, 0, 0, 0, 5, 0, 1, 0, 0, 0, 3, 0, 0, 1, 2, 1, 4, 0, 1, 0, 1, 0, 4, 50, 0, 0, 0, : 50, 4, 1, 5, 1, 1, 5, 1, 5, 1, 3, 1, 2, 1, 4, 1, 1, 4, 50, 
72: 3, 0, 0, 0, 0, 0, 0, 1, 0, 0, 4, 0, 0, 4, 0, 0, 2, 3, 0, 2, 0, 0, 0, 5, 0, 0, 1, 51, 4, 5, 0, 0, 0, 0, 0, 5, 4, 0, 0, 0, : 3, 1, 4, 4, 2, 3, 2, 5, 1, 51, 4, 5, 5, 4, 
280: 0, 0, 0, 0, 1, 0, 0, 3, 0, 4, 5, 0, 0, 4, 0, 0, 0, 5, 0, 4, 0, 1, 54, 1, 0, 0, 52, 0, 1, 3, 0, 3, 0, 0, 0, 4, 1, 0, 2, 0, : 1, 3, 4, 5, 4, 5, 4, 1, 54, 1, 52, 1, 3, 3, 4, 1, 2, 
305: 0, 0, 0, 0, 1, 0, 0, 5, 3, 0, 1, 0, 0, 1, 51, 4, 0, 5, 0, 3, 0, 0, 2, 5, 3, 2, 0, 0, 4, 5, 0, 0, 0, 0, 0, 3, 0, 0, 55, 4, : 1, 5, 3, 1, 1, 51, 4, 5, 3, 2, 5, 3, 2, 4, 5, 3, 55, 4, 
291: 0, 1, 1, 0, 0, 0, 0, 3, 0, 0, 4, 0, 0, 4, 0, 0, 0, 1, 51, 0, 0, 0, 0, 3, 0, 0, 0, 0, 5, 3, 0, 0, 0, 0, 0, 1, 0, 0, 0, 0, : 1, 1, 3, 4, 4, 1, 51, 3, 5, 3, 1, 
145: 0, 55, 0, 0, 0, 0, 0, 0, 0, 0, 4, 52, 0, 4, 0, 0, 0, 1, 0, 3, 0, 0, 0, 9, 0, 0, 0, 2, 5, 5, 3, 0, 0, 0, 3, 3, 0, 4, 0, 0, : 55, 4, 52, 4, 1, 3, 9, 2, 5, 5, 3, 3, 3, 4, 
174: 0, 0, 0, 0, 0, 0, 0, 4, 0, 0, 2, 3, 0, 4, 0, 1, 4, 2, 0, 5, 0, 0, 1, 4, 0, 1, 2, 0, 3, 1, 0, 2, 0, 0, 0, 1, 1, 54, 0, 0, : 4, 2, 3, 4, 1, 4, 2, 5, 1, 4, 1, 2, 3, 1, 2, 1, 1, 54, 
210: 0, 2, 0, 0, 0, 0, 0, 5, 0, 0, 0, 0, 0, 3, 0, 0, 2, 7, 4, 5, 52, 0, 0, 2, 0, 0, 0, 0, 5, 1, 0, 0, 0, 4, 0, 5, 3, 0, 0, 0, : 2, 5, 3, 2, 7, 4, 5, 52, 2, 5, 1, 4, 5, 3, 
352: 0, 0, 0, 1, 4, 0, 0, 1, 0, 0, 0, 0, 0, 1, 0, 0, 0, 2, 1, 4, 0, 0, 0, 1, 3, 55, 1, 0, 2, 3, 0, 0, 0, 0, 53, 2, 0, 1, 0, 0, : 1, 4, 1, 1, 2, 1, 4, 1, 3, 55, 1, 2, 3, 53, 2, 1, 
81: 51, 0, 0, 3, 0, 0, 2, 5, 0, 0, 3, 0, 0, 1, 0, 0, 52, 3, 0, 3, 0, 0, 0, 4, 0, 0, 1, 0, 6, 4, 0, 52, 0, 0, 0, 4, 1, 0, 1, 0, : 51, 3, 2, 5, 3, 1, 52, 3, 3, 4, 1, 6, 4, 52, 4, 1, 1, 
384: 3, 1, 0, 1, 0, 0, 0, 4, 0, 1, 1, 0, 0, 5, 0, 0, 0, 4, 0, 1, 4, 0, 0, 2, 0, 0, 0, 0, 3, 5, 0, 0, 0, 0, 0, 1, 0, 0, 0, 51, : 3, 1, 1, 4, 1, 1, 5, 4, 1, 4, 2, 3, 5, 1, 51, 
249: 0, 0, 5, 50, 0, 4, 0, 2, 0, 4, 5, 0, 0, 1, 0, 0, 0, 1, 0, 2, 0, 3, 0, 1, 0, 2, 0, 0, 2, 5, 0, 0, 0, 55, 0, 4, 0, 0, 0, 0, : 5, 50, 4, 2, 4, 5, 1, 1, 2, 3, 1, 2, 2, 5, 55, 4, 
48: 0, 0, 0, 1, 0, 0, 3, 5, 4, 0, 4, 4, 0, 4, 5, 0, 0, 4, 0, 4, 0, 1, 0, 2, 0, 0, 1, 0, 2, 1, 0, 0, 1, 0, 4, 4, 0, 0, 0, 3, : 1, 3, 5, 4, 4, 4, 4, 5, 4, 4, 1, 2, 1, 2, 1, 1, 4, 4, 3, 
112: 0, 0, 0, 0, 0, 1, 0, 1, 0, 0, 5, 0, 55, 4, 0, 0, 0, 1, 0, 2, 0, 0, 0, 1, 0, 0, 1, 0, 1, 1, 0, 0, 0, 0, 0, 3, 0, 0, 0, 0, : 1, 1, 5, 55, 4, 1, 2, 1, 1, 1, 1, 3, 
234: 0, 0, 1, 4, 0, 0, 50, 3, 51, 0, 2, 0, 0, 2, 1, 2, 0, 3, 3, 5, 0, 0, 0, 5, 0, 0, 0, 1, 3, 1, 0, 0, 3, 0, 0, 4, 0, 0, 0, 0, : 1, 4, 50, 3, 51, 2, 2, 1, 2, 3, 3, 5, 5, 1, 3, 1, 3, 4, 


148: 0, 0, 1, 0, 1, 4, 0, 0, 0, 0, 3, 0, 0, 1, 2, 1, 5, 5, 0, 0, 0, 0, 4, 0, 0, 4, 0, 3, 1, 0, 50, 1, 3, 0, 0, 0, 2, 5, 0, 4, : 1, 1, 4, 3, 1, 2, 1, 5, 5, 4, 4, 3, 1, 50, 1, 3, 2, 5, 4, 
111: 0, 54, 53, 0, 0, 5, 2, 0, 4, 0, 4, 0, 0, 0, 3, 3, 0, 3, 0, 0, 0, 0, 0, 0, 0, 2, 3, 5, 3, 0, 0, 3, 1, 1, 0, 0, 0, 4, 0, 2, : 54, 53, 5, 2, 4, 4, 3, 3, 3, 2, 3, 5, 3, 3, 1, 1, 4, 2, 
256: 0, 0, 0, 2, 0, 5, 0, 0, 0, 0, 5, 0, 0, 0, 5, 1, 0, 3, 1, 0, 0, 0, 0, 0, 0, 1, 0, 4, 3, 0, 2, 4, 1, 5, 0, 0, 3, 1, 0, 4, : 2, 5, 5, 5, 1, 3, 1, 1, 4, 3, 2, 4, 1, 5, 3, 1, 4, 
315: 55, 0, 0, 0, 5, 3, 0, 0, 0, 0, 4, 0, 0, 0, 4, 3, 0, 2, 3, 1, 2, 0, 51, 0, 0, 4, 0, 1, 2, 2, 3, 3, 2, 0, 51, 0, 0, 4, 1, 2, : 55, 5, 3, 4, 4, 3, 2, 3, 1, 2, 51, 4, 1, 2, 2, 3, 3, 2, 51, 4, 1, 2, 
289: 0, 1, 0, 0, 0, 3, 3, 0, 1, 0, 4, 0, 0, 0, 5, 0, 0, 2, 0, 0, 0, 0, 0, 0, 0, 2, 0, 5, 5, 0, 0, 4, 4, 0, 0, 0, 0, 5, 0, 3, : 1, 3, 3, 1, 4, 5, 2, 2, 5, 5, 4, 4, 5, 3, 
196: 1, 0, 0, 0, 0, 3, 0, 0, 0, 0, 5, 0, 3, 0, 0, 5, 0, 0, 0, 5, 0, 0, 0, 54, 0, 7, 0, 3, 4, 0, 0, 4, 2, 0, 2, 0, 50, 3, 1, 4, : 1, 3, 5, 3, 5, 5, 54, 7, 3, 4, 4, 2, 2, 50, 3, 1, 4, 
332: 0, 2, 0, 0, 0, 5, 0, 0, 0, 0, 2, 0, 53, 0, 1, 3, 0, 3, 0, 0, 3, 0, 2, 0, 0, 5, 0, 2, 1, 1, 0, 2, 5, 0, 0, 0, 0, 1, 0, 3, : 2, 5, 2, 53, 1, 3, 3, 3, 2, 5, 2, 1, 1, 2, 5, 1, 3, 
159: 1, 0, 4, 0, 52, 4, 0, 0, 0, 0, 2, 0, 0, 1, 5, 0, 0, 0, 0, 0, 1, 0, 0, 0, 5, 1, 1, 2, 2, 0, 0, 1, 5, 0, 0, 2, 1, 3, 1, 1, : 1, 4, 52, 4, 2, 1, 5, 1, 5, 1, 1, 2, 2, 1, 5, 2, 1, 3, 1, 1, 
91: 0, 0, 0, 0, 2, 3, 0, 2, 1, 55, 3, 0, 0, 0, 4, 5, 0, 5, 3, 0, 0, 0, 0, 3, 0, 4, 0, 0, 4, 0, 0, 2, 3, 0, 0, 0, 0, 1, 0, 4, : 2, 3, 2, 1, 55, 3, 4, 5, 5, 3, 3, 4, 4, 2, 3, 1, 4, 
353: 0, 0, 0, 0, 0, 5, 0, 0, 0, 0, 3, 0, 0, 0, 5, 3, 53, 5, 0, 0, 0, 0, 0, 0, 0, 2, 0, 0, 9, 0, 0, 1, 2, 1, 0, 52, 0, 3, 0, 3, : 5, 3, 5, 3, 53, 5, 2, 9, 1, 2, 1, 52, 3, 3, 
381: 0, 1, 0, 0, 0, 4, 4, 0, 0, 0, 1, 50, 0, 3, 2, 1, 0, 5, 50, 2, 0, 55, 0, 0, 0, 3, 0, 4, 4, 0, 0, 2, 3, 0, 0, 5, 0, 2, 0, 1, : 1, 4, 4, 1, 50, 3, 2, 1, 5, 50, 2, 55, 3, 4, 4, 2, 3, 5, 2, 1, 
79: 1, 0, 0, 52, 0, 0, 0, 1, 0, 0, 5, 0, 0, 0, 2, 4, 0, 2, 0, 0, 0, 0, 0, 0, 0, 3, 5, 4, 5, 2, 0, 5, 5, 0, 0, 0, 0, 3, 0, 1, : 1, 52, 1, 5, 2, 4, 2, 3, 5, 4, 5, 2, 5, 5, 3, 1, 
281: 0, 0, 0, 1, 0, 1, 0, 0, 0, 0, 5, 0, 0, 0, 3, 3, 0, 1, 2, 0, 1, 0, 0, 0, 0, 4, 0, 0, 4, 0, 0, 5, 3, 53, 0, 0, 0, 1, 53, 5, : 1, 1, 5, 3, 3, 1, 2, 1, 4, 4, 5, 3, 53, 1, 53, 5, 
334: 0, 0, 0, 0, 0, 3, 0, 2, 0, 2, 4, 0, 0, 0, 4, 5, 0, 5, 1, 0, 53, 0, 0, 0, 0, 5, 0, 2, 2, 3, 0, 4, 5, 0, 0, 0, 0, 5, 1, 5, : 3, 2, 2, 4, 4, 5, 5, 1, 53, 5, 2, 2, 3, 4, 5, 5, 1, 5, 
132: 0, 2, 0, 0, 0, 5, 0, 0, 0, 0, 5, 4, 0, 0, 4, 3, 0, 3, 0, 50, 0, 0, 0, 0, 2, 1, 0, 5, 1, 0, 0, 1, 4, 0, 1, 0, 0, 3, 0, 4, : 2, 5, 5, 4, 4, 3, 3, 50, 2, 1, 5, 1, 1, 4, 1, 3, 4, 
303: 0, 0, 0, 0, 0, 1, 51, 0, 0, 0, 3, 1, 0, 0, 2, 5, 0, 5, 0, 0, 0, 0, 0, 0, 0, 1, 0, 4, 2, 0, 0, 5, 4, 0, 1, 1, 0, 2, 0, 1, : 1, 51, 3, 1, 2, 5, 5, 1, 4, 2, 5, 4, 1, 1, 2, 1, 
319: 2, 0, 1, 0, 0, 0, 0, 0, 54, 0, 1, 0, 0, 50, 2, 5, 0, 4, 0, 0, 0, 5, 3, 0, 0, 5, 51, 5, 2, 0, 5, 5, 1, 0, 0, 0, 0, 3, 0, 4, : 2, 1, 54, 1, 50, 2, 5, 4, 5, 3, 5, 51, 5, 2, 5, 5, 1, 3, 4, 
106: 0, 0, 0, 5, 0, 5, 0, 0, 0, 3, 0, 2, 1, 0, 3, 4, 2, 2, 0, 0, 0, 0, 0, 0, 0, 1, 0, 4, 3, 0, 0, 1, 3, 0, 5, 0, 2, 3, 1, 3, : 5, 5, 3, 2, 1, 3, 4, 2, 2, 1, 4, 3, 1, 3, 5, 2, 3, 1, 3, 
242: 0, 0, 1, 0, 0, 1, 0, 55, 0, 0, 1, 3, 1, 0, 2, 1, 0, 4, 0, 0, 0, 0, 0, 0, 0, 3, 0, 5, 2, 1, 0, 3, 2, 0, 0, 0, 2, 4, 2, 3, : 1, 1, 55, 1, 3, 1, 2, 1, 4, 3, 5, 2, 1, 3, 2, 2, 4, 2, 3, 
104: 0, 0, 0, 0, 0, 0, 0, 0, 0, 0, 0, 0, 2, 5, 2, 5, 0, 1, 0, 2, 0, 0, 0, 3, 53, 2, 0, 2, 1, 51, 0, 4, 2, 0, 0, 0, 0, 4, 0, 3, : 2, 5, 2, 5, 1, 2, 3, 53, 2, 2, 1, 51, 4, 2, 4, 3, 


373: 0, 2, 4, 2, 51, 0, 0, 2, 1, 4, 1, 1, 1, 0, 0, 0, 0, 0, 1, 0, 4, 0, 0, 0, 0, 0, 0, 0, 0, 0, 0, 0, 0, 0, 0, 0, 0, 0, 4, 5, : 2, 4, 2, 51, 2, 1, 4, 1, 1, 1, 1, 4, 4, 5, 
313: 4, 0, 1, 1, 0, 0, 0, 5, 0, 2, 4, 0, 0, 0, 1, 0, 0, 0, 4, 0, 2, 0, 0, 0, 0, 0, 0, 0, 0, 0, 1, 0, 0, 0, 0, 0, 0, 50, 2, 2, : 4, 1, 1, 5, 2, 4, 1, 4, 2, 1, 50, 2, 2, 
139: 0, 0, 2, 1, 0, 3, 0, 3, 0, 1, 4, 0, 0, 0, 0, 0, 0, 1, 0, 0, 3, 0, 1, 0, 0, 2, 0, 0, 0, 0, 2, 0, 0, 0, 0, 0, 1, 0, 1, 1, : 2, 1, 3, 3, 1, 4, 1, 3, 1, 2, 2, 1, 1, 1, 
137: 3, 3, 5, 1, 0, 0, 0, 1, 0, 7, 5, 0, 0, 4, 0, 0, 3, 0, 0, 0, 2, 0, 0, 0, 0, 0, 53, 0, 0, 0, 52, 3, 0, 0, 1, 0, 0, 0, 3, 3, : 3, 3, 5, 1, 1, 7, 5, 4, 3, 2, 53, 52, 3, 1, 3, 3, 
376: 0, 0, 2, 1, 0, 3, 0, 1, 0, 2, 1, 4, 0, 0, 0, 50, 1, 0, 0, 0, 5, 0, 1, 0, 0, 0, 0, 0, 0, 0, 0, 0, 0, 1, 0, 0, 3, 5, 1, 3, : 2, 1, 3, 1, 2, 1, 4, 50, 1, 5, 1, 1, 3, 5, 1, 3, 
310: 0, 0, 2, 4, 0, 0, 0, 2, 0, 5, 5, 2, 0, 0, 52, 0, 0, 53, 0, 0, 1, 0, 0, 0, 0, 0, 0, 0, 51, 0, 0, 0, 0, 0, 0, 0, 0, 0, 3, 8, : 2, 4, 2, 5, 5, 2, 52, 53, 1, 51, 3, 8, 
272: 0, 0, 5, 2, 0, 0, 0, 5, 0, 4, 3, 0, 0, 0, 1, 4, 0, 0, 0, 0, 4, 0, 0, 2, 0, 0, 0, 0, 0, 0, 0, 0, 0, 52, 0, 0, 0, 0, 2, 1, : 5, 2, 5, 4, 3, 1, 4, 4, 2, 52, 2, 1, 
75: 0, 0, 3, 3, 0, 0, 0, 3, 0, 1, 1, 0, 54, 52, 0, 0, 1, 0, 0, 2, 4, 0, 0, 0, 5, 0, 0, 0, 0, 2, 1, 0, 0, 0, 0, 1, 2, 0, 3, 2, : 3, 3, 3, 1, 1, 54, 52, 1, 2, 4, 5, 2, 1, 1, 2, 3, 2, 
77: 0, 0, 3, 3, 0, 0, 0, 3, 0, 3, 4, 0, 0, 0, 0, 0, 0, 0, 0, 1, 2, 55, 2, 0, 3, 0, 0, 3, 0, 0, 0, 0, 0, 0, 0, 0, 0, 0, 5, 4, : 3, 3, 3, 3, 4, 1, 2, 55, 2, 3, 3, 5, 4, 
27: 0, 0, 5, 3, 4, 0, 0, 4, 0, 1, 2, 0, 0, 4, 0, 0, 4, 0, 1, 0, 3, 0, 50, 3, 0, 0, 1, 0, 0, 0, 2, 0, 0, 0, 0, 2, 0, 0, 5, 5, : 5, 3, 4, 4, 1, 2, 4, 4, 1, 3, 50, 3, 1, 2, 2, 5, 5, 
99: 0, 55, 1, 4, 0, 0, 0, 4, 2, 4, 4, 0, 0, 0, 2, 1, 0, 0, 0, 0, 0, 0, 0, 0, 1, 2, 1, 0, 0, 0, 0, 0, 1, 0, 51, 0, 0, 0, 4, 5, : 55, 1, 4, 4, 2, 4, 4, 2, 1, 1, 2, 1, 1, 51, 4, 5, 
354: 0, 0, 1, 1, 0, 0, 0, 2, 0, 2, 4, 0, 0, 0, 0, 3, 0, 0, 0, 0, 5, 0, 0, 0, 51, 0, 0, 0, 3, 0, 0, 2, 0, 0, 0, 0, 0, 0, 5, 2, : 1, 1, 2, 2, 4, 3, 5, 51, 3, 2, 5, 2, 
10: 0, 0, 2, 3, 0, 0, 55, 3, 0, 1, 1, 0, 2, 0, 4, 0, 1, 1, 0, 0, 5, 5, 0, 0, 0, 4, 5, 52, 1, 0, 0, 0, 0, 5, 0, 1, 0, 0, 1, 1, : 2, 3, 55, 3, 1, 1, 2, 4, 1, 1, 5, 5, 4, 5, 52, 1, 5, 1, 1, 1, 
318: 0, 0, 5, 2, 0, 0, 0, 1, 51, 3, 5, 0, 0, 0, 0, 0, 0, 5, 0, 50, 1, 0, 0, 0, 0, 0, 0, 0, 0, 0, 0, 0, 0, 0, 0, 55, 0, 0, 3, 4, : 5, 2, 1, 51, 3, 5, 5, 50, 1, 55, 3, 4, 
84: 0, 0, 2, 10, 0, 0, 0, 4, 0, 1, 2, 1, 3, 0, 0, 0, 0, 0, 1, 5, 5, 0, 0, 0, 0, 0, 0, 0, 5, 54, 2, 0, 0, 0, 0, 0, 52, 1, 2, 2, : 2, 10, 4, 1, 2, 1, 3, 1, 5, 5, 5, 54, 2, 52, 1, 2, 2, 
5: 0, 0, 4, 3, 0, 50, 0, 4, 0, 3, 4, 0, 0, 0, 0, 0, 0, 0, 0, 0, 4, 0, 5, 0, 0, 52, 0, 0, 0, 0, 0, 0, 54, 0, 0, 0, 0, 3, 4, 1, : 4, 3, 50, 4, 3, 4, 4, 5, 52, 54, 3, 4, 1, 
94: 0, 0, 7, 4, 4, 0, 0, 2, 0, 1, 1, 0, 0, 0, 0, 0, 0, 0, 0, 0, 2, 0, 1, 0, 0, 0, 0, 0, 0, 0, 0, 50, 0, 2, 3, 0, 0, 0, 1, 1, : 7, 4, 4, 2, 1, 1, 2, 1, 50, 2, 3, 1, 1, 
119: 0, 0, 1, 4, 0, 0, 5, 2, 5, 7, 5, 52, 0, 0, 0, 2, 50, 0, 0, 2, 3, 0, 0, 0, 0, 0, 0, 0, 0, 4, 0, 0, 5, 0, 0, 0, 0, 0, 3, 1, : 1, 4, 5, 2, 5, 7, 5, 52, 2, 50, 2, 3, 4, 5, 3, 1, 
341: 53, 0, 4, 4, 1, 4, 0, 4, 1, 5, 3, 0, 0, 0, 0, 0, 0, 0, 53, 0, 4, 0, 0, 2, 0, 0, 0, 5, 0, 0, 0, 5, 0, 0, 5, 0, 0, 1, 5, 3, : 53, 4, 4, 1, 4, 4, 1, 5, 3, 53, 4, 2, 5, 5, 5, 1, 5, 3, 
317: 0, 0, 1, 4, 0, 0, 0, 5, 0, 3, 1, 0, 0, 0, 0, 0, 0, 0, 0, 0, 1, 0, 0, 53, 0, 0, 0, 0, 0, 0, 0, 0, 0, 0, 0, 1, 2, 0, 3, 6, : 1, 4, 5, 3, 1, 1, 53, 1, 2, 3, 6, 


316: 2, 4, 0, 0, 2, 2, 5, 0, 0, 0, 0, 0, 0, 0, 0, 0, 2, 0, 0, 4, 51, 0, 0, 0, 0, 0, 0, 0, 0, 1, 0, 0, 2, 0, 0, 0, 0, 0, 0, 53, : 2, 4, 2, 2, 5, 2, 4, 51, 1, 2, 53, 
228: 3, 3, 0, 0, 3, 0, 0, 0, 0, 0, 0, 4, 0, 0, 0, 52, 0, 0, 0, 2, 0, 0, 0, 0, 53, 0, 0, 1, 1, 4, 1, 2, 1, 1, 0, 2, 0, 0, 0, 0, : 3, 3, 3, 4, 52, 2, 53, 1, 1, 4, 1, 2, 1, 1, 2, 
47: 5, 1, 0, 51, 2, 0, 0, 0, 0, 0, 0, 0, 0, 1, 0, 0, 0, 0, 0, 4, 4, 0, 0, 1, 0, 0, 0, 0, 2, 4, 1, 0, 0, 0, 0, 0, 0, 0, 5, 0, : 5, 1, 51, 2, 1, 4, 4, 1, 2, 4, 1, 5, 
105: 4, 1, 0, 0, 4, 0, 0, 0, 2, 3, 1, 0, 52, 0, 2, 0, 0, 0, 0, 0, 0, 0, 0, 0, 0, 0, 0, 0, 0, 1, 0, 0, 0, 0, 0, 0, 0, 0, 0, 0, : 4, 1, 4, 2, 3, 1, 52, 2, 1, 
391: 2, 1, 0, 0, 1, 1, 0, 0, 0, 0, 2, 1, 0, 0, 2, 0, 0, 1, 0, 0, 0, 53, 0, 0, 0, 0, 0, 0, 0, 2, 0, 3, 0, 0, 0, 0, 0, 0, 0, 0, : 2, 1, 1, 1, 2, 1, 2, 1, 53, 2, 3, 
359: 4, 2, 0, 0, 5, 0, 1, 0, 51, 0, 0, 0, 0, 0, 0, 0, 3, 4, 55, 0, 0, 3, 0, 0, 0, 0, 0, 54, 0, 5, 0, 0, 0, 50, 0, 2, 0, 0, 0, 0, : 4, 2, 5, 1, 51, 3, 4, 55, 3, 54, 5, 50, 2, 
217: 1, 3, 0, 0, 1, 0, 52, 0, 0, 1, 0, 0, 0, 0, 0, 0, 0, 0, 0, 0, 0, 0, 0, 2, 0, 1, 0, 0, 1, 3, 0, 0, 0, 0, 0, 0, 0, 0, 0, 0, : 1, 3, 1, 52, 1, 2, 1, 1, 3, 
287: 4, 2, 0, 0, 5, 0, 0, 1, 0, 0, 0, 0, 0, 0, 0, 0, 0, 0, 0, 0, 0, 0, 0, 0, 0, 3, 54, 0, 0, 1, 0, 0, 5, 0, 52, 0, 0, 0, 0, 0, : 4, 2, 5, 1, 3, 54, 1, 5, 52, 
1: 6, 3, 0, 2, 1, 53, 0, 2, 0, 50, 0, 0, 0, 0, 0, 2, 0, 0, 1, 0, 0, 0, 0, 0, 2, 0, 1, 0, 0, 3, 0, 0, 0, 1, 0, 0, 3, 1, 0, 0, : 6, 3, 2, 1, 53, 2, 50, 2, 1, 2, 1, 3, 1, 3, 1, 
295: 1, 3, 0, 2, 3, 0, 0, 0, 0, 0, 0, 1, 0, 0, 51, 0, 0, 54, 0, 0, 0, 0, 0, 53, 0, 0, 0, 0, 0, 4, 0, 0, 0, 0, 0, 0, 5, 0, 0, 1, : 1, 3, 2, 3, 1, 51, 54, 53, 4, 5, 1, 
64: 2, 1, 0, 0, 8, 0, 0, 51, 2, 0, 0, 0, 5, 0, 0, 0, 0, 1, 0, 0, 3, 0, 5, 0, 0, 51, 0, 0, 0, 5, 4, 2, 0, 0, 0, 1, 0, 4, 0, 1, : 2, 1, 8, 51, 2, 5, 1, 3, 5, 51, 5, 4, 2, 1, 4, 1, 
350: 2, 5, 55, 0, 1, 2, 1, 0, 0, 0, 0, 0, 0, 5, 0, 0, 1, 0, 0, 50, 0, 0, 0, 0, 3, 0, 0, 0, 3, 2, 0, 0, 0, 3, 0, 0, 0, 5, 0, 3, : 2, 5, 55, 1, 2, 1, 5, 1, 50, 3, 3, 2, 3, 5, 3, 
368: 2, 1, 0, 0, 5, 0, 0, 0, 0, 2, 0, 51, 0, 0, 0, 1, 0, 0, 0, 0, 0, 0, 50, 0, 0, 0, 0, 0, 51, 4, 0, 0, 0, 0, 3, 0, 0, 0, 0, 0, : 2, 1, 5, 2, 51, 1, 50, 51, 4, 3, 
195: 1, 5, 2, 2, 2, 2, 1, 0, 2, 0, 0, 0, 0, 0, 2, 3, 0, 0, 0, 0, 0, 0, 0, 4, 0, 0, 0, 5, 0, 3, 0, 0, 50, 0, 0, 0, 0, 50, 3, 0, : 1, 5, 2, 2, 2, 2, 1, 2, 2, 3, 4, 5, 3, 50, 50, 3, 
390: 5, 2, 0, 0, 1, 0, 0, 0, 0, 4, 0, 1, 0, 0, 0, 0, 0, 0, 0, 0, 0, 0, 0, 0, 1, 3, 0, 0, 1, 3, 0, 2, 1, 0, 0, 0, 0, 0, 0, 0, : 5, 2, 1, 4, 1, 1, 3, 1, 3, 2, 1, 
325: 4, 5, 0, 0, 2, 0, 0, 5, 0, 0, 53, 2, 0, 2, 1, 2, 4, 0, 3, 0, 0, 0, 0, 0, 0, 1, 0, 0, 1, 4, 0, 51, 0, 0, 3, 2, 51, 0, 52, 0, : 4, 5, 2, 5, 53, 2, 2, 1, 2, 4, 3, 1, 1, 4, 51, 3, 2, 51, 52, 
241: 1, 5, 3, 0, 5, 0, 0, 1, 0, 0, 1, 0, 1, 0, 1, 0, 50, 0, 0, 0, 2, 0, 0, 0, 0, 1, 0, 0, 0, 5, 54, 0, 0, 0, 0, 50, 0, 0, 0, 0, : 1, 5, 3, 5, 1, 1, 1, 1, 50, 2, 1, 5, 54, 50, 
19: 4, 5, 0, 3, 3, 0, 0, 0, 3, 0, 0, 0, 2, 0, 1, 0, 0, 0, 0, 0, 0, 0, 0, 0, 0, 0, 0, 0, 0, 2, 0, 0, 1, 5, 2, 0, 0, 0, 0, 0, : 4, 5, 3, 3, 3, 2, 1, 2, 1, 5, 2, 
216: 5, 3, 0, 0, 1, 0, 0, 0, 0, 0, 3, 0, 0, 52, 0, 0, 0, 0, 0, 0, 0, 4, 0, 0, 0, 0, 5, 0, 0, 1, 0, 0, 0, 0, 0, 3, 1, 0, 0, 2, : 5, 3, 1, 3, 52, 4, 5, 1, 3, 1, 2, 
246: 2, 5, 0, 0, 5, 0, 0, 0, 0, 0, 0, 0, 0, 0, 0, 0, 0, 0, 1, 0, 0, 0, 5, 0, 1, 0, 0, 0, 0, 3, 0, 0, 0, 0, 0, 0, 0, 0, 0, 0, : 2, 5, 5, 1, 5, 1, 3, 


57: 53, 0, 0, 0, 1, 0, 0, 0, 2, 0, 0, 3, 4, 5, 0, 0, 2, 0, 0, 0, 2, 0, 1, 0, 3, 0, 0, 0, 2, 0, 5, 0, 8, 4, 0, 4, 1, 0, 0, 0, : 53, 1, 2, 3, 4, 5, 2, 2, 1, 3, 2, 5, 8, 4, 4, 1, 
205: 0, 5, 0, 0, 3, 0, 2, 0, 2, 0, 0, 3, 0, 0, 0, 0, 0, 0, 2, 0, 2, 2, 0, 3, 1, 0, 50, 0, 5, 0, 51, 0, 1, 0, 0, 4, 5, 0, 2, 0, : 5, 3, 2, 2, 3, 2, 2, 2, 3, 1, 50, 5, 51, 1, 4, 5, 2, 
131: 0, 3, 0, 0, 5, 0, 0, 0, 1, 1, 0, 5, 0, 0, 0, 0, 0, 3, 1, 0, 4, 4, 0, 0, 4, 0, 0, 0, 1, 0, 0, 0, 1, 0, 0, 2, 2, 0, 0, 0, : 3, 5, 1, 1, 5, 3, 1, 4, 4, 4, 1, 1, 2, 2, 
254: 0, 4, 0, 0, 4, 0, 51, 0, 3, 0, 4, 1, 53, 0, 0, 0, 0, 0, 1, 5, 4, 0, 2, 0, 3, 0, 0, 1, 5, 55, 0, 0, 1, 1, 53, 1, 3, 0, 0, 0, : 4, 4, 51, 3, 4, 1, 53, 1, 5, 4, 2, 3, 1, 5, 55, 1, 1, 53, 1, 3, 
239: 0, 3, 3, 0, 3, 1, 0, 0, 5, 50, 0, 3, 0, 0, 0, 0, 0, 1, 0, 50, 2, 50, 0, 0, 3, 0, 0, 50, 5, 0, 0, 0, 5, 1, 0, 1, 3, 0, 3, 0, : 3, 3, 3, 1, 5, 50, 3, 1, 50, 2, 50, 3, 50, 5, 5, 1, 1, 3, 3, 
218: 0, 4, 0, 0, 2, 0, 0, 0, 2, 0, 0, 5, 0, 0, 0, 3, 0, 0, 0, 0, 1, 4, 0, 1, 3, 51, 0, 5, 4, 0, 1, 0, 4, 0, 2, 2, 5, 0, 0, 0, : 4, 2, 2, 5, 3, 1, 4, 1, 3, 51, 5, 4, 1, 4, 2, 2, 5, 
293: 1, 3, 0, 0, 3, 0, 0, 0, 6, 0, 0, 5, 0, 0, 0, 4, 50, 0, 0, 0, 1, 0, 0, 0, 4, 0, 0, 0, 4, 0, 0, 2, 4, 0, 0, 1, 1, 0, 0, 0, : 1, 3, 3, 6, 5, 4, 50, 1, 4, 4, 2, 4, 1, 1, 
170: 5, 3, 0, 2, 3, 54, 0, 0, 4, 2, 0, 2, 0, 0, 0, 0, 0, 0, 0, 0, 4, 0, 0, 0, 3, 0, 0, 0, 0, 2, 0, 2, 1, 0, 0, 2, 4, 0, 0, 0, : 5, 3, 2, 3, 54, 4, 2, 2, 4, 3, 2, 2, 1, 2, 4, 
191: 0, 3, 54, 0, 4, 1, 3, 0, 3, 5, 1, 5, 0, 1, 0, 0, 2, 0, 4, 0, 2, 0, 0, 0, 4, 0, 0, 0, 4, 1, 0, 52, 4, 0, 0, 7, 3, 0, 55, 0, : 3, 54, 4, 1, 3, 3, 5, 1, 5, 1, 2, 4, 2, 4, 4, 1, 52, 4, 7, 3, 55, 
284: 0, 4, 0, 0, 4, 0, 0, 0, 5, 0, 0, 1, 0, 0, 0, 0, 0, 0, 0, 3, 4, 0, 0, 0, 3, 1, 3, 0, 3, 0, 0, 0, 5, 1, 0, 5, 4, 0, 0, 0, : 4, 4, 5, 1, 3, 4, 3, 1, 3, 3, 5, 1, 5, 4, 
33: 0, 5, 1, 0, 1, 0, 0, 2, 1, 0, 0, 5, 0, 51, 52, 0, 0, 0, 52, 0, 5, 0, 0, 0, 3, 0, 4, 3, 1, 0, 0, 0, 5, 0, 0, 5, 3, 1, 0, 0, : 5, 1, 1, 2, 1, 5, 51, 52, 52, 5, 3, 4, 3, 1, 5, 5, 3, 1, 
324: 0, 5, 0, 0, 1, 0, 0, 0, 4, 1, 0, 2, 3, 0, 0, 0, 0, 0, 0, 0, 3, 0, 54, 0, 1, 0, 0, 1, 1, 0, 0, 0, 5, 0, 0, 5, 2, 0, 0, 51, : 5, 1, 4, 1, 2, 3, 3, 54, 1, 1, 1, 5, 5, 2, 51, 
247: 0, 0, 0, 0, 4, 0, 0, 0, 1, 0, 0, 2, 0, 0, 3, 1, 0, 0, 0, 0, 4, 0, 0, 0, 4, 0, 0, 0, 1, 0, 0, 1, 1, 0, 0, 3, 4, 0, 0, 0, : 4, 1, 2, 3, 1, 4, 4, 1, 1, 1, 3, 4, 
51: 0, 5, 0, 3, 2, 0, 3, 0, 5, 0, 0, 2, 0, 0, 0, 0, 0, 0, 0, 0, 2, 0, 2, 0, 3, 0, 0, 0, 3, 1, 1, 0, 2, 0, 0, 4, 2, 4, 0, 0, : 5, 3, 2, 3, 5, 2, 2, 2, 3, 3, 1, 1, 2, 4, 2, 4, 
235: 0, 3, 2, 0, 4, 0, 0, 51, 2, 0, 0, 3, 0, 3, 0, 52, 0, 54, 0, 0, 1, 0, 0, 55, 1, 0, 3, 0, 2, 0, 0, 0, 1, 0, 4, 2, 4, 0, 0, 0, : 3, 2, 4, 51, 2, 3, 3, 52, 54, 1, 55, 1, 3, 2, 1, 4, 2, 4, 
61: 0, 5, 0, 0, 3, 2, 1, 0, 5, 0, 0, 1, 0, 0, 0, 0, 5, 2, 0, 0, 5, 0, 0, 0, 3, 3, 0, 0, 5, 0, 0, 1, 3, 0, 0, 1, 5, 0, 0, 5, : 5, 3, 2, 1, 5, 1, 5, 2, 5, 3, 3, 5, 1, 3, 1, 5, 5, 
223: 0, 5, 0, 0, 3, 0, 0, 0, 4, 1, 1, 4, 0, 0, 0, 0, 0, 0, 0, 1, 1, 0, 1, 0, 3, 0, 0, 0, 4, 0, 0, 0, 3, 53, 0, 1, 4, 0, 0, 0, : 5, 3, 4, 1, 1, 4, 1, 1, 1, 3, 4, 3, 53, 1, 4, 
68: 1, 0, 0, 0, 4, 0, 0, 0, 2, 0, 53, 1, 0, 0, 5, 0, 0, 0, 0, 1, 6, 0, 0, 0, 4, 5, 0, 0, 3, 0, 1, 0, 2, 0, 1, 3, 2, 55, 0, 0, : 1, 4, 2, 53, 1, 5, 1, 6, 4, 5, 3, 1, 2, 1, 3, 2, 55, 
59: 0, 0, 0, 55, 2, 2, 0, 3, 1, 0, 0, 4, 0, 0, 0, 0, 1, 0, 0, 0, 5, 0, 0, 0, 4, 0, 0, 0, 5, 0, 0, 2, 2, 0, 0, 4, 2, 0, 0, 0, : 55, 2, 2, 3, 1, 4, 1, 5, 4, 5, 2, 2, 4, 2, 
66: 0, 0, 0, 0, 4, 0, 0, 4, 2, 0, 1, 3, 0, 0, 0, 0, 0, 0, 0, 0, 2, 0, 0, 1, 3, 0, 0, 0, 2, 1, 1, 0, 2, 0, 0, 3, 1, 0, 0, 4, : 4, 4, 2, 1, 3, 2, 1, 3, 2, 1, 1, 2, 3, 1, 4, 


375: 3, 0, 0, 0, 0, 0, 3, 0, 0, 0, 0, 0, 0, 0, 0, 4, 0, 0, 0, 0, 0, 0, 0, 0, 0, 0, 1, 0, 0, 0, 0, 0, 55, 4, 0, 0, 1, 54, 0, 0, : 3, 3, 4, 1, 55, 4, 1, 54, 
338: 1, 2, 0, 5, 5, 0, 5, 0, 0, 0, 0, 5, 0, 0, 1, 4, 0, 0, 0, 1, 0, 0, 0, 0, 0, 0, 0, 0, 0, 0, 3, 1, 0, 2, 0, 0, 0, 0, 0, 0, : 1, 2, 5, 5, 5, 5, 1, 4, 1, 3, 1, 2, 
101: 1, 3, 50, 5, 0, 0, 1, 0, 55, 0, 0, 1, 0, 0, 0, 5, 0, 0, 0, 0, 0, 0, 0, 0, 0, 1, 52, 0, 0, 0, 0, 0, 0, 5, 0, 0, 0, 0, 0, 1, : 1, 3, 50, 5, 1, 55, 1, 5, 1, 52, 5, 1, 
268: 5, 0, 2, 2, 0, 2, 5, 1, 0, 0, 0, 0, 3, 0, 51, 3, 0, 55, 4, 5, 0, 0, 0, 0, 2, 52, 0, 0, 0, 54, 0, 0, 0, 4, 0, 0, 0, 0, 0, 0, : 5, 2, 2, 2, 5, 1, 3, 51, 3, 55, 4, 5, 2, 52, 54, 4, 
157: 5, 0, 0, 5, 0, 50, 3, 0, 0, 0, 0, 53, 1, 0, 0, 4, 0, 0, 0, 0, 1, 0, 0, 0, 54, 0, 0, 5, 0, 2, 0, 1, 5, 5, 3, 1, 0, 0, 2, 0, : 5, 5, 50, 3, 53, 1, 4, 1, 54, 5, 2, 1, 5, 5, 3, 1, 2, 
370: 2, 55, 0, 3, 0, 4, 4, 0, 0, 0, 0, 0, 0, 0, 0, 1, 2, 0, 0, 0, 0, 1, 53, 0, 0, 0, 0, 3, 0, 1, 0, 0, 0, 1, 0, 5, 0, 1, 0, 0, : 2, 55, 3, 4, 4, 1, 2, 1, 53, 3, 1, 1, 5, 1, 
299: 2, 0, 0, 3, 4, 0, 5, 0, 1, 0, 0, 0, 0, 1, 0, 5, 0, 0, 0, 0, 5, 0, 3, 55, 0, 0, 2, 0, 0, 1, 0, 0, 0, 5, 4, 0, 0, 0, 4, 0, : 2, 3, 4, 5, 1, 1, 5, 5, 3, 55, 2, 1, 5, 4, 4, 
342: 2, 0, 0, 2, 0, 0, 2, 0, 4, 4, 0, 0, 0, 5, 0, 4, 0, 3, 3, 1, 0, 0, 0, 0, 0, 0, 0, 1, 3, 0, 0, 0, 0, 5, 0, 0, 0, 0, 0, 1, : 2, 2, 2, 4, 4, 5, 4, 3, 3, 1, 1, 3, 5, 1, 
89: 1, 0, 2, 2, 0, 0, 3, 0, 0, 0, 0, 0, 0, 54, 0, 2, 0, 0, 0, 2, 0, 0, 0, 0, 0, 0, 0, 0, 0, 1, 0, 0, 0, 3, 0, 0, 0, 0, 0, 53, : 1, 2, 2, 3, 54, 2, 2, 1, 3, 53, 
251: 5, 0, 0, 5, 0, 0, 2, 0, 0, 0, 0, 0, 0, 0, 0, 1, 1, 1, 0, 0, 0, 0, 0, 0, 0, 1, 0, 0, 0, 0, 0, 0, 0, 3, 2, 0, 0, 1, 0, 0, : 5, 5, 2, 1, 1, 1, 1, 3, 2, 1, 
213: 5, 0, 0, 4, 0, 0, 1, 0, 0, 0, 0, 0, 1, 0, 3, 2, 0, 0, 0, 1, 0, 54, 0, 0, 1, 0, 0, 0, 51, 0, 3, 0, 0, 1, 0, 0, 0, 0, 0, 0, : 5, 4, 1, 1, 3, 2, 1, 54, 1, 51, 3, 1, 
320: 4, 0, 0, 2, 0, 0, 4, 0, 0, 0, 5, 0, 0, 0, 0, 5, 0, 1, 53, 50, 0, 0, 0, 2, 0, 0, 0, 0, 1, 0, 0, 0, 0, 1, 0, 51, 0, 0, 1, 0, : 4, 2, 4, 5, 5, 1, 53, 50, 2, 1, 1, 51, 1, 
248: 5, 0, 1, 5, 0, 0, 3, 4, 0, 0, 1, 0, 0, 0, 2, 2, 0, 0, 0, 0, 53, 0, 0, 0, 2, 1, 0, 0, 0, 0, 0, 0, 0, 2, 0, 0, 4, 0, 0, 0, : 5, 1, 5, 3, 4, 1, 2, 2, 53, 2, 1, 2, 4, 
49: 2, 0, 0, 1, 0, 0, 4, 0, 0, 1, 2, 0, 0, 0, 0, 1, 0, 0, 0, 0, 0, 0, 0, 0, 0, 2, 5, 0, 1, 0, 0, 0, 0, 1, 0, 0, 0, 0, 0, 5, : 2, 1, 4, 1, 2, 1, 2, 5, 1, 1, 5, 
331: 1, 0, 0, 5, 51, 0, 4, 3, 0, 53, 0, 0, 0, 0, 3, 2, 0, 0, 0, 0, 0, 0, 0, 3, 0, 2, 0, 50, 0, 1, 0, 0, 0, 5, 0, 0, 0, 4, 0, 0, : 1, 5, 51, 4, 3, 53, 3, 2, 3, 2, 50, 1, 5, 4, 
193: 1, 0, 4, 0, 0, 0, 4, 0, 0, 0, 52, 0, 0, 0, 0, 3, 53, 0, 0, 0, 0, 0, 0, 0, 1, 0, 0, 0, 0, 0, 0, 0, 0, 2, 0, 0, 0, 0, 0, 0, : 1, 4, 4, 52, 3, 53, 1, 2, 
164: 1, 0, 0, 5, 0, 0, 1, 0, 0, 1, 0, 0, 50, 0, 0, 4, 3, 0, 0, 0, 0, 3, 0, 0, 0, 1, 0, 0, 0, 0, 0, 3, 0, 3, 0, 0, 1, 0, 0, 0, : 1, 5, 1, 1, 50, 4, 3, 3, 1, 3, 3, 1, 
275: 5, 0, 0, 3, 0, 4, 1, 52, 0, 0, 0, 0, 0, 0, 0, 3, 0, 0, 0, 0, 1, 2, 0, 0, 0, 0, 0, 0, 0, 0, 0, 0, 0, 3, 0, 3, 0, 0, 53, 0, : 5, 3, 4, 1, 52, 3, 1, 2, 3, 3, 53, 
294: 4, 0, 1, 3, 0, 0, 1, 0, 0, 0, 0, 1, 5, 0, 0, 2, 0, 0, 0, 0, 0, 0, 4, 0, 0, 0, 0, 1, 3, 0, 0, 0, 0, 4, 51, 0, 54, 0, 0, 0, : 4, 1, 3, 1, 1, 5, 2, 4, 1, 3, 4, 51, 54, 
343: 5, 0, 0, 0, 0, 0, 4, 0, 0, 1, 0, 0, 0, 0, 0, 3, 1, 0, 0, 0, 0, 0, 0, 0, 0, 0, 0, 0, 1, 0, 54, 55, 0, 1, 0, 0, 0, 0, 0, 0, : 5, 4, 1, 3, 1, 1, 54, 55, 1, 


397: 0, 0, 0, 50, 0, 1, 0, 52, 4, 0, 0, 1, 5, 0, 1, 52, 0, 0, 5, 1, 0, 0, 0, 0, 2, 0, 0, 0, 0, 1, 1, 3, 1, 0, 3, 3, 0, 4, 0, 0, : 50, 1, 52, 4, 1, 5, 1, 52, 5, 1, 2, 1, 1, 3, 1, 3, 3, 4, 
88: 0, 0, 0, 0, 0, 0, 0, 0, 2, 0, 0, 5, 0, 0, 0, 0, 0, 0, 0, 0, 51, 0, 0, 0, 5, 51, 0, 0, 0, 1, 4, 2, 0, 0, 4, 0, 0, 4, 0, 0, : 2, 5, 51, 5, 51, 1, 4, 2, 4, 4, 
267: 1, 1, 0, 0, 0, 0, 4, 0, 5, 0, 0, 1, 5, 0, 0, 0, 0, 0, 0, 0, 0, 3, 51, 0, 4, 0, 0, 0, 0, 2, 2, 1, 0, 0, 4, 0, 0, 3, 0, 0, : 1, 1, 4, 5, 1, 5, 3, 51, 4, 2, 2, 1, 4, 3, 
245: 51, 0, 0, 0, 0, 0, 0, 5, 2, 2, 2, 2, 0, 0, 1, 0, 0, 55, 0, 0, 0, 3, 0, 0, 3, 2, 0, 0, 0, 5, 1, 3, 2, 0, 1, 0, 3, 3, 2, 0, : 51, 5, 2, 2, 2, 2, 1, 55, 3, 3, 2, 5, 1, 3, 2, 1, 3, 3, 2, 
348: 0, 0, 0, 0, 0, 0, 0, 0, 1, 0, 1, 4, 0, 0, 0, 0, 0, 0, 2, 0, 0, 0, 5, 0, 3, 0, 0, 0, 0, 5, 1, 3, 0, 0, 5, 0, 54, 3, 0, 0, : 1, 1, 4, 2, 5, 3, 5, 1, 3, 5, 54, 3, 
117: 0, 2, 1, 0, 0, 0, 2, 0, 2, 0, 0, 1, 0, 0, 1, 5, 0, 0, 0, 0, 0, 0, 0, 5, 2, 0, 0, 4, 0, 5, 4, 4, 0, 0, 2, 0, 0, 3, 0, 0, : 2, 1, 2, 2, 1, 1, 5, 5, 2, 4, 5, 4, 4, 2, 3, 
265: 0, 0, 0, 0, 0, 0, 0, 0, 2, 0, 0, 3, 0, 4, 0, 1, 0, 0, 0, 0, 0, 50, 0, 0, 2, 1, 0, 50, 0, 2, 1, 5, 0, 0, 5, 0, 0, 2, 0, 1, : 2, 3, 4, 1, 50, 2, 1, 50, 2, 1, 5, 5, 2, 1, 
304: 0, 1, 0, 0, 0, 0, 0, 0, 3, 0, 50, 2, 50, 0, 0, 0, 0, 0, 0, 0, 4, 0, 3, 0, 4, 0, 0, 0, 3, 1, 5, 4, 0, 0, 5, 0, 0, 2, 0, 5, : 1, 3, 50, 2, 50, 4, 3, 4, 3, 1, 5, 4, 5, 2, 5, 
224: 0, 0, 2, 0, 0, 2, 0, 0, 3, 0, 0, 3, 0, 0, 0, 0, 0, 2, 50, 0, 0, 0, 0, 0, 5, 0, 0, 0, 0, 5, 4, 5, 0, 0, 1, 0, 0, 1, 0, 0, : 2, 2, 3, 3, 2, 50, 5, 5, 4, 5, 1, 1, 
286: 0, 0, 0, 0, 0, 0, 0, 0, 5, 0, 0, 5, 0, 0, 2, 0, 0, 1, 0, 5, 0, 0, 1, 0, 0, 1, 0, 0, 0, 2, 3, 1, 0, 0, 3, 0, 0, 4, 0, 0, : 5, 5, 2, 1, 5, 1, 1, 2, 3, 1, 3, 4, 
189: 5, 0, 0, 0, 0, 0, 0, 0, 1, 4, 0, 2, 0, 55, 55, 0, 2, 0, 2, 0, 0, 0, 0, 0, 3, 0, 0, 4, 0, 5, 4, 4, 52, 2, 2, 0, 3, 4, 0, 0, : 5, 1, 4, 2, 55, 55, 2, 2, 3, 4, 5, 4, 4, 52, 2, 2, 3, 4, 
371: 0, 0, 0, 5, 4, 0, 0, 0, 5, 0, 0, 3, 0, 0, 0, 0, 0, 0, 0, 0, 0, 4, 0, 50, 2, 1, 0, 0, 0, 3, 4, 2, 2, 0, 1, 50, 0, 4, 0, 53, : 5, 4, 5, 3, 4, 50, 2, 1, 3, 4, 2, 2, 1, 50, 4, 53, 
124: 0, 0, 0, 0, 54, 0, 0, 0, 1, 0, 0, 5, 0, 0, 0, 0, 0, 0, 0, 53, 0, 0, 0, 1, 4, 4, 0, 1, 0, 2, 4, 5, 0, 0, 3, 0, 0, 3, 3, 0, : 54, 1, 5, 53, 1, 4, 4, 1, 2, 4, 5, 3, 3, 3, 
186: 0, 4, 0, 0, 0, 0, 2, 0, 4, 0, 0, 3, 0, 1, 0, 2, 0, 0, 0, 0, 1, 0, 0, 0, 3, 0, 2, 0, 2, 2, 2, 1, 0, 0, 4, 1, 0, 4, 2, 0, : 4, 2, 4, 3, 1, 2, 1, 3, 2, 2, 2, 2, 1, 4, 1, 4, 2, 
96: 0, 0, 0, 0, 0, 0, 0, 0, 4, 0, 5, 5, 0, 0, 0, 0, 0, 0, 0, 0, 0, 0, 0, 4, 5, 0, 0, 0, 1, 1, 4, 5, 3, 0, 1, 0, 0, 5, 0, 0, : 4, 5, 5, 4, 5, 1, 1, 4, 5, 3, 1, 5, 
212: 3, 0, 55, 5, 0, 3, 0, 3, 2, 53, 0, 5, 0, 0, 0, 0, 1, 0, 0, 0, 2, 0, 0, 0, 2, 0, 54, 0, 53, 5, 5, 3, 0, 2, 2, 5, 0, 1, 0, 1, : 3, 55, 5, 3, 3, 2, 53, 5, 1, 2, 2, 54, 53, 5, 5, 3, 2, 2, 5, 1, 1, 
346: 0, 51, 0, 0, 0, 0, 52, 0, 3, 1, 0, 5, 0, 0, 0, 0, 0, 2, 0, 1, 2, 0, 0, 0, 4, 0, 1, 0, 0, 4, 3, 1, 0, 1, 5, 0, 0, 1, 0, 0, : 51, 52, 3, 1, 5, 2, 1, 2, 4, 1, 4, 3, 1, 1, 5, 1, 
144: 0, 0, 0, 0, 0, 54, 0, 0, 4, 0, 0, 2, 0, 0, 0, 0, 0, 0, 0, 0, 0, 0, 0, 0, 1, 0, 3, 1, 1, 2, 4, 5, 0, 0, 1, 0, 0, 5, 0, 0, : 54, 4, 2, 1, 3, 1, 1, 2, 4, 5, 1, 5, 
297: 0, 1, 2, 0, 2, 0, 0, 0, 5, 0, 2, 1, 0, 0, 0, 0, 53, 0, 1, 0, 0, 0, 0, 0, 3, 0, 0, 0, 0, 4, 3, 2, 0, 53, 3, 0, 0, 3, 0, 0, : 1, 2, 2, 5, 2, 1, 53, 1, 3, 4, 3, 2, 53, 3, 3, 
31: 0, 0, 0, 0, 0, 0, 0, 0, 2, 0, 0, 2, 0, 0, 0, 0, 4, 0, 0, 0, 0, 0, 0, 0, 3, 0, 0, 0, 0, 3, 1, 1, 0, 2, 5, 1, 0, 1, 53, 0, : 2, 2, 4, 3, 3, 1, 1, 2, 5, 1, 1, 53, 


23: 0, 0, 0, 0, 0, 0, 54, 0, 0, 1, 5, 0, 0, 1, 4, 0, 1, 5, 0, 3, 0, 5, 0, 3, 1, 1, 0, 0, 0, 0, 0, 3, 4, 3, 1, 5, 0, 0, 2, 1, : 54, 1, 5, 1, 4, 1, 5, 3, 5, 3, 1, 1, 3, 4, 3, 1, 5, 2, 1, 
28: 0, 0, 0, 0, 0, 0, 0, 0, 0, 1, 5, 0, 4, 1, 3, 0, 0, 0, 0, 2, 5, 1, 1, 3, 4, 5, 0, 0, 2, 0, 0, 3, 5, 3, 0, 0, 0, 0, 0, 5, : 1, 5, 4, 1, 3, 2, 5, 1, 1, 3, 4, 5, 2, 3, 5, 3, 5, 
171: 1, 0, 0, 50, 1, 0, 0, 0, 0, 2, 1, 1, 0, 4, 4, 5, 3, 0, 0, 4, 0, 2, 51, 1, 0, 1, 0, 0, 2, 0, 0, 1, 4, 3, 0, 0, 1, 0, 0, 4, : 1, 50, 1, 2, 1, 1, 4, 4, 5, 3, 4, 2, 51, 1, 1, 2, 1, 4, 3, 1, 4, 
261: 53, 0, 2, 0, 0, 0, 0, 0, 0, 3, 4, 0, 0, 5, 2, 0, 0, 0, 0, 4, 0, 1, 0, 3, 0, 3, 0, 1, 0, 0, 54, 3, 2, 5, 0, 0, 1, 0, 0, 1, : 53, 2, 3, 4, 5, 2, 4, 1, 3, 3, 1, 54, 3, 2, 5, 1, 1, 
140: 0, 54, 0, 0, 0, 0, 0, 0, 0, 5, 2, 0, 0, 3, 3, 0, 0, 0, 0, 5, 0, 4, 0, 2, 0, 2, 0, 0, 0, 0, 0, 2, 2, 1, 0, 0, 53, 0, 0, 4, : 54, 5, 2, 3, 3, 5, 4, 2, 2, 2, 2, 1, 53, 4, 
115: 0, 0, 3, 1, 5, 0, 3, 0, 0, 5, 1, 0, 1, 3, 4, 0, 0, 0, 54, 2, 53, 5, 0, 1, 0, 5, 0, 0, 4, 0, 0, 5, 4, 3, 0, 0, 0, 1, 0, 2, : 3, 1, 5, 3, 5, 1, 1, 3, 4, 54, 2, 53, 5, 1, 5, 4, 5, 4, 3, 1, 2, 
327: 0, 0, 0, 0, 0, 0, 0, 0, 0, 5, 5, 0, 0, 2, 2, 0, 0, 0, 3, 1, 0, 5, 0, 4, 0, 3, 0, 0, 1, 0, 5, 3, 3, 3, 0, 0, 0, 0, 4, 5, : 5, 5, 2, 2, 3, 1, 5, 4, 3, 1, 5, 3, 3, 3, 4, 5, 
372: 0, 0, 0, 0, 54, 0, 0, 4, 0, 4, 0, 5, 0, 3, 5, 0, 0, 0, 0, 3, 0, 4, 3, 5, 0, 5, 0, 2, 0, 0, 0, 4, 1, 3, 55, 0, 0, 0, 0, 3, : 54, 4, 4, 5, 3, 5, 3, 4, 3, 5, 5, 2, 4, 1, 3, 55, 3, 
330: 0, 0, 0, 0, 0, 0, 0, 53, 0, 1, 2, 2, 0, 5, 1, 0, 0, 0, 0, 2, 0, 1, 3, 2, 0, 2, 0, 0, 0, 1, 0, 5, 3, 4, 0, 0, 0, 0, 0, 5, : 53, 1, 2, 2, 5, 1, 2, 1, 3, 2, 2, 1, 5, 3, 4, 5, 
87: 0, 1, 0, 0, 0, 0, 0, 0, 0, 5, 3, 0, 51, 2, 4, 0, 0, 0, 0, 5, 0, 5, 0, 4, 1, 5, 0, 51, 0, 55, 0, 5, 4, 3, 0, 0, 1, 0, 0, 4, : 1, 5, 3, 51, 2, 4, 5, 5, 4, 1, 5, 51, 55, 5, 4, 3, 1, 4, 
292: 0, 1, 0, 4, 0, 0, 1, 0, 1, 1, 0, 0, 1, 8, 2, 0, 0, 0, 0, 2, 2, 1, 0, 3, 51, 5, 0, 0, 0, 1, 0, 4, 3, 3, 0, 0, 0, 0, 0, 5, : 1, 4, 1, 1, 1, 1, 8, 2, 2, 2, 1, 3, 51, 5, 1, 4, 3, 3, 5, 
260: 0, 0, 0, 3, 0, 3, 0, 0, 3, 1, 5, 52, 0, 5, 1, 0, 2, 0, 0, 1, 0, 1, 0, 3, 0, 1, 0, 0, 0, 0, 0, 4, 2, 3, 0, 0, 0, 51, 0, 1, : 3, 3, 3, 1, 5, 52, 5, 1, 2, 1, 1, 3, 1, 4, 2, 3, 51, 1, 
7: 0, 0, 55, 0, 0, 0, 0, 1, 0, 2, 4, 0, 0, 1, 2, 0, 0, 2, 0, 5, 0, 2, 0, 4, 0, 2, 0, 0, 0, 0, 0, 3, 1, 5, 4, 0, 0, 0, 0, 5, : 55, 1, 2, 4, 1, 2, 2, 5, 2, 4, 2, 3, 1, 5, 4, 5, 
56: 0, 0, 0, 0, 0, 0, 0, 0, 53, 5, 3, 0, 0, 2, 5, 53, 0, 2, 0, 1, 0, 3, 0, 5, 0, 1, 0, 0, 0, 0, 0, 1, 1, 5, 0, 0, 0, 0, 0, 3, : 53, 5, 3, 2, 5, 53, 2, 1, 3, 5, 1, 1, 1, 5, 3, 
277: 1, 0, 0, 2, 0, 0, 1, 0, 3, 4, 2, 0, 0, 1, 4, 1, 0, 0, 0, 1, 0, 3, 2, 1, 1, 0, 0, 0, 0, 1, 0, 2, 1, 2, 0, 0, 0, 0, 0, 1, : 1, 2, 1, 3, 4, 2, 1, 4, 1, 1, 3, 2, 1, 1, 1, 2, 1, 2, 1, 
46: 5, 0, 0, 0, 0, 54, 0, 0, 0, 5, 4, 0, 0, 1, 2, 0, 54, 50, 0, 4, 0, 3, 0, 4, 0, 5, 0, 4, 0, 1, 0, 6, 4, 2, 0, 0, 0, 1, 0, 2, : 5, 54, 5, 4, 1, 2, 54, 50, 4, 3, 4, 5, 4, 1, 6, 4, 2, 1, 2, 
43: 0, 3, 0, 0, 0, 3, 0, 0, 0, 1, 3, 0, 0, 5, 4, 0, 0, 0, 0, 2, 0, 4, 0, 1, 2, 1, 5, 0, 51, 0, 0, 1, 5, 2, 0, 0, 0, 2, 51, 2, : 3, 3, 1, 3, 5, 4, 2, 4, 1, 2, 1, 5, 51, 1, 5, 2, 2, 51, 2, 
45: 0, 0, 0, 0, 0, 0, 0, 2, 0, 2, 1, 0, 3, 1, 2, 1, 0, 0, 0, 5, 0, 5, 0, 3, 0, 4, 55, 0, 0, 1, 0, 3, 5, 3, 0, 55, 0, 0, 0, 2, : 2, 2, 1, 3, 1, 2, 1, 5, 5, 3, 4, 55, 1, 3, 5, 3, 55, 2, 
26: 0, 1, 0, 0, 0, 0, 1, 0, 0, 4, 5, 0, 0, 5, 4, 0, 0, 1, 0, 5, 0, 1, 0, 3, 0, 5, 0, 2, 0, 0, 0, 1, 1, 3, 0, 0, 0, 0, 3, 1, : 1, 1, 4, 5, 5, 4, 1, 5, 1, 3, 5, 2, 1, 1, 3, 3, 1, 
264: 0, 0, 0, 0, 0, 0, 0, 0, 0, 3, 5, 0, 0, 2, 2, 0, 0, 0, 3, 3, 0, 4, 0, 5, 0, 4, 0, 0, 0, 0, 1, 1, 5, 1, 0, 0, 4, 5, 0, 4, : 3, 5, 2, 2, 3, 3, 4, 5, 4, 1, 1, 5, 1, 4, 5, 4, 


126: 1, 3, 5, 0, 4, 1, 1, 6, 0, 0, 0, 0, 2, 0, 0, 2, 0, 0, 0, 0, 0, 1, 3, 0, 5, 0, 0, 0, 52, 0, 4, 0, 0, 0, 0, 0, 0, 0, 1, 55, : 1, 3, 5, 4, 1, 1, 6, 2, 2, 1, 3, 5, 52, 4, 1, 55, 
92: 53, 0, 2, 0, 2, 4, 3, 3, 0, 0, 0, 0, 2, 0, 50, 2, 0, 0, 0, 0, 0, 5, 1, 0, 1, 51, 0, 0, 0, 0, 3, 0, 52, 0, 4, 50, 0, 0, 0, 0, : 53, 2, 2, 4, 3, 3, 2, 50, 2, 5, 1, 1, 51, 3, 52, 4, 50, 
18: 0, 0, 5, 0, 3, 4, 5, 1, 0, 0, 4, 0, 4, 2, 0, 4, 0, 0, 53, 0, 0, 5, 2, 0, 3, 0, 0, 0, 0, 0, 5, 4, 4, 0, 0, 0, 5, 0, 2, 0, : 5, 3, 4, 5, 1, 4, 4, 2, 4, 53, 5, 2, 3, 5, 4, 4, 5, 2, 
335: 1, 0, 1, 0, 4, 3, 4, 1, 0, 0, 1, 0, 3, 0, 1, 3, 0, 0, 0, 0, 51, 3, 5, 0, 5, 0, 0, 50, 0, 0, 4, 0, 0, 1, 0, 2, 0, 0, 0, 0, : 1, 1, 4, 3, 4, 1, 1, 3, 1, 3, 51, 3, 5, 5, 50, 4, 1, 2, 
192: 0, 50, 4, 0, 4, 4, 4, 3, 52, 3, 50, 1, 3, 2, 0, 5, 0, 0, 0, 0, 4, 2, 2, 0, 2, 4, 0, 0, 0, 0, 5, 0, 0, 1, 0, 0, 0, 0, 1, 0, : 50, 4, 4, 4, 4, 3, 52, 3, 50, 1, 3, 2, 5, 4, 2, 2, 2, 4, 5, 1, 1, 
211: 4, 0, 1, 0, 5, 1, 4, 1, 0, 0, 0, 0, 3, 0, 0, 4, 0, 0, 0, 0, 0, 4, 3, 4, 3, 0, 0, 0, 0, 0, 1, 54, 0, 0, 0, 0, 0, 5, 0, 0, : 4, 1, 5, 1, 4, 1, 3, 4, 4, 3, 4, 3, 1, 54, 5, 
201: 0, 0, 1, 0, 5, 4, 3, 4, 0, 0, 0, 1, 2, 0, 0, 4, 0, 0, 1, 5, 0, 4, 3, 0, 2, 0, 0, 3, 0, 1, 1, 0, 0, 52, 0, 0, 0, 0, 0, 0, : 1, 5, 4, 3, 4, 1, 2, 4, 1, 5, 4, 3, 2, 3, 1, 1, 52, 
179: 0, 0, 2, 0, 2, 5, 3, 2, 0, 4, 0, 0, 4, 0, 2, 2, 0, 0, 0, 0, 0, 2, 1, 0, 1, 0, 0, 0, 1, 1, 2, 0, 0, 0, 54, 4, 0, 0, 0, 0, : 2, 2, 5, 3, 2, 4, 4, 2, 2, 2, 1, 1, 1, 1, 2, 54, 4, 
167: 0, 1, 3, 0, 1, 4, 2, 1, 4, 0, 0, 0, 2, 0, 3, 5, 0, 1, 0, 0, 0, 5, 4, 0, 0, 1, 0, 4, 0, 2, 1, 2, 2, 0, 0, 0, 0, 0, 0, 0, : 1, 3, 1, 4, 2, 1, 4, 2, 3, 5, 1, 5, 4, 1, 4, 2, 1, 2, 2, 
80: 1, 0, 3, 0, 4, 2, 5, 2, 0, 0, 5, 0, 1, 5, 0, 3, 51, 0, 0, 0, 0, 3, 1, 0, 4, 0, 0, 0, 0, 53, 4, 0, 0, 0, 0, 0, 50, 0, 5, 0, : 1, 3, 4, 2, 5, 2, 5, 1, 5, 3, 51, 3, 1, 4, 53, 4, 50, 5, 
135: 0, 0, 5, 0, 1, 1, 4, 5, 0, 52, 0, 2, 4, 0, 0, 2, 5, 2, 0, 51, 0, 3, 4, 0, 3, 0, 2, 0, 3, 2, 5, 0, 0, 0, 0, 0, 0, 0, 0, 2, : 5, 1, 1, 4, 5, 52, 2, 4, 2, 5, 2, 51, 3, 4, 3, 2, 3, 2, 5, 2, 
173: 0, 0, 5, 4, 3, 4, 1, 4, 2, 0, 0, 2, 1, 0, 3, 1, 0, 0, 0, 0, 0, 1, 4, 0, 3, 0, 0, 0, 0, 0, 2, 0, 0, 2, 0, 0, 3, 0, 0, 0, : 5, 4, 3, 4, 1, 4, 2, 2, 1, 3, 1, 1, 4, 3, 2, 2, 3, 
172: 0, 0, 2, 0, 3, 1, 5, 1, 0, 1, 0, 0, 5, 0, 0, 5, 0, 1, 0, 3, 0, 3, 4, 0, 5, 0, 0, 0, 0, 0, 3, 0, 0, 0, 0, 3, 0, 0, 0, 0, : 2, 3, 1, 5, 1, 1, 5, 5, 1, 3, 3, 4, 5, 3, 3, 
125: 0, 0, 0, 0, 1, 3, 1, 4, 0, 0, 0, 0, 4, 0, 0, 3, 2, 0, 4, 0, 0, 1, 4, 53, 2, 0, 0, 3, 4, 1, 2, 0, 0, 0, 0, 0, 0, 0, 0, 0, : 1, 3, 1, 4, 4, 3, 2, 4, 1, 4, 53, 2, 3, 4, 1, 2, 
163: 0, 3, 5, 1, 1, 1, 2, 5, 0, 0, 0, 0, 4, 0, 0, 0, 2, 53, 1, 0, 0, 4, 4, 0, 4, 0, 0, 0, 0, 0, 4, 0, 0, 0, 2, 0, 2, 1, 0, 0, : 3, 5, 1, 1, 1, 2, 5, 4, 2, 53, 1, 4, 4, 4, 4, 2, 2, 1, 
44: 0, 0, 1, 0, 4, 3, 1, 4, 0, 0, 0, 54, 3, 0, 1, 5, 0, 0, 0, 1, 0, 5, 1, 3, 5, 0, 0, 0, 0, 0, 1, 0, 0, 0, 0, 0, 0, 0, 0, 0, : 1, 4, 3, 1, 4, 54, 3, 1, 5, 1, 5, 1, 3, 5, 1, 
24: 0, 0, 5, 53, 5, 3, 3, 2, 2, 0, 0, 0, 4, 0, 0, 1, 0, 0, 0, 0, 0, 2, 4, 0, 2, 4, 54, 0, 0, 0, 4, 0, 0, 0, 0, 0, 0, 0, 0, 0, : 5, 53, 5, 3, 3, 2, 2, 4, 1, 2, 4, 2, 4, 54, 4, 
345: 0, 0, 5, 0, 2, 5, 1, 3, 0, 0, 0, 0, 5, 51, 0, 1, 0, 3, 1, 0, 0, 3, 4, 0, 3, 0, 4, 0, 0, 0, 3, 0, 0, 4, 0, 0, 0, 0, 0, 0, : 5, 2, 5, 1, 3, 5, 51, 1, 3, 1, 3, 4, 3, 4, 3, 4, 
34: 0, 0, 0, 2, 1, 2, 5, 3, 0, 0, 0, 0, 2, 0, 0, 5, 0, 0, 0, 0, 0, 2, 1, 0, 5, 0, 0, 0, 0, 0, 4, 0, 0, 0, 0, 1, 0, 54, 51, 0, : 2, 1, 2, 5, 3, 2, 5, 2, 1, 5, 4, 1, 54, 51, 
178: 0, 3, 5, 0, 5, 5, 3, 5, 0, 0, 0, 0, 2, 0, 0, 3, 0, 0, 0, 0, 5, 2, 5, 0, 2, 0, 0, 0, 0, 0, 2, 0, 2, 0, 0, 0, 0, 0, 0, 3, : 3, 5, 5, 5, 3, 5, 2, 3, 5, 2, 5, 2, 2, 2, 3, 


