
100
20
60
1

13: 2, 0, 54, 1, 1, 2, 0, 1, 5, 0, 0, 0, 0, 0, 0, 0, 0, 1, 5, 5, 2, 0, 0, 0, 0, 0, 2, 0, 55, 0, 3, 4, 5, 0, 55, 0, 0, 3, 3, 0, 4, 0, 0, 0, 0, 0, 1, 0, 4, 0, 0, 0, 0, 0, 1, 2, 0, 0, 5, 3, 0, 0, 0, 0, 0, 0, 0, 51, 0, 0, 0, 0, 0, 0, 0, 0, 0, 2, 4, 50, 0, 0, 0, 2, 0, 0, 0, 0, 0, 5, 0, 0, 0, 0, 3, 4, 2, 0, 0, 2, : 2, 54, 1, 1, 2, 1, 5, 1, 5, 5, 2, 2, 55, 3, 4, 5, 55, 3, 3, 4, 1, 4, 1, 2, 5, 3, 51, 2, 4, 50, 2, 5, 3, 4, 2, 2, 
10: 0, 0, 0, 3, 4, 0, 0, 4, 4, 0, 51, 4, 0, 0, 0, 0, 0, 1, 0, 4, 0, 0, 0, 0, 5, 2, 5, 0, 4, 0, 4, 1, 4, 0, 0, 0, 0, 1, 2, 1, 5, 5, 2, 0, 0, 0, 0, 0, 0, 53, 3, 0, 0, 0, 4, 2, 0, 1, 1, 0, 0, 0, 0, 2, 50, 0, 0, 1, 5, 54, 0, 0, 0, 0, 1, 0, 0, 1, 0, 0, 0, 0, 0, 4, 53, 51, 0, 0, 4, 1, 0, 52, 0, 0, 1, 2, 2, 0, 1, 50, : 3, 4, 4, 4, 51, 4, 1, 4, 5, 2, 5, 4, 4, 1, 4, 1, 2, 1, 5, 5, 2, 53, 3, 4, 2, 1, 1, 2, 50, 1, 5, 54, 1, 1, 4, 53, 51, 4, 1, 52, 1, 2, 2, 1, 50, 
5: 5, 0, 0, 3, 3, 0, 0, 1, 1, 0, 0, 1, 4, 0, 0, 0, 0, 1, 0, 2, 3, 0, 2, 0, 0, 5, 5, 0, 0, 0, 2, 2, 2, 0, 0, 0, 0, 1, 3, 0, 3, 2, 0, 0, 0, 0, 0, 1, 0, 1, 0, 0, 2, 0, 5, 3, 0, 4, 0, 0, 0, 0, 1, 0, 1, 0, 0, 0, 0, 0, 0, 0, 2, 0, 2, 1, 1, 1, 0, 3, 1, 0, 0, 2, 0, 0, 0, 50, 0, 3, 1, 0, 0, 52, 4, 3, 5, 1, 0, 5, : 5, 3, 3, 1, 1, 1, 4, 1, 2, 3, 2, 5, 5, 2, 2, 2, 1, 3, 3, 2, 1, 1, 2, 5, 3, 4, 1, 1, 2, 2, 1, 1, 1, 3, 1, 2, 50, 3, 1, 52, 4, 3, 5, 1, 5, 
2: 4, 0, 3, 4, 3, 0, 0, 3, 2, 0, 5, 0, 0, 0, 50, 0, 0, 2, 0, 1, 0, 2, 0, 0, 2, 0, 1, 0, 0, 0, 4, 1, 3, 0, 0, 50, 0, 3, 5, 0, 3, 4, 0, 0, 0, 0, 0, 1, 0, 0, 0, 0, 0, 0, 3, 1, 0, 3, 0, 0, 0, 0, 0, 1, 0, 0, 0, 2, 0, 0, 0, 0, 0, 0, 0, 0, 2, 4, 3, 1, 0, 0, 0, 1, 5, 2, 0, 0, 1, 1, 0, 0, 0, 5, 4, 3, 3, 0, 0, 0, : 4, 3, 4, 3, 3, 2, 5, 50, 2, 1, 2, 2, 1, 4, 1, 3, 50, 3, 5, 3, 4, 1, 3, 1, 3, 1, 2, 2, 4, 3, 1, 1, 5, 2, 1, 1, 5, 4, 3, 3, 
1: 5, 1, 1, 4, 5, 0, 0, 2, 1, 0, 0, 0, 0, 0, 0, 2, 0, 11, 0, 2, 51, 0, 0, 0, 0, 0, 3, 0, 0, 0, 1, 1, 3, 0, 0, 1, 0, 5, 1, 0, 3, 2, 0, 0, 0, 0, 0, 53, 0, 0, 0, 0, 0, 0, 2, 4, 0, 0, 0, 0, 0, 0, 0, 0, 0, 0, 2, 0, 0, 0, 0, 0, 0, 3, 0, 1, 0, 2, 1, 0, 1, 0, 0, 3, 0, 0, 0, 0, 0, 3, 0, 0, 5, 2, 3, 1, 5, 51, 1, 0, : 5, 1, 1, 4, 5, 2, 1, 2, 11, 2, 51, 3, 1, 1, 3, 1, 5, 1, 3, 2, 53, 2, 4, 2, 3, 1, 2, 1, 1, 3, 3, 5, 2, 3, 1, 5, 51, 1, 
14: 2, 0, 0, 2, 5, 0, 5, 6, 4, 0, 0, 1, 1, 5, 0, 0, 0, 3, 0, 4, 0, 0, 1, 0, 0, 0, 1, 0, 0, 0, 4, 4, 2, 0, 0, 0, 50, 5, 5, 0, 4, 5, 0, 0, 0, 0, 0, 0, 0, 0, 1, 0, 2, 3, 2, 4, 5, 1, 0, 0, 0, 0, 0, 0, 0, 0, 0, 0, 3, 0, 0, 55, 0, 0, 0, 0, 0, 0, 0, 0, 0, 0, 0, 3, 0, 0, 0, 0, 0, 4, 54, 0, 0, 0, 5, 5, 5, 0, 0, 0, : 2, 2, 5, 5, 6, 4, 1, 1, 5, 3, 4, 1, 1, 4, 4, 2, 50, 5, 5, 4, 5, 1, 2, 3, 2, 4, 5, 1, 3, 55, 3, 4, 54, 5, 5, 5, 
8: 2, 0, 0, 5, 3, 52, 2, 2, 2, 0, 0, 0, 0, 0, 4, 0, 0, 1, 4, 2, 0, 0, 0, 0, 0, 0, 2, 0, 0, 0, 5, 3, 3, 2, 0, 0, 0, 3, 4, 0, 2, 0, 0, 55, 0, 1, 2, 4, 0, 0, 0, 0, 0, 2, 2, 4, 0, 0, 0, 0, 0, 4, 0, 4, 0, 0, 0, 0, 1, 3, 0, 0, 0, 1, 0, 0, 1, 1, 0, 0, 0, 0, 0, 4, 1, 0, 1, 3, 0, 3, 0, 0, 0, 0, 4, 1, 1, 0, 0, 0, : 2, 5, 3, 52, 2, 2, 2, 4, 1, 4, 2, 2, 5, 3, 3, 2, 3, 4, 2, 55, 1, 2, 4, 2, 2, 4, 4, 4, 1, 3, 1, 1, 1, 4, 1, 1, 3, 3, 4, 1, 1, 
17: 4, 0, 0, 1, 4, 3, 0, 3, 4, 0, 0, 0, 0, 4, 4, 1, 0, 4, 0, 1, 0, 0, 0, 0, 0, 0, 3, 0, 0, 5, 3, 3, 1, 0, 0, 0, 0, 1, 3, 0, 1, 2, 0, 0, 4, 0, 2, 0, 0, 0, 50, 5, 0, 0, 3, 5, 0, 0, 0, 0, 0, 0, 0, 0, 0, 0, 0, 0, 0, 0, 0, 0, 53, 2, 0, 0, 0, 2, 0, 0, 0, 0, 0, 3, 0, 0, 0, 0, 1, 3, 0, 0, 0, 0, 5, 4, 3, 2, 0, 0, : 4, 1, 4, 3, 3, 4, 4, 4, 1, 4, 1, 3, 5, 3, 3, 1, 1, 3, 1, 2, 4, 2, 50, 5, 3, 5, 53, 2, 2, 3, 1, 3, 5, 4, 3, 2, 
11: 5, 53, 0, 1, 2, 0, 0, 2, 4, 0, 0, 0, 0, 0, 0, 0, 0, 3, 0, 5, 0, 0, 0, 0, 0, 0, 5, 3, 0, 1, 9, 1, 3, 0, 0, 5, 0, 3, 5, 0, 8, 4, 0, 0, 0, 0, 0, 1, 0, 0, 0, 54, 0, 0, 4, 4, 0, 0, 0, 0, 0, 0, 0, 0, 0, 0, 0, 0, 0, 0, 1, 0, 0, 0, 4, 0, 0, 3, 0, 0, 0, 0, 0, 2, 0, 0, 0, 5, 0, 4, 1, 0, 0, 0, 1, 1, 1, 1, 0, 0, : 5, 53, 1, 2, 2, 4, 3, 5, 5, 3, 1, 9, 1, 3, 5, 3, 5, 8, 4, 1, 54, 4, 4, 1, 4, 3, 2, 5, 4, 1, 1, 1, 1, 1, 
6: 0, 0, 0, 1, 2, 0, 0, 4, 2, 4, 0, 0, 1, 0, 0, 0, 0, 1, 1, 5, 0, 1, 0, 0, 0, 0, 5, 0, 0, 0, 2, 4, 4, 0, 0, 0, 0, 5, 4, 0, 1, 1, 0, 4, 51, 0, 50, 0, 0, 0, 1, 0, 0, 0, 4, 4, 0, 0, 3, 0, 2, 0, 5, 0, 3, 0, 0, 0, 0, 3, 53, 0, 0, 0, 0, 0, 0, 5, 0, 0, 0, 1, 0, 3, 0, 0, 52, 0, 1, 1, 0, 0, 0, 0, 1, 4, 3, 0, 0, 0, : 1, 2, 4, 2, 4, 1, 1, 1, 5, 1, 5, 2, 4, 4, 5, 4, 1, 1, 4, 51, 50, 1, 4, 4, 3, 2, 5, 3, 3, 53, 5, 1, 3, 52, 1, 1, 1, 4, 3, 
9: 5, 0, 0, 2, 4, 0, 0, 4, 3, 50, 0, 0, 51, 0, 0, 0, 5, 3, 0, 0, 0, 55, 51, 0, 0, 0, 7, 52, 0, 0, 2, 2, 2, 4, 0, 0, 0, 3, 2, 0, 4, 5, 0, 1, 0, 0, 0, 0, 0, 0, 0, 0, 1, 0, 2, 1, 0, 0, 0, 0, 54, 0, 0, 0, 0, 0, 0, 0, 0, 0, 0, 0, 0, 0, 0, 2, 3, 4, 0, 4, 50, 5, 52, 5, 0, 1, 0, 0, 0, 5, 0, 0, 0, 1, 5, 2, 1, 0, 0, 1, : 5, 2, 4, 4, 3, 50, 51, 5, 3, 55, 51, 7, 52, 2, 2, 2, 4, 3, 2, 4, 5, 1, 1, 2, 1, 54, 2, 3, 4, 4, 50, 5, 52, 5, 1, 5, 1, 5, 2, 1, 1, 
15: 2, 0, 2, 3, 2, 0, 0, 5, 2, 0, 1, 0, 0, 0, 0, 0, 0, 8, 0, 3, 0, 0, 0, 0, 53, 0, 3, 0, 0, 0, 2, 3, 1, 54, 2, 4, 4, 1, 3, 0, 4, 5, 1, 0, 0, 54, 0, 0, 0, 0, 0, 0, 0, 0, 1, 1, 0, 0, 0, 0, 0, 0, 0, 0, 0, 5, 1, 1, 0, 0, 0, 0, 0, 2, 3, 4, 0, 3, 0, 0, 0, 0, 4, 2, 0, 0, 2, 0, 0, 2, 0, 0, 0, 0, 3, 2, 5, 0, 0, 0, : 2, 2, 3, 2, 5, 2, 1, 8, 3, 53, 3, 2, 3, 1, 54, 2, 4, 4, 1, 3, 4, 5, 1, 54, 1, 1, 5, 1, 1, 2, 3, 4, 3, 4, 2, 2, 2, 3, 2, 5, 
4: 1, 5, 0, 5, 2, 0, 0, 1, 5, 0, 0, 0, 0, 0, 0, 55, 5, 1, 0, 2, 0, 2, 5, 50, 0, 53, 1, 0, 0, 0, 3, 6, 2, 0, 0, 0, 0, 4, 3, 3, 5, 5, 3, 0, 1, 0, 0, 0, 54, 0, 0, 0, 2, 50, 3, 3, 0, 0, 0, 3, 1, 0, 0, 0, 0, 0, 0, 1, 50, 0, 0, 0, 0, 0, 0, 0, 0, 4, 0, 2, 0, 0, 0, 3, 1, 4, 0, 0, 0, 4, 0, 2, 0, 0, 2, 3, 4, 0, 0, 0, : 1, 5, 5, 2, 1, 5, 55, 5, 1, 2, 2, 5, 50, 53, 1, 3, 6, 2, 4, 3, 3, 5, 5, 3, 1, 54, 2, 50, 3, 3, 3, 1, 1, 50, 4, 2, 3, 1, 4, 4, 2, 2, 3, 4, 
12: 5, 0, 0, 3, 6, 0, 0, 5, 4, 4, 0, 0, 2, 51, 0, 0, 0, 1, 0, 5, 0, 0, 0, 2, 0, 0, 1, 0, 0, 51, 1, 2, 4, 0, 0, 0, 0, 5, 3, 1, 1, 0, 0, 0, 0, 0, 0, 0, 0, 0, 0, 0, 53, 0, 5, 5, 53, 0, 50, 1, 0, 1, 0, 0, 5, 0, 2, 0, 1, 0, 0, 0, 2, 0, 50, 0, 0, 1, 1, 0, 0, 0, 0, 0, 0, 0, 5, 0, 2, 4, 2, 0, 0, 0, 4, 4, 2, 0, 51, 0, : 5, 3, 6, 5, 4, 4, 2, 51, 1, 5, 2, 1, 51, 1, 2, 4, 5, 3, 1, 1, 53, 5, 5, 53, 50, 1, 1, 5, 2, 1, 2, 50, 1, 1, 5, 2, 4, 2, 4, 4, 2, 51, 
19: 4, 0, 0, 5, 5, 0, 53, 5, 2, 0, 0, 54, 0, 0, 0, 2, 0, 1, 0, 3, 0, 0, 0, 3, 0, 0, 4, 0, 0, 0, 3, 2, 5, 0, 0, 0, 0, 1, 3, 1, 1, 5, 0, 0, 2, 0, 0, 0, 0, 0, 0, 0, 0, 2, 1, 1, 0, 0, 0, 0, 0, 0, 0, 51, 0, 0, 0, 0, 0, 0, 3, 0, 0, 0, 0, 52, 50, 3, 50, 0, 0, 0, 0, 5, 0, 0, 0, 0, 0, 4, 0, 2, 0, 0, 3, 2, 2, 5, 0, 0, : 4, 5, 5, 53, 5, 2, 54, 2, 1, 3, 3, 4, 3, 2, 5, 1, 3, 1, 1, 5, 2, 2, 1, 1, 51, 3, 52, 50, 3, 50, 5, 4, 2, 3, 2, 2, 5, 
18: 4, 0, 0, 1, 1, 0, 0, 4, 5, 0, 0, 0, 0, 0, 2, 0, 0, 1, 0, 5, 4, 0, 0, 1, 0, 0, 1, 5, 0, 1, 1, 5, 6, 0, 0, 0, 0, 2, 2, 0, 1, 2, 0, 0, 0, 0, 0, 0, 0, 0, 3, 0, 0, 0, 4, 4, 1, 1, 0, 1, 0, 0, 1, 2, 0, 0, 52, 0, 0, 0, 0, 0, 0, 0, 0, 0, 0, 5, 0, 0, 4, 0, 0, 4, 0, 0, 0, 0, 0, 5, 1, 0, 0, 0, 3, 4, 4, 0, 3, 0, : 4, 1, 1, 4, 5, 2, 1, 5, 4, 1, 1, 5, 1, 1, 5, 6, 2, 2, 1, 2, 3, 4, 4, 1, 1, 1, 1, 2, 52, 5, 4, 4, 5, 1, 3, 4, 4, 3, 
16: 3, 0, 0, 1, 1, 3, 0, 4, 5, 0, 0, 0, 1, 0, 0, 0, 50, 4, 50, 5, 0, 0, 1, 4, 0, 0, 3, 0, 0, 0, 2, 6, 5, 0, 3, 0, 0, 2, 0, 0, 3, 3, 53, 0, 0, 0, 0, 0, 2, 1, 2, 1, 0, 0, 1, 2, 1, 0, 1, 0, 0, 53, 53, 0, 0, 55, 0, 4, 0, 0, 1, 0, 0, 52, 0, 0, 1, 4, 0, 0, 1, 1, 0, 5, 0, 0, 0, 0, 0, 3, 0, 0, 0, 0, 1, 5, 1, 0, 2, 0, : 3, 1, 1, 3, 4, 5, 1, 50, 4, 50, 5, 1, 4, 3, 2, 6, 5, 3, 2, 3, 3, 53, 2, 1, 2, 1, 1, 2, 1, 1, 53, 53, 55, 4, 1, 52, 1, 4, 1, 1, 5, 3, 1, 5, 1, 2, 
20: 2, 0, 0, 5, 2, 0, 0, 2, 3, 2, 3, 0, 0, 0, 0, 0, 0, 5, 0, 1, 0, 0, 0, 0, 0, 0, 1, 0, 0, 2, 2, 4, 1, 0, 0, 0, 2, 3, 4, 0, 4, 3, 1, 0, 0, 5, 2, 0, 0, 0, 0, 0, 0, 0, 5, 1, 0, 0, 0, 0, 0, 2, 0, 0, 0, 0, 0, 0, 0, 0, 2, 5, 0, 0, 0, 0, 0, 5, 0, 0, 3, 1, 0, 1, 0, 2, 0, 2, 0, 1, 0, 4, 0, 0, 2, 4, 5, 0, 0, 0, : 2, 5, 2, 2, 3, 2, 3, 5, 1, 1, 2, 2, 4, 1, 2, 3, 4, 4, 3, 1, 5, 2, 5, 1, 2, 2, 5, 5, 3, 1, 1, 2, 2, 1, 4, 2, 4, 5, 
7: 2, 1, 0, 5, 3, 0, 0, 1, 1, 0, 0, 0, 0, 0, 0, 0, 0, 4, 0, 2, 0, 0, 0, 0, 0, 0, 2, 0, 1, 0, 2, 2, 3, 0, 0, 0, 4, 5, 4, 0, 1, 2, 0, 0, 0, 0, 0, 0, 0, 5, 0, 0, 0, 3, 5, 4, 0, 0, 0, 0, 3, 0, 0, 0, 0, 0, 0, 0, 0, 0, 0, 0, 1, 0, 0, 0, 0, 5, 0, 0, 0, 0, 0, 3, 0, 0, 0, 0, 51, 2, 1, 0, 50, 0, 5, 5, 2, 0, 0, 0, : 2, 1, 5, 3, 1, 1, 4, 2, 2, 1, 2, 2, 3, 4, 5, 4, 1, 2, 5, 3, 5, 4, 3, 1, 5, 3, 51, 2, 1, 50, 5, 5, 2, 
3: 3, 0, 0, 5, 2, 0, 0, 1, 1, 0, 0, 0, 0, 0, 0, 0, 0, 4, 0, 3, 0, 0, 0, 0, 0, 0, 5, 0, 0, 0, 5, 4, 1, 0, 0, 0, 0, 4, 1, 54, 2, 5, 0, 0, 2, 0, 3, 0, 0, 0, 0, 0, 0, 0, 3, 5, 0, 50, 0, 52, 0, 0, 0, 0, 1, 0, 3, 0, 0, 0, 0, 0, 2, 0, 0, 0, 2, 5, 1, 0, 0, 52, 4, 5, 0, 0, 0, 0, 0, 2, 0, 0, 5, 0, 1, 1, 4, 0, 2, 2, : 3, 5, 2, 1, 1, 4, 3, 5, 5, 4, 1, 4, 1, 54, 2, 5, 2, 3, 3, 5, 50, 52, 1, 3, 2, 2, 5, 1, 52, 4, 5, 2, 5, 1, 1, 4, 2, 2, 


