
20
200
60
10

119: 0, 1, 0, 0, 0, 0, 0, 0, 10, 0, 0, 2, 0, 4, 4, 5, 0, 0, 2, 2, : 1, 10, 2, 4, 4, 5, 2, 2, 
187: 1, 0, 0, 0, 0, 0, 53, 0, 2, 1, 0, 4, 0, 0, 5, 1, 4, 0, 0, 4, : 1, 53, 2, 1, 4, 5, 1, 4, 4, 
122: 3, 0, 55, 0, 0, 51, 0, 0, 2, 0, 0, 2, 0, 50, 5, 0, 0, 0, 1, 2, : 3, 55, 51, 2, 2, 50, 5, 1, 2, 
52: 4, 1, 0, 0, 0, 1, 0, 53, 3, 0, 50, 3, 0, 0, 1, 0, 0, 3, 0, 5, : 4, 1, 1, 53, 3, 50, 3, 1, 3, 5, 
117: 4, 2, 1, 1, 0, 0, 0, 0, 1, 0, 2, 3, 0, 0, 1, 1, 0, 0, 0, 3, : 4, 2, 1, 1, 1, 2, 3, 1, 1, 3, 
101: 1, 0, 0, 0, 0, 0, 1, 0, 2, 0, 0, 4, 1, 0, 4, 0, 0, 0, 0, 2, : 1, 1, 2, 4, 1, 4, 2, 
189: 5, 2, 0, 0, 0, 0, 0, 0, 2, 0, 0, 5, 0, 2, 0, 2, 0, 0, 0, 3, : 5, 2, 2, 5, 2, 2, 3, 
102: 5, 1, 0, 0, 0, 0, 0, 0, 2, 1, 0, 4, 1, 0, 1, 0, 3, 5, 0, 3, : 5, 1, 2, 1, 4, 1, 1, 3, 5, 3, 
40: 4, 0, 0, 0, 0, 2, 0, 0, 2, 0, 0, 2, 0, 0, 5, 0, 0, 0, 0, 5, : 4, 2, 2, 2, 5, 5, 
123: 4, 0, 0, 0, 0, 0, 0, 5, 5, 54, 0, 2, 53, 1, 2, 0, 50, 0, 1, 1, : 4, 5, 5, 54, 2, 53, 1, 2, 50, 1, 1, 
35: 5, 0, 0, 54, 0, 0, 0, 0, 3, 0, 0, 1, 0, 0, 4, 0, 0, 0, 0, 1, : 5, 54, 3, 1, 4, 1, 
185: 1, 0, 0, 0, 0, 0, 0, 0, 4, 0, 0, 5, 0, 0, 4, 0, 0, 51, 0, 3, : 1, 4, 5, 4, 51, 3, 
135: 5, 0, 0, 0, 0, 0, 2, 0, 1, 0, 0, 1, 0, 2, 5, 0, 0, 0, 1, 3, : 5, 2, 1, 1, 2, 5, 1, 3, 
191: 5, 1, 0, 0, 5, 0, 0, 0, 1, 0, 0, 5, 0, 0, 4, 0, 0, 0, 0, 5, : 5, 1, 5, 1, 5, 4, 5, 
49: 1, 0, 0, 0, 0, 0, 4, 1, 4, 3, 0, 1, 2, 1, 1, 0, 0, 0, 0, 4, : 1, 4, 1, 4, 3, 1, 2, 1, 1, 4, 
68: 1, 50, 0, 0, 0, 0, 0, 0, 5, 0, 0, 4, 0, 0, 3, 0, 0, 0, 51, 5, : 1, 50, 5, 4, 3, 51, 5, 
53: 2, 2, 0, 0, 0, 0, 0, 0, 1, 0, 0, 3, 0, 0, 4, 0, 2, 0, 0, 1, : 2, 2, 1, 3, 4, 2, 1, 
33: 2, 0, 0, 0, 54, 5, 0, 0, 2, 0, 4, 1, 0, 0, 2, 0, 1, 0, 0, 5, : 2, 54, 5, 2, 4, 1, 2, 1, 5, 
1: 4, 0, 0, 0, 1, 0, 0, 0, 3, 0, 4, 3, 3, 0, 5, 51, 0, 1, 4, 2, : 4, 1, 3, 4, 3, 3, 5, 51, 1, 4, 2, 
17: 3, 0, 4, 5, 0, 1, 0, 1, 5, 1, 0, 5, 0, 0, 0, 0, 0, 0, 0, 1, : 3, 4, 5, 1, 1, 5, 1, 5, 1, 


173: 5, 0, 0, 0, 3, 1, 1, 5, 0, 52, 0, 0, 0, 0, 0, 0, 54, 0, 0, 0, : 5, 3, 1, 1, 5, 52, 54, 
90: 0, 0, 0, 5, 1, 0, 4, 0, 0, 0, 0, 0, 0, 5, 0, 0, 0, 0, 0, 0, : 5, 1, 4, 5, 
84: 0, 0, 0, 4, 1, 0, 2, 0, 0, 1, 0, 0, 0, 0, 3, 0, 0, 0, 0, 5, : 4, 1, 2, 1, 3, 5, 
59: 0, 0, 0, 0, 5, 0, 5, 0, 53, 0, 0, 0, 0, 0, 2, 0, 0, 0, 5, 0, : 5, 5, 53, 2, 5, 
48: 0, 0, 0, 0, 4, 0, 3, 0, 1, 0, 0, 4, 0, 0, 0, 0, 0, 0, 0, 0, : 4, 3, 1, 4, 
200: 3, 0, 0, 0, 3, 2, 2, 0, 0, 0, 1, 0, 0, 1, 0, 0, 0, 0, 2, 0, : 3, 3, 2, 2, 1, 1, 2, 
96: 0, 0, 4, 0, 1, 1, 1, 0, 0, 0, 4, 1, 0, 0, 0, 55, 0, 0, 0, 0, : 4, 1, 1, 1, 4, 1, 55, 
131: 0, 1, 0, 0, 3, 0, 4, 0, 1, 1, 52, 0, 3, 1, 2, 1, 0, 0, 0, 0, : 1, 3, 4, 1, 1, 52, 3, 1, 2, 1, 
152: 52, 0, 0, 1, 7, 0, 1, 0, 0, 0, 0, 53, 1, 1, 1, 0, 0, 0, 51, 0, : 52, 1, 7, 1, 53, 1, 1, 1, 51, 
147: 0, 0, 0, 0, 1, 0, 3, 0, 0, 0, 0, 0, 1, 0, 2, 1, 0, 0, 0, 0, : 1, 3, 1, 2, 1, 
192: 0, 0, 1, 0, 1, 51, 3, 0, 0, 1, 0, 0, 0, 0, 50, 0, 0, 0, 1, 0, : 1, 1, 51, 3, 1, 50, 1, 
26: 0, 0, 0, 50, 5, 0, 5, 4, 0, 0, 0, 0, 52, 0, 0, 0, 3, 0, 0, 0, : 50, 5, 5, 4, 52, 3, 
186: 0, 0, 0, 0, 1, 0, 2, 0, 0, 2, 0, 0, 0, 0, 0, 0, 1, 2, 1, 0, : 1, 2, 2, 1, 2, 1, 
149: 0, 0, 2, 0, 4, 0, 5, 1, 0, 0, 0, 0, 0, 0, 0, 0, 0, 0, 0, 0, : 2, 4, 5, 1, 
83: 0, 54, 0, 0, 5, 2, 1, 0, 0, 0, 0, 0, 3, 52, 0, 0, 0, 0, 0, 0, : 54, 5, 2, 1, 3, 52, 
62: 0, 0, 0, 0, 3, 1, 5, 50, 5, 3, 0, 2, 0, 0, 0, 0, 1, 52, 0, 3, : 3, 1, 5, 50, 5, 3, 2, 1, 52, 3, 
199: 0, 0, 0, 0, 4, 0, 4, 0, 0, 0, 0, 0, 0, 0, 0, 2, 0, 1, 0, 0, : 4, 4, 2, 1, 
140: 0, 0, 0, 0, 2, 0, 5, 0, 0, 0, 0, 0, 0, 0, 0, 0, 0, 0, 0, 1, : 2, 5, 1, 
103: 0, 5, 53, 0, 4, 0, 2, 0, 0, 0, 3, 0, 0, 0, 0, 0, 1, 0, 0, 0, : 5, 53, 4, 2, 3, 1, 
19: 0, 0, 0, 0, 2, 2, 2, 0, 0, 0, 0, 0, 0, 0, 0, 1, 0, 5, 0, 51, : 2, 2, 2, 1, 5, 51, 


151: 0, 2, 0, 3, 0, 0, 5, 0, 4, 5, 3, 0, 0, 0, 2, 0, 4, 0, 0, 0, : 2, 3, 5, 4, 5, 3, 2, 4, 
148: 0, 2, 0, 1, 0, 1, 4, 0, 5, 1, 1, 0, 0, 0, 0, 0, 0, 55, 3, 0, : 2, 1, 1, 4, 5, 1, 1, 55, 3, 
116: 0, 0, 0, 0, 0, 0, 5, 0, 3, 3, 3, 0, 0, 1, 0, 0, 0, 0, 2, 0, : 5, 3, 3, 3, 1, 2, 
88: 0, 0, 3, 1, 0, 0, 5, 0, 3, 3, 2, 0, 0, 0, 0, 0, 0, 0, 1, 54, : 3, 1, 5, 3, 3, 2, 1, 54, 
118: 1, 0, 0, 0, 0, 0, 2, 5, 4, 2, 3, 0, 0, 0, 0, 0, 0, 0, 0, 0, : 1, 2, 5, 4, 2, 3, 
70: 3, 0, 0, 0, 2, 5, 3, 0, 4, 4, 5, 5, 2, 0, 0, 50, 0, 0, 0, 0, : 3, 2, 5, 3, 4, 4, 5, 5, 2, 50, 
108: 51, 5, 0, 0, 1, 3, 1, 52, 1, 3, 5, 0, 0, 0, 0, 0, 0, 0, 0, 0, : 51, 5, 1, 3, 1, 52, 1, 3, 5, 
124: 0, 0, 0, 0, 53, 0, 2, 0, 3, 5, 3, 0, 0, 0, 0, 0, 1, 0, 0, 0, : 53, 2, 3, 5, 3, 1, 
182: 0, 0, 0, 0, 0, 0, 2, 0, 5, 5, 2, 53, 0, 0, 55, 0, 0, 0, 4, 0, : 2, 5, 5, 2, 53, 55, 4, 
56: 0, 51, 0, 0, 1, 0, 1, 0, 1, 1, 1, 0, 4, 5, 0, 0, 0, 1, 50, 0, : 51, 1, 1, 1, 1, 1, 4, 5, 1, 50, 
64: 0, 0, 2, 3, 0, 0, 1, 0, 1, 2, 5, 0, 3, 0, 2, 0, 0, 0, 0, 3, : 2, 3, 1, 1, 2, 5, 3, 2, 3, 
47: 0, 0, 5, 0, 0, 1, 3, 0, 3, 2, 1, 0, 0, 0, 0, 0, 0, 0, 0, 0, : 5, 1, 3, 3, 2, 1, 
80: 0, 0, 50, 0, 1, 0, 1, 0, 5, 3, 3, 2, 0, 0, 0, 0, 0, 0, 0, 0, : 50, 1, 1, 5, 3, 3, 2, 
91: 3, 0, 0, 0, 2, 0, 5, 0, 2, 2, 4, 0, 0, 0, 0, 0, 1, 0, 0, 0, : 3, 2, 5, 2, 2, 4, 1, 
164: 0, 0, 0, 0, 0, 0, 5, 0, 2, 4, 5, 0, 1, 0, 0, 0, 54, 0, 0, 0, : 5, 2, 4, 5, 1, 54, 
85: 2, 0, 0, 0, 0, 50, 2, 0, 1, 3, 2, 0, 0, 3, 1, 0, 0, 0, 0, 0, : 2, 50, 2, 1, 3, 2, 3, 1, 
153: 0, 0, 0, 0, 0, 0, 5, 0, 4, 1, 5, 0, 0, 0, 0, 5, 0, 0, 0, 1, : 5, 4, 1, 5, 5, 1, 
58: 0, 0, 0, 50, 0, 0, 3, 3, 2, 5, 1, 0, 0, 0, 0, 0, 0, 0, 0, 1, : 50, 3, 3, 2, 5, 1, 1, 
170: 0, 0, 0, 1, 0, 0, 2, 0, 3, 5, 4, 0, 0, 51, 0, 0, 0, 4, 0, 0, : 1, 2, 3, 5, 4, 51, 4, 
89: 0, 0, 0, 1, 0, 0, 3, 0, 4, 1, 2, 0, 50, 0, 0, 5, 0, 0, 0, 1, : 1, 3, 4, 1, 2, 50, 5, 1, 


10: 0, 2, 0, 0, 0, 2, 0, 5, 0, 0, 1, 0, 0, 0, 0, 0, 2, 0, 0, 0, : 2, 2, 5, 1, 2, 
61: 0, 4, 0, 0, 0, 1, 0, 4, 0, 0, 4, 2, 0, 0, 52, 0, 5, 0, 50, 3, : 4, 1, 4, 4, 2, 52, 5, 50, 3, 
23: 51, 5, 0, 0, 0, 0, 0, 2, 0, 0, 4, 0, 0, 0, 0, 0, 4, 0, 1, 0, : 51, 5, 2, 4, 4, 1, 
92: 5, 1, 1, 0, 0, 52, 0, 1, 3, 1, 5, 0, 2, 1, 0, 5, 1, 0, 0, 1, : 5, 1, 1, 52, 1, 3, 1, 5, 2, 1, 5, 1, 1, 
65: 0, 5, 0, 0, 0, 0, 2, 4, 0, 2, 4, 0, 0, 0, 3, 0, 2, 5, 0, 0, : 5, 2, 4, 2, 4, 3, 2, 5, 
183: 0, 3, 0, 5, 5, 0, 0, 3, 0, 0, 5, 0, 0, 0, 5, 0, 4, 0, 0, 0, : 3, 5, 5, 3, 5, 5, 4, 
144: 0, 4, 3, 5, 0, 0, 0, 5, 0, 0, 2, 0, 0, 0, 0, 0, 5, 0, 1, 0, : 4, 3, 5, 5, 2, 5, 1, 
143: 2, 2, 0, 0, 4, 0, 54, 1, 50, 0, 2, 3, 0, 0, 0, 0, 5, 51, 0, 0, : 2, 2, 4, 54, 1, 50, 2, 3, 5, 51, 
77: 0, 5, 0, 0, 0, 0, 0, 1, 0, 0, 4, 50, 0, 55, 0, 0, 1, 0, 0, 0, : 5, 1, 4, 50, 55, 1, 
99: 0, 5, 1, 0, 0, 0, 0, 4, 0, 52, 5, 0, 4, 0, 0, 0, 0, 1, 0, 0, : 5, 1, 4, 52, 5, 4, 1, 
78: 0, 2, 5, 50, 0, 1, 0, 4, 0, 0, 6, 0, 53, 0, 0, 1, 0, 0, 0, 0, : 2, 5, 50, 1, 4, 6, 53, 1, 
175: 0, 2, 0, 0, 0, 0, 1, 4, 0, 0, 2, 0, 0, 0, 0, 0, 3, 0, 0, 0, : 2, 1, 4, 2, 3, 
28: 0, 4, 50, 0, 0, 0, 1, 3, 5, 0, 1, 5, 0, 3, 0, 0, 5, 0, 0, 0, : 4, 50, 1, 3, 5, 1, 5, 3, 5, 
158: 0, 5, 0, 0, 0, 0, 0, 2, 1, 0, 1, 0, 1, 0, 0, 53, 1, 0, 2, 0, : 5, 2, 1, 1, 1, 53, 1, 2, 
34: 0, 2, 0, 0, 0, 0, 0, 1, 1, 0, 3, 0, 0, 1, 0, 1, 2, 0, 2, 0, : 2, 1, 1, 3, 1, 1, 2, 2, 
172: 2, 0, 0, 0, 0, 0, 0, 5, 0, 0, 1, 0, 0, 0, 0, 0, 5, 0, 4, 55, : 2, 5, 1, 5, 4, 55, 
21: 0, 1, 0, 0, 0, 0, 0, 3, 0, 0, 5, 0, 0, 0, 0, 0, 4, 0, 0, 1, : 1, 3, 5, 4, 1, 
32: 0, 0, 0, 0, 0, 2, 0, 4, 0, 4, 1, 0, 0, 0, 0, 0, 4, 2, 0, 0, : 2, 4, 4, 1, 4, 2, 
95: 0, 4, 0, 0, 51, 2, 1, 1, 0, 0, 2, 0, 0, 0, 0, 0, 3, 1, 0, 0, : 4, 51, 2, 1, 1, 2, 3, 1, 
159: 0, 4, 0, 0, 0, 0, 1, 3, 0, 1, 2, 0, 0, 0, 0, 0, 4, 0, 0, 0, : 4, 1, 3, 1, 2, 4, 


97: 0, 2, 4, 0, 0, 0, 0, 2, 4, 0, 0, 0, 5, 4, 1, 0, 0, 0, 0, 5, : 2, 4, 2, 4, 5, 4, 1, 5, 
176: 0, 0, 5, 52, 0, 1, 2, 2, 5, 0, 0, 0, 4, 0, 0, 0, 0, 0, 51, 0, : 5, 52, 1, 2, 2, 5, 4, 51, 
184: 0, 0, 1, 1, 0, 0, 0, 4, 2, 0, 0, 1, 2, 0, 3, 0, 1, 0, 0, 0, : 1, 1, 4, 2, 1, 2, 3, 1, 
51: 0, 0, 1, 0, 0, 1, 0, 4, 5, 50, 0, 0, 1, 0, 0, 0, 0, 0, 0, 0, : 1, 1, 4, 5, 50, 1, 
69: 0, 0, 3, 0, 2, 53, 0, 2, 2, 0, 0, 3, 5, 0, 0, 0, 0, 0, 1, 50, : 3, 2, 53, 2, 2, 3, 5, 1, 50, 
98: 0, 0, 1, 0, 0, 0, 0, 4, 1, 0, 0, 0, 2, 0, 0, 0, 0, 0, 0, 0, : 1, 4, 1, 2, 
121: 0, 0, 5, 0, 0, 0, 50, 1, 5, 0, 0, 0, 3, 0, 0, 51, 5, 1, 0, 0, : 5, 50, 1, 5, 3, 51, 5, 1, 
67: 0, 0, 2, 2, 0, 0, 0, 1, 2, 0, 0, 0, 1, 0, 0, 0, 0, 0, 0, 0, : 2, 2, 1, 2, 1, 
107: 2, 2, 5, 0, 0, 0, 0, 5, 4, 0, 0, 0, 1, 2, 0, 0, 0, 0, 1, 0, : 2, 2, 5, 5, 4, 1, 2, 1, 
16: 0, 0, 1, 0, 1, 0, 3, 1, 2, 0, 2, 52, 3, 0, 0, 0, 0, 0, 0, 0, : 1, 1, 3, 1, 2, 2, 52, 3, 
195: 51, 0, 1, 4, 2, 0, 0, 3, 1, 5, 52, 0, 1, 0, 0, 0, 0, 0, 0, 2, : 51, 1, 4, 2, 3, 1, 5, 52, 1, 2, 
44: 0, 0, 9, 0, 0, 0, 2, 2, 3, 0, 0, 0, 5, 0, 0, 2, 0, 1, 0, 0, : 9, 2, 2, 3, 5, 2, 1, 
139: 0, 0, 1, 0, 0, 0, 0, 5, 4, 0, 0, 0, 6, 3, 2, 1, 0, 0, 5, 0, : 1, 5, 4, 6, 3, 2, 1, 5, 
2: 2, 52, 2, 0, 0, 0, 0, 2, 3, 0, 0, 0, 6, 0, 0, 5, 0, 0, 0, 1, : 2, 52, 2, 2, 3, 6, 5, 1, 
72: 0, 0, 2, 0, 50, 0, 0, 5, 5, 4, 2, 0, 2, 0, 0, 1, 0, 0, 0, 0, : 2, 50, 5, 5, 4, 2, 2, 1, 
169: 5, 4, 3, 0, 0, 0, 0, 3, 1, 0, 0, 0, 2, 0, 54, 0, 0, 0, 0, 0, : 5, 4, 3, 3, 1, 2, 54, 
27: 0, 0, 1, 0, 0, 1, 0, 3, 2, 1, 0, 0, 3, 0, 0, 0, 0, 0, 0, 0, : 1, 1, 3, 2, 1, 3, 
104: 0, 0, 3, 0, 0, 0, 0, 4, 3, 0, 0, 0, 2, 0, 0, 0, 52, 4, 0, 1, : 3, 4, 3, 2, 52, 4, 1, 
15: 0, 0, 5, 1, 0, 0, 0, 4, 1, 0, 4, 4, 1, 0, 0, 0, 2, 2, 2, 1, : 5, 1, 4, 1, 4, 4, 1, 2, 2, 2, 1, 
79: 0, 0, 5, 0, 5, 4, 3, 3, 5, 0, 0, 0, 5, 51, 0, 0, 0, 52, 0, 0, : 5, 5, 4, 3, 3, 5, 5, 51, 52, 


42: 0, 0, 1, 0, 0, 0, 0, 0, 1, 5, 0, 0, 2, 0, 0, 0, 0, 0, 0, 1, : 1, 1, 5, 2, 1, 
25: 0, 3, 0, 1, 0, 0, 0, 0, 0, 0, 1, 1, 0, 0, 0, 0, 1, 1, 0, 0, : 3, 1, 1, 1, 1, 1, 
41: 0, 0, 0, 1, 0, 0, 0, 0, 0, 0, 53, 3, 51, 0, 1, 0, 0, 0, 0, 0, : 1, 53, 3, 51, 1, 
160: 0, 2, 0, 5, 1, 1, 0, 0, 0, 0, 0, 2, 0, 0, 0, 0, 0, 0, 1, 0, : 2, 5, 1, 1, 2, 1, 
126: 0, 2, 0, 0, 1, 0, 4, 52, 0, 0, 0, 0, 0, 1, 0, 0, 0, 2, 0, 0, : 2, 1, 4, 52, 1, 2, 
46: 0, 0, 0, 0, 0, 0, 0, 0, 0, 0, 0, 0, 0, 53, 0, 3, 0, 0, 0, 5, : 53, 3, 5, 
105: 0, 0, 0, 0, 5, 0, 0, 0, 0, 0, 0, 2, 0, 2, 0, 50, 0, 0, 0, 0, : 5, 2, 2, 50, 
114: 0, 2, 0, 0, 52, 0, 0, 0, 0, 0, 0, 0, 0, 0, 0, 0, 0, 0, 0, 0, : 2, 52, 
37: 0, 0, 1, 1, 0, 2, 0, 3, 0, 2, 0, 0, 0, 0, 0, 0, 0, 0, 0, 0, : 1, 1, 2, 3, 2, 
81: 0, 0, 0, 0, 0, 0, 0, 5, 0, 0, 0, 0, 3, 4, 0, 0, 2, 0, 1, 0, : 5, 3, 4, 2, 1, 
50: 0, 0, 0, 0, 0, 0, 0, 0, 0, 0, 5, 0, 1, 0, 3, 0, 0, 0, 51, 0, : 5, 1, 3, 51, 
198: 0, 0, 0, 50, 0, 0, 1, 0, 1, 0, 0, 0, 0, 0, 51, 0, 55, 50, 0, 0, : 50, 1, 1, 51, 55, 50, 
129: 55, 0, 0, 0, 0, 0, 0, 0, 0, 53, 1, 52, 0, 0, 4, 5, 0, 0, 0, 0, : 55, 53, 1, 52, 4, 5, 
120: 0, 0, 1, 0, 0, 5, 0, 0, 3, 0, 0, 0, 0, 0, 0, 0, 1, 2, 4, 0, : 1, 5, 3, 1, 2, 4, 
6: 0, 0, 2, 0, 0, 0, 1, 0, 0, 0, 0, 0, 0, 0, 0, 0, 0, 2, 0, 0, : 2, 1, 2, 
190: 0, 0, 0, 2, 0, 0, 0, 0, 4, 0, 0, 0, 0, 0, 0, 0, 1, 0, 2, 0, : 2, 4, 1, 2, 
132: 5, 0, 0, 0, 0, 0, 54, 0, 0, 0, 0, 0, 3, 0, 1, 0, 0, 0, 0, 53, : 5, 54, 3, 1, 53, 
24: 0, 1, 0, 0, 0, 51, 0, 0, 0, 0, 0, 0, 0, 0, 0, 0, 0, 0, 1, 0, : 1, 51, 1, 
54: 0, 0, 55, 0, 0, 1, 0, 0, 0, 0, 0, 0, 0, 0, 0, 0, 0, 2, 0, 1, : 55, 1, 2, 1, 
177: 0, 50, 0, 0, 1, 0, 0, 0, 51, 0, 0, 0, 0, 0, 0, 2, 0, 1, 0, 0, : 50, 1, 51, 2, 1, 


39: 3, 4, 0, 4, 0, 0, 0, 0, 1, 0, 0, 5, 0, 3, 5, 0, 0, 2, 0, 0, : 3, 4, 4, 1, 5, 3, 5, 2, 
60: 0, 0, 1, 4, 52, 0, 0, 0, 3, 0, 3, 3, 0, 0, 0, 0, 0, 2, 0, 5, : 1, 4, 52, 3, 3, 3, 2, 5, 
154: 0, 4, 4, 4, 0, 2, 4, 0, 4, 0, 0, 2, 2, 52, 0, 4, 0, 1, 0, 0, : 4, 4, 4, 2, 4, 4, 2, 2, 52, 4, 1, 
166: 0, 0, 0, 1, 0, 0, 0, 4, 3, 0, 0, 2, 0, 1, 0, 0, 1, 4, 0, 1, : 1, 4, 3, 2, 1, 1, 4, 1, 
168: 50, 0, 0, 3, 5, 0, 0, 0, 1, 2, 0, 5, 0, 0, 0, 0, 0, 3, 50, 0, : 50, 3, 5, 1, 2, 5, 3, 50, 
7: 0, 0, 0, 2, 0, 0, 3, 0, 4, 0, 1, 1, 0, 0, 0, 0, 0, 4, 0, 0, : 2, 3, 4, 1, 1, 4, 
8: 2, 0, 0, 1, 0, 2, 0, 0, 4, 0, 0, 2, 0, 0, 3, 0, 0, 5, 0, 51, : 2, 1, 2, 4, 2, 3, 5, 51, 
73: 0, 1, 0, 4, 0, 0, 0, 0, 5, 54, 1, 5, 0, 3, 0, 50, 0, 4, 0, 0, : 1, 4, 5, 54, 1, 5, 3, 50, 4, 
145: 0, 0, 0, 2, 0, 0, 0, 53, 2, 0, 0, 5, 4, 0, 51, 0, 0, 3, 0, 0, : 2, 53, 2, 5, 4, 51, 3, 
127: 0, 0, 0, 3, 0, 0, 0, 0, 1, 0, 0, 4, 0, 0, 0, 0, 4, 1, 0, 0, : 3, 1, 4, 4, 1, 
193: 0, 0, 0, 4, 0, 0, 0, 0, 2, 4, 0, 2, 3, 0, 0, 0, 0, 2, 5, 0, : 4, 2, 4, 2, 3, 2, 5, 
174: 3, 0, 0, 1, 0, 51, 0, 2, 4, 0, 0, 4, 51, 0, 0, 0, 51, 1, 3, 0, : 3, 1, 51, 2, 4, 4, 51, 51, 1, 3, 
188: 0, 0, 0, 4, 0, 0, 0, 0, 4, 0, 0, 0, 0, 1, 0, 0, 2, 1, 2, 0, : 4, 4, 1, 2, 1, 2, 
171: 0, 0, 0, 5, 0, 0, 0, 0, 1, 0, 0, 5, 0, 0, 0, 5, 0, 2, 0, 0, : 5, 1, 5, 5, 2, 
18: 0, 0, 0, 5, 2, 1, 0, 1, 4, 0, 0, 0, 0, 0, 0, 0, 0, 3, 0, 0, : 5, 2, 1, 1, 4, 3, 
141: 0, 0, 3, 2, 0, 0, 0, 0, 1, 0, 0, 1, 0, 0, 0, 0, 2, 3, 0, 0, : 3, 2, 1, 1, 2, 3, 
14: 1, 0, 0, 2, 0, 0, 53, 0, 5, 0, 0, 4, 0, 0, 0, 0, 0, 2, 0, 0, : 1, 2, 53, 5, 4, 2, 
136: 1, 51, 0, 5, 0, 0, 0, 0, 4, 0, 0, 3, 0, 0, 0, 1, 0, 5, 0, 0, : 1, 51, 5, 4, 3, 1, 5, 
134: 0, 0, 52, 2, 1, 0, 0, 0, 3, 0, 52, 3, 0, 0, 1, 0, 0, 7, 0, 3, : 52, 2, 1, 3, 52, 3, 1, 7, 3, 
178: 0, 0, 0, 2, 0, 4, 0, 0, 4, 0, 3, 4, 0, 0, 0, 0, 0, 5, 0, 0, : 2, 4, 4, 3, 4, 5, 


146: 0, 0, 0, 0, 2, 1, 1, 5, 2, 0, 0, 0, 1, 0, 0, 0, 0, 0, 0, 1, : 2, 1, 1, 5, 2, 1, 1, 
30: 0, 0, 0, 0, 3, 0, 3, 0, 1, 52, 5, 0, 0, 0, 51, 0, 0, 2, 0, 6, : 3, 3, 1, 52, 5, 51, 2, 6, 
74: 0, 0, 2, 0, 1, 0, 4, 0, 1, 0, 0, 0, 1, 0, 4, 0, 4, 0, 0, 1, : 2, 1, 4, 1, 1, 4, 4, 1, 
93: 4, 0, 0, 2, 3, 0, 5, 0, 0, 0, 0, 0, 0, 5, 0, 0, 0, 0, 2, 3, : 4, 2, 3, 5, 5, 2, 3, 
13: 0, 0, 0, 0, 5, 0, 2, 0, 5, 0, 0, 0, 0, 0, 0, 0, 1, 0, 1, 1, : 5, 2, 5, 1, 1, 1, 
197: 0, 0, 0, 0, 5, 0, 5, 0, 0, 0, 0, 0, 0, 0, 0, 0, 0, 2, 0, 3, : 5, 5, 2, 3, 
66: 0, 0, 0, 0, 0, 3, 2, 0, 0, 0, 51, 0, 0, 0, 0, 2, 0, 2, 0, 3, : 3, 2, 51, 2, 2, 3, 
161: 52, 0, 0, 55, 3, 0, 1, 0, 3, 4, 0, 0, 0, 0, 0, 0, 0, 50, 0, 2, : 52, 55, 3, 1, 3, 4, 50, 2, 
194: 0, 0, 1, 0, 2, 0, 2, 1, 5, 0, 2, 0, 0, 0, 0, 0, 0, 0, 0, 2, : 1, 2, 2, 1, 5, 2, 2, 
94: 0, 3, 50, 0, 3, 0, 1, 51, 4, 4, 1, 0, 53, 0, 0, 0, 0, 0, 1, 4, : 3, 50, 3, 1, 51, 4, 4, 1, 53, 1, 4, 
106: 1, 1, 2, 0, 4, 1, 2, 0, 2, 0, 0, 0, 0, 1, 0, 0, 0, 0, 0, 1, : 1, 1, 2, 4, 1, 2, 2, 1, 1, 
36: 0, 3, 0, 0, 4, 3, 5, 0, 5, 0, 0, 1, 0, 0, 0, 1, 0, 1, 0, 3, : 3, 4, 3, 5, 5, 1, 1, 1, 3, 
45: 0, 1, 0, 0, 2, 0, 3, 0, 4, 0, 0, 52, 0, 0, 0, 0, 0, 0, 0, 5, : 1, 2, 3, 4, 52, 5, 
3: 3, 50, 0, 0, 1, 0, 1, 0, 5, 0, 0, 2, 5, 0, 0, 0, 0, 1, 0, 4, : 3, 50, 1, 1, 5, 2, 5, 1, 4, 
86: 0, 0, 5, 0, 5, 0, 4, 3, 5, 0, 0, 0, 0, 0, 0, 0, 53, 1, 0, 5, : 5, 5, 4, 3, 5, 53, 1, 5, 
22: 0, 0, 0, 0, 3, 52, 5, 0, 3, 0, 0, 0, 0, 53, 0, 51, 0, 1, 1, 2, : 3, 52, 5, 3, 53, 51, 1, 1, 2, 
157: 0, 0, 0, 0, 3, 0, 5, 0, 1, 0, 0, 0, 0, 0, 2, 0, 0, 0, 4, 3, : 3, 5, 1, 2, 4, 3, 
4: 0, 0, 0, 0, 5, 0, 3, 0, 4, 0, 1, 0, 0, 0, 0, 0, 0, 0, 0, 1, : 5, 3, 4, 1, 1, 
155: 0, 0, 0, 3, 2, 0, 4, 0, 5, 0, 0, 5, 0, 0, 0, 4, 2, 0, 51, 5, : 3, 2, 4, 5, 5, 4, 2, 51, 5, 
5: 0, 2, 0, 0, 4, 0, 2, 0, 5, 0, 0, 0, 0, 1, 3, 2, 0, 0, 0, 5, : 2, 4, 2, 5, 1, 3, 2, 5, 


76: 0, 1, 0, 2, 1, 0, 4, 1, 1, 0, 0, 5, 0, 0, 0, 0, 0, 2, 2, 0, : 1, 2, 1, 4, 1, 1, 5, 2, 2, 
130: 0, 0, 55, 5, 0, 0, 2, 4, 0, 1, 0, 0, 0, 0, 0, 0, 0, 0, 50, 0, : 55, 5, 2, 4, 1, 50, 
167: 3, 0, 0, 2, 0, 0, 3, 3, 1, 0, 0, 0, 0, 2, 0, 0, 0, 0, 1, 0, : 3, 2, 3, 3, 1, 2, 1, 
181: 0, 0, 0, 1, 0, 0, 1, 5, 0, 0, 0, 0, 0, 0, 0, 0, 0, 0, 0, 0, : 1, 1, 5, 
75: 0, 0, 0, 2, 0, 0, 4, 3, 1, 2, 0, 0, 0, 0, 0, 0, 0, 0, 0, 4, : 2, 4, 3, 1, 2, 4, 
113: 0, 0, 0, 2, 0, 0, 3, 1, 0, 4, 4, 1, 0, 3, 0, 0, 0, 0, 0, 0, : 2, 3, 1, 4, 4, 1, 3, 
150: 0, 0, 0, 4, 0, 0, 2, 1, 0, 0, 0, 0, 0, 0, 0, 0, 0, 0, 0, 0, : 4, 2, 1, 
196: 0, 0, 0, 3, 0, 4, 1, 4, 0, 0, 0, 0, 0, 0, 0, 4, 5, 0, 0, 0, : 3, 4, 1, 4, 4, 5, 
87: 0, 0, 0, 5, 0, 0, 1, 3, 0, 0, 0, 0, 0, 0, 0, 1, 1, 0, 0, 0, : 5, 1, 3, 1, 1, 
133: 0, 0, 0, 3, 0, 0, 2, 1, 0, 0, 0, 2, 2, 0, 3, 0, 0, 0, 0, 0, : 3, 2, 1, 2, 2, 3, 
71: 0, 1, 0, 5, 0, 0, 2, 4, 0, 0, 0, 0, 0, 0, 0, 0, 1, 0, 0, 0, : 1, 5, 2, 4, 1, 
20: 0, 2, 0, 4, 0, 3, 5, 4, 2, 0, 0, 0, 3, 50, 0, 0, 0, 52, 0, 1, : 2, 4, 3, 5, 4, 2, 3, 50, 52, 1, 
112: 0, 0, 0, 3, 0, 0, 2, 2, 53, 0, 0, 0, 0, 0, 0, 0, 0, 0, 4, 0, : 3, 2, 2, 53, 4, 
43: 55, 0, 0, 3, 51, 0, 7, 5, 0, 52, 0, 0, 2, 0, 0, 0, 0, 0, 0, 0, : 55, 3, 51, 7, 5, 52, 2, 
31: 0, 55, 0, 4, 2, 0, 7, 4, 0, 0, 55, 50, 0, 3, 52, 1, 0, 4, 0, 0, : 55, 4, 2, 7, 4, 55, 50, 3, 52, 1, 4, 
163: 0, 0, 4, 4, 0, 0, 1, 4, 0, 0, 0, 0, 53, 0, 5, 1, 0, 0, 0, 4, : 4, 4, 1, 4, 53, 5, 1, 4, 
115: 1, 0, 1, 2, 0, 1, 1, 2, 2, 1, 0, 2, 0, 0, 0, 50, 0, 0, 0, 0, : 1, 1, 2, 1, 1, 2, 2, 1, 2, 50, 
57: 0, 0, 0, 3, 0, 52, 2, 3, 0, 0, 0, 0, 0, 1, 0, 0, 0, 0, 0, 0, : 3, 52, 2, 3, 1, 
9: 1, 1, 0, 2, 1, 0, 2, 5, 0, 0, 1, 0, 0, 1, 0, 3, 53, 2, 3, 0, : 1, 1, 2, 1, 2, 5, 1, 1, 3, 53, 2, 3, 
111: 0, 0, 0, 1, 5, 0, 8, 1, 0, 0, 0, 0, 0, 0, 0, 0, 0, 0, 0, 51, : 1, 5, 8, 1, 51, 


180: 1, 2, 2, 2, 0, 0, 0, 0, 0, 0, 4, 0, 3, 0, 0, 0, 3, 3, 0, 0, : 1, 2, 2, 2, 4, 3, 3, 3, 
179: 0, 2, 1, 4, 0, 0, 54, 1, 0, 0, 0, 0, 1, 0, 0, 2, 2, 50, 0, 0, : 2, 1, 4, 54, 1, 1, 2, 2, 50, 
137: 0, 2, 0, 4, 0, 0, 3, 0, 0, 2, 0, 0, 5, 0, 0, 0, 1, 0, 0, 5, : 2, 4, 3, 2, 5, 1, 5, 
128: 0, 2, 1, 2, 0, 53, 0, 50, 0, 0, 0, 2, 5, 0, 1, 0, 4, 0, 0, 0, : 2, 1, 2, 53, 50, 2, 5, 1, 4, 
100: 0, 7, 1, 5, 5, 0, 0, 0, 51, 0, 0, 54, 1, 2, 0, 0, 2, 0, 2, 50, : 7, 1, 5, 5, 51, 54, 1, 2, 2, 2, 50, 
29: 1, 5, 0, 2, 1, 0, 0, 0, 0, 1, 0, 0, 3, 3, 3, 2, 2, 2, 0, 0, : 1, 5, 2, 1, 1, 3, 3, 3, 2, 2, 2, 
63: 0, 2, 0, 2, 0, 0, 0, 5, 0, 0, 0, 1, 1, 0, 0, 0, 5, 0, 0, 0, : 2, 2, 5, 1, 1, 5, 
110: 0, 1, 0, 3, 0, 5, 0, 0, 2, 0, 0, 0, 4, 0, 5, 2, 5, 0, 0, 0, : 1, 3, 5, 2, 4, 5, 2, 5, 
38: 51, 3, 54, 5, 0, 0, 0, 0, 0, 55, 51, 0, 1, 0, 0, 0, 4, 0, 0, 1, : 51, 3, 54, 5, 55, 51, 1, 4, 1, 
142: 0, 5, 0, 3, 0, 0, 0, 0, 0, 0, 0, 0, 4, 2, 0, 0, 1, 0, 0, 0, : 5, 3, 4, 2, 1, 
109: 2, 4, 0, 2, 0, 0, 0, 0, 1, 0, 0, 0, 3, 2, 0, 0, 2, 0, 0, 0, : 2, 4, 2, 1, 3, 2, 2, 
162: 2, 3, 0, 5, 1, 0, 0, 0, 0, 0, 0, 0, 3, 0, 0, 0, 1, 0, 0, 0, : 2, 3, 5, 1, 3, 1, 
156: 0, 5, 0, 1, 0, 1, 0, 4, 0, 0, 1, 0, 3, 0, 0, 54, 4, 0, 0, 0, : 5, 1, 1, 4, 1, 3, 54, 4, 
82: 0, 1, 0, 4, 0, 0, 1, 0, 0, 0, 4, 0, 5, 0, 0, 0, 5, 0, 0, 0, : 1, 4, 1, 4, 5, 5, 
138: 0, 1, 0, 5, 0, 0, 0, 0, 4, 1, 0, 0, 5, 0, 51, 0, 5, 5, 0, 0, : 1, 5, 4, 1, 5, 51, 5, 5, 
55: 3, 5, 0, 4, 53, 0, 0, 0, 0, 0, 0, 0, 4, 0, 0, 0, 4, 0, 1, 0, : 3, 5, 4, 53, 4, 4, 1, 
125: 0, 3, 0, 0, 0, 0, 2, 0, 0, 0, 0, 0, 1, 51, 0, 0, 3, 0, 52, 0, : 3, 2, 1, 51, 3, 52, 
165: 0, 1, 0, 2, 0, 0, 0, 0, 0, 1, 0, 0, 1, 0, 0, 0, 1, 0, 3, 0, : 1, 2, 1, 1, 1, 3, 
11: 0, 5, 1, 5, 0, 0, 0, 0, 0, 0, 0, 0, 2, 0, 0, 0, 5, 0, 2, 4, : 5, 1, 5, 2, 5, 2, 4, 
12: 0, 1, 0, 0, 0, 1, 0, 0, 2, 0, 0, 3, 5, 0, 0, 0, 1, 0, 0, 0, : 1, 1, 2, 3, 5, 1, 


