
20
100
60
5

58: 0, 1, 0, 0, 0, 1, 2, 53, 0, 0, 3, 0, 0, 0, 5, 3, 3, 3, 0, 0, : 1, 1, 2, 53, 3, 5, 3, 3, 3, 
39: 0, 2, 0, 52, 0, 0, 5, 0, 0, 0, 4, 0, 0, 0, 3, 0, 1, 4, 0, 50, : 2, 52, 5, 4, 3, 1, 4, 50, 
29: 2, 6, 2, 0, 0, 0, 52, 1, 1, 3, 2, 0, 0, 5, 4, 0, 1, 1, 54, 0, : 2, 6, 2, 52, 1, 1, 3, 2, 5, 4, 1, 1, 54, 
96: 0, 5, 0, 0, 0, 2, 1, 0, 0, 0, 3, 0, 0, 3, 2, 50, 3, 3, 0, 4, : 5, 2, 1, 3, 3, 2, 50, 3, 3, 4, 
85: 0, 2, 0, 4, 0, 0, 0, 0, 0, 0, 3, 0, 0, 4, 0, 0, 4, 3, 0, 0, : 2, 4, 3, 4, 4, 3, 
36: 0, 3, 0, 0, 0, 0, 0, 4, 54, 0, 3, 0, 0, 5, 3, 0, 3, 3, 0, 4, : 3, 4, 54, 3, 5, 3, 3, 3, 4, 
57: 0, 4, 0, 0, 51, 0, 0, 0, 0, 0, 1, 2, 0, 5, 5, 1, 4, 5, 0, 0, : 4, 51, 1, 2, 5, 5, 1, 4, 5, 
7: 0, 4, 0, 0, 0, 0, 0, 0, 3, 0, 2, 0, 0, 3, 5, 0, 4, 2, 0, 0, : 4, 3, 2, 3, 5, 4, 2, 
9: 0, 5, 0, 1, 2, 0, 0, 0, 0, 0, 5, 1, 0, 4, 4, 0, 1, 2, 3, 0, : 5, 1, 2, 5, 1, 4, 4, 1, 2, 3, 
33: 1, 3, 0, 0, 0, 0, 0, 0, 0, 4, 3, 0, 0, 4, 1, 0, 3, 3, 0, 0, : 1, 3, 4, 3, 4, 1, 3, 3, 
5: 0, 1, 0, 0, 0, 0, 0, 1, 0, 52, 4, 0, 0, 2, 1, 2, 5, 4, 3, 0, : 1, 1, 52, 4, 2, 1, 2, 5, 4, 3, 
98: 0, 2, 0, 0, 0, 0, 0, 0, 0, 0, 4, 50, 54, 4, 2, 4, 4, 3, 0, 0, : 2, 4, 50, 54, 4, 2, 4, 4, 3, 
87: 0, 2, 1, 0, 5, 0, 0, 0, 2, 0, 4, 0, 1, 1, 0, 0, 5, 1, 0, 0, : 2, 1, 5, 2, 4, 1, 1, 5, 1, 
90: 2, 1, 0, 1, 2, 0, 0, 0, 0, 0, 4, 0, 0, 4, 0, 0, 3, 4, 0, 2, : 2, 1, 1, 2, 4, 4, 3, 4, 2, 
80: 0, 3, 50, 0, 0, 0, 0, 0, 0, 0, 1, 0, 0, 1, 5, 0, 1, 5, 0, 0, : 3, 50, 1, 1, 5, 1, 5, 
52: 0, 2, 0, 2, 0, 0, 0, 0, 0, 0, 1, 5, 2, 1, 5, 0, 2, 5, 0, 0, : 2, 2, 1, 5, 2, 1, 5, 2, 5, 
46: 0, 2, 2, 0, 0, 0, 0, 0, 0, 0, 4, 0, 0, 3, 3, 0, 2, 3, 0, 0, : 2, 2, 4, 3, 3, 2, 3, 
49: 3, 7, 5, 0, 0, 2, 0, 0, 0, 0, 3, 0, 0, 5, 4, 0, 4, 1, 0, 0, : 3, 7, 5, 2, 3, 5, 4, 4, 1, 
2: 0, 2, 0, 0, 0, 0, 0, 1, 0, 0, 1, 0, 0, 4, 5, 0, 2, 3, 0, 0, : 2, 1, 1, 4, 5, 2, 3, 
78: 52, 3, 0, 0, 0, 55, 0, 0, 0, 1, 5, 2, 3, 2, 3, 0, 5, 2, 0, 0, : 52, 3, 55, 1, 5, 2, 3, 2, 3, 5, 2, 


45: 0, 5, 5, 1, 0, 0, 1, 0, 3, 0, 0, 0, 0, 0, 3, 0, 2, 1, 2, 0, : 5, 5, 1, 1, 3, 3, 2, 1, 2, 
59: 0, 5, 0, 5, 1, 0, 1, 0, 1, 0, 0, 0, 5, 2, 1, 0, 1, 55, 0, 0, : 5, 5, 1, 1, 1, 5, 2, 1, 1, 55, 
95: 0, 1, 0, 1, 0, 0, 4, 0, 4, 0, 1, 0, 0, 0, 0, 0, 0, 2, 0, 5, : 1, 1, 4, 4, 1, 2, 5, 
31: 0, 2, 0, 5, 0, 0, 5, 0, 4, 0, 4, 0, 0, 0, 0, 0, 0, 0, 0, 3, : 2, 5, 5, 4, 4, 3, 
11: 0, 4, 0, 1, 0, 0, 1, 1, 6, 0, 1, 1, 0, 0, 0, 0, 50, 0, 0, 0, : 4, 1, 1, 1, 6, 1, 1, 50, 
81: 0, 3, 0, 4, 4, 1, 3, 0, 2, 55, 0, 2, 0, 0, 2, 0, 0, 0, 0, 0, : 3, 4, 4, 1, 3, 2, 55, 2, 2, 
19: 0, 5, 0, 9, 0, 2, 4, 55, 5, 4, 0, 0, 0, 0, 0, 51, 0, 0, 1, 50, : 5, 9, 2, 4, 55, 5, 4, 51, 1, 50, 
60: 55, 5, 0, 1, 0, 1, 2, 0, 5, 0, 0, 0, 0, 0, 2, 1, 0, 0, 0, 0, : 55, 5, 1, 1, 2, 5, 2, 1, 
89: 0, 2, 0, 2, 0, 0, 1, 0, 5, 0, 0, 3, 0, 53, 0, 0, 2, 0, 0, 0, : 2, 2, 1, 5, 3, 53, 2, 
94: 0, 1, 1, 2, 55, 0, 1, 0, 1, 0, 0, 0, 50, 0, 0, 0, 0, 0, 51, 2, : 1, 1, 2, 55, 1, 1, 50, 51, 2, 
71: 5, 2, 0, 1, 0, 0, 5, 0, 2, 1, 0, 1, 0, 0, 0, 0, 0, 0, 0, 0, : 5, 2, 1, 5, 2, 1, 1, 
100: 0, 5, 50, 2, 0, 5, 3, 0, 4, 0, 0, 0, 5, 0, 0, 0, 0, 0, 0, 0, : 5, 50, 2, 5, 3, 4, 5, 
83: 0, 3, 0, 2, 0, 50, 4, 1, 4, 0, 0, 51, 0, 0, 0, 1, 0, 0, 0, 0, : 3, 2, 50, 4, 1, 4, 51, 1, 
64: 0, 1, 0, 6, 0, 1, 4, 0, 1, 0, 0, 0, 0, 5, 0, 2, 1, 2, 0, 0, : 1, 6, 1, 4, 1, 5, 2, 1, 2, 
61: 0, 2, 0, 1, 0, 0, 4, 0, 1, 0, 4, 0, 0, 0, 2, 0, 0, 0, 3, 0, : 2, 1, 4, 1, 4, 2, 3, 
44: 0, 2, 0, 6, 0, 0, 5, 0, 2, 0, 50, 0, 0, 0, 0, 3, 0, 0, 0, 0, : 2, 6, 5, 2, 50, 3, 
62: 0, 2, 0, 3, 0, 0, 4, 0, 2, 0, 0, 0, 0, 0, 0, 0, 0, 0, 0, 0, : 2, 3, 4, 2, 
26: 0, 5, 4, 2, 0, 0, 3, 0, 3, 0, 0, 2, 0, 0, 0, 0, 0, 0, 0, 0, : 5, 4, 2, 3, 3, 2, 
51: 0, 3, 0, 5, 0, 0, 3, 3, 1, 0, 0, 0, 0, 0, 0, 0, 4, 0, 0, 0, : 3, 5, 3, 3, 1, 4, 
40: 0, 2, 0, 1, 0, 0, 2, 0, 4, 0, 0, 0, 0, 0, 50, 2, 0, 0, 3, 0, : 2, 1, 2, 4, 50, 2, 3, 


74: 0, 0, 4, 0, 4, 0, 0, 0, 0, 0, 0, 50, 4, 0, 0, 0, 0, 0, 5, 0, : 4, 4, 50, 4, 5, 
86: 5, 0, 3, 0, 3, 0, 0, 1, 0, 0, 0, 0, 0, 0, 0, 5, 0, 50, 1, 1, : 5, 3, 3, 1, 5, 50, 1, 1, 
99: 2, 0, 0, 2, 2, 0, 0, 0, 0, 0, 0, 0, 0, 0, 0, 0, 1, 0, 0, 0, : 2, 2, 2, 1, 
54: 4, 5, 0, 0, 5, 0, 0, 0, 0, 0, 0, 5, 0, 0, 0, 0, 0, 0, 0, 1, : 4, 5, 5, 5, 1, 
69: 3, 0, 0, 0, 1, 0, 0, 50, 0, 0, 0, 0, 0, 55, 0, 0, 0, 0, 0, 51, : 3, 1, 50, 55, 51, 
4: 5, 0, 0, 0, 5, 0, 0, 0, 0, 0, 0, 0, 0, 0, 3, 0, 0, 0, 0, 0, : 5, 5, 3, 
76: 1, 0, 0, 0, 5, 0, 0, 0, 0, 0, 0, 0, 0, 0, 0, 55, 0, 0, 0, 0, : 1, 5, 55, 
35: 5, 0, 0, 4, 4, 0, 0, 0, 0, 0, 0, 0, 0, 0, 0, 0, 0, 2, 1, 0, : 5, 4, 4, 2, 1, 
63: 5, 0, 0, 0, 2, 0, 51, 0, 54, 0, 0, 0, 0, 0, 0, 0, 0, 0, 0, 1, : 5, 2, 51, 54, 1, 
27: 3, 0, 50, 0, 5, 53, 1, 1, 0, 0, 0, 0, 0, 0, 0, 0, 1, 0, 1, 0, : 3, 50, 5, 53, 1, 1, 1, 1, 
1: 2, 0, 0, 0, 1, 1, 3, 3, 0, 0, 55, 0, 0, 0, 50, 0, 0, 0, 0, 0, : 2, 1, 1, 3, 3, 55, 50, 
20: 4, 0, 0, 0, 2, 0, 0, 0, 0, 0, 0, 0, 1, 0, 0, 0, 0, 0, 0, 0, : 4, 2, 1, 
47: 5, 0, 0, 0, 2, 0, 0, 0, 0, 0, 0, 0, 0, 2, 0, 0, 0, 1, 0, 0, : 5, 2, 2, 1, 
13: 0, 53, 0, 0, 5, 0, 0, 0, 1, 2, 0, 0, 5, 0, 0, 0, 51, 1, 0, 0, : 53, 5, 1, 2, 5, 51, 1, 
15: 1, 0, 0, 54, 2, 1, 1, 0, 1, 0, 0, 0, 50, 0, 1, 0, 1, 3, 0, 1, : 1, 54, 2, 1, 1, 1, 50, 1, 1, 3, 1, 
77: 5, 0, 0, 0, 5, 0, 0, 5, 0, 0, 0, 4, 0, 0, 3, 0, 4, 3, 0, 0, : 5, 5, 5, 4, 3, 4, 3, 
24: 3, 2, 0, 0, 4, 0, 3, 0, 4, 54, 5, 0, 0, 0, 0, 0, 0, 0, 0, 5, : 3, 2, 4, 3, 4, 54, 5, 5, 
17: 3, 0, 2, 0, 1, 0, 0, 0, 0, 3, 0, 0, 0, 0, 1, 0, 0, 0, 0, 0, : 3, 2, 1, 3, 1, 
48: 4, 0, 1, 0, 1, 0, 0, 0, 0, 0, 0, 0, 0, 0, 2, 0, 0, 0, 0, 0, : 4, 1, 1, 2, 
28: 0, 0, 0, 0, 1, 5, 1, 0, 0, 1, 0, 1, 0, 3, 0, 0, 2, 0, 52, 0, : 1, 5, 1, 1, 1, 3, 2, 52, 


55: 4, 5, 2, 0, 0, 5, 0, 3, 0, 0, 1, 4, 0, 0, 0, 0, 4, 0, 0, 0, : 4, 5, 2, 5, 3, 1, 4, 4, 
21: 1, 0, 0, 0, 4, 2, 0, 2, 0, 0, 0, 4, 0, 0, 0, 0, 0, 51, 0, 0, : 1, 4, 2, 2, 4, 51, 
75: 5, 0, 51, 0, 0, 4, 0, 1, 0, 0, 55, 3, 0, 3, 0, 0, 0, 0, 0, 0, : 5, 51, 4, 1, 55, 3, 3, 
53: 0, 0, 5, 53, 2, 5, 0, 4, 2, 2, 0, 2, 0, 0, 0, 0, 0, 0, 0, 0, : 5, 53, 2, 5, 4, 2, 2, 2, 
92: 0, 1, 0, 0, 0, 2, 0, 3, 0, 0, 0, 2, 50, 0, 0, 0, 54, 0, 0, 0, : 1, 2, 3, 2, 50, 54, 
93: 0, 0, 0, 0, 0, 4, 3, 2, 0, 52, 0, 2, 1, 0, 0, 0, 0, 2, 0, 0, : 4, 3, 2, 52, 2, 1, 2, 
97: 0, 2, 0, 0, 0, 2, 0, 3, 0, 0, 0, 1, 0, 0, 0, 0, 0, 0, 4, 0, : 2, 2, 3, 1, 4, 
8: 0, 0, 0, 0, 0, 1, 0, 5, 0, 0, 0, 2, 0, 0, 3, 0, 2, 0, 0, 0, : 1, 5, 2, 3, 2, 
84: 50, 0, 0, 0, 0, 4, 1, 1, 2, 0, 0, 5, 0, 0, 0, 0, 0, 0, 0, 1, : 50, 4, 1, 1, 2, 5, 1, 
38: 0, 0, 0, 0, 0, 2, 0, 4, 0, 0, 0, 5, 0, 0, 0, 0, 0, 0, 0, 0, : 2, 4, 5, 
68: 0, 0, 0, 0, 0, 2, 0, 2, 0, 1, 3, 1, 4, 0, 0, 0, 0, 0, 0, 0, : 2, 2, 1, 3, 1, 4, 
34: 0, 0, 0, 0, 0, 2, 1, 4, 0, 0, 0, 5, 0, 4, 52, 0, 0, 0, 0, 1, : 2, 1, 4, 5, 4, 52, 1, 
25: 0, 0, 2, 0, 54, 4, 0, 5, 0, 5, 0, 1, 4, 0, 0, 0, 0, 2, 0, 0, : 2, 54, 4, 5, 5, 1, 4, 2, 
30: 0, 0, 0, 2, 0, 4, 3, 3, 0, 0, 0, 5, 0, 0, 2, 55, 0, 0, 1, 0, : 2, 4, 3, 3, 5, 2, 55, 1, 
79: 0, 0, 0, 0, 0, 2, 0, 5, 0, 0, 0, 4, 0, 0, 0, 1, 0, 0, 54, 55, : 2, 5, 4, 1, 54, 55, 
18: 0, 0, 0, 0, 0, 5, 51, 1, 55, 0, 0, 4, 1, 0, 0, 3, 0, 0, 0, 0, : 5, 51, 1, 55, 4, 1, 3, 
65: 0, 0, 0, 0, 0, 2, 0, 5, 0, 0, 0, 1, 0, 52, 0, 0, 0, 0, 0, 3, : 2, 5, 1, 52, 3, 
73: 0, 2, 0, 4, 0, 3, 1, 2, 1, 0, 1, 4, 0, 0, 3, 0, 0, 0, 0, 0, : 2, 4, 3, 1, 2, 1, 1, 4, 3, 
37: 0, 50, 0, 0, 0, 3, 0, 0, 0, 0, 0, 5, 0, 1, 0, 0, 0, 0, 1, 0, : 50, 3, 5, 1, 1, 
42: 0, 0, 0, 1, 0, 2, 0, 5, 0, 0, 0, 0, 0, 0, 0, 1, 0, 5, 0, 0, : 1, 2, 5, 1, 5, 


23: 0, 0, 0, 1, 0, 55, 0, 0, 0, 0, 0, 2, 0, 1, 0, 0, 0, 0, 0, 0, : 1, 55, 2, 1, 
22: 55, 0, 0, 1, 0, 1, 0, 0, 0, 0, 0, 0, 0, 55, 0, 0, 54, 52, 0, 0, : 55, 1, 1, 55, 54, 52, 
43: 0, 51, 0, 4, 0, 0, 0, 0, 0, 0, 0, 0, 1, 1, 4, 2, 0, 1, 0, 0, : 51, 4, 1, 1, 4, 2, 1, 
72: 4, 0, 0, 0, 0, 0, 0, 50, 0, 0, 2, 1, 0, 0, 0, 5, 0, 0, 52, 1, : 4, 50, 2, 1, 5, 52, 1, 
10: 0, 0, 5, 2, 5, 0, 0, 0, 1, 0, 0, 0, 0, 0, 0, 0, 0, 0, 0, 0, : 5, 2, 5, 1, 
88: 0, 0, 51, 4, 2, 0, 0, 0, 0, 5, 0, 5, 0, 0, 0, 0, 0, 0, 0, 0, : 51, 4, 2, 5, 5, 
70: 0, 0, 0, 5, 53, 0, 0, 0, 5, 0, 0, 52, 0, 0, 0, 0, 0, 0, 3, 4, : 5, 53, 5, 52, 3, 4, 
66: 0, 0, 0, 1, 0, 0, 52, 2, 0, 0, 0, 0, 0, 0, 0, 0, 0, 0, 2, 0, : 1, 52, 2, 2, 
67: 0, 5, 1, 5, 0, 2, 0, 0, 1, 0, 0, 0, 0, 0, 0, 0, 1, 5, 0, 0, : 5, 1, 5, 2, 1, 1, 5, 
16: 0, 2, 0, 2, 0, 0, 0, 0, 0, 55, 50, 0, 0, 0, 2, 0, 1, 0, 0, 0, : 2, 2, 55, 50, 2, 1, 
14: 1, 2, 0, 1, 0, 0, 0, 0, 0, 0, 0, 0, 51, 0, 0, 0, 0, 0, 0, 3, : 1, 2, 1, 51, 3, 
50: 0, 0, 0, 4, 0, 0, 0, 0, 0, 0, 2, 0, 1, 0, 0, 0, 0, 0, 0, 0, : 4, 2, 1, 
6: 0, 0, 0, 1, 0, 0, 0, 3, 0, 0, 2, 0, 0, 0, 0, 53, 0, 0, 1, 2, : 1, 3, 2, 53, 1, 2, 
3: 0, 0, 0, 4, 0, 0, 2, 5, 53, 0, 0, 0, 2, 0, 0, 0, 0, 0, 0, 0, : 4, 2, 5, 53, 2, 
12: 0, 0, 0, 5, 0, 0, 4, 0, 0, 0, 2, 0, 0, 3, 1, 0, 0, 0, 0, 50, : 5, 4, 2, 3, 1, 50, 
32: 0, 0, 0, 1, 0, 2, 0, 0, 0, 0, 2, 0, 5, 0, 0, 0, 0, 0, 2, 0, : 1, 2, 2, 5, 2, 
91: 0, 0, 2, 5, 0, 0, 2, 0, 0, 0, 0, 0, 0, 0, 0, 0, 0, 1, 0, 0, : 2, 5, 2, 1, 
56: 0, 0, 0, 4, 0, 0, 0, 0, 0, 0, 0, 0, 0, 0, 53, 0, 0, 0, 0, 0, : 4, 53, 
82: 0, 0, 1, 5, 0, 0, 0, 0, 0, 0, 0, 0, 0, 0, 0, 0, 0, 1, 0, 0, : 1, 5, 1, 
41: 0, 0, 0, 5, 0, 0, 0, 0, 0, 0, 0, 0, 0, 0, 0, 0, 4, 0, 0, 0, : 5, 4, 


