
20
40
60
2

16: 0, 2, 0, 0, 0, 2, 0, 0, 0, 0, 0, 0, 55, 4, 3, 0, 4, 0, 0, 5, : 2, 2, 55, 4, 3, 4, 5, 
35: 0, 2, 52, 2, 0, 1, 0, 0, 0, 0, 0, 0, 1, 0, 0, 0, 4, 0, 0, 1, : 2, 52, 2, 1, 1, 4, 1, 
24: 0, 4, 0, 0, 0, 1, 0, 0, 0, 0, 0, 0, 0, 0, 0, 1, 4, 0, 0, 1, : 4, 1, 1, 4, 1, 
40: 0, 3, 0, 0, 1, 0, 0, 0, 0, 1, 52, 5, 0, 0, 0, 4, 2, 1, 0, 4, : 3, 1, 1, 52, 5, 4, 2, 1, 4, 
38: 0, 3, 2, 0, 0, 1, 0, 0, 4, 0, 0, 0, 4, 0, 0, 0, 2, 0, 0, 3, : 3, 2, 1, 4, 4, 2, 3, 
7: 0, 7, 0, 0, 0, 0, 0, 0, 1, 1, 0, 0, 0, 0, 50, 0, 5, 0, 0, 6, : 7, 1, 1, 50, 5, 6, 
37: 1, 1, 0, 1, 0, 50, 0, 0, 0, 2, 0, 0, 0, 0, 5, 0, 1, 0, 0, 5, : 1, 1, 1, 50, 2, 5, 1, 5, 
6: 0, 2, 0, 51, 0, 0, 0, 0, 0, 0, 0, 0, 0, 0, 0, 55, 1, 3, 0, 2, : 2, 51, 55, 1, 3, 2, 
3: 0, 1, 0, 0, 0, 0, 0, 0, 0, 0, 0, 0, 0, 0, 0, 0, 1, 0, 0, 1, : 1, 1, 1, 
25: 0, 3, 0, 0, 1, 3, 0, 0, 52, 3, 0, 0, 0, 0, 0, 0, 2, 0, 4, 1, : 3, 1, 3, 52, 3, 2, 4, 1, 
14: 0, 5, 0, 0, 1, 0, 54, 0, 0, 0, 0, 0, 0, 0, 0, 0, 5, 3, 0, 5, : 5, 1, 54, 5, 3, 5, 
9: 0, 4, 0, 0, 0, 1, 1, 3, 0, 0, 3, 0, 0, 0, 0, 0, 1, 0, 0, 4, : 4, 1, 1, 3, 3, 1, 4, 
29: 54, 5, 1, 0, 0, 0, 3, 52, 0, 0, 0, 0, 0, 0, 1, 0, 4, 0, 0, 2, : 54, 5, 1, 3, 52, 1, 4, 2, 
19: 0, 1, 0, 4, 0, 1, 0, 0, 0, 0, 5, 0, 0, 52, 0, 0, 5, 0, 0, 1, : 1, 4, 1, 5, 52, 5, 1, 
10: 0, 2, 2, 0, 52, 0, 0, 1, 0, 0, 0, 0, 0, 0, 0, 0, 2, 0, 0, 6, : 2, 2, 52, 1, 2, 6, 
20: 1, 2, 3, 0, 0, 0, 0, 0, 0, 0, 0, 55, 0, 4, 0, 0, 5, 50, 0, 2, : 1, 2, 3, 55, 4, 5, 50, 2, 
26: 0, 4, 0, 2, 3, 0, 2, 4, 3, 2, 0, 0, 0, 0, 0, 0, 2, 3, 0, 4, : 4, 2, 3, 2, 4, 3, 2, 2, 3, 4, 
15: 4, 1, 0, 0, 0, 0, 0, 0, 0, 51, 0, 0, 0, 0, 0, 0, 1, 0, 1, 3, : 4, 1, 51, 1, 1, 3, 
39: 0, 5, 0, 0, 2, 0, 0, 0, 0, 0, 0, 0, 0, 0, 0, 0, 4, 0, 55, 3, : 5, 2, 4, 55, 3, 
17: 0, 3, 0, 0, 0, 0, 0, 0, 0, 0, 0, 0, 0, 0, 1, 0, 5, 0, 0, 1, : 3, 1, 5, 1, 


23: 50, 50, 0, 4, 0, 0, 0, 0, 4, 0, 0, 2, 0, 0, 4, 0, 1, 2, 2, 0, : 50, 50, 4, 4, 2, 4, 1, 2, 2, 
1: 0, 0, 0, 5, 0, 0, 50, 0, 3, 0, 0, 5, 0, 0, 0, 0, 3, 2, 5, 0, : 5, 50, 3, 5, 3, 2, 5, 
5: 0, 0, 1, 2, 0, 53, 0, 53, 1, 0, 2, 4, 0, 0, 0, 0, 2, 3, 2, 0, : 1, 2, 53, 53, 1, 2, 4, 2, 3, 2, 
22: 0, 0, 0, 5, 5, 0, 0, 0, 2, 0, 0, 4, 0, 0, 0, 0, 2, 4, 4, 1, : 5, 5, 2, 4, 2, 4, 4, 1, 
12: 0, 0, 0, 4, 0, 4, 0, 0, 2, 5, 51, 1, 0, 0, 0, 1, 2, 5, 1, 4, : 4, 4, 2, 5, 51, 1, 1, 2, 5, 1, 4, 
21: 0, 0, 0, 3, 0, 3, 0, 0, 2, 0, 5, 3, 2, 0, 0, 53, 2, 2, 1, 3, : 3, 3, 2, 5, 3, 2, 53, 2, 2, 1, 3, 
32: 0, 0, 0, 1, 0, 0, 0, 0, 3, 0, 0, 2, 0, 0, 0, 0, 4, 4, 5, 0, : 1, 3, 2, 4, 4, 5, 
30: 3, 0, 0, 5, 0, 0, 0, 0, 2, 54, 0, 1, 0, 0, 0, 0, 5, 4, 5, 0, : 3, 5, 2, 54, 1, 5, 4, 5, 
4: 0, 0, 1, 1, 0, 0, 0, 0, 4, 0, 0, 3, 0, 0, 0, 0, 3, 0, 2, 0, : 1, 1, 4, 3, 3, 2, 
18: 0, 0, 0, 5, 0, 0, 0, 0, 3, 0, 0, 1, 51, 0, 0, 0, 4, 5, 3, 0, : 5, 3, 1, 51, 4, 5, 3, 
13: 2, 0, 0, 4, 0, 0, 0, 0, 5, 0, 0, 3, 0, 0, 1, 5, 1, 5, 2, 0, : 2, 4, 5, 3, 1, 5, 1, 5, 2, 
31: 0, 0, 1, 4, 0, 0, 2, 5, 4, 0, 0, 3, 2, 4, 53, 0, 5, 0, 5, 0, : 1, 4, 2, 5, 4, 3, 2, 4, 53, 5, 5, 
33: 0, 0, 0, 1, 0, 0, 1, 2, 4, 0, 0, 3, 0, 0, 0, 0, 1, 2, 3, 0, : 1, 1, 2, 4, 3, 1, 2, 3, 
28: 0, 0, 0, 0, 0, 0, 0, 0, 5, 0, 0, 3, 4, 54, 2, 0, 2, 3, 2, 0, : 5, 3, 4, 54, 2, 2, 3, 2, 
8: 0, 0, 0, 3, 0, 0, 4, 0, 3, 1, 0, 4, 0, 0, 0, 1, 2, 5, 5, 51, : 3, 4, 3, 1, 4, 1, 2, 5, 5, 51, 
11: 0, 4, 0, 5, 52, 0, 2, 0, 2, 0, 0, 3, 0, 2, 0, 0, 4, 4, 1, 0, : 4, 5, 52, 2, 2, 3, 2, 4, 4, 1, 
36: 0, 0, 0, 1, 0, 0, 1, 0, 4, 0, 0, 5, 1, 0, 0, 0, 1, 1, 3, 0, : 1, 1, 4, 5, 1, 1, 1, 3, 
34: 0, 5, 52, 1, 0, 0, 0, 0, 3, 0, 0, 2, 0, 0, 0, 0, 4, 5, 4, 0, : 5, 52, 1, 3, 2, 4, 5, 4, 
27: 0, 1, 0, 2, 0, 0, 0, 0, 1, 0, 0, 5, 0, 0, 0, 0, 7, 1, 3, 0, : 1, 2, 1, 5, 7, 1, 3, 
2: 5, 0, 5, 4, 3, 0, 0, 0, 3, 0, 2, 3, 0, 0, 0, 0, 5, 3, 2, 1, : 5, 5, 4, 3, 3, 2, 3, 5, 3, 2, 1, 


