
200
100
60
5

73: 0, 2, 0, 1, 3, 0, 0, 1, 0, 52, 0, 0, 0, 4, 0, 0, 0, 1, 0, 0, 0, 0, 0, 0, 3, 1, 0, 0, 5, 1, 1, 0, 0, 52, 0, 0, 0, 3, 4, 0, 4, 0, 0, 0, 0, 5, 5, 3, 0, 0, 2, 0, 0, 1, 0, 0, 3, 0, 4, 0, 0, 0, 0, 0, 2, 0, 0, 0, 0, 2, 2, 2, 4, 0, 4, 1, 5, 0, 0, 53, 1, 0, 2, 0, 0, 0, 0, 0, 4, 50, 0, 0, 2, 0, 0, 1, 5, 0, 0, 0, 1, 3, 1, 1, 0, 5, 3, 4, 52, 0, 0, 0, 0, 3, 0, 50, 4, 0, 0, 0, 0, 1, 0, 0, 0, 1, 0, 0, 0, 0, 0, 0, 0, 0, 0, 0, 0, 0, 1, 0, 0, 0, 0, 0, 0, 0, 5, 0, 0, 0, 0, 4, 2, 0, 3, 0, 0, 0, 0, 0, 0, 0, 50, 0, 3, 4, 0, 0, 0, 1, 0, 0, 3, 0, 50, 0, 1, 4, 0, 0, 0, 0, 0, 0, 0, 3, 0, 1, 0, 1, 8, 0, 0, 1, 3, 2, 4, 0, 0, 0, : 2, 1, 3, 1, 52, 4, 1, 3, 1, 5, 1, 1, 52, 3, 4, 4, 5, 5, 3, 2, 1, 3, 4, 2, 2, 2, 2, 4, 4, 1, 5, 53, 1, 2, 4, 50, 2, 1, 5, 1, 3, 1, 1, 5, 3, 4, 52, 3, 50, 4, 1, 1, 1, 5, 4, 2, 3, 50, 3, 4, 1, 3, 50, 1, 4, 3, 1, 1, 8, 1, 3, 2, 4, 
24: 0, 5, 0, 0, 0, 0, 0, 7, 0, 0, 0, 0, 2, 0, 0, 0, 0, 0, 0, 0, 0, 0, 0, 0, 4, 0, 0, 0, 4, 2, 4, 5, 0, 0, 0, 0, 4, 1, 0, 0, 5, 0, 0, 3, 0, 2, 50, 0, 1, 0, 0, 0, 0, 2, 0, 1, 4, 0, 3, 0, 0, 0, 0, 0, 2, 0, 1, 1, 0, 4, 2, 5, 4, 0, 0, 5, 5, 0, 0, 0, 0, 0, 0, 0, 0, 0, 0, 0, 2, 1, 1, 0, 4, 52, 0, 0, 0, 0, 2, 3, 1, 4, 0, 4, 0, 1, 4, 1, 0, 0, 0, 0, 0, 5, 0, 0, 2, 0, 1, 0, 0, 5, 0, 0, 0, 4, 0, 0, 0, 0, 0, 0, 0, 0, 0, 50, 51, 0, 4, 0, 0, 0, 0, 0, 0, 0, 5, 0, 0, 0, 0, 1, 0, 0, 0, 0, 0, 0, 0, 0, 0, 0, 0, 0, 0, 3, 0, 0, 0, 4, 0, 3, 0, 2, 0, 0, 3, 5, 0, 3, 1, 0, 0, 0, 0, 5, 0, 0, 4, 2, 1, 5, 0, 5, 55, 1, 5, 3, 0, 0, : 5, 7, 2, 4, 4, 2, 4, 5, 4, 1, 5, 3, 2, 50, 1, 2, 1, 4, 3, 2, 1, 1, 4, 2, 5, 4, 5, 5, 2, 1, 1, 4, 52, 2, 3, 1, 4, 4, 1, 4, 1, 5, 2, 1, 5, 4, 50, 51, 4, 5, 1, 3, 4, 3, 2, 3, 5, 3, 1, 5, 4, 2, 1, 5, 5, 55, 1, 5, 3, 
29: 0, 0, 0, 0, 0, 0, 50, 5, 0, 0, 0, 0, 0, 0, 0, 0, 0, 0, 0, 0, 50, 0, 0, 0, 2, 3, 0, 3, 5, 1, 2, 0, 1, 0, 5, 0, 0, 51, 0, 0, 4, 0, 0, 1, 0, 4, 0, 0, 2, 0, 5, 0, 1, 4, 0, 2, 5, 0, 4, 0, 0, 0, 0, 0, 3, 0, 0, 55, 0, 5, 0, 3, 1, 0, 1, 3, 3, 0, 0, 0, 0, 0, 0, 0, 0, 4, 4, 0, 5, 0, 0, 0, 5, 0, 5, 0, 0, 0, 0, 0, 0, 1, 0, 3, 0, 2, 5, 3, 0, 0, 0, 0, 0, 2, 0, 0, 5, 0, 0, 0, 0, 0, 1, 0, 5, 1, 0, 4, 0, 0, 3, 0, 0, 0, 0, 1, 0, 0, 5, 0, 0, 0, 0, 0, 0, 0, 4, 0, 0, 1, 0, 3, 0, 1, 0, 0, 0, 0, 0, 0, 0, 0, 3, 0, 0, 1, 0, 0, 53, 4, 0, 0, 0, 0, 0, 0, 1, 2, 0, 3, 0, 1, 0, 5, 0, 1, 0, 4, 5, 5, 1, 0, 0, 4, 0, 2, 2, 0, 0, 0, : 50, 5, 50, 2, 3, 3, 5, 1, 2, 1, 5, 51, 4, 1, 4, 2, 5, 1, 4, 2, 5, 4, 3, 55, 5, 3, 1, 1, 3, 3, 4, 4, 5, 5, 5, 1, 3, 2, 5, 3, 2, 5, 1, 5, 1, 4, 3, 1, 5, 4, 1, 3, 1, 3, 1, 53, 4, 1, 2, 3, 1, 5, 1, 4, 5, 5, 1, 4, 2, 2, 
99: 0, 0, 0, 0, 0, 5, 0, 5, 0, 1, 0, 0, 0, 0, 0, 0, 0, 0, 0, 2, 0, 1, 0, 0, 4, 0, 0, 0, 2, 3, 2, 0, 0, 0, 50, 0, 0, 0, 0, 0, 1, 0, 3, 1, 0, 4, 0, 0, 52, 0, 0, 0, 0, 3, 0, 0, 1, 0, 4, 5, 0, 5, 0, 0, 5, 52, 0, 0, 0, 3, 0, 2, 5, 0, 1, 3, 3, 0, 0, 0, 4, 0, 0, 3, 0, 0, 53, 0, 4, 1, 0, 1, 5, 0, 0, 0, 0, 0, 0, 3, 0, 2, 0, 4, 0, 4, 3, 5, 0, 0, 3, 0, 0, 2, 0, 4, 2, 4, 1, 0, 55, 52, 0, 0, 0, 2, 0, 0, 0, 0, 0, 0, 0, 0, 0, 0, 0, 5, 2, 0, 0, 0, 0, 0, 0, 50, 4, 0, 1, 0, 1, 4, 5, 0, 0, 0, 54, 0, 5, 1, 0, 0, 0, 2, 0, 4, 0, 0, 0, 5, 0, 0, 0, 0, 0, 0, 5, 0, 0, 54, 3, 0, 0, 0, 1, 2, 0, 0, 0, 4, 2, 0, 0, 0, 0, 5, 4, 0, 0, 0, : 5, 5, 1, 2, 1, 4, 2, 3, 2, 50, 1, 3, 1, 4, 52, 3, 1, 4, 5, 5, 5, 52, 3, 2, 5, 1, 3, 3, 4, 3, 53, 4, 1, 1, 5, 3, 2, 4, 4, 3, 5, 3, 2, 4, 2, 4, 1, 55, 52, 2, 5, 2, 50, 4, 1, 1, 4, 5, 54, 5, 1, 2, 4, 5, 5, 54, 3, 1, 2, 4, 2, 5, 4, 
2: 0, 0, 0, 1, 0, 0, 0, 7, 0, 0, 0, 0, 0, 0, 0, 0, 0, 0, 0, 0, 0, 0, 3, 0, 4, 0, 0, 0, 4, 2, 4, 0, 0, 0, 0, 0, 0, 0, 0, 0, 5, 0, 0, 3, 2, 2, 0, 0, 0, 1, 0, 0, 54, 1, 50, 0, 4, 0, 1, 0, 0, 0, 0, 0, 1, 0, 0, 0, 0, 0, 0, 4, 1, 1, 2, 3, 0, 0, 0, 0, 0, 2, 0, 0, 0, 0, 0, 0, 3, 0, 1, 0, 2, 0, 0, 0, 2, 5, 0, 0, 0, 2, 0, 5, 0, 4, 1, 5, 0, 0, 0, 0, 0, 0, 0, 0, 3, 0, 4, 0, 0, 0, 0, 0, 0, 4, 0, 0, 0, 0, 0, 1, 0, 0, 0, 0, 0, 0, 1, 0, 0, 0, 0, 0, 0, 0, 4, 0, 0, 0, 0, 1, 0, 1, 0, 4, 0, 0, 0, 0, 0, 0, 1, 1, 0, 1, 0, 1, 0, 4, 0, 0, 0, 0, 0, 5, 4, 1, 0, 0, 2, 0, 54, 0, 0, 1, 0, 0, 0, 2, 3, 0, 1, 5, 0, 4, 3, 0, 0, 1, : 1, 7, 3, 4, 4, 2, 4, 5, 3, 2, 2, 1, 54, 1, 50, 4, 1, 1, 4, 1, 1, 2, 3, 2, 3, 1, 2, 2, 5, 2, 5, 4, 1, 5, 3, 4, 4, 1, 1, 4, 1, 1, 4, 1, 1, 1, 1, 4, 5, 4, 1, 2, 54, 1, 2, 3, 1, 5, 4, 3, 1, 
79: 0, 0, 0, 0, 0, 0, 0, 3, 0, 0, 0, 3, 0, 0, 2, 0, 1, 0, 1, 0, 1, 0, 0, 0, 4, 0, 0, 0, 3, 3, 1, 0, 0, 3, 3, 0, 0, 0, 0, 0, 3, 3, 0, 5, 0, 5, 0, 0, 0, 54, 0, 2, 0, 3, 1, 0, 4, 0, 4, 0, 0, 0, 0, 0, 5, 0, 0, 0, 0, 1, 1, 5, 4, 0, 0, 1, 4, 4, 0, 1, 51, 0, 0, 0, 0, 0, 3, 0, 3, 0, 0, 0, 1, 0, 0, 0, 0, 53, 0, 0, 0, 1, 0, 1, 0, 3, 3, 5, 0, 0, 0, 0, 0, 4, 0, 0, 3, 52, 3, 0, 4, 0, 50, 0, 0, 5, 0, 0, 0, 0, 0, 0, 0, 0, 0, 0, 0, 51, 4, 0, 3, 0, 2, 0, 3, 0, 4, 0, 0, 0, 0, 4, 51, 0, 0, 0, 0, 0, 0, 0, 0, 1, 0, 0, 0, 1, 0, 0, 0, 1, 0, 0, 2, 0, 0, 0, 5, 3, 0, 0, 0, 0, 0, 0, 0, 1, 50, 0, 0, 4, 1, 0, 50, 5, 0, 5, 3, 0, 0, 0, : 3, 3, 2, 1, 1, 1, 4, 3, 3, 1, 3, 3, 3, 3, 5, 5, 54, 2, 3, 1, 4, 4, 5, 1, 1, 5, 4, 1, 4, 4, 1, 51, 3, 3, 1, 53, 1, 1, 3, 3, 5, 4, 3, 52, 3, 4, 50, 5, 51, 4, 3, 2, 3, 4, 4, 51, 1, 1, 1, 2, 5, 3, 1, 50, 4, 1, 50, 5, 5, 3, 
42: 1, 0, 50, 4, 0, 0, 0, 1, 0, 0, 0, 0, 0, 4, 53, 0, 0, 0, 4, 53, 0, 0, 0, 54, 1, 0, 0, 0, 0, 1, 1, 0, 50, 0, 0, 0, 0, 0, 0, 0, 4, 0, 0, 4, 2, 2, 0, 0, 0, 5, 0, 0, 0, 1, 0, 0, 3, 0, 1, 0, 2, 0, 2, 0, 2, 0, 0, 0, 0, 2, 0, 3, 4, 0, 0, 5, 4, 51, 2, 0, 4, 0, 0, 0, 52, 55, 0, 0, 4, 0, 0, 0, 1, 0, 0, 0, 0, 0, 1, 0, 1, 4, 0, 3, 0, 3, 0, 1, 0, 0, 0, 0, 5, 5, 0, 0, 5, 0, 0, 0, 0, 0, 0, 0, 0, 3, 0, 0, 0, 2, 3, 0, 1, 0, 0, 0, 0, 0, 5, 0, 0, 3, 0, 0, 0, 0, 1, 0, 0, 0, 0, 4, 1, 0, 0, 0, 0, 0, 0, 0, 0, 53, 1, 0, 0, 4, 2, 0, 1, 4, 5, 0, 0, 0, 4, 50, 1, 0, 50, 0, 0, 0, 0, 0, 0, 4, 3, 0, 0, 3, 2, 0, 0, 1, 0, 3, 6, 0, 1, 0, : 1, 50, 4, 1, 4, 53, 4, 53, 54, 1, 1, 1, 50, 4, 4, 2, 2, 5, 1, 3, 1, 2, 2, 2, 2, 3, 4, 5, 4, 51, 2, 4, 52, 55, 4, 1, 1, 1, 4, 3, 3, 1, 5, 5, 5, 3, 2, 3, 1, 5, 3, 1, 4, 1, 53, 1, 4, 2, 1, 4, 5, 4, 50, 1, 50, 4, 3, 3, 2, 1, 3, 6, 1, 
97: 0, 0, 1, 0, 0, 0, 0, 1, 0, 0, 0, 0, 0, 0, 0, 0, 0, 0, 53, 0, 2, 0, 0, 1, 4, 0, 0, 52, 2, 6, 5, 0, 0, 0, 0, 0, 0, 0, 3, 0, 3, 0, 1, 5, 3, 1, 0, 2, 4, 0, 0, 0, 0, 4, 0, 4, 4, 0, 2, 0, 5, 0, 0, 0, 5, 0, 0, 0, 0, 2, 0, 2, 3, 1, 2, 2, 4, 3, 0, 0, 0, 4, 0, 0, 0, 0, 0, 0, 5, 0, 0, 0, 5, 0, 50, 0, 51, 2, 50, 1, 0, 4, 0, 3, 0, 4, 4, 3, 0, 0, 0, 0, 0, 3, 53, 0, 2, 0, 0, 0, 0, 0, 0, 0, 0, 4, 0, 0, 2, 0, 50, 50, 0, 1, 3, 0, 0, 2, 3, 0, 4, 0, 0, 0, 0, 0, 4, 1, 0, 2, 0, 3, 0, 2, 0, 0, 0, 0, 0, 55, 0, 0, 0, 0, 0, 1, 0, 0, 0, 4, 1, 1, 0, 0, 0, 0, 1, 1, 0, 0, 2, 0, 0, 55, 2, 7, 0, 0, 1, 1, 3, 0, 3, 5, 0, 3, 4, 0, 0, 0, : 1, 1, 53, 2, 1, 4, 52, 2, 6, 5, 3, 3, 1, 5, 3, 1, 2, 4, 4, 4, 4, 2, 5, 5, 2, 2, 3, 1, 2, 2, 4, 3, 4, 5, 5, 50, 51, 2, 50, 1, 4, 3, 4, 4, 3, 3, 53, 2, 4, 2, 50, 50, 1, 3, 2, 3, 4, 4, 1, 2, 3, 2, 55, 1, 4, 1, 1, 1, 1, 2, 55, 2, 7, 1, 1, 3, 3, 5, 3, 4, 
89: 0, 0, 0, 0, 1, 0, 0, 4, 0, 2, 0, 0, 50, 0, 0, 0, 0, 0, 0, 0, 0, 51, 3, 1, 4, 4, 0, 0, 3, 1, 2, 51, 0, 0, 0, 1, 0, 0, 51, 0, 1, 0, 1, 3, 0, 5, 0, 0, 0, 0, 0, 0, 2, 3, 1, 50, 2, 0, 4, 1, 1, 0, 2, 0, 5, 0, 0, 4, 0, 1, 0, 0, 4, 53, 0, 2, 1, 0, 54, 0, 0, 0, 0, 0, 0, 0, 0, 0, 1, 1, 0, 0, 4, 3, 0, 0, 2, 0, 0, 0, 0, 5, 3, 1, 53, 5, 5, 5, 0, 5, 0, 0, 0, 4, 4, 0, 5, 0, 0, 0, 0, 0, 0, 5, 0, 2, 0, 50, 0, 0, 0, 0, 2, 0, 0, 0, 0, 0, 2, 0, 0, 53, 0, 5, 0, 0, 1, 0, 54, 0, 4, 2, 0, 1, 1, 54, 0, 0, 0, 0, 0, 0, 0, 0, 0, 3, 0, 0, 1, 2, 51, 2, 0, 0, 0, 0, 5, 4, 4, 0, 0, 0, 0, 0, 0, 3, 0, 0, 0, 1, 2, 0, 0, 3, 0, 2, 1, 1, 0, 0, : 1, 4, 2, 50, 51, 3, 1, 4, 4, 3, 1, 2, 51, 1, 51, 1, 1, 3, 5, 2, 3, 1, 50, 2, 4, 1, 1, 2, 5, 4, 1, 4, 53, 2, 1, 54, 1, 1, 4, 3, 2, 5, 3, 1, 53, 5, 5, 5, 5, 4, 4, 5, 5, 2, 50, 2, 2, 53, 5, 1, 54, 4, 2, 1, 1, 54, 3, 1, 2, 51, 2, 5, 4, 4, 3, 1, 2, 3, 2, 1, 1, 
46: 5, 50, 2, 0, 0, 0, 2, 1, 50, 0, 2, 0, 0, 0, 0, 0, 0, 0, 0, 4, 0, 4, 0, 0, 4, 0, 0, 0, 1, 5, 4, 4, 1, 0, 0, 0, 4, 4, 0, 0, 1, 0, 50, 1, 0, 2, 0, 0, 0, 0, 0, 0, 0, 6, 0, 0, 1, 0, 5, 0, 0, 0, 0, 4, 3, 0, 0, 0, 0, 4, 0, 5, 5, 0, 0, 5, 1, 0, 0, 3, 0, 0, 0, 0, 0, 0, 0, 0, 3, 0, 0, 5, 4, 0, 0, 1, 0, 0, 0, 0, 0, 2, 1, 4, 0, 1, 4, 2, 0, 0, 0, 0, 2, 5, 1, 4, 3, 1, 0, 4, 0, 0, 0, 0, 0, 5, 0, 0, 0, 0, 0, 0, 0, 0, 1, 0, 0, 0, 3, 4, 50, 1, 0, 0, 51, 0, 5, 3, 0, 0, 0, 3, 0, 1, 0, 0, 0, 0, 0, 0, 1, 0, 0, 0, 0, 2, 2, 0, 0, 2, 0, 0, 0, 50, 0, 0, 3, 4, 0, 0, 51, 1, 0, 0, 0, 5, 5, 2, 0, 5, 2, 0, 0, 3, 0, 0, 3, 0, 5, 1, : 5, 50, 2, 2, 1, 50, 2, 4, 4, 4, 1, 5, 4, 4, 1, 4, 4, 1, 50, 1, 2, 6, 1, 5, 4, 3, 4, 5, 5, 5, 1, 3, 3, 5, 4, 1, 2, 1, 4, 1, 4, 2, 2, 5, 1, 4, 3, 1, 4, 5, 1, 3, 4, 50, 1, 51, 5, 3, 3, 1, 1, 2, 2, 2, 50, 3, 4, 51, 1, 5, 5, 2, 5, 2, 3, 3, 5, 1, 
5: 0, 0, 0, 0, 0, 0, 0, 3, 0, 0, 0, 4, 0, 0, 0, 0, 0, 1, 0, 0, 0, 0, 0, 2, 2, 0, 5, 0, 3, 6, 4, 0, 0, 0, 0, 3, 0, 0, 0, 2, 1, 0, 0, 4, 0, 1, 0, 0, 0, 0, 0, 0, 0, 2, 4, 3, 1, 51, 4, 50, 0, 0, 0, 0, 3, 0, 0, 0, 5, 5, 0, 2, 0, 2, 0, 5, 0, 0, 0, 0, 0, 0, 0, 0, 0, 0, 0, 0, 2, 0, 0, 3, 4, 0, 0, 3, 0, 0, 3, 0, 0, 2, 1, 1, 0, 1, 5, 2, 0, 1, 0, 0, 0, 0, 0, 0, 3, 0, 0, 0, 0, 0, 0, 0, 0, 4, 3, 0, 0, 0, 0, 0, 0, 2, 0, 0, 0, 0, 1, 0, 2, 0, 1, 0, 0, 0, 4, 1, 2, 2, 0, 5, 0, 2, 0, 1, 0, 0, 0, 0, 0, 0, 0, 0, 0, 3, 4, 0, 0, 3, 0, 0, 0, 0, 0, 0, 2, 5, 0, 0, 0, 2, 0, 0, 3, 4, 0, 0, 0, 3, 1, 0, 0, 4, 0, 1, 3, 0, 51, 0, : 3, 4, 1, 2, 2, 5, 3, 6, 4, 3, 2, 1, 4, 1, 2, 4, 3, 1, 51, 4, 50, 3, 5, 5, 2, 2, 5, 2, 3, 4, 3, 3, 2, 1, 1, 1, 5, 2, 1, 3, 4, 3, 2, 1, 2, 1, 4, 1, 2, 2, 5, 2, 1, 3, 4, 3, 2, 5, 2, 3, 4, 3, 1, 4, 1, 3, 51, 
88: 0, 0, 0, 0, 0, 0, 4, 1, 2, 0, 0, 0, 4, 0, 0, 0, 0, 0, 0, 0, 0, 0, 0, 0, 1, 0, 0, 0, 5, 3, 5, 0, 0, 0, 0, 0, 0, 0, 1, 0, 3, 0, 0, 4, 0, 2, 0, 0, 0, 0, 50, 0, 0, 4, 0, 0, 2, 5, 4, 0, 0, 0, 51, 0, 2, 0, 4, 0, 0, 5, 0, 1, 1, 3, 0, 2, 4, 0, 0, 0, 0, 0, 3, 0, 1, 0, 0, 5, 1, 4, 0, 0, 1, 0, 0, 5, 0, 0, 0, 0, 0, 4, 1, 5, 0, 3, 4, 2, 0, 0, 0, 2, 2, 2, 2, 0, 1, 0, 0, 2, 0, 0, 0, 0, 0, 3, 0, 0, 0, 0, 0, 0, 0, 0, 0, 2, 0, 0, 4, 0, 0, 0, 1, 0, 0, 5, 2, 0, 2, 0, 0, 3, 1, 0, 0, 0, 0, 5, 0, 0, 0, 0, 0, 0, 0, 4, 0, 0, 1, 5, 0, 0, 0, 5, 4, 4, 3, 2, 0, 0, 0, 1, 0, 0, 0, 1, 0, 1, 0, 4, 4, 0, 0, 4, 0, 3, 1, 0, 0, 1, : 4, 1, 2, 4, 1, 5, 3, 5, 1, 3, 4, 2, 50, 4, 2, 5, 4, 51, 2, 4, 5, 1, 1, 3, 2, 4, 3, 1, 5, 1, 4, 1, 5, 4, 1, 5, 3, 4, 2, 2, 2, 2, 2, 1, 2, 3, 2, 4, 1, 5, 2, 2, 3, 1, 5, 4, 1, 5, 5, 4, 4, 3, 2, 1, 1, 1, 4, 4, 4, 3, 1, 1, 
43: 0, 0, 0, 0, 1, 0, 0, 3, 5, 0, 53, 0, 4, 0, 1, 3, 0, 0, 0, 0, 0, 0, 0, 1, 5, 0, 0, 0, 1, 1, 1, 0, 2, 0, 0, 4, 0, 0, 0, 55, 4, 54, 0, 5, 0, 4, 0, 0, 0, 0, 0, 0, 3, 5, 0, 0, 3, 0, 5, 0, 0, 1, 0, 0, 5, 0, 0, 0, 0, 4, 0, 2, 1, 0, 0, 2, 4, 0, 0, 0, 0, 0, 0, 0, 0, 0, 0, 0, 5, 0, 0, 0, 2, 0, 0, 0, 0, 0, 0, 0, 0, 6, 0, 2, 0, 4, 1, 3, 0, 0, 0, 1, 0, 3, 0, 0, 2, 0, 0, 0, 1, 0, 0, 0, 0, 3, 0, 0, 0, 53, 3, 0, 0, 0, 0, 0, 0, 0, 3, 0, 1, 0, 0, 0, 0, 0, 1, 54, 0, 0, 0, 4, 0, 0, 2, 0, 1, 0, 0, 0, 0, 0, 0, 0, 0, 2, 0, 53, 1, 1, 0, 0, 1, 0, 0, 0, 1, 5, 0, 0, 1, 1, 0, 0, 0, 4, 0, 0, 0, 3, 2, 0, 0, 5, 0, 4, 5, 0, 1, 51, : 1, 3, 5, 53, 4, 1, 3, 1, 5, 1, 1, 1, 2, 4, 55, 4, 54, 5, 4, 3, 5, 3, 5, 1, 5, 4, 2, 1, 2, 4, 5, 2, 6, 2, 4, 1, 3, 1, 3, 2, 1, 3, 53, 3, 3, 1, 1, 54, 4, 2, 1, 2, 53, 1, 1, 1, 1, 5, 1, 1, 4, 3, 2, 5, 4, 5, 1, 51, 
87: 0, 0, 0, 0, 0, 55, 0, 5, 0, 0, 0, 0, 0, 0, 0, 3, 0, 0, 0, 0, 0, 0, 54, 1, 4, 0, 0, 1, 0, 1, 4, 0, 0, 0, 0, 51, 0, 0, 0, 0, 1, 0, 0, 1, 0, 5, 0, 0, 0, 0, 0, 2, 0, 3, 3, 0, 2, 0, 2, 0, 0, 1, 0, 0, 2, 0, 55, 0, 1, 0, 0, 2, 5, 0, 0, 2, 5, 1, 4, 1, 0, 0, 0, 0, 0, 0, 0, 0, 2, 0, 0, 1, 2, 0, 0, 0, 0, 0, 0, 0, 1, 4, 3, 2, 0, 2, 5, 4, 3, 0, 0, 0, 0, 5, 0, 2, 1, 0, 0, 0, 0, 0, 4, 50, 54, 5, 4, 1, 0, 1, 0, 0, 0, 0, 55, 0, 0, 0, 1, 0, 0, 0, 52, 0, 0, 2, 3, 0, 0, 0, 0, 3, 0, 2, 0, 0, 0, 0, 0, 0, 4, 1, 0, 0, 0, 5, 52, 0, 0, 2, 0, 0, 0, 0, 0, 0, 4, 4, 0, 0, 0, 50, 0, 0, 0, 4, 0, 0, 0, 1, 4, 0, 0, 1, 0, 5, 4, 0, 1, 2, : 55, 5, 3, 54, 1, 4, 1, 1, 4, 51, 1, 1, 5, 2, 3, 3, 2, 2, 1, 2, 55, 1, 2, 5, 2, 5, 1, 4, 1, 2, 1, 2, 1, 4, 3, 2, 2, 5, 4, 3, 5, 2, 1, 4, 50, 54, 5, 4, 1, 1, 55, 1, 52, 2, 3, 3, 2, 4, 1, 5, 52, 2, 4, 4, 50, 4, 1, 4, 1, 5, 4, 1, 2, 
58: 50, 0, 4, 0, 0, 0, 1, 3, 0, 4, 0, 0, 0, 0, 1, 0, 0, 2, 0, 0, 0, 0, 0, 0, 1, 0, 0, 0, 4, 4, 5, 0, 1, 0, 0, 0, 0, 0, 0, 0, 3, 0, 0, 4, 0, 1, 0, 0, 1, 0, 0, 55, 0, 5, 0, 0, 1, 4, 2, 0, 0, 1, 0, 0, 4, 0, 0, 0, 0, 2, 1, 5, 5, 0, 0, 2, 4, 0, 0, 1, 0, 51, 0, 1, 0, 0, 0, 52, 5, 0, 0, 0, 2, 0, 0, 0, 0, 0, 0, 0, 0, 1, 0, 4, 0, 4, 5, 1, 0, 0, 1, 51, 0, 1, 0, 0, 1, 0, 0, 54, 0, 0, 0, 1, 0, 3, 0, 0, 0, 0, 1, 4, 0, 0, 1, 5, 0, 0, 1, 1, 0, 0, 0, 55, 0, 0, 3, 0, 1, 0, 55, 3, 0, 0, 54, 0, 0, 0, 0, 0, 2, 5, 5, 0, 0, 2, 0, 5, 3, 4, 0, 0, 0, 0, 2, 0, 3, 0, 0, 0, 0, 3, 1, 0, 1, 3, 0, 0, 0, 1, 4, 52, 0, 5, 0, 4, 1, 0, 0, 0, : 50, 4, 1, 3, 4, 1, 2, 1, 4, 4, 5, 1, 3, 4, 1, 1, 55, 5, 1, 4, 2, 1, 4, 2, 1, 5, 5, 2, 4, 1, 51, 1, 52, 5, 2, 1, 4, 4, 5, 1, 1, 51, 1, 1, 54, 1, 3, 1, 4, 1, 5, 1, 1, 55, 3, 1, 55, 3, 54, 2, 5, 5, 2, 5, 3, 4, 2, 3, 3, 1, 1, 3, 1, 4, 52, 5, 4, 1, 
68: 0, 0, 0, 0, 0, 0, 0, 1, 0, 0, 0, 53, 0, 0, 0, 54, 0, 53, 0, 1, 0, 4, 0, 0, 1, 0, 55, 0, 3, 4, 3, 0, 0, 0, 0, 0, 0, 1, 0, 3, 2, 0, 0, 2, 2, 2, 0, 55, 0, 0, 0, 1, 0, 1, 0, 0, 3, 0, 1, 0, 0, 1, 0, 0, 2, 0, 0, 0, 0, 0, 0, 5, 3, 0, 0, 5, 4, 0, 0, 0, 0, 0, 2, 0, 3, 0, 0, 0, 2, 0, 0, 0, 3, 0, 0, 0, 0, 0, 0, 52, 0, 1, 0, 3, 2, 5, 4, 1, 2, 4, 0, 1, 0, 5, 0, 0, 4, 2, 0, 0, 0, 0, 0, 0, 0, 3, 0, 4, 0, 0, 0, 5, 50, 0, 0, 0, 0, 0, 4, 0, 0, 0, 0, 0, 0, 0, 3, 0, 0, 0, 0, 4, 0, 50, 0, 0, 3, 0, 1, 0, 0, 0, 0, 0, 4, 3, 0, 0, 0, 4, 0, 0, 0, 3, 0, 0, 1, 5, 0, 0, 0, 1, 0, 0, 0, 3, 0, 0, 0, 5, 5, 0, 0, 0, 0, 2, 1, 2, 1, 0, : 1, 53, 54, 53, 1, 4, 1, 55, 3, 4, 3, 1, 3, 2, 2, 2, 2, 55, 1, 1, 3, 1, 1, 2, 5, 3, 5, 4, 2, 3, 2, 3, 52, 1, 3, 2, 5, 4, 1, 2, 4, 1, 5, 4, 2, 3, 4, 5, 50, 4, 3, 4, 50, 3, 1, 4, 3, 4, 3, 1, 5, 1, 3, 5, 5, 2, 1, 2, 1, 
18: 4, 3, 0, 0, 0, 0, 0, 4, 0, 1, 0, 0, 0, 0, 0, 0, 5, 3, 0, 0, 0, 0, 0, 0, 4, 0, 0, 0, 4, 3, 2, 0, 0, 0, 0, 0, 0, 0, 1, 0, 3, 0, 0, 4, 0, 5, 0, 0, 0, 0, 0, 0, 0, 2, 0, 0, 2, 0, 3, 0, 0, 0, 0, 0, 2, 3, 0, 0, 0, 5, 0, 5, 1, 0, 50, 4, 2, 1, 0, 1, 0, 1, 0, 2, 1, 0, 0, 3, 1, 0, 53, 0, 5, 2, 5, 0, 0, 0, 2, 1, 1, 2, 0, 3, 1, 1, 1, 4, 3, 50, 3, 0, 0, 2, 0, 0, 1, 0, 0, 0, 0, 2, 0, 0, 1, 0, 2, 0, 3, 4, 0, 0, 3, 54, 0, 2, 0, 0, 6, 0, 0, 0, 0, 0, 0, 1, 0, 0, 0, 55, 0, 2, 0, 0, 0, 0, 2, 55, 0, 3, 0, 0, 0, 2, 3, 3, 0, 0, 0, 2, 0, 53, 0, 0, 0, 0, 4, 4, 0, 0, 0, 0, 0, 0, 2, 2, 0, 0, 50, 4, 5, 0, 5, 3, 1, 5, 2, 0, 0, 3, : 4, 3, 4, 1, 5, 3, 4, 4, 3, 2, 1, 3, 4, 5, 2, 2, 3, 2, 3, 5, 5, 1, 50, 4, 2, 1, 1, 1, 2, 1, 3, 1, 53, 5, 2, 5, 2, 1, 1, 2, 3, 1, 1, 1, 4, 3, 50, 3, 2, 1, 2, 1, 2, 3, 4, 3, 54, 2, 6, 1, 55, 2, 2, 55, 3, 2, 3, 3, 2, 53, 4, 4, 2, 2, 50, 4, 5, 5, 3, 1, 5, 2, 3, 
56: 0, 0, 3, 52, 0, 0, 3, 3, 0, 0, 5, 0, 0, 0, 0, 0, 54, 0, 0, 0, 2, 0, 0, 0, 3, 0, 0, 0, 3, 4, 3, 0, 0, 5, 2, 1, 0, 0, 0, 0, 5, 0, 2, 2, 51, 5, 5, 0, 0, 0, 2, 0, 0, 4, 0, 0, 5, 0, 1, 0, 0, 1, 0, 3, 5, 5, 0, 0, 54, 5, 0, 3, 3, 0, 0, 1, 1, 0, 0, 0, 0, 0, 0, 0, 0, 0, 0, 0, 3, 3, 0, 50, 3, 0, 0, 0, 0, 0, 0, 0, 0, 3, 0, 4, 0, 3, 0, 2, 0, 0, 0, 3, 50, 1, 0, 0, 3, 0, 0, 0, 0, 0, 0, 0, 0, 1, 1, 0, 55, 0, 0, 0, 2, 3, 0, 0, 3, 0, 3, 0, 0, 0, 2, 0, 5, 2, 2, 1, 0, 0, 0, 2, 0, 0, 0, 1, 0, 0, 0, 0, 0, 0, 0, 55, 50, 5, 0, 1, 0, 2, 0, 0, 1, 0, 0, 0, 5, 5, 5, 0, 0, 0, 0, 0, 51, 5, 0, 0, 0, 2, 5, 0, 0, 0, 0, 3, 2, 4, 0, 1, : 3, 52, 3, 3, 5, 54, 2, 3, 3, 4, 3, 5, 2, 1, 5, 2, 2, 51, 5, 5, 2, 4, 5, 1, 1, 3, 5, 5, 54, 5, 3, 3, 1, 1, 3, 3, 50, 3, 3, 4, 3, 2, 3, 50, 1, 3, 1, 1, 55, 2, 3, 3, 3, 2, 5, 2, 2, 1, 2, 1, 55, 50, 5, 1, 2, 1, 5, 5, 5, 51, 5, 2, 5, 3, 2, 4, 1, 
70: 0, 0, 0, 0, 54, 0, 0, 1, 3, 0, 0, 0, 0, 52, 0, 0, 0, 0, 0, 0, 5, 0, 0, 0, 4, 51, 0, 4, 3, 5, 2, 0, 5, 0, 0, 0, 52, 0, 0, 0, 3, 0, 0, 3, 0, 1, 0, 0, 0, 0, 1, 0, 0, 2, 0, 0, 5, 0, 4, 2, 52, 50, 0, 53, 1, 0, 0, 0, 0, 5, 54, 0, 2, 0, 0, 4, 3, 0, 0, 0, 0, 2, 53, 0, 3, 0, 0, 0, 1, 0, 0, 0, 1, 0, 0, 0, 0, 0, 2, 0, 0, 4, 50, 5, 0, 4, 3, 4, 0, 0, 53, 1, 0, 5, 0, 0, 5, 0, 51, 0, 0, 0, 5, 0, 0, 5, 0, 0, 0, 0, 0, 0, 0, 0, 0, 0, 4, 2, 2, 55, 0, 0, 0, 0, 0, 0, 2, 0, 0, 0, 0, 3, 0, 0, 0, 0, 0, 0, 0, 0, 0, 0, 0, 0, 0, 5, 0, 0, 0, 5, 0, 0, 0, 0, 0, 1, 3, 2, 1, 0, 0, 0, 1, 0, 0, 1, 2, 52, 0, 4, 1, 3, 0, 4, 1, 4, 5, 0, 0, 0, : 54, 1, 3, 52, 5, 4, 51, 4, 3, 5, 2, 5, 52, 3, 3, 1, 1, 2, 5, 4, 2, 52, 50, 53, 1, 5, 54, 2, 4, 3, 2, 53, 3, 1, 1, 2, 4, 50, 5, 4, 3, 4, 53, 1, 5, 5, 51, 5, 5, 4, 2, 2, 55, 2, 3, 5, 5, 1, 3, 2, 1, 1, 1, 2, 52, 4, 1, 3, 4, 1, 4, 5, 
78: 0, 0, 0, 2, 1, 0, 0, 1, 0, 0, 0, 0, 0, 0, 3, 0, 0, 0, 2, 0, 0, 0, 0, 0, 1, 1, 0, 0, 5, 4, 5, 0, 0, 0, 0, 0, 0, 0, 0, 0, 4, 3, 3, 5, 0, 2, 0, 0, 0, 0, 0, 0, 0, 4, 1, 0, 5, 0, 2, 2, 0, 0, 5, 0, 1, 0, 0, 0, 0, 5, 0, 4, 4, 0, 0, 3, 3, 0, 0, 0, 0, 0, 0, 54, 0, 1, 0, 0, 4, 0, 5, 0, 4, 3, 0, 50, 0, 0, 0, 0, 55, 5, 0, 2, 4, 1, 0, 3, 0, 0, 0, 1, 1, 3, 0, 0, 5, 1, 0, 0, 0, 0, 0, 4, 0, 2, 50, 1, 0, 0, 0, 0, 2, 0, 0, 0, 2, 0, 5, 0, 0, 3, 2, 0, 1, 0, 3, 0, 0, 0, 0, 2, 0, 0, 0, 0, 0, 0, 54, 1, 53, 0, 0, 0, 0, 4, 0, 0, 0, 1, 3, 1, 53, 0, 0, 0, 5, 4, 0, 0, 0, 0, 4, 0, 0, 1, 0, 0, 0, 5, 4, 0, 1, 2, 0, 2, 1, 50, 0, 0, : 2, 1, 1, 3, 2, 1, 1, 5, 4, 5, 4, 3, 3, 5, 2, 4, 1, 5, 2, 2, 5, 1, 5, 4, 4, 3, 3, 54, 1, 4, 5, 4, 3, 50, 55, 5, 2, 4, 1, 3, 1, 1, 3, 5, 1, 4, 2, 50, 1, 2, 2, 5, 3, 2, 1, 3, 2, 54, 1, 53, 4, 1, 3, 1, 53, 5, 4, 4, 1, 5, 4, 1, 2, 2, 1, 50, 


21: 1, 0, 0, 2, 0, 0, 50, 5, 0, 0, 3, 0, 0, 0, 4, 4, 0, 0, 3, 0, 0, 5, 0, 0, 0, 3, 0, 0, 0, 2, 0, 0, 0, 0, 0, 5, 0, 3, 1, 0, 0, 0, 0, 0, 0, 0, 0, 0, 1, 4, 0, 0, 0, 0, 4, 0, 3, 2, 0, 5, 0, 0, 4, 0, 2, 1, 0, 0, 0, 0, 2, 0, 0, 0, 0, 0, 0, 4, 0, 5, 0, 1, 0, 0, 0, 0, 0, 0, 3, 2, 0, 0, 0, 0, 52, 0, 0, 3, 0, 3, 0, 0, 0, 1, 0, 2, 0, 1, 0, 0, 4, 0, 5, 0, 2, 0, 3, 0, 0, 2, 0, 0, 0, 0, 0, 1, 0, 0, 0, 0, 0, 0, 0, 3, 5, 0, 2, 0, 0, 4, 1, 0, 0, 0, 4, 0, 5, 0, 4, 0, 4, 2, 2, 54, 0, 0, 0, 0, 0, 0, 0, 0, 50, 0, 0, 0, 0, 5, 0, 0, 0, 0, 0, 2, 0, 0, 0, 0, 0, 5, 5, 0, 0, 0, 0, 0, 4, 0, 0, 0, 1, 4, 0, 0, 0, 0, 0, 0, 3, 0, : 1, 2, 50, 5, 3, 4, 4, 3, 5, 3, 2, 5, 3, 1, 1, 4, 4, 3, 2, 5, 4, 2, 1, 2, 4, 5, 1, 3, 2, 52, 3, 3, 1, 2, 1, 4, 5, 2, 3, 2, 1, 3, 5, 2, 4, 1, 4, 5, 4, 4, 2, 2, 54, 50, 5, 2, 5, 5, 4, 1, 4, 3, 
13: 0, 0, 5, 3, 0, 0, 1, 50, 0, 1, 0, 0, 0, 0, 3, 1, 0, 0, 5, 4, 0, 1, 0, 0, 0, 0, 0, 0, 0, 4, 0, 0, 0, 2, 2, 5, 0, 5, 2, 0, 0, 0, 0, 0, 1, 0, 0, 0, 0, 5, 2, 0, 0, 3, 3, 0, 0, 5, 4, 3, 0, 0, 0, 51, 0, 0, 0, 0, 0, 0, 3, 0, 0, 5, 0, 1, 0, 2, 2, 3, 0, 5, 0, 0, 0, 0, 0, 0, 50, 2, 0, 5, 0, 0, 0, 1, 0, 1, 0, 0, 0, 0, 50, 0, 0, 0, 1, 52, 0, 0, 1, 0, 5, 0, 3, 0, 4, 0, 0, 3, 0, 0, 0, 1, 4, 0, 0, 0, 0, 4, 0, 0, 0, 5, 0, 0, 2, 0, 0, 3, 0, 1, 55, 0, 4, 0, 4, 0, 0, 0, 1, 1, 3, 0, 0, 0, 0, 0, 0, 53, 0, 0, 2, 0, 0, 0, 0, 0, 3, 3, 0, 0, 5, 0, 2, 0, 54, 0, 0, 1, 4, 0, 0, 0, 1, 0, 0, 4, 0, 2, 1, 0, 0, 0, 0, 0, 0, 0, 2, 0, : 5, 3, 1, 50, 1, 3, 1, 5, 4, 1, 4, 2, 2, 5, 5, 2, 1, 5, 2, 3, 3, 5, 4, 3, 51, 3, 5, 1, 2, 2, 3, 5, 50, 2, 5, 1, 1, 50, 1, 52, 1, 5, 3, 4, 3, 1, 4, 4, 5, 2, 3, 1, 55, 4, 4, 1, 1, 3, 53, 2, 3, 3, 5, 2, 54, 1, 4, 1, 4, 2, 1, 2, 
60: 0, 0, 0, 2, 0, 0, 0, 2, 0, 4, 0, 0, 0, 0, 4, 5, 0, 0, 3, 0, 0, 2, 51, 0, 1, 0, 51, 0, 0, 3, 0, 0, 2, 0, 2, 1, 51, 2, 0, 0, 0, 0, 0, 0, 0, 0, 0, 4, 4, 0, 0, 0, 0, 50, 0, 0, 4, 5, 0, 3, 0, 1, 0, 0, 0, 0, 2, 0, 0, 0, 3, 0, 54, 0, 0, 54, 0, 5, 0, 3, 0, 5, 0, 1, 0, 0, 0, 0, 0, 4, 0, 0, 0, 0, 0, 54, 0, 3, 0, 0, 0, 1, 0, 0, 0, 2, 0, 0, 0, 0, 5, 0, 0, 2, 5, 0, 1, 0, 0, 7, 0, 4, 0, 0, 0, 0, 1, 5, 0, 0, 0, 0, 0, 3, 0, 1, 0, 0, 0, 3, 0, 0, 1, 50, 2, 50, 2, 4, 0, 4, 2, 4, 5, 4, 0, 0, 0, 0, 3, 0, 0, 0, 0, 0, 52, 0, 0, 4, 0, 0, 0, 0, 0, 0, 0, 0, 1, 0, 0, 0, 2, 1, 50, 0, 0, 0, 0, 3, 0, 0, 3, 0, 0, 0, 0, 0, 0, 0, 0, 5, : 2, 2, 4, 4, 5, 3, 2, 51, 1, 51, 3, 2, 2, 1, 51, 2, 4, 4, 50, 4, 5, 3, 1, 2, 3, 54, 54, 5, 3, 5, 1, 4, 54, 3, 1, 2, 5, 2, 5, 1, 7, 4, 1, 5, 3, 1, 3, 1, 50, 2, 50, 2, 4, 4, 2, 4, 5, 4, 3, 52, 4, 1, 2, 1, 50, 3, 3, 5, 
34: 1, 0, 0, 5, 0, 4, 0, 0, 0, 1, 0, 2, 0, 0, 5, 3, 0, 4, 2, 0, 0, 1, 1, 0, 0, 0, 0, 0, 0, 5, 5, 5, 0, 0, 2, 2, 0, 5, 1, 0, 1, 0, 0, 0, 0, 0, 0, 0, 0, 3, 0, 0, 0, 0, 3, 0, 4, 2, 1, 4, 1, 1, 0, 0, 0, 0, 0, 0, 0, 0, 5, 53, 0, 0, 0, 0, 50, 2, 0, 3, 0, 1, 0, 1, 0, 0, 52, 0, 0, 4, 51, 0, 0, 0, 0, 1, 0, 4, 3, 0, 0, 0, 0, 0, 0, 0, 0, 0, 0, 3, 5, 0, 1, 0, 4, 51, 2, 0, 0, 4, 0, 0, 0, 0, 0, 1, 0, 0, 0, 0, 0, 0, 0, 2, 0, 0, 4, 1, 0, 3, 0, 0, 0, 0, 3, 0, 3, 0, 0, 0, 3, 4, 5, 0, 0, 0, 4, 0, 0, 0, 0, 0, 0, 1, 0, 0, 1, 1, 0, 0, 0, 0, 0, 0, 0, 5, 0, 0, 0, 1, 1, 0, 2, 0, 1, 0, 0, 5, 5, 0, 3, 0, 0, 0, 0, 0, 0, 0, 0, 0, : 1, 5, 4, 1, 2, 5, 3, 4, 2, 1, 1, 5, 5, 5, 2, 2, 5, 1, 1, 3, 3, 4, 2, 1, 4, 1, 1, 5, 53, 50, 2, 3, 1, 1, 52, 4, 51, 1, 4, 3, 3, 5, 1, 4, 51, 2, 4, 1, 2, 4, 1, 3, 3, 3, 3, 4, 5, 4, 1, 1, 1, 5, 1, 1, 2, 1, 5, 5, 3, 
10: 0, 0, 0, 2, 0, 0, 0, 0, 1, 0, 52, 2, 0, 0, 3, 1, 0, 0, 5, 0, 0, 2, 0, 0, 0, 0, 4, 0, 54, 5, 1, 0, 54, 0, 3, 0, 0, 2, 0, 0, 0, 0, 1, 0, 0, 0, 0, 0, 0, 5, 0, 0, 4, 0, 4, 4, 4, 5, 0, 1, 2, 0, 0, 0, 0, 0, 0, 0, 0, 0, 6, 0, 0, 0, 0, 0, 5, 5, 0, 1, 1, 5, 50, 0, 0, 0, 0, 0, 0, 1, 0, 0, 0, 0, 0, 2, 0, 5, 0, 0, 0, 0, 0, 0, 2, 0, 0, 0, 2, 1, 1, 0, 3, 1, 3, 1, 2, 0, 1, 5, 0, 0, 0, 0, 0, 0, 0, 0, 0, 0, 0, 3, 0, 1, 1, 5, 4, 1, 0, 3, 53, 0, 0, 0, 5, 0, 2, 0, 0, 0, 4, 2, 1, 0, 0, 0, 0, 0, 0, 0, 0, 1, 0, 0, 0, 0, 0, 2, 0, 0, 0, 54, 2, 0, 0, 0, 0, 2, 0, 0, 5, 0, 3, 0, 5, 2, 0, 3, 0, 4, 5, 0, 0, 0, 2, 0, 0, 2, 0, 0, : 2, 1, 52, 2, 3, 1, 5, 2, 4, 54, 5, 1, 54, 3, 2, 1, 5, 4, 4, 4, 4, 5, 1, 2, 6, 5, 5, 1, 1, 5, 50, 1, 2, 5, 2, 2, 1, 1, 3, 1, 3, 1, 2, 1, 5, 3, 1, 1, 5, 4, 1, 3, 53, 5, 2, 4, 2, 1, 1, 2, 54, 2, 2, 5, 3, 5, 2, 3, 4, 5, 2, 2, 
65: 5, 1, 0, 1, 0, 0, 0, 0, 0, 0, 0, 0, 0, 0, 1, 1, 0, 1, 5, 1, 0, 5, 1, 0, 0, 0, 0, 0, 0, 1, 0, 0, 0, 0, 5, 5, 0, 4, 0, 0, 0, 0, 0, 0, 5, 0, 0, 0, 0, 1, 3, 2, 3, 0, 3, 0, 5, 0, 0, 4, 5, 3, 51, 0, 2, 0, 0, 0, 0, 0, 1, 0, 0, 0, 0, 0, 0, 1, 0, 1, 0, 3, 4, 0, 0, 4, 0, 1, 1, 4, 0, 1, 0, 4, 1, 0, 0, 5, 2, 0, 0, 0, 0, 0, 54, 0, 0, 0, 0, 0, 5, 0, 5, 1, 5, 0, 5, 5, 0, 3, 0, 0, 0, 0, 0, 0, 5, 0, 0, 0, 0, 0, 5, 4, 0, 0, 4, 0, 3, 1, 0, 0, 0, 0, 2, 4, 3, 52, 0, 0, 5, 2, 2, 0, 0, 0, 0, 0, 0, 0, 0, 0, 0, 0, 1, 3, 0, 2, 0, 0, 0, 0, 0, 0, 0, 0, 1, 1, 0, 0, 1, 0, 0, 4, 0, 1, 0, 4, 1, 1, 3, 0, 0, 0, 1, 2, 0, 0, 0, 0, : 5, 1, 1, 1, 1, 1, 5, 1, 5, 1, 1, 5, 5, 4, 5, 1, 3, 2, 3, 3, 5, 4, 5, 3, 51, 2, 1, 1, 1, 3, 4, 4, 1, 1, 4, 1, 4, 1, 5, 2, 54, 5, 5, 1, 5, 5, 5, 3, 5, 5, 4, 4, 3, 1, 2, 4, 3, 52, 5, 2, 2, 1, 3, 2, 1, 1, 1, 4, 1, 4, 1, 1, 3, 1, 2, 
20: 0, 0, 0, 2, 0, 0, 0, 0, 0, 0, 0, 1, 3, 0, 2, 2, 0, 3, 2, 1, 3, 5, 0, 55, 0, 0, 2, 0, 0, 1, 0, 0, 0, 0, 1, 5, 0, 5, 0, 0, 0, 0, 0, 0, 0, 0, 0, 0, 0, 0, 0, 1, 0, 0, 5, 1, 5, 4, 0, 2, 0, 0, 0, 1, 0, 0, 4, 0, 0, 0, 1, 0, 1, 0, 0, 0, 0, 4, 52, 5, 0, 5, 0, 51, 3, 0, 0, 0, 0, 5, 0, 0, 0, 0, 0, 0, 0, 3, 0, 0, 0, 0, 0, 3, 0, 55, 5, 5, 0, 0, 4, 3, 5, 52, 2, 1, 4, 0, 0, 1, 53, 0, 0, 0, 0, 0, 0, 0, 0, 0, 3, 0, 0, 4, 0, 0, 2, 0, 1, 1, 0, 0, 0, 0, 5, 0, 4, 0, 0, 0, 4, 2, 4, 1, 0, 0, 0, 5, 3, 0, 0, 4, 0, 0, 0, 1, 0, 2, 0, 0, 0, 0, 0, 0, 0, 5, 0, 0, 1, 0, 4, 0, 0, 0, 0, 0, 4, 2, 0, 0, 3, 0, 3, 1, 0, 0, 0, 0, 0, 0, : 2, 1, 3, 2, 2, 3, 2, 1, 3, 5, 55, 2, 1, 1, 5, 5, 1, 5, 1, 5, 4, 2, 1, 4, 1, 1, 4, 52, 5, 5, 51, 3, 5, 3, 3, 55, 5, 5, 4, 3, 5, 52, 2, 1, 4, 1, 53, 3, 4, 2, 1, 1, 5, 4, 4, 2, 4, 1, 5, 3, 4, 1, 2, 5, 1, 4, 4, 2, 3, 3, 1, 
31: 0, 4, 0, 5, 2, 0, 2, 0, 5, 50, 0, 0, 0, 0, 3, 3, 0, 0, 0, 0, 0, 2, 0, 0, 5, 1, 0, 0, 0, 1, 2, 0, 1, 0, 5, 1, 5, 3, 4, 0, 0, 2, 0, 0, 0, 0, 50, 0, 1, 2, 0, 2, 50, 2, 5, 0, 2, 1, 52, 3, 2, 50, 2, 0, 0, 3, 0, 54, 54, 0, 4, 0, 0, 0, 51, 0, 0, 3, 2, 2, 0, 5, 0, 0, 0, 0, 0, 0, 0, 5, 0, 0, 0, 0, 0, 0, 0, 2, 0, 0, 0, 0, 2, 0, 0, 0, 0, 0, 0, 0, 4, 0, 5, 0, 4, 0, 1, 0, 52, 2, 4, 0, 52, 0, 0, 0, 0, 0, 54, 0, 1, 52, 0, 2, 0, 0, 5, 0, 0, 0, 0, 0, 0, 0, 4, 0, 1, 2, 0, 1, 4, 5, 2, 0, 2, 0, 0, 0, 2, 0, 1, 0, 0, 0, 0, 0, 0, 5, 0, 0, 0, 0, 0, 0, 1, 0, 2, 0, 1, 0, 0, 0, 0, 0, 0, 0, 2, 1, 0, 0, 5, 0, 0, 1, 0, 0, 0, 0, 0, 0, : 4, 5, 2, 2, 5, 50, 3, 3, 2, 5, 1, 1, 2, 1, 5, 1, 5, 3, 4, 2, 50, 1, 2, 2, 50, 2, 5, 2, 1, 52, 3, 2, 50, 2, 3, 54, 54, 4, 51, 3, 2, 2, 5, 5, 2, 2, 4, 5, 4, 1, 52, 2, 4, 52, 54, 1, 52, 2, 5, 4, 1, 2, 1, 4, 5, 2, 2, 2, 1, 5, 1, 2, 1, 2, 1, 5, 1, 
85: 52, 0, 0, 2, 0, 0, 2, 0, 1, 0, 5, 0, 1, 0, 3, 2, 0, 0, 2, 0, 0, 4, 0, 0, 0, 0, 0, 0, 0, 2, 0, 0, 1, 0, 3, 4, 4, 2, 0, 0, 0, 50, 2, 0, 0, 55, 0, 4, 0, 1, 0, 0, 0, 0, 1, 0, 5, 1, 0, 4, 0, 0, 0, 0, 0, 0, 0, 0, 0, 0, 5, 0, 0, 0, 5, 1, 0, 4, 0, 4, 0, 5, 0, 0, 0, 1, 3, 1, 0, 4, 2, 0, 0, 0, 0, 0, 0, 1, 0, 0, 0, 1, 0, 1, 0, 0, 0, 0, 52, 0, 1, 0, 1, 0, 3, 2, 2, 0, 0, 5, 0, 2, 4, 0, 0, 0, 54, 54, 0, 1, 0, 0, 0, 2, 50, 0, 3, 0, 0, 5, 0, 0, 0, 2, 2, 4, 4, 0, 0, 0, 3, 4, 3, 0, 52, 0, 0, 0, 0, 0, 0, 0, 0, 0, 2, 0, 0, 2, 50, 0, 0, 0, 0, 0, 0, 0, 0, 0, 51, 0, 1, 5, 0, 0, 1, 0, 0, 5, 0, 0, 5, 0, 0, 0, 0, 0, 4, 0, 0, 0, : 52, 2, 2, 1, 5, 1, 3, 2, 2, 4, 2, 1, 3, 4, 4, 2, 50, 2, 55, 4, 1, 1, 5, 1, 4, 5, 5, 1, 4, 4, 5, 1, 3, 1, 4, 2, 1, 1, 1, 52, 1, 1, 3, 2, 2, 5, 2, 4, 54, 54, 1, 2, 50, 3, 5, 2, 2, 4, 4, 3, 4, 3, 52, 2, 2, 50, 51, 1, 5, 1, 5, 5, 4, 
25: 0, 50, 0, 2, 0, 0, 0, 0, 0, 1, 0, 0, 0, 0, 3, 4, 0, 0, 2, 0, 0, 3, 1, 0, 0, 1, 3, 0, 0, 1, 0, 0, 0, 0, 5, 4, 0, 3, 50, 55, 0, 0, 1, 0, 0, 0, 5, 0, 0, 2, 4, 0, 0, 0, 5, 0, 0, 5, 0, 1, 0, 0, 2, 5, 0, 0, 0, 0, 5, 0, 4, 0, 0, 50, 0, 0, 0, 3, 0, 3, 1, 4, 0, 3, 0, 0, 1, 54, 2, 2, 0, 0, 0, 0, 0, 0, 0, 4, 0, 0, 2, 2, 0, 1, 0, 0, 0, 0, 0, 0, 1, 0, 4, 0, 0, 1, 5, 0, 0, 3, 0, 0, 1, 0, 0, 0, 0, 0, 0, 0, 1, 0, 0, 5, 0, 0, 1, 1, 0, 5, 0, 0, 0, 0, 2, 0, 4, 0, 1, 2, 2, 1, 1, 0, 0, 0, 0, 0, 0, 2, 0, 52, 0, 1, 3, 53, 0, 5, 3, 0, 0, 0, 0, 5, 55, 0, 1, 2, 0, 0, 4, 0, 0, 1, 0, 2, 0, 1, 0, 0, 3, 0, 0, 0, 2, 0, 3, 0, 0, 0, : 50, 2, 1, 3, 4, 2, 3, 1, 1, 3, 1, 5, 4, 3, 50, 55, 1, 5, 2, 4, 5, 5, 1, 2, 5, 5, 4, 50, 3, 3, 1, 4, 3, 1, 54, 2, 2, 4, 2, 2, 1, 1, 4, 1, 5, 3, 1, 1, 5, 1, 1, 5, 2, 4, 1, 2, 2, 1, 1, 2, 52, 1, 3, 53, 5, 3, 5, 55, 1, 2, 4, 1, 2, 1, 3, 2, 3, 
39: 0, 0, 0, 2, 0, 0, 0, 0, 0, 0, 0, 0, 0, 0, 2, 5, 0, 0, 3, 0, 0, 4, 0, 0, 0, 0, 0, 0, 0, 4, 0, 55, 2, 0, 4, 0, 0, 3, 0, 5, 0, 0, 53, 0, 0, 0, 4, 0, 0, 5, 0, 0, 2, 1, 2, 54, 5, 5, 1, 5, 50, 1, 0, 0, 0, 0, 50, 0, 0, 1, 1, 0, 0, 0, 0, 0, 0, 4, 0, 4, 51, 1, 3, 0, 0, 4, 0, 2, 0, 1, 0, 0, 2, 1, 0, 0, 55, 2, 0, 50, 3, 1, 0, 0, 4, 0, 0, 0, 1, 0, 2, 0, 2, 0, 2, 0, 1, 0, 0, 1, 0, 0, 0, 1, 0, 0, 0, 0, 0, 0, 0, 1, 0, 5, 4, 1, 3, 1, 0, 4, 1, 53, 0, 0, 2, 2, 4, 0, 0, 0, 4, 3, 2, 0, 0, 0, 4, 0, 0, 0, 0, 0, 0, 53, 0, 0, 0, 4, 3, 0, 51, 0, 0, 0, 0, 0, 0, 0, 0, 0, 3, 52, 0, 0, 0, 0, 0, 1, 54, 0, 1, 0, 0, 0, 52, 0, 0, 0, 0, 53, : 2, 2, 5, 3, 4, 4, 55, 2, 4, 3, 5, 53, 4, 5, 2, 1, 2, 54, 5, 5, 1, 5, 50, 1, 50, 1, 1, 4, 4, 51, 1, 3, 4, 2, 1, 2, 1, 55, 2, 50, 3, 1, 4, 1, 2, 2, 2, 1, 1, 1, 1, 5, 4, 1, 3, 1, 4, 1, 53, 2, 2, 4, 4, 3, 2, 4, 53, 4, 3, 51, 3, 52, 1, 54, 1, 52, 53, 
55: 0, 0, 0, 4, 4, 0, 0, 0, 0, 0, 0, 0, 54, 5, 5, 5, 0, 0, 3, 0, 0, 2, 0, 0, 0, 5, 0, 0, 0, 1, 0, 0, 0, 0, 3, 5, 0, 3, 0, 0, 1, 1, 0, 0, 0, 0, 1, 0, 0, 4, 0, 0, 0, 0, 3, 1, 0, 1, 0, 4, 0, 0, 0, 0, 1, 0, 3, 0, 0, 0, 1, 0, 0, 0, 0, 0, 0, 1, 0, 2, 0, 1, 0, 0, 0, 0, 3, 0, 4, 0, 0, 0, 0, 0, 1, 0, 0, 2, 0, 0, 5, 0, 4, 0, 0, 0, 2, 0, 0, 0, 5, 3, 4, 4, 5, 0, 4, 0, 0, 5, 0, 0, 0, 0, 0, 0, 0, 0, 0, 3, 0, 0, 0, 5, 0, 1, 3, 3, 52, 5, 0, 2, 0, 2, 5, 0, 2, 0, 0, 0, 2, 5, 2, 0, 0, 4, 0, 0, 0, 0, 0, 0, 5, 0, 0, 0, 2, 3, 0, 1, 0, 0, 50, 0, 0, 0, 0, 0, 0, 0, 4, 0, 0, 0, 0, 1, 0, 5, 0, 0, 5, 0, 0, 2, 0, 0, 0, 0, 0, 2, : 4, 4, 54, 5, 5, 5, 3, 2, 5, 1, 3, 5, 3, 1, 1, 1, 4, 3, 1, 1, 4, 1, 3, 1, 1, 2, 1, 3, 4, 1, 2, 5, 4, 2, 5, 3, 4, 4, 5, 4, 5, 3, 5, 1, 3, 3, 52, 5, 2, 2, 5, 2, 2, 5, 2, 4, 5, 2, 3, 1, 50, 4, 1, 5, 5, 2, 2, 
41: 1, 0, 0, 5, 0, 0, 0, 0, 0, 0, 0, 0, 0, 0, 1, 3, 50, 0, 4, 0, 54, 3, 0, 0, 0, 0, 0, 0, 0, 1, 0, 0, 0, 1, 3, 3, 0, 1, 0, 0, 0, 0, 0, 0, 0, 0, 0, 52, 0, 4, 0, 0, 1, 0, 3, 0, 2, 3, 0, 2, 0, 0, 0, 0, 0, 0, 0, 2, 0, 0, 2, 0, 0, 5, 0, 0, 0, 3, 0, 3, 0, 2, 0, 2, 1, 1, 1, 0, 0, 1, 0, 0, 0, 50, 2, 1, 0, 1, 0, 0, 0, 0, 0, 1, 0, 0, 0, 1, 5, 0, 2, 0, 0, 0, 5, 2, 4, 50, 0, 2, 0, 0, 0, 0, 1, 4, 0, 0, 4, 0, 0, 3, 0, 3, 0, 0, 4, 0, 0, 3, 0, 0, 0, 0, 2, 0, 1, 0, 0, 0, 2, 5, 5, 0, 0, 1, 52, 0, 0, 0, 0, 0, 0, 0, 1, 0, 4, 4, 1, 0, 0, 0, 0, 1, 0, 50, 0, 0, 5, 0, 2, 0, 0, 0, 1, 0, 0, 3, 0, 0, 4, 0, 0, 1, 0, 0, 0, 0, 0, 0, : 1, 5, 1, 3, 50, 4, 54, 3, 1, 1, 3, 3, 1, 52, 4, 1, 3, 2, 3, 2, 2, 2, 5, 3, 3, 2, 2, 1, 1, 1, 1, 50, 2, 1, 1, 1, 1, 5, 2, 5, 2, 4, 50, 2, 1, 4, 4, 3, 3, 4, 3, 2, 1, 2, 5, 5, 1, 52, 1, 4, 4, 1, 1, 50, 5, 2, 1, 3, 4, 1, 
8: 0, 0, 0, 2, 0, 54, 0, 0, 0, 0, 0, 0, 1, 51, 3, 3, 0, 0, 5, 0, 0, 1, 1, 0, 0, 0, 0, 4, 0, 5, 52, 0, 0, 0, 1, 5, 0, 4, 1, 0, 53, 1, 0, 5, 0, 0, 0, 0, 0, 0, 0, 0, 0, 0, 2, 0, 4, 1, 0, 4, 0, 0, 0, 0, 0, 0, 0, 2, 1, 0, 3, 0, 0, 0, 0, 0, 0, 4, 0, 7, 0, 1, 0, 0, 0, 0, 0, 0, 0, 5, 0, 3, 0, 2, 0, 0, 0, 2, 0, 0, 0, 3, 1, 0, 0, 0, 0, 0, 0, 0, 4, 2, 5, 0, 4, 0, 4, 0, 1, 1, 2, 0, 0, 0, 1, 0, 0, 0, 0, 1, 50, 0, 0, 4, 0, 2, 3, 0, 0, 2, 0, 0, 0, 3, 1, 0, 1, 0, 0, 0, 1, 2, 1, 0, 0, 53, 0, 2, 0, 0, 0, 0, 0, 0, 0, 0, 0, 4, 0, 52, 4, 0, 0, 0, 0, 0, 0, 0, 0, 0, 5, 0, 0, 0, 0, 50, 0, 5, 0, 53, 2, 0, 0, 0, 0, 0, 0, 0, 0, 0, : 2, 54, 1, 51, 3, 3, 5, 1, 1, 4, 5, 52, 1, 5, 4, 1, 53, 1, 5, 2, 4, 1, 4, 2, 1, 3, 4, 7, 1, 5, 3, 2, 2, 3, 1, 4, 2, 5, 4, 4, 1, 1, 2, 1, 1, 50, 4, 2, 3, 2, 3, 1, 1, 1, 2, 1, 53, 2, 4, 52, 4, 5, 50, 5, 53, 2, 
16: 0, 0, 1, 5, 0, 0, 0, 0, 0, 0, 0, 0, 0, 0, 2, 1, 0, 0, 3, 0, 0, 2, 0, 0, 53, 0, 0, 0, 0, 5, 0, 0, 0, 0, 4, 1, 0, 2, 0, 0, 2, 0, 1, 1, 0, 0, 0, 0, 1, 5, 50, 0, 0, 3, 1, 0, 4, 5, 0, 2, 0, 0, 1, 0, 0, 2, 1, 0, 0, 0, 2, 2, 4, 0, 4, 0, 0, 3, 0, 1, 3, 3, 0, 1, 0, 0, 0, 0, 0, 3, 0, 0, 0, 3, 0, 0, 0, 5, 0, 0, 0, 50, 0, 0, 0, 0, 52, 0, 0, 0, 5, 52, 4, 0, 0, 0, 1, 0, 0, 4, 1, 0, 0, 0, 54, 0, 0, 0, 0, 0, 2, 0, 0, 1, 0, 0, 5, 52, 0, 1, 0, 0, 0, 0, 1, 0, 3, 0, 0, 50, 5, 5, 5, 1, 3, 0, 0, 0, 50, 0, 55, 0, 3, 3, 0, 0, 0, 4, 0, 4, 0, 0, 0, 0, 0, 0, 0, 0, 0, 0, 5, 1, 5, 0, 0, 0, 50, 5, 0, 0, 2, 0, 2, 0, 0, 3, 0, 5, 0, 0, : 1, 5, 2, 1, 3, 2, 53, 5, 4, 1, 2, 2, 1, 1, 1, 5, 50, 3, 1, 4, 5, 2, 1, 2, 1, 2, 2, 4, 4, 3, 1, 3, 3, 1, 3, 3, 5, 50, 52, 5, 52, 4, 1, 4, 1, 54, 2, 1, 5, 52, 1, 1, 3, 50, 5, 5, 5, 1, 3, 50, 55, 3, 3, 4, 4, 5, 1, 5, 50, 5, 2, 2, 3, 5, 
36: 0, 1, 0, 5, 1, 0, 2, 0, 0, 0, 0, 0, 1, 0, 2, 7, 0, 0, 1, 0, 0, 8, 0, 1, 0, 50, 0, 54, 0, 4, 0, 0, 0, 1, 4, 5, 0, 4, 0, 0, 0, 1, 0, 0, 54, 5, 0, 0, 0, 5, 1, 0, 0, 1, 2, 0, 2, 4, 2, 1, 0, 0, 0, 1, 0, 0, 0, 2, 0, 5, 5, 2, 0, 0, 0, 1, 0, 2, 0, 6, 0, 4, 0, 0, 0, 0, 0, 1, 0, 3, 3, 0, 0, 0, 2, 0, 3, 2, 0, 2, 0, 1, 0, 52, 0, 1, 0, 0, 0, 0, 1, 0, 2, 0, 2, 0, 4, 2, 0, 5, 0, 2, 3, 0, 0, 0, 0, 0, 1, 50, 0, 0, 3, 2, 0, 0, 2, 1, 0, 3, 0, 0, 4, 2, 2, 0, 4, 1, 0, 0, 5, 4, 1, 0, 0, 0, 0, 0, 2, 0, 0, 0, 0, 0, 0, 0, 50, 5, 0, 0, 3, 1, 3, 52, 0, 0, 0, 0, 0, 0, 1, 0, 0, 0, 51, 0, 0, 4, 0, 0, 5, 0, 0, 0, 0, 0, 2, 0, 55, 0, : 1, 5, 1, 2, 1, 2, 7, 1, 8, 1, 50, 54, 4, 1, 4, 5, 4, 1, 54, 5, 5, 1, 1, 2, 2, 4, 2, 1, 1, 2, 5, 5, 2, 1, 2, 6, 4, 1, 3, 3, 2, 3, 2, 2, 1, 52, 1, 1, 2, 2, 4, 2, 5, 2, 3, 1, 50, 3, 2, 2, 1, 3, 4, 2, 2, 4, 1, 5, 4, 1, 2, 50, 5, 3, 1, 3, 52, 1, 51, 4, 5, 2, 55, 
33: 0, 0, 54, 1, 53, 0, 1, 0, 0, 0, 0, 0, 0, 0, 4, 3, 5, 52, 4, 54, 0, 2, 0, 0, 0, 0, 0, 0, 1, 3, 0, 0, 0, 51, 4, 0, 0, 1, 0, 0, 0, 5, 0, 52, 0, 0, 0, 0, 0, 2, 0, 0, 0, 0, 5, 0, 3, 0, 0, 1, 0, 3, 0, 0, 2, 0, 0, 0, 0, 54, 1, 0, 0, 0, 0, 0, 5, 2, 0, 2, 0, 1, 0, 0, 55, 50, 0, 0, 0, 4, 0, 0, 54, 0, 0, 0, 0, 5, 55, 0, 50, 0, 3, 1, 0, 0, 0, 0, 0, 54, 4, 0, 1, 0, 3, 2, 4, 0, 0, 1, 0, 0, 0, 51, 0, 51, 0, 0, 0, 1, 0, 1, 0, 2, 0, 50, 1, 0, 0, 5, 0, 0, 0, 0, 3, 0, 4, 1, 5, 0, 1, 1, 3, 0, 0, 0, 0, 51, 0, 5, 3, 0, 0, 2, 0, 0, 0, 1, 0, 0, 2, 0, 0, 0, 0, 0, 0, 0, 2, 0, 4, 0, 0, 0, 0, 0, 0, 0, 0, 0, 1, 0, 0, 50, 0, 0, 0, 51, 0, 0, : 54, 1, 53, 1, 4, 3, 5, 52, 4, 54, 2, 1, 3, 51, 4, 1, 5, 52, 2, 5, 3, 1, 3, 2, 54, 1, 5, 2, 2, 1, 55, 50, 4, 54, 5, 55, 50, 3, 1, 54, 4, 1, 3, 2, 4, 1, 51, 51, 1, 1, 2, 50, 1, 5, 3, 4, 1, 5, 1, 1, 3, 51, 5, 3, 2, 1, 2, 2, 4, 1, 50, 51, 
51: 0, 0, 0, 2, 0, 0, 0, 3, 0, 2, 0, 0, 0, 0, 5, 1, 0, 0, 3, 0, 3, 2, 0, 0, 1, 0, 0, 2, 0, 3, 0, 0, 0, 0, 3, 3, 0, 4, 1, 0, 1, 0, 0, 0, 0, 0, 0, 0, 0, 2, 0, 0, 0, 0, 4, 0, 4, 5, 0, 4, 0, 1, 0, 0, 0, 0, 0, 0, 0, 0, 4, 0, 1, 0, 0, 0, 0, 3, 4, 2, 0, 4, 1, 1, 0, 0, 0, 0, 0, 1, 4, 0, 0, 0, 2, 1, 2, 2, 0, 0, 0, 1, 0, 0, 0, 0, 0, 0, 0, 0, 1, 0, 1, 0, 2, 0, 1, 3, 4, 1, 0, 52, 0, 0, 0, 0, 0, 0, 1, 0, 0, 0, 52, 3, 0, 0, 5, 0, 4, 4, 0, 4, 0, 1, 5, 0, 3, 0, 0, 0, 3, 2, 4, 0, 0, 1, 0, 2, 0, 0, 0, 0, 0, 0, 1, 0, 0, 2, 0, 0, 0, 0, 0, 0, 0, 0, 1, 0, 0, 1, 4, 0, 0, 54, 0, 0, 0, 4, 0, 0, 1, 0, 1, 0, 0, 0, 0, 0, 0, 0, : 2, 3, 2, 5, 1, 3, 3, 2, 1, 2, 3, 3, 3, 4, 1, 1, 2, 4, 4, 5, 4, 1, 4, 1, 3, 4, 2, 4, 1, 1, 1, 4, 2, 1, 2, 2, 1, 1, 1, 2, 1, 3, 4, 1, 52, 1, 52, 3, 5, 4, 4, 4, 1, 5, 3, 3, 2, 4, 1, 2, 1, 2, 1, 1, 4, 54, 4, 1, 1, 
27: 0, 4, 0, 5, 0, 0, 2, 0, 53, 1, 0, 54, 0, 0, 4, 2, 0, 0, 2, 0, 0, 4, 0, 4, 0, 0, 0, 0, 5, 5, 0, 0, 0, 5, 3, 4, 0, 1, 0, 0, 2, 0, 2, 0, 0, 0, 0, 0, 0, 5, 0, 55, 0, 0, 3, 0, 4, 1, 0, 4, 0, 0, 0, 2, 52, 54, 0, 0, 0, 0, 3, 3, 0, 0, 0, 3, 0, 4, 0, 1, 2, 2, 0, 0, 0, 0, 0, 0, 0, 5, 0, 51, 0, 0, 0, 0, 0, 5, 0, 0, 0, 0, 0, 0, 0, 0, 0, 1, 0, 0, 3, 0, 2, 0, 3, 0, 5, 0, 0, 3, 0, 0, 0, 5, 0, 3, 0, 1, 0, 0, 3, 0, 0, 3, 0, 0, 5, 0, 0, 0, 5, 0, 0, 0, 2, 0, 3, 0, 0, 0, 5, 4, 3, 0, 0, 0, 0, 0, 0, 0, 1, 3, 0, 0, 0, 3, 3, 1, 0, 0, 0, 0, 0, 0, 2, 0, 0, 1, 0, 52, 2, 1, 0, 1, 0, 4, 0, 4, 0, 0, 4, 3, 54, 0, 3, 55, 0, 0, 0, 0, : 4, 5, 2, 53, 1, 54, 4, 2, 2, 4, 4, 5, 5, 5, 3, 4, 1, 2, 2, 5, 55, 3, 4, 1, 4, 2, 52, 54, 3, 3, 3, 4, 1, 2, 2, 5, 51, 5, 1, 3, 2, 3, 5, 3, 5, 3, 1, 3, 3, 5, 5, 2, 3, 5, 4, 3, 1, 3, 3, 3, 1, 2, 1, 52, 2, 1, 1, 4, 4, 4, 3, 54, 3, 55, 
64: 0, 0, 0, 3, 0, 2, 0, 0, 0, 0, 0, 1, 0, 4, 1, 4, 5, 0, 3, 0, 0, 2, 5, 0, 0, 0, 0, 0, 0, 4, 0, 0, 0, 0, 3, 2, 0, 3, 0, 0, 0, 0, 0, 2, 0, 0, 0, 0, 53, 5, 0, 0, 0, 0, 2, 0, 0, 5, 0, 3, 0, 0, 0, 0, 1, 0, 0, 0, 0, 0, 4, 0, 0, 0, 0, 0, 0, 1, 0, 2, 2, 2, 2, 0, 1, 0, 0, 1, 0, 4, 0, 0, 4, 0, 0, 0, 0, 3, 0, 5, 0, 0, 0, 0, 0, 0, 0, 0, 0, 2, 2, 0, 5, 0, 3, 0, 3, 0, 2, 2, 0, 0, 0, 2, 0, 0, 0, 0, 0, 0, 0, 0, 0, 1, 0, 0, 2, 0, 0, 5, 0, 0, 0, 0, 4, 0, 3, 0, 50, 3, 0, 2, 6, 0, 3, 1, 0, 0, 0, 0, 0, 0, 0, 0, 0, 0, 0, 4, 0, 0, 0, 5, 0, 0, 0, 0, 0, 54, 0, 0, 3, 0, 0, 0, 0, 0, 0, 1, 0, 0, 3, 53, 0, 5, 0, 0, 51, 2, 0, 0, : 3, 2, 1, 4, 1, 4, 5, 3, 2, 5, 4, 3, 2, 3, 2, 53, 5, 2, 5, 3, 1, 4, 1, 2, 2, 2, 2, 1, 1, 4, 4, 3, 5, 2, 2, 5, 3, 3, 2, 2, 2, 1, 2, 5, 4, 3, 50, 3, 2, 6, 3, 1, 4, 5, 54, 3, 1, 3, 53, 5, 51, 2, 


66: 0, 0, 2, 50, 1, 0, 0, 0, 3, 4, 0, 0, 5, 5, 1, 0, 0, 50, 0, 0, 2, 1, 0, 3, 0, 3, 0, 54, 0, 0, 5, 52, 2, 0, 0, 0, 0, 0, 4, 0, 0, 0, 5, 0, 0, 0, 0, 1, 1, 4, 0, 0, 0, 2, 2, 0, 3, 0, 5, 2, 0, 3, 0, 1, 5, 2, 0, 0, 2, 0, 0, 0, 1, 3, 0, 52, 4, 0, 0, 0, 0, 4, 0, 0, 0, 0, 0, 0, 0, 0, 0, 0, 0, 1, 0, 1, 4, 0, 0, 0, 1, 0, 0, 0, 0, 0, 0, 5, 3, 51, 0, 0, 2, 0, 0, 0, 5, 50, 0, 0, 3, 0, 0, 0, 0, 0, 3, 0, 0, 0, 4, 2, 3, 0, 0, 0, 5, 53, 5, 1, 0, 0, 0, 0, 2, 2, 4, 0, 0, 0, 0, 0, 54, 0, 0, 4, 0, 5, 0, 1, 5, 52, 0, 0, 0, 3, 0, 0, 1, 0, 0, 5, 2, 0, 0, 0, 5, 0, 5, 4, 5, 0, 0, 0, 0, 50, 3, 0, 0, 0, 4, 4, 3, 0, 0, 4, 3, 0, 0, 0, : 2, 50, 1, 3, 4, 5, 5, 1, 50, 2, 1, 3, 3, 54, 5, 52, 2, 4, 5, 1, 1, 4, 2, 2, 3, 5, 2, 3, 1, 5, 2, 2, 1, 3, 52, 4, 4, 1, 1, 4, 1, 5, 3, 51, 2, 5, 50, 3, 3, 4, 2, 3, 5, 53, 5, 1, 2, 2, 4, 54, 4, 5, 1, 5, 52, 3, 1, 5, 2, 5, 5, 4, 5, 50, 3, 4, 4, 3, 4, 3, 
95: 0, 0, 0, 0, 0, 0, 0, 5, 2, 4, 0, 0, 0, 3, 4, 0, 51, 0, 0, 0, 4, 5, 1, 1, 52, 2, 0, 0, 0, 0, 0, 0, 5, 0, 0, 0, 0, 0, 4, 0, 0, 0, 0, 0, 0, 0, 0, 0, 5, 4, 0, 5, 0, 2, 5, 0, 0, 0, 0, 0, 1, 1, 0, 3, 3, 2, 0, 2, 2, 0, 0, 1, 0, 3, 0, 0, 3, 0, 0, 0, 52, 4, 0, 0, 0, 0, 0, 0, 0, 0, 0, 3, 0, 2, 0, 2, 3, 0, 50, 0, 0, 0, 0, 4, 52, 0, 0, 4, 3, 0, 0, 0, 4, 0, 0, 51, 3, 0, 0, 0, 3, 0, 0, 0, 0, 0, 3, 0, 0, 0, 53, 0, 3, 0, 0, 0, 2, 4, 3, 5, 0, 0, 4, 0, 4, 4, 4, 54, 0, 0, 0, 1, 0, 0, 1, 2, 0, 0, 0, 53, 0, 0, 53, 0, 0, 1, 0, 2, 5, 0, 0, 1, 3, 0, 0, 0, 4, 0, 2, 0, 1, 0, 0, 0, 0, 0, 1, 0, 0, 0, 4, 0, 4, 0, 53, 0, 2, 0, 0, 0, : 5, 2, 4, 3, 4, 51, 4, 5, 1, 1, 52, 2, 5, 4, 5, 4, 5, 2, 5, 1, 1, 3, 3, 2, 2, 2, 1, 3, 3, 52, 4, 3, 2, 2, 3, 50, 4, 52, 4, 3, 4, 51, 3, 3, 3, 53, 3, 2, 4, 3, 5, 4, 4, 4, 4, 54, 1, 1, 2, 53, 53, 1, 2, 5, 1, 3, 4, 2, 1, 1, 4, 4, 53, 2, 
75: 5, 0, 0, 0, 0, 2, 1, 0, 2, 2, 0, 0, 0, 1, 2, 0, 0, 0, 0, 0, 3, 4, 2, 4, 0, 2, 1, 0, 0, 0, 4, 0, 4, 0, 0, 51, 50, 0, 5, 55, 0, 3, 0, 1, 0, 3, 0, 5, 4, 4, 0, 3, 0, 5, 2, 0, 0, 0, 0, 0, 51, 2, 0, 3, 4, 53, 0, 0, 3, 1, 0, 0, 0, 2, 0, 2, 3, 0, 53, 2, 1, 5, 0, 0, 1, 0, 0, 1, 0, 0, 0, 51, 0, 1, 2, 4, 2, 0, 0, 2, 0, 0, 0, 0, 0, 0, 2, 5, 4, 0, 0, 0, 4, 3, 5, 1, 0, 0, 0, 0, 3, 0, 0, 0, 0, 0, 0, 2, 0, 0, 0, 0, 2, 0, 0, 0, 5, 3, 5, 2, 0, 0, 0, 0, 1, 4, 2, 0, 0, 0, 0, 0, 0, 1, 0, 5, 0, 0, 1, 0, 0, 0, 5, 50, 0, 1, 2, 0, 5, 0, 0, 7, 0, 2, 0, 0, 0, 0, 5, 0, 1, 0, 1, 0, 0, 0, 0, 0, 0, 0, 1, 0, 0, 55, 0, 5, 5, 2, 0, 1, : 5, 2, 1, 2, 2, 1, 2, 3, 4, 2, 4, 2, 1, 4, 4, 51, 50, 5, 55, 3, 1, 3, 5, 4, 4, 3, 5, 2, 51, 2, 3, 4, 53, 3, 1, 2, 2, 3, 53, 2, 1, 5, 1, 1, 51, 1, 2, 4, 2, 2, 2, 5, 4, 4, 3, 5, 1, 3, 2, 2, 5, 3, 5, 2, 1, 4, 2, 1, 5, 1, 5, 50, 1, 2, 5, 7, 2, 5, 1, 1, 1, 55, 5, 5, 2, 1, 
49: 0, 50, 52, 0, 0, 0, 0, 0, 4, 1, 0, 1, 0, 3, 5, 51, 0, 2, 5, 0, 4, 3, 0, 0, 1, 1, 0, 0, 3, 3, 0, 0, 4, 0, 0, 0, 0, 0, 3, 1, 0, 0, 0, 0, 0, 52, 0, 0, 5, 1, 0, 5, 0, 2, 5, 1, 0, 0, 0, 0, 0, 5, 0, 5, 5, 1, 0, 50, 3, 2, 0, 0, 0, 1, 0, 0, 3, 2, 0, 0, 0, 5, 2, 0, 3, 0, 0, 53, 0, 0, 0, 0, 0, 3, 2, 2, 1, 0, 4, 50, 2, 0, 4, 0, 0, 2, 5, 5, 2, 0, 1, 0, 3, 0, 0, 0, 0, 0, 2, 0, 4, 0, 0, 0, 0, 0, 0, 0, 4, 0, 0, 52, 1, 53, 2, 2, 1, 0, 2, 2, 0, 0, 3, 0, 2, 1, 1, 0, 0, 0, 0, 0, 0, 0, 0, 4, 0, 0, 1, 4, 0, 0, 0, 0, 0, 4, 0, 0, 4, 0, 2, 1, 0, 0, 3, 0, 1, 2, 2, 0, 2, 0, 0, 0, 0, 0, 0, 0, 50, 0, 2, 0, 0, 0, 0, 4, 5, 0, 1, 0, : 50, 52, 4, 1, 1, 3, 5, 51, 2, 5, 4, 3, 1, 1, 3, 3, 4, 3, 1, 52, 5, 1, 5, 2, 5, 1, 5, 5, 5, 1, 50, 3, 2, 1, 3, 2, 5, 2, 3, 53, 3, 2, 2, 1, 4, 50, 2, 4, 2, 5, 5, 2, 1, 3, 2, 4, 4, 52, 1, 53, 2, 2, 1, 2, 2, 3, 2, 1, 1, 4, 1, 4, 4, 4, 2, 1, 3, 1, 2, 2, 2, 50, 2, 4, 5, 1, 
30: 0, 0, 0, 0, 0, 0, 0, 0, 3, 4, 2, 0, 0, 4, 5, 0, 0, 0, 0, 0, 2, 4, 0, 5, 0, 5, 5, 0, 50, 0, 0, 0, 1, 0, 0, 0, 0, 0, 1, 0, 0, 0, 0, 0, 50, 0, 0, 0, 1, 2, 0, 3, 0, 4, 3, 0, 0, 0, 0, 0, 0, 6, 0, 4, 2, 1, 1, 3, 5, 2, 0, 0, 0, 1, 0, 0, 2, 0, 0, 0, 0, 1, 0, 0, 2, 55, 5, 3, 52, 0, 0, 0, 2, 5, 0, 4, 1, 3, 0, 0, 0, 0, 2, 0, 0, 0, 1, 1, 2, 0, 0, 0, 3, 0, 0, 0, 0, 0, 0, 55, 5, 2, 0, 0, 0, 0, 0, 0, 1, 3, 0, 0, 2, 2, 0, 0, 4, 0, 2, 4, 0, 0, 5, 0, 3, 4, 5, 2, 0, 0, 1, 0, 0, 0, 0, 5, 0, 0, 0, 0, 0, 0, 0, 0, 55, 2, 2, 55, 4, 0, 4, 2, 4, 0, 0, 4, 0, 5, 3, 4, 4, 0, 0, 0, 5, 2, 51, 0, 0, 0, 3, 0, 51, 0, 0, 4, 2, 0, 0, 0, : 3, 4, 2, 4, 5, 2, 4, 5, 5, 5, 50, 1, 1, 50, 1, 2, 3, 4, 3, 6, 4, 2, 1, 1, 3, 5, 2, 1, 2, 1, 2, 55, 5, 3, 52, 2, 5, 4, 1, 3, 2, 1, 1, 2, 3, 55, 5, 2, 1, 3, 2, 2, 4, 2, 4, 5, 3, 4, 5, 2, 1, 5, 55, 2, 2, 55, 4, 4, 2, 4, 4, 5, 3, 4, 4, 5, 2, 51, 3, 51, 4, 2, 
28: 1, 0, 0, 0, 0, 0, 0, 3, 1, 1, 0, 3, 0, 1, 3, 0, 0, 0, 0, 0, 4, 4, 0, 1, 0, 2, 0, 0, 0, 0, 0, 0, 5, 0, 0, 0, 2, 0, 3, 0, 0, 0, 0, 3, 0, 0, 0, 4, 4, 4, 0, 3, 0, 1, 2, 0, 0, 54, 0, 0, 0, 1, 0, 3, 5, 1, 1, 0, 1, 0, 0, 3, 1, 3, 0, 0, 1, 0, 0, 0, 0, 2, 0, 0, 0, 0, 0, 0, 0, 0, 0, 0, 52, 1, 0, 5, 5, 0, 0, 1, 0, 0, 0, 53, 2, 0, 4, 1, 1, 0, 0, 0, 5, 0, 0, 0, 0, 0, 0, 0, 4, 0, 0, 0, 0, 1, 1, 0, 0, 0, 0, 0, 5, 0, 0, 0, 1, 0, 2, 4, 0, 0, 4, 0, 0, 1, 4, 0, 0, 0, 4, 1, 0, 0, 4, 3, 0, 0, 0, 0, 0, 0, 0, 0, 0, 5, 52, 0, 3, 0, 2, 3, 5, 53, 4, 0, 0, 0, 1, 0, 1, 1, 2, 0, 52, 2, 3, 0, 0, 0, 4, 0, 0, 0, 0, 5, 4, 3, 0, 1, : 1, 3, 1, 1, 3, 1, 3, 4, 4, 1, 2, 5, 2, 3, 3, 4, 4, 4, 3, 1, 2, 54, 1, 3, 5, 1, 1, 1, 3, 1, 3, 1, 2, 52, 1, 5, 5, 1, 53, 2, 4, 1, 1, 5, 4, 1, 1, 5, 1, 2, 4, 4, 1, 4, 4, 1, 4, 3, 5, 52, 3, 2, 3, 5, 53, 4, 1, 1, 1, 2, 52, 2, 3, 4, 5, 4, 3, 1, 
96: 0, 0, 5, 2, 3, 0, 5, 0, 2, 3, 0, 0, 0, 3, 5, 0, 0, 0, 0, 50, 3, 3, 0, 4, 0, 3, 0, 0, 0, 52, 0, 3, 4, 0, 2, 0, 0, 0, 5, 0, 0, 0, 0, 0, 5, 3, 0, 0, 5, 1, 5, 3, 2, 1, 1, 54, 0, 0, 0, 0, 0, 5, 0, 1, 1, 0, 0, 0, 5, 0, 0, 0, 0, 1, 0, 0, 3, 0, 0, 0, 0, 4, 1, 0, 0, 0, 0, 0, 0, 52, 0, 2, 0, 2, 0, 4, 4, 0, 4, 1, 0, 0, 0, 0, 2, 0, 2, 4, 1, 0, 0, 0, 5, 0, 0, 0, 0, 1, 0, 0, 4, 0, 4, 0, 0, 0, 0, 0, 0, 0, 0, 0, 4, 0, 52, 0, 3, 0, 3, 2, 0, 0, 5, 3, 5, 5, 2, 0, 0, 0, 0, 0, 0, 1, 0, 2, 0, 0, 52, 0, 0, 5, 1, 2, 0, 2, 4, 0, 4, 0, 0, 4, 3, 1, 2, 0, 0, 0, 5, 0, 4, 0, 0, 0, 0, 0, 0, 0, 0, 2, 8, 0, 0, 0, 0, 0, 1, 5, 52, 0, : 5, 2, 3, 5, 2, 3, 3, 5, 50, 3, 3, 4, 3, 52, 3, 4, 2, 5, 5, 3, 5, 1, 5, 3, 2, 1, 1, 54, 5, 1, 1, 5, 1, 3, 4, 1, 52, 2, 2, 4, 4, 4, 1, 2, 2, 4, 1, 5, 1, 4, 4, 4, 52, 3, 3, 2, 5, 3, 5, 5, 2, 1, 2, 52, 5, 1, 2, 2, 4, 4, 4, 3, 1, 2, 5, 4, 2, 8, 1, 5, 52, 
52: 0, 0, 0, 0, 0, 55, 0, 0, 1, 5, 0, 0, 5, 5, 3, 0, 0, 0, 0, 0, 5, 4, 0, 2, 2, 3, 0, 5, 0, 0, 0, 0, 5, 0, 0, 0, 0, 0, 2, 1, 0, 0, 0, 0, 0, 0, 0, 0, 6, 2, 0, 5, 0, 3, 5, 0, 2, 0, 0, 50, 0, 5, 50, 3, 5, 0, 1, 0, 1, 0, 0, 0, 0, 2, 3, 1, 3, 0, 2, 0, 5, 5, 0, 5, 2, 0, 2, 0, 4, 1, 0, 3, 0, 4, 0, 3, 4, 0, 0, 0, 50, 0, 0, 0, 3, 0, 2, 4, 3, 4, 0, 1, 2, 0, 0, 0, 0, 3, 0, 0, 2, 0, 0, 1, 0, 0, 0, 0, 0, 0, 0, 0, 4, 0, 0, 0, 5, 0, 3, 3, 0, 52, 0, 50, 2, 5, 3, 0, 3, 5, 0, 0, 0, 0, 0, 1, 5, 0, 1, 2, 1, 0, 0, 0, 5, 5, 0, 0, 5, 0, 0, 3, 5, 0, 0, 0, 0, 0, 0, 0, 4, 0, 0, 0, 1, 0, 0, 5, 0, 0, 1, 0, 0, 0, 0, 2, 5, 0, 2, 0, : 55, 1, 5, 5, 5, 3, 5, 4, 2, 2, 3, 5, 5, 2, 1, 6, 2, 5, 3, 5, 2, 50, 5, 50, 3, 5, 1, 1, 2, 3, 1, 3, 2, 5, 5, 5, 2, 2, 4, 1, 3, 4, 3, 4, 50, 3, 2, 4, 3, 4, 1, 2, 3, 2, 1, 4, 5, 3, 3, 52, 50, 2, 5, 3, 3, 5, 1, 5, 1, 2, 1, 5, 5, 5, 3, 5, 4, 1, 5, 1, 2, 5, 2, 
86: 54, 1, 0, 5, 55, 0, 0, 0, 3, 4, 53, 3, 0, 3, 5, 0, 0, 0, 3, 0, 2, 5, 0, 2, 0, 2, 0, 0, 0, 0, 0, 0, 1, 0, 0, 0, 0, 0, 1, 0, 0, 0, 0, 0, 0, 2, 0, 50, 4, 9, 3, 0, 0, 5, 2, 0, 0, 0, 0, 0, 0, 1, 0, 4, 3, 0, 0, 0, 1, 0, 1, 0, 4, 4, 0, 0, 2, 0, 0, 4, 1, 5, 0, 50, 51, 0, 0, 0, 0, 0, 0, 0, 2, 4, 50, 1, 5, 52, 0, 0, 0, 1, 0, 0, 0, 0, 5, 2, 1, 1, 0, 0, 3, 53, 0, 0, 0, 0, 4, 3, 0, 0, 0, 0, 0, 0, 0, 1, 0, 0, 0, 1, 2, 0, 1, 3, 4, 0, 3, 3, 0, 0, 5, 0, 3, 2, 5, 1, 0, 0, 0, 0, 2, 0, 0, 3, 0, 0, 0, 0, 1, 0, 0, 0, 0, 1, 0, 0, 2, 0, 0, 5, 4, 4, 0, 51, 0, 0, 5, 50, 1, 0, 52, 1, 0, 0, 0, 0, 0, 1, 2, 0, 0, 0, 0, 5, 4, 0, 0, 0, : 54, 1, 5, 55, 3, 4, 53, 3, 3, 5, 3, 2, 5, 2, 2, 1, 1, 2, 50, 4, 9, 3, 5, 2, 1, 4, 3, 1, 1, 4, 4, 2, 4, 1, 5, 50, 51, 2, 4, 50, 1, 5, 52, 1, 5, 2, 1, 1, 3, 53, 4, 3, 1, 1, 2, 1, 3, 4, 3, 3, 5, 3, 2, 5, 1, 2, 3, 1, 1, 2, 5, 4, 4, 51, 5, 50, 1, 52, 1, 1, 2, 5, 4, 
1: 0, 5, 0, 0, 0, 0, 0, 0, 6, 3, 0, 0, 0, 5, 1, 0, 2, 0, 0, 0, 5, 2, 3, 0, 0, 4, 53, 0, 0, 4, 1, 0, 3, 0, 0, 0, 5, 0, 4, 0, 0, 0, 0, 50, 0, 0, 51, 0, 1, 1, 0, 0, 0, 1, 1, 0, 0, 0, 0, 0, 0, 1, 1, 2, 0, 0, 0, 0, 5, 0, 53, 0, 0, 5, 0, 0, 4, 1, 0, 0, 0, 2, 0, 0, 0, 0, 0, 0, 0, 1, 51, 0, 0, 4, 0, 1, 1, 0, 1, 0, 0, 0, 0, 3, 0, 3, 5, 1, 7, 0, 3, 0, 2, 0, 55, 1, 52, 0, 0, 0, 3, 0, 0, 0, 0, 0, 0, 0, 0, 0, 1, 0, 3, 0, 0, 0, 3, 0, 2, 1, 0, 0, 1, 0, 5, 5, 2, 0, 3, 0, 0, 0, 0, 0, 0, 3, 0, 0, 0, 0, 0, 0, 0, 0, 0, 4, 0, 0, 5, 55, 0, 2, 4, 0, 0, 0, 0, 1, 5, 0, 2, 3, 0, 0, 0, 0, 0, 0, 5, 0, 2, 0, 0, 0, 0, 1, 4, 0, 0, 0, : 5, 6, 3, 5, 1, 2, 5, 2, 3, 4, 53, 4, 1, 3, 5, 4, 50, 51, 1, 1, 1, 1, 1, 1, 2, 5, 53, 5, 4, 1, 2, 1, 51, 4, 1, 1, 1, 3, 3, 5, 1, 7, 3, 2, 55, 1, 52, 3, 1, 3, 3, 2, 1, 1, 5, 5, 2, 3, 3, 4, 5, 55, 2, 4, 1, 5, 2, 3, 5, 2, 1, 4, 
12: 0, 0, 0, 0, 0, 3, 0, 0, 5, 1, 0, 0, 0, 1, 1, 0, 0, 0, 0, 0, 5, 4, 50, 5, 0, 5, 0, 0, 0, 0, 0, 1, 1, 0, 0, 5, 0, 0, 3, 0, 50, 0, 0, 0, 4, 0, 1, 0, 1, 3, 0, 3, 55, 3, 1, 0, 0, 0, 0, 0, 0, 3, 0, 4, 5, 0, 2, 0, 5, 0, 0, 52, 0, 1, 0, 0, 1, 0, 0, 0, 0, 4, 5, 0, 0, 4, 0, 1, 0, 0, 0, 0, 2, 5, 0, 2, 5, 0, 0, 0, 0, 0, 0, 0, 0, 0, 4, 3, 2, 0, 0, 0, 4, 2, 0, 0, 0, 0, 0, 0, 1, 0, 0, 0, 0, 0, 0, 0, 0, 2, 0, 0, 3, 0, 0, 0, 3, 0, 5, 3, 4, 0, 5, 0, 5, 4, 1, 0, 0, 0, 2, 0, 0, 0, 0, 4, 2, 53, 0, 0, 0, 0, 0, 5, 0, 4, 0, 0, 1, 0, 0, 4, 4, 0, 1, 3, 0, 52, 5, 0, 3, 0, 0, 0, 2, 0, 0, 0, 0, 0, 2, 0, 1, 0, 0, 2, 1, 0, 0, 0, : 3, 5, 1, 1, 1, 5, 4, 50, 5, 5, 1, 1, 5, 3, 50, 4, 1, 1, 3, 3, 55, 3, 1, 3, 4, 5, 2, 5, 52, 1, 1, 4, 5, 4, 1, 2, 5, 2, 5, 4, 3, 2, 4, 2, 1, 2, 3, 3, 5, 3, 4, 5, 5, 4, 1, 2, 4, 2, 53, 5, 4, 1, 4, 4, 1, 3, 52, 5, 3, 2, 2, 1, 2, 1, 
14: 0, 0, 0, 0, 0, 0, 0, 0, 4, 2, 0, 0, 0, 1, 3, 0, 0, 0, 0, 2, 1, 1, 0, 1, 0, 7, 0, 0, 0, 0, 0, 0, 3, 0, 0, 0, 0, 3, 0, 0, 3, 1, 55, 2, 0, 0, 4, 0, 2, 1, 0, 0, 0, 3, 3, 2, 0, 0, 0, 0, 0, 5, 0, 4, 3, 0, 0, 0, 5, 51, 0, 0, 0, 4, 0, 0, 1, 0, 4, 0, 0, 5, 50, 0, 0, 0, 0, 0, 3, 0, 4, 0, 0, 4, 0, 4, 1, 0, 1, 0, 0, 2, 0, 0, 1, 2, 2, 3, 4, 0, 0, 51, 5, 0, 0, 0, 0, 0, 0, 0, 3, 2, 54, 0, 3, 0, 0, 1, 0, 0, 0, 0, 4, 0, 0, 53, 2, 0, 2, 5, 0, 0, 4, 2, 3, 2, 4, 0, 0, 54, 0, 0, 0, 1, 0, 4, 0, 0, 0, 0, 0, 0, 0, 0, 0, 5, 0, 0, 4, 0, 0, 2, 3, 0, 0, 0, 0, 0, 4, 0, 4, 0, 0, 54, 0, 0, 0, 0, 0, 0, 2, 0, 0, 4, 0, 5, 4, 50, 0, 0, : 4, 2, 1, 3, 2, 1, 1, 1, 7, 3, 3, 3, 1, 55, 2, 4, 2, 1, 3, 3, 2, 5, 4, 3, 5, 51, 4, 1, 4, 5, 50, 3, 4, 4, 4, 1, 1, 2, 1, 2, 2, 3, 4, 51, 5, 3, 2, 54, 3, 1, 4, 53, 2, 2, 5, 4, 2, 3, 2, 4, 54, 1, 4, 5, 4, 2, 3, 4, 4, 54, 2, 4, 5, 4, 50, 
9: 0, 0, 0, 0, 1, 0, 0, 0, 3, 3, 0, 50, 0, 5, 3, 4, 0, 0, 0, 4, 4, 3, 0, 4, 0, 3, 0, 0, 0, 0, 0, 0, 4, 0, 0, 0, 0, 3, 4, 0, 3, 0, 0, 0, 1, 0, 0, 0, 1, 7, 0, 5, 0, 1, 1, 0, 0, 0, 50, 0, 4, 1, 5, 2, 2, 0, 0, 0, 1, 0, 4, 0, 0, 4, 0, 0, 5, 53, 1, 0, 0, 0, 1, 0, 0, 0, 0, 0, 0, 5, 3, 0, 0, 2, 0, 5, 2, 1, 0, 0, 5, 0, 3, 0, 0, 0, 5, 5, 4, 0, 0, 0, 2, 0, 0, 0, 0, 0, 52, 0, 4, 0, 0, 1, 0, 0, 0, 0, 0, 0, 0, 0, 2, 0, 1, 0, 1, 0, 2, 2, 0, 0, 5, 0, 5, 5, 5, 0, 54, 0, 53, 2, 0, 0, 1, 4, 0, 1, 0, 0, 1, 0, 1, 0, 0, 2, 0, 2, 3, 0, 0, 4, 1, 0, 0, 0, 0, 0, 4, 0, 4, 0, 0, 0, 0, 0, 0, 1, 0, 0, 5, 0, 0, 1, 0, 2, 0, 0, 0, 0, : 1, 3, 3, 50, 5, 3, 4, 4, 4, 3, 4, 3, 4, 3, 4, 3, 1, 1, 7, 5, 1, 1, 50, 4, 1, 5, 2, 2, 1, 4, 4, 5, 53, 1, 1, 5, 3, 2, 5, 2, 1, 5, 3, 5, 5, 4, 2, 52, 4, 1, 2, 1, 1, 2, 2, 5, 5, 5, 5, 54, 53, 2, 1, 4, 1, 1, 1, 2, 2, 3, 4, 1, 4, 4, 1, 5, 1, 2, 
77: 0, 0, 0, 0, 0, 0, 0, 0, 3, 3, 0, 0, 0, 1, 4, 0, 0, 1, 51, 0, 4, 2, 0, 1, 0, 5, 0, 0, 4, 0, 0, 0, 1, 1, 0, 0, 2, 0, 2, 0, 0, 0, 0, 0, 0, 0, 0, 0, 1, 6, 0, 2, 0, 5, 3, 0, 0, 0, 0, 1, 0, 1, 0, 5, 0, 0, 0, 0, 3, 0, 0, 0, 0, 5, 1, 0, 5, 0, 0, 0, 0, 3, 0, 5, 0, 1, 0, 0, 1, 0, 0, 0, 0, 1, 1, 4, 3, 0, 0, 1, 0, 0, 50, 0, 0, 0, 5, 3, 3, 0, 0, 0, 0, 0, 0, 3, 0, 0, 0, 0, 5, 0, 0, 3, 0, 0, 0, 0, 0, 0, 0, 0, 5, 0, 0, 2, 4, 0, 4, 2, 0, 0, 0, 0, 2, 1, 3, 0, 0, 1, 0, 0, 0, 51, 0, 1, 0, 0, 1, 0, 0, 0, 0, 0, 0, 4, 0, 0, 2, 0, 0, 2, 3, 0, 0, 2, 50, 0, 1, 0, 4, 0, 0, 4, 0, 0, 0, 0, 0, 0, 3, 0, 0, 0, 0, 2, 2, 0, 0, 2, : 3, 3, 1, 4, 1, 51, 4, 2, 1, 5, 4, 1, 1, 2, 2, 1, 6, 2, 5, 3, 1, 1, 5, 3, 5, 1, 5, 3, 5, 1, 1, 1, 1, 4, 3, 1, 50, 5, 3, 3, 3, 5, 3, 5, 2, 4, 4, 2, 2, 1, 3, 1, 51, 1, 1, 4, 2, 2, 3, 2, 50, 1, 4, 4, 3, 2, 2, 2, 
53: 0, 0, 0, 0, 0, 0, 0, 0, 1, 3, 0, 0, 0, 2, 2, 0, 0, 3, 0, 0, 2, 1, 0, 5, 5, 5, 0, 0, 0, 0, 0, 0, 1, 54, 2, 0, 0, 0, 2, 3, 0, 0, 0, 4, 0, 0, 4, 0, 4, 2, 1, 3, 0, 3, 5, 0, 0, 5, 0, 0, 0, 1, 0, 2, 4, 0, 0, 0, 2, 3, 0, 0, 0, 4, 1, 5, 2, 0, 0, 54, 0, 4, 1, 0, 0, 0, 0, 0, 0, 0, 0, 0, 0, 5, 0, 4, 5, 4, 0, 0, 0, 5, 0, 0, 0, 0, 5, 2, 3, 0, 0, 0, 3, 0, 0, 0, 0, 0, 0, 0, 2, 0, 2, 0, 0, 0, 0, 0, 0, 0, 0, 0, 4, 0, 0, 0, 1, 0, 5, 5, 0, 0, 5, 0, 1, 1, 5, 3, 0, 0, 0, 53, 0, 0, 0, 1, 0, 0, 3, 0, 0, 0, 0, 3, 0, 5, 0, 0, 1, 1, 0, 1, 3, 0, 0, 0, 0, 0, 2, 0, 5, 2, 0, 0, 0, 5, 0, 0, 0, 0, 5, 0, 0, 0, 2, 3, 3, 0, 5, 0, : 1, 3, 2, 2, 3, 2, 1, 5, 5, 5, 1, 54, 2, 2, 3, 4, 4, 4, 2, 1, 3, 3, 5, 5, 1, 2, 4, 2, 3, 4, 1, 5, 2, 54, 4, 1, 5, 4, 5, 4, 5, 5, 2, 3, 3, 2, 2, 4, 1, 5, 5, 5, 1, 1, 5, 3, 53, 1, 3, 3, 5, 1, 1, 1, 3, 2, 5, 2, 5, 5, 2, 3, 3, 5, 
26: 0, 0, 0, 0, 0, 0, 0, 0, 6, 5, 0, 0, 0, 4, 0, 0, 2, 0, 0, 0, 2, 3, 0, 4, 0, 1, 1, 0, 0, 0, 0, 1, 2, 0, 0, 4, 0, 2, 4, 0, 0, 1, 0, 0, 0, 0, 0, 0, 3, 3, 0, 5, 0, 2, 5, 0, 0, 0, 0, 5, 0, 7, 0, 0, 0, 0, 55, 0, 4, 0, 1, 0, 0, 3, 52, 0, 5, 0, 0, 0, 0, 2, 0, 0, 0, 0, 0, 0, 0, 0, 2, 1, 0, 4, 0, 4, 5, 0, 0, 0, 0, 0, 0, 0, 0, 53, 0, 3, 5, 0, 1, 0, 2, 0, 0, 4, 0, 1, 0, 0, 1, 0, 0, 0, 0, 0, 0, 0, 4, 54, 0, 5, 2, 0, 0, 0, 0, 0, 1, 3, 0, 0, 4, 0, 2, 3, 2, 0, 0, 0, 0, 0, 0, 0, 0, 5, 0, 0, 1, 0, 0, 2, 0, 0, 0, 1, 0, 0, 5, 4, 0, 1, 1, 0, 0, 0, 0, 0, 5, 0, 2, 3, 0, 0, 0, 0, 0, 51, 5, 0, 3, 0, 0, 0, 5, 5, 2, 0, 0, 2, : 6, 5, 4, 2, 2, 3, 4, 1, 1, 1, 2, 4, 2, 4, 1, 3, 3, 5, 2, 5, 5, 7, 55, 4, 1, 3, 52, 5, 2, 2, 1, 4, 4, 5, 53, 3, 5, 1, 2, 4, 1, 1, 4, 54, 5, 2, 1, 3, 4, 2, 3, 2, 5, 1, 2, 1, 5, 4, 1, 1, 5, 2, 3, 51, 5, 3, 5, 5, 2, 2, 
90: 0, 1, 0, 1, 0, 0, 0, 0, 4, 7, 0, 0, 0, 4, 5, 0, 5, 0, 1, 0, 2, 0, 4, 4, 0, 1, 0, 1, 0, 0, 50, 0, 4, 1, 4, 0, 1, 0, 3, 0, 0, 0, 0, 0, 0, 0, 0, 0, 2, 2, 51, 5, 0, 7, 5, 1, 52, 0, 0, 0, 2, 5, 0, 4, 4, 0, 0, 0, 3, 1, 0, 3, 52, 5, 0, 0, 4, 1, 0, 0, 0, 3, 0, 0, 0, 0, 0, 0, 0, 0, 0, 0, 0, 1, 5, 1, 1, 0, 0, 4, 0, 0, 0, 0, 0, 0, 3, 1, 2, 0, 0, 5, 3, 0, 0, 0, 0, 5, 2, 0, 5, 0, 0, 52, 0, 5, 0, 55, 0, 1, 2, 0, 3, 4, 0, 0, 4, 0, 5, 5, 1, 0, 0, 0, 5, 5, 1, 0, 0, 0, 0, 0, 0, 0, 52, 2, 0, 0, 0, 0, 0, 1, 0, 0, 0, 4, 0, 1, 1, 0, 0, 3, 5, 0, 0, 0, 0, 0, 1, 0, 5, 1, 0, 1, 0, 0, 2, 3, 0, 0, 2, 0, 0, 0, 0, 4, 2, 0, 0, 0, : 1, 1, 4, 7, 4, 5, 5, 1, 2, 4, 4, 1, 1, 50, 4, 1, 4, 1, 3, 2, 2, 51, 5, 7, 5, 1, 52, 2, 5, 4, 4, 3, 1, 3, 52, 5, 4, 1, 3, 1, 5, 1, 1, 4, 3, 1, 2, 5, 3, 5, 2, 5, 52, 5, 55, 1, 2, 3, 4, 4, 5, 5, 1, 5, 5, 1, 52, 2, 1, 4, 1, 1, 3, 5, 1, 5, 1, 1, 2, 3, 2, 4, 2, 
11: 0, 3, 1, 0, 0, 0, 50, 0, 4, 2, 0, 3, 50, 3, 0, 0, 0, 0, 0, 0, 3, 1, 0, 4, 0, 1, 0, 0, 1, 1, 0, 3, 4, 0, 0, 0, 0, 0, 3, 0, 2, 55, 0, 0, 0, 0, 0, 0, 3, 1, 0, 2, 0, 5, 1, 2, 0, 0, 0, 2, 0, 4, 4, 4, 1, 0, 0, 4, 4, 0, 0, 0, 0, 4, 0, 0, 3, 3, 0, 0, 0, 1, 0, 0, 0, 0, 0, 0, 0, 0, 0, 0, 2, 5, 0, 1, 4, 0, 0, 0, 0, 52, 0, 0, 0, 0, 3, 2, 4, 0, 55, 0, 5, 0, 0, 0, 0, 0, 0, 0, 3, 0, 0, 0, 1, 3, 53, 0, 51, 0, 0, 0, 2, 0, 0, 0, 4, 0, 3, 4, 0, 4, 3, 0, 4, 2, 3, 0, 0, 0, 0, 0, 0, 4, 0, 1, 0, 0, 0, 0, 0, 0, 0, 0, 0, 4, 0, 0, 1, 0, 52, 4, 5, 0, 0, 0, 0, 0, 1, 2, 2, 0, 5, 0, 0, 0, 0, 0, 0, 0, 2, 54, 0, 0, 0, 3, 4, 0, 0, 0, : 3, 1, 50, 4, 2, 3, 50, 3, 3, 1, 4, 1, 1, 1, 3, 4, 3, 2, 55, 3, 1, 2, 5, 1, 2, 2, 4, 4, 4, 1, 4, 4, 4, 3, 3, 1, 2, 5, 1, 4, 52, 3, 2, 4, 55, 5, 3, 1, 3, 53, 51, 2, 4, 3, 4, 4, 3, 4, 2, 3, 4, 1, 4, 1, 52, 4, 5, 1, 2, 2, 5, 2, 54, 3, 4, 
54: 0, 0, 0, 2, 0, 0, 4, 2, 2, 1, 5, 0, 0, 5, 3, 0, 0, 4, 0, 0, 2, 5, 0, 5, 0, 3, 0, 0, 2, 0, 0, 0, 2, 4, 50, 0, 0, 1, 2, 0, 2, 0, 0, 0, 0, 0, 0, 0, 2, 2, 0, 3, 3, 1, 4, 0, 0, 1, 3, 0, 2, 1, 0, 4, 4, 0, 0, 0, 2, 0, 1, 0, 0, 1, 3, 0, 3, 0, 0, 0, 0, 1, 0, 0, 0, 0, 53, 2, 0, 0, 0, 0, 0, 3, 0, 4, 0, 0, 0, 1, 1, 0, 1, 0, 0, 0, 3, 5, 3, 0, 0, 3, 3, 2, 0, 0, 0, 0, 0, 2, 2, 54, 0, 3, 5, 0, 0, 0, 0, 0, 0, 0, 5, 0, 4, 0, 5, 0, 2, 2, 55, 0, 4, 0, 1, 2, 3, 0, 0, 0, 0, 0, 2, 0, 2, 4, 53, 0, 0, 0, 52, 0, 0, 0, 0, 2, 0, 0, 1, 0, 0, 4, 4, 0, 50, 0, 0, 0, 0, 0, 5, 50, 0, 0, 0, 1, 0, 0, 0, 55, 2, 2, 1, 0, 0, 0, 5, 0, 0, 4, : 2, 4, 2, 2, 1, 5, 5, 3, 4, 2, 5, 5, 3, 2, 2, 4, 50, 1, 2, 2, 2, 2, 3, 3, 1, 4, 1, 3, 2, 1, 4, 4, 2, 1, 1, 3, 3, 1, 53, 2, 3, 4, 1, 1, 1, 3, 5, 3, 3, 3, 2, 2, 2, 54, 3, 5, 5, 4, 5, 2, 2, 55, 4, 1, 2, 3, 2, 2, 4, 53, 52, 2, 1, 4, 4, 50, 5, 50, 1, 55, 2, 2, 1, 5, 4, 
45: 0, 0, 0, 0, 0, 0, 0, 50, 1, 2, 0, 0, 0, 1, 5, 5, 0, 0, 0, 4, 1, 5, 0, 5, 0, 2, 0, 0, 0, 0, 0, 0, 4, 0, 2, 0, 0, 51, 5, 0, 0, 0, 0, 0, 0, 0, 0, 0, 5, 1, 0, 5, 0, 4, 4, 0, 3, 0, 2, 0, 0, 2, 0, 2, 4, 0, 0, 1, 3, 0, 0, 1, 2, 4, 0, 0, 3, 0, 0, 0, 1, 0, 0, 0, 1, 0, 0, 0, 0, 1, 0, 0, 0, 3, 0, 4, 4, 0, 0, 0, 1, 0, 0, 0, 0, 0, 4, 1, 3, 4, 0, 0, 0, 0, 0, 0, 0, 0, 0, 0, 3, 2, 0, 0, 51, 51, 0, 1, 0, 0, 0, 0, 1, 1, 0, 0, 3, 0, 1, 2, 0, 4, 3, 5, 5, 2, 1, 0, 0, 0, 0, 3, 2, 2, 0, 2, 0, 1, 0, 0, 0, 0, 0, 0, 0, 1, 0, 0, 3, 0, 0, 2, 1, 0, 0, 0, 0, 0, 4, 0, 1, 0, 0, 0, 0, 0, 0, 0, 0, 2, 3, 0, 0, 0, 0, 4, 2, 0, 0, 50, : 50, 1, 2, 1, 5, 5, 4, 1, 5, 5, 2, 4, 2, 51, 5, 5, 1, 5, 4, 4, 3, 2, 2, 2, 4, 1, 3, 1, 2, 4, 3, 1, 1, 1, 3, 4, 4, 1, 4, 1, 3, 4, 3, 2, 51, 51, 1, 1, 1, 3, 1, 2, 4, 3, 5, 5, 2, 1, 3, 2, 2, 2, 1, 1, 3, 2, 1, 4, 1, 2, 3, 4, 2, 50, 


72: 1, 3, 4, 5, 0, 4, 1, 51, 0, 0, 0, 5, 0, 0, 0, 0, 0, 1, 0, 2, 0, 1, 0, 0, 1, 3, 1, 0, 0, 0, 0, 0, 4, 0, 0, 0, 0, 51, 0, 0, 5, 1, 0, 2, 0, 5, 5, 2, 0, 1, 0, 0, 0, 3, 3, 3, 3, 0, 2, 4, 51, 0, 0, 0, 5, 1, 2, 0, 0, 0, 0, 3, 0, 3, 0, 1, 0, 52, 0, 0, 2, 4, 0, 0, 0, 0, 0, 0, 0, 0, 2, 0, 1, 0, 0, 1, 3, 0, 0, 2, 1, 4, 0, 5, 0, 0, 2, 0, 0, 0, 1, 1, 0, 2, 0, 0, 5, 0, 0, 0, 5, 0, 0, 0, 0, 0, 0, 1, 0, 0, 4, 0, 3, 0, 1, 0, 0, 0, 0, 1, 4, 0, 0, 3, 0, 0, 3, 0, 0, 0, 0, 0, 4, 0, 0, 1, 0, 55, 5, 0, 1, 1, 50, 3, 0, 0, 0, 2, 0, 0, 0, 2, 0, 0, 4, 0, 0, 51, 0, 1, 0, 1, 0, 2, 0, 0, 0, 0, 0, 0, 0, 0, 0, 0, 0, 5, 0, 0, 0, 3, : 1, 3, 4, 5, 4, 1, 51, 5, 1, 2, 1, 1, 3, 1, 4, 51, 5, 1, 2, 5, 5, 2, 1, 3, 3, 3, 3, 2, 4, 51, 5, 1, 2, 3, 3, 1, 52, 2, 4, 2, 1, 1, 3, 2, 1, 4, 5, 2, 1, 1, 2, 5, 5, 1, 4, 3, 1, 1, 4, 3, 3, 4, 1, 55, 5, 1, 1, 50, 3, 2, 2, 4, 51, 1, 1, 2, 5, 3, 
91: 1, 4, 2, 5, 0, 0, 2, 0, 0, 0, 0, 0, 0, 55, 53, 0, 0, 1, 0, 3, 0, 3, 0, 0, 0, 0, 5, 0, 5, 0, 0, 5, 4, 0, 0, 0, 0, 0, 0, 0, 5, 1, 0, 6, 51, 6, 1, 4, 0, 3, 3, 0, 0, 0, 5, 0, 2, 5, 3, 0, 0, 0, 1, 0, 4, 2, 5, 0, 0, 0, 0, 0, 0, 1, 0, 2, 5, 0, 0, 0, 3, 2, 54, 0, 0, 4, 0, 5, 0, 0, 4, 0, 0, 0, 0, 0, 0, 0, 0, 0, 2, 1, 0, 5, 0, 2, 4, 0, 1, 0, 0, 4, 0, 2, 2, 0, 4, 0, 2, 1, 0, 0, 50, 0, 0, 0, 0, 0, 0, 0, 0, 3, 4, 0, 0, 0, 0, 0, 0, 3, 3, 0, 0, 5, 0, 0, 0, 0, 4, 0, 0, 0, 2, 0, 0, 1, 0, 0, 2, 4, 55, 0, 0, 5, 0, 0, 0, 2, 4, 0, 54, 0, 0, 0, 3, 0, 0, 0, 50, 2, 0, 3, 0, 0, 0, 0, 0, 0, 0, 0, 0, 0, 0, 0, 0, 4, 0, 0, 1, 2, : 1, 4, 2, 5, 2, 55, 53, 1, 3, 3, 5, 5, 5, 4, 5, 1, 6, 51, 6, 1, 4, 3, 3, 5, 2, 5, 3, 1, 4, 2, 5, 1, 2, 5, 3, 2, 54, 4, 5, 4, 2, 1, 5, 2, 4, 1, 4, 2, 2, 4, 2, 1, 50, 3, 4, 3, 3, 5, 4, 2, 1, 2, 4, 55, 5, 2, 4, 54, 3, 50, 2, 3, 4, 1, 2, 
35: 4, 3, 3, 1, 0, 0, 0, 0, 0, 50, 0, 3, 0, 0, 2, 1, 0, 2, 0, 0, 0, 3, 0, 0, 0, 0, 2, 0, 0, 0, 0, 0, 4, 0, 0, 0, 4, 0, 0, 0, 5, 3, 0, 2, 0, 4, 4, 3, 0, 0, 0, 2, 0, 0, 0, 0, 2, 0, 3, 0, 0, 2, 0, 0, 5, 3, 1, 0, 0, 0, 0, 0, 0, 8, 1, 2, 53, 0, 0, 0, 5, 0, 1, 0, 0, 0, 0, 0, 0, 50, 1, 0, 0, 4, 0, 1, 0, 0, 0, 0, 5, 3, 0, 2, 0, 2, 5, 0, 0, 0, 0, 6, 1, 2, 0, 0, 1, 0, 50, 0, 0, 0, 4, 0, 2, 0, 0, 0, 0, 0, 0, 0, 1, 0, 52, 1, 0, 0, 0, 2, 5, 0, 0, 5, 3, 0, 0, 0, 0, 0, 0, 0, 2, 0, 0, 2, 53, 0, 0, 0, 0, 2, 0, 1, 0, 0, 0, 5, 0, 0, 0, 0, 1, 0, 3, 0, 5, 1, 0, 3, 0, 3, 0, 1, 0, 0, 0, 0, 0, 0, 0, 0, 0, 1, 2, 4, 1, 3, 50, 5, : 4, 3, 3, 1, 50, 3, 2, 1, 2, 3, 2, 4, 4, 5, 3, 2, 4, 4, 3, 2, 2, 3, 2, 5, 3, 1, 8, 1, 2, 53, 5, 1, 50, 1, 4, 1, 5, 3, 2, 2, 5, 6, 1, 2, 1, 50, 4, 2, 1, 52, 1, 2, 5, 5, 3, 2, 2, 53, 2, 1, 5, 1, 3, 5, 1, 3, 3, 1, 1, 2, 4, 1, 3, 50, 5, 
62: 3, 5, 5, 1, 0, 0, 0, 5, 0, 0, 0, 3, 0, 0, 0, 0, 50, 0, 0, 0, 0, 1, 0, 0, 0, 5, 5, 55, 3, 0, 0, 50, 4, 2, 0, 0, 0, 0, 0, 1, 0, 1, 0, 1, 0, 5, 5, 0, 0, 0, 3, 0, 0, 0, 0, 0, 4, 0, 3, 0, 0, 0, 0, 0, 2, 4, 5, 0, 0, 0, 0, 1, 0, 10, 0, 1, 0, 0, 0, 0, 2, 0, 0, 3, 0, 0, 1, 0, 0, 0, 3, 0, 2, 0, 0, 0, 0, 1, 0, 0, 5, 2, 0, 3, 0, 3, 1, 0, 0, 0, 0, 1, 0, 4, 0, 0, 4, 0, 0, 2, 0, 0, 0, 3, 0, 0, 0, 0, 0, 1, 0, 0, 5, 0, 0, 0, 55, 2, 0, 3, 1, 0, 0, 1, 0, 0, 0, 0, 0, 0, 0, 0, 3, 3, 2, 9, 0, 5, 2, 0, 0, 0, 0, 4, 0, 2, 0, 5, 1, 0, 0, 51, 0, 0, 3, 0, 0, 1, 1, 3, 1, 4, 1, 0, 0, 0, 0, 0, 0, 0, 0, 0, 0, 0, 0, 5, 0, 0, 1, 1, : 3, 5, 5, 1, 5, 3, 50, 1, 5, 5, 55, 3, 50, 4, 2, 1, 1, 1, 5, 5, 3, 4, 3, 2, 4, 5, 1, 10, 1, 2, 3, 1, 3, 2, 1, 5, 2, 3, 3, 1, 1, 4, 4, 2, 3, 1, 5, 55, 2, 3, 1, 1, 3, 3, 2, 9, 5, 2, 4, 2, 5, 1, 51, 3, 1, 1, 3, 1, 4, 1, 5, 1, 1, 
71: 5, 1, 3, 1, 0, 0, 0, 3, 0, 0, 0, 4, 0, 2, 0, 0, 3, 1, 2, 1, 0, 6, 0, 5, 1, 0, 0, 0, 0, 0, 0, 0, 1, 0, 1, 0, 0, 0, 0, 1, 5, 4, 0, 2, 3, 4, 3, 4, 0, 0, 0, 0, 50, 0, 0, 0, 3, 0, 5, 0, 2, 0, 55, 0, 4, 3, 4, 0, 0, 0, 2, 0, 0, 2, 0, 5, 0, 0, 0, 0, 3, 1, 0, 0, 0, 0, 2, 2, 0, 0, 2, 0, 50, 0, 0, 0, 0, 54, 0, 0, 5, 5, 0, 1, 0, 5, 4, 2, 0, 1, 52, 3, 53, 4, 0, 0, 1, 2, 0, 0, 0, 0, 1, 0, 0, 0, 0, 1, 0, 0, 51, 0, 0, 0, 0, 0, 0, 0, 0, 1, 5, 0, 0, 1, 0, 0, 0, 0, 52, 0, 0, 0, 0, 0, 0, 2, 0, 0, 0, 53, 0, 1, 0, 1, 0, 54, 0, 3, 0, 0, 2, 0, 0, 0, 2, 2, 0, 0, 0, 1, 0, 3, 0, 0, 0, 0, 4, 1, 0, 1, 0, 0, 0, 0, 0, 5, 1, 0, 0, 2, : 5, 1, 3, 1, 3, 4, 2, 3, 1, 2, 1, 6, 5, 1, 1, 1, 1, 5, 4, 2, 3, 4, 3, 4, 50, 3, 5, 2, 55, 4, 3, 4, 2, 2, 5, 3, 1, 2, 2, 2, 50, 54, 5, 5, 1, 5, 4, 2, 1, 52, 3, 53, 4, 1, 2, 1, 1, 51, 1, 5, 1, 52, 2, 53, 1, 1, 54, 3, 2, 2, 2, 1, 3, 4, 1, 1, 5, 1, 2, 
22: 3, 2, 4, 1, 0, 0, 0, 0, 51, 3, 55, 4, 0, 0, 0, 2, 0, 0, 0, 53, 0, 1, 0, 0, 0, 50, 5, 0, 0, 0, 0, 1, 1, 0, 1, 0, 0, 0, 0, 0, 5, 5, 3, 2, 2, 2, 1, 4, 5, 0, 0, 0, 0, 0, 0, 0, 2, 0, 3, 0, 1, 0, 3, 0, 4, 2, 5, 0, 54, 0, 0, 0, 0, 1, 0, 3, 0, 3, 0, 0, 5, 0, 0, 0, 0, 0, 0, 0, 0, 0, 4, 0, 0, 0, 55, 3, 0, 0, 0, 0, 4, 3, 0, 5, 0, 4, 1, 0, 0, 0, 0, 3, 0, 1, 0, 0, 5, 55, 0, 0, 0, 54, 0, 50, 0, 0, 0, 0, 0, 0, 0, 0, 2, 0, 0, 0, 0, 0, 5, 1, 1, 1, 0, 4, 1, 3, 0, 1, 0, 0, 2, 0, 5, 0, 2, 2, 0, 0, 0, 0, 0, 0, 0, 5, 0, 0, 0, 2, 0, 4, 0, 0, 1, 50, 3, 0, 0, 0, 0, 4, 0, 1, 0, 0, 0, 0, 0, 1, 0, 0, 5, 3, 0, 4, 0, 4, 0, 5, 0, 4, : 3, 2, 4, 1, 51, 3, 55, 4, 2, 53, 1, 50, 5, 1, 1, 1, 5, 5, 3, 2, 2, 2, 1, 4, 5, 2, 3, 1, 3, 4, 2, 5, 54, 1, 3, 3, 5, 4, 55, 3, 4, 3, 5, 4, 1, 3, 1, 5, 55, 54, 50, 2, 5, 1, 1, 1, 4, 1, 3, 1, 2, 5, 2, 2, 5, 2, 4, 1, 50, 3, 4, 1, 1, 5, 3, 4, 4, 5, 4, 
98: 4, 4, 1, 4, 0, 0, 4, 0, 0, 0, 0, 1, 0, 0, 0, 0, 0, 0, 0, 1, 0, 2, 0, 1, 2, 0, 3, 0, 0, 0, 0, 0, 1, 0, 0, 52, 54, 0, 0, 0, 1, 3, 0, 5, 3, 4, 1, 2, 0, 0, 0, 0, 0, 51, 0, 50, 4, 0, 2, 0, 0, 0, 1, 3, 1, 3, 4, 3, 0, 0, 0, 0, 0, 3, 0, 1, 0, 1, 0, 0, 1, 0, 0, 0, 0, 0, 0, 0, 0, 0, 5, 1, 1, 4, 0, 0, 0, 5, 3, 0, 5, 5, 0, 3, 0, 2, 5, 0, 2, 53, 0, 3, 0, 4, 0, 0, 3, 0, 0, 1, 2, 0, 0, 0, 2, 0, 0, 0, 53, 5, 0, 2, 2, 0, 4, 50, 0, 0, 51, 1, 5, 3, 1, 5, 0, 0, 0, 0, 0, 52, 0, 5, 3, 0, 0, 1, 0, 0, 50, 0, 0, 0, 0, 5, 0, 0, 4, 2, 0, 0, 0, 0, 0, 0, 5, 0, 0, 0, 0, 3, 0, 5, 0, 0, 0, 0, 0, 0, 0, 0, 0, 0, 2, 0, 0, 3, 4, 0, 0, 1, : 4, 4, 1, 4, 4, 1, 1, 2, 1, 2, 3, 1, 52, 54, 1, 3, 5, 3, 4, 1, 2, 51, 50, 4, 2, 1, 3, 1, 3, 4, 3, 3, 1, 1, 1, 5, 1, 1, 4, 5, 3, 5, 5, 3, 2, 5, 2, 53, 3, 4, 3, 1, 2, 2, 53, 5, 2, 2, 4, 50, 51, 1, 5, 3, 1, 5, 52, 5, 3, 1, 50, 5, 4, 2, 5, 3, 5, 2, 3, 4, 1, 
19: 4, 2, 1, 1, 55, 0, 0, 0, 0, 1, 0, 5, 0, 0, 0, 5, 0, 2, 1, 0, 54, 4, 4, 0, 0, 0, 2, 0, 0, 2, 0, 1, 5, 0, 2, 0, 1, 0, 0, 0, 5, 1, 0, 3, 0, 4, 5, 1, 0, 0, 0, 0, 0, 5, 0, 0, 5, 0, 4, 0, 0, 0, 0, 0, 2, 2, 1, 0, 0, 0, 0, 0, 1, 1, 0, 5, 1, 2, 0, 0, 5, 0, 0, 1, 0, 0, 0, 0, 53, 1, 2, 0, 1, 52, 0, 0, 0, 0, 0, 0, 1, 5, 0, 0, 55, 2, 2, 0, 0, 0, 1, 9, 0, 5, 0, 0, 3, 0, 0, 0, 0, 0, 0, 0, 0, 0, 0, 0, 0, 0, 0, 50, 5, 1, 0, 4, 0, 5, 0, 2, 1, 0, 0, 2, 0, 0, 0, 4, 0, 0, 0, 0, 1, 0, 1, 2, 4, 0, 0, 0, 0, 0, 0, 1, 0, 0, 0, 2, 0, 0, 1, 0, 0, 0, 1, 0, 0, 0, 0, 5, 0, 1, 0, 0, 0, 0, 0, 0, 1, 1, 1, 5, 51, 0, 0, 1, 0, 0, 3, 5, : 4, 2, 1, 1, 55, 1, 5, 5, 2, 1, 54, 4, 4, 2, 2, 1, 5, 2, 1, 5, 1, 3, 4, 5, 1, 5, 5, 4, 2, 2, 1, 1, 1, 5, 1, 2, 5, 1, 53, 1, 2, 1, 52, 1, 5, 55, 2, 2, 1, 9, 5, 3, 50, 5, 1, 4, 5, 2, 1, 2, 4, 1, 1, 2, 4, 1, 2, 1, 1, 5, 1, 1, 1, 1, 5, 51, 1, 3, 5, 
37: 0, 1, 4, 4, 0, 0, 0, 0, 3, 0, 0, 2, 0, 0, 0, 0, 0, 1, 2, 0, 0, 2, 0, 0, 0, 0, 5, 0, 0, 0, 0, 1, 1, 1, 0, 4, 0, 0, 0, 0, 2, 4, 0, 1, 0, 1, 5, 4, 0, 4, 0, 0, 0, 0, 0, 4, 2, 0, 0, 50, 0, 0, 0, 0, 1, 5, 1, 5, 0, 0, 0, 3, 0, 5, 0, 1, 0, 0, 0, 0, 4, 0, 0, 0, 50, 5, 0, 0, 0, 0, 5, 0, 0, 0, 0, 0, 0, 0, 0, 2, 1, 2, 3, 2, 0, 5, 4, 0, 2, 0, 0, 2, 0, 1, 0, 0, 5, 0, 0, 0, 0, 0, 0, 0, 0, 0, 0, 0, 0, 0, 0, 0, 1, 0, 2, 0, 0, 51, 0, 1, 3, 0, 0, 5, 0, 0, 0, 0, 0, 0, 53, 50, 5, 0, 50, 4, 0, 0, 0, 0, 0, 51, 3, 3, 0, 0, 2, 5, 0, 0, 0, 0, 0, 0, 2, 53, 0, 0, 0, 8, 0, 4, 0, 0, 0, 0, 0, 0, 1, 52, 0, 0, 0, 0, 0, 2, 0, 0, 4, 5, : 1, 4, 4, 3, 2, 1, 2, 2, 5, 1, 1, 1, 4, 2, 4, 1, 1, 5, 4, 4, 4, 2, 50, 1, 5, 1, 5, 3, 5, 1, 4, 50, 5, 5, 2, 1, 2, 3, 2, 5, 4, 2, 2, 1, 5, 1, 2, 51, 1, 3, 5, 53, 50, 5, 50, 4, 51, 3, 3, 2, 5, 2, 53, 8, 4, 1, 52, 2, 4, 5, 
100: 3, 3, 1, 3, 0, 0, 0, 0, 0, 3, 0, 4, 0, 0, 0, 0, 0, 0, 0, 0, 0, 5, 0, 0, 2, 0, 1, 0, 0, 0, 52, 0, 5, 50, 1, 0, 0, 0, 0, 0, 0, 5, 0, 1, 1, 2, 5, 3, 0, 50, 50, 0, 0, 0, 0, 0, 4, 0, 3, 0, 0, 0, 0, 4, 4, 1, 2, 0, 0, 0, 3, 0, 0, 1, 5, 4, 0, 0, 0, 0, 0, 0, 5, 51, 4, 0, 51, 53, 0, 0, 3, 0, 0, 0, 1, 0, 0, 0, 5, 0, 2, 6, 52, 3, 0, 1, 3, 0, 0, 0, 0, 5, 0, 3, 2, 54, 2, 0, 0, 55, 0, 0, 0, 0, 0, 1, 55, 0, 0, 0, 5, 0, 3, 2, 0, 2, 0, 0, 0, 3, 2, 0, 54, 1, 0, 0, 55, 0, 0, 0, 0, 0, 5, 0, 0, 2, 0, 0, 0, 0, 1, 0, 0, 3, 0, 0, 0, 4, 0, 0, 0, 0, 0, 0, 3, 0, 52, 0, 0, 5, 54, 2, 0, 0, 0, 5, 0, 0, 0, 3, 0, 0, 4, 1, 0, 5, 0, 0, 1, 3, : 3, 3, 1, 3, 3, 4, 5, 2, 1, 52, 5, 50, 1, 5, 1, 1, 2, 5, 3, 50, 50, 4, 3, 4, 4, 1, 2, 3, 1, 5, 4, 5, 51, 4, 51, 53, 3, 1, 5, 2, 6, 52, 3, 1, 3, 5, 3, 2, 54, 2, 55, 1, 55, 5, 3, 2, 2, 3, 2, 54, 1, 55, 5, 2, 1, 3, 4, 3, 52, 5, 54, 2, 5, 3, 4, 1, 5, 1, 3, 
7: 5, 4, 3, 4, 0, 0, 0, 0, 0, 0, 0, 3, 0, 0, 0, 0, 2, 51, 0, 0, 1, 3, 2, 0, 0, 0, 1, 0, 0, 0, 0, 0, 4, 0, 53, 0, 0, 4, 0, 2, 4, 2, 0, 4, 0, 1, 1, 5, 0, 0, 0, 0, 0, 0, 51, 0, 7, 0, 1, 1, 0, 0, 0, 0, 1, 4, 3, 1, 1, 2, 0, 0, 0, 3, 1, 2, 0, 0, 0, 0, 4, 0, 0, 0, 0, 0, 0, 0, 0, 0, 5, 0, 0, 0, 0, 1, 0, 0, 0, 0, 1, 4, 0, 4, 0, 5, 0, 4, 53, 1, 0, 1, 0, 1, 0, 0, 2, 0, 0, 0, 2, 1, 0, 0, 0, 0, 0, 0, 0, 0, 0, 0, 5, 50, 0, 0, 0, 0, 0, 5, 2, 0, 0, 3, 0, 1, 0, 0, 0, 0, 0, 0, 3, 0, 1, 1, 0, 0, 0, 0, 0, 0, 1, 2, 0, 0, 0, 2, 2, 0, 0, 2, 3, 0, 5, 0, 0, 0, 0, 1, 0, 5, 0, 2, 0, 1, 50, 0, 5, 0, 0, 0, 0, 0, 0, 5, 0, 52, 0, 2, : 5, 4, 3, 4, 3, 2, 51, 1, 3, 2, 1, 4, 53, 4, 2, 4, 2, 4, 1, 1, 5, 51, 7, 1, 1, 1, 4, 3, 1, 1, 2, 3, 1, 2, 4, 5, 1, 1, 4, 4, 5, 4, 53, 1, 1, 1, 2, 2, 1, 5, 50, 5, 2, 3, 1, 3, 1, 1, 1, 2, 2, 2, 2, 3, 5, 1, 5, 2, 1, 50, 5, 5, 52, 2, 
84: 5, 4, 1, 5, 0, 0, 51, 0, 3, 0, 0, 5, 0, 0, 3, 0, 0, 0, 0, 0, 5, 5, 0, 0, 0, 0, 0, 0, 0, 0, 0, 0, 5, 4, 0, 2, 0, 5, 53, 3, 5, 3, 51, 3, 0, 4, 1, 5, 0, 0, 4, 0, 4, 0, 0, 0, 1, 0, 2, 0, 0, 0, 0, 53, 4, 3, 4, 0, 0, 0, 0, 0, 0, 4, 0, 4, 0, 0, 2, 0, 3, 0, 0, 0, 0, 0, 0, 0, 4, 1, 2, 51, 0, 0, 0, 0, 0, 0, 50, 0, 1, 1, 0, 2, 2, 2, 5, 0, 1, 0, 0, 3, 0, 5, 0, 0, 3, 0, 0, 0, 0, 1, 1, 2, 1, 54, 0, 0, 0, 0, 0, 0, 4, 0, 0, 0, 0, 0, 0, 4, 3, 0, 0, 1, 1, 0, 0, 0, 0, 0, 3, 0, 5, 4, 0, 2, 0, 0, 0, 0, 0, 2, 0, 3, 5, 0, 3, 3, 0, 0, 0, 2, 0, 4, 1, 0, 0, 0, 0, 2, 2, 3, 0, 0, 0, 52, 1, 0, 0, 3, 0, 1, 0, 0, 0, 5, 50, 0, 0, 1, : 5, 4, 1, 5, 51, 3, 5, 3, 5, 5, 5, 4, 2, 5, 53, 3, 5, 3, 51, 3, 4, 1, 5, 4, 4, 1, 2, 53, 4, 3, 4, 4, 4, 2, 3, 4, 1, 2, 51, 50, 1, 1, 2, 2, 2, 5, 1, 3, 5, 3, 1, 1, 2, 1, 54, 4, 4, 3, 1, 1, 3, 5, 4, 2, 2, 3, 5, 3, 3, 2, 4, 1, 2, 2, 3, 52, 1, 3, 1, 5, 50, 1, 
38: 5, 2, 5, 3, 0, 0, 0, 0, 0, 0, 3, 5, 0, 0, 0, 52, 0, 0, 0, 0, 0, 4, 0, 0, 0, 0, 5, 0, 0, 0, 0, 0, 3, 2, 0, 0, 0, 0, 0, 2, 0, 3, 0, 9, 0, 3, 2, 5, 0, 0, 0, 0, 0, 1, 0, 0, 1, 0, 5, 5, 2, 54, 0, 0, 4, 9, 1, 0, 0, 51, 0, 0, 2, 4, 0, 3, 0, 0, 0, 0, 2, 0, 0, 0, 4, 0, 0, 0, 0, 0, 4, 0, 0, 0, 0, 0, 0, 0, 0, 51, 4, 2, 0, 4, 0, 5, 4, 0, 0, 0, 0, 5, 4, 5, 0, 0, 2, 0, 0, 0, 0, 2, 4, 5, 0, 5, 0, 3, 0, 0, 0, 0, 4, 0, 0, 2, 0, 0, 0, 1, 5, 54, 0, 1, 51, 0, 0, 51, 0, 0, 0, 0, 4, 2, 4, 4, 0, 0, 1, 0, 0, 0, 4, 0, 5, 0, 0, 3, 1, 0, 0, 0, 0, 1, 4, 0, 0, 3, 0, 3, 0, 2, 0, 3, 0, 0, 0, 0, 0, 0, 0, 1, 0, 50, 0, 2, 0, 0, 0, 5, : 5, 2, 5, 3, 3, 5, 52, 4, 5, 3, 2, 2, 3, 9, 3, 2, 5, 1, 1, 5, 5, 2, 54, 4, 9, 1, 51, 2, 4, 3, 2, 4, 4, 51, 4, 2, 4, 5, 4, 5, 4, 5, 2, 2, 4, 5, 5, 3, 4, 2, 1, 5, 54, 1, 51, 51, 4, 2, 4, 4, 1, 4, 5, 3, 1, 1, 4, 3, 3, 2, 3, 1, 50, 2, 5, 
83: 1, 4, 4, 5, 0, 0, 0, 0, 0, 0, 0, 0, 0, 0, 0, 0, 1, 0, 1, 0, 0, 1, 0, 0, 0, 0, 5, 0, 0, 0, 2, 1, 1, 0, 0, 0, 0, 0, 0, 0, 5, 6, 4, 3, 0, 4, 3, 2, 0, 0, 0, 0, 5, 0, 0, 0, 2, 55, 1, 0, 0, 0, 0, 0, 5, 3, 4, 0, 0, 2, 0, 50, 53, 4, 52, 2, 0, 0, 0, 53, 4, 1, 0, 0, 0, 0, 0, 0, 0, 5, 4, 0, 0, 0, 0, 0, 4, 0, 1, 0, 5, 1, 0, 1, 0, 0, 2, 0, 0, 0, 0, 3, 0, 4, 54, 0, 0, 0, 0, 0, 0, 0, 0, 0, 0, 0, 0, 0, 4, 0, 0, 0, 2, 0, 0, 0, 0, 0, 0, 4, 1, 0, 0, 4, 0, 0, 1, 0, 0, 0, 2, 0, 1, 50, 0, 4, 0, 0, 0, 0, 0, 0, 0, 3, 0, 0, 0, 1, 0, 0, 0, 0, 1, 3, 2, 0, 0, 0, 3, 2, 0, 4, 0, 0, 55, 1, 0, 50, 0, 0, 0, 0, 3, 0, 0, 3, 0, 0, 0, 1, : 1, 4, 4, 5, 1, 1, 1, 5, 2, 1, 1, 5, 6, 4, 3, 4, 3, 2, 5, 2, 55, 1, 5, 3, 4, 2, 50, 53, 4, 52, 2, 53, 4, 1, 5, 4, 4, 1, 5, 1, 1, 2, 3, 4, 54, 4, 2, 4, 1, 4, 1, 2, 1, 50, 4, 3, 1, 1, 3, 2, 3, 2, 4, 55, 1, 50, 3, 3, 1, 
4: 5, 5, 5, 2, 0, 0, 1, 0, 0, 3, 2, 4, 0, 0, 2, 0, 0, 0, 50, 0, 0, 6, 1, 0, 0, 0, 5, 0, 0, 0, 4, 0, 5, 0, 0, 0, 1, 0, 3, 0, 1, 1, 0, 2, 0, 5, 3, 1, 5, 0, 0, 0, 0, 0, 0, 0, 3, 0, 3, 0, 0, 0, 0, 0, 2, 1, 5, 51, 3, 0, 55, 1, 0, 3, 0, 4, 0, 2, 0, 1, 1, 0, 0, 5, 0, 0, 0, 0, 0, 0, 5, 0, 0, 0, 0, 54, 0, 0, 0, 0, 4, 5, 0, 4, 0, 3, 5, 0, 0, 0, 4, 1, 2, 4, 0, 1, 5, 1, 2, 0, 0, 0, 0, 0, 0, 0, 0, 0, 0, 2, 0, 0, 2, 5, 0, 0, 0, 0, 0, 5, 5, 0, 0, 5, 0, 0, 1, 0, 4, 0, 0, 4, 1, 0, 0, 5, 0, 0, 0, 0, 0, 0, 1, 3, 0, 2, 51, 5, 0, 0, 0, 3, 0, 2, 1, 0, 3, 0, 5, 5, 0, 2, 0, 0, 0, 1, 0, 4, 50, 0, 50, 0, 0, 1, 52, 3, 1, 0, 0, 3, : 5, 5, 5, 2, 1, 3, 2, 4, 2, 50, 6, 1, 5, 4, 5, 1, 3, 1, 1, 2, 5, 3, 1, 5, 3, 3, 2, 1, 5, 51, 3, 55, 1, 3, 4, 2, 1, 1, 5, 5, 54, 4, 5, 4, 3, 5, 4, 1, 2, 4, 1, 5, 1, 2, 2, 2, 5, 5, 5, 5, 1, 4, 4, 1, 5, 1, 3, 2, 51, 5, 3, 2, 1, 3, 5, 5, 2, 1, 4, 50, 50, 1, 52, 3, 1, 3, 
17: 0, 4, 2, 5, 0, 53, 0, 1, 1, 0, 0, 5, 0, 0, 0, 0, 0, 0, 0, 0, 0, 1, 0, 0, 0, 0, 3, 0, 0, 0, 0, 0, 2, 0, 0, 0, 0, 0, 4, 50, 1, 5, 0, 1, 0, 1, 1, 3, 0, 0, 0, 54, 0, 0, 1, 0, 5, 0, 5, 0, 0, 0, 0, 0, 1, 3, 4, 0, 0, 0, 0, 0, 0, 2, 1, 5, 0, 0, 0, 4, 5, 0, 0, 0, 0, 0, 0, 0, 0, 0, 2, 5, 5, 0, 0, 0, 0, 0, 0, 5, 5, 4, 0, 5, 0, 5, 5, 51, 0, 0, 0, 2, 0, 3, 0, 0, 2, 0, 0, 1, 51, 0, 0, 0, 0, 0, 0, 0, 0, 0, 0, 0, 1, 0, 1, 1, 0, 0, 1, 4, 1, 2, 3, 1, 0, 0, 0, 0, 0, 0, 0, 0, 4, 0, 0, 5, 0, 0, 0, 3, 0, 1, 0, 3, 0, 0, 0, 1, 0, 55, 0, 0, 51, 0, 5, 0, 0, 4, 0, 2, 0, 1, 51, 0, 0, 0, 0, 0, 0, 0, 1, 0, 0, 0, 3, 0, 0, 0, 0, 1, : 4, 2, 5, 53, 1, 1, 5, 1, 3, 2, 4, 50, 1, 5, 1, 1, 1, 3, 54, 1, 5, 5, 1, 3, 4, 2, 1, 5, 4, 5, 2, 5, 5, 5, 5, 4, 5, 5, 5, 51, 2, 3, 2, 1, 51, 1, 1, 1, 1, 4, 1, 2, 3, 1, 4, 5, 3, 1, 3, 1, 55, 51, 5, 4, 2, 1, 51, 1, 3, 1, 
15: 5, 1, 4, 1, 0, 0, 1, 0, 0, 0, 0, 3, 4, 0, 0, 0, 0, 0, 0, 0, 0, 3, 50, 3, 0, 0, 5, 0, 51, 5, 0, 0, 2, 1, 0, 2, 0, 0, 0, 0, 1, 2, 0, 3, 0, 1, 5, 3, 0, 0, 0, 4, 0, 0, 0, 2, 2, 0, 2, 0, 1, 3, 0, 0, 4, 3, 3, 0, 0, 0, 0, 2, 3, 1, 0, 5, 0, 0, 5, 2, 4, 0, 0, 0, 1, 0, 0, 0, 0, 0, 2, 3, 0, 0, 4, 0, 0, 0, 1, 0, 1, 1, 0, 3, 0, 5, 2, 0, 0, 0, 0, 1, 0, 2, 0, 0, 5, 1, 1, 0, 0, 2, 0, 0, 3, 0, 1, 0, 0, 2, 0, 3, 5, 2, 0, 0, 0, 1, 0, 5, 5, 0, 1, 4, 0, 1, 0, 0, 0, 0, 0, 1, 1, 0, 0, 5, 0, 0, 0, 0, 0, 0, 0, 4, 0, 0, 0, 1, 0, 0, 0, 0, 0, 0, 4, 0, 0, 0, 0, 2, 0, 5, 3, 0, 0, 0, 0, 1, 0, 0, 0, 0, 0, 0, 0, 0, 0, 0, 0, 4, : 5, 1, 4, 1, 1, 3, 4, 3, 50, 3, 5, 51, 5, 2, 1, 2, 1, 2, 3, 1, 5, 3, 4, 2, 2, 2, 1, 3, 4, 3, 3, 2, 3, 1, 5, 5, 2, 4, 1, 2, 3, 4, 1, 1, 1, 3, 5, 2, 1, 2, 5, 1, 1, 2, 3, 1, 2, 3, 5, 2, 1, 5, 5, 1, 4, 1, 1, 1, 5, 4, 1, 4, 2, 5, 3, 1, 4, 
94: 1, 2, 4, 2, 5, 0, 0, 0, 0, 0, 0, 0, 0, 0, 0, 0, 0, 0, 0, 0, 0, 3, 0, 0, 54, 0, 2, 0, 1, 0, 0, 0, 2, 0, 0, 0, 0, 0, 0, 0, 2, 3, 2, 4, 0, 1, 4, 4, 50, 2, 0, 0, 0, 0, 0, 0, 1, 0, 5, 0, 0, 1, 0, 0, 4, 5, 2, 0, 1, 0, 0, 0, 0, 1, 0, 1, 0, 0, 0, 0, 2, 0, 0, 0, 0, 0, 1, 0, 3, 0, 3, 0, 0, 0, 0, 0, 0, 0, 0, 0, 2, 2, 5, 2, 1, 3, 0, 0, 0, 5, 0, 3, 0, 3, 0, 3, 0, 1, 0, 0, 0, 0, 0, 0, 0, 0, 0, 0, 0, 50, 0, 2, 4, 0, 0, 0, 3, 0, 3, 5, 3, 0, 1, 3, 2, 0, 0, 4, 0, 4, 0, 0, 5, 0, 0, 3, 3, 0, 0, 0, 0, 2, 1, 3, 50, 0, 0, 4, 0, 0, 3, 0, 0, 0, 4, 0, 0, 0, 0, 5, 0, 5, 5, 0, 5, 0, 0, 0, 3, 0, 0, 0, 0, 0, 1, 1, 0, 0, 0, 3, : 1, 2, 4, 2, 5, 3, 54, 2, 1, 2, 2, 3, 2, 4, 1, 4, 4, 50, 2, 1, 5, 1, 4, 5, 2, 1, 1, 1, 2, 1, 3, 3, 2, 2, 5, 2, 1, 3, 5, 3, 3, 3, 1, 50, 2, 4, 3, 3, 5, 3, 1, 3, 2, 4, 4, 5, 3, 3, 2, 1, 3, 50, 4, 3, 4, 5, 5, 5, 5, 3, 1, 1, 3, 
3: 1, 4, 3, 2, 0, 1, 0, 0, 0, 0, 0, 4, 53, 3, 0, 0, 4, 0, 4, 0, 0, 1, 3, 51, 0, 0, 0, 0, 0, 53, 0, 0, 4, 0, 2, 0, 0, 0, 0, 0, 3, 5, 0, 3, 0, 1, 1, 5, 0, 0, 0, 0, 1, 0, 0, 1, 3, 0, 4, 0, 3, 0, 0, 0, 1, 1, 2, 0, 0, 5, 0, 0, 0, 2, 0, 4, 0, 0, 0, 0, 0, 0, 0, 0, 0, 51, 0, 0, 0, 2, 1, 0, 0, 0, 0, 0, 53, 0, 0, 0, 5, 3, 0, 4, 0, 1, 5, 0, 1, 0, 0, 2, 0, 4, 2, 0, 5, 0, 5, 0, 0, 0, 0, 0, 52, 0, 4, 55, 0, 0, 0, 0, 2, 0, 0, 0, 0, 1, 0, 4, 4, 0, 0, 2, 2, 0, 0, 0, 0, 4, 0, 0, 3, 1, 0, 3, 0, 0, 0, 0, 3, 0, 0, 5, 0, 2, 0, 4, 0, 1, 0, 0, 3, 0, 3, 5, 0, 0, 0, 2, 0, 4, 0, 0, 0, 0, 5, 0, 0, 0, 0, 50, 0, 3, 0, 2, 0, 0, 0, 5, : 1, 4, 3, 2, 1, 4, 53, 3, 4, 4, 1, 3, 51, 53, 4, 2, 3, 5, 3, 1, 1, 5, 1, 1, 3, 4, 3, 1, 1, 2, 5, 2, 4, 51, 2, 1, 53, 5, 3, 4, 1, 5, 1, 2, 4, 2, 5, 5, 52, 4, 55, 2, 1, 4, 4, 2, 2, 4, 3, 1, 3, 3, 5, 2, 4, 1, 3, 3, 5, 2, 4, 5, 50, 3, 2, 5, 
59: 4, 2, 1, 5, 0, 2, 0, 0, 2, 0, 0, 0, 3, 0, 0, 0, 0, 1, 0, 0, 0, 5, 0, 0, 0, 2, 5, 5, 0, 0, 2, 1, 2, 0, 0, 0, 0, 0, 0, 1, 5, 2, 0, 3, 0, 2, 4, 0, 0, 0, 0, 0, 0, 0, 0, 0, 4, 0, 4, 0, 0, 0, 0, 0, 2, 2, 2, 0, 1, 0, 0, 0, 1, 1, 0, 5, 1, 0, 53, 0, 5, 52, 0, 0, 1, 0, 5, 0, 0, 1, 1, 0, 0, 0, 0, 0, 0, 0, 0, 0, 1, 1, 0, 2, 2, 5, 1, 3, 0, 0, 2, 2, 0, 1, 0, 2, 3, 0, 0, 0, 0, 0, 0, 0, 0, 0, 0, 0, 3, 0, 0, 0, 5, 0, 0, 0, 2, 0, 0, 5, 1, 0, 0, 4, 0, 55, 0, 0, 0, 0, 0, 0, 3, 0, 0, 2, 0, 0, 0, 0, 0, 0, 0, 3, 0, 0, 0, 4, 52, 0, 0, 0, 0, 0, 2, 0, 0, 0, 1, 1, 3, 2, 0, 52, 0, 0, 0, 3, 0, 0, 3, 0, 0, 0, 2, 1, 3, 0, 0, 4, : 4, 2, 1, 5, 2, 2, 3, 1, 5, 2, 5, 5, 2, 1, 2, 1, 5, 2, 3, 2, 4, 4, 4, 2, 2, 2, 1, 1, 1, 5, 1, 53, 5, 52, 1, 5, 1, 1, 1, 1, 2, 2, 5, 1, 3, 2, 2, 1, 2, 3, 3, 5, 2, 5, 1, 4, 55, 3, 2, 3, 4, 52, 2, 1, 1, 3, 2, 52, 3, 3, 2, 1, 3, 4, 


63: 5, 1, 1, 1, 0, 0, 5, 0, 0, 2, 5, 0, 1, 0, 0, 0, 2, 0, 0, 0, 5, 4, 0, 0, 4, 0, 2, 7, 6, 0, 0, 0, 3, 0, 3, 0, 1, 0, 0, 5, 5, 0, 1, 0, 4, 0, 0, 0, 0, 0, 0, 0, 0, 0, 0, 0, 0, 0, 54, 0, 3, 0, 5, 5, 0, 4, 0, 4, 0, 0, 0, 0, 0, 0, 0, 0, 0, 3, 0, 0, 0, 0, 0, 1, 0, 4, 2, 3, 54, 0, 0, 1, 0, 0, 0, 0, 5, 0, 0, 1, 0, 0, 0, 1, 0, 0, 1, 5, 0, 1, 4, 0, 0, 1, 0, 0, 2, 2, 0, 0, 0, 0, 0, 1, 1, 0, 0, 0, 0, 0, 53, 0, 3, 0, 2, 0, 0, 0, 0, 1, 1, 52, 0, 3, 4, 4, 4, 0, 0, 0, 0, 0, 2, 0, 0, 54, 1, 3, 5, 0, 0, 4, 4, 2, 0, 2, 0, 0, 1, 0, 0, 0, 0, 0, 0, 0, 1, 0, 0, 0, 0, 0, 0, 0, 0, 0, 0, 0, 4, 2, 4, 0, 0, 3, 2, 0, 0, 0, 1, 0, : 5, 1, 1, 1, 5, 2, 5, 1, 2, 5, 4, 4, 2, 7, 6, 3, 3, 1, 5, 5, 1, 4, 54, 3, 5, 5, 4, 4, 3, 1, 4, 2, 3, 54, 1, 5, 1, 1, 1, 5, 1, 4, 1, 2, 2, 1, 1, 53, 3, 2, 1, 1, 52, 3, 4, 4, 4, 2, 54, 1, 3, 5, 4, 4, 2, 2, 1, 1, 4, 2, 4, 3, 2, 1, 
6: 5, 3, 1, 0, 5, 0, 2, 0, 2, 0, 5, 0, 5, 0, 0, 0, 5, 0, 0, 0, 3, 0, 50, 51, 1, 53, 5, 3, 3, 1, 51, 0, 0, 0, 1, 0, 0, 0, 0, 5, 0, 0, 0, 2, 5, 0, 0, 0, 3, 0, 55, 0, 0, 0, 0, 55, 0, 0, 0, 0, 4, 0, 0, 0, 51, 1, 0, 5, 0, 0, 1, 54, 0, 0, 0, 0, 0, 0, 0, 0, 55, 0, 0, 54, 0, 3, 5, 1, 0, 5, 0, 4, 0, 0, 0, 1, 3, 0, 0, 0, 0, 0, 0, 0, 1, 0, 2, 4, 1, 54, 4, 0, 2, 50, 0, 0, 4, 5, 0, 0, 0, 0, 0, 1, 0, 0, 0, 0, 0, 0, 0, 0, 4, 0, 5, 2, 0, 5, 0, 0, 3, 0, 1, 5, 3, 1, 3, 0, 0, 1, 0, 0, 0, 0, 0, 0, 3, 1, 0, 51, 0, 4, 0, 1, 0, 4, 0, 0, 52, 0, 0, 0, 4, 0, 0, 0, 1, 0, 0, 0, 0, 0, 0, 0, 0, 0, 0, 2, 0, 0, 4, 0, 0, 0, 0, 0, 0, 0, 0, 0, : 5, 3, 1, 5, 2, 2, 5, 5, 5, 3, 50, 51, 1, 53, 5, 3, 3, 1, 51, 1, 5, 2, 5, 3, 55, 55, 4, 51, 1, 5, 1, 54, 55, 54, 3, 5, 1, 5, 4, 1, 3, 1, 2, 4, 1, 54, 4, 2, 50, 4, 5, 1, 4, 5, 2, 5, 3, 1, 5, 3, 1, 3, 1, 3, 1, 51, 4, 1, 4, 52, 4, 1, 2, 4, 
67: 3, 5, 1, 0, 51, 0, 1, 0, 0, 0, 4, 0, 0, 2, 3, 0, 3, 1, 1, 0, 0, 0, 3, 0, 0, 0, 1, 1, 6, 2, 0, 0, 0, 2, 4, 2, 0, 0, 0, 1, 0, 55, 0, 53, 1, 0, 3, 0, 0, 0, 0, 0, 0, 52, 0, 0, 0, 0, 0, 0, 4, 50, 2, 0, 0, 2, 5, 4, 0, 4, 0, 1, 0, 0, 0, 0, 0, 0, 0, 0, 0, 0, 2, 0, 0, 1, 4, 3, 0, 0, 0, 4, 2, 1, 0, 0, 3, 0, 0, 0, 0, 0, 0, 0, 0, 5, 4, 2, 0, 0, 2, 5, 0, 0, 0, 0, 5, 52, 1, 0, 0, 2, 0, 5, 0, 0, 0, 1, 0, 0, 0, 2, 1, 2, 2, 0, 0, 5, 0, 55, 3, 0, 0, 5, 1, 5, 1, 0, 0, 0, 0, 52, 0, 0, 0, 0, 0, 0, 0, 0, 0, 4, 0, 2, 0, 5, 1, 0, 0, 0, 0, 1, 50, 0, 0, 0, 5, 0, 0, 53, 0, 1, 0, 0, 2, 1, 0, 0, 4, 0, 3, 1, 3, 55, 0, 0, 3, 4, 3, 0, : 3, 5, 1, 51, 1, 4, 2, 3, 3, 1, 1, 3, 1, 1, 6, 2, 2, 4, 2, 1, 55, 53, 1, 3, 52, 4, 50, 2, 2, 5, 4, 4, 1, 2, 1, 4, 3, 4, 2, 1, 3, 5, 4, 2, 2, 5, 5, 52, 1, 2, 5, 1, 2, 1, 2, 2, 5, 55, 3, 5, 1, 5, 1, 52, 4, 2, 5, 1, 1, 50, 5, 53, 1, 2, 1, 4, 3, 1, 3, 55, 3, 4, 3, 
48: 4, 3, 5, 0, 0, 4, 4, 0, 0, 0, 4, 3, 0, 0, 0, 1, 2, 0, 0, 0, 2, 0, 1, 0, 0, 0, 2, 3, 1, 0, 3, 0, 0, 0, 3, 0, 0, 4, 0, 3, 0, 0, 0, 0, 5, 0, 0, 0, 0, 0, 0, 0, 1, 0, 0, 0, 5, 0, 0, 3, 3, 0, 3, 0, 0, 0, 0, 3, 4, 0, 0, 0, 0, 0, 52, 2, 0, 0, 0, 0, 0, 0, 0, 0, 0, 4, 2, 5, 0, 3, 0, 4, 0, 1, 0, 0, 2, 0, 0, 0, 0, 0, 3, 0, 0, 0, 2, 1, 50, 0, 4, 0, 0, 1, 0, 0, 2, 0, 0, 0, 0, 0, 0, 2, 0, 1, 0, 0, 0, 0, 0, 0, 1, 0, 3, 0, 1, 5, 4, 3, 5, 0, 0, 4, 4, 3, 5, 0, 1, 0, 0, 0, 0, 0, 0, 0, 0, 0, 0, 0, 0, 1, 0, 0, 0, 4, 55, 3, 0, 55, 0, 0, 0, 0, 0, 4, 4, 0, 0, 0, 0, 2, 0, 0, 0, 0, 0, 0, 2, 0, 3, 0, 0, 0, 2, 0, 0, 0, 0, 0, : 4, 3, 5, 4, 4, 4, 3, 1, 2, 2, 1, 2, 3, 1, 3, 3, 4, 3, 5, 1, 5, 3, 3, 3, 3, 4, 52, 2, 4, 2, 5, 3, 4, 1, 2, 3, 2, 1, 50, 4, 1, 2, 2, 1, 1, 3, 1, 5, 4, 3, 5, 4, 4, 3, 5, 1, 1, 4, 55, 3, 55, 4, 4, 2, 2, 3, 2, 
32: 2, 4, 3, 1, 1, 0, 2, 2, 1, 0, 2, 0, 0, 0, 0, 1, 1, 0, 0, 0, 5, 0, 0, 0, 0, 0, 5, 3, 4, 0, 0, 0, 0, 0, 2, 0, 0, 0, 0, 6, 0, 0, 0, 0, 1, 0, 0, 3, 4, 0, 0, 0, 0, 0, 0, 0, 0, 3, 0, 0, 2, 0, 2, 52, 2, 0, 2, 4, 54, 0, 0, 0, 5, 0, 0, 4, 0, 0, 5, 0, 0, 2, 0, 0, 5, 4, 4, 3, 0, 0, 0, 2, 0, 0, 0, 0, 8, 0, 0, 0, 51, 0, 1, 0, 0, 0, 2, 3, 1, 1, 3, 0, 0, 0, 54, 0, 1, 0, 4, 3, 0, 3, 0, 3, 0, 50, 0, 0, 0, 0, 0, 0, 5, 0, 4, 0, 0, 3, 0, 0, 2, 2, 0, 2, 3, 4, 5, 0, 0, 0, 0, 0, 0, 0, 0, 0, 2, 0, 0, 5, 0, 7, 54, 5, 0, 2, 0, 0, 0, 2, 0, 2, 0, 0, 3, 0, 3, 0, 0, 0, 0, 0, 55, 50, 0, 4, 0, 0, 5, 0, 5, 1, 0, 0, 0, 1, 0, 0, 0, 0, : 2, 4, 3, 1, 1, 2, 2, 1, 2, 1, 1, 5, 5, 3, 4, 2, 6, 1, 3, 4, 3, 2, 2, 52, 2, 2, 4, 54, 5, 4, 5, 2, 5, 4, 4, 3, 2, 8, 51, 1, 2, 3, 1, 1, 3, 54, 1, 4, 3, 3, 3, 50, 5, 4, 3, 2, 2, 2, 3, 4, 5, 2, 5, 7, 54, 5, 2, 2, 2, 3, 3, 55, 50, 4, 5, 5, 1, 1, 
69: 2, 3, 3, 0, 0, 0, 4, 0, 0, 4, 1, 0, 0, 0, 0, 0, 2, 0, 4, 0, 1, 52, 0, 0, 0, 0, 1, 4, 2, 5, 0, 0, 0, 1, 2, 0, 5, 0, 0, 1, 0, 0, 55, 0, 5, 3, 2, 0, 0, 0, 0, 0, 0, 2, 0, 0, 0, 0, 0, 1, 5, 0, 5, 0, 0, 0, 0, 0, 0, 0, 0, 0, 0, 0, 0, 0, 4, 0, 0, 2, 0, 53, 0, 0, 0, 3, 1, 4, 0, 0, 0, 2, 0, 0, 0, 0, 2, 0, 0, 0, 0, 5, 0, 0, 0, 0, 2, 3, 1, 0, 1, 53, 0, 0, 0, 0, 1, 0, 0, 0, 0, 0, 0, 2, 0, 0, 3, 0, 0, 2, 0, 0, 2, 0, 4, 53, 3, 3, 54, 0, 5, 0, 4, 3, 3, 3, 2, 0, 1, 0, 0, 0, 0, 0, 0, 1, 0, 0, 0, 0, 1, 1, 0, 2, 0, 3, 0, 0, 0, 0, 0, 5, 0, 0, 0, 0, 5, 0, 0, 0, 0, 0, 0, 0, 0, 1, 0, 0, 3, 0, 3, 53, 0, 0, 0, 0, 0, 0, 0, 3, : 2, 3, 3, 4, 4, 1, 2, 4, 1, 52, 1, 4, 2, 5, 1, 2, 5, 1, 55, 5, 3, 2, 2, 1, 5, 5, 4, 2, 53, 3, 1, 4, 2, 2, 5, 2, 3, 1, 1, 53, 1, 2, 3, 2, 2, 4, 53, 3, 3, 54, 5, 4, 3, 3, 3, 2, 1, 1, 1, 1, 2, 3, 5, 5, 1, 3, 3, 53, 3, 
40: 2, 5, 4, 0, 0, 0, 4, 3, 0, 0, 3, 0, 2, 0, 0, 0, 4, 0, 0, 0, 5, 0, 0, 0, 0, 0, 1, 2, 2, 0, 0, 0, 0, 2, 1, 0, 2, 1, 0, 2, 0, 0, 0, 0, 4, 0, 0, 0, 51, 50, 3, 0, 0, 0, 50, 0, 1, 1, 0, 5, 0, 1, 3, 0, 0, 0, 0, 2, 0, 0, 0, 0, 0, 0, 0, 0, 2, 0, 0, 0, 0, 0, 0, 0, 0, 2, 2, 6, 0, 0, 0, 3, 0, 0, 2, 0, 5, 1, 0, 0, 0, 0, 0, 0, 0, 0, 3, 4, 0, 0, 4, 0, 0, 0, 0, 5, 4, 0, 0, 0, 0, 0, 0, 4, 0, 1, 0, 0, 0, 0, 0, 0, 3, 0, 3, 0, 0, 1, 0, 0, 5, 0, 0, 5, 5, 1, 4, 0, 3, 0, 0, 0, 0, 0, 0, 0, 0, 0, 1, 0, 0, 4, 0, 2, 3, 5, 3, 0, 0, 0, 0, 0, 0, 0, 1, 0, 3, 0, 55, 1, 0, 0, 3, 0, 0, 0, 0, 0, 1, 5, 1, 0, 0, 0, 0, 0, 0, 1, 0, 0, : 2, 5, 4, 4, 3, 3, 2, 4, 5, 1, 2, 2, 2, 1, 2, 1, 2, 4, 51, 50, 3, 50, 1, 1, 5, 1, 3, 2, 2, 2, 2, 6, 3, 2, 5, 1, 3, 4, 4, 5, 4, 4, 1, 3, 3, 1, 5, 5, 5, 1, 4, 3, 1, 4, 2, 3, 5, 3, 1, 3, 55, 1, 3, 1, 5, 1, 1, 
61: 2, 1, 1, 0, 0, 0, 2, 0, 1, 0, 2, 0, 0, 55, 3, 0, 5, 0, 0, 0, 5, 0, 5, 0, 0, 0, 4, 4, 6, 0, 0, 2, 0, 4, 1, 0, 0, 0, 0, 1, 0, 0, 0, 0, 5, 1, 0, 1, 0, 4, 0, 0, 0, 0, 0, 0, 0, 0, 0, 0, 4, 0, 5, 0, 0, 0, 0, 5, 0, 0, 3, 0, 53, 0, 3, 1, 0, 0, 0, 50, 1, 1, 0, 0, 0, 5, 2, 2, 2, 1, 0, 2, 2, 0, 0, 0, 2, 0, 0, 0, 0, 0, 0, 54, 0, 51, 3, 4, 0, 0, 5, 0, 0, 2, 0, 0, 5, 0, 0, 0, 1, 0, 0, 4, 53, 4, 0, 0, 51, 0, 0, 0, 4, 0, 3, 0, 0, 4, 0, 0, 0, 0, 0, 5, 2, 4, 4, 4, 0, 0, 0, 0, 51, 0, 0, 0, 0, 0, 0, 0, 0, 3, 0, 2, 0, 3, 0, 0, 0, 0, 0, 0, 3, 0, 0, 0, 3, 0, 0, 2, 50, 54, 0, 0, 2, 50, 0, 2, 5, 0, 3, 0, 0, 0, 0, 0, 5, 0, 0, 0, : 2, 1, 1, 2, 1, 2, 55, 3, 5, 5, 5, 4, 4, 6, 2, 4, 1, 1, 5, 1, 1, 4, 4, 5, 5, 3, 53, 3, 1, 50, 1, 1, 5, 2, 2, 2, 1, 2, 2, 2, 54, 51, 3, 4, 5, 2, 5, 1, 4, 53, 4, 51, 4, 3, 4, 5, 2, 4, 4, 4, 51, 3, 2, 3, 3, 3, 2, 50, 54, 2, 50, 2, 5, 3, 5, 
57: 2, 0, 5, 1, 0, 0, 5, 50, 0, 0, 2, 3, 0, 0, 1, 0, 5, 0, 0, 0, 5, 0, 0, 5, 0, 0, 2, 4, 5, 0, 0, 0, 1, 0, 5, 0, 0, 0, 0, 2, 0, 0, 0, 3, 2, 4, 51, 1, 1, 2, 2, 4, 0, 1, 1, 5, 0, 0, 0, 0, 0, 0, 1, 0, 1, 0, 0, 2, 0, 0, 0, 0, 0, 53, 0, 0, 2, 52, 0, 0, 0, 0, 0, 0, 0, 5, 0, 3, 0, 0, 55, 5, 0, 0, 5, 0, 3, 0, 0, 0, 0, 1, 0, 0, 0, 3, 1, 1, 0, 0, 4, 0, 0, 0, 0, 51, 1, 0, 0, 0, 0, 0, 4, 2, 0, 0, 0, 0, 0, 5, 2, 0, 2, 1, 1, 0, 0, 5, 0, 0, 2, 0, 0, 2, 2, 1, 2, 1, 54, 0, 0, 0, 0, 0, 0, 0, 0, 0, 0, 0, 0, 2, 0, 0, 0, 4, 0, 2, 0, 0, 0, 1, 0, 0, 0, 0, 5, 0, 0, 0, 0, 1, 1, 0, 0, 0, 0, 0, 1, 0, 4, 0, 0, 0, 0, 1, 0, 0, 0, 0, : 2, 5, 1, 5, 50, 2, 3, 1, 5, 5, 5, 2, 4, 5, 1, 5, 2, 3, 2, 4, 51, 1, 1, 2, 2, 4, 1, 1, 5, 1, 1, 2, 53, 2, 52, 5, 3, 55, 5, 5, 3, 1, 3, 1, 1, 4, 51, 1, 4, 2, 5, 2, 2, 1, 1, 5, 2, 2, 2, 1, 2, 1, 54, 2, 4, 2, 1, 5, 1, 1, 1, 4, 1, 
82: 4, 2, 3, 1, 0, 0, 3, 0, 0, 0, 3, 0, 0, 2, 0, 5, 4, 0, 0, 0, 1, 0, 0, 0, 0, 0, 4, 1, 3, 51, 1, 0, 0, 0, 5, 0, 0, 0, 53, 1, 0, 0, 0, 0, 2, 0, 0, 0, 0, 0, 0, 0, 0, 0, 5, 0, 0, 0, 0, 0, 2, 0, 2, 3, 0, 0, 0, 1, 1, 0, 0, 0, 0, 2, 0, 50, 0, 3, 0, 2, 3, 0, 0, 5, 0, 3, 5, 3, 0, 0, 0, 5, 0, 50, 0, 1, 3, 0, 5, 5, 0, 0, 0, 0, 0, 1, 1, 5, 0, 0, 4, 0, 0, 0, 0, 0, 4, 0, 0, 0, 0, 0, 0, 3, 0, 0, 3, 51, 1, 0, 2, 5, 3, 0, 1, 0, 0, 5, 0, 0, 3, 0, 54, 4, 4, 4, 4, 0, 0, 0, 5, 1, 1, 54, 0, 0, 4, 0, 0, 2, 0, 1, 1, 5, 0, 3, 0, 0, 0, 0, 0, 0, 0, 4, 0, 0, 4, 51, 0, 0, 0, 2, 0, 0, 0, 0, 0, 0, 5, 0, 5, 0, 0, 0, 0, 0, 50, 0, 0, 1, : 4, 2, 3, 1, 3, 3, 2, 5, 4, 1, 4, 1, 3, 51, 1, 5, 53, 1, 2, 5, 2, 2, 3, 1, 1, 2, 50, 3, 2, 3, 5, 3, 5, 3, 5, 50, 1, 3, 5, 5, 1, 1, 5, 4, 4, 3, 3, 51, 1, 2, 5, 3, 1, 5, 3, 54, 4, 4, 4, 4, 5, 1, 1, 54, 4, 2, 1, 1, 5, 3, 4, 4, 51, 2, 5, 5, 50, 1, 
81: 2, 2, 5, 0, 0, 0, 2, 0, 0, 0, 4, 0, 0, 1, 0, 0, 1, 2, 0, 1, 3, 4, 0, 0, 0, 5, 5, 3, 3, 0, 0, 3, 0, 0, 5, 0, 50, 0, 0, 5, 0, 2, 2, 0, 2, 0, 0, 0, 0, 0, 0, 0, 0, 0, 0, 0, 0, 0, 0, 0, 1, 2, 5, 0, 0, 0, 0, 5, 0, 0, 0, 0, 0, 0, 0, 0, 0, 0, 50, 2, 0, 0, 55, 0, 0, 4, 2, 1, 0, 0, 0, 5, 0, 0, 0, 0, 2, 4, 0, 0, 1, 0, 0, 0, 4, 0, 2, 2, 2, 0, 2, 0, 0, 0, 0, 0, 2, 0, 0, 0, 0, 0, 0, 5, 1, 0, 0, 0, 3, 0, 0, 1, 5, 0, 5, 0, 0, 3, 0, 0, 1, 0, 0, 3, 1, 2, 1, 0, 0, 0, 0, 0, 0, 0, 0, 0, 0, 0, 0, 2, 1, 3, 0, 3, 0, 2, 0, 3, 0, 0, 0, 50, 0, 0, 0, 0, 3, 0, 3, 0, 0, 0, 1, 0, 53, 0, 0, 3, 1, 0, 4, 0, 3, 0, 0, 0, 0, 0, 0, 0, : 2, 2, 5, 2, 4, 1, 1, 2, 1, 3, 4, 5, 5, 3, 3, 3, 5, 50, 5, 2, 2, 2, 1, 2, 5, 5, 50, 2, 55, 4, 2, 1, 5, 2, 4, 1, 4, 2, 2, 2, 2, 2, 5, 1, 3, 1, 5, 5, 3, 1, 3, 1, 2, 1, 2, 1, 3, 3, 2, 3, 50, 3, 3, 1, 53, 3, 1, 4, 3, 
76: 2, 4, 3, 0, 0, 0, 7, 0, 0, 50, 2, 0, 1, 0, 0, 0, 5, 52, 0, 0, 2, 0, 0, 0, 0, 0, 1, 3, 3, 0, 0, 0, 0, 0, 4, 0, 0, 0, 0, 3, 0, 0, 0, 0, 5, 0, 0, 0, 0, 0, 0, 0, 50, 0, 0, 0, 0, 0, 0, 0, 5, 4, 3, 0, 0, 0, 0, 5, 0, 0, 0, 5, 0, 1, 0, 0, 1, 0, 1, 2, 0, 0, 0, 0, 0, 3, 3, 4, 1, 0, 0, 1, 0, 3, 52, 2, 2, 0, 0, 0, 0, 1, 0, 0, 0, 0, 5, 2, 0, 0, 5, 0, 0, 5, 0, 0, 5, 0, 0, 0, 0, 0, 0, 1, 0, 0, 0, 0, 2, 53, 0, 0, 1, 0, 5, 0, 0, 3, 0, 0, 4, 0, 1, 0, 4, 4, 4, 5, 0, 0, 0, 0, 0, 0, 50, 0, 0, 0, 0, 0, 0, 1, 1, 5, 0, 4, 1, 0, 0, 0, 0, 0, 0, 0, 1, 0, 1, 0, 0, 0, 0, 0, 0, 0, 0, 0, 2, 2, 2, 1, 1, 0, 0, 0, 0, 0, 1, 0, 0, 0, : 2, 4, 3, 7, 50, 2, 1, 5, 52, 2, 1, 3, 3, 4, 3, 5, 50, 5, 4, 3, 5, 5, 1, 1, 1, 2, 3, 3, 4, 1, 1, 3, 52, 2, 2, 1, 5, 2, 5, 5, 5, 1, 2, 53, 1, 5, 3, 4, 1, 4, 4, 4, 5, 50, 1, 1, 5, 4, 1, 1, 1, 2, 2, 2, 1, 1, 1, 
80: 2, 4, 1, 1, 0, 0, 2, 0, 0, 0, 4, 0, 0, 0, 0, 2, 2, 0, 0, 0, 3, 0, 0, 0, 0, 0, 4, 6, 2, 1, 0, 55, 0, 0, 1, 5, 0, 0, 0, 2, 0, 0, 2, 0, 2, 1, 1, 55, 0, 0, 0, 0, 4, 4, 1, 0, 0, 0, 0, 0, 2, 0, 3, 0, 0, 0, 0, 4, 0, 0, 0, 0, 0, 0, 0, 0, 0, 2, 0, 0, 0, 0, 0, 0, 55, 2, 3, 1, 0, 0, 0, 5, 1, 0, 0, 2, 1, 0, 0, 0, 0, 50, 0, 0, 1, 0, 4, 3, 0, 0, 0, 0, 0, 0, 0, 0, 4, 0, 51, 0, 0, 0, 0, 3, 0, 0, 0, 0, 0, 0, 0, 0, 3, 0, 2, 0, 51, 1, 0, 0, 3, 2, 0, 2, 4, 1, 3, 0, 0, 5, 0, 0, 0, 0, 0, 0, 0, 0, 0, 0, 4, 3, 0, 4, 0, 4, 0, 0, 1, 0, 0, 0, 0, 53, 0, 0, 5, 4, 0, 0, 0, 0, 0, 3, 1, 3, 4, 51, 0, 0, 3, 0, 0, 0, 0, 53, 0, 0, 0, 3, : 2, 4, 1, 1, 2, 4, 2, 2, 3, 4, 6, 2, 1, 55, 1, 5, 2, 2, 2, 1, 1, 55, 4, 4, 1, 2, 3, 4, 2, 55, 2, 3, 1, 5, 1, 2, 1, 50, 1, 4, 3, 4, 51, 3, 3, 2, 51, 1, 3, 2, 2, 4, 1, 3, 5, 4, 3, 4, 4, 1, 53, 5, 4, 3, 1, 3, 4, 51, 3, 53, 3, 
50: 3, 5, 2, 0, 0, 2, 2, 0, 2, 0, 1, 0, 50, 0, 0, 0, 4, 0, 5, 3, 1, 0, 0, 0, 53, 0, 3, 3, 2, 0, 0, 0, 0, 0, 3, 0, 0, 0, 4, 3, 0, 0, 0, 0, 2, 0, 0, 0, 0, 0, 0, 0, 2, 1, 0, 0, 0, 52, 0, 0, 2, 0, 3, 0, 0, 2, 1, 1, 0, 1, 0, 0, 0, 0, 0, 0, 0, 0, 0, 2, 0, 0, 2, 0, 0, 4, 5, 3, 0, 0, 0, 1, 0, 0, 0, 0, 4, 0, 53, 1, 0, 1, 3, 0, 0, 0, 4, 5, 0, 0, 3, 0, 0, 0, 3, 0, 2, 0, 0, 0, 50, 0, 55, 4, 0, 4, 0, 0, 0, 0, 0, 0, 5, 0, 2, 0, 0, 5, 0, 0, 1, 0, 0, 2, 3, 4, 1, 0, 0, 0, 0, 0, 4, 0, 5, 0, 0, 0, 54, 0, 0, 5, 0, 5, 0, 2, 0, 0, 0, 0, 54, 1, 0, 0, 54, 55, 1, 0, 0, 1, 1, 0, 0, 0, 0, 0, 4, 0, 3, 0, 5, 0, 0, 0, 0, 4, 0, 0, 0, 0, : 3, 5, 2, 2, 2, 2, 1, 50, 4, 5, 3, 1, 53, 3, 3, 2, 3, 4, 3, 2, 2, 1, 52, 2, 3, 2, 1, 1, 1, 2, 2, 4, 5, 3, 1, 4, 53, 1, 1, 3, 4, 5, 3, 3, 2, 50, 55, 4, 4, 5, 2, 5, 1, 2, 3, 4, 1, 4, 5, 54, 5, 5, 2, 54, 1, 54, 55, 1, 1, 1, 4, 3, 5, 4, 
23: 1, 1, 5, 0, 0, 0, 1, 0, 0, 0, 4, 54, 0, 0, 0, 0, 3, 0, 0, 0, 2, 0, 0, 1, 0, 0, 4, 5, 2, 0, 0, 0, 0, 0, 4, 0, 0, 0, 0, 3, 0, 0, 0, 0, 3, 0, 3, 0, 0, 4, 0, 1, 0, 0, 0, 0, 0, 0, 0, 0, 5, 3, 3, 0, 5, 0, 0, 4, 0, 0, 2, 0, 2, 0, 0, 3, 0, 0, 0, 0, 0, 0, 0, 0, 0, 3, 2, 2, 0, 51, 2, 2, 51, 0, 0, 50, 1, 55, 0, 0, 0, 2, 0, 0, 0, 0, 2, 1, 0, 1, 2, 2, 52, 0, 0, 0, 3, 0, 0, 0, 4, 2, 0, 5, 0, 0, 0, 0, 0, 0, 3, 0, 2, 0, 2, 0, 2, 3, 0, 0, 5, 1, 0, 5, 4, 5, 3, 0, 1, 0, 0, 4, 0, 2, 0, 0, 0, 51, 0, 0, 1, 1, 0, 1, 0, 4, 0, 1, 0, 0, 0, 0, 0, 0, 0, 0, 2, 0, 0, 0, 1, 0, 0, 0, 0, 0, 50, 0, 3, 0, 2, 0, 0, 0, 0, 0, 0, 0, 1, 0, : 1, 1, 5, 1, 4, 54, 3, 2, 1, 4, 5, 2, 4, 3, 3, 3, 4, 1, 5, 3, 3, 5, 4, 2, 2, 3, 3, 2, 2, 51, 2, 2, 51, 50, 1, 55, 2, 2, 1, 1, 2, 2, 52, 3, 4, 2, 5, 3, 2, 2, 2, 3, 5, 1, 5, 4, 5, 3, 1, 4, 2, 51, 1, 1, 1, 4, 1, 2, 1, 50, 3, 2, 1, 
47: 5, 5, 2, 50, 0, 53, 2, 3, 51, 0, 3, 0, 0, 0, 0, 0, 1, 0, 0, 1, 4, 0, 0, 0, 0, 2, 5, 1, 1, 0, 5, 0, 0, 0, 4, 0, 0, 0, 3, 4, 0, 0, 0, 0, 1, 0, 0, 0, 0, 0, 0, 4, 3, 0, 0, 0, 0, 3, 1, 50, 2, 0, 5, 0, 0, 0, 0, 3, 0, 0, 52, 0, 0, 3, 0, 0, 51, 0, 0, 0, 0, 2, 0, 0, 0, 3, 4, 1, 0, 0, 0, 3, 0, 0, 1, 3, 1, 0, 0, 0, 5, 0, 0, 0, 0, 0, 5, 2, 0, 0, 2, 0, 0, 0, 0, 0, 1, 0, 0, 0, 0, 0, 0, 3, 0, 0, 0, 0, 0, 0, 0, 1, 2, 55, 5, 0, 0, 3, 0, 1, 4, 1, 0, 1, 5, 5, 4, 0, 0, 0, 55, 0, 2, 0, 0, 0, 0, 0, 0, 0, 0, 2, 0, 5, 0, 3, 0, 0, 0, 0, 2, 0, 0, 0, 0, 0, 3, 0, 2, 2, 0, 0, 0, 2, 0, 0, 0, 0, 5, 52, 1, 0, 0, 0, 0, 0, 0, 5, 3, 0, : 5, 5, 2, 50, 53, 2, 3, 51, 3, 1, 1, 4, 2, 5, 1, 1, 5, 4, 3, 4, 1, 4, 3, 3, 1, 50, 2, 5, 3, 52, 3, 51, 2, 3, 4, 1, 3, 1, 3, 1, 5, 5, 2, 2, 1, 3, 1, 2, 55, 5, 3, 1, 4, 1, 1, 5, 5, 4, 55, 2, 2, 5, 3, 2, 3, 2, 2, 2, 5, 52, 1, 5, 3, 
74: 2, 5, 5, 5, 0, 0, 1, 0, 0, 0, 4, 0, 0, 0, 0, 0, 3, 0, 0, 0, 1, 0, 1, 1, 0, 0, 2, 3, 1, 0, 0, 0, 0, 0, 1, 0, 0, 3, 0, 3, 55, 0, 0, 0, 2, 0, 0, 0, 0, 0, 0, 0, 0, 0, 0, 0, 0, 0, 0, 0, 5, 0, 1, 0, 0, 51, 0, 1, 1, 50, 0, 0, 0, 0, 0, 0, 0, 0, 0, 0, 0, 0, 0, 0, 0, 2, 4, 2, 0, 0, 3, 4, 0, 0, 0, 1, 4, 0, 0, 0, 0, 0, 52, 0, 0, 0, 4, 5, 0, 3, 1, 0, 0, 0, 0, 0, 1, 0, 0, 4, 0, 53, 0, 3, 0, 0, 52, 0, 0, 0, 0, 0, 2, 0, 1, 0, 0, 1, 2, 0, 5, 0, 0, 3, 1, 3, 3, 50, 0, 0, 0, 0, 0, 4, 0, 0, 50, 0, 0, 0, 51, 3, 0, 4, 54, 1, 0, 0, 0, 3, 0, 0, 3, 0, 0, 0, 3, 0, 0, 0, 0, 0, 0, 5, 0, 1, 0, 0, 4, 0, 4, 0, 1, 0, 0, 1, 0, 50, 1, 0, : 2, 5, 5, 5, 1, 4, 3, 1, 1, 1, 2, 3, 1, 1, 3, 3, 55, 2, 5, 1, 51, 1, 1, 50, 2, 4, 2, 3, 4, 1, 4, 52, 4, 5, 3, 1, 1, 4, 53, 3, 52, 2, 1, 1, 2, 5, 3, 1, 3, 3, 50, 4, 50, 51, 3, 4, 54, 1, 3, 3, 3, 5, 1, 4, 4, 1, 1, 50, 1, 
92: 5, 1, 1, 0, 0, 0, 2, 1, 3, 4, 4, 0, 1, 0, 0, 0, 5, 0, 50, 0, 5, 0, 0, 2, 2, 0, 4, 1, 1, 0, 0, 0, 0, 0, 3, 0, 0, 1, 0, 1, 0, 0, 0, 0, 4, 0, 0, 0, 0, 0, 0, 0, 0, 0, 0, 0, 0, 0, 0, 1, 5, 0, 2, 0, 1, 0, 0, 1, 0, 0, 0, 0, 0, 1, 1, 0, 0, 0, 0, 0, 0, 0, 0, 0, 0, 3, 2, 8, 3, 0, 0, 5, 0, 4, 0, 0, 3, 0, 1, 50, 3, 0, 0, 0, 0, 0, 4, 0, 1, 0, 1, 0, 0, 0, 3, 0, 3, 1, 4, 0, 1, 0, 0, 1, 2, 0, 0, 4, 3, 0, 0, 0, 3, 0, 2, 5, 3, 5, 0, 0, 5, 0, 0, 1, 2, 4, 1, 0, 0, 54, 0, 0, 0, 0, 0, 0, 0, 5, 0, 0, 2, 3, 0, 2, 0, 1, 0, 0, 1, 0, 4, 0, 0, 0, 0, 1, 4, 5, 0, 0, 0, 0, 0, 0, 0, 0, 0, 0, 5, 0, 1, 5, 0, 0, 1, 0, 1, 0, 0, 3, : 5, 1, 1, 2, 1, 3, 4, 4, 1, 5, 50, 5, 2, 2, 4, 1, 1, 3, 1, 1, 4, 1, 5, 2, 1, 1, 1, 1, 3, 2, 8, 3, 5, 4, 3, 1, 50, 3, 4, 1, 1, 3, 3, 1, 4, 1, 1, 2, 4, 3, 3, 2, 5, 3, 5, 5, 1, 2, 4, 1, 54, 5, 2, 3, 2, 1, 1, 4, 1, 4, 5, 5, 1, 5, 1, 1, 3, 
93: 4, 2, 4, 0, 0, 1, 4, 0, 0, 0, 2, 0, 0, 0, 53, 51, 2, 0, 0, 55, 3, 0, 0, 0, 0, 0, 1, 1, 3, 0, 0, 0, 1, 0, 5, 50, 2, 51, 0, 5, 0, 0, 0, 0, 0, 51, 0, 0, 1, 0, 0, 0, 0, 0, 0, 0, 50, 0, 5, 0, 5, 0, 4, 0, 0, 0, 0, 5, 0, 5, 2, 0, 0, 0, 4, 0, 0, 0, 0, 0, 1, 0, 1, 0, 0, 1, 3, 3, 0, 0, 0, 1, 1, 0, 0, 0, 2, 0, 1, 3, 0, 0, 1, 0, 54, 0, 4, 3, 0, 0, 4, 0, 1, 0, 0, 0, 5, 0, 0, 1, 0, 0, 1, 5, 3, 0, 0, 4, 0, 0, 0, 0, 4, 0, 4, 0, 0, 0, 0, 0, 3, 2, 0, 2, 4, 1, 3, 0, 0, 0, 0, 3, 0, 0, 4, 1, 0, 0, 0, 0, 0, 4, 0, 5, 1, 2, 0, 51, 1, 0, 0, 0, 0, 3, 0, 0, 3, 0, 0, 0, 3, 0, 0, 0, 2, 0, 0, 0, 5, 0, 3, 0, 0, 0, 55, 0, 0, 0, 0, 0, : 4, 2, 4, 1, 4, 2, 53, 51, 2, 55, 3, 1, 1, 3, 1, 5, 50, 2, 51, 5, 51, 1, 50, 5, 5, 4, 5, 5, 2, 4, 1, 1, 1, 3, 3, 1, 1, 2, 1, 3, 1, 54, 4, 3, 4, 1, 5, 1, 1, 5, 3, 4, 4, 4, 3, 2, 2, 4, 1, 3, 3, 4, 1, 4, 5, 1, 2, 51, 1, 3, 3, 3, 2, 5, 3, 55, 
44: 3, 4, 5, 0, 3, 0, 5, 1, 0, 0, 1, 0, 0, 0, 0, 0, 1, 5, 0, 0, 4, 0, 0, 0, 0, 0, 4, 2, 4, 0, 0, 0, 55, 51, 3, 3, 0, 0, 0, 4, 0, 3, 0, 2, 5, 0, 0, 0, 0, 0, 0, 51, 0, 0, 3, 0, 4, 1, 0, 0, 1, 0, 3, 0, 0, 0, 52, 1, 0, 0, 0, 0, 0, 0, 0, 0, 0, 0, 4, 0, 0, 2, 0, 0, 0, 1, 5, 2, 0, 0, 0, 1, 3, 1, 0, 0, 4, 0, 0, 0, 0, 0, 0, 5, 0, 0, 5, 5, 4, 0, 5, 0, 5, 1, 0, 4, 5, 0, 0, 52, 4, 0, 0, 3, 0, 0, 2, 0, 0, 0, 0, 51, 5, 2, 4, 0, 0, 0, 0, 0, 0, 0, 0, 3, 1, 1, 3, 0, 0, 0, 0, 0, 0, 0, 1, 4, 0, 0, 0, 0, 0, 4, 0, 5, 2, 2, 0, 0, 4, 0, 0, 0, 0, 0, 1, 0, 1, 0, 0, 1, 5, 0, 0, 0, 0, 0, 0, 0, 2, 0, 1, 0, 53, 2, 0, 0, 0, 0, 51, 50, : 3, 4, 5, 3, 5, 1, 1, 1, 5, 4, 4, 2, 4, 55, 51, 3, 3, 4, 3, 2, 5, 51, 3, 4, 1, 1, 3, 52, 1, 4, 2, 1, 5, 2, 1, 3, 1, 4, 5, 5, 5, 4, 5, 5, 1, 4, 5, 52, 4, 3, 2, 51, 5, 2, 4, 3, 1, 1, 3, 1, 4, 4, 5, 2, 2, 4, 1, 1, 1, 5, 2, 1, 53, 2, 51, 50, 


