
40
20
100
1

18: 0, 0, 16, 15, 15, 16, 0, 0, 0, 0, 0, 0, 0, 0, 0, 0, 11, 0, 0, 0, 15, 0, 15, 0, 15, 15, 15, 15, 0, 0, 0, 0, 0, 0, 31, 0, 15, 0, 9, 0, : 16, 15, 15, 16, 11, 15, 15, 15, 15, 15, 15, 31, 15, 9, 
3: 0, 0, 0, 7, 15, 15, 0, 10, 0, 15, 15, 16, 15, 0, 0, 0, 15, 15, 21, 0, 0, 0, 0, 0, 15, 0, 0, 0, 15, 0, 0, 22, 16, 15, 0, 18, 17, 0, 21, 0, : 7, 15, 15, 10, 15, 15, 16, 15, 15, 15, 21, 15, 15, 22, 16, 15, 18, 17, 21, 
5: 0, 16, 3, 0, 0, 15, 0, 0, 0, 15, 0, 15, 25, 15, 16, 15, 0, 0, 0, 16, 16, 16, 0, 16, 8, 0, 15, 18, 15, 0, 0, 16, 0, 0, 0, 0, 15, 0, 0, 0, : 16, 3, 15, 15, 15, 25, 15, 16, 15, 16, 16, 16, 16, 8, 15, 18, 15, 16, 15, 
20: 0, 20, 0, 0, 0, 0, 0, 0, 15, 0, 22, 0, 0, 6, 0, 0, 22, 0, 0, 0, 0, 0, 0, 0, 0, 0, 15, 15, 15, 15, 16, 0, 15, 0, 0, 0, 0, 0, 0, 0, : 20, 15, 22, 6, 22, 15, 15, 15, 15, 16, 15, 
13: 16, 0, 0, 18, 0, 0, 15, 20, 0, 0, 0, 15, 0, 0, 15, 0, 19, 15, 0, 0, 0, 5, 0, 15, 0, 0, 18, 0, 0, 20, 0, 0, 0, 0, 0, 0, 0, 16, 0, 15, : 16, 18, 15, 20, 15, 15, 19, 15, 5, 15, 18, 20, 16, 15, 
11: 1, 0, 0, 0, 9, 21, 15, 0, 0, 0, 0, 17, 0, 0, 0, 0, 0, 0, 0, 0, 0, 16, 0, 0, 0, 15, 0, 0, 0, 15, 0, 0, 15, 0, 0, 0, 0, 0, 23, 0, : 1, 9, 21, 15, 17, 16, 15, 15, 15, 23, 
1: 0, 17, 16, 15, 0, 15, 0, 0, 0, 0, 0, 0, 0, 0, 15, 0, 0, 15, 16, 16, 0, 0, 0, 0, 0, 16, 0, 0, 15, 0, 0, 0, 0, 0, 15, 0, 0, 15, 0, 0, : 17, 16, 15, 15, 15, 15, 16, 16, 16, 15, 15, 15, 
15: 0, 0, 0, 15, 15, 0, 0, 0, 0, 0, 0, 0, 7, 17, 0, 0, 0, 0, 0, 0, 0, 15, 0, 24, 0, 0, 0, 7, 10, 0, 15, 0, 0, 15, 1, 16, 0, 0, 0, 19, : 15, 15, 7, 17, 15, 24, 7, 10, 15, 15, 1, 16, 19, 
6: 0, 17, 15, 15, 0, 3, 15, 0, 0, 32, 15, 0, 15, 0, 0, 0, 0, 15, 0, 0, 0, 0, 19, 0, 0, 0, 0, 15, 15, 0, 0, 17, 0, 0, 0, 0, 0, 0, 0, 0, : 17, 15, 15, 3, 15, 32, 15, 15, 15, 19, 15, 15, 17, 
2: 0, 0, 0, 0, 0, 15, 15, 0, 15, 0, 0, 0, 0, 17, 19, 0, 0, 0, 17, 15, 0, 0, 15, 0, 0, 0, 0, 15, 0, 0, 0, 0, 0, 17, 0, 4, 0, 0, 15, 0, : 15, 15, 15, 17, 19, 17, 15, 15, 15, 17, 4, 15, 
19: 0, 0, 15, 0, 0, 0, 0, 24, 15, 0, 0, 16, 0, 0, 20, 0, 0, 0, 15, 0, 0, 0, 19, 15, 0, 0, 0, 0, 0, 15, 0, 18, 0, 0, 0, 15, 0, 15, 0, 16, : 15, 24, 15, 16, 20, 15, 19, 15, 15, 18, 15, 15, 16, 
14: 0, 0, 20, 0, 15, 0, 0, 15, 0, 7, 0, 0, 0, 0, 0, 15, 15, 0, 15, 17, 0, 0, 0, 0, 0, 15, 0, 15, 15, 0, 0, 0, 0, 18, 15, 0, 0, 0, 0, 0, : 20, 15, 15, 7, 15, 15, 15, 17, 15, 15, 15, 18, 15, 
9: 0, 0, 0, 0, 0, 0, 16, 0, 0, 16, 0, 0, 0, 0, 0, 19, 0, 0, 0, 0, 13, 0, 16, 0, 0, 15, 20, 0, 0, 0, 15, 0, 0, 3, 23, 0, 0, 0, 0, 0, : 16, 16, 19, 13, 16, 15, 20, 15, 3, 23, 
4: 0, 0, 0, 15, 16, 0, 15, 0, 34, 0, 0, 0, 0, 0, 0, 0, 0, 0, 0, 0, 0, 15, 1, 0, 17, 0, 0, 0, 0, 0, 15, 0, 17, 15, 0, 0, 15, 0, 0, 0, : 15, 16, 15, 34, 15, 1, 17, 15, 17, 15, 15, 
12: 15, 0, 0, 0, 0, 0, 0, 0, 0, 0, 0, 0, 21, 15, 0, 0, 0, 15, 1, 0, 0, 0, 0, 0, 15, 0, 17, 0, 0, 0, 0, 0, 0, 0, 0, 0, 15, 9, 15, 0, : 15, 21, 15, 15, 1, 15, 17, 15, 9, 15, 
8: 15, 0, 15, 0, 0, 0, 0, 15, 0, 0, 0, 0, 0, 0, 0, 15, 0, 0, 0, 0, 21, 18, 0, 0, 15, 0, 0, 0, 0, 0, 15, 20, 20, 0, 15, 0, 0, 0, 17, 0, : 15, 15, 15, 15, 21, 18, 15, 15, 20, 20, 15, 17, 
16: 22, 0, 0, 0, 0, 0, 0, 0, 0, 0, 15, 0, 0, 15, 15, 20, 0, 0, 15, 0, 15, 0, 0, 0, 0, 0, 0, 0, 0, 25, 0, 0, 0, 0, 0, 15, 0, 15, 0, 15, : 22, 15, 15, 15, 20, 15, 15, 25, 15, 15, 15, 
10: 0, 0, 0, 0, 0, 0, 0, 16, 0, 15, 18, 0, 0, 0, 0, 16, 0, 15, 0, 15, 0, 15, 15, 15, 0, 9, 0, 0, 0, 0, 0, 0, 0, 0, 0, 0, 23, 15, 0, 0, : 16, 15, 18, 16, 15, 15, 15, 15, 15, 9, 23, 15, 
7: 15, 15, 0, 0, 15, 0, 0, 0, 6, 0, 15, 0, 0, 0, 0, 0, 0, 0, 0, 21, 0, 0, 0, 15, 0, 15, 0, 0, 0, 0, 24, 7, 2, 17, 0, 0, 0, 15, 0, 18, : 15, 15, 15, 6, 15, 21, 15, 15, 24, 7, 2, 17, 15, 18, 
17: 16, 15, 0, 0, 0, 0, 9, 0, 15, 0, 0, 21, 17, 15, 0, 0, 18, 10, 0, 0, 20, 0, 0, 0, 15, 0, 0, 0, 0, 10, 0, 0, 15, 0, 0, 32, 0, 0, 0, 17, : 16, 15, 9, 15, 21, 17, 15, 18, 10, 20, 15, 10, 15, 32, 17, 


