
40
200
100
10

38: 18, 0, 0, 0, 0, 0, 15, 0, 0, 0, 28, 16, 0, 0, 0, 0, 0, 0, 0, 5, 15, 0, 0, 15, 18, 15, 0, 15, 0, 0, 15, 15, 0, 20, 0, 0, 0, 0, 0, 0, : 18, 15, 28, 16, 5, 15, 15, 18, 15, 15, 15, 15, 20, 
52: 5, 0, 20, 16, 0, 0, 0, 0, 0, 16, 0, 0, 0, 13, 0, 0, 15, 0, 0, 0, 0, 16, 0, 20, 0, 0, 15, 0, 0, 0, 18, 0, 15, 15, 15, 0, 0, 0, 0, 16, : 5, 20, 16, 16, 13, 15, 16, 20, 15, 18, 15, 15, 15, 16, 
77: 0, 15, 0, 0, 0, 15, 15, 17, 0, 0, 14, 0, 0, 0, 0, 0, 0, 0, 19, 0, 0, 15, 0, 23, 15, 15, 0, 0, 0, 0, 0, 0, 0, 0, 15, 0, 0, 0, 0, 0, : 15, 15, 15, 17, 14, 19, 15, 23, 15, 15, 15, 
110: 0, 0, 0, 0, 0, 27, 0, 0, 0, 0, 0, 15, 0, 0, 0, 16, 0, 15, 24, 0, 0, 0, 0, 0, 0, 15, 0, 16, 0, 0, 0, 7, 0, 0, 0, 0, 0, 0, 0, 15, : 27, 15, 16, 15, 24, 15, 16, 7, 15, 
146: 0, 0, 19, 15, 15, 0, 8, 0, 15, 15, 0, 0, 0, 0, 15, 0, 0, 0, 0, 0, 0, 0, 22, 0, 15, 0, 15, 0, 0, 0, 0, 15, 0, 0, 0, 16, 0, 0, 21, 0, : 19, 15, 15, 8, 15, 15, 15, 22, 15, 15, 15, 16, 21, 
150: 0, 0, 0, 0, 0, 0, 0, 0, 0, 0, 15, 0, 15, 0, 0, 0, 15, 15, 0, 0, 15, 0, 0, 0, 20, 0, 0, 0, 0, 0, 0, 0, 7, 0, 0, 0, 16, 15, 0, 0, : 15, 15, 15, 15, 15, 20, 7, 16, 15, 
101: 15, 0, 0, 0, 5, 8, 0, 15, 0, 0, 0, 0, 0, 0, 15, 15, 0, 15, 0, 18, 15, 0, 0, 0, 17, 15, 19, 0, 0, 0, 0, 0, 0, 0, 15, 15, 0, 0, 0, 0, : 15, 5, 8, 15, 15, 15, 15, 18, 15, 17, 15, 19, 15, 15, 
140: 0, 1, 0, 0, 0, 0, 0, 0, 15, 15, 28, 0, 17, 0, 0, 0, 0, 0, 0, 0, 15, 0, 0, 0, 0, 15, 0, 0, 0, 0, 33, 0, 15, 0, 0, 0, 0, 15, 0, 0, : 1, 15, 15, 28, 17, 15, 15, 33, 15, 15, 
179: 0, 0, 0, 0, 15, 0, 0, 18, 0, 0, 15, 15, 9, 0, 15, 15, 0, 0, 0, 15, 0, 0, 0, 15, 0, 0, 1, 0, 0, 0, 0, 0, 0, 22, 0, 0, 18, 0, 0, 15, : 15, 18, 15, 15, 9, 15, 15, 15, 15, 1, 22, 18, 15, 
184: 0, 0, 0, 0, 15, 0, 0, 0, 15, 15, 0, 0, 0, 15, 17, 15, 27, 0, 15, 0, 15, 0, 15, 0, 0, 0, 15, 10, 15, 24, 0, 0, 15, 0, 18, 15, 0, 4, 18, 0, : 15, 15, 15, 15, 17, 15, 27, 15, 15, 15, 15, 10, 15, 24, 15, 18, 15, 4, 18, 
70: 0, 0, 0, 0, 0, 0, 0, 0, 0, 15, 0, 0, 0, 0, 18, 0, 0, 9, 0, 17, 0, 0, 15, 15, 0, 0, 0, 0, 0, 0, 0, 0, 0, 15, 15, 0, 15, 15, 0, 15, : 15, 18, 9, 17, 15, 15, 15, 15, 15, 15, 15, 
139: 15, 0, 0, 0, 0, 0, 16, 0, 0, 0, 0, 15, 15, 0, 0, 0, 16, 15, 11, 0, 0, 0, 0, 12, 0, 0, 0, 15, 13, 0, 0, 0, 0, 13, 0, 0, 15, 0, 15, 0, : 15, 16, 15, 15, 16, 15, 11, 12, 15, 13, 13, 15, 15, 
96: 0, 15, 15, 18, 17, 0, 16, 0, 0, 15, 0, 0, 27, 15, 0, 0, 0, 0, 16, 0, 15, 15, 0, 0, 0, 0, 0, 0, 0, 15, 16, 15, 15, 0, 0, 16, 0, 21, 0, 18, : 15, 15, 18, 17, 16, 15, 27, 15, 16, 15, 15, 15, 16, 15, 15, 16, 21, 18, 
91: 0, 24, 0, 2, 0, 0, 15, 20, 0, 0, 0, 0, 0, 0, 0, 0, 0, 0, 15, 0, 0, 0, 0, 0, 0, 0, 0, 15, 15, 0, 0, 0, 18, 0, 0, 15, 0, 0, 26, 0, : 24, 2, 15, 20, 15, 15, 15, 18, 15, 26, 
63: 15, 0, 16, 15, 0, 35, 0, 0, 20, 0, 0, 20, 17, 0, 20, 0, 0, 0, 0, 0, 0, 15, 0, 0, 0, 15, 0, 0, 0, 30, 0, 0, 0, 0, 0, 16, 0, 0, 0, 0, : 15, 16, 15, 35, 20, 20, 17, 20, 15, 15, 30, 16, 
80: 0, 15, 0, 17, 0, 0, 0, 15, 20, 0, 0, 1, 0, 0, 0, 15, 0, 0, 0, 15, 10, 19, 0, 0, 0, 0, 0, 0, 26, 1, 0, 17, 0, 0, 19, 7, 16, 0, 0, 0, : 15, 17, 15, 20, 1, 15, 15, 10, 19, 26, 1, 17, 19, 7, 16, 
12: 16, 0, 0, 0, 18, 0, 0, 0, 0, 0, 0, 0, 0, 19, 0, 0, 0, 15, 0, 0, 0, 0, 15, 0, 0, 0, 15, 0, 15, 15, 18, 0, 0, 0, 0, 0, 0, 15, 0, 0, : 16, 18, 19, 15, 15, 15, 15, 15, 18, 15, 
135: 0, 15, 30, 0, 0, 0, 0, 0, 15, 0, 0, 18, 0, 0, 0, 0, 27, 0, 0, 15, 0, 0, 16, 0, 0, 0, 0, 0, 0, 0, 0, 0, 15, 0, 3, 0, 20, 0, 0, 0, : 15, 30, 15, 18, 27, 15, 16, 15, 3, 20, 
182: 16, 15, 0, 0, 15, 0, 0, 0, 0, 9, 0, 0, 0, 15, 0, 9, 0, 16, 0, 15, 0, 20, 17, 0, 0, 0, 0, 0, 0, 0, 0, 15, 0, 15, 0, 0, 0, 0, 15, 0, : 16, 15, 15, 9, 15, 9, 16, 15, 20, 17, 15, 15, 15, 
47: 0, 0, 0, 17, 0, 15, 15, 15, 0, 0, 0, 0, 0, 23, 0, 15, 0, 0, 0, 0, 0, 0, 0, 0, 15, 10, 20, 29, 16, 15, 0, 16, 0, 0, 0, 0, 0, 15, 5, 21, : 17, 15, 15, 15, 23, 15, 15, 10, 20, 29, 16, 15, 16, 15, 5, 21, 


42: 15, 0, 0, 0, 0, 0, 0, 15, 0, 0, 1, 0, 0, 0, 15, 30, 0, 0, 0, 26, 0, 15, 0, 0, 0, 0, 20, 0, 0, 0, 16, 17, 0, 0, 15, 0, 23, 0, 0, 0, : 15, 15, 1, 15, 30, 26, 15, 20, 16, 17, 15, 23, 
103: 20, 15, 21, 0, 0, 26, 0, 18, 0, 0, 0, 0, 0, 0, 20, 0, 15, 17, 0, 0, 0, 15, 0, 0, 0, 0, 14, 0, 0, 0, 27, 15, 16, 0, 0, 15, 0, 16, 0, 15, : 20, 15, 21, 26, 18, 20, 15, 17, 15, 14, 27, 15, 16, 15, 16, 15, 
143: 16, 15, 0, 0, 0, 0, 20, 0, 15, 0, 19, 0, 19, 0, 3, 0, 0, 0, 0, 0, 0, 0, 15, 0, 15, 0, 0, 15, 0, 25, 0, 6, 16, 0, 0, 10, 0, 0, 0, 15, : 16, 15, 20, 15, 19, 19, 3, 15, 15, 15, 25, 6, 16, 10, 15, 
33: 0, 0, 17, 15, 16, 0, 0, 22, 20, 0, 0, 0, 8, 0, 0, 0, 0, 15, 17, 0, 0, 0, 15, 15, 16, 0, 0, 15, 0, 0, 0, 0, 0, 0, 16, 0, 2, 9, 0, 0, : 17, 15, 16, 22, 20, 8, 15, 17, 15, 15, 16, 15, 16, 2, 9, 
171: 0, 17, 0, 0, 15, 15, 0, 15, 16, 0, 0, 0, 0, 0, 0, 0, 15, 0, 3, 0, 15, 0, 27, 0, 0, 15, 0, 0, 18, 0, 17, 0, 0, 0, 0, 0, 0, 0, 0, 0, : 17, 15, 15, 15, 16, 15, 3, 15, 27, 15, 18, 17, 
86: 12, 15, 0, 0, 0, 0, 0, 0, 0, 15, 15, 0, 15, 0, 0, 15, 0, 0, 0, 0, 17, 17, 15, 20, 0, 0, 0, 0, 0, 0, 0, 0, 0, 0, 0, 15, 0, 15, 17, 6, : 12, 15, 15, 15, 15, 15, 17, 17, 15, 20, 15, 15, 17, 6, 
32: 0, 0, 0, 16, 0, 15, 17, 0, 17, 15, 0, 15, 0, 15, 0, 15, 0, 15, 15, 0, 0, 13, 0, 0, 16, 0, 0, 0, 16, 0, 0, 17, 17, 15, 0, 0, 0, 0, 0, 0, : 16, 15, 17, 17, 15, 15, 15, 15, 15, 15, 13, 16, 16, 17, 17, 15, 
17: 0, 0, 15, 0, 0, 16, 16, 0, 0, 0, 0, 0, 15, 0, 0, 0, 16, 0, 0, 0, 26, 0, 0, 17, 0, 0, 0, 0, 0, 0, 0, 0, 0, 0, 0, 15, 0, 0, 15, 0, : 15, 16, 16, 15, 16, 26, 17, 15, 15, 
138: 15, 0, 0, 9, 0, 0, 0, 0, 15, 0, 17, 0, 0, 0, 0, 0, 0, 0, 0, 0, 0, 0, 0, 0, 18, 15, 0, 0, 0, 15, 0, 0, 15, 0, 0, 0, 0, 0, 0, 0, : 15, 9, 15, 17, 18, 15, 15, 15, 
115: 0, 0, 0, 15, 0, 0, 0, 0, 0, 0, 0, 0, 0, 15, 15, 0, 0, 0, 0, 0, 0, 0, 15, 0, 0, 0, 0, 0, 17, 0, 0, 15, 15, 0, 0, 0, 0, 0, 0, 19, : 15, 15, 15, 15, 17, 15, 15, 19, 
11: 0, 0, 15, 0, 17, 0, 0, 0, 0, 21, 15, 21, 28, 0, 0, 0, 0, 8, 0, 0, 0, 0, 0, 0, 0, 0, 0, 0, 0, 0, 0, 0, 0, 0, 0, 0, 0, 0, 15, 15, : 15, 17, 21, 15, 21, 28, 8, 15, 15, 
66: 0, 0, 0, 0, 0, 0, 0, 0, 0, 0, 17, 0, 0, 25, 0, 15, 15, 15, 0, 16, 0, 0, 0, 15, 0, 21, 0, 0, 0, 0, 0, 0, 15, 18, 15, 0, 15, 0, 0, 0, : 17, 25, 15, 15, 15, 16, 15, 21, 15, 18, 15, 15, 
34: 0, 0, 0, 15, 15, 0, 0, 0, 0, 0, 0, 0, 0, 0, 0, 0, 0, 15, 0, 0, 15, 0, 0, 0, 5, 17, 0, 6, 16, 0, 0, 0, 0, 0, 15, 0, 0, 0, 15, 0, : 15, 15, 15, 15, 5, 17, 6, 16, 15, 15, 
6: 0, 15, 17, 0, 0, 0, 0, 0, 0, 0, 0, 15, 0, 15, 0, 0, 0, 0, 0, 15, 0, 0, 0, 0, 15, 0, 0, 0, 2, 15, 15, 0, 0, 6, 0, 0, 0, 0, 4, 0, : 15, 17, 15, 15, 15, 15, 2, 15, 15, 6, 4, 
132: 0, 0, 0, 0, 15, 0, 0, 15, 0, 0, 0, 0, 0, 0, 15, 0, 17, 0, 18, 15, 10, 15, 0, 0, 15, 0, 21, 33, 0, 15, 0, 15, 6, 15, 0, 0, 0, 0, 0, 0, : 15, 15, 15, 17, 18, 15, 10, 15, 15, 21, 33, 15, 15, 6, 15, 
73: 22, 15, 0, 15, 0, 0, 0, 0, 0, 19, 0, 19, 0, 15, 17, 0, 6, 0, 0, 15, 0, 0, 0, 18, 0, 0, 15, 0, 15, 0, 0, 15, 0, 0, 0, 15, 0, 15, 0, 0, : 22, 15, 15, 19, 19, 15, 17, 6, 15, 18, 15, 15, 15, 15, 15, 
26: 0, 8, 0, 0, 7, 0, 15, 0, 17, 15, 0, 15, 0, 0, 0, 0, 0, 15, 0, 13, 0, 0, 13, 0, 0, 0, 0, 0, 0, 0, 0, 0, 0, 0, 15, 0, 17, 0, 0, 0, : 8, 7, 15, 17, 15, 15, 15, 13, 13, 15, 17, 
53: 0, 0, 15, 0, 15, 0, 0, 0, 0, 0, 16, 0, 15, 0, 0, 0, 16, 0, 15, 0, 0, 0, 0, 15, 0, 0, 15, 15, 0, 15, 0, 0, 0, 15, 15, 15, 26, 30, 0, 0, : 15, 15, 16, 15, 16, 15, 15, 15, 15, 15, 15, 15, 15, 26, 30, 
62: 0, 0, 0, 0, 0, 0, 17, 0, 0, 0, 0, 15, 0, 0, 15, 10, 0, 0, 15, 0, 17, 0, 0, 0, 0, 17, 0, 16, 16, 15, 15, 0, 0, 15, 9, 15, 17, 0, 15, 15, : 17, 15, 15, 10, 15, 17, 17, 16, 16, 15, 15, 15, 9, 15, 17, 15, 15, 
44: 0, 0, 0, 15, 0, 28, 15, 15, 0, 15, 0, 0, 0, 15, 0, 15, 0, 0, 17, 0, 0, 25, 0, 0, 0, 15, 15, 0, 0, 0, 10, 0, 0, 16, 0, 0, 0, 15, 19, 15, : 15, 28, 15, 15, 15, 15, 15, 17, 25, 15, 15, 10, 16, 15, 19, 15, 


94: 15, 15, 0, 15, 10, 8, 0, 27, 0, 0, 15, 0, 0, 0, 0, 0, 0, 18, 0, 15, 0, 0, 17, 15, 0, 0, 0, 0, 0, 12, 0, 0, 0, 0, 0, 25, 0, 0, 0, 0, : 15, 15, 15, 10, 8, 27, 15, 18, 15, 17, 15, 12, 25, 
170: 0, 0, 19, 0, 0, 15, 16, 0, 15, 0, 0, 0, 0, 0, 15, 0, 0, 0, 0, 0, 0, 15, 15, 0, 3, 28, 0, 20, 0, 23, 0, 15, 0, 0, 17, 15, 0, 0, 0, 0, : 19, 15, 16, 15, 15, 15, 15, 3, 28, 20, 23, 15, 17, 15, 
97: 18, 0, 0, 0, 15, 15, 0, 0, 0, 0, 15, 0, 0, 0, 0, 0, 0, 0, 17, 0, 0, 0, 0, 0, 15, 15, 0, 15, 15, 0, 0, 0, 0, 0, 5, 15, 0, 0, 15, 0, : 18, 15, 15, 15, 17, 15, 15, 15, 15, 5, 15, 15, 
58: 22, 0, 0, 15, 0, 0, 0, 0, 0, 0, 0, 0, 0, 0, 0, 15, 0, 0, 0, 16, 0, 0, 0, 0, 0, 11, 0, 0, 0, 0, 0, 0, 0, 0, 0, 0, 0, 15, 15, 0, : 22, 15, 15, 16, 11, 15, 15, 
196: 0, 0, 15, 15, 17, 0, 15, 0, 23, 15, 0, 0, 26, 26, 0, 0, 0, 0, 0, 0, 16, 0, 0, 16, 17, 15, 0, 5, 0, 0, 0, 0, 15, 0, 15, 0, 0, 15, 0, 0, : 15, 15, 17, 15, 23, 15, 26, 26, 16, 16, 17, 15, 5, 15, 15, 15, 
99: 5, 0, 0, 0, 0, 0, 17, 0, 0, 17, 16, 0, 0, 0, 17, 15, 0, 16, 24, 17, 15, 16, 0, 0, 0, 0, 0, 15, 0, 0, 22, 0, 0, 16, 0, 0, 0, 15, 0, 15, : 5, 17, 17, 16, 17, 15, 16, 24, 17, 15, 16, 15, 22, 16, 15, 15, 
164: 0, 34, 21, 15, 0, 15, 15, 0, 0, 15, 0, 15, 0, 0, 17, 0, 26, 0, 28, 0, 15, 0, 0, 15, 0, 0, 0, 0, 17, 0, 19, 0, 17, 0, 0, 0, 0, 15, 0, 0, : 34, 21, 15, 15, 15, 15, 15, 17, 26, 28, 15, 15, 17, 19, 17, 15, 
15: 0, 0, 0, 15, 0, 0, 17, 0, 0, 0, 0, 0, 0, 0, 0, 0, 0, 15, 0, 15, 0, 24, 0, 8, 0, 0, 16, 0, 0, 15, 0, 15, 0, 0, 17, 15, 13, 0, 0, 0, : 15, 17, 15, 15, 24, 8, 16, 15, 15, 17, 15, 13, 
163: 25, 0, 0, 0, 15, 0, 0, 0, 15, 0, 0, 1, 0, 9, 0, 0, 0, 16, 0, 0, 0, 0, 15, 16, 0, 0, 0, 0, 0, 0, 12, 0, 0, 15, 15, 0, 0, 0, 0, 15, : 25, 15, 15, 1, 9, 16, 15, 16, 12, 15, 15, 15, 
116: 0, 0, 15, 15, 0, 17, 0, 15, 0, 13, 15, 15, 15, 0, 3, 0, 15, 0, 0, 0, 0, 0, 22, 0, 0, 0, 21, 15, 0, 0, 0, 0, 16, 0, 0, 0, 24, 15, 0, 0, : 15, 15, 17, 15, 13, 15, 15, 15, 3, 15, 22, 21, 15, 16, 24, 15, 
22: 0, 0, 0, 0, 0, 0, 0, 0, 0, 23, 0, 0, 19, 15, 18, 0, 0, 0, 0, 19, 0, 0, 0, 15, 0, 15, 0, 0, 0, 0, 15, 9, 16, 16, 0, 15, 15, 0, 16, 15, : 23, 19, 15, 18, 19, 15, 15, 15, 9, 16, 16, 15, 15, 16, 15, 
43: 0, 17, 0, 0, 0, 0, 0, 19, 0, 0, 0, 0, 0, 0, 0, 0, 0, 0, 15, 0, 0, 15, 16, 0, 20, 0, 0, 0, 16, 18, 0, 15, 0, 15, 0, 0, 0, 0, 16, 15, : 17, 19, 15, 15, 16, 20, 16, 18, 15, 15, 16, 15, 
95: 0, 0, 0, 0, 20, 0, 5, 16, 0, 0, 0, 24, 10, 19, 15, 0, 0, 5, 0, 0, 0, 30, 15, 0, 0, 0, 15, 0, 2, 0, 16, 0, 0, 5, 0, 0, 0, 0, 0, 8, : 20, 5, 16, 24, 10, 19, 15, 5, 30, 15, 15, 2, 16, 5, 8, 
189: 0, 15, 15, 0, 0, 0, 15, 15, 16, 0, 0, 0, 0, 0, 0, 0, 15, 0, 0, 0, 0, 0, 0, 0, 15, 0, 0, 15, 20, 17, 16, 0, 0, 15, 15, 0, 0, 0, 0, 0, : 15, 15, 15, 15, 16, 15, 15, 15, 20, 17, 16, 15, 15, 
113: 0, 2, 0, 0, 0, 0, 0, 0, 0, 0, 9, 0, 0, 15, 0, 17, 0, 15, 0, 3, 0, 0, 0, 0, 15, 0, 15, 0, 15, 15, 0, 15, 17, 0, 0, 0, 0, 0, 0, 0, : 2, 9, 15, 17, 15, 3, 15, 15, 15, 15, 15, 17, 
122: 0, 17, 0, 0, 0, 0, 0, 0, 0, 0, 0, 15, 0, 0, 0, 15, 0, 0, 16, 15, 0, 0, 0, 15, 0, 0, 0, 0, 15, 0, 0, 0, 0, 0, 0, 0, 0, 0, 23, 0, : 17, 15, 15, 16, 15, 15, 15, 23, 
198: 0, 0, 15, 0, 23, 0, 0, 0, 0, 0, 0, 15, 15, 0, 0, 15, 5, 0, 0, 0, 16, 0, 0, 0, 0, 0, 2, 0, 0, 0, 0, 0, 16, 0, 0, 15, 0, 10, 15, 0, : 15, 23, 15, 15, 15, 5, 16, 2, 16, 15, 10, 15, 
16: 0, 0, 0, 0, 0, 0, 0, 8, 15, 0, 0, 0, 15, 0, 0, 15, 15, 15, 0, 0, 0, 0, 0, 0, 0, 16, 0, 15, 0, 0, 0, 15, 3, 0, 16, 0, 20, 0, 0, 0, : 8, 15, 15, 15, 15, 15, 16, 15, 15, 3, 16, 20, 
36: 0, 0, 0, 10, 0, 15, 0, 0, 15, 17, 15, 0, 0, 16, 0, 8, 24, 0, 0, 0, 13, 0, 0, 0, 0, 0, 16, 0, 0, 0, 0, 16, 0, 18, 0, 0, 0, 0, 0, 17, : 10, 15, 15, 17, 15, 16, 8, 24, 13, 16, 16, 18, 17, 
84: 15, 0, 0, 0, 0, 15, 0, 0, 1, 0, 15, 15, 0, 0, 15, 0, 0, 0, 0, 0, 25, 0, 0, 0, 15, 0, 15, 0, 0, 0, 0, 0, 0, 0, 0, 0, 28, 15, 0, 15, : 15, 15, 1, 15, 15, 15, 25, 15, 15, 28, 15, 15, 


54: 16, 0, 0, 0, 0, 0, 0, 4, 15, 0, 0, 1, 0, 0, 0, 0, 0, 0, 0, 15, 0, 0, 0, 0, 0, 0, 15, 0, 0, 0, 0, 0, 0, 0, 16, 0, 16, 0, 0, 15, : 16, 4, 15, 1, 15, 15, 16, 16, 15, 
21: 0, 15, 15, 0, 0, 0, 0, 0, 0, 0, 0, 0, 15, 0, 15, 0, 0, 0, 0, 0, 15, 0, 15, 15, 29, 0, 0, 0, 0, 15, 0, 0, 0, 15, 15, 0, 0, 0, 0, 0, : 15, 15, 15, 15, 15, 15, 15, 29, 15, 15, 15, 
134: 19, 4, 0, 5, 0, 0, 15, 0, 15, 0, 0, 0, 0, 0, 0, 0, 0, 15, 0, 0, 9, 0, 0, 2, 0, 30, 0, 0, 0, 0, 0, 15, 0, 0, 15, 0, 0, 0, 18, 15, : 19, 4, 5, 15, 15, 15, 9, 2, 30, 15, 15, 18, 15, 
195: 0, 0, 15, 17, 0, 0, 0, 16, 17, 0, 23, 19, 0, 15, 15, 0, 0, 12, 0, 0, 0, 0, 0, 0, 0, 0, 0, 15, 24, 0, 0, 0, 15, 15, 0, 15, 0, 18, 0, 15, : 15, 17, 16, 17, 23, 19, 15, 15, 12, 15, 24, 15, 15, 15, 18, 15, 
191: 15, 0, 15, 0, 15, 36, 6, 15, 21, 0, 0, 15, 0, 0, 0, 15, 0, 0, 0, 0, 0, 0, 0, 26, 0, 0, 15, 0, 0, 0, 0, 0, 0, 15, 9, 0, 0, 17, 0, 0, : 15, 15, 15, 36, 6, 15, 21, 15, 15, 26, 15, 15, 9, 17, 
160: 20, 15, 0, 0, 10, 0, 0, 0, 0, 0, 15, 0, 18, 0, 0, 0, 0, 0, 15, 15, 0, 0, 0, 15, 0, 0, 18, 0, 0, 0, 0, 9, 0, 0, 0, 0, 0, 0, 20, 15, : 20, 15, 10, 15, 18, 15, 15, 15, 18, 9, 20, 15, 
200: 0, 18, 20, 0, 0, 0, 0, 0, 0, 0, 0, 0, 0, 7, 15, 0, 15, 0, 0, 1, 0, 16, 15, 27, 0, 0, 0, 0, 0, 26, 0, 0, 0, 0, 0, 0, 0, 0, 0, 0, : 18, 20, 7, 15, 15, 1, 16, 15, 27, 26, 
144: 15, 15, 0, 0, 15, 0, 0, 0, 1, 0, 0, 0, 15, 15, 15, 15, 15, 0, 15, 16, 25, 16, 15, 0, 9, 0, 0, 6, 17, 0, 22, 0, 0, 0, 0, 0, 0, 0, 16, 0, : 15, 15, 15, 1, 15, 15, 15, 15, 15, 15, 16, 25, 16, 15, 9, 6, 17, 22, 16, 
85: 0, 0, 0, 0, 15, 0, 0, 15, 0, 15, 15, 0, 0, 0, 0, 15, 0, 0, 9, 0, 0, 0, 17, 0, 0, 0, 0, 0, 17, 15, 0, 0, 0, 0, 0, 18, 6, 0, 0, 0, : 15, 15, 15, 15, 15, 9, 17, 17, 15, 18, 6, 
87: 0, 0, 0, 15, 0, 0, 15, 0, 0, 8, 0, 0, 15, 0, 0, 1, 15, 15, 0, 0, 15, 0, 0, 0, 0, 19, 15, 0, 0, 0, 0, 0, 15, 27, 15, 15, 15, 0, 0, 0, : 15, 15, 8, 15, 1, 15, 15, 15, 19, 15, 15, 27, 15, 15, 15, 
153: 0, 0, 0, 15, 0, 0, 15, 0, 0, 0, 0, 15, 0, 16, 0, 0, 0, 21, 0, 0, 0, 0, 0, 0, 0, 0, 0, 17, 15, 0, 0, 0, 22, 0, 0, 0, 0, 0, 0, 0, : 15, 15, 15, 16, 21, 17, 15, 22, 
154: 0, 0, 0, 16, 0, 16, 0, 18, 0, 0, 0, 0, 0, 0, 2, 0, 0, 0, 0, 0, 0, 0, 0, 0, 0, 16, 0, 0, 0, 0, 21, 0, 0, 0, 0, 22, 0, 15, 0, 16, : 16, 16, 18, 2, 16, 21, 22, 15, 16, 
39: 0, 16, 0, 17, 0, 0, 15, 0, 0, 15, 12, 0, 0, 0, 0, 16, 0, 0, 15, 0, 0, 15, 0, 0, 0, 4, 0, 0, 0, 14, 0, 0, 0, 13, 15, 0, 0, 3, 15, 0, : 16, 17, 15, 15, 12, 16, 15, 15, 4, 14, 13, 15, 3, 15, 
8: 0, 0, 5, 0, 15, 0, 0, 0, 0, 0, 0, 15, 0, 0, 0, 0, 4, 0, 0, 0, 0, 0, 0, 0, 15, 0, 0, 15, 0, 0, 22, 15, 0, 0, 15, 0, 16, 0, 16, 0, : 5, 15, 15, 4, 15, 15, 22, 15, 15, 16, 16, 
174: 0, 0, 0, 0, 0, 3, 0, 0, 0, 28, 0, 0, 0, 0, 0, 23, 15, 16, 0, 19, 16, 19, 23, 15, 17, 0, 0, 0, 8, 0, 15, 16, 0, 0, 0, 0, 16, 0, 0, 0, : 3, 28, 23, 15, 16, 19, 16, 19, 23, 15, 17, 8, 15, 16, 16, 
166: 0, 0, 0, 0, 0, 0, 0, 0, 0, 0, 15, 0, 0, 0, 0, 0, 21, 0, 15, 0, 0, 15, 0, 0, 0, 15, 15, 17, 0, 0, 0, 0, 0, 15, 0, 0, 16, 17, 0, 0, : 15, 21, 15, 15, 15, 15, 17, 15, 16, 17, 
75: 0, 17, 0, 0, 0, 15, 17, 0, 0, 15, 20, 0, 15, 0, 21, 0, 15, 0, 0, 16, 20, 0, 0, 0, 0, 0, 0, 15, 0, 15, 0, 15, 7, 0, 0, 0, 0, 15, 0, 0, : 17, 15, 17, 15, 20, 15, 21, 15, 16, 20, 15, 15, 15, 7, 15, 
61: 0, 0, 0, 0, 15, 15, 0, 0, 16, 0, 0, 15, 0, 32, 17, 15, 0, 21, 15, 0, 0, 0, 0, 0, 15, 0, 0, 0, 0, 0, 16, 15, 15, 0, 0, 0, 0, 0, 0, 21, : 15, 15, 16, 15, 32, 17, 15, 21, 15, 15, 16, 15, 15, 21, 
127: 15, 0, 15, 15, 15, 15, 17, 17, 15, 19, 0, 0, 15, 15, 0, 0, 0, 0, 16, 18, 0, 4, 0, 0, 0, 0, 7, 0, 19, 0, 0, 0, 26, 0, 0, 15, 15, 15, 0, 0, : 15, 15, 15, 15, 15, 17, 17, 15, 19, 15, 15, 16, 18, 4, 7, 19, 26, 15, 15, 15, 
123: 0, 0, 15, 0, 0, 0, 0, 15, 0, 0, 0, 20, 7, 0, 0, 0, 0, 0, 0, 0, 0, 15, 15, 0, 15, 16, 15, 15, 0, 15, 4, 15, 0, 0, 0, 15, 0, 0, 15, 3, : 15, 15, 20, 7, 15, 15, 15, 16, 15, 15, 15, 4, 15, 15, 15, 3, 


109: 0, 15, 15, 0, 15, 0, 0, 0, 0, 0, 15, 0, 0, 24, 19, 0, 0, 0, 0, 0, 0, 0, 0, 0, 0, 0, 0, 18, 0, 0, 0, 0, 0, 15, 16, 0, 0, 0, 0, 0, : 15, 15, 15, 15, 24, 19, 18, 15, 16, 
4: 0, 16, 0, 0, 0, 0, 0, 0, 0, 0, 0, 24, 0, 0, 15, 0, 0, 0, 0, 15, 0, 0, 0, 0, 0, 15, 0, 0, 0, 15, 23, 0, 16, 0, 0, 0, 0, 0, 0, 0, : 16, 24, 15, 15, 15, 15, 23, 16, 
128: 15, 0, 15, 16, 0, 15, 0, 15, 15, 0, 0, 0, 11, 15, 0, 15, 0, 16, 15, 15, 0, 15, 0, 0, 0, 0, 0, 0, 0, 0, 0, 0, 18, 0, 0, 0, 0, 15, 15, 0, : 15, 15, 16, 15, 15, 15, 11, 15, 15, 16, 15, 15, 15, 18, 15, 15, 
169: 0, 0, 17, 22, 0, 0, 10, 0, 0, 7, 15, 0, 0, 15, 18, 0, 0, 15, 15, 0, 15, 15, 0, 0, 0, 0, 0, 0, 15, 15, 15, 25, 5, 0, 18, 0, 0, 10, 0, 0, : 17, 22, 10, 7, 15, 15, 18, 15, 15, 15, 15, 15, 15, 15, 25, 5, 18, 10, 
155: 0, 0, 0, 0, 0, 0, 0, 0, 0, 15, 0, 18, 0, 0, 0, 0, 18, 15, 15, 0, 0, 0, 19, 0, 0, 6, 0, 0, 0, 0, 0, 15, 0, 0, 0, 16, 9, 15, 0, 0, : 15, 18, 18, 15, 15, 19, 6, 15, 16, 9, 15, 
130: 15, 0, 0, 0, 8, 0, 0, 15, 0, 0, 9, 0, 22, 0, 0, 0, 0, 0, 0, 3, 0, 7, 21, 0, 0, 0, 0, 16, 0, 0, 15, 0, 0, 15, 0, 0, 15, 15, 10, 0, : 15, 8, 15, 9, 22, 3, 7, 21, 16, 15, 15, 15, 15, 10, 
108: 0, 0, 0, 0, 0, 8, 0, 16, 16, 0, 15, 15, 15, 15, 3, 0, 0, 0, 0, 0, 15, 0, 0, 15, 0, 0, 0, 0, 0, 0, 0, 15, 15, 0, 15, 15, 0, 0, 0, 0, : 8, 16, 16, 15, 15, 15, 15, 3, 15, 15, 15, 15, 15, 15, 
83: 35, 16, 20, 0, 15, 0, 0, 0, 0, 0, 15, 0, 0, 0, 0, 15, 0, 0, 0, 22, 17, 0, 0, 0, 0, 0, 21, 0, 22, 0, 0, 8, 0, 0, 0, 0, 26, 0, 0, 0, : 35, 16, 20, 15, 15, 15, 22, 17, 21, 22, 8, 26, 
100: 0, 0, 2, 15, 0, 15, 0, 3, 3, 16, 0, 0, 0, 0, 0, 15, 0, 15, 15, 0, 0, 0, 0, 0, 15, 15, 0, 0, 0, 17, 15, 0, 0, 0, 0, 21, 0, 0, 15, 0, : 2, 15, 15, 3, 3, 16, 15, 15, 15, 15, 15, 17, 15, 21, 15, 
50: 0, 8, 16, 0, 15, 0, 15, 0, 29, 15, 0, 15, 0, 0, 0, 0, 17, 0, 0, 0, 0, 0, 0, 0, 0, 0, 15, 0, 0, 0, 0, 15, 0, 0, 0, 0, 15, 0, 15, 15, : 8, 16, 15, 15, 29, 15, 15, 17, 15, 15, 15, 15, 15, 
197: 0, 15, 0, 0, 17, 0, 0, 0, 0, 15, 0, 13, 15, 0, 0, 0, 0, 0, 15, 0, 0, 0, 15, 15, 18, 15, 16, 0, 1, 6, 0, 0, 0, 17, 0, 15, 15, 0, 0, 0, : 15, 17, 15, 13, 15, 15, 15, 15, 18, 15, 16, 1, 6, 17, 15, 15, 
72: 0, 0, 0, 15, 0, 0, 15, 0, 0, 0, 0, 0, 15, 0, 0, 0, 0, 15, 0, 0, 0, 0, 0, 15, 22, 0, 0, 0, 15, 0, 0, 0, 15, 0, 15, 15, 0, 15, 15, 0, : 15, 15, 15, 15, 15, 22, 15, 15, 15, 15, 15, 15, 
49: 0, 0, 0, 0, 0, 0, 15, 15, 0, 0, 0, 0, 0, 16, 0, 0, 3, 0, 0, 15, 0, 15, 15, 0, 0, 0, 0, 15, 0, 0, 0, 0, 0, 21, 0, 0, 0, 0, 0, 16, : 15, 15, 16, 3, 15, 15, 15, 15, 21, 16, 
185: 15, 0, 0, 15, 0, 0, 0, 21, 0, 15, 0, 0, 22, 0, 0, 0, 0, 0, 0, 0, 0, 0, 0, 0, 0, 32, 0, 14, 0, 0, 15, 0, 0, 15, 17, 0, 0, 0, 15, 0, : 15, 15, 21, 15, 22, 32, 14, 15, 15, 17, 15, 
90: 0, 0, 0, 0, 0, 17, 0, 0, 0, 17, 16, 0, 0, 0, 15, 15, 0, 0, 10, 0, 0, 15, 15, 0, 0, 0, 15, 0, 0, 0, 0, 0, 0, 17, 0, 0, 0, 0, 0, 15, : 17, 17, 16, 15, 15, 10, 15, 15, 15, 17, 15, 
136: 0, 0, 0, 2, 0, 0, 15, 0, 15, 0, 0, 0, 0, 0, 0, 0, 0, 9, 0, 15, 0, 16, 15, 23, 0, 0, 15, 0, 15, 0, 0, 0, 16, 0, 4, 15, 20, 0, 0, 0, : 2, 15, 15, 9, 15, 16, 15, 23, 15, 15, 16, 4, 15, 20, 
9: 0, 0, 0, 0, 15, 15, 0, 15, 0, 0, 0, 0, 0, 15, 0, 0, 15, 15, 0, 15, 14, 17, 0, 0, 14, 0, 0, 15, 0, 17, 17, 22, 0, 0, 0, 0, 0, 15, 0, 15, : 15, 15, 15, 15, 15, 15, 15, 14, 17, 14, 15, 17, 17, 22, 15, 15, 
93: 5, 0, 0, 15, 15, 0, 0, 0, 0, 0, 15, 0, 0, 0, 15, 16, 16, 0, 15, 0, 0, 0, 0, 16, 16, 0, 15, 0, 0, 15, 0, 0, 0, 0, 0, 0, 0, 15, 0, 16, : 5, 15, 15, 15, 15, 16, 16, 15, 16, 16, 15, 15, 15, 16, 
192: 15, 15, 15, 0, 0, 15, 15, 0, 0, 0, 0, 15, 0, 0, 15, 0, 15, 0, 0, 0, 16, 0, 0, 0, 0, 0, 0, 0, 15, 0, 0, 0, 0, 0, 15, 0, 0, 0, 15, 23, : 15, 15, 15, 15, 15, 15, 15, 15, 16, 15, 15, 15, 23, 
81: 0, 15, 0, 0, 0, 15, 15, 0, 22, 0, 0, 0, 0, 0, 0, 24, 16, 0, 0, 0, 23, 0, 0, 16, 15, 17, 3, 22, 17, 15, 0, 0, 15, 0, 0, 3, 0, 0, 0, 0, : 15, 15, 15, 22, 24, 16, 23, 16, 15, 17, 3, 22, 17, 15, 15, 3, 


92: 17, 0, 0, 0, 15, 0, 0, 0, 15, 16, 15, 7, 0, 15, 0, 0, 0, 0, 0, 0, 0, 0, 0, 0, 0, 0, 0, 0, 0, 10, 0, 0, 15, 16, 18, 0, 15, 0, 0, 0, : 17, 15, 15, 16, 15, 7, 15, 10, 15, 16, 18, 15, 
5: 0, 0, 15, 15, 0, 10, 0, 21, 16, 15, 0, 0, 0, 0, 0, 0, 0, 0, 10, 15, 15, 0, 15, 0, 0, 0, 0, 16, 0, 15, 15, 0, 0, 0, 0, 0, 0, 0, 0, 0, : 15, 15, 10, 21, 16, 15, 10, 15, 15, 15, 16, 15, 15, 
102: 16, 0, 0, 0, 0, 0, 15, 0, 0, 0, 0, 0, 0, 15, 16, 0, 16, 0, 0, 0, 15, 0, 0, 0, 0, 0, 0, 0, 8, 0, 0, 0, 0, 15, 15, 17, 6, 15, 0, 1, : 16, 15, 15, 16, 16, 15, 8, 15, 15, 17, 6, 15, 1, 
175: 0, 0, 0, 0, 0, 0, 18, 15, 0, 0, 0, 0, 15, 0, 0, 15, 16, 0, 0, 15, 15, 0, 19, 19, 0, 0, 0, 15, 16, 0, 0, 0, 15, 15, 0, 0, 0, 0, 8, 0, : 18, 15, 15, 15, 16, 15, 15, 19, 19, 15, 16, 15, 15, 8, 
141: 0, 15, 0, 0, 0, 15, 15, 15, 0, 16, 0, 0, 18, 0, 0, 7, 0, 0, 15, 15, 0, 0, 0, 15, 0, 16, 0, 0, 0, 0, 20, 0, 9, 8, 0, 0, 0, 9, 0, 0, : 15, 15, 15, 15, 16, 18, 7, 15, 15, 15, 16, 20, 9, 8, 9, 
183: 0, 21, 0, 29, 0, 30, 0, 0, 0, 17, 0, 0, 15, 0, 0, 0, 0, 15, 0, 0, 0, 15, 0, 0, 0, 15, 0, 0, 0, 15, 15, 0, 0, 0, 0, 0, 0, 0, 15, 0, : 21, 29, 30, 17, 15, 15, 15, 15, 15, 15, 15, 
167: 16, 0, 0, 19, 0, 0, 0, 0, 21, 5, 0, 0, 0, 0, 0, 0, 15, 0, 15, 0, 0, 21, 0, 0, 15, 0, 15, 0, 15, 15, 0, 0, 16, 15, 0, 0, 19, 0, 0, 24, : 16, 19, 21, 5, 15, 15, 21, 15, 15, 15, 15, 16, 15, 19, 24, 
165: 0, 0, 15, 15, 8, 0, 0, 0, 0, 15, 0, 15, 0, 0, 0, 18, 0, 0, 0, 0, 8, 0, 0, 19, 0, 15, 16, 0, 0, 15, 0, 3, 0, 0, 0, 0, 15, 0, 0, 0, : 15, 15, 8, 15, 15, 18, 8, 19, 15, 16, 15, 3, 15, 
147: 4, 16, 20, 0, 0, 0, 0, 0, 0, 0, 0, 15, 2, 15, 0, 15, 0, 0, 0, 0, 15, 0, 0, 0, 4, 0, 0, 16, 0, 15, 0, 0, 15, 0, 0, 0, 15, 16, 0, 0, : 4, 16, 20, 15, 2, 15, 15, 15, 4, 16, 15, 15, 15, 16, 
156: 0, 0, 0, 0, 15, 0, 0, 0, 0, 0, 27, 15, 0, 0, 18, 15, 0, 16, 15, 0, 0, 0, 0, 0, 15, 0, 15, 0, 0, 0, 0, 0, 15, 0, 16, 0, 0, 0, 16, 15, : 15, 27, 15, 18, 15, 16, 15, 15, 15, 15, 16, 16, 15, 
133: 0, 15, 0, 17, 0, 0, 0, 1, 0, 0, 16, 0, 0, 0, 0, 0, 0, 15, 0, 18, 0, 0, 0, 16, 0, 16, 0, 0, 16, 0, 0, 37, 0, 0, 15, 0, 0, 0, 0, 0, : 15, 17, 1, 16, 15, 18, 16, 16, 16, 37, 15, 
51: 16, 15, 0, 0, 17, 15, 0, 15, 16, 0, 0, 0, 0, 0, 23, 15, 0, 0, 0, 0, 0, 15, 0, 0, 17, 17, 15, 7, 15, 0, 0, 15, 0, 0, 0, 3, 0, 19, 16, 0, : 16, 15, 17, 15, 15, 16, 23, 15, 15, 17, 17, 15, 7, 15, 15, 3, 19, 16, 
46: 15, 0, 15, 0, 0, 0, 0, 0, 0, 0, 9, 15, 0, 0, 0, 0, 0, 0, 0, 0, 0, 0, 18, 16, 0, 16, 15, 0, 0, 0, 16, 0, 0, 15, 15, 0, 15, 0, 15, 0, : 15, 15, 9, 15, 18, 16, 16, 15, 16, 15, 15, 15, 15, 
187: 0, 0, 24, 0, 0, 0, 15, 0, 15, 16, 16, 15, 0, 0, 16, 0, 15, 0, 0, 0, 0, 18, 0, 0, 15, 0, 9, 15, 0, 15, 15, 15, 0, 0, 0, 15, 0, 0, 0, 15, : 24, 15, 15, 16, 16, 15, 16, 15, 18, 15, 9, 15, 15, 15, 15, 15, 15, 
20: 16, 0, 11, 0, 0, 15, 0, 0, 2, 0, 17, 0, 20, 15, 0, 0, 0, 0, 0, 16, 17, 0, 11, 15, 0, 0, 0, 0, 0, 0, 0, 0, 0, 0, 0, 0, 15, 0, 0, 0, : 16, 11, 15, 2, 17, 20, 15, 16, 17, 11, 15, 15, 
114: 0, 0, 0, 0, 15, 0, 0, 18, 0, 0, 0, 18, 0, 5, 0, 0, 15, 15, 0, 0, 15, 0, 22, 0, 19, 0, 15, 16, 0, 0, 15, 0, 0, 0, 6, 15, 0, 0, 0, 0, : 15, 18, 18, 5, 15, 15, 15, 22, 19, 15, 16, 15, 6, 15, 
35: 0, 18, 0, 0, 15, 0, 18, 0, 0, 0, 0, 0, 15, 19, 10, 0, 15, 7, 15, 0, 0, 0, 15, 0, 0, 5, 0, 0, 0, 0, 4, 15, 0, 0, 0, 18, 0, 0, 0, 15, : 18, 15, 18, 15, 19, 10, 15, 7, 15, 15, 5, 4, 15, 18, 15, 
19: 0, 0, 0, 0, 15, 0, 0, 0, 15, 0, 0, 0, 15, 16, 17, 15, 8, 32, 0, 0, 0, 0, 0, 0, 0, 0, 0, 15, 0, 0, 0, 0, 0, 16, 0, 0, 0, 22, 0, 15, : 15, 15, 15, 16, 17, 15, 8, 32, 15, 16, 22, 15, 
18: 0, 0, 0, 0, 0, 0, 17, 15, 0, 0, 0, 0, 0, 0, 0, 0, 0, 0, 15, 0, 0, 0, 0, 0, 0, 0, 0, 0, 15, 0, 0, 0, 0, 0, 15, 17, 0, 0, 15, 0, : 17, 15, 15, 15, 15, 17, 15, 
104: 0, 0, 0, 5, 0, 15, 2, 0, 0, 0, 0, 0, 0, 0, 0, 0, 0, 0, 15, 21, 0, 31, 0, 0, 15, 0, 0, 0, 15, 0, 0, 15, 15, 0, 0, 15, 0, 19, 15, 15, : 5, 15, 2, 15, 21, 31, 15, 15, 15, 15, 15, 19, 15, 15, 


14: 24, 0, 0, 0, 0, 15, 15, 0, 0, 0, 0, 15, 0, 0, 0, 15, 0, 15, 0, 21, 15, 0, 16, 0, 0, 0, 0, 15, 0, 0, 0, 0, 21, 0, 0, 0, 0, 0, 0, 0, : 24, 15, 15, 15, 15, 15, 21, 15, 16, 15, 21, 
125: 0, 0, 0, 0, 0, 0, 0, 0, 0, 15, 0, 0, 0, 0, 0, 0, 15, 0, 0, 0, 19, 0, 0, 0, 0, 0, 0, 0, 0, 15, 15, 0, 0, 16, 25, 23, 15, 13, 15, 0, : 15, 15, 19, 15, 15, 16, 25, 23, 15, 13, 15, 
186: 0, 0, 0, 0, 15, 0, 0, 0, 15, 0, 0, 0, 15, 0, 0, 0, 0, 0, 0, 0, 0, 15, 15, 0, 0, 0, 15, 18, 0, 15, 0, 0, 15, 8, 0, 0, 0, 0, 0, 0, : 15, 15, 15, 15, 15, 15, 18, 15, 15, 8, 
168: 0, 0, 0, 15, 0, 15, 0, 0, 30, 15, 15, 15, 0, 0, 15, 0, 8, 15, 0, 0, 0, 15, 0, 0, 0, 0, 0, 0, 21, 0, 0, 0, 16, 0, 0, 17, 15, 0, 0, 0, : 15, 15, 30, 15, 15, 15, 15, 8, 15, 15, 21, 16, 17, 15, 
178: 0, 28, 0, 0, 0, 15, 0, 15, 0, 16, 0, 0, 0, 15, 0, 0, 25, 0, 16, 0, 0, 15, 17, 17, 0, 0, 0, 6, 0, 15, 15, 0, 15, 15, 3, 0, 0, 0, 0, 0, : 28, 15, 15, 16, 15, 25, 16, 15, 17, 17, 6, 15, 15, 15, 15, 3, 
13: 15, 23, 0, 0, 0, 0, 16, 19, 0, 0, 0, 0, 0, 5, 0, 0, 15, 16, 0, 15, 0, 0, 0, 0, 0, 0, 15, 0, 0, 15, 0, 19, 0, 0, 0, 0, 0, 19, 15, 0, : 15, 23, 16, 19, 5, 15, 16, 15, 15, 15, 19, 19, 15, 
25: 15, 0, 0, 0, 0, 15, 0, 0, 15, 15, 0, 0, 0, 0, 0, 0, 0, 0, 0, 0, 0, 0, 0, 20, 0, 15, 10, 0, 17, 0, 0, 15, 0, 0, 0, 15, 0, 0, 15, 0, : 15, 15, 15, 15, 20, 15, 10, 17, 15, 15, 15, 
119: 0, 0, 19, 0, 0, 0, 15, 0, 15, 23, 0, 0, 15, 0, 10, 0, 21, 0, 0, 0, 0, 19, 0, 0, 1, 15, 0, 0, 16, 0, 15, 0, 0, 0, 0, 0, 0, 16, 0, 15, : 19, 15, 15, 23, 15, 10, 21, 19, 1, 15, 16, 15, 16, 15, 
159: 0, 0, 22, 0, 0, 0, 0, 0, 0, 0, 0, 16, 0, 0, 15, 0, 0, 0, 17, 15, 15, 0, 0, 19, 0, 0, 15, 15, 0, 0, 19, 6, 0, 0, 16, 0, 0, 0, 0, 0, : 22, 16, 15, 17, 15, 15, 19, 15, 15, 19, 6, 16, 
3: 0, 0, 0, 18, 13, 0, 0, 15, 0, 0, 15, 0, 0, 0, 0, 16, 16, 0, 16, 0, 0, 0, 0, 0, 15, 0, 0, 0, 0, 19, 0, 0, 0, 0, 0, 0, 0, 0, 0, 0, : 18, 13, 15, 15, 16, 16, 16, 15, 19, 
149: 0, 15, 15, 15, 0, 15, 0, 18, 17, 16, 0, 0, 0, 0, 0, 19, 0, 21, 15, 0, 0, 0, 0, 0, 0, 15, 0, 16, 0, 0, 15, 0, 0, 0, 15, 0, 0, 17, 10, 0, : 15, 15, 15, 15, 18, 17, 16, 19, 21, 15, 15, 16, 15, 15, 17, 10, 
194: 0, 0, 15, 0, 15, 0, 0, 0, 0, 0, 14, 15, 0, 0, 0, 0, 0, 0, 0, 18, 0, 18, 0, 0, 0, 0, 0, 0, 15, 0, 0, 0, 0, 0, 26, 0, 0, 0, 15, 15, : 15, 15, 14, 15, 18, 18, 15, 26, 15, 15, 
27: 0, 0, 15, 0, 0, 0, 0, 0, 0, 0, 0, 0, 17, 16, 15, 17, 0, 0, 15, 0, 19, 0, 0, 16, 15, 0, 0, 0, 0, 0, 6, 15, 0, 0, 0, 15, 32, 0, 0, 15, : 15, 17, 16, 15, 17, 15, 19, 16, 15, 6, 15, 15, 32, 15, 
88: 0, 34, 0, 0, 0, 0, 6, 3, 0, 0, 0, 0, 0, 18, 15, 0, 0, 0, 18, 16, 0, 0, 7, 0, 0, 17, 15, 0, 0, 0, 0, 15, 0, 0, 0, 0, 18, 0, 15, 0, : 34, 6, 3, 18, 15, 18, 16, 7, 17, 15, 15, 18, 15, 
89: 15, 0, 0, 5, 0, 0, 0, 0, 0, 0, 15, 4, 0, 0, 0, 0, 0, 0, 0, 15, 15, 18, 15, 0, 0, 0, 15, 15, 16, 0, 15, 15, 0, 25, 0, 15, 17, 19, 0, 15, : 15, 5, 15, 4, 15, 15, 18, 15, 15, 15, 16, 15, 15, 25, 15, 17, 19, 15, 
118: 16, 0, 14, 15, 21, 16, 0, 15, 0, 0, 15, 0, 0, 0, 15, 15, 0, 0, 0, 0, 17, 0, 0, 15, 15, 15, 0, 15, 0, 0, 0, 0, 18, 0, 0, 0, 3, 0, 0, 25, : 16, 14, 15, 21, 16, 15, 15, 15, 15, 17, 15, 15, 15, 15, 18, 3, 25, 
24: 0, 0, 0, 0, 0, 0, 18, 0, 8, 0, 0, 35, 15, 0, 0, 18, 0, 15, 0, 0, 0, 0, 0, 0, 24, 0, 0, 0, 0, 6, 0, 0, 0, 0, 0, 15, 0, 0, 0, 15, : 18, 8, 35, 15, 18, 15, 24, 6, 15, 15, 
30: 15, 0, 0, 15, 0, 0, 15, 15, 0, 0, 0, 0, 15, 15, 15, 0, 0, 0, 0, 0, 0, 0, 15, 0, 15, 8, 0, 0, 0, 0, 0, 0, 0, 16, 15, 0, 0, 0, 0, 0, : 15, 15, 15, 15, 15, 15, 15, 15, 15, 8, 16, 15, 
188: 0, 0, 0, 17, 20, 9, 0, 0, 0, 0, 26, 0, 2, 15, 0, 0, 0, 0, 0, 0, 0, 0, 0, 0, 15, 0, 0, 0, 0, 0, 0, 0, 0, 0, 0, 0, 0, 16, 15, 0, : 17, 20, 9, 26, 2, 15, 15, 16, 15, 
173: 0, 0, 0, 0, 16, 0, 15, 0, 0, 0, 0, 0, 21, 16, 0, 0, 0, 18, 3, 0, 0, 0, 15, 13, 0, 15, 15, 0, 15, 15, 0, 15, 15, 20, 0, 0, 0, 0, 0, 0, : 16, 15, 21, 16, 18, 3, 15, 13, 15, 15, 15, 15, 15, 15, 20, 


82: 0, 0, 5, 12, 0, 0, 0, 0, 15, 15, 15, 0, 14, 0, 0, 0, 15, 0, 0, 0, 4, 17, 15, 0, 15, 0, 15, 0, 0, 0, 0, 0, 0, 2, 15, 0, 0, 15, 0, 0, : 5, 12, 15, 15, 15, 14, 15, 4, 17, 15, 15, 15, 2, 15, 15, 
78: 0, 0, 0, 15, 15, 0, 15, 0, 0, 0, 15, 0, 0, 15, 0, 0, 15, 0, 0, 15, 0, 0, 0, 0, 15, 5, 0, 0, 15, 0, 0, 0, 0, 17, 0, 0, 15, 0, 0, 0, : 15, 15, 15, 15, 15, 15, 15, 15, 5, 15, 17, 15, 
181: 15, 0, 0, 0, 0, 0, 0, 15, 15, 0, 0, 15, 0, 15, 0, 0, 16, 0, 0, 18, 15, 0, 0, 7, 0, 0, 0, 15, 0, 0, 0, 5, 0, 19, 0, 0, 0, 0, 0, 16, : 15, 15, 15, 15, 15, 16, 18, 15, 7, 15, 5, 19, 16, 
67: 21, 5, 0, 0, 24, 0, 17, 16, 0, 0, 0, 16, 0, 15, 0, 20, 0, 15, 15, 0, 0, 0, 0, 0, 0, 16, 0, 0, 0, 11, 0, 0, 0, 0, 0, 16, 15, 15, 0, 0, : 21, 5, 24, 17, 16, 16, 15, 20, 15, 15, 16, 11, 16, 15, 15, 
180: 0, 0, 15, 0, 0, 0, 0, 13, 0, 0, 0, 0, 15, 0, 0, 0, 12, 0, 15, 0, 0, 0, 0, 15, 0, 0, 0, 0, 16, 15, 20, 17, 0, 0, 0, 0, 0, 0, 15, 15, : 15, 13, 15, 12, 15, 15, 16, 15, 20, 17, 15, 15, 
29: 0, 0, 0, 15, 0, 0, 17, 0, 0, 0, 0, 0, 0, 4, 0, 0, 0, 0, 0, 24, 16, 15, 0, 15, 0, 0, 0, 0, 15, 0, 0, 0, 15, 0, 0, 0, 0, 0, 0, 0, : 15, 17, 4, 24, 16, 15, 15, 15, 15, 
172: 0, 0, 0, 0, 0, 0, 0, 0, 15, 0, 0, 0, 0, 15, 15, 16, 0, 0, 0, 0, 0, 0, 0, 15, 0, 15, 15, 0, 0, 0, 0, 0, 0, 0, 15, 15, 17, 0, 0, 0, : 15, 15, 15, 16, 15, 15, 15, 15, 15, 17, 
69: 0, 15, 0, 0, 0, 16, 0, 24, 0, 0, 0, 0, 0, 21, 0, 0, 0, 0, 28, 0, 0, 0, 18, 0, 0, 15, 0, 0, 17, 0, 15, 0, 0, 0, 0, 0, 0, 0, 0, 0, : 15, 16, 24, 21, 28, 18, 15, 17, 15, 
2: 8, 15, 0, 27, 0, 21, 0, 15, 0, 15, 0, 15, 0, 0, 0, 0, 0, 15, 8, 0, 0, 0, 15, 0, 15, 0, 0, 0, 15, 15, 27, 15, 0, 0, 15, 0, 8, 19, 0, 0, : 8, 15, 27, 21, 15, 15, 15, 15, 8, 15, 15, 15, 15, 27, 15, 15, 8, 19, 
56: 0, 0, 0, 0, 0, 5, 0, 0, 0, 5, 15, 15, 0, 0, 15, 0, 0, 10, 0, 0, 16, 15, 0, 16, 0, 0, 23, 16, 0, 0, 15, 0, 0, 15, 22, 0, 0, 17, 15, 0, : 5, 5, 15, 15, 15, 10, 16, 15, 16, 23, 16, 15, 15, 22, 17, 15, 
152: 16, 15, 0, 0, 0, 0, 4, 0, 0, 0, 22, 0, 0, 0, 0, 15, 0, 0, 0, 0, 0, 0, 0, 15, 8, 0, 15, 0, 15, 15, 0, 16, 16, 0, 0, 0, 0, 0, 0, 18, : 16, 15, 4, 22, 15, 15, 8, 15, 15, 15, 16, 16, 18, 
176: 0, 0, 19, 15, 0, 15, 0, 0, 16, 0, 0, 17, 0, 0, 17, 0, 0, 15, 0, 7, 0, 0, 0, 0, 0, 0, 0, 15, 7, 0, 0, 0, 0, 0, 0, 0, 15, 0, 0, 0, : 19, 15, 15, 16, 17, 17, 15, 7, 15, 7, 15, 
106: 18, 15, 16, 0, 0, 0, 16, 0, 9, 0, 0, 0, 0, 15, 16, 15, 0, 0, 16, 17, 0, 15, 0, 0, 0, 18, 0, 5, 0, 0, 0, 0, 15, 15, 0, 15, 15, 16, 10, 0, : 18, 15, 16, 16, 9, 15, 16, 15, 16, 17, 15, 18, 5, 15, 15, 15, 15, 16, 10, 
40: 0, 0, 0, 0, 0, 24, 0, 0, 15, 0, 0, 0, 15, 0, 0, 15, 0, 0, 18, 0, 0, 0, 0, 17, 0, 0, 15, 0, 0, 0, 8, 0, 15, 17, 0, 15, 0, 15, 0, 15, : 24, 15, 15, 15, 18, 17, 15, 8, 15, 17, 15, 15, 15, 
158: 0, 15, 15, 0, 0, 0, 0, 0, 15, 18, 0, 15, 0, 0, 17, 4, 0, 0, 0, 0, 0, 0, 0, 0, 0, 15, 0, 15, 0, 0, 0, 0, 0, 0, 0, 0, 0, 0, 0, 15, : 15, 15, 15, 18, 15, 17, 4, 15, 15, 15, 
117: 0, 0, 0, 0, 20, 19, 16, 0, 0, 17, 0, 0, 16, 0, 0, 15, 0, 15, 0, 0, 34, 0, 2, 0, 15, 0, 2, 0, 0, 29, 0, 17, 0, 15, 17, 17, 0, 0, 15, 0, : 20, 19, 16, 17, 16, 15, 15, 34, 2, 15, 2, 29, 17, 15, 17, 17, 15, 
71: 0, 0, 0, 0, 0, 0, 0, 0, 0, 15, 22, 0, 0, 0, 15, 0, 21, 30, 0, 19, 15, 15, 17, 0, 15, 0, 0, 19, 0, 15, 15, 0, 8, 0, 16, 0, 0, 0, 15, 6, : 15, 22, 15, 21, 30, 19, 15, 15, 17, 15, 19, 15, 15, 8, 16, 15, 6, 
98: 0, 0, 0, 16, 22, 0, 15, 0, 0, 15, 0, 7, 15, 0, 0, 0, 0, 0, 0, 0, 0, 8, 18, 0, 17, 16, 0, 0, 0, 0, 0, 15, 15, 0, 0, 7, 0, 0, 0, 0, : 16, 22, 15, 15, 7, 15, 8, 18, 17, 16, 15, 15, 7, 
48: 0, 20, 15, 0, 0, 0, 0, 17, 0, 0, 0, 0, 25, 0, 0, 0, 0, 0, 0, 0, 0, 15, 0, 0, 0, 0, 0, 15, 0, 0, 0, 0, 16, 0, 0, 0, 15, 0, 15, 15, : 20, 15, 17, 25, 15, 15, 16, 15, 15, 15, 
37: 22, 0, 15, 0, 19, 0, 0, 0, 0, 0, 11, 0, 0, 0, 5, 0, 21, 0, 0, 0, 0, 0, 15, 0, 0, 0, 15, 0, 0, 0, 0, 15, 0, 0, 0, 15, 0, 3, 15, 0, : 22, 15, 19, 11, 5, 21, 15, 15, 15, 15, 3, 15, 


79: 0, 15, 0, 15, 0, 0, 0, 0, 16, 16, 0, 15, 0, 15, 0, 0, 9, 0, 0, 0, 10, 15, 18, 0, 18, 16, 0, 0, 0, 15, 15, 15, 25, 15, 0, 0, 0, 0, 0, 0, : 15, 15, 16, 16, 15, 15, 9, 10, 15, 18, 18, 16, 15, 15, 15, 25, 15, 
107: 0, 0, 0, 15, 0, 0, 0, 15, 19, 0, 0, 15, 0, 0, 17, 15, 0, 0, 0, 0, 0, 15, 15, 0, 0, 0, 0, 0, 15, 16, 15, 0, 0, 0, 0, 15, 0, 0, 0, 0, : 15, 15, 19, 15, 17, 15, 15, 15, 15, 16, 15, 15, 
60: 0, 0, 23, 0, 15, 0, 0, 0, 0, 0, 0, 0, 0, 10, 15, 15, 0, 15, 0, 8, 0, 0, 0, 0, 15, 18, 21, 18, 0, 0, 0, 16, 0, 0, 0, 0, 0, 15, 0, 15, : 23, 15, 10, 15, 15, 15, 8, 15, 18, 21, 18, 16, 15, 15, 
7: 0, 0, 0, 0, 0, 15, 25, 0, 0, 0, 23, 0, 0, 0, 15, 15, 15, 0, 0, 15, 0, 0, 0, 23, 18, 0, 17, 0, 0, 0, 0, 0, 0, 0, 0, 0, 24, 0, 0, 15, : 15, 25, 23, 15, 15, 15, 15, 23, 18, 17, 24, 15, 
23: 0, 0, 0, 17, 18, 0, 0, 0, 20, 0, 0, 15, 0, 0, 0, 0, 16, 0, 0, 15, 0, 0, 0, 15, 0, 0, 0, 0, 16, 0, 15, 0, 0, 0, 0, 22, 0, 19, 15, 0, : 17, 18, 20, 15, 16, 15, 15, 16, 15, 22, 19, 15, 
65: 0, 16, 0, 0, 0, 0, 0, 0, 0, 23, 0, 0, 15, 0, 8, 0, 0, 0, 0, 0, 15, 15, 0, 0, 0, 23, 0, 0, 0, 33, 0, 0, 0, 0, 0, 0, 0, 0, 17, 20, : 16, 23, 15, 8, 15, 15, 23, 33, 17, 20, 
131: 0, 0, 16, 0, 0, 0, 0, 0, 0, 15, 0, 15, 0, 0, 0, 0, 0, 0, 15, 15, 15, 0, 18, 0, 0, 0, 0, 0, 6, 0, 0, 0, 22, 0, 15, 0, 0, 15, 0, 0, : 16, 15, 15, 15, 15, 15, 18, 6, 22, 15, 15, 
68: 0, 0, 15, 0, 0, 0, 0, 19, 15, 15, 0, 0, 0, 19, 0, 21, 15, 0, 1, 0, 0, 0, 0, 0, 0, 17, 0, 15, 0, 0, 0, 0, 0, 17, 15, 17, 0, 0, 0, 0, : 15, 19, 15, 15, 19, 21, 15, 1, 17, 15, 17, 15, 17, 
161: 0, 9, 15, 0, 0, 15, 0, 15, 0, 0, 15, 0, 0, 0, 0, 0, 0, 20, 0, 15, 0, 0, 0, 0, 0, 11, 0, 15, 0, 0, 0, 0, 17, 0, 0, 15, 15, 0, 0, 0, : 9, 15, 15, 15, 15, 20, 15, 11, 15, 17, 15, 15, 
199: 15, 15, 15, 15, 0, 15, 0, 16, 0, 0, 0, 15, 23, 0, 0, 0, 15, 0, 15, 0, 0, 0, 15, 15, 0, 0, 0, 15, 0, 0, 0, 16, 0, 11, 0, 0, 0, 0, 15, 0, : 15, 15, 15, 15, 15, 16, 15, 23, 15, 15, 15, 15, 15, 16, 11, 15, 
74: 15, 15, 15, 15, 0, 0, 0, 0, 15, 0, 0, 0, 20, 0, 15, 0, 0, 16, 24, 15, 15, 16, 2, 16, 0, 0, 15, 15, 0, 0, 15, 15, 0, 0, 0, 15, 1, 15, 0, 0, : 15, 15, 15, 15, 15, 20, 15, 16, 24, 15, 15, 16, 2, 16, 15, 15, 15, 15, 15, 1, 15, 
28: 16, 0, 0, 0, 0, 0, 0, 15, 0, 16, 20, 0, 0, 0, 0, 0, 0, 0, 0, 0, 15, 0, 0, 0, 0, 0, 0, 0, 17, 0, 22, 0, 4, 0, 16, 0, 15, 15, 0, 0, : 16, 15, 16, 20, 15, 17, 22, 4, 16, 15, 15, 
120: 0, 0, 0, 0, 15, 0, 0, 0, 0, 0, 0, 0, 0, 17, 0, 15, 0, 0, 0, 0, 15, 15, 17, 0, 0, 0, 0, 0, 0, 0, 0, 15, 0, 19, 0, 0, 0, 0, 0, 1, : 15, 17, 15, 15, 15, 17, 15, 19, 1, 
129: 0, 0, 0, 0, 0, 0, 0, 0, 0, 0, 0, 0, 0, 0, 15, 0, 0, 24, 16, 17, 0, 8, 0, 0, 0, 0, 0, 15, 0, 0, 18, 0, 0, 0, 16, 0, 0, 0, 16, 0, : 15, 24, 16, 17, 8, 15, 18, 16, 16, 
148: 20, 15, 0, 0, 0, 0, 14, 0, 0, 0, 15, 0, 22, 0, 0, 0, 0, 0, 0, 0, 0, 0, 0, 0, 0, 0, 17, 0, 15, 0, 0, 0, 0, 23, 17, 0, 0, 0, 0, 16, : 20, 15, 14, 15, 22, 17, 15, 23, 17, 16, 
126: 1, 0, 0, 0, 16, 15, 15, 0, 15, 0, 12, 0, 0, 15, 0, 0, 0, 0, 29, 0, 0, 16, 0, 0, 15, 15, 0, 0, 0, 16, 0, 15, 15, 0, 0, 0, 0, 6, 0, 0, : 1, 16, 15, 15, 15, 12, 15, 29, 16, 15, 15, 16, 15, 15, 6, 
1: 17, 15, 0, 0, 0, 15, 15, 5, 0, 0, 15, 0, 0, 0, 0, 15, 15, 0, 0, 0, 0, 0, 0, 15, 0, 0, 15, 0, 0, 16, 0, 0, 0, 0, 0, 16, 0, 0, 22, 15, : 17, 15, 15, 15, 5, 15, 15, 15, 15, 15, 16, 16, 22, 15, 
41: 0, 0, 0, 8, 0, 15, 16, 0, 0, 0, 0, 25, 0, 0, 0, 0, 0, 5, 0, 0, 15, 0, 0, 0, 15, 0, 0, 0, 15, 0, 0, 0, 17, 0, 6, 0, 0, 15, 0, 0, : 8, 15, 16, 25, 5, 15, 15, 15, 17, 6, 15, 
190: 16, 0, 0, 15, 20, 10, 0, 0, 0, 15, 0, 0, 20, 0, 15, 4, 0, 20, 0, 0, 0, 0, 0, 16, 0, 0, 0, 0, 0, 0, 0, 0, 0, 15, 0, 0, 15, 0, 15, 0, : 16, 15, 20, 10, 15, 20, 15, 4, 20, 16, 15, 15, 15, 
76: 0, 0, 1, 0, 16, 0, 15, 15, 0, 0, 0, 0, 0, 24, 0, 0, 15, 0, 0, 0, 0, 0, 15, 0, 19, 0, 15, 7, 16, 4, 0, 8, 0, 0, 15, 0, 30, 0, 0, 18, : 1, 16, 15, 15, 24, 15, 15, 19, 15, 7, 16, 4, 8, 15, 30, 18, 


151: 0, 0, 0, 0, 0, 5, 15, 16, 0, 20, 0, 0, 0, 0, 15, 0, 0, 19, 15, 0, 0, 0, 17, 0, 15, 0, 0, 0, 15, 15, 0, 27, 0, 15, 0, 17, 0, 0, 0, 0, : 5, 15, 16, 20, 15, 19, 15, 17, 15, 15, 15, 27, 15, 17, 
157: 0, 5, 0, 0, 0, 0, 0, 7, 16, 0, 0, 15, 0, 0, 15, 0, 15, 0, 0, 0, 0, 0, 0, 21, 0, 15, 0, 15, 0, 0, 15, 0, 15, 0, 0, 15, 0, 27, 4, 0, : 5, 7, 16, 15, 15, 15, 21, 15, 15, 15, 15, 15, 27, 4, 
145: 18, 0, 0, 0, 0, 0, 0, 0, 0, 0, 0, 0, 15, 15, 0, 0, 0, 0, 0, 0, 15, 0, 15, 0, 0, 0, 15, 0, 0, 0, 0, 8, 0, 0, 0, 0, 0, 0, 0, 15, : 18, 15, 15, 15, 15, 15, 8, 15, 
121: 0, 0, 0, 0, 0, 0, 19, 0, 20, 0, 25, 0, 0, 0, 0, 0, 15, 0, 0, 16, 0, 15, 0, 0, 0, 0, 15, 0, 0, 0, 9, 0, 15, 15, 0, 16, 0, 0, 0, 0, : 19, 20, 25, 15, 16, 15, 15, 9, 15, 15, 16, 
111: 7, 0, 0, 0, 0, 15, 0, 15, 0, 0, 0, 15, 0, 0, 0, 15, 0, 0, 0, 0, 0, 0, 0, 0, 0, 0, 15, 0, 0, 8, 0, 0, 0, 0, 15, 15, 15, 0, 15, 16, : 7, 15, 15, 15, 15, 15, 8, 15, 15, 15, 15, 16, 
59: 15, 18, 0, 18, 0, 0, 15, 0, 0, 0, 0, 23, 0, 15, 0, 15, 0, 0, 17, 16, 0, 0, 0, 16, 0, 0, 0, 0, 15, 0, 0, 0, 0, 0, 0, 15, 0, 0, 15, 0, : 15, 18, 18, 15, 23, 15, 15, 17, 16, 16, 15, 15, 15, 
105: 0, 0, 0, 0, 0, 15, 0, 0, 0, 0, 15, 16, 18, 0, 0, 16, 0, 0, 0, 0, 18, 0, 3, 0, 15, 15, 15, 0, 14, 0, 0, 17, 0, 15, 15, 0, 0, 23, 19, 0, : 15, 15, 16, 18, 16, 18, 3, 15, 15, 15, 14, 17, 15, 15, 23, 19, 
31: 15, 0, 23, 0, 18, 15, 0, 0, 0, 0, 0, 0, 15, 0, 15, 3, 15, 0, 15, 0, 0, 0, 0, 15, 0, 0, 0, 0, 0, 15, 0, 15, 0, 0, 0, 0, 15, 0, 0, 0, : 15, 23, 18, 15, 15, 15, 3, 15, 15, 15, 15, 15, 15, 
55: 0, 0, 0, 0, 15, 15, 0, 0, 0, 4, 0, 15, 0, 0, 6, 17, 38, 15, 15, 0, 0, 0, 20, 11, 0, 18, 15, 0, 15, 0, 0, 0, 15, 0, 15, 0, 0, 19, 0, 0, : 15, 15, 4, 15, 6, 17, 38, 15, 15, 20, 11, 18, 15, 15, 15, 15, 19, 
177: 0, 0, 0, 16, 0, 15, 0, 0, 0, 24, 15, 0, 15, 0, 0, 0, 0, 0, 0, 0, 0, 15, 15, 0, 17, 6, 0, 15, 0, 17, 0, 0, 0, 18, 0, 20, 0, 0, 0, 0, : 16, 15, 24, 15, 15, 15, 15, 17, 6, 15, 17, 18, 20, 
137: 0, 0, 16, 21, 15, 0, 0, 15, 0, 19, 0, 0, 0, 0, 0, 0, 0, 0, 0, 0, 0, 15, 15, 0, 0, 15, 0, 0, 0, 15, 0, 0, 0, 0, 24, 0, 0, 0, 0, 16, : 16, 21, 15, 15, 19, 15, 15, 15, 15, 24, 16, 
193: 0, 0, 17, 0, 0, 0, 0, 0, 22, 0, 15, 0, 0, 0, 0, 0, 0, 0, 15, 0, 22, 0, 0, 0, 15, 0, 0, 15, 0, 0, 16, 0, 0, 0, 0, 2, 15, 0, 15, 15, : 17, 22, 15, 15, 22, 15, 15, 16, 2, 15, 15, 15, 
10: 15, 15, 0, 15, 19, 0, 16, 32, 16, 0, 0, 0, 0, 0, 0, 0, 0, 0, 0, 7, 15, 0, 0, 0, 0, 0, 15, 15, 26, 0, 0, 0, 15, 21, 0, 0, 19, 0, 0, 15, : 15, 15, 15, 19, 16, 32, 16, 7, 15, 15, 15, 26, 15, 21, 19, 15, 
162: 0, 0, 0, 0, 0, 0, 19, 0, 0, 16, 15, 1, 0, 0, 15, 0, 16, 8, 0, 15, 0, 15, 0, 0, 15, 0, 0, 15, 0, 0, 15, 0, 0, 16, 0, 0, 0, 15, 0, 0, : 19, 16, 15, 1, 15, 16, 8, 15, 15, 15, 15, 15, 16, 15, 
142: 0, 16, 0, 0, 0, 0, 0, 0, 0, 0, 0, 0, 0, 29, 19, 0, 0, 0, 0, 0, 15, 0, 0, 0, 20, 0, 0, 0, 0, 0, 0, 0, 8, 0, 8, 0, 0, 0, 17, 0, : 16, 29, 19, 15, 20, 8, 8, 17, 
64: 15, 15, 15, 15, 0, 0, 0, 0, 0, 0, 0, 15, 15, 15, 0, 0, 0, 32, 0, 15, 15, 9, 0, 0, 0, 15, 0, 0, 0, 0, 0, 0, 17, 0, 23, 0, 5, 0, 15, 0, : 15, 15, 15, 15, 15, 15, 15, 32, 15, 15, 9, 15, 17, 23, 5, 15, 
57: 15, 0, 15, 0, 16, 0, 0, 0, 22, 0, 0, 0, 0, 0, 0, 19, 0, 0, 8, 16, 0, 0, 0, 0, 3, 0, 10, 15, 15, 0, 15, 17, 15, 0, 0, 0, 15, 0, 0, 19, : 15, 15, 16, 22, 19, 8, 16, 3, 10, 15, 15, 15, 17, 15, 15, 19, 
45: 0, 16, 0, 0, 0, 0, 0, 0, 4, 17, 0, 0, 2, 11, 15, 0, 0, 26, 0, 15, 0, 15, 15, 37, 0, 0, 0, 10, 0, 15, 15, 0, 0, 0, 0, 0, 0, 0, 0, 0, : 16, 4, 17, 2, 11, 15, 26, 15, 15, 15, 37, 10, 15, 15, 
124: 0, 0, 0, 15, 17, 0, 16, 0, 0, 0, 15, 0, 0, 0, 0, 0, 0, 0, 0, 0, 0, 0, 0, 0, 0, 16, 0, 0, 0, 0, 15, 16, 0, 0, 0, 0, 0, 0, 0, 0, : 15, 17, 16, 15, 16, 15, 16, 
112: 0, 15, 14, 0, 0, 20, 0, 15, 0, 0, 0, 0, 20, 15, 0, 15, 1, 0, 15, 0, 0, 16, 0, 0, 0, 0, 0, 0, 0, 15, 0, 0, 0, 0, 0, 0, 16, 16, 0, 4, : 15, 14, 20, 15, 20, 15, 15, 1, 15, 16, 15, 16, 16, 4, 


