
40
40
100
2

16: 0, 0, 15, 0, 0, 0, 0, 0, 15, 0, 0, 0, 15, 0, 0, 25, 0, 0, 0, 0, 0, 16, 15, 0, 19, 15, 0, 0, 0, 0, 15, 0, 0, 0, 0, 0, 0, 15, 0, 0, : 15, 15, 15, 25, 16, 15, 19, 15, 15, 15, 
21: 4, 0, 0, 0, 0, 0, 0, 16, 0, 0, 0, 0, 17, 0, 0, 0, 16, 6, 17, 0, 0, 17, 0, 0, 18, 0, 0, 0, 0, 0, 15, 0, 0, 0, 0, 0, 16, 0, 15, 0, : 4, 16, 17, 16, 6, 17, 17, 18, 15, 16, 15, 
13: 15, 0, 0, 0, 0, 0, 0, 0, 0, 7, 0, 15, 15, 0, 15, 0, 0, 0, 15, 0, 0, 0, 0, 18, 0, 25, 0, 15, 15, 0, 0, 15, 0, 0, 19, 15, 0, 15, 16, 0, : 15, 7, 15, 15, 15, 15, 18, 25, 15, 15, 15, 19, 15, 15, 16, 
4: 16, 0, 15, 0, 0, 15, 15, 0, 0, 0, 15, 0, 0, 0, 16, 0, 0, 0, 0, 15, 0, 0, 0, 0, 0, 0, 0, 0, 15, 0, 0, 0, 0, 16, 0, 15, 15, 0, 0, 4, : 16, 15, 15, 15, 15, 16, 15, 15, 16, 15, 15, 4, 
34: 0, 0, 19, 0, 0, 0, 0, 0, 15, 0, 26, 9, 0, 0, 0, 0, 0, 19, 15, 0, 0, 15, 17, 0, 0, 0, 0, 0, 0, 0, 0, 0, 0, 0, 15, 8, 15, 0, 15, 18, : 19, 15, 26, 9, 19, 15, 15, 17, 15, 8, 15, 15, 18, 
8: 0, 15, 6, 0, 18, 0, 0, 15, 1, 0, 0, 15, 0, 0, 0, 0, 0, 0, 19, 15, 0, 0, 0, 0, 15, 15, 16, 15, 0, 16, 15, 0, 0, 0, 0, 17, 21, 0, 0, 0, : 15, 6, 18, 15, 1, 15, 19, 15, 15, 15, 16, 15, 16, 15, 17, 21, 
14: 0, 15, 0, 0, 0, 0, 0, 0, 0, 18, 0, 0, 0, 6, 15, 0, 0, 26, 0, 0, 27, 0, 0, 0, 15, 0, 0, 0, 15, 15, 0, 0, 20, 0, 0, 15, 0, 0, 0, 0, : 15, 18, 6, 15, 26, 27, 15, 15, 15, 20, 15, 
25: 0, 7, 15, 0, 17, 0, 0, 0, 0, 0, 0, 15, 0, 0, 0, 0, 0, 0, 0, 0, 0, 0, 0, 0, 0, 10, 16, 0, 0, 0, 0, 0, 0, 0, 0, 15, 0, 15, 0, 0, : 7, 15, 17, 15, 10, 16, 15, 15, 
36: 0, 0, 0, 0, 18, 11, 0, 0, 0, 0, 17, 0, 15, 19, 0, 15, 15, 0, 4, 0, 29, 0, 0, 0, 0, 0, 0, 0, 24, 0, 0, 0, 15, 0, 0, 15, 0, 0, 0, 0, : 18, 11, 17, 15, 19, 15, 15, 4, 29, 24, 15, 15, 
22: 0, 0, 0, 18, 15, 0, 0, 0, 21, 15, 15, 0, 0, 15, 15, 9, 0, 0, 0, 0, 0, 15, 0, 0, 3, 0, 0, 0, 0, 0, 0, 0, 15, 0, 0, 0, 0, 0, 0, 0, : 18, 15, 21, 15, 15, 15, 15, 9, 15, 3, 15, 
20: 15, 15, 0, 0, 0, 0, 25, 0, 0, 0, 0, 0, 18, 15, 9, 0, 0, 0, 0, 7, 0, 0, 16, 16, 0, 0, 20, 15, 0, 0, 0, 0, 0, 16, 15, 0, 0, 20, 20, 15, : 15, 15, 25, 18, 15, 9, 7, 16, 16, 20, 15, 16, 15, 20, 20, 15, 
10: 0, 0, 0, 0, 15, 26, 15, 24, 18, 0, 0, 0, 5, 0, 0, 15, 0, 0, 0, 0, 0, 0, 0, 15, 0, 0, 0, 15, 15, 0, 1, 25, 15, 18, 0, 0, 0, 17, 0, 15, : 15, 26, 15, 24, 18, 5, 15, 15, 15, 15, 1, 25, 15, 18, 17, 15, 
28: 0, 0, 0, 0, 15, 0, 15, 0, 0, 0, 0, 0, 0, 0, 0, 0, 0, 0, 0, 16, 0, 0, 15, 15, 0, 0, 0, 17, 15, 0, 18, 0, 0, 0, 18, 0, 0, 0, 0, 0, : 15, 15, 16, 15, 15, 17, 15, 18, 18, 
27: 15, 18, 15, 0, 0, 0, 0, 13, 15, 15, 15, 15, 0, 15, 15, 20, 0, 0, 0, 15, 0, 16, 0, 0, 0, 0, 15, 20, 1, 15, 0, 15, 0, 0, 0, 0, 0, 0, 0, 0, : 15, 18, 15, 13, 15, 15, 15, 15, 15, 15, 20, 15, 16, 15, 20, 1, 15, 15, 
5: 16, 15, 0, 22, 0, 0, 15, 0, 0, 0, 12, 0, 0, 15, 0, 16, 0, 18, 0, 0, 15, 0, 18, 0, 0, 0, 18, 0, 0, 0, 0, 0, 0, 15, 16, 0, 0, 15, 4, 18, : 16, 15, 22, 15, 12, 15, 16, 18, 15, 18, 18, 15, 16, 15, 4, 18, 
32: 0, 0, 0, 0, 2, 27, 0, 0, 15, 0, 0, 0, 0, 0, 0, 0, 15, 15, 15, 17, 0, 0, 0, 0, 0, 0, 0, 3, 0, 0, 15, 15, 17, 17, 2, 0, 15, 0, 15, 15, : 2, 27, 15, 15, 15, 15, 17, 3, 15, 15, 17, 17, 2, 15, 15, 15, 
31: 19, 0, 0, 0, 0, 0, 15, 0, 0, 0, 0, 0, 0, 0, 15, 0, 15, 16, 15, 0, 0, 6, 16, 0, 0, 0, 0, 0, 0, 0, 0, 15, 18, 0, 0, 0, 18, 0, 0, 15, : 19, 15, 15, 15, 16, 15, 6, 16, 15, 18, 18, 15, 
19: 0, 0, 0, 29, 0, 0, 0, 15, 0, 15, 0, 0, 0, 0, 0, 0, 19, 0, 0, 0, 14, 15, 0, 4, 15, 20, 0, 0, 0, 0, 21, 0, 0, 18, 0, 0, 0, 0, 15, 0, : 29, 15, 15, 19, 14, 15, 4, 15, 20, 21, 18, 15, 
39: 0, 15, 0, 16, 0, 21, 0, 17, 0, 15, 0, 15, 0, 15, 0, 0, 0, 0, 0, 15, 0, 0, 3, 17, 15, 15, 0, 0, 0, 27, 0, 0, 0, 0, 15, 0, 0, 3, 0, 0, : 15, 16, 21, 17, 15, 15, 15, 15, 3, 17, 15, 15, 27, 15, 3, 
26: 0, 0, 15, 15, 0, 0, 0, 0, 0, 15, 0, 16, 15, 0, 0, 0, 20, 0, 0, 0, 15, 0, 0, 15, 0, 0, 15, 0, 0, 27, 0, 15, 0, 0, 0, 0, 0, 0, 0, 0, : 15, 15, 15, 16, 15, 20, 15, 15, 15, 27, 15, 


1: 0, 15, 0, 0, 0, 0, 0, 15, 15, 0, 16, 0, 0, 19, 15, 0, 0, 0, 0, 17, 17, 0, 3, 0, 0, 0, 16, 0, 15, 2, 0, 16, 0, 16, 0, 0, 0, 0, 0, 0, : 15, 15, 15, 16, 19, 15, 17, 17, 3, 16, 15, 2, 16, 16, 
37: 21, 29, 0, 0, 15, 0, 0, 0, 0, 0, 9, 0, 0, 0, 21, 0, 0, 0, 0, 22, 0, 0, 15, 15, 0, 0, 0, 15, 0, 0, 0, 0, 0, 15, 0, 8, 15, 0, 0, 0, : 21, 29, 15, 9, 21, 22, 15, 15, 15, 15, 8, 15, 
6: 15, 0, 15, 0, 0, 0, 0, 0, 0, 0, 0, 0, 0, 0, 0, 0, 0, 8, 0, 0, 0, 0, 0, 0, 0, 8, 0, 16, 0, 0, 15, 0, 0, 15, 0, 0, 13, 0, 15, 0, : 15, 15, 8, 8, 16, 15, 15, 13, 15, 
40: 0, 0, 16, 0, 0, 15, 0, 0, 0, 0, 0, 21, 18, 15, 0, 15, 0, 15, 0, 17, 0, 15, 0, 16, 0, 15, 16, 0, 0, 0, 0, 15, 0, 0, 0, 0, 0, 0, 15, 0, : 16, 15, 21, 18, 15, 15, 15, 17, 15, 16, 15, 16, 15, 15, 
18: 0, 0, 0, 0, 0, 16, 0, 0, 0, 16, 15, 18, 0, 0, 0, 0, 15, 0, 0, 0, 15, 0, 20, 15, 0, 17, 0, 0, 0, 0, 0, 0, 16, 0, 0, 15, 0, 0, 0, 0, : 16, 16, 15, 18, 15, 15, 20, 15, 17, 16, 15, 
3: 0, 0, 0, 0, 0, 0, 0, 0, 15, 19, 0, 15, 0, 0, 0, 15, 16, 15, 0, 0, 0, 0, 0, 0, 0, 0, 0, 0, 0, 0, 24, 0, 0, 0, 17, 0, 15, 0, 0, 30, : 15, 19, 15, 15, 16, 15, 24, 17, 15, 30, 
30: 0, 15, 6, 16, 0, 8, 0, 0, 0, 0, 15, 0, 23, 0, 15, 0, 0, 0, 0, 0, 0, 20, 17, 0, 15, 0, 16, 19, 15, 0, 0, 0, 0, 15, 0, 0, 0, 0, 0, 0, : 15, 6, 16, 8, 15, 23, 15, 20, 17, 15, 16, 19, 15, 15, 
35: 12, 0, 18, 15, 0, 16, 16, 0, 16, 0, 0, 15, 0, 19, 0, 5, 24, 0, 1, 8, 0, 0, 15, 0, 37, 0, 16, 0, 0, 19, 0, 0, 15, 0, 0, 0, 15, 0, 0, 25, : 12, 18, 15, 16, 16, 16, 15, 19, 5, 24, 1, 8, 15, 37, 16, 19, 15, 15, 25, 
38: 15, 0, 0, 0, 0, 0, 17, 0, 0, 16, 0, 0, 0, 15, 15, 0, 0, 0, 16, 0, 0, 0, 0, 0, 2, 15, 15, 15, 0, 0, 0, 0, 0, 0, 0, 15, 27, 15, 0, 0, : 15, 17, 16, 15, 15, 16, 2, 15, 15, 15, 15, 27, 15, 
29: 0, 11, 0, 15, 0, 0, 0, 0, 18, 16, 0, 0, 0, 0, 0, 0, 15, 15, 0, 0, 16, 0, 0, 0, 0, 0, 0, 0, 0, 0, 0, 0, 0, 0, 19, 0, 0, 0, 0, 0, : 11, 15, 18, 16, 15, 15, 16, 19, 
23: 0, 0, 0, 0, 16, 0, 15, 0, 0, 0, 0, 0, 0, 0, 0, 0, 0, 0, 15, 0, 0, 15, 0, 15, 0, 0, 0, 15, 0, 0, 0, 15, 17, 0, 4, 15, 0, 9, 0, 0, : 16, 15, 15, 15, 15, 15, 15, 17, 4, 15, 9, 
7: 0, 0, 15, 0, 15, 0, 0, 15, 6, 0, 15, 0, 0, 0, 0, 16, 0, 0, 0, 0, 0, 15, 15, 0, 0, 15, 0, 0, 15, 15, 15, 8, 0, 0, 0, 17, 0, 0, 0, 5, : 15, 15, 15, 6, 15, 16, 15, 15, 15, 15, 15, 15, 8, 17, 5, 
11: 0, 0, 0, 0, 16, 0, 0, 3, 15, 0, 0, 0, 0, 15, 15, 15, 15, 15, 0, 17, 0, 0, 0, 15, 15, 0, 0, 5, 0, 16, 0, 0, 0, 0, 0, 0, 0, 0, 0, 0, : 16, 3, 15, 15, 15, 15, 15, 15, 17, 15, 15, 5, 16, 
17: 0, 15, 0, 0, 20, 15, 15, 15, 0, 0, 15, 0, 5, 17, 0, 0, 0, 0, 16, 0, 22, 0, 0, 0, 16, 0, 0, 0, 0, 17, 0, 15, 0, 19, 0, 0, 0, 0, 17, 15, : 15, 20, 15, 15, 15, 15, 5, 17, 16, 22, 16, 17, 15, 19, 17, 15, 
24: 0, 0, 0, 0, 0, 0, 22, 22, 0, 0, 0, 0, 15, 0, 0, 16, 0, 17, 22, 0, 15, 0, 0, 0, 15, 0, 15, 0, 0, 0, 0, 16, 18, 15, 0, 15, 15, 0, 0, 0, : 22, 22, 15, 16, 17, 22, 15, 15, 15, 16, 18, 15, 15, 15, 
2: 0, 15, 0, 0, 0, 0, 0, 0, 0, 15, 0, 0, 0, 0, 4, 0, 0, 0, 15, 0, 0, 15, 0, 9, 0, 0, 6, 0, 15, 0, 1, 0, 19, 0, 15, 0, 0, 15, 15, 0, : 15, 15, 4, 15, 15, 9, 6, 15, 1, 19, 15, 15, 15, 
12: 22, 0, 15, 15, 0, 0, 15, 15, 15, 3, 0, 16, 24, 0, 0, 0, 0, 0, 0, 0, 0, 0, 15, 0, 0, 15, 0, 0, 0, 16, 15, 0, 0, 0, 15, 0, 0, 16, 0, 25, : 22, 15, 15, 15, 15, 15, 3, 16, 24, 15, 15, 16, 15, 15, 16, 25, 
9: 0, 0, 0, 24, 0, 30, 0, 15, 0, 15, 0, 0, 0, 0, 0, 18, 15, 0, 15, 0, 0, 0, 0, 0, 0, 0, 0, 0, 15, 15, 15, 0, 15, 5, 0, 0, 0, 15, 4, 0, : 24, 30, 15, 15, 18, 15, 15, 15, 15, 15, 15, 5, 15, 4, 
33: 0, 0, 15, 0, 18, 0, 0, 0, 0, 0, 15, 15, 15, 0, 0, 0, 0, 15, 0, 19, 15, 20, 0, 15, 0, 0, 0, 0, 15, 0, 15, 15, 0, 0, 15, 15, 0, 15, 19, 0, : 15, 18, 15, 15, 15, 15, 19, 15, 20, 15, 15, 15, 15, 15, 15, 15, 19, 
15: 15, 0, 0, 15, 0, 0, 0, 0, 0, 0, 0, 0, 0, 0, 15, 0, 0, 0, 0, 0, 0, 0, 0, 0, 0, 15, 0, 15, 10, 0, 0, 0, 0, 0, 15, 0, 0, 15, 15, 0, : 15, 15, 15, 15, 15, 10, 15, 15, 15, 


