
100
40
100
2

40: 0, 0, 35, 0, 0, 0, 0, 0, 0, 1, 0, 0, 0, 10, 15, 15, 0, 0, 0, 0, 15, 15, 0, 0, 0, 0, 15, 17, 0, 0, 15, 0, 0, 0, 0, 18, 1, 16, 16, 15, 0, 0, 15, 0, 15, 6, 0, 15, 21, 0, 0, 0, 0, 0, 0, 0, 0, 0, 15, 0, 0, 15, 0, 0, 15, 0, 0, 15, 0, 0, 0, 0, 17, 0, 15, 17, 0, 0, 0, 15, 0, 0, 15, 0, 17, 0, 0, 0, 0, 0, 0, 8, 15, 0, 15, 0, 0, 17, 0, 0, : 35, 1, 10, 15, 15, 15, 15, 15, 17, 15, 18, 1, 16, 16, 15, 15, 15, 6, 15, 21, 15, 15, 15, 15, 17, 15, 17, 15, 15, 17, 8, 15, 15, 17, 
29: 15, 0, 0, 0, 0, 0, 17, 20, 16, 0, 0, 0, 0, 15, 15, 15, 15, 0, 0, 0, 0, 0, 0, 0, 15, 0, 0, 8, 0, 0, 0, 15, 0, 0, 0, 0, 15, 0, 0, 0, 15, 20, 0, 0, 0, 0, 0, 0, 15, 0, 0, 0, 0, 0, 0, 15, 16, 0, 15, 0, 0, 15, 15, 0, 0, 17, 15, 0, 0, 0, 15, 15, 0, 0, 16, 15, 15, 0, 15, 9, 0, 0, 0, 0, 17, 15, 15, 15, 15, 0, 6, 15, 0, 0, 0, 0, 0, 0, 14, 0, : 15, 17, 20, 16, 15, 15, 15, 15, 15, 8, 15, 15, 15, 20, 15, 15, 16, 15, 15, 15, 17, 15, 15, 15, 16, 15, 15, 15, 9, 17, 15, 15, 15, 15, 6, 15, 14, 
14: 0, 15, 0, 0, 0, 0, 0, 0, 19, 0, 0, 0, 16, 0, 6, 0, 15, 0, 4, 0, 0, 0, 24, 0, 0, 0, 15, 0, 0, 0, 0, 0, 15, 0, 15, 15, 0, 0, 0, 0, 0, 15, 0, 0, 0, 0, 0, 15, 0, 0, 0, 15, 0, 0, 29, 0, 0, 15, 15, 16, 15, 0, 0, 16, 15, 0, 19, 0, 0, 15, 0, 0, 0, 0, 0, 0, 0, 0, 0, 0, 0, 0, 20, 0, 0, 0, 15, 0, 0, 0, 0, 0, 0, 0, 0, 0, 0, 0, 0, 15, : 15, 19, 16, 6, 15, 4, 24, 15, 15, 15, 15, 15, 15, 15, 29, 15, 15, 16, 15, 16, 15, 19, 15, 20, 15, 15, 
39: 16, 0, 0, 0, 0, 0, 20, 0, 0, 0, 17, 15, 0, 0, 0, 0, 0, 4, 0, 0, 0, 20, 0, 15, 0, 15, 0, 0, 0, 15, 0, 0, 0, 0, 16, 25, 0, 0, 0, 0, 10, 0, 0, 0, 0, 0, 15, 0, 0, 15, 15, 15, 0, 0, 17, 15, 0, 0, 0, 19, 16, 0, 0, 3, 8, 18, 0, 0, 0, 0, 0, 23, 21, 0, 0, 0, 0, 0, 0, 15, 0, 0, 0, 15, 5, 0, 15, 15, 0, 0, 0, 0, 0, 24, 0, 0, 0, 0, 0, 0, : 16, 20, 17, 15, 4, 20, 15, 15, 15, 16, 25, 10, 15, 15, 15, 15, 17, 15, 19, 16, 3, 8, 18, 23, 21, 15, 15, 5, 15, 15, 24, 
36: 0, 0, 0, 15, 0, 0, 0, 0, 0, 0, 23, 15, 15, 0, 0, 0, 15, 0, 16, 0, 0, 0, 34, 0, 15, 0, 18, 0, 16, 0, 0, 1, 0, 0, 5, 27, 0, 0, 0, 0, 0, 0, 16, 0, 0, 0, 0, 0, 16, 0, 0, 0, 0, 15, 0, 15, 20, 16, 0, 0, 0, 0, 0, 15, 0, 28, 15, 0, 15, 0, 0, 0, 0, 0, 8, 15, 0, 0, 15, 0, 0, 0, 0, 0, 0, 0, 0, 0, 0, 0, 15, 15, 0, 15, 0, 0, 0, 0, 0, 0, : 15, 23, 15, 15, 15, 16, 34, 15, 18, 16, 1, 5, 27, 16, 16, 15, 15, 20, 16, 15, 28, 15, 15, 8, 15, 15, 15, 15, 15, 
18: 1, 8, 0, 15, 0, 15, 0, 0, 0, 15, 26, 0, 0, 0, 0, 0, 0, 0, 0, 15, 0, 0, 0, 0, 10, 0, 0, 0, 0, 0, 16, 0, 31, 0, 0, 0, 0, 15, 0, 0, 0, 0, 0, 17, 0, 0, 15, 19, 0, 0, 0, 15, 0, 35, 0, 0, 0, 6, 0, 0, 0, 0, 0, 15, 0, 0, 15, 0, 0, 21, 15, 0, 19, 0, 0, 0, 15, 15, 0, 0, 0, 16, 20, 15, 0, 0, 16, 0, 15, 15, 25, 0, 16, 0, 0, 0, 0, 0, 0, 16, : 1, 8, 15, 15, 15, 26, 15, 10, 16, 31, 15, 17, 15, 19, 15, 35, 6, 15, 15, 21, 15, 19, 15, 15, 16, 20, 15, 16, 15, 15, 25, 16, 16, 
17: 0, 25, 15, 10, 15, 15, 15, 0, 0, 18, 17, 14, 0, 15, 0, 21, 0, 0, 22, 0, 0, 0, 11, 0, 15, 0, 0, 0, 8, 0, 15, 0, 0, 0, 15, 15, 0, 15, 15, 0, 0, 0, 0, 16, 0, 0, 7, 0, 15, 18, 0, 15, 0, 0, 15, 16, 0, 15, 15, 0, 0, 34, 15, 0, 0, 0, 0, 0, 15, 0, 0, 17, 0, 4, 0, 8, 0, 0, 0, 0, 26, 0, 15, 0, 0, 0, 0, 0, 0, 0, 0, 0, 0, 0, 0, 16, 20, 0, 0, 19, : 25, 15, 10, 15, 15, 15, 18, 17, 14, 15, 21, 22, 11, 15, 8, 15, 15, 15, 15, 15, 16, 7, 15, 18, 15, 15, 16, 15, 15, 34, 15, 15, 17, 4, 8, 26, 15, 16, 20, 19, 
13: 0, 0, 15, 16, 0, 15, 0, 0, 0, 17, 0, 20, 15, 0, 0, 0, 0, 0, 0, 15, 15, 0, 0, 0, 15, 15, 7, 15, 15, 0, 0, 15, 0, 0, 0, 0, 20, 0, 4, 0, 15, 0, 20, 0, 0, 16, 0, 0, 15, 0, 0, 15, 15, 0, 0, 0, 0, 0, 10, 0, 0, 5, 0, 0, 0, 15, 0, 14, 15, 0, 0, 15, 0, 23, 0, 0, 0, 0, 7, 0, 0, 23, 0, 0, 15, 0, 15, 0, 15, 0, 0, 0, 0, 0, 0, 0, 0, 15, 0, 0, : 15, 16, 15, 17, 20, 15, 15, 15, 15, 15, 7, 15, 15, 15, 20, 4, 15, 20, 16, 15, 15, 15, 10, 5, 15, 14, 15, 15, 23, 7, 23, 15, 15, 15, 15, 
7: 15, 20, 15, 0, 0, 0, 0, 0, 16, 0, 0, 0, 0, 0, 16, 0, 17, 15, 20, 0, 8, 24, 0, 0, 15, 15, 0, 0, 0, 0, 15, 15, 26, 15, 0, 0, 0, 14, 16, 0, 0, 0, 0, 0, 15, 0, 0, 0, 0, 15, 3, 0, 10, 0, 0, 0, 0, 0, 0, 15, 0, 0, 0, 0, 0, 0, 15, 31, 15, 0, 34, 0, 0, 0, 0, 15, 0, 0, 0, 15, 0, 0, 0, 5, 0, 15, 0, 0, 0, 15, 0, 15, 0, 15, 15, 0, 0, 0, 15, 0, : 15, 20, 15, 16, 16, 17, 15, 20, 8, 24, 15, 15, 15, 15, 26, 15, 14, 16, 15, 15, 3, 10, 15, 15, 31, 15, 34, 15, 15, 5, 15, 15, 15, 15, 15, 15, 
5: 15, 0, 0, 0, 16, 0, 0, 0, 0, 0, 0, 0, 15, 15, 0, 0, 17, 0, 0, 0, 15, 0, 16, 0, 0, 0, 0, 0, 0, 0, 0, 0, 0, 0, 15, 0, 16, 0, 0, 0, 0, 0, 17, 0, 8, 15, 15, 0, 15, 0, 19, 15, 15, 15, 5, 0, 0, 0, 0, 0, 17, 0, 0, 0, 0, 0, 0, 0, 0, 24, 0, 0, 0, 0, 0, 15, 14, 7, 15, 0, 15, 15, 0, 0, 0, 0, 0, 0, 0, 18, 0, 15, 0, 0, 15, 15, 0, 17, 0, 0, : 15, 16, 15, 15, 17, 15, 16, 15, 16, 17, 8, 15, 15, 15, 19, 15, 15, 15, 5, 17, 24, 15, 14, 7, 15, 15, 15, 18, 15, 15, 15, 17, 
22: 15, 0, 0, 29, 16, 0, 0, 0, 18, 19, 0, 0, 7, 0, 0, 0, 6, 0, 0, 0, 0, 0, 0, 16, 0, 10, 0, 0, 0, 17, 0, 23, 15, 28, 0, 0, 15, 0, 0, 10, 15, 0, 0, 0, 15, 16, 0, 0, 0, 0, 0, 0, 0, 0, 0, 0, 15, 15, 0, 15, 0, 15, 15, 0, 0, 0, 0, 0, 0, 0, 0, 0, 15, 0, 18, 0, 17, 0, 0, 0, 20, 0, 0, 0, 0, 16, 15, 16, 0, 0, 0, 0, 0, 0, 0, 0, 15, 15, 15, 0, : 15, 29, 16, 18, 19, 7, 6, 16, 10, 17, 23, 15, 28, 15, 10, 15, 15, 16, 15, 15, 15, 15, 15, 15, 18, 17, 20, 16, 15, 16, 15, 15, 15, 
32: 0, 32, 16, 0, 23, 17, 16, 15, 16, 0, 0, 0, 0, 15, 17, 15, 0, 0, 0, 0, 15, 15, 0, 15, 0, 0, 15, 0, 0, 0, 0, 0, 0, 9, 15, 0, 0, 0, 19, 0, 0, 0, 0, 0, 0, 0, 15, 0, 0, 0, 0, 0, 0, 0, 15, 0, 0, 0, 15, 15, 18, 0, 0, 0, 0, 0, 0, 0, 10, 0, 15, 0, 15, 0, 0, 15, 0, 0, 0, 15, 0, 0, 0, 16, 16, 15, 0, 15, 15, 0, 0, 17, 6, 0, 16, 0, 15, 0, 0, 0, : 32, 16, 23, 17, 16, 15, 16, 15, 17, 15, 15, 15, 15, 15, 9, 15, 19, 15, 15, 15, 15, 18, 10, 15, 15, 15, 15, 16, 16, 15, 15, 15, 17, 6, 16, 15, 
1: 0, 0, 0, 0, 15, 0, 0, 1, 0, 0, 0, 18, 0, 15, 0, 0, 0, 19, 0, 25, 0, 0, 0, 0, 0, 15, 0, 0, 0, 0, 15, 16, 13, 0, 0, 0, 0, 0, 15, 15, 0, 17, 0, 16, 16, 16, 0, 0, 0, 15, 15, 0, 0, 0, 0, 0, 0, 0, 0, 0, 0, 0, 0, 15, 0, 0, 0, 15, 15, 0, 0, 0, 0, 0, 15, 0, 0, 15, 21, 0, 0, 0, 0, 0, 15, 0, 0, 0, 0, 0, 0, 0, 15, 0, 0, 17, 19, 0, 0, 16, : 15, 1, 18, 15, 19, 25, 15, 15, 16, 13, 15, 15, 17, 16, 16, 16, 15, 15, 15, 15, 15, 15, 15, 21, 15, 15, 17, 19, 16, 
34: 0, 0, 0, 0, 0, 0, 16, 0, 0, 15, 2, 0, 17, 0, 0, 0, 0, 0, 0, 15, 0, 0, 0, 0, 0, 0, 0, 15, 15, 31, 0, 0, 0, 15, 0, 0, 0, 18, 0, 0, 15, 0, 0, 0, 0, 15, 18, 15, 0, 0, 0, 0, 15, 28, 0, 15, 0, 0, 0, 0, 0, 0, 15, 0, 0, 6, 0, 0, 0, 0, 0, 0, 0, 18, 0, 0, 21, 17, 0, 16, 0, 15, 0, 18, 0, 0, 9, 15, 0, 15, 17, 0, 0, 15, 0, 15, 0, 15, 15, 13, : 16, 15, 2, 17, 15, 15, 15, 31, 15, 18, 15, 15, 18, 15, 15, 28, 15, 15, 6, 18, 21, 17, 16, 15, 18, 9, 15, 15, 17, 15, 15, 15, 15, 13, 
15: 0, 0, 0, 0, 15, 0, 0, 15, 0, 15, 0, 0, 0, 15, 0, 0, 15, 15, 15, 17, 0, 11, 0, 18, 0, 0, 15, 0, 0, 15, 7, 0, 0, 0, 0, 0, 0, 0, 0, 15, 0, 0, 0, 16, 0, 0, 0, 0, 3, 0, 15, 0, 0, 0, 0, 9, 15, 0, 0, 4, 15, 0, 15, 15, 0, 0, 0, 0, 0, 0, 6, 15, 0, 15, 0, 0, 0, 16, 0, 0, 0, 16, 15, 0, 0, 15, 0, 15, 0, 0, 0, 0, 0, 14, 0, 5, 0, 0, 0, 0, : 15, 15, 15, 15, 15, 15, 15, 17, 11, 18, 15, 15, 7, 15, 16, 3, 15, 9, 15, 4, 15, 15, 15, 6, 15, 15, 16, 16, 15, 15, 15, 14, 5, 
21: 23, 0, 0, 15, 0, 15, 0, 0, 0, 0, 0, 0, 0, 0, 0, 0, 0, 0, 0, 13, 17, 0, 15, 0, 15, 0, 15, 0, 0, 0, 17, 0, 0, 18, 19, 0, 15, 22, 0, 0, 0, 16, 6, 0, 16, 0, 0, 0, 0, 16, 17, 10, 0, 0, 0, 0, 0, 15, 0, 16, 0, 0, 15, 21, 0, 0, 0, 0, 15, 0, 15, 0, 0, 0, 0, 0, 0, 0, 0, 0, 0, 0, 15, 15, 0, 15, 0, 0, 8, 0, 22, 0, 0, 0, 5, 0, 0, 0, 0, 21, : 23, 15, 15, 13, 17, 15, 15, 15, 17, 18, 19, 15, 22, 16, 6, 16, 16, 17, 10, 15, 16, 15, 21, 15, 15, 15, 15, 15, 8, 22, 5, 21, 
38: 0, 0, 0, 0, 0, 0, 0, 18, 0, 0, 15, 0, 0, 0, 0, 15, 0, 0, 0, 0, 0, 0, 0, 15, 0, 0, 0, 0, 15, 15, 0, 0, 0, 0, 0, 0, 18, 0, 0, 15, 15, 0, 0, 15, 0, 0, 0, 18, 0, 6, 0, 0, 15, 0, 19, 0, 15, 0, 0, 0, 16, 0, 0, 0, 0, 0, 6, 25, 0, 0, 0, 0, 0, 0, 28, 0, 0, 15, 0, 0, 15, 15, 0, 0, 0, 0, 0, 0, 0, 0, 15, 0, 15, 0, 0, 16, 31, 6, 15, 0, : 18, 15, 15, 15, 15, 15, 18, 15, 15, 15, 18, 6, 15, 19, 15, 16, 6, 25, 28, 15, 15, 15, 15, 15, 16, 31, 6, 15, 
35: 0, 0, 0, 0, 0, 8, 16, 0, 0, 0, 0, 0, 0, 0, 0, 4, 0, 17, 0, 0, 15, 15, 0, 21, 0, 0, 0, 15, 16, 0, 0, 15, 0, 15, 0, 0, 0, 0, 0, 15, 0, 15, 0, 0, 0, 16, 15, 18, 0, 15, 0, 0, 15, 0, 0, 0, 0, 0, 0, 0, 0, 0, 10, 0, 32, 0, 15, 0, 0, 27, 0, 15, 0, 0, 0, 0, 0, 0, 0, 15, 0, 0, 0, 0, 15, 0, 0, 0, 17, 16, 0, 0, 17, 0, 17, 0, 0, 15, 0, 0, : 8, 16, 4, 17, 15, 15, 21, 15, 16, 15, 15, 15, 15, 16, 15, 18, 15, 15, 10, 32, 15, 27, 15, 15, 15, 17, 16, 17, 17, 15, 
20: 0, 0, 0, 0, 0, 15, 0, 15, 15, 0, 0, 0, 15, 0, 15, 15, 0, 15, 0, 0, 0, 0, 0, 0, 0, 15, 0, 15, 0, 7, 0, 0, 0, 0, 0, 0, 0, 0, 0, 0, 0, 17, 0, 5, 15, 0, 0, 0, 0, 0, 16, 0, 0, 0, 0, 0, 19, 0, 15, 0, 0, 16, 0, 0, 15, 16, 0, 0, 0, 0, 0, 0, 0, 15, 0, 0, 0, 15, 0, 0, 9, 0, 0, 0, 0, 0, 0, 9, 15, 21, 0, 0, 16, 17, 0, 16, 0, 0, 0, 0, : 15, 15, 15, 15, 15, 15, 15, 15, 15, 7, 17, 5, 15, 16, 19, 15, 16, 15, 16, 15, 15, 9, 9, 15, 21, 16, 17, 16, 
16: 0, 0, 4, 0, 0, 0, 0, 16, 0, 0, 0, 18, 0, 0, 16, 0, 0, 15, 23, 0, 0, 0, 0, 0, 0, 15, 0, 15, 15, 0, 0, 0, 0, 0, 0, 0, 0, 0, 15, 15, 15, 0, 26, 15, 0, 0, 0, 0, 0, 0, 0, 0, 15, 7, 0, 15, 0, 18, 0, 0, 3, 0, 0, 0, 15, 0, 0, 0, 0, 13, 0, 0, 13, 25, 0, 0, 18, 0, 27, 0, 15, 0, 0, 16, 0, 9, 0, 0, 0, 0, 0, 15, 0, 0, 17, 0, 0, 0, 26, 0, : 4, 16, 18, 16, 15, 23, 15, 15, 15, 15, 15, 15, 26, 15, 15, 7, 15, 18, 3, 15, 13, 13, 25, 18, 27, 15, 16, 9, 15, 17, 26, 


10: 0, 0, 0, 0, 15, 0, 0, 0, 31, 0, 15, 0, 0, 0, 0, 0, 0, 0, 15, 0, 0, 0, 16, 0, 0, 0, 15, 0, 0, 15, 0, 0, 0, 9, 0, 0, 0, 0, 15, 0, 0, 0, 15, 0, 2, 0, 15, 0, 0, 18, 0, 0, 24, 0, 0, 0, 0, 18, 4, 0, 0, 0, 0, 0, 0, 9, 0, 0, 0, 0, 0, 0, 0, 0, 0, 0, 15, 0, 18, 17, 0, 0, 0, 0, 17, 0, 0, 0, 0, 0, 23, 0, 0, 0, 0, 0, 15, 0, 0, 0, : 15, 31, 15, 15, 16, 15, 15, 9, 15, 15, 2, 15, 18, 24, 18, 4, 9, 15, 18, 17, 17, 23, 15, 
19: 0, 15, 15, 15, 0, 0, 0, 20, 0, 0, 18, 15, 0, 0, 0, 0, 15, 15, 0, 0, 0, 0, 0, 0, 0, 15, 15, 0, 0, 0, 0, 0, 15, 15, 0, 0, 19, 0, 0, 0, 0, 0, 0, 0, 0, 15, 24, 0, 0, 0, 0, 0, 0, 16, 0, 16, 0, 17, 0, 0, 19, 15, 0, 0, 16, 0, 0, 0, 0, 0, 0, 0, 22, 0, 0, 0, 0, 0, 15, 0, 0, 15, 0, 0, 0, 0, 0, 0, 0, 9, 15, 15, 0, 0, 15, 16, 0, 16, 0, 15, : 15, 15, 15, 20, 18, 15, 15, 15, 15, 15, 15, 15, 19, 15, 24, 16, 16, 17, 19, 15, 16, 22, 15, 15, 9, 15, 15, 15, 16, 16, 15, 
23: 0, 0, 0, 0, 22, 0, 15, 16, 0, 15, 15, 32, 0, 0, 0, 15, 15, 0, 10, 0, 0, 0, 0, 15, 0, 0, 0, 0, 5, 0, 15, 9, 0, 0, 15, 10, 0, 0, 0, 0, 15, 15, 0, 17, 0, 0, 0, 0, 15, 0, 0, 0, 21, 0, 0, 15, 15, 17, 15, 0, 15, 16, 0, 24, 13, 0, 0, 15, 15, 0, 0, 0, 0, 0, 0, 17, 0, 15, 0, 0, 15, 15, 0, 0, 0, 0, 0, 6, 0, 15, 15, 0, 0, 0, 15, 0, 16, 0, 11, 15, : 22, 15, 16, 15, 15, 32, 15, 15, 10, 15, 5, 15, 9, 15, 10, 15, 15, 17, 15, 21, 15, 15, 17, 15, 15, 16, 24, 13, 15, 15, 17, 15, 15, 15, 6, 15, 15, 15, 16, 11, 15, 
25: 0, 0, 15, 20, 0, 15, 13, 15, 0, 0, 17, 0, 0, 0, 15, 17, 0, 0, 0, 17, 18, 15, 0, 0, 18, 0, 15, 15, 0, 15, 0, 0, 0, 16, 20, 0, 16, 22, 15, 0, 27, 0, 15, 16, 21, 0, 0, 0, 0, 15, 0, 8, 16, 0, 15, 0, 0, 15, 0, 0, 15, 16, 15, 0, 0, 0, 0, 0, 0, 0, 15, 0, 10, 0, 0, 0, 0, 0, 0, 0, 15, 0, 15, 0, 0, 0, 15, 23, 0, 0, 0, 15, 35, 0, 0, 0, 0, 0, 16, 10, : 15, 20, 15, 13, 15, 17, 15, 17, 17, 18, 15, 18, 15, 15, 15, 16, 20, 16, 22, 15, 27, 15, 16, 21, 15, 8, 16, 15, 15, 15, 16, 15, 15, 10, 15, 15, 15, 23, 15, 35, 16, 10, 
26: 18, 0, 0, 0, 0, 0, 0, 0, 0, 0, 0, 0, 0, 15, 0, 0, 0, 0, 0, 0, 0, 15, 22, 0, 0, 0, 0, 0, 0, 0, 0, 0, 0, 0, 0, 0, 16, 0, 0, 15, 3, 0, 0, 0, 0, 0, 15, 0, 0, 20, 0, 0, 0, 15, 0, 15, 0, 0, 0, 0, 15, 0, 0, 0, 0, 0, 15, 15, 0, 0, 10, 15, 0, 0, 0, 0, 0, 0, 0, 0, 0, 0, 0, 0, 15, 15, 0, 0, 16, 0, 15, 0, 15, 0, 0, 8, 0, 15, 0, 0, : 18, 15, 15, 22, 16, 15, 3, 15, 20, 15, 15, 15, 15, 15, 10, 15, 15, 15, 16, 15, 15, 8, 15, 
8: 0, 0, 0, 0, 25, 21, 0, 0, 15, 0, 15, 32, 0, 0, 0, 0, 0, 0, 15, 17, 15, 0, 0, 0, 0, 0, 0, 0, 15, 0, 15, 0, 0, 0, 0, 15, 0, 15, 0, 0, 0, 0, 0, 15, 23, 0, 0, 0, 0, 0, 0, 0, 0, 0, 0, 0, 20, 0, 0, 9, 16, 0, 14, 0, 0, 15, 0, 0, 0, 0, 0, 0, 0, 0, 0, 0, 0, 0, 0, 17, 15, 19, 15, 15, 0, 0, 15, 15, 0, 0, 0, 25, 0, 0, 0, 0, 17, 9, 0, 15, : 25, 21, 15, 15, 32, 15, 17, 15, 15, 15, 15, 15, 15, 23, 20, 9, 16, 14, 15, 17, 15, 19, 15, 15, 15, 15, 25, 17, 9, 15, 
4: 0, 10, 0, 0, 0, 0, 0, 15, 15, 15, 0, 6, 0, 0, 0, 0, 10, 15, 0, 0, 0, 0, 0, 10, 0, 15, 0, 0, 15, 0, 0, 0, 15, 0, 0, 0, 15, 17, 16, 0, 17, 10, 26, 0, 15, 0, 0, 0, 0, 0, 10, 0, 0, 0, 0, 0, 3, 0, 16, 15, 0, 0, 0, 0, 0, 16, 15, 0, 0, 15, 0, 0, 0, 15, 15, 0, 22, 0, 0, 15, 0, 0, 15, 0, 0, 15, 0, 0, 6, 15, 0, 15, 0, 0, 15, 29, 0, 0, 0, 0, : 10, 15, 15, 15, 6, 10, 15, 10, 15, 15, 15, 15, 17, 16, 17, 10, 26, 15, 10, 3, 16, 15, 16, 15, 15, 15, 15, 22, 15, 15, 15, 6, 15, 15, 15, 29, 
33: 0, 0, 1, 28, 0, 0, 0, 0, 0, 15, 0, 0, 0, 16, 0, 0, 0, 0, 0, 0, 19, 0, 16, 0, 0, 17, 0, 0, 0, 0, 15, 15, 0, 15, 15, 20, 0, 0, 0, 0, 0, 0, 0, 15, 0, 0, 0, 0, 0, 15, 0, 15, 0, 0, 16, 9, 0, 0, 0, 0, 0, 0, 0, 0, 0, 15, 0, 16, 0, 15, 0, 25, 0, 0, 0, 0, 0, 0, 13, 0, 0, 0, 0, 0, 0, 15, 0, 0, 15, 0, 0, 0, 0, 0, 15, 15, 15, 0, 0, 0, : 1, 28, 15, 16, 19, 16, 17, 15, 15, 15, 15, 20, 15, 15, 15, 16, 9, 15, 16, 15, 25, 13, 15, 15, 15, 15, 15, 
37: 0, 0, 0, 0, 23, 0, 18, 0, 12, 0, 0, 0, 15, 15, 15, 16, 15, 0, 20, 0, 0, 0, 1, 0, 0, 0, 0, 15, 0, 0, 0, 15, 15, 0, 0, 0, 0, 0, 15, 0, 20, 15, 0, 0, 0, 0, 0, 0, 0, 0, 15, 0, 0, 13, 0, 0, 0, 0, 0, 18, 0, 0, 0, 0, 15, 0, 0, 0, 0, 0, 0, 0, 0, 0, 15, 7, 0, 0, 0, 0, 0, 0, 15, 17, 0, 0, 0, 23, 0, 0, 0, 0, 0, 15, 0, 0, 0, 0, 0, 15, : 23, 18, 12, 15, 15, 15, 16, 15, 20, 1, 15, 15, 15, 15, 20, 15, 15, 13, 18, 15, 15, 7, 15, 17, 23, 15, 15, 
3: 0, 15, 18, 0, 0, 20, 0, 15, 0, 0, 0, 0, 0, 0, 6, 0, 15, 0, 0, 0, 0, 0, 15, 0, 15, 0, 15, 19, 0, 15, 15, 0, 0, 0, 0, 0, 0, 0, 0, 15, 0, 0, 0, 0, 0, 0, 33, 0, 0, 0, 0, 16, 0, 0, 0, 0, 0, 1, 15, 0, 0, 0, 0, 0, 17, 0, 15, 0, 15, 16, 15, 0, 0, 0, 0, 0, 0, 0, 19, 5, 0, 5, 0, 0, 0, 0, 0, 0, 15, 16, 15, 0, 0, 0, 0, 0, 0, 15, 0, 0, : 15, 18, 20, 15, 6, 15, 15, 15, 15, 19, 15, 15, 15, 33, 16, 1, 15, 17, 15, 15, 16, 15, 19, 5, 5, 15, 16, 15, 15, 
2: 0, 15, 21, 18, 0, 0, 15, 0, 0, 3, 0, 0, 0, 15, 0, 0, 0, 22, 0, 0, 0, 0, 0, 15, 0, 0, 15, 0, 0, 0, 0, 0, 0, 15, 15, 21, 0, 0, 0, 0, 0, 0, 0, 15, 0, 0, 0, 0, 0, 0, 0, 15, 0, 17, 16, 0, 0, 0, 15, 0, 0, 15, 0, 0, 0, 0, 0, 15, 19, 0, 0, 0, 0, 0, 25, 16, 0, 9, 0, 0, 0, 0, 0, 0, 15, 15, 16, 18, 18, 0, 0, 0, 0, 0, 0, 0, 19, 15, 15, 0, : 15, 21, 18, 15, 3, 15, 22, 15, 15, 15, 15, 21, 15, 15, 17, 16, 15, 15, 15, 19, 25, 16, 9, 15, 15, 16, 18, 18, 19, 15, 15, 
24: 0, 0, 0, 0, 0, 15, 0, 0, 0, 16, 0, 15, 0, 0, 0, 0, 15, 0, 0, 16, 0, 0, 0, 0, 0, 0, 0, 21, 16, 0, 0, 0, 0, 0, 0, 0, 15, 0, 0, 7, 0, 0, 0, 0, 15, 16, 0, 33, 0, 0, 20, 0, 0, 0, 0, 15, 0, 0, 15, 0, 0, 0, 0, 15, 19, 0, 0, 15, 0, 0, 15, 3, 0, 10, 0, 0, 0, 16, 0, 15, 0, 0, 0, 0, 0, 0, 15, 15, 0, 15, 0, 15, 0, 15, 0, 17, 0, 0, 0, 0, : 15, 16, 15, 15, 16, 21, 16, 15, 7, 15, 16, 33, 20, 15, 15, 15, 19, 15, 15, 3, 10, 16, 15, 15, 15, 15, 15, 15, 17, 
31: 14, 15, 0, 0, 0, 15, 0, 0, 0, 0, 0, 0, 0, 0, 15, 0, 0, 0, 0, 16, 0, 0, 0, 0, 0, 15, 0, 0, 0, 15, 15, 15, 0, 15, 0, 0, 0, 17, 0, 15, 0, 0, 15, 0, 0, 15, 0, 0, 12, 0, 0, 0, 0, 0, 0, 0, 0, 0, 0, 0, 5, 15, 0, 15, 0, 0, 16, 0, 0, 16, 0, 0, 0, 0, 0, 0, 0, 15, 15, 0, 18, 0, 0, 0, 15, 10, 0, 0, 0, 0, 0, 0, 15, 15, 20, 0, 0, 0, 0, 0, : 14, 15, 15, 15, 16, 15, 15, 15, 15, 15, 17, 15, 15, 15, 12, 5, 15, 15, 16, 16, 15, 15, 18, 15, 10, 15, 15, 20, 
27: 0, 0, 0, 0, 15, 0, 18, 0, 0, 0, 0, 0, 0, 0, 0, 0, 15, 17, 24, 0, 0, 0, 0, 15, 20, 0, 0, 0, 0, 25, 0, 15, 0, 0, 0, 0, 0, 0, 16, 0, 0, 0, 0, 0, 0, 0, 0, 32, 0, 0, 0, 15, 0, 0, 0, 0, 15, 0, 0, 24, 0, 0, 15, 16, 0, 15, 6, 8, 16, 0, 15, 0, 15, 15, 0, 15, 19, 15, 0, 16, 0, 0, 15, 0, 0, 0, 0, 0, 0, 0, 0, 0, 20, 15, 0, 0, 0, 15, 28, 0, : 15, 18, 15, 17, 24, 15, 20, 25, 15, 16, 32, 15, 15, 24, 15, 16, 15, 6, 8, 16, 15, 15, 15, 15, 19, 15, 16, 15, 20, 15, 15, 28, 
11: 0, 0, 0, 4, 0, 14, 0, 0, 0, 0, 0, 0, 25, 0, 0, 16, 0, 15, 16, 0, 15, 0, 0, 0, 0, 0, 0, 15, 0, 0, 0, 16, 7, 0, 20, 18, 0, 0, 0, 16, 0, 15, 0, 6, 0, 0, 0, 16, 0, 17, 0, 0, 8, 0, 0, 15, 15, 0, 0, 0, 0, 7, 0, 0, 0, 0, 18, 0, 15, 0, 0, 15, 15, 0, 15, 15, 0, 0, 0, 0, 0, 15, 10, 0, 0, 0, 9, 0, 15, 0, 0, 0, 0, 0, 0, 0, 0, 0, 0, 15, : 4, 14, 25, 16, 15, 16, 15, 15, 16, 7, 20, 18, 16, 15, 6, 16, 17, 8, 15, 15, 7, 18, 15, 15, 15, 15, 15, 15, 10, 9, 15, 15, 
12: 0, 0, 0, 0, 0, 0, 0, 0, 0, 0, 0, 0, 0, 0, 15, 0, 0, 0, 0, 19, 0, 16, 0, 15, 0, 0, 10, 0, 0, 0, 16, 15, 0, 0, 15, 0, 0, 0, 0, 0, 0, 15, 0, 0, 0, 18, 13, 0, 0, 15, 0, 0, 15, 0, 0, 0, 17, 0, 0, 0, 0, 0, 15, 0, 0, 15, 15, 0, 15, 15, 15, 0, 0, 15, 0, 0, 0, 15, 0, 0, 0, 0, 15, 0, 23, 0, 0, 0, 15, 0, 15, 0, 15, 0, 0, 15, 0, 0, 0, 15, : 15, 19, 16, 15, 10, 16, 15, 15, 15, 18, 13, 15, 15, 17, 15, 15, 15, 15, 15, 15, 15, 15, 15, 23, 15, 15, 15, 15, 15, 
28: 15, 15, 0, 15, 0, 0, 21, 4, 27, 15, 0, 0, 15, 19, 0, 0, 0, 0, 0, 0, 18, 0, 0, 0, 0, 0, 0, 0, 0, 15, 0, 0, 0, 0, 0, 0, 0, 15, 8, 15, 0, 0, 0, 0, 0, 20, 0, 19, 18, 0, 15, 16, 0, 0, 0, 0, 0, 0, 0, 15, 0, 16, 0, 15, 0, 0, 0, 0, 0, 8, 15, 27, 0, 15, 15, 0, 14, 0, 0, 0, 2, 0, 0, 15, 15, 0, 0, 0, 0, 0, 0, 0, 0, 0, 0, 0, 18, 15, 15, 0, : 15, 15, 15, 21, 4, 27, 15, 15, 19, 18, 15, 15, 8, 15, 20, 19, 18, 15, 16, 15, 16, 15, 8, 15, 27, 15, 15, 14, 2, 15, 15, 18, 15, 15, 
30: 15, 15, 15, 0, 0, 0, 0, 0, 0, 0, 0, 0, 15, 15, 0, 17, 0, 0, 0, 0, 0, 15, 15, 15, 15, 16, 0, 0, 15, 0, 0, 0, 15, 0, 0, 16, 0, 0, 15, 17, 0, 15, 0, 0, 0, 0, 0, 0, 15, 0, 15, 0, 16, 24, 15, 15, 0, 0, 0, 0, 15, 0, 0, 15, 20, 15, 0, 16, 5, 0, 0, 0, 0, 0, 0, 0, 15, 15, 20, 15, 0, 0, 0, 16, 0, 15, 15, 0, 0, 0, 0, 0, 0, 11, 0, 0, 0, 0, 15, 0, : 15, 15, 15, 15, 15, 17, 15, 15, 15, 15, 16, 15, 15, 16, 15, 17, 15, 15, 15, 16, 24, 15, 15, 15, 15, 20, 15, 16, 5, 15, 15, 20, 15, 16, 15, 15, 11, 15, 
9: 15, 0, 15, 0, 0, 0, 0, 15, 0, 0, 0, 0, 15, 0, 15, 19, 0, 0, 0, 15, 15, 30, 15, 15, 31, 0, 15, 0, 15, 0, 0, 0, 17, 0, 0, 0, 0, 14, 0, 0, 18, 15, 0, 16, 0, 16, 0, 0, 15, 0, 25, 15, 0, 0, 16, 0, 0, 15, 0, 19, 0, 0, 15, 0, 0, 0, 0, 0, 0, 0, 0, 0, 23, 15, 0, 15, 0, 0, 0, 0, 20, 16, 0, 18, 0, 0, 15, 0, 0, 15, 2, 0, 0, 29, 0, 0, 0, 0, 0, 0, : 15, 15, 15, 15, 15, 19, 15, 15, 30, 15, 15, 31, 15, 15, 17, 14, 18, 15, 16, 16, 15, 25, 15, 16, 15, 19, 15, 23, 15, 15, 20, 16, 18, 15, 15, 2, 29, 
6: 23, 0, 0, 0, 0, 0, 0, 0, 0, 21, 20, 0, 15, 5, 19, 0, 0, 16, 0, 0, 0, 9, 0, 0, 1, 22, 0, 15, 19, 0, 9, 0, 16, 15, 0, 0, 19, 0, 0, 0, 0, 0, 29, 0, 24, 0, 0, 0, 25, 0, 0, 0, 0, 15, 22, 0, 15, 17, 20, 0, 0, 0, 26, 0, 0, 0, 0, 0, 0, 15, 0, 15, 15, 15, 15, 15, 15, 0, 0, 0, 15, 15, 0, 19, 0, 15, 0, 0, 0, 15, 0, 15, 0, 0, 20, 0, 0, 0, 0, 0, : 23, 21, 20, 15, 5, 19, 16, 9, 1, 22, 15, 19, 9, 16, 15, 19, 29, 24, 25, 15, 22, 15, 17, 20, 26, 15, 15, 15, 15, 15, 15, 15, 15, 15, 19, 15, 15, 15, 20, 


