
200
100
100
5

81: 0, 0, 0, 11, 0, 0, 0, 19, 0, 0, 0, 15, 0, 15, 0, 0, 15, 15, 15, 15, 0, 15, 0, 15, 0, 0, 15, 0, 0, 0, 15, 0, 15, 15, 16, 15, 0, 0, 0, 0, 0, 0, 20, 16, 0, 0, 0, 15, 0, 0, 15, 0, 16, 0, 0, 17, 15, 0, 0, 18, 0, 1, 28, 0, 0, 16, 0, 0, 0, 0, 0, 0, 0, 15, 0, 0, 0, 15, 0, 30, 15, 0, 0, 0, 18, 17, 15, 0, 1, 0, 0, 0, 15, 20, 0, 0, 0, 0, 0, 0, 0, 0, 0, 16, 0, 0, 15, 0, 15, 0, 0, 0, 0, 0, 22, 1, 0, 0, 0, 0, 0, 0, 15, 15, 0, 0, 15, 0, 0, 15, 0, 0, 15, 0, 17, 16, 0, 0, 14, 0, 0, 15, 0, 0, 0, 0, 0, 0, 15, 15, 0, 0, 15, 0, 15, 0, 0, 0, 0, 0, 0, 0, 0, 0, 34, 0, 0, 0, 0, 0, 0, 16, 1, 16, 23, 15, 0, 0, 18, 0, 15, 0, 15, 8, 0, 15, 0, 22, 0, 0, 0, 15, 0, 15, 0, 0, 15, 0, 0, 2, : 11, 19, 15, 15, 15, 15, 15, 15, 15, 15, 15, 15, 15, 15, 16, 15, 20, 16, 15, 15, 16, 17, 15, 18, 1, 28, 16, 15, 15, 30, 15, 18, 17, 15, 1, 15, 20, 16, 15, 15, 22, 1, 15, 15, 15, 15, 15, 17, 16, 14, 15, 15, 15, 15, 15, 34, 16, 1, 16, 23, 15, 18, 15, 15, 8, 15, 22, 15, 15, 15, 2, 
36: 15, 0, 0, 0, 0, 0, 20, 15, 0, 0, 0, 0, 0, 26, 0, 15, 0, 0, 0, 0, 0, 11, 4, 0, 15, 0, 0, 17, 0, 0, 15, 0, 0, 0, 0, 0, 0, 0, 15, 19, 0, 19, 0, 0, 0, 15, 0, 15, 0, 0, 0, 0, 15, 16, 0, 0, 0, 9, 0, 0, 15, 0, 16, 15, 0, 0, 14, 20, 0, 0, 0, 0, 0, 15, 0, 15, 0, 0, 15, 0, 0, 7, 0, 0, 0, 0, 15, 0, 0, 15, 0, 0, 0, 2, 15, 0, 0, 16, 0, 15, 15, 0, 0, 0, 16, 0, 16, 0, 0, 15, 0, 0, 0, 0, 0, 16, 0, 14, 34, 15, 0, 0, 16, 8, 0, 0, 10, 0, 0, 0, 0, 15, 0, 0, 15, 0, 15, 0, 0, 3, 0, 0, 0, 0, 0, 0, 15, 15, 0, 16, 16, 0, 15, 0, 0, 0, 0, 0, 0, 16, 15, 18, 15, 0, 0, 0, 0, 0, 15, 0, 0, 0, 0, 0, 0, 0, 15, 0, 15, 0, 0, 15, 0, 0, 15, 10, 0, 0, 15, 15, 0, 0, 0, 15, 0, 15, 0, 0, 0, 20, : 15, 20, 15, 26, 15, 11, 4, 15, 17, 15, 15, 19, 19, 15, 15, 15, 16, 9, 15, 16, 15, 14, 20, 15, 15, 15, 7, 15, 15, 2, 15, 16, 15, 15, 16, 16, 15, 16, 14, 34, 15, 16, 8, 10, 15, 15, 15, 3, 15, 15, 16, 16, 15, 16, 15, 18, 15, 15, 15, 15, 15, 15, 10, 15, 15, 15, 15, 20, 
70: 0, 15, 0, 0, 15, 0, 0, 16, 6, 0, 17, 0, 15, 15, 15, 0, 0, 0, 4, 0, 18, 0, 19, 0, 0, 18, 0, 0, 15, 7, 0, 0, 0, 0, 18, 0, 0, 0, 0, 0, 0, 15, 0, 0, 15, 0, 0, 0, 0, 0, 0, 0, 0, 0, 17, 0, 20, 0, 0, 15, 15, 0, 0, 0, 0, 0, 0, 0, 0, 0, 17, 0, 15, 0, 15, 0, 17, 18, 0, 0, 0, 0, 16, 0, 15, 15, 0, 0, 15, 15, 0, 0, 0, 16, 15, 0, 0, 0, 15, 0, 0, 0, 0, 0, 15, 0, 7, 0, 16, 0, 0, 15, 15, 0, 15, 0, 0, 0, 15, 15, 19, 0, 0, 15, 35, 33, 0, 0, 0, 15, 0, 0, 15, 0, 0, 0, 0, 16, 0, 0, 0, 15, 0, 0, 15, 15, 9, 0, 0, 0, 15, 0, 1, 4, 16, 0, 15, 15, 0, 15, 0, 15, 17, 15, 0, 16, 0, 0, 0, 15, 0, 0, 0, 15, 0, 16, 0, 0, 0, 0, 0, 0, 0, 0, 0, 15, 0, 0, 32, 15, 0, 0, 0, 0, 15, 0, 15, 15, 0, 15, : 15, 15, 16, 6, 17, 15, 15, 15, 4, 18, 19, 18, 15, 7, 18, 15, 15, 17, 20, 15, 15, 17, 15, 15, 17, 18, 16, 15, 15, 15, 15, 16, 15, 15, 15, 7, 16, 15, 15, 15, 15, 15, 19, 15, 35, 33, 15, 15, 16, 15, 15, 15, 9, 15, 1, 4, 16, 15, 15, 15, 15, 17, 15, 16, 15, 15, 16, 15, 32, 15, 15, 15, 15, 15, 
92: 24, 15, 0, 0, 15, 0, 0, 0, 0, 15, 0, 0, 0, 0, 0, 0, 21, 19, 15, 10, 23, 0, 15, 0, 0, 0, 0, 15, 0, 15, 0, 0, 0, 0, 0, 15, 0, 0, 10, 15, 0, 0, 0, 0, 0, 15, 17, 16, 0, 0, 0, 15, 15, 0, 0, 15, 0, 0, 0, 0, 0, 0, 15, 0, 0, 0, 0, 0, 0, 0, 0, 0, 22, 0, 19, 15, 0, 0, 15, 5, 0, 0, 0, 0, 18, 6, 0, 15, 0, 0, 0, 0, 0, 0, 6, 0, 0, 0, 0, 0, 0, 15, 15, 15, 0, 0, 0, 0, 9, 0, 0, 0, 0, 0, 0, 0, 0, 22, 3, 0, 15, 16, 0, 0, 0, 7, 0, 15, 0, 15, 0, 0, 0, 0, 0, 0, 0, 0, 0, 0, 0, 0, 23, 0, 0, 15, 0, 15, 0, 0, 8, 0, 0, 15, 0, 16, 0, 29, 0, 0, 0, 0, 0, 0, 4, 0, 15, 15, 0, 0, 24, 0, 22, 0, 0, 27, 0, 15, 29, 18, 0, 0, 0, 28, 0, 0, 6, 0, 6, 0, 0, 0, 0, 0, 15, 0, 0, 15, 0, 0, : 24, 15, 15, 15, 21, 19, 15, 10, 23, 15, 15, 15, 15, 10, 15, 15, 17, 16, 15, 15, 15, 15, 22, 19, 15, 15, 5, 18, 6, 15, 6, 15, 15, 15, 9, 22, 3, 15, 16, 7, 15, 15, 23, 15, 15, 8, 15, 16, 29, 4, 15, 15, 24, 22, 27, 15, 29, 18, 28, 6, 6, 15, 15, 
100: 0, 0, 15, 16, 0, 0, 15, 15, 0, 16, 0, 0, 0, 0, 25, 0, 0, 19, 0, 0, 0, 0, 16, 0, 18, 4, 15, 0, 15, 0, 17, 0, 0, 16, 0, 0, 0, 15, 0, 0, 0, 0, 0, 0, 0, 15, 0, 0, 0, 16, 0, 20, 17, 1, 15, 0, 0, 0, 0, 0, 0, 0, 0, 15, 0, 0, 0, 0, 0, 26, 15, 15, 13, 21, 15, 15, 15, 15, 0, 20, 0, 19, 15, 0, 0, 0, 0, 15, 0, 18, 0, 0, 0, 0, 0, 0, 10, 0, 0, 0, 0, 15, 15, 15, 0, 15, 0, 7, 15, 0, 15, 0, 15, 0, 24, 0, 0, 0, 0, 0, 0, 0, 15, 0, 0, 0, 0, 22, 15, 0, 0, 0, 21, 12, 0, 15, 15, 0, 0, 15, 0, 0, 19, 0, 0, 18, 15, 0, 0, 0, 0, 15, 0, 0, 0, 0, 0, 0, 19, 8, 17, 0, 0, 0, 0, 0, 0, 29, 15, 0, 0, 16, 0, 0, 17, 16, 18, 23, 0, 0, 0, 0, 15, 0, 15, 0, 15, 0, 0, 10, 0, 0, 0, 23, 0, 15, 0, 0, 25, 15, : 15, 16, 15, 15, 16, 25, 19, 16, 18, 4, 15, 15, 17, 16, 15, 15, 16, 20, 17, 1, 15, 15, 26, 15, 15, 13, 21, 15, 15, 15, 15, 20, 19, 15, 15, 18, 10, 15, 15, 15, 15, 7, 15, 15, 15, 24, 15, 22, 15, 21, 12, 15, 15, 15, 19, 18, 15, 15, 19, 8, 17, 29, 15, 16, 17, 16, 18, 23, 15, 15, 15, 10, 23, 15, 25, 15, 
38: 0, 0, 15, 15, 15, 21, 0, 0, 15, 16, 7, 15, 0, 0, 0, 0, 0, 0, 0, 0, 0, 0, 0, 0, 15, 15, 0, 0, 15, 15, 0, 15, 16, 0, 0, 22, 0, 0, 15, 15, 22, 15, 0, 0, 0, 0, 0, 0, 0, 19, 0, 0, 0, 0, 0, 0, 0, 16, 0, 0, 0, 0, 0, 0, 0, 0, 0, 0, 0, 0, 0, 0, 0, 0, 16, 0, 23, 0, 0, 15, 0, 0, 0, 19, 0, 0, 0, 0, 0, 0, 18, 16, 9, 0, 0, 0, 0, 16, 7, 0, 0, 0, 0, 0, 0, 15, 0, 17, 15, 0, 15, 0, 0, 0, 23, 18, 11, 0, 0, 0, 0, 16, 0, 0, 15, 0, 15, 1, 15, 0, 5, 0, 0, 15, 15, 0, 0, 0, 0, 18, 0, 17, 0, 0, 0, 0, 0, 0, 15, 0, 0, 7, 0, 0, 0, 17, 0, 0, 0, 15, 15, 0, 0, 0, 0, 0, 15, 15, 8, 0, 0, 0, 0, 0, 0, 0, 0, 0, 17, 0, 15, 15, 0, 0, 16, 0, 16, 0, 0, 0, 15, 0, 0, 0, 6, 0, 0, 16, 0, 0, : 15, 15, 15, 21, 15, 16, 7, 15, 15, 15, 15, 15, 15, 16, 22, 15, 15, 22, 15, 19, 16, 16, 23, 15, 19, 18, 16, 9, 16, 7, 15, 17, 15, 15, 23, 18, 11, 16, 15, 15, 1, 15, 5, 15, 15, 18, 17, 15, 7, 17, 15, 15, 15, 15, 8, 17, 15, 15, 16, 16, 15, 6, 16, 
5: 15, 0, 0, 0, 15, 0, 0, 0, 0, 0, 0, 0, 15, 0, 0, 0, 0, 0, 15, 15, 15, 0, 15, 0, 0, 0, 0, 0, 0, 0, 15, 0, 0, 4, 15, 0, 0, 0, 15, 0, 15, 0, 0, 0, 16, 0, 0, 0, 17, 1, 0, 0, 0, 0, 0, 8, 15, 15, 0, 0, 0, 0, 0, 17, 0, 15, 0, 0, 20, 0, 0, 16, 15, 0, 0, 9, 0, 0, 0, 15, 15, 15, 16, 0, 0, 0, 0, 0, 0, 15, 20, 0, 15, 0, 0, 0, 0, 0, 0, 0, 0, 16, 15, 0, 0, 0, 0, 0, 0, 0, 19, 0, 15, 0, 0, 15, 15, 0, 0, 0, 0, 7, 0, 0, 15, 15, 0, 0, 0, 16, 15, 15, 0, 15, 0, 0, 0, 15, 0, 19, 0, 0, 0, 15, 0, 0, 0, 12, 16, 19, 0, 0, 0, 0, 0, 0, 0, 0, 0, 15, 0, 0, 18, 0, 15, 0, 0, 0, 0, 0, 15, 6, 16, 7, 0, 0, 15, 0, 0, 16, 18, 0, 0, 0, 0, 15, 18, 0, 0, 0, 0, 0, 0, 15, 0, 0, 15, 0, 0, 0, : 15, 15, 15, 15, 15, 15, 15, 15, 4, 15, 15, 15, 16, 17, 1, 8, 15, 15, 17, 15, 20, 16, 15, 9, 15, 15, 15, 16, 15, 20, 15, 16, 15, 19, 15, 15, 15, 7, 15, 15, 16, 15, 15, 15, 15, 19, 15, 12, 16, 19, 15, 18, 15, 15, 6, 16, 7, 15, 16, 18, 15, 18, 15, 15, 
47: 0, 0, 0, 0, 0, 15, 0, 0, 0, 2, 15, 15, 0, 0, 0, 15, 15, 0, 0, 15, 14, 0, 0, 15, 0, 0, 8, 0, 9, 17, 0, 15, 0, 0, 0, 15, 0, 16, 0, 6, 0, 21, 15, 15, 14, 0, 0, 0, 0, 0, 0, 15, 7, 17, 15, 0, 5, 15, 0, 0, 10, 15, 15, 0, 0, 0, 0, 15, 0, 15, 0, 15, 0, 0, 0, 16, 15, 7, 15, 15, 0, 0, 0, 0, 0, 0, 0, 0, 0, 0, 15, 0, 0, 15, 0, 17, 15, 16, 0, 0, 16, 0, 0, 0, 15, 0, 0, 0, 0, 0, 6, 0, 0, 0, 15, 0, 15, 0, 0, 0, 0, 0, 0, 0, 0, 0, 0, 0, 0, 0, 15, 0, 0, 0, 0, 0, 0, 0, 17, 0, 1, 15, 0, 0, 0, 0, 0, 28, 10, 1, 15, 0, 0, 0, 0, 15, 15, 0, 0, 0, 0, 24, 0, 4, 0, 0, 0, 0, 15, 0, 0, 0, 15, 0, 29, 0, 0, 15, 0, 0, 4, 0, 3, 0, 18, 15, 0, 15, 17, 0, 0, 0, 16, 0, 0, 0, 0, 0, 10, 0, : 15, 2, 15, 15, 15, 15, 15, 14, 15, 8, 9, 17, 15, 15, 16, 6, 21, 15, 15, 14, 15, 7, 17, 15, 5, 15, 10, 15, 15, 15, 15, 15, 16, 15, 7, 15, 15, 15, 15, 17, 15, 16, 16, 15, 6, 15, 15, 15, 17, 1, 15, 28, 10, 1, 15, 15, 15, 24, 4, 15, 15, 29, 15, 4, 3, 18, 15, 15, 17, 16, 10, 
27: 0, 0, 0, 24, 0, 15, 0, 0, 19, 0, 0, 0, 15, 0, 0, 17, 0, 0, 0, 0, 0, 24, 0, 0, 0, 15, 0, 15, 16, 15, 0, 0, 0, 0, 17, 0, 15, 0, 0, 0, 0, 0, 0, 0, 0, 2, 0, 0, 0, 0, 15, 0, 0, 0, 16, 15, 15, 0, 16, 15, 0, 0, 7, 0, 17, 16, 0, 0, 0, 0, 0, 0, 20, 0, 0, 0, 0, 15, 0, 0, 0, 0, 0, 0, 0, 0, 0, 9, 0, 0, 15, 0, 0, 0, 0, 0, 15, 0, 18, 0, 29, 0, 10, 0, 15, 15, 0, 16, 0, 0, 0, 0, 0, 22, 0, 0, 0, 0, 15, 0, 0, 0, 0, 0, 0, 0, 0, 0, 0, 0, 0, 14, 0, 0, 0, 0, 0, 15, 0, 0, 0, 0, 0, 16, 17, 15, 0, 0, 0, 0, 15, 0, 17, 15, 0, 0, 0, 0, 0, 0, 0, 0, 1, 0, 0, 9, 0, 0, 0, 0, 0, 0, 15, 15, 0, 0, 0, 0, 0, 0, 0, 0, 15, 0, 0, 0, 15, 0, 0, 0, 0, 0, 0, 0, 0, 0, 0, 0, 20, 0, : 24, 15, 19, 15, 17, 24, 15, 15, 16, 15, 17, 15, 2, 15, 16, 15, 15, 16, 15, 7, 17, 16, 20, 15, 9, 15, 15, 18, 29, 10, 15, 15, 16, 22, 15, 14, 15, 16, 17, 15, 15, 17, 15, 1, 9, 15, 15, 15, 15, 20, 
16: 15, 0, 0, 0, 0, 0, 15, 0, 0, 0, 25, 0, 0, 23, 23, 2, 0, 0, 15, 15, 0, 0, 0, 0, 0, 15, 0, 0, 15, 0, 0, 0, 2, 18, 0, 0, 8, 17, 0, 15, 15, 15, 0, 0, 0, 0, 0, 3, 15, 17, 15, 0, 15, 0, 0, 0, 0, 0, 0, 15, 15, 18, 19, 0, 0, 0, 0, 2, 0, 0, 0, 0, 0, 0, 15, 15, 14, 0, 15, 0, 0, 0, 0, 17, 0, 0, 0, 0, 0, 0, 7, 17, 0, 0, 15, 0, 0, 3, 0, 0, 0, 0, 0, 0, 0, 0, 0, 19, 0, 15, 0, 16, 16, 0, 1, 0, 0, 18, 0, 19, 7, 15, 0, 0, 0, 0, 0, 0, 28, 15, 0, 0, 0, 15, 0, 15, 0, 0, 16, 0, 15, 15, 22, 16, 15, 0, 0, 0, 0, 0, 0, 0, 21, 0, 0, 0, 0, 0, 0, 0, 0, 0, 15, 0, 0, 0, 0, 0, 0, 15, 0, 16, 15, 0, 0, 0, 0, 0, 0, 0, 0, 0, 15, 0, 0, 15, 0, 0, 0, 15, 0, 0, 0, 2, 15, 15, 0, 16, 0, 0, : 15, 15, 25, 23, 23, 2, 15, 15, 15, 15, 2, 18, 8, 17, 15, 15, 15, 3, 15, 17, 15, 15, 15, 15, 18, 19, 2, 15, 15, 14, 15, 17, 7, 17, 15, 3, 19, 15, 16, 16, 1, 18, 19, 7, 15, 28, 15, 15, 15, 16, 15, 15, 22, 16, 15, 21, 15, 15, 16, 15, 15, 15, 15, 2, 15, 15, 16, 
2: 0, 15, 25, 0, 0, 0, 16, 0, 0, 17, 0, 0, 0, 0, 0, 0, 0, 0, 0, 0, 0, 15, 16, 15, 0, 0, 15, 0, 0, 0, 0, 15, 0, 0, 0, 0, 0, 16, 15, 15, 0, 0, 0, 0, 0, 0, 15, 0, 0, 0, 0, 0, 0, 19, 0, 15, 0, 15, 0, 16, 15, 0, 0, 0, 0, 15, 24, 15, 0, 0, 0, 0, 0, 0, 0, 0, 0, 0, 0, 0, 15, 15, 0, 0, 0, 0, 0, 15, 0, 0, 0, 0, 0, 0, 0, 17, 0, 0, 0, 20, 0, 0, 0, 0, 0, 0, 0, 0, 0, 15, 15, 4, 0, 13, 0, 0, 0, 16, 0, 0, 29, 0, 0, 0, 0, 15, 15, 15, 0, 0, 0, 0, 0, 0, 0, 0, 0, 0, 0, 0, 15, 0, 16, 23, 20, 0, 0, 15, 0, 0, 0, 16, 15, 16, 0, 0, 16, 15, 15, 0, 22, 0, 19, 0, 15, 15, 15, 0, 0, 15, 0, 0, 16, 0, 0, 0, 0, 0, 0, 0, 0, 15, 0, 0, 0, 0, 15, 0, 0, 0, 0, 15, 0, 0, 0, 10, 15, 3, 0, 17, : 15, 25, 16, 17, 15, 16, 15, 15, 15, 16, 15, 15, 15, 19, 15, 15, 16, 15, 15, 24, 15, 15, 15, 15, 17, 20, 15, 15, 4, 13, 16, 29, 15, 15, 15, 15, 16, 23, 20, 15, 16, 15, 16, 16, 15, 15, 22, 19, 15, 15, 15, 15, 16, 15, 15, 15, 10, 15, 3, 17, 
49: 0, 0, 0, 0, 0, 0, 17, 19, 15, 0, 0, 0, 0, 0, 5, 0, 15, 0, 0, 0, 0, 0, 0, 0, 16, 0, 0, 0, 0, 0, 17, 8, 16, 15, 0, 0, 15, 0, 0, 0, 15, 0, 0, 0, 0, 0, 0, 0, 4, 0, 0, 18, 0, 0, 0, 0, 0, 0, 0, 0, 0, 0, 0, 0, 15, 15, 16, 0, 23, 0, 15, 4, 0, 18, 0, 0, 0, 0, 0, 0, 0, 23, 15, 0, 0, 0, 17, 0, 0, 3, 0, 0, 16, 0, 15, 0, 15, 0, 0, 0, 0, 15, 0, 0, 0, 8, 0, 0, 0, 17, 15, 15, 0, 15, 0, 0, 0, 0, 0, 15, 0, 15, 0, 0, 8, 0, 0, 17, 0, 0, 0, 25, 0, 0, 0, 0, 0, 0, 0, 0, 20, 0, 0, 0, 0, 0, 0, 0, 28, 0, 15, 0, 0, 0, 0, 0, 27, 0, 0, 0, 0, 0, 0, 0, 0, 0, 0, 15, 0, 0, 25, 0, 0, 0, 15, 15, 0, 0, 0, 0, 0, 0, 0, 0, 15, 0, 0, 15, 0, 0, 15, 0, 18, 0, 0, 0, 0, 0, 0, 15, : 17, 19, 15, 5, 15, 16, 17, 8, 16, 15, 15, 15, 4, 18, 15, 15, 16, 23, 15, 4, 18, 23, 15, 17, 3, 16, 15, 15, 15, 8, 17, 15, 15, 15, 15, 15, 8, 17, 25, 20, 28, 15, 27, 15, 25, 15, 15, 15, 15, 15, 18, 15, 
73: 1, 0, 0, 0, 0, 3, 0, 1, 0, 0, 0, 27, 0, 0, 0, 15, 0, 0, 15, 0, 15, 16, 0, 7, 15, 0, 0, 15, 0, 0, 0, 15, 15, 0, 19, 0, 15, 0, 0, 0, 0, 0, 15, 6, 0, 0, 15, 0, 0, 15, 15, 15, 0, 0, 0, 0, 15, 0, 0, 6, 15, 0, 0, 8, 15, 15, 0, 15, 16, 0, 0, 0, 0, 0, 5, 0, 0, 0, 7, 0, 25, 0, 0, 16, 16, 0, 15, 0, 0, 0, 0, 15, 0, 0, 19, 0, 0, 0, 15, 0, 0, 15, 0, 16, 15, 0, 15, 23, 0, 0, 0, 0, 0, 0, 0, 0, 0, 0, 0, 15, 0, 0, 7, 15, 0, 0, 0, 0, 0, 17, 23, 0, 0, 0, 20, 16, 16, 0, 15, 0, 16, 0, 0, 0, 0, 4, 0, 0, 0, 19, 0, 0, 0, 20, 0, 15, 15, 0, 0, 0, 0, 15, 15, 15, 0, 15, 15, 15, 0, 7, 2, 16, 0, 0, 16, 0, 0, 0, 0, 15, 32, 0, 15, 0, 0, 0, 0, 15, 0, 0, 0, 0, 15, 0, 0, 0, 15, 15, 0, 0, : 1, 3, 1, 27, 15, 15, 15, 16, 7, 15, 15, 15, 15, 19, 15, 15, 6, 15, 15, 15, 15, 15, 6, 15, 8, 15, 15, 15, 16, 5, 7, 25, 16, 16, 15, 15, 19, 15, 15, 16, 15, 15, 23, 15, 7, 15, 17, 23, 20, 16, 16, 15, 16, 4, 19, 20, 15, 15, 15, 15, 15, 15, 15, 15, 7, 2, 16, 16, 15, 32, 15, 15, 15, 15, 15, 
28: 0, 0, 15, 17, 0, 0, 0, 0, 15, 0, 21, 0, 0, 0, 0, 0, 15, 15, 0, 0, 0, 0, 0, 15, 0, 0, 15, 0, 15, 0, 0, 32, 17, 0, 0, 0, 15, 0, 15, 0, 0, 0, 0, 15, 15, 21, 15, 0, 15, 0, 15, 0, 0, 15, 0, 15, 15, 0, 15, 0, 0, 15, 0, 0, 0, 0, 15, 0, 0, 0, 0, 16, 0, 0, 0, 0, 0, 0, 0, 0, 0, 0, 15, 0, 15, 0, 0, 16, 15, 18, 0, 0, 15, 15, 0, 0, 0, 0, 0, 0, 1, 0, 15, 0, 15, 0, 0, 18, 0, 8, 0, 18, 0, 0, 0, 0, 0, 0, 18, 6, 0, 0, 0, 0, 0, 0, 15, 0, 0, 7, 25, 0, 0, 0, 0, 0, 9, 0, 20, 15, 0, 7, 0, 0, 0, 0, 15, 0, 0, 15, 0, 15, 0, 0, 19, 0, 0, 10, 22, 16, 0, 0, 0, 0, 0, 15, 4, 0, 0, 0, 0, 0, 0, 0, 0, 0, 0, 0, 0, 15, 0, 0, 0, 0, 0, 0, 0, 0, 0, 15, 15, 0, 0, 0, 15, 0, 0, 0, 0, 0, : 15, 17, 15, 21, 15, 15, 15, 15, 15, 32, 17, 15, 15, 15, 15, 21, 15, 15, 15, 15, 15, 15, 15, 15, 15, 16, 15, 15, 16, 15, 18, 15, 15, 1, 15, 15, 18, 8, 18, 18, 6, 15, 7, 25, 9, 20, 15, 7, 15, 15, 15, 19, 10, 22, 16, 15, 4, 15, 15, 15, 15, 
12: 0, 0, 0, 0, 0, 16, 2, 0, 0, 15, 0, 0, 0, 15, 0, 21, 15, 0, 0, 0, 0, 0, 15, 0, 0, 0, 17, 0, 0, 0, 0, 0, 19, 0, 15, 0, 15, 0, 0, 0, 0, 0, 15, 0, 0, 0, 15, 0, 15, 15, 0, 0, 0, 16, 0, 0, 0, 0, 5, 0, 0, 17, 0, 15, 20, 0, 0, 15, 0, 0, 15, 0, 0, 0, 0, 0, 0, 0, 16, 0, 0, 0, 0, 15, 0, 17, 15, 15, 15, 0, 0, 15, 0, 0, 0, 0, 0, 16, 0, 15, 15, 9, 0, 15, 9, 0, 0, 0, 0, 0, 0, 15, 0, 15, 0, 19, 15, 0, 0, 0, 0, 0, 16, 0, 0, 0, 15, 0, 15, 0, 17, 15, 21, 19, 0, 0, 0, 9, 0, 15, 0, 16, 0, 0, 13, 17, 15, 0, 0, 0, 0, 15, 0, 15, 0, 0, 0, 0, 0, 15, 0, 0, 0, 15, 0, 15, 15, 0, 0, 0, 16, 0, 0, 0, 0, 11, 28, 0, 16, 0, 16, 7, 0, 15, 0, 0, 0, 0, 0, 0, 15, 0, 21, 0, 0, 0, 0, 0, 15, 16, : 16, 2, 15, 15, 21, 15, 15, 17, 19, 15, 15, 15, 15, 15, 15, 16, 5, 17, 15, 20, 15, 15, 16, 15, 17, 15, 15, 15, 15, 16, 15, 15, 9, 15, 9, 15, 15, 19, 15, 16, 15, 15, 17, 15, 21, 19, 9, 15, 16, 13, 17, 15, 15, 15, 15, 15, 15, 15, 16, 11, 28, 16, 16, 7, 15, 15, 21, 15, 16, 
45: 15, 0, 15, 0, 25, 0, 15, 0, 0, 0, 15, 0, 15, 0, 0, 0, 0, 16, 0, 15, 0, 0, 0, 0, 6, 0, 0, 28, 0, 0, 0, 0, 0, 0, 0, 0, 0, 0, 15, 0, 0, 0, 0, 0, 0, 0, 0, 17, 16, 0, 0, 15, 0, 16, 15, 0, 0, 0, 15, 0, 15, 15, 0, 15, 0, 0, 16, 0, 9, 0, 0, 0, 0, 15, 0, 15, 0, 0, 17, 0, 15, 0, 0, 0, 3, 0, 0, 0, 0, 16, 0, 0, 15, 17, 0, 15, 15, 0, 0, 20, 24, 0, 0, 0, 0, 15, 0, 0, 15, 0, 0, 17, 14, 0, 0, 15, 0, 0, 0, 15, 0, 15, 16, 17, 0, 15, 0, 15, 0, 0, 0, 0, 13, 0, 15, 0, 0, 15, 0, 15, 0, 0, 0, 15, 0, 0, 15, 0, 0, 0, 0, 15, 0, 0, 6, 18, 0, 15, 0, 0, 20, 13, 0, 0, 0, 0, 0, 0, 0, 0, 0, 15, 0, 17, 0, 0, 0, 0, 0, 4, 0, 0, 0, 15, 0, 0, 0, 0, 15, 15, 8, 15, 0, 15, 16, 0, 15, 20, 0, 0, : 15, 15, 25, 15, 15, 15, 16, 15, 6, 28, 15, 17, 16, 15, 16, 15, 15, 15, 15, 15, 16, 9, 15, 15, 17, 15, 3, 16, 15, 17, 15, 15, 20, 24, 15, 15, 17, 14, 15, 15, 15, 16, 17, 15, 15, 13, 15, 15, 15, 15, 15, 15, 6, 18, 15, 20, 13, 15, 17, 4, 15, 15, 15, 8, 15, 15, 16, 15, 20, 
18: 0, 0, 15, 17, 0, 0, 0, 0, 15, 0, 0, 0, 17, 0, 0, 0, 0, 0, 21, 0, 0, 0, 0, 18, 15, 0, 0, 10, 0, 15, 15, 0, 0, 0, 0, 0, 0, 0, 0, 0, 18, 0, 12, 17, 15, 0, 0, 0, 0, 0, 10, 0, 0, 0, 0, 0, 0, 0, 15, 0, 0, 0, 0, 0, 17, 0, 15, 0, 0, 15, 15, 0, 0, 16, 0, 0, 16, 15, 0, 0, 0, 0, 0, 0, 15, 15, 0, 15, 24, 0, 0, 4, 0, 0, 0, 0, 15, 0, 15, 0, 0, 0, 0, 15, 0, 15, 15, 0, 0, 0, 0, 0, 25, 17, 0, 0, 0, 15, 0, 0, 15, 16, 15, 15, 0, 15, 0, 0, 12, 0, 0, 0, 0, 0, 15, 15, 15, 15, 0, 0, 0, 0, 4, 0, 20, 0, 0, 0, 0, 0, 0, 17, 16, 0, 0, 3, 0, 0, 0, 0, 0, 0, 0, 0, 16, 0, 21, 0, 17, 0, 18, 0, 0, 0, 0, 0, 0, 15, 0, 0, 0, 15, 0, 19, 0, 0, 0, 17, 0, 0, 17, 3, 15, 0, 0, 15, 0, 0, 0, 0, : 15, 17, 15, 17, 21, 18, 15, 10, 15, 15, 18, 12, 17, 15, 10, 15, 17, 15, 15, 15, 16, 16, 15, 15, 15, 15, 24, 4, 15, 15, 15, 15, 15, 25, 17, 15, 15, 16, 15, 15, 15, 12, 15, 15, 15, 15, 4, 20, 17, 16, 3, 16, 21, 17, 18, 15, 15, 19, 17, 17, 3, 15, 15, 
52: 0, 33, 0, 0, 15, 15, 0, 0, 0, 19, 0, 13, 0, 0, 15, 15, 4, 0, 0, 0, 0, 0, 0, 0, 0, 18, 0, 0, 0, 0, 0, 0, 0, 15, 0, 18, 17, 17, 0, 0, 0, 15, 0, 0, 0, 16, 0, 0, 18, 17, 0, 2, 0, 0, 16, 0, 0, 15, 0, 0, 0, 0, 0, 0, 1, 8, 0, 0, 17, 15, 15, 19, 15, 0, 15, 0, 0, 0, 0, 0, 15, 21, 15, 0, 0, 15, 0, 0, 0, 0, 0, 15, 0, 0, 15, 18, 15, 18, 0, 15, 0, 15, 15, 0, 0, 0, 15, 0, 15, 0, 0, 0, 0, 0, 0, 16, 22, 0, 0, 0, 0, 0, 0, 0, 27, 0, 0, 0, 0, 0, 0, 0, 0, 0, 0, 0, 15, 0, 0, 0, 0, 0, 0, 0, 0, 0, 0, 0, 0, 0, 0, 0, 0, 0, 22, 16, 12, 0, 0, 0, 0, 0, 0, 21, 16, 0, 0, 0, 0, 33, 0, 0, 0, 15, 0, 0, 16, 0, 5, 15, 0, 17, 0, 15, 0, 0, 0, 16, 0, 0, 0, 0, 0, 0, 18, 0, 10, 0, 0, 0, : 33, 15, 15, 19, 13, 15, 15, 4, 18, 15, 18, 17, 17, 15, 16, 18, 17, 2, 16, 15, 1, 8, 17, 15, 15, 19, 15, 15, 15, 21, 15, 15, 15, 15, 18, 15, 18, 15, 15, 15, 15, 15, 16, 22, 27, 15, 22, 16, 12, 21, 16, 33, 15, 16, 5, 15, 17, 15, 16, 18, 10, 
37: 0, 7, 0, 0, 0, 0, 0, 0, 15, 0, 0, 0, 23, 6, 17, 0, 0, 0, 0, 15, 15, 0, 0, 15, 0, 15, 15, 0, 0, 16, 0, 0, 0, 17, 0, 0, 0, 0, 0, 0, 0, 0, 23, 16, 25, 16, 6, 0, 0, 0, 0, 0, 15, 0, 6, 0, 0, 15, 15, 0, 0, 19, 0, 15, 15, 0, 0, 0, 0, 13, 8, 15, 0, 0, 0, 0, 0, 15, 0, 0, 0, 0, 8, 18, 0, 0, 15, 0, 15, 0, 0, 0, 15, 15, 0, 15, 0, 15, 15, 0, 0, 0, 15, 0, 0, 0, 17, 0, 0, 15, 15, 0, 0, 0, 0, 0, 0, 0, 0, 0, 15, 0, 0, 0, 0, 0, 0, 0, 15, 0, 0, 16, 0, 0, 3, 16, 15, 15, 0, 0, 15, 0, 0, 0, 0, 16, 16, 15, 16, 15, 16, 0, 0, 15, 22, 0, 0, 0, 12, 0, 0, 0, 0, 15, 0, 15, 0, 11, 15, 0, 0, 15, 0, 0, 0, 0, 8, 18, 0, 0, 0, 0, 22, 0, 6, 0, 0, 0, 15, 15, 15, 22, 15, 15, 0, 15, 0, 0, 15, 0, : 7, 15, 23, 6, 17, 15, 15, 15, 15, 15, 16, 17, 23, 16, 25, 16, 6, 15, 6, 15, 15, 19, 15, 15, 13, 8, 15, 15, 8, 18, 15, 15, 15, 15, 15, 15, 15, 15, 17, 15, 15, 15, 15, 16, 3, 16, 15, 15, 15, 16, 16, 15, 16, 15, 16, 15, 22, 12, 15, 15, 11, 15, 15, 8, 18, 22, 6, 15, 15, 15, 22, 15, 15, 15, 15, 
57: 15, 15, 0, 0, 0, 15, 0, 15, 0, 0, 0, 15, 0, 0, 0, 0, 0, 16, 0, 0, 0, 19, 0, 0, 0, 0, 0, 0, 0, 0, 6, 0, 0, 0, 0, 15, 0, 19, 0, 15, 15, 0, 0, 15, 0, 0, 17, 34, 0, 0, 15, 0, 0, 0, 0, 15, 0, 0, 19, 15, 0, 0, 0, 0, 0, 0, 0, 18, 15, 16, 0, 0, 0, 0, 0, 0, 0, 0, 0, 0, 0, 0, 0, 15, 0, 15, 8, 0, 15, 0, 25, 18, 0, 0, 0, 18, 0, 0, 15, 15, 0, 0, 0, 8, 0, 17, 0, 0, 0, 15, 0, 0, 0, 18, 0, 0, 22, 15, 15, 0, 0, 0, 0, 15, 0, 0, 15, 15, 0, 0, 0, 0, 15, 24, 0, 7, 0, 0, 18, 0, 18, 0, 16, 15, 0, 0, 0, 0, 0, 0, 0, 0, 0, 0, 0, 0, 0, 16, 32, 0, 11, 15, 0, 15, 0, 0, 0, 0, 15, 15, 0, 0, 0, 15, 0, 0, 0, 14, 0, 17, 0, 16, 0, 0, 15, 15, 15, 0, 0, 0, 0, 30, 0, 0, 0, 15, 0, 0, 15, 0, : 15, 15, 15, 15, 15, 16, 19, 6, 15, 19, 15, 15, 15, 17, 34, 15, 15, 19, 15, 18, 15, 16, 15, 15, 8, 15, 25, 18, 18, 15, 15, 8, 17, 15, 18, 22, 15, 15, 15, 15, 15, 15, 24, 7, 18, 18, 16, 15, 16, 32, 11, 15, 15, 15, 15, 15, 14, 17, 16, 15, 15, 15, 30, 15, 15, 


76: 0, 0, 0, 15, 0, 0, 0, 0, 0, 0, 0, 15, 0, 0, 0, 0, 0, 0, 0, 4, 0, 0, 19, 15, 10, 15, 15, 15, 4, 0, 15, 0, 21, 15, 0, 0, 0, 0, 0, 0, 15, 20, 0, 0, 0, 0, 0, 0, 0, 0, 20, 0, 0, 0, 0, 17, 16, 0, 5, 0, 15, 17, 0, 6, 0, 15, 0, 0, 26, 22, 0, 0, 0, 0, 0, 0, 0, 0, 0, 15, 0, 0, 0, 0, 0, 15, 0, 15, 0, 0, 0, 0, 0, 18, 0, 0, 28, 0, 0, 0, 0, 0, 0, 0, 0, 0, 0, 0, 0, 15, 0, 0, 16, 0, 15, 0, 0, 0, 0, 0, 0, 0, 0, 15, 0, 9, 0, 16, 0, 0, 0, 0, 0, 27, 35, 0, 0, 0, 16, 15, 0, 15, 15, 21, 0, 0, 0, 0, 0, 15, 15, 15, 0, 0, 0, 0, 0, 0, 0, 15, 0, 15, 0, 0, 0, 10, 0, 15, 15, 0, 0, 18, 0, 15, 5, 15, 0, 0, 0, 0, 0, 0, 15, 0, 0, 0, 0, 1, 0, 0, 0, 0, 16, 0, 0, 16, 0, 16, 16, 15, : 15, 15, 4, 19, 15, 10, 15, 15, 15, 4, 15, 21, 15, 15, 20, 20, 17, 16, 5, 15, 17, 6, 15, 26, 22, 15, 15, 15, 18, 28, 15, 16, 15, 15, 9, 16, 27, 35, 16, 15, 15, 15, 21, 15, 15, 15, 15, 15, 10, 15, 15, 18, 15, 5, 15, 15, 1, 16, 16, 16, 16, 15, 
34: 0, 0, 0, 0, 0, 0, 0, 15, 0, 15, 0, 0, 0, 0, 0, 0, 0, 0, 0, 0, 15, 0, 15, 0, 0, 0, 0, 0, 0, 28, 17, 15, 0, 0, 0, 0, 0, 21, 5, 0, 0, 16, 15, 0, 19, 0, 0, 0, 0, 0, 24, 0, 0, 0, 0, 0, 0, 0, 0, 15, 15, 0, 0, 19, 0, 0, 0, 15, 0, 0, 0, 0, 0, 0, 16, 0, 0, 0, 0, 15, 15, 0, 0, 0, 0, 0, 0, 0, 0, 0, 15, 0, 8, 0, 21, 15, 0, 0, 0, 0, 15, 0, 0, 0, 11, 12, 14, 0, 0, 0, 0, 0, 26, 9, 0, 0, 16, 0, 0, 16, 0, 17, 0, 0, 0, 0, 0, 0, 15, 0, 0, 0, 0, 0, 15, 0, 15, 0, 0, 15, 0, 15, 0, 15, 27, 18, 0, 0, 15, 15, 22, 15, 7, 15, 0, 15, 0, 0, 0, 0, 0, 0, 0, 0, 15, 0, 0, 16, 0, 0, 15, 0, 16, 0, 0, 0, 0, 0, 0, 0, 0, 0, 9, 0, 0, 0, 0, 0, 0, 0, 0, 0, 0, 0, 19, 0, 16, 16, 15, 0, : 15, 15, 15, 15, 28, 17, 15, 21, 5, 16, 15, 19, 24, 15, 15, 19, 15, 16, 15, 15, 15, 8, 21, 15, 15, 11, 12, 14, 26, 9, 16, 16, 17, 15, 15, 15, 15, 15, 15, 27, 18, 15, 15, 22, 15, 7, 15, 15, 15, 16, 15, 16, 9, 19, 16, 16, 15, 
89: 0, 0, 0, 0, 0, 15, 0, 0, 0, 0, 0, 0, 0, 0, 0, 0, 0, 9, 0, 0, 0, 0, 0, 0, 15, 0, 0, 21, 15, 0, 0, 15, 0, 0, 0, 16, 0, 8, 0, 7, 8, 0, 0, 28, 15, 0, 18, 0, 0, 15, 15, 16, 0, 0, 0, 0, 0, 21, 0, 15, 0, 0, 1, 0, 15, 0, 15, 0, 0, 0, 0, 0, 0, 0, 17, 0, 0, 12, 0, 15, 15, 0, 0, 29, 0, 15, 17, 22, 15, 0, 0, 15, 15, 0, 0, 15, 0, 0, 0, 0, 0, 0, 0, 17, 0, 15, 15, 15, 15, 0, 0, 0, 0, 15, 16, 0, 0, 0, 0, 0, 15, 0, 0, 0, 17, 0, 0, 0, 0, 0, 0, 16, 0, 0, 0, 0, 0, 0, 0, 0, 0, 0, 2, 0, 24, 0, 0, 0, 0, 0, 0, 0, 0, 6, 15, 15, 0, 15, 0, 0, 20, 0, 0, 16, 0, 0, 0, 0, 0, 30, 15, 0, 1, 0, 0, 29, 0, 0, 17, 0, 32, 0, 0, 0, 16, 15, 0, 15, 15, 15, 17, 15, 0, 0, 0, 0, 0, 0, 0, 0, : 15, 9, 15, 21, 15, 15, 16, 8, 7, 8, 28, 15, 18, 15, 15, 16, 21, 15, 1, 15, 15, 17, 12, 15, 15, 29, 15, 17, 22, 15, 15, 15, 15, 17, 15, 15, 15, 15, 15, 16, 15, 17, 16, 2, 24, 6, 15, 15, 15, 20, 16, 30, 15, 1, 29, 17, 32, 16, 15, 15, 15, 15, 17, 15, 
30: 0, 15, 0, 0, 17, 15, 0, 0, 0, 0, 0, 17, 0, 0, 23, 21, 15, 0, 15, 15, 0, 0, 0, 15, 0, 0, 15, 0, 0, 15, 0, 0, 15, 15, 15, 0, 0, 0, 0, 16, 0, 0, 0, 0, 0, 12, 0, 0, 15, 0, 15, 0, 0, 18, 0, 8, 0, 0, 21, 0, 0, 0, 15, 15, 19, 0, 0, 15, 4, 0, 0, 15, 15, 0, 0, 0, 7, 22, 15, 0, 0, 20, 0, 0, 0, 22, 0, 15, 0, 17, 15, 0, 0, 15, 0, 0, 2, 0, 0, 15, 0, 0, 15, 0, 0, 15, 0, 0, 15, 0, 18, 15, 0, 15, 15, 0, 0, 0, 6, 0, 0, 33, 0, 0, 0, 15, 0, 37, 15, 4, 0, 13, 15, 0, 15, 15, 0, 0, 15, 0, 0, 0, 0, 0, 0, 0, 0, 16, 0, 0, 0, 0, 0, 21, 0, 15, 0, 15, 15, 16, 0, 0, 15, 0, 0, 0, 17, 22, 0, 2, 0, 0, 0, 0, 20, 0, 0, 15, 0, 0, 15, 12, 0, 15, 18, 15, 21, 0, 0, 0, 0, 0, 0, 0, 0, 0, 0, 0, 0, 0, : 15, 17, 15, 17, 23, 21, 15, 15, 15, 15, 15, 15, 15, 15, 15, 16, 12, 15, 15, 18, 8, 21, 15, 15, 19, 15, 4, 15, 15, 7, 22, 15, 20, 22, 15, 17, 15, 15, 2, 15, 15, 15, 15, 18, 15, 15, 15, 6, 33, 15, 37, 15, 4, 13, 15, 15, 15, 15, 16, 21, 15, 15, 15, 16, 15, 17, 22, 2, 20, 15, 15, 12, 15, 18, 15, 21, 
67: 0, 0, 0, 0, 0, 7, 15, 10, 0, 0, 18, 0, 7, 8, 0, 15, 16, 15, 0, 15, 19, 0, 0, 0, 0, 0, 14, 16, 0, 0, 0, 0, 0, 0, 15, 19, 0, 0, 0, 0, 15, 19, 12, 15, 0, 0, 0, 0, 18, 15, 0, 15, 15, 0, 0, 0, 0, 17, 0, 0, 0, 0, 0, 0, 0, 0, 0, 0, 0, 0, 0, 0, 0, 0, 0, 15, 0, 0, 0, 21, 0, 0, 0, 16, 0, 0, 0, 15, 0, 15, 8, 15, 0, 0, 0, 0, 15, 15, 0, 0, 0, 28, 0, 0, 20, 0, 0, 0, 0, 0, 0, 0, 11, 0, 7, 15, 21, 0, 0, 0, 15, 0, 0, 0, 0, 0, 10, 0, 0, 15, 0, 0, 15, 16, 0, 0, 0, 0, 0, 15, 16, 0, 0, 0, 0, 16, 0, 22, 0, 15, 15, 0, 0, 0, 0, 1, 0, 0, 15, 15, 0, 0, 0, 17, 16, 15, 0, 0, 0, 0, 0, 0, 0, 21, 0, 0, 15, 15, 15, 15, 0, 0, 24, 15, 0, 0, 0, 0, 15, 0, 0, 6, 0, 0, 0, 0, 15, 0, 0, 0, : 7, 15, 10, 18, 7, 8, 15, 16, 15, 15, 19, 14, 16, 15, 19, 15, 19, 12, 15, 18, 15, 15, 15, 17, 15, 21, 16, 15, 15, 8, 15, 15, 15, 28, 20, 11, 7, 15, 21, 15, 10, 15, 15, 16, 15, 16, 16, 22, 15, 15, 1, 15, 15, 17, 16, 15, 21, 15, 15, 15, 15, 24, 15, 15, 6, 15, 
69: 2, 15, 0, 0, 21, 18, 15, 15, 0, 0, 15, 0, 0, 0, 0, 2, 9, 25, 0, 0, 0, 15, 0, 0, 0, 0, 0, 23, 0, 15, 16, 10, 0, 0, 0, 0, 15, 0, 0, 0, 0, 18, 0, 0, 15, 0, 0, 0, 0, 0, 15, 0, 16, 0, 0, 0, 19, 0, 0, 0, 15, 17, 0, 0, 0, 15, 0, 0, 0, 0, 0, 0, 0, 0, 25, 15, 15, 0, 25, 0, 0, 24, 7, 0, 0, 15, 0, 0, 0, 0, 17, 0, 0, 0, 15, 17, 0, 0, 16, 0, 0, 10, 0, 0, 0, 15, 0, 0, 0, 12, 0, 0, 16, 0, 15, 0, 18, 1, 0, 0, 0, 0, 2, 0, 0, 15, 0, 0, 0, 0, 0, 0, 15, 0, 0, 0, 0, 0, 0, 0, 0, 0, 15, 0, 15, 0, 16, 15, 0, 0, 3, 15, 0, 0, 0, 17, 0, 0, 0, 0, 30, 15, 0, 0, 11, 15, 0, 15, 0, 0, 0, 0, 0, 0, 15, 0, 20, 0, 0, 0, 0, 0, 0, 0, 0, 9, 0, 0, 0, 16, 15, 0, 0, 0, 0, 15, 17, 0, 0, 15, : 2, 15, 21, 18, 15, 15, 15, 2, 9, 25, 15, 23, 15, 16, 10, 15, 18, 15, 15, 16, 19, 15, 17, 15, 25, 15, 15, 25, 24, 7, 15, 17, 15, 17, 16, 10, 15, 12, 16, 15, 18, 1, 2, 15, 15, 15, 15, 16, 15, 3, 15, 17, 30, 15, 11, 15, 15, 15, 20, 9, 16, 15, 15, 17, 15, 
88: 0, 15, 16, 0, 15, 15, 0, 0, 0, 15, 0, 0, 16, 0, 0, 0, 15, 15, 0, 0, 0, 15, 0, 0, 0, 0, 0, 0, 0, 25, 7, 0, 0, 0, 0, 0, 0, 0, 0, 0, 15, 0, 0, 0, 0, 0, 0, 15, 16, 0, 11, 15, 0, 2, 15, 0, 15, 0, 0, 0, 15, 17, 0, 0, 0, 0, 24, 0, 15, 0, 0, 7, 0, 0, 0, 15, 15, 0, 0, 0, 0, 11, 0, 0, 15, 0, 0, 0, 15, 0, 0, 31, 17, 15, 0, 0, 0, 23, 15, 0, 0, 0, 0, 7, 0, 0, 0, 0, 20, 16, 15, 0, 0, 0, 0, 0, 0, 0, 0, 0, 0, 0, 16, 0, 0, 20, 15, 0, 18, 0, 6, 26, 0, 0, 0, 0, 15, 16, 17, 0, 0, 0, 0, 0, 0, 15, 20, 0, 0, 16, 0, 0, 16, 0, 0, 0, 0, 0, 15, 0, 0, 0, 0, 15, 0, 15, 16, 0, 16, 0, 0, 0, 0, 0, 15, 0, 0, 0, 0, 13, 0, 22, 18, 0, 0, 0, 16, 0, 15, 15, 0, 15, 0, 0, 22, 15, 15, 0, 0, 0, : 15, 16, 15, 15, 15, 16, 15, 15, 15, 25, 7, 15, 15, 16, 11, 15, 2, 15, 15, 15, 17, 24, 15, 7, 15, 15, 11, 15, 15, 31, 17, 15, 23, 15, 7, 20, 16, 15, 16, 20, 15, 18, 6, 26, 15, 16, 17, 15, 20, 16, 16, 15, 15, 15, 16, 16, 15, 13, 22, 18, 16, 15, 15, 15, 22, 15, 15, 
25: 0, 0, 0, 0, 0, 0, 0, 0, 7, 0, 0, 0, 17, 15, 37, 0, 0, 0, 17, 0, 15, 15, 0, 0, 0, 0, 15, 0, 0, 0, 0, 15, 0, 0, 0, 0, 0, 0, 0, 0, 0, 0, 28, 15, 15, 15, 0, 15, 15, 0, 0, 0, 0, 0, 15, 0, 15, 0, 0, 0, 0, 15, 0, 15, 15, 0, 15, 15, 0, 0, 16, 0, 6, 16, 10, 0, 0, 15, 0, 0, 0, 0, 0, 0, 19, 15, 0, 0, 0, 0, 0, 0, 0, 0, 0, 16, 0, 0, 0, 0, 15, 0, 15, 0, 15, 0, 15, 15, 0, 0, 0, 0, 0, 0, 16, 0, 15, 15, 15, 15, 32, 15, 0, 16, 0, 0, 15, 15, 0, 0, 0, 0, 15, 0, 0, 0, 15, 0, 20, 15, 15, 16, 15, 15, 18, 0, 0, 0, 11, 0, 0, 19, 0, 0, 15, 0, 0, 15, 16, 15, 20, 0, 0, 12, 0, 0, 0, 0, 0, 15, 19, 0, 0, 10, 0, 0, 15, 2, 0, 15, 0, 0, 0, 0, 0, 0, 0, 0, 6, 0, 15, 0, 0, 7, 0, 0, 0, 16, 0, 0, : 7, 17, 15, 37, 17, 15, 15, 15, 15, 28, 15, 15, 15, 15, 15, 15, 15, 15, 15, 15, 15, 15, 16, 6, 16, 10, 15, 19, 15, 16, 15, 15, 15, 15, 15, 16, 15, 15, 15, 15, 32, 15, 16, 15, 15, 15, 15, 20, 15, 15, 16, 15, 15, 18, 11, 19, 15, 15, 16, 15, 20, 12, 15, 19, 10, 15, 2, 15, 6, 15, 7, 16, 
19: 0, 0, 0, 0, 0, 0, 0, 15, 0, 15, 20, 0, 0, 15, 0, 0, 0, 0, 0, 0, 0, 0, 5, 0, 0, 0, 0, 0, 0, 0, 0, 15, 0, 0, 0, 0, 0, 15, 0, 15, 0, 0, 0, 0, 0, 0, 0, 0, 15, 15, 0, 0, 0, 0, 15, 15, 0, 0, 0, 0, 0, 0, 16, 0, 0, 8, 0, 0, 0, 0, 0, 18, 0, 0, 0, 0, 15, 0, 0, 0, 0, 15, 0, 0, 0, 0, 0, 3, 16, 0, 15, 0, 15, 15, 0, 3, 15, 0, 0, 0, 0, 0, 15, 27, 17, 16, 0, 0, 0, 0, 0, 0, 0, 0, 16, 0, 15, 16, 0, 21, 0, 0, 0, 15, 0, 0, 15, 0, 0, 15, 0, 0, 0, 0, 0, 0, 0, 15, 0, 15, 0, 0, 0, 0, 0, 0, 4, 21, 0, 0, 0, 0, 0, 0, 0, 0, 15, 0, 0, 0, 0, 25, 0, 0, 0, 0, 0, 0, 8, 0, 0, 0, 17, 0, 0, 0, 0, 0, 27, 19, 0, 0, 0, 0, 0, 0, 0, 21, 0, 18, 0, 0, 15, 15, 0, 0, 0, 0, 0, 29, : 15, 15, 20, 15, 5, 15, 15, 15, 15, 15, 15, 15, 16, 8, 18, 15, 15, 3, 16, 15, 15, 15, 3, 15, 15, 27, 17, 16, 16, 15, 16, 21, 15, 15, 15, 15, 15, 4, 21, 15, 25, 8, 17, 27, 19, 21, 18, 15, 15, 29, 
42: 20, 0, 32, 15, 0, 15, 0, 0, 15, 15, 0, 16, 0, 0, 0, 0, 0, 0, 15, 0, 21, 0, 0, 0, 15, 0, 0, 0, 0, 0, 0, 0, 15, 17, 15, 15, 16, 0, 0, 0, 0, 0, 0, 0, 0, 15, 16, 18, 0, 15, 0, 0, 0, 0, 0, 15, 0, 2, 0, 0, 0, 0, 0, 0, 0, 0, 0, 15, 23, 15, 0, 15, 0, 4, 0, 0, 0, 15, 15, 0, 15, 15, 0, 15, 0, 0, 0, 0, 22, 17, 0, 0, 0, 0, 0, 0, 0, 18, 0, 16, 0, 0, 0, 0, 0, 0, 0, 0, 0, 0, 0, 0, 0, 0, 0, 0, 0, 15, 17, 0, 19, 15, 0, 0, 0, 0, 0, 0, 0, 0, 15, 0, 0, 0, 0, 15, 0, 0, 0, 0, 0, 0, 15, 19, 0, 0, 0, 0, 0, 15, 0, 0, 0, 28, 0, 0, 0, 0, 0, 0, 0, 15, 0, 0, 0, 0, 15, 0, 0, 0, 0, 0, 0, 0, 0, 0, 0, 0, 0, 0, 0, 0, 15, 0, 0, 0, 15, 0, 0, 0, 15, 0, 16, 0, 18, 0, 7, 0, 0, 8, : 20, 32, 15, 15, 15, 15, 16, 15, 21, 15, 15, 17, 15, 15, 16, 15, 16, 18, 15, 15, 2, 15, 23, 15, 15, 4, 15, 15, 15, 15, 15, 22, 17, 18, 16, 15, 17, 19, 15, 15, 15, 15, 19, 15, 28, 15, 15, 15, 15, 15, 16, 18, 7, 8, 
71: 15, 0, 8, 0, 15, 0, 0, 0, 15, 0, 0, 0, 0, 0, 10, 0, 15, 21, 0, 0, 0, 15, 0, 0, 0, 15, 0, 0, 15, 0, 0, 0, 0, 16, 15, 0, 16, 18, 16, 15, 0, 0, 15, 0, 19, 0, 3, 16, 0, 25, 0, 21, 21, 0, 0, 0, 0, 0, 0, 0, 0, 0, 0, 0, 0, 0, 16, 0, 0, 0, 0, 15, 17, 0, 0, 18, 0, 0, 0, 15, 0, 0, 15, 0, 0, 0, 15, 0, 2, 0, 0, 0, 15, 0, 0, 0, 0, 15, 0, 0, 0, 0, 20, 0, 21, 0, 23, 15, 17, 0, 0, 12, 16, 15, 0, 0, 0, 0, 0, 15, 0, 0, 0, 0, 24, 0, 0, 0, 0, 15, 15, 0, 21, 16, 0, 15, 0, 12, 0, 0, 0, 15, 0, 15, 0, 0, 15, 0, 0, 0, 0, 0, 15, 0, 17, 0, 25, 15, 0, 15, 0, 0, 15, 0, 0, 15, 0, 15, 0, 0, 0, 0, 0, 18, 0, 15, 15, 0, 0, 0, 0, 16, 0, 0, 19, 16, 0, 15, 19, 15, 0, 0, 0, 0, 16, 0, 0, 0, 15, 0, : 15, 8, 15, 15, 10, 15, 21, 15, 15, 15, 16, 15, 16, 18, 16, 15, 15, 19, 3, 16, 25, 21, 21, 16, 15, 17, 18, 15, 15, 15, 2, 15, 15, 20, 21, 23, 15, 17, 12, 16, 15, 15, 24, 15, 15, 21, 16, 15, 12, 15, 15, 15, 15, 17, 25, 15, 15, 15, 15, 15, 18, 15, 15, 16, 19, 16, 15, 19, 15, 16, 15, 
95: 0, 8, 0, 3, 16, 0, 0, 0, 17, 0, 17, 0, 0, 24, 15, 0, 15, 0, 0, 15, 15, 0, 15, 15, 0, 0, 17, 10, 21, 2, 0, 0, 0, 1, 0, 0, 0, 0, 17, 0, 0, 0, 0, 15, 0, 0, 0, 6, 0, 0, 0, 0, 0, 18, 0, 15, 20, 15, 0, 0, 0, 19, 20, 0, 0, 17, 15, 0, 16, 0, 0, 0, 0, 16, 16, 0, 0, 15, 0, 0, 0, 0, 15, 9, 3, 0, 0, 0, 0, 0, 0, 6, 0, 15, 0, 0, 15, 0, 0, 15, 0, 0, 0, 0, 0, 0, 0, 0, 0, 20, 6, 0, 0, 0, 0, 15, 15, 0, 17, 0, 0, 0, 18, 0, 0, 0, 0, 0, 0, 0, 0, 0, 0, 16, 0, 0, 16, 0, 0, 0, 15, 0, 0, 0, 0, 15, 0, 0, 0, 0, 15, 15, 17, 0, 0, 0, 0, 16, 15, 0, 0, 0, 0, 24, 0, 0, 0, 2, 15, 0, 5, 0, 0, 0, 0, 0, 0, 0, 0, 0, 11, 18, 0, 18, 0, 0, 0, 15, 0, 0, 3, 0, 0, 0, 0, 0, 0, 0, 15, 0, : 8, 3, 16, 17, 17, 24, 15, 15, 15, 15, 15, 15, 17, 10, 21, 2, 1, 17, 15, 6, 18, 15, 20, 15, 19, 20, 17, 15, 16, 16, 16, 15, 15, 9, 3, 6, 15, 15, 15, 20, 6, 15, 15, 17, 18, 16, 16, 15, 15, 15, 15, 17, 16, 15, 24, 2, 15, 5, 11, 18, 18, 15, 3, 15, 
23: 17, 0, 0, 0, 0, 0, 0, 0, 0, 0, 0, 0, 0, 0, 0, 0, 15, 0, 0, 0, 0, 16, 15, 15, 15, 0, 0, 0, 0, 0, 0, 15, 15, 17, 12, 15, 0, 0, 15, 15, 0, 15, 0, 21, 15, 0, 0, 0, 0, 0, 0, 0, 0, 15, 15, 15, 0, 15, 36, 15, 0, 0, 0, 15, 0, 0, 0, 0, 0, 20, 16, 0, 15, 0, 0, 0, 0, 0, 0, 15, 0, 0, 15, 31, 0, 0, 0, 15, 15, 0, 0, 0, 15, 22, 0, 0, 0, 0, 15, 8, 0, 17, 0, 16, 0, 27, 0, 15, 15, 16, 0, 19, 0, 0, 0, 0, 0, 0, 0, 0, 0, 0, 0, 9, 0, 15, 0, 0, 0, 0, 25, 0, 0, 0, 0, 14, 0, 0, 0, 0, 15, 0, 0, 0, 0, 0, 0, 0, 15, 9, 0, 0, 0, 15, 0, 22, 16, 9, 0, 0, 0, 0, 0, 16, 0, 0, 0, 0, 0, 0, 0, 15, 0, 20, 0, 0, 0, 0, 0, 0, 15, 0, 0, 18, 0, 0, 0, 15, 0, 1, 20, 15, 0, 15, 0, 0, 15, 0, 0, 0, : 17, 15, 16, 15, 15, 15, 15, 15, 17, 12, 15, 15, 15, 15, 21, 15, 15, 15, 15, 15, 36, 15, 15, 20, 16, 15, 15, 15, 31, 15, 15, 15, 22, 15, 8, 17, 16, 27, 15, 15, 16, 19, 9, 15, 25, 14, 15, 15, 9, 15, 22, 16, 9, 16, 15, 20, 15, 18, 15, 1, 20, 15, 15, 15, 
91: 0, 0, 0, 17, 0, 0, 0, 15, 15, 0, 15, 0, 0, 15, 0, 17, 0, 15, 16, 15, 0, 0, 15, 0, 0, 9, 0, 0, 15, 0, 15, 0, 0, 0, 0, 14, 0, 15, 0, 0, 0, 12, 0, 0, 0, 15, 0, 15, 15, 0, 0, 0, 15, 15, 15, 0, 0, 15, 0, 21, 0, 0, 15, 0, 0, 15, 0, 15, 0, 15, 15, 0, 0, 18, 0, 15, 15, 21, 0, 0, 7, 0, 15, 0, 15, 0, 23, 0, 0, 2, 0, 0, 0, 0, 0, 0, 0, 0, 16, 15, 0, 0, 0, 18, 0, 0, 0, 0, 0, 0, 0, 15, 0, 16, 0, 0, 0, 0, 0, 17, 16, 5, 15, 0, 16, 26, 15, 10, 15, 0, 0, 0, 0, 15, 0, 25, 0, 0, 0, 0, 0, 15, 0, 0, 0, 2, 0, 0, 23, 0, 0, 0, 15, 0, 0, 15, 0, 0, 0, 0, 15, 0, 19, 0, 0, 0, 2, 0, 0, 22, 0, 15, 15, 0, 0, 0, 0, 15, 0, 0, 0, 0, 0, 0, 17, 0, 15, 0, 15, 0, 0, 0, 15, 15, 0, 21, 0, 0, 15, 0, : 17, 15, 15, 15, 15, 17, 15, 16, 15, 15, 9, 15, 15, 14, 15, 12, 15, 15, 15, 15, 15, 15, 15, 21, 15, 15, 15, 15, 15, 18, 15, 15, 21, 7, 15, 15, 23, 2, 16, 15, 18, 15, 16, 17, 16, 5, 15, 16, 26, 15, 10, 15, 15, 25, 15, 2, 23, 15, 15, 15, 19, 2, 22, 15, 15, 15, 17, 15, 15, 15, 15, 21, 15, 
1: 15, 16, 28, 0, 0, 0, 8, 15, 0, 15, 0, 19, 0, 0, 0, 15, 0, 0, 15, 0, 0, 0, 0, 0, 0, 15, 24, 0, 0, 0, 0, 0, 15, 0, 0, 0, 0, 0, 0, 0, 15, 0, 0, 0, 0, 0, 15, 0, 0, 0, 0, 0, 0, 0, 5, 0, 0, 0, 23, 0, 5, 0, 0, 0, 0, 15, 0, 0, 0, 0, 0, 15, 16, 0, 16, 0, 0, 0, 15, 0, 33, 0, 16, 0, 15, 0, 0, 0, 0, 0, 0, 0, 0, 0, 17, 19, 0, 0, 15, 0, 12, 0, 5, 0, 0, 0, 0, 20, 0, 21, 0, 0, 0, 0, 0, 15, 0, 22, 15, 0, 0, 0, 0, 0, 0, 0, 0, 22, 15, 21, 0, 15, 0, 10, 0, 0, 24, 0, 0, 0, 0, 0, 0, 15, 0, 19, 15, 0, 15, 0, 15, 0, 0, 0, 16, 0, 0, 0, 0, 15, 0, 0, 15, 0, 0, 0, 20, 0, 0, 16, 0, 7, 17, 0, 0, 15, 0, 19, 0, 17, 27, 0, 19, 13, 0, 15, 15, 0, 15, 0, 0, 0, 16, 0, 0, 3, 0, 15, 9, 0, : 15, 16, 28, 8, 15, 15, 19, 15, 15, 15, 24, 15, 15, 15, 5, 23, 5, 15, 15, 16, 16, 15, 33, 16, 15, 17, 19, 15, 12, 5, 20, 21, 15, 22, 15, 22, 15, 21, 15, 10, 24, 15, 19, 15, 15, 15, 16, 15, 15, 20, 16, 7, 17, 15, 19, 17, 27, 19, 13, 15, 15, 15, 16, 3, 15, 9, 
17: 0, 16, 0, 0, 0, 15, 0, 15, 0, 16, 0, 15, 15, 0, 0, 15, 0, 0, 15, 0, 0, 0, 0, 15, 15, 15, 0, 15, 0, 0, 15, 0, 0, 0, 28, 0, 0, 0, 17, 15, 0, 0, 15, 0, 0, 0, 17, 0, 0, 0, 0, 15, 15, 0, 0, 0, 0, 0, 0, 4, 0, 15, 0, 0, 15, 0, 15, 0, 0, 0, 0, 0, 15, 16, 0, 0, 0, 0, 0, 0, 0, 0, 0, 0, 0, 0, 15, 0, 0, 15, 15, 15, 15, 0, 15, 15, 0, 13, 7, 0, 15, 15, 0, 0, 0, 0, 15, 0, 0, 0, 15, 0, 0, 0, 0, 8, 0, 16, 15, 0, 0, 0, 0, 15, 28, 0, 15, 0, 2, 15, 0, 15, 0, 0, 29, 0, 0, 39, 0, 0, 15, 15, 21, 0, 16, 0, 0, 15, 0, 15, 0, 6, 0, 15, 15, 0, 0, 0, 0, 0, 0, 15, 5, 0, 0, 15, 0, 0, 0, 0, 0, 15, 0, 0, 15, 11, 15, 0, 0, 0, 0, 15, 0, 0, 15, 0, 0, 0, 0, 0, 0, 17, 0, 0, 0, 0, 0, 0, 0, 0, : 16, 15, 15, 16, 15, 15, 15, 15, 15, 15, 15, 15, 15, 28, 17, 15, 15, 17, 15, 15, 4, 15, 15, 15, 15, 16, 15, 15, 15, 15, 15, 15, 15, 13, 7, 15, 15, 15, 15, 8, 16, 15, 15, 28, 15, 2, 15, 15, 29, 39, 15, 15, 21, 16, 15, 15, 6, 15, 15, 15, 5, 15, 15, 15, 11, 15, 15, 15, 17, 
53: 15, 0, 16, 15, 0, 0, 15, 0, 0, 0, 15, 0, 0, 0, 15, 15, 0, 0, 7, 0, 0, 15, 16, 0, 0, 16, 0, 0, 15, 15, 15, 15, 0, 0, 0, 0, 0, 0, 15, 0, 17, 0, 15, 6, 0, 16, 0, 0, 6, 0, 0, 3, 3, 17, 0, 0, 0, 0, 15, 0, 0, 0, 0, 15, 0, 0, 0, 8, 16, 0, 23, 0, 0, 15, 0, 21, 18, 0, 0, 0, 0, 0, 0, 0, 0, 0, 15, 0, 0, 0, 0, 0, 0, 0, 0, 0, 0, 16, 0, 16, 0, 15, 0, 0, 0, 0, 0, 5, 3, 0, 16, 15, 0, 15, 0, 0, 0, 0, 0, 0, 0, 0, 15, 0, 0, 0, 15, 0, 0, 0, 0, 0, 0, 0, 0, 16, 0, 0, 17, 0, 24, 9, 0, 0, 0, 0, 0, 0, 0, 0, 0, 0, 15, 0, 0, 0, 14, 15, 0, 0, 15, 0, 0, 0, 15, 0, 15, 0, 31, 0, 0, 0, 0, 16, 15, 0, 15, 19, 0, 0, 0, 17, 0, 0, 0, 15, 0, 18, 0, 20, 0, 0, 22, 0, 0, 15, 0, 0, 0, 0, : 15, 16, 15, 15, 15, 15, 15, 7, 15, 16, 16, 15, 15, 15, 15, 15, 17, 15, 6, 16, 6, 3, 3, 17, 15, 15, 8, 16, 23, 15, 21, 18, 15, 16, 16, 15, 5, 3, 16, 15, 15, 15, 15, 16, 17, 24, 9, 15, 14, 15, 15, 15, 15, 31, 16, 15, 15, 19, 17, 15, 18, 20, 22, 15, 
41: 0, 0, 0, 0, 0, 0, 16, 0, 15, 0, 0, 18, 15, 0, 0, 0, 0, 0, 0, 20, 0, 9, 0, 15, 15, 15, 0, 0, 0, 0, 0, 0, 0, 0, 0, 0, 14, 23, 0, 0, 0, 0, 0, 0, 0, 27, 16, 15, 0, 0, 0, 15, 15, 0, 20, 0, 15, 0, 0, 15, 20, 0, 0, 0, 15, 15, 0, 0, 0, 15, 15, 0, 16, 15, 0, 0, 0, 0, 15, 0, 15, 0, 17, 0, 18, 0, 0, 0, 0, 18, 15, 0, 0, 0, 15, 0, 25, 0, 0, 0, 28, 15, 15, 0, 16, 0, 0, 0, 0, 0, 15, 24, 15, 15, 0, 15, 0, 0, 0, 0, 0, 0, 0, 15, 0, 0, 0, 0, 0, 15, 15, 15, 17, 0, 6, 0, 0, 18, 15, 15, 0, 0, 17, 0, 0, 0, 15, 11, 0, 0, 15, 15, 15, 0, 7, 0, 15, 0, 23, 9, 0, 15, 16, 0, 28, 0, 0, 0, 0, 0, 22, 0, 16, 0, 0, 0, 5, 0, 26, 0, 0, 0, 0, 21, 0, 0, 15, 0, 0, 0, 15, 17, 0, 15, 0, 0, 0, 15, 0, 0, : 16, 15, 18, 15, 20, 9, 15, 15, 15, 14, 23, 27, 16, 15, 15, 15, 20, 15, 15, 20, 15, 15, 15, 15, 16, 15, 15, 15, 17, 18, 18, 15, 15, 25, 28, 15, 15, 16, 15, 24, 15, 15, 15, 15, 15, 15, 15, 17, 6, 18, 15, 15, 17, 15, 11, 15, 15, 15, 7, 15, 23, 9, 15, 16, 28, 22, 16, 5, 26, 21, 15, 15, 17, 15, 15, 
78: 0, 15, 0, 15, 16, 0, 15, 0, 0, 0, 0, 0, 15, 0, 0, 0, 0, 0, 0, 16, 0, 0, 0, 10, 15, 0, 0, 0, 15, 0, 0, 0, 0, 19, 0, 0, 15, 0, 15, 17, 15, 0, 0, 0, 0, 0, 0, 0, 0, 0, 0, 0, 0, 15, 0, 0, 0, 0, 0, 0, 0, 0, 18, 0, 0, 0, 0, 17, 0, 0, 0, 15, 0, 0, 0, 0, 0, 0, 15, 0, 0, 15, 0, 0, 15, 15, 0, 15, 0, 0, 0, 0, 0, 0, 17, 0, 0, 0, 0, 15, 15, 0, 15, 0, 0, 0, 0, 0, 15, 0, 15, 0, 0, 0, 0, 15, 0, 15, 0, 0, 3, 0, 19, 0, 15, 0, 0, 0, 20, 0, 24, 0, 0, 0, 0, 0, 0, 0, 0, 0, 0, 0, 0, 0, 0, 0, 15, 0, 21, 0, 0, 0, 0, 0, 15, 0, 15, 0, 0, 0, 0, 0, 15, 0, 15, 15, 15, 15, 0, 15, 24, 15, 0, 0, 15, 0, 0, 0, 0, 0, 0, 0, 0, 0, 15, 15, 0, 0, 0, 0, 0, 15, 0, 15, 15, 0, 0, 15, 0, 18, : 15, 15, 16, 15, 15, 16, 10, 15, 15, 19, 15, 15, 17, 15, 15, 18, 17, 15, 15, 15, 15, 15, 15, 17, 15, 15, 15, 15, 15, 15, 15, 3, 19, 15, 20, 24, 15, 21, 15, 15, 15, 15, 15, 15, 15, 15, 24, 15, 15, 15, 15, 15, 15, 15, 15, 18, 
13: 16, 0, 0, 20, 0, 0, 16, 0, 16, 9, 0, 0, 15, 23, 0, 0, 0, 0, 0, 0, 15, 0, 0, 0, 0, 0, 0, 0, 0, 0, 0, 0, 19, 0, 0, 21, 24, 0, 0, 0, 0, 0, 0, 0, 2, 0, 15, 0, 0, 15, 0, 0, 0, 0, 0, 15, 0, 15, 0, 15, 15, 0, 15, 15, 21, 0, 0, 0, 0, 13, 15, 0, 0, 0, 0, 1, 15, 0, 0, 4, 0, 0, 0, 0, 0, 3, 15, 0, 15, 16, 0, 18, 0, 0, 0, 0, 0, 0, 16, 0, 0, 0, 0, 15, 0, 0, 18, 15, 0, 0, 0, 0, 0, 0, 0, 17, 0, 0, 15, 16, 0, 15, 15, 15, 0, 0, 0, 0, 0, 0, 0, 0, 2, 0, 0, 0, 15, 0, 0, 10, 0, 0, 0, 0, 0, 15, 0, 0, 0, 0, 0, 0, 0, 0, 0, 0, 0, 0, 1, 0, 0, 0, 0, 0, 0, 0, 0, 0, 15, 0, 0, 15, 18, 0, 0, 15, 0, 15, 15, 21, 0, 0, 0, 0, 0, 0, 3, 0, 0, 0, 0, 0, 0, 18, 10, 15, 15, 7, 15, 15, : 16, 20, 16, 16, 9, 15, 23, 15, 19, 21, 24, 2, 15, 15, 15, 15, 15, 15, 15, 15, 21, 13, 15, 1, 15, 4, 3, 15, 15, 16, 18, 16, 15, 18, 15, 17, 15, 16, 15, 15, 15, 2, 15, 10, 15, 1, 15, 15, 18, 15, 15, 15, 21, 3, 18, 10, 15, 15, 7, 15, 15, 


80: 15, 0, 0, 0, 19, 15, 0, 16, 0, 0, 0, 0, 15, 0, 0, 0, 0, 9, 20, 0, 0, 10, 19, 17, 0, 0, 0, 0, 0, 0, 15, 15, 0, 0, 0, 0, 0, 0, 0, 0, 16, 0, 15, 0, 19, 0, 17, 17, 0, 22, 0, 0, 0, 0, 0, 15, 0, 0, 0, 15, 0, 0, 0, 0, 0, 0, 16, 0, 0, 0, 21, 0, 0, 0, 15, 0, 0, 0, 0, 22, 0, 0, 0, 15, 0, 0, 0, 15, 0, 15, 26, 0, 0, 0, 0, 0, 0, 0, 0, 0, 0, 0, 0, 0, 0, 0, 0, 0, 22, 0, 0, 0, 0, 0, 0, 15, 0, 20, 0, 9, 15, 8, 0, 0, 0, 0, 0, 0, 0, 15, 16, 15, 0, 15, 15, 0, 2, 0, 0, 24, 0, 0, 16, 0, 0, 0, 0, 0, 0, 0, 0, 0, 28, 15, 0, 0, 15, 0, 0, 0, 0, 0, 0, 15, 15, 0, 0, 0, 0, 0, 16, 0, 0, 0, 0, 15, 0, 15, 15, 0, 0, 0, 0, 16, 16, 0, 16, 2, 22, 0, 15, 0, 0, 0, 0, 15, 16, 0, 0, 0, : 15, 19, 15, 16, 15, 9, 20, 10, 19, 17, 15, 15, 16, 15, 19, 17, 17, 22, 15, 15, 16, 21, 15, 22, 15, 15, 15, 26, 22, 15, 20, 9, 15, 8, 15, 16, 15, 15, 15, 2, 24, 16, 28, 15, 15, 15, 15, 16, 15, 15, 15, 16, 16, 16, 2, 22, 15, 15, 16, 
59: 18, 0, 15, 0, 5, 0, 15, 0, 0, 16, 0, 0, 0, 0, 0, 16, 0, 15, 0, 0, 0, 0, 15, 15, 0, 0, 0, 16, 0, 0, 15, 0, 0, 15, 0, 0, 0, 16, 0, 16, 0, 0, 0, 15, 15, 15, 15, 0, 0, 0, 15, 16, 0, 15, 15, 0, 0, 16, 0, 15, 7, 15, 0, 15, 15, 0, 0, 0, 0, 0, 16, 15, 0, 15, 0, 15, 15, 16, 16, 0, 15, 0, 0, 0, 0, 15, 0, 6, 0, 0, 0, 15, 0, 0, 17, 0, 15, 15, 0, 15, 15, 0, 15, 33, 15, 0, 17, 0, 0, 15, 15, 0, 20, 15, 0, 0, 15, 0, 6, 0, 0, 16, 15, 0, 0, 3, 7, 17, 0, 0, 15, 15, 0, 0, 0, 0, 0, 0, 0, 0, 0, 0, 25, 0, 0, 0, 0, 0, 0, 0, 17, 15, 0, 0, 15, 0, 0, 0, 0, 0, 0, 15, 0, 0, 0, 0, 15, 0, 0, 15, 0, 0, 0, 0, 0, 0, 0, 0, 0, 0, 0, 15, 0, 20, 15, 0, 15, 0, 0, 0, 23, 0, 0, 0, 19, 0, 0, 0, 0, 15, : 18, 15, 5, 15, 16, 16, 15, 15, 15, 16, 15, 15, 16, 16, 15, 15, 15, 15, 15, 16, 15, 15, 16, 15, 7, 15, 15, 15, 16, 15, 15, 15, 15, 16, 16, 15, 15, 6, 15, 17, 15, 15, 15, 15, 15, 33, 15, 17, 15, 15, 20, 15, 15, 6, 16, 15, 3, 7, 17, 15, 15, 25, 17, 15, 15, 15, 15, 15, 15, 20, 15, 15, 23, 19, 15, 
22: 6, 15, 0, 0, 0, 0, 20, 0, 0, 0, 0, 8, 0, 0, 0, 4, 0, 0, 0, 0, 0, 0, 0, 17, 0, 0, 15, 0, 0, 0, 0, 0, 17, 0, 0, 0, 0, 0, 0, 0, 15, 0, 0, 0, 0, 15, 0, 0, 0, 15, 0, 0, 15, 0, 0, 0, 0, 0, 0, 0, 0, 0, 0, 0, 0, 19, 0, 0, 15, 15, 0, 0, 21, 0, 15, 0, 15, 0, 15, 15, 5, 15, 17, 32, 12, 0, 9, 0, 0, 0, 0, 0, 0, 15, 22, 0, 0, 9, 0, 15, 17, 28, 0, 0, 0, 15, 0, 0, 0, 3, 15, 14, 0, 0, 0, 0, 0, 16, 0, 0, 16, 0, 0, 22, 0, 18, 0, 0, 0, 0, 0, 0, 0, 5, 0, 0, 0, 0, 0, 1, 9, 0, 24, 15, 0, 0, 15, 0, 15, 0, 15, 0, 0, 0, 0, 15, 0, 0, 15, 15, 15, 18, 0, 8, 15, 4, 0, 0, 0, 0, 18, 29, 0, 0, 15, 15, 0, 0, 19, 0, 0, 15, 15, 0, 17, 0, 0, 0, 0, 1, 0, 0, 15, 26, 0, 15, 0, 0, 0, 0, : 6, 15, 20, 8, 4, 17, 15, 17, 15, 15, 15, 15, 19, 15, 15, 21, 15, 15, 15, 15, 5, 15, 17, 32, 12, 9, 15, 22, 9, 15, 17, 28, 15, 3, 15, 14, 16, 16, 22, 18, 5, 1, 9, 24, 15, 15, 15, 15, 15, 15, 15, 15, 18, 8, 15, 4, 18, 29, 15, 15, 19, 15, 15, 17, 1, 15, 26, 15, 
15: 0, 16, 0, 15, 0, 0, 0, 0, 0, 0, 0, 15, 0, 7, 16, 30, 0, 0, 0, 0, 0, 0, 0, 0, 0, 0, 8, 0, 0, 15, 0, 0, 0, 0, 15, 15, 0, 5, 0, 0, 0, 0, 0, 6, 0, 0, 15, 0, 0, 0, 0, 0, 0, 15, 0, 9, 0, 15, 0, 0, 0, 0, 0, 0, 0, 0, 0, 0, 0, 15, 0, 0, 0, 0, 0, 15, 0, 0, 0, 3, 0, 0, 0, 0, 0, 0, 0, 0, 0, 20, 0, 0, 15, 0, 0, 0, 0, 0, 0, 15, 0, 16, 7, 0, 0, 0, 15, 0, 15, 0, 0, 26, 0, 0, 16, 0, 9, 15, 0, 15, 0, 0, 15, 0, 0, 15, 0, 24, 0, 0, 0, 0, 0, 0, 19, 14, 15, 15, 0, 0, 15, 0, 0, 0, 0, 18, 27, 0, 12, 0, 0, 17, 15, 16, 15, 0, 15, 0, 0, 0, 0, 0, 0, 16, 0, 0, 15, 0, 0, 0, 15, 15, 0, 7, 0, 0, 0, 15, 0, 0, 0, 15, 0, 0, 0, 0, 0, 0, 0, 0, 0, 0, 0, 0, 0, 0, 0, 0, 16, 15, : 16, 15, 15, 7, 16, 30, 8, 15, 15, 15, 5, 6, 15, 15, 9, 15, 15, 15, 3, 20, 15, 15, 16, 7, 15, 15, 26, 16, 9, 15, 15, 15, 15, 24, 19, 14, 15, 15, 15, 18, 27, 12, 17, 15, 16, 15, 15, 16, 15, 15, 15, 7, 15, 15, 16, 15, 
82: 0, 0, 0, 18, 0, 0, 19, 0, 15, 17, 10, 0, 0, 0, 0, 15, 9, 0, 0, 17, 0, 0, 0, 15, 0, 18, 0, 0, 0, 0, 0, 0, 28, 0, 0, 20, 0, 0, 0, 0, 0, 0, 0, 0, 0, 9, 0, 7, 5, 0, 0, 0, 0, 15, 0, 15, 25, 15, 0, 0, 0, 0, 0, 0, 0, 0, 0, 0, 0, 0, 0, 36, 0, 0, 0, 7, 0, 0, 0, 15, 0, 0, 0, 0, 15, 0, 0, 0, 0, 8, 4, 33, 0, 15, 0, 35, 0, 0, 0, 0, 0, 0, 0, 0, 0, 7, 19, 0, 0, 15, 0, 0, 0, 15, 15, 15, 15, 0, 0, 0, 16, 0, 0, 20, 15, 0, 0, 21, 0, 8, 0, 15, 15, 0, 17, 22, 0, 17, 0, 15, 15, 0, 5, 0, 0, 0, 0, 0, 0, 0, 17, 15, 0, 7, 0, 0, 16, 0, 15, 15, 0, 0, 0, 15, 0, 0, 0, 0, 17, 0, 0, 15, 0, 18, 0, 0, 0, 0, 0, 15, 16, 0, 0, 15, 0, 0, 0, 15, 0, 0, 0, 0, 0, 0, 0, 0, 6, 0, 0, 0, : 18, 19, 15, 17, 10, 15, 9, 17, 15, 18, 28, 20, 9, 7, 5, 15, 15, 25, 15, 36, 7, 15, 15, 8, 4, 33, 15, 35, 7, 19, 15, 15, 15, 15, 15, 16, 20, 15, 21, 8, 15, 15, 17, 22, 17, 15, 15, 5, 17, 15, 7, 16, 15, 15, 15, 17, 15, 18, 15, 16, 15, 15, 6, 
63: 15, 0, 0, 20, 0, 23, 0, 0, 15, 15, 0, 0, 0, 0, 0, 0, 15, 15, 0, 25, 15, 15, 15, 0, 22, 15, 0, 0, 0, 15, 15, 0, 0, 0, 15, 2, 0, 19, 0, 23, 14, 1, 0, 0, 15, 0, 0, 15, 0, 0, 0, 15, 0, 15, 0, 0, 0, 15, 15, 23, 15, 0, 15, 0, 25, 0, 21, 0, 0, 0, 0, 0, 0, 0, 0, 0, 0, 0, 0, 0, 0, 0, 0, 0, 0, 15, 0, 0, 0, 0, 22, 15, 0, 9, 0, 0, 0, 30, 24, 15, 0, 0, 0, 0, 0, 0, 15, 15, 0, 0, 30, 0, 0, 0, 0, 0, 0, 0, 0, 0, 0, 15, 15, 0, 6, 0, 15, 0, 20, 0, 0, 15, 15, 15, 0, 17, 0, 8, 0, 0, 15, 0, 0, 20, 0, 15, 0, 0, 0, 0, 15, 0, 0, 0, 16, 0, 0, 0, 15, 0, 15, 0, 0, 0, 16, 15, 0, 0, 17, 0, 0, 0, 23, 0, 19, 7, 0, 0, 0, 0, 0, 0, 15, 15, 0, 15, 15, 0, 0, 15, 0, 20, 18, 0, 15, 0, 0, 15, 15, 0, : 15, 20, 23, 15, 15, 15, 15, 25, 15, 15, 15, 22, 15, 15, 15, 15, 2, 19, 23, 14, 1, 15, 15, 15, 15, 15, 15, 23, 15, 15, 25, 21, 15, 22, 15, 9, 30, 24, 15, 15, 15, 30, 15, 15, 6, 15, 20, 15, 15, 15, 17, 8, 15, 20, 15, 15, 16, 15, 15, 16, 15, 17, 23, 19, 7, 15, 15, 15, 15, 15, 20, 18, 15, 15, 15, 
83: 0, 0, 0, 15, 0, 0, 0, 0, 0, 17, 15, 0, 16, 17, 13, 0, 0, 0, 0, 0, 18, 0, 0, 0, 15, 19, 0, 0, 0, 0, 0, 0, 0, 0, 0, 0, 15, 0, 0, 0, 0, 0, 15, 15, 0, 16, 0, 0, 18, 0, 18, 18, 0, 0, 0, 0, 0, 0, 0, 0, 0, 0, 0, 0, 15, 25, 0, 17, 0, 0, 15, 15, 0, 0, 27, 0, 0, 0, 16, 0, 0, 0, 0, 0, 0, 10, 0, 0, 0, 0, 0, 0, 0, 0, 0, 0, 0, 15, 0, 0, 0, 0, 16, 0, 15, 0, 0, 0, 0, 0, 21, 0, 0, 0, 15, 0, 15, 0, 0, 0, 0, 0, 0, 0, 0, 0, 15, 0, 0, 0, 0, 0, 0, 0, 0, 0, 0, 0, 0, 0, 0, 15, 0, 15, 16, 0, 0, 21, 0, 11, 5, 0, 0, 17, 0, 15, 0, 0, 8, 0, 0, 0, 15, 0, 0, 0, 15, 0, 0, 0, 0, 0, 15, 27, 0, 0, 15, 15, 0, 0, 15, 0, 0, 0, 15, 0, 0, 0, 0, 0, 0, 0, 0, 0, 15, 0, 18, 15, 15, 15, : 15, 17, 15, 16, 17, 13, 18, 15, 19, 15, 15, 15, 16, 18, 18, 18, 15, 25, 17, 15, 15, 27, 16, 10, 15, 16, 15, 21, 15, 15, 15, 15, 15, 16, 21, 11, 5, 17, 15, 8, 15, 15, 15, 27, 15, 15, 15, 15, 15, 18, 15, 15, 15, 
64: 0, 15, 16, 0, 15, 0, 0, 18, 15, 0, 0, 0, 0, 0, 0, 0, 15, 15, 0, 13, 15, 0, 0, 0, 0, 17, 0, 15, 17, 0, 0, 15, 0, 16, 0, 15, 0, 15, 0, 15, 0, 24, 18, 0, 0, 0, 0, 0, 0, 0, 0, 0, 17, 0, 15, 0, 15, 0, 10, 0, 0, 0, 15, 16, 15, 0, 0, 0, 15, 15, 0, 0, 0, 15, 0, 17, 15, 0, 15, 0, 0, 0, 0, 0, 0, 0, 0, 0, 18, 22, 0, 0, 0, 15, 37, 0, 0, 0, 15, 0, 0, 0, 0, 0, 0, 16, 0, 0, 0, 20, 0, 0, 0, 0, 0, 0, 0, 15, 25, 0, 0, 0, 0, 0, 0, 0, 0, 0, 0, 17, 15, 0, 0, 0, 0, 0, 0, 0, 0, 15, 0, 15, 15, 0, 0, 0, 0, 15, 0, 15, 0, 0, 0, 0, 0, 15, 0, 0, 0, 0, 0, 21, 0, 0, 15, 16, 0, 21, 6, 20, 0, 0, 0, 0, 0, 0, 7, 0, 5, 15, 0, 0, 20, 0, 0, 19, 0, 0, 15, 0, 0, 15, 0, 0, 16, 15, 0, 0, 0, 0, : 15, 16, 15, 18, 15, 15, 15, 13, 15, 17, 15, 17, 15, 16, 15, 15, 15, 24, 18, 17, 15, 15, 10, 15, 16, 15, 15, 15, 15, 17, 15, 15, 18, 22, 15, 37, 15, 16, 20, 15, 25, 17, 15, 15, 15, 15, 15, 15, 15, 21, 15, 16, 21, 6, 20, 7, 5, 15, 20, 19, 15, 15, 16, 15, 
60: 15, 0, 15, 15, 0, 15, 0, 0, 15, 0, 0, 0, 22, 15, 0, 0, 16, 0, 0, 0, 0, 15, 0, 0, 15, 0, 0, 0, 0, 15, 0, 15, 15, 20, 0, 0, 15, 0, 11, 0, 0, 15, 0, 0, 19, 0, 0, 0, 0, 0, 0, 2, 16, 0, 0, 0, 0, 0, 15, 15, 0, 0, 0, 7, 0, 0, 0, 0, 0, 0, 2, 15, 15, 0, 0, 0, 0, 19, 0, 0, 0, 0, 17, 0, 0, 15, 0, 15, 0, 0, 0, 15, 0, 0, 15, 0, 0, 16, 15, 0, 15, 22, 0, 0, 0, 15, 0, 0, 0, 0, 0, 15, 0, 0, 5, 15, 0, 0, 15, 16, 0, 0, 0, 0, 0, 0, 15, 15, 0, 0, 9, 10, 9, 0, 0, 0, 23, 0, 24, 0, 0, 0, 0, 0, 15, 16, 0, 0, 0, 0, 0, 0, 0, 0, 0, 0, 19, 15, 0, 0, 0, 0, 0, 0, 0, 0, 0, 0, 0, 0, 15, 0, 0, 18, 0, 0, 15, 0, 0, 15, 0, 15, 0, 0, 0, 0, 0, 15, 0, 0, 0, 15, 15, 0, 0, 17, 0, 0, 0, 0, : 15, 15, 15, 15, 15, 22, 15, 16, 15, 15, 15, 15, 15, 20, 15, 11, 15, 19, 2, 16, 15, 15, 7, 2, 15, 15, 19, 17, 15, 15, 15, 15, 16, 15, 15, 22, 15, 15, 5, 15, 15, 16, 15, 15, 9, 10, 9, 23, 24, 15, 16, 19, 15, 15, 18, 15, 15, 15, 15, 15, 15, 17, 
50: 0, 0, 0, 2, 15, 0, 0, 0, 0, 0, 0, 15, 16, 16, 22, 0, 0, 0, 15, 15, 6, 0, 0, 0, 18, 0, 0, 0, 5, 15, 10, 0, 0, 0, 0, 0, 0, 0, 20, 16, 0, 0, 22, 0, 0, 0, 0, 16, 0, 15, 0, 0, 18, 0, 0, 0, 0, 0, 0, 0, 16, 0, 15, 17, 0, 18, 0, 0, 24, 15, 15, 0, 0, 25, 13, 0, 0, 0, 0, 0, 0, 0, 17, 1, 0, 15, 16, 16, 0, 0, 0, 0, 0, 0, 0, 15, 0, 0, 0, 0, 0, 0, 0, 15, 0, 0, 0, 15, 1, 0, 0, 0, 15, 0, 0, 0, 0, 13, 0, 15, 6, 15, 0, 0, 0, 18, 0, 8, 14, 0, 0, 0, 0, 0, 15, 17, 0, 15, 30, 0, 0, 15, 15, 15, 0, 0, 0, 0, 0, 0, 0, 15, 0, 0, 0, 15, 15, 0, 16, 2, 0, 0, 20, 0, 0, 0, 0, 15, 0, 15, 0, 0, 0, 15, 0, 15, 18, 0, 0, 0, 0, 0, 0, 0, 0, 0, 8, 15, 21, 0, 0, 6, 15, 14, 0, 0, 0, 0, 0, 0, : 2, 15, 15, 16, 16, 22, 15, 15, 6, 18, 5, 15, 10, 20, 16, 22, 16, 15, 18, 16, 15, 17, 18, 24, 15, 15, 25, 13, 17, 1, 15, 16, 16, 15, 15, 15, 1, 15, 13, 15, 6, 15, 18, 8, 14, 15, 17, 15, 30, 15, 15, 15, 15, 15, 15, 16, 2, 20, 15, 15, 15, 15, 18, 8, 15, 21, 6, 15, 14, 
96: 0, 3, 0, 0, 0, 1, 0, 6, 0, 15, 15, 0, 15, 0, 0, 0, 0, 16, 15, 0, 15, 0, 15, 0, 0, 0, 15, 0, 0, 0, 29, 15, 0, 15, 0, 0, 0, 0, 15, 0, 16, 0, 15, 15, 0, 15, 0, 0, 0, 18, 15, 0, 0, 0, 0, 0, 15, 0, 0, 0, 0, 15, 0, 0, 15, 0, 30, 0, 0, 0, 0, 16, 15, 0, 0, 0, 0, 16, 0, 15, 15, 0, 12, 0, 0, 0, 0, 0, 0, 0, 18, 0, 0, 0, 0, 0, 10, 0, 0, 0, 16, 0, 0, 0, 2, 0, 0, 15, 0, 0, 0, 0, 18, 15, 0, 0, 16, 0, 23, 0, 15, 0, 15, 22, 18, 15, 0, 0, 0, 30, 0, 0, 0, 15, 0, 0, 15, 0, 0, 15, 0, 17, 0, 0, 0, 0, 0, 15, 28, 0, 0, 8, 0, 15, 17, 15, 0, 29, 0, 0, 15, 0, 20, 0, 0, 17, 0, 0, 15, 0, 0, 0, 27, 0, 12, 18, 0, 15, 0, 0, 15, 0, 0, 4, 0, 10, 0, 15, 0, 15, 0, 0, 0, 0, 18, 0, 0, 0, 0, 0, : 3, 1, 6, 15, 15, 15, 16, 15, 15, 15, 15, 29, 15, 15, 15, 16, 15, 15, 15, 18, 15, 15, 15, 15, 30, 16, 15, 16, 15, 15, 12, 18, 10, 16, 2, 15, 18, 15, 16, 23, 15, 15, 22, 18, 15, 30, 15, 15, 15, 17, 15, 28, 8, 15, 17, 15, 29, 15, 20, 17, 15, 27, 12, 18, 15, 15, 4, 10, 15, 15, 18, 
48: 16, 0, 0, 0, 0, 0, 0, 15, 0, 0, 0, 17, 0, 15, 0, 0, 15, 0, 15, 0, 0, 0, 15, 0, 0, 0, 0, 0, 0, 9, 0, 0, 0, 15, 0, 0, 0, 0, 0, 0, 0, 0, 15, 0, 15, 0, 0, 15, 16, 0, 0, 0, 0, 0, 0, 0, 0, 0, 0, 0, 0, 20, 0, 0, 15, 0, 0, 0, 0, 0, 0, 0, 15, 0, 0, 0, 0, 19, 0, 0, 0, 0, 0, 0, 0, 0, 0, 0, 0, 0, 15, 0, 0, 0, 0, 15, 15, 0, 0, 0, 0, 4, 0, 12, 15, 17, 0, 0, 17, 16, 0, 0, 0, 18, 0, 0, 15, 0, 15, 0, 15, 15, 0, 0, 0, 0, 15, 0, 0, 15, 15, 0, 0, 15, 0, 15, 15, 0, 0, 0, 0, 0, 0, 0, 0, 0, 15, 0, 0, 0, 0, 0, 15, 0, 0, 0, 0, 0, 0, 0, 0, 0, 0, 0, 0, 0, 0, 15, 15, 0, 21, 17, 0, 0, 20, 15, 0, 0, 0, 0, 0, 0, 0, 0, 0, 0, 15, 0, 18, 15, 0, 0, 3, 15, 0, 0, 15, 8, 0, 9, : 16, 15, 17, 15, 15, 15, 15, 9, 15, 15, 15, 15, 16, 20, 15, 15, 19, 15, 15, 15, 4, 12, 15, 17, 17, 16, 18, 15, 15, 15, 15, 15, 15, 15, 15, 15, 15, 15, 15, 15, 15, 21, 17, 20, 15, 15, 18, 15, 3, 15, 15, 8, 9, 
54: 0, 0, 0, 15, 0, 0, 0, 0, 15, 0, 0, 0, 0, 0, 0, 0, 15, 15, 0, 0, 0, 15, 0, 0, 15, 0, 0, 30, 0, 0, 0, 0, 17, 0, 0, 0, 0, 0, 0, 0, 0, 0, 0, 16, 17, 0, 20, 0, 16, 0, 0, 0, 0, 0, 15, 15, 15, 9, 15, 0, 15, 15, 0, 15, 0, 0, 0, 16, 21, 0, 15, 3, 0, 15, 0, 0, 2, 0, 15, 0, 0, 0, 0, 0, 18, 0, 15, 0, 12, 0, 0, 18, 15, 0, 0, 5, 15, 15, 0, 10, 4, 0, 15, 0, 0, 15, 0, 0, 0, 0, 0, 0, 0, 15, 17, 6, 0, 0, 0, 0, 0, 0, 0, 0, 0, 0, 0, 0, 15, 0, 0, 0, 0, 15, 0, 0, 0, 0, 15, 0, 15, 15, 0, 21, 15, 15, 0, 0, 15, 15, 0, 0, 24, 0, 17, 0, 2, 26, 0, 0, 15, 0, 13, 15, 16, 0, 0, 19, 0, 15, 0, 0, 0, 0, 0, 0, 0, 10, 0, 16, 15, 0, 0, 0, 0, 0, 0, 22, 0, 0, 22, 29, 0, 15, 2, 0, 15, 0, 0, 15, : 15, 15, 15, 15, 15, 15, 30, 17, 16, 17, 20, 16, 15, 15, 15, 9, 15, 15, 15, 15, 16, 21, 15, 3, 15, 2, 15, 18, 15, 12, 18, 15, 5, 15, 15, 10, 4, 15, 15, 15, 17, 6, 15, 15, 15, 15, 15, 21, 15, 15, 15, 15, 24, 17, 2, 26, 15, 13, 15, 16, 19, 15, 10, 16, 15, 22, 22, 29, 15, 2, 15, 15, 
33: 0, 0, 0, 0, 16, 0, 0, 15, 0, 0, 15, 0, 0, 15, 0, 20, 0, 0, 0, 0, 0, 15, 0, 18, 0, 0, 15, 15, 18, 0, 0, 0, 0, 4, 25, 0, 15, 0, 16, 0, 0, 0, 0, 15, 0, 0, 0, 0, 0, 0, 0, 15, 15, 0, 0, 0, 0, 0, 0, 16, 0, 0, 0, 15, 0, 15, 0, 0, 0, 8, 0, 0, 0, 15, 0, 0, 0, 0, 15, 0, 20, 0, 0, 15, 0, 0, 15, 0, 15, 0, 0, 0, 17, 0, 0, 0, 0, 0, 0, 0, 0, 0, 0, 15, 15, 0, 15, 0, 0, 0, 4, 0, 15, 0, 0, 0, 0, 0, 0, 0, 0, 0, 0, 0, 15, 0, 0, 0, 15, 0, 0, 15, 0, 20, 3, 0, 0, 15, 15, 15, 16, 0, 0, 14, 6, 21, 0, 0, 0, 0, 0, 15, 0, 0, 0, 10, 0, 0, 0, 15, 0, 0, 15, 0, 0, 0, 0, 0, 0, 15, 15, 0, 5, 0, 0, 0, 0, 15, 16, 0, 0, 15, 0, 0, 15, 0, 0, 0, 0, 0, 0, 0, 0, 0, 0, 23, 15, 0, 18, 0, : 16, 15, 15, 15, 20, 15, 18, 15, 15, 18, 4, 25, 15, 16, 15, 15, 15, 16, 15, 15, 8, 15, 15, 20, 15, 15, 15, 17, 15, 15, 15, 4, 15, 15, 15, 15, 20, 3, 15, 15, 15, 16, 14, 6, 21, 15, 10, 15, 15, 15, 15, 5, 15, 16, 15, 15, 23, 15, 18, 
65: 0, 0, 0, 0, 0, 16, 0, 15, 0, 0, 15, 0, 15, 0, 0, 0, 0, 0, 15, 0, 0, 0, 0, 0, 0, 0, 15, 0, 0, 0, 0, 0, 0, 15, 0, 0, 0, 15, 22, 0, 21, 15, 0, 0, 0, 15, 0, 0, 0, 0, 15, 0, 0, 0, 0, 15, 0, 15, 0, 0, 15, 0, 0, 15, 0, 8, 0, 18, 0, 0, 0, 0, 15, 0, 15, 0, 0, 0, 0, 0, 15, 15, 22, 19, 23, 0, 15, 0, 20, 0, 15, 0, 0, 15, 0, 15, 0, 0, 0, 0, 16, 0, 15, 0, 0, 0, 0, 22, 0, 15, 0, 0, 0, 0, 0, 19, 0, 0, 0, 0, 0, 15, 15, 0, 0, 0, 15, 0, 0, 15, 15, 0, 15, 0, 0, 0, 15, 0, 0, 15, 15, 0, 0, 0, 16, 0, 0, 0, 0, 0, 0, 0, 0, 15, 0, 15, 0, 0, 0, 0, 0, 0, 0, 0, 0, 0, 15, 0, 15, 0, 0, 0, 0, 0, 0, 0, 0, 0, 0, 0, 0, 0, 15, 0, 16, 0, 15, 0, 9, 0, 16, 0, 0, 15, 0, 0, 0, 15, 0, 0, : 16, 15, 15, 15, 15, 15, 15, 15, 22, 21, 15, 15, 15, 15, 15, 15, 15, 8, 18, 15, 15, 15, 15, 22, 19, 23, 15, 20, 15, 15, 15, 16, 15, 22, 15, 19, 15, 15, 15, 15, 15, 15, 15, 15, 15, 16, 15, 15, 15, 15, 15, 16, 15, 9, 16, 15, 15, 
10: 0, 19, 10, 0, 15, 0, 16, 0, 0, 0, 15, 0, 0, 0, 15, 15, 15, 0, 0, 0, 0, 15, 0, 0, 0, 15, 0, 15, 0, 0, 0, 0, 0, 0, 0, 0, 0, 15, 16, 0, 18, 15, 0, 0, 0, 0, 2, 0, 15, 15, 18, 0, 0, 0, 15, 15, 0, 0, 15, 0, 0, 0, 0, 0, 0, 0, 0, 15, 10, 0, 16, 0, 0, 0, 0, 15, 23, 0, 0, 15, 15, 15, 0, 0, 15, 15, 0, 18, 0, 0, 0, 4, 0, 0, 0, 0, 0, 0, 15, 0, 0, 0, 0, 0, 0, 15, 0, 18, 15, 0, 0, 15, 0, 0, 0, 0, 0, 0, 0, 15, 0, 16, 10, 15, 15, 0, 18, 15, 0, 0, 0, 15, 16, 0, 15, 0, 15, 0, 0, 0, 0, 6, 0, 0, 0, 0, 0, 21, 15, 15, 0, 15, 0, 0, 0, 0, 18, 15, 0, 15, 0, 15, 17, 0, 15, 0, 6, 15, 0, 17, 0, 0, 15, 0, 0, 0, 15, 0, 15, 0, 9, 0, 0, 0, 0, 0, 0, 0, 0, 17, 0, 15, 15, 0, 0, 0, 0, 16, 0, 16, : 19, 10, 15, 16, 15, 15, 15, 15, 15, 15, 15, 15, 16, 18, 15, 2, 15, 15, 18, 15, 15, 15, 15, 10, 16, 15, 23, 15, 15, 15, 15, 15, 18, 4, 15, 15, 18, 15, 15, 15, 16, 10, 15, 15, 18, 15, 15, 16, 15, 15, 6, 21, 15, 15, 15, 18, 15, 15, 15, 17, 15, 6, 15, 17, 15, 15, 15, 9, 17, 15, 15, 16, 16, 
86: 0, 15, 15, 0, 0, 15, 0, 0, 15, 15, 0, 15, 0, 0, 0, 0, 0, 0, 0, 15, 0, 0, 0, 0, 0, 0, 0, 0, 15, 0, 0, 0, 8, 0, 15, 15, 0, 0, 0, 15, 0, 15, 0, 0, 0, 15, 0, 15, 15, 0, 0, 18, 15, 15, 0, 0, 0, 0, 15, 0, 17, 15, 15, 0, 0, 15, 15, 0, 0, 0, 0, 0, 4, 0, 0, 0, 15, 15, 0, 0, 0, 15, 0, 0, 17, 0, 0, 15, 20, 20, 0, 0, 19, 0, 0, 15, 0, 0, 0, 0, 0, 15, 17, 0, 0, 0, 16, 0, 15, 0, 15, 15, 17, 6, 0, 0, 0, 0, 16, 0, 17, 0, 15, 0, 16, 15, 0, 0, 0, 0, 0, 0, 15, 0, 0, 15, 0, 15, 0, 0, 0, 0, 0, 0, 17, 15, 0, 13, 0, 29, 16, 0, 0, 0, 0, 0, 0, 15, 0, 0, 0, 15, 0, 15, 0, 15, 0, 0, 0, 0, 0, 15, 0, 0, 15, 0, 0, 0, 15, 0, 15, 0, 0, 0, 6, 0, 0, 0, 15, 15, 9, 0, 0, 15, 0, 0, 15, 15, 0, 15, : 15, 15, 15, 15, 15, 15, 15, 15, 8, 15, 15, 15, 15, 15, 15, 15, 18, 15, 15, 15, 17, 15, 15, 15, 15, 4, 15, 15, 15, 17, 15, 20, 20, 19, 15, 15, 17, 16, 15, 15, 15, 17, 6, 16, 17, 15, 16, 15, 15, 15, 15, 17, 15, 13, 29, 16, 15, 15, 15, 15, 15, 15, 15, 15, 6, 15, 15, 9, 15, 15, 15, 15, 
94: 0, 0, 29, 0, 15, 0, 15, 0, 10, 5, 15, 15, 1, 15, 15, 0, 0, 0, 15, 15, 16, 0, 6, 15, 0, 16, 17, 0, 15, 15, 16, 15, 15, 0, 15, 18, 31, 0, 0, 0, 0, 0, 0, 0, 0, 0, 15, 0, 15, 0, 0, 0, 0, 0, 0, 16, 0, 15, 0, 0, 0, 0, 29, 0, 0, 0, 0, 4, 0, 17, 0, 0, 0, 0, 0, 15, 15, 0, 0, 0, 0, 7, 0, 0, 0, 0, 15, 0, 0, 0, 0, 0, 10, 0, 0, 0, 15, 0, 15, 0, 0, 0, 0, 0, 18, 0, 3, 15, 15, 16, 0, 0, 0, 0, 17, 30, 15, 0, 0, 0, 0, 0, 0, 0, 0, 16, 0, 0, 15, 0, 0, 0, 0, 0, 0, 0, 0, 15, 0, 0, 0, 17, 0, 0, 0, 0, 16, 0, 15, 0, 15, 0, 0, 15, 0, 0, 0, 0, 0, 17, 3, 15, 0, 0, 0, 33, 15, 15, 0, 0, 0, 0, 0, 0, 0, 0, 15, 0, 0, 24, 0, 25, 5, 0, 0, 15, 0, 16, 0, 0, 0, 0, 0, 0, 0, 0, 0, 0, 0, 0, : 29, 15, 15, 10, 5, 15, 15, 1, 15, 15, 15, 15, 16, 6, 15, 16, 17, 15, 15, 16, 15, 15, 15, 18, 31, 15, 15, 16, 15, 29, 4, 17, 15, 15, 7, 15, 10, 15, 15, 18, 3, 15, 15, 16, 17, 30, 15, 16, 15, 15, 17, 16, 15, 15, 15, 17, 3, 15, 33, 15, 15, 15, 24, 25, 5, 15, 16, 
21: 0, 17, 0, 0, 0, 15, 15, 15, 0, 0, 0, 15, 0, 0, 0, 0, 0, 0, 0, 0, 0, 0, 15, 3, 0, 0, 0, 0, 15, 0, 0, 15, 0, 0, 0, 15, 15, 0, 0, 0, 0, 15, 0, 18, 0, 0, 16, 15, 0, 15, 0, 0, 0, 15, 21, 0, 21, 0, 15, 16, 0, 0, 0, 0, 0, 0, 18, 15, 0, 15, 0, 0, 15, 15, 15, 0, 0, 15, 0, 15, 0, 16, 0, 0, 0, 0, 0, 15, 0, 15, 0, 0, 24, 15, 0, 0, 15, 0, 16, 15, 0, 15, 15, 25, 0, 0, 0, 0, 0, 0, 0, 0, 15, 0, 15, 0, 0, 0, 0, 15, 0, 0, 0, 6, 0, 0, 0, 0, 0, 0, 15, 0, 15, 0, 16, 0, 0, 0, 1, 0, 0, 0, 0, 0, 15, 0, 15, 15, 0, 15, 0, 0, 17, 0, 5, 0, 0, 0, 15, 0, 22, 1, 0, 0, 0, 0, 0, 0, 0, 3, 0, 0, 0, 15, 0, 15, 15, 0, 0, 0, 0, 0, 15, 15, 0, 21, 0, 0, 0, 22, 15, 0, 0, 0, 15, 0, 0, 16, 15, 0, : 17, 15, 15, 15, 15, 15, 3, 15, 15, 15, 15, 15, 18, 16, 15, 15, 15, 21, 21, 15, 16, 18, 15, 15, 15, 15, 15, 15, 15, 16, 15, 15, 24, 15, 15, 16, 15, 15, 15, 25, 15, 15, 15, 6, 15, 15, 16, 1, 15, 15, 15, 15, 17, 5, 15, 22, 1, 3, 15, 15, 15, 15, 15, 21, 22, 15, 15, 16, 15, 
90: 15, 0, 0, 0, 0, 0, 0, 0, 0, 0, 0, 0, 0, 0, 19, 0, 0, 15, 5, 0, 15, 15, 0, 0, 15, 0, 15, 9, 15, 16, 0, 10, 0, 0, 15, 0, 9, 15, 0, 15, 0, 0, 0, 0, 0, 0, 0, 0, 0, 0, 19, 16, 4, 10, 19, 0, 9, 0, 0, 0, 15, 20, 11, 0, 0, 0, 0, 15, 15, 0, 0, 0, 0, 0, 0, 16, 0, 0, 8, 0, 15, 17, 15, 18, 0, 15, 15, 0, 15, 0, 0, 0, 0, 16, 9, 0, 15, 0, 0, 15, 17, 0, 0, 0, 20, 0, 0, 0, 0, 0, 0, 15, 0, 16, 0, 0, 0, 21, 0, 15, 0, 0, 0, 15, 15, 0, 0, 0, 21, 0, 0, 0, 0, 0, 0, 0, 0, 0, 15, 0, 0, 0, 0, 0, 0, 0, 12, 0, 0, 0, 0, 0, 1, 0, 15, 0, 0, 0, 16, 21, 15, 0, 0, 16, 8, 0, 19, 0, 15, 0, 0, 9, 15, 0, 19, 0, 0, 15, 15, 15, 15, 0, 15, 15, 0, 20, 16, 0, 0, 0, 0, 0, 19, 0, 0, 15, 0, 0, 21, 0, : 15, 19, 15, 5, 15, 15, 15, 15, 9, 15, 16, 10, 15, 9, 15, 15, 19, 16, 4, 10, 19, 9, 15, 20, 11, 15, 15, 16, 8, 15, 17, 15, 18, 15, 15, 15, 16, 9, 15, 15, 17, 20, 15, 16, 21, 15, 15, 15, 21, 15, 12, 1, 15, 16, 21, 15, 16, 8, 19, 15, 9, 15, 19, 15, 15, 15, 15, 15, 15, 20, 16, 19, 15, 21, 


87: 0, 0, 0, 0, 0, 0, 0, 15, 10, 0, 0, 15, 0, 15, 0, 16, 0, 21, 16, 15, 0, 15, 15, 16, 0, 0, 0, 0, 16, 0, 15, 0, 0, 0, 15, 0, 0, 0, 15, 0, 0, 0, 0, 0, 0, 29, 0, 15, 0, 0, 0, 15, 0, 16, 0, 15, 0, 0, 28, 0, 0, 0, 0, 16, 0, 0, 0, 0, 0, 0, 0, 0, 0, 15, 0, 0, 16, 0, 0, 15, 0, 0, 15, 0, 17, 0, 0, 0, 6, 0, 19, 15, 0, 15, 15, 15, 0, 0, 10, 23, 0, 0, 0, 0, 0, 0, 0, 0, 0, 0, 0, 0, 15, 0, 0, 0, 0, 0, 8, 0, 30, 0, 0, 0, 0, 0, 0, 0, 0, 0, 15, 25, 0, 0, 0, 0, 16, 0, 0, 0, 0, 15, 0, 0, 0, 0, 15, 15, 0, 0, 0, 15, 0, 0, 15, 0, 0, 0, 0, 0, 0, 4, 0, 0, 18, 15, 0, 0, 0, 0, 21, 15, 16, 0, 0, 0, 0, 0, 0, 0, 15, 17, 16, 0, 15, 0, 15, 0, 0, 0, 15, 25, 0, 0, 15, 15, 0, 0, 15, 15, : 15, 10, 15, 15, 16, 21, 16, 15, 15, 15, 16, 16, 15, 15, 15, 29, 15, 15, 16, 15, 28, 16, 15, 16, 15, 15, 17, 6, 19, 15, 15, 15, 15, 10, 23, 15, 8, 30, 15, 25, 16, 15, 15, 15, 15, 15, 4, 18, 15, 21, 15, 16, 15, 17, 16, 15, 15, 15, 25, 15, 15, 15, 15, 
44: 0, 0, 15, 0, 17, 0, 0, 0, 0, 15, 15, 0, 0, 0, 0, 5, 0, 0, 0, 0, 16, 0, 18, 10, 0, 0, 7, 0, 16, 0, 0, 0, 15, 0, 0, 0, 0, 0, 0, 18, 0, 0, 0, 15, 9, 0, 0, 0, 0, 15, 0, 0, 0, 0, 0, 0, 15, 0, 15, 0, 15, 30, 0, 0, 15, 17, 0, 18, 0, 0, 0, 0, 0, 0, 0, 0, 0, 0, 0, 0, 0, 15, 0, 0, 18, 15, 0, 0, 0, 0, 24, 0, 0, 0, 19, 15, 23, 15, 0, 15, 0, 19, 0, 15, 0, 0, 0, 0, 6, 0, 0, 15, 0, 16, 0, 15, 0, 0, 15, 22, 0, 0, 24, 0, 18, 15, 0, 0, 0, 15, 0, 0, 2, 0, 15, 0, 0, 0, 0, 15, 0, 0, 0, 0, 0, 0, 0, 18, 15, 0, 0, 15, 9, 0, 12, 0, 0, 0, 0, 0, 0, 16, 0, 15, 0, 15, 0, 0, 0, 15, 0, 0, 0, 0, 0, 0, 15, 0, 17, 31, 0, 19, 0, 0, 0, 15, 0, 15, 0, 1, 17, 16, 15, 0, 16, 15, 0, 0, 0, 16, : 15, 17, 15, 15, 5, 16, 18, 10, 7, 16, 15, 18, 15, 9, 15, 15, 15, 15, 30, 15, 17, 18, 15, 18, 15, 24, 19, 15, 23, 15, 15, 19, 15, 6, 15, 16, 15, 15, 22, 24, 18, 15, 15, 2, 15, 15, 18, 15, 15, 9, 12, 16, 15, 15, 15, 15, 17, 31, 19, 15, 15, 1, 17, 16, 15, 16, 15, 16, 
75: 15, 0, 15, 0, 0, 0, 0, 0, 0, 15, 0, 0, 0, 0, 0, 19, 0, 15, 0, 15, 0, 15, 15, 0, 15, 0, 0, 13, 0, 0, 16, 15, 0, 1, 0, 0, 0, 0, 16, 15, 0, 15, 15, 15, 15, 4, 0, 0, 0, 0, 0, 0, 0, 15, 15, 15, 15, 0, 0, 0, 0, 0, 13, 0, 0, 0, 0, 0, 0, 0, 15, 0, 0, 0, 0, 15, 15, 0, 0, 0, 0, 18, 0, 0, 16, 0, 17, 0, 0, 0, 0, 0, 0, 0, 0, 0, 16, 0, 0, 15, 15, 0, 15, 0, 0, 15, 18, 15, 0, 0, 0, 0, 0, 0, 15, 0, 0, 0, 0, 15, 0, 15, 0, 0, 15, 0, 18, 0, 0, 0, 17, 16, 0, 0, 0, 16, 0, 15, 0, 15, 19, 15, 0, 15, 16, 16, 0, 15, 0, 15, 15, 0, 15, 16, 0, 0, 0, 0, 0, 0, 0, 0, 0, 0, 0, 0, 0, 0, 0, 0, 0, 0, 0, 17, 0, 15, 0, 0, 10, 0, 15, 0, 0, 18, 0, 0, 0, 0, 0, 22, 29, 0, 0, 0, 0, 10, 0, 0, 0, 0, : 15, 15, 15, 19, 15, 15, 15, 15, 15, 13, 16, 15, 1, 16, 15, 15, 15, 15, 15, 4, 15, 15, 15, 15, 13, 15, 15, 15, 18, 16, 17, 16, 15, 15, 15, 15, 18, 15, 15, 15, 15, 15, 18, 17, 16, 16, 15, 15, 19, 15, 15, 16, 16, 15, 15, 15, 15, 16, 17, 15, 10, 15, 18, 22, 29, 10, 
77: 0, 0, 16, 0, 0, 0, 0, 0, 0, 15, 0, 15, 0, 0, 0, 15, 15, 0, 15, 0, 0, 0, 0, 15, 0, 0, 0, 15, 15, 0, 0, 0, 0, 15, 15, 15, 0, 15, 0, 0, 16, 0, 0, 8, 15, 0, 15, 15, 0, 0, 0, 0, 20, 0, 0, 0, 0, 0, 0, 16, 16, 0, 15, 0, 0, 0, 0, 29, 0, 0, 0, 0, 0, 3, 16, 1, 0, 0, 17, 15, 0, 0, 0, 0, 0, 15, 0, 0, 15, 18, 16, 0, 15, 0, 34, 0, 0, 0, 0, 0, 0, 0, 0, 0, 0, 0, 0, 0, 15, 0, 0, 15, 0, 0, 0, 0, 0, 0, 16, 0, 18, 15, 0, 0, 0, 0, 18, 0, 0, 0, 0, 15, 0, 0, 0, 18, 0, 0, 15, 0, 17, 16, 15, 0, 0, 0, 0, 0, 0, 0, 0, 0, 0, 0, 0, 0, 22, 0, 16, 15, 15, 0, 29, 0, 0, 8, 0, 0, 0, 0, 0, 20, 0, 0, 30, 0, 0, 0, 0, 0, 0, 2, 0, 0, 0, 0, 0, 15, 0, 0, 0, 0, 0, 0, 0, 0, 0, 0, 0, 0, : 16, 15, 15, 15, 15, 15, 15, 15, 15, 15, 15, 15, 15, 16, 8, 15, 15, 15, 20, 16, 16, 15, 29, 3, 16, 1, 17, 15, 15, 15, 18, 16, 15, 34, 15, 15, 16, 18, 15, 18, 15, 18, 15, 17, 16, 15, 22, 16, 15, 15, 29, 8, 20, 30, 2, 15, 
84: 16, 0, 15, 0, 0, 0, 15, 0, 25, 0, 15, 15, 0, 15, 0, 0, 7, 4, 15, 0, 0, 0, 0, 0, 15, 0, 0, 15, 0, 0, 0, 0, 0, 23, 0, 0, 15, 3, 0, 0, 0, 0, 15, 0, 0, 0, 0, 0, 15, 18, 0, 0, 0, 0, 0, 0, 0, 15, 0, 0, 0, 0, 0, 0, 18, 0, 15, 0, 15, 0, 0, 0, 15, 0, 0, 0, 0, 0, 0, 18, 0, 0, 0, 0, 0, 17, 2, 12, 0, 15, 0, 4, 17, 15, 0, 16, 0, 15, 0, 0, 0, 0, 15, 0, 0, 0, 0, 20, 0, 0, 27, 0, 16, 17, 0, 0, 0, 1, 0, 0, 0, 15, 15, 22, 0, 0, 0, 0, 15, 0, 0, 0, 0, 28, 0, 13, 0, 15, 0, 0, 0, 0, 0, 0, 0, 15, 21, 0, 15, 15, 6, 0, 0, 19, 0, 0, 15, 16, 15, 0, 0, 0, 0, 15, 15, 0, 0, 15, 0, 0, 0, 15, 0, 0, 16, 0, 0, 16, 19, 0, 15, 0, 0, 7, 15, 15, 15, 7, 0, 0, 0, 0, 0, 15, 0, 0, 16, 15, 0, 15, : 16, 15, 15, 25, 15, 15, 15, 7, 4, 15, 15, 15, 23, 15, 3, 15, 15, 18, 15, 18, 15, 15, 15, 18, 17, 2, 12, 15, 4, 17, 15, 16, 15, 15, 20, 27, 16, 17, 1, 15, 15, 22, 15, 28, 13, 15, 15, 21, 15, 15, 6, 19, 15, 16, 15, 15, 15, 15, 15, 16, 16, 19, 15, 7, 15, 15, 15, 7, 15, 16, 15, 15, 
20: 14, 0, 15, 15, 16, 0, 0, 0, 0, 0, 0, 15, 0, 9, 15, 0, 0, 0, 0, 0, 0, 0, 0, 0, 17, 36, 0, 15, 0, 0, 0, 15, 17, 15, 0, 17, 7, 15, 0, 0, 0, 6, 23, 0, 0, 0, 0, 0, 16, 0, 0, 0, 0, 0, 0, 0, 0, 15, 15, 0, 0, 0, 0, 0, 0, 0, 15, 0, 0, 9, 15, 0, 2, 0, 21, 0, 0, 15, 0, 0, 0, 0, 0, 0, 0, 0, 0, 20, 16, 0, 15, 20, 8, 0, 0, 0, 18, 15, 0, 0, 0, 0, 0, 0, 15, 15, 15, 0, 0, 29, 17, 0, 15, 19, 0, 0, 0, 0, 0, 0, 0, 0, 0, 18, 0, 15, 0, 0, 0, 0, 0, 6, 16, 15, 0, 0, 0, 0, 15, 0, 0, 0, 0, 20, 0, 0, 0, 0, 0, 0, 15, 0, 0, 18, 0, 0, 0, 0, 15, 0, 15, 0, 0, 0, 0, 0, 0, 6, 0, 0, 0, 0, 15, 0, 9, 0, 0, 0, 0, 0, 15, 0, 0, 0, 0, 0, 16, 0, 0, 15, 0, 15, 0, 0, 15, 15, 17, 0, 0, 0, : 14, 15, 15, 16, 15, 9, 15, 17, 36, 15, 15, 17, 15, 17, 7, 15, 6, 23, 16, 15, 15, 15, 9, 15, 2, 21, 15, 20, 16, 15, 20, 8, 18, 15, 15, 15, 15, 29, 17, 15, 19, 18, 15, 6, 16, 15, 15, 20, 15, 18, 15, 15, 6, 15, 9, 15, 16, 15, 15, 15, 15, 17, 
39: 0, 15, 15, 17, 15, 0, 15, 0, 0, 0, 0, 15, 9, 15, 0, 15, 25, 0, 0, 22, 0, 15, 17, 27, 17, 0, 0, 0, 0, 15, 0, 15, 0, 0, 0, 0, 0, 0, 0, 0, 0, 0, 0, 15, 0, 0, 0, 15, 0, 19, 15, 0, 0, 0, 4, 0, 0, 0, 0, 17, 0, 15, 22, 0, 0, 30, 0, 0, 15, 0, 0, 0, 0, 16, 0, 0, 0, 0, 0, 0, 0, 15, 15, 0, 0, 0, 0, 0, 15, 15, 0, 0, 0, 0, 0, 17, 0, 0, 15, 0, 0, 15, 0, 15, 15, 15, 0, 0, 0, 0, 0, 15, 0, 0, 0, 0, 15, 0, 0, 6, 0, 16, 0, 0, 0, 15, 15, 0, 15, 15, 15, 15, 0, 0, 15, 0, 15, 22, 32, 16, 15, 0, 0, 0, 15, 0, 15, 12, 0, 16, 0, 15, 0, 0, 0, 0, 0, 0, 0, 15, 0, 15, 15, 15, 15, 0, 25, 17, 0, 0, 0, 0, 0, 0, 15, 0, 15, 0, 15, 0, 0, 0, 15, 0, 0, 0, 0, 0, 0, 0, 0, 0, 0, 0, 0, 0, 0, 0, 0, 16, : 15, 15, 17, 15, 15, 15, 9, 15, 15, 25, 22, 15, 17, 27, 17, 15, 15, 15, 15, 19, 15, 4, 17, 15, 22, 30, 15, 16, 15, 15, 15, 15, 17, 15, 15, 15, 15, 15, 15, 15, 6, 16, 15, 15, 15, 15, 15, 15, 15, 15, 22, 32, 16, 15, 15, 15, 12, 16, 15, 15, 15, 15, 15, 15, 25, 17, 15, 15, 15, 15, 16, 
72: 0, 0, 0, 0, 6, 21, 0, 0, 15, 20, 15, 0, 0, 15, 15, 0, 0, 0, 17, 0, 0, 15, 0, 0, 0, 4, 16, 0, 23, 4, 0, 15, 0, 0, 0, 0, 15, 15, 8, 15, 0, 0, 0, 15, 0, 0, 0, 0, 0, 1, 17, 0, 0, 7, 15, 16, 0, 0, 0, 0, 0, 0, 0, 0, 0, 0, 0, 0, 0, 0, 0, 0, 15, 0, 0, 0, 0, 0, 20, 15, 0, 15, 15, 0, 16, 0, 15, 17, 0, 0, 16, 0, 0, 0, 0, 0, 15, 0, 0, 0, 15, 15, 0, 0, 0, 0, 0, 15, 16, 18, 0, 15, 0, 0, 0, 21, 20, 15, 0, 15, 0, 0, 15, 0, 0, 0, 0, 6, 0, 16, 0, 0, 0, 0, 0, 0, 0, 0, 0, 0, 0, 0, 0, 19, 15, 0, 0, 0, 0, 0, 0, 0, 15, 0, 0, 15, 0, 0, 0, 0, 15, 0, 25, 0, 0, 0, 15, 15, 0, 0, 0, 0, 0, 0, 0, 19, 0, 15, 0, 0, 0, 0, 15, 0, 15, 0, 0, 0, 15, 15, 0, 0, 15, 0, 0, 0, 0, 0, 0, 0, : 6, 21, 15, 20, 15, 15, 15, 17, 15, 4, 16, 23, 4, 15, 15, 15, 8, 15, 15, 1, 17, 7, 15, 16, 15, 20, 15, 15, 15, 16, 15, 17, 16, 15, 15, 15, 15, 16, 18, 15, 21, 20, 15, 15, 15, 6, 16, 19, 15, 15, 15, 15, 25, 15, 15, 19, 15, 15, 15, 15, 15, 15, 
66: 0, 20, 0, 15, 0, 0, 0, 14, 0, 0, 0, 0, 0, 0, 0, 0, 0, 0, 0, 0, 9, 0, 0, 0, 0, 0, 0, 0, 0, 0, 0, 0, 0, 0, 10, 23, 0, 0, 15, 15, 0, 31, 0, 0, 0, 0, 0, 15, 0, 0, 0, 0, 17, 0, 15, 0, 0, 0, 0, 0, 0, 0, 0, 17, 0, 0, 0, 0, 0, 15, 0, 0, 15, 15, 15, 19, 16, 15, 0, 0, 16, 0, 15, 13, 0, 0, 15, 0, 0, 29, 0, 0, 0, 0, 0, 0, 0, 17, 15, 0, 10, 15, 0, 15, 15, 0, 7, 17, 0, 0, 15, 0, 0, 0, 19, 0, 0, 15, 0, 0, 0, 15, 15, 0, 3, 0, 0, 0, 0, 0, 15, 0, 15, 0, 0, 0, 0, 0, 0, 15, 15, 0, 19, 0, 0, 0, 0, 0, 15, 16, 16, 0, 15, 16, 0, 0, 15, 0, 0, 0, 15, 0, 16, 15, 0, 0, 15, 0, 0, 0, 0, 0, 15, 0, 0, 0, 15, 0, 24, 15, 0, 0, 16, 15, 0, 15, 16, 0, 15, 0, 15, 14, 0, 15, 0, 15, 25, 3, 15, 0, : 20, 15, 14, 9, 10, 23, 15, 15, 31, 15, 17, 15, 17, 15, 15, 15, 15, 19, 16, 15, 16, 15, 13, 15, 29, 17, 15, 10, 15, 15, 15, 7, 17, 15, 19, 15, 15, 15, 3, 15, 15, 15, 15, 19, 15, 16, 16, 15, 16, 15, 15, 16, 15, 15, 15, 15, 24, 15, 16, 15, 15, 16, 15, 15, 14, 15, 15, 25, 3, 15, 
31: 0, 0, 0, 0, 0, 0, 0, 15, 15, 0, 0, 0, 0, 0, 0, 15, 0, 0, 0, 0, 0, 0, 15, 15, 0, 0, 17, 0, 0, 0, 0, 0, 19, 0, 0, 0, 0, 0, 0, 0, 20, 0, 0, 0, 16, 0, 0, 0, 0, 0, 15, 18, 0, 15, 27, 0, 15, 0, 0, 0, 0, 0, 0, 0, 15, 0, 0, 0, 0, 16, 3, 0, 0, 0, 31, 0, 0, 0, 19, 6, 0, 0, 15, 16, 0, 0, 0, 0, 0, 0, 0, 15, 0, 0, 0, 0, 11, 0, 15, 0, 0, 15, 8, 0, 0, 0, 0, 0, 32, 0, 0, 0, 0, 3, 25, 17, 0, 0, 0, 0, 20, 0, 0, 0, 15, 15, 0, 15, 0, 0, 0, 0, 0, 0, 16, 0, 0, 15, 0, 0, 16, 0, 0, 0, 27, 23, 15, 25, 0, 0, 0, 0, 16, 1, 0, 0, 0, 15, 0, 15, 0, 17, 0, 7, 0, 0, 0, 0, 30, 0, 0, 0, 0, 15, 0, 0, 15, 30, 0, 0, 0, 0, 0, 15, 15, 13, 16, 15, 15, 17, 15, 0, 0, 0, 0, 0, 0, 18, 16, 4, : 15, 15, 15, 15, 15, 17, 19, 20, 16, 15, 18, 15, 27, 15, 15, 16, 3, 31, 19, 6, 15, 16, 15, 11, 15, 15, 8, 32, 3, 25, 17, 20, 15, 15, 15, 16, 15, 16, 27, 23, 15, 25, 16, 1, 15, 15, 17, 7, 30, 15, 15, 30, 15, 15, 13, 16, 15, 15, 17, 15, 18, 16, 4, 
29: 0, 15, 0, 0, 0, 0, 15, 16, 0, 15, 0, 0, 0, 0, 15, 0, 0, 15, 0, 15, 15, 0, 0, 17, 5, 0, 15, 0, 0, 20, 0, 0, 0, 0, 0, 15, 17, 16, 15, 0, 15, 15, 0, 16, 0, 17, 5, 0, 15, 15, 22, 16, 0, 0, 0, 0, 20, 0, 27, 15, 0, 0, 0, 0, 0, 0, 15, 15, 0, 15, 0, 15, 0, 21, 0, 0, 15, 0, 15, 16, 7, 0, 0, 0, 0, 0, 0, 0, 0, 7, 0, 15, 15, 0, 17, 15, 0, 0, 0, 0, 0, 16, 16, 0, 15, 19, 0, 0, 0, 3, 11, 0, 0, 15, 0, 17, 0, 23, 15, 0, 15, 0, 0, 15, 15, 0, 0, 0, 0, 0, 0, 0, 0, 0, 0, 0, 15, 0, 0, 0, 0, 0, 0, 15, 0, 0, 0, 0, 0, 0, 0, 15, 0, 0, 0, 0, 15, 0, 0, 0, 0, 0, 0, 16, 0, 0, 15, 15, 0, 23, 0, 15, 0, 0, 0, 14, 0, 0, 0, 0, 0, 0, 0, 15, 0, 0, 0, 15, 0, 0, 0, 0, 15, 0, 0, 15, 0, 0, 0, 15, : 15, 15, 16, 15, 15, 15, 15, 15, 17, 5, 15, 20, 15, 17, 16, 15, 15, 15, 16, 17, 5, 15, 15, 22, 16, 20, 27, 15, 15, 15, 15, 15, 21, 15, 15, 16, 7, 7, 15, 15, 17, 15, 16, 16, 15, 19, 3, 11, 15, 17, 23, 15, 15, 15, 15, 15, 15, 15, 15, 16, 15, 15, 23, 15, 14, 15, 15, 15, 15, 15, 
11: 17, 0, 0, 8, 0, 16, 0, 0, 19, 0, 0, 0, 15, 0, 9, 0, 0, 0, 0, 0, 15, 0, 0, 0, 0, 15, 0, 0, 15, 0, 0, 15, 21, 0, 15, 15, 0, 0, 0, 22, 0, 0, 0, 0, 0, 33, 17, 15, 0, 0, 0, 19, 0, 0, 0, 0, 2, 0, 0, 15, 32, 0, 15, 0, 15, 0, 0, 0, 15, 15, 0, 15, 15, 15, 0, 15, 0, 0, 0, 0, 26, 0, 0, 0, 0, 0, 21, 0, 0, 0, 0, 0, 0, 0, 0, 15, 0, 0, 0, 0, 0, 0, 0, 0, 10, 15, 0, 18, 0, 15, 0, 15, 0, 15, 0, 0, 16, 0, 16, 0, 0, 9, 0, 0, 0, 0, 19, 0, 0, 0, 0, 0, 0, 0, 15, 16, 0, 0, 0, 0, 18, 15, 11, 16, 8, 8, 0, 0, 0, 18, 0, 17, 0, 15, 25, 21, 0, 18, 8, 0, 0, 0, 0, 0, 0, 0, 0, 17, 19, 27, 0, 15, 15, 0, 0, 15, 0, 0, 0, 15, 10, 0, 0, 0, 0, 0, 0, 18, 0, 15, 0, 15, 0, 0, 0, 0, 0, 19, 15, 0, : 17, 8, 16, 19, 15, 9, 15, 15, 15, 15, 21, 15, 15, 22, 33, 17, 15, 19, 2, 15, 32, 15, 15, 15, 15, 15, 15, 15, 15, 26, 21, 15, 10, 15, 18, 15, 15, 15, 16, 16, 9, 19, 15, 16, 18, 15, 11, 16, 8, 8, 18, 17, 15, 25, 21, 18, 8, 17, 19, 27, 15, 15, 15, 15, 10, 18, 15, 15, 19, 15, 
56: 0, 0, 9, 0, 15, 16, 15, 18, 0, 0, 16, 0, 0, 0, 0, 0, 0, 0, 0, 15, 0, 0, 0, 0, 0, 0, 0, 0, 0, 16, 15, 17, 0, 0, 30, 0, 16, 0, 0, 0, 0, 0, 0, 0, 0, 0, 16, 0, 9, 0, 0, 0, 0, 0, 0, 0, 18, 15, 0, 0, 0, 0, 0, 11, 0, 23, 15, 0, 0, 0, 0, 0, 0, 0, 0, 0, 6, 0, 0, 0, 15, 15, 0, 21, 0, 18, 15, 20, 29, 0, 0, 0, 15, 0, 0, 0, 0, 5, 0, 0, 0, 0, 15, 18, 0, 15, 15, 0, 15, 0, 0, 0, 15, 0, 0, 0, 0, 0, 0, 18, 2, 0, 0, 15, 19, 17, 0, 15, 7, 17, 6, 0, 15, 15, 0, 15, 18, 19, 0, 0, 0, 0, 28, 0, 0, 0, 0, 0, 19, 0, 15, 15, 0, 0, 18, 15, 0, 0, 16, 15, 0, 0, 15, 0, 0, 17, 0, 0, 0, 0, 15, 0, 0, 0, 0, 15, 10, 0, 0, 0, 0, 15, 0, 0, 0, 0, 0, 0, 15, 0, 0, 0, 0, 0, 15, 0, 0, 0, 0, 0, : 9, 15, 16, 15, 18, 16, 15, 16, 15, 17, 30, 16, 16, 9, 18, 15, 11, 23, 15, 6, 15, 15, 21, 18, 15, 20, 29, 15, 5, 15, 18, 15, 15, 15, 15, 18, 2, 15, 19, 17, 15, 7, 17, 6, 15, 15, 15, 18, 19, 28, 19, 15, 15, 18, 15, 16, 15, 15, 17, 15, 15, 10, 15, 15, 15, 
74: 0, 0, 0, 15, 0, 16, 5, 22, 0, 20, 17, 17, 0, 0, 16, 0, 0, 0, 0, 3, 15, 15, 0, 0, 0, 0, 15, 0, 0, 0, 0, 8, 13, 15, 0, 0, 0, 0, 0, 15, 2, 18, 0, 0, 0, 0, 0, 0, 0, 0, 0, 0, 22, 15, 0, 0, 0, 0, 0, 22, 0, 10, 0, 0, 0, 0, 0, 0, 0, 0, 15, 0, 23, 0, 2, 0, 0, 0, 0, 0, 21, 0, 10, 0, 18, 0, 15, 0, 19, 0, 0, 0, 15, 15, 0, 0, 0, 15, 15, 0, 15, 0, 0, 15, 0, 0, 0, 0, 0, 0, 0, 0, 6, 15, 15, 0, 0, 0, 0, 0, 0, 0, 0, 15, 0, 0, 15, 0, 15, 0, 0, 0, 0, 3, 0, 0, 0, 0, 0, 15, 0, 9, 27, 0, 0, 15, 0, 0, 0, 0, 0, 0, 0, 0, 15, 15, 0, 15, 0, 0, 0, 15, 0, 0, 22, 15, 0, 0, 0, 0, 0, 0, 0, 19, 0, 0, 0, 16, 0, 0, 0, 0, 0, 0, 12, 0, 7, 0, 0, 0, 9, 0, 0, 11, 0, 0, 0, 15, 0, 0, : 15, 16, 5, 22, 20, 17, 17, 16, 3, 15, 15, 15, 8, 13, 15, 15, 2, 18, 22, 15, 22, 10, 15, 23, 2, 21, 10, 18, 15, 19, 15, 15, 15, 15, 15, 15, 6, 15, 15, 15, 15, 15, 3, 15, 9, 27, 15, 15, 15, 15, 15, 22, 15, 19, 16, 12, 7, 9, 11, 15, 
61: 15, 18, 0, 0, 0, 0, 0, 0, 0, 0, 6, 0, 27, 0, 0, 15, 0, 15, 20, 15, 15, 0, 0, 0, 0, 15, 0, 0, 0, 15, 15, 0, 0, 0, 0, 0, 15, 17, 0, 0, 0, 0, 18, 0, 0, 17, 28, 15, 0, 0, 15, 0, 15, 0, 0, 19, 15, 0, 0, 0, 16, 15, 0, 0, 0, 15, 15, 15, 15, 0, 0, 15, 0, 0, 0, 0, 0, 10, 15, 0, 0, 0, 0, 18, 0, 15, 0, 16, 0, 16, 0, 0, 0, 17, 15, 0, 17, 0, 0, 0, 15, 5, 15, 0, 15, 0, 15, 0, 16, 0, 0, 0, 0, 0, 0, 0, 4, 28, 0, 0, 0, 0, 15, 0, 0, 15, 15, 15, 0, 0, 0, 0, 15, 0, 9, 0, 0, 0, 0, 0, 0, 15, 0, 15, 0, 0, 0, 0, 0, 5, 0, 8, 0, 0, 0, 0, 0, 15, 0, 0, 17, 0, 0, 17, 15, 0, 0, 0, 10, 0, 15, 15, 22, 0, 0, 22, 0, 6, 0, 15, 0, 0, 8, 0, 0, 17, 0, 0, 0, 0, 0, 0, 17, 0, 0, 15, 0, 15, 9, 0, : 15, 18, 6, 27, 15, 15, 20, 15, 15, 15, 15, 15, 15, 17, 18, 17, 28, 15, 15, 15, 19, 15, 16, 15, 15, 15, 15, 15, 15, 10, 15, 18, 15, 16, 16, 17, 15, 17, 15, 5, 15, 15, 15, 16, 4, 28, 15, 15, 15, 15, 15, 9, 15, 15, 5, 8, 15, 17, 17, 15, 10, 15, 15, 22, 22, 6, 15, 8, 17, 17, 15, 15, 9, 
97: 0, 0, 0, 0, 0, 0, 20, 0, 0, 0, 0, 0, 16, 16, 15, 0, 23, 0, 2, 0, 0, 0, 15, 0, 15, 0, 0, 15, 0, 0, 15, 0, 15, 0, 0, 0, 0, 0, 0, 0, 0, 0, 0, 16, 15, 0, 19, 0, 0, 0, 1, 0, 0, 0, 0, 20, 0, 0, 0, 0, 0, 0, 0, 17, 20, 0, 10, 0, 15, 15, 0, 15, 0, 0, 0, 0, 0, 15, 0, 0, 0, 0, 0, 17, 0, 5, 0, 0, 0, 0, 0, 0, 0, 0, 0, 0, 0, 0, 15, 0, 0, 0, 0, 19, 0, 0, 0, 15, 0, 20, 0, 0, 15, 0, 0, 0, 15, 0, 15, 0, 0, 0, 0, 15, 0, 0, 0, 15, 15, 6, 0, 0, 0, 24, 0, 0, 6, 0, 20, 24, 0, 0, 0, 0, 0, 0, 16, 0, 16, 0, 0, 0, 15, 0, 0, 18, 0, 0, 0, 0, 0, 0, 0, 0, 15, 15, 0, 15, 0, 0, 19, 0, 0, 0, 15, 0, 15, 0, 0, 7, 0, 0, 0, 0, 0, 0, 0, 0, 0, 15, 0, 0, 24, 15, 15, 0, 15, 0, 0, 0, : 20, 16, 16, 15, 23, 2, 15, 15, 15, 15, 15, 16, 15, 19, 1, 20, 17, 20, 10, 15, 15, 15, 15, 17, 5, 15, 19, 15, 20, 15, 15, 15, 15, 15, 15, 6, 24, 6, 20, 24, 16, 16, 15, 18, 15, 15, 15, 19, 15, 15, 7, 15, 24, 15, 15, 15, 
62: 0, 0, 0, 15, 16, 17, 0, 0, 0, 0, 0, 8, 18, 0, 0, 0, 0, 15, 0, 0, 15, 0, 0, 0, 16, 0, 15, 0, 0, 0, 0, 0, 0, 0, 15, 0, 15, 19, 15, 0, 17, 0, 15, 0, 15, 0, 0, 0, 15, 0, 0, 3, 11, 17, 0, 15, 0, 0, 0, 0, 0, 15, 15, 0, 0, 15, 0, 23, 15, 0, 15, 0, 0, 15, 15, 0, 17, 15, 0, 0, 0, 0, 0, 0, 0, 15, 0, 0, 0, 0, 10, 0, 0, 15, 0, 7, 0, 0, 0, 15, 15, 0, 16, 0, 0, 6, 15, 0, 0, 0, 15, 0, 0, 0, 15, 15, 0, 18, 0, 0, 15, 15, 16, 0, 15, 0, 0, 18, 0, 0, 0, 23, 22, 0, 0, 0, 0, 0, 18, 0, 0, 0, 0, 0, 0, 23, 0, 0, 0, 0, 18, 0, 0, 0, 0, 0, 0, 21, 0, 15, 0, 15, 0, 0, 0, 0, 15, 0, 0, 15, 0, 5, 17, 20, 0, 0, 0, 17, 15, 0, 15, 17, 0, 0, 0, 25, 0, 0, 10, 0, 0, 0, 0, 0, 24, 0, 0, 0, 0, 0, : 15, 16, 17, 8, 18, 15, 15, 16, 15, 15, 15, 19, 15, 17, 15, 15, 15, 3, 11, 17, 15, 15, 15, 15, 23, 15, 15, 15, 15, 17, 15, 15, 10, 15, 7, 15, 15, 16, 6, 15, 15, 15, 15, 18, 15, 15, 16, 15, 18, 23, 22, 18, 23, 18, 21, 15, 15, 15, 15, 5, 17, 20, 17, 15, 15, 17, 25, 10, 24, 
26: 0, 0, 0, 0, 0, 0, 0, 0, 0, 0, 0, 0, 0, 0, 15, 0, 15, 0, 15, 0, 0, 0, 0, 0, 0, 15, 0, 0, 0, 15, 8, 0, 0, 0, 0, 0, 0, 0, 0, 0, 15, 0, 0, 0, 0, 0, 0, 10, 0, 0, 0, 0, 0, 0, 0, 0, 0, 15, 0, 15, 16, 15, 0, 24, 17, 0, 0, 0, 0, 0, 0, 10, 15, 0, 0, 0, 15, 0, 14, 0, 15, 0, 0, 0, 15, 0, 0, 0, 0, 0, 0, 16, 15, 0, 0, 0, 0, 0, 0, 0, 0, 0, 0, 0, 15, 0, 0, 0, 0, 0, 0, 15, 0, 0, 0, 0, 15, 0, 0, 0, 0, 0, 0, 0, 0, 0, 0, 16, 18, 15, 0, 0, 0, 0, 15, 0, 15, 14, 0, 0, 0, 15, 0, 0, 19, 0, 0, 15, 0, 0, 15, 0, 0, 0, 0, 0, 3, 0, 15, 0, 8, 0, 0, 0, 0, 0, 15, 0, 20, 0, 15, 0, 0, 16, 15, 0, 0, 0, 0, 0, 0, 0, 0, 15, 0, 0, 15, 0, 0, 0, 0, 0, 0, 15, 0, 0, 12, 0, 15, 0, : 15, 15, 15, 15, 15, 8, 15, 10, 15, 15, 16, 15, 24, 17, 10, 15, 15, 14, 15, 15, 16, 15, 15, 15, 15, 16, 18, 15, 15, 15, 14, 15, 19, 15, 15, 3, 15, 8, 15, 20, 15, 16, 15, 15, 15, 15, 12, 15, 
68: 23, 2, 0, 15, 15, 0, 0, 0, 0, 0, 0, 0, 15, 15, 0, 0, 15, 15, 0, 0, 0, 0, 0, 0, 0, 15, 15, 0, 15, 15, 0, 0, 0, 15, 0, 0, 0, 0, 16, 0, 15, 0, 0, 0, 0, 0, 0, 0, 15, 16, 15, 0, 15, 0, 24, 0, 0, 25, 0, 0, 5, 0, 0, 0, 0, 0, 15, 0, 10, 0, 22, 15, 0, 0, 0, 35, 0, 15, 0, 15, 0, 0, 0, 15, 0, 0, 0, 15, 0, 0, 0, 15, 0, 8, 0, 0, 0, 18, 0, 17, 15, 0, 0, 3, 0, 0, 0, 0, 0, 0, 0, 10, 18, 0, 0, 15, 0, 0, 0, 0, 0, 0, 0, 0, 0, 0, 0, 0, 0, 16, 15, 0, 0, 0, 0, 0, 0, 0, 0, 0, 0, 0, 0, 0, 0, 0, 0, 0, 0, 15, 0, 0, 0, 0, 15, 16, 15, 0, 15, 24, 0, 0, 0, 0, 0, 0, 0, 0, 0, 0, 15, 0, 0, 0, 0, 0, 0, 0, 0, 17, 0, 15, 15, 0, 0, 0, 0, 15, 15, 0, 0, 15, 14, 0, 0, 0, 15, 0, 15, 0, : 23, 2, 15, 15, 15, 15, 15, 15, 15, 15, 15, 15, 15, 16, 15, 15, 16, 15, 15, 24, 25, 5, 15, 10, 22, 15, 35, 15, 15, 15, 15, 15, 8, 18, 17, 15, 3, 10, 18, 15, 16, 15, 15, 15, 16, 15, 15, 24, 15, 17, 15, 15, 15, 15, 15, 14, 15, 15, 
3: 0, 30, 0, 0, 0, 14, 15, 0, 16, 0, 16, 0, 0, 0, 0, 0, 0, 0, 0, 0, 0, 25, 5, 0, 0, 0, 0, 27, 0, 0, 16, 0, 0, 16, 0, 15, 0, 0, 0, 0, 0, 15, 14, 0, 15, 0, 0, 0, 15, 16, 0, 29, 0, 15, 0, 0, 0, 15, 15, 0, 0, 0, 20, 15, 0, 0, 0, 0, 0, 15, 15, 15, 0, 0, 0, 15, 0, 15, 0, 0, 0, 22, 15, 0, 0, 0, 0, 0, 0, 0, 0, 0, 0, 15, 0, 0, 0, 0, 15, 15, 0, 0, 0, 0, 0, 0, 15, 0, 0, 15, 15, 0, 0, 0, 11, 0, 15, 0, 15, 24, 0, 0, 0, 0, 0, 8, 0, 0, 15, 0, 17, 0, 15, 15, 15, 22, 15, 0, 0, 0, 0, 0, 0, 0, 0, 0, 18, 0, 20, 0, 0, 0, 15, 15, 0, 0, 15, 0, 0, 1, 15, 18, 0, 0, 0, 15, 0, 0, 21, 20, 0, 0, 0, 13, 0, 0, 15, 0, 0, 0, 15, 15, 15, 15, 28, 0, 0, 0, 15, 0, 0, 0, 0, 29, 0, 0, 0, 15, 0, 19, : 30, 14, 15, 16, 16, 25, 5, 27, 16, 16, 15, 15, 14, 15, 15, 16, 29, 15, 15, 15, 20, 15, 15, 15, 15, 15, 15, 22, 15, 15, 15, 15, 15, 15, 15, 11, 15, 15, 24, 8, 15, 17, 15, 15, 15, 22, 15, 18, 20, 15, 15, 15, 1, 15, 18, 15, 21, 20, 13, 15, 15, 15, 15, 15, 28, 15, 29, 15, 19, 


40: 0, 0, 29, 22, 0, 8, 0, 0, 24, 0, 0, 0, 0, 0, 15, 19, 12, 0, 16, 0, 15, 15, 15, 16, 22, 0, 0, 0, 0, 0, 0, 0, 0, 0, 0, 0, 0, 0, 0, 15, 0, 0, 0, 21, 0, 0, 15, 0, 0, 16, 0, 0, 0, 0, 15, 0, 15, 0, 0, 0, 0, 0, 0, 0, 0, 0, 0, 18, 0, 0, 0, 0, 0, 0, 15, 0, 0, 0, 0, 0, 16, 0, 0, 15, 0, 15, 0, 0, 0, 0, 24, 0, 0, 15, 0, 0, 15, 0, 0, 0, 0, 0, 0, 15, 15, 0, 0, 0, 0, 0, 15, 15, 0, 0, 0, 0, 15, 0, 0, 0, 0, 0, 0, 15, 0, 25, 0, 15, 15, 16, 0, 0, 0, 15, 18, 0, 0, 0, 0, 0, 0, 9, 24, 16, 0, 0, 0, 0, 18, 15, 8, 0, 0, 16, 0, 16, 0, 15, 0, 16, 0, 0, 0, 15, 0, 0, 15, 0, 0, 6, 23, 16, 0, 15, 19, 0, 0, 0, 0, 0, 0, 0, 0, 15, 0, 0, 0, 0, 0, 0, 15, 15, 15, 0, 15, 15, 15, 0, 0, 0, : 29, 22, 8, 24, 15, 19, 12, 16, 15, 15, 15, 16, 22, 15, 21, 15, 16, 15, 15, 18, 15, 16, 15, 15, 24, 15, 15, 15, 15, 15, 15, 15, 15, 25, 15, 15, 16, 15, 18, 9, 24, 16, 18, 15, 8, 16, 16, 15, 16, 15, 15, 6, 23, 16, 15, 19, 15, 15, 15, 15, 15, 15, 15, 
7: 0, 15, 0, 15, 15, 0, 0, 0, 0, 0, 0, 0, 19, 19, 0, 15, 0, 0, 15, 0, 15, 0, 0, 0, 0, 0, 15, 0, 0, 0, 0, 18, 0, 0, 15, 15, 15, 0, 16, 0, 0, 20, 0, 0, 0, 0, 1, 0, 0, 0, 0, 15, 0, 0, 31, 0, 0, 0, 0, 0, 0, 0, 0, 0, 26, 34, 0, 0, 0, 15, 0, 0, 0, 18, 0, 0, 15, 0, 0, 0, 0, 0, 0, 0, 0, 0, 15, 20, 0, 0, 0, 0, 9, 15, 17, 0, 0, 15, 0, 0, 0, 18, 15, 0, 0, 0, 15, 0, 0, 0, 0, 0, 0, 0, 4, 0, 0, 21, 0, 12, 0, 15, 0, 0, 0, 0, 15, 0, 15, 0, 6, 16, 0, 0, 0, 1, 0, 15, 0, 8, 0, 0, 0, 0, 0, 0, 15, 0, 15, 0, 0, 0, 0, 15, 15, 0, 0, 0, 15, 0, 15, 0, 15, 0, 15, 15, 15, 0, 0, 0, 17, 0, 23, 0, 0, 15, 0, 0, 0, 18, 0, 0, 0, 0, 0, 0, 18, 0, 0, 0, 0, 0, 0, 16, 0, 0, 15, 0, 0, 0, : 15, 15, 15, 19, 19, 15, 15, 15, 15, 18, 15, 15, 15, 16, 20, 1, 15, 31, 26, 34, 15, 18, 15, 15, 20, 9, 15, 17, 15, 18, 15, 15, 4, 21, 12, 15, 15, 15, 6, 16, 1, 15, 8, 15, 15, 15, 15, 15, 15, 15, 15, 15, 15, 17, 23, 15, 18, 18, 16, 15, 
85: 0, 0, 18, 0, 0, 15, 0, 15, 0, 0, 0, 0, 0, 0, 0, 15, 0, 17, 0, 0, 0, 0, 0, 0, 0, 0, 17, 0, 0, 15, 17, 0, 0, 0, 0, 15, 0, 18, 0, 0, 17, 20, 0, 0, 0, 0, 0, 15, 16, 1, 0, 0, 16, 0, 0, 0, 0, 9, 0, 0, 15, 0, 0, 0, 0, 0, 0, 18, 0, 0, 2, 0, 0, 0, 0, 0, 15, 18, 0, 15, 15, 0, 0, 0, 0, 0, 0, 19, 0, 0, 0, 6, 0, 15, 20, 0, 15, 15, 0, 0, 22, 0, 0, 0, 15, 15, 15, 23, 15, 16, 0, 20, 0, 0, 15, 0, 15, 0, 0, 0, 0, 0, 0, 0, 0, 0, 15, 15, 16, 0, 0, 0, 0, 0, 15, 15, 25, 0, 0, 0, 15, 0, 0, 0, 15, 0, 0, 15, 0, 25, 0, 0, 0, 15, 0, 15, 15, 22, 0, 10, 0, 0, 0, 0, 0, 0, 15, 0, 0, 0, 0, 0, 0, 15, 0, 0, 0, 0, 0, 0, 0, 0, 0, 0, 1, 0, 0, 4, 16, 0, 0, 0, 0, 0, 0, 0, 0, 0, 18, 15, : 18, 15, 15, 15, 17, 17, 15, 17, 15, 18, 17, 20, 15, 16, 1, 16, 9, 15, 18, 2, 15, 18, 15, 15, 19, 6, 15, 20, 15, 15, 22, 15, 15, 15, 23, 15, 16, 20, 15, 15, 15, 15, 16, 15, 15, 25, 15, 15, 15, 25, 15, 15, 15, 22, 10, 15, 15, 1, 4, 16, 18, 15, 
51: 0, 0, 0, 0, 0, 17, 0, 0, 0, 15, 16, 0, 15, 18, 0, 0, 0, 0, 15, 15, 23, 15, 0, 0, 0, 0, 0, 22, 0, 12, 0, 0, 2, 15, 0, 0, 0, 16, 0, 0, 0, 0, 17, 0, 15, 0, 0, 15, 0, 0, 16, 15, 0, 16, 18, 22, 24, 0, 0, 0, 15, 6, 0, 0, 0, 15, 0, 0, 0, 0, 0, 15, 15, 0, 0, 15, 8, 0, 24, 0, 0, 15, 0, 15, 0, 0, 0, 15, 0, 0, 0, 0, 15, 5, 0, 0, 0, 22, 0, 0, 0, 0, 15, 15, 0, 20, 0, 12, 15, 16, 0, 0, 0, 0, 0, 15, 18, 0, 17, 0, 17, 0, 0, 15, 0, 0, 0, 0, 0, 0, 15, 4, 0, 15, 15, 0, 0, 16, 0, 0, 0, 16, 0, 0, 6, 14, 0, 0, 7, 0, 0, 15, 0, 1, 0, 0, 0, 0, 0, 0, 0, 15, 0, 0, 0, 15, 0, 15, 15, 0, 15, 15, 0, 0, 15, 16, 15, 0, 15, 15, 0, 15, 32, 5, 0, 0, 21, 0, 0, 17, 0, 15, 0, 15, 0, 6, 0, 0, 0, 15, : 17, 15, 16, 15, 18, 15, 15, 23, 15, 22, 12, 2, 15, 16, 17, 15, 15, 16, 15, 16, 18, 22, 24, 15, 6, 15, 15, 15, 15, 8, 24, 15, 15, 15, 15, 5, 22, 15, 15, 20, 12, 15, 16, 15, 18, 17, 17, 15, 15, 4, 15, 15, 16, 16, 6, 14, 7, 15, 1, 15, 15, 15, 15, 15, 15, 15, 16, 15, 15, 15, 15, 32, 5, 21, 17, 15, 15, 6, 15, 
35: 26, 15, 0, 0, 0, 0, 0, 18, 0, 0, 0, 15, 0, 0, 0, 0, 0, 0, 16, 15, 0, 0, 15, 0, 0, 15, 24, 0, 15, 0, 15, 4, 16, 0, 15, 0, 0, 0, 0, 15, 0, 15, 0, 20, 0, 28, 0, 0, 0, 0, 9, 0, 0, 0, 0, 0, 0, 15, 0, 0, 0, 0, 0, 0, 0, 18, 0, 0, 15, 15, 0, 0, 0, 0, 0, 0, 0, 0, 0, 15, 15, 0, 15, 0, 15, 0, 0, 0, 23, 0, 0, 0, 0, 0, 0, 15, 0, 0, 0, 15, 0, 0, 0, 0, 0, 16, 16, 0, 17, 0, 0, 24, 0, 0, 0, 0, 0, 17, 7, 0, 0, 0, 0, 0, 0, 0, 0, 0, 0, 19, 0, 15, 15, 0, 0, 0, 0, 0, 0, 0, 0, 0, 15, 0, 15, 15, 16, 15, 0, 0, 15, 0, 15, 0, 15, 0, 0, 0, 0, 0, 0, 0, 26, 15, 0, 0, 0, 0, 16, 0, 0, 0, 0, 30, 0, 0, 0, 0, 8, 0, 0, 15, 0, 0, 0, 0, 0, 16, 16, 0, 0, 15, 0, 15, 7, 0, 6, 16, 0, 15, : 26, 15, 18, 15, 16, 15, 15, 15, 24, 15, 15, 4, 16, 15, 15, 15, 20, 28, 9, 15, 18, 15, 15, 15, 15, 15, 15, 23, 15, 15, 16, 16, 17, 24, 17, 7, 19, 15, 15, 15, 15, 15, 16, 15, 15, 15, 15, 26, 15, 16, 30, 8, 15, 16, 16, 15, 15, 7, 6, 16, 15, 
9: 0, 0, 0, 15, 0, 0, 0, 0, 0, 11, 0, 0, 0, 19, 15, 0, 0, 0, 0, 0, 0, 4, 15, 0, 28, 20, 15, 0, 0, 0, 5, 15, 0, 7, 0, 0, 9, 0, 0, 0, 15, 0, 0, 16, 15, 0, 0, 10, 15, 0, 0, 0, 0, 19, 0, 0, 0, 15, 0, 18, 0, 0, 15, 0, 0, 0, 0, 0, 0, 0, 0, 17, 0, 15, 23, 15, 15, 2, 0, 0, 0, 15, 0, 26, 15, 24, 0, 0, 0, 0, 0, 0, 0, 0, 0, 0, 0, 0, 17, 0, 0, 0, 0, 0, 10, 15, 0, 0, 17, 0, 0, 0, 0, 19, 17, 16, 0, 0, 15, 0, 0, 0, 16, 0, 19, 0, 0, 3, 15, 0, 16, 0, 0, 0, 15, 0, 0, 0, 0, 17, 15, 0, 0, 0, 19, 0, 0, 15, 0, 0, 17, 4, 0, 15, 0, 0, 0, 16, 0, 0, 0, 15, 13, 0, 0, 16, 0, 0, 0, 15, 15, 0, 0, 0, 0, 15, 22, 0, 18, 15, 0, 0, 0, 0, 16, 15, 0, 0, 0, 0, 9, 15, 0, 0, 0, 15, 15, 15, 0, 0, : 15, 11, 19, 15, 4, 15, 28, 20, 15, 5, 15, 7, 9, 15, 16, 15, 10, 15, 19, 15, 18, 15, 17, 15, 23, 15, 15, 2, 15, 26, 15, 24, 17, 10, 15, 17, 19, 17, 16, 15, 16, 19, 3, 15, 16, 15, 17, 15, 19, 15, 17, 4, 15, 16, 15, 13, 16, 15, 15, 15, 22, 18, 15, 16, 15, 9, 15, 15, 15, 15, 
46: 0, 15, 0, 15, 0, 0, 15, 0, 15, 0, 0, 0, 15, 16, 0, 1, 27, 0, 0, 4, 15, 0, 0, 17, 0, 0, 0, 15, 0, 0, 0, 0, 0, 0, 4, 24, 0, 0, 15, 0, 0, 0, 0, 0, 0, 0, 15, 15, 0, 0, 0, 15, 0, 0, 0, 15, 0, 0, 15, 16, 15, 0, 18, 0, 15, 0, 0, 0, 0, 15, 15, 0, 0, 9, 0, 15, 0, 16, 0, 0, 0, 21, 0, 0, 0, 0, 21, 0, 15, 16, 0, 15, 16, 0, 0, 24, 0, 0, 0, 16, 15, 15, 0, 0, 0, 0, 18, 19, 0, 15, 0, 25, 15, 15, 0, 0, 0, 0, 15, 16, 0, 0, 4, 0, 0, 0, 10, 0, 0, 0, 0, 0, 15, 0, 15, 0, 0, 0, 0, 0, 0, 0, 0, 15, 0, 0, 0, 0, 15, 0, 0, 0, 0, 0, 0, 20, 0, 15, 0, 0, 15, 0, 0, 0, 15, 0, 0, 0, 7, 0, 15, 15, 15, 0, 0, 0, 0, 5, 0, 0, 0, 0, 0, 17, 15, 0, 15, 0, 0, 17, 15, 0, 15, 4, 0, 0, 16, 0, 0, 0, : 15, 15, 15, 15, 15, 16, 1, 27, 4, 15, 17, 15, 4, 24, 15, 15, 15, 15, 15, 15, 16, 15, 18, 15, 15, 15, 9, 15, 16, 21, 21, 15, 16, 15, 16, 24, 16, 15, 15, 18, 19, 15, 25, 15, 15, 15, 16, 4, 10, 15, 15, 15, 15, 20, 15, 15, 15, 7, 15, 15, 15, 5, 17, 15, 15, 17, 15, 15, 4, 16, 
6: 15, 0, 0, 0, 0, 0, 24, 0, 16, 0, 7, 0, 15, 0, 0, 0, 16, 15, 0, 0, 0, 0, 0, 19, 0, 0, 0, 0, 0, 0, 0, 15, 0, 0, 15, 0, 0, 0, 0, 0, 0, 15, 0, 0, 17, 0, 18, 15, 0, 15, 0, 0, 2, 0, 0, 15, 0, 0, 0, 15, 0, 0, 0, 0, 16, 0, 15, 15, 0, 15, 0, 0, 21, 22, 0, 0, 0, 18, 0, 15, 15, 0, 0, 0, 15, 0, 0, 0, 15, 17, 15, 0, 15, 0, 20, 0, 0, 0, 0, 0, 15, 0, 0, 0, 15, 18, 0, 0, 0, 0, 15, 0, 0, 0, 0, 0, 0, 0, 0, 0, 0, 0, 15, 21, 19, 0, 15, 0, 23, 17, 0, 15, 0, 0, 0, 0, 0, 0, 3, 15, 16, 15, 0, 0, 0, 26, 15, 0, 0, 0, 15, 15, 0, 0, 15, 0, 0, 0, 0, 15, 0, 15, 0, 0, 21, 0, 0, 15, 0, 0, 0, 8, 0, 0, 0, 0, 15, 16, 0, 0, 0, 16, 0, 15, 0, 15, 0, 15, 0, 0, 0, 0, 0, 0, 15, 0, 18, 0, 0, 0, : 15, 24, 16, 7, 15, 16, 15, 19, 15, 15, 15, 17, 18, 15, 15, 2, 15, 15, 16, 15, 15, 15, 21, 22, 18, 15, 15, 15, 15, 17, 15, 15, 20, 15, 15, 18, 15, 15, 21, 19, 15, 23, 17, 15, 3, 15, 16, 15, 26, 15, 15, 15, 15, 15, 15, 21, 15, 8, 15, 16, 16, 15, 15, 15, 15, 18, 
4: 0, 15, 0, 0, 23, 0, 15, 15, 0, 19, 0, 0, 0, 0, 15, 0, 0, 0, 5, 15, 0, 0, 0, 0, 0, 15, 0, 0, 23, 15, 0, 0, 15, 15, 0, 15, 15, 16, 0, 9, 0, 0, 0, 11, 8, 0, 0, 15, 16, 38, 15, 22, 16, 0, 6, 15, 16, 0, 16, 0, 19, 15, 0, 20, 0, 15, 0, 0, 0, 15, 0, 0, 0, 0, 0, 15, 15, 16, 0, 0, 0, 0, 15, 0, 15, 0, 15, 15, 0, 0, 0, 0, 0, 0, 0, 0, 0, 3, 0, 0, 0, 0, 0, 0, 0, 0, 0, 0, 0, 0, 15, 0, 0, 0, 0, 9, 0, 15, 0, 0, 0, 0, 0, 4, 15, 0, 0, 0, 0, 12, 0, 0, 0, 0, 0, 0, 0, 0, 0, 0, 0, 0, 5, 0, 0, 15, 20, 17, 0, 0, 0, 0, 0, 0, 22, 15, 0, 0, 16, 0, 0, 0, 0, 0, 15, 0, 0, 15, 0, 0, 0, 0, 21, 0, 17, 20, 17, 15, 0, 0, 0, 0, 0, 0, 0, 23, 0, 0, 0, 0, 0, 0, 0, 0, 16, 0, 0, 23, 0, 0, : 15, 23, 15, 15, 19, 15, 5, 15, 15, 23, 15, 15, 15, 15, 15, 16, 9, 11, 8, 15, 16, 38, 15, 22, 16, 6, 15, 16, 16, 19, 15, 20, 15, 15, 15, 15, 16, 15, 15, 15, 15, 3, 15, 9, 15, 4, 15, 12, 5, 15, 20, 17, 22, 15, 16, 15, 15, 21, 17, 20, 17, 15, 23, 16, 23, 
14: 0, 0, 17, 0, 0, 15, 15, 0, 0, 0, 0, 17, 15, 0, 17, 0, 15, 0, 0, 0, 0, 16, 0, 0, 0, 26, 3, 16, 16, 0, 0, 0, 0, 0, 19, 0, 0, 0, 0, 15, 0, 0, 4, 0, 0, 0, 21, 0, 15, 15, 15, 3, 15, 0, 0, 0, 0, 0, 0, 15, 15, 15, 0, 0, 0, 0, 0, 15, 0, 10, 0, 15, 1, 0, 0, 15, 0, 0, 0, 15, 0, 0, 4, 0, 0, 0, 15, 15, 0, 0, 0, 0, 0, 0, 0, 17, 0, 0, 15, 0, 0, 0, 0, 15, 0, 0, 0, 16, 0, 0, 0, 0, 15, 22, 0, 15, 0, 15, 0, 0, 24, 0, 20, 0, 16, 15, 0, 15, 0, 0, 0, 0, 0, 0, 0, 0, 0, 0, 15, 0, 3, 0, 0, 0, 0, 0, 19, 0, 0, 0, 0, 0, 15, 0, 0, 0, 10, 0, 0, 15, 15, 0, 0, 17, 0, 0, 0, 15, 15, 0, 0, 0, 0, 15, 0, 0, 0, 0, 0, 3, 15, 0, 15, 16, 18, 0, 0, 0, 0, 16, 15, 0, 0, 0, 17, 0, 0, 15, 15, 0, : 17, 15, 15, 17, 15, 17, 15, 16, 26, 3, 16, 16, 19, 15, 4, 21, 15, 15, 15, 3, 15, 15, 15, 15, 15, 10, 15, 1, 15, 15, 4, 15, 15, 17, 15, 15, 16, 15, 22, 15, 15, 24, 20, 16, 15, 15, 15, 3, 19, 15, 10, 15, 15, 17, 15, 15, 15, 3, 15, 15, 16, 18, 16, 15, 17, 15, 15, 
24: 38, 0, 0, 0, 0, 0, 0, 0, 0, 0, 15, 2, 0, 0, 2, 0, 0, 0, 0, 0, 0, 0, 0, 0, 0, 0, 0, 0, 0, 0, 0, 15, 0, 0, 0, 16, 15, 0, 8, 0, 15, 0, 0, 0, 0, 0, 0, 0, 0, 0, 15, 0, 0, 1, 0, 0, 15, 0, 17, 6, 15, 0, 15, 0, 13, 0, 20, 0, 0, 15, 15, 15, 0, 0, 15, 10, 0, 0, 0, 0, 0, 0, 15, 16, 0, 12, 0, 0, 0, 16, 0, 15, 15, 0, 0, 0, 0, 0, 15, 0, 0, 0, 0, 0, 0, 0, 0, 0, 0, 0, 0, 0, 17, 0, 0, 15, 0, 0, 0, 15, 0, 15, 0, 15, 0, 15, 0, 0, 16, 0, 0, 0, 15, 0, 0, 15, 0, 0, 0, 0, 0, 30, 25, 8, 15, 0, 0, 0, 0, 0, 0, 0, 0, 0, 16, 2, 15, 0, 0, 0, 0, 0, 15, 0, 0, 15, 0, 15, 17, 0, 0, 0, 0, 0, 0, 0, 0, 15, 0, 0, 25, 0, 0, 0, 16, 0, 0, 16, 0, 0, 15, 0, 0, 0, 0, 0, 0, 0, 15, 10, : 38, 15, 2, 2, 15, 16, 15, 8, 15, 15, 1, 15, 17, 6, 15, 15, 13, 20, 15, 15, 15, 15, 10, 15, 16, 12, 16, 15, 15, 15, 17, 15, 15, 15, 15, 15, 16, 15, 15, 30, 25, 8, 15, 16, 2, 15, 15, 15, 15, 17, 15, 25, 16, 16, 15, 15, 10, 
79: 0, 0, 0, 0, 15, 0, 15, 0, 0, 15, 15, 15, 0, 0, 0, 0, 15, 0, 18, 15, 0, 0, 16, 0, 4, 0, 0, 0, 15, 0, 0, 18, 15, 0, 15, 0, 0, 15, 21, 0, 0, 0, 0, 0, 0, 11, 0, 0, 15, 0, 0, 0, 0, 0, 0, 1, 0, 0, 0, 0, 0, 15, 0, 0, 0, 17, 15, 4, 6, 0, 0, 0, 15, 18, 0, 15, 0, 15, 0, 0, 0, 19, 19, 0, 1, 0, 15, 0, 2, 4, 0, 0, 0, 0, 0, 0, 15, 15, 15, 0, 18, 18, 21, 0, 0, 0, 0, 15, 0, 21, 20, 0, 18, 0, 18, 15, 15, 0, 15, 0, 0, 0, 0, 0, 0, 0, 15, 15, 0, 0, 15, 0, 0, 4, 0, 0, 0, 0, 0, 15, 0, 15, 0, 0, 0, 0, 15, 2, 0, 0, 0, 0, 0, 0, 0, 0, 15, 0, 0, 0, 0, 0, 0, 15, 0, 15, 0, 0, 0, 31, 0, 0, 0, 0, 18, 0, 0, 0, 29, 0, 0, 9, 0, 0, 0, 0, 0, 0, 2, 0, 0, 15, 15, 0, 15, 0, 15, 0, 0, 0, : 15, 15, 15, 15, 15, 15, 18, 15, 16, 4, 15, 18, 15, 15, 15, 21, 11, 15, 1, 15, 17, 15, 4, 6, 15, 18, 15, 15, 19, 19, 1, 15, 2, 4, 15, 15, 15, 18, 18, 21, 15, 21, 20, 18, 18, 15, 15, 15, 15, 15, 15, 4, 15, 15, 15, 2, 15, 15, 15, 31, 18, 29, 9, 2, 15, 15, 15, 15, 
98: 0, 4, 0, 0, 11, 0, 0, 26, 0, 0, 15, 0, 0, 13, 0, 0, 0, 0, 0, 0, 15, 21, 0, 0, 15, 0, 26, 19, 15, 15, 17, 0, 22, 15, 0, 0, 0, 0, 25, 0, 15, 0, 18, 0, 15, 0, 0, 0, 0, 0, 15, 0, 0, 0, 15, 0, 15, 0, 17, 15, 0, 0, 0, 15, 0, 0, 2, 15, 19, 0, 0, 15, 0, 0, 15, 0, 16, 0, 0, 15, 0, 0, 0, 0, 0, 0, 15, 1, 0, 0, 15, 19, 0, 0, 0, 0, 0, 0, 0, 16, 0, 0, 0, 8, 15, 0, 0, 15, 15, 18, 0, 0, 3, 0, 0, 0, 1, 0, 0, 15, 0, 0, 0, 0, 0, 15, 15, 0, 0, 0, 18, 0, 0, 17, 0, 0, 15, 0, 16, 0, 0, 0, 0, 15, 0, 0, 0, 15, 15, 0, 15, 19, 0, 0, 0, 0, 0, 0, 0, 0, 0, 8, 0, 15, 0, 0, 0, 0, 0, 0, 0, 0, 0, 10, 0, 0, 0, 0, 0, 18, 15, 0, 22, 0, 0, 16, 0, 0, 15, 0, 0, 10, 0, 0, 0, 17, 0, 0, 0, 15, : 4, 11, 26, 15, 13, 15, 21, 15, 26, 19, 15, 15, 17, 22, 15, 25, 15, 18, 15, 15, 15, 15, 17, 15, 15, 2, 15, 19, 15, 15, 16, 15, 15, 1, 15, 19, 16, 8, 15, 15, 15, 18, 3, 1, 15, 15, 15, 18, 17, 15, 16, 15, 15, 15, 15, 19, 8, 15, 10, 18, 15, 22, 16, 15, 10, 17, 15, 
8: 0, 21, 6, 0, 0, 0, 1, 0, 0, 0, 0, 0, 0, 15, 0, 0, 0, 15, 0, 15, 0, 0, 20, 16, 0, 8, 0, 0, 0, 0, 0, 15, 0, 0, 0, 15, 15, 0, 0, 0, 8, 15, 15, 0, 0, 0, 0, 0, 0, 0, 15, 0, 15, 0, 0, 0, 0, 15, 15, 15, 0, 15, 0, 15, 0, 0, 0, 0, 22, 0, 0, 15, 0, 18, 2, 0, 0, 0, 23, 0, 15, 0, 0, 0, 0, 15, 0, 0, 15, 16, 0, 0, 0, 15, 0, 0, 15, 15, 15, 16, 0, 0, 0, 15, 15, 0, 0, 0, 0, 0, 9, 0, 15, 0, 0, 0, 0, 0, 0, 0, 15, 26, 15, 0, 1, 0, 15, 0, 0, 0, 0, 20, 25, 0, 0, 15, 0, 0, 15, 15, 0, 0, 15, 0, 0, 15, 0, 21, 0, 15, 0, 15, 0, 15, 0, 15, 15, 13, 16, 0, 0, 16, 0, 15, 15, 0, 16, 0, 0, 16, 0, 16, 0, 0, 15, 4, 0, 0, 0, 15, 30, 0, 16, 0, 0, 0, 0, 0, 15, 5, 16, 0, 0, 15, 15, 0, 0, 0, 0, 0, : 21, 6, 1, 15, 15, 15, 20, 16, 8, 15, 15, 15, 8, 15, 15, 15, 15, 15, 15, 15, 15, 15, 22, 15, 18, 2, 23, 15, 15, 15, 16, 15, 15, 15, 15, 16, 15, 15, 9, 15, 15, 26, 15, 1, 15, 20, 25, 15, 15, 15, 15, 15, 21, 15, 15, 15, 15, 15, 13, 16, 16, 15, 15, 16, 16, 16, 15, 4, 15, 30, 16, 15, 5, 16, 15, 15, 
43: 0, 0, 0, 0, 0, 0, 0, 0, 0, 0, 0, 0, 16, 0, 0, 19, 15, 15, 0, 0, 0, 0, 19, 0, 0, 0, 0, 15, 0, 0, 0, 0, 0, 0, 0, 0, 0, 20, 0, 15, 0, 0, 15, 15, 0, 15, 0, 15, 0, 0, 0, 0, 20, 18, 0, 15, 0, 15, 5, 0, 0, 0, 15, 8, 15, 0, 15, 0, 0, 0, 22, 0, 31, 0, 15, 0, 0, 0, 0, 0, 2, 15, 15, 0, 0, 17, 4, 0, 15, 0, 15, 15, 0, 15, 0, 14, 15, 0, 7, 0, 15, 0, 15, 0, 0, 16, 21, 0, 0, 0, 0, 0, 17, 0, 0, 0, 0, 2, 16, 0, 15, 0, 0, 0, 0, 0, 0, 0, 0, 0, 0, 15, 15, 0, 0, 0, 0, 0, 0, 0, 18, 0, 0, 0, 15, 0, 0, 0, 0, 15, 0, 0, 8, 0, 0, 0, 15, 0, 0, 0, 15, 0, 0, 0, 0, 0, 0, 5, 15, 17, 0, 15, 0, 0, 0, 15, 0, 18, 15, 0, 0, 0, 0, 0, 0, 0, 0, 0, 21, 0, 0, 0, 0, 0, 0, 0, 0, 15, 15, 0, : 16, 19, 15, 15, 19, 15, 20, 15, 15, 15, 15, 15, 20, 18, 15, 15, 5, 15, 8, 15, 15, 22, 31, 15, 2, 15, 15, 17, 4, 15, 15, 15, 15, 14, 15, 7, 15, 15, 16, 21, 17, 2, 16, 15, 15, 15, 18, 15, 15, 8, 15, 15, 5, 15, 17, 15, 15, 18, 15, 21, 15, 15, 
55: 6, 0, 0, 0, 15, 0, 0, 15, 0, 25, 0, 0, 0, 0, 0, 15, 0, 15, 0, 21, 0, 0, 0, 0, 0, 0, 0, 0, 0, 0, 15, 0, 15, 0, 0, 0, 0, 15, 0, 16, 0, 0, 0, 0, 0, 16, 0, 0, 0, 15, 0, 0, 0, 0, 0, 0, 0, 0, 15, 0, 0, 0, 22, 0, 15, 1, 0, 0, 0, 0, 0, 0, 0, 0, 0, 0, 0, 0, 15, 0, 0, 0, 0, 0, 0, 0, 0, 0, 0, 16, 0, 15, 0, 0, 0, 0, 7, 0, 0, 7, 15, 15, 15, 17, 0, 0, 0, 0, 15, 0, 26, 0, 0, 14, 0, 0, 0, 15, 0, 17, 9, 15, 0, 0, 15, 0, 0, 15, 0, 19, 0, 0, 15, 18, 7, 0, 12, 0, 17, 0, 0, 0, 16, 0, 0, 0, 0, 0, 15, 15, 0, 15, 16, 23, 0, 0, 0, 19, 15, 29, 15, 16, 15, 0, 0, 0, 0, 0, 15, 0, 0, 0, 0, 0, 0, 0, 0, 0, 0, 16, 0, 15, 0, 17, 15, 16, 15, 17, 0, 15, 0, 0, 24, 0, 0, 17, 0, 0, 6, 15, : 6, 15, 15, 25, 15, 15, 21, 15, 15, 15, 16, 16, 15, 15, 22, 15, 1, 15, 16, 15, 7, 7, 15, 15, 15, 17, 15, 26, 14, 15, 17, 9, 15, 15, 15, 19, 15, 18, 7, 12, 17, 16, 15, 15, 15, 16, 23, 19, 15, 29, 15, 16, 15, 15, 16, 15, 17, 15, 16, 15, 17, 15, 24, 17, 6, 15, 
93: 0, 0, 15, 0, 0, 15, 0, 0, 15, 0, 0, 16, 5, 0, 0, 16, 0, 0, 0, 0, 0, 0, 0, 17, 15, 16, 0, 13, 0, 28, 0, 0, 15, 0, 0, 0, 16, 0, 15, 15, 0, 0, 0, 0, 15, 0, 0, 0, 15, 0, 0, 0, 0, 15, 0, 17, 0, 15, 0, 0, 0, 15, 0, 0, 0, 0, 17, 0, 0, 0, 23, 0, 0, 0, 0, 0, 16, 0, 0, 15, 0, 0, 0, 15, 16, 17, 0, 0, 0, 0, 15, 0, 0, 0, 0, 0, 0, 0, 0, 15, 0, 0, 0, 15, 15, 0, 0, 0, 6, 0, 0, 0, 0, 0, 15, 0, 20, 0, 0, 0, 0, 0, 30, 15, 0, 0, 0, 0, 0, 0, 0, 0, 0, 15, 0, 15, 0, 15, 0, 0, 15, 0, 0, 16, 0, 0, 0, 0, 0, 15, 0, 0, 16, 0, 2, 0, 0, 0, 15, 0, 0, 0, 16, 8, 0, 0, 16, 0, 0, 0, 0, 0, 17, 0, 1, 0, 0, 0, 0, 0, 0, 15, 0, 0, 0, 0, 0, 17, 15, 0, 0, 0, 0, 0, 0, 15, 0, 0, 0, 0, : 15, 15, 15, 16, 5, 16, 17, 15, 16, 13, 28, 15, 16, 15, 15, 15, 15, 15, 17, 15, 15, 17, 23, 16, 15, 15, 16, 17, 15, 15, 15, 15, 6, 15, 20, 30, 15, 15, 15, 15, 15, 16, 15, 16, 2, 15, 16, 8, 16, 17, 1, 15, 17, 15, 15, 
58: 0, 0, 0, 3, 0, 15, 0, 0, 0, 0, 15, 0, 0, 0, 15, 0, 0, 0, 0, 0, 0, 29, 0, 0, 0, 0, 0, 0, 0, 0, 15, 0, 0, 15, 0, 0, 0, 0, 0, 0, 15, 0, 0, 0, 15, 15, 15, 0, 0, 0, 0, 15, 0, 15, 15, 0, 0, 0, 0, 0, 6, 0, 0, 27, 0, 0, 0, 15, 23, 0, 0, 0, 0, 0, 15, 0, 0, 0, 15, 0, 0, 0, 17, 0, 0, 0, 0, 0, 0, 0, 0, 15, 0, 20, 13, 15, 0, 0, 0, 0, 0, 4, 19, 0, 0, 0, 15, 0, 0, 0, 0, 0, 0, 0, 15, 0, 0, 15, 0, 0, 0, 0, 0, 0, 15, 15, 0, 22, 0, 17, 15, 0, 0, 0, 0, 24, 15, 23, 0, 15, 18, 15, 0, 15, 0, 15, 0, 0, 15, 0, 15, 0, 15, 0, 0, 0, 0, 0, 8, 0, 9, 15, 0, 0, 0, 5, 0, 20, 0, 0, 15, 0, 0, 0, 0, 0, 16, 16, 0, 0, 0, 0, 15, 15, 0, 15, 0, 0, 0, 15, 15, 0, 15, 20, 0, 15, 0, 16, 15, 0, : 3, 15, 15, 15, 29, 15, 15, 15, 15, 15, 15, 15, 15, 15, 6, 27, 15, 23, 15, 15, 17, 15, 20, 13, 15, 4, 19, 15, 15, 15, 15, 15, 22, 17, 15, 24, 15, 23, 15, 18, 15, 15, 15, 15, 15, 15, 8, 9, 15, 5, 20, 15, 16, 16, 15, 15, 15, 15, 15, 15, 20, 15, 16, 15, 
32: 0, 15, 0, 15, 0, 15, 15, 11, 15, 0, 0, 20, 0, 0, 21, 0, 0, 23, 15, 0, 15, 0, 0, 0, 16, 0, 0, 0, 1, 0, 16, 0, 0, 33, 17, 0, 15, 0, 0, 0, 15, 0, 16, 17, 0, 0, 15, 0, 0, 0, 0, 15, 16, 0, 0, 0, 15, 0, 0, 0, 0, 19, 15, 15, 0, 0, 0, 0, 0, 0, 0, 0, 17, 0, 0, 0, 0, 15, 4, 0, 0, 15, 0, 0, 23, 0, 0, 15, 0, 15, 0, 0, 15, 0, 15, 15, 18, 0, 16, 15, 0, 15, 0, 0, 0, 0, 0, 0, 0, 14, 0, 16, 0, 15, 0, 0, 16, 0, 0, 0, 20, 14, 0, 0, 0, 15, 0, 0, 0, 0, 0, 15, 0, 16, 15, 15, 15, 26, 19, 0, 0, 0, 0, 0, 0, 0, 0, 0, 0, 0, 15, 17, 15, 0, 0, 0, 0, 0, 0, 0, 0, 0, 0, 0, 4, 19, 0, 0, 0, 0, 0, 15, 8, 15, 0, 15, 15, 15, 0, 0, 0, 15, 0, 0, 19, 0, 16, 0, 0, 15, 0, 0, 1, 15, 0, 0, 0, 0, 0, 0, : 15, 15, 15, 15, 11, 15, 20, 21, 23, 15, 15, 16, 1, 16, 33, 17, 15, 15, 16, 17, 15, 15, 16, 15, 19, 15, 15, 17, 15, 4, 15, 23, 15, 15, 15, 15, 15, 18, 16, 15, 15, 14, 16, 15, 16, 20, 14, 15, 15, 16, 15, 15, 15, 26, 19, 15, 17, 15, 4, 19, 15, 8, 15, 15, 15, 15, 15, 19, 16, 15, 1, 15, 
99: 15, 0, 15, 15, 21, 0, 0, 0, 15, 15, 17, 15, 0, 0, 0, 0, 0, 0, 0, 0, 2, 0, 0, 15, 0, 0, 0, 0, 15, 15, 0, 0, 0, 0, 0, 0, 0, 0, 0, 0, 0, 15, 15, 0, 0, 15, 0, 0, 8, 0, 0, 0, 0, 16, 0, 0, 0, 16, 0, 0, 0, 0, 0, 0, 0, 0, 16, 0, 15, 0, 23, 8, 0, 0, 0, 0, 0, 0, 19, 10, 22, 0, 0, 13, 0, 0, 0, 0, 15, 0, 16, 0, 15, 0, 15, 0, 0, 15, 0, 0, 0, 15, 0, 0, 0, 0, 0, 0, 0, 0, 0, 0, 0, 15, 16, 15, 0, 0, 15, 25, 0, 15, 0, 15, 0, 0, 0, 0, 0, 0, 15, 0, 0, 0, 0, 0, 18, 5, 15, 15, 0, 0, 0, 15, 15, 0, 0, 0, 0, 0, 0, 0, 0, 0, 15, 17, 15, 0, 15, 15, 16, 0, 0, 0, 15, 0, 23, 0, 0, 15, 0, 0, 16, 0, 15, 0, 0, 0, 15, 0, 15, 0, 0, 0, 0, 0, 15, 15, 0, 0, 0, 15, 15, 0, 0, 0, 0, 0, 16, 15, : 15, 15, 15, 21, 15, 15, 17, 15, 2, 15, 15, 15, 15, 15, 15, 8, 16, 16, 16, 15, 23, 8, 19, 10, 22, 13, 15, 16, 15, 15, 15, 15, 15, 16, 15, 15, 25, 15, 15, 15, 18, 5, 15, 15, 15, 15, 15, 17, 15, 15, 15, 16, 15, 23, 15, 16, 15, 15, 15, 15, 15, 15, 15, 16, 15, 


