
100
20
100
1

20: 0, 15, 15, 0, 0, 0, 19, 15, 0, 0, 1, 15, 0, 16, 0, 0, 0, 0, 0, 15, 15, 0, 0, 0, 0, 0, 0, 8, 0, 0, 0, 0, 0, 16, 0, 15, 21, 0, 0, 0, 0, 0, 15, 0, 0, 0, 0, 0, 0, 0, 0, 0, 0, 0, 0, 0, 0, 15, 0, 18, 0, 0, 0, 0, 17, 0, 0, 0, 0, 0, 0, 0, 0, 0, 15, 0, 0, 16, 10, 16, 0, 0, 17, 15, 0, 0, 18, 0, 15, 0, 0, 20, 15, 0, 17, 0, 0, 0, 15, 15, : 15, 15, 19, 15, 1, 15, 16, 15, 15, 8, 16, 15, 21, 15, 15, 18, 17, 15, 16, 10, 16, 17, 15, 18, 15, 20, 15, 17, 15, 15, 
16: 0, 0, 0, 15, 0, 0, 0, 18, 0, 0, 26, 0, 0, 0, 0, 15, 0, 0, 0, 0, 0, 0, 0, 3, 0, 0, 0, 0, 15, 15, 15, 16, 15, 15, 20, 0, 22, 15, 16, 0, 15, 5, 15, 0, 0, 25, 0, 0, 0, 0, 0, 0, 0, 0, 0, 22, 0, 0, 15, 0, 16, 15, 0, 0, 0, 0, 15, 4, 0, 15, 0, 15, 0, 15, 0, 0, 15, 0, 0, 15, 0, 15, 0, 0, 0, 0, 36, 0, 15, 15, 15, 0, 19, 17, 15, 16, 17, 0, 0, 0, : 15, 18, 26, 15, 3, 15, 15, 15, 16, 15, 15, 20, 22, 15, 16, 15, 5, 15, 25, 22, 15, 16, 15, 15, 4, 15, 15, 15, 15, 15, 15, 36, 15, 15, 15, 19, 17, 15, 16, 17, 
14: 15, 0, 0, 0, 0, 0, 0, 0, 0, 0, 0, 0, 0, 0, 4, 0, 0, 14, 0, 0, 0, 15, 0, 16, 20, 0, 0, 15, 0, 0, 0, 0, 15, 0, 0, 0, 0, 0, 0, 0, 0, 0, 0, 17, 15, 0, 15, 0, 0, 0, 15, 0, 0, 15, 0, 16, 0, 17, 18, 12, 15, 0, 0, 0, 0, 0, 0, 15, 16, 0, 0, 15, 0, 16, 19, 0, 15, 0, 0, 0, 0, 6, 0, 0, 0, 0, 0, 0, 15, 0, 16, 0, 16, 1, 0, 12, 0, 18, 0, 15, : 15, 4, 14, 15, 16, 20, 15, 15, 17, 15, 15, 15, 15, 16, 17, 18, 12, 15, 15, 16, 15, 16, 19, 15, 6, 15, 16, 16, 1, 12, 18, 15, 
3: 17, 15, 15, 0, 0, 15, 0, 15, 4, 0, 0, 15, 0, 0, 0, 15, 15, 0, 20, 15, 0, 15, 0, 0, 0, 0, 0, 0, 0, 0, 0, 0, 0, 0, 15, 0, 0, 15, 15, 0, 15, 0, 0, 0, 0, 17, 0, 0, 0, 0, 0, 0, 0, 15, 30, 0, 0, 0, 0, 17, 0, 0, 0, 0, 0, 15, 15, 0, 15, 0, 15, 15, 15, 0, 16, 15, 0, 0, 0, 0, 0, 0, 0, 0, 15, 0, 0, 15, 0, 0, 19, 0, 0, 15, 0, 0, 0, 0, 15, 0, : 17, 15, 15, 15, 15, 4, 15, 15, 15, 20, 15, 15, 15, 15, 15, 15, 17, 15, 30, 17, 15, 15, 15, 15, 15, 15, 16, 15, 15, 15, 19, 15, 15, 
15: 1, 0, 0, 0, 15, 0, 3, 0, 0, 19, 0, 0, 9, 0, 0, 0, 0, 0, 0, 0, 0, 28, 0, 34, 0, 0, 0, 0, 0, 0, 0, 0, 0, 15, 0, 8, 0, 15, 15, 0, 15, 15, 16, 15, 8, 0, 15, 18, 0, 15, 15, 0, 0, 0, 0, 16, 15, 0, 0, 0, 17, 0, 15, 15, 15, 0, 0, 15, 3, 0, 15, 15, 16, 0, 0, 0, 15, 27, 0, 0, 0, 15, 8, 0, 0, 16, 15, 0, 0, 0, 0, 0, 16, 0, 15, 18, 0, 16, 15, 0, : 1, 15, 3, 19, 9, 28, 34, 15, 8, 15, 15, 15, 15, 16, 15, 8, 15, 18, 15, 15, 16, 15, 17, 15, 15, 15, 15, 3, 15, 15, 16, 15, 27, 15, 8, 16, 15, 16, 15, 18, 16, 15, 
8: 0, 0, 0, 15, 0, 0, 0, 0, 18, 15, 0, 0, 15, 16, 16, 0, 0, 0, 0, 0, 17, 0, 17, 0, 0, 15, 0, 15, 15, 15, 15, 0, 16, 0, 7, 0, 0, 0, 15, 11, 15, 0, 0, 0, 0, 0, 9, 0, 0, 0, 15, 0, 15, 18, 0, 0, 0, 0, 0, 0, 0, 15, 0, 15, 7, 0, 0, 0, 15, 0, 15, 0, 0, 0, 0, 15, 0, 0, 0, 0, 0, 15, 0, 0, 7, 0, 0, 15, 0, 0, 0, 15, 0, 15, 15, 0, 0, 15, 0, 25, : 15, 18, 15, 15, 16, 16, 17, 17, 15, 15, 15, 15, 15, 16, 7, 15, 11, 15, 9, 15, 15, 18, 15, 15, 7, 15, 15, 15, 15, 7, 15, 15, 15, 15, 15, 25, 
17: 0, 0, 15, 0, 24, 15, 15, 0, 15, 0, 0, 0, 0, 15, 0, 0, 8, 0, 0, 0, 15, 0, 0, 0, 0, 0, 0, 0, 0, 17, 0, 0, 16, 0, 0, 15, 0, 0, 19, 16, 0, 0, 0, 0, 0, 12, 0, 15, 7, 0, 15, 15, 6, 24, 0, 0, 0, 15, 0, 16, 0, 8, 24, 3, 0, 0, 15, 0, 0, 0, 0, 0, 0, 0, 0, 7, 16, 0, 0, 22, 0, 0, 0, 15, 15, 15, 0, 16, 0, 0, 0, 0, 0, 15, 0, 0, 15, 0, 0, 21, : 15, 24, 15, 15, 15, 15, 8, 15, 17, 16, 15, 19, 16, 12, 15, 7, 15, 15, 6, 24, 15, 16, 8, 24, 3, 15, 7, 16, 22, 15, 15, 15, 16, 15, 15, 21, 
7: 15, 0, 15, 0, 15, 16, 0, 0, 0, 0, 0, 0, 0, 0, 0, 0, 0, 15, 18, 0, 15, 0, 0, 0, 0, 5, 0, 17, 15, 17, 0, 15, 0, 28, 0, 0, 4, 0, 0, 27, 0, 0, 0, 0, 0, 0, 0, 15, 15, 0, 0, 0, 0, 0, 8, 0, 0, 17, 0, 0, 0, 0, 0, 15, 0, 10, 0, 0, 0, 0, 0, 15, 17, 0, 18, 0, 0, 0, 0, 15, 0, 15, 15, 15, 17, 15, 0, 0, 0, 30, 0, 20, 0, 0, 0, 16, 0, 0, 12, 0, : 15, 15, 15, 16, 15, 18, 15, 5, 17, 15, 17, 15, 28, 4, 27, 15, 15, 8, 17, 15, 10, 15, 17, 18, 15, 15, 15, 15, 17, 15, 30, 20, 16, 12, 
10: 16, 15, 19, 0, 0, 0, 0, 0, 0, 0, 16, 0, 0, 0, 16, 0, 15, 0, 15, 0, 0, 0, 0, 0, 0, 15, 0, 15, 0, 0, 15, 18, 0, 0, 0, 0, 23, 10, 0, 15, 0, 15, 0, 15, 15, 0, 15, 9, 0, 0, 0, 21, 15, 13, 0, 0, 22, 15, 0, 0, 0, 0, 0, 0, 0, 0, 0, 0, 0, 0, 0, 7, 0, 22, 0, 15, 9, 17, 0, 0, 15, 0, 15, 0, 0, 0, 0, 0, 0, 0, 0, 0, 15, 0, 0, 0, 0, 0, 28, 0, : 16, 15, 19, 16, 16, 15, 15, 15, 15, 15, 18, 23, 10, 15, 15, 15, 15, 15, 9, 21, 15, 13, 22, 15, 7, 22, 15, 9, 17, 15, 15, 15, 28, 
4: 0, 0, 0, 0, 0, 0, 0, 0, 0, 17, 0, 0, 15, 18, 19, 0, 0, 15, 0, 15, 0, 12, 19, 0, 17, 19, 0, 0, 0, 0, 0, 0, 0, 0, 0, 17, 0, 15, 0, 0, 0, 17, 0, 0, 0, 15, 0, 0, 0, 16, 0, 0, 0, 0, 0, 0, 0, 0, 20, 0, 0, 15, 0, 0, 0, 15, 25, 0, 0, 19, 18, 0, 20, 0, 0, 15, 0, 0, 0, 0, 0, 19, 0, 0, 0, 0, 0, 0, 0, 7, 0, 0, 0, 0, 0, 0, 0, 0, 0, 0, : 17, 15, 18, 19, 15, 15, 12, 19, 17, 19, 17, 15, 17, 15, 16, 20, 15, 15, 25, 19, 18, 20, 15, 19, 7, 
13: 0, 0, 0, 15, 0, 0, 15, 0, 0, 0, 0, 15, 15, 0, 0, 15, 0, 0, 15, 15, 0, 0, 0, 15, 14, 15, 0, 15, 11, 0, 0, 15, 0, 0, 22, 15, 15, 0, 0, 0, 0, 18, 20, 0, 0, 0, 0, 0, 17, 0, 0, 0, 15, 0, 0, 17, 0, 6, 24, 0, 21, 17, 0, 0, 0, 0, 0, 15, 0, 0, 15, 0, 0, 0, 0, 0, 0, 0, 28, 1, 0, 0, 15, 17, 0, 0, 0, 0, 0, 0, 0, 0, 0, 0, 15, 0, 0, 0, 0, 15, : 15, 15, 15, 15, 15, 15, 15, 15, 14, 15, 15, 11, 15, 22, 15, 15, 18, 20, 17, 15, 17, 6, 24, 21, 17, 15, 15, 28, 1, 15, 17, 15, 15, 
9: 0, 0, 6, 15, 15, 0, 15, 0, 0, 0, 0, 0, 0, 0, 0, 0, 0, 0, 0, 18, 0, 15, 15, 17, 18, 0, 0, 0, 15, 0, 0, 17, 0, 0, 15, 0, 0, 0, 0, 0, 0, 0, 0, 0, 0, 15, 0, 0, 0, 0, 0, 0, 15, 0, 0, 0, 15, 0, 0, 0, 0, 15, 0, 0, 15, 0, 0, 0, 0, 15, 0, 0, 15, 15, 16, 15, 0, 0, 24, 15, 0, 0, 0, 0, 0, 16, 0, 0, 18, 0, 0, 10, 0, 22, 0, 0, 0, 16, 0, 9, : 6, 15, 15, 15, 18, 15, 15, 17, 18, 15, 17, 15, 15, 15, 15, 15, 15, 15, 15, 15, 16, 15, 24, 15, 16, 18, 10, 22, 16, 9, 
1: 0, 0, 0, 0, 0, 0, 0, 20, 15, 32, 17, 15, 0, 5, 0, 15, 0, 0, 0, 0, 15, 0, 0, 0, 0, 0, 15, 0, 0, 0, 15, 0, 8, 0, 0, 0, 0, 0, 0, 15, 10, 0, 0, 8, 15, 0, 0, 0, 0, 0, 9, 0, 17, 0, 0, 0, 0, 15, 0, 0, 15, 0, 0, 0, 15, 0, 0, 0, 0, 15, 0, 0, 2, 0, 0, 0, 0, 0, 22, 0, 20, 15, 15, 0, 15, 0, 15, 0, 0, 0, 0, 0, 0, 0, 0, 0, 0, 0, 0, 0, : 20, 15, 32, 17, 15, 5, 15, 15, 15, 15, 8, 15, 10, 8, 15, 9, 17, 15, 15, 15, 15, 2, 22, 20, 15, 15, 15, 15, 
19: 0, 0, 0, 17, 0, 15, 0, 0, 15, 0, 0, 15, 16, 0, 15, 15, 0, 0, 17, 15, 8, 0, 0, 0, 0, 0, 23, 0, 0, 15, 0, 0, 0, 16, 0, 15, 0, 0, 0, 0, 15, 0, 0, 15, 15, 0, 15, 0, 16, 0, 0, 34, 0, 0, 0, 19, 9, 0, 8, 0, 0, 0, 15, 22, 15, 0, 15, 0, 0, 18, 0, 0, 0, 0, 16, 0, 15, 15, 0, 16, 16, 0, 15, 6, 16, 27, 0, 9, 17, 16, 0, 0, 0, 0, 0, 0, 15, 0, 0, 0, : 17, 15, 15, 15, 16, 15, 15, 17, 15, 8, 23, 15, 16, 15, 15, 15, 15, 15, 16, 34, 19, 9, 8, 15, 22, 15, 15, 18, 16, 15, 15, 16, 16, 15, 6, 16, 27, 9, 17, 16, 15, 
2: 15, 15, 0, 7, 0, 15, 0, 1, 0, 15, 0, 10, 0, 15, 0, 0, 0, 15, 0, 0, 0, 0, 17, 15, 16, 0, 24, 0, 0, 0, 0, 0, 0, 0, 0, 0, 15, 15, 15, 0, 0, 0, 15, 15, 0, 0, 0, 0, 15, 16, 0, 0, 0, 0, 15, 0, 15, 0, 0, 0, 16, 15, 15, 0, 0, 15, 0, 15, 36, 0, 0, 18, 0, 0, 0, 0, 0, 0, 0, 0, 20, 0, 0, 15, 0, 0, 0, 15, 4, 17, 0, 16, 0, 0, 8, 0, 22, 19, 0, 0, : 15, 15, 7, 15, 1, 15, 10, 15, 15, 17, 15, 16, 24, 15, 15, 15, 15, 15, 15, 16, 15, 15, 16, 15, 15, 15, 15, 36, 18, 20, 15, 15, 4, 17, 16, 8, 22, 19, 
18: 0, 15, 0, 0, 15, 0, 0, 0, 0, 2, 0, 0, 15, 0, 0, 10, 0, 16, 15, 0, 0, 0, 16, 0, 0, 0, 22, 15, 0, 0, 10, 1, 0, 0, 0, 15, 0, 0, 0, 0, 0, 0, 0, 0, 0, 0, 16, 0, 0, 0, 0, 0, 0, 0, 20, 10, 0, 0, 0, 0, 0, 0, 15, 0, 0, 0, 0, 0, 0, 0, 18, 0, 0, 0, 0, 0, 0, 10, 16, 0, 13, 0, 0, 17, 0, 11, 0, 0, 0, 0, 20, 0, 0, 15, 15, 0, 1, 1, 15, 0, : 15, 15, 2, 15, 10, 16, 15, 16, 22, 15, 10, 1, 15, 16, 20, 10, 15, 18, 10, 16, 13, 17, 11, 20, 15, 15, 1, 1, 15, 
5: 0, 15, 15, 0, 0, 0, 0, 0, 15, 0, 0, 0, 0, 15, 0, 15, 15, 0, 0, 0, 15, 0, 0, 0, 0, 16, 16, 0, 0, 5, 15, 0, 15, 10, 0, 0, 0, 15, 0, 16, 15, 0, 19, 0, 15, 0, 0, 21, 15, 11, 15, 0, 17, 0, 0, 0, 0, 0, 0, 0, 0, 0, 0, 0, 0, 15, 0, 21, 15, 0, 0, 0, 15, 0, 0, 18, 0, 0, 0, 0, 0, 0, 0, 0, 0, 0, 0, 0, 16, 15, 15, 19, 3, 0, 0, 0, 0, 15, 0, 0, : 15, 15, 15, 15, 15, 15, 15, 16, 16, 5, 15, 15, 10, 15, 16, 15, 19, 15, 21, 15, 11, 15, 17, 15, 21, 15, 15, 18, 16, 15, 15, 19, 3, 15, 
12: 21, 10, 0, 0, 16, 0, 16, 15, 18, 0, 16, 15, 0, 0, 0, 0, 15, 0, 0, 0, 0, 15, 0, 0, 0, 15, 0, 0, 0, 0, 15, 18, 0, 0, 0, 0, 0, 0, 0, 0, 0, 0, 0, 0, 17, 0, 0, 22, 15, 18, 0, 15, 0, 0, 0, 0, 0, 0, 0, 16, 0, 0, 16, 15, 0, 0, 0, 0, 0, 18, 4, 0, 0, 0, 0, 0, 15, 0, 0, 0, 16, 0, 0, 0, 15, 0, 0, 15, 0, 0, 0, 0, 16, 0, 0, 0, 15, 0, 0, 0, : 21, 10, 16, 16, 15, 18, 16, 15, 15, 15, 15, 15, 18, 17, 22, 15, 18, 15, 16, 16, 15, 18, 4, 15, 16, 15, 15, 16, 15, 
6: 0, 0, 0, 0, 0, 24, 17, 16, 0, 0, 0, 0, 15, 0, 15, 0, 16, 0, 0, 0, 0, 0, 1, 0, 15, 0, 0, 0, 29, 0, 0, 0, 0, 0, 0, 0, 0, 0, 0, 0, 0, 15, 0, 0, 0, 0, 15, 0, 0, 0, 16, 15, 0, 15, 0, 0, 24, 0, 0, 0, 0, 0, 0, 15, 16, 15, 0, 0, 0, 0, 0, 0, 0, 0, 0, 0, 0, 15, 0, 0, 0, 0, 0, 0, 0, 0, 0, 0, 0, 0, 0, 0, 0, 0, 0, 23, 0, 0, 0, 0, : 24, 17, 16, 15, 15, 16, 1, 15, 29, 15, 15, 16, 15, 15, 24, 15, 16, 15, 15, 23, 
11: 0, 0, 0, 16, 0, 0, 0, 0, 0, 0, 24, 0, 0, 0, 15, 0, 16, 25, 0, 7, 0, 0, 15, 0, 0, 0, 0, 0, 0, 16, 0, 0, 15, 0, 21, 0, 0, 0, 5, 0, 0, 15, 0, 15, 0, 16, 0, 0, 0, 24, 0, 0, 0, 0, 27, 0, 0, 0, 15, 21, 0, 0, 0, 0, 0, 15, 15, 15, 0, 0, 0, 0, 0, 32, 0, 0, 0, 0, 0, 0, 0, 0, 0, 0, 0, 0, 16, 15, 0, 0, 15, 0, 0, 0, 0, 15, 15, 0, 0, 0, : 16, 24, 15, 16, 25, 7, 15, 16, 15, 21, 5, 15, 15, 16, 24, 27, 15, 21, 15, 15, 15, 32, 16, 15, 15, 15, 15, 


