
40
100
100
5

43: 17, 0, 0, 0, 0, 32, 15, 0, 0, 15, 0, 0, 0, 0, 0, 0, 0, 0, 15, 0, 15, 15, 0, 0, 0, 0, 15, 0, 0, 0, 0, 0, 15, 15, 0, 0, 0, 13, 0, 0, : 17, 32, 15, 15, 15, 15, 15, 15, 15, 15, 13, 
58: 15, 31, 15, 0, 0, 0, 1, 0, 15, 0, 0, 0, 0, 0, 17, 0, 0, 15, 0, 16, 0, 17, 0, 0, 18, 15, 0, 0, 0, 0, 0, 15, 0, 15, 0, 0, 0, 0, 0, 16, : 15, 31, 15, 1, 15, 17, 15, 16, 17, 18, 15, 15, 15, 16, 
95: 15, 0, 0, 20, 0, 0, 0, 0, 20, 0, 0, 0, 0, 15, 0, 0, 0, 15, 0, 17, 15, 0, 0, 0, 0, 0, 0, 0, 0, 0, 15, 15, 15, 0, 0, 15, 0, 0, 15, 15, : 15, 20, 20, 15, 15, 17, 15, 15, 15, 15, 15, 15, 15, 
5: 4, 0, 0, 0, 21, 0, 0, 15, 0, 0, 17, 33, 0, 15, 18, 0, 0, 0, 0, 6, 0, 0, 0, 0, 0, 0, 0, 31, 0, 15, 0, 0, 0, 0, 0, 0, 0, 0, 8, 0, : 4, 21, 15, 17, 33, 15, 18, 6, 31, 15, 8, 
86: 0, 0, 0, 0, 0, 21, 0, 0, 0, 0, 0, 0, 0, 23, 15, 0, 15, 16, 15, 0, 17, 0, 0, 3, 30, 15, 19, 0, 0, 20, 15, 0, 0, 17, 0, 0, 0, 0, 15, 15, : 21, 23, 15, 15, 16, 15, 17, 3, 30, 15, 19, 20, 15, 17, 15, 15, 
44: 15, 0, 0, 0, 0, 0, 0, 9, 0, 0, 0, 0, 15, 0, 0, 14, 0, 0, 0, 0, 15, 0, 15, 0, 0, 15, 18, 0, 0, 0, 0, 0, 0, 0, 15, 0, 0, 0, 0, 0, : 15, 9, 15, 14, 15, 15, 15, 18, 15, 
53: 0, 0, 0, 0, 0, 16, 0, 0, 0, 0, 0, 15, 0, 0, 15, 0, 22, 15, 0, 0, 15, 0, 0, 0, 0, 0, 0, 0, 18, 0, 0, 0, 5, 0, 0, 4, 0, 0, 0, 15, : 16, 15, 15, 22, 15, 15, 18, 5, 4, 15, 
12: 19, 0, 15, 13, 13, 0, 16, 15, 13, 0, 16, 2, 0, 0, 0, 0, 18, 0, 20, 0, 0, 0, 6, 0, 0, 0, 0, 0, 15, 15, 15, 0, 0, 0, 0, 0, 15, 15, 0, 0, : 19, 15, 13, 13, 16, 15, 13, 16, 2, 18, 20, 6, 15, 15, 15, 15, 15, 
93: 0, 10, 0, 0, 19, 0, 0, 0, 0, 15, 0, 15, 0, 15, 0, 0, 0, 0, 0, 15, 0, 15, 0, 0, 0, 15, 0, 0, 6, 0, 0, 0, 0, 4, 23, 18, 24, 0, 15, 0, : 10, 19, 15, 15, 15, 15, 15, 15, 6, 4, 23, 18, 24, 15, 
66: 0, 0, 0, 20, 15, 1, 0, 0, 0, 10, 0, 0, 22, 0, 2, 21, 0, 0, 0, 16, 0, 0, 28, 15, 0, 15, 0, 0, 0, 15, 0, 0, 0, 0, 0, 0, 0, 15, 0, 0, : 20, 15, 1, 10, 22, 2, 21, 16, 28, 15, 15, 15, 15, 
61: 0, 0, 16, 0, 0, 0, 16, 0, 0, 15, 0, 19, 15, 0, 0, 20, 0, 0, 0, 0, 0, 0, 17, 36, 0, 0, 0, 0, 16, 2, 0, 8, 0, 15, 0, 33, 15, 0, 0, 0, : 16, 16, 15, 19, 15, 20, 17, 36, 16, 2, 8, 15, 33, 15, 
77: 0, 20, 0, 0, 0, 0, 0, 15, 16, 15, 0, 0, 0, 17, 18, 0, 0, 16, 0, 15, 0, 0, 0, 0, 0, 0, 0, 15, 0, 15, 0, 15, 0, 0, 0, 15, 0, 0, 0, 9, : 20, 15, 16, 15, 17, 18, 16, 15, 15, 15, 15, 15, 9, 
13: 0, 0, 16, 0, 0, 0, 0, 15, 0, 0, 15, 0, 0, 0, 15, 0, 17, 0, 0, 0, 0, 0, 0, 15, 17, 0, 0, 0, 15, 0, 22, 0, 0, 0, 16, 0, 15, 26, 17, 0, : 16, 15, 15, 15, 17, 15, 17, 15, 22, 16, 15, 26, 17, 
3: 0, 19, 0, 0, 16, 0, 0, 0, 0, 0, 15, 0, 15, 15, 0, 15, 15, 18, 20, 0, 0, 15, 16, 0, 0, 0, 0, 8, 0, 18, 0, 16, 0, 19, 0, 15, 25, 0, 15, 15, : 19, 16, 15, 15, 15, 15, 15, 18, 20, 15, 16, 8, 18, 16, 19, 15, 25, 15, 15, 
69: 0, 0, 6, 17, 0, 0, 17, 0, 21, 15, 6, 0, 15, 0, 0, 15, 0, 0, 0, 15, 0, 0, 0, 0, 15, 0, 0, 0, 0, 0, 0, 0, 0, 15, 0, 0, 0, 16, 0, 0, : 6, 17, 17, 21, 15, 6, 15, 15, 15, 15, 15, 16, 
32: 0, 20, 0, 0, 0, 0, 20, 16, 0, 15, 16, 0, 1, 0, 0, 15, 0, 0, 15, 0, 8, 16, 18, 0, 0, 0, 31, 15, 15, 0, 0, 15, 28, 0, 15, 0, 0, 0, 0, 15, : 20, 20, 16, 15, 16, 1, 15, 15, 8, 16, 18, 31, 15, 15, 15, 28, 15, 15, 
45: 0, 0, 15, 15, 0, 0, 0, 0, 0, 0, 0, 0, 17, 0, 0, 0, 0, 0, 0, 0, 0, 22, 0, 15, 0, 10, 0, 16, 0, 0, 0, 0, 0, 0, 15, 0, 0, 0, 0, 0, : 15, 15, 17, 22, 15, 10, 16, 15, 
21: 15, 0, 0, 0, 0, 15, 0, 0, 15, 0, 0, 0, 0, 0, 0, 0, 0, 0, 0, 0, 0, 0, 0, 0, 5, 0, 0, 0, 0, 0, 17, 0, 16, 0, 0, 0, 0, 0, 15, 0, : 15, 15, 15, 5, 17, 16, 15, 
82: 0, 0, 17, 0, 16, 0, 0, 0, 0, 0, 15, 16, 0, 0, 0, 0, 13, 0, 0, 0, 15, 0, 0, 0, 15, 15, 0, 15, 0, 0, 0, 0, 21, 0, 0, 0, 6, 0, 0, 0, : 17, 16, 15, 16, 13, 15, 15, 15, 15, 21, 6, 
33: 0, 0, 0, 15, 0, 15, 15, 15, 0, 0, 0, 0, 0, 0, 0, 0, 0, 5, 15, 0, 0, 0, 0, 16, 0, 0, 17, 0, 15, 0, 16, 16, 0, 0, 16, 0, 0, 15, 0, 0, : 15, 15, 15, 15, 5, 15, 16, 17, 15, 16, 16, 16, 15, 


10: 17, 21, 0, 0, 5, 0, 7, 0, 0, 0, 0, 0, 15, 15, 0, 0, 0, 0, 16, 0, 0, 15, 0, 0, 0, 0, 0, 0, 0, 29, 15, 0, 0, 16, 0, 0, 0, 0, 0, 0, : 17, 21, 5, 7, 15, 15, 16, 15, 29, 15, 16, 
50: 0, 3, 29, 13, 15, 0, 15, 0, 0, 0, 0, 0, 0, 15, 0, 0, 0, 0, 16, 15, 0, 0, 0, 0, 15, 0, 0, 0, 17, 15, 6, 15, 15, 0, 0, 0, 7, 15, 0, 15, : 3, 29, 13, 15, 15, 15, 16, 15, 15, 17, 15, 6, 15, 15, 7, 15, 15, 
11: 15, 0, 0, 0, 0, 0, 17, 15, 0, 2, 0, 0, 15, 0, 15, 0, 4, 0, 0, 0, 0, 15, 16, 0, 15, 0, 0, 0, 0, 9, 0, 15, 0, 15, 0, 0, 0, 0, 0, 0, : 15, 17, 15, 2, 15, 15, 4, 15, 16, 15, 9, 15, 15, 
30: 0, 15, 15, 0, 15, 15, 0, 0, 0, 15, 0, 15, 0, 15, 0, 0, 0, 0, 0, 19, 15, 0, 0, 0, 0, 0, 15, 0, 15, 17, 0, 0, 16, 0, 0, 15, 0, 15, 0, 15, : 15, 15, 15, 15, 15, 15, 15, 19, 15, 15, 15, 17, 16, 15, 15, 15, 
72: 16, 0, 0, 0, 0, 0, 15, 0, 0, 0, 0, 0, 0, 0, 0, 16, 0, 0, 0, 17, 0, 0, 0, 0, 0, 15, 15, 15, 15, 0, 0, 15, 0, 18, 0, 0, 0, 21, 0, 0, : 16, 15, 16, 17, 15, 15, 15, 15, 15, 18, 21, 
74: 22, 0, 0, 0, 0, 0, 16, 22, 0, 0, 0, 0, 0, 16, 0, 0, 0, 0, 0, 15, 25, 23, 18, 15, 15, 0, 0, 0, 0, 0, 15, 0, 0, 0, 15, 0, 0, 0, 0, 17, : 22, 16, 22, 16, 15, 25, 23, 18, 15, 15, 15, 15, 17, 
88: 0, 16, 0, 17, 20, 0, 0, 0, 0, 0, 0, 15, 0, 0, 0, 0, 15, 0, 0, 0, 18, 18, 15, 0, 15, 0, 0, 0, 7, 0, 15, 15, 0, 0, 0, 30, 15, 0, 0, 0, : 16, 17, 20, 15, 15, 18, 18, 15, 15, 7, 15, 15, 30, 15, 
18: 0, 0, 0, 0, 15, 18, 15, 0, 15, 0, 10, 0, 15, 0, 15, 17, 15, 15, 0, 16, 0, 0, 18, 15, 0, 0, 0, 15, 0, 0, 0, 0, 0, 18, 0, 0, 0, 0, 0, 0, : 15, 18, 15, 15, 10, 15, 15, 17, 15, 15, 16, 18, 15, 15, 18, 
78: 0, 0, 16, 0, 0, 0, 0, 0, 19, 0, 15, 27, 0, 0, 15, 0, 0, 15, 0, 0, 0, 0, 0, 0, 0, 15, 0, 0, 0, 0, 0, 15, 0, 15, 20, 24, 15, 16, 0, 15, : 16, 19, 15, 27, 15, 15, 15, 15, 15, 20, 24, 15, 16, 15, 
14: 0, 0, 0, 15, 0, 1, 0, 0, 15, 0, 0, 0, 0, 0, 7, 22, 15, 0, 0, 3, 0, 14, 0, 15, 0, 23, 15, 0, 16, 15, 0, 10, 0, 0, 0, 0, 0, 0, 0, 0, : 15, 1, 15, 7, 22, 15, 3, 14, 15, 23, 15, 16, 15, 10, 
70: 15, 0, 25, 15, 0, 0, 0, 18, 15, 0, 0, 0, 13, 15, 15, 0, 15, 17, 15, 15, 0, 0, 0, 0, 0, 0, 16, 0, 0, 15, 0, 15, 0, 17, 0, 15, 0, 0, 0, 0, : 15, 25, 15, 18, 15, 13, 15, 15, 15, 17, 15, 15, 16, 15, 15, 17, 15, 
48: 0, 0, 0, 0, 0, 0, 0, 0, 0, 0, 15, 15, 16, 0, 0, 15, 21, 0, 15, 0, 0, 0, 18, 0, 17, 0, 0, 0, 15, 0, 15, 0, 0, 0, 0, 0, 0, 15, 0, 0, : 15, 15, 16, 15, 21, 15, 18, 17, 15, 15, 15, 
4: 0, 0, 0, 0, 0, 0, 0, 15, 0, 15, 15, 0, 26, 0, 0, 0, 0, 16, 0, 0, 12, 15, 0, 0, 15, 15, 0, 24, 0, 0, 0, 0, 15, 1, 0, 0, 26, 0, 15, 0, : 15, 15, 15, 26, 16, 12, 15, 15, 15, 24, 15, 1, 26, 15, 
97: 15, 0, 0, 0, 15, 15, 0, 15, 19, 23, 15, 20, 0, 0, 0, 0, 0, 7, 19, 0, 0, 0, 0, 16, 0, 2, 0, 0, 0, 0, 0, 0, 0, 0, 35, 16, 16, 0, 21, 0, : 15, 15, 15, 15, 19, 23, 15, 20, 7, 19, 16, 2, 35, 16, 16, 21, 
39: 0, 0, 15, 0, 0, 16, 0, 0, 17, 15, 15, 0, 0, 0, 15, 28, 15, 0, 0, 0, 15, 0, 0, 0, 0, 15, 0, 0, 15, 0, 17, 0, 6, 0, 0, 0, 0, 3, 15, 23, : 15, 16, 17, 15, 15, 15, 28, 15, 15, 15, 15, 17, 6, 3, 15, 23, 
19: 0, 0, 0, 0, 0, 0, 0, 15, 0, 0, 0, 0, 0, 0, 0, 0, 0, 0, 0, 0, 0, 0, 0, 15, 8, 15, 0, 15, 0, 0, 0, 0, 18, 0, 15, 0, 0, 0, 17, 15, : 15, 15, 8, 15, 15, 18, 15, 17, 15, 
17: 0, 15, 0, 25, 0, 0, 15, 0, 0, 0, 15, 0, 0, 0, 18, 0, 0, 0, 0, 0, 0, 0, 15, 0, 0, 0, 15, 0, 0, 0, 17, 0, 0, 0, 0, 0, 21, 0, 15, 0, : 15, 25, 15, 15, 18, 15, 15, 17, 21, 15, 
71: 0, 0, 0, 15, 0, 15, 0, 0, 0, 15, 0, 0, 0, 15, 0, 0, 0, 15, 4, 0, 15, 0, 0, 0, 0, 0, 0, 16, 0, 0, 0, 0, 0, 0, 0, 0, 0, 15, 0, 0, : 15, 15, 15, 15, 15, 4, 15, 16, 15, 
65: 0, 30, 0, 0, 15, 20, 0, 0, 0, 0, 0, 0, 0, 0, 0, 0, 0, 0, 0, 0, 0, 0, 0, 17, 0, 0, 15, 0, 0, 0, 0, 0, 15, 0, 15, 0, 0, 0, 17, 0, : 30, 15, 20, 17, 15, 15, 15, 17, 
79: 0, 0, 0, 0, 0, 0, 0, 0, 0, 15, 0, 8, 0, 9, 0, 2, 0, 15, 15, 0, 0, 0, 0, 7, 0, 0, 9, 15, 0, 0, 0, 0, 15, 0, 0, 0, 0, 0, 0, 0, : 15, 8, 9, 2, 15, 15, 7, 9, 15, 15, 


55: 0, 0, 16, 16, 15, 15, 0, 0, 15, 0, 4, 15, 14, 15, 6, 18, 0, 17, 0, 18, 0, 0, 20, 15, 0, 0, 15, 15, 0, 0, 0, 0, 0, 0, 15, 30, 0, 0, 0, 0, : 16, 16, 15, 15, 15, 4, 15, 14, 15, 6, 18, 17, 18, 20, 15, 15, 15, 15, 30, 
34: 15, 15, 0, 0, 0, 0, 16, 0, 0, 0, 0, 15, 16, 10, 0, 0, 0, 0, 15, 17, 15, 0, 0, 0, 9, 15, 0, 0, 0, 0, 0, 0, 15, 15, 0, 0, 0, 0, 15, 0, : 15, 15, 16, 15, 16, 10, 15, 17, 15, 9, 15, 15, 15, 15, 
63: 0, 0, 18, 0, 0, 0, 0, 18, 19, 0, 0, 0, 21, 0, 0, 0, 0, 0, 15, 5, 0, 0, 0, 15, 15, 17, 15, 0, 0, 0, 15, 24, 15, 7, 0, 0, 28, 15, 0, 0, : 18, 18, 19, 21, 15, 5, 15, 15, 17, 15, 15, 24, 15, 7, 28, 15, 
59: 17, 0, 0, 15, 0, 0, 15, 0, 0, 15, 15, 0, 0, 0, 0, 0, 0, 16, 0, 15, 0, 0, 15, 0, 0, 0, 15, 11, 16, 0, 0, 15, 0, 15, 0, 0, 0, 0, 0, 0, : 17, 15, 15, 15, 15, 16, 15, 15, 15, 11, 16, 15, 15, 
47: 0, 0, 0, 0, 15, 0, 0, 0, 0, 0, 0, 15, 0, 15, 0, 15, 9, 16, 23, 0, 0, 18, 0, 0, 0, 0, 0, 0, 15, 15, 0, 15, 0, 0, 28, 0, 0, 0, 16, 0, : 15, 15, 15, 15, 9, 16, 23, 18, 15, 15, 15, 28, 16, 
87: 0, 0, 0, 0, 0, 0, 0, 15, 5, 0, 15, 0, 0, 15, 0, 0, 27, 0, 0, 15, 20, 0, 0, 0, 0, 15, 0, 0, 0, 0, 15, 0, 0, 18, 15, 15, 30, 0, 0, 23, : 15, 5, 15, 15, 27, 15, 20, 15, 15, 18, 15, 15, 30, 23, 
15: 15, 0, 0, 15, 16, 15, 0, 0, 15, 16, 15, 0, 15, 15, 0, 0, 0, 0, 0, 0, 3, 15, 0, 25, 0, 0, 9, 15, 0, 0, 0, 0, 0, 0, 0, 0, 0, 0, 0, 0, : 15, 15, 16, 15, 15, 16, 15, 15, 15, 3, 15, 25, 9, 15, 
94: 0, 26, 0, 0, 15, 15, 0, 0, 15, 0, 0, 0, 0, 0, 0, 0, 0, 0, 0, 0, 0, 18, 0, 15, 0, 0, 15, 15, 0, 15, 0, 0, 0, 15, 0, 2, 0, 0, 22, 0, : 26, 15, 15, 15, 18, 15, 15, 15, 15, 15, 2, 22, 
56: 0, 18, 0, 15, 0, 0, 15, 0, 0, 0, 0, 9, 0, 0, 0, 0, 15, 0, 0, 15, 0, 15, 0, 15, 15, 0, 0, 0, 15, 0, 0, 15, 0, 0, 0, 0, 0, 0, 0, 15, : 18, 15, 15, 9, 15, 15, 15, 15, 15, 15, 15, 15, 
22: 0, 0, 0, 0, 6, 0, 0, 0, 16, 0, 0, 0, 0, 0, 16, 23, 0, 0, 0, 0, 0, 0, 16, 0, 0, 1, 0, 0, 24, 0, 0, 0, 15, 0, 0, 0, 10, 0, 0, 0, : 6, 16, 16, 23, 16, 1, 24, 15, 10, 
27: 15, 15, 0, 0, 0, 0, 0, 0, 0, 18, 0, 15, 0, 15, 0, 0, 15, 15, 0, 0, 0, 0, 0, 0, 0, 0, 0, 0, 0, 0, 0, 0, 0, 0, 16, 0, 17, 0, 0, 15, : 15, 15, 18, 15, 15, 15, 15, 16, 17, 15, 
75: 6, 5, 0, 0, 0, 0, 0, 0, 0, 17, 0, 15, 15, 0, 17, 0, 0, 0, 0, 0, 0, 0, 0, 0, 0, 0, 15, 26, 0, 0, 11, 0, 15, 0, 0, 15, 0, 16, 17, 0, : 6, 5, 17, 15, 15, 17, 15, 26, 11, 15, 15, 16, 17, 
31: 0, 0, 0, 0, 17, 16, 0, 10, 0, 0, 0, 0, 0, 0, 0, 0, 15, 0, 0, 0, 0, 19, 0, 0, 15, 22, 0, 0, 0, 0, 0, 15, 0, 0, 0, 22, 0, 15, 15, 20, : 17, 16, 10, 15, 19, 15, 22, 15, 22, 15, 15, 20, 
84: 0, 21, 18, 21, 0, 0, 15, 0, 0, 15, 18, 0, 0, 0, 0, 0, 0, 0, 0, 0, 17, 0, 0, 15, 23, 15, 16, 0, 0, 0, 0, 0, 0, 0, 0, 0, 0, 15, 0, 0, : 21, 18, 21, 15, 15, 18, 17, 15, 23, 15, 16, 15, 
76: 0, 0, 0, 0, 0, 15, 0, 23, 15, 0, 0, 0, 0, 0, 16, 0, 0, 20, 0, 0, 0, 0, 15, 0, 0, 0, 0, 0, 13, 0, 24, 1, 0, 15, 11, 0, 0, 21, 15, 27, : 15, 23, 15, 16, 20, 15, 13, 24, 1, 15, 11, 21, 15, 27, 
38: 17, 0, 15, 0, 0, 8, 0, 34, 0, 0, 17, 16, 19, 0, 0, 12, 0, 0, 15, 0, 0, 0, 3, 0, 0, 0, 0, 0, 17, 26, 0, 0, 1, 15, 0, 0, 0, 0, 0, 0, : 17, 15, 8, 34, 17, 16, 19, 12, 15, 3, 17, 26, 1, 15, 
62: 0, 0, 30, 18, 0, 0, 15, 0, 0, 0, 0, 0, 0, 15, 15, 0, 19, 0, 0, 15, 15, 0, 15, 0, 23, 0, 0, 0, 0, 29, 0, 0, 0, 0, 0, 16, 15, 0, 0, 0, : 30, 18, 15, 15, 15, 19, 15, 15, 15, 23, 29, 16, 15, 
37: 15, 0, 3, 0, 0, 0, 0, 0, 0, 4, 0, 0, 0, 0, 0, 17, 0, 16, 15, 0, 15, 0, 0, 0, 0, 15, 0, 18, 0, 0, 15, 0, 16, 0, 0, 0, 0, 0, 0, 0, : 15, 3, 4, 17, 16, 15, 15, 15, 18, 15, 16, 
67: 0, 0, 0, 0, 0, 0, 9, 0, 0, 15, 0, 0, 0, 0, 15, 15, 0, 0, 1, 0, 0, 0, 16, 0, 0, 0, 0, 0, 0, 0, 20, 15, 23, 0, 15, 0, 0, 18, 0, 0, : 9, 15, 15, 15, 1, 16, 20, 15, 23, 15, 18, 
20: 0, 0, 0, 0, 16, 16, 15, 0, 0, 0, 16, 0, 0, 0, 15, 0, 0, 0, 16, 0, 15, 15, 0, 0, 0, 0, 0, 0, 0, 15, 0, 0, 0, 0, 0, 0, 0, 0, 0, 0, : 16, 16, 15, 16, 15, 16, 15, 15, 15, 


40: 0, 0, 0, 12, 16, 0, 13, 0, 0, 0, 15, 0, 0, 0, 23, 0, 0, 0, 0, 0, 0, 0, 15, 7, 0, 0, 0, 0, 0, 15, 0, 0, 23, 0, 0, 0, 0, 0, 0, 15, : 12, 16, 13, 15, 23, 15, 7, 15, 23, 15, 
52: 0, 0, 0, 0, 0, 0, 0, 0, 0, 15, 0, 0, 15, 8, 0, 0, 15, 0, 19, 15, 0, 0, 0, 0, 0, 0, 15, 0, 9, 0, 15, 26, 8, 0, 2, 15, 0, 0, 15, 0, : 15, 15, 8, 15, 19, 15, 15, 9, 15, 26, 8, 2, 15, 15, 
23: 15, 0, 15, 0, 0, 16, 0, 0, 15, 16, 0, 16, 15, 15, 0, 0, 0, 15, 0, 0, 5, 19, 0, 0, 0, 15, 15, 0, 0, 0, 0, 0, 0, 0, 0, 0, 0, 0, 0, 17, : 15, 15, 16, 15, 16, 16, 15, 15, 15, 5, 19, 15, 15, 17, 
90: 0, 15, 0, 0, 15, 0, 15, 0, 0, 15, 0, 0, 0, 17, 0, 16, 15, 0, 0, 0, 19, 0, 0, 0, 0, 15, 0, 0, 0, 15, 9, 0, 15, 0, 0, 0, 21, 0, 0, 0, : 15, 15, 15, 15, 17, 16, 15, 19, 15, 15, 9, 15, 21, 
24: 15, 0, 0, 0, 0, 0, 0, 0, 0, 0, 0, 5, 0, 0, 0, 16, 15, 15, 0, 0, 0, 15, 0, 17, 10, 16, 15, 0, 0, 0, 15, 0, 0, 0, 0, 0, 0, 7, 0, 0, : 15, 5, 16, 15, 15, 15, 17, 10, 16, 15, 15, 7, 
54: 0, 0, 17, 0, 0, 25, 0, 0, 21, 0, 0, 0, 0, 15, 16, 0, 0, 0, 0, 16, 0, 0, 0, 0, 15, 0, 0, 0, 0, 0, 0, 15, 18, 0, 20, 12, 0, 15, 3, 0, : 17, 25, 21, 15, 16, 16, 15, 15, 18, 20, 12, 15, 3, 
100: 15, 15, 31, 0, 0, 0, 0, 0, 0, 15, 0, 0, 0, 0, 20, 0, 10, 0, 15, 0, 15, 0, 17, 15, 0, 0, 0, 0, 0, 15, 0, 16, 0, 0, 15, 0, 15, 15, 0, 15, : 15, 15, 31, 15, 20, 10, 15, 15, 17, 15, 15, 16, 15, 15, 15, 15, 
81: 0, 0, 17, 15, 0, 0, 0, 0, 1, 16, 9, 0, 0, 0, 0, 15, 0, 20, 0, 15, 26, 0, 0, 0, 20, 0, 15, 0, 0, 0, 25, 0, 0, 17, 0, 0, 0, 0, 0, 0, : 17, 15, 1, 16, 9, 15, 20, 15, 26, 20, 15, 25, 17, 
83: 0, 15, 0, 0, 0, 0, 29, 15, 0, 0, 0, 0, 15, 15, 0, 23, 0, 0, 0, 0, 17, 0, 15, 16, 0, 0, 0, 31, 0, 0, 0, 0, 0, 0, 18, 0, 0, 0, 0, 0, : 15, 29, 15, 15, 15, 23, 17, 15, 16, 31, 18, 
25: 0, 0, 0, 0, 0, 0, 0, 15, 0, 8, 15, 0, 0, 0, 0, 0, 15, 20, 0, 16, 0, 21, 0, 15, 0, 0, 0, 17, 15, 0, 0, 0, 0, 15, 0, 0, 15, 0, 17, 0, : 15, 8, 15, 15, 20, 16, 21, 15, 17, 15, 15, 15, 17, 
98: 15, 0, 0, 0, 0, 8, 0, 0, 0, 15, 15, 0, 0, 15, 15, 0, 0, 0, 18, 16, 0, 0, 15, 0, 0, 0, 0, 0, 15, 10, 15, 0, 0, 0, 15, 0, 0, 15, 0, 0, : 15, 8, 15, 15, 15, 15, 18, 16, 15, 15, 10, 15, 15, 15, 
51: 0, 17, 0, 16, 15, 0, 0, 0, 0, 0, 0, 0, 0, 0, 0, 0, 15, 0, 0, 0, 0, 0, 0, 15, 0, 15, 10, 19, 15, 15, 0, 15, 0, 0, 0, 15, 15, 0, 19, 0, : 17, 16, 15, 15, 15, 15, 10, 19, 15, 15, 15, 15, 15, 19, 
68: 0, 0, 15, 0, 16, 0, 0, 20, 0, 0, 0, 0, 0, 0, 0, 0, 0, 0, 15, 0, 18, 0, 0, 0, 0, 0, 0, 0, 0, 0, 0, 0, 19, 0, 15, 15, 0, 0, 0, 0, : 15, 16, 20, 15, 18, 19, 15, 15, 
46: 0, 0, 0, 16, 0, 19, 0, 0, 16, 0, 0, 15, 15, 15, 0, 0, 0, 15, 0, 0, 0, 0, 0, 0, 0, 6, 15, 15, 15, 0, 0, 0, 0, 16, 0, 0, 15, 32, 0, 0, : 16, 19, 16, 15, 15, 15, 15, 6, 15, 15, 15, 16, 15, 32, 
28: 0, 0, 0, 0, 21, 0, 0, 15, 0, 0, 0, 16, 0, 0, 0, 0, 0, 0, 12, 15, 0, 0, 0, 0, 0, 15, 0, 0, 0, 0, 0, 0, 0, 0, 0, 0, 0, 0, 0, 0, : 21, 15, 16, 12, 15, 15, 
1: 22, 0, 0, 0, 15, 0, 0, 17, 0, 0, 15, 18, 0, 0, 0, 0, 15, 15, 0, 0, 0, 4, 0, 0, 17, 0, 0, 0, 0, 0, 0, 15, 0, 8, 0, 0, 0, 0, 0, 0, : 22, 15, 17, 15, 18, 15, 15, 4, 17, 15, 8, 
41: 0, 0, 0, 0, 0, 17, 15, 0, 0, 0, 0, 0, 0, 0, 11, 0, 0, 0, 21, 0, 0, 0, 3, 0, 16, 0, 0, 0, 0, 15, 0, 0, 0, 18, 0, 0, 4, 0, 0, 0, : 17, 15, 11, 21, 3, 16, 15, 18, 4, 
2: 0, 6, 5, 15, 2, 15, 28, 3, 0, 0, 0, 15, 15, 0, 0, 15, 0, 0, 0, 7, 0, 0, 20, 0, 22, 18, 15, 18, 16, 0, 21, 0, 17, 0, 15, 0, 0, 0, 15, 0, : 6, 5, 15, 2, 15, 28, 3, 15, 15, 15, 7, 20, 22, 18, 15, 18, 16, 21, 17, 15, 15, 
7: 0, 32, 0, 0, 0, 0, 0, 15, 32, 0, 0, 0, 8, 0, 0, 15, 0, 0, 0, 0, 0, 18, 15, 15, 0, 0, 0, 0, 0, 15, 0, 13, 0, 26, 0, 18, 15, 16, 15, 20, : 32, 15, 32, 8, 15, 18, 15, 15, 15, 13, 26, 18, 15, 16, 15, 20, 
60: 18, 0, 0, 26, 0, 0, 0, 0, 15, 0, 31, 15, 17, 0, 15, 0, 0, 0, 0, 0, 0, 23, 0, 0, 0, 0, 0, 0, 15, 0, 0, 0, 0, 0, 0, 25, 0, 0, 16, 33, : 18, 26, 15, 31, 15, 17, 15, 23, 15, 25, 16, 33, 


36: 15, 0, 15, 30, 0, 15, 0, 0, 15, 15, 15, 0, 0, 0, 0, 0, 0, 0, 0, 0, 15, 0, 0, 16, 0, 9, 0, 15, 15, 0, 17, 0, 0, 0, 0, 0, 0, 0, 15, 0, : 15, 15, 30, 15, 15, 15, 15, 15, 16, 9, 15, 15, 17, 15, 
42: 0, 15, 16, 0, 0, 0, 4, 0, 0, 15, 7, 0, 9, 0, 0, 0, 0, 0, 15, 15, 0, 0, 0, 15, 0, 15, 0, 0, 0, 0, 0, 15, 0, 0, 0, 0, 0, 0, 0, 17, : 15, 16, 4, 15, 7, 9, 15, 15, 15, 15, 15, 17, 
96: 0, 0, 0, 0, 0, 0, 0, 15, 24, 0, 18, 0, 0, 0, 0, 0, 0, 15, 0, 0, 0, 15, 0, 2, 15, 0, 15, 16, 15, 0, 0, 16, 0, 0, 0, 0, 0, 0, 15, 0, : 15, 24, 18, 15, 15, 2, 15, 15, 16, 15, 16, 15, 
8: 0, 20, 0, 0, 0, 10, 0, 0, 0, 22, 0, 9, 15, 0, 0, 15, 0, 25, 17, 0, 0, 0, 15, 0, 15, 0, 0, 0, 0, 0, 0, 0, 0, 15, 0, 0, 0, 0, 0, 0, : 20, 10, 22, 9, 15, 15, 25, 17, 15, 15, 15, 
80: 0, 16, 0, 15, 15, 0, 0, 0, 15, 0, 15, 0, 0, 17, 0, 15, 15, 0, 0, 0, 0, 0, 0, 16, 15, 0, 15, 0, 0, 0, 0, 15, 15, 0, 0, 0, 16, 21, 0, 0, : 16, 15, 15, 15, 15, 17, 15, 15, 16, 15, 15, 15, 15, 16, 21, 
57: 0, 0, 0, 0, 0, 0, 16, 0, 0, 0, 15, 0, 15, 0, 0, 15, 0, 0, 0, 0, 0, 0, 0, 0, 15, 0, 1, 18, 0, 0, 15, 0, 0, 9, 0, 0, 0, 15, 0, 15, : 16, 15, 15, 15, 15, 1, 18, 15, 9, 15, 15, 
92: 0, 0, 0, 15, 15, 0, 0, 15, 0, 16, 0, 0, 0, 13, 0, 0, 0, 0, 0, 0, 3, 0, 0, 0, 0, 15, 0, 15, 6, 0, 15, 0, 16, 0, 9, 0, 15, 0, 0, 17, : 15, 15, 15, 16, 13, 3, 15, 15, 6, 15, 16, 9, 15, 17, 
26: 0, 0, 0, 0, 0, 0, 20, 15, 1, 24, 0, 0, 0, 15, 0, 0, 0, 15, 0, 0, 0, 0, 0, 0, 0, 0, 0, 0, 15, 0, 0, 15, 0, 15, 0, 0, 0, 0, 15, 0, : 20, 15, 1, 24, 15, 15, 15, 15, 15, 15, 
64: 15, 0, 0, 15, 0, 0, 0, 15, 15, 0, 0, 0, 0, 15, 0, 0, 17, 0, 0, 16, 0, 15, 0, 0, 0, 0, 0, 0, 0, 2, 0, 0, 0, 15, 15, 0, 0, 15, 23, 15, : 15, 15, 15, 15, 15, 17, 16, 15, 2, 15, 15, 15, 23, 15, 
89: 18, 0, 15, 0, 15, 0, 0, 0, 0, 0, 15, 0, 15, 0, 19, 18, 0, 11, 0, 0, 0, 0, 0, 0, 10, 0, 17, 0, 15, 0, 0, 0, 20, 0, 0, 15, 0, 15, 2, 6, : 18, 15, 15, 15, 15, 19, 18, 11, 10, 17, 15, 20, 15, 15, 2, 6, 
35: 2, 0, 15, 0, 0, 15, 0, 0, 15, 0, 0, 0, 0, 0, 15, 0, 0, 19, 7, 15, 27, 16, 15, 16, 0, 0, 0, 0, 0, 20, 0, 0, 4, 0, 0, 0, 17, 0, 0, 0, : 2, 15, 15, 15, 15, 19, 7, 15, 27, 16, 15, 16, 20, 4, 17, 
6: 0, 0, 0, 0, 0, 0, 15, 20, 0, 0, 0, 15, 15, 0, 15, 0, 15, 0, 0, 15, 16, 0, 0, 0, 0, 15, 0, 0, 0, 15, 22, 15, 15, 0, 0, 0, 15, 0, 0, 15, : 15, 20, 15, 15, 15, 15, 15, 16, 15, 15, 22, 15, 15, 15, 15, 
73: 15, 19, 0, 0, 4, 0, 0, 0, 0, 0, 0, 0, 0, 0, 0, 0, 0, 0, 0, 0, 0, 15, 0, 0, 0, 15, 21, 15, 19, 18, 15, 0, 0, 16, 15, 0, 0, 15, 0, 0, : 15, 19, 4, 15, 15, 21, 15, 19, 18, 15, 16, 15, 15, 
99: 15, 0, 0, 10, 15, 15, 0, 0, 0, 0, 0, 0, 0, 0, 0, 0, 0, 0, 0, 0, 0, 0, 15, 0, 0, 0, 0, 0, 15, 0, 0, 17, 15, 15, 15, 9, 0, 0, 0, 0, : 15, 10, 15, 15, 15, 15, 17, 15, 15, 15, 9, 
85: 0, 15, 0, 0, 0, 15, 15, 0, 15, 8, 0, 15, 0, 0, 0, 0, 15, 0, 29, 15, 0, 24, 0, 0, 0, 0, 0, 0, 0, 15, 0, 0, 0, 0, 15, 0, 0, 0, 15, 0, : 15, 15, 15, 15, 8, 15, 15, 29, 15, 24, 15, 15, 15, 
16: 0, 0, 0, 0, 0, 0, 0, 0, 0, 0, 15, 16, 0, 0, 4, 0, 0, 15, 0, 0, 0, 0, 0, 0, 0, 0, 0, 0, 0, 0, 0, 0, 15, 0, 16, 18, 17, 0, 15, 0, : 15, 16, 4, 15, 15, 16, 18, 17, 15, 
9: 0, 15, 0, 0, 21, 15, 0, 0, 0, 0, 0, 15, 15, 0, 0, 0, 0, 0, 17, 0, 0, 0, 19, 15, 0, 16, 16, 0, 0, 0, 0, 0, 0, 0, 0, 15, 15, 0, 0, 0, : 15, 21, 15, 15, 15, 17, 19, 15, 16, 16, 15, 15, 
29: 0, 0, 6, 0, 0, 15, 15, 0, 0, 0, 0, 15, 0, 19, 15, 0, 27, 0, 15, 9, 0, 0, 0, 0, 0, 0, 15, 0, 0, 15, 0, 0, 0, 0, 0, 15, 0, 0, 0, 0, : 6, 15, 15, 15, 19, 15, 27, 15, 9, 15, 15, 15, 
49: 20, 0, 15, 15, 0, 0, 0, 5, 0, 0, 0, 0, 0, 0, 15, 30, 0, 0, 0, 0, 15, 15, 21, 0, 15, 15, 0, 21, 0, 0, 16, 0, 0, 0, 15, 0, 0, 15, 0, 0, : 20, 15, 15, 5, 15, 30, 15, 15, 21, 15, 15, 21, 16, 15, 15, 
91: 0, 0, 18, 0, 15, 0, 15, 15, 0, 0, 0, 15, 16, 21, 17, 7, 11, 0, 0, 15, 24, 0, 15, 20, 15, 0, 0, 0, 0, 15, 0, 7, 0, 15, 0, 28, 5, 4, 0, 15, : 18, 15, 15, 15, 15, 16, 21, 17, 7, 11, 15, 24, 15, 20, 15, 15, 7, 15, 28, 5, 4, 15, 


