
20
20
100
1

7: 23, 0, 16, 0, 0, 0, 0, 0, 19, 0, 15, 20, 18, 0, 0, 15, 0, 0, 1, 0, : 23, 16, 19, 15, 20, 18, 15, 1, 
11: 0, 0, 15, 0, 0, 0, 15, 0, 0, 0, 0, 14, 0, 0, 0, 9, 0, 0, 0, 0, : 15, 15, 14, 9, 
13: 0, 15, 0, 7, 0, 15, 0, 0, 0, 15, 0, 0, 0, 16, 0, 0, 0, 0, 0, 0, : 15, 7, 15, 15, 16, 
3: 0, 0, 15, 0, 15, 0, 15, 0, 0, 0, 0, 0, 0, 0, 15, 0, 0, 0, 19, 0, : 15, 15, 15, 15, 19, 
14: 0, 38, 0, 0, 0, 0, 15, 0, 0, 0, 0, 0, 0, 0, 15, 0, 15, 23, 0, 0, : 38, 15, 15, 15, 23, 
16: 0, 0, 0, 0, 0, 0, 0, 15, 0, 0, 15, 0, 0, 0, 0, 15, 0, 0, 0, 30, : 15, 15, 15, 30, 
6: 0, 0, 19, 0, 0, 15, 0, 15, 15, 0, 15, 0, 0, 15, 0, 0, 24, 17, 0, 0, : 19, 15, 15, 15, 15, 15, 24, 17, 
5: 0, 15, 0, 0, 0, 0, 0, 0, 22, 0, 0, 0, 0, 0, 0, 15, 0, 0, 0, 0, : 15, 22, 15, 
9: 0, 15, 20, 0, 0, 0, 0, 0, 0, 0, 7, 19, 0, 0, 0, 0, 0, 15, 15, 0, : 15, 20, 7, 19, 15, 15, 
10: 16, 0, 0, 17, 15, 15, 0, 10, 0, 24, 0, 0, 0, 15, 0, 0, 0, 0, 0, 15, : 16, 17, 15, 15, 10, 24, 15, 15, 
18: 0, 0, 0, 0, 15, 0, 4, 0, 13, 17, 0, 0, 15, 0, 7, 15, 15, 0, 0, 0, : 15, 4, 13, 17, 15, 7, 15, 15, 
19: 0, 0, 0, 0, 15, 0, 0, 0, 15, 15, 0, 0, 0, 0, 0, 0, 15, 15, 0, 15, : 15, 15, 15, 15, 15, 15, 
8: 0, 16, 0, 15, 25, 0, 15, 0, 16, 0, 0, 0, 0, 16, 0, 0, 0, 15, 15, 0, : 16, 15, 25, 15, 16, 16, 15, 15, 
1: 0, 0, 0, 15, 0, 0, 0, 0, 0, 0, 0, 15, 15, 16, 0, 0, 0, 0, 0, 0, : 15, 15, 15, 16, 
17: 0, 0, 0, 15, 0, 0, 0, 0, 0, 0, 18, 0, 15, 0, 0, 0, 0, 0, 0, 0, : 15, 18, 15, 
15: 0, 1, 15, 16, 0, 0, 0, 15, 0, 0, 15, 17, 16, 0, 0, 0, 0, 15, 15, 15, : 1, 15, 16, 15, 15, 17, 16, 15, 15, 15, 
12: 21, 0, 0, 0, 15, 0, 16, 0, 0, 0, 0, 0, 0, 0, 33, 0, 27, 0, 20, 0, : 21, 15, 16, 33, 27, 20, 
4: 0, 0, 0, 0, 0, 19, 20, 28, 0, 0, 15, 0, 0, 0, 15, 15, 0, 0, 0, 0, : 19, 20, 28, 15, 15, 15, 
2: 5, 0, 0, 15, 0, 15, 0, 0, 0, 15, 0, 15, 15, 22, 0, 0, 0, 0, 0, 10, : 5, 15, 15, 15, 15, 15, 22, 10, 
20: 35, 0, 0, 0, 0, 21, 0, 17, 0, 14, 0, 0, 6, 0, 15, 16, 4, 0, 15, 15, : 35, 21, 17, 14, 6, 15, 16, 4, 15, 15, 


