
40
400
100
20

290: 9, 0, 0, 0, 0, 0, 15, 24, 0, 0, 0, 15, 19, 15, 0, 0, 0, 0, 15, 0, 0, 0, 15, 15, 15, 15, 0, 15, 0, 0, 23, 15, 15, 15, 0, 0, 0, 0, 0, 0, : 9, 15, 24, 15, 19, 15, 15, 15, 15, 15, 15, 15, 23, 15, 15, 15, 
259: 15, 15, 0, 0, 0, 0, 0, 0, 31, 0, 9, 15, 0, 0, 0, 0, 7, 15, 0, 15, 16, 0, 0, 0, 0, 0, 0, 0, 15, 0, 0, 0, 0, 0, 15, 0, 15, 0, 0, 0, : 15, 15, 31, 9, 15, 7, 15, 15, 16, 15, 15, 15, 
78: 0, 0, 0, 0, 15, 0, 15, 16, 0, 0, 0, 0, 0, 0, 15, 0, 0, 16, 0, 0, 15, 0, 0, 16, 8, 15, 0, 24, 0, 0, 0, 15, 17, 15, 0, 0, 0, 0, 0, 0, : 15, 15, 16, 15, 16, 15, 16, 8, 15, 24, 15, 17, 15, 
60: 0, 15, 15, 0, 0, 0, 0, 0, 0, 15, 0, 0, 0, 0, 0, 0, 29, 0, 0, 5, 0, 0, 0, 15, 17, 0, 0, 15, 15, 0, 5, 0, 0, 0, 15, 16, 0, 0, 15, 0, : 15, 15, 15, 29, 5, 15, 17, 15, 15, 5, 15, 16, 15, 
242: 0, 0, 9, 0, 15, 0, 7, 13, 15, 0, 15, 0, 15, 19, 0, 23, 0, 17, 0, 0, 15, 0, 15, 0, 0, 0, 15, 0, 0, 0, 0, 0, 0, 0, 0, 15, 0, 20, 0, 21, : 9, 15, 7, 13, 15, 15, 15, 19, 23, 17, 15, 15, 15, 15, 20, 21, 
191: 0, 0, 15, 16, 0, 0, 24, 0, 0, 15, 0, 0, 20, 0, 0, 13, 0, 0, 15, 0, 0, 0, 0, 15, 0, 0, 0, 0, 0, 0, 0, 0, 0, 0, 0, 0, 0, 0, 15, 0, : 15, 16, 24, 15, 20, 13, 15, 15, 15, 
114: 16, 0, 15, 0, 0, 26, 0, 0, 0, 15, 0, 0, 0, 17, 28, 0, 15, 0, 0, 15, 15, 0, 0, 0, 0, 0, 0, 0, 0, 0, 0, 0, 16, 19, 0, 15, 5, 15, 0, 0, : 16, 15, 26, 15, 17, 28, 15, 15, 15, 16, 19, 15, 5, 15, 
66: 0, 24, 0, 0, 0, 0, 15, 0, 0, 16, 15, 0, 0, 0, 0, 15, 0, 3, 0, 0, 0, 15, 14, 0, 0, 0, 0, 0, 15, 0, 0, 0, 0, 0, 15, 0, 0, 0, 17, 0, : 24, 15, 16, 15, 15, 3, 15, 14, 15, 15, 17, 
64: 15, 0, 0, 25, 0, 15, 0, 0, 15, 0, 0, 0, 15, 0, 24, 19, 0, 0, 0, 15, 0, 20, 0, 0, 15, 0, 4, 15, 0, 0, 24, 0, 0, 0, 0, 0, 15, 0, 0, 19, : 15, 25, 15, 15, 15, 24, 19, 15, 20, 15, 4, 15, 24, 15, 19, 
258: 15, 0, 15, 0, 15, 0, 0, 17, 0, 0, 0, 0, 0, 31, 0, 0, 0, 0, 0, 0, 0, 3, 0, 0, 0, 0, 22, 0, 15, 0, 0, 15, 0, 0, 0, 0, 19, 0, 0, 0, : 15, 15, 15, 17, 31, 3, 22, 15, 15, 19, 
314: 0, 0, 0, 0, 0, 15, 0, 0, 0, 0, 0, 0, 0, 0, 0, 15, 0, 0, 15, 15, 6, 0, 15, 0, 0, 15, 0, 0, 10, 7, 0, 0, 15, 0, 0, 0, 15, 0, 7, 15, : 15, 15, 15, 15, 6, 15, 15, 10, 7, 15, 15, 7, 15, 
163: 0, 13, 0, 0, 0, 21, 24, 0, 0, 0, 0, 0, 0, 15, 0, 0, 0, 0, 0, 17, 17, 0, 0, 3, 0, 15, 0, 0, 15, 15, 15, 0, 0, 6, 0, 9, 0, 0, 15, 15, : 13, 21, 24, 15, 17, 17, 3, 15, 15, 15, 15, 6, 9, 15, 15, 
227: 0, 0, 0, 15, 16, 0, 0, 0, 0, 0, 0, 15, 16, 0, 0, 0, 0, 0, 15, 0, 0, 0, 0, 19, 15, 0, 0, 0, 0, 33, 0, 0, 0, 15, 15, 0, 16, 0, 0, 0, : 15, 16, 15, 16, 15, 19, 15, 33, 15, 15, 16, 
44: 0, 0, 0, 13, 0, 15, 0, 15, 15, 0, 15, 0, 0, 3, 0, 0, 19, 0, 15, 0, 0, 15, 0, 0, 0, 23, 0, 0, 0, 15, 0, 0, 0, 15, 0, 15, 15, 0, 0, 0, : 13, 15, 15, 15, 15, 3, 19, 15, 15, 23, 15, 15, 15, 15, 
86: 0, 0, 15, 0, 15, 0, 0, 15, 0, 36, 16, 17, 0, 0, 16, 15, 0, 22, 0, 0, 0, 0, 0, 0, 15, 0, 16, 11, 0, 0, 0, 4, 0, 0, 0, 0, 0, 17, 0, 0, : 15, 15, 15, 36, 16, 17, 16, 15, 22, 15, 16, 11, 4, 17, 
274: 0, 0, 0, 0, 0, 0, 0, 0, 9, 0, 0, 0, 0, 0, 0, 0, 15, 0, 0, 0, 0, 0, 0, 17, 15, 0, 16, 0, 0, 0, 18, 0, 15, 0, 9, 0, 0, 18, 0, 15, : 9, 15, 17, 15, 16, 18, 15, 9, 18, 15, 
10: 0, 0, 0, 0, 0, 8, 0, 0, 15, 0, 0, 16, 15, 0, 0, 0, 0, 0, 0, 0, 16, 15, 20, 0, 0, 0, 27, 0, 15, 15, 0, 0, 4, 0, 0, 0, 0, 16, 15, 0, : 8, 15, 16, 15, 16, 15, 20, 27, 15, 15, 4, 16, 15, 
335: 0, 15, 0, 16, 0, 0, 0, 0, 0, 0, 15, 22, 0, 0, 0, 0, 0, 27, 0, 18, 0, 15, 0, 0, 0, 0, 0, 0, 0, 15, 0, 15, 18, 0, 15, 15, 0, 14, 16, 0, : 15, 16, 15, 22, 27, 18, 15, 15, 15, 18, 15, 15, 14, 16, 
199: 15, 18, 0, 15, 17, 0, 0, 0, 0, 0, 15, 0, 0, 0, 17, 0, 0, 0, 25, 0, 0, 0, 0, 0, 0, 0, 0, 20, 0, 0, 15, 21, 0, 15, 0, 0, 0, 0, 0, 15, : 15, 18, 15, 17, 15, 17, 25, 20, 15, 21, 15, 15, 
338: 15, 0, 16, 0, 7, 0, 0, 0, 0, 3, 0, 0, 0, 0, 0, 0, 15, 0, 0, 0, 0, 17, 21, 0, 0, 17, 0, 0, 0, 0, 0, 15, 0, 0, 16, 15, 0, 0, 0, 0, : 15, 16, 7, 3, 15, 17, 21, 17, 15, 16, 15, 


140: 0, 0, 0, 15, 0, 0, 0, 0, 0, 0, 15, 0, 0, 0, 0, 0, 15, 0, 0, 0, 0, 14, 0, 0, 0, 0, 23, 0, 0, 0, 16, 0, 0, 0, 0, 0, 15, 15, 0, 0, : 15, 15, 15, 14, 23, 16, 15, 15, 
17: 0, 26, 0, 0, 0, 16, 16, 0, 0, 0, 0, 0, 15, 0, 0, 15, 18, 0, 0, 0, 24, 15, 18, 15, 19, 28, 0, 0, 25, 7, 15, 0, 15, 26, 15, 24, 0, 0, 0, 0, : 26, 16, 16, 15, 15, 18, 24, 15, 18, 15, 19, 28, 25, 7, 15, 15, 26, 15, 24, 
280: 0, 0, 0, 8, 0, 0, 0, 0, 0, 0, 15, 23, 0, 0, 0, 15, 16, 15, 0, 0, 0, 0, 15, 17, 0, 0, 0, 0, 0, 0, 0, 16, 0, 15, 0, 0, 0, 0, 15, 0, : 8, 15, 23, 15, 16, 15, 15, 17, 16, 15, 15, 
275: 8, 0, 3, 0, 0, 0, 0, 0, 34, 15, 0, 0, 0, 0, 15, 0, 0, 0, 26, 16, 0, 15, 14, 0, 0, 16, 0, 15, 0, 0, 1, 0, 15, 0, 0, 15, 0, 17, 15, 0, : 8, 3, 34, 15, 15, 26, 16, 15, 14, 16, 15, 1, 15, 15, 17, 15, 
135: 0, 16, 0, 15, 15, 20, 15, 0, 0, 0, 17, 15, 0, 0, 17, 16, 0, 0, 29, 15, 0, 0, 0, 15, 0, 0, 0, 0, 0, 0, 0, 0, 0, 0, 15, 0, 0, 0, 0, 15, : 16, 15, 15, 20, 15, 17, 15, 17, 16, 29, 15, 15, 15, 15, 
102: 0, 0, 16, 0, 9, 0, 0, 16, 0, 0, 0, 0, 0, 15, 0, 0, 0, 10, 15, 17, 16, 16, 0, 16, 0, 15, 0, 0, 15, 16, 0, 0, 24, 15, 0, 0, 0, 15, 0, 6, : 16, 9, 16, 15, 10, 15, 17, 16, 16, 16, 15, 15, 16, 24, 15, 15, 6, 
234: 15, 0, 15, 15, 0, 0, 0, 15, 0, 0, 0, 0, 15, 0, 0, 16, 0, 0, 0, 0, 15, 0, 0, 0, 0, 0, 0, 0, 19, 15, 0, 0, 0, 0, 0, 16, 0, 0, 0, 0, : 15, 15, 15, 15, 15, 16, 15, 19, 15, 16, 
253: 15, 8, 0, 0, 0, 0, 0, 0, 15, 0, 0, 16, 15, 0, 0, 0, 17, 0, 0, 0, 0, 0, 0, 0, 0, 11, 0, 0, 0, 15, 23, 0, 0, 0, 0, 0, 23, 16, 16, 0, : 15, 8, 15, 16, 15, 17, 11, 15, 23, 23, 16, 16, 
315: 0, 15, 0, 0, 0, 0, 0, 0, 15, 16, 15, 0, 15, 17, 0, 0, 0, 15, 0, 0, 0, 15, 18, 0, 0, 0, 15, 0, 0, 0, 0, 0, 0, 0, 0, 0, 28, 0, 0, 0, : 15, 15, 16, 15, 15, 17, 15, 15, 18, 15, 28, 
284: 0, 0, 15, 0, 16, 15, 0, 0, 0, 0, 0, 15, 9, 16, 16, 0, 0, 0, 0, 15, 0, 25, 0, 0, 0, 0, 9, 0, 15, 16, 0, 15, 0, 0, 15, 0, 15, 6, 0, 0, : 15, 16, 15, 15, 9, 16, 16, 15, 25, 9, 15, 16, 15, 15, 15, 6, 
77: 0, 0, 18, 0, 0, 0, 15, 13, 0, 9, 0, 0, 15, 0, 0, 0, 0, 15, 0, 0, 16, 0, 0, 0, 0, 0, 20, 15, 0, 0, 15, 15, 0, 0, 0, 0, 0, 0, 0, 19, : 18, 15, 13, 9, 15, 15, 16, 20, 15, 15, 15, 19, 
386: 15, 35, 0, 15, 0, 15, 15, 0, 15, 0, 0, 15, 0, 0, 7, 0, 0, 0, 15, 19, 1, 0, 0, 0, 0, 0, 0, 15, 0, 0, 0, 0, 0, 0, 0, 23, 0, 0, 0, 0, : 15, 35, 15, 15, 15, 15, 15, 7, 15, 19, 1, 15, 23, 
277: 0, 0, 0, 0, 15, 15, 0, 0, 0, 15, 8, 0, 0, 22, 0, 0, 4, 0, 0, 0, 0, 0, 0, 0, 18, 0, 0, 0, 5, 16, 0, 15, 0, 0, 0, 0, 0, 0, 15, 19, : 15, 15, 15, 8, 22, 4, 18, 5, 16, 15, 15, 19, 
157: 15, 0, 0, 15, 0, 0, 15, 0, 19, 0, 0, 0, 0, 0, 0, 22, 0, 0, 0, 0, 28, 0, 0, 0, 15, 0, 0, 9, 0, 0, 0, 0, 0, 15, 15, 16, 0, 0, 0, 15, : 15, 15, 15, 19, 22, 28, 15, 9, 15, 15, 16, 15, 
375: 17, 0, 0, 0, 0, 0, 9, 15, 0, 15, 0, 1, 0, 15, 0, 1, 0, 0, 0, 0, 0, 0, 0, 0, 15, 15, 0, 16, 0, 0, 0, 9, 0, 0, 15, 0, 15, 15, 8, 26, : 17, 9, 15, 15, 1, 15, 1, 15, 15, 16, 9, 15, 15, 15, 8, 26, 
356: 0, 0, 0, 0, 15, 18, 0, 0, 2, 0, 0, 0, 0, 0, 15, 0, 15, 0, 15, 15, 0, 0, 16, 0, 18, 0, 18, 15, 21, 0, 0, 0, 0, 18, 0, 0, 0, 0, 0, 0, : 15, 18, 2, 15, 15, 15, 15, 16, 18, 18, 15, 21, 18, 
387: 0, 0, 0, 0, 0, 0, 15, 0, 0, 0, 0, 0, 0, 0, 0, 0, 0, 15, 0, 0, 0, 0, 0, 0, 0, 0, 0, 0, 0, 0, 0, 15, 0, 0, 15, 0, 4, 0, 15, 0, : 15, 15, 15, 15, 4, 15, 
232: 0, 0, 0, 17, 15, 0, 0, 26, 0, 15, 15, 0, 16, 0, 15, 15, 0, 15, 0, 0, 0, 0, 19, 7, 0, 15, 0, 15, 0, 15, 15, 0, 0, 0, 0, 0, 0, 16, 16, 0, : 17, 15, 26, 15, 15, 16, 15, 15, 15, 19, 7, 15, 15, 15, 15, 16, 16, 
299: 15, 0, 18, 0, 15, 1, 0, 0, 0, 15, 0, 0, 0, 15, 0, 0, 0, 15, 0, 3, 0, 0, 0, 15, 0, 0, 0, 0, 0, 0, 0, 15, 15, 0, 10, 6, 0, 0, 0, 0, : 15, 18, 15, 1, 15, 15, 15, 3, 15, 15, 15, 10, 6, 
307: 0, 0, 15, 0, 0, 0, 0, 15, 0, 0, 15, 15, 0, 0, 15, 0, 15, 0, 0, 0, 0, 0, 0, 15, 15, 0, 15, 0, 0, 0, 15, 0, 31, 11, 0, 0, 0, 0, 0, 0, : 15, 15, 15, 15, 15, 15, 15, 15, 15, 15, 31, 11, 


73: 0, 0, 15, 15, 0, 15, 17, 17, 0, 0, 17, 0, 0, 0, 0, 0, 22, 8, 0, 16, 0, 0, 0, 0, 15, 2, 0, 0, 0, 0, 15, 0, 0, 0, 0, 0, 0, 0, 15, 0, : 15, 15, 15, 17, 17, 17, 22, 8, 16, 15, 2, 15, 15, 
233: 0, 9, 0, 0, 0, 0, 0, 0, 0, 0, 0, 0, 0, 10, 0, 3, 0, 0, 9, 0, 15, 15, 0, 15, 0, 0, 0, 0, 0, 4, 0, 0, 0, 0, 0, 0, 15, 15, 0, 0, : 9, 10, 3, 9, 15, 15, 15, 4, 15, 15, 
235: 0, 16, 0, 22, 0, 3, 15, 15, 15, 0, 0, 19, 0, 15, 0, 0, 0, 0, 15, 0, 0, 15, 0, 0, 0, 0, 25, 3, 0, 0, 10, 0, 31, 0, 0, 0, 0, 0, 0, 0, : 16, 22, 3, 15, 15, 15, 19, 15, 15, 15, 25, 3, 10, 31, 
131: 0, 15, 18, 0, 0, 15, 0, 0, 15, 2, 0, 0, 15, 0, 0, 15, 0, 0, 15, 0, 16, 0, 9, 0, 15, 15, 0, 0, 0, 0, 0, 0, 4, 0, 0, 0, 15, 22, 16, 0, : 15, 18, 15, 15, 2, 15, 15, 15, 16, 9, 15, 15, 4, 15, 22, 16, 
38: 0, 0, 0, 22, 0, 0, 15, 0, 0, 0, 15, 15, 22, 0, 0, 0, 15, 0, 0, 0, 0, 0, 15, 0, 0, 0, 15, 0, 16, 15, 15, 18, 0, 0, 0, 0, 15, 15, 0, 15, : 22, 15, 15, 15, 22, 15, 15, 15, 16, 15, 15, 18, 15, 15, 15, 
34: 15, 0, 0, 11, 0, 15, 0, 0, 0, 15, 0, 15, 18, 0, 0, 0, 0, 0, 15, 0, 16, 0, 15, 18, 16, 0, 0, 0, 0, 15, 15, 15, 0, 15, 0, 3, 0, 0, 0, 0, : 15, 11, 15, 15, 15, 18, 15, 16, 15, 18, 16, 15, 15, 15, 15, 3, 
247: 0, 0, 16, 0, 15, 15, 16, 15, 15, 0, 0, 0, 15, 0, 15, 16, 15, 15, 0, 0, 0, 0, 0, 0, 0, 15, 0, 18, 15, 0, 0, 15, 0, 0, 0, 0, 0, 16, 0, 15, : 16, 15, 15, 16, 15, 15, 15, 15, 16, 15, 15, 15, 18, 15, 15, 16, 15, 
149: 0, 0, 0, 0, 0, 0, 0, 0, 0, 0, 0, 0, 15, 15, 0, 19, 0, 15, 0, 0, 15, 0, 16, 21, 20, 0, 13, 16, 0, 0, 15, 0, 15, 0, 0, 16, 0, 0, 15, 18, : 15, 15, 19, 15, 15, 16, 21, 20, 13, 16, 15, 15, 16, 15, 18, 
376: 15, 0, 0, 15, 0, 0, 0, 0, 0, 16, 0, 0, 0, 0, 0, 17, 0, 0, 15, 17, 0, 0, 0, 16, 0, 15, 0, 0, 0, 0, 0, 15, 0, 0, 16, 18, 0, 0, 0, 0, : 15, 15, 16, 17, 15, 17, 16, 15, 15, 16, 18, 
288: 0, 0, 0, 0, 18, 0, 0, 0, 0, 0, 0, 4, 15, 15, 0, 0, 15, 0, 0, 0, 8, 0, 0, 0, 0, 0, 0, 18, 2, 0, 0, 16, 0, 15, 0, 0, 0, 0, 16, 0, : 18, 4, 15, 15, 15, 8, 18, 2, 16, 15, 16, 
230: 0, 0, 0, 0, 0, 0, 0, 0, 16, 0, 0, 0, 0, 0, 16, 15, 14, 17, 0, 15, 0, 16, 15, 0, 0, 0, 15, 15, 0, 0, 0, 17, 15, 0, 10, 0, 0, 17, 15, 0, : 16, 16, 15, 14, 17, 15, 16, 15, 15, 15, 17, 15, 10, 17, 15, 
25: 0, 0, 0, 0, 0, 22, 0, 0, 0, 16, 15, 0, 0, 0, 15, 0, 0, 15, 16, 0, 15, 0, 0, 15, 0, 0, 15, 0, 15, 0, 15, 0, 0, 17, 16, 15, 0, 0, 0, 15, : 22, 16, 15, 15, 15, 16, 15, 15, 15, 15, 15, 17, 16, 15, 15, 
310: 0, 15, 13, 0, 0, 0, 0, 0, 15, 0, 0, 15, 0, 15, 0, 0, 0, 0, 0, 0, 0, 0, 0, 0, 0, 0, 0, 0, 0, 0, 0, 4, 20, 0, 15, 0, 15, 0, 0, 0, : 15, 13, 15, 15, 15, 4, 20, 15, 15, 
80: 28, 15, 0, 0, 0, 0, 0, 0, 0, 21, 16, 17, 0, 0, 15, 0, 0, 0, 0, 15, 0, 17, 0, 0, 0, 0, 0, 0, 18, 0, 0, 0, 0, 0, 0, 0, 2, 0, 0, 0, : 28, 15, 21, 16, 17, 15, 15, 17, 18, 2, 
223: 0, 0, 0, 0, 22, 15, 0, 0, 0, 15, 15, 0, 0, 0, 0, 0, 0, 15, 0, 0, 0, 15, 0, 0, 19, 0, 17, 0, 0, 15, 0, 0, 0, 17, 0, 0, 23, 0, 15, 0, : 22, 15, 15, 15, 15, 15, 19, 17, 15, 17, 23, 15, 
70: 0, 15, 0, 15, 0, 0, 15, 0, 6, 0, 19, 0, 0, 0, 0, 0, 0, 0, 0, 15, 0, 0, 0, 0, 0, 17, 0, 0, 0, 34, 0, 0, 15, 18, 28, 16, 15, 0, 0, 22, : 15, 15, 15, 6, 19, 15, 17, 34, 15, 18, 28, 16, 15, 22, 
134: 0, 0, 23, 0, 15, 0, 0, 19, 0, 0, 0, 0, 0, 15, 16, 0, 0, 0, 0, 0, 0, 0, 15, 0, 0, 20, 0, 15, 15, 0, 0, 0, 0, 15, 0, 17, 0, 0, 0, 0, : 23, 15, 19, 15, 16, 15, 20, 15, 15, 15, 17, 
155: 24, 0, 15, 0, 15, 0, 20, 15, 0, 0, 0, 0, 0, 0, 8, 15, 19, 0, 0, 15, 0, 7, 0, 15, 15, 16, 0, 0, 19, 0, 0, 0, 0, 0, 0, 15, 0, 15, 8, 0, : 24, 15, 15, 20, 15, 8, 15, 19, 15, 7, 15, 15, 16, 19, 15, 15, 8, 
379: 0, 15, 0, 0, 0, 0, 0, 4, 0, 0, 0, 15, 0, 0, 15, 0, 0, 0, 0, 0, 0, 0, 15, 0, 0, 0, 0, 15, 0, 17, 15, 0, 0, 3, 15, 0, 0, 0, 0, 15, : 15, 4, 15, 15, 15, 15, 17, 15, 3, 15, 15, 
399: 18, 0, 0, 0, 15, 0, 2, 15, 18, 15, 3, 0, 0, 15, 0, 0, 0, 15, 15, 7, 15, 15, 0, 0, 0, 0, 0, 0, 0, 0, 0, 0, 0, 0, 0, 0, 0, 0, 0, 0, : 18, 15, 2, 15, 18, 15, 3, 15, 15, 15, 7, 15, 15, 


48: 0, 0, 0, 22, 15, 0, 0, 17, 15, 13, 0, 0, 0, 0, 0, 0, 0, 0, 0, 0, 0, 0, 0, 2, 0, 15, 20, 0, 0, 0, 0, 0, 9, 0, 0, 15, 0, 0, 16, 2, : 22, 15, 17, 15, 13, 2, 15, 20, 9, 15, 16, 2, 
115: 0, 0, 0, 0, 0, 19, 0, 15, 0, 15, 20, 16, 16, 15, 16, 0, 0, 0, 0, 16, 0, 24, 10, 0, 0, 15, 15, 0, 0, 0, 0, 0, 0, 29, 0, 0, 0, 0, 0, 0, : 19, 15, 15, 20, 16, 16, 15, 16, 16, 24, 10, 15, 15, 29, 
160: 0, 15, 8, 15, 0, 15, 0, 0, 0, 0, 16, 0, 0, 0, 0, 15, 0, 20, 12, 0, 0, 0, 15, 15, 0, 0, 16, 0, 0, 0, 0, 0, 0, 0, 16, 0, 0, 15, 0, 0, : 15, 8, 15, 15, 16, 15, 20, 12, 15, 15, 16, 16, 15, 
19: 0, 0, 15, 13, 0, 16, 0, 15, 0, 0, 0, 16, 0, 15, 0, 22, 0, 0, 15, 0, 0, 0, 0, 0, 0, 15, 0, 17, 1, 0, 16, 0, 15, 0, 0, 0, 19, 10, 21, 15, : 15, 13, 16, 15, 16, 15, 22, 15, 15, 17, 1, 16, 15, 19, 10, 21, 15, 
76: 15, 0, 0, 0, 0, 0, 0, 0, 0, 0, 17, 0, 0, 0, 15, 6, 16, 0, 0, 15, 0, 0, 0, 0, 15, 0, 0, 0, 0, 0, 0, 0, 15, 0, 0, 0, 1, 0, 27, 0, : 15, 17, 15, 6, 16, 15, 15, 15, 1, 27, 
69: 0, 15, 0, 0, 0, 15, 0, 0, 0, 0, 15, 0, 4, 0, 0, 0, 18, 0, 16, 4, 15, 0, 0, 0, 15, 0, 0, 16, 0, 0, 0, 15, 0, 0, 5, 0, 0, 0, 0, 15, : 15, 15, 15, 4, 18, 16, 4, 15, 15, 16, 15, 5, 15, 
29: 0, 0, 0, 0, 15, 16, 15, 0, 0, 20, 0, 0, 0, 15, 0, 15, 0, 0, 27, 18, 0, 0, 0, 15, 0, 0, 17, 3, 21, 15, 0, 15, 15, 0, 0, 15, 0, 15, 0, 0, : 15, 16, 15, 20, 15, 15, 27, 18, 15, 17, 3, 21, 15, 15, 15, 15, 15, 
216: 0, 17, 0, 0, 0, 0, 0, 0, 15, 15, 0, 0, 15, 10, 0, 0, 0, 0, 0, 0, 0, 15, 0, 0, 0, 0, 0, 0, 0, 15, 24, 16, 0, 0, 0, 0, 0, 0, 17, 0, : 17, 15, 15, 15, 10, 15, 15, 24, 16, 17, 
164: 0, 0, 0, 0, 0, 15, 0, 15, 0, 0, 0, 8, 0, 15, 0, 0, 0, 15, 0, 0, 0, 15, 15, 17, 0, 10, 0, 0, 15, 15, 0, 0, 0, 0, 19, 18, 0, 15, 0, 0, : 15, 15, 8, 15, 15, 15, 15, 17, 10, 15, 15, 19, 18, 15, 
1: 0, 15, 0, 0, 15, 0, 0, 0, 0, 0, 16, 15, 15, 0, 0, 0, 15, 0, 0, 16, 15, 15, 15, 0, 0, 15, 0, 15, 15, 15, 15, 15, 0, 0, 0, 0, 0, 15, 0, 0, : 15, 15, 16, 15, 15, 15, 16, 15, 15, 15, 15, 15, 15, 15, 15, 15, 15, 
244: 15, 0, 15, 0, 0, 0, 15, 15, 0, 0, 0, 0, 0, 0, 15, 0, 0, 15, 15, 0, 17, 0, 0, 15, 0, 0, 15, 15, 17, 0, 15, 0, 0, 20, 15, 0, 0, 0, 0, 0, : 15, 15, 15, 15, 15, 15, 15, 17, 15, 15, 15, 17, 15, 20, 15, 
18: 5, 0, 15, 0, 0, 0, 0, 0, 0, 0, 0, 0, 0, 15, 0, 0, 0, 19, 0, 15, 0, 0, 15, 0, 0, 15, 0, 15, 15, 0, 0, 0, 0, 0, 0, 0, 15, 0, 0, 25, : 5, 15, 15, 19, 15, 15, 15, 15, 15, 15, 25, 
156: 20, 0, 0, 15, 15, 0, 0, 0, 15, 0, 16, 0, 0, 0, 0, 0, 0, 18, 0, 0, 0, 0, 0, 0, 0, 15, 0, 19, 0, 15, 0, 0, 15, 0, 15, 0, 15, 0, 0, 16, : 20, 15, 15, 15, 16, 18, 15, 19, 15, 15, 15, 15, 16, 
173: 0, 0, 0, 0, 0, 0, 0, 0, 21, 0, 0, 15, 0, 0, 17, 0, 0, 13, 0, 0, 15, 16, 0, 0, 0, 0, 0, 0, 16, 0, 0, 9, 16, 0, 0, 18, 0, 0, 19, 0, : 21, 15, 17, 13, 15, 16, 16, 9, 16, 18, 19, 
245: 0, 0, 0, 0, 15, 0, 7, 8, 0, 0, 0, 15, 20, 0, 18, 0, 0, 0, 0, 0, 15, 0, 0, 0, 16, 0, 15, 0, 0, 0, 0, 0, 0, 15, 0, 0, 0, 0, 0, 0, : 15, 7, 8, 15, 20, 18, 15, 16, 15, 15, 
341: 0, 0, 0, 0, 15, 0, 15, 0, 15, 17, 0, 15, 0, 0, 0, 0, 4, 0, 15, 16, 0, 0, 0, 0, 15, 0, 0, 0, 0, 0, 0, 0, 0, 15, 0, 0, 0, 15, 0, 0, : 15, 15, 15, 17, 15, 4, 15, 16, 15, 15, 15, 
298: 0, 0, 15, 0, 0, 0, 0, 0, 18, 20, 0, 0, 0, 0, 0, 27, 15, 0, 0, 0, 0, 0, 0, 0, 0, 0, 0, 0, 0, 0, 8, 0, 0, 0, 0, 12, 18, 0, 0, 0, : 15, 18, 20, 27, 15, 8, 12, 18, 
110: 15, 15, 17, 15, 0, 0, 0, 0, 0, 0, 0, 0, 0, 15, 0, 0, 17, 0, 0, 0, 16, 0, 15, 20, 24, 0, 0, 0, 0, 15, 22, 15, 0, 0, 0, 22, 0, 0, 0, 0, : 15, 15, 17, 15, 15, 17, 16, 15, 20, 24, 15, 22, 15, 22, 
91: 15, 15, 15, 20, 0, 0, 18, 0, 1, 0, 0, 0, 15, 0, 19, 15, 15, 0, 0, 0, 7, 15, 0, 16, 0, 0, 2, 0, 0, 0, 0, 0, 15, 6, 0, 0, 32, 15, 0, 0, : 15, 15, 15, 20, 18, 1, 15, 19, 15, 15, 7, 15, 16, 2, 15, 6, 32, 15, 
117: 15, 8, 0, 0, 10, 4, 30, 15, 0, 0, 0, 0, 15, 0, 0, 0, 0, 0, 0, 0, 0, 0, 15, 0, 15, 0, 0, 0, 0, 10, 0, 15, 0, 15, 30, 0, 0, 0, 0, 27, : 15, 8, 10, 4, 30, 15, 15, 15, 15, 10, 15, 15, 30, 27, 


188: 0, 15, 0, 0, 0, 0, 0, 0, 15, 14, 0, 16, 0, 0, 0, 0, 0, 18, 0, 0, 0, 15, 0, 15, 0, 0, 8, 17, 0, 0, 15, 0, 0, 0, 0, 15, 0, 0, 0, 0, : 15, 15, 14, 16, 18, 15, 15, 8, 17, 15, 15, 
365: 0, 0, 0, 0, 18, 15, 0, 15, 28, 15, 0, 16, 0, 15, 0, 17, 0, 0, 0, 15, 0, 0, 15, 17, 0, 18, 0, 0, 0, 15, 0, 0, 18, 0, 17, 0, 0, 0, 0, 15, : 18, 15, 15, 28, 15, 16, 15, 17, 15, 15, 17, 18, 15, 18, 17, 15, 
184: 15, 0, 0, 0, 15, 15, 10, 16, 0, 16, 0, 0, 0, 0, 0, 15, 0, 0, 0, 0, 0, 20, 0, 0, 15, 0, 0, 0, 0, 0, 0, 15, 16, 0, 0, 0, 10, 15, 0, 0, : 15, 15, 15, 10, 16, 16, 15, 20, 15, 15, 16, 10, 15, 
246: 15, 0, 0, 0, 7, 0, 0, 0, 15, 17, 13, 0, 15, 0, 0, 0, 0, 1, 0, 0, 15, 0, 0, 0, 0, 17, 0, 0, 15, 0, 0, 0, 0, 0, 15, 15, 0, 0, 0, 0, : 15, 7, 15, 17, 13, 15, 1, 15, 17, 15, 15, 15, 
88: 15, 9, 0, 0, 15, 0, 15, 16, 0, 19, 0, 0, 0, 0, 0, 0, 15, 0, 0, 15, 15, 0, 0, 15, 0, 15, 0, 15, 0, 0, 0, 0, 0, 15, 15, 0, 15, 23, 15, 16, : 15, 9, 15, 15, 16, 19, 15, 15, 15, 15, 15, 15, 15, 15, 15, 23, 15, 16, 
169: 0, 0, 15, 15, 0, 0, 0, 0, 0, 0, 0, 0, 0, 0, 0, 0, 0, 15, 0, 0, 0, 0, 33, 0, 9, 0, 0, 15, 15, 16, 15, 15, 0, 0, 0, 0, 0, 0, 0, 15, : 15, 15, 15, 33, 9, 15, 15, 16, 15, 15, 15, 
237: 22, 15, 16, 10, 0, 0, 15, 0, 0, 0, 0, 0, 0, 0, 0, 0, 15, 15, 30, 17, 0, 15, 0, 0, 0, 0, 0, 0, 15, 0, 1, 25, 0, 0, 0, 0, 15, 0, 0, 0, : 22, 15, 16, 10, 15, 15, 15, 30, 17, 15, 15, 1, 25, 15, 
263: 0, 15, 0, 0, 0, 0, 15, 17, 0, 0, 0, 0, 15, 0, 0, 0, 15, 0, 0, 8, 0, 15, 0, 0, 0, 15, 0, 0, 0, 15, 15, 0, 0, 0, 0, 0, 15, 0, 15, 0, : 15, 15, 17, 15, 15, 8, 15, 15, 15, 15, 15, 15, 
126: 0, 0, 0, 0, 0, 0, 0, 17, 0, 0, 0, 0, 0, 0, 16, 0, 0, 0, 15, 0, 0, 0, 0, 0, 17, 0, 0, 15, 0, 0, 0, 0, 0, 26, 0, 15, 15, 15, 15, 16, : 17, 16, 15, 17, 15, 26, 15, 15, 15, 15, 16, 
39: 0, 0, 0, 0, 15, 16, 0, 15, 0, 0, 0, 0, 0, 0, 0, 0, 15, 16, 9, 0, 15, 17, 0, 0, 0, 0, 15, 0, 0, 0, 17, 0, 0, 0, 0, 0, 0, 17, 15, 0, : 15, 16, 15, 15, 16, 9, 15, 17, 15, 17, 17, 15, 
28: 0, 0, 16, 0, 0, 0, 0, 0, 15, 0, 0, 22, 10, 15, 15, 0, 0, 0, 16, 0, 17, 15, 0, 15, 24, 0, 0, 16, 17, 15, 0, 15, 0, 0, 22, 0, 0, 0, 0, 0, : 16, 15, 22, 10, 15, 15, 16, 17, 15, 15, 24, 16, 17, 15, 15, 22, 
27: 1, 0, 6, 15, 0, 15, 0, 4, 0, 0, 0, 0, 0, 0, 0, 0, 0, 0, 0, 15, 0, 0, 9, 5, 20, 17, 0, 0, 15, 0, 0, 0, 0, 0, 15, 0, 15, 0, 0, 16, : 1, 6, 15, 15, 4, 15, 9, 5, 20, 17, 15, 15, 15, 16, 
248: 15, 0, 0, 0, 0, 1, 15, 0, 19, 0, 15, 8, 15, 15, 0, 15, 23, 0, 0, 0, 0, 0, 0, 0, 0, 0, 0, 0, 0, 0, 0, 15, 15, 9, 15, 13, 0, 0, 0, 0, : 15, 1, 15, 19, 15, 8, 15, 15, 15, 23, 15, 15, 9, 15, 13, 
355: 0, 0, 15, 0, 15, 21, 15, 0, 8, 19, 15, 22, 15, 0, 15, 15, 15, 0, 0, 0, 0, 0, 24, 0, 0, 0, 15, 0, 0, 0, 22, 0, 0, 15, 1, 0, 0, 0, 0, 0, : 15, 15, 21, 15, 8, 19, 15, 22, 15, 15, 15, 15, 24, 15, 22, 15, 1, 
92: 0, 16, 0, 0, 0, 0, 15, 0, 0, 0, 15, 0, 0, 15, 17, 0, 0, 0, 0, 0, 8, 0, 0, 15, 0, 2, 15, 15, 0, 17, 15, 15, 0, 20, 0, 15, 0, 0, 0, 7, : 16, 15, 15, 15, 17, 8, 15, 2, 15, 15, 17, 15, 15, 20, 15, 7, 
130: 0, 15, 17, 15, 0, 0, 0, 0, 0, 0, 0, 0, 15, 0, 5, 0, 2, 0, 0, 0, 0, 0, 0, 0, 15, 0, 15, 0, 0, 15, 0, 0, 15, 0, 0, 0, 15, 15, 0, 15, : 15, 17, 15, 15, 5, 2, 15, 15, 15, 15, 15, 15, 15, 
87: 17, 0, 0, 15, 15, 0, 0, 0, 0, 0, 0, 0, 15, 0, 16, 24, 0, 0, 0, 0, 0, 0, 0, 0, 0, 0, 0, 0, 0, 7, 0, 0, 21, 15, 0, 0, 0, 15, 0, 0, : 17, 15, 15, 15, 16, 24, 7, 21, 15, 15, 
21: 0, 15, 0, 15, 0, 17, 0, 0, 0, 0, 0, 0, 0, 0, 16, 0, 0, 0, 0, 15, 0, 3, 19, 0, 0, 0, 17, 7, 19, 0, 0, 0, 0, 0, 0, 0, 0, 0, 15, 0, : 15, 15, 17, 16, 15, 3, 19, 17, 7, 19, 15, 
152: 0, 0, 0, 0, 0, 0, 0, 0, 0, 0, 27, 0, 0, 15, 0, 14, 0, 15, 15, 15, 15, 0, 0, 18, 0, 0, 0, 0, 0, 0, 0, 0, 0, 0, 0, 0, 0, 0, 10, 0, : 27, 15, 14, 15, 15, 15, 15, 18, 10, 
136: 0, 0, 15, 15, 0, 0, 0, 0, 0, 0, 15, 16, 0, 25, 0, 0, 0, 20, 15, 0, 15, 0, 0, 0, 0, 16, 15, 0, 4, 0, 0, 0, 15, 0, 0, 27, 0, 0, 15, 0, : 15, 15, 15, 16, 25, 20, 15, 15, 16, 15, 4, 15, 27, 15, 


294: 0, 0, 18, 15, 0, 0, 0, 15, 0, 0, 0, 0, 15, 0, 0, 15, 0, 0, 5, 0, 0, 15, 15, 0, 17, 0, 0, 0, 15, 15, 0, 0, 0, 0, 17, 17, 5, 15, 0, 10, : 18, 15, 15, 15, 15, 5, 15, 15, 17, 15, 15, 17, 17, 5, 15, 10, 
366: 0, 0, 0, 0, 0, 0, 0, 0, 15, 0, 0, 17, 15, 15, 0, 15, 0, 0, 15, 1, 0, 0, 0, 0, 15, 0, 16, 0, 0, 15, 0, 0, 0, 0, 0, 15, 0, 15, 0, 0, : 15, 17, 15, 15, 15, 15, 1, 15, 16, 15, 15, 15, 
241: 19, 0, 0, 15, 0, 15, 0, 0, 0, 0, 0, 19, 17, 0, 0, 0, 15, 0, 15, 0, 19, 0, 0, 16, 0, 0, 0, 0, 0, 26, 0, 2, 15, 0, 0, 0, 0, 8, 15, 0, : 19, 15, 15, 19, 17, 15, 15, 19, 16, 26, 2, 15, 8, 15, 
385: 0, 0, 0, 0, 22, 0, 0, 0, 15, 15, 0, 17, 0, 0, 0, 15, 0, 15, 0, 0, 0, 0, 1, 0, 0, 12, 0, 15, 0, 0, 0, 0, 15, 15, 16, 15, 0, 16, 10, 17, : 22, 15, 15, 17, 15, 15, 1, 12, 15, 15, 15, 16, 15, 16, 10, 17, 
185: 0, 19, 0, 0, 0, 0, 0, 0, 0, 0, 0, 0, 0, 0, 15, 15, 0, 0, 0, 19, 0, 31, 0, 0, 0, 15, 16, 9, 15, 0, 15, 0, 15, 20, 0, 0, 0, 0, 0, 0, : 19, 15, 15, 19, 31, 15, 16, 9, 15, 15, 15, 20, 
231: 0, 0, 15, 0, 0, 15, 0, 30, 15, 15, 0, 15, 0, 15, 15, 15, 0, 15, 15, 0, 15, 0, 0, 0, 15, 0, 0, 0, 15, 0, 16, 0, 0, 16, 0, 20, 0, 0, 15, 0, : 15, 15, 30, 15, 15, 15, 15, 15, 15, 15, 15, 15, 15, 15, 16, 16, 20, 15, 
331: 15, 29, 0, 0, 15, 0, 0, 0, 0, 0, 0, 0, 17, 0, 0, 0, 0, 0, 0, 0, 15, 0, 0, 17, 0, 0, 0, 15, 15, 9, 8, 0, 0, 0, 15, 0, 15, 0, 0, 0, : 15, 29, 15, 17, 15, 17, 15, 15, 9, 8, 15, 15, 
16: 0, 0, 0, 10, 0, 0, 15, 0, 0, 0, 1, 17, 0, 0, 0, 0, 0, 6, 0, 0, 0, 0, 0, 0, 15, 0, 0, 16, 0, 0, 0, 21, 0, 0, 0, 0, 15, 15, 0, 0, : 10, 15, 1, 17, 6, 15, 16, 21, 15, 15, 
108: 0, 0, 15, 0, 0, 10, 0, 0, 0, 16, 21, 0, 6, 23, 22, 0, 0, 18, 0, 0, 0, 0, 0, 0, 23, 0, 15, 0, 0, 0, 0, 15, 15, 0, 15, 0, 0, 0, 15, 20, : 15, 10, 16, 21, 6, 23, 22, 18, 23, 15, 15, 15, 15, 15, 20, 
363: 15, 0, 7, 0, 15, 15, 0, 27, 0, 0, 17, 0, 0, 0, 0, 0, 15, 0, 0, 15, 0, 0, 0, 0, 0, 0, 0, 0, 0, 0, 0, 0, 0, 2, 0, 0, 0, 0, 15, 0, : 15, 7, 15, 15, 27, 17, 15, 15, 2, 15, 
342: 0, 20, 15, 0, 0, 0, 0, 0, 10, 0, 0, 0, 0, 0, 22, 0, 15, 0, 19, 20, 0, 15, 0, 16, 0, 0, 0, 15, 0, 0, 0, 0, 15, 0, 0, 0, 0, 0, 0, 15, : 20, 15, 10, 22, 15, 19, 20, 15, 16, 15, 15, 15, 
85: 20, 15, 0, 15, 0, 0, 18, 0, 0, 0, 15, 0, 0, 0, 0, 15, 0, 0, 0, 0, 0, 0, 15, 17, 0, 0, 16, 15, 0, 0, 0, 15, 0, 0, 0, 0, 0, 0, 15, 0, : 20, 15, 15, 18, 15, 15, 15, 17, 16, 15, 15, 15, 
283: 3, 0, 15, 0, 0, 0, 17, 0, 15, 15, 15, 15, 0, 0, 0, 0, 16, 0, 15, 15, 16, 0, 0, 15, 0, 20, 0, 0, 0, 0, 16, 0, 0, 16, 0, 15, 0, 0, 0, 0, : 3, 15, 17, 15, 15, 15, 15, 16, 15, 15, 16, 15, 20, 16, 16, 15, 
165: 28, 16, 0, 15, 0, 0, 22, 0, 0, 0, 16, 0, 0, 0, 0, 0, 15, 0, 0, 0, 15, 7, 16, 0, 0, 0, 15, 0, 9, 15, 0, 0, 10, 0, 21, 0, 16, 16, 0, 15, : 28, 16, 15, 22, 16, 15, 15, 7, 16, 15, 9, 15, 10, 21, 16, 16, 15, 
257: 0, 0, 0, 15, 0, 0, 0, 0, 0, 0, 15, 0, 0, 15, 0, 0, 0, 15, 0, 0, 0, 0, 15, 0, 0, 0, 7, 0, 0, 0, 0, 0, 15, 16, 0, 18, 0, 15, 0, 0, : 15, 15, 15, 15, 15, 7, 15, 16, 18, 15, 
373: 0, 0, 0, 15, 0, 0, 28, 13, 15, 15, 0, 0, 0, 0, 11, 0, 0, 0, 0, 15, 15, 0, 23, 0, 0, 0, 0, 0, 0, 20, 15, 0, 0, 0, 0, 0, 0, 0, 0, 0, : 15, 28, 13, 15, 15, 11, 15, 15, 23, 20, 15, 
105: 0, 1, 0, 0, 15, 0, 0, 15, 0, 0, 0, 0, 0, 16, 0, 0, 15, 0, 0, 0, 0, 17, 0, 4, 0, 16, 0, 0, 16, 0, 15, 0, 0, 0, 0, 0, 15, 0, 0, 23, : 1, 15, 15, 16, 15, 17, 4, 16, 16, 15, 15, 23, 
357: 0, 0, 0, 0, 0, 30, 0, 0, 0, 0, 0, 0, 0, 0, 15, 10, 0, 0, 16, 15, 0, 0, 15, 0, 0, 17, 0, 0, 0, 0, 0, 17, 0, 15, 16, 0, 19, 0, 0, 0, : 30, 15, 10, 16, 15, 15, 17, 17, 15, 16, 19, 
194: 0, 0, 15, 0, 15, 0, 0, 0, 0, 15, 0, 0, 15, 0, 0, 0, 9, 16, 0, 0, 0, 15, 0, 15, 0, 0, 0, 0, 0, 0, 15, 15, 0, 0, 0, 0, 0, 0, 0, 0, : 15, 15, 15, 15, 9, 16, 15, 15, 15, 15, 
177: 0, 0, 0, 0, 18, 15, 0, 0, 15, 9, 0, 0, 15, 16, 0, 0, 0, 15, 0, 0, 5, 0, 0, 0, 15, 20, 15, 15, 15, 0, 0, 15, 0, 0, 0, 0, 15, 0, 15, 0, : 18, 15, 15, 9, 15, 16, 15, 5, 15, 20, 15, 15, 15, 15, 15, 15, 


206: 0, 15, 19, 15, 0, 15, 15, 15, 0, 15, 0, 0, 0, 0, 0, 0, 15, 15, 15, 0, 0, 0, 0, 15, 0, 0, 20, 14, 0, 12, 17, 16, 0, 0, 15, 0, 0, 15, 15, 8, : 15, 19, 15, 15, 15, 15, 15, 15, 15, 15, 15, 20, 14, 12, 17, 16, 15, 15, 15, 8, 
325: 0, 0, 0, 15, 0, 10, 7, 0, 0, 7, 16, 0, 17, 15, 0, 0, 0, 0, 0, 0, 3, 14, 2, 15, 15, 15, 0, 0, 19, 0, 0, 0, 0, 0, 0, 0, 19, 0, 0, 0, : 15, 10, 7, 7, 16, 17, 15, 3, 14, 2, 15, 15, 15, 19, 19, 
267: 0, 0, 15, 17, 0, 0, 0, 0, 0, 0, 0, 0, 0, 0, 0, 0, 16, 0, 0, 24, 0, 0, 0, 0, 0, 15, 0, 18, 6, 15, 0, 16, 15, 0, 0, 0, 0, 17, 15, 0, : 15, 17, 16, 24, 15, 18, 6, 15, 16, 15, 17, 15, 
324: 0, 16, 15, 0, 15, 0, 0, 9, 0, 18, 0, 13, 0, 18, 0, 16, 0, 20, 0, 0, 0, 0, 0, 0, 0, 0, 0, 0, 0, 0, 1, 18, 0, 15, 0, 0, 9, 0, 0, 0, : 16, 15, 15, 9, 18, 13, 18, 16, 20, 1, 18, 15, 9, 
74: 15, 0, 0, 15, 32, 0, 15, 15, 0, 0, 0, 0, 0, 0, 0, 15, 0, 0, 18, 30, 0, 15, 0, 15, 15, 15, 0, 0, 0, 0, 16, 0, 0, 15, 16, 7, 0, 0, 0, 17, : 15, 15, 32, 15, 15, 15, 18, 30, 15, 15, 15, 15, 16, 15, 16, 7, 17, 
239: 7, 0, 0, 0, 0, 15, 15, 0, 29, 29, 0, 0, 0, 15, 0, 0, 0, 15, 17, 0, 0, 0, 0, 0, 0, 0, 15, 17, 0, 0, 0, 0, 0, 0, 0, 0, 0, 0, 0, 15, : 7, 15, 15, 29, 29, 15, 15, 17, 15, 17, 15, 
264: 0, 0, 0, 15, 0, 0, 0, 15, 0, 15, 9, 15, 0, 15, 0, 15, 0, 0, 22, 17, 15, 15, 20, 0, 15, 15, 0, 0, 15, 0, 15, 18, 0, 23, 0, 0, 27, 16, 0, 0, : 15, 15, 15, 9, 15, 15, 15, 22, 17, 15, 15, 20, 15, 15, 15, 15, 18, 23, 27, 16, 
26: 16, 15, 0, 0, 17, 0, 15, 0, 0, 0, 0, 0, 0, 0, 0, 18, 15, 0, 0, 0, 19, 26, 15, 15, 0, 21, 0, 0, 0, 0, 0, 0, 15, 0, 7, 0, 0, 0, 0, 15, : 16, 15, 17, 15, 18, 15, 19, 26, 15, 15, 21, 15, 7, 15, 
120: 17, 0, 0, 0, 0, 15, 0, 15, 0, 0, 0, 0, 0, 0, 15, 0, 15, 18, 0, 0, 0, 0, 0, 0, 15, 19, 0, 0, 0, 0, 0, 0, 15, 15, 0, 15, 0, 0, 15, 0, : 17, 15, 15, 15, 15, 18, 15, 19, 15, 15, 15, 15, 
158: 15, 0, 16, 0, 5, 0, 0, 0, 0, 0, 29, 0, 0, 0, 15, 0, 0, 31, 0, 0, 0, 0, 0, 0, 23, 0, 0, 0, 0, 15, 0, 0, 0, 0, 20, 15, 0, 0, 0, 0, : 15, 16, 5, 29, 15, 31, 23, 15, 20, 15, 
94: 0, 0, 0, 0, 16, 0, 15, 0, 0, 0, 16, 15, 0, 0, 0, 0, 0, 0, 13, 0, 0, 0, 15, 0, 0, 0, 0, 0, 15, 0, 0, 0, 0, 0, 0, 0, 15, 0, 0, 0, : 16, 15, 16, 15, 13, 15, 15, 15, 
71: 0, 0, 0, 0, 15, 0, 0, 0, 6, 0, 0, 0, 0, 0, 15, 16, 0, 0, 0, 12, 15, 0, 0, 0, 0, 0, 0, 0, 15, 25, 15, 0, 0, 0, 0, 0, 0, 0, 0, 0, : 15, 6, 15, 16, 12, 15, 15, 25, 15, 
6: 0, 0, 0, 0, 0, 15, 0, 0, 0, 0, 15, 17, 0, 16, 0, 5, 0, 0, 0, 0, 0, 0, 15, 0, 0, 0, 15, 0, 0, 0, 0, 15, 15, 0, 25, 0, 15, 0, 15, 0, : 15, 15, 17, 16, 5, 15, 15, 15, 15, 25, 15, 15, 
200: 0, 13, 0, 0, 0, 0, 0, 0, 15, 0, 0, 0, 0, 20, 0, 0, 0, 0, 0, 0, 0, 0, 0, 0, 0, 0, 15, 0, 0, 0, 0, 0, 0, 0, 0, 15, 0, 16, 0, 0, : 13, 15, 20, 15, 15, 16, 
217: 15, 0, 16, 0, 0, 15, 0, 0, 15, 0, 15, 20, 15, 1, 0, 0, 0, 0, 0, 0, 15, 15, 0, 21, 0, 0, 14, 15, 0, 0, 0, 0, 0, 0, 0, 0, 0, 0, 10, 0, : 15, 16, 15, 15, 15, 20, 15, 1, 15, 15, 21, 14, 15, 10, 
151: 0, 0, 0, 7, 0, 15, 18, 0, 0, 0, 0, 0, 0, 0, 0, 0, 15, 0, 15, 0, 18, 0, 0, 15, 0, 0, 0, 0, 0, 18, 15, 16, 0, 17, 17, 15, 0, 15, 15, 15, : 7, 15, 18, 15, 15, 18, 15, 18, 15, 16, 17, 17, 15, 15, 15, 15, 
350: 0, 26, 15, 0, 0, 0, 0, 0, 0, 16, 0, 20, 13, 0, 15, 0, 0, 1, 0, 0, 0, 0, 16, 0, 2, 0, 21, 20, 0, 15, 0, 0, 17, 0, 0, 0, 0, 0, 0, 0, : 26, 15, 16, 20, 13, 15, 1, 16, 2, 21, 20, 15, 17, 
57: 0, 15, 4, 16, 0, 0, 0, 0, 0, 0, 0, 0, 15, 0, 16, 0, 0, 0, 0, 17, 0, 15, 17, 4, 15, 0, 0, 0, 30, 0, 0, 0, 23, 0, 0, 15, 0, 0, 0, 15, : 15, 4, 16, 15, 16, 17, 15, 17, 4, 15, 30, 23, 15, 15, 
58: 0, 0, 0, 0, 0, 0, 0, 16, 20, 0, 0, 0, 15, 0, 16, 0, 24, 0, 0, 0, 0, 0, 0, 0, 0, 0, 0, 0, 0, 0, 21, 1, 0, 15, 0, 0, 15, 15, 0, 0, : 16, 20, 15, 16, 24, 21, 1, 15, 15, 15, 
181: 15, 0, 0, 0, 0, 0, 0, 15, 15, 0, 0, 0, 25, 0, 8, 15, 0, 0, 0, 0, 15, 0, 0, 0, 0, 0, 0, 16, 0, 0, 0, 0, 0, 0, 0, 18, 0, 6, 15, 15, : 15, 15, 15, 25, 8, 15, 15, 16, 18, 6, 15, 15, 


220: 0, 18, 0, 0, 0, 0, 15, 17, 15, 8, 0, 25, 1, 0, 0, 18, 17, 0, 0, 0, 0, 0, 0, 6, 15, 15, 19, 0, 0, 0, 0, 0, 0, 0, 0, 0, 0, 0, 0, 0, : 18, 15, 17, 15, 8, 25, 1, 18, 17, 6, 15, 15, 19, 
203: 0, 0, 7, 0, 0, 4, 15, 16, 0, 17, 15, 0, 0, 19, 0, 0, 0, 19, 0, 0, 0, 15, 0, 0, 0, 15, 10, 0, 19, 15, 0, 0, 15, 15, 15, 0, 0, 0, 15, 0, : 7, 4, 15, 16, 17, 15, 19, 19, 15, 15, 10, 19, 15, 15, 15, 15, 15, 
285: 15, 16, 0, 0, 15, 15, 0, 0, 15, 0, 15, 0, 0, 15, 0, 15, 0, 15, 0, 0, 16, 0, 0, 15, 0, 0, 0, 0, 0, 0, 15, 18, 0, 0, 0, 0, 0, 0, 0, 0, : 15, 16, 15, 15, 15, 15, 15, 15, 15, 16, 15, 15, 18, 
32: 12, 15, 0, 0, 0, 0, 0, 0, 15, 0, 0, 0, 0, 0, 0, 0, 0, 12, 15, 15, 0, 9, 0, 0, 0, 0, 0, 15, 16, 0, 15, 0, 0, 12, 0, 15, 15, 0, 18, 0, : 12, 15, 15, 12, 15, 15, 9, 15, 16, 15, 12, 15, 15, 18, 
287: 0, 0, 15, 0, 0, 0, 0, 0, 0, 15, 0, 0, 0, 0, 0, 0, 0, 0, 0, 2, 0, 0, 0, 0, 16, 0, 0, 31, 0, 0, 0, 0, 0, 0, 0, 15, 0, 0, 16, 15, : 15, 15, 2, 16, 31, 15, 16, 15, 
282: 0, 0, 15, 15, 0, 20, 0, 15, 0, 15, 0, 17, 15, 15, 16, 0, 0, 0, 0, 0, 0, 0, 16, 16, 0, 15, 0, 0, 0, 17, 15, 0, 0, 15, 15, 16, 0, 0, 19, 16, : 15, 15, 20, 15, 15, 17, 15, 15, 16, 16, 16, 15, 17, 15, 15, 15, 16, 19, 16, 
388: 0, 0, 0, 0, 0, 0, 0, 6, 0, 0, 0, 0, 15, 0, 15, 0, 0, 0, 15, 15, 0, 0, 0, 0, 15, 0, 0, 0, 0, 17, 0, 17, 18, 0, 0, 0, 16, 0, 17, 0, : 6, 15, 15, 15, 15, 15, 17, 17, 18, 16, 17, 
359: 20, 0, 15, 0, 0, 16, 15, 0, 0, 0, 0, 0, 0, 0, 16, 15, 15, 0, 6, 20, 15, 15, 17, 0, 0, 0, 15, 19, 0, 0, 0, 0, 15, 27, 0, 0, 0, 15, 0, 0, : 20, 15, 16, 15, 16, 15, 15, 6, 20, 15, 15, 17, 15, 19, 15, 27, 15, 
304: 0, 0, 0, 15, 0, 0, 0, 0, 0, 0, 0, 0, 0, 0, 0, 0, 18, 0, 15, 0, 0, 0, 0, 0, 24, 21, 0, 15, 0, 0, 0, 0, 0, 0, 0, 0, 15, 18, 0, 15, : 15, 18, 15, 24, 21, 15, 15, 18, 15, 
340: 0, 0, 0, 15, 0, 0, 0, 15, 7, 15, 19, 0, 0, 0, 0, 37, 0, 0, 15, 0, 0, 0, 0, 0, 0, 16, 0, 15, 0, 0, 15, 0, 15, 0, 0, 0, 0, 15, 0, 0, : 15, 15, 7, 15, 19, 37, 15, 16, 15, 15, 15, 15, 
316: 0, 15, 0, 17, 10, 0, 15, 16, 0, 0, 6, 0, 0, 22, 35, 0, 18, 15, 0, 0, 0, 0, 0, 0, 0, 15, 24, 0, 0, 0, 10, 0, 0, 16, 0, 0, 0, 0, 0, 0, : 15, 17, 10, 15, 16, 6, 22, 35, 18, 15, 15, 24, 10, 16, 
180: 23, 21, 0, 0, 15, 15, 15, 15, 0, 0, 15, 0, 0, 0, 0, 0, 17, 0, 0, 0, 17, 15, 15, 0, 0, 0, 0, 0, 15, 16, 0, 15, 0, 0, 16, 24, 0, 0, 0, 0, : 23, 21, 15, 15, 15, 15, 15, 17, 17, 15, 15, 15, 16, 15, 16, 24, 
23: 0, 0, 0, 0, 15, 0, 0, 0, 17, 0, 0, 0, 16, 16, 0, 0, 0, 15, 0, 0, 18, 15, 3, 0, 0, 0, 0, 0, 15, 5, 15, 0, 0, 0, 15, 15, 0, 0, 0, 0, : 15, 17, 16, 16, 15, 18, 15, 3, 15, 5, 15, 15, 15, 
154: 15, 0, 0, 15, 0, 0, 0, 0, 0, 0, 0, 15, 16, 0, 0, 0, 0, 0, 0, 0, 0, 16, 0, 17, 15, 0, 15, 0, 0, 0, 0, 16, 0, 0, 0, 0, 15, 0, 0, 9, : 15, 15, 15, 16, 16, 17, 15, 15, 16, 15, 9, 
46: 0, 0, 17, 0, 15, 15, 0, 0, 0, 0, 0, 18, 16, 0, 0, 0, 0, 0, 0, 18, 18, 15, 0, 15, 0, 3, 0, 0, 0, 0, 0, 0, 3, 0, 9, 0, 15, 6, 0, 15, : 17, 15, 15, 18, 16, 18, 18, 15, 15, 3, 3, 9, 15, 6, 15, 
12: 0, 0, 0, 15, 15, 15, 0, 0, 16, 15, 15, 0, 0, 0, 0, 0, 0, 0, 19, 0, 0, 0, 15, 0, 0, 0, 17, 0, 20, 0, 0, 18, 18, 0, 0, 0, 0, 0, 0, 0, : 15, 15, 15, 16, 15, 15, 19, 15, 17, 20, 18, 18, 
67: 15, 0, 16, 0, 0, 0, 10, 0, 0, 0, 0, 10, 0, 0, 15, 0, 0, 0, 15, 15, 15, 0, 16, 0, 0, 0, 0, 5, 0, 15, 0, 0, 0, 0, 0, 0, 0, 0, 0, 0, : 15, 16, 10, 10, 15, 15, 15, 15, 16, 5, 15, 
384: 0, 0, 0, 0, 15, 0, 15, 0, 0, 0, 0, 0, 0, 0, 0, 0, 0, 24, 0, 0, 1, 0, 0, 16, 15, 0, 0, 0, 0, 0, 15, 16, 0, 0, 15, 15, 0, 15, 0, 0, : 15, 15, 24, 1, 16, 15, 15, 16, 15, 15, 15, 
266: 0, 0, 0, 0, 0, 0, 0, 0, 0, 15, 15, 15, 21, 13, 0, 0, 0, 0, 0, 15, 0, 0, 18, 0, 0, 0, 0, 0, 0, 0, 0, 0, 0, 0, 0, 0, 19, 16, 15, 15, : 15, 15, 15, 21, 13, 15, 18, 19, 16, 15, 15, 
229: 0, 15, 15, 8, 0, 0, 0, 0, 15, 0, 0, 0, 0, 0, 3, 15, 15, 0, 0, 0, 0, 0, 0, 15, 0, 0, 0, 0, 15, 15, 0, 0, 16, 15, 15, 0, 5, 15, 0, 15, : 15, 15, 8, 15, 3, 15, 15, 15, 15, 15, 16, 15, 15, 5, 15, 15, 


370: 0, 0, 15, 15, 15, 0, 0, 0, 0, 0, 15, 0, 15, 15, 0, 0, 0, 0, 0, 0, 0, 0, 16, 0, 0, 0, 15, 0, 25, 15, 0, 15, 0, 15, 0, 20, 0, 0, 15, 0, : 15, 15, 15, 15, 15, 15, 16, 15, 25, 15, 15, 15, 20, 15, 
362: 15, 0, 14, 0, 0, 0, 0, 0, 0, 0, 0, 15, 0, 15, 0, 17, 16, 0, 10, 0, 0, 0, 0, 0, 0, 0, 0, 0, 0, 0, 0, 0, 0, 0, 15, 0, 0, 0, 15, 0, : 15, 14, 15, 15, 17, 16, 10, 15, 15, 
383: 0, 0, 0, 0, 15, 0, 15, 0, 0, 0, 0, 0, 15, 20, 0, 0, 0, 0, 0, 15, 0, 0, 0, 0, 0, 0, 0, 17, 0, 20, 15, 15, 0, 0, 0, 0, 0, 0, 17, 0, : 15, 15, 15, 20, 15, 17, 20, 15, 15, 17, 
249: 15, 15, 15, 0, 25, 0, 0, 15, 0, 0, 0, 0, 0, 0, 0, 15, 15, 15, 0, 0, 15, 0, 0, 17, 15, 0, 0, 0, 18, 0, 0, 0, 0, 15, 16, 15, 15, 0, 15, 0, : 15, 15, 15, 25, 15, 15, 15, 15, 15, 17, 15, 18, 15, 16, 15, 15, 15, 
293: 0, 0, 0, 0, 0, 0, 0, 0, 0, 15, 0, 6, 0, 0, 0, 0, 0, 0, 15, 15, 0, 0, 15, 15, 21, 0, 0, 0, 0, 0, 8, 17, 0, 16, 0, 0, 15, 19, 0, 0, : 15, 6, 15, 15, 15, 15, 21, 8, 17, 16, 15, 19, 
63: 0, 16, 0, 15, 15, 15, 0, 0, 0, 5, 3, 0, 0, 0, 0, 15, 0, 0, 0, 0, 0, 0, 0, 0, 0, 0, 0, 0, 0, 2, 0, 0, 0, 15, 0, 0, 0, 0, 0, 15, : 16, 15, 15, 15, 5, 3, 15, 2, 15, 15, 
380: 0, 0, 26, 0, 0, 7, 0, 15, 15, 0, 0, 0, 0, 12, 15, 0, 0, 15, 15, 18, 18, 18, 15, 0, 0, 0, 0, 0, 15, 0, 0, 0, 0, 0, 0, 0, 0, 17, 0, 0, : 26, 7, 15, 15, 12, 15, 15, 15, 18, 18, 18, 15, 15, 17, 
273: 0, 0, 15, 30, 0, 0, 0, 0, 18, 15, 0, 0, 0, 0, 0, 0, 15, 15, 0, 0, 0, 0, 0, 0, 0, 0, 0, 15, 0, 0, 0, 0, 14, 0, 0, 0, 0, 15, 0, 15, : 15, 30, 18, 15, 15, 15, 15, 14, 15, 15, 
41: 0, 0, 0, 0, 0, 0, 0, 15, 0, 0, 15, 16, 0, 0, 18, 0, 9, 10, 0, 0, 0, 0, 0, 1, 0, 33, 7, 15, 0, 18, 15, 0, 0, 0, 0, 0, 15, 0, 0, 0, : 15, 15, 16, 18, 9, 10, 1, 33, 7, 15, 18, 15, 15, 
47: 0, 15, 0, 0, 15, 0, 0, 0, 19, 15, 15, 18, 15, 0, 0, 0, 0, 15, 15, 23, 0, 15, 0, 15, 0, 1, 18, 7, 0, 0, 0, 0, 0, 16, 15, 0, 17, 15, 0, 0, : 15, 15, 19, 15, 15, 18, 15, 15, 15, 23, 15, 15, 1, 18, 7, 16, 15, 17, 15, 
353: 0, 0, 0, 0, 0, 0, 0, 0, 0, 0, 19, 0, 20, 0, 0, 0, 0, 0, 0, 0, 15, 0, 0, 0, 0, 0, 0, 15, 15, 0, 15, 0, 0, 0, 0, 0, 23, 0, 15, 15, : 19, 20, 15, 15, 15, 15, 23, 15, 15, 
400: 0, 15, 0, 0, 0, 18, 15, 36, 0, 15, 16, 0, 0, 0, 2, 16, 15, 0, 0, 0, 0, 0, 0, 0, 2, 0, 0, 16, 0, 15, 0, 20, 0, 0, 4, 0, 0, 4, 0, 25, : 15, 18, 15, 36, 15, 16, 2, 16, 15, 2, 16, 15, 20, 4, 4, 25, 
367: 0, 0, 0, 0, 0, 15, 2, 0, 17, 16, 0, 15, 0, 0, 15, 0, 0, 0, 0, 0, 0, 15, 15, 16, 0, 0, 15, 0, 0, 0, 0, 14, 0, 0, 0, 19, 0, 0, 0, 0, : 15, 2, 17, 16, 15, 15, 15, 15, 16, 15, 14, 19, 
2: 1, 16, 0, 10, 15, 15, 0, 0, 0, 0, 17, 15, 20, 0, 15, 0, 0, 15, 15, 0, 0, 0, 0, 0, 17, 0, 15, 0, 0, 0, 0, 0, 15, 0, 0, 17, 0, 15, 0, 0, : 1, 16, 10, 15, 15, 17, 15, 20, 15, 15, 15, 17, 15, 15, 17, 15, 
175: 0, 2, 15, 15, 0, 0, 15, 0, 16, 0, 0, 0, 15, 0, 20, 0, 0, 0, 0, 0, 24, 15, 0, 18, 0, 36, 0, 0, 0, 0, 0, 19, 0, 0, 0, 0, 0, 15, 0, 0, : 2, 15, 15, 15, 16, 15, 20, 24, 15, 18, 36, 19, 15, 
265: 0, 0, 0, 0, 0, 0, 38, 0, 0, 19, 0, 0, 0, 16, 0, 15, 0, 0, 0, 0, 0, 15, 0, 0, 15, 0, 0, 0, 0, 15, 0, 0, 15, 0, 32, 15, 0, 0, 0, 0, : 38, 19, 16, 15, 15, 15, 15, 15, 32, 15, 
327: 0, 0, 0, 0, 0, 15, 0, 19, 0, 0, 0, 0, 0, 0, 0, 7, 0, 0, 15, 0, 0, 3, 0, 18, 0, 0, 0, 0, 11, 0, 0, 0, 0, 0, 0, 0, 0, 0, 8, 0, : 15, 19, 7, 15, 3, 18, 11, 8, 
89: 37, 0, 0, 0, 0, 15, 0, 0, 15, 0, 0, 15, 0, 22, 0, 15, 15, 0, 0, 0, 3, 0, 39, 0, 15, 0, 15, 15, 0, 15, 0, 0, 21, 0, 18, 0, 0, 0, 15, 0, : 37, 15, 15, 15, 22, 15, 15, 3, 39, 15, 15, 15, 15, 21, 18, 15, 
226: 15, 0, 0, 15, 0, 0, 15, 0, 0, 0, 0, 0, 0, 0, 0, 0, 15, 15, 0, 16, 25, 0, 0, 0, 0, 15, 0, 0, 16, 0, 15, 0, 20, 0, 0, 0, 15, 0, 0, 15, : 15, 15, 15, 15, 15, 16, 25, 15, 16, 15, 20, 15, 15, 
374: 17, 21, 0, 0, 0, 0, 0, 0, 0, 0, 0, 0, 0, 0, 15, 0, 0, 0, 15, 13, 0, 19, 0, 0, 15, 15, 15, 0, 0, 0, 32, 0, 15, 23, 0, 14, 0, 0, 0, 15, : 17, 21, 15, 15, 13, 19, 15, 15, 15, 32, 15, 23, 14, 15, 


90: 15, 21, 0, 0, 0, 24, 0, 0, 1, 10, 0, 0, 15, 0, 0, 22, 15, 18, 0, 15, 0, 0, 15, 0, 0, 15, 16, 0, 0, 0, 0, 15, 0, 0, 0, 15, 15, 0, 0, 15, : 15, 21, 24, 1, 10, 15, 22, 15, 18, 15, 15, 15, 16, 15, 15, 15, 15, 
15: 0, 0, 15, 17, 15, 0, 0, 0, 18, 0, 0, 0, 0, 15, 0, 0, 0, 7, 0, 0, 0, 0, 5, 15, 0, 18, 15, 15, 0, 0, 18, 0, 23, 17, 0, 15, 0, 17, 7, 0, : 15, 17, 15, 18, 15, 7, 5, 15, 18, 15, 15, 18, 23, 17, 15, 17, 7, 
170: 0, 15, 0, 15, 24, 0, 15, 0, 0, 0, 0, 0, 15, 0, 0, 0, 0, 15, 0, 15, 12, 0, 19, 15, 0, 0, 15, 0, 0, 0, 0, 0, 15, 0, 16, 0, 0, 19, 15, 16, : 15, 15, 24, 15, 15, 15, 15, 12, 19, 15, 15, 15, 16, 19, 15, 16, 
225: 0, 0, 0, 15, 0, 15, 0, 0, 0, 0, 0, 0, 0, 0, 0, 0, 0, 15, 22, 0, 15, 15, 0, 0, 0, 0, 0, 0, 15, 15, 0, 0, 0, 0, 0, 5, 5, 13, 17, 0, : 15, 15, 15, 22, 15, 15, 15, 15, 5, 5, 13, 17, 
3: 20, 0, 0, 0, 0, 0, 0, 15, 0, 15, 0, 21, 15, 15, 0, 15, 0, 15, 0, 0, 0, 0, 0, 15, 0, 17, 0, 16, 7, 0, 0, 15, 0, 0, 15, 0, 0, 0, 0, 15, : 20, 15, 15, 21, 15, 15, 15, 15, 15, 17, 16, 7, 15, 15, 15, 
187: 4, 0, 0, 15, 0, 0, 16, 0, 15, 0, 0, 0, 0, 0, 32, 17, 0, 0, 15, 0, 15, 0, 0, 15, 20, 0, 0, 0, 0, 0, 0, 0, 0, 15, 0, 0, 0, 0, 15, 0, : 4, 15, 16, 15, 32, 17, 15, 15, 15, 20, 15, 15, 
390: 0, 15, 15, 0, 15, 19, 0, 0, 19, 15, 35, 0, 0, 0, 31, 0, 24, 0, 15, 0, 15, 0, 0, 0, 15, 15, 0, 0, 0, 0, 15, 0, 15, 4, 0, 0, 0, 21, 0, 0, : 15, 15, 15, 19, 19, 15, 35, 31, 24, 15, 15, 15, 15, 15, 15, 4, 21, 
346: 0, 34, 17, 0, 0, 11, 0, 16, 15, 0, 0, 0, 18, 15, 0, 0, 0, 0, 15, 15, 0, 0, 0, 0, 0, 0, 15, 0, 0, 15, 16, 0, 0, 0, 0, 16, 0, 15, 15, 0, : 34, 17, 11, 16, 15, 18, 15, 15, 15, 15, 15, 16, 16, 15, 15, 
56: 0, 0, 2, 0, 0, 0, 0, 16, 15, 0, 15, 16, 0, 0, 0, 0, 0, 15, 1, 0, 22, 0, 0, 0, 0, 0, 5, 0, 0, 0, 0, 0, 0, 0, 22, 0, 0, 0, 16, 0, : 2, 16, 15, 15, 16, 15, 1, 22, 5, 22, 16, 
183: 16, 0, 0, 7, 0, 15, 0, 0, 17, 0, 0, 0, 0, 15, 0, 0, 0, 0, 0, 0, 0, 0, 0, 0, 0, 0, 0, 0, 16, 0, 15, 0, 0, 0, 0, 0, 0, 0, 0, 0, : 16, 7, 15, 17, 15, 16, 15, 
97: 0, 15, 0, 0, 15, 0, 18, 0, 0, 15, 0, 0, 0, 0, 0, 0, 19, 0, 0, 0, 0, 0, 15, 0, 0, 0, 0, 15, 0, 0, 15, 0, 4, 24, 0, 0, 0, 0, 0, 0, : 15, 15, 18, 15, 19, 15, 15, 15, 4, 24, 
262: 0, 0, 0, 0, 15, 0, 0, 0, 0, 0, 13, 0, 18, 15, 0, 0, 12, 15, 0, 0, 0, 15, 0, 0, 17, 0, 18, 15, 15, 15, 0, 1, 0, 0, 15, 0, 15, 0, 0, 0, : 15, 13, 18, 15, 12, 15, 15, 17, 18, 15, 15, 15, 1, 15, 15, 
323: 15, 0, 0, 0, 0, 0, 0, 0, 0, 0, 0, 15, 0, 0, 7, 0, 0, 0, 0, 0, 0, 21, 15, 0, 20, 17, 16, 0, 15, 0, 0, 15, 0, 15, 0, 19, 15, 0, 0, 5, : 15, 15, 7, 21, 15, 20, 17, 16, 15, 15, 15, 19, 15, 5, 
278: 0, 0, 0, 0, 0, 16, 0, 0, 0, 15, 0, 0, 0, 15, 0, 0, 0, 0, 0, 0, 0, 0, 0, 0, 0, 18, 0, 19, 0, 0, 0, 0, 0, 0, 17, 0, 15, 0, 0, 15, : 16, 15, 15, 18, 19, 17, 15, 15, 
174: 15, 0, 0, 15, 0, 0, 0, 0, 0, 15, 22, 0, 0, 0, 0, 0, 0, 0, 15, 0, 0, 0, 16, 0, 15, 0, 0, 0, 0, 0, 0, 24, 19, 25, 0, 15, 0, 15, 0, 0, : 15, 15, 15, 22, 15, 16, 15, 24, 19, 25, 15, 15, 
141: 0, 0, 15, 0, 0, 0, 20, 0, 0, 0, 0, 0, 0, 0, 15, 22, 0, 0, 0, 0, 0, 19, 0, 15, 0, 0, 0, 0, 17, 15, 0, 0, 0, 0, 0, 0, 20, 0, 0, 0, : 15, 20, 15, 22, 19, 15, 17, 15, 20, 
395: 0, 0, 0, 0, 16, 0, 0, 0, 0, 0, 0, 0, 15, 10, 0, 0, 15, 0, 0, 15, 0, 15, 0, 10, 13, 0, 0, 5, 15, 15, 15, 15, 24, 0, 0, 0, 0, 0, 0, 19, : 16, 15, 10, 15, 15, 15, 10, 13, 5, 15, 15, 15, 15, 24, 19, 
317: 15, 0, 21, 16, 0, 0, 15, 15, 0, 15, 0, 16, 4, 0, 15, 9, 15, 0, 0, 15, 0, 0, 15, 0, 0, 0, 0, 0, 0, 0, 6, 0, 0, 0, 15, 0, 0, 0, 0, 0, : 15, 21, 16, 15, 15, 15, 16, 4, 15, 9, 15, 15, 15, 6, 15, 
333: 0, 0, 15, 0, 0, 0, 16, 15, 0, 0, 0, 20, 0, 0, 0, 0, 0, 0, 17, 15, 21, 0, 0, 15, 0, 0, 0, 0, 0, 8, 0, 0, 0, 0, 0, 15, 15, 0, 0, 0, : 15, 16, 15, 20, 17, 15, 21, 15, 8, 15, 15, 
24: 0, 0, 0, 0, 0, 0, 0, 23, 0, 0, 15, 12, 0, 0, 0, 15, 0, 0, 0, 10, 0, 15, 0, 0, 0, 0, 0, 15, 0, 17, 0, 15, 0, 0, 0, 0, 0, 0, 15, 15, : 23, 15, 12, 15, 10, 15, 15, 17, 15, 15, 15, 


138: 0, 0, 16, 0, 0, 0, 16, 0, 24, 19, 0, 0, 0, 0, 0, 0, 0, 10, 0, 0, 0, 0, 0, 15, 0, 0, 0, 0, 0, 0, 0, 18, 19, 0, 0, 15, 0, 15, 0, 15, : 16, 16, 24, 19, 10, 15, 18, 19, 15, 15, 15, 
368: 0, 15, 0, 0, 0, 15, 0, 0, 0, 0, 0, 18, 0, 0, 19, 0, 0, 0, 15, 0, 0, 0, 12, 0, 16, 0, 0, 15, 0, 0, 24, 1, 0, 15, 0, 0, 19, 0, 0, 0, : 15, 15, 18, 19, 15, 12, 16, 15, 24, 1, 15, 19, 
364: 15, 23, 15, 0, 15, 0, 0, 31, 0, 15, 0, 0, 0, 15, 0, 0, 0, 15, 0, 0, 0, 0, 15, 0, 15, 15, 0, 15, 0, 13, 0, 0, 0, 0, 15, 0, 0, 0, 0, 16, : 15, 23, 15, 15, 31, 15, 15, 15, 15, 15, 15, 15, 13, 15, 16, 
111: 0, 0, 0, 15, 0, 25, 0, 0, 0, 0, 15, 0, 0, 0, 0, 0, 17, 0, 0, 0, 16, 15, 0, 0, 0, 0, 0, 0, 0, 15, 0, 19, 15, 0, 0, 0, 0, 0, 0, 0, : 15, 25, 15, 17, 16, 15, 15, 19, 15, 
279: 0, 18, 0, 18, 0, 15, 15, 0, 0, 0, 15, 0, 0, 0, 0, 15, 4, 0, 0, 9, 15, 0, 0, 0, 15, 0, 0, 15, 19, 0, 0, 0, 0, 0, 15, 0, 0, 0, 0, 0, : 18, 18, 15, 15, 15, 15, 4, 9, 15, 15, 15, 19, 15, 
82: 15, 0, 0, 15, 15, 0, 0, 0, 0, 0, 0, 5, 4, 0, 15, 0, 0, 15, 0, 0, 0, 0, 0, 0, 0, 0, 20, 2, 0, 25, 15, 0, 15, 24, 0, 0, 0, 0, 0, 0, : 15, 15, 15, 5, 4, 15, 15, 20, 2, 25, 15, 15, 24, 
255: 0, 0, 0, 4, 15, 15, 0, 0, 0, 0, 0, 15, 0, 16, 17, 0, 0, 0, 16, 0, 0, 0, 0, 0, 0, 15, 15, 0, 0, 0, 0, 15, 0, 16, 0, 15, 23, 0, 0, 0, : 4, 15, 15, 15, 16, 17, 16, 15, 15, 15, 16, 15, 23, 
371: 0, 0, 0, 0, 0, 0, 0, 0, 0, 0, 0, 0, 15, 0, 3, 0, 0, 0, 0, 16, 17, 0, 0, 0, 0, 15, 0, 0, 16, 15, 15, 0, 0, 0, 15, 15, 0, 0, 15, 0, : 15, 3, 16, 17, 15, 16, 15, 15, 15, 15, 15, 
221: 3, 0, 15, 0, 0, 0, 15, 15, 19, 0, 15, 15, 0, 0, 0, 0, 0, 15, 0, 0, 17, 15, 18, 0, 15, 0, 0, 17, 0, 0, 27, 15, 0, 0, 15, 15, 0, 25, 10, 0, : 3, 15, 15, 15, 19, 15, 15, 15, 17, 15, 18, 15, 17, 27, 15, 15, 15, 25, 10, 
196: 0, 0, 0, 0, 9, 0, 0, 15, 0, 0, 0, 0, 17, 0, 15, 15, 0, 15, 0, 0, 0, 0, 22, 16, 0, 0, 15, 0, 20, 0, 0, 0, 0, 0, 0, 15, 8, 0, 15, 0, : 9, 15, 17, 15, 15, 15, 22, 16, 15, 20, 15, 8, 15, 
107: 0, 0, 0, 0, 15, 0, 0, 0, 18, 0, 0, 0, 0, 0, 0, 21, 0, 0, 0, 15, 0, 0, 0, 0, 0, 16, 0, 0, 8, 0, 0, 0, 15, 15, 16, 0, 0, 0, 15, 15, : 15, 18, 21, 15, 16, 8, 15, 15, 16, 15, 15, 
369: 0, 0, 0, 15, 0, 0, 15, 9, 0, 15, 0, 15, 0, 16, 0, 0, 0, 0, 0, 0, 20, 16, 0, 15, 7, 15, 0, 21, 16, 0, 0, 17, 0, 15, 0, 0, 0, 15, 0, 0, : 15, 15, 9, 15, 15, 16, 20, 16, 15, 7, 15, 21, 16, 17, 15, 15, 
182: 20, 12, 0, 15, 0, 15, 19, 0, 0, 0, 0, 0, 0, 0, 0, 17, 16, 15, 0, 15, 0, 0, 0, 0, 0, 0, 16, 0, 21, 17, 15, 0, 0, 0, 9, 0, 0, 15, 0, 15, : 20, 12, 15, 15, 19, 17, 16, 15, 15, 16, 21, 17, 15, 9, 15, 15, 
334: 0, 0, 15, 0, 0, 0, 15, 0, 0, 20, 0, 16, 0, 20, 0, 0, 0, 0, 27, 0, 15, 15, 18, 0, 0, 0, 0, 0, 0, 0, 0, 0, 0, 0, 0, 15, 19, 15, 0, 0, : 15, 15, 20, 16, 20, 27, 15, 15, 18, 15, 19, 15, 
9: 15, 15, 0, 0, 0, 0, 5, 0, 0, 16, 0, 16, 0, 0, 0, 0, 0, 0, 15, 15, 0, 0, 15, 15, 0, 0, 4, 15, 0, 0, 4, 0, 0, 0, 0, 0, 16, 0, 15, 5, : 15, 15, 5, 16, 16, 15, 15, 15, 15, 4, 15, 4, 16, 15, 5, 
361: 0, 0, 0, 0, 0, 15, 0, 0, 15, 0, 12, 0, 15, 15, 0, 0, 18, 15, 0, 0, 0, 0, 0, 6, 0, 16, 15, 0, 0, 15, 0, 0, 0, 15, 15, 0, 0, 0, 15, 15, : 15, 15, 12, 15, 15, 18, 15, 6, 16, 15, 15, 15, 15, 15, 15, 
168: 0, 17, 0, 18, 15, 0, 0, 0, 0, 0, 0, 0, 15, 0, 15, 17, 0, 0, 23, 15, 0, 15, 0, 18, 0, 0, 15, 0, 0, 0, 0, 0, 15, 0, 0, 0, 0, 0, 0, 0, : 17, 18, 15, 15, 15, 17, 23, 15, 15, 18, 15, 15, 
113: 0, 0, 8, 0, 0, 0, 0, 0, 17, 0, 16, 0, 15, 0, 0, 15, 15, 0, 0, 15, 0, 9, 0, 0, 0, 0, 0, 0, 0, 0, 0, 0, 0, 0, 0, 0, 15, 0, 0, 0, : 8, 17, 16, 15, 15, 15, 15, 9, 15, 
393: 17, 0, 15, 0, 16, 0, 0, 15, 7, 0, 0, 0, 0, 15, 0, 0, 15, 0, 4, 0, 0, 15, 0, 15, 17, 0, 0, 0, 0, 0, 0, 0, 21, 0, 0, 10, 0, 0, 15, 0, : 17, 15, 16, 15, 7, 15, 15, 4, 15, 15, 17, 21, 10, 15, 
148: 15, 0, 16, 0, 0, 0, 0, 15, 0, 15, 27, 0, 19, 3, 16, 0, 15, 0, 0, 0, 0, 0, 0, 0, 15, 8, 0, 0, 0, 0, 0, 15, 0, 0, 0, 0, 0, 15, 0, 19, : 15, 16, 15, 15, 27, 19, 3, 16, 15, 15, 8, 15, 15, 19, 


144: 0, 0, 0, 16, 0, 19, 15, 15, 0, 0, 15, 15, 0, 0, 0, 0, 0, 0, 0, 0, 18, 15, 0, 0, 21, 0, 0, 0, 0, 0, 0, 15, 0, 0, 0, 15, 9, 0, 15, 0, : 16, 19, 15, 15, 15, 15, 18, 15, 21, 15, 15, 9, 15, 
204: 0, 0, 18, 0, 15, 0, 34, 0, 0, 0, 0, 0, 0, 17, 15, 0, 0, 0, 15, 0, 0, 0, 0, 13, 0, 0, 16, 0, 15, 0, 15, 0, 0, 15, 24, 15, 0, 0, 0, 0, : 18, 15, 34, 17, 15, 15, 13, 16, 15, 15, 15, 24, 15, 
14: 0, 15, 15, 15, 14, 0, 0, 0, 0, 0, 15, 0, 15, 0, 0, 16, 0, 0, 0, 0, 0, 0, 0, 0, 0, 0, 0, 16, 0, 0, 0, 0, 0, 0, 0, 16, 0, 0, 0, 15, : 15, 15, 15, 14, 15, 15, 16, 16, 16, 15, 
326: 0, 0, 15, 0, 0, 15, 0, 15, 0, 15, 0, 0, 0, 0, 0, 0, 15, 0, 0, 13, 0, 15, 0, 0, 0, 15, 0, 0, 0, 0, 0, 0, 0, 0, 0, 0, 16, 5, 25, 15, : 15, 15, 15, 15, 15, 13, 15, 15, 16, 5, 25, 15, 
382: 0, 0, 0, 0, 0, 0, 0, 15, 29, 0, 0, 15, 19, 15, 0, 0, 19, 20, 0, 0, 15, 0, 0, 0, 11, 0, 0, 0, 0, 15, 0, 0, 0, 0, 0, 0, 15, 0, 0, 0, : 15, 29, 15, 19, 15, 19, 20, 15, 11, 15, 15, 
268: 6, 0, 0, 15, 0, 0, 15, 0, 15, 15, 0, 0, 0, 0, 16, 16, 0, 0, 0, 0, 0, 0, 0, 0, 15, 15, 0, 0, 19, 0, 0, 14, 0, 0, 0, 15, 15, 16, 0, 0, : 6, 15, 15, 15, 15, 16, 16, 15, 15, 19, 14, 15, 15, 16, 
176: 15, 0, 0, 0, 0, 0, 15, 0, 0, 0, 0, 0, 0, 16, 9, 15, 0, 22, 16, 15, 15, 9, 0, 0, 0, 0, 7, 0, 0, 0, 17, 0, 16, 0, 16, 0, 0, 18, 15, 0, : 15, 15, 16, 9, 15, 22, 16, 15, 15, 9, 7, 17, 16, 16, 18, 15, 
302: 22, 0, 15, 0, 0, 0, 0, 0, 0, 0, 0, 0, 15, 0, 0, 0, 15, 12, 0, 15, 0, 0, 0, 15, 16, 16, 0, 5, 0, 15, 0, 0, 0, 7, 0, 0, 0, 0, 0, 0, : 22, 15, 15, 15, 12, 15, 15, 16, 16, 5, 15, 7, 
313: 0, 0, 0, 15, 24, 0, 15, 0, 0, 15, 0, 15, 2, 0, 15, 0, 0, 0, 16, 15, 0, 0, 0, 0, 15, 0, 0, 0, 0, 0, 0, 15, 18, 0, 0, 0, 0, 0, 0, 15, : 15, 24, 15, 15, 15, 2, 15, 16, 15, 15, 15, 18, 15, 
99: 0, 0, 0, 0, 0, 0, 0, 15, 0, 15, 0, 15, 15, 0, 0, 0, 0, 0, 0, 0, 0, 0, 15, 18, 0, 0, 0, 0, 18, 0, 0, 0, 0, 15, 17, 0, 0, 0, 5, 25, : 15, 15, 15, 15, 15, 18, 18, 15, 17, 5, 25, 
272: 0, 0, 0, 0, 0, 0, 6, 0, 0, 0, 15, 0, 0, 0, 0, 7, 15, 0, 16, 0, 15, 15, 0, 0, 0, 0, 15, 0, 0, 15, 15, 0, 20, 15, 0, 9, 15, 0, 20, 0, : 6, 15, 7, 15, 16, 15, 15, 15, 15, 15, 20, 15, 9, 15, 20, 
127: 0, 0, 15, 0, 0, 0, 0, 8, 0, 15, 0, 0, 15, 0, 15, 15, 4, 15, 20, 16, 15, 15, 0, 0, 22, 16, 0, 0, 12, 0, 15, 0, 15, 0, 0, 0, 0, 15, 0, 0, : 15, 8, 15, 15, 15, 15, 4, 15, 20, 16, 15, 15, 22, 16, 12, 15, 15, 15, 
5: 0, 0, 0, 0, 0, 25, 0, 0, 0, 16, 0, 0, 0, 20, 0, 16, 0, 0, 0, 0, 0, 16, 0, 0, 0, 7, 16, 15, 20, 0, 0, 29, 0, 0, 0, 0, 0, 15, 0, 0, : 25, 16, 20, 16, 16, 7, 16, 15, 20, 29, 15, 
106: 26, 2, 0, 0, 15, 16, 0, 15, 17, 0, 15, 15, 0, 0, 0, 15, 0, 16, 0, 0, 0, 0, 6, 0, 0, 0, 0, 15, 0, 24, 0, 0, 0, 15, 15, 0, 15, 0, 20, 0, : 26, 2, 15, 16, 15, 17, 15, 15, 15, 16, 6, 15, 24, 15, 15, 15, 20, 
205: 0, 29, 17, 18, 17, 15, 0, 0, 0, 0, 0, 0, 0, 16, 0, 0, 16, 0, 16, 0, 7, 0, 0, 15, 0, 0, 0, 19, 0, 0, 0, 0, 0, 16, 0, 0, 0, 16, 0, 15, : 29, 17, 18, 17, 15, 16, 16, 16, 7, 15, 19, 16, 16, 15, 
143: 15, 20, 0, 4, 0, 0, 0, 0, 15, 9, 0, 25, 0, 0, 0, 0, 0, 0, 1, 0, 0, 0, 15, 24, 0, 0, 23, 15, 0, 0, 0, 0, 0, 0, 0, 0, 0, 0, 0, 0, : 15, 20, 4, 15, 9, 25, 1, 15, 24, 23, 15, 
7: 0, 0, 0, 0, 15, 10, 0, 17, 0, 0, 15, 0, 0, 0, 15, 0, 0, 0, 0, 0, 0, 0, 15, 0, 0, 0, 0, 0, 0, 0, 15, 27, 0, 0, 0, 0, 15, 0, 0, 0, : 15, 10, 17, 15, 15, 15, 15, 27, 15, 
254: 0, 0, 5, 0, 0, 0, 0, 0, 15, 0, 15, 0, 0, 0, 0, 0, 0, 15, 0, 0, 0, 0, 18, 0, 0, 16, 0, 0, 0, 7, 15, 0, 0, 0, 15, 15, 0, 0, 0, 0, : 5, 15, 15, 15, 18, 16, 7, 15, 15, 15, 
224: 0, 19, 0, 0, 0, 0, 0, 0, 0, 0, 0, 0, 0, 0, 0, 0, 16, 0, 0, 26, 15, 15, 16, 0, 0, 15, 0, 0, 16, 24, 8, 0, 16, 17, 13, 0, 0, 15, 0, 15, : 19, 16, 26, 15, 15, 16, 15, 16, 24, 8, 16, 17, 13, 15, 15, 
59: 16, 15, 0, 17, 0, 0, 0, 0, 9, 0, 10, 0, 19, 16, 15, 0, 0, 0, 0, 0, 0, 0, 15, 15, 0, 0, 23, 15, 0, 0, 0, 0, 15, 0, 0, 15, 0, 0, 0, 0, : 16, 15, 17, 9, 10, 19, 16, 15, 15, 15, 23, 15, 15, 15, 


219: 1, 0, 0, 0, 16, 0, 0, 0, 15, 0, 0, 0, 0, 0, 15, 0, 15, 0, 0, 15, 15, 0, 0, 0, 16, 24, 0, 0, 9, 17, 0, 0, 15, 0, 16, 18, 15, 15, 0, 15, : 1, 16, 15, 15, 15, 15, 15, 16, 24, 9, 17, 15, 16, 18, 15, 15, 15, 
167: 15, 0, 0, 5, 0, 0, 15, 0, 0, 15, 0, 16, 14, 0, 15, 0, 0, 16, 0, 0, 0, 0, 0, 0, 0, 20, 16, 0, 0, 0, 0, 0, 12, 0, 0, 10, 0, 0, 15, 15, : 15, 5, 15, 15, 16, 14, 15, 16, 20, 16, 12, 10, 15, 15, 
81: 0, 0, 0, 0, 0, 0, 15, 0, 0, 0, 0, 25, 0, 15, 0, 0, 0, 0, 0, 0, 16, 0, 18, 15, 0, 0, 0, 0, 0, 15, 15, 15, 0, 0, 15, 0, 0, 0, 0, 15, : 15, 25, 15, 16, 18, 15, 15, 15, 15, 15, 15, 
49: 0, 16, 0, 0, 15, 24, 0, 0, 0, 2, 13, 9, 0, 7, 15, 0, 5, 0, 0, 20, 0, 23, 15, 0, 0, 0, 0, 0, 0, 0, 0, 0, 0, 0, 0, 0, 15, 0, 18, 0, : 16, 15, 24, 2, 13, 9, 7, 15, 5, 20, 23, 15, 15, 18, 
372: 0, 0, 0, 0, 0, 0, 0, 0, 0, 17, 0, 16, 15, 15, 0, 15, 20, 15, 0, 0, 15, 0, 18, 22, 15, 0, 0, 0, 0, 0, 0, 0, 0, 15, 0, 0, 15, 0, 0, 7, : 17, 16, 15, 15, 15, 20, 15, 15, 18, 22, 15, 15, 15, 7, 
329: 0, 18, 0, 0, 0, 0, 0, 15, 17, 17, 0, 0, 25, 0, 0, 0, 0, 0, 0, 0, 15, 0, 15, 0, 0, 0, 15, 15, 0, 0, 0, 0, 0, 0, 0, 0, 0, 0, 0, 0, : 18, 15, 17, 17, 25, 15, 15, 15, 15, 
75: 15, 0, 0, 0, 9, 0, 0, 0, 15, 0, 0, 0, 0, 0, 15, 0, 0, 20, 0, 0, 0, 0, 0, 0, 19, 0, 18, 0, 22, 0, 0, 0, 0, 0, 0, 0, 0, 0, 0, 0, : 15, 9, 15, 15, 20, 19, 18, 22, 
256: 0, 15, 15, 0, 15, 15, 16, 15, 0, 0, 0, 0, 0, 17, 10, 0, 15, 0, 0, 0, 8, 0, 0, 15, 0, 16, 16, 15, 0, 0, 15, 8, 0, 15, 0, 0, 0, 0, 0, 0, : 15, 15, 15, 15, 16, 15, 17, 10, 15, 8, 15, 16, 16, 15, 15, 8, 15, 
320: 17, 0, 0, 19, 15, 0, 15, 0, 0, 17, 0, 0, 0, 16, 0, 15, 0, 0, 16, 0, 0, 16, 0, 0, 0, 0, 0, 9, 15, 0, 0, 15, 0, 8, 24, 21, 8, 15, 0, 0, : 17, 19, 15, 15, 17, 16, 15, 16, 16, 9, 15, 15, 8, 24, 21, 8, 15, 
192: 15, 15, 0, 15, 0, 0, 0, 10, 0, 0, 0, 0, 15, 0, 0, 0, 0, 0, 0, 0, 16, 13, 0, 0, 15, 0, 0, 0, 0, 0, 0, 0, 0, 0, 0, 0, 17, 0, 0, 0, : 15, 15, 15, 10, 15, 16, 13, 15, 17, 
312: 0, 0, 28, 0, 0, 16, 0, 0, 0, 0, 15, 15, 15, 0, 0, 15, 0, 0, 15, 15, 0, 18, 0, 17, 18, 0, 15, 0, 0, 0, 0, 0, 0, 0, 0, 18, 0, 18, 15, 0, : 28, 16, 15, 15, 15, 15, 15, 15, 18, 17, 18, 15, 18, 18, 15, 
306: 0, 15, 15, 0, 0, 0, 0, 15, 15, 0, 15, 0, 0, 0, 0, 0, 0, 0, 23, 15, 0, 0, 16, 16, 0, 0, 15, 16, 15, 0, 15, 0, 0, 15, 0, 18, 0, 15, 7, 18, : 15, 15, 15, 15, 15, 23, 15, 16, 16, 15, 16, 15, 15, 15, 18, 15, 7, 18, 
209: 0, 0, 15, 15, 0, 0, 0, 0, 0, 0, 0, 0, 0, 0, 0, 18, 0, 28, 15, 0, 0, 0, 0, 0, 0, 0, 0, 15, 22, 15, 22, 0, 15, 0, 0, 0, 15, 7, 0, 0, : 15, 15, 18, 28, 15, 15, 22, 15, 22, 15, 15, 7, 
381: 0, 0, 0, 15, 0, 0, 0, 0, 15, 0, 15, 0, 0, 0, 0, 15, 0, 0, 16, 15, 0, 0, 15, 0, 17, 0, 0, 15, 0, 7, 2, 0, 0, 17, 15, 0, 0, 0, 0, 0, : 15, 15, 15, 15, 16, 15, 15, 17, 15, 7, 2, 17, 15, 
213: 0, 0, 0, 0, 15, 18, 19, 15, 0, 16, 0, 0, 0, 15, 0, 15, 0, 15, 0, 0, 0, 0, 0, 0, 0, 25, 0, 0, 0, 0, 0, 0, 0, 0, 0, 0, 0, 0, 15, 0, : 15, 18, 19, 15, 16, 15, 15, 15, 25, 15, 
172: 0, 15, 0, 16, 0, 12, 15, 0, 6, 0, 0, 0, 16, 0, 15, 0, 20, 0, 0, 5, 0, 15, 0, 0, 0, 0, 0, 0, 0, 16, 0, 0, 24, 0, 0, 0, 0, 15, 0, 0, : 15, 16, 12, 15, 6, 16, 15, 20, 5, 15, 16, 24, 15, 
50: 0, 0, 0, 15, 0, 0, 0, 15, 0, 16, 0, 0, 0, 0, 0, 7, 0, 0, 0, 0, 15, 0, 3, 15, 0, 0, 5, 0, 17, 15, 0, 15, 0, 0, 15, 0, 0, 15, 0, 0, : 15, 15, 16, 7, 15, 3, 15, 5, 17, 15, 15, 15, 15, 
72: 0, 0, 12, 0, 0, 0, 0, 15, 17, 0, 27, 0, 0, 0, 15, 0, 0, 0, 0, 0, 0, 0, 0, 0, 0, 0, 0, 0, 0, 15, 15, 15, 15, 30, 15, 15, 0, 0, 15, 15, : 12, 15, 17, 27, 15, 15, 15, 15, 15, 30, 15, 15, 15, 15, 
190: 17, 6, 0, 0, 0, 0, 5, 0, 0, 0, 15, 0, 0, 0, 0, 0, 0, 6, 15, 15, 0, 15, 0, 0, 0, 15, 0, 15, 0, 0, 0, 15, 19, 0, 0, 0, 15, 0, 0, 15, : 17, 6, 5, 15, 6, 15, 15, 15, 15, 15, 15, 19, 15, 15, 
37: 20, 0, 15, 0, 15, 15, 0, 0, 0, 0, 0, 19, 0, 15, 0, 0, 25, 0, 0, 0, 0, 0, 0, 0, 0, 0, 0, 0, 0, 0, 16, 17, 0, 0, 0, 0, 0, 0, 15, 0, : 20, 15, 15, 15, 19, 15, 25, 16, 17, 15, 


332: 0, 0, 27, 15, 0, 4, 15, 0, 0, 0, 0, 26, 0, 0, 0, 0, 0, 0, 0, 0, 23, 15, 15, 0, 6, 0, 15, 0, 16, 0, 0, 0, 0, 22, 15, 20, 0, 15, 0, 0, : 27, 15, 4, 15, 26, 23, 15, 15, 6, 15, 16, 22, 15, 20, 15, 
55: 15, 0, 15, 15, 0, 0, 0, 0, 0, 0, 0, 0, 15, 0, 15, 0, 17, 0, 0, 0, 0, 20, 0, 15, 0, 0, 0, 0, 0, 22, 15, 0, 0, 0, 15, 0, 0, 0, 15, 15, : 15, 15, 15, 15, 15, 17, 20, 15, 22, 15, 15, 15, 15, 
281: 6, 0, 0, 0, 0, 20, 0, 15, 0, 0, 0, 0, 0, 0, 19, 0, 0, 20, 20, 0, 0, 1, 16, 0, 0, 0, 8, 0, 15, 0, 0, 0, 0, 19, 0, 0, 15, 1, 15, 0, : 6, 20, 15, 19, 20, 20, 1, 16, 8, 15, 19, 15, 1, 15, 
394: 0, 15, 0, 0, 30, 0, 0, 0, 0, 0, 0, 0, 0, 0, 18, 0, 15, 0, 15, 0, 0, 0, 0, 16, 0, 15, 0, 0, 0, 9, 0, 0, 3, 0, 0, 0, 0, 0, 15, 0, : 15, 30, 18, 15, 15, 16, 15, 9, 3, 15, 
336: 0, 19, 0, 0, 0, 0, 0, 15, 0, 15, 15, 15, 0, 24, 0, 15, 0, 16, 0, 0, 0, 0, 0, 0, 16, 0, 0, 0, 0, 0, 15, 0, 0, 0, 0, 15, 0, 15, 0, 0, : 19, 15, 15, 15, 15, 24, 15, 16, 16, 15, 15, 15, 
211: 0, 0, 28, 0, 18, 0, 0, 21, 19, 0, 17, 0, 0, 0, 15, 0, 23, 0, 15, 15, 15, 0, 0, 0, 17, 0, 0, 0, 15, 0, 0, 12, 15, 0, 28, 0, 15, 0, 0, 15, : 28, 18, 21, 19, 17, 15, 23, 15, 15, 15, 17, 15, 12, 15, 28, 15, 15, 
289: 0, 19, 0, 18, 0, 0, 0, 0, 0, 0, 15, 0, 0, 0, 0, 0, 0, 0, 17, 0, 0, 19, 15, 0, 0, 0, 0, 15, 0, 16, 9, 15, 0, 0, 0, 15, 14, 0, 10, 0, : 19, 18, 15, 17, 19, 15, 15, 16, 9, 15, 15, 14, 10, 
103: 19, 0, 0, 0, 7, 0, 0, 15, 15, 0, 0, 0, 0, 15, 15, 0, 0, 0, 15, 4, 0, 0, 15, 0, 0, 0, 0, 0, 0, 0, 16, 0, 15, 0, 0, 15, 15, 0, 15, 16, : 19, 7, 15, 15, 15, 15, 15, 4, 15, 16, 15, 15, 15, 15, 16, 
296: 0, 0, 0, 0, 0, 17, 14, 0, 0, 0, 0, 0, 31, 0, 0, 0, 16, 0, 16, 18, 0, 15, 7, 0, 0, 0, 16, 30, 0, 0, 15, 27, 15, 15, 0, 0, 0, 0, 0, 0, : 17, 14, 31, 16, 16, 18, 15, 7, 16, 30, 15, 27, 15, 15, 
35: 0, 17, 0, 0, 0, 0, 0, 32, 0, 15, 15, 0, 15, 0, 1, 15, 0, 9, 0, 0, 15, 0, 0, 0, 16, 0, 0, 0, 0, 15, 0, 0, 37, 0, 0, 0, 0, 0, 0, 19, : 17, 32, 15, 15, 15, 1, 15, 9, 15, 16, 15, 37, 19, 
132: 15, 0, 0, 0, 0, 0, 0, 0, 0, 15, 0, 0, 0, 22, 0, 0, 0, 0, 0, 15, 0, 0, 0, 0, 0, 15, 15, 0, 16, 0, 0, 16, 0, 0, 0, 0, 0, 0, 0, 15, : 15, 15, 22, 15, 15, 15, 16, 16, 15, 
8: 0, 15, 19, 15, 0, 24, 0, 0, 0, 0, 0, 15, 16, 0, 0, 0, 0, 0, 0, 0, 0, 0, 0, 0, 0, 4, 0, 0, 0, 17, 0, 0, 0, 0, 0, 0, 0, 0, 0, 0, : 15, 19, 15, 24, 15, 16, 4, 17, 
392: 0, 0, 0, 0, 0, 0, 15, 2, 15, 0, 0, 0, 0, 0, 0, 10, 0, 0, 0, 0, 17, 0, 0, 15, 0, 0, 0, 15, 8, 21, 0, 0, 0, 0, 0, 0, 0, 0, 0, 5, : 15, 2, 15, 10, 17, 15, 15, 8, 21, 5, 
215: 0, 0, 11, 11, 15, 15, 0, 0, 15, 15, 2, 0, 0, 23, 0, 15, 0, 15, 2, 0, 0, 0, 0, 8, 15, 0, 0, 0, 0, 0, 0, 0, 0, 0, 0, 11, 0, 0, 0, 0, : 11, 11, 15, 15, 15, 15, 2, 23, 15, 15, 2, 8, 15, 11, 
96: 15, 0, 0, 0, 0, 0, 0, 0, 4, 15, 15, 0, 0, 0, 0, 0, 14, 25, 0, 33, 0, 15, 0, 0, 0, 0, 15, 3, 15, 0, 0, 0, 0, 14, 0, 0, 19, 18, 0, 0, : 15, 4, 15, 15, 14, 25, 33, 15, 15, 3, 15, 14, 19, 18, 
65: 15, 0, 0, 0, 0, 0, 16, 0, 0, 15, 0, 15, 0, 0, 0, 15, 0, 0, 0, 0, 15, 0, 0, 15, 0, 0, 0, 0, 0, 0, 0, 15, 0, 0, 18, 0, 0, 20, 15, 0, : 15, 16, 15, 15, 15, 15, 15, 15, 18, 20, 15, 
13: 0, 15, 0, 26, 0, 20, 0, 0, 0, 0, 0, 0, 0, 0, 17, 0, 0, 15, 0, 0, 0, 0, 0, 0, 15, 15, 0, 0, 15, 0, 0, 15, 0, 0, 19, 24, 0, 15, 0, 0, : 15, 26, 20, 17, 15, 15, 15, 15, 15, 19, 24, 15, 
251: 15, 0, 0, 0, 0, 0, 0, 0, 0, 10, 0, 15, 0, 0, 0, 15, 0, 0, 0, 15, 15, 0, 17, 15, 0, 15, 15, 20, 0, 0, 0, 0, 15, 15, 0, 0, 0, 16, 0, 0, : 15, 10, 15, 15, 15, 15, 17, 15, 15, 15, 20, 15, 15, 16, 
389: 0, 0, 0, 0, 15, 0, 20, 0, 17, 0, 0, 0, 5, 16, 0, 15, 0, 0, 0, 0, 0, 15, 15, 16, 0, 16, 0, 17, 0, 0, 15, 0, 0, 0, 5, 0, 22, 0, 15, 0, : 15, 20, 17, 5, 16, 15, 15, 15, 16, 16, 17, 15, 5, 22, 15, 
100: 0, 0, 0, 0, 15, 0, 20, 0, 15, 0, 21, 14, 18, 0, 0, 0, 15, 0, 0, 0, 0, 0, 0, 0, 15, 20, 16, 0, 0, 0, 15, 0, 0, 15, 0, 0, 0, 0, 0, 15, : 15, 20, 15, 21, 14, 18, 15, 15, 20, 16, 15, 15, 15, 


11: 0, 0, 0, 0, 0, 17, 0, 0, 0, 0, 18, 0, 0, 0, 0, 0, 0, 0, 0, 35, 0, 0, 0, 16, 21, 22, 0, 0, 0, 0, 0, 15, 9, 17, 17, 0, 15, 0, 0, 0, : 17, 18, 35, 16, 21, 22, 15, 9, 17, 17, 15, 
36: 0, 18, 15, 0, 0, 0, 15, 0, 0, 0, 0, 0, 17, 15, 0, 0, 0, 0, 15, 0, 0, 0, 0, 31, 0, 0, 0, 15, 0, 5, 0, 0, 0, 15, 0, 0, 15, 0, 0, 0, : 18, 15, 15, 17, 15, 15, 31, 15, 5, 15, 15, 
240: 0, 0, 15, 0, 15, 0, 0, 0, 0, 15, 0, 0, 0, 0, 0, 2, 0, 0, 0, 0, 0, 8, 0, 0, 0, 0, 17, 0, 16, 16, 0, 0, 0, 15, 0, 15, 0, 18, 0, 0, : 15, 15, 15, 2, 8, 17, 16, 16, 15, 15, 18, 
222: 0, 15, 0, 7, 1, 15, 0, 27, 0, 15, 0, 15, 0, 0, 0, 0, 15, 15, 0, 0, 0, 0, 0, 0, 0, 0, 0, 0, 0, 0, 20, 0, 15, 0, 30, 16, 0, 0, 15, 0, : 15, 7, 1, 15, 27, 15, 15, 15, 15, 20, 15, 30, 16, 15, 
147: 26, 28, 16, 0, 0, 0, 0, 13, 0, 0, 0, 15, 0, 15, 0, 27, 7, 0, 15, 0, 15, 0, 0, 0, 1, 15, 0, 15, 15, 0, 15, 0, 15, 0, 0, 0, 0, 20, 14, 0, : 26, 28, 16, 13, 15, 15, 27, 7, 15, 15, 1, 15, 15, 15, 15, 15, 20, 14, 
51: 0, 0, 0, 0, 15, 0, 15, 0, 0, 0, 0, 0, 15, 0, 0, 0, 0, 0, 0, 0, 3, 26, 25, 0, 0, 0, 0, 0, 0, 0, 0, 15, 15, 0, 23, 0, 0, 16, 15, 16, : 15, 15, 15, 3, 26, 25, 15, 15, 23, 16, 15, 16, 
309: 0, 15, 0, 0, 21, 15, 15, 0, 0, 0, 0, 0, 0, 0, 10, 0, 0, 0, 0, 0, 15, 16, 15, 17, 16, 0, 0, 0, 0, 17, 0, 0, 16, 0, 0, 16, 15, 0, 0, 0, : 15, 21, 15, 15, 10, 15, 16, 15, 17, 16, 17, 16, 16, 15, 
45: 13, 0, 0, 0, 0, 0, 0, 15, 15, 0, 0, 15, 0, 0, 15, 0, 0, 9, 0, 0, 0, 19, 0, 0, 18, 0, 15, 0, 0, 17, 0, 10, 0, 0, 0, 0, 0, 0, 20, 15, : 13, 15, 15, 15, 15, 9, 19, 18, 15, 17, 10, 20, 15, 
337: 16, 9, 0, 16, 15, 0, 15, 15, 11, 0, 15, 0, 15, 0, 15, 0, 0, 16, 0, 0, 0, 0, 27, 0, 0, 0, 0, 9, 15, 0, 0, 0, 15, 0, 15, 0, 0, 0, 0, 0, : 16, 9, 16, 15, 15, 15, 11, 15, 15, 15, 16, 27, 9, 15, 15, 15, 
109: 15, 0, 15, 15, 0, 5, 19, 15, 0, 15, 16, 15, 0, 15, 15, 0, 15, 15, 0, 0, 0, 0, 0, 0, 0, 0, 0, 15, 0, 0, 0, 15, 0, 0, 0, 0, 0, 0, 21, 0, : 15, 15, 15, 5, 19, 15, 15, 16, 15, 15, 15, 15, 15, 15, 15, 21, 
319: 0, 0, 0, 0, 18, 0, 0, 0, 0, 9, 0, 15, 0, 10, 15, 0, 15, 0, 0, 0, 16, 0, 3, 0, 26, 0, 20, 0, 0, 0, 0, 0, 0, 0, 0, 0, 10, 0, 0, 15, : 18, 9, 15, 10, 15, 15, 16, 3, 26, 20, 10, 15, 
93: 15, 0, 0, 0, 0, 15, 0, 15, 0, 0, 0, 0, 0, 0, 0, 0, 0, 0, 12, 0, 16, 0, 0, 0, 0, 16, 0, 0, 0, 0, 0, 0, 0, 0, 0, 0, 15, 0, 0, 0, : 15, 15, 15, 12, 16, 16, 15, 
31: 0, 0, 0, 0, 0, 0, 0, 0, 0, 15, 0, 0, 0, 0, 0, 0, 16, 0, 0, 15, 20, 0, 0, 15, 0, 19, 17, 0, 0, 0, 0, 15, 0, 15, 0, 16, 0, 0, 0, 0, : 15, 16, 15, 20, 15, 19, 17, 15, 15, 16, 
171: 0, 0, 15, 16, 15, 18, 0, 0, 20, 16, 0, 18, 5, 15, 0, 15, 16, 0, 0, 30, 0, 0, 0, 0, 0, 0, 0, 15, 22, 0, 10, 0, 0, 0, 15, 0, 0, 0, 0, 4, : 15, 16, 15, 18, 20, 16, 18, 5, 15, 15, 16, 30, 15, 22, 10, 15, 4, 
330: 0, 0, 0, 15, 0, 0, 0, 0, 15, 0, 0, 0, 17, 15, 0, 20, 0, 16, 16, 0, 15, 0, 0, 0, 0, 0, 16, 0, 0, 0, 0, 0, 0, 15, 0, 15, 0, 0, 15, 20, : 15, 15, 17, 15, 20, 16, 16, 15, 16, 15, 15, 15, 20, 
104: 0, 0, 0, 0, 0, 15, 0, 0, 16, 0, 15, 0, 15, 0, 0, 19, 0, 0, 0, 20, 0, 0, 15, 0, 18, 0, 0, 0, 0, 0, 25, 15, 0, 0, 0, 7, 15, 10, 0, 15, : 15, 16, 15, 15, 19, 20, 15, 18, 25, 15, 7, 15, 10, 15, 
269: 0, 0, 9, 0, 0, 0, 16, 0, 23, 15, 6, 0, 0, 0, 0, 0, 16, 0, 21, 0, 0, 0, 15, 0, 0, 2, 0, 31, 15, 15, 0, 0, 0, 16, 0, 0, 0, 15, 0, 0, : 9, 16, 23, 15, 6, 16, 21, 15, 2, 31, 15, 15, 16, 15, 
351: 15, 0, 0, 0, 0, 0, 5, 0, 0, 0, 15, 7, 16, 0, 15, 0, 0, 29, 0, 0, 0, 0, 0, 6, 0, 26, 0, 0, 15, 15, 15, 0, 0, 0, 0, 15, 0, 0, 0, 15, : 15, 5, 15, 7, 16, 15, 29, 6, 26, 15, 15, 15, 15, 15, 
33: 0, 0, 0, 16, 0, 0, 0, 0, 0, 0, 0, 0, 0, 15, 0, 0, 0, 0, 0, 0, 0, 15, 0, 15, 0, 0, 0, 0, 2, 0, 0, 0, 15, 0, 0, 0, 15, 21, 0, 0, : 16, 15, 15, 15, 2, 15, 15, 21, 
286: 0, 15, 15, 15, 0, 0, 0, 0, 0, 0, 15, 0, 0, 0, 15, 17, 0, 0, 21, 0, 0, 16, 0, 0, 0, 0, 15, 0, 0, 15, 15, 15, 0, 7, 0, 0, 0, 0, 0, 0, : 15, 15, 15, 15, 15, 17, 21, 16, 15, 15, 15, 15, 7, 


321: 15, 0, 0, 0, 15, 0, 0, 0, 15, 8, 0, 0, 0, 15, 0, 0, 1, 0, 15, 15, 15, 15, 0, 15, 0, 0, 15, 17, 15, 15, 0, 0, 15, 0, 15, 0, 0, 0, 0, 15, : 15, 15, 15, 8, 15, 1, 15, 15, 15, 15, 15, 15, 17, 15, 15, 15, 15, 15, 
139: 0, 0, 15, 0, 15, 0, 15, 17, 0, 0, 0, 0, 16, 16, 0, 0, 0, 0, 0, 0, 15, 0, 0, 0, 0, 0, 0, 0, 0, 0, 0, 0, 0, 16, 0, 0, 15, 15, 0, 0, : 15, 15, 15, 17, 16, 16, 15, 16, 15, 15, 
189: 15, 0, 0, 15, 0, 0, 0, 0, 0, 0, 0, 0, 0, 0, 0, 0, 0, 0, 0, 15, 15, 0, 16, 0, 0, 25, 0, 0, 0, 0, 0, 0, 0, 0, 0, 0, 0, 0, 17, 0, : 15, 15, 15, 15, 16, 25, 17, 
40: 8, 15, 5, 16, 0, 0, 0, 0, 0, 15, 4, 0, 0, 15, 0, 16, 0, 0, 0, 0, 0, 6, 0, 24, 0, 0, 15, 0, 8, 15, 16, 0, 0, 0, 15, 0, 15, 0, 0, 0, : 8, 15, 5, 16, 15, 4, 15, 16, 6, 24, 15, 8, 15, 16, 15, 15, 
122: 0, 0, 0, 0, 15, 17, 0, 0, 0, 31, 0, 0, 0, 0, 0, 15, 0, 0, 20, 0, 0, 0, 2, 15, 0, 0, 0, 15, 15, 0, 0, 15, 0, 0, 0, 33, 15, 15, 15, 15, : 15, 17, 31, 15, 20, 2, 15, 15, 15, 15, 33, 15, 15, 15, 15, 
305: 15, 0, 0, 0, 0, 0, 0, 0, 0, 0, 0, 0, 4, 0, 0, 0, 0, 0, 0, 19, 0, 0, 0, 0, 15, 0, 0, 0, 0, 15, 0, 15, 3, 15, 0, 0, 0, 0, 0, 0, : 15, 4, 19, 15, 15, 15, 3, 15, 
347: 0, 0, 16, 0, 0, 0, 0, 0, 0, 0, 15, 0, 0, 15, 0, 0, 0, 0, 16, 0, 0, 0, 15, 0, 0, 0, 0, 0, 0, 0, 0, 0, 0, 0, 10, 0, 0, 0, 0, 15, : 16, 15, 15, 16, 15, 10, 15, 
396: 0, 14, 15, 0, 15, 0, 0, 0, 15, 0, 0, 16, 0, 17, 6, 16, 0, 0, 15, 0, 15, 19, 18, 0, 15, 0, 15, 15, 17, 0, 0, 0, 0, 15, 0, 4, 0, 23, 0, 15, : 14, 15, 15, 15, 16, 17, 6, 16, 15, 15, 19, 18, 15, 15, 15, 17, 15, 4, 23, 15, 
42: 15, 0, 15, 0, 0, 0, 0, 15, 15, 16, 0, 22, 0, 0, 21, 0, 15, 0, 0, 4, 0, 0, 0, 0, 0, 0, 0, 15, 0, 0, 15, 7, 0, 0, 0, 0, 10, 15, 0, 0, : 15, 15, 15, 15, 16, 22, 21, 15, 4, 15, 15, 7, 10, 15, 
344: 0, 0, 0, 8, 0, 15, 0, 0, 15, 15, 15, 0, 16, 0, 35, 0, 18, 16, 0, 0, 0, 0, 15, 0, 0, 15, 0, 0, 0, 0, 0, 0, 17, 0, 0, 15, 0, 0, 15, 0, : 8, 15, 15, 15, 15, 16, 35, 18, 16, 15, 15, 17, 15, 15, 
142: 0, 0, 15, 0, 0, 0, 16, 13, 0, 0, 15, 15, 18, 0, 0, 0, 0, 0, 0, 15, 0, 0, 0, 0, 0, 0, 0, 15, 0, 5, 0, 15, 0, 6, 0, 0, 15, 0, 0, 21, : 15, 16, 13, 15, 15, 18, 15, 15, 5, 15, 6, 15, 21, 
250: 0, 0, 0, 16, 9, 0, 21, 25, 0, 0, 19, 15, 0, 0, 22, 0, 0, 0, 0, 17, 10, 15, 17, 15, 0, 0, 0, 0, 22, 15, 15, 15, 15, 0, 15, 0, 0, 0, 0, 19, : 16, 9, 21, 25, 19, 15, 22, 17, 10, 15, 17, 15, 22, 15, 15, 15, 15, 15, 19, 
212: 15, 15, 0, 0, 16, 0, 15, 0, 0, 0, 0, 0, 0, 0, 0, 15, 0, 0, 0, 0, 0, 0, 0, 0, 0, 25, 15, 8, 0, 0, 0, 0, 16, 0, 30, 0, 0, 32, 0, 0, : 15, 15, 16, 15, 15, 25, 15, 8, 16, 30, 32, 
378: 0, 0, 0, 15, 0, 0, 28, 0, 15, 0, 0, 0, 16, 0, 0, 8, 0, 15, 0, 0, 0, 15, 0, 0, 0, 19, 4, 0, 0, 0, 0, 18, 0, 0, 0, 0, 0, 0, 0, 0, : 15, 28, 15, 16, 8, 15, 15, 19, 4, 18, 
146: 17, 0, 0, 0, 0, 0, 5, 0, 0, 0, 15, 16, 0, 0, 16, 15, 17, 15, 0, 15, 0, 0, 0, 15, 16, 0, 16, 0, 0, 0, 0, 0, 0, 15, 0, 0, 0, 0, 5, 0, : 17, 5, 15, 16, 16, 15, 17, 15, 15, 15, 16, 16, 15, 5, 
311: 0, 0, 0, 0, 0, 15, 0, 15, 0, 0, 17, 0, 0, 0, 0, 0, 0, 0, 15, 0, 0, 0, 0, 16, 15, 16, 0, 0, 0, 15, 19, 0, 0, 16, 0, 0, 15, 0, 0, 0, : 15, 15, 17, 15, 16, 15, 16, 15, 19, 16, 15, 
343: 0, 21, 0, 0, 0, 16, 0, 15, 7, 15, 0, 16, 15, 0, 0, 0, 15, 0, 1, 0, 15, 0, 0, 0, 0, 0, 0, 0, 23, 0, 20, 0, 0, 0, 0, 0, 0, 0, 0, 0, : 21, 16, 15, 7, 15, 16, 15, 15, 1, 15, 23, 20, 
243: 0, 0, 19, 15, 0, 15, 0, 0, 0, 0, 0, 0, 0, 15, 0, 0, 0, 16, 18, 0, 0, 15, 0, 0, 8, 0, 0, 0, 0, 20, 0, 0, 18, 0, 0, 15, 0, 0, 15, 0, : 19, 15, 15, 15, 16, 18, 15, 8, 20, 18, 15, 15, 
119: 0, 19, 0, 15, 15, 0, 0, 0, 0, 0, 0, 0, 15, 7, 0, 0, 15, 25, 0, 0, 0, 0, 0, 0, 15, 0, 20, 0, 0, 0, 0, 0, 0, 17, 15, 15, 0, 0, 17, 0, : 19, 15, 15, 15, 7, 15, 25, 15, 20, 17, 15, 15, 17, 
360: 0, 16, 0, 0, 0, 22, 0, 0, 18, 0, 0, 0, 0, 0, 0, 15, 19, 13, 0, 0, 15, 15, 17, 0, 16, 0, 0, 15, 0, 0, 15, 15, 16, 0, 0, 18, 15, 0, 16, 0, : 16, 22, 18, 15, 19, 13, 15, 15, 17, 16, 15, 15, 15, 16, 18, 15, 16, 


150: 0, 0, 1, 16, 0, 0, 0, 0, 0, 0, 0, 0, 0, 17, 0, 0, 16, 0, 0, 0, 0, 0, 0, 0, 0, 24, 0, 0, 0, 0, 0, 0, 27, 29, 19, 0, 0, 0, 0, 15, : 1, 16, 17, 16, 24, 27, 29, 19, 15, 
95: 0, 19, 0, 0, 0, 0, 0, 12, 15, 0, 0, 0, 0, 0, 0, 0, 0, 13, 0, 0, 0, 0, 0, 15, 0, 0, 0, 15, 0, 15, 0, 0, 0, 0, 0, 0, 18, 15, 0, 0, : 19, 12, 15, 13, 15, 15, 15, 18, 15, 
218: 0, 0, 0, 0, 15, 15, 0, 15, 0, 26, 0, 15, 15, 0, 0, 15, 0, 0, 15, 0, 0, 0, 0, 0, 15, 0, 0, 15, 0, 0, 15, 0, 0, 15, 0, 15, 0, 0, 0, 0, : 15, 15, 15, 26, 15, 15, 15, 15, 15, 15, 15, 15, 15, 
83: 0, 0, 0, 0, 0, 0, 15, 15, 0, 0, 0, 0, 0, 16, 15, 0, 0, 0, 15, 0, 0, 0, 0, 0, 15, 0, 15, 0, 15, 15, 0, 15, 0, 15, 15, 15, 4, 15, 0, 16, : 15, 15, 16, 15, 15, 15, 15, 15, 15, 15, 15, 15, 15, 4, 15, 16, 
208: 0, 15, 0, 0, 0, 0, 4, 0, 0, 10, 0, 7, 17, 0, 0, 15, 0, 0, 15, 0, 15, 0, 16, 8, 22, 0, 15, 0, 0, 0, 27, 5, 0, 0, 0, 15, 27, 0, 16, 0, : 15, 4, 10, 7, 17, 15, 15, 15, 16, 8, 22, 15, 27, 5, 15, 27, 16, 
358: 16, 0, 0, 0, 0, 0, 15, 0, 0, 0, 0, 15, 15, 18, 16, 0, 0, 0, 0, 0, 23, 15, 15, 0, 17, 0, 0, 0, 3, 0, 0, 15, 0, 0, 15, 25, 0, 0, 15, 15, : 16, 15, 15, 15, 18, 16, 23, 15, 15, 17, 3, 15, 15, 25, 15, 15, 
238: 0, 0, 0, 15, 0, 0, 17, 0, 0, 18, 16, 0, 0, 0, 15, 15, 17, 0, 0, 0, 15, 0, 15, 0, 0, 0, 0, 0, 0, 0, 0, 0, 0, 0, 0, 0, 19, 0, 0, 0, : 15, 17, 18, 16, 15, 15, 17, 15, 15, 19, 
84: 15, 15, 15, 0, 22, 0, 15, 0, 0, 0, 11, 0, 0, 0, 0, 18, 0, 22, 0, 0, 0, 15, 15, 0, 0, 31, 0, 0, 0, 0, 23, 0, 0, 11, 0, 0, 0, 15, 0, 16, : 15, 15, 15, 22, 15, 11, 18, 22, 15, 15, 31, 23, 11, 15, 16, 
79: 0, 15, 0, 15, 0, 15, 19, 0, 0, 0, 0, 15, 0, 0, 0, 16, 0, 0, 9, 15, 0, 0, 0, 0, 0, 0, 0, 0, 0, 15, 20, 0, 15, 0, 0, 0, 0, 21, 8, 0, : 15, 15, 15, 19, 15, 16, 9, 15, 15, 20, 15, 21, 8, 
153: 15, 5, 15, 0, 0, 6, 0, 20, 0, 0, 19, 0, 0, 19, 20, 0, 15, 17, 0, 0, 0, 15, 0, 0, 0, 0, 8, 0, 19, 3, 0, 0, 15, 0, 0, 0, 0, 0, 15, 7, : 15, 5, 15, 6, 20, 19, 19, 20, 15, 17, 15, 8, 19, 3, 15, 15, 7, 
210: 0, 0, 15, 0, 22, 16, 0, 0, 0, 0, 0, 0, 0, 0, 0, 0, 0, 0, 0, 18, 0, 0, 24, 16, 16, 0, 0, 15, 0, 0, 0, 15, 0, 0, 0, 15, 0, 15, 0, 0, : 15, 22, 16, 18, 24, 16, 16, 15, 15, 15, 15, 
271: 0, 0, 24, 15, 11, 0, 0, 0, 0, 0, 0, 0, 0, 0, 0, 0, 0, 0, 0, 0, 0, 0, 0, 15, 0, 0, 0, 0, 0, 0, 0, 0, 0, 15, 0, 0, 0, 0, 0, 0, : 24, 15, 11, 15, 15, 
61: 8, 0, 0, 0, 15, 0, 0, 21, 0, 16, 21, 0, 0, 0, 15, 0, 0, 17, 0, 0, 15, 0, 0, 15, 0, 0, 0, 10, 15, 18, 0, 18, 0, 0, 4, 0, 0, 15, 0, 0, : 8, 15, 21, 16, 21, 15, 17, 15, 15, 10, 15, 18, 18, 4, 15, 
252: 0, 0, 0, 0, 15, 16, 0, 17, 16, 0, 18, 0, 0, 0, 0, 0, 16, 15, 0, 0, 16, 16, 0, 16, 0, 0, 27, 0, 0, 0, 0, 0, 25, 0, 0, 0, 0, 4, 15, 0, : 15, 16, 17, 16, 18, 16, 15, 16, 16, 16, 27, 25, 4, 15, 
98: 0, 16, 0, 17, 0, 17, 0, 0, 15, 0, 0, 0, 0, 0, 0, 19, 5, 0, 0, 15, 0, 15, 0, 0, 0, 15, 0, 0, 15, 0, 0, 0, 0, 15, 17, 0, 15, 0, 0, 16, : 16, 17, 17, 15, 19, 5, 15, 15, 15, 15, 15, 17, 15, 16, 
202: 16, 0, 15, 15, 0, 0, 0, 0, 15, 0, 0, 0, 15, 0, 0, 0, 0, 0, 0, 21, 16, 9, 15, 0, 0, 15, 0, 0, 0, 0, 0, 0, 0, 0, 15, 0, 0, 0, 16, 0, : 16, 15, 15, 15, 15, 21, 16, 9, 15, 15, 15, 16, 
297: 0, 15, 0, 0, 0, 15, 0, 0, 15, 0, 0, 15, 16, 15, 4, 2, 0, 0, 0, 0, 0, 0, 0, 15, 15, 0, 15, 15, 16, 16, 0, 0, 18, 0, 0, 0, 0, 0, 0, 15, : 15, 15, 15, 15, 16, 15, 4, 2, 15, 15, 15, 15, 16, 16, 18, 15, 
260: 15, 0, 0, 0, 0, 0, 0, 0, 15, 15, 0, 0, 1, 0, 0, 0, 16, 0, 15, 0, 0, 15, 0, 0, 0, 0, 0, 0, 0, 18, 0, 0, 0, 0, 0, 0, 0, 0, 15, 0, : 15, 15, 15, 1, 16, 15, 15, 18, 15, 
4: 15, 0, 15, 7, 0, 0, 15, 0, 0, 15, 0, 18, 21, 15, 15, 0, 0, 0, 16, 15, 0, 0, 0, 0, 0, 0, 20, 15, 17, 0, 15, 17, 0, 0, 15, 0, 17, 0, 0, 0, : 15, 15, 7, 15, 15, 18, 21, 15, 15, 16, 15, 20, 15, 17, 15, 17, 15, 17, 
20: 0, 0, 0, 0, 0, 0, 0, 0, 9, 0, 15, 15, 0, 0, 0, 0, 15, 16, 15, 16, 0, 0, 0, 0, 0, 15, 0, 15, 0, 0, 0, 15, 0, 0, 0, 15, 0, 0, 0, 0, : 9, 15, 15, 15, 16, 15, 16, 15, 15, 15, 15, 


101: 0, 16, 0, 18, 0, 0, 0, 0, 0, 0, 0, 0, 0, 0, 18, 0, 0, 0, 0, 15, 0, 24, 0, 0, 18, 0, 0, 0, 0, 0, 15, 0, 0, 15, 15, 15, 17, 7, 0, 0, : 16, 18, 18, 15, 24, 18, 15, 15, 15, 15, 17, 7, 
128: 26, 15, 0, 15, 0, 0, 0, 0, 0, 0, 0, 0, 0, 0, 0, 20, 15, 0, 0, 0, 0, 0, 15, 2, 15, 3, 0, 0, 0, 15, 6, 0, 0, 0, 0, 0, 15, 0, 15, 0, : 26, 15, 15, 20, 15, 15, 2, 15, 3, 15, 6, 15, 15, 
276: 0, 15, 6, 0, 0, 0, 6, 0, 15, 0, 0, 15, 0, 0, 0, 13, 0, 0, 17, 15, 0, 8, 21, 0, 0, 0, 0, 0, 20, 0, 0, 0, 0, 0, 0, 0, 0, 18, 8, 0, : 15, 6, 6, 15, 15, 13, 17, 15, 8, 21, 20, 18, 8, 
228: 0, 15, 15, 15, 0, 5, 16, 15, 0, 0, 15, 0, 15, 0, 0, 0, 0, 15, 20, 0, 15, 0, 0, 0, 0, 0, 0, 15, 0, 0, 0, 0, 19, 0, 0, 0, 0, 16, 0, 9, : 15, 15, 15, 5, 16, 15, 15, 15, 15, 20, 15, 15, 19, 16, 9, 
116: 0, 0, 0, 0, 15, 15, 0, 0, 15, 18, 7, 0, 0, 18, 0, 15, 0, 0, 0, 0, 0, 0, 12, 21, 0, 0, 0, 0, 0, 15, 0, 0, 18, 15, 7, 0, 0, 0, 0, 0, : 15, 15, 15, 18, 7, 18, 15, 12, 21, 15, 18, 15, 7, 
162: 16, 0, 0, 0, 0, 15, 0, 15, 15, 0, 0, 19, 0, 19, 7, 15, 34, 0, 0, 0, 0, 0, 0, 0, 0, 0, 15, 0, 0, 0, 0, 15, 0, 0, 0, 15, 0, 17, 0, 0, : 16, 15, 15, 15, 19, 19, 7, 15, 34, 15, 15, 15, 17, 
352: 0, 0, 15, 0, 0, 16, 15, 15, 0, 0, 0, 0, 15, 15, 0, 0, 0, 15, 0, 0, 0, 0, 0, 0, 0, 15, 0, 0, 0, 0, 15, 15, 0, 15, 0, 0, 20, 0, 0, 20, : 15, 16, 15, 15, 15, 15, 15, 15, 15, 15, 15, 20, 20, 
53: 0, 0, 15, 0, 6, 0, 0, 0, 0, 0, 0, 0, 24, 0, 0, 0, 0, 0, 15, 0, 7, 21, 0, 17, 0, 0, 0, 19, 0, 18, 0, 0, 15, 0, 16, 15, 0, 0, 15, 0, : 15, 6, 24, 15, 7, 21, 17, 19, 18, 15, 16, 15, 15, 
123: 0, 0, 19, 0, 0, 15, 0, 6, 15, 30, 0, 4, 0, 0, 0, 0, 0, 0, 0, 15, 0, 15, 0, 0, 15, 0, 0, 0, 0, 0, 0, 15, 0, 15, 0, 15, 1, 0, 15, 15, : 19, 15, 6, 15, 30, 4, 15, 15, 15, 15, 15, 15, 1, 15, 15, 
178: 0, 15, 0, 0, 17, 0, 0, 0, 0, 0, 0, 0, 0, 17, 0, 0, 32, 16, 0, 23, 26, 16, 0, 0, 0, 0, 16, 15, 15, 0, 0, 15, 18, 0, 0, 0, 0, 0, 0, 15, : 15, 17, 17, 32, 16, 23, 26, 16, 16, 15, 15, 15, 18, 15, 
348: 0, 0, 15, 15, 16, 0, 0, 0, 17, 15, 0, 15, 16, 0, 15, 0, 0, 0, 0, 0, 0, 0, 0, 15, 15, 21, 8, 0, 17, 16, 0, 0, 0, 0, 16, 15, 0, 0, 0, 0, : 15, 15, 16, 17, 15, 15, 16, 15, 15, 15, 21, 8, 17, 16, 16, 15, 
339: 0, 0, 15, 0, 0, 0, 16, 0, 15, 0, 17, 0, 0, 16, 0, 0, 0, 23, 3, 0, 16, 0, 22, 15, 0, 0, 0, 0, 0, 0, 15, 0, 0, 0, 0, 0, 0, 0, 0, 16, : 15, 16, 15, 17, 16, 23, 3, 16, 22, 15, 15, 16, 
345: 0, 0, 0, 15, 0, 0, 16, 0, 0, 0, 15, 0, 0, 0, 0, 22, 0, 1, 15, 0, 0, 0, 0, 15, 0, 15, 16, 0, 0, 15, 0, 0, 15, 0, 0, 0, 0, 0, 15, 0, : 15, 16, 15, 22, 1, 15, 15, 15, 16, 15, 15, 15, 
270: 15, 16, 0, 0, 0, 0, 15, 15, 0, 0, 15, 16, 0, 0, 15, 15, 0, 15, 0, 0, 0, 0, 15, 0, 0, 0, 15, 0, 0, 16, 16, 0, 0, 0, 0, 0, 0, 0, 0, 0, : 15, 16, 15, 15, 15, 16, 15, 15, 15, 15, 15, 16, 16, 
125: 0, 0, 0, 0, 0, 0, 0, 19, 0, 0, 0, 0, 0, 0, 15, 0, 0, 15, 15, 18, 0, 0, 0, 15, 15, 0, 15, 0, 0, 0, 0, 0, 0, 25, 0, 17, 32, 16, 0, 0, : 19, 15, 15, 15, 18, 15, 15, 15, 25, 17, 32, 16, 
43: 11, 0, 0, 16, 0, 34, 0, 0, 0, 0, 0, 0, 15, 0, 0, 0, 0, 0, 0, 0, 0, 0, 0, 0, 15, 15, 15, 0, 0, 5, 18, 5, 0, 15, 15, 0, 15, 26, 0, 25, : 11, 16, 34, 15, 15, 15, 15, 5, 18, 5, 15, 15, 15, 26, 25, 
201: 0, 0, 0, 0, 16, 0, 0, 0, 0, 2, 16, 16, 15, 0, 0, 0, 19, 0, 15, 0, 0, 0, 0, 0, 7, 15, 0, 0, 0, 0, 0, 20, 0, 0, 0, 0, 0, 0, 15, 0, : 16, 2, 16, 16, 15, 19, 15, 7, 15, 20, 15, 
197: 16, 0, 0, 0, 0, 0, 0, 15, 8, 0, 0, 0, 0, 0, 0, 0, 0, 0, 0, 0, 21, 0, 15, 0, 0, 16, 0, 31, 0, 0, 0, 0, 0, 0, 16, 0, 0, 0, 0, 0, : 16, 15, 8, 21, 15, 16, 31, 16, 
328: 0, 8, 0, 0, 15, 0, 0, 0, 0, 19, 0, 0, 0, 0, 15, 0, 0, 0, 0, 14, 0, 0, 0, 0, 0, 0, 0, 20, 15, 0, 15, 15, 0, 0, 15, 8, 0, 0, 0, 0, : 8, 15, 19, 15, 14, 20, 15, 15, 15, 15, 8, 
295: 16, 0, 0, 6, 15, 0, 16, 0, 0, 16, 15, 15, 0, 15, 15, 0, 0, 0, 0, 0, 15, 16, 0, 0, 0, 0, 0, 0, 33, 0, 0, 0, 15, 0, 0, 0, 0, 0, 17, 0, : 16, 6, 15, 16, 16, 15, 15, 15, 15, 15, 16, 33, 15, 17, 


308: 0, 0, 15, 0, 0, 0, 15, 0, 0, 15, 16, 0, 0, 16, 0, 20, 0, 0, 16, 0, 0, 0, 15, 0, 15, 15, 16, 0, 0, 0, 0, 0, 15, 0, 19, 0, 0, 15, 0, 0, : 15, 15, 15, 16, 16, 20, 16, 15, 15, 15, 16, 15, 19, 15, 
145: 0, 0, 15, 0, 0, 0, 0, 0, 15, 1, 3, 0, 0, 0, 0, 0, 0, 0, 0, 15, 0, 0, 0, 25, 0, 15, 0, 0, 0, 0, 16, 0, 16, 9, 0, 0, 0, 0, 16, 15, : 15, 15, 1, 3, 15, 25, 15, 16, 16, 9, 16, 15, 
354: 0, 19, 15, 15, 0, 0, 0, 0, 15, 0, 0, 0, 15, 15, 7, 0, 0, 0, 0, 0, 0, 0, 15, 0, 0, 0, 0, 0, 0, 0, 0, 0, 0, 0, 0, 0, 17, 0, 0, 0, : 19, 15, 15, 15, 15, 15, 7, 15, 17, 
137: 0, 30, 15, 0, 0, 15, 0, 20, 0, 0, 0, 18, 0, 15, 15, 0, 0, 0, 0, 0, 0, 0, 0, 0, 0, 0, 0, 17, 0, 0, 19, 0, 8, 15, 15, 15, 0, 0, 0, 0, : 30, 15, 15, 20, 18, 15, 15, 17, 19, 8, 15, 15, 15, 
349: 2, 0, 10, 20, 4, 0, 0, 0, 19, 0, 0, 6, 0, 2, 15, 0, 15, 15, 15, 0, 15, 0, 9, 0, 0, 0, 0, 15, 0, 0, 0, 16, 0, 0, 0, 0, 0, 15, 0, 0, : 2, 10, 20, 4, 19, 6, 2, 15, 15, 15, 15, 15, 9, 15, 16, 15, 
68: 15, 0, 0, 0, 18, 0, 0, 17, 20, 0, 15, 15, 5, 0, 0, 0, 15, 0, 0, 15, 0, 0, 15, 0, 15, 0, 15, 0, 15, 15, 0, 0, 0, 15, 0, 17, 0, 15, 0, 0, : 15, 18, 17, 20, 15, 15, 5, 15, 15, 15, 15, 15, 15, 15, 15, 17, 15, 
118: 15, 0, 0, 15, 0, 0, 0, 0, 0, 0, 15, 16, 0, 0, 18, 15, 21, 16, 0, 24, 0, 0, 0, 0, 0, 0, 15, 0, 15, 0, 0, 16, 15, 0, 15, 0, 0, 0, 0, 16, : 15, 15, 15, 16, 18, 15, 21, 16, 24, 15, 15, 16, 15, 15, 16, 
193: 0, 16, 15, 0, 0, 0, 16, 0, 15, 0, 0, 0, 16, 0, 15, 0, 19, 0, 0, 0, 0, 15, 0, 0, 0, 15, 15, 15, 0, 0, 15, 0, 0, 0, 5, 0, 15, 16, 15, 0, : 16, 15, 16, 15, 16, 15, 19, 15, 15, 15, 15, 15, 5, 15, 16, 15, 
195: 0, 0, 0, 0, 15, 0, 0, 0, 0, 0, 0, 0, 0, 0, 0, 11, 0, 16, 0, 0, 0, 0, 0, 0, 0, 17, 15, 0, 0, 0, 0, 0, 15, 0, 0, 0, 15, 0, 0, 0, : 15, 11, 16, 17, 15, 15, 15, 
207: 15, 16, 0, 0, 0, 0, 0, 0, 0, 18, 18, 0, 15, 0, 0, 24, 0, 0, 0, 11, 0, 19, 16, 15, 18, 0, 0, 0, 15, 0, 0, 18, 0, 0, 0, 20, 0, 0, 0, 0, : 15, 16, 18, 18, 15, 24, 11, 19, 16, 15, 18, 15, 18, 20, 
303: 0, 0, 0, 18, 0, 15, 0, 0, 0, 0, 0, 15, 0, 15, 0, 0, 0, 0, 0, 0, 15, 0, 0, 0, 11, 8, 0, 0, 15, 8, 0, 15, 0, 0, 0, 0, 0, 15, 0, 1, : 18, 15, 15, 15, 15, 11, 8, 15, 8, 15, 15, 1, 
179: 0, 0, 0, 0, 0, 15, 0, 15, 0, 15, 0, 15, 0, 0, 0, 0, 0, 15, 22, 0, 0, 24, 0, 15, 0, 0, 0, 15, 9, 0, 0, 0, 0, 15, 0, 0, 8, 8, 5, 0, : 15, 15, 15, 15, 15, 22, 24, 15, 15, 9, 15, 8, 8, 5, 
161: 17, 0, 0, 15, 17, 0, 0, 17, 0, 0, 18, 0, 0, 0, 0, 0, 0, 7, 0, 0, 0, 16, 0, 15, 0, 15, 0, 15, 0, 16, 0, 0, 0, 0, 15, 15, 15, 0, 0, 0, : 17, 15, 17, 17, 18, 7, 16, 15, 15, 15, 16, 15, 15, 15, 
291: 0, 0, 0, 0, 0, 0, 0, 0, 0, 16, 0, 0, 0, 0, 0, 0, 0, 16, 0, 0, 0, 0, 15, 15, 0, 0, 0, 8, 15, 0, 0, 0, 15, 0, 0, 0, 0, 0, 15, 15, : 16, 16, 15, 15, 8, 15, 15, 15, 15, 
129: 0, 0, 0, 0, 0, 15, 17, 15, 0, 0, 0, 0, 18, 22, 0, 15, 0, 0, 28, 0, 0, 0, 0, 0, 15, 0, 0, 0, 0, 0, 0, 0, 0, 15, 0, 0, 0, 0, 0, 15, : 15, 17, 15, 18, 22, 15, 28, 15, 15, 15, 
214: 0, 0, 15, 0, 15, 0, 15, 16, 0, 20, 0, 15, 0, 15, 0, 0, 0, 0, 0, 19, 15, 15, 0, 0, 0, 0, 0, 0, 0, 15, 20, 0, 16, 0, 15, 0, 0, 0, 0, 20, : 15, 15, 15, 16, 20, 15, 15, 19, 15, 15, 15, 20, 16, 15, 20, 
398: 21, 0, 0, 0, 0, 15, 0, 0, 0, 0, 0, 0, 0, 0, 15, 0, 0, 0, 4, 0, 7, 0, 0, 0, 26, 0, 0, 0, 0, 15, 15, 15, 0, 16, 0, 0, 0, 16, 16, 18, : 21, 15, 15, 4, 7, 26, 15, 15, 15, 16, 16, 16, 18, 
318: 0, 0, 0, 15, 0, 0, 22, 0, 15, 0, 0, 0, 15, 0, 0, 15, 0, 15, 0, 0, 15, 11, 0, 0, 0, 0, 0, 0, 16, 15, 0, 0, 0, 0, 0, 0, 0, 0, 15, 0, : 15, 22, 15, 15, 15, 15, 15, 11, 16, 15, 15, 
124: 0, 0, 0, 2, 15, 21, 15, 0, 1, 0, 15, 0, 0, 0, 15, 0, 15, 0, 0, 0, 18, 0, 0, 0, 0, 0, 15, 15, 0, 16, 15, 20, 0, 0, 0, 0, 15, 0, 18, 0, : 2, 15, 21, 15, 1, 15, 15, 15, 18, 15, 15, 16, 15, 20, 15, 18, 
261: 15, 19, 0, 0, 16, 4, 0, 0, 0, 15, 0, 0, 16, 0, 0, 0, 15, 0, 15, 16, 15, 0, 15, 15, 0, 15, 9, 0, 0, 0, 0, 0, 0, 15, 16, 33, 15, 0, 0, 0, : 15, 19, 16, 4, 15, 16, 15, 15, 16, 15, 15, 15, 15, 9, 15, 16, 33, 15, 


198: 0, 18, 0, 0, 0, 0, 0, 0, 0, 16, 19, 0, 0, 15, 0, 0, 0, 0, 0, 17, 0, 0, 15, 0, 15, 0, 0, 0, 0, 17, 15, 0, 15, 15, 0, 22, 0, 7, 0, 0, : 18, 16, 19, 15, 17, 15, 15, 17, 15, 15, 15, 22, 7, 
391: 0, 15, 0, 0, 0, 0, 15, 0, 0, 15, 0, 0, 0, 0, 0, 0, 18, 0, 15, 0, 0, 0, 0, 11, 0, 15, 23, 5, 34, 0, 0, 0, 15, 0, 15, 0, 16, 0, 0, 15, : 15, 15, 15, 18, 15, 11, 15, 23, 5, 34, 15, 15, 16, 15, 
54: 0, 6, 0, 15, 0, 15, 0, 0, 15, 0, 0, 15, 0, 0, 0, 0, 0, 0, 0, 0, 0, 0, 0, 0, 0, 0, 13, 17, 16, 0, 0, 15, 23, 0, 17, 0, 0, 0, 0, 8, : 6, 15, 15, 15, 15, 13, 17, 16, 15, 23, 17, 8, 
52: 17, 0, 0, 0, 0, 0, 0, 0, 0, 0, 15, 0, 18, 15, 0, 0, 15, 0, 15, 15, 0, 0, 0, 25, 15, 0, 0, 0, 0, 0, 0, 0, 0, 0, 0, 15, 0, 17, 0, 0, : 17, 15, 18, 15, 15, 15, 15, 25, 15, 15, 17, 
159: 0, 15, 0, 0, 0, 0, 0, 0, 0, 15, 0, 0, 0, 0, 0, 26, 16, 16, 15, 0, 0, 0, 0, 0, 0, 0, 0, 0, 1, 15, 15, 18, 0, 0, 0, 15, 15, 0, 0, 15, : 15, 15, 26, 16, 16, 15, 1, 15, 15, 18, 15, 15, 15, 
301: 15, 0, 0, 0, 0, 15, 0, 15, 0, 0, 15, 7, 0, 0, 0, 18, 15, 0, 15, 0, 0, 0, 0, 0, 0, 0, 0, 0, 0, 0, 0, 0, 0, 0, 15, 15, 0, 0, 0, 15, : 15, 15, 15, 15, 7, 18, 15, 15, 15, 15, 15, 
300: 0, 15, 0, 15, 15, 0, 0, 0, 0, 15, 0, 15, 0, 15, 0, 0, 15, 20, 0, 15, 4, 0, 0, 15, 15, 0, 0, 0, 0, 0, 0, 0, 0, 15, 17, 0, 17, 0, 0, 0, : 15, 15, 15, 15, 15, 15, 15, 20, 15, 4, 15, 15, 15, 17, 17, 
30: 0, 0, 0, 0, 0, 15, 0, 19, 18, 0, 0, 17, 16, 15, 15, 0, 0, 0, 0, 0, 0, 0, 0, 19, 6, 0, 0, 0, 0, 15, 0, 15, 15, 0, 0, 15, 0, 15, 0, 0, : 15, 19, 18, 17, 16, 15, 15, 19, 6, 15, 15, 15, 15, 15, 
133: 0, 15, 0, 0, 9, 0, 3, 11, 15, 0, 0, 0, 12, 0, 18, 22, 0, 19, 24, 0, 0, 28, 15, 15, 0, 0, 16, 0, 0, 0, 0, 0, 15, 15, 0, 0, 0, 0, 14, 0, : 15, 9, 3, 11, 15, 12, 18, 22, 19, 24, 28, 15, 15, 16, 15, 15, 14, 
186: 17, 0, 0, 0, 15, 15, 16, 25, 15, 15, 0, 0, 24, 0, 0, 15, 0, 0, 0, 15, 0, 0, 23, 0, 15, 29, 0, 0, 0, 0, 0, 0, 0, 0, 0, 3, 15, 0, 15, 0, : 17, 15, 15, 16, 25, 15, 15, 24, 15, 15, 23, 15, 29, 3, 15, 15, 
166: 15, 0, 15, 0, 15, 0, 16, 0, 15, 0, 0, 0, 0, 0, 15, 4, 0, 0, 0, 23, 15, 0, 0, 0, 0, 17, 0, 0, 0, 4, 15, 0, 2, 0, 0, 0, 0, 15, 39, 0, : 15, 15, 15, 16, 15, 15, 4, 23, 15, 17, 4, 15, 2, 15, 39, 
236: 0, 0, 0, 0, 15, 0, 0, 0, 0, 0, 0, 0, 15, 0, 15, 0, 0, 0, 0, 0, 15, 0, 0, 0, 0, 0, 15, 17, 32, 0, 0, 15, 15, 0, 0, 0, 0, 16, 0, 0, : 15, 15, 15, 15, 15, 17, 32, 15, 15, 16, 
292: 0, 0, 0, 18, 15, 0, 0, 0, 0, 17, 2, 0, 0, 21, 15, 15, 0, 0, 0, 0, 18, 5, 17, 0, 19, 0, 0, 0, 0, 0, 17, 15, 0, 0, 0, 0, 2, 0, 0, 17, : 18, 15, 17, 2, 21, 15, 15, 18, 5, 17, 19, 17, 15, 2, 17, 
377: 0, 0, 15, 0, 0, 0, 0, 0, 0, 0, 0, 0, 0, 0, 0, 0, 0, 0, 0, 0, 18, 20, 0, 0, 0, 0, 18, 15, 0, 15, 15, 0, 0, 0, 0, 0, 20, 0, 0, 15, : 15, 18, 20, 18, 15, 15, 15, 20, 15, 
22: 15, 0, 16, 0, 0, 15, 15, 15, 0, 0, 15, 15, 0, 0, 7, 0, 15, 16, 0, 0, 0, 16, 15, 0, 0, 0, 0, 16, 17, 0, 0, 0, 0, 15, 0, 15, 0, 0, 17, 0, : 15, 16, 15, 15, 15, 15, 15, 7, 15, 16, 16, 15, 16, 17, 15, 15, 17, 
322: 0, 0, 23, 25, 0, 15, 0, 15, 0, 7, 0, 0, 15, 15, 0, 0, 6, 0, 0, 15, 0, 0, 0, 0, 0, 22, 15, 0, 0, 17, 15, 0, 0, 0, 15, 0, 0, 0, 0, 0, : 23, 25, 15, 15, 7, 15, 15, 6, 15, 22, 15, 17, 15, 15, 
121: 0, 16, 15, 15, 0, 0, 19, 0, 0, 0, 0, 0, 0, 0, 15, 0, 0, 13, 0, 0, 0, 15, 0, 0, 0, 0, 0, 0, 0, 0, 0, 0, 0, 15, 15, 0, 0, 15, 0, 15, : 16, 15, 15, 19, 15, 13, 15, 15, 15, 15, 15, 
62: 18, 0, 16, 0, 16, 0, 0, 0, 7, 0, 0, 15, 0, 4, 0, 0, 0, 16, 0, 0, 0, 16, 0, 0, 0, 0, 0, 0, 0, 0, 0, 18, 0, 9, 0, 0, 0, 15, 0, 0, : 18, 16, 16, 7, 15, 4, 16, 16, 18, 9, 15, 
112: 0, 0, 0, 0, 0, 10, 0, 0, 15, 0, 18, 0, 0, 0, 0, 0, 0, 0, 16, 0, 15, 0, 0, 15, 0, 0, 0, 15, 0, 17, 0, 4, 0, 16, 0, 0, 0, 0, 15, 0, : 10, 15, 18, 16, 15, 15, 15, 17, 4, 16, 15, 
397: 3, 0, 0, 12, 0, 0, 16, 0, 0, 0, 16, 16, 0, 0, 0, 0, 0, 0, 0, 0, 15, 0, 15, 0, 15, 17, 0, 15, 0, 0, 8, 0, 0, 0, 6, 0, 15, 0, 0, 0, : 3, 12, 16, 16, 16, 15, 15, 15, 17, 15, 8, 6, 15, 


