
40
100
100
5

15: 0, 15, 0, 0, 10, 0, 15, 19, 0, 0, 0, 0, 0, 0, 15, 0, 0, 0, 0, 0, 14, 15, 0, 16, 0, 0, 0, 0, 0, 0, 0, 15, 15, 17, 15, 0, 15, 15, 29, 0, : 15, 10, 15, 19, 15, 14, 15, 16, 15, 15, 17, 15, 15, 15, 29, 
70: 0, 0, 15, 15, 0, 15, 0, 0, 1, 0, 0, 0, 0, 0, 15, 0, 17, 0, 0, 16, 0, 0, 15, 0, 0, 0, 10, 15, 15, 16, 0, 15, 0, 0, 0, 0, 0, 0, 0, 0, : 15, 15, 15, 1, 15, 17, 16, 15, 10, 15, 15, 16, 15, 
23: 18, 0, 27, 0, 0, 0, 0, 0, 0, 0, 0, 0, 0, 0, 0, 15, 15, 0, 15, 0, 0, 0, 0, 0, 0, 0, 0, 0, 15, 0, 0, 0, 0, 0, 0, 15, 0, 0, 0, 0, : 18, 27, 15, 15, 15, 15, 15, 
30: 17, 0, 0, 19, 21, 0, 0, 15, 0, 0, 17, 0, 15, 0, 0, 0, 0, 0, 0, 0, 19, 10, 0, 16, 0, 0, 0, 15, 0, 0, 24, 0, 0, 0, 0, 0, 15, 0, 0, 0, : 17, 19, 21, 15, 17, 15, 19, 10, 16, 15, 24, 15, 
35: 0, 15, 0, 0, 17, 0, 15, 0, 17, 0, 33, 15, 15, 15, 15, 0, 0, 0, 0, 0, 0, 15, 0, 16, 0, 0, 0, 15, 0, 15, 15, 0, 15, 0, 16, 0, 16, 15, 15, 16, : 15, 17, 15, 17, 33, 15, 15, 15, 15, 15, 16, 15, 15, 15, 15, 16, 16, 15, 15, 16, 
57: 15, 0, 0, 0, 0, 0, 15, 27, 0, 3, 0, 0, 0, 0, 0, 18, 15, 15, 0, 0, 0, 0, 0, 0, 20, 0, 0, 0, 0, 0, 0, 15, 0, 15, 0, 0, 0, 15, 15, 0, : 15, 15, 27, 3, 18, 15, 15, 20, 15, 15, 15, 15, 
72: 0, 15, 0, 15, 0, 0, 0, 0, 0, 0, 5, 16, 0, 0, 0, 0, 0, 0, 15, 0, 0, 0, 0, 0, 24, 0, 0, 21, 10, 0, 15, 0, 0, 4, 17, 15, 15, 0, 0, 16, : 15, 15, 5, 16, 15, 24, 21, 10, 15, 4, 17, 15, 15, 16, 
34: 15, 0, 0, 0, 0, 0, 0, 0, 22, 0, 0, 0, 0, 4, 0, 0, 16, 0, 0, 15, 0, 0, 15, 0, 0, 0, 15, 0, 0, 0, 0, 7, 13, 0, 0, 23, 0, 0, 0, 0, : 15, 22, 4, 16, 15, 15, 15, 7, 13, 23, 
78: 0, 0, 0, 0, 22, 0, 0, 0, 15, 0, 0, 24, 15, 0, 0, 0, 0, 9, 0, 0, 15, 15, 8, 0, 0, 0, 0, 0, 0, 0, 15, 0, 0, 0, 0, 0, 24, 0, 0, 0, : 22, 15, 24, 15, 9, 15, 15, 8, 15, 24, 
9: 0, 16, 31, 0, 15, 15, 17, 0, 0, 15, 0, 0, 0, 17, 0, 29, 22, 0, 15, 0, 15, 0, 17, 0, 0, 17, 15, 0, 0, 0, 0, 0, 0, 0, 0, 15, 0, 0, 1, 0, : 16, 31, 15, 15, 17, 15, 17, 29, 22, 15, 15, 17, 17, 15, 15, 1, 
65: 0, 0, 0, 0, 0, 23, 0, 0, 0, 15, 0, 15, 29, 15, 16, 0, 0, 0, 1, 0, 0, 0, 15, 0, 0, 15, 15, 0, 0, 15, 0, 0, 0, 15, 0, 2, 0, 0, 0, 0, : 23, 15, 15, 29, 15, 16, 1, 15, 15, 15, 15, 15, 2, 
97: 0, 7, 15, 0, 0, 2, 0, 0, 15, 0, 15, 0, 0, 16, 21, 0, 0, 15, 22, 0, 0, 0, 0, 0, 15, 0, 0, 0, 15, 0, 0, 18, 18, 15, 0, 0, 0, 15, 0, 9, : 7, 15, 2, 15, 15, 16, 21, 15, 22, 15, 15, 18, 18, 15, 15, 9, 
92: 20, 0, 0, 0, 0, 0, 15, 0, 0, 0, 15, 0, 0, 0, 0, 0, 0, 0, 0, 0, 0, 0, 0, 0, 0, 15, 0, 15, 0, 0, 0, 0, 0, 0, 15, 15, 0, 0, 0, 0, : 20, 15, 15, 15, 15, 15, 15, 
77: 0, 0, 0, 0, 0, 0, 16, 0, 15, 15, 0, 15, 0, 0, 0, 0, 0, 0, 0, 15, 17, 0, 15, 17, 0, 0, 15, 0, 0, 0, 0, 0, 16, 0, 0, 15, 0, 17, 15, 0, : 16, 15, 15, 15, 15, 17, 15, 17, 15, 16, 15, 17, 15, 
44: 0, 0, 0, 3, 15, 15, 7, 0, 0, 0, 0, 0, 0, 0, 0, 16, 0, 0, 15, 12, 0, 15, 0, 16, 15, 15, 15, 0, 15, 29, 15, 0, 0, 0, 0, 0, 0, 0, 0, 20, : 3, 15, 15, 7, 16, 15, 12, 15, 16, 15, 15, 15, 15, 29, 15, 20, 
59: 0, 0, 0, 25, 0, 15, 0, 15, 0, 0, 0, 0, 0, 18, 15, 7, 15, 15, 0, 0, 0, 15, 0, 0, 15, 20, 0, 0, 0, 0, 0, 0, 23, 17, 17, 0, 15, 0, 25, 18, : 25, 15, 15, 18, 15, 7, 15, 15, 15, 15, 20, 23, 17, 17, 15, 25, 18, 
71: 0, 17, 0, 0, 0, 0, 0, 0, 0, 15, 0, 0, 0, 15, 0, 0, 0, 15, 0, 0, 0, 0, 0, 0, 0, 3, 0, 4, 15, 25, 0, 15, 0, 17, 20, 0, 0, 22, 0, 21, : 17, 15, 15, 15, 3, 4, 15, 25, 15, 17, 20, 22, 21, 
89: 0, 0, 12, 0, 0, 0, 0, 9, 0, 0, 0, 0, 17, 0, 0, 0, 0, 15, 0, 27, 0, 0, 0, 15, 0, 15, 0, 15, 0, 0, 0, 0, 0, 0, 0, 0, 0, 1, 0, 0, : 12, 9, 17, 15, 27, 15, 15, 15, 1, 
46: 0, 0, 0, 23, 0, 15, 0, 15, 15, 15, 0, 0, 0, 0, 3, 0, 0, 0, 0, 15, 20, 15, 0, 4, 11, 0, 0, 0, 0, 0, 0, 0, 0, 0, 0, 0, 0, 0, 0, 0, : 23, 15, 15, 15, 15, 3, 15, 20, 15, 4, 11, 
90: 15, 15, 0, 0, 0, 0, 0, 0, 0, 22, 15, 15, 9, 0, 0, 15, 0, 16, 17, 0, 0, 0, 15, 0, 0, 0, 15, 0, 15, 0, 16, 15, 0, 0, 0, 0, 0, 0, 0, 0, : 15, 15, 22, 15, 15, 9, 15, 16, 17, 15, 15, 15, 16, 15, 


54: 0, 0, 15, 0, 19, 0, 0, 0, 0, 0, 0, 15, 15, 0, 17, 15, 0, 0, 15, 24, 7, 0, 0, 0, 0, 0, 0, 0, 15, 0, 0, 0, 0, 0, 15, 0, 10, 0, 0, 0, : 15, 19, 15, 15, 17, 15, 15, 24, 7, 15, 15, 10, 
22: 0, 15, 0, 0, 0, 15, 15, 0, 0, 15, 0, 15, 0, 0, 0, 0, 18, 0, 15, 0, 0, 0, 0, 0, 0, 15, 0, 16, 0, 0, 12, 5, 0, 0, 0, 0, 0, 15, 15, 0, : 15, 15, 15, 15, 15, 18, 15, 15, 16, 12, 5, 15, 15, 
19: 0, 15, 8, 0, 0, 0, 0, 0, 0, 16, 0, 0, 16, 2, 0, 0, 0, 0, 0, 19, 15, 16, 0, 0, 18, 15, 17, 0, 15, 15, 0, 0, 0, 8, 0, 0, 0, 0, 0, 6, : 15, 8, 16, 16, 2, 19, 15, 16, 18, 15, 17, 15, 15, 8, 6, 
16: 0, 15, 15, 0, 0, 0, 15, 0, 0, 0, 0, 15, 16, 15, 0, 0, 15, 0, 20, 0, 0, 0, 0, 0, 0, 15, 0, 15, 15, 15, 0, 0, 0, 0, 0, 0, 0, 0, 0, 0, : 15, 15, 15, 15, 16, 15, 15, 20, 15, 15, 15, 15, 
62: 18, 0, 0, 0, 15, 0, 0, 15, 0, 0, 15, 16, 0, 16, 0, 0, 15, 7, 4, 0, 0, 0, 15, 4, 0, 0, 0, 17, 0, 0, 0, 0, 0, 15, 0, 0, 0, 0, 0, 0, : 18, 15, 15, 15, 16, 16, 15, 7, 4, 15, 4, 17, 15, 
13: 0, 0, 0, 0, 0, 16, 0, 0, 0, 0, 0, 0, 0, 18, 0, 0, 0, 15, 0, 0, 15, 15, 0, 0, 0, 0, 0, 0, 0, 0, 0, 0, 16, 0, 15, 15, 15, 0, 0, 0, : 16, 18, 15, 15, 15, 16, 15, 15, 15, 
56: 0, 0, 16, 0, 0, 15, 0, 21, 0, 0, 0, 0, 0, 15, 0, 22, 0, 19, 0, 0, 0, 15, 0, 16, 0, 0, 0, 0, 15, 6, 15, 0, 0, 0, 0, 0, 0, 0, 15, 15, : 16, 15, 21, 15, 22, 19, 15, 16, 15, 6, 15, 15, 15, 
61: 24, 15, 0, 0, 0, 0, 0, 0, 0, 20, 0, 16, 0, 0, 0, 0, 0, 0, 0, 21, 19, 15, 0, 0, 15, 0, 0, 15, 8, 0, 0, 0, 0, 0, 0, 0, 0, 0, 15, 15, : 24, 15, 20, 16, 21, 19, 15, 15, 15, 8, 15, 15, 
27: 15, 15, 0, 18, 0, 0, 0, 0, 15, 2, 0, 0, 0, 0, 0, 0, 0, 0, 0, 0, 0, 0, 0, 0, 0, 0, 18, 0, 0, 0, 0, 15, 0, 15, 0, 0, 15, 0, 0, 15, : 15, 15, 18, 15, 2, 18, 15, 15, 15, 15, 
12: 15, 10, 0, 0, 0, 0, 0, 18, 0, 15, 0, 0, 15, 15, 0, 3, 1, 29, 0, 0, 0, 0, 0, 0, 15, 0, 0, 0, 0, 0, 15, 0, 0, 16, 16, 0, 0, 0, 15, 0, : 15, 10, 18, 15, 15, 15, 3, 1, 29, 15, 15, 16, 16, 15, 
75: 0, 0, 0, 18, 0, 0, 0, 0, 0, 0, 6, 0, 0, 0, 15, 0, 0, 15, 16, 0, 0, 0, 27, 15, 15, 0, 30, 15, 0, 15, 0, 0, 0, 0, 0, 15, 0, 0, 15, 19, : 18, 6, 15, 15, 16, 27, 15, 15, 30, 15, 15, 15, 15, 19, 
48: 0, 0, 0, 15, 0, 0, 0, 16, 17, 0, 19, 0, 15, 0, 11, 15, 15, 0, 0, 0, 0, 15, 0, 15, 0, 0, 0, 0, 0, 0, 0, 0, 0, 15, 0, 0, 0, 27, 0, 0, : 15, 16, 17, 19, 15, 11, 15, 15, 15, 15, 15, 27, 
68: 0, 0, 0, 15, 15, 0, 15, 0, 15, 16, 0, 17, 0, 0, 0, 0, 0, 0, 0, 0, 0, 16, 13, 19, 0, 0, 0, 7, 0, 0, 15, 0, 0, 0, 0, 0, 0, 0, 0, 0, : 15, 15, 15, 15, 16, 17, 16, 13, 19, 7, 15, 
81: 0, 0, 16, 19, 0, 0, 15, 0, 15, 0, 0, 0, 0, 0, 15, 15, 21, 15, 0, 15, 0, 0, 15, 0, 0, 15, 0, 0, 15, 18, 0, 0, 0, 0, 0, 15, 15, 18, 0, 15, : 16, 19, 15, 15, 15, 15, 21, 15, 15, 15, 15, 15, 18, 15, 15, 18, 15, 
74: 0, 15, 0, 15, 0, 15, 0, 0, 0, 16, 15, 0, 0, 0, 26, 0, 0, 0, 15, 16, 0, 0, 15, 0, 37, 0, 0, 0, 17, 16, 0, 0, 8, 0, 2, 0, 15, 10, 0, 0, : 15, 15, 15, 16, 15, 26, 15, 16, 15, 37, 17, 16, 8, 2, 15, 10, 
69: 0, 0, 0, 0, 0, 0, 0, 0, 15, 0, 0, 0, 0, 19, 0, 15, 0, 0, 15, 0, 24, 0, 0, 0, 0, 0, 0, 0, 0, 0, 0, 15, 15, 16, 0, 16, 15, 0, 10, 15, : 15, 19, 15, 15, 24, 15, 15, 16, 16, 15, 10, 15, 
20: 28, 0, 0, 0, 15, 16, 0, 0, 0, 0, 15, 0, 0, 0, 0, 15, 15, 0, 0, 0, 0, 0, 0, 0, 0, 0, 5, 0, 0, 0, 0, 18, 15, 0, 22, 24, 0, 0, 0, 0, : 28, 15, 16, 15, 15, 15, 5, 18, 15, 22, 24, 
58: 0, 0, 15, 0, 0, 8, 8, 15, 0, 0, 15, 0, 0, 0, 0, 0, 0, 0, 0, 0, 0, 0, 0, 0, 0, 25, 15, 0, 0, 15, 15, 22, 16, 0, 15, 0, 0, 15, 0, 0, : 15, 8, 8, 15, 15, 25, 15, 15, 15, 22, 16, 15, 15, 
87: 0, 0, 15, 0, 11, 15, 15, 0, 23, 0, 0, 6, 0, 0, 0, 0, 0, 0, 0, 5, 20, 0, 0, 15, 0, 15, 0, 15, 0, 0, 0, 25, 15, 15, 0, 15, 0, 0, 15, 0, : 15, 11, 15, 15, 23, 6, 5, 20, 15, 15, 15, 25, 15, 15, 15, 15, 
82: 0, 0, 0, 0, 25, 0, 17, 15, 0, 0, 15, 0, 23, 0, 16, 0, 0, 0, 0, 0, 0, 8, 15, 16, 0, 0, 15, 0, 0, 0, 28, 0, 15, 0, 15, 0, 15, 15, 0, 0, : 25, 17, 15, 15, 23, 16, 8, 15, 16, 15, 28, 15, 15, 15, 15, 


25: 0, 0, 0, 0, 0, 0, 0, 0, 15, 0, 15, 0, 7, 0, 0, 0, 0, 0, 0, 0, 0, 15, 15, 18, 19, 0, 0, 0, 0, 15, 0, 0, 17, 0, 0, 15, 0, 0, 0, 0, : 15, 15, 7, 15, 15, 18, 19, 15, 17, 15, 
10: 0, 15, 0, 0, 0, 0, 0, 0, 0, 0, 0, 0, 0, 0, 0, 0, 0, 0, 0, 0, 0, 0, 0, 0, 15, 0, 0, 0, 0, 0, 0, 15, 0, 15, 0, 0, 8, 15, 0, 0, : 15, 15, 15, 15, 8, 15, 
31: 16, 0, 18, 0, 15, 0, 15, 16, 0, 16, 15, 0, 0, 0, 0, 18, 0, 0, 0, 15, 0, 0, 15, 0, 0, 0, 15, 24, 0, 0, 7, 0, 0, 0, 16, 0, 15, 16, 0, 15, : 16, 18, 15, 15, 16, 16, 15, 18, 15, 15, 15, 24, 7, 16, 15, 16, 15, 
52: 0, 0, 0, 0, 5, 0, 15, 15, 15, 0, 0, 0, 0, 15, 0, 0, 0, 0, 15, 0, 15, 0, 17, 0, 15, 21, 18, 15, 15, 15, 15, 0, 0, 0, 15, 0, 15, 15, 4, 0, : 5, 15, 15, 15, 15, 15, 15, 17, 15, 21, 18, 15, 15, 15, 15, 15, 15, 15, 4, 
39: 17, 0, 0, 0, 20, 0, 0, 0, 0, 0, 0, 0, 0, 17, 15, 0, 30, 0, 15, 15, 0, 0, 0, 23, 0, 0, 0, 0, 0, 15, 0, 15, 0, 0, 15, 0, 0, 15, 15, 0, : 17, 20, 17, 15, 30, 15, 15, 23, 15, 15, 15, 15, 15, 
53: 16, 0, 20, 0, 0, 15, 0, 0, 0, 15, 0, 15, 0, 0, 0, 15, 0, 0, 0, 0, 0, 0, 0, 0, 0, 0, 16, 0, 0, 0, 0, 0, 0, 7, 0, 0, 0, 0, 16, 0, : 16, 20, 15, 15, 15, 15, 16, 7, 16, 
98: 0, 0, 0, 0, 0, 0, 15, 9, 15, 0, 0, 0, 17, 0, 0, 16, 0, 0, 15, 15, 0, 0, 2, 15, 15, 0, 15, 0, 0, 0, 0, 0, 16, 0, 0, 0, 0, 0, 0, 15, : 15, 9, 15, 17, 16, 15, 15, 2, 15, 15, 15, 16, 15, 
36: 17, 15, 15, 0, 0, 15, 21, 0, 15, 0, 0, 0, 0, 0, 15, 0, 0, 15, 15, 0, 0, 15, 0, 0, 5, 39, 15, 0, 0, 15, 0, 0, 0, 0, 0, 15, 0, 0, 15, 0, : 17, 15, 15, 15, 21, 15, 15, 15, 15, 15, 5, 39, 15, 15, 15, 15, 
29: 17, 0, 15, 15, 0, 0, 0, 15, 0, 0, 24, 0, 0, 0, 15, 16, 0, 10, 0, 0, 15, 0, 0, 0, 15, 15, 6, 15, 0, 0, 15, 0, 0, 0, 0, 10, 0, 0, 0, 0, : 17, 15, 15, 15, 24, 15, 16, 10, 15, 15, 15, 6, 15, 15, 10, 
79: 0, 0, 11, 17, 0, 15, 15, 15, 0, 0, 0, 0, 0, 0, 15, 0, 0, 15, 0, 0, 15, 0, 0, 15, 0, 0, 0, 0, 0, 0, 0, 15, 2, 0, 9, 0, 0, 9, 0, 0, : 11, 17, 15, 15, 15, 15, 15, 15, 15, 15, 2, 9, 9, 
51: 0, 15, 0, 20, 0, 0, 0, 0, 0, 0, 13, 0, 0, 1, 0, 0, 15, 15, 0, 0, 0, 0, 0, 0, 0, 0, 0, 0, 0, 0, 0, 0, 15, 20, 0, 15, 17, 0, 15, 0, : 15, 20, 13, 1, 15, 15, 15, 20, 15, 17, 15, 
47: 15, 15, 0, 3, 0, 15, 0, 0, 0, 0, 0, 0, 0, 0, 0, 0, 15, 0, 0, 0, 0, 24, 15, 0, 0, 0, 0, 0, 0, 15, 17, 0, 0, 17, 15, 0, 15, 0, 0, 0, : 15, 15, 3, 15, 15, 24, 15, 15, 17, 17, 15, 15, 
33: 0, 0, 21, 0, 0, 0, 19, 0, 0, 2, 0, 15, 0, 19, 0, 0, 0, 0, 0, 15, 0, 0, 21, 0, 0, 0, 0, 0, 16, 0, 15, 22, 15, 0, 0, 15, 15, 15, 0, 0, : 21, 19, 2, 15, 19, 15, 21, 16, 15, 22, 15, 15, 15, 15, 
67: 2, 0, 0, 0, 0, 23, 0, 0, 0, 0, 0, 34, 0, 0, 0, 26, 15, 0, 0, 6, 0, 15, 0, 0, 0, 0, 0, 11, 0, 0, 0, 0, 0, 0, 15, 0, 0, 0, 0, 15, : 2, 23, 34, 26, 15, 6, 15, 11, 15, 15, 
66: 0, 24, 0, 0, 15, 0, 0, 15, 0, 15, 0, 0, 0, 0, 0, 0, 15, 15, 0, 0, 0, 16, 0, 0, 0, 15, 15, 0, 0, 25, 0, 15, 0, 0, 0, 0, 0, 0, 0, 23, : 24, 15, 15, 15, 15, 15, 16, 15, 15, 25, 15, 23, 
8: 0, 0, 0, 15, 0, 0, 0, 0, 15, 16, 0, 0, 15, 17, 0, 0, 0, 15, 0, 0, 0, 15, 0, 7, 0, 0, 0, 0, 11, 0, 0, 15, 0, 0, 15, 0, 15, 0, 20, 15, : 15, 15, 16, 15, 17, 15, 15, 7, 11, 15, 15, 15, 20, 15, 
43: 0, 0, 0, 15, 15, 0, 0, 0, 10, 15, 0, 15, 0, 0, 0, 0, 0, 0, 0, 0, 22, 0, 0, 0, 0, 0, 0, 15, 27, 0, 15, 0, 0, 0, 0, 0, 0, 0, 15, 0, : 15, 15, 10, 15, 15, 22, 15, 27, 15, 15, 
45: 0, 0, 0, 0, 15, 17, 0, 15, 0, 0, 18, 21, 15, 16, 29, 9, 0, 0, 8, 19, 0, 0, 15, 22, 0, 0, 0, 20, 0, 0, 16, 0, 0, 20, 0, 15, 0, 0, 0, 15, : 15, 17, 15, 18, 21, 15, 16, 29, 9, 8, 19, 15, 22, 20, 16, 20, 15, 15, 
41: 0, 16, 0, 0, 0, 0, 0, 0, 15, 21, 0, 0, 29, 15, 0, 0, 10, 15, 17, 0, 0, 0, 0, 0, 0, 0, 0, 0, 16, 0, 0, 0, 20, 0, 0, 0, 0, 15, 0, 0, : 16, 15, 21, 29, 15, 10, 15, 17, 16, 20, 15, 
95: 0, 0, 0, 15, 15, 0, 0, 0, 0, 0, 15, 0, 17, 0, 11, 0, 0, 0, 15, 15, 33, 0, 0, 0, 16, 10, 0, 0, 15, 0, 0, 3, 15, 21, 0, 15, 0, 0, 0, 2, : 15, 15, 15, 17, 11, 15, 15, 33, 16, 10, 15, 3, 15, 21, 15, 2, 


14: 15, 0, 0, 0, 0, 0, 0, 15, 0, 0, 0, 0, 0, 0, 0, 0, 0, 15, 15, 0, 15, 5, 0, 0, 0, 0, 0, 0, 21, 0, 0, 0, 0, 15, 0, 0, 15, 0, 0, 0, : 15, 15, 15, 15, 15, 5, 21, 15, 15, 
37: 0, 22, 15, 0, 0, 0, 0, 0, 0, 15, 8, 15, 0, 16, 0, 0, 21, 0, 16, 0, 0, 0, 15, 0, 0, 0, 16, 0, 0, 0, 15, 15, 0, 0, 0, 0, 15, 15, 0, 0, : 22, 15, 15, 8, 15, 16, 21, 16, 15, 16, 15, 15, 15, 15, 
40: 0, 0, 0, 0, 0, 0, 0, 0, 17, 0, 0, 0, 0, 0, 0, 15, 0, 0, 16, 0, 15, 15, 0, 0, 0, 0, 0, 0, 0, 0, 0, 0, 0, 0, 0, 0, 15, 0, 0, 0, : 17, 15, 16, 15, 15, 15, 
85: 0, 0, 15, 0, 0, 0, 15, 0, 0, 16, 0, 15, 18, 0, 0, 19, 0, 0, 16, 16, 18, 15, 0, 0, 15, 16, 0, 0, 0, 0, 0, 0, 16, 0, 18, 0, 0, 0, 17, 16, : 15, 15, 16, 15, 18, 19, 16, 16, 18, 15, 15, 16, 16, 18, 17, 16, 
1: 15, 0, 0, 0, 32, 0, 0, 0, 17, 0, 15, 0, 0, 0, 0, 0, 0, 0, 0, 16, 0, 0, 0, 16, 15, 17, 0, 2, 15, 0, 0, 0, 15, 9, 0, 0, 6, 0, 0, 0, : 15, 32, 17, 15, 16, 16, 15, 17, 2, 15, 15, 9, 6, 
76: 0, 0, 19, 0, 15, 3, 0, 0, 0, 0, 15, 0, 13, 0, 30, 16, 0, 15, 0, 20, 15, 0, 0, 0, 16, 0, 27, 0, 15, 15, 15, 0, 0, 15, 0, 0, 0, 15, 0, 0, : 19, 15, 3, 15, 13, 30, 16, 15, 20, 15, 16, 27, 15, 15, 15, 15, 15, 
3: 16, 0, 15, 15, 0, 0, 15, 17, 0, 2, 0, 0, 0, 0, 0, 0, 0, 0, 0, 0, 15, 0, 15, 8, 0, 17, 0, 20, 0, 0, 0, 0, 15, 16, 0, 6, 0, 0, 0, 0, : 16, 15, 15, 15, 17, 2, 15, 15, 8, 17, 20, 15, 16, 6, 
28: 0, 0, 19, 0, 0, 0, 15, 0, 0, 0, 24, 0, 0, 8, 0, 0, 0, 15, 0, 0, 0, 0, 0, 0, 0, 5, 15, 16, 0, 0, 15, 0, 2, 15, 0, 15, 0, 0, 15, 0, : 19, 15, 24, 8, 15, 5, 15, 16, 15, 2, 15, 15, 15, 
64: 0, 0, 0, 17, 3, 15, 0, 0, 15, 0, 0, 8, 0, 0, 0, 0, 2, 0, 0, 31, 0, 15, 0, 15, 4, 0, 15, 0, 0, 0, 30, 0, 15, 15, 0, 17, 0, 15, 0, 15, : 17, 3, 15, 15, 8, 2, 31, 15, 15, 4, 15, 30, 15, 15, 17, 15, 15, 
94: 16, 0, 0, 0, 0, 0, 0, 0, 0, 0, 15, 17, 15, 15, 15, 0, 0, 0, 0, 0, 0, 0, 15, 0, 0, 15, 0, 0, 27, 0, 15, 16, 0, 0, 15, 0, 0, 10, 0, 15, : 16, 15, 17, 15, 15, 15, 15, 15, 27, 15, 16, 15, 10, 15, 
84: 0, 15, 0, 0, 0, 15, 0, 0, 0, 0, 0, 0, 23, 16, 15, 0, 0, 0, 0, 0, 0, 0, 0, 0, 0, 0, 0, 0, 0, 0, 0, 21, 16, 0, 0, 15, 15, 0, 20, 15, : 15, 15, 23, 16, 15, 21, 16, 15, 15, 20, 15, 
55: 0, 15, 0, 24, 0, 15, 0, 15, 21, 0, 0, 0, 0, 0, 0, 0, 0, 19, 0, 0, 0, 0, 0, 0, 0, 0, 0, 0, 0, 0, 0, 16, 0, 0, 15, 17, 0, 0, 2, 0, : 15, 24, 15, 15, 21, 19, 16, 15, 17, 2, 
49: 15, 15, 0, 0, 0, 0, 0, 21, 0, 0, 0, 0, 0, 15, 15, 16, 15, 0, 15, 0, 0, 15, 0, 0, 15, 15, 0, 0, 0, 0, 0, 0, 21, 0, 0, 0, 15, 15, 0, 0, : 15, 15, 21, 15, 15, 16, 15, 15, 15, 15, 15, 21, 15, 15, 
80: 18, 0, 0, 0, 19, 0, 0, 15, 0, 0, 0, 0, 0, 15, 0, 16, 15, 0, 0, 15, 6, 0, 8, 0, 20, 0, 0, 0, 0, 16, 0, 0, 0, 0, 0, 15, 19, 0, 0, 0, : 18, 19, 15, 15, 16, 15, 15, 6, 8, 20, 16, 15, 19, 
63: 0, 15, 0, 0, 16, 0, 10, 0, 15, 0, 0, 15, 0, 0, 0, 0, 0, 15, 0, 0, 0, 0, 0, 15, 15, 15, 17, 15, 7, 15, 0, 15, 0, 0, 0, 0, 0, 15, 15, 15, : 15, 16, 10, 15, 15, 15, 15, 15, 15, 17, 15, 7, 15, 15, 15, 15, 15, 
91: 0, 2, 15, 12, 15, 30, 15, 0, 0, 17, 0, 0, 15, 0, 0, 0, 0, 0, 15, 0, 0, 20, 15, 0, 0, 0, 0, 0, 0, 0, 0, 0, 0, 0, 15, 0, 0, 0, 0, 15, : 2, 15, 12, 15, 30, 15, 17, 15, 15, 20, 15, 15, 15, 
50: 0, 0, 2, 17, 0, 0, 0, 0, 15, 0, 0, 30, 0, 0, 0, 0, 15, 5, 0, 2, 0, 15, 0, 16, 0, 0, 0, 17, 0, 15, 10, 0, 0, 0, 0, 0, 0, 0, 15, 0, : 2, 17, 15, 30, 15, 5, 2, 15, 16, 17, 15, 10, 15, 
38: 5, 0, 0, 15, 0, 0, 15, 0, 0, 20, 0, 0, 0, 0, 15, 3, 16, 16, 0, 0, 16, 0, 15, 0, 0, 0, 0, 0, 0, 17, 0, 17, 0, 0, 0, 15, 0, 0, 0, 0, : 5, 15, 15, 20, 15, 3, 16, 16, 16, 15, 17, 17, 15, 
4: 0, 0, 0, 0, 0, 22, 0, 17, 0, 15, 0, 0, 16, 0, 10, 0, 16, 0, 7, 0, 0, 0, 17, 15, 0, 0, 0, 15, 0, 7, 0, 0, 0, 15, 8, 0, 0, 15, 16, 0, : 22, 17, 15, 16, 10, 16, 7, 17, 15, 15, 7, 15, 8, 15, 16, 
96: 0, 16, 0, 0, 0, 0, 15, 0, 0, 15, 23, 0, 0, 15, 0, 15, 0, 0, 0, 0, 0, 0, 0, 15, 0, 0, 10, 15, 15, 15, 0, 0, 0, 0, 29, 0, 0, 0, 0, 9, : 16, 15, 15, 23, 15, 15, 15, 10, 15, 15, 15, 29, 9, 


21: 0, 0, 0, 0, 15, 0, 0, 0, 0, 26, 15, 16, 0, 0, 0, 0, 0, 0, 18, 15, 16, 0, 0, 0, 0, 12, 5, 0, 0, 14, 15, 0, 0, 0, 0, 15, 0, 0, 25, 16, : 15, 26, 15, 16, 18, 15, 16, 12, 5, 14, 15, 15, 25, 16, 
32: 16, 0, 14, 17, 0, 0, 0, 0, 0, 8, 7, 16, 15, 0, 15, 0, 0, 15, 0, 0, 0, 0, 0, 0, 0, 25, 0, 15, 15, 0, 0, 0, 15, 17, 0, 0, 0, 0, 0, 0, : 16, 14, 17, 8, 7, 16, 15, 15, 15, 25, 15, 15, 15, 17, 
2: 15, 0, 0, 0, 0, 0, 0, 0, 15, 0, 0, 0, 0, 0, 15, 5, 0, 0, 0, 0, 17, 0, 0, 0, 15, 0, 18, 0, 0, 0, 0, 0, 15, 0, 16, 0, 15, 0, 0, 0, : 15, 15, 15, 5, 17, 15, 18, 15, 16, 15, 
6: 0, 20, 0, 0, 15, 0, 30, 15, 0, 0, 0, 0, 0, 0, 0, 15, 0, 0, 0, 0, 7, 0, 0, 0, 15, 0, 0, 0, 0, 16, 0, 15, 0, 3, 0, 0, 0, 0, 21, 0, : 20, 15, 30, 15, 15, 7, 15, 16, 15, 3, 21, 
99: 0, 7, 0, 0, 0, 15, 0, 0, 0, 0, 16, 0, 0, 15, 0, 0, 0, 0, 0, 0, 0, 0, 12, 16, 0, 17, 0, 0, 0, 0, 0, 0, 0, 0, 24, 15, 15, 0, 0, 17, : 7, 15, 16, 15, 12, 16, 17, 24, 15, 15, 17, 
73: 0, 0, 15, 15, 0, 0, 0, 15, 0, 0, 15, 0, 0, 0, 16, 0, 0, 15, 24, 15, 0, 19, 15, 0, 0, 0, 0, 0, 0, 0, 0, 0, 0, 0, 0, 0, 0, 0, 0, 0, : 15, 15, 15, 15, 16, 15, 24, 15, 19, 15, 
24: 0, 0, 0, 0, 0, 0, 21, 0, 0, 15, 0, 0, 0, 21, 0, 0, 0, 16, 0, 27, 0, 0, 0, 19, 0, 0, 0, 16, 0, 16, 0, 0, 15, 0, 0, 15, 0, 0, 0, 0, : 21, 15, 21, 16, 27, 19, 16, 16, 15, 15, 
17: 0, 0, 30, 0, 10, 15, 15, 0, 19, 21, 0, 26, 0, 0, 0, 0, 15, 0, 0, 0, 0, 0, 15, 5, 15, 0, 0, 0, 0, 0, 0, 15, 0, 24, 7, 0, 0, 0, 8, 0, : 30, 10, 15, 15, 19, 21, 26, 15, 15, 5, 15, 15, 24, 7, 8, 
42: 0, 0, 0, 0, 0, 0, 0, 25, 0, 0, 0, 0, 0, 16, 0, 0, 19, 0, 11, 0, 0, 0, 24, 0, 0, 16, 15, 0, 15, 0, 0, 15, 0, 0, 0, 0, 0, 8, 0, 0, : 25, 16, 19, 11, 24, 16, 15, 15, 15, 8, 
7: 0, 0, 0, 0, 0, 0, 0, 0, 0, 0, 0, 0, 0, 0, 0, 16, 15, 0, 0, 15, 0, 4, 0, 15, 0, 0, 0, 15, 0, 16, 0, 18, 15, 0, 15, 9, 0, 0, 0, 0, : 16, 15, 15, 4, 15, 15, 16, 18, 15, 15, 9, 
93: 0, 0, 0, 0, 15, 0, 0, 0, 15, 0, 0, 0, 15, 0, 15, 0, 0, 0, 15, 0, 15, 17, 0, 0, 0, 0, 0, 0, 0, 0, 15, 0, 15, 0, 0, 0, 19, 23, 15, 15, : 15, 15, 15, 15, 15, 15, 17, 15, 15, 19, 23, 15, 15, 
11: 0, 0, 0, 0, 0, 0, 0, 0, 0, 0, 0, 0, 0, 0, 0, 0, 0, 0, 0, 0, 0, 0, 0, 15, 15, 0, 17, 15, 0, 22, 18, 0, 15, 0, 0, 0, 0, 24, 16, 0, : 15, 15, 17, 15, 22, 18, 15, 24, 16, 
26: 0, 15, 0, 0, 0, 16, 0, 15, 0, 0, 0, 27, 0, 15, 0, 15, 0, 0, 0, 0, 0, 0, 0, 0, 0, 0, 0, 0, 24, 0, 0, 0, 0, 15, 0, 0, 28, 15, 0, 0, : 15, 16, 15, 27, 15, 15, 24, 15, 28, 15, 
88: 24, 0, 0, 16, 15, 0, 0, 0, 15, 15, 0, 0, 17, 15, 17, 0, 0, 16, 15, 0, 0, 0, 19, 0, 15, 0, 0, 16, 15, 0, 1, 16, 0, 0, 17, 0, 15, 0, 0, 0, : 24, 16, 15, 15, 15, 17, 15, 17, 16, 15, 19, 15, 16, 15, 1, 16, 17, 15, 
18: 0, 15, 0, 0, 0, 7, 0, 20, 0, 0, 0, 0, 7, 0, 0, 0, 0, 0, 0, 0, 0, 0, 0, 0, 0, 0, 0, 0, 0, 0, 18, 0, 0, 0, 0, 15, 8, 0, 0, 0, : 15, 7, 20, 7, 18, 15, 8, 
100: 15, 27, 0, 15, 15, 16, 0, 10, 15, 0, 15, 0, 0, 0, 0, 0, 15, 0, 0, 15, 15, 0, 0, 0, 0, 15, 15, 0, 0, 0, 0, 6, 0, 0, 0, 0, 0, 0, 15, 15, : 15, 27, 15, 15, 16, 10, 15, 15, 15, 15, 15, 15, 15, 6, 15, 15, 
83: 0, 0, 0, 1, 0, 0, 0, 0, 0, 0, 16, 15, 0, 0, 0, 15, 19, 15, 0, 13, 15, 0, 15, 15, 15, 0, 0, 22, 0, 16, 15, 0, 0, 0, 0, 0, 0, 0, 0, 15, : 1, 16, 15, 15, 19, 15, 13, 15, 15, 15, 15, 22, 16, 15, 15, 
5: 15, 0, 15, 19, 0, 15, 4, 0, 0, 0, 0, 0, 16, 0, 20, 16, 17, 8, 0, 0, 0, 17, 0, 0, 0, 0, 0, 1, 16, 0, 0, 0, 0, 26, 0, 15, 0, 0, 0, 15, : 15, 15, 19, 15, 4, 16, 20, 16, 17, 8, 17, 1, 16, 26, 15, 15, 
86: 0, 0, 0, 17, 0, 0, 15, 0, 21, 15, 16, 0, 15, 0, 2, 0, 0, 15, 17, 0, 0, 17, 0, 15, 10, 15, 15, 0, 15, 0, 0, 15, 10, 15, 0, 16, 0, 15, 0, 0, : 17, 15, 21, 15, 16, 15, 2, 15, 17, 17, 15, 10, 15, 15, 15, 15, 10, 15, 16, 15, 
60: 15, 16, 26, 0, 15, 16, 15, 0, 0, 0, 0, 0, 15, 18, 0, 18, 0, 0, 0, 0, 15, 26, 0, 0, 0, 0, 15, 0, 0, 0, 18, 0, 0, 0, 21, 0, 0, 15, 0, 7, : 15, 16, 26, 15, 16, 15, 15, 18, 18, 15, 26, 15, 18, 21, 15, 7, 


