
20
200
100
10

184: 0, 16, 0, 0, 15, 0, 0, 0, 0, 15, 15, 0, 0, 0, 0, 15, 0, 0, 0, 0, : 16, 15, 15, 15, 15, 
79: 15, 16, 15, 15, 0, 15, 0, 15, 15, 0, 0, 0, 27, 0, 0, 0, 16, 0, 0, 0, : 15, 16, 15, 15, 15, 15, 15, 27, 16, 
37: 0, 15, 0, 15, 0, 0, 0, 0, 0, 0, 15, 20, 0, 18, 0, 16, 0, 16, 0, 25, : 15, 15, 15, 20, 18, 16, 16, 25, 
100: 22, 15, 16, 0, 18, 15, 16, 0, 0, 0, 0, 0, 0, 0, 16, 15, 0, 0, 0, 0, : 22, 15, 16, 18, 15, 16, 16, 15, 
60: 0, 0, 0, 15, 0, 0, 0, 15, 0, 0, 0, 0, 16, 0, 15, 0, 0, 0, 21, 0, : 15, 15, 16, 15, 21, 
93: 15, 0, 0, 15, 0, 0, 15, 0, 0, 0, 0, 0, 16, 0, 0, 16, 0, 0, 0, 0, : 15, 15, 15, 16, 16, 
3: 2, 18, 15, 0, 0, 0, 0, 0, 15, 0, 0, 0, 0, 16, 0, 0, 0, 0, 0, 0, : 2, 18, 15, 15, 16, 
21: 0, 16, 0, 0, 0, 0, 0, 0, 15, 0, 0, 0, 15, 15, 0, 0, 6, 15, 0, 15, : 16, 15, 15, 15, 6, 15, 15, 
5: 0, 0, 0, 0, 0, 15, 16, 0, 0, 0, 17, 16, 0, 0, 1, 0, 17, 0, 4, 13, : 15, 16, 17, 16, 1, 17, 4, 13, 
47: 0, 0, 0, 0, 0, 0, 0, 18, 0, 15, 23, 15, 0, 0, 16, 22, 0, 0, 0, 0, : 18, 15, 23, 15, 16, 22, 
34: 0, 0, 15, 15, 15, 5, 0, 3, 0, 0, 0, 0, 0, 15, 0, 0, 0, 0, 0, 0, : 15, 15, 15, 5, 3, 15, 
44: 0, 0, 0, 0, 0, 0, 15, 15, 15, 0, 0, 0, 0, 0, 0, 0, 0, 0, 15, 0, : 15, 15, 15, 15, 
145: 31, 0, 0, 0, 0, 0, 0, 0, 0, 0, 0, 0, 0, 15, 0, 0, 15, 0, 25, 0, : 31, 15, 15, 25, 
38: 0, 0, 0, 7, 15, 17, 5, 0, 0, 0, 0, 0, 11, 15, 0, 0, 15, 15, 20, 0, : 7, 15, 17, 5, 11, 15, 15, 15, 20, 
161: 15, 0, 0, 0, 0, 0, 0, 0, 8, 15, 0, 28, 0, 6, 0, 0, 0, 0, 0, 0, : 15, 8, 15, 28, 6, 
73: 0, 4, 15, 0, 0, 0, 18, 19, 17, 0, 15, 0, 0, 0, 18, 0, 0, 15, 15, 17, : 4, 15, 18, 19, 17, 15, 18, 15, 15, 17, 
160: 0, 0, 24, 18, 0, 0, 0, 0, 0, 15, 0, 0, 0, 0, 0, 0, 0, 0, 0, 0, : 24, 18, 15, 
104: 0, 0, 0, 0, 15, 0, 0, 0, 15, 15, 0, 0, 15, 0, 15, 15, 15, 15, 0, 0, : 15, 15, 15, 15, 15, 15, 15, 15, 
156: 0, 0, 0, 0, 6, 18, 0, 0, 0, 15, 0, 15, 0, 0, 0, 0, 16, 0, 0, 15, : 6, 18, 15, 15, 16, 15, 
91: 0, 0, 0, 0, 16, 15, 15, 15, 0, 10, 15, 6, 0, 0, 19, 1, 0, 24, 0, 15, : 16, 15, 15, 15, 10, 15, 6, 19, 1, 24, 15, 


136: 0, 0, 15, 0, 18, 10, 0, 0, 0, 15, 15, 0, 0, 15, 0, 0, 15, 15, 15, 0, : 15, 18, 10, 15, 15, 15, 15, 15, 15, 
117: 25, 24, 15, 0, 0, 0, 0, 0, 0, 0, 0, 0, 0, 0, 0, 0, 15, 0, 0, 0, : 25, 24, 15, 15, 
31: 0, 0, 0, 0, 0, 18, 15, 0, 0, 0, 10, 0, 15, 0, 0, 0, 0, 0, 8, 0, : 18, 15, 10, 15, 8, 
70: 0, 0, 0, 15, 0, 0, 0, 0, 0, 0, 0, 0, 15, 23, 0, 0, 9, 26, 16, 0, : 15, 15, 23, 9, 26, 16, 
23: 15, 17, 16, 9, 15, 0, 0, 15, 0, 0, 0, 0, 0, 0, 15, 15, 15, 0, 0, 16, : 15, 17, 16, 9, 15, 15, 15, 15, 15, 16, 
128: 0, 17, 15, 0, 0, 0, 0, 0, 0, 28, 15, 15, 0, 0, 14, 0, 0, 0, 0, 0, : 17, 15, 28, 15, 15, 14, 
74: 0, 0, 4, 16, 15, 0, 15, 0, 0, 0, 0, 0, 0, 0, 20, 16, 0, 14, 0, 15, : 4, 16, 15, 15, 20, 16, 14, 15, 
97: 0, 0, 0, 15, 5, 15, 0, 0, 0, 12, 0, 0, 15, 0, 0, 19, 0, 15, 15, 21, : 15, 5, 15, 12, 15, 19, 15, 15, 21, 
123: 0, 0, 0, 0, 0, 0, 16, 5, 0, 15, 0, 15, 0, 0, 0, 0, 0, 0, 0, 0, : 16, 5, 15, 15, 
101: 0, 6, 35, 0, 0, 0, 15, 0, 15, 15, 0, 0, 9, 0, 0, 0, 0, 0, 0, 0, : 6, 35, 15, 15, 15, 9, 
196: 0, 0, 0, 0, 0, 15, 15, 0, 15, 0, 0, 19, 0, 16, 0, 0, 0, 0, 0, 15, : 15, 15, 15, 19, 16, 15, 
71: 27, 0, 0, 15, 0, 0, 0, 0, 0, 0, 15, 0, 0, 0, 0, 0, 0, 0, 0, 0, : 27, 15, 15, 
131: 0, 0, 0, 0, 15, 0, 9, 0, 0, 0, 15, 0, 0, 12, 0, 14, 15, 0, 0, 0, : 15, 9, 15, 12, 14, 15, 
197: 15, 0, 0, 0, 15, 0, 0, 17, 0, 0, 0, 0, 0, 0, 0, 15, 16, 15, 0, 0, : 15, 15, 17, 15, 16, 15, 
138: 0, 0, 0, 0, 0, 0, 0, 18, 35, 0, 0, 0, 0, 0, 0, 0, 0, 0, 15, 0, : 18, 35, 15, 
4: 0, 0, 0, 0, 0, 27, 0, 0, 16, 0, 0, 0, 15, 0, 30, 0, 15, 0, 16, 0, : 27, 16, 15, 30, 15, 16, 
17: 0, 0, 0, 15, 0, 15, 15, 15, 0, 15, 15, 19, 0, 0, 0, 0, 0, 0, 0, 3, : 15, 15, 15, 15, 15, 15, 19, 3, 
58: 0, 21, 0, 15, 0, 0, 0, 15, 0, 0, 0, 0, 16, 0, 0, 0, 0, 0, 15, 15, : 21, 15, 15, 16, 15, 15, 
130: 18, 0, 0, 0, 17, 0, 0, 0, 19, 0, 0, 17, 15, 15, 0, 0, 0, 0, 0, 0, : 18, 17, 19, 17, 15, 15, 
11: 0, 15, 0, 0, 0, 0, 0, 15, 0, 0, 15, 15, 0, 19, 21, 21, 0, 15, 0, 15, : 15, 15, 15, 15, 19, 21, 21, 15, 15, 


119: 0, 0, 0, 0, 0, 0, 4, 0, 17, 18, 10, 0, 0, 0, 0, 0, 0, 15, 15, 0, : 4, 17, 18, 10, 15, 15, 
116: 0, 0, 0, 0, 0, 0, 0, 0, 16, 16, 0, 0, 15, 0, 33, 0, 15, 15, 0, 0, : 16, 16, 15, 33, 15, 15, 
82: 0, 3, 0, 15, 0, 0, 15, 15, 15, 0, 15, 0, 0, 13, 15, 0, 3, 0, 0, 15, : 3, 15, 15, 15, 15, 15, 13, 15, 3, 15, 
2: 0, 0, 0, 25, 0, 15, 0, 15, 15, 0, 0, 9, 0, 16, 0, 0, 0, 0, 0, 1, : 25, 15, 15, 15, 9, 16, 1, 
90: 15, 0, 0, 0, 16, 0, 15, 15, 0, 15, 15, 0, 3, 0, 0, 15, 0, 0, 15, 0, : 15, 16, 15, 15, 15, 15, 3, 15, 15, 
66: 17, 0, 15, 0, 0, 15, 0, 15, 0, 0, 0, 0, 0, 15, 0, 16, 0, 0, 0, 15, : 17, 15, 15, 15, 15, 16, 15, 
56: 15, 17, 0, 15, 0, 0, 0, 0, 0, 0, 0, 0, 0, 0, 15, 0, 18, 0, 15, 0, : 15, 17, 15, 15, 18, 15, 
32: 0, 0, 17, 0, 16, 0, 15, 0, 0, 0, 0, 0, 15, 0, 0, 0, 0, 0, 10, 0, : 17, 16, 15, 15, 10, 
176: 0, 15, 0, 15, 4, 0, 15, 0, 0, 0, 0, 0, 0, 0, 0, 0, 0, 0, 0, 0, : 15, 15, 4, 15, 
198: 18, 0, 0, 0, 19, 0, 0, 0, 0, 0, 0, 0, 0, 0, 0, 0, 0, 0, 15, 17, : 18, 19, 15, 17, 
20: 5, 15, 0, 0, 0, 0, 0, 15, 0, 15, 0, 0, 0, 26, 15, 0, 17, 16, 0, 0, : 5, 15, 15, 15, 26, 15, 17, 16, 
85: 15, 0, 16, 0, 0, 7, 0, 0, 0, 0, 0, 15, 0, 15, 0, 19, 0, 15, 0, 0, : 15, 16, 7, 15, 15, 19, 15, 
68: 0, 20, 0, 0, 15, 0, 15, 0, 0, 0, 15, 0, 0, 0, 0, 15, 15, 0, 15, 0, : 20, 15, 15, 15, 15, 15, 15, 
122: 0, 0, 0, 15, 0, 15, 0, 0, 4, 3, 15, 15, 29, 0, 22, 15, 0, 0, 0, 0, : 15, 15, 4, 3, 15, 15, 29, 22, 15, 
83: 0, 0, 0, 0, 0, 0, 21, 15, 15, 0, 0, 16, 0, 0, 0, 0, 0, 15, 15, 0, : 21, 15, 15, 16, 15, 15, 
140: 0, 0, 15, 0, 15, 16, 0, 0, 0, 18, 15, 0, 0, 0, 0, 3, 16, 0, 0, 17, : 15, 15, 16, 18, 15, 3, 16, 17, 
103: 0, 0, 17, 15, 0, 0, 0, 10, 18, 0, 15, 15, 0, 0, 0, 0, 0, 15, 0, 0, : 17, 15, 10, 18, 15, 15, 15, 
155: 0, 0, 0, 0, 0, 0, 0, 0, 0, 0, 0, 15, 18, 15, 0, 17, 0, 9, 0, 0, : 15, 18, 15, 17, 9, 
191: 15, 15, 15, 0, 0, 0, 0, 0, 0, 15, 0, 15, 20, 0, 0, 0, 16, 0, 0, 19, : 15, 15, 15, 15, 15, 20, 16, 19, 
112: 0, 15, 5, 0, 15, 32, 0, 0, 0, 0, 0, 0, 0, 0, 0, 0, 0, 0, 0, 16, : 15, 5, 15, 32, 16, 


48: 15, 17, 0, 0, 0, 16, 0, 0, 0, 0, 0, 0, 0, 0, 0, 7, 17, 15, 15, 15, : 15, 17, 16, 7, 17, 15, 15, 15, 
107: 0, 0, 0, 0, 0, 0, 15, 0, 0, 0, 0, 12, 0, 0, 15, 0, 0, 15, 0, 15, : 15, 12, 15, 15, 15, 
180: 15, 0, 15, 5, 0, 15, 0, 15, 15, 0, 0, 0, 0, 0, 0, 0, 6, 21, 0, 15, : 15, 15, 5, 15, 15, 15, 6, 21, 15, 
13: 0, 0, 0, 19, 15, 15, 0, 0, 0, 0, 0, 0, 0, 21, 16, 0, 15, 0, 0, 0, : 19, 15, 15, 21, 16, 15, 
187: 0, 15, 21, 0, 15, 0, 15, 0, 15, 0, 0, 15, 15, 0, 15, 0, 0, 0, 0, 0, : 15, 21, 15, 15, 15, 15, 15, 15, 
157: 15, 0, 0, 15, 4, 15, 21, 0, 0, 20, 0, 15, 0, 17, 0, 0, 0, 0, 0, 15, : 15, 15, 4, 15, 21, 20, 15, 17, 15, 
25: 10, 0, 15, 15, 0, 0, 15, 0, 15, 0, 0, 0, 15, 0, 0, 0, 0, 0, 4, 0, : 10, 15, 15, 15, 15, 15, 4, 
75: 0, 0, 0, 15, 0, 0, 0, 16, 15, 0, 15, 0, 0, 16, 0, 15, 15, 0, 0, 9, : 15, 16, 15, 15, 16, 15, 15, 9, 
92: 0, 15, 0, 0, 0, 0, 0, 0, 0, 16, 15, 0, 0, 0, 0, 15, 0, 15, 17, 0, : 15, 16, 15, 15, 15, 17, 
26: 0, 15, 0, 0, 0, 18, 0, 15, 0, 0, 0, 0, 0, 0, 0, 0, 0, 0, 0, 0, : 15, 18, 15, 
172: 15, 15, 15, 0, 0, 0, 0, 7, 0, 0, 15, 0, 15, 15, 0, 0, 0, 4, 0, 16, : 15, 15, 15, 7, 15, 15, 15, 4, 16, 
36: 0, 0, 0, 0, 15, 0, 0, 0, 16, 0, 0, 0, 15, 0, 0, 0, 0, 0, 15, 0, : 15, 16, 15, 15, 
42: 0, 0, 0, 15, 0, 0, 0, 0, 0, 19, 15, 28, 15, 16, 0, 0, 15, 0, 0, 0, : 15, 19, 15, 28, 15, 16, 15, 
154: 0, 0, 0, 16, 19, 0, 0, 19, 0, 0, 0, 15, 10, 0, 9, 0, 0, 0, 18, 0, : 16, 19, 19, 15, 10, 9, 18, 
94: 15, 0, 0, 0, 0, 0, 15, 0, 8, 0, 15, 0, 0, 15, 0, 15, 15, 0, 0, 0, : 15, 15, 8, 15, 15, 15, 15, 
10: 15, 0, 3, 0, 0, 6, 0, 0, 16, 15, 0, 15, 0, 0, 0, 15, 0, 0, 15, 15, : 15, 3, 6, 16, 15, 15, 15, 15, 15, 
164: 0, 0, 16, 0, 0, 15, 4, 0, 0, 0, 0, 0, 15, 0, 15, 33, 0, 0, 0, 0, : 16, 15, 4, 15, 15, 33, 
81: 0, 15, 0, 0, 15, 0, 15, 28, 0, 15, 10, 0, 0, 0, 0, 0, 0, 0, 16, 0, : 15, 15, 15, 28, 15, 10, 16, 
40: 0, 8, 0, 0, 17, 0, 0, 0, 0, 15, 0, 0, 0, 0, 15, 0, 17, 15, 0, 0, : 8, 17, 15, 15, 17, 15, 
126: 0, 0, 15, 0, 0, 0, 0, 0, 0, 0, 15, 0, 0, 0, 15, 0, 0, 15, 0, 0, : 15, 15, 15, 15, 


15: 0, 0, 0, 15, 17, 0, 0, 0, 0, 0, 15, 0, 0, 0, 15, 0, 0, 15, 0, 0, : 15, 17, 15, 15, 15, 
19: 0, 0, 15, 15, 0, 8, 25, 0, 0, 16, 22, 0, 0, 0, 0, 0, 0, 0, 0, 0, : 15, 15, 8, 25, 16, 22, 
39: 0, 0, 0, 6, 11, 15, 0, 16, 0, 15, 0, 0, 0, 0, 0, 0, 21, 0, 0, 18, : 6, 11, 15, 16, 15, 21, 18, 
144: 0, 16, 15, 0, 0, 0, 0, 8, 15, 20, 15, 0, 15, 32, 0, 0, 0, 0, 0, 0, : 16, 15, 8, 15, 20, 15, 15, 32, 
33: 0, 0, 0, 0, 15, 0, 0, 0, 15, 0, 0, 0, 0, 0, 0, 0, 0, 15, 0, 0, : 15, 15, 15, 
173: 0, 0, 0, 34, 0, 0, 25, 15, 0, 0, 13, 0, 0, 15, 17, 0, 0, 0, 0, 0, : 34, 25, 15, 13, 15, 17, 
139: 15, 0, 16, 0, 15, 0, 0, 0, 0, 0, 0, 0, 0, 15, 0, 0, 0, 10, 0, 0, : 15, 16, 15, 15, 10, 
192: 13, 0, 0, 0, 0, 0, 15, 15, 0, 15, 0, 15, 0, 0, 15, 15, 0, 15, 0, 0, : 13, 15, 15, 15, 15, 15, 15, 15, 
64: 23, 0, 0, 0, 27, 0, 0, 15, 0, 0, 20, 0, 0, 8, 0, 0, 0, 15, 0, 0, : 23, 27, 15, 20, 8, 15, 
133: 0, 15, 0, 0, 0, 30, 0, 0, 0, 0, 0, 15, 15, 15, 19, 0, 0, 0, 0, 0, : 15, 30, 15, 15, 15, 19, 
108: 0, 0, 0, 0, 0, 17, 0, 0, 0, 17, 0, 15, 0, 0, 0, 27, 0, 15, 22, 26, : 17, 17, 15, 27, 15, 22, 26, 
169: 16, 0, 0, 0, 0, 15, 0, 0, 0, 15, 0, 15, 15, 0, 16, 0, 0, 0, 0, 0, : 16, 15, 15, 15, 15, 16, 
175: 0, 15, 15, 15, 0, 0, 0, 0, 0, 0, 0, 15, 0, 0, 0, 0, 15, 0, 0, 0, : 15, 15, 15, 15, 15, 
153: 0, 15, 0, 0, 0, 0, 15, 0, 0, 0, 0, 0, 14, 0, 0, 12, 15, 0, 2, 0, : 15, 15, 14, 12, 15, 2, 
114: 0, 15, 15, 15, 0, 0, 4, 0, 22, 0, 15, 0, 16, 0, 0, 15, 0, 0, 0, 16, : 15, 15, 15, 4, 22, 15, 16, 15, 16, 
24: 16, 9, 8, 0, 0, 15, 0, 0, 15, 0, 0, 0, 0, 0, 0, 0, 0, 0, 23, 15, : 16, 9, 8, 15, 15, 23, 15, 
105: 17, 0, 0, 0, 0, 0, 0, 16, 18, 2, 0, 16, 0, 0, 0, 15, 17, 0, 0, 19, : 17, 16, 18, 2, 16, 15, 17, 19, 
149: 0, 0, 16, 0, 0, 0, 0, 0, 0, 0, 0, 0, 0, 15, 0, 16, 17, 0, 22, 6, : 16, 15, 16, 17, 22, 6, 
194: 0, 15, 0, 0, 0, 0, 0, 15, 15, 0, 0, 9, 0, 0, 16, 0, 15, 15, 31, 0, : 15, 15, 15, 9, 16, 15, 15, 31, 
43: 0, 0, 0, 0, 15, 0, 16, 0, 0, 0, 0, 0, 25, 0, 2, 0, 0, 0, 0, 0, : 15, 16, 25, 2, 


137: 0, 12, 0, 15, 0, 0, 0, 21, 0, 23, 0, 0, 15, 15, 0, 0, 0, 0, 0, 0, : 12, 15, 21, 23, 15, 15, 
76: 0, 0, 10, 19, 34, 25, 0, 0, 15, 15, 20, 0, 0, 6, 0, 0, 0, 0, 0, 18, : 10, 19, 34, 25, 15, 15, 20, 6, 18, 
125: 0, 0, 0, 15, 15, 0, 0, 0, 0, 0, 0, 0, 0, 0, 15, 0, 0, 0, 15, 0, : 15, 15, 15, 15, 
199: 0, 0, 15, 15, 0, 0, 7, 0, 0, 15, 0, 15, 3, 15, 15, 0, 0, 15, 0, 0, : 15, 15, 7, 15, 15, 3, 15, 15, 15, 
98: 24, 16, 0, 0, 15, 15, 15, 0, 0, 0, 11, 0, 0, 0, 0, 0, 0, 3, 17, 22, : 24, 16, 15, 15, 15, 11, 3, 17, 22, 
54: 15, 0, 15, 0, 0, 0, 15, 0, 10, 0, 0, 0, 0, 0, 15, 15, 0, 0, 0, 0, : 15, 15, 15, 10, 15, 15, 
166: 0, 0, 0, 0, 0, 16, 0, 16, 0, 15, 0, 0, 15, 15, 0, 0, 0, 0, 15, 0, : 16, 16, 15, 15, 15, 15, 
188: 0, 0, 0, 21, 6, 0, 0, 0, 15, 0, 0, 0, 15, 0, 16, 0, 15, 0, 21, 0, : 21, 6, 15, 15, 16, 15, 21, 
165: 0, 15, 0, 0, 0, 0, 0, 0, 0, 15, 0, 0, 16, 0, 0, 0, 0, 17, 0, 17, : 15, 15, 16, 17, 17, 
46: 0, 0, 15, 0, 15, 0, 0, 0, 15, 0, 0, 0, 0, 0, 7, 0, 0, 0, 0, 12, : 15, 15, 15, 7, 12, 
86: 0, 0, 0, 0, 0, 15, 15, 15, 15, 0, 15, 15, 0, 0, 15, 0, 0, 0, 0, 0, : 15, 15, 15, 15, 15, 15, 15, 
72: 15, 26, 0, 0, 0, 0, 17, 0, 0, 0, 15, 9, 36, 15, 0, 5, 0, 15, 0, 15, : 15, 26, 17, 15, 9, 36, 15, 5, 15, 15, 
9: 15, 0, 0, 0, 15, 0, 15, 0, 0, 0, 0, 16, 0, 19, 0, 35, 15, 0, 0, 0, : 15, 15, 15, 16, 19, 35, 15, 
55: 0, 15, 15, 0, 0, 15, 0, 15, 0, 0, 0, 0, 0, 0, 0, 15, 15, 15, 0, 0, : 15, 15, 15, 15, 15, 15, 15, 
106: 0, 0, 0, 15, 0, 0, 0, 15, 0, 0, 24, 0, 0, 0, 0, 0, 0, 0, 0, 16, : 15, 15, 24, 16, 
41: 0, 16, 15, 0, 0, 14, 0, 0, 0, 2, 0, 15, 0, 0, 17, 0, 22, 20, 0, 0, : 16, 15, 14, 2, 15, 17, 22, 20, 
29: 16, 0, 0, 0, 0, 0, 0, 0, 0, 0, 0, 0, 0, 15, 0, 15, 0, 0, 0, 0, : 16, 15, 15, 
167: 0, 0, 0, 0, 0, 0, 16, 0, 15, 0, 0, 0, 0, 0, 0, 15, 0, 0, 0, 0, : 16, 15, 15, 
63: 0, 0, 15, 0, 0, 0, 0, 16, 15, 15, 0, 15, 0, 0, 0, 0, 16, 15, 15, 0, : 15, 16, 15, 15, 15, 16, 15, 15, 
151: 15, 0, 0, 0, 0, 0, 0, 2, 0, 0, 15, 15, 0, 0, 0, 0, 17, 0, 17, 0, : 15, 2, 15, 15, 17, 17, 


80: 0, 9, 27, 0, 16, 0, 17, 0, 0, 15, 15, 17, 0, 16, 0, 0, 0, 0, 0, 15, : 9, 27, 16, 17, 15, 15, 17, 16, 15, 
170: 15, 0, 0, 0, 0, 0, 0, 15, 0, 0, 15, 15, 15, 8, 0, 6, 17, 15, 0, 0, : 15, 15, 15, 15, 15, 8, 6, 17, 15, 
62: 22, 0, 0, 16, 0, 0, 15, 0, 15, 0, 0, 0, 15, 0, 0, 15, 0, 20, 0, 12, : 22, 16, 15, 15, 15, 15, 20, 12, 
52: 0, 0, 0, 0, 0, 0, 0, 0, 0, 15, 15, 0, 0, 0, 0, 0, 6, 0, 15, 15, : 15, 15, 6, 15, 15, 
78: 16, 19, 0, 18, 0, 29, 0, 0, 15, 0, 15, 0, 0, 0, 15, 0, 0, 0, 0, 0, : 16, 19, 18, 29, 15, 15, 15, 
14: 16, 16, 0, 0, 0, 15, 15, 20, 0, 0, 0, 0, 22, 16, 18, 0, 16, 0, 0, 0, : 16, 16, 15, 15, 20, 22, 16, 18, 16, 
53: 0, 0, 0, 16, 8, 0, 8, 0, 0, 0, 0, 0, 0, 0, 0, 0, 0, 0, 15, 0, : 16, 8, 8, 15, 
84: 16, 0, 0, 0, 0, 0, 0, 0, 24, 0, 0, 15, 0, 0, 0, 16, 0, 0, 16, 0, : 16, 24, 15, 16, 16, 
1: 0, 23, 15, 0, 0, 0, 0, 0, 0, 0, 0, 0, 0, 0, 15, 0, 0, 0, 0, 0, : 23, 15, 15, 
7: 0, 0, 0, 0, 36, 0, 0, 15, 0, 15, 0, 0, 0, 0, 0, 0, 0, 0, 0, 15, : 36, 15, 15, 15, 
51: 0, 0, 15, 0, 0, 0, 0, 0, 0, 20, 0, 0, 15, 0, 0, 0, 0, 0, 0, 0, : 15, 20, 15, 
59: 0, 16, 0, 0, 0, 9, 0, 6, 0, 15, 15, 20, 15, 15, 0, 15, 0, 16, 0, 15, : 16, 9, 6, 15, 15, 20, 15, 15, 15, 16, 15, 
182: 0, 0, 0, 0, 21, 0, 0, 0, 0, 0, 0, 0, 0, 15, 15, 0, 15, 0, 0, 0, : 21, 15, 15, 15, 
163: 0, 0, 0, 0, 0, 15, 0, 0, 30, 0, 0, 15, 0, 15, 0, 0, 0, 0, 0, 0, : 15, 30, 15, 15, 
113: 15, 17, 0, 14, 0, 0, 15, 0, 0, 0, 0, 0, 0, 0, 7, 15, 0, 0, 15, 0, : 15, 17, 14, 15, 7, 15, 15, 
61: 0, 0, 13, 0, 0, 0, 15, 18, 0, 0, 0, 17, 0, 15, 15, 0, 15, 0, 5, 28, : 13, 15, 18, 17, 15, 15, 15, 5, 28, 
99: 0, 0, 15, 17, 0, 0, 0, 0, 0, 16, 15, 0, 0, 0, 0, 0, 16, 15, 0, 0, : 15, 17, 16, 15, 16, 15, 
77: 0, 0, 15, 0, 0, 17, 0, 0, 0, 0, 0, 0, 0, 0, 0, 18, 15, 15, 0, 0, : 15, 17, 18, 15, 15, 
181: 0, 0, 0, 19, 19, 15, 0, 26, 1, 0, 0, 0, 15, 0, 0, 15, 0, 19, 17, 0, : 19, 19, 15, 26, 1, 15, 15, 19, 17, 
141: 0, 0, 0, 0, 0, 0, 15, 0, 15, 4, 10, 1, 3, 0, 15, 0, 0, 0, 17, 0, : 15, 15, 4, 10, 1, 3, 15, 17, 


87: 0, 0, 0, 0, 0, 0, 15, 15, 0, 0, 0, 0, 15, 0, 0, 0, 15, 0, 0, 0, : 15, 15, 15, 15, 
30: 0, 15, 0, 0, 0, 16, 32, 15, 0, 0, 0, 6, 0, 0, 0, 15, 0, 0, 0, 0, : 15, 16, 32, 15, 6, 15, 
50: 0, 0, 0, 0, 0, 15, 0, 0, 0, 15, 0, 0, 0, 0, 15, 0, 15, 0, 0, 1, : 15, 15, 15, 15, 1, 
143: 0, 15, 17, 0, 0, 15, 0, 0, 15, 0, 15, 0, 0, 15, 15, 15, 0, 0, 0, 0, : 15, 17, 15, 15, 15, 15, 15, 15, 
142: 16, 0, 15, 15, 0, 15, 23, 0, 0, 18, 0, 15, 0, 15, 0, 15, 15, 15, 0, 0, : 16, 15, 15, 15, 23, 18, 15, 15, 15, 15, 15, 
6: 0, 21, 15, 15, 15, 15, 0, 1, 0, 0, 0, 15, 15, 0, 0, 0, 0, 0, 17, 0, : 21, 15, 15, 15, 15, 1, 15, 15, 17, 
162: 0, 0, 0, 0, 15, 0, 0, 16, 15, 17, 0, 0, 0, 0, 0, 0, 0, 0, 15, 22, : 15, 16, 15, 17, 15, 22, 
8: 17, 0, 16, 10, 29, 0, 0, 0, 0, 0, 0, 15, 0, 0, 0, 0, 0, 0, 15, 15, : 17, 16, 10, 29, 15, 15, 15, 
96: 15, 0, 15, 0, 0, 0, 15, 0, 0, 15, 0, 0, 9, 0, 0, 18, 17, 0, 5, 0, : 15, 15, 15, 15, 9, 18, 17, 5, 
88: 0, 0, 0, 15, 11, 0, 0, 15, 0, 0, 0, 0, 15, 15, 0, 0, 0, 0, 0, 16, : 15, 11, 15, 15, 15, 16, 
158: 0, 0, 7, 0, 0, 0, 0, 0, 0, 15, 0, 0, 0, 29, 9, 16, 7, 15, 0, 16, : 7, 15, 29, 9, 16, 7, 15, 16, 
120: 4, 15, 0, 0, 0, 0, 0, 0, 22, 0, 0, 0, 15, 0, 0, 6, 0, 20, 0, 0, : 4, 15, 22, 15, 6, 20, 
109: 0, 15, 0, 0, 0, 0, 0, 23, 15, 0, 17, 0, 0, 0, 0, 0, 0, 15, 0, 0, : 15, 23, 15, 17, 15, 
195: 0, 0, 0, 20, 0, 9, 0, 0, 3, 2, 16, 0, 16, 0, 15, 0, 0, 20, 0, 0, : 20, 9, 3, 2, 16, 16, 15, 20, 
146: 0, 15, 0, 0, 0, 15, 0, 0, 15, 0, 20, 15, 15, 0, 0, 15, 15, 0, 0, 15, : 15, 15, 15, 20, 15, 15, 15, 15, 15, 
69: 16, 0, 0, 25, 15, 0, 0, 0, 0, 0, 17, 0, 0, 0, 0, 0, 16, 0, 0, 0, : 16, 25, 15, 17, 16, 
186: 15, 0, 0, 0, 15, 0, 0, 0, 0, 18, 15, 15, 0, 0, 16, 0, 0, 0, 15, 0, : 15, 15, 18, 15, 15, 16, 15, 
89: 0, 0, 15, 0, 0, 0, 15, 0, 0, 0, 0, 0, 0, 0, 15, 0, 0, 15, 0, 0, : 15, 15, 15, 15, 
193: 17, 0, 0, 0, 0, 0, 0, 0, 0, 0, 0, 0, 0, 15, 15, 0, 0, 0, 16, 0, : 17, 15, 15, 16, 
185: 0, 4, 0, 0, 0, 0, 0, 15, 15, 0, 0, 19, 0, 11, 0, 0, 0, 0, 17, 15, : 4, 15, 15, 19, 11, 17, 15, 


200: 16, 15, 0, 16, 0, 15, 18, 0, 0, 0, 0, 0, 0, 0, 0, 15, 0, 15, 0, 0, : 16, 15, 16, 15, 18, 15, 15, 
129: 15, 0, 0, 0, 0, 15, 15, 0, 0, 0, 0, 8, 0, 0, 15, 0, 0, 15, 0, 0, : 15, 15, 15, 8, 15, 15, 
121: 0, 0, 0, 0, 0, 15, 0, 0, 0, 15, 15, 15, 30, 15, 15, 7, 0, 0, 0, 0, : 15, 15, 15, 15, 30, 15, 15, 7, 
135: 17, 7, 0, 0, 0, 15, 0, 0, 0, 0, 0, 15, 0, 15, 15, 0, 0, 32, 13, 15, : 17, 7, 15, 15, 15, 15, 32, 13, 15, 
179: 0, 20, 2, 0, 15, 0, 15, 0, 19, 16, 0, 0, 0, 0, 0, 0, 0, 0, 0, 0, : 20, 2, 15, 15, 19, 16, 
115: 0, 0, 22, 0, 0, 16, 0, 16, 0, 0, 0, 0, 0, 15, 15, 0, 0, 0, 0, 0, : 22, 16, 16, 15, 15, 
134: 0, 0, 0, 6, 18, 0, 0, 18, 0, 0, 0, 15, 0, 0, 4, 0, 15, 0, 0, 17, : 6, 18, 18, 15, 4, 15, 17, 
57: 0, 0, 0, 0, 0, 0, 15, 16, 0, 0, 0, 0, 25, 15, 0, 0, 0, 0, 0, 15, : 15, 16, 25, 15, 15, 
190: 0, 0, 15, 0, 0, 0, 0, 0, 0, 21, 0, 0, 16, 0, 0, 0, 15, 0, 0, 15, : 15, 21, 16, 15, 15, 
35: 0, 15, 0, 0, 15, 0, 0, 0, 11, 0, 28, 0, 14, 15, 21, 0, 21, 0, 15, 6, : 15, 15, 11, 28, 14, 15, 21, 21, 15, 6, 
174: 0, 0, 0, 15, 0, 0, 0, 15, 20, 15, 0, 0, 0, 0, 0, 0, 0, 0, 0, 0, : 15, 15, 20, 15, 
159: 14, 0, 15, 0, 0, 0, 5, 5, 0, 15, 15, 0, 0, 0, 0, 0, 14, 15, 15, 0, : 14, 15, 5, 5, 15, 15, 14, 15, 15, 
171: 0, 0, 15, 0, 18, 0, 0, 0, 17, 0, 0, 0, 0, 0, 0, 15, 0, 0, 0, 0, : 15, 18, 17, 15, 
152: 23, 0, 0, 32, 0, 0, 16, 15, 16, 0, 0, 17, 0, 0, 0, 0, 20, 19, 0, 17, : 23, 32, 16, 15, 16, 17, 20, 19, 17, 
189: 0, 0, 0, 0, 3, 0, 0, 0, 0, 15, 0, 0, 0, 0, 0, 15, 0, 0, 24, 0, : 3, 15, 15, 24, 
18: 0, 0, 16, 15, 0, 0, 0, 15, 17, 0, 0, 0, 0, 0, 0, 0, 0, 0, 15, 0, : 16, 15, 15, 17, 15, 
28: 0, 16, 0, 16, 0, 0, 0, 0, 0, 0, 25, 15, 0, 25, 0, 33, 0, 0, 0, 0, : 16, 16, 25, 15, 25, 33, 
95: 0, 27, 0, 0, 15, 0, 0, 0, 0, 0, 1, 0, 15, 0, 0, 0, 0, 0, 0, 15, : 27, 15, 1, 15, 15, 
183: 15, 0, 15, 0, 0, 9, 16, 0, 0, 3, 0, 0, 0, 0, 15, 15, 15, 4, 0, 0, : 15, 15, 9, 16, 3, 15, 15, 15, 4, 
132: 0, 0, 0, 0, 16, 15, 0, 0, 0, 0, 16, 15, 0, 0, 0, 0, 0, 0, 18, 0, : 16, 15, 16, 15, 18, 


111: 0, 0, 0, 0, 0, 0, 0, 15, 0, 0, 0, 15, 0, 0, 0, 21, 15, 0, 15, 0, : 15, 15, 21, 15, 15, 
12: 0, 15, 0, 0, 0, 0, 0, 15, 15, 0, 0, 0, 0, 17, 0, 0, 5, 0, 0, 15, : 15, 15, 15, 17, 5, 15, 
16: 23, 22, 16, 0, 0, 0, 0, 0, 0, 15, 0, 0, 17, 0, 0, 0, 15, 18, 0, 0, : 23, 22, 16, 15, 17, 15, 18, 
45: 0, 0, 0, 0, 0, 0, 15, 0, 0, 0, 15, 16, 15, 0, 0, 0, 0, 0, 15, 0, : 15, 15, 16, 15, 15, 
49: 0, 0, 0, 0, 0, 15, 0, 15, 0, 15, 0, 22, 0, 0, 0, 0, 0, 15, 0, 0, : 15, 15, 15, 22, 15, 
147: 0, 0, 0, 0, 21, 16, 0, 0, 16, 0, 0, 0, 0, 0, 16, 0, 0, 16, 0, 0, : 21, 16, 16, 16, 16, 
148: 15, 0, 14, 0, 1, 21, 1, 0, 0, 0, 0, 0, 0, 15, 16, 0, 18, 0, 0, 0, : 15, 14, 1, 21, 1, 15, 16, 18, 
118: 15, 0, 0, 16, 0, 15, 0, 0, 4, 0, 0, 0, 15, 0, 0, 21, 0, 0, 0, 15, : 15, 16, 15, 4, 15, 21, 15, 
110: 0, 0, 32, 0, 15, 0, 20, 17, 20, 0, 0, 0, 0, 15, 0, 0, 0, 0, 0, 0, : 32, 15, 20, 17, 20, 15, 
178: 0, 0, 0, 0, 16, 0, 0, 0, 0, 24, 0, 0, 0, 0, 0, 0, 0, 0, 0, 0, : 16, 24, 
67: 0, 0, 0, 15, 0, 0, 15, 0, 0, 0, 25, 0, 5, 7, 15, 0, 15, 0, 0, 0, : 15, 15, 25, 5, 7, 15, 15, 
27: 2, 0, 0, 16, 0, 0, 0, 0, 0, 17, 15, 15, 17, 0, 0, 15, 0, 15, 30, 0, : 2, 16, 17, 15, 15, 17, 15, 15, 30, 
124: 0, 3, 0, 15, 0, 0, 15, 22, 0, 0, 15, 0, 0, 0, 0, 15, 17, 0, 0, 0, : 3, 15, 15, 22, 15, 15, 17, 
177: 15, 0, 0, 0, 0, 15, 0, 0, 15, 14, 0, 16, 15, 15, 0, 13, 0, 0, 0, 15, : 15, 15, 15, 14, 16, 15, 15, 13, 15, 
127: 15, 15, 0, 0, 0, 18, 18, 0, 0, 15, 0, 15, 0, 0, 0, 0, 15, 0, 0, 32, : 15, 15, 18, 18, 15, 15, 15, 32, 
168: 0, 15, 0, 15, 0, 0, 0, 0, 0, 0, 22, 0, 0, 0, 15, 15, 0, 16, 25, 0, : 15, 15, 22, 15, 15, 16, 25, 
102: 0, 15, 0, 15, 17, 0, 0, 0, 15, 0, 8, 1, 0, 15, 0, 0, 0, 0, 0, 8, : 15, 15, 17, 15, 8, 1, 15, 8, 
65: 15, 0, 0, 0, 15, 0, 0, 0, 0, 0, 0, 0, 16, 0, 15, 0, 0, 5, 0, 15, : 15, 15, 16, 15, 5, 15, 
22: 0, 15, 23, 0, 0, 0, 16, 0, 15, 0, 0, 0, 0, 16, 0, 0, 0, 0, 0, 0, : 15, 23, 16, 15, 16, 
150: 0, 0, 15, 8, 15, 0, 0, 16, 0, 0, 0, 0, 0, 0, 23, 0, 0, 15, 15, 0, : 15, 8, 15, 16, 23, 15, 15, 


