
200
100
100
5

64: 15, 0, 0, 0, 0, 16, 0, 0, 15, 0, 0, 0, 0, 0, 0, 0, 0, 15, 21, 23, 0, 15, 0, 0, 0, 0, 0, 15, 0, 0, 0, 6, 0, 0, 0, 15, 0, 8, 15, 0, 0, 0, 15, 0, 16, 0, 8, 0, 0, 0, 0, 0, 0, 0, 0, 0, 15, 0, 15, 0, 0, 0, 7, 0, 0, 0, 16, 15, 15, 0, 15, 16, 0, 18, 24, 0, 0, 0, 0, 15, 0, 0, 0, 16, 0, 15, 0, 0, 0, 0, 0, 0, 0, 0, 16, 17, 0, 0, 0, 0, 0, 0, 0, 0, 0, 0, 0, 0, 32, 15, 0, 19, 8, 19, 0, 0, 0, 0, 0, 0, 0, 0, 7, 0, 0, 27, 0, 0, 0, 15, 0, 0, 16, 0, 0, 0, 0, 0, 0, 0, 0, 0, 0, 15, 17, 0, 10, 0, 0, 0, 0, 18, 0, 0, 15, 0, 15, 15, 0, 15, 1, 0, 0, 0, 0, 0, 17, 0, 0, 0, 3, 0, 0, 0, 0, 0, 15, 15, 0, 22, 0, 17, 0, 15, 0, 15, 15, 0, 21, 0, 19, 0, 0, 13, 0, 0, 23, 0, 16, 0, : 15, 16, 15, 15, 21, 23, 15, 15, 6, 15, 8, 15, 15, 16, 8, 15, 15, 7, 16, 15, 15, 15, 16, 18, 24, 15, 16, 15, 16, 17, 32, 15, 19, 8, 19, 7, 27, 15, 16, 15, 17, 10, 18, 15, 15, 15, 15, 1, 17, 3, 15, 15, 22, 17, 15, 15, 15, 21, 19, 13, 23, 16, 
81: 9, 15, 0, 0, 0, 0, 0, 15, 0, 0, 0, 15, 0, 15, 0, 28, 15, 0, 0, 15, 0, 15, 0, 0, 0, 0, 0, 0, 12, 0, 0, 0, 0, 0, 0, 16, 0, 0, 3, 0, 0, 0, 0, 15, 0, 17, 0, 0, 0, 15, 0, 0, 0, 15, 15, 0, 0, 0, 0, 15, 0, 21, 0, 0, 15, 0, 0, 0, 16, 2, 17, 0, 0, 0, 16, 15, 15, 0, 0, 0, 0, 16, 0, 0, 0, 0, 0, 15, 0, 0, 0, 0, 25, 16, 19, 0, 0, 0, 0, 0, 0, 0, 15, 16, 0, 0, 20, 16, 16, 0, 0, 0, 0, 0, 7, 0, 0, 0, 0, 0, 0, 0, 0, 0, 15, 0, 0, 0, 9, 0, 15, 0, 0, 0, 0, 0, 15, 0, 0, 15, 0, 0, 0, 0, 15, 0, 0, 29, 0, 0, 15, 0, 0, 15, 15, 15, 7, 0, 0, 0, 0, 0, 15, 0, 15, 15, 0, 15, 0, 0, 22, 15, 0, 16, 0, 0, 0, 0, 0, 0, 18, 0, 0, 0, 0, 15, 0, 17, 15, 0, 0, 0, 15, 0, 15, 19, 0, 0, 0, 0, : 9, 15, 15, 15, 15, 28, 15, 15, 15, 12, 16, 3, 15, 17, 15, 15, 15, 15, 21, 15, 16, 2, 17, 16, 15, 15, 16, 15, 25, 16, 19, 15, 16, 20, 16, 16, 7, 15, 9, 15, 15, 15, 15, 29, 15, 15, 15, 15, 7, 15, 15, 15, 15, 22, 15, 16, 18, 15, 17, 15, 15, 15, 19, 
44: 0, 0, 4, 0, 0, 15, 17, 15, 0, 0, 0, 15, 15, 0, 18, 0, 15, 0, 0, 0, 0, 15, 0, 0, 0, 0, 0, 0, 15, 17, 20, 0, 0, 17, 15, 9, 15, 15, 0, 15, 0, 15, 0, 0, 21, 0, 0, 0, 0, 7, 0, 19, 0, 0, 0, 0, 0, 0, 0, 0, 0, 0, 15, 17, 0, 4, 0, 0, 0, 0, 0, 0, 0, 16, 0, 0, 0, 0, 15, 15, 15, 15, 0, 0, 0, 0, 0, 16, 0, 0, 0, 0, 15, 0, 0, 0, 3, 0, 0, 19, 0, 0, 0, 0, 0, 0, 0, 0, 0, 15, 0, 0, 0, 0, 15, 0, 16, 18, 0, 0, 0, 0, 15, 15, 0, 0, 16, 0, 0, 0, 0, 15, 0, 0, 15, 0, 0, 0, 0, 16, 15, 0, 0, 0, 0, 0, 15, 19, 0, 15, 0, 15, 0, 0, 0, 0, 21, 17, 0, 0, 0, 17, 19, 15, 16, 15, 17, 0, 0, 0, 0, 0, 0, 0, 0, 0, 0, 15, 0, 0, 0, 0, 0, 15, 15, 0, 27, 0, 0, 0, 0, 0, 0, 15, 0, 15, 0, 0, 0, 0, : 4, 15, 17, 15, 15, 15, 18, 15, 15, 15, 17, 20, 17, 15, 9, 15, 15, 15, 15, 21, 7, 19, 15, 17, 4, 16, 15, 15, 15, 15, 16, 15, 3, 19, 15, 15, 16, 18, 15, 15, 16, 15, 15, 16, 15, 15, 19, 15, 15, 21, 17, 17, 19, 15, 16, 15, 17, 15, 15, 15, 27, 15, 15, 
21: 15, 0, 0, 7, 0, 0, 15, 0, 0, 0, 0, 0, 0, 0, 15, 0, 8, 16, 0, 15, 15, 15, 0, 0, 15, 0, 0, 13, 0, 0, 0, 33, 17, 0, 15, 0, 0, 0, 0, 26, 15, 0, 1, 0, 0, 15, 0, 15, 0, 0, 0, 16, 20, 0, 0, 0, 15, 0, 0, 0, 0, 0, 18, 15, 34, 0, 0, 0, 0, 0, 0, 0, 0, 0, 0, 0, 0, 15, 0, 0, 0, 0, 0, 0, 15, 0, 0, 0, 0, 20, 15, 0, 0, 0, 15, 0, 0, 16, 15, 0, 0, 0, 0, 15, 0, 0, 0, 15, 0, 0, 0, 0, 0, 17, 0, 0, 15, 0, 0, 0, 0, 3, 0, 15, 15, 0, 8, 0, 0, 15, 24, 0, 16, 0, 0, 0, 0, 0, 0, 0, 0, 0, 0, 0, 6, 15, 15, 0, 6, 18, 15, 0, 16, 0, 0, 0, 0, 0, 0, 0, 15, 0, 0, 20, 0, 8, 0, 0, 15, 0, 15, 0, 0, 0, 8, 0, 15, 19, 0, 0, 0, 0, 15, 0, 0, 0, 0, 15, 0, 0, 17, 0, 0, 0, 3, 0, 0, 0, 0, 0, : 15, 7, 15, 15, 8, 16, 15, 15, 15, 15, 13, 33, 17, 15, 26, 15, 1, 15, 15, 16, 20, 15, 18, 15, 34, 15, 15, 20, 15, 15, 16, 15, 15, 15, 17, 15, 3, 15, 15, 8, 15, 24, 16, 6, 15, 15, 6, 18, 15, 16, 15, 20, 8, 15, 15, 8, 15, 19, 15, 15, 17, 3, 
35: 0, 0, 0, 0, 0, 16, 0, 15, 0, 16, 0, 0, 0, 0, 0, 0, 0, 0, 0, 0, 0, 0, 0, 0, 0, 16, 0, 0, 0, 0, 15, 0, 0, 31, 0, 0, 15, 0, 0, 0, 0, 5, 0, 0, 0, 0, 0, 28, 0, 18, 13, 0, 15, 34, 16, 15, 0, 18, 1, 0, 0, 0, 0, 0, 0, 18, 20, 15, 0, 0, 0, 0, 0, 21, 17, 0, 16, 0, 10, 15, 0, 15, 15, 15, 0, 15, 15, 0, 15, 16, 0, 15, 15, 0, 0, 15, 15, 0, 21, 34, 6, 24, 0, 0, 0, 0, 0, 7, 0, 0, 0, 0, 15, 0, 0, 29, 0, 15, 0, 15, 0, 15, 15, 0, 21, 0, 16, 21, 0, 0, 15, 15, 0, 0, 0, 0, 0, 0, 17, 0, 0, 0, 10, 15, 0, 0, 0, 0, 0, 14, 4, 0, 0, 0, 16, 15, 15, 0, 15, 0, 0, 0, 0, 0, 0, 0, 16, 0, 0, 0, 0, 0, 0, 0, 18, 0, 21, 0, 0, 0, 29, 0, 0, 8, 0, 0, 17, 0, 0, 0, 0, 15, 0, 0, 0, 0, 0, 0, 0, 0, : 16, 15, 16, 16, 15, 31, 15, 5, 28, 18, 13, 15, 34, 16, 15, 18, 1, 18, 20, 15, 21, 17, 16, 10, 15, 15, 15, 15, 15, 15, 15, 16, 15, 15, 15, 15, 21, 34, 6, 24, 7, 15, 29, 15, 15, 15, 15, 21, 16, 21, 15, 15, 17, 10, 15, 14, 4, 16, 15, 15, 15, 16, 18, 21, 29, 8, 17, 15, 
68: 0, 0, 20, 0, 0, 0, 0, 0, 0, 15, 15, 0, 0, 15, 0, 0, 0, 7, 0, 16, 17, 0, 0, 0, 0, 0, 0, 0, 0, 0, 0, 0, 15, 0, 19, 0, 0, 0, 0, 10, 15, 15, 0, 15, 15, 15, 15, 0, 0, 0, 0, 0, 0, 0, 15, 15, 0, 0, 0, 0, 0, 0, 0, 0, 15, 0, 0, 15, 0, 20, 15, 18, 0, 0, 0, 15, 0, 0, 0, 0, 15, 1, 0, 0, 6, 16, 0, 0, 0, 15, 18, 0, 0, 0, 15, 0, 15, 0, 0, 0, 0, 0, 0, 9, 15, 15, 0, 0, 16, 15, 0, 15, 0, 15, 0, 0, 9, 0, 0, 0, 15, 0, 0, 0, 15, 15, 0, 0, 0, 0, 0, 0, 15, 23, 0, 15, 0, 0, 2, 0, 0, 15, 15, 0, 0, 15, 15, 0, 0, 0, 17, 15, 0, 0, 0, 0, 0, 15, 0, 15, 0, 0, 0, 34, 8, 0, 15, 0, 0, 14, 15, 0, 0, 0, 0, 15, 0, 5, 0, 0, 0, 0, 0, 0, 0, 0, 0, 15, 15, 0, 0, 17, 0, 0, 0, 0, 0, 0, 0, 16, : 20, 15, 15, 15, 7, 16, 17, 15, 19, 10, 15, 15, 15, 15, 15, 15, 15, 15, 15, 15, 20, 15, 18, 15, 15, 1, 6, 16, 15, 18, 15, 15, 9, 15, 15, 16, 15, 15, 15, 9, 15, 15, 15, 15, 23, 15, 2, 15, 15, 15, 15, 17, 15, 15, 15, 34, 8, 15, 14, 15, 15, 5, 15, 15, 17, 16, 
13: 0, 10, 20, 16, 0, 0, 0, 15, 0, 0, 5, 0, 0, 0, 0, 4, 0, 15, 0, 0, 0, 0, 16, 0, 0, 0, 0, 0, 0, 0, 0, 0, 0, 0, 15, 0, 0, 0, 15, 19, 15, 17, 15, 5, 15, 0, 0, 0, 17, 0, 0, 19, 0, 0, 0, 13, 0, 0, 0, 15, 15, 0, 15, 17, 0, 0, 0, 0, 0, 0, 0, 6, 0, 15, 0, 0, 0, 0, 0, 0, 0, 0, 0, 0, 16, 0, 0, 0, 0, 16, 0, 0, 15, 18, 0, 0, 16, 0, 18, 0, 15, 0, 0, 0, 15, 0, 0, 16, 0, 0, 16, 0, 15, 0, 0, 0, 15, 4, 0, 0, 0, 0, 0, 16, 0, 0, 0, 0, 15, 0, 0, 0, 0, 14, 0, 15, 0, 0, 15, 15, 15, 0, 0, 0, 0, 0, 0, 0, 0, 0, 0, 15, 17, 0, 0, 0, 0, 0, 2, 24, 15, 0, 16, 0, 0, 17, 0, 16, 4, 16, 0, 11, 15, 0, 17, 0, 0, 0, 15, 0, 0, 0, 15, 0, 0, 0, 15, 0, 15, 0, 15, 0, 0, 0, 0, 0, 15, 0, 7, 0, : 10, 20, 16, 15, 5, 4, 15, 16, 15, 15, 19, 15, 17, 15, 5, 15, 17, 19, 13, 15, 15, 15, 17, 6, 15, 16, 16, 15, 18, 16, 18, 15, 15, 16, 16, 15, 15, 4, 16, 15, 14, 15, 15, 15, 15, 15, 17, 2, 24, 15, 16, 17, 16, 4, 16, 11, 15, 17, 15, 15, 15, 15, 15, 15, 7, 
4: 16, 0, 26, 0, 0, 0, 2, 15, 22, 0, 0, 0, 15, 0, 0, 19, 0, 0, 0, 0, 0, 0, 0, 29, 0, 0, 15, 0, 0, 16, 15, 0, 0, 0, 16, 0, 0, 15, 0, 0, 0, 18, 0, 0, 0, 0, 15, 0, 15, 0, 15, 0, 18, 0, 0, 0, 0, 0, 0, 0, 0, 16, 0, 0, 0, 0, 15, 0, 0, 0, 0, 0, 0, 0, 0, 0, 0, 0, 0, 0, 0, 23, 16, 0, 0, 0, 15, 0, 15, 0, 0, 16, 0, 0, 0, 0, 0, 18, 0, 0, 0, 15, 0, 0, 15, 0, 23, 0, 0, 0, 0, 0, 0, 0, 0, 0, 0, 0, 0, 24, 12, 21, 15, 0, 15, 28, 15, 0, 0, 0, 0, 16, 8, 0, 0, 0, 15, 0, 0, 0, 0, 0, 15, 0, 0, 15, 0, 15, 0, 35, 16, 0, 0, 0, 15, 0, 0, 15, 0, 17, 0, 23, 0, 0, 0, 0, 0, 0, 15, 0, 0, 0, 0, 16, 0, 19, 0, 15, 15, 0, 0, 15, 19, 0, 0, 0, 0, 0, 15, 0, 0, 15, 0, 0, 0, 0, 0, 0, 15, 0, : 16, 26, 2, 15, 22, 15, 19, 29, 15, 16, 15, 16, 15, 18, 15, 15, 15, 18, 16, 15, 23, 16, 15, 15, 16, 18, 15, 15, 23, 24, 12, 21, 15, 15, 28, 15, 16, 8, 15, 15, 15, 15, 35, 16, 15, 15, 17, 23, 15, 16, 19, 15, 15, 15, 19, 15, 15, 15, 
28: 0, 0, 0, 0, 0, 15, 0, 0, 0, 17, 0, 2, 0, 18, 21, 0, 0, 0, 15, 0, 0, 16, 0, 15, 15, 16, 0, 21, 0, 21, 15, 16, 0, 0, 0, 0, 0, 0, 16, 0, 0, 0, 24, 20, 0, 13, 0, 1, 15, 0, 15, 0, 0, 0, 0, 0, 0, 0, 17, 0, 0, 15, 0, 0, 0, 15, 17, 0, 0, 0, 0, 0, 0, 15, 0, 15, 0, 16, 0, 0, 0, 0, 0, 15, 0, 0, 0, 0, 15, 0, 0, 17, 0, 16, 16, 15, 0, 15, 0, 0, 0, 0, 15, 15, 10, 0, 15, 0, 0, 0, 15, 0, 15, 0, 15, 0, 0, 0, 15, 0, 15, 0, 0, 0, 0, 15, 0, 0, 0, 0, 0, 0, 0, 0, 15, 0, 0, 0, 21, 0, 0, 0, 0, 7, 0, 0, 15, 0, 15, 0, 0, 0, 0, 15, 0, 0, 26, 0, 0, 0, 0, 0, 1, 0, 15, 0, 18, 16, 0, 0, 0, 0, 0, 0, 0, 10, 0, 15, 0, 0, 17, 0, 15, 0, 0, 0, 17, 0, 0, 0, 0, 0, 17, 0, 0, 0, 16, 0, 0, 0, : 15, 17, 2, 18, 21, 15, 16, 15, 15, 16, 21, 21, 15, 16, 16, 24, 20, 13, 1, 15, 15, 17, 15, 15, 17, 15, 15, 16, 15, 15, 17, 16, 16, 15, 15, 15, 15, 10, 15, 15, 15, 15, 15, 15, 15, 15, 21, 7, 15, 15, 15, 26, 1, 15, 18, 16, 10, 15, 17, 15, 17, 17, 16, 
11: 15, 0, 0, 16, 34, 0, 19, 0, 0, 0, 23, 0, 15, 0, 15, 19, 0, 0, 0, 0, 0, 0, 15, 0, 0, 21, 15, 0, 19, 0, 0, 0, 0, 15, 16, 15, 29, 0, 18, 15, 0, 0, 15, 0, 0, 0, 0, 15, 0, 15, 0, 16, 15, 0, 0, 15, 0, 15, 22, 0, 26, 0, 0, 0, 0, 0, 0, 17, 0, 0, 0, 0, 15, 0, 15, 0, 0, 0, 15, 0, 15, 0, 15, 0, 15, 0, 0, 0, 0, 0, 0, 0, 0, 0, 0, 0, 0, 20, 0, 0, 0, 0, 0, 0, 0, 0, 0, 0, 0, 15, 15, 11, 0, 0, 0, 0, 0, 18, 16, 0, 15, 15, 0, 0, 0, 0, 0, 12, 0, 0, 0, 0, 0, 0, 17, 15, 2, 16, 0, 0, 0, 26, 0, 15, 0, 0, 0, 3, 18, 0, 0, 0, 0, 0, 0, 0, 0, 0, 0, 0, 16, 0, 0, 1, 0, 15, 0, 0, 16, 0, 0, 0, 0, 0, 0, 15, 0, 0, 0, 0, 0, 0, 2, 0, 15, 0, 9, 15, 0, 15, 4, 0, 16, 0, 0, 15, 0, 0, 0, 0, : 15, 16, 34, 19, 23, 15, 15, 19, 15, 21, 15, 19, 15, 16, 15, 29, 18, 15, 15, 15, 15, 16, 15, 15, 15, 22, 26, 17, 15, 15, 15, 15, 15, 15, 20, 15, 15, 11, 18, 16, 15, 15, 12, 17, 15, 2, 16, 26, 15, 3, 18, 16, 1, 15, 16, 15, 2, 15, 9, 15, 15, 4, 16, 15, 
84: 0, 0, 15, 0, 6, 15, 0, 0, 15, 17, 0, 15, 0, 0, 0, 0, 0, 15, 15, 0, 0, 9, 0, 0, 10, 0, 15, 15, 0, 0, 0, 0, 0, 0, 0, 15, 0, 0, 0, 0, 0, 0, 0, 0, 0, 0, 15, 0, 0, 0, 0, 0, 0, 0, 0, 0, 0, 0, 0, 0, 0, 16, 0, 0, 0, 0, 0, 0, 2, 15, 16, 0, 16, 0, 0, 5, 0, 0, 15, 0, 15, 15, 0, 0, 16, 0, 0, 5, 0, 0, 0, 0, 0, 15, 0, 0, 0, 0, 0, 0, 0, 0, 0, 15, 0, 15, 0, 0, 0, 0, 15, 16, 17, 15, 0, 0, 15, 0, 16, 15, 0, 0, 0, 17, 0, 0, 0, 0, 0, 0, 0, 15, 15, 15, 0, 0, 18, 15, 15, 16, 0, 0, 0, 0, 17, 0, 0, 0, 15, 18, 0, 16, 18, 0, 15, 7, 0, 15, 0, 0, 0, 0, 0, 0, 15, 15, 0, 0, 0, 0, 0, 0, 16, 0, 0, 0, 1, 16, 17, 0, 15, 0, 0, 0, 15, 0, 0, 0, 0, 0, 0, 0, 15, 0, 0, 21, 0, 0, 0, 15, : 15, 6, 15, 15, 17, 15, 15, 15, 9, 10, 15, 15, 15, 15, 16, 2, 15, 16, 16, 5, 15, 15, 15, 16, 5, 15, 15, 15, 15, 16, 17, 15, 15, 16, 15, 17, 15, 15, 15, 18, 15, 15, 16, 17, 15, 18, 16, 18, 15, 7, 15, 15, 15, 16, 1, 16, 17, 15, 15, 15, 21, 15, 
49: 0, 0, 0, 0, 15, 0, 0, 0, 0, 0, 0, 15, 15, 0, 15, 0, 0, 0, 0, 0, 17, 15, 15, 0, 0, 0, 15, 0, 0, 0, 0, 0, 0, 0, 4, 0, 15, 0, 0, 0, 0, 15, 0, 15, 2, 15, 16, 0, 0, 0, 25, 15, 0, 0, 16, 27, 15, 0, 0, 0, 16, 0, 15, 0, 0, 0, 0, 15, 15, 0, 0, 0, 0, 0, 0, 0, 25, 18, 15, 0, 7, 0, 0, 0, 16, 18, 0, 0, 0, 16, 15, 0, 15, 15, 0, 0, 15, 0, 16, 0, 0, 27, 15, 0, 15, 15, 20, 0, 0, 0, 0, 0, 15, 18, 0, 15, 0, 0, 0, 0, 0, 0, 0, 22, 0, 0, 0, 15, 15, 15, 0, 0, 15, 18, 15, 0, 15, 0, 0, 15, 15, 11, 16, 15, 0, 0, 15, 0, 0, 0, 0, 0, 0, 0, 0, 0, 0, 0, 0, 0, 0, 0, 0, 0, 0, 15, 0, 0, 0, 15, 0, 0, 15, 17, 15, 0, 0, 0, 0, 17, 0, 15, 0, 0, 0, 15, 0, 19, 0, 7, 0, 0, 0, 0, 15, 0, 0, 0, 15, 0, : 15, 15, 15, 15, 17, 15, 15, 15, 4, 15, 15, 15, 2, 15, 16, 25, 15, 16, 27, 15, 16, 15, 15, 15, 25, 18, 15, 7, 16, 18, 16, 15, 15, 15, 15, 16, 27, 15, 15, 15, 20, 15, 18, 15, 22, 15, 15, 15, 15, 18, 15, 15, 15, 15, 11, 16, 15, 15, 15, 15, 15, 17, 15, 17, 15, 15, 19, 7, 15, 15, 
39: 0, 0, 15, 15, 15, 8, 0, 0, 15, 16, 15, 0, 8, 0, 0, 0, 0, 0, 0, 0, 16, 0, 0, 15, 0, 0, 8, 21, 15, 0, 0, 15, 0, 0, 0, 0, 0, 15, 0, 0, 18, 0, 0, 0, 0, 0, 16, 0, 14, 0, 0, 0, 0, 0, 8, 0, 15, 15, 15, 0, 16, 0, 15, 0, 0, 0, 0, 0, 15, 0, 17, 15, 16, 15, 0, 0, 15, 14, 15, 13, 0, 0, 0, 0, 0, 0, 0, 15, 0, 0, 15, 26, 0, 0, 19, 15, 15, 0, 0, 21, 0, 0, 15, 0, 0, 18, 0, 0, 0, 0, 0, 15, 0, 1, 0, 15, 15, 0, 0, 0, 0, 16, 15, 0, 0, 0, 15, 15, 15, 0, 0, 0, 0, 15, 0, 0, 0, 9, 0, 0, 15, 0, 0, 0, 15, 0, 0, 0, 16, 0, 0, 0, 15, 0, 0, 0, 0, 0, 15, 14, 0, 14, 0, 0, 0, 0, 0, 15, 15, 0, 0, 0, 20, 29, 27, 15, 15, 0, 6, 15, 4, 0, 19, 15, 17, 15, 0, 15, 15, 0, 15, 0, 0, 0, 15, 0, 0, 15, 17, 15, : 15, 15, 15, 8, 15, 16, 15, 8, 16, 15, 8, 21, 15, 15, 15, 18, 16, 14, 8, 15, 15, 15, 16, 15, 15, 17, 15, 16, 15, 15, 14, 15, 13, 15, 15, 26, 19, 15, 15, 21, 15, 18, 15, 1, 15, 15, 16, 15, 15, 15, 15, 15, 9, 15, 15, 16, 15, 15, 14, 14, 15, 15, 20, 29, 27, 15, 15, 6, 15, 4, 19, 15, 17, 15, 15, 15, 15, 15, 15, 17, 15, 
1: 15, 0, 0, 0, 0, 15, 15, 0, 0, 0, 26, 0, 0, 0, 0, 0, 15, 0, 0, 0, 0, 0, 0, 0, 0, 0, 15, 0, 0, 0, 0, 0, 0, 0, 0, 0, 0, 15, 0, 0, 0, 15, 0, 0, 16, 25, 15, 16, 0, 15, 17, 0, 17, 6, 15, 0, 15, 33, 0, 15, 15, 0, 15, 15, 17, 0, 15, 0, 15, 0, 0, 0, 0, 0, 0, 0, 15, 15, 0, 0, 0, 0, 0, 15, 16, 0, 15, 19, 0, 0, 0, 0, 15, 0, 0, 0, 0, 0, 15, 0, 0, 0, 15, 0, 15, 0, 0, 15, 16, 16, 6, 0, 0, 0, 0, 0, 15, 0, 15, 15, 0, 0, 0, 0, 15, 0, 0, 0, 0, 0, 0, 0, 0, 0, 0, 21, 0, 0, 15, 0, 0, 0, 0, 0, 15, 0, 0, 0, 0, 0, 16, 0, 0, 15, 0, 0, 16, 0, 15, 0, 0, 0, 0, 0, 0, 0, 17, 0, 20, 0, 15, 0, 4, 0, 0, 26, 0, 0, 0, 16, 0, 0, 0, 0, 0, 0, 0, 0, 0, 15, 0, 0, 0, 0, 0, 15, 0, 0, 0, 0, : 15, 15, 15, 26, 15, 15, 15, 15, 16, 25, 15, 16, 15, 17, 17, 6, 15, 15, 33, 15, 15, 15, 15, 17, 15, 15, 15, 15, 15, 16, 15, 19, 15, 15, 15, 15, 15, 16, 16, 6, 15, 15, 15, 15, 21, 15, 15, 16, 15, 16, 15, 17, 20, 15, 4, 26, 16, 15, 15, 
12: 0, 15, 0, 0, 0, 0, 0, 0, 15, 19, 0, 0, 16, 15, 0, 15, 0, 0, 0, 16, 5, 0, 15, 15, 0, 0, 0, 0, 24, 0, 0, 0, 0, 15, 0, 0, 0, 0, 0, 0, 15, 0, 15, 15, 0, 0, 0, 25, 24, 0, 15, 15, 0, 15, 0, 15, 0, 0, 0, 0, 0, 0, 0, 0, 0, 16, 15, 6, 0, 30, 0, 0, 0, 0, 0, 16, 0, 0, 0, 0, 0, 0, 15, 15, 0, 0, 17, 15, 16, 0, 0, 15, 0, 2, 0, 0, 0, 0, 0, 0, 0, 19, 15, 0, 0, 19, 0, 0, 15, 0, 15, 0, 0, 0, 15, 0, 0, 15, 18, 0, 15, 0, 0, 0, 0, 0, 15, 0, 15, 10, 0, 0, 0, 0, 22, 0, 20, 0, 15, 0, 15, 15, 0, 18, 0, 0, 0, 18, 0, 0, 0, 0, 0, 0, 9, 0, 0, 0, 15, 0, 0, 0, 0, 15, 15, 0, 0, 0, 0, 15, 15, 15, 0, 1, 0, 0, 0, 0, 0, 15, 0, 0, 0, 17, 8, 16, 0, 4, 0, 15, 0, 19, 0, 18, 0, 0, 0, 0, 15, 15, : 15, 15, 19, 16, 15, 15, 16, 5, 15, 15, 24, 15, 15, 15, 15, 25, 24, 15, 15, 15, 15, 16, 15, 6, 30, 16, 15, 15, 17, 15, 16, 15, 2, 19, 15, 19, 15, 15, 15, 15, 18, 15, 15, 15, 10, 22, 20, 15, 15, 15, 18, 18, 9, 15, 15, 15, 15, 15, 15, 1, 15, 17, 8, 16, 4, 15, 19, 18, 15, 15, 
89: 0, 15, 0, 0, 0, 0, 16, 0, 0, 0, 0, 0, 0, 4, 0, 0, 0, 0, 0, 0, 15, 0, 4, 0, 0, 0, 0, 15, 0, 30, 0, 0, 15, 0, 0, 15, 0, 0, 15, 15, 0, 0, 0, 0, 0, 0, 0, 0, 0, 0, 0, 0, 15, 15, 15, 0, 0, 0, 0, 0, 0, 0, 0, 0, 0, 0, 2, 0, 0, 18, 0, 15, 7, 0, 0, 18, 0, 22, 0, 0, 0, 0, 0, 9, 0, 20, 0, 15, 15, 2, 15, 0, 0, 0, 0, 0, 0, 0, 0, 15, 32, 0, 0, 0, 0, 15, 0, 0, 5, 0, 0, 0, 0, 0, 0, 0, 0, 15, 5, 0, 0, 15, 18, 0, 0, 15, 0, 0, 16, 0, 11, 0, 0, 0, 0, 0, 15, 15, 0, 0, 0, 0, 0, 0, 0, 15, 0, 0, 15, 0, 17, 16, 15, 15, 0, 15, 0, 0, 0, 15, 0, 0, 15, 0, 0, 0, 0, 0, 0, 0, 0, 29, 0, 21, 15, 0, 0, 0, 17, 0, 0, 16, 0, 0, 0, 0, 0, 0, 0, 0, 0, 0, 14, 22, 35, 0, 16, 16, 15, 0, : 15, 16, 4, 15, 4, 15, 30, 15, 15, 15, 15, 15, 15, 15, 2, 18, 15, 7, 18, 22, 9, 20, 15, 15, 2, 15, 15, 32, 15, 5, 15, 5, 15, 18, 15, 16, 11, 15, 15, 15, 15, 17, 16, 15, 15, 15, 15, 15, 29, 21, 15, 17, 16, 14, 22, 35, 16, 16, 15, 
52: 0, 15, 0, 15, 15, 0, 0, 15, 0, 0, 0, 23, 0, 18, 15, 0, 15, 15, 17, 0, 0, 0, 0, 10, 15, 0, 0, 0, 15, 1, 4, 15, 16, 20, 0, 0, 15, 17, 18, 0, 7, 0, 0, 0, 0, 0, 0, 0, 15, 15, 0, 0, 0, 15, 0, 0, 2, 0, 15, 9, 0, 0, 0, 0, 15, 15, 0, 0, 0, 0, 0, 0, 0, 0, 0, 16, 0, 0, 0, 26, 0, 0, 0, 0, 0, 0, 15, 0, 9, 0, 0, 11, 0, 0, 0, 15, 0, 15, 0, 11, 0, 15, 0, 15, 15, 0, 15, 15, 0, 15, 0, 24, 0, 0, 0, 0, 0, 0, 0, 15, 0, 0, 0, 0, 0, 0, 0, 0, 0, 30, 0, 18, 0, 0, 0, 0, 0, 15, 0, 0, 15, 0, 0, 0, 0, 0, 0, 0, 0, 0, 0, 0, 16, 27, 0, 18, 0, 0, 15, 0, 0, 15, 17, 0, 0, 0, 0, 0, 0, 15, 0, 0, 0, 0, 0, 0, 0, 0, 15, 15, 0, 0, 0, 0, 0, 4, 0, 0, 0, 15, 0, 17, 0, 0, 0, 0, 15, 19, 0, 30, : 15, 15, 15, 15, 23, 18, 15, 15, 15, 17, 10, 15, 15, 1, 4, 15, 16, 20, 15, 17, 18, 7, 15, 15, 15, 2, 15, 9, 15, 15, 16, 26, 15, 9, 11, 15, 15, 11, 15, 15, 15, 15, 15, 15, 24, 15, 30, 18, 15, 15, 16, 27, 18, 15, 15, 17, 15, 15, 15, 4, 15, 17, 15, 19, 30, 
85: 15, 0, 0, 0, 15, 0, 0, 0, 0, 0, 16, 0, 0, 0, 0, 0, 32, 17, 0, 0, 0, 0, 15, 16, 15, 15, 17, 0, 0, 0, 15, 0, 21, 2, 0, 0, 0, 0, 0, 0, 0, 0, 0, 15, 0, 0, 0, 0, 0, 0, 0, 0, 0, 0, 0, 0, 23, 0, 15, 16, 12, 16, 0, 17, 4, 16, 0, 17, 0, 0, 5, 0, 16, 0, 0, 0, 0, 0, 0, 16, 18, 0, 15, 15, 0, 1, 8, 0, 15, 15, 17, 0, 0, 0, 0, 23, 0, 16, 0, 0, 16, 0, 0, 0, 0, 0, 0, 0, 0, 0, 18, 0, 15, 0, 15, 15, 0, 15, 0, 0, 0, 0, 15, 15, 0, 0, 0, 22, 0, 0, 0, 0, 0, 15, 16, 19, 0, 15, 0, 8, 0, 0, 29, 15, 0, 25, 0, 16, 0, 0, 0, 5, 0, 13, 15, 15, 0, 16, 0, 0, 20, 0, 17, 0, 0, 0, 0, 16, 0, 25, 15, 15, 0, 0, 0, 0, 18, 0, 15, 0, 0, 21, 0, 15, 15, 0, 0, 0, 0, 18, 0, 17, 0, 15, 0, 15, 0, 29, 0, 0, : 15, 15, 16, 32, 17, 15, 16, 15, 15, 17, 15, 21, 2, 15, 23, 15, 16, 12, 16, 17, 4, 16, 17, 5, 16, 16, 18, 15, 15, 1, 8, 15, 15, 17, 23, 16, 16, 18, 15, 15, 15, 15, 15, 15, 22, 15, 16, 19, 15, 8, 29, 15, 25, 16, 5, 13, 15, 15, 16, 20, 17, 16, 25, 15, 15, 18, 15, 21, 15, 15, 18, 17, 15, 15, 29, 
34: 0, 15, 0, 15, 0, 0, 0, 0, 0, 0, 0, 15, 16, 15, 1, 15, 0, 0, 17, 15, 0, 0, 0, 0, 15, 17, 0, 0, 0, 15, 16, 15, 16, 0, 0, 15, 0, 15, 0, 0, 15, 0, 0, 0, 15, 0, 0, 0, 0, 0, 0, 0, 0, 0, 0, 0, 0, 0, 0, 0, 0, 16, 0, 19, 0, 0, 0, 0, 22, 15, 0, 15, 15, 0, 13, 0, 14, 0, 15, 0, 15, 0, 9, 0, 0, 15, 15, 0, 0, 0, 0, 0, 0, 0, 0, 0, 0, 0, 0, 0, 0, 0, 10, 15, 0, 0, 7, 0, 0, 9, 0, 0, 0, 15, 18, 0, 0, 0, 15, 16, 0, 15, 0, 0, 4, 0, 0, 15, 0, 15, 35, 21, 15, 0, 0, 0, 0, 0, 0, 0, 0, 18, 0, 0, 0, 0, 0, 0, 15, 0, 0, 0, 0, 0, 0, 0, 0, 7, 23, 0, 18, 16, 0, 0, 16, 0, 0, 6, 0, 0, 0, 0, 15, 0, 0, 0, 0, 0, 0, 0, 0, 15, 15, 0, 15, 0, 0, 0, 4, 0, 15, 0, 23, 0, 17, 0, 15, 21, 0, 0, : 15, 15, 15, 16, 15, 1, 15, 17, 15, 15, 17, 15, 16, 15, 16, 15, 15, 15, 15, 16, 19, 22, 15, 15, 15, 13, 14, 15, 15, 9, 15, 15, 10, 15, 7, 9, 15, 18, 15, 16, 15, 4, 15, 15, 35, 21, 15, 18, 15, 7, 23, 18, 16, 16, 6, 15, 15, 15, 15, 4, 15, 23, 17, 15, 21, 
22: 0, 15, 0, 16, 0, 0, 16, 10, 18, 0, 0, 0, 0, 0, 0, 0, 0, 0, 15, 0, 15, 0, 20, 0, 15, 15, 0, 0, 0, 0, 0, 0, 0, 0, 0, 0, 11, 0, 0, 0, 0, 0, 15, 0, 0, 0, 0, 0, 0, 15, 0, 0, 0, 0, 0, 0, 0, 19, 0, 30, 0, 0, 0, 0, 0, 16, 0, 0, 0, 0, 15, 15, 15, 0, 15, 0, 0, 0, 0, 0, 0, 15, 15, 0, 0, 0, 0, 0, 0, 0, 5, 0, 0, 18, 0, 0, 21, 0, 15, 0, 31, 0, 0, 0, 0, 3, 0, 16, 0, 0, 0, 0, 0, 0, 15, 26, 0, 0, 0, 0, 28, 0, 0, 0, 0, 0, 15, 0, 15, 0, 0, 0, 0, 0, 0, 15, 0, 15, 0, 15, 10, 15, 15, 0, 15, 15, 15, 0, 0, 0, 0, 0, 3, 0, 0, 15, 0, 0, 0, 0, 15, 15, 0, 15, 0, 0, 0, 16, 15, 0, 0, 15, 15, 0, 0, 0, 15, 0, 0, 0, 17, 1, 0, 15, 0, 20, 0, 0, 0, 15, 15, 0, 0, 17, 0, 0, 0, 0, 0, 9, : 15, 16, 16, 10, 18, 15, 15, 20, 15, 15, 11, 15, 15, 19, 30, 16, 15, 15, 15, 15, 15, 15, 5, 18, 21, 15, 31, 3, 16, 15, 26, 28, 15, 15, 15, 15, 15, 10, 15, 15, 15, 15, 15, 3, 15, 15, 15, 15, 16, 15, 15, 15, 15, 17, 1, 15, 20, 15, 15, 17, 9, 


20: 0, 15, 19, 0, 0, 17, 0, 0, 0, 0, 0, 0, 0, 0, 0, 19, 16, 0, 0, 15, 0, 0, 0, 0, 15, 0, 0, 0, 21, 0, 16, 0, 0, 6, 0, 6, 0, 15, 0, 15, 17, 0, 15, 0, 0, 0, 0, 0, 0, 0, 0, 0, 0, 0, 0, 15, 0, 0, 0, 17, 16, 19, 0, 0, 0, 0, 0, 0, 25, 0, 0, 4, 0, 7, 0, 0, 0, 0, 0, 15, 0, 15, 6, 0, 3, 16, 18, 15, 0, 0, 0, 0, 0, 15, 0, 3, 15, 23, 0, 16, 0, 0, 0, 0, 0, 0, 20, 0, 0, 0, 5, 0, 0, 0, 15, 0, 17, 0, 15, 22, 0, 15, 0, 0, 15, 0, 15, 26, 16, 15, 15, 15, 20, 15, 0, 0, 0, 0, 0, 0, 0, 15, 0, 28, 0, 0, 0, 15, 0, 0, 0, 0, 15, 0, 0, 0, 0, 15, 15, 0, 0, 15, 15, 0, 0, 15, 0, 29, 0, 0, 0, 15, 0, 0, 0, 0, 19, 0, 0, 0, 0, 14, 0, 0, 15, 0, 0, 0, 0, 0, 23, 0, 0, 2, 15, 0, 0, 7, 0, 10, : 15, 19, 17, 19, 16, 15, 15, 21, 16, 6, 6, 15, 15, 17, 15, 15, 17, 16, 19, 25, 4, 7, 15, 15, 6, 3, 16, 18, 15, 15, 3, 15, 23, 16, 20, 5, 15, 17, 15, 22, 15, 15, 15, 26, 16, 15, 15, 15, 20, 15, 15, 28, 15, 15, 15, 15, 15, 15, 15, 29, 15, 19, 14, 15, 23, 2, 15, 7, 10, 
17: 0, 16, 15, 29, 15, 0, 0, 15, 0, 15, 0, 17, 15, 0, 0, 0, 16, 0, 0, 0, 24, 0, 0, 0, 0, 0, 0, 23, 0, 31, 0, 9, 0, 0, 0, 0, 0, 0, 15, 15, 0, 7, 0, 0, 0, 15, 0, 15, 0, 15, 15, 17, 15, 0, 15, 0, 15, 0, 16, 0, 0, 21, 0, 15, 0, 0, 0, 15, 0, 0, 0, 0, 10, 20, 0, 0, 0, 0, 15, 15, 0, 15, 0, 0, 21, 15, 15, 0, 0, 0, 15, 0, 0, 0, 0, 0, 26, 0, 0, 15, 0, 15, 0, 26, 11, 0, 0, 0, 0, 0, 0, 13, 0, 0, 15, 0, 0, 0, 23, 0, 0, 4, 0, 0, 0, 17, 0, 0, 0, 16, 0, 0, 0, 0, 0, 15, 15, 15, 15, 0, 17, 0, 0, 0, 0, 0, 15, 0, 0, 0, 0, 0, 0, 15, 9, 0, 15, 0, 0, 0, 0, 0, 0, 0, 0, 15, 15, 0, 0, 0, 0, 0, 0, 0, 0, 0, 15, 2, 18, 15, 17, 16, 0, 0, 0, 0, 22, 0, 15, 0, 0, 0, 0, 0, 0, 0, 7, 0, 0, 0, : 16, 15, 29, 15, 15, 15, 17, 15, 16, 24, 23, 31, 9, 15, 15, 7, 15, 15, 15, 15, 17, 15, 15, 15, 16, 21, 15, 15, 10, 20, 15, 15, 15, 21, 15, 15, 15, 26, 15, 15, 26, 11, 13, 15, 23, 4, 17, 16, 15, 15, 15, 15, 17, 15, 15, 9, 15, 15, 15, 15, 2, 18, 15, 17, 16, 22, 15, 7, 
50: 15, 0, 0, 0, 0, 0, 0, 15, 0, 29, 1, 15, 35, 16, 0, 6, 0, 0, 0, 15, 0, 0, 0, 15, 10, 15, 0, 0, 0, 0, 0, 0, 0, 0, 0, 0, 6, 0, 15, 0, 0, 26, 0, 0, 0, 17, 0, 0, 0, 0, 0, 0, 0, 0, 0, 16, 0, 16, 0, 0, 0, 0, 16, 0, 15, 0, 0, 0, 0, 0, 18, 15, 30, 0, 21, 15, 15, 0, 15, 20, 0, 0, 0, 0, 0, 15, 15, 0, 18, 0, 6, 0, 0, 0, 5, 0, 0, 0, 0, 0, 0, 0, 0, 0, 0, 3, 15, 16, 8, 16, 0, 15, 0, 0, 0, 0, 0, 15, 15, 0, 12, 19, 0, 0, 0, 5, 0, 0, 0, 1, 14, 0, 0, 16, 0, 15, 0, 0, 0, 15, 0, 0, 0, 0, 0, 0, 0, 0, 0, 0, 15, 0, 16, 9, 0, 0, 0, 0, 0, 0, 0, 0, 15, 15, 0, 0, 0, 0, 3, 0, 0, 0, 16, 0, 0, 0, 0, 15, 15, 25, 0, 0, 0, 0, 0, 27, 0, 0, 0, 0, 0, 23, 0, 23, 0, 22, 0, 16, 0, 0, : 15, 15, 29, 1, 15, 35, 16, 6, 15, 15, 10, 15, 6, 15, 26, 17, 16, 16, 16, 15, 18, 15, 30, 21, 15, 15, 15, 20, 15, 15, 18, 6, 5, 3, 15, 16, 8, 16, 15, 15, 15, 12, 19, 5, 1, 14, 16, 15, 15, 15, 16, 9, 15, 15, 3, 16, 15, 15, 25, 27, 23, 23, 22, 16, 
72: 0, 0, 0, 0, 15, 0, 0, 16, 15, 7, 16, 0, 0, 0, 22, 0, 0, 10, 0, 0, 15, 0, 15, 0, 0, 0, 0, 0, 0, 0, 0, 15, 0, 0, 0, 0, 0, 17, 0, 0, 0, 20, 0, 0, 0, 0, 0, 15, 0, 0, 15, 0, 0, 20, 15, 15, 0, 0, 0, 7, 15, 0, 0, 0, 0, 0, 0, 16, 18, 0, 0, 0, 0, 0, 4, 15, 9, 0, 15, 0, 0, 0, 0, 0, 15, 15, 0, 0, 15, 0, 0, 0, 0, 0, 0, 15, 15, 15, 16, 0, 2, 0, 15, 0, 17, 0, 0, 0, 0, 0, 16, 0, 0, 0, 0, 0, 4, 0, 0, 0, 0, 15, 0, 15, 0, 15, 0, 8, 22, 0, 25, 0, 0, 0, 17, 0, 0, 0, 0, 0, 0, 0, 31, 0, 15, 15, 27, 18, 15, 0, 0, 0, 0, 0, 15, 16, 0, 0, 6, 0, 0, 0, 8, 1, 0, 19, 15, 0, 0, 0, 10, 0, 0, 15, 15, 0, 0, 0, 0, 0, 0, 0, 15, 0, 15, 0, 0, 15, 0, 17, 0, 0, 0, 15, 0, 0, 0, 0, 16, 0, : 15, 16, 15, 7, 16, 22, 10, 15, 15, 15, 17, 20, 15, 15, 20, 15, 15, 7, 15, 16, 18, 4, 15, 9, 15, 15, 15, 15, 15, 15, 15, 16, 2, 15, 17, 16, 4, 15, 15, 15, 8, 22, 25, 17, 31, 15, 15, 27, 18, 15, 15, 16, 6, 8, 1, 19, 15, 10, 15, 15, 15, 15, 15, 17, 15, 16, 
14: 15, 15, 0, 0, 0, 15, 0, 0, 17, 0, 29, 28, 0, 21, 15, 0, 0, 0, 0, 0, 0, 15, 0, 15, 15, 0, 15, 0, 0, 15, 15, 0, 38, 0, 0, 15, 0, 0, 15, 0, 0, 0, 0, 0, 0, 2, 0, 0, 15, 15, 0, 0, 0, 15, 0, 9, 0, 6, 16, 15, 0, 0, 0, 15, 0, 15, 0, 0, 0, 4, 0, 0, 0, 0, 0, 16, 0, 0, 0, 0, 30, 15, 15, 0, 16, 0, 0, 0, 0, 0, 0, 0, 0, 5, 16, 0, 0, 15, 0, 0, 18, 16, 0, 0, 0, 15, 3, 18, 0, 0, 0, 0, 19, 15, 0, 0, 15, 10, 0, 0, 0, 0, 0, 0, 0, 0, 0, 0, 0, 17, 0, 0, 26, 0, 0, 15, 0, 16, 15, 0, 16, 0, 0, 2, 0, 0, 19, 0, 0, 0, 0, 0, 15, 0, 0, 0, 0, 21, 0, 0, 0, 0, 0, 0, 0, 0, 15, 0, 0, 16, 0, 0, 0, 0, 0, 0, 0, 0, 0, 15, 0, 0, 0, 0, 0, 28, 15, 0, 0, 0, 15, 15, 0, 0, 15, 0, 0, 0, 0, 0, : 15, 15, 15, 17, 29, 28, 21, 15, 15, 15, 15, 15, 15, 15, 38, 15, 15, 2, 15, 15, 15, 9, 6, 16, 15, 15, 15, 4, 16, 30, 15, 15, 16, 5, 16, 15, 18, 16, 15, 3, 18, 19, 15, 15, 10, 17, 26, 15, 16, 15, 16, 2, 19, 15, 21, 15, 16, 15, 28, 15, 15, 15, 15, 
5: 0, 0, 0, 0, 0, 17, 15, 0, 0, 0, 0, 0, 0, 0, 0, 0, 0, 0, 0, 0, 0, 0, 10, 0, 0, 0, 0, 0, 17, 0, 0, 0, 0, 15, 0, 0, 17, 0, 0, 16, 0, 0, 0, 0, 0, 17, 15, 15, 0, 0, 0, 0, 0, 0, 0, 15, 0, 0, 4, 0, 0, 15, 0, 0, 0, 8, 0, 0, 0, 0, 0, 0, 0, 0, 15, 0, 15, 0, 0, 16, 0, 15, 0, 15, 0, 0, 0, 15, 0, 0, 0, 0, 19, 0, 0, 0, 0, 0, 0, 0, 0, 16, 15, 0, 0, 0, 0, 15, 0, 15, 0, 22, 0, 15, 15, 0, 16, 15, 0, 0, 0, 0, 0, 0, 6, 0, 0, 0, 0, 0, 0, 15, 0, 0, 15, 0, 0, 8, 0, 17, 0, 0, 0, 0, 0, 0, 0, 0, 0, 0, 0, 27, 0, 0, 0, 15, 0, 0, 0, 0, 0, 16, 0, 21, 0, 0, 0, 15, 0, 0, 15, 0, 15, 0, 0, 4, 5, 15, 15, 16, 0, 0, 0, 38, 0, 0, 0, 15, 0, 0, 15, 0, 0, 0, 0, 0, 0, 0, 0, 0, : 17, 15, 10, 17, 15, 17, 16, 17, 15, 15, 15, 4, 15, 8, 15, 15, 16, 15, 15, 15, 19, 16, 15, 15, 15, 22, 15, 15, 16, 15, 6, 15, 15, 8, 17, 27, 15, 16, 21, 15, 15, 15, 4, 5, 15, 15, 16, 38, 15, 15, 
93: 0, 0, 0, 0, 0, 15, 0, 0, 0, 0, 0, 10, 16, 0, 16, 0, 0, 0, 0, 0, 15, 0, 0, 0, 0, 0, 0, 0, 5, 0, 0, 0, 0, 0, 15, 17, 31, 0, 0, 15, 15, 15, 29, 0, 15, 19, 0, 0, 0, 0, 15, 15, 0, 0, 0, 0, 0, 0, 0, 0, 15, 15, 24, 0, 0, 15, 0, 0, 0, 0, 0, 0, 15, 0, 0, 0, 0, 0, 15, 0, 0, 0, 15, 0, 0, 0, 0, 0, 0, 0, 0, 0, 15, 0, 15, 0, 15, 0, 0, 0, 0, 0, 0, 0, 0, 22, 0, 0, 15, 17, 15, 0, 0, 0, 0, 16, 0, 0, 0, 0, 0, 0, 0, 0, 15, 15, 0, 0, 0, 0, 0, 0, 0, 0, 0, 0, 15, 15, 0, 23, 0, 0, 0, 15, 15, 0, 0, 15, 15, 0, 15, 14, 15, 0, 0, 0, 0, 3, 15, 0, 0, 0, 0, 18, 15, 18, 0, 0, 0, 0, 0, 15, 0, 15, 0, 0, 0, 16, 0, 0, 15, 15, 15, 0, 0, 0, 0, 19, 0, 0, 0, 0, 15, 15, 15, 0, 0, 0, 15, 0, : 15, 10, 16, 16, 15, 5, 15, 17, 31, 15, 15, 15, 29, 15, 19, 15, 15, 15, 15, 24, 15, 15, 15, 15, 15, 15, 15, 22, 15, 17, 15, 16, 15, 15, 15, 15, 23, 15, 15, 15, 15, 15, 14, 15, 3, 15, 18, 15, 18, 15, 15, 16, 15, 15, 15, 19, 15, 15, 15, 15, 
19: 0, 0, 0, 0, 0, 0, 4, 0, 0, 0, 0, 15, 0, 0, 0, 0, 15, 0, 0, 0, 15, 0, 15, 15, 15, 0, 16, 7, 0, 0, 0, 16, 0, 0, 15, 0, 0, 0, 0, 0, 0, 0, 0, 0, 15, 0, 26, 16, 0, 10, 0, 0, 10, 0, 15, 0, 15, 28, 0, 16, 0, 14, 0, 15, 15, 15, 0, 5, 0, 19, 0, 0, 0, 0, 0, 0, 15, 15, 0, 17, 0, 0, 15, 0, 0, 0, 0, 15, 16, 15, 0, 15, 15, 15, 0, 0, 0, 0, 0, 0, 15, 0, 0, 0, 15, 0, 0, 15, 15, 0, 0, 0, 0, 0, 0, 0, 0, 15, 0, 0, 0, 0, 0, 16, 15, 0, 0, 0, 0, 0, 0, 16, 0, 21, 0, 0, 0, 0, 15, 15, 15, 0, 0, 15, 0, 0, 0, 10, 0, 0, 0, 0, 15, 15, 0, 15, 0, 15, 19, 0, 15, 0, 15, 0, 0, 0, 0, 0, 15, 0, 0, 0, 0, 0, 21, 18, 16, 0, 0, 0, 15, 0, 0, 18, 9, 0, 0, 0, 0, 0, 0, 0, 4, 0, 15, 15, 0, 16, 15, 15, : 4, 15, 15, 15, 15, 15, 15, 16, 7, 16, 15, 15, 26, 16, 10, 10, 15, 15, 28, 16, 14, 15, 15, 15, 5, 19, 15, 15, 17, 15, 15, 16, 15, 15, 15, 15, 15, 15, 15, 15, 15, 16, 15, 16, 21, 15, 15, 15, 15, 10, 15, 15, 15, 15, 19, 15, 15, 15, 21, 18, 16, 15, 18, 9, 4, 15, 15, 16, 15, 15, 
46: 21, 0, 0, 4, 0, 0, 0, 0, 0, 0, 0, 0, 19, 22, 0, 0, 0, 15, 0, 0, 0, 17, 0, 15, 0, 0, 15, 0, 27, 0, 18, 0, 15, 17, 22, 16, 0, 0, 0, 0, 0, 0, 0, 0, 15, 0, 0, 0, 20, 0, 0, 0, 0, 15, 0, 0, 0, 0, 17, 0, 0, 0, 17, 0, 15, 0, 0, 0, 0, 0, 0, 0, 0, 0, 0, 18, 15, 18, 0, 0, 0, 15, 0, 0, 15, 0, 7, 0, 0, 6, 0, 16, 0, 0, 0, 0, 0, 0, 30, 0, 19, 3, 15, 0, 0, 0, 0, 0, 0, 0, 0, 0, 15, 15, 10, 15, 0, 15, 0, 16, 15, 0, 20, 0, 0, 0, 31, 0, 15, 0, 0, 0, 16, 15, 17, 0, 15, 0, 0, 0, 0, 15, 0, 0, 0, 15, 0, 0, 14, 22, 0, 16, 9, 0, 0, 0, 0, 0, 0, 0, 0, 0, 0, 0, 15, 1, 16, 0, 0, 15, 0, 0, 27, 18, 0, 15, 15, 0, 15, 0, 0, 15, 0, 15, 0, 0, 0, 0, 15, 2, 0, 0, 0, 0, 0, 0, 16, 0, 0, 0, : 21, 4, 19, 22, 15, 17, 15, 15, 27, 18, 15, 17, 22, 16, 15, 20, 15, 17, 17, 15, 18, 15, 18, 15, 15, 7, 6, 16, 30, 19, 3, 15, 15, 15, 10, 15, 15, 16, 15, 20, 31, 15, 16, 15, 17, 15, 15, 15, 14, 22, 16, 9, 15, 1, 16, 15, 27, 18, 15, 15, 15, 15, 15, 15, 2, 16, 
54: 0, 0, 15, 0, 0, 0, 15, 9, 19, 0, 0, 0, 0, 0, 0, 15, 15, 15, 0, 0, 0, 0, 0, 0, 0, 15, 0, 24, 0, 0, 0, 0, 0, 15, 0, 16, 0, 0, 0, 15, 0, 0, 0, 0, 15, 15, 0, 0, 15, 15, 0, 0, 15, 0, 0, 0, 0, 20, 0, 0, 0, 0, 0, 0, 15, 0, 15, 0, 0, 0, 15, 15, 0, 0, 0, 0, 0, 0, 0, 0, 0, 0, 15, 18, 0, 19, 0, 0, 15, 16, 17, 0, 0, 0, 0, 0, 0, 16, 0, 0, 0, 15, 0, 10, 0, 15, 0, 0, 15, 0, 0, 0, 0, 15, 0, 16, 0, 0, 0, 0, 0, 0, 0, 0, 0, 0, 23, 0, 0, 15, 0, 0, 0, 21, 0, 0, 0, 0, 15, 0, 0, 0, 0, 0, 0, 0, 19, 27, 15, 15, 0, 0, 0, 16, 15, 0, 16, 15, 0, 15, 0, 0, 16, 15, 0, 0, 0, 0, 0, 15, 0, 16, 0, 0, 15, 0, 15, 0, 0, 0, 0, 0, 6, 0, 0, 0, 0, 0, 15, 0, 2, 0, 15, 0, 0, 0, 0, 16, 5, 0, : 15, 15, 9, 19, 15, 15, 15, 15, 24, 15, 16, 15, 15, 15, 15, 15, 15, 20, 15, 15, 15, 15, 15, 18, 19, 15, 16, 17, 16, 15, 10, 15, 15, 15, 16, 23, 15, 21, 15, 19, 27, 15, 15, 16, 15, 16, 15, 15, 16, 15, 15, 16, 15, 15, 6, 15, 2, 15, 16, 5, 
92: 0, 5, 21, 0, 0, 0, 15, 0, 0, 0, 0, 0, 0, 15, 0, 15, 0, 0, 0, 0, 0, 16, 15, 0, 0, 20, 21, 0, 15, 0, 2, 0, 0, 0, 15, 0, 15, 0, 15, 0, 0, 0, 0, 15, 16, 0, 0, 20, 15, 0, 0, 0, 0, 0, 0, 0, 19, 15, 17, 0, 0, 0, 15, 0, 0, 0, 18, 0, 15, 15, 37, 17, 0, 0, 15, 0, 0, 15, 10, 0, 16, 0, 0, 17, 0, 0, 0, 0, 0, 0, 0, 16, 0, 0, 17, 0, 0, 0, 14, 17, 0, 0, 0, 15, 27, 0, 17, 0, 0, 0, 0, 17, 15, 0, 0, 15, 0, 0, 0, 0, 0, 0, 35, 0, 0, 15, 0, 15, 15, 0, 15, 0, 0, 0, 15, 0, 0, 15, 0, 0, 0, 0, 8, 20, 15, 0, 3, 0, 0, 0, 0, 0, 0, 15, 15, 0, 0, 15, 0, 15, 23, 9, 0, 0, 0, 0, 9, 0, 15, 15, 0, 0, 2, 15, 0, 0, 0, 0, 18, 16, 0, 0, 0, 0, 15, 0, 11, 0, 0, 0, 0, 15, 0, 15, 0, 15, 0, 15, 0, 0, : 5, 21, 15, 15, 15, 16, 15, 20, 21, 15, 2, 15, 15, 15, 15, 16, 20, 15, 19, 15, 17, 15, 18, 15, 15, 37, 17, 15, 15, 10, 16, 17, 16, 17, 14, 17, 15, 27, 17, 17, 15, 15, 35, 15, 15, 15, 15, 15, 15, 8, 20, 15, 3, 15, 15, 15, 15, 23, 9, 9, 15, 15, 2, 15, 18, 16, 15, 11, 15, 15, 15, 15, 
51: 0, 0, 0, 18, 0, 0, 0, 15, 15, 15, 0, 0, 0, 11, 19, 0, 0, 0, 0, 0, 0, 0, 0, 15, 15, 0, 0, 15, 0, 0, 0, 15, 1, 15, 0, 0, 0, 0, 0, 9, 15, 0, 15, 0, 9, 0, 0, 0, 15, 0, 0, 15, 0, 23, 0, 15, 0, 0, 15, 15, 17, 0, 0, 0, 15, 15, 0, 0, 15, 15, 15, 0, 0, 0, 0, 0, 0, 0, 15, 0, 0, 0, 0, 16, 0, 0, 15, 0, 0, 15, 0, 0, 0, 0, 0, 15, 0, 0, 0, 0, 0, 0, 17, 0, 0, 0, 0, 15, 17, 0, 15, 0, 0, 0, 0, 0, 18, 0, 0, 0, 0, 0, 0, 0, 15, 15, 0, 0, 16, 0, 0, 0, 0, 0, 0, 18, 10, 0, 0, 15, 0, 0, 0, 0, 15, 4, 0, 0, 26, 15, 0, 16, 0, 0, 15, 22, 0, 0, 15, 15, 9, 0, 0, 15, 16, 0, 0, 9, 17, 15, 0, 0, 0, 15, 0, 0, 15, 0, 0, 0, 0, 22, 0, 15, 0, 15, 22, 0, 16, 18, 15, 0, 0, 15, 0, 0, 0, 0, 0, 0, : 18, 15, 15, 15, 11, 19, 15, 15, 15, 15, 1, 15, 9, 15, 15, 9, 15, 15, 23, 15, 15, 15, 17, 15, 15, 15, 15, 15, 15, 16, 15, 15, 15, 17, 15, 17, 15, 18, 15, 15, 16, 18, 10, 15, 15, 4, 26, 15, 16, 15, 22, 15, 15, 9, 15, 16, 9, 17, 15, 15, 15, 22, 15, 15, 22, 16, 18, 15, 15, 
61: 0, 0, 15, 0, 0, 0, 0, 0, 4, 0, 0, 0, 0, 0, 0, 15, 0, 0, 16, 8, 0, 0, 0, 0, 0, 15, 15, 15, 0, 0, 0, 0, 0, 15, 0, 0, 0, 4, 17, 0, 15, 0, 15, 0, 0, 0, 0, 0, 0, 15, 0, 25, 0, 0, 0, 0, 0, 0, 0, 0, 0, 16, 15, 0, 0, 17, 15, 15, 0, 15, 0, 19, 15, 0, 15, 0, 0, 15, 15, 0, 0, 10, 0, 0, 0, 2, 15, 0, 0, 15, 17, 13, 16, 0, 0, 0, 15, 0, 0, 0, 16, 15, 0, 17, 0, 0, 0, 0, 0, 15, 0, 18, 22, 17, 0, 0, 0, 0, 0, 15, 15, 17, 0, 0, 0, 0, 16, 15, 0, 36, 0, 0, 0, 0, 0, 0, 0, 0, 0, 0, 14, 0, 15, 0, 0, 15, 0, 0, 0, 18, 15, 0, 0, 0, 0, 0, 0, 0, 0, 0, 15, 15, 0, 0, 3, 0, 0, 15, 19, 9, 0, 0, 0, 0, 15, 15, 0, 0, 0, 0, 15, 0, 0, 0, 0, 0, 0, 0, 0, 15, 0, 0, 15, 0, 9, 0, 0, 0, 15, 15, : 15, 4, 15, 16, 8, 15, 15, 15, 15, 4, 17, 15, 15, 15, 25, 16, 15, 17, 15, 15, 15, 19, 15, 15, 15, 15, 10, 2, 15, 15, 17, 13, 16, 15, 16, 15, 17, 15, 18, 22, 17, 15, 15, 17, 16, 15, 36, 14, 15, 15, 18, 15, 15, 15, 3, 15, 19, 9, 15, 15, 15, 15, 15, 9, 15, 15, 
29: 15, 0, 0, 0, 0, 0, 0, 0, 0, 0, 0, 0, 0, 0, 0, 15, 7, 15, 34, 20, 0, 0, 15, 10, 0, 15, 0, 0, 0, 0, 0, 15, 15, 0, 0, 0, 0, 0, 8, 0, 17, 17, 0, 15, 0, 0, 15, 0, 0, 15, 15, 0, 15, 15, 0, 15, 0, 0, 0, 0, 20, 0, 0, 0, 15, 0, 15, 0, 0, 0, 0, 0, 15, 0, 0, 0, 16, 15, 0, 0, 0, 0, 19, 4, 0, 0, 0, 0, 1, 18, 15, 0, 15, 0, 15, 15, 0, 0, 0, 0, 0, 0, 17, 15, 15, 0, 0, 0, 0, 0, 17, 0, 29, 0, 15, 0, 0, 0, 0, 0, 15, 0, 15, 18, 0, 0, 0, 0, 0, 0, 0, 15, 0, 0, 0, 0, 0, 16, 0, 0, 0, 16, 16, 0, 15, 0, 0, 0, 0, 0, 0, 0, 15, 0, 15, 0, 0, 16, 0, 23, 23, 15, 0, 0, 15, 0, 0, 0, 0, 15, 0, 0, 0, 0, 0, 16, 0, 0, 0, 0, 0, 0, 0, 0, 0, 0, 0, 15, 0, 18, 0, 15, 0, 0, 15, 0, 15, 15, 0, 15, : 15, 15, 7, 15, 34, 20, 15, 10, 15, 15, 15, 8, 17, 17, 15, 15, 15, 15, 15, 15, 15, 20, 15, 15, 15, 16, 15, 19, 4, 1, 18, 15, 15, 15, 15, 17, 15, 15, 17, 29, 15, 15, 15, 18, 15, 16, 16, 16, 15, 15, 15, 16, 23, 23, 15, 15, 15, 16, 15, 18, 15, 15, 15, 15, 15, 
25: 18, 15, 0, 0, 0, 16, 0, 15, 15, 0, 0, 0, 0, 0, 15, 0, 0, 15, 0, 0, 0, 16, 0, 0, 0, 15, 0, 0, 0, 0, 0, 0, 0, 17, 15, 0, 15, 0, 0, 15, 17, 15, 0, 0, 0, 15, 0, 19, 15, 0, 0, 16, 15, 12, 15, 0, 15, 0, 0, 0, 0, 0, 0, 0, 0, 0, 7, 15, 0, 0, 0, 0, 0, 15, 0, 0, 0, 0, 0, 0, 0, 0, 0, 15, 0, 0, 0, 0, 0, 0, 15, 0, 5, 0, 0, 21, 0, 0, 0, 7, 15, 0, 19, 0, 15, 15, 15, 0, 0, 17, 0, 0, 0, 15, 0, 0, 0, 0, 21, 15, 0, 0, 15, 15, 0, 0, 0, 20, 0, 0, 16, 16, 0, 0, 0, 0, 0, 0, 24, 0, 0, 0, 0, 0, 0, 18, 17, 0, 0, 0, 16, 0, 0, 15, 0, 0, 0, 0, 0, 0, 0, 0, 0, 0, 0, 0, 0, 0, 0, 0, 15, 0, 0, 0, 0, 0, 0, 15, 0, 0, 8, 0, 15, 14, 0, 15, 0, 16, 0, 0, 0, 15, 16, 15, 16, 15, 0, 0, 15, 15, : 18, 15, 16, 15, 15, 15, 15, 16, 15, 17, 15, 15, 15, 17, 15, 15, 19, 15, 16, 15, 12, 15, 15, 7, 15, 15, 15, 15, 5, 21, 7, 15, 19, 15, 15, 15, 17, 15, 21, 15, 15, 15, 20, 16, 16, 24, 18, 17, 16, 15, 15, 15, 8, 15, 14, 15, 16, 15, 16, 15, 16, 15, 15, 15, 
36: 0, 0, 0, 19, 30, 15, 0, 0, 15, 0, 0, 0, 15, 0, 0, 15, 0, 0, 20, 0, 0, 16, 0, 0, 15, 0, 2, 0, 0, 15, 19, 15, 0, 0, 0, 0, 0, 15, 0, 0, 0, 0, 0, 0, 15, 0, 0, 0, 0, 0, 0, 0, 0, 0, 0, 0, 6, 15, 0, 15, 0, 0, 0, 0, 0, 0, 0, 0, 0, 0, 0, 15, 0, 15, 0, 0, 15, 17, 0, 16, 16, 0, 15, 0, 15, 0, 0, 0, 0, 0, 0, 0, 0, 0, 15, 0, 0, 0, 15, 0, 0, 20, 0, 0, 0, 0, 15, 0, 15, 0, 15, 0, 0, 0, 15, 24, 0, 15, 0, 0, 0, 0, 0, 6, 0, 0, 0, 0, 1, 0, 0, 0, 0, 0, 0, 0, 15, 0, 0, 0, 0, 15, 0, 0, 0, 0, 0, 0, 0, 0, 19, 0, 0, 0, 16, 15, 15, 0, 0, 0, 0, 0, 16, 15, 15, 0, 0, 15, 0, 0, 0, 15, 0, 15, 15, 16, 0, 15, 19, 0, 15, 0, 16, 0, 16, 15, 0, 0, 15, 15, 0, 0, 0, 0, 0, 3, 15, 0, 0, 0, : 19, 30, 15, 15, 15, 15, 20, 16, 15, 2, 15, 19, 15, 15, 15, 6, 15, 15, 15, 15, 15, 17, 16, 16, 15, 15, 15, 15, 20, 15, 15, 15, 15, 24, 15, 6, 1, 15, 15, 19, 16, 15, 15, 16, 15, 15, 15, 15, 15, 15, 16, 15, 19, 15, 16, 16, 15, 15, 15, 3, 15, 
56: 0, 0, 15, 0, 15, 5, 0, 0, 0, 0, 20, 0, 0, 0, 0, 0, 15, 15, 16, 27, 0, 5, 0, 15, 0, 5, 0, 0, 0, 17, 15, 0, 0, 0, 3, 15, 16, 18, 0, 0, 0, 0, 0, 22, 0, 0, 15, 0, 0, 15, 15, 0, 0, 0, 18, 0, 15, 0, 0, 0, 1, 0, 0, 16, 0, 15, 15, 0, 15, 15, 0, 0, 15, 0, 0, 18, 0, 0, 0, 0, 0, 15, 0, 0, 15, 0, 15, 23, 0, 0, 15, 16, 0, 15, 17, 15, 0, 15, 0, 0, 15, 0, 0, 0, 0, 0, 0, 6, 15, 5, 0, 0, 0, 0, 0, 14, 15, 15, 0, 23, 22, 15, 15, 15, 15, 0, 0, 0, 0, 0, 0, 0, 21, 0, 20, 15, 0, 0, 15, 0, 23, 0, 15, 0, 0, 15, 0, 15, 0, 15, 0, 0, 0, 0, 0, 0, 24, 0, 15, 15, 0, 0, 15, 0, 21, 17, 0, 0, 16, 0, 15, 19, 15, 7, 0, 0, 0, 22, 0, 0, 15, 0, 0, 0, 15, 0, 15, 0, 16, 0, 15, 0, 15, 0, 0, 0, 15, 15, 19, 15, : 15, 15, 5, 20, 15, 15, 16, 27, 5, 15, 5, 17, 15, 3, 15, 16, 18, 22, 15, 15, 15, 18, 15, 1, 16, 15, 15, 15, 15, 15, 18, 15, 15, 15, 23, 15, 16, 15, 17, 15, 15, 15, 6, 15, 5, 14, 15, 15, 23, 22, 15, 15, 15, 15, 21, 20, 15, 15, 23, 15, 15, 15, 15, 24, 15, 15, 15, 21, 17, 16, 15, 19, 15, 7, 22, 15, 15, 15, 16, 15, 15, 15, 15, 19, 15, 
83: 0, 17, 0, 15, 15, 0, 15, 15, 0, 0, 0, 0, 0, 0, 0, 0, 0, 0, 0, 0, 15, 0, 15, 0, 0, 0, 0, 16, 0, 15, 0, 0, 15, 0, 15, 0, 0, 15, 0, 0, 0, 0, 11, 33, 0, 0, 15, 0, 0, 0, 16, 0, 0, 0, 22, 0, 0, 0, 0, 0, 16, 0, 13, 0, 0, 0, 15, 0, 0, 0, 0, 0, 0, 0, 15, 15, 0, 0, 0, 0, 19, 0, 0, 15, 0, 0, 0, 13, 0, 0, 0, 0, 0, 15, 0, 0, 0, 0, 0, 15, 0, 0, 2, 0, 0, 15, 0, 0, 0, 0, 0, 15, 0, 0, 15, 0, 0, 0, 15, 0, 0, 0, 0, 15, 0, 0, 0, 0, 0, 0, 0, 8, 0, 0, 0, 0, 15, 0, 1, 0, 0, 15, 0, 0, 10, 0, 0, 0, 0, 15, 5, 0, 0, 0, 0, 0, 15, 0, 0, 2, 0, 15, 0, 0, 0, 15, 0, 17, 15, 0, 15, 15, 25, 0, 0, 0, 0, 0, 0, 0, 0, 18, 0, 0, 0, 0, 0, 5, 0, 15, 0, 0, 0, 0, 0, 15, 17, 0, 0, 15, : 17, 15, 15, 15, 15, 15, 15, 16, 15, 15, 15, 15, 11, 33, 15, 16, 22, 16, 13, 15, 15, 15, 19, 15, 13, 15, 15, 2, 15, 15, 15, 15, 15, 8, 15, 1, 15, 10, 15, 5, 15, 2, 15, 15, 17, 15, 15, 15, 25, 18, 5, 15, 15, 17, 15, 
9: 16, 0, 0, 0, 10, 0, 36, 0, 0, 19, 15, 0, 0, 15, 13, 0, 16, 0, 0, 15, 0, 15, 0, 0, 0, 0, 0, 0, 15, 0, 0, 15, 16, 0, 0, 0, 0, 0, 15, 0, 0, 0, 0, 15, 0, 0, 0, 0, 5, 0, 9, 12, 15, 0, 0, 0, 15, 0, 0, 15, 0, 0, 0, 17, 0, 0, 0, 18, 0, 0, 0, 15, 0, 15, 0, 0, 0, 5, 0, 0, 0, 0, 0, 0, 0, 18, 0, 0, 17, 0, 0, 24, 0, 0, 0, 0, 0, 16, 0, 15, 0, 0, 0, 17, 0, 0, 0, 0, 0, 15, 17, 0, 0, 8, 0, 0, 0, 0, 0, 9, 0, 0, 0, 0, 19, 18, 15, 0, 15, 0, 0, 15, 2, 0, 0, 0, 0, 15, 0, 0, 15, 16, 15, 0, 15, 0, 0, 0, 0, 0, 0, 0, 0, 0, 0, 0, 0, 0, 15, 0, 0, 15, 0, 0, 0, 0, 15, 0, 0, 0, 15, 5, 0, 0, 4, 16, 0, 0, 0, 13, 0, 0, 15, 0, 0, 0, 15, 0, 0, 0, 15, 0, 20, 0, 0, 0, 0, 0, 0, 0, : 16, 10, 36, 19, 15, 15, 13, 16, 15, 15, 15, 15, 16, 15, 15, 5, 9, 12, 15, 15, 15, 17, 18, 15, 15, 5, 18, 17, 24, 16, 15, 17, 15, 17, 8, 9, 19, 18, 15, 15, 15, 2, 15, 15, 16, 15, 15, 15, 15, 15, 15, 5, 4, 16, 13, 15, 15, 15, 20, 
10: 0, 17, 0, 15, 0, 0, 0, 0, 0, 15, 19, 15, 0, 0, 0, 0, 0, 15, 14, 0, 16, 0, 15, 0, 15, 0, 16, 0, 0, 7, 15, 0, 0, 0, 0, 15, 0, 16, 0, 0, 4, 0, 15, 0, 0, 0, 14, 0, 0, 0, 0, 0, 15, 0, 0, 0, 0, 0, 15, 0, 0, 0, 0, 22, 10, 0, 0, 16, 12, 17, 15, 0, 0, 28, 15, 3, 0, 0, 0, 1, 19, 0, 0, 0, 0, 0, 0, 19, 18, 15, 0, 0, 15, 35, 0, 16, 14, 0, 25, 15, 0, 0, 0, 0, 0, 15, 15, 15, 0, 0, 0, 0, 0, 0, 0, 0, 15, 0, 11, 0, 21, 15, 0, 0, 0, 0, 0, 16, 0, 0, 15, 0, 15, 12, 16, 22, 15, 0, 0, 15, 0, 8, 0, 20, 0, 18, 0, 0, 15, 0, 15, 27, 0, 15, 0, 17, 15, 0, 0, 15, 15, 0, 0, 0, 0, 0, 15, 0, 0, 0, 15, 0, 0, 0, 15, 0, 0, 0, 0, 0, 0, 0, 18, 0, 15, 0, 0, 15, 8, 0, 0, 17, 0, 0, 0, 15, 15, 0, 0, 0, : 17, 15, 15, 19, 15, 15, 14, 16, 15, 15, 16, 7, 15, 15, 16, 4, 15, 14, 15, 15, 22, 10, 16, 12, 17, 15, 28, 15, 3, 1, 19, 19, 18, 15, 15, 35, 16, 14, 25, 15, 15, 15, 15, 15, 11, 21, 15, 16, 15, 15, 12, 16, 22, 15, 15, 8, 20, 18, 15, 15, 27, 15, 17, 15, 15, 15, 15, 15, 15, 18, 15, 15, 8, 17, 15, 15, 


45: 22, 0, 0, 5, 15, 14, 15, 0, 15, 0, 20, 0, 0, 15, 15, 23, 0, 0, 26, 0, 18, 23, 16, 0, 0, 0, 18, 0, 16, 16, 0, 15, 0, 0, 19, 0, 15, 15, 11, 15, 0, 0, 0, 0, 15, 0, 29, 0, 0, 15, 0, 0, 0, 0, 0, 0, 15, 0, 0, 0, 15, 0, 0, 0, 0, 15, 0, 0, 0, 15, 15, 0, 0, 26, 15, 0, 0, 0, 15, 0, 0, 0, 0, 5, 0, 0, 0, 16, 15, 0, 0, 6, 0, 19, 0, 0, 16, 0, 0, 0, 0, 16, 0, 0, 15, 15, 0, 15, 0, 0, 0, 15, 0, 4, 0, 0, 0, 0, 0, 21, 0, 0, 15, 0, 0, 0, 0, 15, 0, 15, 21, 22, 0, 0, 0, 0, 0, 0, 22, 0, 0, 15, 10, 0, 15, 0, 0, 0, 0, 25, 0, 0, 0, 16, 0, 16, 21, 0, 5, 15, 0, 0, 6, 0, 15, 0, 15, 15, 0, 0, 18, 0, 0, 0, 17, 0, 0, 0, 0, 10, 0, 0, 0, 0, 2, 15, 0, 0, 16, 0, 0, 0, 0, 15, 0, 0, 15, 0, 0, 0, : 22, 5, 15, 14, 15, 15, 20, 15, 15, 23, 26, 18, 23, 16, 18, 16, 16, 15, 19, 15, 15, 11, 15, 15, 29, 15, 15, 15, 15, 15, 15, 26, 15, 15, 5, 16, 15, 6, 19, 16, 16, 15, 15, 15, 15, 4, 21, 15, 15, 15, 21, 22, 22, 15, 10, 15, 25, 16, 16, 21, 5, 15, 6, 15, 15, 15, 18, 17, 10, 2, 15, 16, 15, 15, 
58: 0, 0, 0, 18, 0, 0, 0, 0, 15, 9, 15, 0, 5, 0, 15, 0, 0, 0, 0, 2, 0, 15, 0, 15, 19, 0, 15, 0, 0, 0, 0, 0, 0, 0, 24, 0, 15, 0, 0, 0, 0, 0, 20, 0, 0, 0, 0, 0, 0, 16, 0, 0, 0, 0, 0, 0, 0, 0, 0, 0, 0, 20, 15, 4, 0, 15, 0, 0, 0, 0, 7, 0, 0, 0, 0, 0, 0, 18, 0, 0, 0, 22, 28, 16, 0, 20, 0, 15, 0, 0, 15, 0, 0, 15, 15, 23, 0, 0, 0, 0, 15, 0, 0, 0, 0, 10, 0, 24, 15, 0, 15, 0, 0, 0, 0, 16, 0, 0, 0, 0, 0, 0, 0, 15, 0, 0, 15, 0, 0, 15, 0, 15, 22, 0, 15, 16, 15, 24, 15, 0, 0, 0, 0, 0, 0, 0, 15, 0, 0, 0, 0, 0, 0, 0, 17, 0, 0, 0, 0, 15, 14, 16, 15, 15, 0, 0, 0, 15, 0, 15, 0, 0, 0, 0, 0, 0, 0, 15, 15, 29, 0, 16, 0, 0, 15, 0, 16, 0, 0, 0, 15, 0, 15, 0, 0, 17, 0, 15, 0, 0, : 18, 15, 9, 15, 5, 15, 2, 15, 15, 19, 15, 24, 15, 20, 16, 20, 15, 4, 15, 7, 18, 22, 28, 16, 20, 15, 15, 15, 15, 23, 15, 10, 24, 15, 15, 16, 15, 15, 15, 15, 22, 15, 16, 15, 24, 15, 15, 17, 15, 14, 16, 15, 15, 15, 15, 15, 15, 29, 16, 15, 16, 15, 15, 17, 15, 
82: 0, 15, 16, 16, 15, 0, 15, 0, 0, 0, 0, 0, 0, 15, 16, 9, 11, 15, 0, 0, 0, 0, 0, 0, 19, 0, 0, 0, 0, 0, 0, 0, 0, 3, 20, 0, 0, 0, 15, 0, 15, 25, 0, 0, 21, 0, 15, 19, 0, 15, 0, 15, 0, 3, 21, 0, 0, 0, 0, 16, 0, 19, 0, 0, 15, 0, 0, 0, 0, 15, 0, 0, 0, 15, 15, 0, 0, 15, 20, 15, 6, 7, 15, 0, 0, 15, 0, 0, 0, 0, 15, 15, 3, 15, 0, 0, 15, 0, 0, 15, 0, 0, 0, 17, 0, 0, 0, 18, 15, 0, 0, 0, 15, 23, 0, 0, 0, 0, 15, 0, 0, 0, 18, 0, 15, 8, 0, 0, 0, 0, 0, 0, 16, 15, 0, 23, 0, 0, 0, 0, 0, 0, 0, 15, 0, 16, 15, 15, 0, 0, 0, 0, 0, 0, 16, 17, 0, 0, 0, 4, 0, 0, 0, 0, 0, 0, 0, 15, 15, 0, 0, 0, 15, 0, 0, 0, 0, 0, 15, 0, 0, 16, 0, 0, 0, 0, 0, 0, 0, 0, 0, 0, 0, 0, 0, 0, 15, 0, 0, 0, : 15, 16, 16, 15, 15, 15, 16, 9, 11, 15, 19, 3, 20, 15, 15, 25, 21, 15, 19, 15, 15, 3, 21, 16, 19, 15, 15, 15, 15, 15, 20, 15, 6, 7, 15, 15, 15, 15, 3, 15, 15, 15, 17, 18, 15, 15, 23, 15, 18, 15, 8, 16, 15, 23, 15, 16, 15, 15, 16, 17, 4, 15, 15, 15, 15, 16, 15, 
27: 15, 0, 0, 0, 0, 15, 0, 15, 0, 0, 0, 0, 16, 0, 0, 15, 0, 0, 0, 16, 0, 0, 11, 15, 15, 0, 1, 21, 0, 0, 0, 15, 0, 15, 0, 0, 15, 0, 15, 0, 24, 17, 15, 16, 0, 0, 10, 0, 0, 0, 28, 19, 0, 0, 15, 16, 15, 0, 16, 10, 0, 0, 15, 0, 0, 0, 0, 6, 0, 0, 0, 15, 0, 15, 0, 15, 15, 0, 0, 0, 16, 0, 0, 0, 18, 0, 0, 0, 15, 0, 0, 0, 0, 0, 17, 17, 0, 0, 15, 0, 22, 15, 0, 0, 0, 0, 0, 0, 15, 0, 0, 0, 0, 0, 15, 0, 0, 0, 0, 15, 0, 0, 17, 15, 0, 15, 0, 0, 0, 0, 15, 0, 17, 0, 0, 0, 0, 0, 16, 0, 8, 0, 27, 0, 0, 0, 16, 0, 0, 0, 0, 0, 0, 16, 0, 0, 0, 0, 0, 0, 0, 15, 0, 0, 0, 0, 0, 10, 0, 0, 3, 0, 0, 0, 0, 15, 0, 0, 15, 0, 0, 0, 16, 19, 0, 0, 15, 0, 6, 0, 0, 15, 0, 0, 0, 0, 5, 0, 0, 19, : 15, 15, 15, 16, 15, 16, 11, 15, 15, 1, 21, 15, 15, 15, 15, 24, 17, 15, 16, 10, 28, 19, 15, 16, 15, 16, 10, 15, 6, 15, 15, 15, 15, 16, 18, 15, 17, 17, 15, 22, 15, 15, 15, 15, 17, 15, 15, 15, 17, 16, 8, 27, 16, 16, 15, 10, 3, 15, 15, 16, 19, 15, 6, 15, 5, 19, 
31: 0, 0, 0, 0, 9, 0, 15, 15, 0, 0, 2, 0, 0, 0, 0, 0, 0, 17, 0, 16, 16, 0, 0, 0, 0, 0, 0, 0, 0, 0, 0, 0, 15, 0, 15, 0, 0, 0, 0, 0, 0, 0, 0, 16, 0, 0, 0, 0, 0, 5, 0, 0, 0, 17, 0, 0, 0, 20, 0, 0, 0, 0, 0, 0, 17, 0, 13, 0, 16, 0, 0, 21, 0, 0, 0, 0, 0, 0, 0, 19, 0, 0, 0, 0, 15, 0, 0, 0, 17, 5, 15, 0, 0, 0, 0, 0, 24, 16, 0, 0, 0, 0, 0, 0, 0, 0, 0, 15, 0, 0, 1, 0, 0, 15, 15, 0, 0, 0, 0, 0, 15, 0, 4, 0, 0, 15, 0, 0, 0, 6, 0, 15, 0, 0, 9, 0, 0, 0, 0, 15, 0, 0, 17, 27, 0, 0, 15, 0, 17, 0, 0, 20, 18, 0, 15, 4, 15, 0, 0, 0, 18, 0, 0, 0, 0, 0, 0, 0, 0, 0, 0, 0, 16, 23, 15, 0, 18, 0, 0, 0, 15, 0, 0, 0, 0, 0, 0, 19, 0, 0, 0, 15, 0, 0, 0, 0, 0, 0, 15, 0, : 9, 15, 15, 2, 17, 16, 16, 15, 15, 16, 5, 17, 20, 17, 13, 16, 21, 19, 15, 17, 5, 15, 24, 16, 15, 1, 15, 15, 15, 4, 15, 6, 15, 9, 15, 17, 27, 15, 17, 20, 18, 15, 4, 15, 18, 16, 23, 15, 18, 15, 19, 15, 15, 
91: 0, 15, 0, 24, 0, 0, 19, 0, 0, 16, 0, 15, 16, 15, 0, 0, 20, 15, 0, 0, 15, 19, 0, 0, 0, 0, 15, 0, 27, 0, 6, 19, 0, 0, 0, 0, 0, 0, 0, 5, 16, 15, 15, 0, 0, 23, 0, 0, 0, 0, 0, 0, 0, 0, 0, 0, 15, 0, 15, 22, 0, 16, 19, 0, 0, 0, 18, 0, 0, 0, 0, 15, 15, 0, 0, 15, 0, 0, 0, 30, 0, 0, 0, 0, 0, 0, 15, 0, 0, 15, 0, 0, 15, 0, 0, 0, 0, 15, 0, 0, 16, 17, 0, 0, 21, 0, 0, 0, 0, 15, 0, 17, 0, 0, 0, 0, 16, 0, 0, 15, 0, 17, 0, 0, 15, 0, 19, 15, 18, 0, 15, 0, 0, 0, 0, 0, 0, 0, 0, 0, 0, 0, 0, 15, 19, 25, 0, 15, 16, 17, 0, 0, 0, 0, 0, 0, 0, 15, 0, 20, 0, 0, 0, 0, 5, 0, 18, 0, 37, 0, 0, 18, 0, 0, 0, 15, 15, 15, 15, 0, 16, 0, 0, 0, 37, 0, 0, 0, 0, 0, 15, 0, 23, 0, 0, 0, 0, 17, 15, 17, : 15, 24, 19, 16, 15, 16, 15, 20, 15, 15, 19, 15, 27, 6, 19, 5, 16, 15, 15, 23, 15, 15, 22, 16, 19, 18, 15, 15, 15, 30, 15, 15, 15, 15, 16, 17, 21, 15, 17, 16, 15, 17, 15, 19, 15, 18, 15, 15, 19, 25, 15, 16, 17, 15, 20, 5, 18, 37, 18, 15, 15, 15, 15, 16, 37, 15, 23, 17, 15, 17, 
69: 0, 0, 0, 0, 0, 25, 0, 0, 0, 15, 0, 0, 15, 0, 15, 0, 0, 0, 0, 21, 0, 13, 0, 0, 0, 0, 0, 18, 0, 0, 15, 0, 5, 0, 0, 0, 0, 0, 0, 0, 0, 0, 0, 15, 0, 0, 0, 17, 0, 0, 0, 0, 0, 15, 0, 15, 0, 0, 0, 0, 15, 0, 0, 0, 0, 0, 0, 0, 0, 15, 16, 30, 0, 0, 0, 15, 15, 0, 0, 0, 0, 0, 0, 0, 0, 15, 18, 15, 0, 19, 0, 0, 0, 0, 0, 0, 0, 16, 0, 0, 15, 0, 18, 15, 0, 0, 0, 13, 0, 0, 0, 0, 0, 0, 0, 0, 0, 0, 28, 17, 0, 15, 0, 0, 0, 0, 16, 0, 0, 16, 18, 0, 0, 0, 15, 15, 0, 0, 15, 0, 0, 18, 0, 0, 17, 0, 0, 15, 19, 0, 0, 0, 0, 0, 16, 0, 15, 15, 0, 0, 0, 0, 0, 0, 0, 15, 17, 0, 12, 0, 0, 0, 0, 0, 0, 0, 15, 15, 15, 15, 15, 15, 29, 0, 0, 0, 0, 0, 0, 0, 0, 0, 15, 15, 0, 0, 15, 0, 15, 0, : 25, 15, 15, 15, 21, 13, 18, 15, 5, 15, 17, 15, 15, 15, 15, 16, 30, 15, 15, 15, 18, 15, 19, 16, 15, 18, 15, 13, 28, 17, 15, 16, 16, 18, 15, 15, 15, 18, 17, 15, 19, 16, 15, 15, 15, 17, 12, 15, 15, 15, 15, 15, 15, 29, 15, 15, 15, 15, 
24: 17, 0, 16, 0, 0, 0, 0, 0, 0, 0, 17, 0, 0, 0, 0, 0, 0, 15, 22, 15, 0, 15, 0, 15, 2, 0, 0, 0, 0, 0, 0, 0, 0, 16, 0, 0, 0, 15, 0, 15, 0, 0, 0, 0, 17, 15, 0, 0, 15, 0, 0, 0, 15, 15, 0, 0, 0, 0, 19, 0, 15, 15, 15, 0, 0, 0, 0, 0, 0, 0, 0, 0, 0, 0, 0, 0, 0, 0, 0, 0, 17, 0, 16, 0, 0, 16, 0, 0, 0, 0, 0, 15, 0, 0, 0, 0, 0, 0, 0, 15, 0, 22, 0, 0, 0, 15, 15, 0, 16, 9, 17, 0, 16, 15, 6, 0, 15, 0, 0, 0, 15, 0, 0, 10, 20, 17, 0, 0, 0, 15, 0, 15, 0, 10, 15, 0, 0, 0, 1, 0, 0, 22, 0, 0, 0, 0, 0, 15, 0, 16, 0, 2, 15, 0, 0, 0, 0, 0, 0, 0, 17, 0, 0, 0, 0, 15, 0, 0, 0, 20, 0, 15, 0, 0, 0, 0, 0, 0, 0, 0, 15, 15, 0, 15, 0, 19, 0, 15, 31, 0, 0, 15, 0, 0, 0, 0, 0, 0, 0, 11, : 17, 16, 17, 15, 22, 15, 15, 15, 2, 16, 15, 15, 17, 15, 15, 15, 15, 19, 15, 15, 15, 17, 16, 16, 15, 15, 22, 15, 15, 16, 9, 17, 16, 15, 6, 15, 15, 10, 20, 17, 15, 15, 10, 15, 1, 22, 15, 16, 2, 15, 17, 15, 20, 15, 15, 15, 15, 19, 15, 31, 15, 11, 
73: 0, 0, 15, 0, 15, 0, 0, 0, 0, 0, 16, 15, 0, 15, 15, 0, 0, 0, 0, 0, 15, 0, 28, 0, 0, 3, 0, 0, 0, 0, 0, 8, 0, 0, 0, 0, 0, 15, 0, 0, 0, 13, 15, 2, 0, 15, 0, 0, 0, 16, 0, 0, 0, 20, 0, 0, 0, 15, 0, 0, 0, 0, 0, 0, 0, 0, 0, 0, 0, 0, 0, 3, 15, 0, 0, 0, 0, 0, 0, 21, 0, 0, 0, 0, 15, 0, 17, 0, 0, 0, 15, 0, 0, 0, 0, 0, 13, 0, 0, 10, 0, 15, 15, 8, 0, 0, 15, 0, 0, 0, 18, 0, 24, 0, 0, 0, 7, 0, 15, 0, 0, 15, 0, 0, 0, 0, 0, 0, 16, 0, 0, 0, 0, 0, 0, 25, 0, 0, 0, 15, 0, 0, 0, 0, 15, 0, 0, 0, 0, 0, 15, 15, 0, 13, 0, 18, 15, 15, 0, 0, 20, 0, 0, 18, 0, 15, 0, 0, 0, 15, 16, 0, 15, 15, 15, 16, 0, 0, 0, 0, 0, 14, 0, 0, 0, 0, 16, 0, 0, 0, 0, 9, 0, 0, 0, 19, 0, 0, 0, 0, : 15, 15, 16, 15, 15, 15, 15, 28, 3, 8, 15, 13, 15, 2, 15, 16, 20, 15, 3, 15, 21, 15, 17, 15, 13, 10, 15, 15, 8, 15, 18, 24, 7, 15, 15, 16, 25, 15, 15, 15, 15, 13, 18, 15, 15, 20, 18, 15, 15, 16, 15, 15, 15, 16, 14, 16, 9, 19, 
80: 0, 0, 16, 15, 16, 15, 0, 3, 0, 0, 0, 0, 15, 0, 0, 0, 0, 0, 1, 15, 0, 15, 0, 0, 0, 0, 15, 0, 15, 16, 0, 0, 16, 0, 0, 15, 0, 8, 0, 0, 0, 0, 0, 0, 15, 11, 0, 0, 0, 0, 15, 0, 0, 0, 0, 0, 8, 0, 0, 0, 3, 15, 0, 15, 0, 19, 0, 15, 0, 0, 15, 0, 19, 0, 15, 0, 15, 0, 16, 0, 0, 0, 0, 16, 15, 0, 0, 15, 0, 0, 0, 0, 0, 0, 0, 0, 0, 0, 9, 0, 0, 0, 0, 0, 0, 0, 0, 0, 0, 15, 0, 0, 0, 0, 0, 0, 17, 21, 0, 0, 0, 0, 0, 0, 0, 0, 0, 0, 0, 16, 0, 0, 0, 0, 0, 0, 0, 0, 0, 0, 0, 0, 0, 0, 0, 15, 15, 0, 0, 0, 0, 0, 24, 0, 0, 15, 19, 0, 0, 15, 0, 0, 17, 0, 15, 0, 15, 0, 0, 0, 0, 4, 15, 16, 0, 16, 0, 0, 0, 0, 0, 0, 24, 0, 16, 0, 0, 0, 16, 0, 32, 0, 15, 0, 15, 0, 15, 16, 0, 0, : 16, 15, 16, 15, 3, 15, 1, 15, 15, 15, 15, 16, 16, 15, 8, 15, 11, 15, 8, 3, 15, 15, 19, 15, 15, 19, 15, 15, 16, 16, 15, 15, 9, 15, 17, 21, 16, 15, 15, 24, 15, 19, 15, 17, 15, 15, 4, 15, 16, 16, 24, 16, 16, 32, 15, 15, 15, 16, 
6: 0, 0, 0, 0, 0, 0, 0, 0, 15, 0, 0, 0, 0, 0, 0, 22, 15, 0, 0, 0, 0, 0, 0, 0, 15, 0, 0, 16, 0, 16, 19, 0, 0, 0, 0, 15, 17, 0, 0, 17, 0, 0, 0, 0, 2, 21, 16, 18, 19, 0, 0, 0, 0, 0, 0, 15, 0, 20, 8, 0, 0, 0, 16, 15, 15, 0, 21, 15, 0, 0, 0, 0, 0, 0, 15, 0, 0, 0, 0, 0, 0, 15, 0, 15, 0, 0, 0, 0, 0, 0, 0, 15, 20, 3, 0, 0, 0, 15, 15, 0, 0, 0, 0, 0, 0, 15, 15, 0, 0, 0, 0, 0, 0, 0, 0, 15, 15, 0, 21, 0, 0, 0, 0, 0, 0, 0, 0, 0, 0, 0, 0, 0, 0, 0, 0, 4, 12, 15, 15, 0, 15, 15, 0, 0, 3, 0, 7, 0, 0, 0, 15, 15, 2, 15, 0, 0, 0, 15, 0, 0, 0, 0, 15, 19, 17, 15, 0, 0, 0, 0, 0, 0, 16, 0, 8, 15, 0, 0, 0, 0, 0, 0, 1, 18, 0, 0, 15, 18, 16, 18, 20, 16, 0, 0, 0, 0, 0, 15, 0, 0, : 15, 22, 15, 15, 16, 16, 19, 15, 17, 17, 2, 21, 16, 18, 19, 15, 20, 8, 16, 15, 15, 21, 15, 15, 15, 15, 15, 20, 3, 15, 15, 15, 15, 15, 15, 21, 4, 12, 15, 15, 15, 15, 3, 7, 15, 15, 2, 15, 15, 15, 19, 17, 15, 16, 8, 15, 1, 18, 15, 18, 16, 18, 20, 16, 15, 
42: 15, 15, 0, 0, 0, 0, 15, 0, 15, 15, 0, 0, 0, 15, 0, 0, 23, 0, 15, 0, 0, 0, 0, 0, 15, 0, 0, 15, 10, 21, 0, 0, 0, 0, 7, 0, 0, 0, 0, 0, 0, 0, 0, 0, 0, 15, 0, 0, 28, 16, 0, 0, 29, 0, 15, 0, 0, 0, 0, 32, 0, 0, 0, 0, 15, 0, 0, 0, 15, 0, 0, 0, 16, 0, 0, 0, 0, 14, 0, 0, 0, 0, 0, 0, 0, 0, 0, 15, 0, 0, 0, 16, 0, 15, 0, 15, 0, 0, 15, 15, 15, 0, 0, 15, 0, 15, 17, 0, 15, 15, 17, 25, 0, 0, 0, 17, 15, 15, 1, 15, 0, 16, 16, 15, 0, 0, 0, 15, 0, 0, 0, 15, 0, 0, 0, 0, 18, 15, 0, 0, 15, 0, 0, 0, 0, 0, 0, 0, 18, 0, 15, 15, 0, 0, 0, 0, 0, 0, 15, 15, 0, 15, 0, 0, 15, 0, 0, 0, 0, 11, 0, 0, 0, 16, 0, 0, 17, 0, 0, 0, 0, 0, 0, 0, 0, 15, 0, 16, 0, 24, 0, 0, 0, 15, 0, 15, 0, 15, 10, 0, : 15, 15, 15, 15, 15, 15, 23, 15, 15, 15, 10, 21, 7, 15, 28, 16, 29, 15, 32, 15, 15, 16, 14, 15, 16, 15, 15, 15, 15, 15, 15, 15, 17, 15, 15, 17, 25, 17, 15, 15, 1, 15, 16, 16, 15, 15, 15, 18, 15, 15, 18, 15, 15, 15, 15, 15, 15, 11, 16, 17, 15, 16, 24, 15, 15, 15, 10, 
15: 1, 18, 0, 0, 0, 15, 0, 15, 0, 15, 0, 0, 0, 0, 0, 0, 0, 0, 0, 0, 0, 0, 0, 15, 0, 15, 0, 0, 16, 0, 0, 0, 0, 20, 15, 20, 0, 0, 18, 0, 0, 0, 0, 0, 0, 0, 15, 0, 0, 0, 16, 0, 26, 0, 0, 0, 15, 0, 0, 0, 15, 0, 0, 0, 29, 0, 0, 0, 0, 15, 0, 0, 19, 0, 0, 15, 0, 0, 0, 0, 0, 0, 0, 0, 0, 0, 15, 0, 0, 15, 0, 0, 0, 16, 0, 0, 15, 0, 0, 0, 0, 0, 15, 0, 21, 0, 0, 0, 0, 0, 0, 15, 0, 0, 0, 15, 0, 0, 20, 0, 16, 0, 15, 0, 17, 0, 0, 0, 0, 0, 0, 0, 0, 0, 0, 17, 0, 0, 0, 16, 17, 15, 0, 0, 0, 18, 17, 0, 0, 0, 19, 0, 0, 0, 0, 15, 0, 10, 15, 16, 0, 0, 0, 15, 0, 0, 15, 0, 0, 24, 0, 0, 0, 0, 15, 15, 18, 0, 15, 0, 0, 0, 0, 15, 0, 0, 0, 0, 0, 0, 16, 0, 14, 20, 15, 0, 0, 0, 0, 17, : 1, 18, 15, 15, 15, 15, 15, 16, 20, 15, 20, 18, 15, 16, 26, 15, 15, 29, 15, 19, 15, 15, 15, 16, 15, 15, 21, 15, 15, 20, 16, 15, 17, 17, 16, 17, 15, 18, 17, 19, 15, 10, 15, 16, 15, 15, 24, 15, 15, 18, 15, 15, 16, 14, 20, 15, 17, 
66: 0, 15, 0, 0, 0, 0, 0, 22, 8, 0, 0, 0, 0, 0, 0, 0, 0, 16, 0, 0, 0, 0, 0, 0, 15, 32, 0, 0, 0, 0, 15, 28, 0, 15, 0, 15, 0, 0, 26, 0, 14, 0, 16, 15, 15, 0, 0, 31, 0, 0, 0, 0, 0, 0, 4, 0, 17, 0, 27, 0, 0, 0, 0, 0, 0, 0, 0, 0, 15, 0, 0, 0, 0, 0, 15, 15, 0, 15, 15, 0, 0, 15, 0, 0, 0, 16, 15, 21, 0, 15, 0, 0, 0, 0, 0, 15, 0, 0, 0, 0, 0, 0, 15, 0, 0, 0, 15, 15, 0, 0, 15, 0, 15, 0, 15, 0, 0, 18, 0, 0, 15, 0, 0, 0, 0, 0, 0, 0, 5, 0, 0, 2, 15, 15, 0, 0, 0, 0, 16, 0, 0, 0, 0, 0, 0, 0, 0, 1, 0, 0, 15, 16, 15, 25, 36, 0, 0, 0, 18, 0, 0, 0, 15, 0, 0, 0, 0, 0, 0, 0, 22, 15, 15, 15, 0, 0, 0, 0, 0, 15, 0, 0, 0, 0, 15, 15, 0, 17, 0, 0, 0, 0, 0, 15, 8, 0, 0, 0, 0, 0, : 15, 22, 8, 16, 15, 32, 15, 28, 15, 15, 26, 14, 16, 15, 15, 31, 4, 17, 27, 15, 15, 15, 15, 15, 15, 16, 15, 21, 15, 15, 15, 15, 15, 15, 15, 15, 18, 15, 5, 2, 15, 15, 16, 1, 15, 16, 15, 25, 36, 18, 15, 22, 15, 15, 15, 15, 15, 15, 17, 15, 8, 
40: 15, 6, 0, 22, 0, 0, 0, 0, 0, 0, 0, 17, 0, 0, 0, 0, 0, 0, 0, 0, 15, 0, 0, 0, 0, 0, 0, 17, 0, 0, 0, 0, 15, 16, 0, 15, 16, 17, 0, 15, 0, 0, 0, 16, 0, 0, 0, 0, 0, 17, 15, 0, 15, 0, 0, 22, 15, 15, 0, 20, 0, 0, 0, 0, 0, 0, 0, 15, 0, 0, 0, 0, 0, 15, 10, 0, 0, 15, 4, 0, 0, 0, 0, 15, 15, 15, 5, 3, 0, 0, 0, 18, 15, 0, 13, 15, 0, 15, 0, 0, 0, 0, 0, 0, 0, 15, 0, 0, 0, 0, 0, 0, 15, 19, 15, 0, 15, 0, 0, 0, 0, 15, 0, 15, 0, 0, 15, 17, 0, 0, 15, 0, 0, 15, 16, 0, 24, 15, 0, 24, 0, 0, 0, 0, 0, 0, 0, 24, 23, 0, 0, 0, 0, 0, 0, 0, 0, 15, 16, 0, 16, 7, 0, 15, 0, 0, 0, 15, 0, 0, 25, 0, 0, 0, 0, 0, 0, 25, 0, 0, 5, 0, 0, 0, 0, 0, 0, 0, 0, 15, 0, 0, 0, 0, 0, 0, 15, 0, 0, 0, : 15, 6, 22, 17, 15, 17, 15, 16, 15, 16, 17, 15, 16, 17, 15, 15, 22, 15, 15, 20, 15, 15, 10, 15, 4, 15, 15, 15, 5, 3, 18, 15, 13, 15, 15, 15, 15, 19, 15, 15, 15, 15, 15, 17, 15, 15, 16, 24, 15, 24, 24, 23, 15, 16, 16, 7, 15, 15, 25, 25, 5, 15, 15, 
100: 0, 0, 15, 0, 0, 0, 0, 15, 17, 0, 0, 15, 0, 7, 0, 16, 0, 7, 19, 0, 0, 0, 15, 0, 0, 0, 20, 0, 0, 16, 15, 0, 0, 0, 0, 20, 0, 15, 0, 0, 0, 0, 15, 0, 0, 0, 0, 0, 0, 0, 11, 12, 15, 0, 0, 0, 0, 15, 15, 0, 0, 15, 15, 15, 0, 36, 17, 0, 15, 0, 15, 0, 0, 3, 0, 15, 9, 0, 15, 0, 15, 0, 11, 15, 0, 0, 0, 0, 0, 15, 10, 15, 0, 0, 0, 0, 17, 0, 0, 15, 16, 15, 15, 15, 15, 0, 7, 0, 0, 15, 0, 0, 0, 0, 0, 0, 0, 15, 0, 0, 17, 0, 0, 0, 0, 0, 5, 15, 16, 0, 1, 0, 0, 0, 15, 0, 0, 0, 0, 0, 15, 0, 0, 12, 0, 17, 0, 0, 7, 15, 0, 0, 26, 0, 0, 0, 0, 0, 15, 0, 0, 17, 15, 3, 16, 25, 5, 15, 16, 0, 0, 0, 0, 0, 15, 0, 16, 0, 0, 0, 0, 0, 0, 0, 0, 0, 0, 15, 0, 0, 2, 0, 0, 0, 0, 4, 0, 0, 15, 16, : 15, 15, 17, 15, 7, 16, 7, 19, 15, 20, 16, 15, 20, 15, 15, 11, 12, 15, 15, 15, 15, 15, 15, 36, 17, 15, 15, 3, 15, 9, 15, 15, 11, 15, 15, 10, 15, 17, 15, 16, 15, 15, 15, 15, 7, 15, 15, 17, 5, 15, 16, 1, 15, 15, 12, 17, 7, 15, 26, 15, 17, 15, 3, 16, 25, 5, 15, 16, 15, 16, 15, 2, 4, 15, 16, 
59: 15, 0, 17, 0, 15, 0, 0, 0, 0, 0, 30, 0, 18, 0, 0, 15, 16, 15, 0, 0, 3, 0, 0, 0, 0, 0, 0, 13, 16, 0, 15, 0, 17, 0, 0, 0, 0, 0, 0, 18, 0, 15, 4, 20, 0, 0, 0, 15, 0, 0, 15, 17, 0, 15, 15, 0, 0, 0, 0, 0, 0, 0, 5, 0, 0, 0, 0, 16, 0, 10, 0, 16, 0, 0, 0, 0, 16, 0, 0, 0, 0, 0, 15, 18, 15, 0, 0, 0, 4, 0, 15, 0, 15, 0, 15, 15, 0, 15, 15, 0, 0, 0, 0, 0, 13, 0, 0, 0, 0, 0, 0, 0, 15, 0, 0, 15, 0, 15, 0, 2, 15, 3, 15, 0, 15, 15, 15, 15, 15, 0, 0, 16, 0, 15, 0, 0, 15, 0, 0, 15, 15, 0, 30, 16, 0, 0, 0, 0, 0, 0, 0, 17, 0, 15, 0, 0, 0, 0, 16, 0, 0, 0, 0, 0, 0, 15, 0, 0, 0, 15, 0, 33, 0, 0, 0, 0, 0, 16, 0, 16, 0, 24, 15, 0, 0, 15, 15, 0, 0, 0, 0, 0, 0, 0, 15, 0, 0, 15, 0, 20, : 15, 17, 15, 30, 18, 15, 16, 15, 3, 13, 16, 15, 17, 18, 15, 4, 20, 15, 15, 17, 15, 15, 5, 16, 10, 16, 16, 15, 18, 15, 4, 15, 15, 15, 15, 15, 15, 13, 15, 15, 15, 2, 15, 3, 15, 15, 15, 15, 15, 15, 16, 15, 15, 15, 15, 30, 16, 17, 15, 16, 15, 15, 33, 16, 16, 24, 15, 15, 15, 15, 15, 20, 
67: 0, 0, 5, 0, 0, 16, 16, 0, 15, 0, 0, 23, 0, 0, 7, 0, 0, 0, 0, 0, 18, 0, 0, 0, 0, 31, 0, 0, 0, 0, 0, 0, 15, 15, 0, 0, 15, 0, 0, 0, 0, 15, 0, 0, 15, 0, 0, 0, 15, 0, 0, 0, 0, 15, 0, 10, 0, 0, 0, 0, 16, 0, 0, 21, 0, 0, 0, 15, 6, 0, 0, 0, 1, 26, 0, 0, 0, 23, 15, 15, 16, 15, 0, 0, 7, 0, 15, 0, 18, 16, 15, 0, 0, 0, 17, 0, 0, 8, 15, 0, 0, 0, 0, 15, 0, 0, 0, 0, 15, 16, 0, 13, 0, 0, 19, 0, 0, 0, 0, 0, 0, 0, 0, 15, 17, 15, 0, 8, 0, 0, 15, 0, 15, 0, 0, 0, 16, 0, 0, 0, 0, 0, 0, 0, 16, 0, 0, 15, 0, 15, 6, 0, 0, 0, 0, 0, 15, 15, 0, 0, 0, 15, 0, 0, 17, 0, 0, 15, 0, 0, 0, 0, 8, 15, 0, 0, 1, 0, 0, 0, 0, 0, 15, 0, 0, 0, 23, 0, 0, 0, 0, 0, 0, 17, 17, 22, 20, 7, 15, 0, : 5, 16, 16, 15, 23, 7, 18, 31, 15, 15, 15, 15, 15, 15, 15, 10, 16, 21, 15, 6, 1, 26, 23, 15, 15, 16, 15, 7, 15, 18, 16, 15, 17, 8, 15, 15, 15, 16, 13, 19, 15, 17, 15, 8, 15, 15, 16, 16, 15, 15, 6, 15, 15, 15, 17, 15, 8, 15, 1, 15, 23, 17, 17, 22, 20, 7, 15, 
96: 0, 16, 0, 0, 0, 0, 5, 0, 0, 15, 0, 15, 15, 18, 17, 0, 0, 0, 17, 0, 0, 0, 15, 20, 0, 0, 0, 0, 0, 0, 15, 15, 0, 0, 0, 0, 7, 0, 0, 0, 15, 0, 0, 0, 0, 0, 15, 0, 0, 0, 0, 18, 0, 0, 15, 22, 0, 0, 0, 0, 0, 0, 0, 15, 9, 0, 16, 0, 16, 15, 15, 0, 0, 0, 15, 10, 15, 0, 0, 0, 15, 26, 15, 0, 0, 0, 0, 0, 16, 0, 0, 0, 17, 0, 0, 0, 0, 0, 0, 15, 0, 0, 7, 15, 15, 15, 16, 0, 9, 15, 17, 15, 0, 0, 0, 22, 0, 0, 0, 15, 0, 19, 0, 15, 1, 15, 0, 0, 15, 17, 0, 0, 0, 15, 15, 0, 0, 16, 0, 0, 0, 15, 16, 0, 15, 9, 0, 0, 0, 12, 0, 0, 0, 0, 0, 15, 0, 0, 0, 0, 0, 15, 0, 0, 0, 0, 15, 0, 0, 0, 0, 0, 0, 0, 15, 0, 0, 0, 10, 15, 18, 0, 0, 18, 0, 6, 0, 0, 0, 34, 0, 15, 18, 3, 15, 0, 0, 0, 15, 0, : 16, 5, 15, 15, 15, 18, 17, 17, 15, 20, 15, 15, 7, 15, 15, 18, 15, 22, 15, 9, 16, 16, 15, 15, 15, 10, 15, 15, 26, 15, 16, 17, 15, 7, 15, 15, 15, 16, 9, 15, 17, 15, 22, 15, 19, 15, 1, 15, 15, 17, 15, 15, 16, 15, 16, 15, 9, 12, 15, 15, 15, 15, 10, 15, 18, 18, 6, 34, 15, 18, 3, 15, 15, 
97: 0, 0, 0, 0, 15, 0, 0, 15, 0, 15, 0, 0, 0, 0, 0, 0, 15, 0, 0, 15, 0, 0, 15, 20, 0, 19, 16, 0, 0, 15, 0, 0, 17, 0, 0, 0, 0, 15, 15, 15, 16, 0, 0, 0, 0, 0, 0, 0, 23, 0, 0, 19, 0, 0, 15, 0, 0, 15, 0, 0, 21, 0, 0, 15, 0, 15, 15, 18, 17, 15, 17, 0, 15, 0, 0, 0, 15, 0, 0, 0, 15, 0, 0, 0, 0, 3, 0, 0, 15, 0, 0, 0, 15, 17, 23, 0, 0, 0, 16, 15, 1, 0, 15, 0, 0, 0, 0, 0, 0, 0, 0, 0, 0, 24, 15, 0, 0, 16, 0, 0, 7, 0, 0, 0, 0, 0, 15, 0, 15, 0, 0, 0, 15, 15, 0, 0, 0, 15, 0, 15, 15, 0, 0, 15, 0, 0, 0, 0, 0, 0, 15, 0, 0, 0, 0, 0, 0, 0, 0, 0, 15, 0, 17, 15, 0, 0, 0, 0, 20, 0, 16, 15, 0, 0, 0, 8, 0, 14, 0, 0, 16, 0, 0, 15, 15, 15, 0, 0, 15, 9, 0, 15, 0, 0, 15, 23, 0, 0, 0, 0, : 15, 15, 15, 15, 15, 15, 20, 19, 16, 15, 17, 15, 15, 15, 16, 23, 19, 15, 15, 21, 15, 15, 15, 18, 17, 15, 17, 15, 15, 15, 3, 15, 15, 17, 23, 16, 15, 1, 15, 24, 15, 16, 7, 15, 15, 15, 15, 15, 15, 15, 15, 15, 15, 17, 15, 20, 16, 15, 8, 14, 16, 15, 15, 15, 15, 9, 15, 15, 23, 


62: 0, 7, 21, 0, 0, 15, 0, 21, 15, 0, 0, 0, 0, 0, 0, 17, 0, 0, 0, 0, 0, 16, 15, 0, 0, 0, 0, 0, 0, 15, 21, 15, 15, 0, 22, 1, 15, 0, 0, 15, 15, 0, 0, 15, 0, 0, 36, 7, 0, 0, 10, 0, 0, 0, 0, 0, 0, 0, 0, 0, 16, 0, 15, 0, 15, 15, 0, 21, 0, 0, 0, 0, 0, 22, 15, 0, 0, 17, 0, 15, 0, 0, 15, 0, 0, 0, 22, 0, 15, 0, 15, 16, 0, 0, 0, 21, 15, 0, 19, 0, 0, 0, 15, 0, 15, 0, 0, 0, 28, 0, 15, 0, 18, 0, 0, 15, 4, 0, 0, 0, 17, 15, 15, 0, 0, 0, 0, 0, 0, 0, 0, 0, 0, 0, 0, 0, 2, 0, 0, 0, 15, 0, 0, 0, 0, 15, 0, 0, 0, 0, 0, 15, 0, 0, 0, 15, 0, 0, 0, 18, 0, 0, 17, 21, 0, 15, 0, 0, 0, 9, 0, 0, 0, 28, 17, 0, 33, 0, 0, 15, 0, 18, 0, 0, 21, 0, 0, 0, 15, 16, 0, 0, 0, 15, 0, 17, 0, 0, 0, 15, : 7, 21, 15, 21, 15, 17, 16, 15, 15, 21, 15, 15, 22, 1, 15, 15, 15, 15, 36, 7, 10, 16, 15, 15, 15, 21, 22, 15, 17, 15, 15, 22, 15, 15, 16, 21, 15, 19, 15, 15, 28, 15, 18, 15, 4, 17, 15, 15, 2, 15, 15, 15, 15, 18, 17, 21, 15, 9, 28, 17, 33, 15, 18, 21, 15, 16, 15, 17, 15, 
76: 0, 0, 32, 0, 0, 0, 15, 0, 0, 23, 6, 0, 0, 17, 17, 17, 18, 0, 15, 0, 0, 24, 15, 15, 15, 16, 0, 0, 15, 5, 0, 7, 0, 0, 0, 15, 0, 0, 0, 0, 19, 0, 0, 0, 0, 28, 15, 0, 0, 0, 16, 15, 0, 0, 11, 0, 0, 0, 0, 0, 0, 0, 0, 0, 15, 0, 0, 17, 0, 10, 0, 0, 0, 0, 0, 18, 0, 0, 15, 15, 0, 0, 16, 0, 0, 0, 0, 0, 0, 0, 0, 0, 0, 0, 0, 17, 15, 0, 15, 0, 15, 0, 15, 15, 0, 16, 0, 0, 15, 18, 15, 0, 0, 0, 4, 0, 0, 0, 15, 0, 0, 0, 0, 15, 0, 0, 0, 0, 0, 0, 22, 16, 15, 0, 15, 0, 0, 15, 0, 16, 0, 15, 16, 0, 0, 0, 0, 0, 15, 15, 0, 0, 19, 0, 0, 0, 0, 15, 0, 0, 16, 15, 0, 0, 0, 0, 0, 0, 3, 0, 16, 15, 0, 0, 0, 0, 0, 0, 0, 0, 0, 0, 15, 0, 0, 0, 24, 15, 9, 0, 15, 20, 0, 0, 0, 0, 15, 0, 1, 0, : 32, 15, 23, 6, 17, 17, 17, 18, 15, 24, 15, 15, 15, 16, 15, 5, 7, 15, 19, 28, 15, 16, 15, 11, 15, 17, 10, 18, 15, 15, 16, 17, 15, 15, 15, 15, 15, 16, 15, 18, 15, 4, 15, 15, 22, 16, 15, 15, 15, 16, 15, 16, 15, 15, 19, 15, 16, 15, 3, 16, 15, 15, 24, 15, 9, 15, 20, 15, 1, 
79: 0, 18, 0, 0, 0, 0, 0, 0, 0, 0, 0, 18, 0, 16, 0, 0, 0, 23, 15, 0, 16, 0, 0, 0, 0, 0, 15, 0, 9, 0, 0, 0, 0, 15, 0, 0, 0, 0, 15, 16, 0, 15, 0, 15, 0, 15, 0, 0, 0, 0, 15, 0, 0, 0, 0, 0, 17, 0, 0, 7, 10, 37, 0, 0, 0, 0, 0, 0, 0, 0, 0, 0, 18, 0, 0, 0, 17, 0, 0, 21, 0, 0, 0, 0, 0, 10, 0, 0, 19, 0, 0, 0, 0, 18, 0, 0, 0, 3, 15, 0, 0, 0, 0, 0, 15, 3, 0, 0, 0, 0, 0, 0, 2, 15, 15, 0, 0, 0, 0, 15, 0, 18, 0, 0, 15, 0, 0, 0, 15, 0, 0, 0, 0, 15, 0, 0, 0, 0, 0, 0, 15, 0, 0, 0, 0, 0, 15, 10, 0, 0, 0, 0, 0, 16, 0, 0, 0, 15, 22, 0, 11, 0, 0, 0, 22, 0, 15, 19, 0, 0, 0, 15, 19, 15, 0, 0, 0, 0, 0, 0, 25, 15, 0, 0, 0, 0, 0, 0, 0, 15, 0, 0, 0, 15, 0, 0, 0, 0, 0, 0, : 18, 18, 16, 23, 15, 16, 15, 9, 15, 15, 16, 15, 15, 15, 15, 17, 7, 10, 37, 18, 17, 21, 10, 19, 18, 3, 15, 15, 3, 2, 15, 15, 15, 18, 15, 15, 15, 15, 15, 10, 16, 15, 22, 11, 22, 15, 19, 15, 19, 15, 25, 15, 15, 15, 
94: 0, 0, 0, 15, 0, 8, 0, 0, 0, 0, 0, 0, 0, 0, 0, 0, 0, 15, 15, 15, 0, 0, 0, 0, 0, 16, 0, 0, 0, 0, 0, 15, 0, 0, 0, 0, 0, 0, 15, 0, 0, 0, 0, 15, 0, 15, 0, 0, 15, 0, 0, 0, 0, 0, 15, 0, 0, 18, 0, 0, 0, 0, 0, 0, 0, 0, 15, 2, 16, 0, 16, 20, 15, 0, 0, 0, 0, 16, 0, 0, 15, 0, 15, 0, 0, 15, 0, 15, 15, 0, 0, 0, 15, 15, 15, 0, 28, 16, 6, 0, 0, 0, 0, 0, 0, 0, 0, 0, 0, 0, 15, 0, 15, 0, 0, 24, 0, 15, 0, 0, 15, 0, 15, 0, 0, 0, 18, 0, 0, 0, 0, 0, 0, 8, 0, 0, 0, 4, 0, 0, 0, 15, 0, 0, 0, 0, 17, 0, 0, 0, 0, 15, 0, 15, 4, 0, 0, 0, 15, 16, 0, 19, 27, 16, 0, 0, 15, 15, 0, 15, 15, 0, 0, 0, 15, 16, 0, 15, 0, 15, 0, 0, 0, 0, 0, 0, 0, 0, 0, 0, 0, 15, 0, 0, 0, 0, 0, 16, 15, 17, : 15, 8, 15, 15, 15, 16, 15, 15, 15, 15, 15, 15, 18, 15, 2, 16, 16, 20, 15, 16, 15, 15, 15, 15, 15, 15, 15, 15, 28, 16, 6, 15, 15, 24, 15, 15, 15, 18, 8, 4, 15, 17, 15, 15, 4, 15, 16, 19, 27, 16, 15, 15, 15, 15, 15, 16, 15, 15, 15, 16, 15, 17, 
32: 0, 0, 0, 19, 15, 15, 0, 0, 0, 0, 15, 19, 0, 0, 0, 0, 16, 0, 0, 0, 0, 0, 0, 0, 15, 0, 15, 0, 0, 0, 0, 0, 0, 16, 0, 15, 15, 0, 0, 0, 0, 0, 0, 15, 18, 0, 0, 0, 0, 0, 0, 0, 0, 16, 0, 16, 0, 0, 9, 0, 0, 15, 0, 0, 0, 0, 0, 0, 0, 15, 0, 0, 0, 0, 0, 0, 16, 0, 15, 0, 15, 0, 0, 15, 15, 15, 12, 0, 15, 0, 0, 24, 0, 0, 15, 15, 0, 0, 15, 18, 0, 15, 0, 15, 22, 0, 0, 15, 0, 0, 15, 0, 0, 0, 0, 0, 0, 0, 15, 15, 0, 0, 0, 0, 0, 0, 0, 15, 0, 15, 15, 0, 0, 0, 0, 0, 0, 0, 22, 15, 0, 0, 0, 15, 17, 15, 0, 0, 15, 0, 16, 0, 0, 0, 0, 0, 15, 15, 18, 0, 0, 16, 0, 16, 0, 0, 0, 0, 15, 0, 0, 0, 0, 15, 0, 15, 0, 18, 0, 0, 0, 0, 0, 0, 0, 0, 0, 0, 0, 0, 0, 0, 15, 0, 0, 15, 0, 0, 15, 0, : 19, 15, 15, 15, 19, 16, 15, 15, 16, 15, 15, 15, 18, 16, 16, 9, 15, 15, 16, 15, 15, 15, 15, 15, 12, 15, 24, 15, 15, 15, 18, 15, 15, 22, 15, 15, 15, 15, 15, 15, 15, 22, 15, 15, 17, 15, 15, 16, 15, 15, 18, 16, 16, 15, 15, 15, 18, 15, 15, 15, 
75: 0, 0, 0, 0, 0, 15, 15, 15, 0, 0, 0, 0, 0, 7, 15, 0, 9, 15, 15, 0, 0, 14, 0, 0, 15, 0, 27, 0, 0, 15, 0, 0, 0, 0, 0, 0, 0, 0, 0, 0, 0, 0, 0, 0, 15, 0, 0, 0, 17, 0, 0, 0, 0, 27, 15, 15, 15, 16, 15, 15, 0, 15, 0, 0, 5, 16, 28, 0, 0, 0, 0, 0, 15, 15, 0, 0, 15, 0, 0, 0, 0, 0, 0, 0, 15, 0, 0, 21, 0, 15, 0, 0, 0, 3, 0, 0, 0, 0, 0, 0, 0, 0, 0, 0, 15, 0, 0, 0, 25, 0, 0, 22, 0, 0, 15, 0, 0, 0, 0, 15, 3, 0, 0, 0, 0, 15, 0, 0, 0, 0, 0, 3, 12, 0, 0, 15, 0, 0, 19, 0, 16, 4, 15, 0, 23, 0, 15, 0, 32, 0, 0, 0, 0, 0, 0, 27, 0, 0, 0, 0, 0, 0, 15, 0, 0, 15, 15, 15, 0, 0, 0, 0, 15, 0, 15, 0, 0, 0, 8, 0, 0, 0, 0, 15, 0, 19, 0, 15, 0, 20, 0, 23, 15, 0, 15, 0, 0, 0, 15, 0, : 15, 15, 15, 7, 15, 9, 15, 15, 14, 15, 27, 15, 15, 17, 27, 15, 15, 15, 16, 15, 15, 15, 5, 16, 28, 15, 15, 15, 15, 21, 15, 3, 15, 25, 22, 15, 15, 3, 15, 3, 12, 15, 19, 16, 4, 15, 23, 15, 32, 27, 15, 15, 15, 15, 15, 15, 8, 15, 19, 15, 20, 23, 15, 15, 15, 
99: 0, 0, 0, 15, 0, 0, 15, 19, 0, 0, 0, 0, 0, 0, 15, 0, 0, 0, 0, 12, 15, 0, 15, 0, 0, 15, 0, 17, 15, 0, 3, 15, 0, 26, 0, 0, 0, 0, 0, 0, 0, 0, 15, 0, 0, 0, 0, 18, 16, 0, 0, 0, 0, 0, 0, 15, 0, 0, 0, 0, 15, 0, 0, 0, 0, 15, 0, 15, 0, 15, 16, 0, 0, 0, 0, 15, 0, 0, 0, 0, 0, 0, 0, 1, 2, 0, 0, 0, 0, 0, 0, 15, 0, 0, 15, 0, 0, 0, 15, 15, 0, 0, 0, 15, 0, 0, 0, 0, 0, 0, 0, 0, 16, 0, 0, 0, 0, 15, 0, 0, 0, 0, 15, 0, 0, 0, 0, 0, 0, 0, 0, 15, 0, 15, 15, 0, 15, 27, 15, 0, 0, 15, 15, 15, 0, 0, 15, 15, 8, 0, 0, 0, 0, 0, 0, 0, 0, 0, 0, 1, 0, 0, 15, 0, 0, 0, 9, 0, 0, 0, 22, 17, 0, 0, 0, 0, 0, 0, 0, 18, 21, 0, 0, 0, 0, 0, 0, 0, 27, 0, 0, 0, 0, 0, 0, 0, 18, 15, 0, 0, : 15, 15, 19, 15, 12, 15, 15, 15, 17, 15, 3, 15, 26, 15, 18, 16, 15, 15, 15, 15, 15, 16, 15, 1, 2, 15, 15, 15, 15, 15, 16, 15, 15, 15, 15, 15, 15, 27, 15, 15, 15, 15, 15, 15, 8, 1, 15, 9, 22, 17, 18, 21, 27, 18, 15, 
95: 15, 18, 15, 6, 0, 0, 8, 16, 15, 0, 0, 15, 0, 0, 15, 19, 0, 0, 15, 0, 24, 15, 0, 15, 8, 7, 0, 15, 0, 15, 0, 0, 0, 15, 21, 0, 15, 15, 0, 0, 0, 0, 0, 9, 18, 0, 15, 0, 0, 0, 0, 0, 0, 19, 0, 0, 15, 0, 15, 15, 0, 0, 0, 10, 0, 20, 0, 19, 23, 0, 0, 15, 15, 15, 0, 0, 15, 0, 15, 0, 15, 15, 0, 0, 18, 0, 17, 15, 0, 0, 0, 0, 19, 0, 16, 0, 0, 15, 0, 15, 5, 0, 0, 0, 0, 0, 3, 17, 17, 0, 0, 21, 15, 0, 0, 0, 16, 15, 0, 0, 0, 0, 4, 0, 0, 0, 0, 0, 0, 0, 0, 0, 0, 0, 0, 15, 15, 0, 0, 0, 15, 0, 15, 15, 0, 0, 0, 15, 15, 21, 0, 0, 16, 0, 0, 19, 0, 0, 0, 0, 17, 0, 11, 0, 0, 0, 0, 0, 0, 0, 15, 0, 3, 0, 6, 0, 15, 0, 0, 0, 19, 0, 0, 18, 15, 0, 15, 16, 0, 15, 16, 0, 15, 0, 15, 0, 0, 0, 0, 22, : 15, 18, 15, 6, 8, 16, 15, 15, 15, 19, 15, 24, 15, 15, 8, 7, 15, 15, 15, 21, 15, 15, 9, 18, 15, 19, 15, 15, 15, 10, 20, 19, 23, 15, 15, 15, 15, 15, 15, 15, 18, 17, 15, 19, 16, 15, 15, 5, 3, 17, 17, 21, 15, 16, 15, 4, 15, 15, 15, 15, 15, 15, 15, 21, 16, 19, 17, 11, 15, 3, 6, 15, 19, 18, 15, 15, 16, 15, 16, 15, 15, 22, 
16: 0, 0, 17, 15, 0, 0, 15, 0, 0, 0, 19, 15, 0, 0, 15, 0, 0, 0, 0, 0, 0, 16, 0, 0, 0, 0, 0, 0, 0, 0, 0, 0, 0, 0, 15, 0, 15, 0, 18, 0, 0, 23, 0, 0, 0, 0, 0, 0, 0, 15, 28, 0, 11, 0, 0, 0, 15, 17, 0, 0, 0, 16, 0, 0, 0, 15, 0, 0, 0, 0, 0, 0, 0, 3, 25, 0, 0, 0, 0, 0, 15, 20, 0, 0, 0, 0, 15, 0, 0, 0, 15, 15, 0, 0, 0, 0, 0, 0, 15, 0, 20, 0, 0, 0, 16, 0, 0, 0, 0, 0, 0, 0, 0, 0, 0, 0, 0, 0, 0, 0, 15, 0, 0, 15, 25, 17, 0, 0, 0, 15, 0, 0, 0, 15, 24, 8, 0, 0, 0, 15, 15, 0, 0, 0, 0, 0, 0, 0, 15, 0, 0, 0, 0, 0, 0, 0, 0, 15, 0, 16, 0, 0, 0, 15, 0, 0, 0, 15, 15, 0, 0, 0, 0, 0, 0, 22, 0, 4, 0, 24, 0, 0, 15, 0, 15, 0, 15, 0, 19, 0, 15, 0, 0, 15, 0, 29, 0, 17, 15, 15, : 17, 15, 15, 19, 15, 15, 16, 15, 15, 18, 23, 15, 28, 11, 15, 17, 16, 15, 3, 25, 15, 20, 15, 15, 15, 15, 20, 16, 15, 15, 25, 17, 15, 15, 24, 8, 15, 15, 15, 15, 16, 15, 15, 15, 22, 4, 24, 15, 15, 15, 19, 15, 15, 29, 17, 15, 15, 
7: 15, 0, 0, 15, 29, 15, 0, 0, 15, 0, 15, 0, 15, 15, 0, 0, 0, 0, 0, 0, 0, 0, 0, 6, 0, 15, 0, 0, 0, 0, 0, 0, 0, 0, 0, 0, 0, 16, 0, 0, 15, 22, 0, 0, 0, 0, 0, 15, 0, 0, 0, 32, 17, 0, 0, 17, 0, 0, 0, 15, 0, 0, 0, 15, 16, 0, 0, 0, 0, 15, 0, 0, 0, 0, 15, 0, 0, 0, 0, 26, 0, 0, 0, 0, 0, 0, 0, 0, 0, 0, 0, 0, 0, 0, 0, 0, 11, 19, 0, 4, 0, 15, 0, 0, 0, 0, 0, 15, 0, 4, 0, 17, 0, 0, 0, 0, 35, 0, 0, 17, 0, 0, 0, 0, 0, 19, 0, 15, 19, 0, 0, 0, 0, 0, 13, 0, 0, 0, 0, 0, 0, 15, 6, 0, 0, 0, 15, 0, 0, 0, 0, 0, 0, 0, 23, 15, 17, 0, 0, 0, 0, 0, 0, 0, 15, 15, 0, 16, 0, 15, 0, 0, 0, 0, 0, 0, 0, 18, 0, 0, 0, 0, 16, 19, 0, 15, 0, 0, 0, 0, 18, 0, 16, 16, 0, 4, 0, 0, 22, 0, : 15, 15, 29, 15, 15, 15, 15, 15, 6, 15, 16, 15, 22, 15, 32, 17, 17, 15, 15, 16, 15, 15, 26, 11, 19, 4, 15, 15, 4, 17, 35, 17, 19, 15, 19, 13, 15, 6, 15, 23, 15, 17, 15, 15, 16, 15, 18, 16, 19, 15, 18, 16, 16, 4, 22, 
26: 0, 15, 0, 0, 0, 0, 17, 0, 16, 0, 0, 0, 0, 0, 0, 15, 0, 15, 0, 0, 0, 0, 1, 15, 0, 0, 23, 0, 0, 17, 0, 0, 0, 0, 21, 0, 15, 0, 0, 0, 15, 0, 21, 0, 0, 15, 0, 15, 15, 0, 0, 0, 18, 0, 15, 0, 0, 0, 15, 15, 29, 0, 5, 0, 0, 0, 0, 0, 0, 0, 1, 15, 18, 0, 0, 0, 15, 0, 0, 0, 0, 0, 9, 0, 0, 15, 15, 18, 0, 0, 15, 0, 0, 0, 0, 0, 0, 17, 0, 15, 0, 0, 0, 15, 15, 0, 18, 0, 0, 18, 0, 0, 19, 15, 0, 0, 0, 32, 0, 0, 15, 0, 0, 21, 0, 0, 20, 0, 0, 15, 0, 0, 16, 0, 0, 0, 23, 0, 0, 0, 15, 0, 15, 0, 0, 0, 0, 0, 0, 0, 0, 0, 0, 3, 0, 7, 8, 0, 7, 0, 0, 0, 0, 0, 0, 0, 15, 0, 16, 16, 0, 0, 15, 15, 0, 0, 0, 15, 0, 0, 0, 0, 2, 0, 0, 0, 15, 15, 0, 0, 0, 0, 0, 0, 0, 0, 17, 0, 0, 0, : 15, 17, 16, 15, 15, 1, 15, 23, 17, 21, 15, 15, 21, 15, 15, 15, 18, 15, 15, 15, 29, 5, 1, 15, 18, 15, 9, 15, 15, 18, 15, 17, 15, 15, 15, 18, 18, 19, 15, 32, 15, 21, 20, 15, 16, 23, 15, 15, 3, 7, 8, 7, 15, 16, 16, 15, 15, 15, 2, 15, 15, 17, 
71: 19, 27, 0, 0, 0, 0, 0, 0, 0, 0, 0, 0, 15, 0, 5, 15, 0, 0, 0, 0, 15, 0, 0, 16, 17, 0, 0, 0, 15, 18, 15, 15, 15, 0, 0, 15, 0, 23, 0, 16, 0, 18, 0, 0, 15, 0, 15, 0, 0, 1, 0, 0, 0, 0, 0, 11, 0, 0, 0, 0, 0, 0, 15, 0, 18, 15, 0, 0, 0, 15, 22, 15, 0, 0, 0, 0, 0, 19, 0, 15, 0, 0, 15, 15, 19, 0, 0, 0, 0, 0, 16, 0, 0, 19, 0, 0, 0, 0, 0, 0, 0, 0, 0, 5, 0, 15, 0, 0, 0, 0, 15, 0, 0, 17, 0, 15, 0, 0, 15, 0, 0, 15, 15, 0, 0, 0, 12, 0, 0, 0, 0, 20, 17, 16, 0, 0, 0, 0, 0, 0, 9, 0, 0, 0, 22, 4, 0, 15, 0, 4, 0, 15, 16, 16, 0, 0, 15, 0, 0, 0, 26, 15, 0, 0, 0, 16, 16, 0, 15, 0, 2, 0, 15, 27, 0, 0, 0, 0, 15, 0, 0, 16, 17, 15, 15, 0, 0, 0, 0, 0, 0, 0, 0, 0, 0, 0, 0, 7, 17, 0, : 19, 27, 15, 5, 15, 15, 16, 17, 15, 18, 15, 15, 15, 15, 23, 16, 18, 15, 15, 1, 11, 15, 18, 15, 15, 22, 15, 19, 15, 15, 15, 19, 16, 19, 5, 15, 15, 17, 15, 15, 15, 15, 12, 20, 17, 16, 9, 22, 4, 15, 4, 15, 16, 16, 15, 26, 15, 16, 16, 15, 2, 15, 27, 15, 16, 17, 15, 15, 7, 17, 
60: 0, 0, 15, 0, 0, 0, 0, 0, 0, 14, 0, 0, 16, 15, 0, 0, 0, 0, 0, 0, 0, 0, 0, 0, 0, 0, 0, 0, 0, 15, 0, 0, 0, 0, 0, 0, 0, 15, 0, 0, 15, 7, 16, 0, 0, 0, 1, 15, 15, 15, 0, 0, 0, 0, 0, 0, 0, 19, 0, 0, 0, 0, 17, 30, 0, 4, 0, 0, 17, 0, 0, 0, 0, 0, 15, 1, 2, 0, 21, 0, 10, 20, 15, 15, 15, 0, 0, 0, 0, 15, 0, 0, 15, 15, 5, 0, 0, 0, 0, 18, 0, 0, 0, 0, 0, 15, 15, 16, 0, 15, 0, 0, 0, 17, 15, 0, 0, 0, 8, 0, 15, 0, 21, 0, 0, 0, 0, 0, 15, 15, 0, 0, 0, 0, 0, 15, 15, 15, 15, 0, 0, 0, 0, 17, 0, 0, 8, 0, 0, 0, 0, 0, 0, 0, 0, 0, 15, 10, 15, 0, 0, 0, 0, 0, 0, 0, 0, 0, 0, 0, 15, 10, 0, 0, 0, 0, 15, 0, 0, 15, 0, 0, 15, 0, 19, 0, 0, 0, 0, 0, 0, 0, 0, 0, 15, 0, 0, 0, 0, 0, : 15, 14, 16, 15, 15, 15, 15, 7, 16, 1, 15, 15, 15, 19, 17, 30, 4, 17, 15, 1, 2, 21, 10, 20, 15, 15, 15, 15, 15, 15, 5, 18, 15, 15, 16, 15, 17, 15, 8, 15, 21, 15, 15, 15, 15, 15, 15, 17, 8, 15, 10, 15, 15, 10, 15, 15, 15, 19, 15, 
90: 15, 0, 0, 0, 15, 15, 0, 0, 24, 0, 15, 15, 0, 15, 0, 0, 22, 0, 0, 15, 0, 0, 18, 0, 0, 0, 0, 15, 15, 0, 0, 15, 15, 0, 0, 18, 10, 0, 15, 0, 6, 0, 0, 0, 19, 0, 0, 15, 0, 0, 0, 0, 15, 15, 0, 0, 15, 15, 0, 0, 0, 0, 0, 0, 16, 0, 0, 0, 0, 0, 0, 0, 3, 15, 15, 15, 0, 0, 15, 0, 15, 0, 0, 0, 0, 0, 19, 0, 0, 16, 0, 0, 15, 15, 0, 0, 0, 0, 0, 0, 15, 0, 0, 0, 0, 0, 0, 0, 0, 0, 0, 15, 0, 15, 0, 0, 0, 15, 0, 0, 0, 16, 0, 2, 0, 0, 0, 0, 0, 10, 15, 15, 0, 15, 0, 0, 0, 0, 0, 0, 0, 21, 0, 0, 0, 0, 0, 0, 0, 0, 0, 0, 15, 0, 0, 17, 0, 0, 0, 17, 0, 15, 0, 0, 15, 0, 0, 4, 0, 0, 0, 0, 0, 0, 0, 0, 0, 0, 15, 0, 0, 0, 20, 0, 0, 18, 15, 16, 0, 0, 15, 0, 17, 5, 0, 0, 4, 0, 0, 0, : 15, 15, 15, 24, 15, 15, 15, 22, 15, 18, 15, 15, 15, 15, 18, 10, 15, 6, 19, 15, 15, 15, 15, 15, 16, 3, 15, 15, 15, 15, 15, 19, 16, 15, 15, 15, 15, 15, 15, 16, 2, 10, 15, 15, 15, 21, 15, 17, 17, 15, 15, 4, 15, 20, 18, 15, 16, 15, 17, 5, 4, 
77: 0, 0, 0, 0, 0, 0, 0, 0, 0, 16, 0, 0, 0, 0, 0, 0, 15, 17, 10, 15, 0, 0, 16, 0, 0, 15, 4, 8, 0, 0, 0, 0, 0, 0, 0, 18, 0, 0, 15, 15, 0, 0, 0, 0, 15, 15, 18, 0, 15, 17, 0, 34, 0, 0, 29, 0, 8, 15, 0, 0, 0, 0, 15, 15, 0, 0, 29, 26, 15, 0, 15, 10, 0, 0, 0, 17, 0, 0, 0, 0, 0, 15, 0, 16, 0, 15, 0, 0, 0, 15, 5, 0, 18, 0, 0, 16, 0, 0, 0, 0, 15, 0, 23, 0, 0, 0, 0, 0, 0, 0, 10, 17, 15, 0, 0, 0, 15, 0, 17, 4, 0, 15, 0, 0, 0, 0, 0, 17, 1, 15, 15, 0, 23, 0, 0, 0, 15, 0, 0, 3, 0, 0, 0, 0, 0, 16, 0, 15, 0, 15, 15, 9, 0, 16, 15, 0, 0, 0, 0, 17, 0, 0, 0, 15, 3, 0, 0, 0, 0, 0, 0, 28, 0, 0, 0, 0, 18, 0, 17, 0, 15, 0, 0, 15, 0, 9, 0, 0, 15, 15, 0, 0, 0, 16, 20, 0, 16, 0, 0, 15, : 16, 15, 17, 10, 15, 16, 15, 4, 8, 18, 15, 15, 15, 15, 18, 15, 17, 34, 29, 8, 15, 15, 15, 29, 26, 15, 15, 10, 17, 15, 16, 15, 15, 5, 18, 16, 15, 23, 10, 17, 15, 15, 17, 4, 15, 17, 1, 15, 15, 23, 15, 3, 16, 15, 15, 15, 9, 16, 15, 17, 15, 3, 28, 18, 17, 15, 15, 9, 15, 15, 16, 20, 16, 15, 
86: 21, 0, 0, 15, 26, 0, 0, 15, 15, 15, 0, 15, 18, 0, 0, 0, 0, 0, 0, 28, 0, 0, 20, 0, 0, 0, 0, 0, 0, 0, 0, 0, 15, 0, 6, 0, 0, 15, 7, 0, 15, 15, 0, 0, 0, 0, 0, 0, 0, 0, 15, 19, 0, 15, 0, 0, 15, 0, 0, 0, 0, 0, 18, 0, 0, 0, 0, 0, 0, 0, 0, 0, 0, 0, 15, 16, 0, 0, 0, 8, 0, 0, 15, 0, 0, 0, 0, 16, 15, 0, 34, 0, 0, 0, 0, 15, 0, 0, 0, 0, 0, 22, 22, 16, 2, 20, 0, 15, 15, 0, 0, 0, 0, 0, 0, 0, 0, 8, 15, 0, 0, 0, 0, 16, 15, 0, 16, 15, 20, 0, 22, 0, 0, 0, 0, 17, 0, 24, 0, 19, 0, 0, 0, 4, 0, 0, 15, 15, 0, 0, 19, 16, 0, 0, 15, 0, 0, 15, 0, 0, 15, 5, 0, 0, 0, 15, 0, 0, 0, 15, 0, 15, 16, 0, 15, 17, 4, 0, 0, 0, 0, 0, 0, 18, 0, 0, 0, 0, 15, 0, 15, 0, 0, 0, 15, 0, 0, 15, 0, 0, : 21, 15, 26, 15, 15, 15, 15, 18, 28, 20, 15, 6, 15, 7, 15, 15, 15, 19, 15, 15, 18, 15, 16, 8, 15, 16, 15, 34, 15, 22, 22, 16, 2, 20, 15, 15, 8, 15, 16, 15, 16, 15, 20, 22, 17, 24, 19, 4, 15, 15, 19, 16, 15, 15, 15, 5, 15, 15, 15, 16, 15, 17, 4, 18, 15, 15, 15, 15, 
23: 0, 0, 0, 0, 0, 0, 0, 0, 0, 0, 0, 0, 0, 0, 0, 0, 0, 15, 0, 15, 0, 0, 0, 18, 0, 0, 0, 15, 0, 0, 0, 0, 19, 11, 0, 0, 15, 0, 0, 15, 0, 0, 0, 0, 0, 0, 0, 15, 0, 15, 0, 0, 24, 0, 0, 26, 0, 0, 24, 0, 15, 2, 0, 0, 0, 0, 0, 0, 0, 0, 15, 0, 16, 0, 0, 0, 0, 13, 19, 0, 0, 0, 0, 18, 0, 15, 0, 0, 4, 24, 0, 15, 1, 0, 19, 0, 15, 15, 0, 15, 15, 0, 10, 0, 0, 16, 35, 0, 0, 0, 0, 0, 0, 0, 0, 15, 0, 0, 0, 16, 0, 15, 0, 16, 15, 0, 19, 15, 15, 0, 0, 0, 17, 0, 0, 15, 0, 0, 0, 17, 0, 15, 18, 0, 0, 34, 0, 15, 0, 15, 0, 15, 15, 0, 0, 0, 15, 15, 0, 0, 0, 15, 0, 0, 0, 9, 0, 16, 0, 0, 0, 0, 0, 0, 0, 15, 15, 15, 0, 0, 0, 0, 0, 0, 0, 0, 0, 2, 0, 0, 0, 0, 22, 0, 0, 0, 15, 15, 0, 0, : 15, 15, 18, 15, 19, 11, 15, 15, 15, 15, 24, 26, 24, 15, 2, 15, 16, 13, 19, 18, 15, 4, 24, 15, 1, 19, 15, 15, 15, 15, 10, 16, 35, 15, 16, 15, 16, 15, 19, 15, 15, 17, 15, 17, 15, 18, 34, 15, 15, 15, 15, 15, 15, 15, 9, 16, 15, 15, 15, 2, 22, 15, 15, 
47: 15, 0, 0, 0, 15, 0, 0, 0, 0, 0, 15, 3, 20, 0, 0, 0, 0, 0, 0, 0, 15, 0, 0, 15, 15, 0, 0, 15, 16, 0, 15, 0, 0, 0, 0, 0, 0, 16, 0, 15, 0, 0, 15, 16, 0, 0, 0, 0, 0, 15, 16, 0, 0, 0, 15, 0, 0, 0, 0, 15, 15, 15, 0, 0, 15, 0, 15, 0, 13, 15, 0, 0, 0, 15, 0, 0, 0, 15, 0, 0, 15, 15, 0, 0, 16, 0, 0, 15, 17, 15, 0, 15, 17, 15, 15, 15, 0, 15, 0, 0, 0, 16, 15, 0, 0, 0, 0, 0, 0, 20, 15, 0, 0, 15, 25, 0, 15, 0, 0, 0, 0, 0, 0, 0, 15, 28, 15, 0, 0, 0, 0, 15, 0, 0, 15, 0, 0, 0, 0, 0, 0, 0, 0, 15, 15, 16, 0, 0, 0, 15, 17, 0, 0, 0, 15, 0, 0, 0, 23, 0, 15, 0, 0, 15, 15, 15, 15, 0, 21, 15, 0, 0, 17, 0, 15, 15, 0, 0, 15, 13, 0, 13, 0, 0, 0, 15, 1, 0, 0, 0, 0, 15, 0, 18, 15, 15, 15, 15, 0, 1, : 15, 15, 15, 3, 20, 15, 15, 15, 15, 16, 15, 16, 15, 15, 16, 15, 16, 15, 15, 15, 15, 15, 15, 13, 15, 15, 15, 15, 15, 16, 15, 17, 15, 15, 17, 15, 15, 15, 15, 16, 15, 20, 15, 15, 25, 15, 15, 28, 15, 15, 15, 15, 15, 16, 15, 17, 15, 23, 15, 15, 15, 15, 15, 21, 15, 17, 15, 15, 15, 13, 13, 15, 1, 15, 18, 15, 15, 15, 15, 1, 
53: 0, 15, 0, 0, 0, 0, 15, 14, 0, 17, 0, 0, 16, 15, 0, 17, 20, 0, 15, 0, 15, 0, 0, 0, 15, 16, 16, 15, 0, 0, 15, 0, 21, 17, 15, 0, 0, 0, 0, 0, 0, 0, 18, 15, 0, 12, 0, 0, 7, 22, 0, 0, 0, 8, 0, 0, 0, 0, 22, 0, 0, 0, 0, 15, 0, 0, 13, 0, 16, 0, 15, 25, 0, 0, 0, 18, 0, 0, 0, 0, 0, 15, 0, 20, 0, 15, 0, 0, 0, 0, 0, 0, 0, 0, 0, 1, 16, 0, 0, 0, 0, 17, 0, 19, 0, 0, 0, 15, 0, 25, 0, 8, 0, 0, 26, 15, 15, 0, 0, 0, 0, 0, 15, 15, 15, 17, 0, 16, 0, 0, 11, 0, 0, 0, 0, 15, 15, 0, 13, 0, 0, 0, 0, 0, 17, 0, 0, 0, 0, 15, 16, 15, 19, 15, 0, 0, 0, 0, 0, 0, 0, 0, 0, 2, 15, 0, 0, 0, 15, 0, 15, 0, 0, 0, 17, 0, 0, 0, 15, 0, 0, 23, 0, 0, 0, 0, 0, 0, 0, 19, 6, 11, 0, 0, 0, 0, 0, 0, 0, 0, : 15, 15, 14, 17, 16, 15, 17, 20, 15, 15, 15, 16, 16, 15, 15, 21, 17, 15, 18, 15, 12, 7, 22, 8, 22, 15, 13, 16, 15, 25, 18, 15, 20, 15, 1, 16, 17, 19, 15, 25, 8, 26, 15, 15, 15, 15, 15, 17, 16, 11, 15, 15, 13, 17, 15, 16, 15, 19, 15, 2, 15, 15, 15, 17, 15, 23, 19, 6, 11, 
65: 0, 0, 0, 0, 0, 17, 0, 0, 0, 15, 15, 0, 0, 0, 18, 0, 0, 0, 0, 0, 0, 15, 0, 0, 0, 0, 0, 0, 15, 0, 31, 18, 0, 0, 0, 18, 0, 0, 15, 8, 0, 0, 15, 0, 0, 0, 0, 0, 0, 0, 0, 0, 15, 0, 0, 0, 0, 0, 0, 18, 0, 0, 15, 15, 0, 0, 0, 0, 0, 15, 0, 0, 0, 15, 0, 0, 20, 20, 0, 0, 0, 0, 0, 0, 0, 0, 0, 0, 0, 0, 0, 0, 0, 0, 0, 0, 0, 0, 0, 0, 15, 15, 0, 0, 0, 15, 29, 7, 0, 0, 0, 0, 0, 6, 0, 16, 0, 0, 15, 18, 20, 6, 0, 0, 0, 4, 0, 7, 15, 15, 0, 16, 0, 16, 18, 0, 0, 15, 16, 15, 0, 0, 0, 19, 6, 0, 0, 0, 0, 0, 17, 0, 0, 19, 28, 0, 15, 0, 0, 15, 0, 0, 15, 0, 15, 0, 0, 0, 0, 15, 0, 0, 0, 0, 0, 0, 0, 15, 15, 0, 20, 15, 0, 0, 15, 24, 15, 21, 0, 0, 0, 16, 0, 0, 5, 20, 0, 0, 0, 15, : 17, 15, 15, 18, 15, 15, 31, 18, 18, 15, 8, 15, 15, 18, 15, 15, 15, 15, 20, 20, 15, 15, 15, 29, 7, 6, 16, 15, 18, 20, 6, 4, 7, 15, 15, 16, 16, 18, 15, 16, 15, 19, 6, 17, 19, 28, 15, 15, 15, 15, 15, 15, 15, 20, 15, 15, 24, 15, 21, 16, 5, 20, 15, 


30: 16, 0, 0, 15, 0, 0, 15, 0, 17, 13, 22, 0, 0, 0, 0, 0, 0, 0, 0, 0, 16, 0, 0, 0, 0, 0, 0, 0, 0, 0, 15, 0, 0, 0, 0, 15, 15, 0, 0, 23, 0, 0, 0, 0, 9, 0, 0, 0, 16, 0, 15, 0, 0, 4, 0, 0, 0, 0, 0, 0, 0, 0, 0, 0, 15, 0, 0, 0, 0, 0, 0, 0, 17, 0, 0, 15, 0, 0, 0, 16, 0, 0, 0, 0, 0, 0, 0, 18, 0, 25, 0, 15, 0, 0, 0, 15, 0, 0, 0, 0, 0, 0, 0, 0, 0, 17, 17, 0, 17, 0, 16, 0, 17, 16, 0, 0, 0, 0, 16, 0, 0, 0, 0, 0, 0, 0, 0, 15, 0, 0, 0, 0, 11, 0, 0, 0, 0, 0, 17, 0, 15, 22, 0, 0, 0, 0, 16, 0, 0, 0, 0, 0, 15, 0, 0, 15, 0, 15, 0, 0, 0, 19, 0, 0, 0, 0, 0, 15, 15, 0, 0, 0, 15, 13, 15, 0, 15, 16, 0, 0, 0, 0, 27, 0, 0, 17, 0, 15, 15, 0, 0, 15, 0, 17, 0, 0, 0, 0, 0, 0, : 16, 15, 15, 17, 13, 22, 16, 15, 15, 15, 23, 9, 16, 15, 4, 15, 17, 15, 16, 18, 25, 15, 15, 17, 17, 17, 16, 17, 16, 16, 15, 11, 17, 15, 22, 16, 15, 15, 15, 19, 15, 15, 15, 13, 15, 15, 16, 27, 17, 15, 15, 15, 17, 
98: 17, 15, 15, 15, 0, 0, 20, 15, 0, 15, 0, 0, 15, 0, 0, 28, 14, 0, 0, 0, 0, 0, 0, 0, 18, 0, 0, 0, 16, 0, 0, 0, 0, 16, 0, 0, 22, 0, 0, 0, 0, 0, 0, 0, 15, 0, 0, 15, 15, 15, 0, 0, 0, 0, 0, 0, 0, 0, 0, 0, 15, 0, 0, 0, 19, 21, 0, 0, 0, 0, 0, 17, 0, 0, 0, 19, 0, 15, 21, 0, 0, 0, 0, 15, 0, 0, 0, 0, 0, 15, 0, 15, 22, 0, 0, 0, 0, 0, 19, 7, 0, 0, 0, 0, 0, 22, 0, 0, 0, 0, 0, 0, 0, 0, 0, 0, 0, 15, 0, 18, 6, 0, 0, 0, 15, 0, 15, 0, 32, 0, 15, 0, 15, 15, 24, 0, 0, 0, 0, 0, 16, 0, 20, 15, 18, 0, 9, 5, 0, 0, 0, 15, 24, 7, 0, 15, 0, 15, 0, 15, 15, 0, 0, 0, 15, 0, 0, 0, 0, 0, 15, 9, 0, 0, 0, 0, 16, 15, 0, 0, 0, 0, 0, 0, 15, 16, 15, 0, 0, 0, 0, 0, 15, 0, 4, 0, 0, 0, 0, 0, : 17, 15, 15, 15, 20, 15, 15, 15, 28, 14, 18, 16, 16, 22, 15, 15, 15, 15, 15, 19, 21, 17, 19, 15, 21, 15, 15, 15, 22, 19, 7, 22, 15, 18, 6, 15, 15, 32, 15, 15, 15, 24, 16, 20, 15, 18, 9, 5, 15, 24, 7, 15, 15, 15, 15, 15, 15, 9, 16, 15, 15, 16, 15, 15, 4, 
88: 0, 0, 0, 0, 0, 0, 0, 0, 8, 0, 0, 5, 0, 20, 0, 15, 0, 0, 0, 0, 0, 16, 0, 0, 0, 15, 0, 18, 0, 16, 13, 26, 15, 0, 0, 15, 0, 15, 15, 0, 0, 0, 0, 15, 15, 15, 0, 0, 0, 16, 0, 0, 0, 0, 0, 0, 0, 0, 0, 0, 15, 0, 0, 8, 0, 0, 0, 18, 0, 15, 0, 0, 8, 0, 0, 4, 0, 0, 15, 0, 0, 10, 0, 0, 0, 0, 0, 15, 0, 14, 0, 0, 15, 0, 0, 0, 0, 0, 0, 16, 0, 29, 0, 0, 0, 0, 15, 0, 0, 15, 0, 0, 0, 0, 16, 15, 0, 0, 0, 16, 0, 0, 2, 0, 18, 15, 15, 15, 0, 15, 0, 16, 0, 15, 12, 0, 0, 0, 0, 15, 5, 0, 0, 0, 0, 0, 0, 15, 3, 15, 22, 15, 0, 0, 15, 0, 15, 1, 15, 0, 0, 0, 17, 16, 0, 0, 0, 0, 0, 0, 0, 0, 16, 15, 29, 0, 15, 0, 0, 0, 15, 0, 0, 0, 12, 0, 0, 0, 24, 0, 15, 0, 6, 0, 15, 0, 5, 15, 16, 15, : 8, 5, 20, 15, 16, 15, 18, 16, 13, 26, 15, 15, 15, 15, 15, 15, 15, 16, 15, 8, 18, 15, 8, 4, 15, 10, 15, 14, 15, 16, 29, 15, 15, 16, 15, 16, 2, 18, 15, 15, 15, 15, 16, 15, 12, 15, 5, 15, 3, 15, 22, 15, 15, 15, 1, 15, 17, 16, 16, 15, 29, 15, 15, 12, 24, 15, 6, 15, 5, 15, 16, 15, 
18: 15, 14, 0, 15, 0, 0, 15, 11, 0, 15, 17, 15, 15, 15, 0, 0, 15, 0, 0, 15, 15, 0, 0, 0, 0, 0, 0, 0, 15, 0, 26, 0, 15, 0, 0, 0, 0, 0, 0, 15, 15, 4, 15, 0, 0, 15, 0, 0, 0, 0, 0, 0, 0, 33, 34, 0, 0, 0, 16, 0, 15, 15, 0, 0, 5, 0, 15, 15, 22, 0, 0, 0, 0, 0, 0, 15, 0, 0, 16, 0, 0, 0, 15, 0, 0, 0, 0, 0, 0, 0, 0, 0, 0, 0, 30, 0, 0, 0, 0, 0, 0, 0, 19, 0, 0, 0, 0, 0, 0, 1, 15, 0, 0, 20, 0, 0, 0, 0, 0, 0, 0, 15, 0, 15, 0, 0, 16, 0, 22, 0, 0, 17, 0, 15, 15, 15, 0, 0, 0, 0, 18, 15, 15, 16, 0, 16, 15, 0, 30, 0, 23, 0, 0, 0, 17, 0, 0, 0, 0, 0, 0, 0, 16, 0, 15, 18, 0, 0, 0, 15, 15, 0, 0, 0, 15, 0, 0, 15, 0, 15, 15, 15, 0, 15, 0, 0, 0, 0, 0, 4, 0, 0, 16, 0, 0, 15, 0, 0, 0, 0, : 15, 14, 15, 15, 11, 15, 17, 15, 15, 15, 15, 15, 15, 15, 26, 15, 15, 15, 4, 15, 15, 33, 34, 16, 15, 15, 5, 15, 15, 22, 15, 16, 15, 30, 19, 1, 15, 20, 15, 15, 16, 22, 17, 15, 15, 15, 18, 15, 15, 16, 16, 15, 30, 23, 17, 16, 15, 18, 15, 15, 15, 15, 15, 15, 15, 15, 4, 16, 15, 
3: 0, 0, 5, 15, 0, 0, 0, 0, 0, 0, 16, 15, 0, 15, 0, 15, 0, 18, 0, 0, 22, 15, 10, 0, 0, 0, 0, 0, 0, 0, 0, 0, 0, 0, 0, 0, 0, 0, 15, 0, 0, 0, 0, 15, 0, 16, 0, 0, 0, 0, 0, 0, 0, 0, 0, 15, 19, 29, 15, 0, 0, 0, 0, 0, 0, 15, 0, 15, 0, 0, 0, 0, 15, 0, 15, 0, 17, 17, 0, 0, 15, 16, 0, 0, 0, 0, 0, 15, 0, 0, 0, 0, 0, 18, 0, 21, 0, 7, 15, 17, 0, 17, 0, 0, 15, 15, 0, 0, 0, 0, 0, 0, 0, 0, 15, 0, 17, 0, 0, 0, 0, 0, 15, 8, 0, 20, 24, 0, 0, 15, 18, 0, 15, 15, 0, 0, 0, 16, 0, 0, 0, 15, 0, 0, 0, 23, 0, 15, 0, 0, 0, 24, 0, 27, 15, 0, 0, 0, 0, 0, 0, 19, 0, 19, 0, 0, 0, 0, 0, 0, 0, 0, 0, 0, 15, 0, 15, 0, 0, 19, 0, 0, 0, 0, 0, 18, 0, 0, 15, 0, 0, 0, 0, 0, 0, 0, 0, 0, 0, 19, : 5, 15, 16, 15, 15, 15, 18, 22, 15, 10, 15, 15, 16, 15, 19, 29, 15, 15, 15, 15, 15, 17, 17, 15, 16, 15, 18, 21, 7, 15, 17, 17, 15, 15, 15, 17, 15, 8, 20, 24, 15, 18, 15, 15, 16, 15, 23, 15, 24, 27, 15, 19, 19, 15, 15, 19, 18, 15, 19, 
70: 5, 0, 0, 0, 15, 15, 0, 0, 0, 24, 0, 0, 0, 0, 0, 0, 0, 0, 0, 10, 0, 15, 15, 0, 0, 0, 0, 18, 0, 20, 0, 0, 0, 0, 0, 0, 0, 0, 0, 0, 0, 15, 16, 0, 15, 0, 15, 0, 0, 15, 0, 16, 0, 0, 0, 26, 0, 30, 0, 0, 15, 15, 0, 0, 0, 0, 0, 0, 15, 0, 0, 2, 0, 0, 4, 15, 0, 26, 0, 15, 0, 0, 0, 16, 0, 0, 0, 0, 0, 16, 0, 0, 16, 0, 0, 0, 36, 0, 0, 15, 15, 19, 25, 21, 16, 0, 0, 0, 15, 0, 0, 0, 0, 32, 21, 0, 0, 0, 15, 15, 0, 0, 15, 16, 15, 20, 15, 16, 0, 0, 17, 0, 0, 0, 0, 0, 7, 0, 4, 0, 0, 0, 0, 8, 15, 0, 0, 15, 0, 15, 0, 0, 19, 0, 0, 15, 0, 21, 0, 0, 0, 0, 7, 0, 0, 0, 15, 0, 30, 0, 7, 16, 0, 0, 0, 0, 17, 0, 15, 0, 0, 0, 15, 0, 23, 0, 0, 6, 18, 0, 15, 0, 0, 15, 0, 15, 15, 15, 17, 0, : 5, 15, 15, 24, 10, 15, 15, 18, 20, 15, 16, 15, 15, 15, 16, 26, 30, 15, 15, 15, 2, 4, 15, 26, 15, 16, 16, 16, 36, 15, 15, 19, 25, 21, 16, 15, 32, 21, 15, 15, 15, 16, 15, 20, 15, 16, 17, 7, 4, 8, 15, 15, 15, 19, 15, 21, 7, 15, 30, 7, 16, 17, 15, 15, 23, 6, 18, 15, 15, 15, 15, 15, 17, 
63: 0, 0, 0, 15, 0, 15, 0, 0, 0, 0, 0, 0, 0, 0, 16, 0, 15, 0, 16, 0, 0, 0, 0, 15, 0, 0, 0, 0, 15, 0, 0, 0, 15, 0, 15, 24, 16, 0, 0, 16, 15, 15, 0, 0, 0, 0, 23, 15, 0, 15, 0, 0, 0, 0, 0, 0, 0, 0, 0, 15, 0, 1, 0, 0, 0, 0, 0, 0, 14, 0, 0, 0, 15, 16, 0, 0, 0, 15, 0, 0, 15, 0, 4, 0, 18, 15, 15, 0, 17, 15, 15, 15, 0, 0, 0, 15, 0, 0, 15, 0, 0, 0, 15, 7, 15, 0, 0, 0, 0, 0, 0, 15, 0, 0, 0, 16, 0, 15, 15, 0, 0, 0, 0, 15, 0, 0, 0, 8, 0, 0, 0, 0, 0, 0, 0, 0, 25, 0, 16, 15, 16, 16, 0, 15, 16, 0, 15, 0, 0, 16, 0, 11, 12, 0, 0, 18, 0, 0, 0, 0, 0, 0, 15, 15, 0, 15, 10, 0, 0, 10, 0, 0, 0, 0, 0, 0, 0, 15, 1, 0, 0, 0, 0, 15, 0, 2, 0, 0, 0, 0, 0, 15, 15, 16, 0, 0, 17, 15, 0, 0, : 15, 15, 16, 15, 16, 15, 15, 15, 15, 24, 16, 16, 15, 15, 23, 15, 15, 15, 1, 14, 15, 16, 15, 15, 4, 18, 15, 15, 17, 15, 15, 15, 15, 15, 15, 7, 15, 15, 16, 15, 15, 15, 8, 25, 16, 15, 16, 16, 15, 16, 15, 16, 11, 12, 18, 15, 15, 15, 10, 10, 15, 1, 15, 2, 15, 15, 16, 17, 15, 
48: 0, 0, 0, 15, 0, 16, 0, 15, 15, 0, 14, 0, 0, 0, 0, 15, 22, 0, 18, 0, 0, 9, 0, 20, 0, 15, 7, 15, 0, 0, 15, 15, 0, 0, 19, 0, 0, 0, 0, 0, 0, 0, 16, 0, 0, 0, 0, 0, 7, 0, 0, 0, 0, 0, 3, 0, 0, 8, 17, 0, 10, 0, 16, 0, 0, 0, 0, 19, 17, 0, 0, 0, 0, 16, 15, 0, 15, 0, 0, 21, 0, 0, 0, 0, 0, 0, 0, 19, 15, 0, 0, 15, 0, 0, 0, 0, 0, 15, 0, 15, 0, 0, 0, 0, 0, 0, 0, 0, 5, 0, 0, 0, 0, 0, 0, 0, 17, 19, 0, 0, 15, 0, 16, 0, 15, 0, 0, 0, 0, 0, 0, 15, 0, 0, 0, 7, 0, 0, 0, 0, 0, 0, 0, 0, 0, 0, 0, 0, 0, 11, 0, 0, 0, 17, 0, 0, 15, 0, 0, 0, 0, 0, 15, 19, 7, 0, 0, 0, 17, 0, 17, 0, 0, 0, 0, 0, 0, 0, 0, 0, 0, 0, 0, 12, 0, 0, 0, 0, 0, 0, 0, 0, 0, 0, 0, 0, 0, 0, 22, 0, : 15, 16, 15, 15, 14, 15, 22, 18, 9, 20, 15, 7, 15, 15, 15, 19, 16, 7, 3, 8, 17, 10, 16, 19, 17, 16, 15, 15, 21, 19, 15, 15, 15, 15, 5, 17, 19, 15, 16, 15, 15, 7, 11, 17, 15, 15, 19, 7, 17, 17, 12, 22, 
33: 0, 15, 0, 0, 15, 15, 26, 0, 15, 0, 0, 0, 0, 15, 0, 0, 0, 0, 15, 15, 15, 0, 0, 0, 0, 15, 0, 0, 0, 0, 0, 0, 0, 0, 15, 0, 0, 33, 9, 15, 19, 0, 0, 0, 15, 0, 0, 0, 0, 0, 21, 22, 0, 0, 0, 0, 0, 0, 0, 15, 15, 15, 0, 15, 0, 21, 15, 0, 0, 15, 15, 16, 0, 0, 0, 0, 0, 0, 0, 0, 0, 0, 15, 0, 17, 0, 0, 15, 0, 0, 11, 0, 0, 0, 0, 0, 0, 17, 15, 0, 0, 0, 19, 0, 0, 0, 0, 0, 15, 0, 0, 0, 0, 15, 0, 0, 0, 0, 0, 15, 0, 17, 0, 0, 0, 0, 0, 0, 0, 0, 14, 15, 0, 0, 15, 0, 0, 18, 17, 0, 0, 0, 15, 0, 0, 0, 0, 0, 0, 0, 0, 20, 15, 15, 16, 0, 15, 0, 0, 0, 12, 31, 0, 0, 15, 0, 0, 17, 0, 0, 15, 0, 15, 0, 0, 0, 0, 0, 0, 0, 0, 0, 0, 0, 0, 0, 0, 18, 0, 0, 0, 15, 0, 0, 15, 0, 15, 0, 0, 0, : 15, 15, 15, 26, 15, 15, 15, 15, 15, 15, 15, 33, 9, 15, 19, 15, 21, 22, 15, 15, 15, 15, 21, 15, 15, 15, 16, 15, 17, 15, 11, 17, 15, 19, 15, 15, 15, 17, 14, 15, 15, 18, 17, 15, 20, 15, 15, 16, 15, 12, 31, 15, 17, 15, 15, 18, 15, 15, 15, 
43: 15, 0, 15, 0, 0, 0, 0, 0, 0, 0, 0, 0, 15, 0, 0, 0, 0, 18, 0, 0, 0, 0, 15, 0, 0, 15, 15, 0, 0, 0, 0, 0, 0, 23, 0, 23, 0, 19, 15, 0, 0, 15, 0, 17, 0, 0, 15, 0, 0, 0, 17, 15, 16, 0, 0, 0, 15, 0, 0, 0, 0, 0, 0, 15, 0, 0, 0, 18, 0, 15, 0, 0, 0, 0, 0, 0, 15, 0, 0, 0, 15, 0, 18, 0, 0, 15, 0, 3, 0, 0, 21, 0, 6, 0, 16, 16, 0, 15, 0, 0, 0, 0, 0, 18, 0, 0, 16, 0, 0, 0, 18, 18, 0, 0, 0, 15, 0, 0, 0, 0, 0, 0, 0, 0, 0, 0, 0, 0, 15, 15, 0, 0, 0, 0, 0, 15, 0, 19, 0, 0, 0, 15, 0, 15, 15, 0, 15, 15, 0, 0, 0, 0, 0, 0, 15, 0, 0, 0, 16, 0, 0, 23, 0, 0, 0, 15, 15, 15, 0, 0, 0, 15, 15, 0, 15, 0, 0, 0, 0, 16, 21, 16, 0, 15, 0, 0, 0, 0, 0, 20, 0, 15, 0, 0, 15, 0, 0, 0, 0, 0, : 15, 15, 15, 18, 15, 15, 15, 23, 23, 19, 15, 15, 17, 15, 17, 15, 16, 15, 15, 18, 15, 15, 15, 18, 15, 3, 21, 6, 16, 16, 15, 18, 16, 18, 18, 15, 15, 15, 15, 19, 15, 15, 15, 15, 15, 15, 16, 23, 15, 15, 15, 15, 15, 15, 16, 21, 16, 15, 20, 15, 15, 
37: 0, 0, 0, 0, 0, 0, 0, 0, 0, 0, 0, 15, 0, 0, 15, 0, 0, 0, 16, 0, 0, 0, 0, 15, 0, 0, 18, 0, 0, 15, 0, 0, 15, 15, 0, 8, 0, 0, 15, 0, 0, 0, 0, 0, 0, 0, 15, 0, 0, 0, 0, 0, 15, 27, 0, 0, 15, 0, 0, 17, 0, 15, 18, 15, 0, 0, 0, 0, 0, 0, 0, 16, 0, 0, 15, 0, 15, 0, 0, 0, 15, 15, 0, 0, 15, 0, 14, 0, 0, 0, 0, 0, 26, 15, 0, 0, 18, 0, 0, 0, 15, 15, 0, 20, 0, 15, 15, 0, 0, 31, 15, 0, 13, 0, 0, 0, 0, 14, 15, 0, 0, 0, 0, 0, 0, 15, 0, 16, 0, 15, 0, 0, 0, 18, 0, 0, 0, 0, 0, 16, 0, 0, 0, 0, 0, 0, 0, 0, 22, 0, 0, 0, 0, 0, 0, 0, 15, 0, 0, 15, 0, 0, 15, 0, 18, 0, 15, 0, 18, 15, 0, 0, 0, 15, 0, 17, 19, 7, 0, 16, 13, 15, 16, 0, 0, 15, 15, 0, 0, 0, 16, 0, 0, 0, 0, 23, 15, 0, 0, 15, : 15, 15, 16, 15, 18, 15, 15, 15, 8, 15, 15, 15, 27, 15, 17, 15, 18, 15, 16, 15, 15, 15, 15, 15, 14, 26, 15, 18, 15, 15, 20, 15, 15, 31, 15, 13, 14, 15, 15, 16, 15, 18, 16, 22, 15, 15, 15, 18, 15, 18, 15, 15, 17, 19, 7, 16, 13, 15, 16, 15, 15, 16, 23, 15, 15, 
57: 0, 15, 15, 0, 15, 0, 0, 27, 0, 18, 0, 0, 0, 0, 16, 8, 0, 18, 0, 15, 6, 15, 0, 0, 0, 0, 0, 4, 0, 15, 0, 12, 0, 1, 15, 15, 15, 15, 0, 0, 0, 0, 0, 15, 0, 0, 0, 0, 0, 0, 0, 1, 15, 0, 15, 15, 0, 0, 0, 0, 0, 0, 15, 0, 0, 0, 0, 0, 0, 0, 15, 0, 0, 0, 0, 16, 0, 0, 18, 0, 15, 0, 0, 7, 0, 0, 15, 0, 15, 0, 0, 9, 0, 14, 0, 0, 0, 15, 0, 0, 15, 0, 0, 15, 6, 0, 15, 6, 0, 0, 15, 0, 15, 0, 15, 17, 0, 0, 0, 0, 0, 0, 18, 0, 15, 0, 0, 0, 0, 10, 0, 0, 18, 0, 0, 18, 15, 17, 0, 0, 15, 0, 0, 16, 0, 15, 15, 15, 0, 0, 0, 0, 0, 0, 15, 15, 8, 15, 0, 22, 0, 0, 0, 15, 0, 14, 0, 16, 0, 0, 16, 0, 0, 0, 0, 19, 0, 0, 0, 0, 0, 15, 0, 0, 0, 0, 0, 0, 0, 0, 0, 0, 0, 15, 0, 0, 18, 0, 0, 15, : 15, 15, 15, 27, 18, 16, 8, 18, 15, 6, 15, 4, 15, 12, 1, 15, 15, 15, 15, 15, 1, 15, 15, 15, 15, 15, 16, 18, 15, 7, 15, 15, 9, 14, 15, 15, 15, 6, 15, 6, 15, 15, 15, 17, 18, 15, 10, 18, 18, 15, 17, 15, 16, 15, 15, 15, 15, 15, 8, 15, 22, 15, 14, 16, 16, 19, 15, 15, 18, 15, 
87: 15, 0, 0, 10, 10, 0, 15, 0, 0, 15, 0, 0, 0, 0, 0, 0, 34, 0, 0, 0, 26, 0, 0, 0, 15, 0, 15, 0, 0, 17, 0, 0, 0, 18, 6, 0, 0, 0, 0, 15, 4, 0, 0, 15, 15, 28, 17, 15, 15, 0, 10, 0, 0, 0, 0, 0, 0, 0, 0, 8, 15, 0, 0, 0, 15, 0, 20, 0, 0, 0, 16, 0, 0, 0, 15, 0, 15, 12, 0, 15, 0, 0, 15, 0, 0, 18, 15, 0, 0, 15, 15, 0, 0, 0, 15, 0, 0, 0, 17, 0, 15, 0, 7, 19, 0, 0, 0, 23, 0, 15, 6, 0, 0, 0, 0, 0, 0, 0, 0, 0, 15, 27, 0, 0, 0, 0, 0, 0, 0, 0, 0, 20, 18, 5, 0, 15, 15, 15, 0, 15, 0, 1, 0, 0, 15, 0, 0, 0, 0, 0, 8, 0, 0, 17, 0, 22, 17, 0, 15, 0, 15, 0, 0, 16, 0, 0, 0, 27, 0, 15, 15, 15, 0, 0, 11, 0, 0, 0, 15, 2, 0, 0, 9, 0, 0, 0, 0, 0, 0, 15, 15, 0, 0, 0, 0, 0, 15, 15, 0, 0, : 15, 10, 10, 15, 15, 34, 26, 15, 15, 17, 18, 6, 15, 4, 15, 15, 28, 17, 15, 15, 10, 8, 15, 15, 20, 16, 15, 15, 12, 15, 15, 18, 15, 15, 15, 15, 17, 15, 7, 19, 23, 15, 6, 15, 27, 20, 18, 5, 15, 15, 15, 15, 1, 15, 8, 17, 22, 17, 15, 15, 16, 27, 15, 15, 15, 11, 15, 2, 9, 15, 15, 15, 15, 
41: 0, 0, 0, 0, 0, 15, 0, 0, 21, 0, 0, 0, 15, 0, 8, 0, 0, 0, 0, 15, 0, 0, 15, 0, 11, 15, 0, 0, 0, 0, 15, 15, 0, 0, 15, 0, 15, 0, 0, 0, 0, 0, 0, 8, 0, 0, 0, 0, 17, 0, 0, 16, 7, 0, 0, 0, 0, 0, 7, 0, 0, 0, 0, 0, 0, 0, 15, 0, 0, 15, 0, 15, 0, 0, 0, 0, 8, 0, 0, 0, 10, 16, 0, 15, 15, 15, 0, 0, 0, 0, 23, 0, 0, 17, 15, 16, 15, 0, 0, 0, 0, 0, 0, 0, 0, 16, 0, 0, 32, 0, 0, 0, 17, 0, 0, 15, 0, 0, 21, 0, 16, 0, 0, 0, 0, 0, 0, 15, 16, 0, 0, 2, 0, 0, 0, 15, 0, 0, 0, 15, 0, 0, 0, 0, 15, 0, 15, 0, 0, 0, 17, 15, 0, 0, 0, 0, 0, 18, 8, 0, 15, 0, 0, 0, 0, 0, 0, 0, 5, 0, 0, 0, 13, 15, 0, 15, 0, 0, 0, 16, 0, 9, 0, 0, 15, 0, 16, 0, 0, 15, 0, 0, 15, 4, 21, 0, 0, 15, 0, 16, : 15, 21, 15, 8, 15, 15, 11, 15, 15, 15, 15, 15, 8, 17, 16, 7, 7, 15, 15, 15, 8, 10, 16, 15, 15, 15, 23, 17, 15, 16, 15, 16, 32, 17, 15, 21, 16, 15, 16, 2, 15, 15, 15, 15, 17, 15, 18, 8, 15, 5, 13, 15, 15, 16, 9, 15, 16, 15, 15, 4, 21, 15, 16, 
38: 17, 0, 15, 0, 15, 0, 0, 0, 0, 0, 16, 0, 15, 12, 0, 0, 0, 31, 0, 15, 0, 0, 15, 26, 0, 0, 0, 0, 0, 0, 0, 16, 0, 0, 0, 0, 0, 0, 0, 0, 0, 0, 15, 0, 0, 0, 15, 15, 15, 15, 0, 15, 32, 0, 0, 0, 18, 18, 15, 15, 0, 0, 0, 17, 0, 0, 15, 15, 15, 0, 0, 15, 15, 23, 15, 0, 0, 0, 0, 0, 0, 0, 0, 16, 0, 7, 0, 0, 0, 0, 0, 15, 0, 0, 0, 2, 0, 15, 0, 15, 17, 15, 0, 0, 15, 0, 16, 15, 0, 0, 0, 15, 0, 0, 0, 0, 15, 17, 0, 0, 19, 16, 0, 16, 7, 15, 0, 15, 0, 15, 0, 15, 23, 0, 0, 0, 0, 0, 15, 0, 0, 16, 15, 0, 0, 15, 0, 0, 0, 0, 15, 0, 0, 0, 0, 0, 0, 0, 0, 3, 0, 0, 0, 0, 0, 15, 24, 0, 0, 0, 0, 15, 26, 0, 0, 15, 0, 0, 15, 16, 0, 0, 15, 0, 0, 0, 0, 0, 17, 0, 0, 15, 0, 0, 15, 0, 0, 0, 0, 0, : 17, 15, 15, 16, 15, 12, 31, 15, 15, 26, 16, 15, 15, 15, 15, 15, 15, 32, 18, 18, 15, 15, 17, 15, 15, 15, 15, 15, 23, 15, 16, 7, 15, 2, 15, 15, 17, 15, 15, 16, 15, 15, 15, 17, 19, 16, 16, 7, 15, 15, 15, 15, 23, 15, 16, 15, 15, 15, 3, 15, 24, 15, 26, 15, 15, 16, 15, 17, 15, 15, 
2: 0, 0, 15, 0, 0, 15, 0, 16, 0, 0, 15, 26, 0, 0, 15, 0, 0, 15, 15, 0, 0, 0, 0, 0, 15, 0, 0, 15, 8, 0, 0, 0, 15, 0, 0, 0, 2, 18, 15, 0, 17, 17, 0, 0, 0, 11, 0, 10, 0, 9, 0, 0, 0, 0, 0, 14, 18, 15, 0, 15, 0, 0, 7, 15, 0, 13, 0, 0, 0, 0, 0, 0, 0, 0, 0, 0, 0, 0, 0, 0, 15, 0, 0, 0, 0, 0, 15, 15, 0, 0, 0, 0, 15, 0, 0, 15, 17, 0, 0, 0, 0, 0, 15, 0, 15, 0, 0, 0, 0, 0, 15, 0, 0, 0, 3, 15, 0, 0, 0, 15, 29, 0, 0, 0, 0, 0, 0, 0, 15, 15, 0, 0, 0, 0, 0, 0, 15, 15, 16, 9, 0, 0, 15, 0, 0, 0, 0, 20, 0, 28, 0, 0, 0, 0, 0, 0, 0, 0, 0, 15, 25, 0, 0, 0, 0, 0, 0, 10, 0, 0, 0, 0, 0, 0, 0, 0, 0, 0, 15, 0, 0, 0, 0, 0, 0, 0, 15, 16, 0, 15, 15, 25, 15, 0, 0, 17, 0, 10, 0, 18, : 15, 15, 16, 15, 26, 15, 15, 15, 15, 15, 8, 15, 2, 18, 15, 17, 17, 11, 10, 9, 14, 18, 15, 15, 7, 15, 13, 15, 15, 15, 15, 15, 17, 15, 15, 15, 3, 15, 15, 29, 15, 15, 15, 15, 16, 9, 15, 20, 28, 15, 25, 10, 15, 15, 16, 15, 15, 25, 15, 17, 10, 18, 
8: 0, 0, 0, 0, 0, 0, 0, 0, 0, 0, 0, 0, 15, 0, 15, 0, 0, 0, 0, 0, 0, 0, 15, 0, 26, 20, 0, 0, 15, 0, 0, 16, 0, 0, 0, 0, 15, 0, 0, 0, 15, 19, 0, 0, 0, 15, 0, 0, 15, 0, 0, 0, 15, 20, 0, 0, 0, 0, 0, 0, 0, 0, 28, 0, 0, 0, 0, 0, 0, 15, 7, 0, 15, 16, 0, 0, 0, 15, 0, 18, 0, 25, 0, 15, 15, 15, 0, 0, 15, 0, 0, 0, 0, 0, 0, 0, 0, 0, 16, 0, 15, 0, 0, 0, 0, 0, 0, 18, 0, 0, 0, 1, 22, 0, 15, 0, 0, 0, 18, 0, 0, 0, 0, 0, 15, 0, 0, 0, 0, 0, 16, 0, 0, 0, 0, 0, 0, 0, 0, 0, 15, 0, 0, 0, 0, 15, 0, 0, 15, 15, 15, 0, 0, 0, 0, 0, 15, 0, 15, 15, 0, 8, 0, 0, 15, 0, 21, 0, 15, 15, 0, 15, 0, 27, 0, 15, 3, 15, 15, 0, 21, 0, 18, 0, 16, 0, 15, 0, 0, 15, 9, 0, 0, 15, 0, 15, 0, 15, 5, 0, : 15, 15, 15, 26, 20, 15, 16, 15, 15, 19, 15, 15, 15, 20, 28, 15, 7, 15, 16, 15, 18, 25, 15, 15, 15, 15, 16, 15, 18, 1, 22, 15, 18, 15, 16, 15, 15, 15, 15, 15, 15, 15, 15, 8, 15, 21, 15, 15, 15, 27, 15, 3, 15, 15, 21, 18, 16, 15, 15, 9, 15, 15, 15, 5, 
78: 0, 24, 0, 0, 15, 0, 9, 0, 24, 0, 0, 0, 10, 0, 0, 19, 0, 0, 2, 0, 0, 15, 0, 9, 15, 5, 15, 0, 0, 2, 0, 0, 0, 0, 0, 0, 0, 0, 0, 0, 0, 0, 15, 0, 0, 0, 0, 0, 0, 0, 22, 0, 0, 0, 33, 15, 0, 0, 15, 15, 0, 20, 16, 15, 31, 15, 0, 0, 0, 0, 15, 0, 0, 28, 21, 16, 0, 0, 0, 15, 0, 0, 0, 16, 18, 0, 0, 0, 35, 0, 0, 0, 0, 17, 15, 0, 14, 16, 0, 0, 0, 0, 0, 0, 0, 15, 0, 23, 0, 0, 0, 15, 0, 0, 15, 0, 0, 20, 0, 6, 0, 0, 15, 0, 0, 0, 0, 0, 0, 0, 0, 0, 0, 17, 15, 0, 0, 0, 15, 15, 0, 0, 5, 0, 6, 0, 0, 0, 15, 0, 0, 0, 15, 17, 7, 0, 0, 0, 16, 0, 0, 0, 0, 0, 0, 23, 0, 0, 0, 0, 0, 0, 0, 0, 0, 0, 0, 0, 0, 0, 0, 15, 0, 0, 0, 15, 9, 15, 0, 0, 0, 0, 0, 0, 0, 0, 0, 0, 15, 0, : 24, 15, 9, 24, 10, 19, 2, 15, 9, 15, 5, 15, 2, 15, 22, 33, 15, 15, 15, 20, 16, 15, 31, 15, 15, 28, 21, 16, 15, 16, 18, 35, 17, 15, 14, 16, 15, 23, 15, 15, 20, 6, 15, 17, 15, 15, 15, 5, 6, 15, 15, 17, 7, 16, 23, 15, 15, 9, 15, 15, 
55: 0, 0, 0, 0, 15, 0, 0, 16, 0, 0, 0, 24, 0, 0, 15, 0, 0, 0, 18, 0, 0, 15, 15, 0, 0, 0, 15, 15, 16, 0, 0, 0, 0, 0, 0, 0, 0, 0, 16, 16, 15, 0, 8, 0, 0, 0, 0, 15, 0, 0, 15, 15, 0, 0, 0, 15, 0, 0, 15, 0, 0, 19, 0, 0, 15, 0, 0, 0, 0, 10, 17, 19, 15, 0, 0, 0, 0, 0, 15, 0, 0, 0, 16, 0, 2, 15, 0, 0, 0, 0, 15, 16, 0, 0, 9, 0, 0, 0, 3, 15, 0, 5, 0, 0, 0, 0, 0, 0, 0, 23, 0, 15, 16, 17, 0, 7, 15, 0, 0, 15, 0, 0, 0, 15, 0, 0, 15, 0, 0, 0, 0, 0, 0, 0, 0, 0, 23, 0, 0, 0, 0, 0, 0, 15, 0, 16, 0, 0, 15, 0, 0, 0, 0, 0, 0, 0, 0, 15, 15, 0, 0, 0, 0, 0, 15, 0, 0, 0, 0, 0, 0, 0, 0, 0, 0, 15, 0, 17, 0, 0, 15, 15, 0, 28, 19, 17, 15, 15, 0, 16, 15, 0, 0, 18, 0, 15, 0, 0, 25, 0, : 15, 16, 24, 15, 18, 15, 15, 15, 15, 16, 16, 16, 15, 8, 15, 15, 15, 15, 15, 19, 15, 10, 17, 19, 15, 15, 16, 2, 15, 15, 16, 9, 3, 15, 5, 23, 15, 16, 17, 7, 15, 15, 15, 15, 23, 15, 16, 15, 15, 15, 15, 15, 17, 15, 15, 28, 19, 17, 15, 15, 16, 15, 18, 15, 25, 
74: 0, 17, 20, 0, 0, 9, 0, 0, 0, 0, 0, 0, 0, 23, 0, 0, 0, 0, 0, 15, 0, 0, 0, 15, 0, 0, 15, 15, 15, 15, 16, 0, 25, 27, 15, 0, 0, 0, 0, 0, 0, 15, 15, 15, 16, 0, 0, 15, 0, 15, 0, 0, 0, 16, 15, 0, 15, 0, 0, 0, 0, 0, 0, 0, 0, 15, 20, 0, 17, 15, 15, 0, 0, 1, 0, 0, 15, 0, 15, 0, 0, 18, 17, 0, 0, 0, 26, 0, 3, 0, 0, 0, 0, 19, 0, 0, 0, 0, 0, 0, 8, 0, 0, 0, 18, 0, 6, 15, 16, 15, 0, 21, 0, 0, 0, 0, 36, 0, 0, 0, 0, 25, 19, 15, 0, 15, 0, 0, 0, 0, 20, 0, 0, 0, 19, 15, 0, 0, 0, 0, 0, 0, 15, 0, 0, 0, 0, 0, 0, 0, 0, 0, 0, 0, 0, 0, 0, 0, 0, 15, 18, 0, 15, 0, 0, 0, 0, 0, 0, 30, 0, 15, 0, 15, 0, 4, 0, 0, 24, 0, 0, 0, 0, 15, 0, 0, 0, 15, 11, 0, 0, 0, 18, 0, 15, 0, 0, 0, 0, 2, : 17, 20, 9, 23, 15, 15, 15, 15, 15, 15, 16, 25, 27, 15, 15, 15, 15, 16, 15, 15, 16, 15, 15, 15, 20, 17, 15, 15, 1, 15, 15, 18, 17, 26, 3, 19, 8, 18, 6, 15, 16, 15, 21, 36, 25, 19, 15, 15, 20, 19, 15, 15, 15, 18, 15, 30, 15, 15, 4, 24, 15, 15, 11, 18, 15, 2, 


