
20
300
100
15

287: 15, 0, 18, 0, 0, 15, 0, 0, 0, 15, 0, 0, 0, 0, 0, 0, 0, 0, 15, 0, : 15, 18, 15, 15, 15, 
20: 16, 7, 15, 0, 0, 0, 16, 17, 0, 0, 16, 0, 15, 15, 0, 15, 0, 15, 15, 18, : 16, 7, 15, 16, 17, 16, 15, 15, 15, 15, 15, 18, 
126: 15, 17, 0, 0, 17, 0, 0, 0, 16, 5, 0, 0, 0, 10, 0, 0, 22, 0, 0, 0, : 15, 17, 17, 16, 5, 10, 22, 
53: 0, 0, 0, 0, 0, 0, 0, 0, 0, 19, 18, 0, 0, 0, 15, 15, 20, 18, 0, 15, : 19, 18, 15, 15, 20, 18, 15, 
187: 15, 0, 23, 0, 32, 1, 0, 0, 16, 0, 0, 15, 0, 0, 0, 0, 0, 6, 0, 0, : 15, 23, 32, 1, 16, 15, 6, 
167: 0, 0, 0, 18, 0, 0, 27, 0, 0, 0, 0, 0, 0, 0, 16, 0, 0, 0, 7, 0, : 18, 27, 16, 7, 
63: 8, 0, 0, 15, 0, 0, 0, 0, 0, 15, 15, 0, 17, 0, 0, 0, 0, 0, 0, 0, : 8, 15, 15, 15, 17, 
198: 0, 15, 0, 0, 0, 15, 17, 15, 0, 15, 0, 0, 0, 15, 15, 15, 0, 0, 0, 0, : 15, 15, 17, 15, 15, 15, 15, 15, 
105: 0, 0, 0, 0, 0, 0, 17, 0, 20, 0, 19, 0, 0, 0, 0, 15, 0, 15, 0, 18, : 17, 20, 19, 15, 15, 18, 
228: 0, 15, 0, 0, 0, 0, 0, 15, 0, 0, 0, 15, 13, 15, 7, 0, 18, 15, 0, 0, : 15, 15, 15, 13, 15, 7, 18, 15, 
159: 0, 15, 0, 5, 0, 15, 0, 15, 19, 0, 0, 15, 15, 0, 0, 0, 0, 0, 17, 0, : 15, 5, 15, 15, 19, 15, 15, 17, 
267: 0, 0, 15, 0, 0, 0, 0, 0, 13, 0, 0, 0, 0, 15, 0, 0, 0, 0, 0, 16, : 15, 13, 15, 16, 
80: 16, 0, 0, 0, 0, 0, 0, 0, 0, 16, 0, 28, 0, 0, 0, 0, 0, 0, 0, 0, : 16, 16, 28, 
86: 15, 15, 14, 16, 0, 0, 8, 8, 0, 0, 0, 0, 0, 0, 0, 0, 0, 16, 0, 0, : 15, 15, 14, 16, 8, 8, 16, 
142: 0, 0, 0, 15, 0, 15, 15, 0, 0, 15, 0, 9, 15, 15, 0, 0, 15, 0, 15, 0, : 15, 15, 15, 15, 9, 15, 15, 15, 15, 
133: 0, 16, 0, 16, 0, 15, 0, 0, 16, 0, 15, 18, 0, 0, 0, 0, 0, 15, 0, 15, : 16, 16, 15, 16, 15, 18, 15, 15, 
217: 0, 0, 0, 15, 0, 0, 0, 15, 0, 0, 0, 0, 0, 0, 15, 8, 0, 0, 0, 0, : 15, 15, 15, 8, 
160: 0, 0, 15, 0, 0, 0, 0, 0, 0, 0, 17, 0, 25, 15, 17, 0, 10, 0, 0, 3, : 15, 17, 25, 15, 17, 10, 3, 
61: 0, 0, 0, 0, 21, 24, 0, 0, 0, 0, 0, 0, 0, 0, 15, 32, 15, 0, 15, 0, : 21, 24, 15, 32, 15, 15, 
163: 0, 0, 0, 0, 30, 0, 0, 15, 0, 0, 0, 0, 0, 0, 0, 0, 0, 0, 16, 15, : 30, 15, 16, 15, 


111: 0, 0, 15, 6, 15, 0, 0, 22, 30, 0, 0, 15, 0, 0, 0, 15, 20, 0, 0, 0, : 15, 6, 15, 22, 30, 15, 15, 20, 
252: 0, 16, 15, 0, 0, 0, 0, 0, 0, 0, 19, 0, 0, 23, 0, 0, 21, 0, 0, 16, : 16, 15, 19, 23, 21, 16, 
47: 19, 0, 18, 0, 15, 0, 23, 0, 0, 0, 0, 0, 0, 0, 0, 0, 0, 0, 0, 0, : 19, 18, 15, 23, 
149: 3, 0, 0, 19, 15, 0, 15, 0, 0, 0, 15, 15, 16, 0, 8, 0, 0, 15, 0, 0, : 3, 19, 15, 15, 15, 15, 16, 8, 15, 
273: 0, 0, 0, 15, 0, 0, 0, 0, 0, 0, 0, 15, 6, 0, 15, 0, 0, 15, 0, 0, : 15, 15, 6, 15, 15, 
258: 15, 9, 16, 0, 0, 0, 0, 0, 8, 0, 0, 0, 15, 0, 15, 24, 0, 0, 0, 0, : 15, 9, 16, 8, 15, 15, 24, 
225: 0, 0, 0, 24, 0, 0, 0, 2, 0, 15, 0, 15, 0, 0, 16, 15, 0, 0, 16, 17, : 24, 2, 15, 15, 16, 15, 16, 17, 
16: 17, 0, 0, 18, 15, 0, 15, 0, 15, 0, 17, 0, 15, 0, 0, 0, 0, 0, 0, 0, : 17, 18, 15, 15, 15, 17, 15, 
283: 0, 15, 15, 18, 0, 15, 0, 0, 17, 0, 18, 15, 0, 0, 0, 15, 0, 15, 15, 0, : 15, 15, 18, 15, 17, 18, 15, 15, 15, 15, 
137: 0, 15, 0, 0, 0, 0, 7, 15, 0, 0, 0, 8, 0, 18, 0, 0, 0, 0, 15, 0, : 15, 7, 15, 8, 18, 15, 
83: 0, 15, 15, 0, 0, 16, 0, 0, 15, 15, 0, 0, 0, 13, 15, 16, 0, 18, 0, 15, : 15, 15, 16, 15, 15, 13, 15, 16, 18, 15, 
256: 0, 0, 6, 0, 0, 15, 0, 15, 0, 15, 0, 0, 0, 16, 0, 0, 0, 20, 0, 16, : 6, 15, 15, 15, 16, 20, 16, 
259: 0, 0, 0, 0, 0, 0, 15, 16, 0, 0, 0, 0, 0, 15, 0, 0, 0, 0, 0, 0, : 15, 16, 15, 
73: 15, 15, 0, 0, 0, 17, 0, 0, 0, 0, 0, 17, 0, 0, 0, 0, 15, 0, 19, 0, : 15, 15, 17, 17, 15, 19, 
113: 15, 15, 0, 0, 17, 15, 0, 15, 15, 0, 16, 0, 15, 0, 0, 0, 16, 0, 18, 0, : 15, 15, 17, 15, 15, 15, 16, 15, 16, 18, 
30: 0, 0, 0, 0, 0, 0, 25, 0, 0, 0, 0, 0, 15, 15, 15, 0, 0, 0, 2, 0, : 25, 15, 15, 15, 2, 
138: 0, 0, 0, 0, 5, 15, 0, 15, 0, 2, 15, 0, 18, 0, 0, 0, 0, 0, 0, 15, : 5, 15, 15, 2, 15, 18, 15, 
294: 0, 0, 0, 0, 18, 7, 0, 0, 0, 15, 0, 0, 0, 0, 16, 15, 15, 17, 15, 6, : 18, 7, 15, 16, 15, 15, 17, 15, 6, 
48: 0, 0, 0, 0, 0, 0, 0, 0, 0, 15, 0, 0, 0, 0, 0, 0, 0, 0, 0, 15, : 15, 15, 
207: 16, 0, 0, 0, 0, 0, 0, 0, 0, 23, 0, 0, 0, 0, 0, 0, 13, 0, 0, 0, : 16, 23, 13, 


67: 18, 0, 0, 6, 0, 0, 20, 0, 0, 0, 0, 0, 0, 0, 15, 0, 0, 18, 0, 0, : 18, 6, 20, 15, 18, 
251: 0, 0, 0, 0, 0, 17, 15, 18, 15, 15, 0, 0, 28, 0, 0, 0, 0, 16, 0, 0, : 17, 15, 18, 15, 15, 28, 16, 
22: 0, 0, 15, 0, 0, 0, 24, 19, 0, 0, 0, 15, 0, 15, 0, 15, 16, 5, 0, 20, : 15, 24, 19, 15, 15, 15, 16, 5, 20, 
127: 0, 0, 0, 15, 0, 15, 0, 15, 0, 0, 0, 0, 15, 0, 0, 0, 0, 0, 0, 0, : 15, 15, 15, 15, 
60: 15, 7, 15, 0, 0, 15, 0, 0, 15, 0, 15, 15, 0, 0, 0, 0, 0, 0, 15, 0, : 15, 7, 15, 15, 15, 15, 15, 15, 
235: 0, 15, 15, 19, 15, 0, 0, 15, 0, 0, 19, 0, 0, 0, 0, 0, 0, 0, 0, 0, : 15, 15, 19, 15, 15, 19, 
182: 0, 0, 0, 15, 0, 0, 0, 0, 26, 0, 0, 0, 0, 0, 15, 0, 15, 16, 0, 15, : 15, 26, 15, 15, 16, 15, 
148: 11, 0, 19, 15, 0, 0, 0, 0, 0, 0, 19, 0, 17, 0, 0, 0, 12, 0, 0, 0, : 11, 19, 15, 19, 17, 12, 
38: 0, 0, 0, 0, 15, 0, 15, 16, 0, 15, 0, 5, 0, 0, 15, 0, 0, 0, 15, 0, : 15, 15, 16, 15, 5, 15, 15, 
170: 0, 0, 0, 15, 0, 8, 0, 0, 0, 0, 0, 0, 0, 0, 10, 17, 0, 15, 21, 0, : 15, 8, 10, 17, 15, 21, 
7: 0, 15, 0, 0, 15, 0, 0, 0, 0, 0, 17, 0, 10, 8, 15, 0, 0, 0, 0, 15, : 15, 15, 17, 10, 8, 15, 15, 
51: 15, 0, 0, 0, 0, 0, 11, 0, 0, 0, 0, 0, 0, 15, 0, 15, 0, 0, 0, 15, : 15, 11, 15, 15, 15, 
146: 0, 0, 0, 0, 15, 0, 0, 0, 0, 15, 0, 15, 0, 0, 0, 0, 0, 0, 16, 5, : 15, 15, 15, 16, 5, 
88: 0, 0, 0, 0, 0, 15, 0, 0, 16, 0, 0, 16, 0, 17, 0, 6, 0, 0, 0, 15, : 15, 16, 16, 17, 6, 15, 
158: 0, 16, 0, 0, 0, 0, 0, 0, 0, 0, 0, 0, 15, 15, 0, 0, 0, 15, 0, 0, : 16, 15, 15, 15, 
291: 15, 15, 0, 0, 0, 0, 0, 0, 0, 20, 15, 0, 0, 15, 0, 0, 0, 15, 18, 0, : 15, 15, 20, 15, 15, 15, 18, 
226: 0, 17, 0, 0, 17, 15, 0, 0, 0, 19, 0, 0, 0, 0, 0, 0, 15, 0, 0, 0, : 17, 17, 15, 19, 15, 
253: 0, 0, 15, 0, 0, 15, 15, 0, 15, 16, 0, 15, 0, 0, 15, 22, 18, 0, 0, 15, : 15, 15, 15, 15, 16, 15, 15, 22, 18, 15, 
26: 26, 15, 5, 15, 15, 0, 0, 17, 0, 0, 15, 0, 15, 0, 15, 25, 24, 0, 0, 0, : 26, 15, 5, 15, 15, 17, 15, 15, 15, 25, 24, 
195: 0, 0, 16, 0, 8, 0, 0, 0, 13, 0, 0, 19, 0, 15, 0, 0, 0, 0, 15, 0, : 16, 8, 13, 19, 15, 15, 


278: 20, 0, 0, 0, 0, 9, 20, 0, 16, 8, 15, 0, 0, 0, 15, 0, 15, 16, 0, 0, : 20, 9, 20, 16, 8, 15, 15, 15, 16, 
117: 0, 15, 15, 0, 0, 0, 23, 0, 0, 0, 0, 0, 0, 0, 7, 0, 0, 0, 0, 0, : 15, 15, 23, 7, 
157: 0, 16, 0, 0, 25, 0, 0, 0, 0, 15, 0, 17, 24, 15, 0, 0, 17, 16, 15, 0, : 16, 25, 15, 17, 24, 15, 17, 16, 15, 
222: 0, 0, 0, 0, 0, 28, 0, 15, 0, 0, 0, 0, 16, 0, 0, 0, 15, 0, 15, 16, : 28, 15, 16, 15, 15, 16, 
248: 4, 11, 16, 20, 0, 0, 0, 16, 0, 0, 0, 15, 0, 15, 0, 0, 0, 0, 0, 15, : 4, 11, 16, 20, 16, 15, 15, 15, 
125: 16, 0, 15, 0, 0, 0, 19, 15, 0, 17, 27, 15, 0, 0, 0, 15, 0, 5, 19, 9, : 16, 15, 19, 15, 17, 27, 15, 15, 5, 19, 9, 
218: 0, 0, 0, 15, 0, 0, 0, 0, 15, 15, 0, 0, 0, 15, 15, 0, 0, 0, 0, 15, : 15, 15, 15, 15, 15, 15, 
288: 15, 15, 0, 0, 0, 0, 0, 0, 0, 0, 0, 5, 0, 0, 15, 0, 0, 0, 15, 0, : 15, 15, 5, 15, 15, 
223: 15, 0, 0, 0, 15, 0, 0, 0, 15, 0, 0, 0, 0, 15, 0, 0, 0, 0, 15, 15, : 15, 15, 15, 15, 15, 15, 
17: 0, 0, 0, 0, 0, 17, 0, 0, 15, 0, 0, 16, 16, 0, 0, 2, 0, 0, 0, 0, : 17, 15, 16, 16, 2, 
165: 0, 0, 0, 0, 0, 0, 17, 15, 9, 0, 15, 0, 0, 0, 15, 20, 0, 16, 0, 0, : 17, 15, 9, 15, 15, 20, 16, 
8: 0, 0, 0, 0, 0, 15, 17, 16, 15, 15, 0, 0, 0, 0, 15, 16, 0, 0, 6, 0, : 15, 17, 16, 15, 15, 15, 16, 6, 
101: 0, 0, 8, 15, 0, 15, 0, 0, 0, 15, 0, 0, 0, 0, 0, 0, 0, 0, 0, 0, : 8, 15, 15, 15, 
236: 15, 21, 15, 0, 0, 0, 4, 0, 0, 0, 0, 0, 0, 0, 0, 15, 0, 0, 0, 0, : 15, 21, 15, 4, 15, 
116: 0, 0, 15, 0, 0, 0, 0, 0, 0, 0, 17, 15, 0, 21, 0, 0, 16, 17, 0, 0, : 15, 17, 15, 21, 16, 17, 
44: 0, 0, 0, 0, 15, 0, 0, 17, 15, 15, 0, 0, 15, 0, 0, 0, 0, 15, 0, 0, : 15, 17, 15, 15, 15, 15, 
58: 0, 0, 16, 16, 15, 16, 0, 0, 0, 0, 0, 17, 11, 1, 0, 17, 16, 0, 0, 0, : 16, 16, 15, 16, 17, 11, 1, 17, 16, 
176: 0, 0, 0, 17, 16, 0, 0, 0, 0, 0, 6, 0, 18, 18, 18, 15, 6, 0, 0, 15, : 17, 16, 6, 18, 18, 18, 15, 6, 15, 
68: 15, 0, 0, 17, 14, 0, 0, 6, 0, 0, 0, 0, 0, 0, 0, 0, 0, 15, 0, 15, : 15, 17, 14, 6, 15, 15, 
156: 0, 22, 0, 0, 0, 0, 0, 0, 0, 0, 20, 0, 0, 0, 0, 0, 15, 0, 15, 0, : 22, 20, 15, 15, 


185: 0, 0, 0, 0, 15, 0, 0, 0, 0, 0, 0, 15, 16, 0, 15, 15, 0, 0, 0, 0, : 15, 15, 16, 15, 15, 
108: 0, 0, 15, 0, 0, 0, 15, 0, 15, 0, 0, 15, 0, 0, 0, 0, 0, 15, 0, 0, : 15, 15, 15, 15, 15, 
180: 15, 0, 0, 0, 0, 0, 0, 0, 15, 0, 15, 0, 0, 0, 0, 15, 15, 0, 16, 15, : 15, 15, 15, 15, 15, 16, 15, 
220: 15, 0, 0, 0, 0, 0, 0, 21, 16, 8, 24, 0, 0, 0, 26, 0, 0, 18, 0, 0, : 15, 21, 16, 8, 24, 26, 18, 
164: 7, 0, 15, 17, 0, 0, 19, 0, 0, 16, 0, 0, 15, 0, 0, 0, 14, 0, 13, 15, : 7, 15, 17, 19, 16, 15, 14, 13, 15, 
197: 15, 0, 0, 0, 15, 15, 0, 19, 15, 0, 0, 0, 0, 16, 0, 0, 0, 16, 0, 0, : 15, 15, 15, 19, 15, 16, 16, 
1: 33, 0, 0, 0, 0, 0, 16, 0, 15, 0, 0, 0, 0, 15, 7, 15, 0, 0, 0, 0, : 33, 16, 15, 15, 7, 15, 
201: 0, 0, 0, 0, 15, 0, 0, 15, 0, 0, 0, 15, 0, 15, 0, 0, 0, 0, 0, 0, : 15, 15, 15, 15, 
173: 0, 23, 0, 15, 17, 0, 0, 0, 9, 0, 0, 0, 16, 0, 15, 0, 15, 15, 0, 0, : 23, 15, 17, 9, 16, 15, 15, 15, 
263: 0, 0, 15, 15, 0, 16, 0, 0, 0, 0, 12, 15, 5, 15, 0, 0, 0, 0, 20, 16, : 15, 15, 16, 12, 15, 5, 15, 20, 16, 
82: 0, 0, 0, 7, 0, 16, 0, 0, 0, 16, 0, 0, 15, 0, 0, 23, 0, 0, 15, 9, : 7, 16, 16, 15, 23, 15, 9, 
93: 0, 0, 6, 15, 18, 0, 3, 0, 0, 0, 16, 0, 18, 0, 0, 0, 0, 17, 20, 0, : 6, 15, 18, 3, 16, 18, 17, 20, 
147: 0, 21, 15, 0, 0, 0, 0, 0, 0, 0, 0, 0, 0, 15, 17, 15, 0, 4, 0, 0, : 21, 15, 15, 17, 15, 4, 
78: 0, 0, 0, 0, 5, 0, 0, 15, 0, 23, 0, 0, 0, 0, 20, 0, 0, 0, 0, 15, : 5, 15, 23, 20, 15, 
192: 0, 10, 0, 0, 0, 0, 15, 21, 0, 15, 16, 18, 0, 0, 0, 0, 23, 0, 0, 0, : 10, 15, 21, 15, 16, 18, 23, 
29: 0, 30, 0, 0, 15, 0, 0, 0, 0, 0, 0, 22, 0, 8, 0, 0, 18, 0, 0, 15, : 30, 15, 22, 8, 18, 15, 
36: 0, 0, 0, 15, 0, 15, 16, 9, 0, 0, 0, 0, 0, 0, 0, 0, 0, 0, 0, 0, : 15, 15, 16, 9, 
175: 0, 16, 18, 0, 0, 23, 0, 0, 0, 0, 0, 0, 15, 0, 0, 0, 0, 15, 0, 0, : 16, 18, 23, 15, 15, 
177: 0, 0, 16, 0, 0, 15, 0, 0, 0, 22, 17, 0, 0, 16, 0, 17, 0, 0, 0, 15, : 16, 15, 22, 17, 16, 17, 15, 
136: 15, 0, 0, 16, 0, 0, 16, 0, 15, 0, 0, 0, 0, 0, 0, 0, 15, 0, 16, 0, : 15, 16, 16, 15, 15, 16, 


131: 0, 0, 0, 0, 15, 0, 0, 0, 15, 3, 21, 0, 15, 15, 0, 0, 15, 17, 0, 15, : 15, 15, 3, 21, 15, 15, 15, 17, 15, 
115: 15, 15, 16, 0, 0, 0, 21, 0, 15, 0, 0, 15, 15, 0, 16, 0, 0, 0, 0, 0, : 15, 15, 16, 21, 15, 15, 15, 16, 
240: 0, 17, 0, 20, 15, 24, 0, 3, 0, 15, 0, 0, 0, 0, 0, 16, 0, 15, 0, 0, : 17, 20, 15, 24, 3, 15, 16, 15, 
50: 20, 0, 15, 0, 4, 0, 15, 15, 10, 15, 0, 0, 0, 17, 15, 15, 17, 0, 0, 0, : 20, 15, 4, 15, 15, 10, 15, 17, 15, 15, 17, 
92: 0, 15, 5, 16, 0, 0, 0, 16, 0, 0, 0, 0, 0, 0, 0, 0, 15, 0, 0, 0, : 15, 5, 16, 16, 15, 
59: 0, 0, 0, 0, 0, 0, 0, 0, 0, 0, 0, 15, 0, 15, 0, 0, 0, 0, 32, 16, : 15, 15, 32, 16, 
119: 0, 0, 0, 0, 16, 21, 0, 0, 0, 17, 15, 0, 15, 0, 0, 15, 0, 0, 0, 0, : 16, 21, 17, 15, 15, 15, 
281: 24, 0, 16, 0, 0, 15, 0, 0, 15, 0, 0, 9, 0, 0, 0, 0, 0, 0, 0, 0, : 24, 16, 15, 15, 9, 
268: 0, 15, 0, 0, 0, 0, 0, 0, 0, 0, 0, 0, 0, 0, 0, 0, 17, 0, 0, 0, : 15, 17, 
32: 0, 0, 0, 0, 0, 15, 0, 15, 0, 0, 15, 15, 38, 0, 0, 0, 0, 0, 0, 25, : 15, 15, 15, 15, 38, 25, 
215: 0, 0, 0, 0, 0, 0, 0, 16, 0, 0, 15, 15, 15, 15, 0, 22, 6, 15, 15, 0, : 16, 15, 15, 15, 15, 22, 6, 15, 15, 
231: 10, 4, 17, 0, 0, 16, 0, 0, 0, 20, 0, 15, 0, 15, 19, 0, 0, 0, 0, 0, : 10, 4, 17, 16, 20, 15, 15, 19, 
144: 16, 0, 16, 15, 19, 0, 20, 0, 0, 0, 0, 16, 0, 0, 3, 15, 15, 15, 15, 0, : 16, 16, 15, 19, 20, 16, 3, 15, 15, 15, 15, 
211: 0, 15, 0, 0, 0, 0, 29, 20, 0, 15, 0, 0, 0, 0, 0, 2, 0, 0, 0, 0, : 15, 29, 20, 15, 2, 
64: 0, 0, 0, 0, 0, 0, 15, 0, 0, 15, 0, 0, 0, 0, 15, 0, 0, 26, 15, 0, : 15, 15, 15, 26, 15, 
239: 0, 0, 15, 0, 0, 0, 0, 0, 15, 0, 0, 0, 2, 15, 0, 15, 0, 12, 0, 0, : 15, 15, 2, 15, 15, 12, 
134: 15, 0, 0, 25, 0, 9, 0, 0, 15, 0, 15, 0, 0, 0, 0, 0, 0, 0, 0, 0, : 15, 25, 9, 15, 15, 
135: 0, 0, 0, 9, 15, 0, 0, 0, 0, 0, 0, 0, 0, 8, 16, 0, 15, 0, 0, 13, : 9, 15, 8, 16, 15, 13, 
168: 0, 19, 0, 15, 0, 0, 0, 0, 15, 0, 15, 0, 0, 0, 0, 0, 0, 0, 0, 16, : 19, 15, 15, 15, 16, 
169: 0, 0, 0, 0, 16, 0, 0, 15, 0, 0, 4, 0, 0, 0, 16, 0, 0, 0, 23, 15, : 16, 15, 4, 16, 23, 15, 


54: 15, 0, 0, 0, 0, 17, 0, 0, 0, 4, 0, 0, 0, 0, 0, 15, 0, 0, 19, 15, : 15, 17, 4, 15, 19, 15, 
204: 0, 15, 15, 15, 0, 0, 0, 0, 0, 0, 0, 0, 15, 0, 0, 0, 0, 0, 0, 0, : 15, 15, 15, 15, 
114: 0, 0, 0, 19, 0, 0, 0, 0, 0, 20, 0, 16, 0, 0, 11, 0, 32, 0, 0, 0, : 19, 20, 16, 11, 32, 
94: 15, 0, 0, 0, 16, 0, 0, 0, 0, 0, 0, 15, 18, 34, 0, 0, 0, 0, 15, 0, : 15, 16, 15, 18, 34, 15, 
121: 0, 0, 0, 15, 0, 17, 0, 0, 0, 0, 20, 13, 0, 0, 15, 0, 0, 0, 14, 15, : 15, 17, 20, 13, 15, 14, 15, 
255: 0, 17, 15, 0, 0, 0, 0, 0, 15, 0, 15, 22, 0, 11, 21, 0, 15, 0, 22, 0, : 17, 15, 15, 15, 22, 11, 21, 15, 22, 
295: 0, 0, 15, 0, 26, 6, 0, 15, 15, 0, 0, 0, 0, 0, 0, 15, 15, 15, 0, 16, : 15, 26, 6, 15, 15, 15, 15, 15, 16, 
96: 0, 0, 0, 0, 0, 15, 0, 15, 15, 0, 0, 0, 6, 0, 0, 0, 0, 15, 0, 17, : 15, 15, 15, 6, 15, 17, 
106: 0, 7, 15, 0, 0, 0, 0, 0, 15, 0, 20, 0, 0, 15, 0, 0, 22, 0, 0, 0, : 7, 15, 15, 20, 15, 22, 
161: 0, 15, 0, 0, 0, 15, 30, 0, 15, 0, 0, 0, 0, 15, 0, 0, 16, 0, 0, 0, : 15, 15, 30, 15, 15, 16, 
69: 0, 0, 0, 0, 0, 0, 17, 15, 0, 18, 0, 0, 0, 25, 0, 0, 0, 15, 0, 0, : 17, 15, 18, 25, 15, 
34: 0, 0, 16, 15, 15, 15, 26, 22, 0, 16, 0, 0, 0, 0, 0, 0, 0, 0, 15, 0, : 16, 15, 15, 15, 26, 22, 16, 15, 
238: 13, 0, 0, 0, 0, 0, 0, 0, 10, 0, 15, 15, 15, 0, 0, 14, 0, 0, 0, 0, : 13, 10, 15, 15, 15, 14, 
28: 0, 15, 0, 16, 0, 0, 16, 0, 0, 0, 15, 19, 0, 0, 0, 0, 0, 0, 0, 15, : 15, 16, 16, 15, 19, 15, 
285: 0, 0, 0, 15, 7, 0, 0, 0, 0, 0, 0, 0, 15, 0, 20, 15, 0, 10, 0, 0, : 15, 7, 15, 20, 15, 10, 
155: 0, 15, 0, 5, 0, 15, 11, 0, 0, 27, 0, 0, 0, 0, 0, 15, 0, 15, 0, 0, : 15, 5, 15, 11, 27, 15, 15, 
272: 26, 16, 0, 0, 21, 0, 0, 2, 0, 15, 0, 0, 0, 0, 0, 0, 0, 0, 15, 15, : 26, 16, 21, 2, 15, 15, 15, 
234: 15, 0, 0, 0, 15, 0, 0, 16, 0, 0, 15, 0, 15, 0, 18, 26, 0, 0, 0, 0, : 15, 15, 16, 15, 15, 18, 26, 
107: 16, 0, 7, 0, 0, 0, 0, 0, 15, 0, 0, 0, 16, 0, 0, 0, 0, 15, 0, 0, : 16, 7, 15, 16, 15, 
292: 0, 0, 17, 0, 0, 0, 0, 15, 0, 0, 0, 0, 0, 0, 15, 0, 0, 15, 0, 7, : 17, 15, 15, 15, 7, 


271: 15, 15, 30, 0, 0, 0, 0, 0, 0, 0, 15, 15, 0, 0, 0, 15, 0, 0, 0, 0, : 15, 15, 30, 15, 15, 15, 
6: 0, 28, 0, 0, 15, 0, 0, 0, 0, 15, 15, 16, 15, 0, 0, 0, 0, 0, 0, 0, : 28, 15, 15, 15, 16, 15, 
77: 15, 0, 0, 0, 0, 0, 0, 18, 0, 0, 21, 0, 0, 15, 0, 0, 0, 0, 0, 15, : 15, 18, 21, 15, 15, 
266: 0, 0, 0, 16, 0, 0, 0, 0, 0, 0, 0, 15, 0, 0, 0, 0, 15, 0, 0, 15, : 16, 15, 15, 15, 
39: 0, 0, 15, 0, 0, 0, 0, 15, 16, 0, 0, 0, 0, 0, 0, 0, 0, 7, 15, 0, : 15, 15, 16, 7, 15, 
11: 17, 0, 0, 15, 15, 0, 0, 0, 23, 0, 0, 0, 16, 0, 0, 0, 15, 17, 0, 0, : 17, 15, 15, 23, 16, 15, 17, 
212: 17, 0, 0, 0, 0, 0, 0, 0, 28, 0, 15, 6, 0, 10, 16, 18, 0, 0, 15, 0, : 17, 28, 15, 6, 10, 16, 18, 15, 
99: 15, 0, 0, 0, 0, 0, 0, 16, 0, 0, 15, 0, 0, 15, 0, 0, 0, 0, 0, 0, : 15, 16, 15, 15, 
210: 0, 0, 9, 16, 0, 26, 15, 0, 0, 0, 0, 0, 0, 0, 0, 0, 0, 0, 0, 0, : 9, 16, 26, 15, 
87: 0, 15, 0, 0, 0, 21, 22, 0, 0, 0, 0, 15, 15, 15, 0, 0, 15, 0, 0, 8, : 15, 21, 22, 15, 15, 15, 15, 8, 
276: 3, 0, 0, 15, 15, 8, 0, 0, 0, 15, 0, 0, 0, 15, 15, 15, 0, 16, 11, 15, : 3, 15, 15, 8, 15, 15, 15, 15, 16, 11, 15, 
257: 0, 10, 16, 0, 19, 0, 0, 0, 0, 15, 19, 0, 0, 0, 23, 0, 15, 15, 0, 15, : 10, 16, 19, 15, 19, 23, 15, 15, 15, 
284: 0, 0, 0, 0, 0, 15, 0, 0, 0, 18, 0, 17, 15, 0, 0, 15, 0, 0, 0, 0, : 15, 18, 17, 15, 15, 
13: 0, 15, 15, 7, 26, 0, 0, 1, 0, 0, 0, 0, 0, 0, 0, 15, 0, 15, 0, 0, : 15, 15, 7, 26, 1, 15, 15, 
188: 0, 0, 0, 0, 0, 0, 0, 0, 0, 3, 0, 16, 19, 15, 0, 0, 7, 15, 0, 17, : 3, 16, 19, 15, 7, 15, 17, 
41: 0, 0, 0, 0, 0, 15, 0, 15, 0, 0, 0, 0, 0, 0, 15, 0, 0, 0, 30, 0, : 15, 15, 15, 30, 
91: 0, 0, 0, 0, 0, 0, 25, 20, 15, 0, 0, 0, 20, 0, 15, 0, 0, 15, 0, 15, : 25, 20, 15, 20, 15, 15, 15, 
206: 18, 17, 15, 15, 0, 0, 0, 0, 0, 0, 0, 0, 0, 0, 0, 0, 18, 0, 0, 0, : 18, 17, 15, 15, 18, 
183: 0, 0, 0, 0, 0, 15, 17, 15, 0, 15, 0, 0, 0, 15, 16, 16, 0, 0, 29, 0, : 15, 17, 15, 15, 15, 16, 16, 29, 
21: 0, 0, 0, 16, 10, 0, 21, 0, 18, 19, 0, 0, 0, 0, 0, 6, 15, 0, 0, 0, : 16, 10, 21, 18, 19, 6, 15, 


132: 0, 0, 0, 15, 15, 0, 0, 0, 0, 0, 0, 7, 0, 16, 15, 0, 16, 27, 16, 0, : 15, 15, 7, 16, 15, 16, 27, 16, 
4: 0, 16, 15, 16, 0, 0, 0, 0, 16, 0, 0, 15, 0, 0, 15, 0, 0, 15, 15, 23, : 16, 15, 16, 16, 15, 15, 15, 15, 23, 
208: 0, 7, 0, 0, 15, 0, 0, 18, 0, 0, 0, 0, 0, 15, 0, 19, 15, 15, 0, 0, : 7, 15, 18, 15, 19, 15, 15, 
290: 19, 15, 0, 0, 0, 22, 20, 0, 0, 16, 17, 0, 0, 0, 0, 0, 0, 0, 15, 0, : 19, 15, 22, 20, 16, 17, 15, 
62: 21, 0, 0, 15, 0, 0, 15, 12, 1, 15, 0, 0, 0, 0, 0, 0, 0, 0, 0, 15, : 21, 15, 15, 12, 1, 15, 15, 
274: 0, 0, 5, 0, 0, 0, 15, 0, 15, 0, 15, 0, 15, 0, 0, 0, 0, 0, 18, 0, : 5, 15, 15, 15, 15, 18, 
153: 0, 15, 0, 0, 15, 15, 4, 0, 0, 15, 21, 0, 15, 0, 0, 0, 26, 0, 0, 11, : 15, 15, 15, 4, 15, 21, 15, 26, 11, 
100: 0, 0, 26, 0, 15, 0, 15, 0, 36, 15, 2, 0, 15, 0, 0, 0, 0, 0, 0, 19, : 26, 15, 15, 36, 15, 2, 15, 19, 
275: 0, 0, 0, 15, 0, 15, 0, 0, 0, 0, 15, 0, 0, 0, 0, 15, 0, 0, 0, 0, : 15, 15, 15, 15, 
297: 0, 17, 15, 0, 7, 0, 0, 0, 0, 0, 0, 0, 0, 15, 0, 0, 0, 0, 0, 0, : 17, 15, 7, 15, 
18: 0, 0, 0, 15, 0, 0, 15, 15, 0, 0, 15, 16, 17, 0, 0, 0, 0, 2, 15, 0, : 15, 15, 15, 15, 16, 17, 2, 15, 
244: 15, 0, 0, 15, 16, 17, 0, 0, 16, 0, 0, 0, 0, 15, 0, 15, 0, 0, 6, 0, : 15, 15, 16, 17, 16, 15, 15, 6, 
23: 0, 15, 0, 0, 0, 0, 0, 0, 16, 0, 0, 0, 8, 0, 21, 21, 15, 0, 15, 0, : 15, 16, 8, 21, 21, 15, 15, 
199: 15, 0, 0, 9, 0, 0, 16, 0, 0, 7, 0, 0, 30, 0, 15, 15, 0, 16, 0, 0, : 15, 9, 16, 7, 30, 15, 15, 16, 
95: 0, 0, 0, 0, 0, 16, 0, 17, 0, 17, 0, 0, 0, 0, 0, 0, 0, 0, 0, 0, : 16, 17, 17, 
33: 0, 0, 0, 0, 0, 0, 0, 0, 0, 15, 0, 15, 0, 0, 0, 0, 0, 0, 0, 0, : 15, 15, 
181: 0, 0, 24, 0, 0, 0, 0, 0, 0, 0, 0, 0, 0, 9, 0, 0, 15, 25, 0, 17, : 24, 9, 15, 25, 17, 
250: 0, 0, 0, 0, 0, 0, 0, 0, 0, 0, 15, 17, 0, 15, 4, 15, 0, 0, 0, 0, : 15, 17, 15, 4, 15, 
154: 15, 0, 15, 0, 17, 15, 0, 15, 0, 0, 0, 15, 0, 15, 0, 0, 13, 0, 0, 15, : 15, 15, 17, 15, 15, 15, 15, 13, 15, 
246: 15, 15, 0, 0, 0, 0, 0, 23, 0, 0, 0, 15, 0, 0, 30, 0, 0, 0, 0, 0, : 15, 15, 23, 15, 30, 


298: 0, 16, 18, 0, 0, 0, 0, 0, 0, 0, 0, 0, 0, 31, 0, 0, 0, 0, 0, 0, : 16, 18, 31, 
14: 0, 0, 15, 16, 0, 0, 0, 0, 0, 0, 19, 15, 0, 0, 0, 15, 0, 21, 15, 8, : 15, 16, 19, 15, 15, 21, 15, 8, 
171: 0, 17, 16, 0, 0, 0, 16, 0, 0, 0, 0, 15, 0, 16, 0, 0, 15, 0, 0, 0, : 17, 16, 16, 15, 16, 15, 
70: 0, 0, 0, 15, 0, 0, 0, 0, 0, 0, 0, 15, 15, 0, 0, 0, 0, 0, 0, 16, : 15, 15, 15, 16, 
209: 15, 0, 15, 8, 21, 0, 24, 5, 15, 0, 18, 15, 0, 0, 0, 15, 17, 0, 15, 0, : 15, 15, 8, 21, 24, 5, 15, 18, 15, 15, 17, 15, 
65: 0, 0, 0, 0, 0, 26, 0, 0, 0, 0, 15, 15, 0, 4, 0, 0, 0, 0, 15, 0, : 26, 15, 15, 4, 15, 
89: 29, 0, 0, 15, 14, 0, 0, 22, 15, 15, 0, 0, 15, 0, 0, 0, 0, 0, 0, 0, : 29, 15, 14, 22, 15, 15, 15, 
19: 0, 0, 0, 0, 0, 0, 0, 0, 0, 0, 0, 0, 0, 0, 15, 19, 15, 15, 0, 0, : 15, 19, 15, 15, 
98: 16, 0, 0, 0, 0, 18, 16, 0, 27, 0, 0, 0, 19, 0, 0, 0, 7, 0, 0, 15, : 16, 18, 16, 27, 19, 7, 15, 
97: 8, 15, 0, 0, 0, 15, 0, 0, 18, 15, 0, 0, 0, 0, 5, 0, 0, 15, 17, 0, : 8, 15, 15, 18, 15, 5, 15, 17, 
12: 0, 0, 0, 0, 0, 15, 0, 0, 0, 16, 17, 10, 0, 0, 16, 0, 0, 4, 6, 15, : 15, 16, 17, 10, 16, 4, 6, 15, 
232: 0, 0, 17, 0, 0, 15, 0, 0, 0, 0, 0, 0, 0, 0, 15, 6, 0, 15, 0, 15, : 17, 15, 15, 6, 15, 15, 
143: 0, 15, 0, 15, 17, 0, 0, 0, 0, 0, 0, 15, 0, 0, 0, 0, 0, 0, 0, 16, : 15, 15, 17, 15, 16, 
90: 0, 0, 4, 16, 0, 11, 0, 18, 0, 0, 0, 0, 0, 19, 0, 0, 0, 0, 16, 0, : 4, 16, 11, 18, 19, 16, 
293: 15, 0, 0, 0, 16, 0, 0, 15, 0, 16, 0, 0, 15, 0, 15, 15, 0, 0, 16, 0, : 15, 16, 15, 16, 15, 15, 15, 16, 
112: 0, 15, 0, 0, 0, 0, 28, 0, 0, 0, 16, 0, 3, 0, 18, 0, 15, 15, 0, 0, : 15, 28, 16, 3, 18, 15, 15, 
145: 0, 17, 0, 15, 17, 0, 0, 0, 0, 17, 0, 0, 0, 0, 0, 15, 0, 0, 0, 0, : 17, 15, 17, 17, 15, 
122: 0, 0, 15, 0, 0, 0, 0, 16, 0, 17, 15, 0, 18, 0, 16, 0, 15, 0, 0, 0, : 15, 16, 17, 15, 18, 16, 15, 
103: 17, 0, 0, 0, 15, 0, 0, 24, 15, 4, 0, 0, 15, 15, 0, 0, 0, 15, 0, 0, : 17, 15, 24, 15, 4, 15, 15, 15, 
140: 0, 5, 0, 0, 0, 0, 16, 0, 10, 0, 0, 0, 0, 15, 0, 15, 16, 0, 0, 15, : 5, 16, 10, 15, 15, 16, 15, 


79: 0, 0, 0, 15, 0, 0, 0, 15, 0, 0, 15, 0, 0, 15, 15, 0, 0, 0, 15, 0, : 15, 15, 15, 15, 15, 15, 
5: 27, 0, 0, 0, 0, 0, 13, 0, 0, 0, 0, 31, 15, 0, 0, 0, 0, 0, 22, 0, : 27, 13, 31, 15, 22, 
203: 15, 0, 0, 0, 15, 0, 0, 0, 0, 15, 20, 0, 0, 10, 4, 0, 0, 15, 0, 17, : 15, 15, 15, 20, 10, 4, 15, 17, 
296: 16, 15, 15, 0, 0, 15, 0, 0, 0, 0, 0, 0, 0, 0, 0, 0, 15, 0, 15, 0, : 16, 15, 15, 15, 15, 15, 
280: 0, 15, 0, 15, 0, 0, 0, 15, 0, 9, 15, 18, 0, 0, 0, 0, 0, 0, 3, 20, : 15, 15, 15, 9, 15, 18, 3, 20, 
130: 0, 0, 0, 15, 0, 0, 0, 10, 0, 0, 0, 0, 4, 15, 15, 15, 0, 16, 0, 15, : 15, 10, 4, 15, 15, 15, 16, 15, 
213: 15, 7, 0, 0, 16, 15, 0, 0, 0, 0, 15, 0, 0, 0, 0, 15, 0, 0, 0, 2, : 15, 7, 16, 15, 15, 15, 2, 
265: 0, 0, 17, 10, 6, 16, 0, 0, 2, 0, 0, 0, 0, 0, 0, 15, 0, 15, 15, 16, : 17, 10, 6, 16, 2, 15, 15, 15, 16, 
128: 0, 0, 0, 0, 0, 15, 15, 15, 0, 0, 0, 0, 0, 0, 0, 17, 15, 0, 0, 0, : 15, 15, 15, 17, 15, 
85: 0, 0, 15, 0, 15, 0, 0, 0, 0, 0, 0, 15, 0, 0, 0, 0, 3, 7, 0, 15, : 15, 15, 15, 3, 7, 15, 
31: 0, 15, 9, 0, 0, 15, 15, 0, 0, 15, 0, 6, 0, 15, 0, 0, 0, 0, 15, 0, : 15, 9, 15, 15, 15, 6, 15, 15, 
139: 12, 0, 29, 15, 0, 0, 0, 0, 15, 0, 16, 0, 19, 0, 0, 15, 0, 0, 0, 0, : 12, 29, 15, 15, 16, 19, 15, 
269: 0, 0, 0, 0, 0, 8, 0, 0, 0, 15, 0, 15, 17, 15, 20, 0, 16, 15, 0, 0, : 8, 15, 15, 17, 15, 20, 16, 15, 
282: 0, 0, 0, 0, 17, 0, 0, 0, 15, 0, 0, 15, 0, 0, 15, 0, 15, 16, 0, 0, : 17, 15, 15, 15, 15, 16, 
172: 0, 15, 0, 0, 0, 0, 0, 0, 0, 0, 0, 0, 15, 15, 16, 0, 0, 0, 0, 0, : 15, 15, 15, 16, 
81: 0, 0, 0, 0, 0, 0, 0, 15, 23, 0, 0, 0, 0, 0, 0, 0, 15, 0, 0, 0, : 15, 23, 15, 
200: 0, 0, 15, 15, 0, 16, 0, 15, 15, 0, 0, 0, 15, 15, 0, 15, 0, 0, 0, 15, : 15, 15, 16, 15, 15, 15, 15, 15, 15, 
129: 15, 0, 0, 0, 15, 0, 16, 0, 15, 15, 18, 0, 0, 0, 0, 0, 0, 0, 0, 0, : 15, 15, 16, 15, 15, 18, 
289: 0, 18, 0, 0, 16, 0, 16, 15, 0, 15, 0, 0, 15, 0, 15, 0, 0, 16, 15, 0, : 18, 16, 16, 15, 15, 15, 15, 16, 15, 
300: 0, 15, 0, 15, 0, 0, 25, 0, 15, 16, 1, 0, 0, 0, 0, 8, 21, 0, 0, 0, : 15, 15, 25, 15, 16, 1, 8, 21, 


193: 0, 15, 29, 0, 0, 0, 0, 0, 0, 0, 15, 0, 0, 0, 0, 0, 16, 0, 0, 16, : 15, 29, 15, 16, 16, 
124: 0, 0, 9, 0, 0, 0, 15, 0, 0, 15, 15, 0, 0, 15, 15, 24, 18, 0, 22, 0, : 9, 15, 15, 15, 15, 15, 24, 18, 22, 
286: 15, 0, 0, 16, 0, 0, 0, 0, 0, 0, 15, 0, 15, 0, 18, 0, 0, 15, 0, 15, : 15, 16, 15, 15, 18, 15, 15, 
74: 0, 0, 0, 0, 15, 0, 15, 0, 15, 0, 0, 15, 15, 15, 0, 0, 0, 0, 0, 0, : 15, 15, 15, 15, 15, 15, 
45: 0, 15, 0, 0, 0, 15, 0, 0, 15, 0, 0, 15, 0, 0, 15, 0, 0, 30, 15, 0, : 15, 15, 15, 15, 15, 30, 15, 
24: 0, 15, 15, 15, 0, 0, 0, 0, 0, 0, 14, 21, 0, 0, 19, 0, 0, 0, 0, 0, : 15, 15, 15, 14, 21, 19, 
219: 0, 15, 0, 0, 0, 3, 15, 0, 15, 0, 0, 0, 0, 0, 0, 0, 15, 0, 0, 0, : 15, 3, 15, 15, 15, 
264: 15, 0, 0, 0, 0, 19, 9, 15, 15, 15, 0, 0, 18, 0, 0, 0, 0, 0, 0, 0, : 15, 19, 9, 15, 15, 15, 18, 
247: 0, 0, 0, 0, 0, 0, 0, 0, 0, 0, 0, 0, 15, 5, 0, 0, 15, 5, 15, 0, : 15, 5, 15, 5, 15, 
84: 0, 0, 0, 0, 15, 0, 0, 16, 0, 0, 15, 15, 0, 0, 0, 0, 0, 0, 0, 0, : 15, 16, 15, 15, 
162: 0, 20, 0, 0, 2, 0, 16, 0, 7, 0, 0, 0, 0, 16, 0, 18, 15, 0, 0, 20, : 20, 2, 16, 7, 16, 18, 15, 20, 
56: 0, 2, 15, 0, 15, 0, 0, 7, 0, 0, 0, 15, 0, 15, 18, 0, 16, 0, 0, 15, : 2, 15, 15, 7, 15, 15, 18, 16, 15, 
270: 20, 18, 0, 21, 18, 18, 0, 15, 0, 7, 0, 4, 0, 0, 0, 19, 5, 0, 0, 0, : 20, 18, 21, 18, 18, 15, 7, 4, 19, 5, 
254: 0, 0, 0, 0, 0, 0, 0, 0, 0, 15, 0, 0, 0, 0, 15, 0, 0, 0, 0, 15, : 15, 15, 15, 
243: 0, 0, 15, 14, 19, 0, 0, 0, 0, 0, 0, 0, 15, 0, 0, 0, 0, 15, 14, 0, : 15, 14, 19, 15, 15, 14, 
9: 20, 0, 0, 19, 0, 15, 0, 15, 0, 15, 26, 0, 0, 0, 0, 15, 0, 0, 15, 0, : 20, 19, 15, 15, 15, 26, 15, 15, 
227: 15, 0, 0, 15, 0, 15, 0, 0, 16, 15, 0, 15, 0, 18, 0, 0, 0, 0, 19, 15, : 15, 15, 15, 16, 15, 15, 18, 19, 15, 
27: 0, 0, 0, 0, 0, 15, 15, 15, 0, 18, 0, 0, 0, 16, 0, 0, 0, 0, 0, 0, : 15, 15, 15, 18, 16, 
166: 0, 0, 0, 0, 0, 0, 0, 17, 0, 0, 0, 0, 22, 0, 0, 24, 0, 20, 0, 4, : 17, 22, 24, 20, 4, 
76: 15, 0, 17, 0, 16, 0, 15, 0, 17, 0, 0, 0, 0, 0, 0, 0, 0, 15, 0, 0, : 15, 17, 16, 15, 17, 15, 


57: 0, 0, 0, 0, 0, 0, 0, 16, 0, 15, 0, 0, 19, 0, 0, 0, 4, 0, 0, 15, : 16, 15, 19, 4, 15, 
104: 0, 15, 0, 0, 15, 0, 9, 0, 0, 16, 15, 0, 15, 15, 0, 0, 15, 0, 0, 0, : 15, 15, 9, 16, 15, 15, 15, 15, 
260: 0, 0, 0, 0, 15, 0, 0, 15, 15, 0, 0, 0, 0, 0, 17, 0, 15, 0, 15, 14, : 15, 15, 15, 17, 15, 15, 14, 
194: 0, 0, 15, 7, 15, 0, 0, 0, 0, 0, 16, 15, 0, 0, 0, 24, 0, 0, 0, 0, : 15, 7, 15, 16, 15, 24, 
224: 0, 17, 17, 15, 9, 0, 0, 0, 0, 0, 15, 15, 0, 0, 17, 0, 0, 0, 0, 0, : 17, 17, 15, 9, 15, 15, 17, 
262: 0, 0, 0, 15, 0, 0, 15, 0, 15, 0, 16, 0, 0, 0, 0, 0, 15, 0, 0, 0, : 15, 15, 15, 16, 15, 
120: 0, 16, 0, 0, 15, 15, 0, 0, 10, 0, 0, 15, 0, 0, 15, 16, 0, 0, 0, 0, : 16, 15, 15, 10, 15, 15, 16, 
49: 15, 0, 16, 0, 0, 0, 15, 0, 0, 0, 25, 0, 2, 15, 0, 0, 0, 0, 15, 0, : 15, 16, 15, 25, 2, 15, 15, 
123: 0, 0, 0, 33, 0, 15, 0, 0, 0, 9, 0, 0, 0, 0, 15, 0, 0, 0, 0, 15, : 33, 15, 9, 15, 15, 
242: 0, 2, 0, 0, 15, 0, 15, 0, 15, 29, 0, 0, 0, 0, 5, 0, 15, 0, 15, 0, : 2, 15, 15, 15, 29, 5, 15, 15, 
71: 15, 15, 0, 0, 0, 0, 0, 16, 15, 0, 0, 4, 0, 0, 0, 0, 0, 0, 15, 15, : 15, 15, 16, 15, 4, 15, 15, 
229: 0, 0, 0, 0, 0, 15, 15, 0, 15, 0, 0, 0, 0, 0, 16, 0, 21, 0, 10, 0, : 15, 15, 15, 16, 21, 10, 
55: 0, 0, 16, 0, 0, 20, 0, 15, 0, 0, 0, 0, 17, 0, 0, 15, 0, 0, 0, 0, : 16, 20, 15, 17, 15, 
277: 15, 0, 6, 15, 16, 0, 16, 0, 15, 0, 0, 0, 15, 15, 0, 0, 0, 22, 0, 0, : 15, 6, 15, 16, 16, 15, 15, 15, 22, 
141: 0, 0, 0, 0, 0, 0, 0, 6, 0, 15, 0, 0, 17, 15, 0, 0, 0, 18, 0, 0, : 6, 15, 17, 15, 18, 
40: 15, 20, 15, 0, 0, 0, 15, 0, 0, 0, 0, 16, 0, 15, 15, 15, 0, 15, 15, 0, : 15, 20, 15, 15, 16, 15, 15, 15, 15, 15, 
237: 18, 0, 0, 0, 0, 15, 0, 0, 0, 0, 0, 20, 0, 15, 0, 0, 15, 15, 0, 0, : 18, 15, 20, 15, 15, 15, 
109: 22, 0, 0, 15, 0, 15, 0, 16, 0, 16, 13, 15, 15, 0, 0, 15, 0, 0, 0, 26, : 22, 15, 15, 16, 16, 13, 15, 15, 15, 26, 
196: 0, 0, 0, 0, 0, 0, 0, 16, 0, 0, 0, 0, 0, 10, 0, 15, 0, 15, 0, 0, : 16, 10, 15, 15, 
42: 0, 15, 15, 0, 0, 5, 0, 0, 0, 0, 0, 0, 0, 0, 0, 0, 0, 15, 15, 15, : 15, 15, 5, 15, 15, 15, 


249: 15, 0, 15, 0, 15, 0, 0, 0, 0, 0, 0, 7, 15, 0, 0, 15, 15, 0, 0, 15, : 15, 15, 15, 7, 15, 15, 15, 15, 
3: 0, 0, 0, 0, 0, 0, 0, 15, 0, 33, 0, 0, 0, 0, 15, 0, 0, 0, 0, 15, : 15, 33, 15, 15, 
221: 0, 0, 0, 0, 0, 15, 0, 15, 0, 24, 0, 15, 16, 16, 0, 0, 0, 15, 15, 0, : 15, 15, 24, 15, 16, 16, 15, 15, 
72: 16, 23, 0, 0, 7, 0, 0, 15, 0, 0, 7, 0, 0, 0, 0, 15, 0, 0, 0, 15, : 16, 23, 7, 15, 7, 15, 15, 
299: 0, 0, 0, 0, 0, 15, 0, 0, 0, 0, 16, 15, 0, 0, 0, 0, 16, 0, 0, 10, : 15, 16, 15, 16, 10, 
110: 15, 0, 17, 0, 0, 0, 0, 16, 0, 0, 0, 0, 0, 0, 16, 0, 0, 0, 16, 0, : 15, 17, 16, 16, 16, 
216: 0, 0, 0, 15, 0, 0, 0, 0, 36, 0, 0, 0, 0, 0, 35, 18, 0, 16, 15, 15, : 15, 36, 35, 18, 16, 15, 15, 
233: 0, 11, 16, 16, 18, 0, 9, 0, 0, 5, 0, 0, 0, 0, 0, 0, 0, 0, 0, 0, : 11, 16, 16, 18, 9, 5, 
205: 0, 0, 0, 0, 0, 0, 0, 0, 17, 0, 0, 16, 0, 0, 0, 0, 0, 0, 0, 0, : 17, 16, 
151: 9, 0, 0, 15, 0, 0, 0, 14, 15, 0, 27, 0, 0, 15, 0, 0, 15, 15, 0, 0, : 9, 15, 14, 15, 27, 15, 15, 15, 
184: 15, 15, 15, 0, 15, 8, 0, 0, 0, 0, 0, 15, 0, 11, 0, 0, 22, 0, 0, 0, : 15, 15, 15, 15, 8, 15, 11, 22, 
191: 0, 15, 0, 15, 0, 16, 15, 0, 0, 0, 0, 0, 17, 0, 0, 0, 2, 17, 0, 0, : 15, 15, 16, 15, 17, 2, 17, 
118: 0, 0, 15, 0, 15, 15, 15, 0, 0, 0, 0, 0, 16, 0, 0, 18, 0, 7, 27, 0, : 15, 15, 15, 15, 16, 18, 7, 27, 
150: 0, 0, 0, 15, 0, 0, 0, 0, 2, 0, 19, 0, 0, 0, 15, 19, 0, 15, 0, 0, : 15, 2, 19, 15, 19, 15, 
10: 0, 15, 0, 15, 0, 15, 0, 0, 0, 0, 0, 0, 27, 0, 0, 0, 0, 0, 0, 0, : 15, 15, 15, 27, 
174: 0, 0, 0, 0, 15, 16, 0, 0, 0, 15, 0, 0, 0, 25, 15, 15, 15, 0, 21, 15, : 15, 16, 15, 25, 15, 15, 15, 21, 15, 
43: 15, 21, 16, 0, 15, 0, 15, 0, 0, 0, 15, 0, 9, 0, 0, 0, 0, 15, 0, 0, : 15, 21, 16, 15, 15, 15, 9, 15, 
25: 15, 0, 6, 0, 0, 0, 16, 0, 15, 0, 16, 15, 0, 18, 0, 0, 0, 0, 0, 15, : 15, 6, 16, 15, 16, 15, 18, 15, 
261: 0, 0, 0, 0, 0, 0, 15, 25, 0, 0, 0, 0, 0, 0, 0, 0, 0, 0, 6, 0, : 15, 25, 6, 
241: 0, 0, 0, 9, 0, 0, 15, 0, 15, 23, 0, 17, 0, 15, 4, 0, 15, 0, 0, 0, : 9, 15, 15, 23, 17, 15, 4, 15, 


15: 0, 25, 0, 0, 0, 0, 22, 0, 0, 15, 15, 0, 0, 0, 0, 0, 0, 0, 15, 15, : 25, 22, 15, 15, 15, 15, 
46: 0, 0, 0, 0, 0, 0, 0, 0, 0, 15, 0, 0, 0, 16, 15, 0, 0, 37, 15, 15, : 15, 16, 15, 37, 15, 15, 
279: 16, 0, 8, 6, 0, 0, 0, 0, 1, 0, 0, 0, 0, 15, 15, 22, 0, 0, 0, 0, : 16, 8, 6, 1, 15, 15, 22, 
179: 17, 0, 15, 0, 0, 15, 0, 15, 0, 9, 0, 0, 15, 0, 0, 15, 5, 0, 0, 0, : 17, 15, 15, 15, 9, 15, 15, 5, 
2: 0, 0, 0, 18, 0, 16, 0, 0, 15, 0, 16, 15, 0, 0, 0, 0, 0, 0, 0, 25, : 18, 16, 15, 16, 15, 25, 
102: 0, 0, 0, 0, 19, 8, 0, 15, 0, 0, 0, 0, 10, 0, 0, 15, 0, 0, 0, 0, : 19, 8, 15, 10, 15, 
190: 0, 15, 0, 0, 0, 0, 15, 0, 0, 0, 15, 19, 0, 0, 0, 0, 15, 0, 3, 0, : 15, 15, 15, 19, 15, 3, 
75: 0, 0, 0, 15, 0, 0, 0, 15, 0, 0, 15, 0, 0, 15, 15, 0, 0, 0, 0, 15, : 15, 15, 15, 15, 15, 15, 
245: 0, 0, 16, 0, 0, 0, 10, 19, 0, 0, 0, 0, 0, 9, 15, 0, 15, 0, 15, 15, : 16, 10, 19, 9, 15, 15, 15, 15, 
152: 22, 16, 0, 0, 15, 0, 0, 0, 15, 15, 0, 35, 0, 0, 0, 16, 0, 0, 0, 0, : 22, 16, 15, 15, 15, 35, 16, 
189: 0, 0, 0, 15, 17, 0, 0, 0, 0, 0, 0, 0, 15, 15, 0, 0, 0, 0, 0, 0, : 15, 17, 15, 15, 
178: 0, 0, 15, 0, 0, 16, 0, 0, 21, 0, 0, 0, 0, 0, 15, 0, 15, 0, 15, 0, : 15, 16, 21, 15, 15, 15, 
202: 15, 14, 0, 0, 0, 0, 23, 15, 0, 0, 0, 15, 15, 0, 10, 16, 0, 22, 0, 15, : 15, 14, 23, 15, 15, 15, 10, 16, 22, 15, 
186: 0, 0, 0, 0, 18, 0, 0, 16, 15, 16, 9, 0, 15, 0, 15, 0, 0, 0, 0, 0, : 18, 16, 15, 16, 9, 15, 15, 
66: 0, 15, 0, 0, 0, 0, 0, 5, 0, 0, 0, 0, 15, 0, 0, 0, 20, 11, 0, 0, : 15, 5, 15, 20, 11, 
214: 0, 0, 16, 16, 0, 15, 0, 0, 0, 0, 15, 15, 0, 15, 0, 1, 0, 0, 0, 0, : 16, 16, 15, 15, 15, 15, 1, 
230: 15, 0, 15, 15, 16, 0, 0, 0, 0, 0, 15, 0, 15, 0, 0, 0, 0, 15, 22, 0, : 15, 15, 15, 16, 15, 15, 15, 22, 
35: 15, 0, 0, 0, 0, 15, 15, 0, 0, 0, 0, 0, 0, 0, 0, 0, 15, 0, 0, 0, : 15, 15, 15, 15, 
37: 0, 0, 0, 15, 0, 0, 15, 0, 16, 15, 0, 1, 0, 0, 0, 15, 15, 15, 0, 0, : 15, 15, 16, 15, 1, 15, 15, 15, 
52: 0, 15, 15, 0, 15, 15, 0, 0, 17, 15, 0, 0, 0, 15, 0, 0, 0, 0, 15, 0, : 15, 15, 15, 15, 17, 15, 15, 15, 


