
40
200
100
10

112: 25, 0, 15, 0, 15, 0, 4, 15, 0, 0, 15, 15, 16, 17, 17, 0, 0, 0, 0, 0, 17, 15, 0, 0, 0, 0, 0, 0, 8, 0, 0, 0, 0, 0, 16, 0, 6, 0, 15, 0, : 25, 15, 15, 4, 15, 15, 15, 16, 17, 17, 17, 15, 8, 16, 6, 15, 
155: 17, 0, 15, 0, 0, 15, 0, 0, 0, 2, 0, 15, 16, 0, 15, 0, 15, 16, 15, 0, 30, 0, 0, 1, 0, 0, 0, 0, 15, 0, 0, 0, 0, 0, 0, 0, 16, 15, 0, 0, : 17, 15, 15, 2, 15, 16, 15, 15, 16, 15, 30, 1, 15, 16, 15, 
22: 0, 8, 0, 0, 0, 0, 0, 0, 21, 15, 0, 0, 15, 0, 0, 0, 0, 0, 0, 0, 0, 0, 0, 0, 0, 0, 0, 16, 17, 0, 15, 0, 15, 0, 0, 26, 15, 0, 15, 0, : 8, 21, 15, 15, 16, 17, 15, 15, 26, 15, 15, 
47: 0, 0, 0, 0, 0, 15, 0, 0, 0, 19, 6, 7, 0, 0, 0, 15, 18, 0, 0, 15, 0, 0, 0, 0, 15, 0, 15, 15, 0, 0, 0, 15, 0, 0, 0, 0, 0, 0, 0, 0, : 15, 19, 6, 7, 15, 18, 15, 15, 15, 15, 15, 
75: 0, 0, 0, 30, 17, 1, 17, 0, 18, 0, 0, 0, 0, 0, 0, 0, 7, 0, 0, 17, 0, 0, 0, 17, 15, 0, 0, 15, 15, 0, 38, 0, 0, 0, 0, 0, 0, 0, 0, 0, : 30, 17, 1, 17, 18, 7, 17, 17, 15, 15, 15, 38, 
153: 19, 15, 0, 15, 0, 0, 0, 16, 0, 0, 0, 0, 0, 0, 15, 0, 0, 0, 0, 16, 18, 0, 15, 0, 0, 15, 0, 15, 0, 0, 0, 0, 0, 0, 0, 0, 0, 27, 8, 0, : 19, 15, 15, 16, 15, 16, 18, 15, 15, 15, 27, 8, 
116: 21, 28, 0, 0, 15, 15, 0, 18, 16, 15, 15, 15, 0, 15, 0, 0, 15, 0, 0, 0, 0, 1, 7, 15, 17, 0, 15, 0, 0, 0, 2, 0, 8, 0, 16, 0, 0, 0, 0, 0, : 21, 28, 15, 15, 18, 16, 15, 15, 15, 15, 15, 1, 7, 15, 17, 15, 2, 8, 16, 
79: 0, 15, 23, 0, 0, 0, 0, 0, 0, 0, 0, 0, 0, 15, 15, 0, 15, 0, 0, 0, 0, 0, 16, 0, 0, 15, 17, 0, 0, 0, 15, 9, 0, 0, 0, 0, 18, 0, 17, 0, : 15, 23, 15, 15, 15, 16, 15, 17, 15, 9, 18, 17, 
102: 0, 0, 0, 0, 15, 0, 0, 0, 0, 0, 16, 18, 0, 0, 0, 0, 15, 0, 0, 0, 0, 0, 0, 0, 0, 15, 0, 18, 15, 13, 0, 0, 0, 20, 0, 0, 0, 0, 0, 0, : 15, 16, 18, 15, 15, 18, 15, 13, 20, 
40: 0, 0, 0, 0, 0, 15, 0, 15, 0, 0, 0, 0, 0, 15, 0, 0, 0, 0, 15, 0, 0, 0, 17, 0, 0, 15, 15, 6, 0, 0, 15, 0, 0, 15, 0, 0, 0, 17, 0, 20, : 15, 15, 15, 15, 17, 15, 15, 6, 15, 15, 17, 20, 
36: 0, 0, 15, 0, 8, 0, 0, 17, 0, 0, 16, 0, 16, 0, 0, 14, 0, 0, 18, 17, 16, 0, 0, 15, 15, 15, 0, 0, 15, 0, 0, 0, 0, 5, 17, 13, 15, 0, 0, 0, : 15, 8, 17, 16, 16, 14, 18, 17, 16, 15, 15, 15, 15, 5, 17, 13, 15, 
67: 15, 0, 0, 7, 15, 0, 0, 0, 0, 15, 0, 0, 0, 21, 0, 0, 0, 15, 0, 0, 0, 0, 0, 0, 0, 0, 15, 0, 0, 28, 15, 17, 0, 0, 0, 0, 0, 0, 0, 0, : 15, 7, 15, 15, 21, 15, 15, 28, 15, 17, 
149: 3, 0, 0, 0, 0, 0, 15, 0, 15, 0, 17, 15, 0, 0, 0, 18, 0, 0, 20, 0, 0, 20, 15, 0, 0, 0, 0, 15, 0, 0, 0, 0, 27, 15, 15, 0, 0, 15, 0, 0, : 3, 15, 15, 17, 15, 18, 20, 20, 15, 15, 27, 15, 15, 15, 
197: 0, 15, 0, 0, 15, 0, 0, 15, 15, 0, 0, 0, 0, 0, 15, 0, 0, 15, 0, 0, 0, 28, 15, 19, 16, 0, 8, 0, 0, 0, 0, 29, 17, 15, 0, 20, 0, 0, 0, 27, : 15, 15, 15, 15, 15, 15, 28, 15, 19, 16, 8, 29, 17, 15, 20, 27, 
194: 0, 19, 2, 17, 0, 16, 16, 0, 0, 0, 15, 0, 0, 0, 0, 15, 0, 0, 17, 0, 0, 0, 0, 0, 0, 15, 0, 0, 0, 20, 0, 0, 0, 0, 0, 0, 0, 0, 15, 16, : 19, 2, 17, 16, 16, 15, 15, 17, 15, 20, 15, 16, 
63: 0, 0, 0, 15, 0, 0, 15, 0, 0, 0, 0, 0, 0, 0, 0, 0, 0, 0, 0, 0, 19, 0, 0, 0, 0, 0, 15, 0, 0, 0, 0, 0, 0, 0, 0, 15, 15, 0, 0, 0, : 15, 15, 19, 15, 15, 15, 
139: 0, 0, 15, 0, 0, 0, 18, 4, 15, 15, 0, 0, 7, 15, 17, 0, 15, 0, 0, 15, 0, 0, 0, 18, 7, 0, 0, 0, 0, 0, 0, 15, 18, 0, 15, 0, 0, 0, 15, 15, : 15, 18, 4, 15, 15, 7, 15, 17, 15, 15, 18, 7, 15, 18, 15, 15, 15, 
175: 0, 0, 0, 0, 0, 0, 15, 0, 0, 0, 0, 15, 15, 2, 6, 23, 0, 15, 15, 5, 0, 15, 0, 0, 0, 0, 0, 0, 0, 0, 0, 15, 0, 15, 5, 0, 0, 10, 0, 0, : 15, 15, 15, 2, 6, 23, 15, 15, 5, 15, 15, 15, 5, 10, 
163: 0, 0, 15, 0, 0, 23, 0, 0, 0, 0, 0, 0, 0, 0, 0, 0, 0, 16, 0, 15, 0, 0, 15, 15, 15, 10, 0, 0, 0, 0, 0, 0, 15, 0, 16, 26, 0, 16, 0, 15, : 15, 23, 16, 15, 15, 15, 15, 10, 15, 16, 26, 16, 15, 
89: 0, 0, 0, 16, 0, 0, 0, 0, 0, 19, 0, 0, 15, 0, 0, 15, 0, 23, 0, 0, 0, 21, 0, 0, 0, 0, 0, 0, 15, 39, 0, 0, 0, 15, 0, 0, 15, 0, 15, 7, : 16, 19, 15, 15, 23, 21, 15, 39, 15, 15, 15, 7, 


55: 0, 0, 17, 0, 0, 0, 0, 15, 0, 0, 22, 15, 0, 15, 0, 15, 0, 0, 0, 0, 0, 0, 16, 21, 0, 8, 15, 15, 22, 0, 0, 0, 0, 18, 0, 0, 15, 0, 15, 0, : 17, 15, 22, 15, 15, 15, 16, 21, 8, 15, 15, 22, 18, 15, 15, 
103: 0, 5, 0, 17, 0, 0, 16, 9, 0, 19, 0, 0, 0, 0, 0, 0, 0, 0, 0, 0, 0, 0, 0, 0, 0, 0, 0, 0, 0, 0, 30, 9, 17, 0, 0, 15, 0, 0, 0, 8, : 5, 17, 16, 9, 19, 30, 9, 17, 15, 8, 
92: 0, 0, 0, 0, 15, 0, 15, 0, 0, 15, 0, 0, 15, 16, 0, 0, 0, 0, 0, 33, 0, 4, 0, 0, 0, 0, 0, 0, 0, 0, 15, 0, 16, 0, 18, 11, 0, 0, 0, 0, : 15, 15, 15, 15, 16, 33, 4, 15, 16, 18, 11, 
104: 0, 0, 0, 0, 0, 27, 0, 0, 4, 0, 0, 0, 15, 0, 0, 15, 20, 0, 0, 0, 15, 15, 0, 0, 0, 0, 0, 0, 0, 0, 0, 0, 0, 0, 0, 0, 15, 15, 15, 15, : 27, 4, 15, 15, 20, 15, 15, 15, 15, 15, 15, 
193: 25, 0, 15, 15, 22, 0, 0, 0, 15, 0, 0, 0, 0, 0, 0, 0, 0, 0, 15, 0, 15, 0, 5, 15, 0, 0, 0, 0, 0, 15, 0, 15, 15, 16, 0, 0, 0, 0, 0, 0, : 25, 15, 15, 22, 15, 15, 15, 5, 15, 15, 15, 15, 16, 
168: 0, 0, 6, 0, 0, 0, 0, 0, 0, 18, 16, 0, 4, 15, 15, 0, 17, 15, 16, 18, 0, 0, 0, 0, 0, 0, 0, 0, 0, 15, 0, 16, 13, 17, 0, 0, 0, 15, 0, 0, : 6, 18, 16, 4, 15, 15, 17, 15, 16, 18, 15, 16, 13, 17, 15, 
90: 0, 16, 0, 0, 0, 0, 0, 0, 0, 0, 0, 15, 0, 0, 8, 17, 0, 0, 0, 0, 14, 15, 0, 0, 15, 0, 15, 0, 0, 20, 0, 15, 16, 0, 15, 0, 16, 0, 0, 0, : 16, 15, 8, 17, 14, 15, 15, 15, 20, 15, 16, 15, 16, 
107: 15, 15, 0, 7, 0, 0, 0, 0, 15, 0, 17, 0, 0, 0, 0, 0, 15, 0, 15, 0, 0, 0, 0, 0, 0, 0, 11, 0, 0, 0, 0, 0, 0, 20, 0, 0, 0, 17, 25, 0, : 15, 15, 7, 15, 17, 15, 15, 11, 20, 17, 25, 
17: 0, 0, 0, 0, 0, 0, 0, 0, 18, 0, 0, 0, 0, 17, 25, 0, 20, 15, 0, 0, 0, 0, 17, 0, 0, 19, 0, 25, 18, 15, 15, 15, 0, 0, 15, 0, 0, 0, 0, 15, : 18, 17, 25, 20, 15, 17, 19, 25, 18, 15, 15, 15, 15, 15, 
147: 16, 0, 15, 0, 0, 0, 16, 0, 0, 15, 0, 0, 0, 16, 0, 0, 0, 0, 0, 0, 0, 17, 15, 0, 0, 0, 0, 0, 0, 0, 0, 0, 0, 14, 0, 0, 15, 15, 0, 0, : 16, 15, 16, 15, 16, 17, 15, 14, 15, 15, 
52: 0, 0, 15, 15, 0, 0, 18, 0, 0, 0, 0, 0, 0, 0, 18, 4, 0, 15, 0, 0, 23, 0, 0, 0, 0, 0, 0, 2, 0, 0, 0, 15, 0, 0, 16, 25, 0, 0, 15, 0, : 15, 15, 18, 18, 4, 15, 23, 2, 15, 16, 25, 15, 
85: 0, 15, 0, 15, 15, 0, 0, 0, 0, 0, 0, 0, 15, 0, 0, 0, 0, 15, 15, 0, 0, 17, 0, 0, 29, 15, 0, 18, 15, 0, 0, 0, 23, 0, 0, 15, 0, 0, 0, 0, : 15, 15, 15, 15, 15, 15, 17, 29, 15, 18, 15, 23, 15, 
122: 0, 0, 0, 0, 0, 0, 0, 15, 18, 0, 0, 8, 15, 16, 0, 0, 17, 15, 32, 5, 0, 17, 15, 0, 0, 0, 0, 0, 0, 0, 0, 0, 0, 0, 15, 0, 6, 16, 15, 0, : 15, 18, 8, 15, 16, 17, 15, 32, 5, 17, 15, 15, 6, 16, 15, 
176: 0, 19, 0, 16, 0, 0, 17, 0, 0, 15, 0, 16, 0, 5, 0, 15, 11, 24, 0, 19, 33, 0, 0, 33, 15, 15, 22, 0, 0, 0, 18, 0, 0, 0, 0, 15, 0, 0, 0, 15, : 19, 16, 17, 15, 16, 5, 15, 11, 24, 19, 33, 33, 15, 15, 22, 18, 15, 15, 
16: 11, 0, 0, 0, 16, 20, 0, 15, 0, 0, 0, 15, 0, 0, 15, 0, 0, 0, 0, 0, 0, 15, 0, 5, 0, 25, 0, 15, 17, 0, 15, 0, 0, 15, 6, 0, 18, 0, 0, 0, : 11, 16, 20, 15, 15, 15, 15, 5, 25, 15, 17, 15, 15, 6, 18, 
109: 33, 0, 0, 0, 17, 16, 0, 16, 15, 0, 0, 16, 0, 0, 0, 0, 0, 0, 0, 0, 0, 0, 0, 26, 15, 18, 15, 0, 16, 0, 0, 0, 0, 0, 0, 0, 0, 0, 0, 15, : 33, 17, 16, 16, 15, 16, 26, 15, 18, 15, 16, 15, 
138: 0, 15, 0, 0, 0, 0, 0, 0, 15, 3, 15, 0, 21, 0, 0, 15, 0, 0, 0, 0, 0, 0, 0, 0, 3, 0, 0, 0, 12, 0, 0, 0, 0, 0, 0, 19, 0, 0, 0, 17, : 15, 15, 3, 15, 21, 15, 3, 12, 19, 17, 
66: 0, 0, 15, 0, 0, 0, 18, 15, 0, 0, 0, 0, 0, 0, 19, 0, 0, 0, 7, 0, 0, 0, 0, 0, 0, 0, 0, 0, 0, 4, 0, 0, 0, 0, 0, 0, 15, 0, 0, 0, : 15, 18, 15, 19, 7, 4, 15, 
74: 0, 0, 0, 15, 0, 22, 0, 15, 0, 0, 15, 15, 15, 0, 0, 19, 0, 1, 0, 25, 0, 0, 32, 0, 0, 0, 0, 0, 0, 31, 0, 0, 0, 0, 0, 0, 0, 3, 15, 0, : 15, 22, 15, 15, 15, 15, 19, 1, 25, 32, 31, 3, 15, 
81: 0, 15, 17, 0, 15, 15, 0, 0, 0, 15, 15, 0, 0, 0, 0, 0, 0, 0, 0, 0, 0, 0, 0, 0, 23, 0, 22, 25, 0, 0, 7, 15, 0, 0, 15, 0, 0, 19, 0, 15, : 15, 17, 15, 15, 15, 15, 23, 22, 25, 7, 15, 15, 19, 15, 


62: 15, 15, 0, 0, 0, 0, 0, 15, 0, 0, 0, 0, 0, 15, 0, 0, 0, 16, 15, 0, 0, 0, 0, 0, 0, 0, 14, 0, 0, 19, 15, 0, 15, 4, 0, 15, 24, 0, 0, 16, : 15, 15, 15, 15, 16, 15, 14, 19, 15, 15, 4, 15, 24, 16, 
38: 0, 0, 15, 15, 17, 0, 17, 15, 0, 29, 16, 15, 2, 0, 0, 0, 0, 0, 15, 0, 0, 16, 0, 0, 0, 0, 0, 0, 15, 16, 0, 0, 0, 15, 15, 0, 17, 0, 0, 0, : 15, 15, 17, 17, 15, 29, 16, 15, 2, 15, 16, 15, 16, 15, 15, 17, 
183: 21, 0, 0, 37, 15, 0, 15, 15, 0, 0, 15, 0, 0, 0, 15, 0, 15, 0, 15, 0, 0, 0, 0, 15, 17, 19, 0, 0, 0, 0, 0, 0, 8, 18, 0, 0, 15, 20, 15, 0, : 21, 37, 15, 15, 15, 15, 15, 15, 15, 15, 17, 19, 8, 18, 15, 20, 15, 
185: 18, 0, 0, 0, 0, 15, 0, 0, 0, 0, 0, 0, 20, 20, 18, 0, 0, 0, 0, 15, 0, 0, 0, 17, 0, 0, 0, 5, 0, 0, 9, 0, 0, 0, 0, 16, 13, 0, 0, 0, : 18, 15, 20, 20, 18, 15, 17, 5, 9, 16, 13, 
39: 15, 0, 0, 0, 16, 0, 0, 15, 0, 34, 0, 0, 0, 15, 22, 15, 0, 0, 0, 17, 0, 0, 15, 0, 0, 0, 15, 0, 20, 0, 16, 0, 0, 0, 15, 15, 0, 0, 15, 0, : 15, 16, 15, 34, 15, 22, 15, 17, 15, 15, 20, 16, 15, 15, 15, 
41: 0, 9, 0, 0, 6, 5, 0, 0, 24, 0, 0, 0, 0, 20, 0, 0, 15, 0, 0, 17, 15, 33, 5, 0, 0, 0, 0, 0, 0, 0, 15, 27, 0, 0, 0, 0, 0, 0, 21, 0, : 9, 6, 5, 24, 20, 15, 17, 15, 33, 5, 15, 27, 21, 
69: 0, 15, 0, 0, 0, 0, 0, 15, 18, 4, 9, 0, 0, 15, 0, 0, 0, 15, 0, 0, 13, 0, 0, 0, 23, 0, 0, 0, 0, 4, 15, 0, 0, 0, 0, 0, 0, 15, 0, 0, : 15, 15, 18, 4, 9, 15, 15, 13, 23, 4, 15, 15, 
148: 0, 15, 0, 15, 0, 0, 15, 0, 0, 0, 0, 18, 0, 0, 16, 15, 0, 0, 0, 15, 0, 0, 0, 19, 15, 0, 15, 0, 15, 0, 0, 0, 15, 0, 16, 0, 0, 0, 15, 0, : 15, 15, 15, 18, 16, 15, 15, 19, 15, 15, 15, 15, 16, 15, 
173: 0, 15, 0, 0, 15, 0, 0, 0, 15, 0, 0, 0, 0, 0, 0, 0, 0, 4, 0, 15, 15, 19, 0, 0, 0, 0, 0, 0, 18, 21, 0, 0, 15, 0, 0, 0, 0, 0, 0, 0, : 15, 15, 15, 4, 15, 15, 19, 18, 21, 15, 
56: 0, 0, 0, 0, 0, 16, 15, 0, 6, 0, 0, 0, 15, 0, 0, 15, 9, 15, 0, 0, 0, 15, 16, 15, 0, 15, 0, 15, 0, 0, 0, 0, 0, 0, 0, 0, 0, 0, 0, 15, : 16, 15, 6, 15, 15, 9, 15, 15, 16, 15, 15, 15, 15, 
151: 15, 0, 0, 0, 0, 0, 15, 0, 0, 0, 15, 20, 0, 0, 0, 0, 15, 0, 0, 0, 20, 0, 0, 0, 15, 0, 0, 0, 0, 0, 0, 19, 15, 0, 0, 15, 0, 0, 0, 0, : 15, 15, 15, 20, 15, 20, 15, 19, 15, 15, 
5: 0, 0, 15, 0, 0, 15, 0, 17, 0, 17, 0, 15, 0, 0, 0, 0, 15, 0, 15, 15, 0, 0, 0, 0, 0, 25, 0, 15, 0, 0, 0, 23, 0, 0, 0, 0, 0, 0, 15, 0, : 15, 15, 17, 17, 15, 15, 15, 15, 25, 15, 23, 15, 
94: 0, 0, 0, 0, 0, 15, 0, 0, 0, 0, 0, 16, 0, 15, 0, 0, 15, 0, 0, 0, 0, 0, 0, 0, 0, 0, 15, 0, 15, 15, 0, 0, 0, 17, 0, 0, 16, 0, 0, 24, : 15, 16, 15, 15, 15, 15, 15, 17, 16, 24, 
108: 0, 16, 0, 0, 16, 0, 0, 0, 0, 0, 0, 0, 15, 0, 14, 0, 16, 15, 15, 0, 17, 0, 19, 16, 0, 8, 19, 35, 0, 0, 0, 0, 0, 0, 15, 15, 0, 15, 3, 0, : 16, 16, 15, 14, 16, 15, 15, 17, 19, 16, 8, 19, 35, 15, 15, 15, 3, 
177: 0, 0, 27, 15, 0, 15, 0, 0, 0, 0, 0, 0, 0, 0, 0, 18, 0, 0, 8, 0, 0, 0, 0, 17, 15, 0, 0, 0, 0, 0, 0, 16, 0, 0, 0, 19, 0, 0, 0, 15, : 27, 15, 15, 18, 8, 17, 15, 16, 19, 15, 
99: 1, 0, 8, 0, 0, 0, 0, 0, 0, 0, 0, 16, 0, 0, 0, 0, 0, 20, 0, 0, 0, 17, 15, 0, 0, 0, 22, 0, 0, 0, 0, 0, 0, 0, 0, 0, 0, 0, 0, 15, : 1, 8, 16, 20, 17, 15, 22, 15, 
80: 0, 0, 20, 0, 15, 19, 15, 8, 21, 0, 15, 0, 15, 0, 15, 0, 0, 0, 0, 6, 0, 0, 0, 1, 15, 0, 0, 15, 0, 0, 0, 0, 0, 15, 18, 5, 15, 0, 0, 15, : 20, 15, 19, 15, 8, 21, 15, 15, 15, 6, 1, 15, 15, 15, 18, 5, 15, 15, 
106: 0, 0, 0, 3, 0, 0, 8, 0, 0, 0, 15, 0, 18, 0, 0, 20, 0, 0, 17, 0, 20, 0, 0, 0, 0, 0, 0, 15, 17, 25, 15, 0, 15, 15, 0, 0, 0, 12, 0, 0, : 3, 8, 15, 18, 20, 17, 20, 15, 17, 25, 15, 15, 15, 12, 
181: 15, 0, 15, 0, 0, 0, 0, 0, 0, 0, 15, 0, 15, 0, 0, 0, 0, 0, 0, 0, 0, 0, 15, 0, 0, 18, 0, 0, 0, 0, 0, 15, 0, 16, 21, 0, 0, 23, 16, 0, : 15, 15, 15, 15, 15, 18, 15, 16, 21, 23, 16, 
142: 0, 15, 0, 15, 0, 0, 0, 0, 16, 16, 0, 0, 0, 0, 0, 17, 0, 15, 0, 0, 0, 0, 15, 0, 0, 15, 0, 0, 0, 0, 15, 0, 17, 0, 0, 0, 0, 15, 0, 0, : 15, 15, 16, 16, 17, 15, 15, 15, 15, 17, 15, 


34: 21, 0, 0, 0, 0, 0, 16, 15, 15, 33, 0, 0, 0, 0, 9, 0, 15, 0, 21, 0, 15, 0, 0, 17, 0, 0, 15, 0, 15, 0, 0, 0, 0, 0, 15, 0, 0, 0, 8, 20, : 21, 16, 15, 15, 33, 9, 15, 21, 15, 17, 15, 15, 15, 8, 20, 
83: 0, 0, 0, 15, 0, 0, 17, 0, 0, 0, 0, 0, 15, 15, 0, 0, 0, 0, 0, 16, 0, 0, 0, 29, 17, 0, 15, 0, 0, 0, 18, 0, 20, 0, 0, 0, 0, 7, 15, 0, : 15, 17, 15, 15, 16, 29, 17, 15, 18, 20, 7, 15, 
172: 15, 0, 0, 15, 15, 22, 0, 0, 0, 0, 15, 0, 0, 0, 0, 14, 0, 38, 15, 0, 28, 0, 6, 0, 0, 0, 0, 0, 21, 0, 0, 0, 0, 0, 16, 0, 0, 0, 15, 0, : 15, 15, 15, 22, 15, 14, 38, 15, 28, 6, 21, 16, 15, 
73: 16, 0, 0, 0, 0, 0, 15, 0, 0, 15, 0, 0, 1, 0, 0, 0, 0, 15, 15, 0, 0, 15, 0, 0, 15, 0, 0, 0, 0, 0, 0, 0, 0, 11, 0, 0, 0, 0, 0, 0, : 16, 15, 15, 1, 15, 15, 15, 15, 11, 
48: 0, 15, 0, 0, 15, 0, 15, 0, 0, 0, 0, 0, 0, 5, 16, 0, 0, 0, 0, 0, 0, 0, 0, 0, 17, 0, 0, 0, 12, 0, 0, 0, 25, 0, 0, 0, 0, 0, 15, 17, : 15, 15, 15, 5, 16, 17, 12, 25, 15, 17, 
32: 0, 0, 16, 0, 35, 15, 0, 0, 18, 0, 0, 15, 0, 0, 0, 0, 0, 0, 0, 0, 0, 15, 0, 0, 0, 0, 0, 0, 0, 30, 19, 0, 18, 24, 0, 15, 15, 0, 0, 0, : 16, 35, 15, 18, 15, 15, 30, 19, 18, 24, 15, 15, 
159: 15, 8, 15, 0, 0, 16, 0, 15, 0, 15, 0, 0, 0, 0, 0, 0, 0, 0, 0, 0, 0, 0, 0, 0, 19, 0, 0, 15, 0, 11, 0, 15, 15, 15, 19, 0, 15, 0, 15, 0, : 15, 8, 15, 16, 15, 15, 19, 15, 11, 15, 15, 15, 19, 15, 15, 
82: 0, 0, 0, 15, 15, 0, 0, 0, 1, 0, 0, 15, 15, 0, 15, 15, 0, 0, 2, 0, 17, 5, 0, 18, 0, 22, 17, 0, 0, 0, 15, 0, 0, 0, 0, 21, 0, 0, 0, 0, : 15, 15, 1, 15, 15, 15, 15, 2, 17, 5, 18, 22, 17, 15, 21, 
28: 0, 0, 0, 0, 0, 15, 0, 0, 0, 0, 0, 0, 23, 0, 15, 0, 0, 15, 0, 0, 15, 0, 15, 0, 0, 0, 0, 16, 0, 0, 15, 15, 7, 0, 0, 0, 16, 0, 15, 16, : 15, 23, 15, 15, 15, 15, 16, 15, 15, 7, 16, 15, 16, 
29: 11, 0, 20, 0, 0, 16, 0, 4, 0, 15, 0, 0, 0, 15, 15, 0, 15, 0, 16, 0, 0, 0, 19, 0, 0, 15, 0, 0, 15, 0, 0, 0, 0, 0, 0, 12, 0, 0, 0, 0, : 11, 20, 16, 4, 15, 15, 15, 15, 16, 19, 15, 15, 12, 
59: 0, 15, 15, 7, 0, 16, 0, 0, 0, 15, 0, 0, 0, 0, 0, 15, 24, 15, 0, 0, 0, 0, 0, 0, 16, 0, 0, 0, 0, 22, 0, 0, 0, 0, 0, 15, 16, 0, 0, 16, : 15, 15, 7, 16, 15, 15, 24, 15, 16, 22, 15, 16, 16, 
190: 0, 0, 16, 0, 0, 0, 15, 0, 0, 0, 18, 3, 0, 0, 15, 0, 0, 17, 0, 15, 10, 0, 15, 0, 0, 0, 6, 15, 0, 0, 0, 4, 0, 0, 0, 0, 15, 15, 0, 15, : 16, 15, 18, 3, 15, 17, 15, 10, 15, 6, 15, 4, 15, 15, 15, 
131: 0, 0, 3, 0, 0, 0, 0, 0, 17, 7, 16, 0, 0, 0, 0, 0, 16, 0, 0, 15, 0, 0, 0, 0, 15, 0, 17, 8, 16, 0, 0, 15, 0, 28, 0, 0, 8, 15, 0, 0, : 3, 17, 7, 16, 16, 15, 15, 17, 8, 16, 15, 28, 8, 15, 
182: 0, 15, 0, 18, 0, 0, 0, 19, 0, 0, 15, 0, 0, 16, 0, 0, 0, 0, 16, 0, 0, 0, 0, 0, 0, 0, 15, 15, 0, 16, 0, 19, 0, 0, 0, 0, 0, 15, 0, 15, : 15, 18, 19, 15, 16, 16, 15, 15, 16, 19, 15, 15, 
18: 22, 15, 0, 15, 0, 0, 0, 17, 0, 0, 16, 21, 15, 15, 0, 0, 15, 0, 0, 0, 0, 19, 15, 0, 0, 15, 0, 0, 21, 0, 16, 0, 0, 0, 20, 22, 0, 15, 0, 0, : 22, 15, 15, 17, 16, 21, 15, 15, 15, 19, 15, 15, 21, 16, 20, 22, 15, 
184: 0, 17, 0, 0, 0, 0, 0, 15, 19, 0, 0, 0, 16, 0, 0, 25, 0, 0, 0, 0, 0, 15, 0, 0, 0, 13, 0, 0, 0, 0, 0, 17, 0, 0, 0, 0, 15, 0, 0, 0, : 17, 15, 19, 16, 25, 15, 13, 17, 15, 
121: 0, 0, 15, 15, 5, 0, 0, 0, 15, 0, 0, 15, 0, 0, 0, 0, 0, 0, 0, 17, 0, 15, 15, 0, 0, 0, 0, 15, 0, 0, 0, 0, 0, 0, 15, 0, 0, 0, 17, 0, : 15, 15, 5, 15, 15, 17, 15, 15, 15, 15, 17, 
195: 0, 15, 0, 0, 0, 0, 16, 15, 0, 0, 0, 0, 15, 0, 15, 15, 15, 0, 15, 15, 0, 0, 0, 0, 0, 0, 0, 16, 0, 0, 0, 0, 0, 0, 0, 0, 0, 18, 0, 1, : 15, 16, 15, 15, 15, 15, 15, 15, 15, 16, 18, 1, 
71: 0, 0, 0, 0, 0, 0, 0, 0, 15, 0, 3, 15, 0, 19, 0, 16, 0, 0, 0, 0, 0, 16, 15, 17, 1, 16, 15, 0, 0, 0, 17, 15, 15, 0, 0, 0, 0, 15, 0, 0, : 15, 3, 15, 19, 16, 16, 15, 17, 1, 16, 15, 17, 15, 15, 15, 
87: 0, 0, 0, 0, 15, 0, 6, 0, 0, 0, 17, 16, 0, 15, 0, 0, 0, 0, 0, 22, 15, 0, 0, 19, 0, 19, 0, 0, 0, 21, 0, 0, 0, 22, 15, 15, 0, 0, 0, 0, : 15, 6, 17, 16, 15, 22, 15, 19, 19, 21, 22, 15, 15, 


178: 17, 16, 0, 0, 0, 0, 0, 0, 15, 0, 0, 15, 0, 0, 0, 15, 0, 0, 0, 10, 16, 0, 16, 0, 0, 0, 33, 0, 17, 0, 15, 15, 0, 0, 0, 0, 0, 0, 0, 0, : 17, 16, 15, 15, 15, 10, 16, 16, 33, 17, 15, 15, 
144: 2, 0, 0, 0, 15, 0, 0, 18, 0, 0, 15, 15, 0, 15, 0, 15, 0, 0, 0, 15, 16, 0, 15, 15, 0, 14, 0, 0, 0, 15, 15, 0, 0, 0, 0, 15, 17, 0, 38, 15, : 2, 15, 18, 15, 15, 15, 15, 15, 16, 15, 15, 14, 15, 15, 15, 17, 38, 15, 
127: 0, 0, 15, 0, 20, 0, 0, 0, 0, 0, 0, 0, 0, 19, 0, 0, 15, 18, 0, 0, 0, 8, 0, 0, 21, 0, 7, 2, 0, 0, 0, 0, 15, 0, 0, 0, 0, 0, 0, 0, : 15, 20, 19, 15, 18, 8, 21, 7, 2, 15, 
8: 15, 0, 0, 0, 0, 0, 5, 15, 0, 0, 10, 0, 0, 0, 0, 0, 1, 0, 0, 0, 0, 0, 0, 0, 0, 0, 0, 15, 0, 0, 15, 0, 16, 15, 0, 0, 21, 0, 0, 0, : 15, 5, 15, 10, 1, 15, 15, 16, 15, 21, 
78: 0, 7, 15, 20, 16, 0, 0, 0, 23, 0, 15, 0, 15, 15, 15, 16, 0, 0, 15, 0, 0, 17, 8, 0, 0, 0, 15, 0, 17, 0, 0, 15, 16, 15, 0, 15, 0, 0, 15, 0, : 7, 15, 20, 16, 23, 15, 15, 15, 15, 16, 15, 17, 8, 15, 17, 15, 16, 15, 15, 15, 
27: 32, 0, 0, 0, 0, 21, 0, 1, 0, 15, 0, 0, 0, 0, 15, 0, 0, 19, 15, 15, 0, 15, 0, 0, 15, 0, 0, 0, 0, 8, 18, 16, 0, 0, 15, 0, 0, 0, 19, 0, : 32, 21, 1, 15, 15, 19, 15, 15, 15, 15, 8, 18, 16, 15, 19, 
49: 0, 0, 0, 0, 15, 0, 15, 18, 0, 15, 15, 0, 17, 0, 2, 0, 0, 0, 0, 15, 0, 0, 0, 23, 0, 0, 0, 0, 5, 0, 0, 18, 0, 0, 0, 27, 16, 0, 0, 0, : 15, 15, 18, 15, 15, 17, 2, 15, 23, 5, 18, 27, 16, 
170: 19, 0, 0, 18, 0, 0, 0, 0, 0, 29, 0, 0, 0, 0, 0, 0, 0, 10, 0, 0, 0, 0, 15, 0, 15, 0, 0, 0, 0, 0, 0, 0, 0, 9, 24, 0, 0, 26, 15, 0, : 19, 18, 29, 10, 15, 15, 9, 24, 26, 15, 
126: 0, 0, 1, 0, 0, 0, 17, 0, 0, 15, 15, 0, 0, 16, 0, 0, 16, 15, 0, 0, 15, 0, 0, 0, 0, 0, 0, 15, 15, 0, 0, 0, 17, 15, 14, 0, 0, 0, 0, 0, : 1, 17, 15, 15, 16, 16, 15, 15, 15, 15, 17, 15, 14, 
164: 0, 0, 0, 15, 0, 0, 0, 0, 0, 0, 15, 26, 19, 0, 0, 0, 17, 0, 0, 0, 0, 15, 0, 16, 15, 17, 15, 15, 15, 16, 15, 0, 0, 0, 0, 0, 0, 0, 0, 15, : 15, 15, 26, 19, 17, 15, 16, 15, 17, 15, 15, 15, 16, 15, 15, 
187: 0, 0, 0, 15, 0, 0, 0, 15, 0, 0, 0, 12, 0, 0, 0, 18, 17, 0, 16, 0, 21, 15, 0, 0, 0, 16, 0, 0, 0, 0, 0, 0, 0, 0, 0, 0, 0, 0, 0, 28, : 15, 15, 12, 18, 17, 16, 21, 15, 16, 28, 
1: 0, 0, 18, 15, 0, 0, 17, 0, 0, 15, 0, 15, 18, 0, 0, 15, 0, 0, 0, 0, 0, 15, 0, 0, 0, 17, 0, 0, 0, 15, 0, 0, 0, 0, 0, 15, 0, 24, 13, 16, : 18, 15, 17, 15, 15, 18, 15, 15, 17, 15, 15, 24, 13, 16, 
10: 0, 15, 15, 0, 0, 0, 0, 18, 0, 0, 0, 0, 0, 0, 0, 0, 0, 0, 0, 15, 0, 0, 15, 16, 0, 0, 0, 15, 15, 0, 18, 6, 21, 0, 0, 0, 0, 15, 0, 0, : 15, 15, 18, 15, 15, 16, 15, 15, 18, 6, 21, 15, 
21: 0, 32, 0, 0, 0, 5, 0, 15, 9, 11, 0, 0, 0, 0, 23, 15, 0, 0, 0, 15, 1, 0, 0, 0, 15, 0, 15, 0, 0, 0, 0, 0, 0, 15, 0, 12, 15, 20, 0, 0, : 32, 5, 15, 9, 11, 23, 15, 15, 1, 15, 15, 15, 12, 15, 20, 
3: 0, 0, 15, 16, 0, 0, 0, 0, 0, 0, 0, 0, 16, 0, 0, 0, 0, 0, 7, 15, 16, 0, 0, 15, 0, 21, 0, 0, 0, 0, 0, 0, 0, 0, 15, 0, 0, 0, 0, 15, : 15, 16, 16, 7, 15, 16, 15, 21, 15, 15, 
33: 0, 0, 0, 0, 0, 16, 0, 0, 0, 0, 0, 17, 0, 0, 15, 6, 0, 0, 32, 0, 0, 0, 0, 0, 0, 0, 0, 0, 0, 0, 4, 0, 15, 0, 0, 0, 19, 0, 0, 0, : 16, 17, 15, 6, 32, 4, 15, 19, 
130: 0, 0, 0, 1, 19, 15, 15, 0, 23, 0, 0, 0, 0, 3, 0, 0, 0, 0, 0, 0, 0, 0, 15, 15, 0, 15, 15, 0, 0, 0, 0, 0, 0, 0, 0, 0, 0, 0, 0, 0, : 1, 19, 15, 15, 23, 3, 15, 15, 15, 15, 
196: 15, 15, 21, 0, 0, 19, 16, 0, 0, 0, 0, 0, 0, 15, 15, 0, 0, 0, 0, 0, 15, 0, 0, 0, 18, 0, 0, 0, 16, 16, 0, 15, 0, 15, 15, 0, 0, 0, 0, 0, : 15, 15, 21, 19, 16, 15, 15, 15, 18, 16, 16, 15, 15, 15, 
13: 0, 0, 0, 0, 15, 0, 0, 0, 15, 0, 15, 0, 0, 0, 0, 0, 19, 15, 0, 0, 0, 15, 0, 0, 0, 0, 0, 21, 0, 15, 0, 15, 0, 16, 17, 0, 0, 15, 0, 11, : 15, 15, 15, 19, 15, 15, 21, 15, 15, 16, 17, 15, 11, 
133: 0, 15, 0, 0, 0, 24, 15, 0, 15, 0, 0, 0, 15, 17, 15, 0, 15, 23, 15, 0, 0, 0, 16, 0, 1, 0, 0, 17, 0, 15, 0, 0, 0, 0, 0, 16, 12, 0, 0, 0, : 15, 24, 15, 15, 15, 17, 15, 15, 23, 15, 16, 1, 17, 15, 16, 12, 


95: 0, 15, 15, 0, 22, 0, 0, 15, 0, 29, 0, 0, 0, 16, 0, 0, 0, 0, 0, 0, 15, 0, 0, 0, 0, 15, 0, 0, 16, 11, 16, 3, 16, 0, 0, 0, 18, 15, 15, 0, : 15, 15, 22, 15, 29, 16, 15, 15, 16, 11, 16, 3, 16, 18, 15, 15, 
7: 0, 0, 0, 33, 15, 15, 23, 0, 15, 0, 22, 0, 15, 0, 0, 23, 0, 0, 0, 15, 0, 15, 0, 0, 0, 0, 15, 20, 0, 0, 4, 0, 18, 31, 15, 0, 0, 0, 0, 0, : 33, 15, 15, 23, 15, 22, 15, 23, 15, 15, 15, 20, 4, 18, 31, 15, 
188: 0, 0, 0, 0, 0, 0, 0, 15, 0, 0, 0, 15, 0, 0, 7, 0, 0, 15, 15, 0, 15, 15, 0, 0, 3, 0, 0, 0, 15, 29, 15, 0, 15, 0, 0, 0, 0, 2, 0, 15, : 15, 15, 7, 15, 15, 15, 15, 3, 15, 29, 15, 15, 2, 15, 
150: 0, 0, 0, 15, 0, 0, 0, 0, 0, 0, 0, 0, 0, 0, 25, 0, 0, 14, 0, 0, 0, 24, 0, 15, 0, 0, 0, 0, 0, 0, 0, 0, 5, 0, 0, 0, 0, 0, 0, 0, : 15, 25, 14, 24, 15, 5, 
118: 0, 0, 21, 0, 0, 15, 15, 0, 0, 10, 0, 0, 15, 0, 0, 0, 0, 0, 0, 0, 0, 0, 0, 15, 15, 0, 5, 17, 15, 15, 0, 16, 0, 0, 15, 0, 0, 0, 22, 0, : 21, 15, 15, 10, 15, 15, 15, 5, 17, 15, 15, 16, 15, 22, 
120: 16, 0, 0, 0, 15, 0, 15, 0, 21, 0, 0, 30, 6, 15, 15, 0, 14, 0, 0, 0, 0, 0, 6, 0, 16, 0, 15, 0, 0, 15, 0, 0, 0, 15, 0, 0, 0, 0, 0, 0, : 16, 15, 15, 21, 30, 6, 15, 15, 14, 6, 16, 15, 15, 15, 
166: 0, 15, 0, 0, 0, 15, 0, 0, 15, 0, 0, 16, 0, 16, 0, 15, 0, 0, 0, 10, 0, 0, 15, 0, 0, 15, 15, 0, 0, 0, 0, 16, 0, 0, 15, 16, 17, 0, 23, 15, : 15, 15, 15, 16, 16, 15, 10, 15, 15, 15, 16, 15, 16, 17, 23, 15, 
124: 0, 0, 6, 0, 3, 25, 0, 0, 0, 0, 15, 0, 16, 15, 0, 15, 23, 16, 15, 0, 0, 15, 0, 0, 0, 0, 0, 15, 19, 0, 0, 35, 15, 0, 15, 15, 15, 23, 0, 15, : 6, 3, 25, 15, 16, 15, 15, 23, 16, 15, 15, 15, 19, 35, 15, 15, 15, 15, 23, 15, 
129: 15, 0, 0, 0, 0, 0, 0, 0, 0, 0, 0, 15, 18, 15, 15, 32, 0, 0, 0, 15, 0, 0, 15, 0, 0, 0, 18, 0, 0, 0, 0, 0, 0, 0, 15, 0, 0, 0, 0, 0, : 15, 15, 18, 15, 15, 32, 15, 15, 18, 15, 
72: 0, 0, 0, 9, 0, 0, 0, 15, 0, 0, 0, 0, 0, 0, 0, 0, 0, 15, 0, 15, 0, 0, 16, 15, 19, 0, 0, 15, 0, 0, 0, 0, 0, 5, 0, 0, 0, 0, 0, 0, : 9, 15, 15, 15, 16, 15, 19, 15, 5, 
152: 0, 0, 0, 27, 0, 0, 0, 0, 4, 0, 0, 0, 0, 0, 23, 0, 15, 15, 0, 15, 0, 15, 0, 0, 0, 0, 0, 0, 0, 15, 0, 0, 0, 0, 0, 0, 18, 0, 0, 17, : 27, 4, 23, 15, 15, 15, 15, 15, 18, 17, 
167: 17, 0, 0, 0, 15, 0, 0, 0, 15, 0, 15, 0, 0, 7, 15, 0, 18, 0, 2, 0, 15, 0, 0, 0, 17, 15, 0, 0, 5, 0, 19, 0, 0, 0, 0, 0, 0, 15, 0, 0, : 17, 15, 15, 15, 7, 15, 18, 2, 15, 17, 15, 5, 19, 15, 
110: 0, 6, 0, 0, 0, 0, 0, 26, 15, 0, 0, 15, 0, 16, 0, 0, 0, 0, 0, 0, 0, 15, 0, 15, 0, 15, 0, 17, 0, 0, 0, 15, 0, 0, 6, 0, 0, 0, 0, 0, : 6, 26, 15, 15, 16, 15, 15, 15, 17, 15, 6, 
23: 0, 15, 0, 0, 15, 0, 15, 0, 0, 0, 0, 0, 15, 0, 0, 0, 0, 0, 0, 0, 15, 0, 0, 0, 0, 17, 15, 0, 0, 0, 0, 0, 16, 15, 19, 23, 0, 0, 0, 0, : 15, 15, 15, 15, 15, 17, 15, 16, 15, 19, 23, 
24: 0, 0, 22, 16, 0, 0, 0, 0, 0, 15, 0, 0, 0, 0, 0, 0, 15, 0, 23, 0, 0, 0, 0, 10, 0, 15, 17, 0, 0, 15, 0, 0, 0, 15, 0, 0, 0, 15, 0, 22, : 22, 16, 15, 15, 23, 10, 15, 17, 15, 15, 15, 22, 
199: 0, 15, 0, 0, 0, 0, 0, 15, 0, 15, 17, 0, 0, 0, 0, 0, 0, 25, 0, 0, 22, 0, 17, 0, 15, 0, 0, 0, 0, 0, 15, 0, 0, 0, 0, 0, 0, 0, 25, 0, : 15, 15, 15, 17, 25, 22, 17, 15, 15, 25, 
65: 18, 19, 0, 0, 15, 0, 0, 14, 0, 0, 0, 0, 0, 0, 0, 0, 15, 0, 15, 15, 18, 0, 0, 15, 0, 0, 0, 0, 15, 0, 15, 0, 0, 0, 0, 0, 0, 15, 0, 0, : 18, 19, 15, 14, 15, 15, 15, 18, 15, 15, 15, 15, 
31: 22, 0, 15, 0, 0, 13, 32, 0, 0, 16, 16, 9, 0, 0, 0, 0, 0, 0, 0, 0, 0, 0, 16, 0, 0, 0, 0, 0, 0, 0, 16, 15, 0, 0, 0, 0, 17, 15, 15, 0, : 22, 15, 13, 32, 16, 16, 9, 16, 16, 15, 17, 15, 15, 
44: 12, 0, 21, 0, 0, 0, 0, 0, 15, 0, 15, 0, 15, 0, 0, 15, 0, 0, 15, 15, 0, 0, 0, 15, 0, 0, 0, 16, 15, 0, 0, 0, 15, 0, 0, 31, 15, 0, 0, 16, : 12, 21, 15, 15, 15, 15, 15, 15, 15, 16, 15, 15, 31, 15, 16, 
26: 0, 15, 0, 0, 0, 17, 0, 0, 0, 15, 0, 0, 0, 0, 0, 0, 0, 0, 15, 0, 0, 1, 15, 0, 15, 8, 0, 0, 0, 0, 0, 0, 0, 19, 0, 15, 0, 0, 0, 0, : 15, 17, 15, 15, 1, 15, 15, 8, 19, 15, 


50: 0, 0, 0, 15, 15, 15, 9, 0, 0, 0, 0, 0, 0, 0, 0, 13, 15, 0, 4, 0, 15, 8, 0, 0, 0, 0, 0, 0, 9, 37, 0, 0, 0, 15, 0, 0, 0, 0, 0, 16, : 15, 15, 15, 9, 13, 15, 4, 15, 8, 9, 37, 15, 16, 
57: 0, 0, 15, 0, 0, 16, 0, 0, 0, 16, 0, 0, 0, 24, 15, 15, 16, 15, 0, 0, 15, 0, 15, 15, 15, 0, 0, 0, 15, 0, 15, 15, 16, 15, 0, 0, 0, 0, 0, 4, : 15, 16, 16, 24, 15, 15, 16, 15, 15, 15, 15, 15, 15, 15, 15, 16, 15, 4, 
125: 7, 15, 0, 0, 0, 0, 15, 0, 15, 16, 0, 0, 0, 15, 0, 0, 0, 0, 0, 16, 0, 15, 15, 4, 8, 15, 0, 27, 0, 0, 0, 16, 0, 0, 0, 0, 0, 0, 15, 16, : 7, 15, 15, 15, 16, 15, 16, 15, 15, 4, 8, 15, 27, 16, 15, 16, 
61: 16, 0, 0, 0, 0, 0, 0, 15, 19, 0, 0, 0, 0, 0, 0, 0, 0, 0, 0, 0, 0, 0, 0, 16, 0, 0, 0, 0, 15, 0, 0, 0, 0, 0, 0, 0, 15, 15, 15, 16, : 16, 15, 19, 16, 15, 15, 15, 15, 16, 
11: 0, 0, 20, 0, 15, 0, 15, 0, 0, 0, 0, 20, 27, 0, 17, 0, 0, 25, 0, 0, 15, 0, 15, 0, 0, 0, 0, 15, 0, 0, 15, 0, 0, 0, 0, 0, 0, 0, 0, 0, : 20, 15, 15, 20, 27, 17, 25, 15, 15, 15, 15, 
174: 0, 0, 0, 16, 0, 0, 0, 22, 0, 15, 0, 24, 0, 0, 0, 0, 8, 18, 0, 0, 0, 0, 0, 0, 32, 28, 15, 0, 0, 0, 0, 0, 19, 9, 31, 15, 0, 0, 0, 0, : 16, 22, 15, 24, 8, 18, 32, 28, 15, 19, 9, 31, 15, 
137: 0, 0, 0, 38, 0, 0, 15, 18, 13, 12, 0, 19, 0, 15, 0, 15, 16, 0, 0, 0, 0, 0, 15, 16, 0, 0, 0, 0, 0, 0, 0, 0, 0, 0, 0, 25, 15, 0, 23, 0, : 38, 15, 18, 13, 12, 19, 15, 15, 16, 15, 16, 25, 15, 23, 
140: 0, 0, 0, 0, 0, 0, 16, 15, 15, 0, 0, 0, 0, 0, 0, 0, 15, 16, 0, 0, 0, 0, 0, 0, 0, 0, 0, 17, 0, 0, 20, 17, 1, 0, 0, 0, 15, 0, 0, 0, : 16, 15, 15, 15, 16, 17, 20, 17, 1, 15, 
162: 0, 9, 0, 0, 9, 9, 15, 0, 0, 0, 0, 3, 0, 14, 0, 0, 15, 0, 15, 0, 0, 28, 0, 0, 0, 0, 0, 0, 0, 15, 0, 0, 0, 16, 0, 0, 6, 0, 0, 15, : 9, 9, 9, 15, 3, 14, 15, 15, 28, 15, 16, 6, 15, 
53: 15, 0, 0, 0, 15, 0, 0, 15, 0, 0, 0, 0, 0, 0, 15, 0, 0, 11, 0, 0, 0, 0, 0, 15, 0, 16, 16, 0, 15, 17, 0, 0, 0, 0, 0, 0, 15, 16, 19, 0, : 15, 15, 15, 15, 11, 15, 16, 16, 15, 17, 15, 16, 19, 
2: 15, 0, 0, 0, 0, 15, 15, 15, 0, 0, 0, 0, 0, 0, 17, 0, 0, 0, 18, 0, 10, 0, 0, 0, 15, 0, 0, 0, 0, 0, 0, 0, 0, 0, 0, 15, 0, 15, 15, 0, : 15, 15, 15, 15, 17, 18, 10, 15, 15, 15, 15, 
160: 17, 15, 19, 0, 0, 0, 0, 0, 0, 0, 8, 0, 9, 0, 6, 0, 0, 0, 0, 16, 0, 0, 0, 19, 0, 8, 0, 15, 15, 16, 15, 0, 15, 15, 15, 30, 0, 0, 0, 18, : 17, 15, 19, 8, 9, 6, 16, 19, 8, 15, 15, 16, 15, 15, 15, 15, 30, 18, 
101: 0, 0, 0, 1, 0, 0, 0, 0, 16, 0, 15, 0, 15, 0, 0, 21, 0, 0, 0, 19, 0, 15, 10, 0, 0, 15, 15, 0, 0, 0, 0, 24, 0, 0, 0, 0, 0, 0, 0, 0, : 1, 16, 15, 15, 21, 19, 15, 10, 15, 15, 24, 
14: 0, 15, 0, 0, 15, 15, 0, 0, 0, 17, 26, 0, 0, 0, 0, 0, 0, 0, 0, 16, 0, 0, 0, 15, 15, 0, 0, 0, 15, 15, 0, 0, 18, 15, 17, 0, 0, 0, 0, 0, : 15, 15, 15, 17, 26, 16, 15, 15, 15, 15, 18, 15, 17, 
93: 0, 16, 25, 0, 16, 15, 0, 0, 0, 0, 0, 19, 0, 17, 15, 0, 0, 0, 16, 0, 0, 0, 0, 0, 0, 18, 8, 0, 0, 0, 0, 0, 15, 0, 0, 0, 19, 4, 0, 0, : 16, 25, 16, 15, 19, 17, 15, 16, 18, 8, 15, 19, 4, 
200: 0, 0, 0, 15, 15, 0, 0, 0, 0, 24, 18, 0, 19, 0, 15, 19, 0, 0, 0, 0, 0, 0, 0, 0, 15, 0, 0, 15, 0, 0, 0, 0, 16, 0, 15, 0, 0, 15, 0, 15, : 15, 15, 24, 18, 19, 15, 19, 15, 15, 16, 15, 15, 15, 
192: 0, 0, 0, 0, 0, 0, 0, 0, 0, 0, 0, 0, 0, 0, 0, 17, 0, 0, 0, 15, 0, 0, 0, 0, 0, 0, 16, 11, 0, 0, 0, 0, 0, 0, 7, 0, 15, 16, 0, 0, : 17, 15, 16, 11, 7, 15, 16, 
198: 15, 0, 0, 0, 0, 0, 0, 0, 0, 0, 0, 15, 15, 0, 0, 0, 0, 0, 15, 2, 15, 0, 15, 0, 0, 0, 15, 0, 16, 0, 15, 15, 0, 0, 15, 0, 0, 19, 0, 0, : 15, 15, 15, 15, 2, 15, 15, 15, 16, 15, 15, 15, 19, 
145: 15, 15, 6, 0, 0, 0, 0, 0, 22, 0, 15, 0, 15, 0, 0, 0, 0, 0, 15, 16, 15, 16, 0, 0, 0, 0, 0, 0, 0, 0, 20, 13, 0, 0, 0, 15, 0, 0, 0, 0, : 15, 15, 6, 22, 15, 15, 15, 16, 15, 16, 20, 13, 15, 
54: 0, 15, 15, 15, 0, 15, 0, 0, 0, 0, 18, 0, 0, 15, 0, 0, 15, 15, 17, 0, 15, 18, 15, 0, 0, 0, 15, 0, 0, 0, 0, 0, 0, 15, 0, 0, 0, 0, 13, 0, : 15, 15, 15, 15, 18, 15, 15, 15, 17, 15, 18, 15, 15, 15, 13, 


96: 15, 6, 0, 0, 0, 0, 0, 0, 0, 0, 0, 15, 0, 15, 20, 0, 4, 0, 0, 0, 15, 0, 0, 15, 0, 16, 0, 0, 0, 0, 0, 0, 17, 0, 0, 0, 0, 0, 0, 0, : 15, 6, 15, 15, 20, 4, 15, 15, 16, 17, 
123: 0, 0, 15, 0, 0, 0, 6, 0, 0, 16, 0, 0, 15, 0, 0, 0, 0, 0, 0, 0, 30, 0, 0, 0, 0, 15, 0, 0, 14, 0, 0, 0, 0, 0, 0, 0, 0, 0, 0, 15, : 15, 6, 16, 15, 30, 15, 14, 15, 
42: 0, 19, 0, 0, 16, 22, 0, 0, 0, 0, 0, 0, 0, 0, 16, 18, 15, 0, 15, 14, 0, 0, 15, 24, 0, 15, 0, 29, 0, 0, 0, 0, 19, 0, 0, 0, 16, 0, 0, 0, : 19, 16, 22, 16, 18, 15, 15, 14, 15, 24, 15, 29, 19, 16, 
58: 0, 15, 0, 0, 0, 15, 0, 0, 17, 0, 19, 0, 9, 15, 17, 0, 0, 0, 17, 17, 0, 0, 15, 0, 16, 0, 0, 5, 0, 0, 0, 0, 0, 21, 0, 0, 16, 0, 0, 0, : 15, 15, 17, 19, 9, 15, 17, 17, 17, 15, 16, 5, 21, 16, 
45: 0, 0, 0, 0, 0, 10, 0, 4, 20, 0, 0, 0, 0, 0, 0, 15, 0, 29, 0, 16, 17, 3, 0, 0, 17, 0, 15, 0, 0, 0, 0, 0, 0, 0, 0, 15, 15, 0, 0, 18, : 10, 4, 20, 15, 29, 16, 17, 3, 17, 15, 15, 15, 18, 
70: 6, 15, 0, 15, 0, 0, 0, 0, 15, 0, 0, 21, 0, 0, 0, 16, 0, 0, 0, 0, 15, 15, 0, 0, 0, 16, 0, 0, 0, 15, 0, 15, 0, 15, 0, 15, 7, 15, 0, 0, : 6, 15, 15, 15, 21, 16, 15, 15, 16, 15, 15, 15, 15, 7, 15, 
154: 0, 15, 0, 0, 19, 0, 0, 15, 0, 15, 15, 0, 0, 15, 0, 0, 15, 0, 0, 0, 0, 0, 0, 0, 3, 0, 0, 0, 0, 0, 14, 15, 0, 0, 0, 0, 0, 16, 0, 0, : 15, 19, 15, 15, 15, 15, 15, 3, 14, 15, 16, 
9: 0, 0, 0, 0, 0, 23, 0, 0, 0, 15, 0, 0, 15, 16, 0, 15, 0, 0, 16, 0, 0, 15, 0, 0, 18, 0, 0, 0, 15, 0, 0, 0, 0, 0, 6, 0, 0, 22, 0, 19, : 23, 15, 15, 16, 15, 16, 15, 18, 15, 6, 22, 19, 
64: 0, 0, 21, 0, 16, 15, 0, 0, 0, 9, 0, 15, 0, 15, 0, 0, 0, 0, 0, 0, 0, 0, 0, 0, 15, 7, 0, 0, 0, 0, 0, 0, 0, 0, 0, 0, 0, 15, 21, 0, : 21, 16, 15, 9, 15, 15, 15, 7, 15, 21, 
186: 0, 0, 0, 0, 0, 0, 16, 0, 0, 15, 0, 0, 16, 0, 0, 0, 15, 0, 0, 0, 0, 0, 15, 0, 16, 0, 15, 0, 15, 13, 0, 33, 0, 0, 15, 15, 0, 0, 19, 0, : 16, 15, 16, 15, 15, 16, 15, 15, 13, 33, 15, 15, 19, 
180: 0, 0, 19, 0, 15, 0, 0, 0, 0, 0, 0, 0, 0, 0, 0, 0, 21, 18, 0, 16, 0, 15, 0, 0, 0, 0, 15, 0, 19, 0, 0, 0, 0, 0, 15, 15, 0, 0, 0, 0, : 19, 15, 21, 18, 16, 15, 15, 19, 15, 15, 
97: 16, 0, 0, 0, 0, 0, 17, 15, 29, 0, 0, 0, 0, 0, 0, 0, 0, 7, 0, 0, 0, 0, 0, 0, 0, 15, 0, 15, 0, 0, 15, 15, 24, 0, 0, 0, 16, 0, 0, 0, : 16, 17, 15, 29, 7, 15, 15, 15, 15, 24, 16, 
88: 0, 15, 0, 16, 0, 0, 0, 0, 0, 0, 16, 0, 0, 0, 0, 0, 0, 15, 17, 20, 7, 20, 0, 20, 0, 0, 0, 0, 15, 0, 22, 7, 0, 15, 0, 0, 0, 0, 0, 0, : 15, 16, 16, 15, 17, 20, 7, 20, 20, 15, 22, 7, 15, 
68: 0, 0, 15, 15, 0, 0, 15, 0, 0, 15, 0, 15, 16, 0, 0, 31, 0, 0, 0, 0, 0, 0, 15, 0, 0, 16, 17, 16, 0, 0, 18, 0, 0, 0, 0, 0, 0, 15, 13, 0, : 15, 15, 15, 15, 15, 16, 31, 15, 16, 17, 16, 18, 15, 13, 
4: 16, 0, 15, 21, 0, 0, 15, 0, 15, 0, 0, 0, 0, 0, 0, 0, 0, 0, 0, 0, 0, 15, 0, 15, 0, 0, 16, 15, 0, 22, 0, 0, 0, 15, 15, 0, 15, 15, 15, 15, : 16, 15, 21, 15, 15, 15, 15, 16, 15, 22, 15, 15, 15, 15, 15, 15, 
43: 15, 0, 0, 16, 18, 0, 15, 15, 0, 0, 19, 0, 0, 0, 15, 0, 15, 15, 35, 0, 0, 0, 0, 11, 0, 0, 15, 0, 0, 0, 0, 0, 0, 0, 17, 0, 0, 0, 0, 0, : 15, 16, 18, 15, 15, 19, 15, 15, 15, 35, 11, 15, 17, 
30: 15, 0, 0, 0, 0, 15, 0, 0, 0, 15, 1, 15, 29, 0, 32, 0, 15, 0, 0, 0, 0, 0, 15, 0, 0, 0, 0, 0, 0, 0, 16, 0, 0, 4, 17, 18, 0, 0, 17, 15, : 15, 15, 15, 1, 15, 29, 32, 15, 15, 16, 4, 17, 18, 17, 15, 
146: 17, 15, 0, 0, 0, 0, 0, 15, 0, 0, 0, 17, 0, 0, 0, 0, 0, 16, 0, 0, 16, 0, 10, 0, 0, 0, 0, 0, 0, 15, 15, 0, 0, 0, 15, 7, 15, 2, 0, 0, : 17, 15, 15, 17, 16, 16, 10, 15, 15, 15, 7, 15, 2, 
19: 0, 0, 0, 17, 1, 0, 16, 0, 4, 0, 15, 2, 0, 15, 0, 5, 0, 0, 0, 17, 0, 0, 15, 0, 15, 0, 7, 0, 22, 15, 0, 15, 15, 15, 0, 0, 0, 0, 15, 0, : 17, 1, 16, 4, 15, 2, 15, 5, 17, 15, 15, 7, 22, 15, 15, 15, 15, 15, 
134: 0, 0, 15, 0, 15, 0, 0, 36, 0, 0, 15, 0, 0, 9, 0, 0, 0, 0, 0, 0, 0, 17, 0, 15, 0, 0, 0, 20, 0, 20, 0, 0, 25, 15, 0, 15, 0, 0, 0, 18, : 15, 15, 36, 15, 9, 17, 15, 20, 20, 25, 15, 15, 18, 


143: 0, 0, 0, 18, 0, 0, 0, 0, 21, 0, 0, 15, 0, 0, 0, 15, 0, 13, 15, 4, 16, 0, 0, 16, 0, 0, 0, 0, 0, 0, 0, 0, 4, 0, 0, 0, 0, 0, 0, 15, : 18, 21, 15, 15, 13, 15, 4, 16, 16, 4, 15, 
25: 0, 9, 0, 0, 0, 15, 0, 15, 0, 0, 0, 0, 15, 0, 15, 15, 0, 0, 0, 0, 15, 0, 0, 0, 0, 0, 0, 0, 0, 17, 0, 18, 15, 15, 6, 17, 0, 15, 15, 0, : 9, 15, 15, 15, 15, 15, 15, 17, 18, 15, 15, 6, 17, 15, 15, 
136: 0, 0, 0, 16, 0, 0, 0, 0, 0, 0, 15, 15, 15, 0, 2, 0, 15, 17, 0, 0, 0, 21, 0, 0, 0, 0, 0, 0, 0, 0, 15, 16, 15, 0, 15, 15, 0, 0, 0, 0, : 16, 15, 15, 15, 2, 15, 17, 21, 15, 16, 15, 15, 15, 
189: 0, 0, 0, 0, 0, 15, 15, 0, 15, 0, 15, 8, 0, 0, 0, 0, 15, 16, 0, 0, 0, 0, 0, 0, 19, 19, 16, 0, 10, 0, 15, 0, 0, 0, 29, 0, 0, 0, 0, 0, : 15, 15, 15, 15, 8, 15, 16, 19, 19, 16, 10, 15, 29, 
98: 16, 0, 0, 0, 16, 0, 15, 0, 17, 0, 0, 0, 0, 0, 0, 0, 15, 0, 5, 15, 0, 34, 0, 15, 15, 0, 0, 0, 15, 0, 21, 0, 0, 0, 0, 0, 18, 15, 15, 0, : 16, 16, 15, 17, 15, 5, 15, 34, 15, 15, 15, 21, 18, 15, 15, 
86: 0, 0, 17, 13, 15, 0, 0, 0, 0, 20, 0, 0, 0, 0, 0, 0, 7, 18, 19, 0, 29, 0, 15, 18, 15, 0, 0, 15, 0, 0, 0, 0, 15, 0, 0, 0, 16, 0, 0, 0, : 17, 13, 15, 20, 7, 18, 19, 29, 15, 18, 15, 15, 15, 16, 
37: 15, 0, 0, 0, 15, 0, 0, 0, 0, 0, 0, 15, 18, 0, 0, 0, 15, 0, 15, 0, 15, 0, 16, 0, 0, 0, 0, 0, 0, 0, 0, 15, 0, 23, 0, 0, 0, 0, 0, 0, : 15, 15, 15, 18, 15, 15, 15, 16, 15, 23, 
76: 0, 0, 0, 15, 0, 0, 29, 15, 0, 15, 10, 0, 0, 18, 0, 9, 0, 0, 0, 0, 0, 0, 15, 0, 15, 15, 0, 0, 0, 17, 0, 15, 16, 0, 0, 0, 0, 0, 0, 8, : 15, 29, 15, 15, 10, 18, 9, 15, 15, 15, 17, 15, 16, 8, 
157: 18, 0, 15, 0, 0, 18, 0, 0, 0, 0, 0, 0, 15, 0, 0, 26, 0, 0, 0, 0, 0, 0, 0, 0, 5, 0, 0, 0, 0, 15, 0, 0, 0, 17, 0, 16, 0, 0, 15, 0, : 18, 15, 18, 15, 26, 5, 15, 17, 16, 15, 
77: 15, 0, 16, 0, 15, 16, 11, 0, 0, 15, 15, 0, 0, 16, 0, 0, 0, 0, 0, 0, 0, 15, 0, 0, 16, 15, 24, 15, 0, 15, 0, 22, 0, 0, 0, 0, 15, 6, 15, 15, : 15, 16, 15, 16, 11, 15, 15, 16, 15, 16, 15, 24, 15, 15, 22, 15, 6, 15, 15, 
46: 0, 16, 16, 0, 16, 0, 0, 15, 0, 15, 0, 0, 0, 15, 16, 0, 0, 0, 15, 0, 10, 0, 0, 0, 0, 0, 0, 6, 15, 0, 0, 0, 19, 0, 0, 0, 0, 0, 0, 0, : 16, 16, 16, 15, 15, 15, 16, 15, 10, 6, 15, 19, 
128: 0, 16, 0, 0, 0, 0, 0, 15, 0, 0, 0, 0, 15, 15, 15, 0, 0, 0, 0, 15, 0, 0, 0, 0, 0, 15, 0, 18, 0, 0, 0, 0, 0, 0, 15, 0, 10, 0, 0, 0, : 16, 15, 15, 15, 15, 15, 15, 18, 15, 10, 
117: 0, 0, 0, 0, 0, 0, 0, 0, 0, 0, 15, 15, 0, 18, 15, 0, 0, 0, 16, 35, 0, 0, 0, 0, 0, 0, 15, 0, 0, 0, 0, 0, 0, 15, 0, 15, 0, 15, 17, 15, : 15, 15, 18, 15, 16, 35, 15, 15, 15, 15, 17, 15, 
100: 0, 0, 0, 0, 0, 15, 0, 15, 28, 0, 0, 0, 7, 0, 0, 0, 15, 15, 0, 15, 0, 0, 9, 0, 0, 0, 15, 0, 0, 18, 0, 0, 0, 15, 0, 0, 23, 0, 0, 15, : 15, 15, 28, 7, 15, 15, 15, 9, 15, 18, 15, 23, 15, 
156: 0, 16, 0, 0, 0, 0, 15, 0, 0, 0, 0, 15, 15, 0, 0, 0, 0, 21, 15, 16, 0, 0, 0, 15, 0, 0, 0, 0, 0, 0, 15, 0, 0, 0, 18, 7, 0, 15, 0, 0, : 16, 15, 15, 15, 21, 15, 16, 15, 15, 18, 7, 15, 
113: 6, 15, 16, 0, 5, 17, 0, 15, 0, 32, 0, 0, 0, 0, 0, 0, 0, 0, 0, 0, 0, 0, 15, 1, 15, 0, 15, 15, 15, 0, 0, 0, 0, 0, 0, 15, 0, 0, 0, 17, : 6, 15, 16, 5, 17, 15, 32, 15, 1, 15, 15, 15, 15, 15, 17, 
20: 15, 28, 0, 23, 0, 0, 0, 10, 4, 0, 15, 0, 0, 1, 0, 19, 18, 0, 0, 0, 0, 0, 15, 0, 0, 0, 15, 15, 15, 0, 15, 0, 0, 0, 0, 0, 0, 19, 0, 15, : 15, 28, 23, 10, 4, 15, 1, 19, 18, 15, 15, 15, 15, 15, 19, 15, 
158: 0, 0, 0, 0, 18, 0, 0, 0, 15, 0, 0, 0, 0, 0, 15, 0, 0, 0, 0, 0, 0, 15, 15, 17, 0, 0, 0, 16, 0, 18, 0, 14, 16, 0, 0, 0, 0, 0, 8, 0, : 18, 15, 15, 15, 15, 17, 16, 18, 14, 16, 8, 
91: 15, 0, 20, 15, 0, 0, 15, 0, 0, 3, 0, 0, 0, 17, 0, 16, 0, 0, 0, 0, 0, 15, 0, 18, 0, 15, 0, 0, 15, 0, 19, 0, 0, 15, 17, 15, 18, 0, 0, 0, : 15, 20, 15, 15, 3, 17, 16, 15, 18, 15, 15, 19, 15, 17, 15, 18, 
6: 0, 0, 0, 0, 0, 4, 0, 0, 0, 0, 15, 17, 0, 0, 22, 0, 0, 0, 0, 0, 15, 0, 0, 0, 0, 21, 0, 0, 15, 0, 0, 0, 0, 0, 0, 0, 0, 15, 15, 0, : 4, 15, 17, 22, 15, 21, 15, 15, 15, 


12: 0, 0, 15, 0, 0, 0, 9, 0, 15, 0, 0, 18, 0, 0, 19, 0, 15, 15, 0, 0, 0, 0, 0, 0, 23, 16, 0, 0, 15, 15, 0, 0, 17, 15, 0, 0, 15, 0, 0, 0, : 15, 9, 15, 18, 19, 15, 15, 23, 16, 15, 15, 17, 15, 15, 
161: 29, 15, 0, 15, 0, 0, 0, 0, 0, 0, 0, 15, 0, 0, 15, 0, 0, 15, 0, 0, 0, 0, 0, 1, 15, 8, 16, 0, 0, 25, 0, 0, 0, 0, 0, 0, 0, 15, 19, 9, : 29, 15, 15, 15, 15, 15, 1, 15, 8, 16, 25, 15, 19, 9, 
35: 0, 0, 0, 0, 22, 22, 0, 0, 10, 14, 14, 0, 0, 15, 0, 15, 0, 0, 15, 0, 15, 15, 0, 0, 15, 0, 0, 15, 0, 0, 15, 8, 23, 0, 15, 0, 0, 0, 0, 0, : 22, 22, 10, 14, 14, 15, 15, 15, 15, 15, 15, 15, 15, 8, 23, 15, 
114: 15, 0, 23, 15, 15, 0, 0, 0, 15, 0, 0, 0, 0, 15, 0, 0, 0, 0, 0, 15, 0, 15, 9, 15, 0, 0, 15, 0, 0, 15, 0, 15, 0, 4, 15, 15, 0, 0, 0, 0, : 15, 23, 15, 15, 15, 15, 15, 15, 9, 15, 15, 15, 15, 4, 15, 15, 
51: 0, 0, 0, 15, 0, 0, 16, 0, 0, 0, 0, 0, 18, 0, 0, 0, 26, 0, 0, 15, 0, 0, 0, 18, 0, 0, 15, 0, 0, 15, 0, 15, 0, 0, 0, 15, 0, 0, 0, 15, : 15, 16, 18, 26, 15, 18, 15, 15, 15, 15, 15, 
60: 15, 15, 0, 0, 32, 0, 15, 15, 0, 23, 0, 15, 0, 0, 0, 0, 0, 0, 0, 0, 15, 0, 0, 0, 0, 0, 0, 0, 15, 15, 0, 0, 15, 0, 0, 0, 0, 0, 0, 0, : 15, 15, 32, 15, 15, 23, 15, 15, 15, 15, 15, 
141: 0, 0, 16, 0, 0, 0, 0, 0, 0, 0, 0, 0, 0, 0, 0, 0, 0, 0, 15, 0, 0, 8, 15, 19, 0, 0, 0, 0, 0, 0, 15, 0, 0, 15, 15, 0, 15, 15, 0, 15, : 16, 15, 8, 15, 19, 15, 15, 15, 15, 15, 15, 
105: 0, 0, 15, 0, 0, 17, 15, 0, 15, 0, 0, 0, 32, 0, 0, 0, 0, 8, 0, 15, 0, 0, 0, 0, 0, 0, 8, 0, 0, 0, 0, 0, 15, 0, 0, 0, 0, 0, 0, 0, : 15, 17, 15, 15, 32, 8, 15, 8, 15, 
179: 0, 0, 0, 16, 0, 0, 0, 0, 0, 0, 0, 21, 0, 0, 0, 0, 18, 0, 15, 0, 15, 15, 0, 17, 0, 15, 0, 0, 19, 0, 0, 0, 0, 0, 0, 0, 0, 0, 0, 0, : 16, 21, 18, 15, 15, 15, 17, 15, 19, 
191: 0, 0, 0, 0, 0, 6, 15, 24, 15, 0, 0, 0, 0, 16, 16, 0, 15, 15, 15, 0, 15, 0, 0, 0, 0, 0, 16, 22, 15, 15, 0, 15, 0, 0, 15, 0, 0, 0, 15, 0, : 6, 15, 24, 15, 16, 16, 15, 15, 15, 15, 16, 22, 15, 15, 15, 15, 15, 
169: 0, 10, 0, 0, 0, 0, 0, 0, 0, 15, 0, 0, 0, 0, 17, 0, 0, 0, 22, 20, 15, 0, 16, 0, 16, 18, 15, 0, 0, 0, 7, 16, 0, 20, 4, 15, 15, 15, 0, 0, : 10, 15, 17, 22, 20, 15, 16, 16, 18, 15, 7, 16, 20, 4, 15, 15, 15, 
84: 0, 0, 15, 0, 0, 15, 15, 0, 0, 15, 15, 0, 0, 0, 0, 16, 11, 15, 0, 0, 0, 15, 0, 0, 16, 0, 0, 0, 0, 0, 16, 15, 0, 15, 17, 0, 0, 32, 0, 16, : 15, 15, 15, 15, 15, 16, 11, 15, 15, 16, 16, 15, 15, 17, 32, 16, 
165: 0, 15, 0, 0, 0, 0, 0, 15, 0, 0, 0, 0, 0, 0, 0, 0, 0, 0, 0, 0, 0, 16, 15, 0, 0, 0, 0, 15, 0, 0, 15, 0, 0, 0, 0, 15, 0, 0, 0, 15, : 15, 15, 16, 15, 15, 15, 15, 15, 
171: 0, 0, 15, 0, 0, 25, 0, 15, 0, 0, 0, 0, 25, 11, 0, 19, 0, 0, 0, 15, 0, 0, 15, 15, 0, 27, 0, 0, 0, 0, 0, 16, 0, 0, 0, 18, 0, 15, 0, 0, : 15, 25, 15, 25, 11, 19, 15, 15, 15, 27, 16, 18, 15, 
135: 15, 0, 0, 23, 0, 0, 0, 0, 0, 0, 15, 16, 10, 0, 16, 0, 0, 15, 2, 0, 0, 0, 0, 0, 0, 0, 15, 0, 0, 0, 0, 0, 15, 0, 0, 0, 0, 0, 20, 0, : 15, 23, 15, 16, 10, 16, 15, 2, 15, 15, 20, 
119: 0, 0, 0, 1, 15, 0, 0, 0, 15, 0, 0, 0, 0, 0, 0, 0, 0, 0, 0, 0, 0, 0, 15, 0, 15, 0, 0, 20, 16, 0, 16, 0, 0, 0, 0, 0, 16, 0, 0, 0, : 1, 15, 15, 15, 15, 20, 16, 16, 16, 
15: 11, 15, 0, 15, 16, 0, 0, 15, 0, 18, 15, 0, 0, 0, 17, 0, 0, 0, 0, 0, 10, 0, 0, 0, 0, 0, 0, 13, 0, 0, 0, 0, 0, 0, 19, 0, 24, 0, 0, 0, : 11, 15, 15, 16, 15, 18, 15, 17, 10, 13, 19, 24, 
132: 0, 15, 1, 0, 0, 15, 0, 0, 0, 0, 26, 0, 0, 28, 0, 16, 0, 17, 0, 0, 0, 0, 15, 0, 0, 16, 0, 15, 5, 0, 16, 0, 0, 15, 0, 7, 15, 8, 15, 0, : 15, 1, 15, 26, 28, 16, 17, 15, 16, 15, 5, 16, 15, 7, 15, 8, 15, 
111: 0, 15, 0, 0, 0, 0, 0, 0, 0, 0, 0, 0, 15, 0, 0, 34, 0, 0, 16, 5, 15, 0, 0, 15, 0, 0, 0, 0, 15, 0, 0, 0, 0, 0, 0, 15, 0, 0, 16, 15, : 15, 15, 34, 16, 5, 15, 15, 15, 15, 16, 15, 
115: 15, 0, 0, 0, 0, 0, 15, 16, 15, 15, 15, 15, 0, 15, 0, 0, 15, 0, 0, 15, 0, 16, 0, 0, 0, 0, 0, 0, 0, 0, 0, 0, 15, 16, 0, 0, 0, 0, 15, 15, : 15, 15, 16, 15, 15, 15, 15, 15, 15, 15, 16, 15, 16, 15, 15, 


