
200
20
100
1

5: 0, 0, 0, 0, 0, 16, 15, 15, 0, 15, 0, 0, 0, 0, 0, 0, 0, 0, 15, 0, 15, 34, 8, 0, 0, 0, 0, 0, 6, 0, 0, 0, 16, 0, 9, 0, 0, 0, 0, 0, 0, 15, 16, 0, 0, 0, 0, 0, 0, 0, 0, 0, 0, 0, 3, 0, 0, 0, 0, 15, 15, 16, 0, 17, 0, 0, 16, 15, 0, 0, 0, 0, 19, 0, 0, 0, 15, 0, 15, 0, 0, 0, 0, 0, 0, 0, 0, 0, 0, 16, 20, 0, 0, 0, 0, 0, 0, 0, 18, 15, 2, 0, 0, 15, 15, 0, 0, 15, 15, 15, 15, 0, 0, 0, 0, 34, 14, 19, 0, 0, 0, 17, 16, 0, 0, 8, 0, 0, 15, 0, 15, 8, 0, 16, 0, 0, 0, 0, 26, 0, 0, 0, 0, 0, 15, 0, 0, 0, 0, 8, 15, 0, 15, 0, 0, 0, 19, 0, 0, 0, 0, 17, 20, 15, 9, 17, 15, 0, 0, 11, 4, 0, 16, 0, 15, 15, 0, 0, 15, 0, 0, 17, 10, 0, 0, 0, 0, 0, 0, 0, 0, 0, 20, 0, 0, 0, 0, 9, 0, 0, : 16, 15, 15, 15, 15, 15, 34, 8, 6, 16, 9, 15, 16, 3, 15, 15, 16, 17, 16, 15, 19, 15, 15, 16, 20, 18, 15, 2, 15, 15, 15, 15, 15, 15, 34, 14, 19, 17, 16, 8, 15, 15, 8, 16, 26, 15, 8, 15, 15, 19, 17, 20, 15, 9, 17, 15, 11, 4, 16, 15, 15, 15, 17, 10, 20, 9, 
2: 0, 0, 0, 0, 1, 0, 0, 0, 0, 0, 0, 0, 16, 0, 15, 0, 0, 16, 0, 0, 0, 0, 0, 15, 0, 15, 0, 19, 0, 15, 0, 0, 0, 0, 15, 0, 17, 0, 18, 0, 15, 25, 0, 0, 0, 0, 0, 15, 15, 15, 0, 0, 0, 15, 0, 15, 0, 0, 0, 19, 0, 3, 6, 0, 17, 15, 0, 0, 15, 19, 15, 15, 15, 15, 0, 0, 0, 20, 0, 17, 0, 0, 15, 0, 0, 26, 6, 0, 19, 0, 0, 0, 0, 0, 0, 0, 15, 0, 0, 0, 0, 16, 0, 0, 0, 0, 0, 0, 0, 16, 0, 0, 0, 15, 0, 0, 15, 0, 0, 0, 0, 0, 0, 0, 0, 0, 15, 26, 21, 0, 0, 15, 0, 0, 0, 16, 21, 0, 0, 5, 0, 0, 0, 15, 0, 0, 0, 0, 0, 0, 0, 0, 15, 0, 15, 0, 0, 0, 0, 0, 0, 0, 0, 0, 15, 0, 0, 19, 9, 0, 0, 0, 15, 0, 0, 0, 0, 0, 0, 0, 0, 0, 0, 28, 23, 0, 0, 0, 0, 15, 0, 0, 0, 0, 0, 0, 0, 15, 15, 0, : 1, 16, 15, 16, 15, 15, 19, 15, 15, 17, 18, 15, 25, 15, 15, 15, 15, 15, 19, 3, 6, 17, 15, 15, 19, 15, 15, 15, 15, 20, 17, 15, 26, 6, 19, 15, 16, 16, 15, 15, 15, 26, 21, 15, 16, 21, 5, 15, 15, 15, 15, 19, 9, 15, 28, 23, 15, 15, 15, 
12: 0, 19, 0, 0, 0, 0, 22, 0, 15, 0, 15, 0, 15, 0, 0, 0, 2, 28, 0, 15, 15, 0, 17, 0, 0, 0, 19, 0, 0, 0, 0, 15, 15, 0, 0, 15, 0, 0, 0, 0, 15, 0, 0, 15, 17, 0, 15, 0, 0, 0, 0, 15, 0, 0, 0, 0, 0, 0, 0, 0, 16, 0, 15, 0, 0, 0, 0, 0, 0, 0, 0, 0, 0, 0, 0, 15, 15, 0, 0, 0, 16, 0, 0, 15, 0, 0, 18, 0, 19, 0, 0, 0, 3, 0, 0, 15, 0, 0, 0, 0, 0, 16, 0, 0, 0, 0, 0, 0, 0, 15, 0, 0, 19, 0, 10, 0, 0, 0, 0, 0, 0, 0, 24, 16, 0, 0, 0, 0, 0, 10, 0, 0, 0, 15, 15, 0, 0, 15, 0, 15, 0, 0, 0, 0, 0, 0, 0, 0, 0, 0, 15, 0, 0, 16, 15, 19, 9, 15, 16, 0, 17, 0, 0, 0, 0, 16, 0, 16, 15, 0, 15, 0, 0, 15, 15, 0, 0, 0, 25, 0, 0, 15, 0, 0, 0, 0, 0, 15, 15, 0, 0, 0, 17, 17, 0, 0, 15, 0, 20, 0, : 19, 22, 15, 15, 15, 2, 28, 15, 15, 17, 19, 15, 15, 15, 15, 15, 17, 15, 15, 16, 15, 15, 15, 16, 15, 18, 19, 3, 15, 16, 15, 19, 10, 24, 16, 10, 15, 15, 15, 15, 15, 16, 15, 19, 9, 15, 16, 17, 16, 16, 15, 15, 15, 15, 25, 15, 15, 15, 17, 17, 15, 20, 
11: 0, 6, 0, 20, 0, 0, 0, 0, 0, 0, 15, 15, 0, 15, 0, 0, 16, 0, 8, 15, 0, 0, 0, 15, 0, 0, 0, 15, 0, 0, 15, 0, 15, 15, 0, 0, 0, 0, 15, 0, 0, 0, 15, 0, 15, 0, 0, 0, 16, 0, 0, 0, 0, 0, 0, 0, 0, 14, 0, 0, 0, 0, 0, 0, 15, 0, 25, 0, 0, 15, 0, 0, 0, 17, 0, 0, 0, 0, 0, 0, 0, 0, 6, 15, 0, 0, 0, 24, 16, 0, 37, 0, 0, 0, 15, 14, 0, 0, 15, 20, 15, 15, 0, 0, 0, 0, 15, 0, 0, 0, 0, 0, 0, 0, 0, 0, 26, 0, 0, 20, 0, 27, 0, 0, 12, 0, 0, 15, 0, 0, 0, 0, 0, 0, 0, 16, 16, 15, 0, 0, 0, 0, 15, 0, 0, 0, 0, 0, 24, 0, 0, 0, 0, 0, 15, 0, 17, 16, 15, 0, 0, 0, 15, 18, 0, 0, 0, 16, 0, 0, 0, 0, 0, 0, 0, 15, 15, 15, 0, 0, 0, 0, 0, 0, 0, 17, 0, 0, 0, 0, 15, 0, 0, 0, 28, 0, 0, 0, 0, 0, : 6, 20, 15, 15, 15, 16, 8, 15, 15, 15, 15, 15, 15, 15, 15, 15, 16, 14, 15, 25, 15, 17, 6, 15, 24, 16, 37, 15, 14, 15, 20, 15, 15, 15, 26, 20, 27, 12, 15, 16, 16, 15, 15, 24, 15, 17, 16, 15, 15, 18, 16, 15, 15, 15, 17, 15, 28, 
18: 4, 0, 0, 0, 16, 0, 0, 0, 0, 15, 0, 0, 0, 18, 0, 0, 0, 0, 15, 15, 0, 0, 0, 15, 0, 15, 12, 0, 16, 0, 0, 0, 0, 0, 0, 15, 17, 15, 0, 0, 15, 15, 15, 0, 15, 19, 16, 15, 0, 0, 0, 15, 16, 0, 15, 4, 24, 0, 15, 0, 0, 15, 0, 0, 17, 15, 0, 15, 17, 0, 0, 0, 0, 15, 25, 15, 0, 0, 9, 0, 0, 0, 0, 0, 2, 0, 0, 0, 0, 0, 0, 16, 0, 0, 30, 0, 15, 0, 15, 0, 0, 0, 0, 10, 15, 0, 0, 0, 0, 0, 0, 0, 17, 0, 15, 0, 0, 15, 0, 5, 24, 0, 0, 0, 0, 0, 15, 0, 0, 15, 0, 0, 0, 15, 0, 15, 0, 0, 0, 15, 32, 0, 0, 0, 0, 0, 16, 15, 0, 0, 0, 0, 17, 0, 0, 0, 0, 0, 15, 0, 0, 0, 17, 17, 0, 15, 0, 15, 0, 0, 17, 0, 0, 17, 0, 0, 0, 0, 0, 15, 15, 0, 15, 15, 0, 0, 0, 0, 0, 0, 15, 0, 15, 15, 0, 0, 0, 0, 15, 0, : 4, 16, 15, 18, 15, 15, 15, 15, 12, 16, 15, 17, 15, 15, 15, 15, 15, 19, 16, 15, 15, 16, 15, 4, 24, 15, 15, 17, 15, 15, 17, 15, 25, 15, 9, 2, 16, 30, 15, 15, 10, 15, 17, 15, 15, 5, 24, 15, 15, 15, 15, 15, 32, 16, 15, 17, 15, 17, 17, 15, 15, 17, 17, 15, 15, 15, 15, 15, 15, 15, 15, 
15: 0, 0, 15, 22, 0, 17, 0, 6, 16, 15, 27, 21, 0, 0, 0, 15, 15, 0, 0, 15, 0, 0, 0, 10, 0, 0, 0, 0, 15, 0, 0, 2, 0, 0, 0, 0, 0, 15, 0, 15, 16, 0, 0, 0, 18, 0, 0, 0, 20, 0, 0, 16, 0, 0, 0, 19, 15, 0, 0, 16, 0, 0, 0, 0, 0, 0, 15, 0, 0, 0, 23, 0, 0, 0, 0, 0, 0, 15, 15, 15, 0, 15, 19, 16, 0, 14, 0, 0, 0, 0, 0, 15, 15, 0, 0, 23, 2, 9, 15, 0, 15, 17, 5, 0, 0, 0, 0, 15, 15, 0, 15, 0, 0, 0, 0, 0, 0, 16, 0, 15, 17, 0, 0, 0, 0, 0, 16, 0, 15, 0, 15, 0, 16, 0, 0, 0, 0, 0, 0, 0, 0, 0, 0, 0, 38, 0, 0, 0, 0, 15, 0, 18, 0, 5, 0, 15, 25, 0, 0, 20, 0, 0, 0, 15, 0, 0, 0, 19, 15, 0, 17, 0, 15, 8, 0, 0, 0, 0, 15, 0, 0, 0, 23, 2, 0, 0, 15, 0, 4, 0, 0, 0, 15, 15, 0, 0, 0, 0, 16, 15, : 15, 22, 17, 6, 16, 15, 27, 21, 15, 15, 15, 10, 15, 2, 15, 15, 16, 18, 20, 16, 19, 15, 16, 15, 23, 15, 15, 15, 15, 19, 16, 14, 15, 15, 23, 2, 9, 15, 15, 17, 5, 15, 15, 15, 16, 15, 17, 16, 15, 15, 16, 38, 15, 18, 5, 15, 25, 20, 15, 19, 15, 17, 15, 8, 15, 23, 2, 15, 4, 15, 15, 16, 15, 
7: 0, 15, 0, 0, 15, 0, 18, 15, 0, 0, 0, 0, 15, 0, 0, 0, 0, 6, 0, 0, 0, 15, 0, 0, 15, 6, 15, 0, 0, 16, 22, 0, 0, 0, 0, 0, 0, 15, 0, 0, 0, 15, 15, 0, 15, 25, 0, 0, 0, 15, 27, 0, 0, 0, 15, 0, 1, 20, 0, 0, 0, 0, 0, 16, 0, 0, 0, 0, 15, 0, 0, 15, 0, 19, 15, 0, 0, 0, 0, 15, 0, 26, 0, 0, 15, 15, 0, 0, 13, 16, 0, 9, 15, 15, 0, 0, 0, 0, 16, 0, 0, 0, 16, 0, 19, 15, 0, 0, 0, 0, 0, 0, 0, 0, 15, 0, 0, 0, 16, 0, 12, 0, 0, 0, 15, 0, 16, 0, 0, 0, 0, 0, 0, 10, 15, 0, 0, 15, 0, 15, 22, 0, 0, 0, 0, 0, 15, 15, 0, 0, 0, 0, 15, 0, 15, 0, 15, 0, 15, 16, 0, 15, 0, 20, 0, 0, 15, 0, 0, 25, 0, 0, 0, 0, 15, 0, 0, 9, 0, 0, 0, 0, 0, 0, 0, 0, 15, 0, 15, 32, 0, 15, 0, 0, 0, 15, 15, 15, 0, 9, : 15, 15, 18, 15, 15, 6, 15, 15, 6, 15, 16, 22, 15, 15, 15, 15, 25, 15, 27, 15, 1, 20, 16, 15, 15, 19, 15, 15, 26, 15, 15, 13, 16, 9, 15, 15, 16, 16, 19, 15, 15, 16, 12, 15, 16, 10, 15, 15, 15, 22, 15, 15, 15, 15, 15, 15, 16, 15, 20, 15, 25, 15, 9, 15, 15, 32, 15, 15, 15, 15, 9, 
16: 0, 0, 0, 0, 0, 0, 0, 0, 0, 0, 8, 0, 0, 15, 17, 0, 0, 15, 0, 3, 15, 0, 0, 0, 0, 0, 0, 0, 0, 15, 16, 0, 15, 15, 16, 0, 15, 16, 0, 0, 15, 0, 0, 0, 0, 15, 0, 24, 0, 23, 15, 0, 0, 0, 0, 17, 0, 21, 15, 15, 0, 21, 0, 0, 0, 0, 0, 0, 0, 0, 15, 15, 0, 0, 20, 0, 15, 15, 0, 0, 0, 0, 0, 7, 0, 0, 0, 0, 0, 0, 0, 0, 0, 28, 16, 0, 16, 19, 0, 0, 15, 15, 0, 0, 0, 16, 15, 0, 0, 0, 15, 11, 15, 15, 0, 0, 0, 0, 0, 15, 0, 0, 0, 6, 15, 24, 17, 0, 0, 15, 0, 0, 0, 0, 15, 0, 0, 0, 15, 0, 0, 0, 0, 20, 0, 0, 0, 0, 0, 17, 15, 0, 0, 0, 15, 15, 0, 0, 0, 15, 0, 0, 17, 0, 0, 0, 0, 0, 0, 0, 15, 15, 0, 15, 9, 0, 0, 0, 0, 15, 0, 0, 15, 0, 0, 0, 0, 0, 20, 0, 0, 0, 0, 0, 0, 18, 0, 0, 15, 0, : 8, 15, 17, 15, 3, 15, 15, 16, 15, 15, 16, 15, 16, 15, 15, 24, 23, 15, 17, 21, 15, 15, 21, 15, 15, 20, 15, 15, 7, 28, 16, 16, 19, 15, 15, 16, 15, 15, 11, 15, 15, 15, 6, 15, 24, 17, 15, 15, 15, 20, 17, 15, 15, 15, 15, 17, 15, 15, 15, 9, 15, 15, 20, 18, 15, 
4: 0, 0, 1, 20, 0, 0, 0, 0, 15, 0, 0, 17, 15, 0, 0, 0, 15, 0, 0, 18, 0, 0, 15, 0, 20, 0, 0, 16, 15, 0, 0, 0, 0, 0, 0, 0, 16, 0, 15, 0, 9, 0, 6, 0, 0, 17, 9, 0, 0, 0, 15, 0, 22, 0, 0, 0, 15, 0, 10, 0, 15, 15, 15, 0, 0, 17, 0, 27, 0, 0, 15, 0, 28, 0, 0, 15, 0, 10, 15, 0, 0, 0, 0, 15, 18, 0, 0, 0, 15, 16, 0, 0, 22, 0, 15, 16, 15, 25, 0, 0, 0, 2, 0, 15, 0, 15, 0, 15, 15, 15, 0, 0, 12, 0, 15, 16, 0, 5, 16, 0, 15, 0, 0, 16, 0, 0, 0, 0, 15, 0, 18, 0, 0, 20, 21, 0, 0, 0, 0, 0, 0, 0, 15, 15, 0, 27, 0, 0, 0, 15, 16, 16, 0, 0, 0, 0, 0, 0, 0, 0, 5, 0, 0, 0, 16, 0, 15, 15, 15, 0, 0, 0, 0, 0, 0, 29, 7, 0, 15, 8, 15, 0, 0, 15, 22, 0, 0, 15, 0, 0, 15, 0, 0, 0, 9, 15, 17, 0, 0, 0, : 1, 20, 15, 17, 15, 15, 18, 15, 20, 16, 15, 16, 15, 9, 6, 17, 9, 15, 22, 15, 10, 15, 15, 15, 17, 27, 15, 28, 15, 10, 15, 15, 18, 15, 16, 22, 15, 16, 15, 25, 2, 15, 15, 15, 15, 15, 12, 15, 16, 5, 16, 15, 16, 15, 18, 20, 21, 15, 15, 27, 15, 16, 16, 5, 16, 15, 15, 15, 29, 7, 15, 8, 15, 15, 22, 15, 15, 9, 15, 17, 
19: 15, 0, 0, 0, 0, 0, 0, 15, 15, 0, 0, 17, 0, 0, 0, 26, 0, 0, 15, 0, 15, 0, 15, 0, 18, 15, 0, 0, 0, 0, 0, 0, 0, 4, 0, 1, 0, 0, 0, 0, 0, 15, 0, 15, 0, 0, 15, 0, 0, 0, 12, 0, 18, 15, 0, 15, 0, 15, 0, 0, 7, 0, 15, 0, 0, 0, 15, 9, 21, 20, 0, 16, 0, 0, 0, 0, 15, 0, 0, 4, 0, 15, 15, 0, 0, 0, 0, 0, 0, 15, 0, 15, 0, 0, 0, 0, 16, 15, 0, 1, 0, 0, 0, 0, 15, 3, 15, 15, 0, 15, 0, 18, 0, 0, 0, 0, 0, 0, 0, 0, 0, 0, 0, 17, 0, 0, 0, 0, 0, 15, 0, 15, 0, 0, 0, 0, 17, 0, 0, 0, 0, 0, 15, 0, 0, 0, 0, 0, 17, 15, 0, 0, 4, 0, 0, 0, 0, 0, 0, 18, 15, 17, 0, 0, 0, 0, 0, 0, 0, 19, 0, 15, 21, 0, 15, 25, 0, 0, 0, 15, 15, 0, 22, 0, 0, 4, 15, 0, 15, 7, 1, 10, 0, 16, 0, 0, 15, 0, 0, 15, : 15, 15, 15, 17, 26, 15, 15, 15, 18, 15, 4, 1, 15, 15, 15, 12, 18, 15, 15, 15, 7, 15, 15, 9, 21, 20, 16, 15, 4, 15, 15, 15, 15, 16, 15, 1, 15, 3, 15, 15, 15, 18, 17, 15, 15, 17, 15, 17, 15, 4, 18, 15, 17, 19, 15, 21, 15, 25, 15, 15, 22, 4, 15, 15, 7, 1, 10, 16, 15, 15, 
1: 20, 15, 15, 0, 0, 15, 0, 0, 34, 0, 0, 15, 0, 4, 0, 0, 0, 0, 15, 0, 0, 17, 0, 0, 2, 0, 22, 3, 0, 15, 15, 22, 19, 0, 0, 0, 0, 0, 0, 15, 0, 0, 15, 0, 0, 0, 0, 15, 0, 1, 0, 8, 0, 0, 0, 0, 15, 0, 0, 0, 0, 15, 0, 0, 0, 7, 0, 19, 0, 0, 0, 8, 0, 0, 0, 0, 0, 0, 0, 19, 10, 15, 15, 0, 20, 15, 0, 0, 0, 0, 0, 0, 0, 0, 9, 0, 0, 0, 3, 15, 0, 0, 0, 15, 19, 0, 0, 0, 15, 0, 0, 0, 0, 0, 15, 0, 0, 15, 15, 15, 0, 33, 0, 0, 0, 15, 0, 15, 0, 0, 0, 0, 0, 24, 0, 0, 0, 0, 23, 0, 0, 0, 2, 0, 1, 26, 0, 0, 0, 0, 9, 0, 0, 29, 15, 15, 0, 0, 0, 0, 16, 0, 0, 0, 15, 0, 2, 0, 0, 15, 0, 0, 0, 0, 0, 0, 0, 15, 0, 15, 0, 16, 0, 0, 0, 17, 0, 6, 0, 0, 15, 0, 15, 0, 0, 16, 0, 15, 0, 0, : 20, 15, 15, 15, 34, 15, 4, 15, 17, 2, 22, 3, 15, 15, 22, 19, 15, 15, 15, 1, 8, 15, 15, 7, 19, 8, 19, 10, 15, 15, 20, 15, 9, 3, 15, 15, 19, 15, 15, 15, 15, 15, 33, 15, 15, 24, 23, 2, 1, 26, 9, 29, 15, 15, 16, 15, 2, 15, 15, 15, 16, 17, 6, 15, 15, 16, 15, 
14: 0, 0, 16, 8, 15, 0, 0, 0, 0, 20, 0, 15, 0, 0, 15, 0, 0, 0, 0, 0, 0, 0, 15, 0, 0, 15, 0, 15, 0, 0, 0, 0, 0, 16, 0, 0, 15, 6, 0, 0, 15, 0, 0, 0, 0, 0, 15, 0, 19, 0, 0, 15, 0, 21, 0, 0, 0, 0, 0, 0, 0, 0, 0, 15, 15, 0, 0, 0, 0, 19, 0, 16, 8, 0, 0, 15, 0, 0, 16, 0, 0, 0, 0, 0, 0, 0, 15, 15, 18, 0, 0, 15, 15, 16, 0, 0, 0, 0, 0, 16, 0, 0, 15, 15, 0, 21, 16, 10, 0, 0, 15, 0, 0, 0, 0, 0, 15, 15, 0, 0, 0, 7, 15, 0, 15, 0, 0, 0, 15, 15, 20, 16, 16, 0, 0, 0, 0, 16, 0, 0, 15, 18, 0, 0, 0, 0, 0, 0, 0, 0, 0, 0, 0, 0, 0, 0, 0, 0, 0, 0, 15, 0, 0, 15, 0, 20, 0, 0, 16, 0, 17, 15, 0, 15, 0, 0, 0, 0, 15, 0, 3, 0, 0, 0, 25, 0, 0, 0, 0, 0, 0, 0, 0, 0, 0, 0, 0, 0, 15, 0, : 16, 8, 15, 20, 15, 15, 15, 15, 15, 16, 15, 6, 15, 15, 19, 15, 21, 15, 15, 19, 16, 8, 15, 16, 15, 15, 18, 15, 15, 16, 16, 15, 15, 21, 16, 10, 15, 15, 15, 7, 15, 15, 15, 15, 20, 16, 16, 16, 15, 18, 15, 15, 20, 16, 17, 15, 15, 15, 3, 25, 15, 
10: 15, 0, 0, 0, 0, 0, 15, 15, 0, 0, 17, 0, 0, 0, 21, 29, 0, 17, 0, 19, 0, 4, 0, 15, 0, 16, 0, 0, 0, 0, 15, 0, 15, 15, 15, 0, 0, 0, 0, 0, 0, 0, 0, 15, 0, 0, 0, 1, 0, 16, 0, 0, 0, 3, 34, 0, 0, 0, 20, 0, 15, 0, 0, 0, 20, 0, 0, 0, 0, 0, 0, 15, 0, 15, 8, 0, 0, 0, 0, 15, 19, 0, 0, 0, 0, 15, 15, 25, 0, 0, 12, 0, 0, 0, 0, 0, 0, 0, 0, 0, 0, 0, 18, 0, 0, 15, 0, 0, 15, 0, 10, 15, 20, 0, 15, 15, 0, 0, 15, 0, 0, 0, 0, 15, 21, 0, 0, 14, 19, 15, 17, 0, 0, 0, 0, 0, 0, 0, 0, 20, 0, 0, 0, 0, 0, 0, 0, 24, 16, 0, 15, 0, 0, 15, 10, 0, 0, 15, 0, 0, 0, 0, 0, 0, 15, 0, 15, 0, 15, 0, 0, 0, 0, 15, 0, 0, 15, 16, 0, 0, 18, 0, 0, 0, 0, 15, 0, 15, 0, 0, 0, 15, 0, 0, 0, 19, 0, 0, 0, 0, : 15, 15, 15, 17, 21, 29, 17, 19, 4, 15, 16, 15, 15, 15, 15, 15, 1, 16, 3, 34, 20, 15, 20, 15, 15, 8, 15, 19, 15, 15, 25, 12, 18, 15, 15, 10, 15, 20, 15, 15, 15, 15, 21, 14, 19, 15, 17, 20, 24, 16, 15, 15, 10, 15, 15, 15, 15, 15, 15, 16, 18, 15, 15, 15, 19, 
20: 16, 15, 21, 0, 15, 0, 15, 0, 0, 23, 0, 0, 16, 0, 16, 0, 0, 0, 15, 0, 15, 15, 0, 15, 0, 0, 17, 0, 15, 0, 0, 0, 0, 0, 0, 15, 0, 15, 15, 4, 0, 0, 0, 15, 0, 0, 0, 0, 0, 15, 16, 0, 16, 15, 15, 0, 0, 0, 0, 15, 0, 0, 0, 0, 0, 15, 0, 0, 0, 0, 17, 0, 0, 0, 0, 0, 0, 25, 0, 0, 20, 0, 15, 0, 15, 0, 16, 20, 0, 15, 16, 0, 0, 0, 0, 15, 0, 0, 0, 0, 0, 0, 0, 0, 2, 0, 16, 0, 0, 0, 0, 0, 0, 15, 15, 0, 0, 0, 0, 0, 0, 0, 0, 0, 0, 0, 0, 15, 0, 15, 0, 16, 0, 0, 0, 11, 0, 8, 15, 0, 15, 15, 0, 0, 0, 16, 0, 15, 0, 0, 0, 27, 0, 0, 0, 6, 15, 0, 24, 0, 0, 2, 0, 0, 15, 0, 15, 0, 0, 0, 0, 0, 0, 15, 0, 0, 0, 0, 0, 0, 0, 7, 0, 0, 0, 15, 0, 0, 0, 15, 0, 15, 3, 17, 18, 0, 0, 0, 0, 0, : 16, 15, 21, 15, 15, 23, 16, 16, 15, 15, 15, 15, 17, 15, 15, 15, 15, 4, 15, 15, 16, 16, 15, 15, 15, 15, 17, 25, 20, 15, 15, 16, 20, 15, 16, 15, 2, 16, 15, 15, 15, 15, 16, 11, 8, 15, 15, 15, 16, 15, 27, 6, 15, 24, 2, 15, 15, 15, 7, 15, 15, 15, 3, 17, 18, 
17: 0, 0, 0, 0, 15, 0, 0, 18, 5, 0, 0, 0, 0, 0, 0, 0, 16, 0, 0, 0, 10, 0, 15, 0, 15, 0, 0, 0, 18, 15, 0, 16, 5, 0, 15, 0, 0, 0, 15, 0, 0, 0, 0, 15, 0, 0, 0, 0, 0, 0, 0, 0, 17, 15, 0, 0, 15, 15, 15, 16, 15, 0, 0, 0, 0, 0, 0, 0, 0, 0, 15, 0, 0, 0, 17, 16, 16, 0, 15, 0, 0, 0, 0, 0, 0, 15, 0, 0, 0, 0, 15, 0, 0, 0, 0, 17, 21, 0, 18, 0, 15, 19, 0, 15, 15, 0, 0, 0, 0, 0, 0, 15, 0, 0, 0, 4, 15, 15, 15, 15, 0, 0, 15, 0, 22, 23, 0, 0, 0, 0, 15, 0, 7, 0, 0, 15, 15, 0, 21, 15, 0, 21, 0, 21, 16, 0, 15, 0, 0, 0, 0, 15, 15, 0, 0, 0, 0, 8, 0, 0, 0, 0, 0, 0, 15, 0, 23, 0, 0, 0, 15, 0, 0, 0, 16, 0, 0, 0, 0, 0, 15, 15, 0, 0, 0, 0, 0, 15, 0, 0, 0, 0, 0, 0, 0, 0, 0, 0, 0, 0, : 15, 18, 5, 16, 10, 15, 15, 18, 15, 16, 5, 15, 15, 15, 17, 15, 15, 15, 15, 16, 15, 15, 17, 16, 16, 15, 15, 15, 17, 21, 18, 15, 19, 15, 15, 15, 4, 15, 15, 15, 15, 15, 22, 23, 15, 7, 15, 15, 21, 15, 21, 21, 16, 15, 15, 15, 8, 15, 23, 15, 16, 15, 15, 15, 
3: 15, 0, 0, 15, 0, 0, 0, 0, 0, 0, 0, 0, 0, 15, 0, 15, 0, 0, 0, 0, 15, 0, 0, 0, 0, 18, 0, 17, 0, 0, 0, 0, 0, 0, 15, 0, 0, 0, 0, 19, 0, 0, 0, 0, 0, 0, 15, 0, 0, 0, 0, 16, 0, 16, 0, 15, 0, 15, 0, 0, 0, 15, 0, 0, 15, 15, 15, 0, 16, 0, 0, 0, 0, 2, 0, 0, 0, 0, 15, 0, 0, 0, 0, 16, 0, 0, 0, 0, 0, 0, 0, 0, 0, 26, 0, 0, 0, 0, 0, 0, 0, 0, 15, 0, 0, 0, 8, 0, 0, 7, 0, 26, 0, 17, 0, 0, 0, 0, 0, 0, 15, 0, 1, 15, 0, 15, 0, 15, 0, 0, 0, 0, 15, 0, 4, 0, 0, 15, 0, 0, 0, 17, 0, 0, 0, 0, 15, 0, 0, 0, 0, 0, 0, 0, 0, 0, 0, 0, 15, 0, 15, 19, 0, 0, 0, 0, 0, 0, 0, 0, 0, 20, 0, 0, 0, 0, 0, 15, 0, 0, 0, 0, 0, 15, 0, 17, 0, 15, 0, 0, 0, 16, 15, 15, 15, 17, 15, 15, 0, 0, : 15, 15, 15, 15, 15, 18, 17, 15, 19, 15, 16, 16, 15, 15, 15, 15, 15, 15, 16, 2, 15, 16, 26, 15, 8, 7, 26, 17, 15, 1, 15, 15, 15, 15, 4, 15, 17, 15, 15, 15, 19, 20, 15, 15, 17, 15, 16, 15, 15, 15, 17, 15, 15, 
8: 0, 0, 15, 15, 0, 0, 0, 16, 0, 12, 0, 0, 7, 0, 0, 15, 21, 0, 0, 0, 0, 0, 0, 15, 15, 0, 0, 0, 15, 9, 0, 15, 0, 0, 0, 15, 0, 0, 6, 17, 0, 0, 0, 10, 15, 0, 0, 0, 0, 0, 15, 0, 11, 0, 18, 15, 15, 0, 25, 0, 0, 0, 0, 0, 1, 16, 0, 0, 0, 15, 0, 0, 0, 17, 0, 24, 0, 15, 0, 0, 20, 14, 0, 16, 0, 0, 15, 0, 0, 0, 0, 15, 15, 0, 0, 0, 0, 16, 0, 17, 23, 0, 16, 0, 0, 0, 0, 0, 10, 0, 0, 0, 17, 15, 0, 15, 0, 0, 16, 15, 0, 0, 0, 0, 0, 0, 0, 0, 0, 0, 0, 0, 0, 0, 0, 0, 23, 0, 0, 0, 0, 14, 23, 15, 0, 0, 0, 0, 0, 0, 0, 0, 0, 0, 0, 15, 0, 15, 0, 27, 0, 15, 15, 0, 0, 0, 0, 0, 0, 0, 0, 15, 0, 0, 0, 0, 15, 15, 0, 17, 0, 15, 0, 25, 15, 0, 16, 0, 15, 16, 24, 0, 0, 0, 15, 0, 15, 0, 0, 15, : 15, 15, 16, 12, 7, 15, 21, 15, 15, 15, 9, 15, 15, 6, 17, 10, 15, 15, 11, 18, 15, 15, 25, 1, 16, 15, 17, 24, 15, 20, 14, 16, 15, 15, 15, 16, 17, 23, 16, 10, 17, 15, 15, 16, 15, 23, 14, 23, 15, 15, 15, 27, 15, 15, 15, 15, 15, 17, 15, 25, 15, 16, 15, 16, 24, 15, 15, 15, 
13: 15, 0, 0, 0, 23, 20, 15, 0, 0, 0, 18, 0, 0, 0, 0, 0, 0, 0, 17, 0, 0, 15, 0, 0, 0, 0, 15, 0, 0, 0, 17, 0, 0, 20, 0, 0, 0, 0, 0, 15, 0, 0, 18, 0, 5, 0, 0, 15, 15, 0, 0, 15, 0, 0, 0, 0, 0, 0, 0, 0, 17, 0, 0, 21, 0, 0, 0, 0, 0, 0, 0, 0, 15, 0, 15, 0, 0, 0, 0, 0, 0, 0, 0, 0, 15, 0, 0, 0, 0, 0, 0, 0, 0, 15, 0, 0, 0, 0, 0, 16, 15, 0, 0, 0, 0, 0, 0, 15, 0, 0, 0, 0, 0, 0, 0, 0, 0, 0, 0, 0, 17, 16, 0, 15, 0, 0, 0, 0, 0, 0, 0, 0, 15, 0, 0, 0, 8, 16, 0, 0, 0, 0, 15, 14, 15, 0, 14, 15, 17, 0, 15, 9, 19, 0, 0, 15, 0, 16, 0, 4, 0, 0, 16, 0, 0, 0, 0, 0, 0, 15, 0, 0, 11, 0, 0, 15, 16, 15, 0, 0, 0, 0, 0, 0, 15, 0, 15, 0, 16, 0, 0, 0, 0, 5, 15, 0, 0, 15, 0, 15, : 15, 23, 20, 15, 18, 17, 15, 15, 17, 20, 15, 18, 5, 15, 15, 15, 17, 21, 15, 15, 15, 15, 16, 15, 15, 17, 16, 15, 15, 8, 16, 15, 14, 15, 14, 15, 17, 15, 9, 19, 15, 16, 4, 16, 15, 11, 15, 16, 15, 15, 15, 16, 5, 15, 15, 15, 
6: 0, 15, 17, 0, 0, 17, 0, 0, 0, 0, 0, 0, 16, 0, 0, 0, 15, 18, 0, 0, 0, 0, 0, 0, 0, 0, 0, 15, 0, 0, 0, 15, 0, 15, 0, 21, 20, 18, 16, 0, 0, 0, 0, 0, 0, 24, 0, 15, 15, 0, 0, 0, 0, 0, 0, 0, 0, 0, 0, 4, 0, 0, 24, 16, 0, 0, 14, 15, 16, 0, 0, 0, 15, 0, 0, 0, 9, 0, 0, 15, 0, 15, 0, 0, 0, 0, 0, 16, 0, 7, 0, 15, 0, 0, 15, 0, 0, 16, 0, 0, 0, 0, 0, 15, 0, 15, 15, 15, 0, 0, 15, 15, 0, 8, 0, 0, 15, 0, 0, 0, 0, 0, 29, 0, 0, 15, 21, 0, 0, 0, 0, 15, 15, 0, 15, 27, 0, 0, 0, 0, 16, 0, 0, 0, 15, 16, 0, 15, 15, 15, 0, 0, 0, 0, 0, 0, 0, 0, 0, 0, 17, 15, 0, 0, 0, 18, 0, 0, 15, 15, 0, 3, 22, 0, 15, 1, 0, 0, 15, 0, 0, 0, 15, 0, 0, 0, 6, 0, 0, 15, 0, 0, 0, 0, 0, 0, 0, 16, 0, 15, : 15, 17, 17, 16, 15, 18, 15, 15, 15, 21, 20, 18, 16, 24, 15, 15, 4, 24, 16, 14, 15, 16, 15, 9, 15, 15, 16, 7, 15, 15, 16, 15, 15, 15, 15, 15, 15, 8, 15, 29, 15, 21, 15, 15, 15, 27, 16, 15, 16, 15, 15, 15, 17, 15, 18, 15, 15, 3, 22, 15, 1, 15, 15, 6, 15, 16, 15, 
9: 0, 15, 0, 0, 0, 15, 0, 0, 0, 0, 0, 0, 0, 33, 16, 0, 0, 0, 0, 0, 0, 0, 15, 0, 15, 0, 0, 0, 0, 15, 0, 15, 0, 0, 15, 18, 0, 0, 0, 15, 0, 15, 0, 15, 0, 0, 15, 0, 0, 15, 0, 0, 0, 0, 0, 0, 0, 0, 0, 0, 0, 0, 25, 15, 0, 0, 0, 0, 0, 12, 0, 0, 0, 0, 0, 0, 15, 0, 0, 0, 15, 0, 15, 0, 15, 0, 15, 0, 0, 15, 0, 0, 15, 0, 0, 0, 0, 0, 0, 0, 0, 0, 15, 0, 0, 0, 0, 0, 15, 17, 15, 0, 0, 15, 0, 16, 0, 0, 7, 0, 0, 0, 0, 0, 0, 0, 0, 0, 0, 0, 0, 15, 16, 0, 15, 0, 0, 0, 0, 15, 0, 15, 15, 0, 0, 15, 25, 1, 11, 15, 0, 15, 0, 35, 0, 0, 0, 15, 0, 0, 0, 0, 0, 0, 0, 14, 0, 0, 0, 0, 0, 17, 0, 0, 0, 0, 32, 0, 0, 15, 19, 15, 0, 0, 0, 15, 18, 19, 0, 0, 15, 29, 0, 0, 0, 0, 8, 0, 4, 16, : 15, 15, 33, 16, 15, 15, 15, 15, 15, 18, 15, 15, 15, 15, 15, 25, 15, 12, 15, 15, 15, 15, 15, 15, 15, 15, 15, 17, 15, 15, 16, 7, 15, 16, 15, 15, 15, 15, 15, 25, 1, 11, 15, 15, 35, 15, 14, 17, 32, 15, 19, 15, 15, 18, 19, 15, 29, 8, 4, 16, 


