
200
40
100
2

3: 0, 19, 0, 0, 0, 0, 0, 14, 0, 0, 15, 0, 15, 0, 0, 0, 0, 16, 0, 19, 24, 0, 0, 0, 0, 0, 21, 15, 0, 0, 0, 0, 0, 0, 15, 0, 0, 0, 16, 0, 0, 0, 0, 0, 0, 0, 0, 15, 0, 0, 0, 0, 15, 0, 0, 0, 30, 15, 15, 0, 6, 0, 0, 0, 0, 16, 0, 17, 0, 0, 0, 16, 0, 0, 11, 15, 0, 0, 0, 0, 0, 0, 0, 15, 0, 0, 18, 0, 0, 0, 16, 15, 0, 0, 2, 30, 0, 6, 0, 15, 15, 0, 0, 0, 0, 0, 15, 0, 0, 15, 15, 15, 5, 0, 15, 0, 0, 0, 15, 0, 21, 10, 0, 0, 15, 0, 20, 0, 16, 0, 15, 0, 7, 0, 0, 0, 0, 15, 0, 0, 15, 25, 15, 0, 6, 0, 0, 0, 15, 18, 4, 18, 0, 0, 16, 0, 0, 0, 19, 0, 0, 0, 0, 0, 16, 0, 0, 15, 6, 0, 15, 0, 15, 0, 0, 0, 16, 19, 0, 15, 15, 18, 17, 0, 0, 0, 0, 0, 0, 0, 0, 0, 0, 15, 0, 0, 0, 15, 10, 0, : 19, 14, 15, 15, 16, 19, 24, 21, 15, 15, 16, 15, 15, 30, 15, 15, 6, 16, 17, 16, 11, 15, 15, 18, 16, 15, 2, 30, 6, 15, 15, 15, 15, 15, 15, 5, 15, 15, 21, 10, 15, 20, 16, 15, 7, 15, 15, 25, 15, 6, 15, 18, 4, 18, 16, 19, 16, 15, 6, 15, 15, 16, 19, 15, 15, 18, 17, 15, 15, 10, 
35: 0, 0, 15, 0, 0, 20, 0, 0, 16, 0, 3, 15, 0, 0, 0, 0, 0, 17, 0, 0, 0, 0, 0, 0, 0, 0, 0, 0, 0, 15, 0, 13, 17, 0, 0, 15, 0, 0, 15, 0, 17, 0, 0, 0, 15, 0, 0, 0, 15, 15, 0, 0, 0, 0, 0, 0, 0, 15, 0, 15, 0, 27, 15, 0, 0, 15, 0, 0, 0, 0, 0, 0, 15, 0, 0, 0, 0, 25, 15, 16, 0, 0, 0, 0, 15, 0, 15, 0, 15, 0, 0, 0, 0, 0, 0, 0, 15, 0, 15, 4, 0, 0, 0, 14, 15, 0, 15, 15, 15, 0, 0, 18, 0, 15, 0, 0, 0, 0, 0, 0, 0, 0, 0, 0, 11, 15, 0, 0, 15, 10, 0, 0, 0, 0, 0, 0, 0, 0, 0, 0, 0, 15, 0, 0, 0, 0, 0, 0, 18, 16, 15, 0, 0, 0, 0, 0, 15, 0, 15, 0, 0, 0, 0, 0, 7, 0, 0, 0, 0, 17, 0, 0, 0, 0, 0, 0, 0, 15, 15, 0, 0, 21, 0, 0, 18, 0, 16, 21, 15, 0, 17, 0, 16, 0, 0, 0, 15, 0, 15, 0, : 15, 20, 16, 3, 15, 17, 15, 13, 17, 15, 15, 17, 15, 15, 15, 15, 15, 27, 15, 15, 15, 25, 15, 16, 15, 15, 15, 15, 15, 4, 14, 15, 15, 15, 15, 18, 15, 11, 15, 15, 10, 15, 18, 16, 15, 15, 15, 7, 17, 15, 15, 21, 18, 16, 21, 15, 17, 16, 15, 15, 
10: 0, 0, 0, 20, 0, 0, 0, 0, 0, 0, 0, 0, 0, 15, 0, 0, 0, 0, 3, 0, 0, 0, 0, 0, 0, 17, 0, 0, 15, 0, 15, 15, 0, 15, 15, 0, 15, 3, 0, 0, 0, 0, 0, 15, 0, 0, 17, 0, 0, 18, 0, 19, 15, 15, 0, 0, 0, 0, 0, 25, 0, 0, 0, 0, 26, 0, 0, 17, 16, 0, 0, 0, 0, 0, 0, 0, 0, 0, 31, 18, 0, 15, 0, 0, 0, 0, 0, 0, 0, 0, 0, 0, 16, 0, 0, 0, 20, 0, 0, 0, 17, 15, 0, 28, 0, 16, 0, 0, 15, 0, 6, 0, 0, 0, 0, 8, 15, 0, 15, 15, 0, 0, 0, 0, 0, 15, 0, 0, 0, 15, 0, 0, 15, 17, 15, 15, 0, 9, 0, 0, 0, 0, 19, 0, 0, 0, 0, 0, 0, 15, 0, 0, 0, 0, 0, 15, 0, 0, 0, 0, 0, 16, 0, 0, 0, 15, 0, 0, 0, 0, 0, 0, 1, 0, 0, 0, 0, 15, 0, 0, 0, 0, 16, 0, 0, 0, 15, 0, 15, 17, 0, 0, 0, 16, 0, 0, 0, 0, 0, 0, : 20, 15, 3, 17, 15, 15, 15, 15, 15, 15, 3, 15, 17, 18, 19, 15, 15, 25, 26, 17, 16, 31, 18, 15, 16, 20, 17, 15, 28, 16, 15, 6, 8, 15, 15, 15, 15, 15, 15, 17, 15, 15, 9, 19, 15, 15, 16, 15, 1, 15, 16, 15, 15, 17, 16, 
34: 0, 0, 0, 20, 0, 0, 19, 0, 0, 0, 15, 0, 0, 20, 0, 0, 0, 15, 28, 22, 12, 0, 15, 0, 15, 0, 15, 15, 0, 10, 0, 15, 3, 0, 0, 15, 0, 21, 13, 0, 0, 25, 0, 0, 5, 0, 28, 16, 15, 0, 0, 14, 0, 6, 0, 0, 5, 0, 15, 15, 20, 0, 0, 0, 15, 0, 0, 0, 21, 0, 0, 15, 0, 15, 0, 15, 0, 14, 0, 0, 0, 0, 0, 15, 0, 4, 16, 0, 0, 0, 0, 0, 7, 0, 23, 0, 22, 0, 0, 20, 33, 0, 0, 0, 15, 0, 0, 0, 0, 19, 34, 0, 15, 15, 15, 0, 15, 15, 0, 0, 15, 15, 0, 15, 0, 16, 0, 0, 6, 0, 0, 0, 0, 0, 15, 0, 0, 15, 8, 15, 0, 0, 0, 15, 0, 0, 0, 18, 0, 0, 0, 15, 0, 0, 0, 0, 0, 0, 0, 0, 0, 15, 0, 0, 0, 0, 15, 0, 0, 3, 0, 0, 0, 0, 15, 0, 20, 0, 15, 0, 17, 0, 0, 0, 0, 15, 0, 0, 0, 0, 0, 0, 0, 0, 17, 0, 0, 0, 0, 20, : 20, 19, 15, 20, 15, 28, 22, 12, 15, 15, 15, 15, 10, 15, 3, 15, 21, 13, 25, 5, 28, 16, 15, 14, 6, 5, 15, 15, 20, 15, 21, 15, 15, 15, 14, 15, 4, 16, 7, 23, 22, 20, 33, 15, 19, 34, 15, 15, 15, 15, 15, 15, 15, 15, 16, 6, 15, 15, 8, 15, 15, 18, 15, 15, 15, 3, 15, 20, 15, 17, 15, 17, 20, 
7: 15, 17, 0, 0, 34, 0, 16, 0, 15, 0, 0, 0, 0, 0, 0, 15, 0, 0, 0, 16, 0, 15, 16, 0, 0, 0, 15, 0, 0, 15, 0, 16, 15, 0, 22, 0, 0, 0, 0, 0, 0, 26, 0, 0, 16, 0, 0, 0, 0, 0, 18, 0, 0, 0, 15, 0, 15, 0, 15, 0, 15, 0, 15, 20, 9, 0, 0, 0, 0, 0, 10, 0, 0, 0, 0, 0, 15, 15, 0, 0, 15, 0, 0, 0, 19, 0, 0, 15, 17, 0, 0, 0, 15, 0, 15, 0, 0, 16, 0, 15, 5, 15, 0, 0, 0, 0, 17, 0, 17, 0, 0, 0, 0, 0, 0, 0, 15, 0, 0, 0, 0, 0, 0, 0, 0, 0, 19, 0, 0, 0, 0, 0, 0, 0, 0, 0, 15, 0, 0, 0, 0, 0, 0, 0, 0, 0, 0, 0, 15, 0, 0, 0, 31, 20, 15, 0, 0, 4, 0, 15, 0, 16, 0, 0, 15, 0, 5, 0, 0, 0, 0, 0, 0, 15, 0, 15, 0, 12, 0, 0, 0, 15, 0, 16, 15, 0, 0, 0, 0, 15, 0, 15, 0, 0, 15, 15, 0, 15, 0, 34, : 15, 17, 34, 16, 15, 15, 16, 15, 16, 15, 15, 16, 15, 22, 26, 16, 18, 15, 15, 15, 15, 15, 20, 9, 10, 15, 15, 15, 19, 15, 17, 15, 15, 16, 15, 5, 15, 17, 17, 15, 19, 15, 15, 31, 20, 15, 4, 15, 16, 15, 5, 15, 15, 12, 15, 16, 15, 15, 15, 15, 15, 15, 34, 
4: 10, 0, 16, 0, 29, 0, 0, 0, 0, 0, 34, 0, 0, 0, 15, 0, 15, 19, 0, 15, 0, 0, 0, 0, 0, 15, 0, 0, 0, 0, 17, 0, 0, 4, 0, 6, 0, 15, 0, 0, 15, 0, 0, 0, 16, 15, 15, 18, 20, 0, 15, 0, 16, 15, 0, 15, 0, 0, 0, 0, 0, 0, 0, 0, 0, 15, 0, 17, 0, 15, 15, 19, 15, 0, 0, 0, 10, 0, 15, 15, 21, 0, 10, 0, 0, 20, 0, 0, 0, 18, 0, 17, 0, 0, 15, 0, 13, 19, 15, 16, 0, 0, 0, 0, 0, 0, 7, 15, 17, 0, 0, 0, 19, 18, 0, 0, 0, 18, 0, 0, 0, 0, 0, 0, 0, 17, 0, 15, 0, 0, 0, 0, 15, 15, 0, 0, 0, 16, 0, 0, 0, 0, 15, 0, 0, 0, 0, 0, 0, 0, 0, 0, 0, 15, 0, 0, 0, 15, 15, 0, 0, 25, 0, 15, 0, 15, 0, 15, 0, 15, 15, 0, 17, 0, 25, 0, 0, 24, 18, 0, 0, 15, 0, 0, 6, 0, 0, 0, 0, 8, 19, 0, 0, 0, 15, 0, 0, 16, 0, 0, : 10, 16, 29, 34, 15, 15, 19, 15, 15, 17, 4, 6, 15, 15, 16, 15, 15, 18, 20, 15, 16, 15, 15, 15, 17, 15, 15, 19, 15, 10, 15, 15, 21, 10, 20, 18, 17, 15, 13, 19, 15, 16, 7, 15, 17, 19, 18, 18, 17, 15, 15, 15, 16, 15, 15, 15, 15, 25, 15, 15, 15, 15, 15, 17, 25, 24, 18, 15, 6, 8, 19, 15, 16, 
1: 0, 0, 0, 15, 0, 0, 0, 15, 15, 0, 0, 0, 15, 0, 16, 0, 0, 15, 0, 0, 0, 17, 0, 10, 25, 0, 0, 0, 15, 15, 15, 0, 0, 0, 0, 0, 15, 0, 0, 16, 15, 0, 6, 0, 0, 15, 0, 0, 15, 17, 0, 0, 0, 0, 0, 0, 15, 15, 0, 15, 0, 21, 0, 15, 15, 0, 0, 15, 0, 1, 0, 0, 15, 15, 18, 2, 0, 0, 0, 0, 1, 15, 0, 2, 0, 0, 0, 0, 15, 0, 16, 15, 0, 0, 0, 0, 0, 0, 16, 0, 0, 0, 0, 0, 15, 8, 0, 0, 15, 15, 0, 0, 0, 0, 0, 0, 16, 0, 10, 0, 0, 0, 0, 10, 0, 0, 15, 0, 0, 0, 0, 0, 0, 0, 15, 0, 17, 0, 15, 15, 0, 0, 0, 25, 15, 0, 0, 0, 23, 0, 0, 0, 15, 16, 0, 0, 0, 20, 4, 0, 0, 0, 0, 0, 0, 24, 0, 0, 0, 0, 21, 15, 0, 0, 9, 0, 0, 0, 0, 0, 0, 0, 0, 0, 15, 0, 0, 16, 16, 0, 0, 0, 0, 0, 0, 15, 15, 0, 15, 15, : 15, 15, 15, 15, 16, 15, 17, 10, 25, 15, 15, 15, 15, 16, 15, 6, 15, 15, 17, 15, 15, 15, 21, 15, 15, 15, 1, 15, 15, 18, 2, 1, 15, 2, 15, 16, 15, 16, 15, 8, 15, 15, 16, 10, 10, 15, 15, 17, 15, 15, 25, 15, 23, 15, 16, 20, 4, 24, 21, 15, 9, 15, 16, 16, 15, 15, 15, 15, 
14: 15, 0, 0, 0, 15, 0, 15, 0, 0, 14, 16, 8, 16, 0, 0, 0, 0, 0, 0, 0, 0, 0, 0, 0, 0, 19, 0, 15, 21, 0, 15, 0, 0, 0, 0, 0, 0, 0, 0, 0, 0, 15, 0, 0, 0, 0, 0, 0, 19, 0, 0, 20, 0, 0, 15, 0, 0, 16, 15, 15, 18, 0, 18, 0, 0, 0, 0, 0, 15, 15, 15, 0, 0, 0, 0, 0, 0, 0, 0, 0, 0, 0, 0, 20, 15, 15, 20, 0, 0, 0, 0, 0, 0, 0, 0, 0, 0, 0, 0, 0, 0, 0, 15, 0, 0, 0, 0, 0, 0, 0, 15, 0, 0, 28, 15, 0, 0, 0, 0, 0, 15, 15, 0, 0, 0, 16, 0, 0, 18, 15, 15, 0, 0, 0, 0, 9, 3, 0, 32, 0, 0, 0, 0, 0, 0, 0, 15, 0, 0, 18, 0, 0, 0, 0, 15, 15, 6, 0, 0, 15, 15, 0, 0, 19, 0, 0, 0, 15, 15, 0, 13, 0, 0, 0, 25, 16, 18, 0, 0, 8, 15, 0, 15, 15, 0, 0, 0, 0, 15, 0, 0, 8, 0, 0, 0, 3, 0, 0, 15, 16, : 15, 15, 15, 14, 16, 8, 16, 19, 15, 21, 15, 15, 19, 20, 15, 16, 15, 15, 18, 18, 15, 15, 15, 20, 15, 15, 20, 15, 15, 28, 15, 15, 15, 16, 18, 15, 15, 9, 3, 32, 15, 18, 15, 15, 6, 15, 15, 19, 15, 15, 13, 25, 16, 18, 8, 15, 15, 15, 15, 8, 3, 15, 16, 
19: 0, 0, 0, 0, 0, 17, 0, 0, 0, 0, 0, 25, 0, 13, 15, 0, 0, 0, 0, 0, 17, 11, 22, 0, 13, 0, 16, 15, 0, 0, 0, 0, 0, 16, 16, 19, 15, 0, 0, 15, 15, 2, 0, 15, 0, 0, 0, 0, 0, 0, 19, 0, 0, 15, 0, 10, 20, 0, 0, 0, 0, 0, 0, 0, 15, 5, 0, 0, 0, 0, 0, 15, 15, 4, 0, 15, 0, 16, 0, 0, 0, 0, 15, 0, 0, 15, 0, 21, 0, 0, 0, 0, 0, 21, 0, 0, 0, 0, 0, 15, 0, 0, 0, 0, 0, 0, 0, 0, 15, 0, 0, 15, 15, 9, 15, 0, 22, 0, 15, 23, 0, 15, 17, 15, 0, 0, 13, 31, 0, 0, 0, 0, 0, 0, 0, 0, 0, 0, 15, 32, 0, 0, 2, 0, 0, 20, 0, 0, 0, 15, 0, 0, 0, 0, 15, 0, 0, 0, 0, 15, 0, 0, 32, 0, 15, 0, 15, 0, 0, 0, 0, 29, 0, 15, 0, 0, 16, 0, 2, 15, 0, 0, 0, 15, 15, 0, 0, 0, 0, 15, 0, 0, 15, 0, 15, 0, 0, 0, 15, 0, : 17, 25, 13, 15, 17, 11, 22, 13, 16, 15, 16, 16, 19, 15, 15, 15, 2, 15, 19, 15, 10, 20, 15, 5, 15, 15, 4, 15, 16, 15, 15, 21, 21, 15, 15, 15, 15, 9, 15, 22, 15, 23, 15, 17, 15, 13, 31, 15, 32, 2, 20, 15, 15, 15, 32, 15, 15, 29, 15, 16, 2, 15, 15, 15, 15, 15, 15, 15, 
39: 0, 0, 15, 0, 0, 0, 0, 0, 0, 0, 0, 15, 15, 0, 0, 0, 15, 3, 0, 0, 15, 0, 0, 0, 0, 17, 0, 0, 0, 0, 0, 18, 0, 0, 0, 0, 15, 15, 0, 0, 0, 0, 0, 0, 15, 11, 0, 0, 0, 0, 18, 0, 0, 0, 0, 0, 0, 0, 10, 15, 0, 0, 0, 0, 0, 0, 16, 0, 0, 0, 0, 0, 6, 0, 0, 0, 15, 0, 0, 15, 0, 0, 0, 0, 15, 0, 0, 0, 0, 0, 0, 0, 0, 15, 0, 22, 0, 0, 0, 0, 15, 0, 0, 0, 15, 0, 0, 21, 0, 0, 0, 15, 0, 0, 0, 15, 2, 0, 0, 15, 0, 0, 16, 0, 16, 0, 0, 0, 0, 0, 0, 16, 15, 15, 0, 0, 0, 0, 0, 0, 0, 15, 19, 0, 17, 15, 0, 0, 0, 0, 15, 15, 0, 0, 15, 15, 0, 16, 0, 25, 0, 0, 0, 6, 0, 16, 0, 0, 15, 0, 21, 0, 0, 9, 0, 0, 0, 0, 0, 0, 0, 0, 15, 0, 0, 22, 0, 0, 0, 0, 30, 16, 0, 0, 0, 0, 0, 0, 0, 0, : 15, 15, 15, 15, 3, 15, 17, 18, 15, 15, 15, 11, 18, 10, 15, 16, 6, 15, 15, 15, 15, 22, 15, 15, 21, 15, 15, 2, 15, 16, 16, 16, 15, 15, 15, 19, 17, 15, 15, 15, 15, 15, 16, 25, 6, 16, 15, 21, 9, 15, 22, 30, 16, 
24: 0, 0, 0, 0, 7, 0, 15, 0, 0, 15, 0, 0, 0, 0, 20, 0, 0, 0, 0, 0, 0, 26, 15, 16, 0, 0, 0, 0, 0, 0, 0, 0, 0, 0, 1, 0, 0, 0, 15, 0, 0, 0, 15, 0, 0, 0, 0, 0, 0, 0, 0, 17, 0, 0, 15, 0, 0, 0, 0, 0, 24, 15, 18, 15, 0, 0, 15, 15, 0, 24, 0, 0, 19, 0, 0, 17, 0, 0, 0, 0, 0, 15, 15, 0, 15, 0, 0, 15, 0, 10, 18, 0, 0, 0, 0, 0, 0, 0, 15, 0, 15, 0, 8, 21, 0, 15, 0, 0, 0, 0, 0, 0, 0, 0, 0, 0, 0, 15, 0, 0, 0, 0, 0, 0, 0, 0, 0, 0, 0, 0, 15, 16, 0, 0, 0, 0, 0, 15, 0, 0, 15, 0, 0, 15, 0, 0, 15, 0, 9, 15, 0, 0, 15, 18, 0, 0, 0, 0, 0, 0, 15, 0, 19, 0, 0, 0, 0, 19, 0, 0, 0, 20, 15, 0, 0, 0, 0, 0, 0, 0, 0, 14, 0, 0, 0, 17, 15, 0, 0, 0, 0, 16, 0, 15, 0, 0, 18, 0, 15, 0, : 7, 15, 15, 20, 26, 15, 16, 1, 15, 15, 17, 15, 24, 15, 18, 15, 15, 15, 24, 19, 17, 15, 15, 15, 15, 10, 18, 15, 15, 8, 21, 15, 15, 15, 16, 15, 15, 15, 15, 9, 15, 15, 18, 15, 19, 19, 20, 15, 14, 17, 15, 16, 15, 18, 15, 
16: 15, 0, 0, 0, 0, 16, 15, 0, 4, 24, 0, 0, 0, 0, 0, 0, 0, 0, 0, 0, 0, 0, 0, 0, 0, 17, 0, 4, 0, 0, 0, 0, 0, 16, 0, 15, 0, 0, 0, 0, 0, 0, 0, 18, 17, 0, 0, 0, 0, 18, 0, 0, 15, 0, 0, 0, 0, 0, 0, 0, 0, 0, 15, 0, 0, 0, 0, 19, 0, 0, 15, 0, 0, 0, 0, 0, 15, 0, 0, 0, 0, 4, 0, 16, 0, 15, 15, 1, 0, 15, 5, 0, 15, 0, 0, 0, 0, 0, 0, 0, 0, 0, 0, 0, 0, 15, 15, 15, 0, 0, 15, 0, 15, 0, 0, 0, 0, 0, 15, 15, 0, 0, 15, 0, 0, 0, 0, 0, 0, 15, 0, 0, 0, 0, 0, 15, 15, 0, 0, 0, 15, 0, 0, 0, 0, 0, 21, 15, 0, 0, 0, 5, 0, 0, 15, 0, 0, 15, 17, 0, 0, 0, 0, 15, 17, 0, 15, 16, 0, 0, 0, 0, 0, 15, 0, 0, 0, 15, 20, 0, 0, 0, 0, 23, 16, 0, 0, 0, 15, 0, 0, 0, 23, 7, 15, 0, 0, 0, 0, 15, : 15, 16, 15, 4, 24, 17, 4, 16, 15, 18, 17, 18, 15, 15, 19, 15, 15, 4, 16, 15, 15, 1, 15, 5, 15, 15, 15, 15, 15, 15, 15, 15, 15, 15, 15, 15, 15, 21, 15, 5, 15, 15, 17, 15, 17, 15, 16, 15, 15, 20, 23, 16, 15, 23, 7, 15, 15, 
28: 30, 15, 0, 15, 0, 17, 0, 16, 0, 0, 0, 16, 0, 15, 0, 17, 15, 0, 0, 13, 0, 16, 5, 17, 0, 15, 0, 17, 0, 15, 0, 0, 0, 0, 16, 0, 0, 0, 15, 17, 0, 15, 15, 15, 0, 0, 0, 0, 0, 0, 15, 0, 17, 0, 0, 15, 0, 15, 0, 0, 0, 0, 0, 0, 0, 15, 36, 0, 15, 0, 15, 0, 0, 0, 19, 0, 0, 0, 0, 0, 15, 0, 15, 0, 6, 0, 0, 0, 16, 25, 15, 15, 0, 15, 15, 0, 0, 17, 0, 0, 0, 0, 15, 15, 0, 0, 0, 0, 6, 0, 0, 0, 16, 0, 18, 0, 0, 5, 0, 0, 15, 0, 2, 29, 15, 0, 15, 9, 15, 0, 0, 16, 15, 15, 0, 0, 15, 0, 0, 15, 15, 15, 0, 15, 15, 0, 0, 0, 0, 0, 0, 15, 0, 0, 9, 0, 0, 0, 0, 0, 0, 0, 3, 0, 0, 15, 20, 0, 19, 18, 0, 15, 21, 0, 0, 0, 0, 0, 0, 17, 15, 0, 0, 0, 15, 0, 0, 15, 15, 0, 4, 0, 0, 0, 15, 15, 0, 17, 15, 0, : 30, 15, 15, 17, 16, 16, 15, 17, 15, 13, 16, 5, 17, 15, 17, 15, 16, 15, 17, 15, 15, 15, 15, 17, 15, 15, 15, 36, 15, 15, 19, 15, 15, 6, 16, 25, 15, 15, 15, 15, 17, 15, 15, 6, 16, 18, 5, 15, 2, 29, 15, 15, 9, 15, 16, 15, 15, 15, 15, 15, 15, 15, 15, 15, 9, 3, 15, 20, 19, 18, 15, 21, 17, 15, 15, 15, 15, 4, 15, 15, 17, 15, 
8: 0, 0, 18, 0, 0, 15, 0, 0, 0, 0, 0, 0, 0, 0, 0, 0, 15, 0, 0, 0, 17, 0, 27, 15, 15, 0, 0, 0, 15, 15, 0, 23, 0, 15, 0, 0, 0, 15, 0, 15, 23, 0, 15, 0, 0, 22, 0, 17, 0, 0, 0, 0, 0, 0, 0, 19, 0, 0, 0, 0, 0, 0, 0, 15, 0, 0, 0, 0, 0, 15, 15, 16, 0, 15, 22, 21, 22, 0, 0, 21, 18, 0, 0, 15, 0, 0, 0, 0, 0, 0, 0, 0, 17, 0, 0, 3, 0, 16, 0, 0, 0, 15, 0, 22, 24, 0, 0, 0, 0, 0, 15, 0, 0, 0, 0, 23, 0, 0, 0, 0, 0, 15, 15, 0, 0, 0, 0, 15, 0, 0, 15, 0, 0, 6, 0, 0, 20, 15, 0, 0, 0, 0, 0, 0, 0, 0, 15, 15, 0, 0, 15, 0, 0, 0, 0, 19, 0, 15, 0, 0, 0, 0, 0, 15, 0, 0, 0, 0, 15, 0, 0, 0, 15, 15, 26, 27, 0, 0, 0, 15, 0, 0, 0, 15, 0, 16, 15, 0, 9, 15, 0, 15, 15, 15, 0, 0, 29, 0, 0, 0, : 18, 15, 15, 17, 27, 15, 15, 15, 15, 23, 15, 15, 15, 23, 15, 22, 17, 19, 15, 15, 15, 16, 15, 22, 21, 22, 21, 18, 15, 17, 3, 16, 15, 22, 24, 15, 23, 15, 15, 15, 15, 6, 20, 15, 15, 15, 15, 19, 15, 15, 15, 15, 15, 26, 27, 15, 15, 16, 15, 9, 15, 15, 15, 15, 29, 
22: 15, 0, 15, 0, 0, 0, 15, 0, 15, 16, 0, 0, 15, 15, 0, 5, 0, 0, 0, 0, 0, 0, 0, 23, 0, 0, 0, 0, 0, 0, 15, 0, 0, 0, 0, 0, 15, 15, 0, 0, 0, 0, 18, 0, 0, 0, 16, 16, 16, 0, 0, 0, 0, 0, 15, 0, 0, 0, 0, 0, 0, 15, 0, 0, 20, 0, 0, 0, 10, 15, 0, 0, 0, 0, 0, 0, 23, 15, 8, 15, 0, 15, 15, 0, 0, 31, 0, 0, 0, 0, 0, 0, 0, 16, 15, 0, 15, 0, 0, 15, 0, 15, 0, 0, 0, 15, 0, 2, 0, 4, 0, 0, 0, 0, 7, 0, 0, 0, 15, 17, 0, 15, 17, 15, 0, 0, 0, 0, 0, 0, 0, 15, 0, 0, 0, 15, 0, 0, 0, 0, 5, 15, 15, 15, 0, 24, 0, 0, 0, 3, 0, 0, 15, 0, 0, 21, 15, 0, 15, 0, 0, 0, 0, 15, 0, 0, 0, 15, 15, 0, 0, 15, 16, 16, 0, 0, 0, 0, 0, 15, 5, 0, 0, 0, 0, 0, 16, 0, 0, 0, 0, 0, 19, 0, 8, 15, 22, 0, 0, 0, : 15, 15, 15, 15, 16, 15, 15, 5, 23, 15, 15, 15, 18, 16, 16, 16, 15, 15, 20, 10, 15, 23, 15, 8, 15, 15, 15, 31, 16, 15, 15, 15, 15, 15, 2, 4, 7, 15, 17, 15, 17, 15, 15, 15, 5, 15, 15, 15, 24, 3, 15, 21, 15, 15, 15, 15, 15, 15, 16, 16, 15, 5, 16, 19, 8, 15, 22, 
27: 0, 15, 0, 0, 15, 0, 0, 0, 0, 0, 0, 0, 0, 0, 0, 0, 15, 0, 0, 0, 0, 0, 0, 19, 15, 0, 16, 0, 0, 0, 0, 0, 0, 0, 0, 15, 0, 16, 0, 0, 0, 0, 15, 18, 0, 0, 0, 0, 0, 0, 0, 0, 17, 19, 18, 26, 0, 0, 0, 0, 0, 0, 15, 3, 0, 0, 17, 0, 0, 0, 0, 0, 15, 0, 0, 0, 0, 15, 31, 0, 0, 0, 15, 0, 0, 0, 1, 18, 15, 0, 15, 0, 15, 15, 0, 0, 0, 0, 15, 0, 0, 15, 15, 0, 0, 15, 15, 0, 0, 0, 0, 0, 0, 0, 15, 0, 15, 15, 15, 15, 0, 0, 18, 16, 15, 0, 0, 15, 0, 0, 0, 18, 0, 0, 7, 0, 15, 0, 0, 0, 0, 0, 0, 15, 0, 0, 17, 23, 20, 0, 0, 0, 0, 0, 0, 0, 15, 0, 0, 0, 0, 16, 31, 0, 15, 0, 15, 0, 0, 15, 0, 6, 0, 0, 0, 0, 0, 0, 15, 0, 18, 0, 0, 0, 0, 15, 0, 0, 0, 0, 15, 0, 12, 0, 0, 0, 0, 15, 0, 0, : 15, 15, 15, 19, 15, 16, 15, 16, 15, 18, 17, 19, 18, 26, 15, 3, 17, 15, 15, 31, 15, 1, 18, 15, 15, 15, 15, 15, 15, 15, 15, 15, 15, 15, 15, 15, 15, 18, 16, 15, 15, 18, 7, 15, 15, 17, 23, 20, 15, 16, 31, 15, 15, 15, 6, 15, 18, 15, 15, 12, 15, 
25: 0, 19, 0, 15, 0, 0, 0, 0, 15, 15, 0, 0, 8, 0, 0, 16, 10, 0, 23, 0, 0, 0, 0, 0, 0, 0, 17, 19, 4, 15, 0, 0, 15, 15, 0, 15, 0, 0, 0, 0, 0, 0, 0, 0, 16, 0, 9, 0, 0, 0, 0, 15, 0, 0, 0, 15, 0, 15, 0, 0, 17, 0, 0, 17, 0, 19, 16, 0, 0, 15, 15, 15, 0, 21, 15, 0, 0, 0, 0, 0, 15, 15, 0, 0, 15, 0, 0, 15, 0, 17, 0, 16, 0, 15, 0, 15, 0, 26, 9, 0, 0, 0, 15, 0, 0, 0, 0, 0, 0, 18, 0, 15, 0, 0, 0, 15, 0, 0, 0, 0, 4, 15, 0, 0, 0, 0, 0, 0, 15, 15, 0, 15, 18, 17, 0, 0, 0, 15, 0, 0, 19, 15, 0, 0, 0, 0, 0, 15, 0, 0, 0, 15, 15, 0, 0, 0, 0, 15, 0, 0, 23, 0, 0, 15, 0, 0, 0, 0, 0, 17, 0, 0, 0, 0, 0, 11, 0, 0, 0, 0, 0, 0, 15, 0, 0, 0, 0, 14, 0, 15, 0, 15, 0, 17, 0, 0, 0, 0, 0, 0, : 19, 15, 15, 15, 8, 16, 10, 23, 17, 19, 4, 15, 15, 15, 15, 16, 9, 15, 15, 15, 17, 17, 19, 16, 15, 15, 15, 21, 15, 15, 15, 15, 15, 17, 16, 15, 15, 26, 9, 15, 18, 15, 15, 4, 15, 15, 15, 15, 18, 17, 15, 19, 15, 15, 15, 15, 15, 23, 15, 17, 11, 15, 14, 15, 15, 17, 
29: 0, 15, 18, 0, 0, 0, 0, 15, 0, 0, 0, 21, 16, 0, 15, 16, 15, 0, 15, 15, 0, 0, 0, 0, 0, 0, 0, 0, 0, 0, 7, 0, 15, 19, 0, 0, 10, 0, 0, 19, 0, 0, 0, 3, 0, 16, 15, 16, 0, 4, 0, 15, 0, 15, 15, 0, 15, 9, 15, 0, 0, 0, 0, 0, 0, 15, 0, 0, 0, 0, 0, 0, 0, 0, 15, 0, 0, 0, 0, 0, 0, 0, 0, 0, 0, 0, 0, 0, 15, 0, 15, 7, 15, 0, 15, 15, 0, 0, 0, 0, 0, 15, 15, 0, 0, 16, 16, 17, 0, 0, 0, 0, 0, 0, 0, 15, 0, 17, 0, 0, 15, 0, 0, 0, 0, 6, 0, 0, 15, 15, 15, 0, 0, 15, 15, 15, 0, 0, 0, 0, 0, 0, 0, 0, 15, 7, 0, 0, 0, 0, 36, 0, 9, 16, 0, 0, 0, 0, 15, 15, 16, 0, 15, 0, 0, 0, 0, 5, 15, 15, 0, 0, 0, 0, 0, 15, 15, 0, 0, 15, 0, 17, 0, 0, 0, 0, 8, 19, 0, 0, 0, 15, 0, 15, 0, 15, 1, 5, 0, 0, : 15, 18, 15, 21, 16, 15, 16, 15, 15, 15, 7, 15, 19, 10, 19, 3, 16, 15, 16, 4, 15, 15, 15, 15, 9, 15, 15, 15, 15, 15, 7, 15, 15, 15, 15, 15, 16, 16, 17, 15, 17, 15, 6, 15, 15, 15, 15, 15, 15, 15, 7, 36, 9, 16, 15, 15, 16, 15, 5, 15, 15, 15, 15, 15, 17, 8, 19, 15, 15, 15, 1, 5, 
36: 0, 0, 0, 15, 0, 0, 0, 15, 0, 0, 17, 0, 0, 22, 16, 15, 0, 15, 15, 0, 0, 0, 0, 0, 17, 0, 0, 0, 15, 0, 16, 0, 20, 0, 15, 0, 15, 0, 26, 1, 0, 0, 16, 0, 0, 21, 0, 2, 0, 0, 15, 0, 0, 0, 0, 0, 0, 0, 15, 0, 0, 17, 0, 0, 0, 0, 0, 0, 0, 0, 0, 0, 0, 15, 0, 15, 0, 0, 0, 0, 15, 0, 0, 17, 0, 0, 0, 0, 7, 0, 0, 15, 0, 3, 0, 15, 15, 0, 0, 0, 0, 0, 0, 0, 16, 0, 0, 15, 0, 29, 0, 0, 15, 15, 0, 24, 0, 0, 0, 0, 0, 0, 0, 0, 0, 0, 18, 15, 0, 0, 6, 0, 15, 0, 33, 31, 0, 0, 15, 3, 16, 0, 0, 0, 16, 19, 17, 0, 0, 0, 0, 17, 0, 0, 0, 0, 17, 0, 0, 15, 16, 12, 0, 0, 15, 15, 15, 0, 0, 0, 15, 0, 0, 0, 0, 16, 0, 0, 15, 0, 0, 0, 15, 16, 0, 15, 15, 0, 0, 0, 0, 0, 0, 0, 0, 22, 0, 0, 0, 0, : 15, 15, 17, 22, 16, 15, 15, 15, 17, 15, 16, 20, 15, 15, 26, 1, 16, 21, 2, 15, 15, 17, 15, 15, 15, 17, 7, 15, 3, 15, 15, 16, 15, 29, 15, 15, 24, 18, 15, 6, 15, 33, 31, 15, 3, 16, 16, 19, 17, 17, 17, 15, 16, 12, 15, 15, 15, 15, 16, 15, 15, 16, 15, 15, 22, 
21: 0, 0, 3, 0, 0, 15, 5, 25, 20, 16, 0, 0, 0, 0, 3, 16, 0, 0, 16, 0, 15, 15, 0, 0, 0, 0, 0, 0, 15, 0, 0, 0, 15, 0, 0, 0, 0, 0, 0, 17, 15, 17, 0, 16, 0, 0, 0, 0, 0, 28, 0, 0, 5, 15, 7, 0, 0, 0, 0, 0, 0, 5, 4, 15, 0, 0, 0, 0, 23, 0, 0, 4, 0, 15, 0, 0, 0, 0, 0, 0, 0, 21, 15, 0, 0, 0, 15, 15, 0, 15, 0, 0, 0, 0, 0, 0, 0, 0, 15, 0, 0, 10, 17, 0, 0, 0, 0, 0, 0, 0, 0, 22, 0, 0, 0, 0, 0, 15, 0, 0, 15, 0, 0, 0, 28, 15, 0, 0, 0, 15, 19, 4, 0, 0, 0, 0, 0, 0, 15, 20, 0, 0, 15, 0, 16, 15, 0, 14, 0, 0, 15, 0, 0, 15, 0, 15, 32, 0, 0, 0, 15, 0, 0, 0, 0, 0, 0, 0, 0, 0, 0, 0, 0, 15, 0, 0, 15, 0, 0, 0, 15, 0, 7, 0, 0, 0, 0, 15, 0, 15, 15, 0, 0, 0, 0, 0, 0, 17, 0, 0, : 3, 15, 5, 25, 20, 16, 3, 16, 16, 15, 15, 15, 15, 17, 15, 17, 16, 28, 5, 15, 7, 5, 4, 15, 23, 4, 15, 21, 15, 15, 15, 15, 15, 10, 17, 22, 15, 15, 28, 15, 15, 19, 4, 15, 20, 15, 16, 15, 14, 15, 15, 15, 32, 15, 15, 15, 15, 7, 15, 15, 15, 17, 


30: 15, 0, 16, 0, 0, 15, 0, 0, 0, 0, 0, 0, 0, 0, 0, 29, 0, 0, 0, 15, 15, 15, 13, 0, 18, 0, 15, 15, 0, 0, 0, 0, 4, 0, 6, 0, 0, 0, 15, 0, 0, 0, 15, 15, 0, 0, 0, 0, 0, 0, 0, 15, 0, 15, 15, 15, 17, 16, 0, 0, 0, 15, 15, 15, 0, 0, 0, 0, 0, 0, 0, 0, 16, 0, 0, 15, 0, 16, 0, 0, 0, 1, 0, 15, 0, 0, 0, 0, 16, 0, 0, 0, 0, 7, 0, 0, 15, 0, 0, 0, 0, 0, 0, 0, 0, 0, 0, 0, 15, 0, 0, 0, 17, 0, 0, 0, 0, 15, 0, 15, 6, 18, 0, 18, 19, 0, 0, 15, 0, 26, 17, 0, 0, 0, 15, 15, 0, 0, 0, 0, 0, 0, 0, 15, 19, 0, 0, 0, 24, 0, 15, 16, 0, 0, 0, 15, 0, 0, 0, 0, 17, 0, 0, 0, 0, 26, 15, 0, 15, 0, 15, 0, 0, 0, 15, 0, 0, 0, 17, 15, 0, 15, 0, 0, 15, 0, 0, 0, 17, 4, 0, 4, 0, 22, 0, 0, 15, 0, 0, 17, : 15, 16, 15, 29, 15, 15, 15, 13, 18, 15, 15, 4, 6, 15, 15, 15, 15, 15, 15, 15, 17, 16, 15, 15, 15, 16, 15, 16, 1, 15, 16, 7, 15, 15, 17, 15, 15, 6, 18, 18, 19, 15, 26, 17, 15, 15, 15, 19, 24, 15, 16, 15, 17, 26, 15, 15, 15, 15, 17, 15, 15, 15, 17, 4, 4, 22, 15, 17, 
40: 0, 0, 0, 0, 15, 15, 15, 23, 0, 0, 0, 0, 16, 0, 0, 0, 15, 0, 15, 0, 0, 15, 36, 10, 0, 0, 0, 0, 16, 15, 0, 0, 0, 15, 0, 0, 0, 0, 0, 0, 0, 0, 0, 0, 0, 0, 0, 5, 17, 0, 0, 0, 15, 0, 0, 3, 0, 0, 0, 0, 17, 0, 15, 0, 33, 0, 0, 0, 18, 0, 0, 0, 0, 0, 0, 0, 0, 22, 15, 15, 0, 16, 17, 15, 15, 18, 0, 0, 0, 15, 0, 21, 16, 15, 0, 0, 0, 0, 0, 0, 0, 0, 0, 0, 16, 0, 0, 0, 26, 18, 0, 15, 0, 1, 0, 7, 0, 19, 0, 0, 15, 0, 0, 0, 0, 22, 0, 5, 16, 0, 0, 0, 26, 0, 0, 0, 16, 0, 0, 0, 18, 26, 0, 0, 8, 15, 0, 0, 15, 0, 15, 0, 15, 16, 3, 0, 0, 15, 0, 0, 0, 0, 17, 0, 0, 0, 0, 0, 0, 0, 15, 0, 0, 0, 0, 0, 0, 0, 0, 0, 0, 12, 0, 15, 0, 0, 0, 15, 0, 0, 0, 0, 0, 1, 15, 0, 0, 0, 15, 15, : 15, 15, 15, 23, 16, 15, 15, 15, 36, 10, 16, 15, 15, 5, 17, 15, 3, 17, 15, 33, 18, 22, 15, 15, 16, 17, 15, 15, 18, 15, 21, 16, 15, 16, 26, 18, 15, 1, 7, 19, 15, 22, 5, 16, 26, 16, 18, 26, 8, 15, 15, 15, 15, 16, 3, 15, 17, 15, 12, 15, 15, 1, 15, 15, 15, 
11: 0, 0, 15, 15, 0, 0, 15, 0, 0, 0, 0, 14, 0, 0, 16, 15, 15, 15, 16, 0, 0, 0, 0, 22, 17, 27, 15, 16, 0, 14, 0, 0, 0, 0, 0, 0, 0, 0, 0, 17, 19, 0, 0, 0, 0, 0, 8, 22, 6, 0, 30, 15, 15, 0, 0, 0, 15, 0, 16, 0, 15, 17, 0, 0, 0, 5, 0, 15, 15, 0, 0, 0, 15, 0, 15, 0, 19, 0, 0, 0, 0, 15, 24, 14, 17, 13, 0, 0, 0, 0, 15, 0, 16, 0, 0, 0, 0, 15, 0, 0, 0, 0, 15, 0, 0, 9, 0, 15, 0, 0, 0, 0, 23, 16, 0, 0, 0, 0, 17, 0, 0, 15, 15, 0, 0, 19, 0, 20, 0, 0, 0, 0, 0, 0, 15, 0, 0, 0, 0, 18, 0, 0, 15, 0, 0, 0, 0, 0, 0, 15, 0, 18, 0, 0, 29, 0, 15, 0, 0, 15, 0, 0, 0, 0, 15, 0, 0, 0, 0, 15, 0, 15, 0, 15, 0, 20, 0, 0, 0, 0, 23, 0, 0, 0, 15, 0, 0, 0, 0, 0, 0, 0, 0, 0, 0, 0, 0, 5, 0, 0, : 15, 15, 15, 14, 16, 15, 15, 15, 16, 22, 17, 27, 15, 16, 14, 17, 19, 8, 22, 6, 30, 15, 15, 15, 16, 15, 17, 5, 15, 15, 15, 15, 19, 15, 24, 14, 17, 13, 15, 16, 15, 15, 9, 15, 23, 16, 17, 15, 15, 19, 20, 15, 18, 15, 15, 18, 29, 15, 15, 15, 15, 15, 15, 20, 23, 15, 5, 
2: 0, 0, 0, 0, 0, 0, 0, 0, 21, 0, 0, 0, 15, 16, 0, 0, 0, 0, 0, 11, 0, 0, 0, 15, 0, 15, 0, 0, 0, 0, 0, 4, 0, 0, 15, 0, 0, 2, 0, 16, 15, 18, 12, 0, 17, 0, 15, 0, 15, 20, 0, 1, 0, 0, 17, 0, 31, 0, 9, 0, 16, 0, 0, 0, 0, 0, 15, 0, 0, 0, 0, 15, 15, 0, 16, 0, 0, 0, 0, 0, 0, 0, 0, 0, 0, 0, 16, 0, 0, 15, 0, 0, 0, 16, 0, 0, 15, 0, 15, 0, 0, 0, 0, 0, 0, 0, 0, 15, 0, 0, 0, 0, 15, 0, 0, 0, 0, 0, 28, 0, 0, 0, 15, 13, 0, 0, 15, 0, 0, 1, 0, 0, 15, 0, 0, 15, 15, 0, 17, 0, 16, 15, 0, 0, 0, 0, 15, 0, 0, 0, 10, 0, 0, 0, 0, 20, 0, 15, 8, 15, 15, 19, 0, 0, 0, 0, 15, 15, 0, 0, 0, 15, 15, 0, 0, 0, 0, 0, 0, 0, 0, 0, 0, 15, 15, 15, 0, 0, 7, 0, 15, 0, 13, 0, 15, 0, 0, 0, 0, 0, : 21, 15, 16, 11, 15, 15, 4, 15, 2, 16, 15, 18, 12, 17, 15, 15, 20, 1, 17, 31, 9, 16, 15, 15, 15, 16, 16, 15, 16, 15, 15, 15, 15, 28, 15, 13, 15, 1, 15, 15, 15, 17, 16, 15, 15, 10, 20, 15, 8, 15, 15, 19, 15, 15, 15, 15, 15, 15, 15, 7, 15, 13, 15, 
12: 0, 0, 0, 0, 0, 0, 0, 23, 0, 0, 15, 0, 0, 0, 0, 0, 0, 17, 0, 0, 0, 0, 0, 0, 15, 16, 0, 0, 0, 0, 35, 0, 16, 15, 0, 0, 0, 0, 0, 0, 4, 0, 0, 16, 21, 15, 0, 0, 15, 0, 15, 0, 0, 22, 0, 20, 0, 0, 0, 0, 0, 16, 0, 0, 0, 0, 0, 17, 0, 15, 0, 0, 0, 18, 0, 0, 0, 0, 0, 19, 0, 0, 0, 0, 0, 0, 15, 0, 0, 18, 0, 0, 0, 15, 15, 24, 0, 0, 0, 15, 0, 0, 0, 0, 15, 0, 0, 7, 0, 0, 0, 0, 0, 0, 0, 0, 0, 0, 0, 14, 16, 0, 0, 0, 0, 0, 0, 0, 0, 15, 0, 0, 15, 15, 16, 5, 4, 0, 15, 0, 0, 0, 0, 17, 0, 15, 0, 0, 16, 0, 15, 0, 0, 0, 16, 0, 0, 0, 0, 30, 0, 0, 0, 0, 0, 11, 0, 0, 23, 15, 0, 0, 0, 0, 0, 15, 0, 0, 0, 0, 11, 0, 0, 0, 0, 0, 0, 0, 0, 0, 0, 0, 0, 0, 15, 0, 15, 15, 0, 0, : 23, 15, 17, 15, 16, 35, 16, 15, 4, 16, 21, 15, 15, 15, 22, 20, 16, 17, 15, 18, 19, 15, 18, 15, 15, 24, 15, 15, 7, 14, 16, 15, 15, 15, 16, 5, 4, 15, 17, 15, 16, 15, 16, 30, 11, 23, 15, 15, 11, 15, 15, 15, 
9: 0, 15, 0, 0, 15, 5, 0, 0, 0, 0, 0, 15, 15, 0, 0, 0, 15, 10, 0, 0, 0, 0, 16, 0, 16, 0, 15, 0, 0, 0, 0, 0, 0, 0, 0, 0, 0, 15, 0, 0, 0, 15, 0, 16, 15, 16, 0, 20, 0, 0, 8, 0, 15, 0, 0, 0, 0, 0, 0, 0, 0, 15, 0, 0, 0, 0, 0, 0, 0, 0, 0, 0, 0, 0, 0, 15, 0, 0, 0, 15, 0, 16, 0, 0, 0, 17, 22, 15, 0, 0, 24, 0, 20, 0, 0, 0, 0, 0, 0, 0, 15, 0, 0, 23, 0, 0, 0, 0, 21, 16, 0, 0, 0, 0, 5, 0, 0, 15, 0, 0, 18, 15, 0, 0, 24, 0, 17, 0, 15, 0, 0, 0, 12, 0, 15, 16, 15, 0, 0, 0, 0, 0, 15, 0, 15, 0, 0, 0, 0, 0, 0, 0, 0, 8, 0, 15, 0, 0, 0, 0, 0, 0, 0, 22, 0, 17, 0, 0, 0, 0, 0, 16, 0, 0, 0, 0, 15, 0, 0, 0, 0, 15, 16, 0, 10, 0, 0, 0, 15, 0, 0, 0, 0, 0, 0, 15, 0, 15, 0, 0, : 15, 15, 5, 15, 15, 15, 10, 16, 16, 15, 15, 15, 16, 15, 16, 20, 8, 15, 15, 15, 15, 16, 17, 22, 15, 24, 20, 15, 23, 21, 16, 5, 15, 18, 15, 24, 17, 15, 12, 15, 16, 15, 15, 15, 8, 15, 22, 17, 16, 15, 15, 16, 10, 15, 15, 15, 
13: 17, 15, 0, 15, 0, 0, 0, 0, 0, 0, 18, 16, 15, 0, 0, 18, 0, 19, 15, 0, 15, 0, 0, 0, 0, 16, 16, 5, 19, 32, 15, 20, 15, 0, 17, 0, 0, 0, 0, 0, 0, 15, 0, 0, 0, 0, 0, 0, 0, 0, 15, 0, 3, 0, 0, 0, 0, 7, 15, 25, 2, 0, 15, 0, 0, 0, 0, 0, 0, 21, 30, 15, 0, 15, 16, 15, 0, 0, 15, 0, 0, 0, 0, 0, 0, 22, 0, 15, 0, 15, 15, 0, 0, 0, 15, 21, 0, 0, 0, 17, 0, 24, 15, 16, 0, 0, 15, 0, 0, 15, 0, 0, 0, 0, 0, 15, 16, 0, 0, 0, 0, 0, 4, 0, 0, 0, 0, 15, 0, 15, 0, 0, 0, 15, 0, 0, 0, 0, 0, 16, 0, 0, 15, 0, 0, 17, 15, 0, 0, 4, 15, 15, 0, 15, 15, 0, 15, 19, 15, 0, 0, 0, 15, 0, 0, 0, 0, 0, 0, 0, 15, 0, 0, 0, 0, 0, 15, 16, 0, 16, 0, 0, 0, 0, 0, 0, 17, 0, 0, 0, 15, 0, 0, 15, 0, 0, 15, 15, 15, 15, : 17, 15, 15, 18, 16, 15, 18, 19, 15, 15, 16, 16, 5, 19, 32, 15, 20, 15, 17, 15, 15, 3, 7, 15, 25, 2, 15, 21, 30, 15, 15, 16, 15, 15, 22, 15, 15, 15, 15, 21, 17, 24, 15, 16, 15, 15, 15, 16, 4, 15, 15, 15, 16, 15, 17, 15, 4, 15, 15, 15, 15, 15, 19, 15, 15, 15, 15, 16, 16, 17, 15, 15, 15, 15, 15, 15, 
31: 15, 0, 0, 0, 15, 0, 0, 0, 0, 7, 0, 19, 0, 16, 15, 0, 3, 24, 0, 0, 0, 0, 0, 15, 0, 0, 0, 0, 0, 0, 0, 16, 15, 0, 0, 15, 16, 0, 15, 15, 15, 0, 0, 0, 0, 0, 0, 17, 0, 0, 0, 0, 0, 21, 1, 15, 0, 15, 0, 0, 0, 13, 0, 12, 0, 0, 0, 0, 15, 4, 0, 0, 0, 0, 0, 0, 15, 0, 0, 0, 15, 0, 0, 0, 15, 0, 17, 0, 0, 0, 0, 25, 15, 15, 0, 0, 0, 0, 18, 26, 0, 15, 28, 0, 0, 15, 15, 0, 0, 5, 0, 0, 15, 15, 0, 0, 29, 0, 10, 26, 0, 19, 0, 0, 0, 0, 0, 0, 0, 0, 0, 0, 0, 0, 0, 0, 20, 0, 0, 0, 15, 0, 17, 0, 0, 0, 0, 15, 15, 15, 0, 17, 0, 0, 0, 3, 16, 0, 0, 0, 0, 0, 16, 16, 8, 0, 0, 0, 0, 0, 0, 0, 0, 0, 20, 15, 0, 11, 0, 0, 0, 0, 15, 0, 0, 0, 15, 15, 0, 15, 0, 0, 0, 0, 0, 16, 0, 0, 4, 0, : 15, 15, 7, 19, 16, 15, 3, 24, 15, 16, 15, 15, 16, 15, 15, 15, 17, 21, 1, 15, 15, 13, 12, 15, 4, 15, 15, 15, 17, 25, 15, 15, 18, 26, 15, 28, 15, 15, 5, 15, 15, 29, 10, 26, 19, 20, 15, 17, 15, 15, 15, 17, 3, 16, 16, 16, 8, 20, 15, 11, 15, 15, 15, 15, 16, 4, 
20: 0, 0, 35, 15, 0, 0, 16, 0, 0, 15, 0, 0, 5, 0, 0, 0, 0, 0, 0, 15, 0, 0, 0, 0, 15, 0, 0, 0, 19, 0, 16, 0, 0, 0, 0, 18, 15, 0, 15, 0, 0, 0, 15, 0, 0, 0, 0, 0, 0, 0, 0, 0, 0, 0, 15, 0, 0, 16, 15, 0, 0, 0, 15, 0, 0, 0, 0, 16, 0, 0, 0, 15, 0, 0, 0, 0, 0, 15, 0, 0, 17, 0, 0, 0, 18, 0, 0, 0, 4, 0, 0, 19, 0, 0, 0, 20, 0, 0, 0, 15, 0, 17, 0, 0, 15, 0, 15, 17, 0, 0, 5, 15, 0, 18, 0, 15, 0, 0, 0, 0, 15, 0, 0, 15, 15, 0, 15, 15, 0, 0, 8, 0, 0, 15, 0, 0, 0, 15, 20, 15, 0, 0, 0, 15, 27, 15, 0, 0, 0, 0, 0, 0, 0, 0, 17, 15, 0, 0, 0, 15, 0, 0, 19, 15, 0, 0, 24, 16, 0, 16, 23, 15, 0, 0, 0, 0, 15, 0, 0, 0, 15, 21, 0, 0, 0, 0, 0, 0, 0, 18, 0, 16, 17, 0, 0, 15, 16, 17, 15, 25, : 35, 15, 16, 15, 5, 15, 15, 19, 16, 18, 15, 15, 15, 15, 16, 15, 15, 16, 15, 15, 17, 18, 4, 19, 20, 15, 17, 15, 15, 17, 5, 15, 18, 15, 15, 15, 15, 15, 15, 8, 15, 15, 20, 15, 15, 27, 15, 17, 15, 15, 19, 15, 24, 16, 16, 23, 15, 15, 15, 21, 18, 16, 17, 15, 16, 17, 15, 25, 
38: 15, 15, 0, 0, 15, 23, 0, 0, 15, 15, 0, 0, 0, 0, 0, 0, 0, 0, 0, 0, 8, 0, 0, 15, 0, 0, 0, 0, 0, 0, 0, 0, 0, 0, 0, 15, 0, 0, 0, 19, 15, 0, 0, 0, 0, 15, 15, 0, 0, 15, 0, 17, 0, 10, 0, 0, 0, 0, 0, 20, 18, 0, 0, 0, 0, 0, 0, 0, 0, 25, 0, 0, 0, 0, 0, 0, 0, 0, 16, 15, 22, 0, 15, 0, 3, 0, 0, 0, 0, 3, 0, 15, 0, 0, 0, 0, 0, 0, 0, 0, 4, 0, 0, 0, 15, 0, 6, 0, 15, 0, 28, 15, 0, 0, 0, 15, 0, 0, 0, 15, 15, 0, 15, 15, 0, 28, 0, 0, 0, 0, 15, 0, 0, 15, 0, 0, 0, 0, 0, 0, 0, 17, 0, 16, 0, 0, 0, 0, 0, 0, 0, 15, 5, 16, 0, 0, 3, 0, 0, 0, 15, 17, 0, 0, 15, 0, 0, 15, 0, 16, 0, 5, 15, 0, 0, 0, 15, 0, 12, 0, 0, 0, 0, 0, 0, 15, 0, 0, 15, 0, 0, 15, 15, 0, 21, 0, 0, 0, 0, 6, : 15, 15, 15, 23, 15, 15, 8, 15, 15, 19, 15, 15, 15, 15, 17, 10, 20, 18, 25, 16, 15, 22, 15, 3, 3, 15, 4, 15, 6, 15, 28, 15, 15, 15, 15, 15, 15, 28, 15, 15, 17, 16, 15, 5, 16, 3, 15, 17, 15, 15, 16, 5, 15, 15, 12, 15, 15, 15, 15, 21, 6, 
17: 6, 0, 3, 15, 0, 20, 15, 0, 0, 15, 0, 21, 0, 20, 15, 0, 0, 0, 0, 15, 0, 0, 0, 0, 17, 10, 0, 15, 0, 0, 0, 18, 15, 0, 15, 0, 0, 18, 0, 0, 0, 15, 0, 0, 0, 0, 17, 0, 0, 14, 0, 0, 0, 0, 0, 0, 0, 15, 0, 15, 0, 0, 15, 0, 15, 15, 15, 6, 0, 0, 0, 17, 15, 0, 15, 16, 15, 15, 0, 15, 16, 0, 14, 0, 0, 0, 0, 15, 0, 0, 15, 0, 0, 0, 15, 15, 15, 11, 0, 0, 28, 0, 0, 15, 0, 15, 0, 0, 8, 0, 0, 15, 0, 0, 0, 0, 19, 6, 0, 0, 0, 15, 15, 24, 0, 15, 15, 0, 0, 28, 0, 15, 15, 0, 0, 0, 0, 18, 15, 30, 0, 15, 0, 6, 0, 0, 15, 19, 0, 0, 0, 0, 0, 0, 0, 0, 20, 0, 0, 0, 0, 15, 0, 16, 16, 0, 0, 0, 0, 8, 0, 0, 0, 0, 0, 0, 0, 15, 15, 0, 0, 19, 0, 0, 0, 15, 15, 0, 0, 15, 15, 0, 0, 0, 4, 0, 0, 0, 0, 0, : 6, 3, 15, 20, 15, 15, 21, 20, 15, 15, 17, 10, 15, 18, 15, 15, 18, 15, 17, 14, 15, 15, 15, 15, 15, 15, 6, 17, 15, 15, 16, 15, 15, 15, 16, 14, 15, 15, 15, 15, 15, 11, 28, 15, 15, 8, 15, 19, 6, 15, 15, 24, 15, 15, 28, 15, 15, 18, 15, 30, 15, 6, 15, 19, 20, 15, 16, 16, 8, 15, 15, 19, 15, 15, 15, 15, 4, 
6: 17, 25, 0, 0, 0, 22, 0, 0, 15, 0, 15, 0, 19, 0, 0, 0, 20, 15, 33, 0, 15, 2, 0, 0, 0, 0, 0, 0, 0, 0, 0, 0, 0, 0, 0, 0, 15, 15, 0, 0, 0, 0, 0, 0, 0, 0, 0, 0, 0, 0, 0, 0, 0, 0, 0, 0, 0, 0, 15, 0, 0, 0, 0, 0, 15, 0, 0, 0, 5, 0, 15, 15, 0, 15, 0, 0, 5, 0, 15, 0, 0, 15, 0, 19, 0, 0, 0, 0, 0, 0, 0, 15, 16, 0, 1, 0, 0, 15, 0, 0, 0, 0, 15, 15, 16, 16, 15, 0, 0, 16, 15, 10, 15, 0, 0, 0, 19, 15, 0, 15, 0, 0, 15, 0, 0, 0, 15, 15, 0, 0, 15, 6, 0, 0, 16, 18, 0, 11, 0, 0, 0, 0, 0, 0, 0, 0, 15, 0, 0, 19, 0, 0, 0, 0, 0, 15, 0, 0, 15, 0, 18, 15, 15, 0, 15, 0, 16, 15, 0, 0, 0, 0, 16, 0, 15, 0, 15, 0, 26, 0, 15, 0, 15, 19, 0, 4, 0, 15, 0, 0, 0, 0, 37, 15, 0, 19, 17, 16, 0, 0, : 17, 25, 22, 15, 15, 19, 20, 15, 33, 15, 2, 15, 15, 15, 15, 5, 15, 15, 15, 5, 15, 15, 19, 15, 16, 1, 15, 15, 15, 16, 16, 15, 16, 15, 10, 15, 19, 15, 15, 15, 15, 15, 15, 6, 16, 18, 11, 15, 19, 15, 15, 18, 15, 15, 15, 16, 15, 16, 15, 15, 26, 15, 15, 19, 4, 15, 37, 15, 19, 17, 16, 
23: 0, 0, 0, 0, 16, 0, 0, 15, 0, 0, 0, 0, 0, 0, 15, 6, 0, 0, 0, 0, 0, 18, 17, 0, 0, 0, 0, 0, 15, 0, 0, 0, 0, 0, 0, 0, 0, 15, 16, 0, 0, 0, 0, 0, 0, 15, 15, 0, 0, 0, 0, 0, 15, 17, 0, 0, 0, 16, 15, 15, 0, 0, 0, 0, 0, 15, 25, 0, 0, 0, 0, 17, 0, 15, 0, 20, 0, 0, 0, 0, 0, 16, 15, 0, 0, 0, 0, 0, 0, 15, 0, 0, 0, 0, 32, 0, 16, 18, 15, 0, 0, 0, 0, 1, 15, 15, 15, 16, 0, 0, 0, 15, 0, 19, 17, 18, 0, 15, 15, 0, 0, 0, 0, 0, 15, 0, 0, 0, 15, 0, 0, 15, 0, 5, 0, 0, 0, 0, 18, 0, 14, 0, 0, 0, 16, 0, 10, 0, 0, 17, 0, 0, 0, 0, 0, 17, 16, 0, 0, 8, 0, 0, 0, 0, 0, 0, 0, 17, 26, 0, 0, 0, 0, 16, 0, 0, 15, 0, 0, 18, 0, 0, 0, 17, 15, 0, 0, 0, 0, 0, 0, 0, 0, 16, 0, 0, 0, 0, 19, 0, : 16, 15, 15, 6, 18, 17, 15, 15, 16, 15, 15, 15, 17, 16, 15, 15, 15, 25, 17, 15, 20, 16, 15, 15, 32, 16, 18, 15, 1, 15, 15, 15, 16, 15, 19, 17, 18, 15, 15, 15, 15, 15, 5, 18, 14, 16, 10, 17, 17, 16, 8, 17, 26, 16, 15, 18, 17, 15, 16, 19, 
18: 0, 19, 15, 0, 0, 0, 0, 9, 4, 15, 0, 0, 0, 0, 8, 0, 17, 0, 0, 0, 0, 18, 0, 0, 2, 0, 15, 18, 0, 0, 0, 0, 20, 0, 16, 17, 15, 20, 0, 0, 0, 0, 15, 3, 15, 15, 15, 0, 0, 20, 17, 16, 22, 0, 0, 16, 0, 0, 0, 0, 0, 0, 0, 15, 15, 15, 0, 16, 16, 0, 15, 6, 8, 0, 0, 4, 15, 0, 0, 0, 0, 0, 15, 0, 0, 0, 0, 9, 0, 0, 0, 0, 0, 0, 0, 15, 0, 26, 15, 0, 0, 14, 0, 0, 0, 15, 0, 0, 0, 0, 20, 0, 0, 0, 15, 0, 0, 15, 15, 0, 0, 0, 0, 0, 0, 0, 23, 0, 1, 0, 0, 15, 0, 0, 8, 0, 15, 0, 0, 0, 22, 0, 16, 16, 0, 0, 0, 0, 15, 15, 0, 0, 0, 26, 0, 0, 15, 0, 15, 0, 16, 34, 0, 15, 0, 0, 15, 0, 0, 15, 0, 0, 6, 0, 0, 0, 0, 25, 0, 20, 0, 0, 0, 1, 15, 15, 0, 15, 15, 0, 15, 31, 0, 0, 0, 15, 0, 0, 15, 0, : 19, 15, 9, 4, 15, 8, 17, 18, 2, 15, 18, 20, 16, 17, 15, 20, 15, 3, 15, 15, 15, 20, 17, 16, 22, 16, 15, 15, 15, 16, 16, 15, 6, 8, 4, 15, 15, 9, 15, 26, 15, 14, 15, 20, 15, 15, 15, 23, 1, 15, 8, 15, 22, 16, 16, 15, 15, 26, 15, 15, 16, 34, 15, 15, 15, 6, 25, 20, 1, 15, 15, 15, 15, 15, 31, 15, 15, 
5: 0, 0, 0, 0, 0, 0, 0, 15, 0, 18, 2, 15, 15, 0, 0, 0, 15, 0, 6, 19, 17, 15, 18, 0, 0, 0, 0, 0, 0, 0, 0, 0, 15, 15, 0, 0, 0, 0, 9, 0, 0, 0, 0, 18, 0, 0, 0, 0, 15, 0, 15, 15, 0, 0, 0, 0, 21, 0, 0, 10, 0, 24, 0, 0, 15, 18, 17, 15, 16, 0, 0, 0, 0, 0, 0, 0, 16, 0, 16, 6, 0, 0, 0, 0, 0, 0, 0, 15, 18, 0, 16, 0, 0, 0, 0, 5, 0, 0, 0, 0, 0, 0, 2, 15, 0, 15, 19, 0, 0, 0, 0, 0, 0, 0, 0, 0, 0, 0, 0, 0, 15, 0, 0, 0, 0, 0, 0, 0, 0, 0, 15, 17, 0, 0, 0, 0, 0, 24, 15, 6, 0, 15, 0, 0, 15, 0, 0, 15, 0, 0, 0, 0, 17, 19, 0, 0, 0, 0, 0, 0, 0, 0, 2, 0, 0, 16, 15, 0, 0, 0, 15, 19, 0, 15, 14, 15, 0, 0, 0, 16, 0, 0, 0, 0, 0, 0, 16, 16, 0, 17, 0, 0, 0, 0, 0, 20, 0, 0, 0, 0, : 15, 18, 2, 15, 15, 15, 6, 19, 17, 15, 18, 15, 15, 9, 18, 15, 15, 15, 21, 10, 24, 15, 18, 17, 15, 16, 16, 16, 6, 15, 18, 16, 5, 2, 15, 15, 19, 15, 15, 17, 24, 15, 6, 15, 15, 15, 17, 19, 2, 16, 15, 15, 19, 15, 14, 15, 16, 16, 16, 17, 20, 
33: 0, 0, 0, 15, 15, 0, 0, 0, 0, 15, 16, 0, 0, 11, 0, 15, 0, 0, 15, 0, 0, 0, 0, 0, 0, 0, 9, 15, 0, 0, 0, 0, 0, 10, 0, 0, 0, 15, 15, 15, 0, 15, 28, 0, 0, 15, 15, 0, 0, 0, 0, 0, 0, 0, 15, 0, 0, 0, 0, 0, 0, 0, 15, 0, 0, 17, 0, 0, 0, 19, 18, 0, 16, 15, 17, 0, 0, 0, 15, 0, 0, 0, 0, 0, 0, 0, 15, 15, 17, 0, 0, 0, 0, 15, 0, 0, 0, 15, 0, 0, 15, 15, 0, 0, 0, 0, 0, 0, 0, 15, 17, 15, 0, 15, 15, 0, 15, 0, 0, 0, 0, 0, 0, 0, 12, 0, 0, 15, 15, 0, 0, 15, 17, 0, 0, 16, 0, 17, 0, 0, 0, 0, 0, 15, 0, 15, 0, 17, 0, 0, 0, 0, 15, 0, 0, 0, 0, 5, 15, 0, 16, 0, 0, 16, 0, 15, 0, 0, 0, 0, 0, 0, 0, 0, 0, 0, 0, 0, 15, 0, 0, 18, 13, 0, 0, 21, 18, 15, 16, 0, 0, 0, 0, 0, 15, 0, 6, 0, 17, 0, : 15, 15, 15, 16, 11, 15, 15, 9, 15, 10, 15, 15, 15, 15, 28, 15, 15, 15, 15, 17, 19, 18, 16, 15, 17, 15, 15, 15, 17, 15, 15, 15, 15, 15, 17, 15, 15, 15, 15, 12, 15, 15, 15, 17, 16, 17, 15, 15, 17, 15, 5, 15, 16, 16, 15, 15, 18, 13, 21, 18, 15, 16, 15, 6, 17, 
32: 0, 0, 0, 0, 0, 0, 16, 15, 0, 0, 0, 0, 0, 22, 0, 17, 0, 0, 0, 0, 0, 0, 0, 0, 0, 0, 0, 0, 0, 0, 0, 0, 0, 15, 0, 0, 9, 0, 0, 0, 0, 7, 0, 17, 0, 0, 0, 21, 0, 0, 0, 0, 0, 0, 15, 16, 0, 0, 0, 0, 0, 0, 0, 21, 0, 0, 19, 0, 0, 0, 0, 0, 0, 7, 0, 15, 0, 14, 0, 15, 0, 0, 0, 0, 0, 0, 15, 0, 0, 19, 0, 5, 0, 0, 0, 0, 15, 0, 0, 15, 23, 0, 0, 0, 0, 0, 0, 15, 0, 15, 0, 0, 0, 0, 17, 15, 0, 0, 0, 0, 0, 18, 0, 0, 15, 0, 0, 0, 0, 0, 0, 17, 0, 0, 0, 15, 0, 0, 0, 0, 15, 0, 0, 0, 0, 15, 0, 15, 15, 0, 0, 0, 0, 0, 0, 0, 0, 0, 15, 17, 3, 0, 0, 0, 15, 0, 0, 15, 0, 0, 17, 0, 18, 15, 21, 3, 0, 0, 0, 15, 0, 0, 26, 18, 15, 0, 19, 0, 0, 16, 0, 0, 0, 0, 0, 0, 0, 0, 0, 0, : 16, 15, 22, 17, 15, 9, 7, 17, 21, 15, 16, 21, 19, 7, 15, 14, 15, 15, 19, 5, 15, 15, 23, 15, 15, 17, 15, 18, 15, 17, 15, 15, 15, 15, 15, 15, 17, 3, 15, 15, 17, 18, 15, 21, 3, 15, 26, 18, 15, 19, 16, 
15: 15, 0, 0, 22, 9, 0, 23, 0, 15, 0, 0, 0, 0, 15, 0, 0, 0, 0, 0, 25, 15, 0, 0, 23, 0, 16, 0, 0, 16, 16, 0, 27, 0, 0, 0, 0, 15, 0, 0, 0, 16, 0, 0, 15, 0, 0, 0, 0, 17, 15, 0, 21, 0, 0, 22, 15, 0, 0, 0, 0, 0, 0, 0, 22, 0, 0, 0, 15, 0, 0, 7, 0, 0, 15, 6, 0, 15, 0, 8, 0, 0, 0, 0, 0, 15, 0, 0, 0, 15, 0, 15, 0, 0, 17, 0, 0, 0, 0, 16, 0, 0, 0, 0, 15, 0, 0, 0, 0, 0, 0, 15, 0, 0, 16, 16, 15, 0, 0, 0, 15, 0, 0, 0, 0, 0, 0, 0, 0, 18, 0, 15, 0, 0, 20, 0, 0, 15, 15, 0, 0, 0, 0, 0, 0, 0, 0, 15, 0, 0, 15, 30, 19, 17, 0, 0, 0, 0, 16, 0, 0, 0, 0, 0, 0, 16, 15, 0, 0, 0, 0, 0, 0, 15, 0, 0, 32, 10, 0, 15, 0, 0, 0, 15, 0, 0, 0, 0, 0, 0, 15, 17, 0, 0, 0, 15, 0, 16, 17, 0, 0, : 15, 22, 9, 23, 15, 15, 25, 15, 23, 16, 16, 16, 27, 15, 16, 15, 17, 15, 21, 22, 15, 22, 15, 7, 15, 6, 15, 8, 15, 15, 15, 17, 16, 15, 15, 16, 16, 15, 15, 18, 15, 20, 15, 15, 15, 15, 30, 19, 17, 16, 16, 15, 15, 32, 10, 15, 15, 15, 17, 15, 16, 17, 
37: 0, 11, 0, 0, 0, 0, 0, 0, 15, 0, 19, 0, 0, 0, 16, 0, 0, 0, 0, 0, 15, 17, 0, 0, 0, 0, 0, 16, 15, 0, 34, 0, 0, 15, 15, 23, 15, 0, 0, 0, 16, 15, 0, 0, 15, 9, 0, 15, 0, 16, 0, 0, 15, 0, 0, 0, 0, 0, 0, 0, 17, 0, 0, 15, 7, 0, 0, 0, 0, 0, 0, 0, 0, 0, 0, 0, 0, 18, 0, 0, 15, 0, 0, 15, 0, 30, 0, 0, 15, 0, 0, 0, 1, 0, 22, 0, 24, 0, 6, 0, 15, 15, 25, 0, 8, 0, 0, 15, 0, 0, 0, 0, 0, 0, 15, 0, 2, 0, 0, 0, 0, 0, 21, 15, 0, 0, 0, 0, 20, 0, 15, 0, 0, 0, 15, 0, 0, 0, 0, 15, 0, 12, 7, 0, 0, 8, 15, 19, 0, 0, 0, 0, 15, 0, 0, 0, 0, 15, 17, 0, 0, 0, 0, 0, 0, 0, 0, 0, 21, 15, 0, 0, 15, 21, 15, 0, 0, 18, 0, 0, 16, 0, 0, 15, 0, 0, 0, 9, 0, 0, 8, 16, 0, 16, 0, 0, 0, 0, 0, 0, : 11, 15, 19, 16, 15, 17, 16, 15, 34, 15, 15, 23, 15, 16, 15, 15, 9, 15, 16, 15, 17, 15, 7, 18, 15, 15, 30, 15, 1, 22, 24, 6, 15, 15, 25, 8, 15, 15, 2, 21, 15, 20, 15, 15, 15, 12, 7, 8, 15, 19, 15, 15, 17, 21, 15, 15, 21, 15, 18, 16, 15, 9, 8, 16, 16, 
26: 0, 0, 16, 3, 0, 0, 0, 0, 15, 0, 15, 0, 0, 0, 15, 0, 0, 0, 0, 0, 0, 0, 0, 0, 0, 0, 15, 0, 0, 23, 0, 15, 0, 15, 16, 12, 0, 0, 15, 18, 0, 0, 15, 0, 17, 0, 0, 0, 15, 0, 0, 0, 0, 15, 0, 0, 16, 15, 15, 15, 15, 0, 10, 0, 0, 15, 9, 0, 15, 16, 15, 0, 15, 0, 15, 0, 0, 0, 0, 0, 15, 21, 0, 22, 17, 0, 0, 16, 15, 0, 0, 0, 16, 0, 0, 0, 0, 0, 15, 12, 0, 0, 0, 0, 0, 0, 0, 0, 15, 0, 0, 0, 15, 0, 0, 0, 0, 0, 15, 0, 0, 0, 0, 0, 0, 16, 0, 0, 0, 15, 0, 0, 0, 15, 0, 0, 0, 0, 0, 0, 0, 0, 15, 0, 0, 0, 0, 0, 0, 0, 0, 0, 16, 0, 20, 0, 0, 15, 0, 0, 0, 0, 16, 0, 0, 0, 0, 7, 15, 0, 0, 15, 0, 18, 0, 0, 0, 15, 0, 0, 20, 0, 0, 0, 0, 15, 0, 0, 15, 0, 15, 18, 18, 15, 0, 0, 0, 0, 0, 22, : 16, 3, 15, 15, 15, 15, 23, 15, 15, 16, 12, 15, 18, 15, 17, 15, 15, 16, 15, 15, 15, 15, 10, 15, 9, 15, 16, 15, 15, 15, 15, 21, 22, 17, 16, 15, 16, 15, 12, 15, 15, 15, 16, 15, 15, 15, 16, 20, 15, 16, 7, 15, 15, 18, 15, 20, 15, 15, 15, 18, 18, 15, 22, 


