
40
200
100
10

12: 0, 17, 0, 0, 19, 3, 15, 19, 0, 0, 0, 0, 15, 0, 0, 0, 0, 0, 21, 0, 16, 0, 22, 0, 0, 15, 0, 7, 0, 0, 0, 7, 0, 15, 15, 16, 8, 0, 0, 0, : 17, 19, 3, 15, 19, 15, 21, 16, 22, 15, 7, 7, 15, 15, 16, 8, 
34: 0, 0, 15, 15, 0, 0, 0, 0, 31, 0, 0, 0, 0, 18, 0, 0, 0, 0, 0, 0, 0, 0, 0, 16, 0, 0, 15, 0, 17, 0, 0, 0, 23, 15, 0, 0, 0, 0, 0, 0, : 15, 15, 31, 18, 16, 15, 17, 23, 15, 
109: 0, 15, 0, 15, 0, 15, 22, 23, 0, 16, 15, 0, 23, 0, 0, 0, 0, 16, 0, 0, 0, 0, 0, 15, 0, 0, 0, 15, 16, 19, 0, 0, 0, 0, 0, 0, 0, 0, 0, 7, : 15, 15, 15, 22, 23, 16, 15, 23, 16, 15, 15, 16, 19, 7, 
158: 0, 0, 0, 17, 19, 16, 0, 0, 0, 0, 15, 0, 0, 0, 0, 0, 15, 15, 32, 0, 17, 0, 0, 0, 0, 15, 15, 0, 0, 16, 0, 0, 0, 0, 0, 15, 0, 0, 15, 0, : 17, 19, 16, 15, 15, 15, 32, 17, 15, 15, 16, 15, 15, 
64: 0, 0, 15, 0, 0, 0, 0, 0, 0, 0, 0, 26, 0, 0, 15, 0, 20, 0, 0, 15, 15, 15, 15, 0, 0, 0, 0, 0, 0, 0, 0, 0, 16, 0, 0, 9, 16, 0, 15, 15, : 15, 26, 15, 20, 15, 15, 15, 15, 16, 9, 16, 15, 15, 
163: 0, 2, 0, 0, 0, 15, 0, 0, 0, 15, 0, 0, 15, 0, 0, 0, 0, 0, 0, 0, 16, 19, 10, 0, 18, 1, 0, 17, 0, 0, 0, 0, 0, 0, 20, 0, 0, 0, 0, 0, : 2, 15, 15, 15, 16, 19, 10, 18, 1, 17, 20, 
195: 0, 0, 16, 0, 0, 0, 18, 0, 15, 0, 0, 16, 0, 0, 0, 15, 0, 24, 0, 0, 0, 18, 15, 0, 0, 0, 15, 0, 15, 0, 0, 0, 19, 0, 0, 15, 15, 0, 0, 0, : 16, 18, 15, 16, 15, 24, 18, 15, 15, 15, 19, 15, 15, 
75: 0, 0, 0, 0, 15, 21, 0, 15, 0, 0, 0, 0, 0, 15, 0, 15, 0, 0, 0, 16, 0, 1, 0, 0, 24, 20, 1, 26, 0, 0, 0, 0, 0, 0, 19, 0, 0, 0, 0, 0, : 15, 21, 15, 15, 15, 16, 1, 24, 20, 1, 26, 19, 
154: 22, 0, 0, 0, 0, 0, 0, 15, 0, 0, 0, 0, 0, 17, 0, 0, 0, 0, 0, 0, 0, 0, 0, 15, 0, 0, 22, 0, 0, 0, 15, 15, 0, 15, 19, 0, 0, 0, 0, 0, : 22, 15, 17, 15, 22, 15, 15, 15, 19, 
24: 0, 0, 0, 0, 0, 0, 16, 0, 0, 15, 15, 0, 15, 0, 15, 15, 15, 15, 0, 0, 15, 0, 0, 0, 0, 0, 15, 0, 0, 0, 27, 15, 0, 15, 0, 0, 0, 23, 0, 15, : 16, 15, 15, 15, 15, 15, 15, 15, 15, 15, 27, 15, 15, 23, 15, 
179: 0, 15, 0, 0, 0, 0, 15, 0, 16, 7, 15, 15, 0, 0, 0, 0, 15, 0, 13, 15, 0, 0, 0, 0, 0, 15, 0, 0, 15, 0, 0, 23, 0, 0, 12, 15, 0, 0, 0, 25, : 15, 15, 16, 7, 15, 15, 15, 13, 15, 15, 15, 23, 12, 15, 25, 
46: 9, 0, 0, 15, 0, 15, 0, 0, 0, 0, 0, 0, 0, 0, 0, 16, 0, 0, 0, 0, 15, 15, 0, 15, 0, 0, 0, 15, 0, 16, 16, 0, 0, 0, 0, 0, 15, 0, 0, 23, : 9, 15, 15, 16, 15, 15, 15, 15, 16, 16, 15, 23, 
132: 0, 0, 15, 15, 23, 0, 0, 15, 0, 15, 0, 0, 0, 15, 0, 15, 0, 0, 0, 0, 6, 0, 0, 0, 0, 15, 17, 0, 0, 0, 16, 0, 0, 0, 0, 0, 0, 30, 35, 0, : 15, 15, 23, 15, 15, 15, 15, 6, 15, 17, 16, 30, 35, 
168: 0, 0, 0, 0, 0, 0, 0, 0, 0, 0, 18, 12, 15, 1, 0, 24, 17, 0, 0, 15, 0, 15, 0, 15, 20, 0, 0, 0, 0, 0, 26, 15, 0, 0, 0, 0, 15, 15, 0, 0, : 18, 12, 15, 1, 24, 17, 15, 15, 15, 20, 26, 15, 15, 15, 
103: 0, 20, 15, 0, 7, 0, 0, 0, 23, 0, 0, 0, 17, 0, 15, 0, 15, 15, 0, 6, 0, 0, 0, 0, 27, 0, 0, 0, 22, 0, 0, 0, 15, 15, 0, 15, 0, 0, 3, 15, : 20, 15, 7, 23, 17, 15, 15, 15, 6, 27, 22, 15, 15, 15, 3, 15, 
69: 20, 0, 0, 8, 0, 15, 0, 0, 0, 15, 0, 0, 0, 0, 15, 0, 0, 0, 0, 18, 0, 0, 0, 22, 0, 0, 0, 0, 0, 0, 0, 0, 12, 0, 0, 0, 16, 0, 17, 0, : 20, 8, 15, 15, 15, 18, 22, 12, 16, 17, 
165: 15, 16, 8, 15, 17, 0, 0, 0, 0, 0, 0, 0, 0, 16, 3, 0, 3, 15, 15, 15, 0, 17, 15, 0, 11, 0, 0, 20, 0, 15, 0, 0, 0, 10, 0, 0, 0, 0, 15, 0, : 15, 16, 8, 15, 17, 16, 3, 3, 15, 15, 15, 17, 15, 11, 20, 15, 10, 15, 
66: 0, 15, 16, 0, 0, 0, 0, 0, 0, 17, 0, 15, 0, 0, 22, 0, 0, 0, 0, 0, 0, 0, 0, 2, 0, 0, 0, 0, 0, 3, 0, 0, 0, 0, 15, 0, 15, 15, 0, 0, : 15, 16, 17, 15, 22, 2, 3, 15, 15, 15, 
78: 15, 0, 0, 0, 0, 0, 0, 0, 15, 0, 15, 0, 0, 0, 0, 0, 0, 0, 19, 0, 0, 0, 0, 0, 0, 0, 0, 0, 15, 15, 0, 25, 15, 15, 0, 15, 0, 1, 0, 0, : 15, 15, 15, 19, 15, 15, 25, 15, 15, 15, 1, 
36: 19, 0, 0, 0, 0, 0, 14, 13, 0, 0, 7, 16, 0, 18, 15, 0, 0, 0, 0, 0, 0, 0, 23, 0, 0, 19, 0, 0, 0, 16, 0, 0, 0, 0, 0, 0, 0, 16, 0, 0, : 19, 14, 13, 7, 16, 18, 15, 23, 19, 16, 16, 


42: 0, 0, 0, 0, 0, 0, 0, 0, 16, 17, 0, 0, 4, 0, 0, 0, 15, 0, 0, 18, 22, 0, 0, 0, 0, 0, 15, 0, 15, 0, 15, 15, 0, 33, 0, 15, 0, 0, 0, 0, : 16, 17, 4, 15, 18, 22, 15, 15, 15, 15, 33, 15, 
86: 0, 0, 0, 0, 0, 21, 0, 0, 17, 16, 0, 0, 15, 15, 15, 0, 0, 0, 0, 0, 0, 15, 0, 0, 0, 0, 19, 0, 15, 0, 16, 0, 15, 5, 0, 0, 0, 0, 0, 0, : 21, 17, 16, 15, 15, 15, 15, 19, 15, 16, 15, 5, 
82: 0, 0, 0, 15, 15, 18, 15, 0, 0, 0, 0, 0, 0, 0, 0, 0, 15, 0, 15, 0, 0, 0, 0, 28, 15, 0, 0, 0, 0, 0, 0, 15, 15, 0, 0, 0, 0, 0, 0, 10, : 15, 15, 18, 15, 15, 15, 28, 15, 15, 15, 10, 
108: 15, 15, 9, 15, 0, 0, 0, 0, 15, 0, 15, 0, 0, 0, 0, 0, 0, 0, 5, 0, 17, 0, 0, 0, 0, 19, 0, 0, 0, 0, 0, 16, 0, 0, 0, 0, 15, 0, 0, 15, : 15, 15, 9, 15, 15, 15, 5, 17, 19, 16, 15, 15, 
144: 0, 0, 0, 9, 15, 0, 15, 0, 0, 7, 0, 0, 0, 15, 15, 0, 16, 0, 0, 20, 0, 0, 0, 0, 0, 0, 0, 0, 0, 0, 8, 0, 0, 0, 20, 0, 0, 0, 18, 0, : 9, 15, 15, 7, 15, 15, 16, 20, 8, 20, 18, 
188: 0, 15, 0, 15, 15, 16, 15, 0, 0, 0, 0, 0, 0, 0, 17, 0, 0, 0, 0, 0, 0, 16, 31, 0, 0, 0, 0, 0, 0, 15, 0, 0, 0, 0, 0, 0, 0, 0, 0, 15, : 15, 15, 15, 16, 15, 17, 16, 31, 15, 15, 
107: 0, 0, 0, 15, 0, 0, 0, 0, 0, 0, 22, 0, 0, 0, 0, 7, 0, 15, 15, 0, 0, 0, 0, 15, 0, 0, 0, 4, 0, 15, 0, 0, 15, 0, 0, 0, 0, 0, 15, 15, : 15, 22, 7, 15, 15, 15, 4, 15, 15, 15, 15, 
6: 13, 0, 15, 0, 0, 0, 15, 15, 0, 0, 0, 0, 0, 15, 0, 0, 0, 0, 0, 0, 0, 15, 15, 16, 0, 22, 0, 22, 15, 0, 0, 0, 0, 0, 0, 0, 0, 0, 19, 0, : 13, 15, 15, 15, 15, 15, 15, 16, 22, 22, 15, 19, 
62: 20, 0, 15, 0, 0, 0, 0, 15, 0, 15, 0, 0, 15, 0, 0, 18, 15, 17, 0, 20, 30, 15, 23, 0, 0, 13, 4, 0, 9, 0, 0, 15, 0, 16, 0, 0, 0, 0, 0, 15, : 20, 15, 15, 15, 15, 18, 15, 17, 20, 30, 15, 23, 13, 4, 9, 15, 16, 15, 
193: 15, 0, 0, 0, 0, 15, 0, 0, 0, 0, 0, 0, 0, 15, 0, 15, 0, 0, 15, 16, 0, 0, 0, 15, 0, 0, 0, 15, 15, 0, 0, 0, 0, 0, 0, 18, 15, 15, 0, 0, : 15, 15, 15, 15, 15, 16, 15, 15, 15, 18, 15, 15, 
190: 0, 15, 0, 15, 16, 15, 15, 7, 0, 0, 0, 17, 0, 0, 0, 0, 0, 0, 0, 0, 15, 0, 0, 0, 0, 16, 0, 0, 0, 0, 16, 0, 0, 15, 0, 7, 15, 0, 16, 0, : 15, 15, 16, 15, 15, 7, 17, 15, 16, 16, 15, 7, 15, 16, 
192: 0, 17, 0, 0, 0, 0, 0, 15, 14, 0, 0, 0, 0, 0, 0, 15, 0, 15, 15, 0, 0, 0, 0, 0, 0, 15, 17, 0, 0, 0, 0, 0, 9, 0, 15, 0, 0, 0, 0, 15, : 17, 15, 14, 15, 15, 15, 15, 17, 9, 15, 15, 
38: 0, 16, 15, 0, 0, 0, 0, 0, 0, 0, 0, 15, 21, 0, 0, 0, 0, 0, 0, 0, 0, 25, 0, 15, 0, 0, 0, 0, 0, 0, 0, 9, 0, 0, 0, 0, 15, 0, 0, 0, : 16, 15, 15, 21, 25, 15, 9, 15, 
174: 0, 15, 0, 16, 15, 0, 15, 0, 0, 15, 3, 15, 0, 0, 14, 15, 0, 19, 0, 0, 15, 0, 0, 0, 20, 15, 15, 0, 15, 18, 15, 0, 16, 0, 0, 0, 0, 23, 2, 15, : 15, 16, 15, 15, 15, 3, 15, 14, 15, 19, 15, 20, 15, 15, 15, 18, 15, 16, 23, 2, 15, 
30: 0, 0, 0, 0, 6, 0, 0, 0, 0, 0, 15, 0, 0, 0, 0, 0, 0, 0, 20, 0, 0, 14, 0, 0, 0, 0, 15, 0, 0, 6, 0, 15, 0, 0, 0, 0, 0, 12, 0, 0, : 6, 15, 20, 14, 15, 6, 15, 12, 
58: 0, 0, 0, 0, 18, 0, 0, 18, 0, 0, 15, 0, 15, 15, 0, 0, 15, 18, 0, 15, 0, 0, 0, 0, 16, 0, 0, 0, 0, 16, 0, 0, 0, 16, 15, 0, 15, 0, 15, 0, : 18, 18, 15, 15, 15, 15, 18, 15, 16, 16, 16, 15, 15, 15, 
57: 0, 0, 15, 0, 0, 0, 0, 15, 0, 0, 0, 15, 15, 0, 0, 30, 0, 16, 0, 11, 0, 0, 16, 0, 17, 0, 0, 17, 16, 15, 15, 0, 0, 0, 20, 25, 0, 15, 0, 0, : 15, 15, 15, 15, 30, 16, 11, 16, 17, 17, 16, 15, 15, 20, 25, 15, 
83: 15, 0, 0, 0, 0, 0, 0, 15, 0, 0, 15, 23, 0, 9, 24, 0, 9, 0, 15, 0, 0, 0, 15, 0, 0, 0, 0, 15, 0, 15, 0, 0, 0, 0, 15, 20, 9, 0, 15, 0, : 15, 15, 15, 23, 9, 24, 9, 15, 15, 15, 15, 15, 20, 9, 15, 
9: 0, 0, 15, 0, 0, 0, 10, 0, 0, 15, 0, 15, 15, 0, 15, 0, 15, 0, 0, 0, 1, 0, 0, 11, 15, 0, 15, 0, 0, 0, 15, 0, 15, 0, 15, 15, 16, 18, 0, 0, : 15, 10, 15, 15, 15, 15, 15, 1, 11, 15, 15, 15, 15, 15, 15, 16, 18, 
3: 22, 7, 16, 0, 0, 15, 0, 0, 38, 15, 15, 0, 0, 16, 0, 0, 0, 0, 0, 0, 0, 0, 0, 0, 17, 0, 0, 27, 0, 0, 0, 15, 15, 15, 0, 0, 0, 17, 0, 0, : 22, 7, 16, 15, 38, 15, 15, 16, 17, 27, 15, 15, 15, 17, 


74: 15, 20, 0, 0, 0, 0, 17, 0, 0, 0, 15, 0, 0, 22, 0, 0, 15, 15, 0, 15, 0, 0, 0, 0, 0, 0, 15, 0, 0, 0, 0, 0, 17, 15, 0, 0, 0, 15, 29, 0, : 15, 20, 17, 15, 22, 15, 15, 15, 15, 17, 15, 15, 29, 
120: 0, 0, 0, 17, 0, 0, 0, 16, 0, 0, 15, 0, 0, 15, 15, 0, 0, 10, 0, 15, 16, 0, 0, 15, 15, 0, 0, 0, 0, 15, 0, 1, 15, 0, 16, 0, 15, 0, 0, 0, : 17, 16, 15, 15, 15, 10, 15, 16, 15, 15, 15, 1, 15, 16, 15, 
148: 0, 16, 0, 0, 16, 15, 0, 0, 0, 15, 19, 0, 0, 0, 0, 15, 0, 15, 15, 0, 0, 20, 23, 0, 15, 0, 0, 0, 0, 0, 20, 0, 0, 16, 0, 0, 0, 0, 2, 0, : 16, 16, 15, 15, 19, 15, 15, 15, 20, 23, 15, 20, 16, 2, 
145: 0, 0, 15, 23, 0, 0, 0, 0, 16, 0, 0, 15, 0, 0, 0, 0, 0, 0, 16, 15, 0, 0, 16, 0, 0, 15, 0, 0, 15, 15, 0, 0, 10, 0, 15, 15, 0, 2, 0, 0, : 15, 23, 16, 15, 16, 15, 16, 15, 15, 15, 10, 15, 15, 2, 
35: 0, 4, 25, 0, 0, 0, 6, 0, 0, 0, 0, 0, 15, 11, 0, 0, 0, 0, 0, 0, 16, 16, 0, 0, 0, 0, 0, 0, 15, 8, 15, 0, 0, 0, 0, 0, 0, 0, 0, 0, : 4, 25, 6, 15, 11, 16, 16, 15, 8, 15, 
147: 1, 0, 0, 0, 0, 0, 0, 0, 0, 0, 0, 9, 15, 0, 0, 0, 0, 0, 0, 16, 8, 0, 0, 15, 0, 15, 15, 0, 0, 0, 18, 15, 0, 0, 0, 0, 0, 0, 0, 0, : 1, 9, 15, 16, 8, 15, 15, 15, 18, 15, 
183: 0, 0, 15, 0, 0, 0, 15, 0, 0, 0, 0, 0, 0, 0, 15, 0, 25, 0, 0, 0, 15, 0, 0, 0, 4, 0, 0, 0, 0, 15, 0, 0, 0, 0, 0, 0, 22, 16, 0, 30, : 15, 15, 15, 25, 15, 4, 15, 22, 16, 30, 
63: 0, 0, 0, 0, 15, 0, 15, 0, 18, 0, 0, 16, 0, 15, 0, 0, 15, 0, 19, 0, 0, 0, 0, 0, 0, 0, 2, 0, 23, 0, 0, 0, 0, 15, 15, 16, 12, 0, 0, 0, : 15, 15, 18, 16, 15, 15, 19, 2, 23, 15, 15, 16, 12, 
2: 0, 0, 0, 15, 0, 15, 0, 0, 0, 17, 0, 0, 0, 20, 15, 0, 15, 0, 0, 0, 0, 0, 8, 0, 0, 0, 23, 15, 11, 0, 0, 0, 27, 0, 0, 0, 0, 19, 15, 0, : 15, 15, 17, 20, 15, 15, 8, 23, 15, 11, 27, 19, 15, 
33: 16, 15, 0, 0, 0, 9, 0, 32, 0, 0, 15, 0, 15, 0, 0, 0, 0, 0, 0, 0, 0, 0, 0, 16, 0, 15, 0, 15, 0, 15, 0, 0, 0, 0, 16, 0, 0, 0, 0, 0, : 16, 15, 9, 32, 15, 15, 16, 15, 15, 15, 16, 
155: 0, 0, 0, 0, 0, 16, 0, 0, 15, 0, 0, 0, 0, 17, 9, 0, 0, 0, 0, 0, 0, 7, 18, 0, 0, 15, 0, 15, 0, 0, 0, 17, 0, 0, 0, 0, 15, 18, 0, 15, : 16, 15, 17, 9, 7, 18, 15, 15, 17, 15, 18, 15, 
13: 19, 0, 0, 0, 21, 0, 0, 22, 0, 12, 0, 0, 38, 0, 15, 0, 0, 0, 15, 0, 0, 16, 0, 0, 15, 0, 0, 0, 0, 0, 0, 0, 15, 15, 0, 0, 0, 0, 15, 15, : 19, 21, 22, 12, 38, 15, 15, 16, 15, 15, 15, 15, 15, 
39: 15, 0, 0, 0, 0, 0, 0, 0, 0, 0, 15, 15, 0, 0, 0, 0, 0, 0, 0, 15, 0, 17, 0, 0, 0, 0, 15, 0, 18, 0, 15, 0, 0, 9, 15, 0, 0, 15, 0, 0, : 15, 15, 15, 15, 17, 15, 18, 15, 9, 15, 15, 
28: 0, 0, 0, 10, 15, 15, 15, 0, 15, 15, 0, 0, 0, 0, 0, 0, 0, 15, 0, 0, 15, 0, 0, 15, 16, 0, 0, 15, 0, 15, 0, 23, 0, 0, 0, 0, 0, 0, 0, 0, : 10, 15, 15, 15, 15, 15, 15, 15, 15, 16, 15, 15, 23, 
98: 0, 15, 0, 0, 0, 0, 17, 0, 0, 15, 0, 0, 2, 0, 0, 35, 0, 15, 0, 9, 15, 0, 0, 22, 0, 0, 0, 10, 0, 0, 0, 26, 0, 0, 0, 15, 15, 0, 0, 10, : 15, 17, 15, 2, 35, 15, 9, 15, 22, 10, 26, 15, 15, 10, 
70: 0, 15, 15, 0, 15, 15, 0, 0, 15, 0, 0, 15, 0, 0, 16, 0, 15, 0, 0, 0, 0, 0, 0, 0, 15, 0, 0, 15, 0, 0, 15, 0, 16, 0, 0, 16, 0, 0, 22, 0, : 15, 15, 15, 15, 15, 15, 16, 15, 15, 15, 15, 16, 16, 22, 
95: 15, 15, 0, 0, 0, 15, 0, 15, 15, 0, 16, 0, 0, 0, 15, 0, 0, 0, 0, 15, 0, 24, 0, 0, 0, 15, 15, 0, 18, 0, 15, 0, 0, 0, 0, 8, 21, 0, 0, 0, : 15, 15, 15, 15, 15, 16, 15, 15, 24, 15, 15, 18, 15, 8, 21, 
77: 0, 0, 0, 18, 0, 0, 0, 0, 0, 0, 0, 15, 0, 0, 0, 4, 0, 30, 19, 0, 0, 0, 0, 0, 0, 25, 0, 0, 0, 0, 0, 0, 0, 15, 8, 15, 0, 0, 0, 0, : 18, 15, 4, 30, 19, 25, 15, 8, 15, 
194: 0, 0, 11, 0, 0, 0, 15, 0, 6, 0, 0, 15, 15, 0, 0, 15, 15, 0, 16, 0, 15, 0, 15, 17, 20, 0, 15, 0, 0, 17, 2, 0, 0, 0, 0, 15, 0, 15, 17, 15, : 11, 15, 6, 15, 15, 15, 15, 16, 15, 15, 17, 20, 15, 17, 2, 15, 15, 17, 15, 
101: 19, 0, 19, 17, 18, 0, 0, 15, 0, 26, 5, 0, 0, 0, 0, 31, 0, 0, 0, 0, 0, 0, 20, 0, 0, 0, 0, 15, 0, 0, 0, 18, 0, 15, 15, 0, 0, 0, 0, 15, : 19, 19, 17, 18, 15, 26, 5, 31, 20, 15, 18, 15, 15, 15, 


72: 0, 0, 0, 0, 15, 15, 0, 0, 16, 0, 0, 0, 0, 6, 15, 0, 0, 15, 15, 16, 0, 0, 15, 16, 0, 0, 16, 0, 0, 0, 15, 16, 0, 0, 0, 0, 0, 0, 15, 15, : 15, 15, 16, 6, 15, 15, 15, 16, 15, 16, 16, 15, 16, 15, 15, 
19: 0, 0, 0, 20, 0, 0, 0, 0, 15, 16, 15, 0, 0, 15, 15, 0, 0, 0, 0, 0, 0, 0, 0, 0, 0, 15, 0, 0, 0, 21, 0, 15, 21, 0, 0, 15, 0, 0, 6, 0, : 20, 15, 16, 15, 15, 15, 15, 21, 15, 21, 15, 6, 
102: 16, 15, 0, 0, 15, 0, 0, 0, 0, 18, 0, 0, 0, 0, 0, 0, 0, 16, 0, 15, 0, 0, 0, 15, 0, 0, 0, 0, 15, 0, 0, 0, 0, 18, 0, 15, 0, 0, 18, 15, : 16, 15, 15, 18, 16, 15, 15, 15, 18, 15, 18, 15, 
116: 0, 7, 15, 11, 0, 0, 0, 16, 0, 0, 0, 15, 17, 0, 0, 0, 0, 0, 18, 0, 15, 0, 0, 0, 17, 15, 0, 0, 0, 15, 0, 0, 0, 0, 0, 0, 0, 0, 15, 0, : 7, 15, 11, 16, 15, 17, 18, 15, 17, 15, 15, 15, 
146: 0, 0, 22, 0, 0, 0, 0, 0, 0, 20, 19, 21, 0, 0, 0, 0, 15, 9, 0, 16, 0, 0, 15, 0, 33, 0, 0, 19, 0, 0, 0, 0, 0, 0, 0, 0, 15, 0, 0, 0, : 22, 20, 19, 21, 15, 9, 16, 15, 33, 19, 15, 
128: 0, 0, 0, 0, 0, 15, 0, 30, 0, 0, 13, 0, 0, 0, 15, 5, 0, 0, 0, 16, 0, 15, 15, 0, 0, 0, 15, 0, 0, 3, 0, 8, 15, 16, 0, 0, 0, 0, 0, 0, : 15, 30, 13, 15, 5, 16, 15, 15, 15, 3, 8, 15, 16, 
161: 0, 0, 0, 0, 0, 0, 0, 0, 0, 15, 0, 26, 0, 0, 5, 0, 15, 15, 0, 6, 0, 15, 15, 0, 0, 15, 15, 0, 0, 0, 9, 16, 0, 0, 15, 15, 0, 0, 0, 0, : 15, 26, 5, 15, 15, 6, 15, 15, 15, 15, 9, 16, 15, 15, 
159: 0, 0, 0, 15, 0, 0, 15, 15, 0, 0, 23, 0, 17, 0, 0, 0, 0, 15, 0, 0, 0, 0, 0, 0, 15, 15, 0, 13, 0, 0, 16, 15, 0, 0, 16, 0, 0, 27, 0, 0, : 15, 15, 15, 23, 17, 15, 15, 15, 13, 16, 15, 16, 27, 
53: 0, 16, 0, 0, 16, 0, 0, 15, 0, 0, 0, 0, 18, 0, 15, 15, 10, 0, 16, 0, 0, 0, 5, 0, 0, 0, 15, 0, 37, 0, 0, 0, 0, 15, 15, 15, 0, 0, 0, 0, : 16, 16, 15, 18, 15, 15, 10, 16, 5, 15, 37, 15, 15, 15, 
61: 1, 0, 0, 22, 15, 0, 0, 0, 0, 0, 0, 8, 0, 0, 0, 17, 0, 15, 0, 0, 0, 0, 0, 0, 0, 0, 20, 16, 0, 0, 15, 0, 16, 16, 0, 0, 7, 15, 0, 0, : 1, 22, 15, 8, 17, 15, 20, 16, 15, 16, 16, 7, 15, 
26: 0, 0, 16, 0, 0, 25, 0, 0, 0, 0, 0, 0, 0, 16, 0, 0, 0, 15, 17, 0, 0, 15, 0, 15, 15, 0, 0, 15, 18, 16, 0, 0, 15, 20, 0, 10, 15, 0, 0, 20, : 16, 25, 16, 15, 17, 15, 15, 15, 15, 18, 16, 15, 20, 10, 15, 20, 
96: 0, 0, 15, 0, 0, 15, 15, 0, 0, 0, 0, 0, 0, 0, 0, 0, 0, 0, 0, 0, 0, 0, 0, 15, 4, 0, 18, 15, 0, 15, 0, 0, 0, 15, 0, 0, 15, 0, 16, 0, : 15, 15, 15, 15, 4, 18, 15, 15, 15, 15, 16, 
47: 15, 16, 16, 0, 9, 15, 0, 0, 0, 0, 0, 0, 10, 0, 20, 0, 0, 0, 0, 0, 15, 0, 0, 0, 0, 0, 0, 0, 15, 15, 0, 15, 0, 0, 24, 0, 15, 18, 15, 0, : 15, 16, 16, 9, 15, 10, 20, 15, 15, 15, 15, 24, 15, 18, 15, 
126: 0, 15, 16, 17, 0, 0, 0, 0, 0, 15, 15, 0, 0, 0, 0, 33, 0, 0, 0, 0, 0, 16, 0, 18, 0, 15, 0, 0, 15, 0, 0, 0, 2, 0, 0, 0, 17, 20, 0, 0, : 15, 16, 17, 15, 15, 33, 16, 18, 15, 15, 2, 17, 20, 
32: 0, 0, 0, 0, 0, 0, 15, 0, 0, 0, 0, 15, 0, 0, 0, 15, 15, 0, 0, 0, 19, 0, 0, 0, 0, 0, 1, 0, 0, 0, 15, 0, 16, 0, 15, 15, 0, 0, 0, 27, : 15, 15, 15, 15, 19, 1, 15, 16, 15, 15, 27, 
27: 15, 16, 0, 0, 15, 0, 15, 0, 15, 0, 0, 0, 0, 17, 0, 0, 15, 0, 19, 16, 0, 15, 0, 0, 0, 0, 0, 0, 0, 0, 0, 15, 0, 0, 0, 0, 0, 0, 0, 8, : 15, 16, 15, 15, 15, 17, 15, 19, 16, 15, 15, 8, 
172: 0, 0, 0, 0, 0, 0, 0, 15, 36, 0, 0, 15, 15, 0, 0, 0, 15, 0, 0, 0, 0, 15, 0, 0, 0, 0, 0, 0, 0, 0, 0, 0, 15, 0, 0, 15, 0, 5, 0, 0, : 15, 36, 15, 15, 15, 15, 15, 15, 5, 
118: 20, 15, 0, 15, 15, 0, 27, 0, 0, 16, 0, 0, 23, 15, 0, 0, 15, 0, 15, 15, 15, 0, 20, 0, 16, 15, 0, 0, 0, 0, 0, 0, 0, 0, 15, 0, 0, 0, 0, 15, : 20, 15, 15, 15, 27, 16, 23, 15, 15, 15, 15, 15, 20, 16, 15, 15, 15, 
180: 16, 0, 0, 0, 0, 0, 0, 0, 18, 0, 15, 0, 0, 31, 15, 0, 0, 0, 0, 0, 20, 9, 15, 21, 0, 0, 0, 22, 0, 0, 15, 0, 0, 0, 0, 0, 16, 0, 0, 0, : 16, 18, 15, 31, 15, 20, 9, 15, 21, 22, 15, 16, 
48: 17, 0, 0, 0, 0, 15, 13, 9, 0, 0, 0, 0, 0, 0, 0, 15, 0, 0, 0, 0, 16, 0, 0, 0, 0, 10, 0, 0, 0, 15, 15, 0, 0, 0, 0, 0, 0, 15, 15, 0, : 17, 15, 13, 9, 15, 16, 10, 15, 15, 15, 15, 


15: 6, 0, 0, 0, 0, 0, 0, 15, 0, 0, 0, 0, 0, 16, 15, 0, 0, 0, 0, 16, 0, 15, 0, 20, 0, 15, 0, 0, 0, 0, 0, 0, 17, 0, 0, 0, 16, 16, 15, 20, : 6, 15, 16, 15, 16, 15, 20, 15, 17, 16, 16, 15, 20, 
121: 0, 0, 15, 0, 0, 0, 0, 0, 5, 0, 0, 0, 0, 0, 16, 0, 17, 0, 0, 0, 0, 0, 0, 0, 0, 0, 0, 0, 0, 0, 0, 0, 0, 0, 0, 0, 0, 15, 0, 0, : 15, 5, 16, 17, 15, 
105: 0, 0, 0, 0, 17, 0, 0, 0, 0, 0, 16, 0, 26, 19, 0, 0, 0, 0, 0, 0, 0, 0, 0, 0, 16, 2, 0, 21, 0, 0, 0, 15, 0, 19, 15, 10, 0, 0, 0, 0, : 17, 16, 26, 19, 16, 2, 21, 15, 19, 15, 10, 
175: 0, 0, 0, 0, 15, 17, 0, 15, 0, 0, 0, 0, 0, 15, 0, 15, 2, 0, 0, 16, 16, 0, 15, 0, 15, 15, 17, 0, 15, 0, 0, 0, 0, 0, 15, 0, 0, 0, 0, 0, : 15, 17, 15, 15, 15, 2, 16, 16, 15, 15, 15, 17, 15, 15, 
104: 0, 0, 16, 16, 0, 28, 0, 0, 0, 15, 15, 0, 0, 0, 0, 0, 0, 0, 0, 0, 0, 0, 0, 15, 0, 0, 15, 21, 15, 0, 0, 0, 0, 0, 0, 15, 0, 0, 0, 0, : 16, 16, 28, 15, 15, 15, 15, 21, 15, 15, 
191: 15, 15, 0, 0, 0, 0, 25, 9, 0, 0, 0, 0, 0, 0, 0, 15, 0, 0, 0, 0, 0, 0, 0, 0, 0, 19, 7, 0, 0, 15, 0, 0, 0, 0, 0, 29, 18, 0, 0, 0, : 15, 15, 25, 9, 15, 19, 7, 15, 29, 18, 
141: 17, 0, 0, 0, 0, 0, 15, 0, 16, 0, 0, 0, 16, 0, 0, 15, 0, 15, 0, 0, 0, 15, 21, 17, 0, 0, 0, 17, 16, 18, 0, 32, 0, 0, 0, 0, 0, 0, 0, 0, : 17, 15, 16, 16, 15, 15, 15, 21, 17, 17, 16, 18, 32, 
14: 16, 0, 0, 23, 15, 21, 0, 0, 15, 0, 16, 3, 0, 0, 0, 15, 0, 0, 0, 0, 0, 0, 3, 0, 0, 0, 15, 0, 0, 0, 0, 0, 15, 12, 0, 0, 31, 0, 0, 17, : 16, 23, 15, 21, 15, 16, 3, 15, 3, 15, 15, 12, 31, 17, 
90: 0, 29, 0, 0, 0, 0, 15, 0, 28, 0, 0, 0, 16, 15, 0, 0, 23, 15, 0, 0, 23, 24, 0, 0, 15, 0, 0, 0, 0, 0, 17, 0, 0, 0, 16, 0, 0, 0, 0, 0, : 29, 15, 28, 16, 15, 23, 15, 23, 24, 15, 17, 16, 
134: 0, 0, 0, 0, 18, 15, 0, 15, 0, 15, 0, 0, 0, 0, 0, 15, 15, 0, 0, 16, 15, 15, 15, 2, 0, 15, 0, 0, 15, 0, 16, 0, 4, 0, 16, 0, 0, 0, 9, 0, : 18, 15, 15, 15, 15, 15, 16, 15, 15, 15, 2, 15, 15, 16, 4, 16, 9, 
138: 0, 0, 15, 29, 0, 0, 0, 16, 0, 9, 0, 15, 17, 0, 15, 0, 28, 0, 18, 15, 0, 0, 0, 0, 0, 0, 0, 0, 0, 0, 0, 0, 0, 22, 7, 0, 0, 0, 0, 3, : 15, 29, 16, 9, 15, 17, 15, 28, 18, 15, 22, 7, 3, 
152: 0, 0, 8, 0, 0, 0, 0, 0, 0, 0, 17, 15, 0, 0, 0, 0, 0, 0, 15, 7, 0, 0, 0, 0, 0, 0, 15, 25, 0, 2, 20, 2, 15, 0, 15, 0, 0, 0, 0, 0, : 8, 17, 15, 15, 7, 15, 25, 2, 20, 2, 15, 15, 
44: 0, 15, 15, 0, 0, 0, 16, 0, 0, 16, 16, 0, 0, 0, 0, 0, 0, 0, 16, 15, 15, 0, 0, 0, 3, 0, 15, 0, 0, 0, 0, 0, 0, 17, 0, 16, 0, 15, 15, 0, : 15, 15, 16, 16, 16, 16, 15, 15, 3, 15, 17, 16, 15, 15, 
97: 0, 0, 15, 2, 20, 0, 0, 15, 0, 0, 0, 16, 0, 0, 15, 15, 0, 15, 15, 0, 15, 0, 0, 0, 19, 15, 0, 0, 0, 0, 0, 15, 15, 0, 0, 15, 15, 0, 0, 15, : 15, 2, 20, 15, 16, 15, 15, 15, 15, 15, 19, 15, 15, 15, 15, 15, 15, 
100: 0, 0, 0, 15, 0, 0, 0, 0, 0, 15, 0, 0, 15, 0, 15, 0, 0, 0, 0, 0, 16, 0, 0, 0, 17, 0, 0, 0, 0, 0, 15, 36, 0, 0, 16, 0, 5, 15, 15, 15, : 15, 15, 15, 15, 16, 17, 15, 36, 16, 5, 15, 15, 15, 
60: 0, 15, 0, 0, 15, 4, 0, 0, 0, 0, 0, 15, 0, 0, 7, 0, 0, 15, 15, 0, 0, 0, 0, 0, 0, 0, 0, 0, 0, 0, 0, 0, 15, 0, 0, 0, 0, 0, 15, 0, : 15, 15, 4, 15, 7, 15, 15, 15, 15, 
196: 20, 11, 0, 0, 0, 0, 14, 15, 21, 0, 0, 0, 0, 0, 0, 0, 15, 10, 16, 0, 0, 15, 15, 15, 0, 0, 16, 0, 2, 15, 0, 0, 0, 15, 0, 0, 15, 15, 16, 0, : 20, 11, 14, 15, 21, 15, 10, 16, 15, 15, 15, 16, 2, 15, 15, 15, 15, 16, 
130: 0, 0, 16, 0, 0, 0, 15, 0, 0, 0, 0, 0, 10, 0, 17, 10, 0, 15, 5, 15, 0, 16, 16, 16, 15, 19, 0, 0, 22, 16, 0, 0, 19, 0, 0, 0, 0, 0, 15, 0, : 16, 15, 10, 17, 10, 15, 5, 15, 16, 16, 16, 15, 19, 22, 16, 19, 15, 
114: 26, 15, 0, 0, 0, 15, 0, 0, 15, 15, 0, 21, 0, 19, 0, 0, 0, 15, 0, 0, 0, 0, 15, 0, 0, 0, 0, 16, 15, 19, 15, 0, 0, 15, 0, 0, 0, 8, 0, 15, : 26, 15, 15, 15, 15, 21, 19, 15, 15, 16, 15, 19, 15, 15, 8, 15, 
49: 0, 0, 0, 15, 0, 0, 0, 0, 0, 15, 20, 15, 0, 16, 0, 0, 0, 0, 0, 0, 0, 0, 0, 15, 0, 0, 0, 0, 0, 15, 17, 0, 0, 0, 0, 15, 0, 16, 0, 15, : 15, 15, 20, 15, 16, 15, 15, 17, 15, 16, 15, 


122: 0, 0, 0, 15, 0, 0, 0, 0, 0, 0, 16, 0, 0, 0, 0, 18, 0, 0, 15, 0, 0, 0, 0, 15, 14, 15, 0, 0, 0, 15, 25, 0, 0, 0, 0, 15, 0, 0, 15, 0, : 15, 16, 18, 15, 15, 14, 15, 15, 25, 15, 15, 
177: 0, 15, 20, 0, 0, 20, 0, 17, 0, 0, 0, 0, 18, 15, 0, 0, 0, 0, 0, 0, 0, 0, 15, 0, 0, 0, 0, 15, 15, 0, 15, 0, 0, 0, 0, 6, 0, 15, 0, 16, : 15, 20, 20, 17, 18, 15, 15, 15, 15, 15, 6, 15, 16, 
43: 0, 15, 15, 15, 15, 2, 15, 0, 0, 15, 0, 0, 0, 0, 0, 0, 15, 0, 0, 0, 0, 17, 15, 0, 19, 15, 0, 0, 0, 15, 17, 0, 0, 0, 0, 0, 0, 15, 0, 0, : 15, 15, 15, 15, 2, 15, 15, 15, 17, 15, 19, 15, 15, 17, 15, 
7: 0, 17, 0, 16, 0, 0, 0, 0, 0, 15, 0, 16, 16, 0, 0, 0, 0, 0, 0, 24, 15, 15, 15, 24, 15, 0, 15, 0, 0, 0, 0, 0, 0, 3, 0, 0, 0, 7, 0, 0, : 17, 16, 15, 16, 16, 24, 15, 15, 15, 24, 15, 15, 3, 7, 
10: 0, 0, 16, 0, 15, 0, 0, 15, 0, 15, 0, 0, 0, 0, 0, 23, 0, 16, 15, 0, 26, 0, 0, 16, 0, 1, 0, 0, 15, 0, 15, 18, 0, 0, 0, 0, 20, 0, 16, 15, : 16, 15, 15, 15, 23, 16, 15, 26, 16, 1, 15, 15, 18, 20, 16, 15, 
45: 0, 3, 0, 0, 15, 0, 0, 0, 0, 0, 0, 0, 16, 0, 0, 0, 21, 16, 15, 4, 0, 0, 0, 0, 0, 0, 19, 15, 0, 0, 15, 0, 0, 15, 21, 0, 0, 0, 15, 0, : 3, 15, 16, 21, 16, 15, 4, 19, 15, 15, 15, 21, 15, 
127: 15, 0, 15, 0, 15, 0, 0, 14, 0, 25, 0, 0, 0, 0, 0, 14, 0, 0, 0, 0, 0, 0, 0, 0, 0, 0, 0, 0, 0, 15, 0, 19, 0, 0, 0, 0, 15, 15, 0, 0, : 15, 15, 15, 14, 25, 14, 15, 19, 15, 15, 
68: 0, 0, 0, 0, 0, 0, 0, 0, 0, 0, 15, 0, 0, 0, 0, 0, 0, 0, 0, 19, 16, 15, 0, 0, 0, 0, 0, 0, 21, 0, 0, 0, 13, 21, 25, 0, 0, 0, 0, 0, : 15, 19, 16, 15, 21, 13, 21, 25, 
186: 17, 0, 0, 0, 0, 0, 0, 0, 15, 0, 15, 27, 0, 0, 16, 0, 15, 0, 0, 0, 0, 2, 0, 0, 0, 0, 0, 5, 0, 0, 0, 0, 0, 0, 0, 19, 0, 0, 0, 0, : 17, 15, 15, 27, 16, 15, 2, 5, 19, 
199: 0, 0, 0, 0, 0, 15, 0, 0, 15, 0, 15, 4, 0, 0, 15, 0, 0, 0, 0, 0, 15, 0, 6, 0, 0, 0, 0, 0, 0, 7, 0, 15, 15, 0, 0, 0, 0, 17, 15, 0, : 15, 15, 15, 4, 15, 15, 6, 7, 15, 15, 17, 15, 
67: 6, 0, 0, 0, 0, 0, 15, 0, 25, 0, 0, 0, 15, 12, 15, 15, 19, 0, 17, 0, 0, 0, 15, 0, 16, 0, 0, 0, 0, 0, 0, 0, 0, 0, 0, 15, 0, 0, 0, 0, : 6, 15, 25, 15, 12, 15, 15, 19, 17, 15, 16, 15, 
52: 0, 15, 0, 0, 5, 15, 0, 0, 0, 0, 0, 0, 15, 0, 0, 0, 0, 15, 0, 0, 0, 16, 0, 0, 15, 15, 0, 0, 0, 16, 0, 19, 21, 0, 0, 15, 34, 0, 15, 0, : 15, 5, 15, 15, 15, 16, 15, 15, 16, 19, 21, 15, 34, 15, 
37: 0, 0, 2, 0, 0, 0, 0, 19, 0, 0, 0, 0, 0, 19, 0, 0, 0, 15, 0, 0, 0, 0, 0, 0, 21, 0, 0, 0, 19, 0, 0, 21, 0, 0, 19, 0, 0, 0, 18, 19, : 2, 19, 19, 15, 21, 19, 21, 19, 18, 19, 
73: 15, 0, 0, 0, 0, 0, 16, 0, 15, 0, 15, 23, 15, 0, 0, 0, 0, 0, 0, 0, 0, 0, 0, 15, 0, 0, 16, 20, 0, 15, 0, 0, 17, 15, 15, 15, 0, 0, 0, 0, : 15, 16, 15, 15, 23, 15, 15, 16, 20, 15, 17, 15, 15, 15, 
111: 17, 0, 17, 7, 0, 0, 0, 0, 0, 0, 15, 0, 0, 0, 0, 0, 0, 15, 0, 0, 15, 20, 19, 15, 0, 0, 0, 15, 0, 0, 0, 0, 0, 0, 0, 0, 15, 0, 0, 16, : 17, 17, 7, 15, 15, 15, 20, 19, 15, 15, 15, 16, 
23: 15, 0, 0, 16, 0, 0, 16, 0, 0, 0, 0, 15, 0, 0, 7, 0, 15, 15, 15, 15, 0, 15, 0, 0, 0, 15, 0, 0, 15, 17, 13, 0, 15, 0, 3, 0, 0, 16, 0, 0, : 15, 16, 16, 15, 7, 15, 15, 15, 15, 15, 15, 15, 17, 13, 15, 3, 16, 
22: 0, 0, 15, 0, 15, 0, 15, 0, 15, 15, 0, 0, 0, 15, 15, 15, 0, 0, 15, 0, 0, 0, 0, 15, 0, 0, 18, 15, 0, 0, 0, 8, 0, 0, 0, 15, 0, 0, 0, 17, : 15, 15, 15, 15, 15, 15, 15, 15, 15, 15, 18, 15, 8, 15, 17, 
115: 0, 0, 0, 0, 20, 33, 0, 0, 15, 0, 0, 15, 5, 0, 15, 15, 0, 0, 0, 15, 0, 0, 0, 0, 0, 15, 15, 15, 0, 0, 0, 0, 0, 15, 0, 0, 16, 0, 6, 0, : 20, 33, 15, 15, 5, 15, 15, 15, 15, 15, 15, 15, 16, 6, 
153: 15, 15, 0, 15, 0, 15, 0, 20, 0, 0, 9, 0, 0, 20, 0, 0, 0, 0, 8, 0, 13, 0, 0, 0, 0, 0, 0, 0, 15, 0, 0, 0, 0, 16, 0, 0, 0, 15, 0, 17, : 15, 15, 15, 15, 20, 9, 20, 8, 13, 15, 16, 15, 17, 
55: 0, 20, 0, 16, 0, 0, 23, 15, 0, 15, 0, 0, 0, 19, 17, 0, 15, 8, 0, 23, 0, 0, 15, 0, 0, 24, 17, 0, 0, 0, 0, 0, 19, 15, 17, 0, 0, 0, 0, 0, : 20, 16, 23, 15, 15, 19, 17, 15, 8, 23, 15, 24, 17, 19, 15, 17, 


106: 0, 0, 0, 0, 0, 15, 0, 0, 0, 0, 0, 0, 0, 0, 9, 15, 0, 0, 0, 0, 0, 15, 24, 16, 0, 0, 0, 0, 0, 0, 15, 0, 15, 13, 0, 15, 0, 0, 0, 0, : 15, 9, 15, 15, 24, 16, 15, 15, 13, 15, 
171: 16, 0, 0, 0, 15, 0, 0, 15, 15, 0, 0, 15, 10, 0, 15, 0, 0, 0, 0, 0, 0, 0, 0, 0, 0, 0, 0, 0, 0, 0, 0, 17, 18, 0, 0, 0, 15, 16, 0, 0, : 16, 15, 15, 15, 15, 10, 15, 17, 18, 15, 16, 
17: 0, 0, 0, 0, 0, 0, 0, 0, 0, 1, 0, 0, 15, 0, 16, 0, 34, 15, 0, 0, 15, 16, 0, 0, 0, 21, 0, 0, 20, 0, 15, 0, 0, 0, 0, 0, 0, 0, 0, 0, : 1, 15, 16, 34, 15, 15, 16, 21, 20, 15, 
41: 0, 15, 0, 0, 0, 0, 16, 0, 0, 34, 15, 8, 0, 0, 0, 0, 0, 0, 0, 24, 0, 0, 0, 0, 14, 15, 0, 15, 19, 7, 0, 0, 15, 0, 25, 0, 15, 0, 0, 0, : 15, 16, 34, 15, 8, 24, 14, 15, 15, 19, 7, 15, 25, 15, 
119: 0, 0, 0, 0, 0, 0, 0, 15, 0, 15, 15, 0, 0, 9, 15, 20, 16, 0, 0, 0, 15, 1, 0, 16, 21, 0, 15, 0, 11, 0, 0, 15, 0, 0, 0, 0, 19, 15, 15, 0, : 15, 15, 15, 9, 15, 20, 16, 15, 1, 16, 21, 15, 11, 15, 19, 15, 15, 
189: 0, 26, 9, 0, 0, 0, 15, 0, 11, 0, 0, 15, 0, 0, 0, 15, 15, 0, 0, 0, 0, 0, 0, 0, 0, 0, 0, 0, 0, 0, 0, 0, 0, 0, 0, 15, 0, 0, 15, 15, : 26, 9, 15, 11, 15, 15, 15, 15, 15, 15, 
185: 0, 0, 15, 7, 0, 0, 9, 0, 0, 0, 0, 15, 0, 0, 0, 0, 0, 0, 15, 0, 0, 0, 0, 0, 0, 0, 0, 15, 15, 15, 0, 0, 0, 0, 0, 0, 15, 0, 15, 16, : 15, 7, 9, 15, 15, 15, 15, 15, 15, 15, 16, 
143: 0, 0, 0, 0, 0, 0, 0, 0, 0, 0, 0, 0, 0, 15, 0, 0, 0, 8, 16, 15, 0, 0, 0, 0, 0, 0, 0, 15, 0, 15, 19, 0, 5, 15, 0, 15, 0, 0, 4, 15, : 15, 8, 16, 15, 15, 15, 19, 5, 15, 15, 4, 15, 
167: 15, 0, 0, 0, 0, 0, 0, 10, 0, 0, 0, 0, 15, 0, 0, 15, 0, 15, 0, 15, 0, 0, 0, 0, 0, 0, 0, 15, 0, 16, 0, 0, 0, 0, 15, 0, 0, 0, 0, 21, : 15, 10, 15, 15, 15, 15, 15, 16, 15, 21, 
181: 0, 15, 0, 0, 0, 0, 23, 0, 24, 0, 15, 17, 15, 22, 0, 0, 5, 17, 0, 0, 0, 0, 16, 4, 0, 0, 15, 0, 0, 0, 0, 15, 0, 25, 0, 0, 2, 0, 0, 0, : 15, 23, 24, 15, 17, 15, 22, 5, 17, 16, 4, 15, 15, 25, 2, 
124: 0, 0, 0, 15, 15, 15, 0, 0, 18, 0, 21, 0, 0, 24, 15, 0, 0, 15, 7, 0, 0, 0, 0, 0, 16, 0, 17, 0, 0, 0, 0, 15, 0, 15, 0, 0, 0, 0, 0, 0, : 15, 15, 15, 18, 21, 24, 15, 15, 7, 16, 17, 15, 15, 
131: 0, 15, 0, 0, 23, 0, 0, 0, 0, 0, 0, 0, 15, 0, 0, 0, 0, 0, 0, 0, 15, 0, 0, 0, 0, 0, 0, 0, 0, 0, 15, 0, 0, 0, 0, 16, 0, 15, 0, 15, : 15, 23, 15, 15, 15, 16, 15, 15, 
99: 0, 18, 0, 28, 0, 0, 0, 0, 0, 0, 0, 0, 0, 0, 0, 15, 0, 0, 0, 15, 15, 15, 0, 15, 0, 17, 15, 0, 0, 15, 5, 3, 15, 0, 0, 16, 0, 0, 0, 15, : 18, 28, 15, 15, 15, 15, 15, 17, 15, 15, 5, 3, 15, 16, 15, 
1: 22, 0, 19, 0, 17, 0, 0, 15, 0, 15, 0, 0, 0, 0, 0, 0, 15, 0, 25, 0, 0, 0, 15, 0, 0, 6, 21, 0, 0, 17, 0, 0, 0, 0, 15, 0, 0, 22, 15, 0, : 22, 19, 17, 15, 15, 15, 25, 15, 6, 21, 17, 15, 22, 15, 
51: 17, 0, 0, 0, 16, 0, 0, 0, 0, 0, 15, 0, 0, 15, 0, 0, 0, 15, 22, 26, 0, 0, 0, 0, 17, 0, 0, 35, 0, 0, 0, 0, 17, 0, 13, 6, 19, 14, 16, 0, : 17, 16, 15, 15, 15, 22, 26, 17, 35, 17, 13, 6, 19, 14, 16, 
84: 0, 0, 19, 0, 0, 37, 0, 0, 0, 0, 17, 15, 15, 0, 0, 20, 0, 0, 15, 0, 0, 20, 15, 34, 15, 0, 0, 5, 15, 0, 0, 0, 0, 0, 0, 0, 0, 0, 0, 0, : 19, 37, 17, 15, 15, 20, 15, 20, 15, 34, 15, 5, 15, 
8: 15, 11, 0, 15, 0, 0, 21, 15, 0, 16, 0, 0, 15, 0, 0, 0, 15, 0, 0, 0, 18, 0, 15, 0, 17, 26, 1, 0, 0, 0, 0, 0, 0, 17, 16, 0, 0, 0, 0, 0, : 15, 11, 15, 21, 15, 16, 15, 15, 18, 15, 17, 26, 1, 17, 16, 
79: 15, 0, 23, 0, 14, 0, 0, 0, 15, 0, 0, 0, 0, 15, 15, 0, 0, 0, 0, 0, 0, 0, 15, 0, 0, 0, 16, 0, 0, 15, 0, 35, 0, 0, 0, 0, 0, 0, 0, 0, : 15, 23, 14, 15, 15, 15, 15, 16, 15, 35, 
178: 0, 0, 15, 20, 0, 13, 0, 15, 0, 0, 2, 0, 0, 0, 0, 0, 0, 0, 0, 0, 0, 17, 0, 15, 0, 15, 0, 0, 20, 0, 31, 0, 15, 0, 0, 17, 0, 18, 20, 0, : 15, 20, 13, 15, 2, 17, 15, 15, 20, 31, 15, 17, 18, 20, 
93: 0, 0, 0, 15, 0, 20, 16, 15, 17, 19, 0, 15, 0, 0, 15, 0, 0, 15, 0, 5, 22, 16, 0, 0, 0, 0, 0, 0, 0, 0, 0, 0, 0, 15, 16, 0, 15, 0, 0, 3, : 15, 20, 16, 15, 17, 19, 15, 15, 15, 5, 22, 16, 15, 16, 15, 3, 


123: 0, 0, 0, 0, 0, 16, 0, 15, 0, 0, 0, 0, 15, 15, 15, 0, 15, 15, 8, 0, 0, 15, 0, 16, 0, 0, 0, 0, 0, 15, 0, 0, 0, 10, 0, 15, 15, 0, 0, 17, : 16, 15, 15, 15, 15, 15, 15, 8, 15, 16, 15, 10, 15, 15, 17, 
150: 25, 0, 15, 25, 26, 0, 0, 0, 0, 15, 0, 17, 17, 0, 15, 17, 0, 5, 0, 15, 0, 16, 0, 0, 16, 15, 0, 0, 15, 0, 0, 0, 0, 0, 13, 0, 0, 0, 15, 0, : 25, 15, 25, 26, 15, 17, 17, 15, 17, 5, 15, 16, 16, 15, 15, 13, 15, 
173: 16, 0, 12, 0, 0, 0, 0, 0, 16, 10, 0, 0, 0, 0, 0, 15, 0, 0, 0, 1, 15, 0, 0, 15, 0, 0, 0, 10, 0, 10, 0, 15, 17, 0, 0, 0, 0, 16, 15, 0, : 16, 12, 16, 10, 15, 1, 15, 15, 10, 10, 15, 17, 16, 15, 
50: 15, 3, 0, 3, 0, 15, 16, 0, 0, 0, 16, 0, 0, 15, 0, 0, 0, 0, 0, 0, 0, 0, 15, 0, 0, 0, 0, 15, 0, 0, 15, 0, 0, 0, 21, 0, 0, 0, 0, 15, : 15, 3, 3, 15, 16, 16, 15, 15, 15, 15, 21, 15, 
29: 0, 15, 28, 0, 11, 0, 0, 0, 15, 0, 0, 0, 15, 0, 0, 0, 0, 18, 0, 0, 3, 0, 0, 0, 0, 0, 0, 0, 12, 0, 0, 0, 0, 0, 15, 0, 0, 0, 0, 0, : 15, 28, 11, 15, 15, 18, 3, 12, 15, 
113: 0, 0, 15, 23, 0, 15, 0, 15, 6, 0, 0, 15, 0, 18, 0, 15, 0, 0, 15, 0, 15, 0, 0, 0, 19, 0, 0, 0, 15, 0, 15, 15, 0, 0, 0, 0, 0, 0, 0, 0, : 15, 23, 15, 15, 6, 15, 18, 15, 15, 15, 19, 15, 15, 15, 
184: 0, 0, 0, 0, 0, 0, 0, 0, 0, 15, 0, 0, 0, 5, 0, 15, 15, 0, 0, 15, 0, 22, 16, 0, 0, 0, 0, 0, 0, 0, 0, 17, 0, 15, 0, 0, 0, 0, 16, 0, : 15, 5, 15, 15, 15, 22, 16, 17, 15, 16, 
56: 0, 0, 0, 15, 15, 0, 0, 15, 0, 0, 0, 0, 0, 0, 0, 3, 0, 15, 0, 0, 0, 16, 2, 0, 15, 19, 15, 0, 16, 15, 0, 0, 0, 0, 0, 28, 0, 0, 0, 17, : 15, 15, 15, 3, 15, 16, 2, 15, 19, 15, 16, 15, 28, 17, 
187: 0, 0, 15, 0, 0, 0, 17, 0, 0, 15, 0, 0, 0, 16, 16, 0, 15, 0, 15, 0, 0, 0, 18, 0, 0, 15, 15, 0, 0, 15, 15, 0, 15, 0, 0, 0, 22, 15, 9, 0, : 15, 17, 15, 16, 16, 15, 15, 18, 15, 15, 15, 15, 15, 22, 15, 9, 
80: 18, 0, 0, 0, 0, 0, 0, 0, 0, 0, 0, 21, 0, 0, 15, 20, 0, 0, 15, 0, 16, 0, 16, 27, 0, 15, 0, 15, 0, 0, 0, 0, 0, 15, 0, 15, 0, 0, 0, 8, : 18, 21, 15, 20, 15, 16, 16, 27, 15, 15, 15, 15, 8, 
157: 0, 16, 0, 0, 0, 0, 0, 0, 15, 0, 15, 17, 7, 0, 0, 0, 15, 0, 16, 0, 0, 0, 0, 0, 0, 15, 22, 0, 0, 0, 15, 0, 0, 0, 0, 20, 8, 0, 0, 0, : 16, 15, 15, 17, 7, 15, 16, 15, 22, 15, 20, 8, 
112: 0, 19, 0, 0, 0, 26, 0, 0, 15, 0, 0, 0, 0, 0, 0, 0, 0, 0, 0, 15, 0, 0, 0, 0, 28, 0, 0, 0, 15, 0, 0, 0, 0, 0, 15, 0, 15, 15, 0, 15, : 19, 26, 15, 15, 28, 15, 15, 15, 15, 15, 
110: 0, 15, 0, 0, 0, 0, 0, 0, 0, 0, 0, 0, 0, 0, 16, 0, 5, 0, 0, 0, 0, 0, 0, 0, 15, 0, 0, 0, 0, 15, 15, 0, 0, 15, 0, 0, 0, 18, 0, 0, : 15, 16, 5, 15, 15, 15, 15, 18, 
166: 0, 17, 0, 16, 0, 0, 20, 15, 18, 0, 0, 0, 0, 0, 0, 0, 20, 17, 0, 16, 21, 0, 0, 0, 7, 15, 0, 15, 27, 15, 0, 20, 35, 0, 0, 15, 0, 0, 0, 0, : 17, 16, 20, 15, 18, 20, 17, 16, 21, 7, 15, 15, 27, 15, 20, 35, 15, 
76: 0, 0, 15, 0, 0, 0, 17, 7, 0, 0, 15, 0, 15, 15, 0, 0, 0, 15, 0, 23, 0, 17, 0, 0, 0, 0, 15, 15, 0, 0, 16, 15, 0, 15, 0, 0, 15, 0, 0, 0, : 15, 17, 7, 15, 15, 15, 15, 23, 17, 15, 15, 16, 15, 15, 15, 
139: 15, 0, 0, 0, 0, 20, 0, 0, 0, 15, 0, 0, 0, 0, 15, 15, 0, 0, 15, 15, 0, 0, 0, 0, 0, 0, 0, 15, 0, 0, 0, 15, 15, 15, 0, 0, 0, 0, 0, 28, : 15, 20, 15, 15, 15, 15, 15, 15, 15, 15, 15, 28, 
200: 0, 0, 0, 0, 15, 8, 0, 0, 15, 15, 23, 0, 0, 0, 8, 0, 0, 0, 0, 0, 15, 0, 18, 24, 0, 0, 16, 0, 0, 15, 0, 0, 18, 0, 0, 7, 25, 15, 15, 0, : 15, 8, 15, 15, 23, 8, 15, 18, 24, 16, 15, 18, 7, 25, 15, 15, 
169: 0, 15, 0, 0, 0, 0, 15, 15, 0, 0, 0, 15, 16, 0, 0, 0, 0, 15, 16, 0, 15, 14, 0, 0, 0, 0, 17, 0, 0, 0, 0, 0, 0, 0, 21, 0, 0, 6, 15, 0, : 15, 15, 15, 15, 16, 15, 16, 15, 14, 17, 21, 6, 15, 
94: 11, 0, 0, 0, 15, 0, 15, 18, 0, 15, 15, 15, 0, 0, 0, 0, 15, 0, 0, 0, 0, 0, 15, 0, 0, 0, 0, 15, 0, 0, 9, 3, 0, 15, 0, 0, 0, 0, 0, 0, : 11, 15, 15, 18, 15, 15, 15, 15, 15, 15, 9, 3, 15, 
125: 0, 0, 0, 18, 18, 0, 0, 0, 0, 0, 16, 0, 15, 16, 0, 0, 0, 0, 0, 0, 0, 0, 0, 18, 0, 6, 0, 0, 0, 0, 0, 0, 0, 0, 15, 0, 0, 15, 15, 0, : 18, 18, 16, 15, 16, 18, 6, 15, 15, 15, 


65: 16, 0, 18, 13, 0, 16, 0, 0, 28, 0, 0, 19, 0, 0, 15, 0, 16, 0, 16, 15, 15, 17, 0, 0, 0, 0, 0, 0, 0, 0, 15, 0, 15, 0, 15, 20, 3, 14, 0, 0, : 16, 18, 13, 16, 28, 19, 15, 16, 16, 15, 15, 17, 15, 15, 15, 20, 3, 14, 
198: 0, 0, 0, 0, 15, 0, 0, 15, 15, 0, 0, 0, 0, 0, 15, 0, 15, 6, 7, 14, 20, 0, 18, 0, 0, 0, 0, 18, 0, 0, 0, 0, 0, 0, 15, 0, 0, 0, 0, 0, : 15, 15, 15, 15, 15, 6, 7, 14, 20, 18, 18, 15, 
129: 0, 0, 0, 0, 0, 0, 0, 0, 0, 15, 23, 0, 0, 0, 0, 16, 0, 0, 0, 0, 0, 0, 0, 15, 0, 15, 24, 0, 15, 0, 15, 0, 2, 16, 19, 17, 0, 0, 15, 0, : 15, 23, 16, 15, 15, 24, 15, 15, 2, 16, 19, 17, 15, 
162: 16, 0, 15, 0, 0, 0, 0, 9, 0, 15, 0, 15, 0, 0, 0, 29, 0, 0, 16, 0, 0, 17, 0, 0, 0, 16, 0, 16, 0, 0, 0, 0, 0, 17, 15, 0, 0, 0, 0, 0, : 16, 15, 9, 15, 15, 29, 16, 17, 16, 16, 17, 15, 
197: 0, 15, 0, 0, 0, 0, 0, 15, 0, 0, 0, 0, 15, 0, 27, 0, 18, 15, 0, 0, 0, 0, 0, 4, 0, 0, 15, 0, 15, 0, 0, 16, 0, 0, 0, 0, 0, 0, 17, 15, : 15, 15, 15, 27, 18, 15, 4, 15, 15, 16, 17, 15, 
151: 0, 16, 0, 26, 0, 0, 15, 0, 0, 4, 15, 0, 0, 0, 7, 15, 16, 0, 0, 0, 0, 0, 0, 15, 0, 0, 0, 0, 0, 15, 0, 0, 0, 0, 0, 0, 0, 0, 18, 15, : 16, 26, 15, 4, 15, 7, 15, 16, 15, 15, 18, 15, 
54: 11, 0, 0, 0, 0, 0, 0, 0, 0, 0, 0, 11, 0, 24, 0, 0, 17, 0, 15, 17, 0, 15, 15, 0, 0, 19, 0, 0, 15, 0, 0, 0, 22, 0, 0, 0, 0, 15, 0, 0, : 11, 11, 24, 17, 15, 17, 15, 15, 19, 15, 22, 15, 
87: 0, 0, 20, 0, 0, 0, 0, 0, 0, 0, 15, 16, 0, 0, 21, 0, 0, 15, 0, 18, 0, 0, 15, 0, 5, 15, 15, 0, 0, 0, 0, 20, 0, 0, 0, 17, 15, 15, 0, 15, : 20, 15, 16, 21, 15, 18, 15, 5, 15, 15, 20, 17, 15, 15, 15, 
20: 0, 15, 0, 0, 0, 0, 0, 0, 4, 0, 15, 15, 15, 0, 0, 16, 0, 0, 16, 0, 15, 5, 0, 0, 0, 0, 0, 5, 0, 15, 0, 0, 15, 20, 0, 0, 22, 0, 0, 2, : 15, 4, 15, 15, 15, 16, 16, 15, 5, 5, 15, 15, 20, 22, 2, 
156: 15, 15, 0, 0, 22, 17, 15, 15, 20, 0, 8, 0, 10, 0, 0, 0, 0, 0, 0, 0, 0, 0, 3, 15, 15, 0, 15, 0, 15, 0, 0, 16, 16, 15, 15, 0, 0, 15, 0, 0, : 15, 15, 22, 17, 15, 15, 20, 8, 10, 3, 15, 15, 15, 15, 16, 16, 15, 15, 15, 
59: 0, 0, 15, 15, 0, 15, 26, 15, 0, 0, 0, 0, 15, 0, 0, 9, 0, 15, 0, 0, 0, 0, 15, 0, 0, 0, 0, 0, 0, 0, 18, 8, 0, 0, 0, 0, 0, 0, 0, 15, : 15, 15, 15, 26, 15, 15, 9, 15, 15, 18, 8, 15, 
136: 0, 0, 15, 0, 0, 15, 0, 16, 0, 15, 0, 0, 0, 15, 0, 0, 0, 0, 0, 0, 15, 0, 0, 0, 0, 0, 15, 15, 17, 9, 0, 0, 0, 0, 2, 0, 0, 0, 15, 0, : 15, 15, 16, 15, 15, 15, 15, 15, 17, 9, 2, 15, 
5: 0, 9, 0, 15, 0, 0, 14, 0, 0, 0, 0, 0, 0, 0, 15, 0, 0, 0, 0, 0, 0, 0, 0, 17, 15, 0, 0, 0, 23, 15, 16, 15, 0, 2, 0, 0, 15, 0, 0, 0, : 9, 15, 14, 15, 17, 15, 23, 15, 16, 15, 2, 15, 
164: 0, 15, 0, 15, 18, 15, 0, 15, 18, 21, 0, 0, 15, 0, 0, 0, 0, 17, 0, 0, 0, 0, 0, 0, 16, 0, 0, 0, 0, 0, 0, 0, 0, 0, 0, 0, 0, 0, 0, 0, : 15, 15, 18, 15, 15, 18, 21, 15, 17, 16, 
81: 0, 0, 0, 0, 16, 0, 0, 0, 0, 15, 0, 24, 15, 15, 0, 0, 0, 0, 0, 21, 0, 0, 0, 0, 0, 0, 0, 0, 0, 0, 5, 0, 0, 15, 0, 0, 15, 0, 15, 0, : 16, 15, 24, 15, 15, 21, 5, 15, 15, 15, 
135: 27, 0, 0, 0, 14, 0, 0, 0, 0, 0, 24, 0, 15, 0, 0, 0, 3, 0, 15, 0, 0, 16, 0, 0, 19, 24, 0, 0, 0, 0, 0, 0, 0, 0, 0, 0, 15, 0, 15, 15, : 27, 14, 24, 15, 3, 15, 16, 19, 24, 15, 15, 15, 
117: 0, 15, 15, 0, 0, 15, 15, 0, 15, 0, 0, 0, 0, 15, 0, 15, 0, 15, 0, 15, 0, 15, 16, 19, 15, 0, 0, 15, 0, 15, 0, 25, 15, 15, 0, 15, 0, 0, 5, 23, : 15, 15, 15, 15, 15, 15, 15, 15, 15, 15, 16, 19, 15, 15, 15, 25, 15, 15, 15, 5, 23, 
31: 0, 0, 0, 0, 0, 0, 15, 0, 0, 0, 0, 0, 0, 15, 0, 0, 0, 0, 0, 0, 14, 15, 18, 15, 0, 0, 0, 16, 0, 15, 16, 0, 0, 0, 19, 20, 0, 0, 0, 0, : 15, 15, 14, 15, 18, 15, 16, 15, 16, 19, 20, 
11: 0, 0, 2, 16, 0, 7, 0, 0, 0, 0, 0, 0, 0, 16, 0, 0, 15, 17, 15, 0, 21, 0, 0, 0, 0, 0, 16, 15, 0, 0, 15, 0, 0, 0, 0, 0, 15, 26, 0, 0, : 2, 16, 7, 16, 15, 17, 15, 21, 16, 15, 15, 15, 26, 
85: 15, 0, 0, 0, 15, 0, 0, 0, 0, 15, 0, 0, 0, 0, 0, 0, 0, 0, 0, 0, 0, 0, 0, 0, 15, 11, 0, 0, 0, 16, 0, 0, 15, 0, 0, 11, 0, 15, 0, 0, : 15, 15, 15, 15, 11, 16, 15, 11, 15, 


88: 0, 15, 0, 19, 9, 19, 0, 15, 0, 0, 15, 0, 0, 0, 0, 0, 18, 15, 0, 0, 0, 0, 0, 9, 23, 0, 0, 0, 0, 0, 0, 21, 0, 0, 5, 0, 15, 0, 0, 15, : 15, 19, 9, 19, 15, 15, 18, 15, 9, 23, 21, 5, 15, 15, 
92: 0, 0, 16, 0, 0, 0, 20, 0, 0, 0, 0, 0, 15, 15, 1, 0, 0, 8, 15, 0, 0, 16, 0, 0, 0, 0, 18, 0, 0, 15, 0, 17, 15, 15, 0, 0, 0, 0, 0, 0, : 16, 20, 15, 15, 1, 8, 15, 16, 18, 15, 17, 15, 15, 
160: 0, 0, 0, 0, 0, 0, 0, 0, 0, 0, 0, 0, 15, 19, 0, 0, 0, 15, 20, 0, 15, 0, 0, 0, 0, 20, 0, 0, 18, 22, 0, 0, 22, 21, 19, 7, 0, 0, 16, 0, : 15, 19, 15, 20, 15, 20, 18, 22, 22, 21, 19, 7, 16, 
133: 0, 0, 0, 0, 0, 0, 0, 0, 0, 15, 0, 15, 15, 0, 0, 0, 0, 0, 0, 0, 0, 15, 16, 16, 0, 16, 0, 0, 0, 0, 0, 0, 0, 0, 15, 16, 20, 0, 15, 15, : 15, 15, 15, 15, 16, 16, 16, 15, 16, 20, 15, 15, 
142: 0, 9, 0, 0, 15, 0, 0, 0, 15, 0, 0, 7, 0, 0, 16, 0, 0, 0, 0, 15, 15, 0, 15, 0, 0, 15, 0, 15, 15, 0, 0, 0, 0, 16, 0, 0, 0, 16, 0, 16, : 9, 15, 15, 7, 16, 15, 15, 15, 15, 15, 15, 16, 16, 16, 
91: 0, 15, 0, 0, 0, 16, 0, 15, 6, 0, 0, 0, 0, 0, 0, 0, 0, 0, 0, 0, 15, 0, 0, 0, 0, 0, 4, 0, 0, 15, 25, 0, 0, 0, 0, 0, 0, 7, 0, 0, : 15, 16, 15, 6, 15, 4, 15, 25, 7, 
137: 24, 0, 15, 16, 0, 15, 0, 2, 17, 0, 0, 0, 0, 21, 15, 19, 0, 0, 0, 0, 0, 0, 0, 0, 0, 0, 0, 0, 0, 15, 15, 0, 0, 3, 0, 0, 0, 0, 0, 0, : 24, 15, 16, 15, 2, 17, 21, 15, 19, 15, 15, 3, 
4: 0, 0, 0, 16, 0, 0, 15, 15, 0, 0, 0, 0, 0, 0, 23, 0, 20, 15, 0, 0, 0, 0, 15, 0, 0, 0, 15, 0, 0, 0, 0, 0, 0, 0, 15, 0, 19, 0, 0, 0, : 16, 15, 15, 23, 20, 15, 15, 15, 15, 19, 
140: 0, 0, 0, 0, 0, 5, 0, 0, 0, 24, 0, 15, 0, 15, 0, 0, 11, 0, 15, 0, 0, 0, 15, 0, 0, 0, 0, 15, 0, 0, 0, 20, 16, 0, 16, 0, 0, 0, 0, 0, : 5, 24, 15, 15, 11, 15, 15, 15, 20, 16, 16, 
170: 15, 0, 0, 0, 16, 0, 0, 15, 15, 17, 15, 17, 0, 0, 0, 0, 0, 0, 0, 0, 9, 15, 0, 0, 0, 0, 0, 0, 18, 0, 23, 0, 16, 0, 0, 0, 0, 0, 0, 0, : 15, 16, 15, 15, 17, 15, 17, 9, 15, 18, 23, 16, 
16: 0, 15, 15, 15, 0, 15, 23, 0, 0, 0, 0, 0, 23, 0, 0, 16, 21, 0, 0, 0, 0, 0, 0, 0, 15, 15, 0, 15, 0, 0, 0, 0, 15, 0, 0, 16, 0, 15, 15, 25, : 15, 15, 15, 15, 23, 23, 16, 21, 15, 15, 15, 15, 16, 15, 15, 25, 
21: 0, 15, 15, 0, 15, 0, 0, 0, 0, 0, 15, 0, 2, 0, 0, 22, 0, 0, 0, 17, 0, 0, 0, 15, 0, 0, 15, 30, 15, 0, 15, 0, 0, 0, 15, 0, 0, 15, 0, 14, : 15, 15, 15, 15, 2, 22, 17, 15, 15, 30, 15, 15, 15, 15, 14, 
176: 15, 0, 0, 0, 0, 0, 0, 0, 15, 0, 0, 0, 0, 0, 15, 0, 15, 0, 0, 0, 15, 8, 0, 15, 15, 0, 17, 20, 0, 3, 0, 15, 1, 15, 0, 0, 0, 0, 15, 15, : 15, 15, 15, 15, 15, 8, 15, 15, 17, 20, 3, 15, 1, 15, 15, 15, 
71: 15, 0, 0, 15, 15, 0, 0, 0, 17, 0, 0, 15, 15, 0, 0, 9, 15, 0, 15, 16, 16, 15, 15, 0, 17, 0, 0, 0, 15, 15, 0, 0, 0, 15, 0, 15, 15, 0, 0, 0, : 15, 15, 15, 17, 15, 15, 9, 15, 15, 16, 16, 15, 15, 17, 15, 15, 15, 15, 15, 
89: 15, 0, 0, 4, 15, 0, 0, 0, 0, 15, 15, 0, 0, 15, 0, 0, 0, 0, 20, 15, 0, 0, 2, 0, 14, 16, 15, 0, 1, 0, 0, 0, 0, 0, 0, 15, 0, 0, 0, 0, : 15, 4, 15, 15, 15, 15, 20, 15, 2, 14, 16, 15, 1, 15, 
149: 0, 0, 15, 0, 15, 0, 0, 15, 0, 0, 0, 16, 0, 0, 15, 17, 0, 0, 0, 15, 0, 0, 0, 15, 16, 0, 0, 0, 0, 0, 0, 0, 15, 0, 0, 0, 0, 0, 15, 0, : 15, 15, 15, 16, 15, 17, 15, 15, 16, 15, 15, 
182: 0, 15, 15, 0, 0, 0, 0, 0, 0, 15, 15, 15, 0, 0, 0, 0, 0, 0, 0, 16, 0, 0, 0, 0, 0, 0, 16, 0, 0, 0, 15, 27, 0, 0, 0, 0, 16, 16, 19, 0, : 15, 15, 15, 15, 15, 16, 16, 15, 27, 16, 16, 19, 
40: 15, 0, 0, 0, 0, 15, 15, 0, 0, 14, 15, 0, 0, 0, 0, 0, 0, 15, 0, 6, 0, 16, 0, 15, 0, 0, 0, 0, 18, 0, 0, 0, 0, 0, 15, 31, 15, 16, 0, 0, : 15, 15, 15, 14, 15, 15, 6, 16, 15, 18, 15, 31, 15, 16, 
18: 0, 0, 9, 15, 0, 0, 16, 23, 15, 0, 0, 0, 15, 15, 15, 17, 0, 17, 0, 0, 0, 0, 0, 15, 0, 0, 0, 5, 0, 15, 7, 0, 0, 0, 0, 0, 0, 0, 0, 0, : 9, 15, 16, 23, 15, 15, 15, 15, 17, 17, 15, 5, 15, 7, 
25: 1, 16, 0, 0, 0, 15, 11, 0, 0, 0, 10, 0, 0, 0, 0, 0, 0, 15, 15, 0, 15, 15, 22, 0, 0, 18, 0, 0, 0, 0, 0, 0, 0, 15, 0, 0, 0, 15, 5, 0, : 1, 16, 15, 11, 10, 15, 15, 15, 15, 22, 18, 15, 15, 5, 


