
100
200
100
10

182: 0, 2, 0, 26, 0, 0, 0, 0, 0, 13, 15, 28, 0, 15, 0, 0, 0, 0, 0, 0, 0, 0, 15, 15, 0, 0, 0, 9, 26, 0, 8, 0, 0, 0, 0, 15, 15, 0, 15, 0, 0, 0, 0, 0, 0, 0, 0, 0, 0, 0, 0, 0, 0, 23, 16, 16, 0, 16, 0, 0, 0, 0, 0, 0, 21, 15, 15, 0, 0, 10, 0, 15, 0, 0, 0, 0, 0, 15, 0, 0, 0, 0, 0, 0, 0, 0, 0, 0, 0, 15, 15, 21, 0, 16, 0, 15, 0, 0, 0, 4, : 2, 26, 13, 15, 28, 15, 15, 15, 9, 26, 8, 15, 15, 15, 23, 16, 16, 16, 21, 15, 15, 10, 15, 15, 15, 15, 21, 16, 15, 4, 
19: 0, 0, 0, 0, 0, 0, 0, 0, 20, 0, 0, 0, 15, 15, 0, 0, 0, 0, 0, 14, 21, 15, 4, 9, 0, 15, 15, 0, 15, 0, 0, 0, 0, 0, 0, 4, 0, 0, 0, 0, 15, 0, 15, 0, 17, 15, 0, 0, 0, 0, 12, 0, 31, 0, 15, 0, 0, 0, 0, 0, 0, 13, 15, 0, 17, 0, 0, 0, 15, 15, 17, 0, 0, 0, 0, 20, 10, 0, 0, 15, 15, 0, 16, 0, 5, 17, 0, 15, 0, 0, 0, 0, 0, 0, 0, 0, 0, 15, 16, 0, : 20, 15, 15, 14, 21, 15, 4, 9, 15, 15, 15, 4, 15, 15, 17, 15, 12, 31, 15, 13, 15, 17, 15, 15, 17, 20, 10, 15, 15, 16, 5, 17, 15, 15, 16, 
126: 0, 15, 0, 15, 0, 0, 0, 0, 0, 30, 15, 15, 0, 15, 0, 22, 15, 0, 0, 0, 15, 15, 0, 15, 0, 15, 15, 0, 16, 0, 0, 0, 18, 30, 15, 18, 18, 0, 0, 0, 0, 0, 0, 0, 0, 0, 0, 17, 0, 18, 22, 0, 0, 0, 0, 0, 0, 0, 0, 0, 0, 15, 0, 0, 0, 15, 0, 0, 0, 0, 18, 0, 0, 17, 0, 0, 15, 0, 15, 0, 6, 0, 16, 0, 0, 0, 0, 0, 0, 17, 0, 15, 0, 15, 0, 12, 15, 0, 0, 0, : 15, 15, 30, 15, 15, 15, 22, 15, 15, 15, 15, 15, 15, 16, 18, 30, 15, 18, 18, 17, 18, 22, 15, 15, 18, 17, 15, 15, 6, 16, 17, 15, 15, 12, 15, 
146: 34, 23, 18, 17, 0, 15, 0, 0, 0, 19, 15, 0, 16, 0, 0, 15, 15, 0, 0, 0, 20, 0, 0, 0, 16, 0, 0, 0, 0, 0, 0, 0, 15, 0, 0, 15, 0, 15, 0, 15, 0, 20, 0, 0, 0, 0, 0, 0, 15, 5, 0, 16, 0, 15, 0, 0, 0, 0, 15, 0, 13, 0, 15, 0, 0, 0, 15, 0, 0, 0, 15, 0, 15, 17, 15, 0, 0, 0, 8, 0, 0, 15, 0, 0, 0, 0, 0, 21, 0, 0, 18, 0, 0, 17, 15, 0, 22, 0, 16, 19, : 34, 23, 18, 17, 15, 19, 15, 16, 15, 15, 20, 16, 15, 15, 15, 15, 20, 15, 5, 16, 15, 15, 13, 15, 15, 15, 15, 17, 15, 8, 15, 21, 18, 17, 15, 22, 16, 19, 
31: 0, 15, 7, 0, 15, 0, 0, 0, 0, 0, 0, 0, 21, 10, 0, 0, 15, 15, 0, 0, 0, 0, 0, 0, 0, 0, 0, 15, 0, 2, 0, 0, 16, 7, 0, 15, 0, 0, 0, 0, 6, 15, 0, 0, 0, 15, 17, 0, 17, 0, 0, 0, 0, 0, 0, 0, 15, 0, 0, 15, 0, 0, 0, 0, 16, 0, 0, 0, 0, 0, 0, 0, 9, 15, 0, 0, 15, 16, 0, 0, 0, 15, 0, 0, 15, 0, 0, 0, 17, 0, 0, 0, 0, 0, 0, 0, 0, 15, 0, 0, : 15, 7, 15, 21, 10, 15, 15, 15, 2, 16, 7, 15, 6, 15, 15, 17, 17, 15, 15, 16, 9, 15, 15, 16, 15, 15, 17, 15, 
79: 15, 0, 0, 0, 0, 0, 0, 0, 28, 23, 0, 0, 15, 0, 0, 0, 16, 38, 0, 0, 0, 0, 17, 0, 15, 0, 9, 0, 15, 0, 15, 0, 0, 0, 16, 0, 0, 15, 9, 16, 15, 15, 0, 8, 0, 0, 0, 0, 0, 0, 18, 16, 0, 0, 8, 15, 0, 0, 0, 15, 0, 0, 0, 0, 0, 15, 0, 15, 22, 0, 15, 0, 15, 4, 0, 0, 15, 16, 15, 15, 0, 0, 0, 0, 17, 21, 15, 0, 15, 0, 0, 0, 26, 0, 15, 0, 0, 8, 0, 0, : 15, 28, 23, 15, 16, 38, 17, 15, 9, 15, 15, 16, 15, 9, 16, 15, 15, 8, 18, 16, 8, 15, 15, 15, 15, 22, 15, 15, 4, 15, 16, 15, 15, 17, 21, 15, 15, 26, 15, 8, 
43: 0, 0, 0, 0, 15, 0, 0, 0, 0, 0, 0, 0, 15, 0, 0, 0, 15, 0, 0, 15, 0, 0, 0, 0, 0, 0, 0, 0, 0, 0, 0, 0, 0, 0, 0, 0, 0, 0, 15, 0, 19, 0, 0, 0, 0, 0, 15, 0, 0, 16, 0, 0, 15, 0, 15, 15, 15, 15, 15, 16, 15, 0, 15, 7, 0, 0, 15, 17, 0, 0, 0, 16, 0, 0, 0, 0, 0, 0, 15, 15, 0, 0, 10, 17, 0, 15, 0, 0, 15, 0, 16, 0, 0, 0, 0, 15, 0, 17, 0, 16, : 15, 15, 15, 15, 15, 19, 15, 16, 15, 15, 15, 15, 15, 15, 16, 15, 15, 7, 15, 17, 16, 15, 15, 10, 17, 15, 15, 16, 15, 17, 16, 
190: 0, 0, 15, 0, 15, 20, 0, 15, 0, 0, 0, 0, 0, 0, 15, 16, 0, 0, 19, 15, 0, 0, 0, 0, 0, 0, 0, 0, 0, 0, 0, 0, 0, 0, 0, 0, 0, 0, 0, 0, 0, 0, 0, 15, 0, 0, 0, 0, 0, 0, 0, 15, 0, 0, 0, 26, 15, 0, 16, 0, 17, 15, 0, 0, 0, 18, 0, 0, 0, 0, 15, 17, 0, 0, 0, 0, 15, 15, 0, 0, 15, 15, 15, 0, 0, 15, 0, 0, 0, 0, 0, 0, 16, 15, 0, 0, 0, 0, 0, 0, : 15, 15, 20, 15, 15, 16, 19, 15, 15, 15, 26, 15, 16, 17, 15, 18, 15, 17, 15, 15, 15, 15, 15, 15, 16, 15, 
37: 0, 0, 0, 0, 0, 0, 16, 0, 0, 0, 16, 0, 0, 0, 23, 15, 0, 0, 15, 0, 0, 0, 0, 0, 0, 0, 0, 15, 0, 23, 17, 0, 15, 0, 0, 0, 0, 25, 0, 0, 15, 0, 15, 15, 0, 0, 17, 26, 15, 0, 0, 0, 15, 15, 15, 0, 0, 0, 2, 15, 15, 0, 0, 0, 15, 15, 15, 15, 15, 0, 0, 0, 16, 0, 15, 0, 0, 15, 0, 18, 15, 19, 0, 26, 0, 15, 0, 15, 0, 21, 20, 0, 0, 0, 16, 0, 18, 0, 0, 15, : 16, 16, 23, 15, 15, 15, 23, 17, 15, 25, 15, 15, 15, 17, 26, 15, 15, 15, 15, 2, 15, 15, 15, 15, 15, 15, 15, 16, 15, 15, 18, 15, 19, 26, 15, 15, 21, 20, 16, 18, 15, 
57: 15, 15, 0, 16, 15, 0, 15, 2, 7, 0, 15, 0, 17, 0, 15, 0, 0, 0, 1, 0, 0, 15, 0, 0, 0, 0, 0, 0, 0, 15, 15, 15, 0, 17, 32, 0, 0, 0, 15, 15, 15, 0, 15, 0, 0, 5, 0, 0, 0, 0, 0, 0, 15, 0, 0, 0, 15, 0, 0, 0, 15, 0, 0, 15, 0, 15, 0, 7, 0, 15, 0, 0, 15, 0, 0, 0, 0, 0, 0, 0, 0, 0, 0, 0, 0, 0, 25, 0, 0, 0, 0, 15, 15, 0, 0, 0, 0, 0, 15, 15, : 15, 15, 16, 15, 15, 2, 7, 15, 17, 15, 1, 15, 15, 15, 15, 17, 32, 15, 15, 15, 15, 5, 15, 15, 15, 15, 15, 7, 15, 15, 25, 15, 15, 15, 15, 
89: 0, 0, 0, 0, 0, 0, 19, 15, 0, 0, 0, 0, 0, 15, 15, 0, 9, 0, 0, 0, 0, 0, 0, 29, 16, 15, 0, 15, 0, 0, 0, 1, 16, 0, 0, 0, 0, 0, 16, 15, 0, 0, 15, 0, 0, 0, 0, 15, 15, 0, 0, 15, 0, 0, 16, 0, 2, 15, 22, 15, 0, 0, 0, 0, 0, 0, 22, 0, 0, 0, 0, 1, 0, 15, 16, 0, 0, 0, 0, 0, 15, 0, 0, 15, 16, 0, 15, 14, 0, 12, 0, 15, 0, 0, 0, 15, 0, 15, 0, 0, : 19, 15, 15, 15, 9, 29, 16, 15, 15, 1, 16, 16, 15, 15, 15, 15, 15, 16, 2, 15, 22, 15, 22, 1, 15, 16, 15, 15, 16, 15, 14, 12, 15, 15, 15, 
86: 0, 0, 0, 0, 0, 5, 5, 21, 0, 15, 9, 0, 0, 0, 15, 0, 0, 0, 0, 15, 0, 17, 0, 0, 15, 4, 0, 0, 0, 0, 0, 24, 15, 0, 0, 0, 14, 15, 0, 24, 0, 20, 15, 0, 0, 16, 15, 16, 20, 15, 0, 0, 0, 11, 0, 0, 23, 9, 0, 0, 25, 0, 0, 0, 0, 0, 3, 16, 16, 0, 0, 18, 0, 0, 0, 22, 0, 0, 0, 28, 0, 0, 0, 0, 15, 0, 0, 0, 0, 0, 0, 0, 0, 7, 0, 0, 0, 0, 16, 16, : 5, 5, 21, 15, 9, 15, 15, 17, 15, 4, 24, 15, 14, 15, 24, 20, 15, 16, 15, 16, 20, 15, 11, 23, 9, 25, 3, 16, 16, 18, 22, 28, 15, 7, 16, 16, 
187: 0, 0, 0, 0, 0, 0, 15, 16, 15, 0, 0, 0, 0, 0, 0, 2, 0, 0, 0, 0, 15, 0, 0, 0, 15, 15, 15, 0, 0, 15, 0, 15, 0, 0, 0, 0, 23, 0, 0, 0, 0, 0, 16, 15, 17, 0, 15, 0, 0, 0, 15, 0, 0, 0, 0, 0, 0, 0, 0, 0, 0, 0, 0, 0, 0, 7, 0, 0, 0, 0, 20, 0, 0, 0, 15, 18, 15, 0, 16, 0, 0, 20, 0, 0, 0, 0, 0, 0, 15, 0, 0, 15, 0, 0, 0, 0, 0, 15, 0, 0, : 15, 16, 15, 2, 15, 15, 15, 15, 15, 15, 23, 16, 15, 17, 15, 15, 7, 20, 15, 18, 15, 16, 20, 15, 15, 15, 
151: 0, 0, 0, 0, 10, 15, 0, 0, 15, 0, 0, 3, 1, 0, 0, 0, 0, 15, 15, 0, 0, 0, 17, 0, 0, 18, 0, 15, 0, 0, 0, 0, 0, 15, 20, 0, 0, 0, 15, 0, 0, 0, 0, 0, 0, 15, 0, 11, 0, 15, 18, 15, 0, 0, 0, 2, 0, 0, 0, 0, 0, 0, 0, 15, 0, 0, 0, 0, 2, 15, 0, 0, 15, 0, 0, 0, 0, 0, 0, 0, 15, 16, 0, 0, 0, 0, 0, 0, 0, 0, 0, 0, 0, 15, 0, 0, 15, 0, 0, 15, : 10, 15, 15, 3, 1, 15, 15, 17, 18, 15, 15, 20, 15, 15, 11, 15, 18, 15, 2, 15, 2, 15, 15, 15, 16, 15, 15, 15, 
163: 0, 0, 15, 15, 0, 15, 0, 0, 0, 0, 0, 15, 0, 15, 0, 0, 0, 15, 0, 0, 20, 0, 16, 17, 0, 0, 0, 16, 16, 15, 0, 0, 0, 15, 15, 0, 0, 0, 0, 0, 0, 15, 9, 15, 0, 19, 0, 0, 0, 16, 0, 0, 9, 0, 0, 0, 0, 15, 0, 9, 0, 15, 20, 16, 0, 0, 0, 15, 0, 0, 0, 18, 15, 0, 15, 27, 0, 0, 16, 0, 0, 0, 28, 2, 0, 0, 0, 20, 0, 0, 0, 0, 3, 0, 15, 0, 0, 0, 22, 0, : 15, 15, 15, 15, 15, 15, 20, 16, 17, 16, 16, 15, 15, 15, 15, 9, 15, 19, 16, 9, 15, 9, 15, 20, 16, 15, 18, 15, 15, 27, 16, 28, 2, 20, 3, 15, 22, 
78: 20, 15, 0, 0, 15, 0, 15, 16, 0, 0, 0, 22, 0, 0, 16, 0, 0, 0, 0, 15, 0, 22, 0, 0, 0, 0, 15, 15, 0, 0, 0, 0, 5, 0, 0, 0, 0, 0, 0, 0, 0, 15, 0, 0, 0, 15, 0, 0, 0, 0, 0, 0, 0, 0, 0, 0, 0, 0, 0, 0, 0, 0, 15, 15, 22, 0, 0, 0, 15, 15, 0, 15, 0, 0, 0, 0, 0, 8, 0, 9, 0, 0, 0, 0, 17, 17, 15, 0, 18, 0, 16, 0, 0, 15, 0, 0, 15, 0, 0, 0, : 20, 15, 15, 15, 16, 22, 16, 15, 22, 15, 15, 5, 15, 15, 15, 15, 22, 15, 15, 15, 8, 9, 17, 17, 15, 18, 16, 15, 15, 
74: 0, 0, 15, 0, 0, 15, 0, 0, 0, 0, 0, 0, 0, 0, 0, 0, 0, 17, 0, 0, 0, 0, 0, 0, 15, 0, 15, 0, 12, 0, 15, 0, 0, 0, 2, 0, 15, 11, 0, 15, 0, 0, 0, 0, 14, 0, 0, 0, 0, 0, 0, 0, 0, 21, 0, 0, 15, 0, 15, 0, 0, 0, 0, 0, 9, 0, 0, 0, 0, 0, 0, 0, 0, 0, 6, 0, 15, 15, 15, 0, 0, 0, 0, 15, 0, 0, 15, 0, 0, 0, 0, 0, 0, 0, 15, 0, 0, 0, 0, 0, : 15, 15, 17, 15, 15, 12, 15, 2, 15, 11, 15, 14, 21, 15, 15, 9, 6, 15, 15, 15, 15, 15, 15, 
102: 0, 0, 0, 0, 15, 15, 0, 0, 0, 0, 0, 17, 0, 0, 0, 0, 0, 0, 15, 26, 9, 0, 0, 0, 0, 0, 0, 0, 0, 0, 15, 15, 0, 0, 0, 0, 0, 0, 0, 0, 0, 0, 0, 0, 21, 0, 0, 0, 18, 0, 15, 0, 0, 15, 15, 26, 0, 15, 0, 15, 0, 27, 17, 32, 0, 0, 0, 15, 15, 15, 0, 0, 0, 0, 0, 0, 0, 0, 0, 0, 0, 0, 15, 25, 0, 0, 0, 0, 5, 15, 15, 2, 0, 0, 24, 15, 0, 0, 0, 0, : 15, 15, 17, 15, 26, 9, 15, 15, 21, 18, 15, 15, 15, 26, 15, 15, 27, 17, 32, 15, 15, 15, 15, 25, 5, 15, 15, 2, 24, 15, 
18: 16, 0, 15, 11, 0, 0, 15, 15, 15, 0, 0, 0, 0, 15, 0, 15, 15, 0, 0, 0, 0, 0, 15, 0, 0, 18, 16, 0, 0, 15, 15, 15, 0, 0, 0, 18, 15, 19, 0, 0, 15, 0, 0, 17, 16, 0, 21, 15, 0, 0, 0, 23, 15, 0, 0, 0, 0, 15, 0, 0, 0, 0, 3, 0, 0, 0, 15, 0, 0, 0, 0, 0, 0, 17, 0, 13, 0, 0, 0, 0, 19, 0, 0, 0, 0, 0, 0, 0, 0, 20, 0, 0, 15, 0, 0, 0, 0, 15, 0, 0, : 16, 15, 11, 15, 15, 15, 15, 15, 15, 15, 18, 16, 15, 15, 15, 18, 15, 19, 15, 17, 16, 21, 15, 23, 15, 15, 3, 15, 17, 13, 19, 20, 15, 15, 
90: 0, 15, 15, 0, 0, 0, 0, 0, 0, 0, 15, 0, 0, 0, 1, 15, 0, 0, 35, 0, 0, 16, 16, 15, 8, 0, 0, 0, 0, 15, 0, 15, 0, 16, 0, 15, 0, 0, 15, 0, 0, 0, 0, 15, 15, 0, 0, 0, 0, 15, 0, 0, 0, 0, 0, 0, 0, 0, 15, 0, 0, 15, 0, 0, 0, 0, 0, 0, 0, 15, 0, 0, 0, 15, 18, 0, 0, 0, 0, 0, 0, 0, 0, 0, 15, 0, 15, 15, 15, 0, 0, 17, 25, 0, 0, 28, 15, 0, 15, 0, : 15, 15, 15, 1, 15, 35, 16, 16, 15, 8, 15, 15, 16, 15, 15, 15, 15, 15, 15, 15, 15, 15, 18, 15, 15, 15, 15, 17, 25, 28, 15, 15, 


106: 22, 15, 15, 0, 0, 0, 0, 15, 17, 0, 0, 5, 0, 0, 0, 0, 0, 0, 0, 0, 19, 22, 0, 0, 15, 0, 0, 0, 0, 0, 20, 15, 15, 0, 0, 15, 15, 0, 6, 23, 18, 22, 0, 15, 0, 15, 0, 0, 0, 17, 15, 18, 0, 0, 19, 0, 0, 12, 0, 19, 0, 0, 0, 15, 0, 0, 0, 15, 15, 0, 15, 0, 10, 0, 15, 0, 0, 0, 15, 15, 0, 15, 0, 0, 0, 15, 15, 15, 0, 0, 0, 0, 0, 0, 0, 15, 0, 0, 27, 0, : 22, 15, 15, 15, 17, 5, 19, 22, 15, 20, 15, 15, 15, 15, 6, 23, 18, 22, 15, 15, 17, 15, 18, 19, 12, 19, 15, 15, 15, 15, 10, 15, 15, 15, 15, 15, 15, 15, 15, 27, 
82: 15, 8, 0, 0, 0, 0, 0, 0, 15, 0, 0, 0, 10, 0, 15, 0, 0, 15, 5, 0, 0, 0, 0, 15, 4, 19, 15, 15, 18, 0, 0, 0, 0, 15, 0, 0, 0, 0, 0, 0, 16, 0, 0, 0, 0, 0, 0, 16, 15, 0, 0, 0, 0, 15, 15, 13, 0, 0, 0, 0, 15, 1, 15, 0, 0, 0, 20, 15, 13, 3, 0, 15, 0, 0, 0, 15, 15, 0, 0, 0, 0, 0, 0, 0, 25, 0, 0, 15, 0, 0, 0, 0, 0, 15, 0, 0, 0, 15, 0, 15, : 15, 8, 15, 10, 15, 15, 5, 15, 4, 19, 15, 15, 18, 15, 16, 16, 15, 15, 15, 13, 15, 1, 15, 20, 15, 13, 3, 15, 15, 15, 25, 15, 15, 15, 15, 
1: 0, 0, 0, 8, 0, 18, 15, 0, 0, 0, 26, 15, 0, 0, 0, 0, 15, 0, 0, 15, 0, 0, 0, 0, 0, 0, 0, 0, 0, 15, 15, 0, 0, 0, 0, 0, 0, 0, 15, 0, 0, 0, 0, 18, 15, 0, 0, 0, 0, 16, 0, 16, 15, 16, 0, 15, 0, 0, 15, 15, 0, 0, 0, 0, 15, 19, 0, 0, 17, 15, 0, 0, 18, 15, 0, 0, 0, 0, 0, 16, 0, 0, 0, 0, 0, 16, 0, 15, 0, 17, 0, 0, 0, 0, 0, 0, 19, 1, 0, 0, : 8, 18, 15, 26, 15, 15, 15, 15, 15, 15, 18, 15, 16, 16, 15, 16, 15, 15, 15, 15, 19, 17, 15, 18, 15, 16, 16, 15, 17, 19, 1, 
28: 0, 0, 0, 15, 0, 0, 15, 0, 0, 0, 10, 0, 0, 0, 15, 0, 0, 0, 15, 15, 0, 0, 15, 0, 0, 0, 0, 15, 15, 15, 0, 0, 0, 0, 0, 0, 0, 0, 0, 15, 8, 0, 0, 0, 0, 15, 15, 0, 0, 0, 0, 0, 15, 0, 0, 0, 0, 15, 0, 15, 0, 0, 0, 0, 15, 0, 15, 16, 0, 0, 0, 4, 15, 0, 0, 0, 0, 0, 16, 0, 0, 0, 0, 0, 0, 0, 15, 0, 0, 0, 15, 0, 0, 15, 0, 0, 0, 20, 17, 0, : 15, 15, 10, 15, 15, 15, 15, 15, 15, 15, 15, 8, 15, 15, 15, 15, 15, 15, 15, 16, 4, 15, 16, 15, 15, 15, 20, 17, 
186: 0, 0, 0, 16, 0, 0, 15, 22, 0, 7, 0, 15, 0, 10, 0, 0, 0, 0, 15, 0, 16, 0, 15, 0, 15, 0, 0, 15, 0, 0, 15, 0, 0, 0, 0, 1, 0, 0, 0, 0, 0, 0, 19, 0, 0, 0, 15, 15, 18, 0, 15, 0, 0, 0, 0, 0, 12, 0, 20, 0, 0, 0, 15, 0, 0, 0, 1, 0, 0, 20, 0, 0, 0, 0, 0, 0, 22, 0, 0, 0, 0, 0, 15, 0, 0, 19, 15, 0, 0, 0, 0, 0, 15, 0, 0, 15, 15, 17, 0, 0, : 16, 15, 22, 7, 15, 10, 15, 16, 15, 15, 15, 15, 1, 19, 15, 15, 18, 15, 12, 20, 15, 1, 20, 22, 15, 19, 15, 15, 15, 15, 17, 
95: 0, 0, 0, 0, 0, 0, 0, 0, 0, 0, 15, 0, 16, 0, 0, 8, 0, 0, 0, 0, 0, 0, 0, 0, 0, 15, 20, 0, 0, 0, 0, 0, 0, 0, 16, 0, 0, 15, 0, 15, 0, 0, 0, 0, 0, 0, 0, 0, 16, 0, 5, 0, 15, 0, 18, 15, 16, 0, 15, 16, 0, 0, 0, 26, 7, 15, 0, 0, 25, 0, 15, 15, 0, 0, 15, 0, 0, 0, 15, 1, 0, 0, 0, 23, 0, 0, 0, 0, 29, 0, 0, 15, 0, 0, 0, 0, 0, 0, 0, 0, : 15, 16, 8, 15, 20, 16, 15, 15, 16, 5, 15, 18, 15, 16, 15, 16, 26, 7, 15, 25, 15, 15, 15, 15, 1, 23, 29, 15, 
145: 0, 0, 15, 0, 15, 15, 0, 15, 0, 15, 0, 20, 0, 15, 15, 0, 0, 15, 0, 0, 16, 0, 15, 0, 0, 0, 17, 0, 0, 0, 0, 15, 0, 26, 0, 19, 15, 0, 0, 0, 0, 15, 15, 0, 0, 0, 0, 0, 0, 0, 0, 21, 0, 15, 0, 0, 15, 0, 0, 0, 0, 15, 0, 13, 0, 0, 0, 0, 0, 0, 0, 15, 27, 15, 0, 16, 0, 0, 16, 0, 0, 15, 0, 0, 0, 0, 0, 0, 16, 0, 0, 0, 0, 0, 23, 23, 0, 0, 0, 0, : 15, 15, 15, 15, 15, 20, 15, 15, 15, 16, 15, 17, 15, 26, 19, 15, 15, 15, 21, 15, 15, 15, 13, 15, 27, 15, 16, 16, 15, 16, 23, 23, 
140: 0, 15, 0, 0, 0, 16, 10, 0, 16, 0, 18, 0, 0, 15, 15, 15, 11, 0, 0, 0, 0, 15, 0, 0, 0, 0, 0, 15, 0, 16, 0, 0, 12, 0, 20, 0, 0, 15, 0, 0, 0, 18, 16, 17, 0, 0, 0, 0, 0, 0, 0, 0, 0, 0, 0, 0, 21, 0, 0, 0, 0, 19, 0, 0, 17, 0, 0, 9, 0, 16, 0, 0, 0, 0, 0, 0, 15, 0, 0, 15, 27, 0, 18, 15, 0, 15, 0, 0, 0, 0, 16, 0, 15, 16, 0, 0, 0, 15, 0, 0, : 15, 16, 10, 16, 18, 15, 15, 15, 11, 15, 15, 16, 12, 20, 15, 18, 16, 17, 21, 19, 17, 9, 16, 15, 15, 27, 18, 15, 15, 16, 15, 16, 15, 
11: 19, 0, 0, 0, 15, 0, 0, 0, 15, 0, 0, 0, 0, 0, 15, 0, 15, 15, 0, 15, 0, 0, 0, 0, 15, 0, 0, 0, 29, 0, 5, 0, 15, 0, 14, 0, 15, 0, 0, 0, 0, 0, 0, 15, 15, 0, 0, 23, 32, 0, 15, 15, 15, 0, 15, 0, 0, 21, 0, 0, 0, 15, 20, 0, 0, 16, 0, 0, 0, 0, 15, 21, 0, 0, 0, 0, 0, 15, 0, 0, 0, 15, 0, 15, 0, 0, 15, 15, 15, 0, 3, 0, 0, 0, 0, 0, 0, 0, 15, 15, : 19, 15, 15, 15, 15, 15, 15, 15, 29, 5, 15, 14, 15, 15, 15, 23, 32, 15, 15, 15, 15, 21, 15, 20, 16, 15, 21, 15, 15, 15, 15, 15, 15, 3, 15, 15, 
67: 0, 0, 0, 0, 0, 15, 0, 0, 0, 15, 0, 0, 17, 0, 0, 16, 15, 15, 0, 15, 0, 0, 0, 0, 0, 0, 0, 0, 0, 15, 0, 16, 26, 0, 0, 0, 0, 15, 27, 18, 0, 0, 15, 0, 0, 25, 16, 0, 0, 3, 0, 0, 0, 0, 15, 0, 0, 0, 0, 0, 10, 15, 0, 16, 0, 5, 0, 0, 0, 0, 15, 15, 0, 15, 0, 8, 15, 23, 15, 0, 0, 0, 15, 0, 15, 0, 15, 0, 25, 15, 0, 4, 2, 4, 15, 0, 16, 0, 0, 15, : 15, 15, 17, 16, 15, 15, 15, 15, 16, 26, 15, 27, 18, 15, 25, 16, 3, 15, 10, 15, 16, 5, 15, 15, 15, 8, 15, 23, 15, 15, 15, 15, 25, 15, 4, 2, 4, 15, 16, 15, 
27: 0, 16, 24, 0, 16, 0, 0, 0, 22, 15, 0, 0, 0, 15, 10, 0, 0, 9, 0, 0, 0, 15, 0, 19, 16, 0, 15, 15, 0, 0, 0, 0, 0, 0, 16, 18, 19, 5, 0, 0, 15, 19, 0, 0, 0, 0, 15, 0, 0, 15, 0, 0, 0, 0, 0, 0, 0, 0, 0, 0, 15, 0, 0, 0, 0, 15, 0, 0, 0, 0, 0, 0, 0, 0, 15, 0, 0, 14, 15, 22, 15, 0, 15, 0, 0, 0, 0, 0, 0, 15, 15, 19, 0, 0, 17, 16, 0, 0, 0, 0, : 16, 24, 16, 22, 15, 15, 10, 9, 15, 19, 16, 15, 15, 16, 18, 19, 5, 15, 19, 15, 15, 15, 15, 15, 14, 15, 22, 15, 15, 15, 15, 19, 17, 16, 
110: 0, 0, 17, 15, 0, 0, 0, 0, 15, 0, 0, 15, 0, 0, 0, 0, 0, 0, 15, 0, 18, 0, 0, 0, 0, 0, 0, 0, 8, 0, 15, 0, 0, 0, 0, 15, 0, 0, 18, 0, 0, 11, 0, 15, 18, 0, 0, 0, 0, 0, 0, 0, 15, 0, 0, 0, 0, 0, 0, 0, 15, 15, 0, 0, 0, 15, 15, 0, 0, 0, 0, 15, 0, 15, 0, 15, 0, 15, 8, 0, 0, 0, 5, 0, 0, 15, 0, 0, 15, 0, 0, 0, 20, 20, 0, 0, 15, 0, 0, 0, : 17, 15, 15, 15, 15, 18, 8, 15, 15, 18, 11, 15, 18, 15, 15, 15, 15, 15, 15, 15, 15, 15, 8, 5, 15, 15, 20, 20, 15, 
196: 0, 0, 0, 0, 0, 0, 0, 0, 0, 0, 0, 0, 0, 0, 0, 15, 25, 16, 0, 0, 0, 0, 16, 15, 20, 0, 0, 15, 0, 17, 0, 0, 0, 34, 0, 0, 15, 0, 0, 29, 15, 0, 0, 0, 0, 0, 0, 0, 0, 0, 17, 0, 0, 15, 0, 0, 0, 0, 0, 0, 30, 0, 0, 15, 15, 0, 15, 0, 15, 0, 0, 0, 15, 15, 0, 0, 0, 0, 0, 0, 0, 0, 0, 0, 0, 0, 0, 0, 0, 0, 0, 0, 0, 15, 0, 26, 4, 0, 1, 15, : 15, 25, 16, 16, 15, 20, 15, 17, 34, 15, 29, 15, 17, 15, 30, 15, 15, 15, 15, 15, 15, 15, 26, 4, 1, 15, 
120: 0, 0, 0, 0, 15, 5, 0, 16, 0, 0, 0, 0, 15, 15, 0, 0, 0, 0, 0, 10, 0, 0, 16, 0, 15, 15, 0, 0, 0, 6, 0, 0, 15, 0, 0, 15, 0, 0, 0, 0, 0, 0, 0, 3, 23, 0, 15, 0, 4, 0, 0, 15, 0, 0, 0, 17, 0, 15, 0, 0, 0, 0, 5, 0, 0, 0, 0, 0, 0, 15, 15, 0, 0, 0, 0, 15, 15, 0, 0, 15, 0, 9, 0, 0, 15, 5, 0, 15, 0, 5, 0, 0, 15, 0, 15, 0, 0, 15, 0, 0, : 15, 5, 16, 15, 15, 10, 16, 15, 15, 6, 15, 15, 3, 23, 15, 4, 15, 17, 15, 5, 15, 15, 15, 15, 15, 9, 15, 5, 15, 5, 15, 15, 15, 
109: 13, 0, 16, 0, 16, 0, 15, 0, 0, 15, 15, 0, 0, 0, 0, 0, 0, 0, 0, 0, 18, 15, 0, 1, 0, 15, 15, 0, 15, 0, 15, 15, 0, 15, 0, 0, 16, 15, 0, 0, 0, 0, 0, 0, 0, 15, 4, 15, 0, 16, 15, 0, 0, 15, 0, 0, 0, 0, 18, 0, 0, 0, 15, 0, 16, 15, 0, 0, 0, 0, 10, 0, 0, 15, 0, 0, 3, 0, 0, 0, 0, 16, 0, 15, 0, 0, 0, 0, 0, 15, 15, 15, 0, 0, 15, 0, 16, 17, 15, 0, : 13, 16, 16, 15, 15, 15, 18, 15, 1, 15, 15, 15, 15, 15, 15, 16, 15, 15, 4, 15, 16, 15, 15, 18, 15, 16, 15, 10, 15, 3, 16, 15, 15, 15, 15, 15, 16, 17, 15, 
29: 15, 15, 13, 15, 18, 0, 0, 16, 0, 0, 0, 0, 0, 15, 15, 15, 0, 0, 0, 0, 13, 18, 0, 0, 0, 1, 0, 0, 0, 0, 0, 0, 0, 0, 19, 0, 0, 17, 16, 0, 0, 0, 0, 0, 0, 0, 0, 0, 0, 18, 0, 15, 0, 0, 3, 0, 0, 22, 0, 0, 0, 0, 15, 15, 0, 0, 0, 15, 0, 0, 0, 0, 0, 0, 0, 16, 0, 17, 0, 16, 0, 15, 0, 0, 15, 0, 0, 0, 0, 15, 0, 15, 16, 0, 0, 0, 0, 0, 0, 22, : 15, 15, 13, 15, 18, 16, 15, 15, 15, 13, 18, 1, 19, 17, 16, 18, 15, 3, 22, 15, 15, 15, 16, 17, 16, 15, 15, 15, 15, 16, 22, 
47: 0, 0, 0, 16, 0, 16, 30, 1, 0, 15, 0, 0, 0, 0, 0, 15, 0, 0, 34, 0, 0, 15, 0, 20, 0, 0, 3, 10, 0, 0, 15, 0, 0, 10, 0, 0, 0, 18, 18, 0, 0, 0, 19, 0, 0, 0, 0, 31, 0, 0, 0, 0, 0, 7, 0, 18, 0, 0, 0, 16, 0, 0, 0, 0, 0, 0, 0, 15, 0, 15, 0, 0, 0, 10, 25, 15, 0, 16, 0, 0, 0, 15, 0, 0, 15, 0, 10, 16, 0, 0, 0, 0, 0, 0, 0, 0, 0, 0, 25, 2, : 16, 16, 30, 1, 15, 15, 34, 15, 20, 3, 10, 15, 10, 18, 18, 19, 31, 7, 18, 16, 15, 15, 10, 25, 15, 16, 15, 15, 10, 16, 25, 2, 
160: 16, 0, 0, 15, 5, 15, 0, 0, 0, 0, 0, 15, 27, 0, 0, 0, 19, 0, 0, 0, 0, 0, 23, 15, 0, 20, 0, 0, 0, 0, 0, 0, 0, 0, 15, 17, 0, 0, 0, 0, 28, 15, 16, 0, 15, 15, 0, 0, 15, 0, 0, 0, 10, 0, 0, 0, 21, 15, 17, 0, 0, 0, 0, 0, 0, 0, 18, 0, 0, 0, 0, 0, 0, 0, 0, 0, 0, 0, 0, 0, 28, 0, 15, 0, 0, 15, 0, 9, 0, 0, 15, 0, 0, 0, 0, 5, 15, 0, 0, 16, : 16, 15, 5, 15, 15, 27, 19, 23, 15, 20, 15, 17, 28, 15, 16, 15, 15, 15, 10, 21, 15, 17, 18, 28, 15, 15, 9, 15, 5, 15, 16, 
17: 0, 16, 0, 0, 0, 0, 0, 15, 0, 0, 0, 0, 15, 15, 0, 0, 0, 15, 0, 15, 0, 0, 0, 0, 0, 15, 0, 0, 0, 16, 0, 31, 0, 0, 0, 0, 0, 0, 0, 0, 0, 0, 0, 0, 14, 0, 0, 0, 0, 15, 0, 0, 15, 17, 15, 0, 15, 0, 0, 0, 15, 0, 0, 0, 0, 0, 0, 15, 15, 16, 15, 0, 0, 0, 15, 0, 0, 0, 0, 0, 15, 0, 0, 17, 0, 0, 15, 0, 0, 0, 21, 15, 17, 0, 15, 0, 0, 0, 0, 0, : 16, 15, 15, 15, 15, 15, 15, 16, 31, 14, 15, 15, 17, 15, 15, 15, 15, 15, 16, 15, 15, 15, 17, 15, 21, 15, 17, 15, 
53: 0, 15, 0, 0, 0, 0, 0, 0, 0, 18, 16, 15, 0, 0, 0, 16, 0, 0, 16, 15, 0, 0, 0, 15, 0, 0, 15, 0, 15, 0, 0, 8, 17, 0, 0, 0, 5, 0, 0, 0, 0, 0, 0, 17, 0, 15, 20, 0, 0, 0, 18, 0, 0, 0, 0, 22, 0, 0, 15, 19, 0, 20, 15, 0, 15, 0, 16, 0, 0, 0, 0, 0, 15, 0, 15, 0, 15, 0, 0, 0, 15, 0, 17, 15, 15, 0, 0, 0, 0, 18, 0, 17, 0, 15, 0, 0, 0, 0, 0, 0, : 15, 18, 16, 15, 16, 16, 15, 15, 15, 15, 8, 17, 5, 17, 15, 20, 18, 22, 15, 19, 20, 15, 15, 16, 15, 15, 15, 15, 17, 15, 15, 18, 17, 15, 


142: 0, 0, 0, 0, 15, 15, 0, 10, 0, 0, 0, 0, 15, 0, 15, 21, 16, 15, 15, 0, 4, 0, 0, 15, 0, 0, 0, 0, 15, 0, 15, 0, 0, 0, 0, 21, 17, 0, 0, 0, 0, 0, 0, 0, 15, 15, 0, 27, 15, 0, 15, 24, 0, 0, 0, 0, 15, 0, 0, 2, 27, 0, 19, 17, 0, 0, 4, 0, 0, 0, 15, 0, 0, 16, 0, 0, 0, 0, 6, 0, 0, 0, 0, 0, 0, 22, 0, 0, 0, 0, 15, 0, 0, 0, 15, 0, 0, 15, 0, 27, : 15, 15, 10, 15, 15, 21, 16, 15, 15, 4, 15, 15, 15, 21, 17, 15, 15, 27, 15, 15, 24, 15, 2, 27, 19, 17, 4, 15, 16, 6, 22, 15, 15, 15, 27, 
4: 0, 0, 0, 0, 0, 0, 0, 0, 0, 0, 0, 15, 0, 15, 15, 17, 0, 0, 0, 0, 0, 0, 17, 0, 0, 15, 0, 15, 15, 0, 0, 15, 15, 0, 0, 0, 0, 0, 0, 18, 0, 0, 0, 0, 15, 0, 0, 20, 2, 0, 0, 0, 0, 25, 0, 16, 26, 0, 0, 0, 0, 0, 0, 0, 0, 15, 0, 0, 0, 0, 0, 0, 0, 0, 0, 0, 20, 10, 0, 15, 15, 16, 16, 0, 15, 0, 0, 0, 15, 0, 15, 15, 0, 0, 0, 0, 0, 15, 0, 16, : 15, 15, 15, 17, 17, 15, 15, 15, 15, 15, 18, 15, 20, 2, 25, 16, 26, 15, 20, 10, 15, 15, 16, 16, 15, 15, 15, 15, 15, 16, 
33: 15, 15, 0, 0, 15, 0, 15, 0, 0, 0, 15, 15, 18, 0, 0, 15, 0, 15, 0, 0, 0, 0, 0, 0, 0, 15, 0, 0, 16, 15, 15, 0, 0, 16, 0, 23, 0, 17, 15, 15, 0, 0, 0, 0, 5, 8, 15, 0, 15, 0, 16, 0, 0, 15, 17, 27, 0, 15, 0, 0, 0, 0, 0, 0, 17, 0, 0, 0, 3, 15, 0, 0, 0, 0, 0, 0, 0, 15, 0, 0, 0, 0, 15, 0, 0, 15, 0, 0, 0, 0, 0, 8, 0, 0, 0, 9, 15, 0, 0, 16, : 15, 15, 15, 15, 15, 15, 18, 15, 15, 15, 16, 15, 15, 16, 23, 17, 15, 15, 5, 8, 15, 15, 16, 15, 17, 27, 15, 17, 3, 15, 15, 15, 15, 8, 9, 15, 16, 
97: 0, 0, 8, 0, 3, 0, 0, 0, 15, 15, 0, 0, 0, 0, 0, 0, 15, 15, 17, 9, 0, 0, 0, 21, 6, 17, 5, 0, 0, 0, 0, 0, 0, 0, 0, 0, 0, 16, 15, 21, 0, 0, 15, 0, 15, 0, 15, 0, 15, 0, 0, 16, 0, 0, 0, 15, 15, 0, 0, 0, 23, 0, 16, 0, 0, 0, 0, 20, 15, 33, 15, 11, 0, 15, 0, 0, 0, 0, 15, 0, 0, 16, 0, 0, 0, 15, 15, 0, 0, 15, 0, 0, 0, 0, 15, 0, 0, 0, 0, 0, : 8, 3, 15, 15, 15, 15, 17, 9, 21, 6, 17, 5, 16, 15, 21, 15, 15, 15, 15, 16, 15, 15, 23, 16, 20, 15, 33, 15, 11, 15, 15, 16, 15, 15, 15, 15, 
192: 0, 0, 16, 0, 0, 23, 15, 0, 19, 0, 15, 0, 0, 20, 0, 0, 0, 0, 0, 0, 0, 0, 0, 16, 16, 0, 0, 15, 0, 0, 0, 0, 15, 22, 0, 0, 0, 0, 0, 0, 15, 0, 15, 0, 0, 0, 0, 19, 0, 0, 15, 15, 0, 13, 0, 0, 0, 15, 13, 16, 5, 0, 0, 0, 0, 0, 15, 0, 15, 0, 16, 0, 16, 0, 15, 0, 15, 0, 0, 0, 0, 15, 15, 16, 16, 0, 0, 15, 0, 0, 15, 0, 16, 18, 0, 16, 0, 19, 15, 0, : 16, 23, 15, 19, 15, 20, 16, 16, 15, 15, 22, 15, 15, 19, 15, 15, 13, 15, 13, 16, 5, 15, 15, 16, 16, 15, 15, 15, 15, 16, 16, 15, 15, 16, 18, 16, 19, 15, 
116: 15, 25, 20, 0, 0, 22, 0, 0, 0, 15, 0, 0, 0, 15, 0, 0, 0, 0, 5, 0, 15, 0, 0, 0, 29, 0, 15, 0, 15, 15, 0, 0, 0, 0, 16, 0, 0, 0, 0, 0, 0, 15, 10, 0, 0, 0, 0, 4, 16, 0, 0, 0, 0, 0, 0, 0, 23, 0, 0, 0, 0, 0, 15, 15, 0, 0, 0, 0, 17, 23, 0, 0, 15, 15, 15, 0, 15, 15, 15, 0, 15, 15, 0, 15, 15, 0, 0, 0, 16, 0, 0, 15, 0, 17, 0, 0, 0, 15, 0, 0, : 15, 25, 20, 22, 15, 15, 5, 15, 29, 15, 15, 15, 16, 15, 10, 4, 16, 23, 15, 15, 17, 23, 15, 15, 15, 15, 15, 15, 15, 15, 15, 15, 16, 15, 17, 15, 
147: 0, 0, 0, 0, 15, 0, 0, 0, 15, 15, 0, 16, 6, 0, 5, 0, 15, 0, 0, 0, 0, 15, 16, 15, 0, 0, 0, 0, 0, 0, 0, 16, 15, 0, 20, 15, 15, 15, 17, 12, 0, 16, 0, 26, 0, 15, 15, 0, 0, 15, 0, 0, 0, 0, 0, 0, 0, 0, 0, 18, 15, 17, 0, 0, 0, 0, 0, 19, 0, 0, 0, 20, 0, 0, 0, 0, 0, 15, 24, 0, 15, 15, 0, 0, 18, 0, 0, 0, 0, 15, 0, 0, 17, 0, 15, 0, 15, 15, 0, 11, : 15, 15, 15, 16, 6, 5, 15, 15, 16, 15, 16, 15, 20, 15, 15, 15, 17, 12, 16, 26, 15, 15, 15, 18, 15, 17, 19, 20, 15, 24, 15, 15, 18, 15, 17, 15, 15, 15, 11, 
162: 0, 0, 0, 15, 0, 0, 19, 23, 0, 0, 0, 0, 0, 0, 0, 15, 15, 0, 0, 0, 0, 0, 0, 0, 17, 0, 18, 0, 0, 0, 0, 0, 9, 0, 0, 0, 0, 0, 5, 0, 0, 15, 0, 0, 0, 0, 0, 0, 0, 0, 0, 17, 15, 0, 15, 15, 6, 0, 15, 0, 0, 0, 0, 0, 0, 0, 0, 24, 0, 14, 0, 0, 22, 8, 0, 15, 0, 15, 0, 0, 0, 0, 0, 30, 0, 0, 4, 16, 15, 15, 0, 0, 20, 0, 0, 15, 0, 0, 0, 0, : 15, 19, 23, 15, 15, 17, 18, 9, 5, 15, 17, 15, 15, 15, 6, 15, 24, 14, 22, 8, 15, 15, 30, 4, 16, 15, 15, 20, 15, 
98: 0, 0, 0, 0, 0, 0, 15, 0, 0, 0, 0, 15, 0, 0, 0, 0, 0, 8, 0, 15, 0, 0, 0, 0, 17, 15, 0, 15, 0, 15, 0, 0, 0, 0, 0, 0, 26, 16, 15, 19, 16, 15, 0, 0, 15, 0, 0, 0, 0, 0, 0, 0, 0, 15, 0, 0, 0, 0, 0, 0, 15, 0, 0, 0, 16, 0, 0, 0, 0, 0, 0, 17, 0, 0, 23, 17, 5, 0, 0, 15, 0, 0, 0, 0, 0, 0, 0, 0, 0, 6, 3, 15, 15, 0, 15, 0, 0, 0, 6, 0, : 15, 15, 8, 15, 17, 15, 15, 15, 26, 16, 15, 19, 16, 15, 15, 15, 15, 16, 17, 23, 17, 5, 15, 6, 3, 15, 15, 15, 6, 
118: 0, 15, 0, 15, 18, 24, 0, 0, 0, 0, 24, 0, 15, 0, 0, 0, 32, 16, 0, 0, 15, 30, 0, 0, 0, 15, 17, 15, 0, 0, 0, 15, 0, 0, 0, 15, 0, 0, 0, 0, 0, 0, 15, 15, 0, 0, 0, 0, 0, 0, 0, 15, 0, 0, 15, 0, 15, 0, 0, 0, 0, 0, 0, 0, 0, 15, 17, 0, 15, 0, 7, 18, 16, 16, 0, 3, 15, 0, 0, 0, 0, 0, 18, 0, 0, 0, 0, 15, 0, 19, 19, 17, 0, 3, 0, 15, 15, 0, 0, 0, : 15, 15, 18, 24, 24, 15, 32, 16, 15, 30, 15, 17, 15, 15, 15, 15, 15, 15, 15, 15, 15, 17, 15, 7, 18, 16, 16, 3, 15, 18, 15, 19, 19, 17, 3, 15, 15, 
115: 15, 4, 19, 0, 0, 0, 18, 0, 4, 22, 0, 0, 0, 0, 0, 0, 0, 0, 0, 18, 0, 0, 15, 17, 15, 0, 0, 0, 3, 0, 16, 0, 0, 15, 21, 15, 0, 15, 0, 0, 15, 0, 0, 0, 0, 0, 0, 0, 0, 9, 0, 0, 15, 0, 0, 0, 0, 0, 26, 15, 0, 15, 0, 0, 16, 15, 0, 0, 0, 0, 0, 0, 0, 0, 0, 17, 0, 0, 0, 0, 15, 15, 0, 0, 0, 15, 0, 0, 21, 15, 0, 0, 0, 0, 10, 15, 15, 0, 0, 15, : 15, 4, 19, 18, 4, 22, 18, 15, 17, 15, 3, 16, 15, 21, 15, 15, 15, 9, 15, 26, 15, 15, 16, 15, 17, 15, 15, 15, 21, 15, 10, 15, 15, 15, 
188: 0, 0, 0, 0, 0, 1, 0, 17, 0, 0, 0, 0, 0, 15, 0, 17, 0, 0, 18, 0, 17, 15, 15, 0, 0, 0, 0, 0, 0, 16, 0, 15, 16, 0, 0, 0, 15, 0, 0, 0, 0, 0, 0, 0, 0, 16, 0, 0, 0, 19, 0, 0, 0, 17, 0, 0, 0, 0, 16, 0, 0, 0, 15, 0, 0, 0, 15, 0, 16, 0, 0, 0, 0, 0, 0, 0, 0, 15, 0, 16, 0, 0, 0, 0, 0, 15, 21, 17, 0, 0, 0, 0, 0, 15, 0, 0, 0, 0, 16, 0, : 1, 17, 15, 17, 18, 17, 15, 15, 16, 15, 16, 15, 16, 19, 17, 16, 15, 15, 16, 15, 16, 15, 21, 17, 15, 16, 
76: 0, 0, 0, 0, 0, 0, 0, 0, 0, 0, 0, 0, 0, 0, 0, 0, 0, 0, 0, 0, 18, 0, 7, 0, 0, 7, 0, 0, 0, 31, 0, 0, 15, 0, 13, 0, 0, 0, 15, 0, 0, 9, 0, 0, 17, 0, 15, 15, 0, 20, 0, 0, 15, 0, 15, 0, 0, 0, 15, 15, 0, 0, 0, 0, 0, 15, 0, 20, 0, 15, 15, 0, 0, 15, 0, 0, 0, 0, 25, 15, 15, 8, 0, 17, 0, 0, 15, 21, 0, 0, 0, 15, 17, 24, 0, 0, 0, 0, 0, 15, : 18, 7, 7, 31, 15, 13, 15, 9, 17, 15, 15, 20, 15, 15, 15, 15, 15, 20, 15, 15, 15, 25, 15, 15, 8, 17, 15, 21, 15, 17, 24, 15, 
6: 15, 26, 0, 32, 0, 0, 0, 0, 0, 0, 0, 15, 0, 15, 15, 0, 0, 0, 0, 0, 0, 0, 0, 0, 0, 0, 0, 0, 0, 0, 0, 0, 0, 15, 15, 0, 0, 0, 18, 0, 0, 15, 28, 22, 0, 0, 15, 0, 15, 22, 0, 0, 8, 15, 5, 5, 0, 0, 0, 0, 0, 15, 27, 22, 0, 0, 15, 0, 0, 0, 0, 19, 0, 0, 16, 0, 0, 0, 15, 0, 0, 0, 0, 0, 23, 0, 15, 0, 0, 0, 0, 0, 0, 0, 0, 0, 9, 21, 33, 0, : 15, 26, 32, 15, 15, 15, 15, 15, 18, 15, 28, 22, 15, 15, 22, 8, 15, 5, 5, 15, 27, 22, 15, 19, 16, 15, 23, 15, 9, 21, 33, 
161: 0, 0, 0, 16, 18, 0, 0, 20, 15, 0, 0, 0, 0, 16, 20, 0, 0, 0, 15, 0, 15, 0, 0, 0, 0, 16, 15, 0, 0, 0, 33, 15, 0, 0, 15, 0, 0, 0, 0, 0, 0, 0, 0, 0, 0, 15, 10, 0, 22, 0, 0, 13, 0, 0, 0, 0, 0, 15, 0, 0, 15, 17, 0, 0, 15, 15, 0, 17, 19, 0, 15, 0, 0, 15, 0, 15, 15, 15, 0, 36, 0, 0, 0, 16, 0, 0, 15, 0, 0, 0, 18, 0, 0, 0, 15, 15, 15, 0, 0, 0, : 16, 18, 20, 15, 16, 20, 15, 15, 16, 15, 33, 15, 15, 15, 10, 22, 13, 15, 15, 17, 15, 15, 17, 19, 15, 15, 15, 15, 15, 36, 16, 15, 18, 15, 15, 15, 
58: 0, 0, 0, 0, 16, 0, 0, 15, 17, 0, 0, 0, 0, 0, 0, 0, 0, 0, 0, 28, 0, 0, 15, 0, 0, 0, 15, 0, 0, 0, 0, 0, 0, 0, 0, 11, 0, 0, 0, 0, 15, 0, 0, 16, 0, 15, 0, 0, 0, 15, 4, 0, 16, 0, 33, 0, 0, 0, 0, 0, 0, 0, 0, 15, 0, 0, 15, 0, 0, 0, 0, 0, 0, 0, 0, 15, 0, 0, 0, 0, 0, 0, 0, 6, 0, 3, 0, 0, 25, 0, 0, 0, 0, 0, 15, 15, 0, 0, 0, 0, : 16, 15, 17, 28, 15, 15, 11, 15, 16, 15, 15, 4, 16, 33, 15, 15, 15, 6, 3, 25, 15, 15, 
154: 0, 0, 0, 0, 0, 15, 0, 0, 0, 0, 15, 15, 15, 4, 15, 0, 0, 0, 0, 15, 0, 0, 0, 15, 0, 0, 0, 0, 17, 0, 0, 0, 15, 0, 0, 0, 0, 21, 0, 0, 15, 0, 17, 0, 0, 16, 0, 15, 0, 0, 15, 0, 16, 0, 0, 0, 0, 26, 0, 0, 0, 15, 8, 20, 0, 10, 0, 0, 0, 0, 17, 15, 15, 0, 0, 0, 0, 0, 0, 0, 10, 0, 0, 0, 0, 0, 0, 0, 0, 15, 0, 0, 15, 0, 0, 0, 0, 0, 0, 0, : 15, 15, 15, 15, 4, 15, 15, 15, 17, 15, 21, 15, 17, 16, 15, 15, 16, 26, 15, 8, 20, 10, 17, 15, 15, 10, 15, 15, 
40: 17, 0, 20, 7, 0, 0, 18, 15, 0, 18, 1, 0, 0, 0, 15, 0, 0, 15, 0, 0, 16, 0, 15, 0, 0, 0, 15, 15, 19, 0, 15, 9, 0, 17, 0, 0, 0, 0, 0, 0, 0, 15, 0, 0, 0, 0, 0, 0, 0, 0, 0, 0, 0, 0, 0, 0, 0, 0, 15, 19, 0, 0, 0, 0, 0, 0, 0, 0, 0, 0, 0, 0, 0, 0, 0, 18, 0, 0, 0, 0, 0, 0, 15, 0, 0, 0, 15, 16, 0, 0, 0, 15, 0, 23, 0, 0, 16, 0, 0, 0, : 17, 20, 7, 18, 15, 18, 1, 15, 15, 16, 15, 15, 15, 19, 15, 9, 17, 15, 15, 19, 18, 15, 15, 16, 15, 23, 16, 
179: 0, 0, 0, 0, 0, 0, 0, 0, 0, 0, 15, 9, 15, 0, 0, 0, 0, 16, 15, 0, 0, 17, 0, 1, 0, 0, 0, 15, 0, 0, 0, 0, 0, 0, 0, 0, 17, 0, 0, 15, 0, 0, 0, 21, 0, 0, 15, 0, 0, 0, 17, 0, 15, 0, 0, 22, 0, 0, 0, 0, 0, 6, 0, 11, 0, 15, 19, 0, 0, 0, 0, 0, 0, 0, 16, 0, 15, 0, 0, 3, 0, 0, 0, 0, 13, 15, 0, 0, 0, 0, 0, 0, 0, 0, 0, 0, 0, 0, 15, 0, : 15, 9, 15, 16, 15, 17, 1, 15, 17, 15, 21, 15, 17, 15, 22, 6, 11, 15, 19, 16, 15, 3, 13, 15, 15, 
159: 23, 15, 17, 15, 0, 0, 0, 0, 15, 15, 15, 0, 16, 0, 0, 15, 7, 0, 15, 15, 0, 23, 0, 0, 0, 0, 0, 10, 0, 8, 6, 15, 0, 15, 0, 0, 10, 0, 0, 0, 24, 0, 0, 0, 18, 0, 0, 0, 0, 0, 18, 0, 0, 0, 0, 0, 0, 29, 0, 15, 0, 15, 0, 0, 36, 0, 0, 0, 0, 0, 0, 0, 16, 0, 15, 0, 0, 0, 0, 0, 15, 0, 21, 0, 0, 0, 0, 0, 8, 0, 15, 0, 0, 0, 0, 0, 0, 0, 15, 0, : 23, 15, 17, 15, 15, 15, 15, 16, 15, 7, 15, 15, 23, 10, 8, 6, 15, 15, 10, 24, 18, 18, 29, 15, 15, 36, 16, 15, 15, 21, 8, 15, 15, 


54: 0, 15, 0, 0, 0, 15, 0, 15, 21, 0, 15, 0, 0, 9, 0, 16, 0, 0, 0, 0, 19, 0, 0, 0, 0, 0, 0, 0, 0, 23, 0, 0, 0, 0, 15, 15, 0, 0, 0, 0, 0, 2, 15, 16, 0, 0, 0, 0, 19, 0, 17, 0, 0, 0, 0, 16, 15, 0, 0, 0, 1, 0, 15, 0, 0, 16, 0, 0, 17, 0, 16, 0, 0, 15, 19, 18, 16, 0, 0, 0, 0, 0, 16, 0, 0, 0, 15, 0, 0, 18, 1, 16, 0, 0, 0, 0, 0, 17, 15, 0, : 15, 15, 15, 21, 15, 9, 16, 19, 23, 15, 15, 2, 15, 16, 19, 17, 16, 15, 1, 15, 16, 17, 16, 15, 19, 18, 16, 16, 15, 18, 1, 16, 17, 15, 
138: 0, 0, 15, 10, 0, 19, 19, 10, 0, 0, 0, 0, 0, 0, 15, 0, 0, 0, 0, 15, 16, 0, 0, 0, 15, 15, 29, 0, 0, 0, 8, 0, 0, 15, 21, 0, 0, 0, 0, 20, 0, 0, 0, 9, 0, 15, 15, 15, 0, 0, 0, 0, 0, 15, 17, 18, 16, 15, 0, 0, 0, 0, 0, 0, 0, 0, 0, 19, 15, 0, 0, 0, 15, 15, 15, 15, 15, 0, 16, 13, 0, 30, 0, 38, 0, 15, 4, 0, 0, 0, 15, 15, 0, 29, 0, 17, 0, 0, 0, 0, : 15, 10, 19, 19, 10, 15, 15, 16, 15, 15, 29, 8, 15, 21, 20, 9, 15, 15, 15, 15, 17, 18, 16, 15, 19, 15, 15, 15, 15, 15, 15, 16, 13, 30, 38, 15, 4, 15, 15, 29, 17, 
70: 15, 15, 0, 0, 0, 16, 0, 0, 15, 0, 19, 0, 17, 15, 15, 0, 0, 0, 9, 0, 0, 0, 0, 0, 0, 0, 15, 18, 0, 0, 0, 0, 0, 0, 0, 6, 0, 0, 29, 0, 0, 0, 0, 0, 0, 15, 0, 0, 0, 0, 8, 0, 16, 15, 0, 0, 0, 0, 0, 9, 0, 0, 15, 15, 15, 0, 17, 0, 0, 0, 0, 0, 0, 0, 0, 0, 0, 15, 0, 0, 0, 0, 16, 15, 21, 0, 0, 0, 0, 0, 0, 15, 0, 17, 0, 0, 0, 2, 15, 15, : 15, 15, 16, 15, 19, 17, 15, 15, 9, 15, 18, 6, 29, 15, 8, 16, 15, 9, 15, 15, 15, 17, 15, 16, 15, 21, 15, 17, 2, 15, 15, 
111: 15, 0, 0, 15, 0, 0, 15, 15, 15, 0, 0, 26, 0, 0, 15, 15, 0, 15, 0, 0, 0, 15, 0, 0, 0, 0, 0, 0, 0, 29, 0, 0, 15, 15, 0, 0, 15, 0, 15, 0, 0, 15, 0, 0, 0, 0, 0, 0, 0, 18, 0, 0, 0, 0, 0, 15, 0, 15, 0, 15, 15, 15, 16, 0, 15, 15, 0, 0, 0, 0, 0, 0, 0, 0, 0, 0, 9, 0, 15, 0, 15, 0, 0, 0, 27, 0, 21, 0, 0, 0, 0, 0, 0, 0, 0, 17, 0, 0, 0, 8, : 15, 15, 15, 15, 15, 26, 15, 15, 15, 15, 29, 15, 15, 15, 15, 15, 18, 15, 15, 15, 15, 15, 16, 15, 15, 9, 15, 15, 27, 21, 17, 8, 
153: 0, 16, 0, 15, 0, 0, 0, 15, 0, 16, 0, 0, 15, 15, 0, 16, 0, 0, 0, 0, 0, 0, 0, 0, 0, 16, 0, 0, 15, 0, 0, 0, 0, 0, 0, 15, 3, 0, 0, 15, 0, 0, 0, 0, 0, 0, 15, 0, 17, 0, 0, 15, 17, 0, 0, 0, 0, 0, 15, 0, 15, 0, 0, 15, 0, 15, 0, 15, 0, 22, 0, 0, 0, 0, 0, 0, 0, 19, 0, 0, 19, 21, 0, 0, 5, 15, 0, 0, 0, 0, 15, 6, 8, 0, 0, 0, 0, 0, 0, 0, : 16, 15, 15, 16, 15, 15, 16, 16, 15, 15, 3, 15, 15, 17, 15, 17, 15, 15, 15, 15, 15, 22, 19, 19, 21, 5, 15, 15, 6, 8, 
119: 15, 0, 15, 0, 0, 0, 0, 15, 0, 0, 18, 19, 0, 0, 0, 0, 0, 0, 0, 0, 15, 0, 0, 0, 0, 17, 0, 0, 15, 0, 0, 26, 0, 0, 0, 0, 0, 0, 0, 0, 0, 15, 9, 0, 15, 0, 15, 4, 0, 15, 0, 0, 0, 15, 0, 0, 15, 21, 0, 0, 20, 0, 0, 0, 0, 0, 15, 15, 0, 0, 0, 0, 16, 0, 0, 0, 0, 17, 13, 0, 15, 0, 0, 0, 0, 0, 0, 7, 0, 0, 21, 15, 0, 0, 0, 0, 0, 20, 0, 0, : 15, 15, 15, 18, 19, 15, 17, 15, 26, 15, 9, 15, 15, 4, 15, 15, 15, 21, 20, 15, 15, 16, 17, 13, 15, 7, 21, 15, 20, 
181: 0, 0, 15, 0, 5, 24, 20, 0, 0, 0, 15, 0, 5, 0, 0, 0, 0, 15, 0, 0, 0, 0, 6, 0, 0, 0, 0, 0, 0, 14, 15, 0, 0, 6, 0, 15, 0, 0, 15, 0, 0, 0, 0, 15, 0, 0, 0, 15, 0, 15, 0, 18, 0, 15, 0, 0, 15, 0, 9, 16, 0, 17, 0, 18, 15, 0, 0, 0, 0, 0, 23, 17, 0, 0, 0, 0, 15, 0, 25, 0, 0, 0, 0, 0, 0, 0, 0, 0, 0, 0, 18, 0, 0, 24, 0, 16, 15, 15, 0, 0, : 15, 5, 24, 20, 15, 5, 15, 6, 14, 15, 6, 15, 15, 15, 15, 15, 18, 15, 15, 9, 16, 17, 18, 15, 23, 17, 15, 25, 18, 24, 16, 15, 15, 
124: 0, 0, 5, 0, 0, 15, 0, 0, 0, 0, 18, 0, 15, 0, 16, 6, 15, 15, 0, 0, 0, 0, 0, 15, 0, 0, 15, 0, 0, 0, 0, 5, 0, 0, 0, 15, 20, 0, 0, 0, 11, 0, 16, 15, 0, 0, 15, 0, 0, 15, 0, 0, 0, 0, 15, 0, 0, 0, 15, 0, 0, 0, 0, 15, 0, 16, 0, 21, 0, 0, 15, 0, 0, 16, 15, 15, 0, 0, 0, 15, 0, 15, 0, 0, 0, 15, 0, 0, 0, 0, 0, 0, 0, 0, 18, 0, 0, 0, 0, 0, : 5, 15, 18, 15, 16, 6, 15, 15, 15, 15, 5, 15, 20, 11, 16, 15, 15, 15, 15, 15, 15, 16, 21, 15, 16, 15, 15, 15, 15, 15, 18, 
149: 0, 0, 0, 0, 15, 0, 0, 0, 0, 18, 0, 22, 0, 0, 0, 0, 0, 0, 0, 21, 0, 0, 0, 15, 15, 0, 0, 0, 0, 19, 0, 0, 0, 0, 0, 0, 0, 34, 0, 0, 0, 0, 15, 0, 15, 0, 15, 0, 18, 0, 0, 18, 22, 2, 23, 0, 0, 0, 15, 15, 0, 0, 0, 0, 0, 0, 2, 0, 0, 0, 0, 0, 0, 0, 0, 16, 0, 0, 0, 0, 0, 0, 0, 15, 15, 0, 0, 0, 0, 0, 0, 0, 15, 0, 0, 0, 0, 16, 8, 16, : 15, 18, 22, 21, 15, 15, 19, 34, 15, 15, 15, 18, 18, 22, 2, 23, 15, 15, 2, 16, 15, 15, 15, 16, 8, 16, 
133: 0, 17, 0, 0, 0, 0, 16, 0, 0, 0, 0, 0, 0, 0, 16, 0, 0, 0, 15, 16, 0, 0, 16, 0, 9, 0, 0, 15, 15, 0, 16, 0, 15, 0, 15, 0, 0, 0, 11, 0, 0, 15, 15, 0, 0, 25, 0, 0, 0, 15, 15, 0, 0, 0, 0, 0, 0, 0, 0, 0, 0, 0, 18, 0, 0, 0, 0, 0, 15, 0, 0, 0, 0, 15, 0, 0, 0, 15, 0, 0, 0, 0, 0, 0, 0, 15, 15, 27, 0, 0, 0, 0, 0, 0, 19, 0, 0, 0, 0, 0, : 17, 16, 16, 15, 16, 16, 9, 15, 15, 16, 15, 15, 11, 15, 15, 25, 15, 15, 18, 15, 15, 15, 15, 15, 27, 19, 
71: 0, 0, 20, 0, 15, 0, 0, 0, 0, 27, 0, 0, 0, 0, 0, 17, 0, 14, 16, 15, 16, 0, 16, 0, 0, 15, 24, 15, 0, 0, 0, 0, 18, 0, 0, 0, 0, 0, 15, 0, 15, 0, 0, 0, 0, 0, 0, 15, 15, 0, 0, 0, 27, 21, 0, 0, 0, 0, 0, 0, 0, 15, 15, 6, 0, 0, 0, 0, 0, 15, 0, 15, 17, 0, 15, 0, 0, 0, 0, 15, 0, 3, 15, 17, 0, 0, 15, 0, 21, 0, 0, 0, 15, 0, 0, 0, 25, 0, 0, 31, : 20, 15, 27, 17, 14, 16, 15, 16, 16, 15, 24, 15, 18, 15, 15, 15, 15, 27, 21, 15, 15, 6, 15, 15, 17, 15, 15, 3, 15, 17, 15, 21, 15, 25, 31, 
22: 0, 0, 0, 0, 0, 0, 15, 0, 0, 0, 0, 16, 0, 16, 0, 0, 15, 0, 15, 0, 0, 17, 0, 0, 0, 0, 0, 0, 0, 0, 0, 0, 15, 16, 17, 0, 17, 15, 0, 0, 0, 0, 15, 0, 0, 0, 0, 0, 1, 7, 0, 15, 18, 0, 15, 15, 0, 0, 16, 0, 15, 15, 0, 0, 0, 13, 17, 0, 0, 15, 8, 8, 0, 0, 6, 18, 0, 17, 0, 24, 15, 0, 15, 0, 0, 0, 0, 0, 0, 0, 0, 0, 15, 0, 0, 0, 0, 0, 0, 0, : 15, 16, 16, 15, 15, 17, 15, 16, 17, 17, 15, 15, 1, 7, 15, 18, 15, 15, 16, 15, 15, 13, 17, 15, 8, 8, 6, 18, 17, 24, 15, 15, 15, 
38: 15, 15, 0, 15, 0, 11, 15, 15, 0, 15, 0, 0, 0, 15, 15, 0, 0, 0, 15, 0, 15, 17, 15, 0, 0, 0, 17, 16, 0, 15, 0, 0, 0, 0, 1, 0, 0, 6, 0, 15, 0, 15, 0, 15, 15, 0, 0, 0, 0, 0, 0, 0, 0, 17, 0, 17, 16, 0, 0, 0, 0, 0, 0, 0, 15, 0, 15, 0, 15, 15, 0, 0, 0, 0, 0, 0, 15, 0, 0, 0, 0, 0, 15, 0, 0, 0, 0, 0, 18, 0, 0, 0, 16, 0, 0, 25, 0, 0, 0, 0, : 15, 15, 15, 11, 15, 15, 15, 15, 15, 15, 15, 17, 15, 17, 16, 15, 1, 6, 15, 15, 15, 15, 17, 17, 16, 15, 15, 15, 15, 15, 15, 18, 16, 25, 
197: 15, 7, 0, 0, 15, 0, 0, 0, 0, 0, 0, 15, 17, 15, 8, 0, 13, 0, 0, 0, 0, 0, 0, 10, 24, 0, 0, 0, 15, 0, 0, 0, 0, 18, 0, 0, 0, 0, 0, 0, 15, 15, 0, 0, 0, 15, 0, 0, 0, 0, 0, 0, 0, 0, 0, 0, 8, 17, 0, 15, 15, 0, 0, 0, 0, 0, 0, 0, 15, 0, 0, 15, 18, 8, 0, 0, 0, 0, 16, 0, 5, 16, 0, 0, 15, 0, 0, 15, 13, 0, 0, 15, 0, 0, 15, 25, 38, 0, 15, 15, : 15, 7, 15, 15, 17, 15, 8, 13, 10, 24, 15, 18, 15, 15, 15, 8, 17, 15, 15, 15, 15, 18, 8, 16, 5, 16, 15, 15, 13, 15, 15, 25, 38, 15, 15, 
184: 0, 0, 0, 0, 15, 0, 0, 15, 0, 18, 0, 0, 0, 0, 0, 0, 0, 0, 15, 0, 0, 0, 15, 0, 0, 0, 0, 19, 10, 0, 15, 15, 7, 0, 0, 15, 0, 0, 15, 16, 0, 0, 0, 0, 15, 15, 15, 0, 15, 0, 15, 0, 0, 0, 0, 0, 15, 0, 0, 15, 0, 0, 0, 0, 9, 0, 0, 12, 0, 14, 0, 0, 15, 15, 0, 0, 0, 0, 0, 0, 0, 0, 0, 15, 0, 0, 0, 0, 18, 15, 0, 0, 16, 15, 0, 0, 0, 15, 15, 0, : 15, 15, 18, 15, 15, 19, 10, 15, 15, 7, 15, 15, 16, 15, 15, 15, 15, 15, 15, 15, 9, 12, 14, 15, 15, 15, 18, 15, 16, 15, 15, 15, 
81: 0, 0, 0, 15, 0, 0, 0, 0, 16, 0, 15, 2, 15, 15, 0, 0, 0, 26, 0, 0, 0, 0, 17, 15, 0, 6, 0, 0, 0, 0, 16, 15, 0, 0, 0, 0, 15, 15, 0, 0, 17, 0, 0, 0, 3, 0, 0, 21, 0, 0, 15, 15, 0, 0, 0, 0, 0, 15, 0, 0, 0, 0, 0, 15, 0, 0, 18, 0, 0, 19, 0, 0, 19, 0, 0, 15, 15, 0, 15, 0, 0, 0, 8, 0, 17, 25, 0, 0, 0, 16, 0, 0, 0, 0, 0, 0, 0, 0, 15, 15, : 15, 16, 15, 2, 15, 15, 26, 17, 15, 6, 16, 15, 15, 15, 17, 3, 21, 15, 15, 15, 15, 18, 19, 19, 15, 15, 15, 8, 17, 25, 16, 15, 15, 
84: 0, 0, 0, 0, 0, 0, 0, 0, 18, 6, 0, 0, 0, 0, 0, 0, 0, 15, 15, 0, 0, 15, 0, 15, 0, 0, 0, 17, 0, 0, 0, 18, 0, 0, 16, 0, 0, 15, 0, 0, 20, 0, 0, 15, 17, 0, 10, 0, 0, 0, 0, 17, 0, 0, 0, 19, 0, 0, 0, 15, 0, 16, 0, 0, 15, 25, 0, 0, 0, 0, 16, 15, 0, 16, 15, 0, 0, 17, 0, 0, 0, 0, 0, 0, 0, 0, 0, 17, 0, 18, 15, 0, 15, 0, 0, 0, 0, 0, 0, 0, : 18, 6, 15, 15, 15, 15, 17, 18, 16, 15, 20, 15, 17, 10, 17, 19, 15, 16, 15, 25, 16, 15, 16, 15, 17, 17, 18, 15, 15, 
64: 10, 0, 15, 15, 19, 0, 0, 0, 0, 0, 0, 0, 0, 0, 0, 15, 15, 0, 0, 15, 15, 5, 0, 15, 18, 15, 0, 0, 0, 0, 15, 0, 15, 0, 15, 19, 15, 15, 0, 34, 0, 0, 0, 15, 0, 0, 0, 15, 0, 0, 15, 0, 0, 0, 15, 0, 0, 0, 0, 0, 19, 22, 0, 16, 0, 0, 0, 18, 5, 0, 22, 15, 0, 0, 15, 0, 0, 0, 0, 15, 15, 0, 15, 0, 0, 0, 15, 19, 0, 0, 15, 18, 0, 0, 15, 0, 0, 0, 0, 0, : 10, 15, 15, 19, 15, 15, 15, 15, 5, 15, 18, 15, 15, 15, 15, 19, 15, 15, 34, 15, 15, 15, 15, 19, 22, 16, 18, 5, 22, 15, 15, 15, 15, 15, 15, 19, 15, 18, 15, 
135: 0, 15, 0, 0, 16, 0, 0, 0, 15, 0, 0, 0, 16, 0, 0, 0, 18, 0, 0, 2, 4, 16, 0, 15, 19, 0, 0, 0, 0, 0, 15, 21, 15, 15, 0, 0, 0, 0, 0, 0, 22, 0, 0, 0, 0, 0, 0, 0, 0, 0, 0, 2, 0, 0, 0, 0, 0, 17, 15, 0, 0, 0, 21, 0, 0, 0, 0, 0, 18, 0, 0, 15, 0, 0, 0, 3, 0, 0, 0, 0, 0, 0, 0, 0, 0, 15, 0, 0, 15, 15, 0, 0, 0, 0, 33, 0, 0, 15, 0, 0, : 15, 16, 15, 16, 18, 2, 4, 16, 15, 19, 15, 21, 15, 15, 22, 2, 17, 15, 21, 18, 15, 3, 15, 15, 15, 33, 15, 
166: 15, 0, 15, 15, 0, 0, 0, 0, 0, 0, 0, 0, 0, 0, 0, 15, 24, 0, 0, 16, 0, 15, 15, 0, 0, 16, 0, 0, 30, 0, 0, 0, 0, 15, 0, 0, 15, 0, 0, 0, 0, 23, 15, 0, 20, 15, 0, 15, 15, 15, 15, 0, 0, 0, 15, 0, 0, 0, 15, 0, 0, 0, 0, 0, 16, 0, 16, 0, 0, 0, 0, 0, 0, 0, 0, 0, 15, 0, 0, 18, 16, 15, 0, 0, 0, 0, 15, 15, 15, 18, 0, 0, 0, 15, 0, 0, 22, 0, 17, 0, : 15, 15, 15, 15, 24, 16, 15, 15, 16, 30, 15, 15, 23, 15, 20, 15, 15, 15, 15, 15, 15, 15, 16, 16, 15, 18, 16, 15, 15, 15, 15, 18, 15, 22, 17, 


93: 15, 0, 15, 15, 0, 15, 15, 15, 0, 15, 0, 0, 0, 15, 0, 0, 0, 0, 28, 3, 0, 0, 15, 16, 0, 0, 0, 0, 0, 0, 19, 0, 0, 0, 7, 15, 0, 0, 0, 15, 0, 0, 0, 16, 0, 0, 0, 16, 0, 0, 0, 0, 0, 0, 0, 0, 0, 0, 0, 0, 22, 0, 0, 0, 0, 0, 0, 15, 19, 0, 32, 15, 0, 0, 0, 0, 15, 17, 0, 0, 0, 0, 0, 16, 15, 0, 0, 0, 15, 0, 15, 0, 0, 0, 0, 0, 19, 0, 0, 0, : 15, 15, 15, 15, 15, 15, 15, 15, 28, 3, 15, 16, 19, 7, 15, 15, 16, 16, 22, 15, 19, 32, 15, 15, 17, 16, 15, 15, 15, 19, 
117: 0, 0, 15, 15, 21, 0, 0, 0, 0, 0, 0, 15, 0, 0, 22, 9, 0, 0, 0, 15, 0, 0, 0, 15, 0, 0, 0, 0, 15, 0, 0, 0, 0, 0, 17, 0, 0, 9, 0, 0, 15, 0, 15, 4, 0, 15, 0, 0, 0, 4, 16, 0, 18, 0, 0, 0, 0, 0, 0, 15, 0, 17, 0, 0, 0, 10, 15, 0, 0, 0, 0, 0, 0, 0, 15, 8, 0, 0, 0, 15, 0, 15, 0, 0, 0, 0, 0, 0, 0, 15, 0, 0, 0, 15, 15, 21, 15, 0, 0, 0, : 15, 15, 21, 15, 22, 9, 15, 15, 15, 17, 9, 15, 15, 4, 15, 4, 16, 18, 15, 17, 10, 15, 15, 8, 15, 15, 15, 15, 15, 21, 15, 
137: 0, 15, 0, 0, 0, 0, 15, 0, 0, 0, 16, 0, 9, 0, 0, 15, 0, 0, 15, 15, 9, 0, 16, 0, 0, 15, 0, 15, 21, 0, 0, 0, 3, 0, 0, 15, 0, 16, 0, 0, 0, 0, 0, 15, 0, 0, 16, 0, 0, 0, 0, 0, 0, 0, 0, 0, 15, 15, 0, 0, 0, 7, 0, 0, 0, 0, 0, 0, 0, 31, 0, 0, 0, 0, 0, 15, 15, 0, 0, 0, 0, 0, 0, 0, 21, 0, 0, 0, 0, 15, 16, 19, 0, 0, 0, 0, 15, 0, 0, 0, : 15, 15, 16, 9, 15, 15, 15, 9, 16, 15, 15, 21, 3, 15, 16, 15, 16, 15, 15, 7, 31, 15, 15, 21, 15, 16, 19, 15, 
21: 15, 0, 0, 23, 0, 0, 0, 2, 0, 0, 23, 0, 0, 0, 0, 0, 0, 0, 0, 18, 15, 16, 0, 0, 0, 18, 15, 0, 0, 1, 0, 0, 15, 0, 0, 0, 0, 0, 0, 0, 0, 0, 15, 0, 0, 0, 15, 0, 15, 0, 0, 0, 14, 15, 15, 0, 15, 15, 0, 0, 30, 0, 0, 0, 0, 15, 27, 15, 0, 0, 0, 18, 0, 0, 15, 0, 0, 0, 28, 15, 15, 15, 0, 0, 0, 0, 0, 0, 0, 0, 0, 0, 0, 16, 0, 0, 0, 0, 15, 13, : 15, 23, 2, 23, 18, 15, 16, 18, 15, 1, 15, 15, 15, 15, 14, 15, 15, 15, 15, 30, 15, 27, 15, 18, 15, 28, 15, 15, 15, 16, 15, 13, 
48: 15, 0, 16, 0, 0, 0, 0, 0, 0, 0, 1, 0, 18, 0, 0, 0, 0, 15, 0, 0, 0, 10, 0, 0, 0, 17, 0, 0, 0, 0, 0, 0, 0, 0, 15, 15, 0, 15, 0, 0, 0, 0, 0, 0, 16, 0, 15, 0, 15, 18, 0, 0, 0, 0, 0, 0, 0, 0, 0, 0, 0, 0, 17, 0, 0, 0, 0, 17, 0, 19, 0, 0, 0, 0, 0, 0, 15, 15, 0, 0, 11, 23, 0, 0, 0, 0, 15, 0, 9, 0, 15, 18, 0, 16, 0, 18, 0, 15, 0, 0, : 15, 16, 1, 18, 15, 10, 17, 15, 15, 15, 16, 15, 15, 18, 17, 17, 19, 15, 15, 11, 23, 15, 9, 15, 18, 16, 18, 15, 
50: 0, 17, 0, 0, 0, 0, 15, 0, 15, 15, 15, 0, 0, 0, 0, 0, 0, 0, 0, 0, 0, 0, 0, 0, 0, 5, 7, 0, 15, 15, 16, 19, 0, 0, 0, 0, 0, 15, 15, 0, 0, 0, 0, 0, 23, 0, 0, 0, 0, 0, 0, 0, 0, 0, 17, 0, 0, 0, 0, 0, 0, 0, 0, 22, 0, 0, 0, 3, 0, 0, 22, 0, 11, 15, 9, 16, 0, 0, 0, 0, 20, 15, 15, 0, 0, 0, 15, 0, 0, 15, 0, 0, 0, 2, 0, 0, 0, 0, 0, 0, : 17, 15, 15, 15, 15, 5, 7, 15, 15, 16, 19, 15, 15, 23, 17, 22, 3, 22, 11, 15, 9, 16, 20, 15, 15, 15, 15, 2, 
112: 0, 23, 0, 0, 0, 0, 0, 0, 15, 0, 15, 0, 0, 0, 0, 0, 16, 18, 8, 15, 15, 0, 15, 0, 0, 0, 15, 15, 15, 0, 4, 0, 15, 4, 0, 16, 15, 0, 8, 0, 7, 0, 0, 0, 0, 15, 0, 0, 0, 0, 0, 15, 0, 0, 0, 0, 0, 0, 21, 0, 0, 15, 0, 28, 0, 0, 0, 0, 15, 0, 0, 0, 20, 0, 0, 15, 24, 0, 0, 0, 15, 0, 0, 0, 0, 0, 0, 0, 0, 0, 16, 0, 0, 0, 15, 15, 0, 16, 0, 0, : 23, 15, 15, 16, 18, 8, 15, 15, 15, 15, 15, 15, 4, 15, 4, 16, 15, 8, 7, 15, 15, 21, 15, 28, 15, 20, 15, 24, 15, 16, 15, 15, 16, 
75: 0, 0, 7, 0, 0, 0, 27, 21, 0, 0, 0, 0, 15, 0, 9, 0, 0, 0, 0, 0, 0, 15, 0, 19, 0, 0, 0, 0, 0, 0, 0, 15, 19, 15, 0, 0, 0, 0, 16, 20, 0, 6, 0, 19, 15, 0, 0, 0, 0, 15, 0, 15, 15, 15, 0, 0, 0, 0, 15, 0, 15, 0, 15, 0, 15, 0, 0, 0, 0, 0, 0, 0, 16, 17, 0, 0, 0, 15, 0, 0, 0, 0, 10, 15, 0, 5, 20, 21, 0, 0, 0, 0, 35, 17, 15, 15, 0, 8, 0, 20, : 7, 27, 21, 15, 9, 15, 19, 15, 19, 15, 16, 20, 6, 19, 15, 15, 15, 15, 15, 15, 15, 15, 15, 16, 17, 15, 10, 15, 5, 20, 21, 35, 17, 15, 15, 8, 20, 
94: 0, 0, 0, 0, 0, 15, 0, 15, 15, 15, 0, 15, 0, 0, 0, 0, 0, 0, 0, 0, 0, 0, 18, 0, 0, 15, 15, 0, 0, 16, 0, 0, 0, 0, 0, 0, 15, 0, 0, 0, 15, 18, 17, 15, 0, 0, 0, 15, 0, 0, 22, 0, 0, 0, 0, 26, 0, 0, 0, 16, 18, 15, 15, 10, 0, 15, 15, 15, 0, 0, 16, 0, 0, 15, 0, 0, 15, 18, 15, 0, 0, 0, 0, 14, 0, 0, 0, 15, 15, 3, 8, 0, 0, 0, 0, 15, 0, 0, 15, 0, : 15, 15, 15, 15, 15, 18, 15, 15, 16, 15, 15, 18, 17, 15, 15, 22, 26, 16, 18, 15, 15, 10, 15, 15, 15, 16, 15, 15, 18, 15, 14, 15, 15, 3, 8, 15, 15, 
167: 15, 0, 0, 0, 21, 10, 0, 0, 15, 0, 0, 0, 0, 0, 0, 16, 16, 0, 0, 0, 0, 0, 0, 0, 15, 0, 0, 0, 0, 17, 16, 0, 15, 0, 0, 15, 0, 15, 0, 19, 0, 0, 0, 0, 15, 15, 17, 0, 0, 16, 0, 0, 0, 0, 0, 19, 0, 25, 0, 0, 0, 15, 15, 24, 0, 0, 3, 0, 0, 15, 0, 29, 0, 16, 15, 0, 0, 0, 17, 0, 0, 16, 0, 15, 8, 0, 0, 15, 0, 0, 0, 16, 0, 0, 15, 0, 15, 15, 0, 0, : 15, 21, 10, 15, 16, 16, 15, 17, 16, 15, 15, 15, 19, 15, 15, 17, 16, 19, 25, 15, 15, 24, 3, 15, 29, 16, 15, 17, 16, 15, 8, 15, 16, 15, 15, 15, 
183: 0, 0, 0, 0, 16, 0, 0, 0, 0, 0, 0, 0, 0, 0, 15, 15, 15, 0, 19, 19, 17, 0, 0, 28, 0, 0, 0, 0, 0, 0, 0, 0, 0, 0, 15, 15, 0, 0, 0, 0, 17, 0, 15, 16, 0, 8, 0, 0, 15, 0, 16, 11, 0, 15, 15, 15, 25, 0, 16, 7, 0, 0, 0, 0, 0, 15, 0, 0, 0, 17, 0, 0, 15, 0, 16, 0, 0, 5, 0, 0, 0, 0, 0, 0, 0, 0, 15, 0, 0, 20, 0, 0, 0, 0, 0, 0, 0, 0, 0, 15, : 16, 15, 15, 15, 19, 19, 17, 28, 15, 15, 17, 15, 16, 8, 15, 16, 11, 15, 15, 15, 25, 16, 7, 15, 17, 15, 16, 5, 15, 20, 15, 
46: 0, 0, 0, 15, 11, 0, 0, 15, 0, 0, 15, 23, 0, 6, 0, 0, 0, 0, 0, 0, 0, 25, 0, 0, 0, 0, 0, 15, 0, 0, 15, 15, 0, 0, 0, 0, 4, 0, 0, 0, 0, 16, 0, 0, 0, 0, 3, 0, 16, 0, 0, 0, 19, 0, 4, 0, 15, 0, 17, 30, 0, 15, 15, 0, 0, 0, 0, 0, 18, 17, 0, 0, 0, 0, 0, 0, 0, 0, 0, 18, 24, 0, 0, 0, 0, 15, 0, 15, 15, 0, 15, 0, 0, 0, 0, 0, 0, 0, 0, 0, : 15, 11, 15, 15, 23, 6, 25, 15, 15, 15, 4, 16, 3, 16, 19, 4, 15, 17, 30, 15, 15, 18, 17, 18, 24, 15, 15, 15, 15, 
127: 0, 0, 0, 16, 0, 0, 0, 0, 15, 15, 0, 11, 0, 15, 0, 0, 0, 15, 0, 0, 20, 15, 0, 0, 16, 0, 0, 0, 0, 0, 0, 0, 18, 16, 0, 0, 18, 0, 0, 0, 15, 29, 0, 0, 0, 17, 19, 19, 9, 0, 0, 0, 0, 0, 16, 0, 0, 0, 0, 0, 0, 0, 0, 0, 15, 15, 21, 15, 0, 1, 0, 0, 18, 22, 0, 0, 0, 15, 7, 0, 0, 0, 15, 0, 0, 16, 0, 0, 0, 15, 0, 0, 15, 0, 17, 0, 0, 0, 15, 15, : 16, 15, 15, 11, 15, 15, 20, 15, 16, 18, 16, 18, 15, 29, 17, 19, 19, 9, 16, 15, 15, 21, 15, 1, 18, 22, 15, 7, 15, 16, 15, 15, 17, 15, 15, 
39: 0, 0, 17, 0, 0, 15, 13, 0, 0, 0, 0, 0, 19, 0, 0, 15, 4, 0, 0, 0, 0, 0, 0, 0, 15, 15, 16, 0, 0, 0, 0, 0, 0, 0, 15, 0, 0, 0, 16, 16, 0, 16, 8, 15, 0, 0, 0, 0, 0, 15, 0, 0, 19, 16, 0, 0, 0, 0, 0, 0, 0, 16, 0, 0, 8, 0, 0, 0, 0, 0, 15, 0, 0, 0, 0, 15, 0, 0, 0, 22, 0, 1, 0, 0, 0, 17, 0, 19, 15, 0, 0, 0, 12, 15, 8, 0, 16, 0, 4, 20, : 17, 15, 13, 19, 15, 4, 15, 15, 16, 15, 16, 16, 16, 8, 15, 15, 19, 16, 16, 8, 15, 15, 22, 1, 17, 19, 15, 12, 15, 8, 16, 4, 20, 
150: 10, 15, 0, 0, 0, 0, 15, 15, 0, 0, 0, 0, 0, 15, 0, 0, 15, 0, 0, 0, 0, 0, 16, 0, 15, 0, 0, 2, 0, 15, 0, 22, 0, 15, 15, 0, 15, 0, 0, 15, 0, 0, 0, 0, 0, 0, 0, 0, 0, 0, 15, 28, 0, 0, 0, 15, 0, 20, 0, 0, 15, 0, 0, 16, 0, 0, 0, 0, 0, 0, 0, 18, 0, 0, 0, 16, 0, 0, 0, 15, 0, 0, 15, 15, 0, 0, 0, 0, 0, 0, 0, 15, 15, 0, 0, 0, 0, 16, 0, 0, : 10, 15, 15, 15, 15, 15, 16, 15, 2, 15, 22, 15, 15, 15, 15, 15, 28, 15, 20, 15, 16, 18, 16, 15, 15, 15, 15, 15, 16, 
122: 0, 0, 15, 0, 0, 0, 0, 0, 0, 0, 0, 0, 0, 15, 24, 0, 17, 11, 0, 15, 24, 19, 0, 0, 0, 0, 0, 0, 15, 0, 0, 0, 0, 0, 0, 0, 0, 15, 15, 0, 15, 0, 0, 0, 0, 15, 0, 0, 0, 0, 0, 0, 0, 0, 18, 0, 0, 10, 15, 0, 0, 0, 15, 0, 15, 0, 0, 0, 15, 0, 15, 0, 0, 0, 0, 0, 0, 0, 18, 15, 0, 0, 15, 0, 0, 0, 0, 0, 0, 0, 0, 0, 0, 0, 0, 0, 0, 0, 0, 0, : 15, 15, 24, 17, 11, 15, 24, 19, 15, 15, 15, 15, 15, 18, 10, 15, 15, 15, 15, 15, 18, 15, 15, 
66: 0, 15, 0, 1, 15, 0, 0, 0, 21, 5, 15, 20, 15, 15, 15, 15, 17, 26, 15, 0, 0, 0, 15, 19, 0, 0, 0, 23, 0, 0, 15, 0, 0, 20, 0, 0, 0, 0, 15, 0, 16, 0, 15, 0, 16, 0, 15, 15, 15, 0, 0, 0, 15, 9, 15, 0, 16, 0, 0, 0, 0, 0, 0, 0, 15, 0, 0, 0, 0, 0, 0, 0, 0, 0, 15, 0, 16, 0, 0, 0, 0, 0, 0, 25, 18, 0, 0, 15, 0, 17, 0, 11, 0, 0, 0, 0, 0, 0, 0, 0, : 15, 1, 15, 21, 5, 15, 20, 15, 15, 15, 15, 17, 26, 15, 15, 19, 23, 15, 20, 15, 16, 15, 16, 15, 15, 15, 15, 9, 15, 16, 15, 15, 16, 25, 18, 15, 17, 11, 
2: 15, 0, 0, 15, 16, 15, 0, 0, 0, 15, 0, 0, 0, 0, 0, 0, 0, 0, 0, 0, 0, 0, 0, 0, 8, 0, 0, 0, 0, 15, 0, 0, 15, 15, 0, 9, 0, 15, 0, 15, 0, 0, 0, 0, 0, 0, 0, 0, 0, 0, 16, 0, 0, 0, 0, 0, 0, 0, 0, 0, 0, 0, 0, 0, 15, 15, 19, 0, 18, 0, 0, 0, 0, 0, 0, 0, 0, 15, 0, 0, 0, 0, 15, 0, 15, 17, 20, 0, 15, 0, 0, 0, 0, 0, 0, 0, 20, 15, 19, 0, : 15, 15, 16, 15, 15, 8, 15, 15, 15, 9, 15, 15, 16, 15, 15, 19, 18, 15, 15, 15, 17, 20, 15, 20, 15, 19, 
130: 15, 0, 0, 0, 0, 15, 0, 0, 4, 20, 0, 0, 24, 0, 15, 15, 0, 0, 0, 0, 0, 0, 0, 0, 15, 15, 15, 15, 19, 0, 15, 16, 0, 15, 16, 0, 15, 0, 15, 0, 0, 0, 0, 0, 0, 0, 0, 20, 15, 16, 15, 31, 0, 15, 0, 10, 14, 0, 16, 17, 0, 0, 0, 0, 0, 15, 0, 20, 15, 0, 0, 0, 20, 15, 15, 15, 0, 0, 0, 0, 0, 0, 15, 0, 0, 15, 15, 0, 0, 0, 15, 21, 0, 19, 15, 16, 0, 0, 15, 0, : 15, 15, 4, 20, 24, 15, 15, 15, 15, 15, 15, 19, 15, 16, 15, 16, 15, 15, 20, 15, 16, 15, 31, 15, 10, 14, 16, 17, 15, 20, 15, 20, 15, 15, 15, 15, 15, 15, 15, 21, 19, 15, 16, 15, 
13: 0, 15, 15, 0, 0, 15, 0, 17, 0, 0, 0, 16, 0, 19, 0, 0, 0, 15, 15, 0, 0, 0, 5, 3, 16, 0, 17, 15, 0, 21, 0, 13, 0, 0, 0, 0, 18, 0, 0, 0, 0, 15, 15, 0, 15, 15, 0, 15, 0, 16, 0, 0, 0, 15, 0, 15, 0, 15, 0, 15, 0, 0, 8, 0, 17, 0, 0, 0, 0, 0, 0, 20, 0, 0, 0, 0, 0, 0, 15, 0, 15, 15, 0, 0, 23, 15, 0, 0, 16, 0, 0, 0, 23, 0, 0, 0, 0, 15, 17, 17, : 15, 15, 15, 17, 16, 19, 15, 15, 5, 3, 16, 17, 15, 21, 13, 18, 15, 15, 15, 15, 15, 16, 15, 15, 15, 15, 8, 17, 20, 15, 15, 15, 23, 15, 16, 23, 15, 17, 17, 


3: 17, 0, 9, 0, 0, 0, 15, 0, 0, 0, 0, 15, 0, 0, 15, 0, 0, 15, 0, 9, 16, 0, 16, 0, 0, 0, 0, 22, 0, 0, 0, 0, 0, 0, 15, 16, 16, 0, 0, 0, 0, 15, 0, 0, 0, 0, 0, 0, 16, 0, 0, 0, 27, 0, 24, 0, 0, 15, 0, 17, 0, 0, 18, 0, 24, 0, 16, 0, 0, 0, 0, 0, 0, 9, 15, 0, 0, 25, 15, 0, 0, 16, 0, 23, 0, 0, 0, 0, 0, 25, 0, 18, 0, 15, 0, 15, 18, 0, 0, 0, : 17, 9, 15, 15, 15, 15, 9, 16, 16, 22, 15, 16, 16, 15, 16, 27, 24, 15, 17, 18, 24, 16, 9, 15, 25, 15, 16, 23, 25, 18, 15, 15, 18, 
152: 0, 0, 0, 0, 15, 0, 0, 0, 15, 0, 17, 0, 15, 20, 15, 15, 0, 15, 0, 0, 15, 15, 0, 0, 0, 0, 0, 0, 0, 0, 13, 0, 0, 15, 15, 31, 0, 0, 0, 0, 15, 0, 0, 15, 0, 16, 0, 19, 6, 0, 15, 0, 0, 0, 0, 0, 0, 15, 15, 15, 0, 0, 0, 0, 15, 0, 0, 15, 15, 0, 15, 0, 0, 15, 0, 0, 0, 0, 15, 15, 0, 0, 0, 0, 15, 0, 23, 15, 0, 17, 0, 0, 15, 0, 0, 15, 0, 0, 19, 0, : 15, 15, 17, 15, 20, 15, 15, 15, 15, 15, 13, 15, 15, 31, 15, 15, 16, 19, 6, 15, 15, 15, 15, 15, 15, 15, 15, 15, 15, 15, 15, 23, 15, 17, 15, 15, 19, 
144: 0, 15, 0, 0, 0, 18, 0, 19, 0, 21, 17, 0, 15, 0, 0, 1, 19, 15, 0, 0, 15, 0, 0, 14, 4, 0, 0, 11, 0, 15, 0, 0, 0, 0, 0, 0, 0, 0, 15, 15, 15, 15, 0, 24, 0, 0, 0, 16, 0, 15, 0, 0, 17, 0, 0, 0, 15, 0, 0, 0, 0, 0, 0, 0, 15, 21, 0, 0, 15, 0, 0, 15, 0, 0, 0, 0, 0, 0, 0, 15, 0, 0, 0, 15, 0, 0, 0, 0, 0, 17, 0, 0, 0, 18, 0, 0, 15, 0, 0, 0, : 15, 18, 19, 21, 17, 15, 1, 19, 15, 15, 14, 4, 11, 15, 15, 15, 15, 15, 24, 16, 15, 17, 15, 15, 21, 15, 15, 15, 15, 17, 18, 15, 
92: 0, 0, 0, 0, 0, 15, 0, 0, 0, 0, 0, 0, 0, 0, 0, 0, 0, 0, 15, 16, 8, 0, 0, 37, 0, 15, 0, 0, 0, 15, 0, 0, 0, 0, 0, 16, 20, 0, 0, 0, 15, 0, 0, 0, 0, 0, 15, 0, 15, 0, 0, 0, 0, 0, 0, 15, 0, 0, 0, 0, 0, 22, 0, 0, 0, 0, 0, 0, 0, 16, 15, 0, 0, 0, 8, 17, 0, 0, 0, 18, 0, 0, 0, 0, 0, 28, 0, 7, 0, 0, 0, 0, 3, 21, 0, 0, 0, 15, 15, 18, : 15, 15, 16, 8, 37, 15, 15, 16, 20, 15, 15, 15, 15, 22, 16, 15, 8, 17, 18, 28, 7, 3, 21, 15, 15, 18, 
49: 0, 0, 16, 0, 0, 0, 0, 16, 3, 30, 16, 0, 16, 15, 0, 0, 15, 22, 29, 15, 0, 15, 15, 0, 18, 15, 0, 0, 0, 2, 15, 0, 16, 29, 10, 0, 0, 0, 0, 0, 0, 0, 0, 0, 15, 0, 0, 15, 0, 15, 15, 0, 0, 0, 0, 0, 0, 0, 5, 0, 0, 0, 0, 0, 0, 0, 0, 0, 0, 17, 0, 0, 0, 0, 16, 0, 0, 0, 17, 0, 15, 0, 0, 15, 1, 0, 0, 0, 0, 0, 0, 0, 0, 0, 15, 0, 15, 0, 15, 0, : 16, 16, 3, 30, 16, 16, 15, 15, 22, 29, 15, 15, 15, 18, 15, 2, 15, 16, 29, 10, 15, 15, 15, 15, 5, 17, 16, 17, 15, 15, 1, 15, 15, 15, 
62: 15, 0, 0, 0, 0, 0, 0, 0, 0, 0, 0, 0, 0, 0, 15, 15, 0, 0, 0, 0, 0, 0, 15, 0, 29, 17, 0, 19, 0, 0, 19, 15, 18, 0, 0, 15, 0, 15, 0, 0, 7, 0, 17, 0, 0, 0, 15, 0, 0, 0, 0, 17, 0, 0, 16, 4, 17, 0, 15, 0, 0, 16, 0, 0, 15, 15, 15, 0, 0, 16, 17, 0, 0, 0, 0, 17, 0, 0, 0, 0, 15, 0, 15, 0, 0, 0, 0, 0, 15, 0, 16, 0, 15, 1, 15, 0, 17, 25, 5, 17, : 15, 15, 15, 15, 29, 17, 19, 19, 15, 18, 15, 15, 7, 17, 15, 17, 16, 4, 17, 15, 16, 15, 15, 15, 16, 17, 17, 15, 15, 15, 16, 15, 1, 15, 17, 25, 5, 17, 
9: 0, 0, 0, 0, 0, 15, 0, 15, 0, 15, 15, 0, 0, 0, 0, 0, 15, 0, 0, 0, 0, 29, 20, 0, 15, 8, 0, 15, 0, 0, 15, 0, 0, 0, 15, 0, 7, 17, 17, 0, 0, 15, 15, 0, 25, 0, 18, 15, 0, 15, 0, 0, 0, 0, 0, 19, 15, 16, 16, 4, 22, 0, 0, 0, 0, 0, 0, 15, 0, 16, 16, 0, 17, 15, 0, 0, 0, 16, 0, 0, 0, 0, 0, 0, 0, 2, 0, 0, 0, 0, 0, 15, 15, 0, 0, 0, 0, 15, 15, 0, : 15, 15, 15, 15, 15, 29, 20, 15, 8, 15, 15, 15, 7, 17, 17, 15, 15, 25, 18, 15, 15, 19, 15, 16, 16, 4, 22, 15, 16, 16, 17, 15, 16, 2, 15, 15, 15, 15, 
69: 0, 0, 0, 15, 15, 0, 15, 0, 0, 0, 0, 15, 0, 0, 18, 0, 0, 0, 0, 0, 15, 0, 0, 19, 18, 15, 18, 0, 15, 0, 0, 15, 15, 0, 0, 6, 25, 1, 0, 0, 0, 0, 0, 0, 0, 0, 16, 3, 0, 15, 0, 7, 4, 0, 0, 0, 0, 0, 19, 15, 16, 15, 0, 0, 0, 0, 16, 0, 0, 0, 0, 25, 15, 15, 0, 0, 0, 15, 15, 0, 0, 15, 0, 0, 0, 0, 0, 0, 0, 0, 0, 14, 0, 15, 0, 0, 0, 0, 15, 0, : 15, 15, 15, 15, 18, 15, 19, 18, 15, 18, 15, 15, 15, 6, 25, 1, 16, 3, 15, 7, 4, 19, 15, 16, 15, 16, 25, 15, 15, 15, 15, 15, 14, 15, 15, 
5: 0, 0, 15, 0, 0, 0, 0, 15, 15, 0, 0, 0, 0, 15, 15, 15, 0, 0, 0, 0, 0, 0, 0, 0, 0, 0, 16, 0, 0, 0, 0, 15, 0, 15, 0, 0, 0, 0, 17, 22, 0, 0, 0, 16, 0, 0, 0, 0, 0, 0, 18, 0, 0, 15, 0, 0, 0, 0, 0, 0, 28, 0, 15, 15, 17, 0, 0, 0, 15, 5, 22, 0, 0, 0, 0, 31, 0, 0, 0, 0, 0, 0, 0, 0, 0, 15, 0, 0, 0, 0, 0, 0, 0, 0, 16, 16, 20, 0, 0, 0, : 15, 15, 15, 15, 15, 15, 16, 15, 15, 17, 22, 16, 18, 15, 28, 15, 15, 17, 15, 5, 22, 31, 15, 16, 16, 20, 
87: 15, 18, 0, 6, 15, 15, 17, 15, 0, 15, 18, 15, 0, 28, 0, 18, 0, 0, 10, 0, 16, 0, 15, 0, 0, 0, 15, 0, 0, 0, 0, 0, 0, 0, 15, 16, 0, 0, 4, 0, 0, 0, 0, 0, 0, 0, 14, 0, 17, 0, 15, 15, 0, 0, 0, 16, 0, 0, 0, 19, 0, 0, 0, 16, 0, 0, 0, 15, 8, 0, 0, 0, 0, 18, 16, 0, 16, 0, 0, 0, 34, 0, 0, 0, 15, 16, 0, 0, 15, 0, 15, 16, 15, 0, 15, 0, 0, 0, 0, 19, : 15, 18, 6, 15, 15, 17, 15, 15, 18, 15, 28, 18, 10, 16, 15, 15, 15, 16, 4, 14, 17, 15, 15, 16, 19, 16, 15, 8, 18, 16, 16, 34, 15, 16, 15, 15, 16, 15, 15, 19, 
173: 15, 19, 0, 0, 0, 0, 21, 0, 0, 0, 0, 0, 0, 0, 15, 21, 20, 0, 15, 15, 15, 0, 0, 0, 0, 0, 0, 0, 0, 0, 0, 15, 0, 0, 0, 0, 0, 0, 0, 0, 0, 15, 0, 6, 0, 15, 0, 0, 0, 0, 0, 0, 0, 7, 0, 0, 0, 0, 0, 0, 15, 0, 2, 0, 0, 15, 0, 0, 0, 0, 0, 0, 18, 0, 15, 0, 0, 0, 0, 0, 0, 0, 0, 15, 0, 0, 0, 0, 0, 0, 15, 0, 0, 0, 24, 0, 0, 0, 0, 0, : 15, 19, 21, 15, 21, 20, 15, 15, 15, 15, 15, 6, 15, 7, 15, 2, 15, 18, 15, 15, 15, 24, 
32: 0, 15, 15, 0, 25, 0, 0, 0, 0, 0, 0, 0, 15, 2, 0, 0, 16, 0, 16, 15, 0, 0, 0, 0, 0, 0, 16, 0, 15, 15, 0, 0, 15, 0, 0, 0, 0, 0, 0, 18, 15, 0, 0, 0, 0, 0, 0, 16, 0, 15, 0, 15, 15, 15, 0, 15, 15, 0, 0, 0, 4, 0, 15, 0, 0, 0, 16, 10, 0, 0, 0, 15, 18, 0, 0, 0, 17, 0, 0, 6, 0, 0, 0, 0, 0, 20, 0, 0, 0, 0, 9, 17, 17, 0, 0, 0, 0, 0, 0, 0, : 15, 15, 25, 15, 2, 16, 16, 15, 16, 15, 15, 15, 18, 15, 16, 15, 15, 15, 15, 15, 15, 4, 15, 16, 10, 15, 18, 17, 6, 20, 9, 17, 17, 
101: 15, 15, 0, 0, 0, 0, 0, 15, 15, 4, 1, 11, 0, 0, 0, 15, 0, 0, 0, 0, 0, 15, 0, 0, 0, 15, 0, 18, 15, 0, 0, 0, 14, 16, 0, 0, 0, 0, 0, 15, 0, 18, 0, 15, 15, 0, 22, 16, 0, 0, 0, 0, 22, 0, 21, 0, 0, 20, 15, 15, 0, 0, 0, 19, 0, 0, 0, 0, 0, 0, 15, 0, 0, 28, 0, 0, 8, 0, 1, 0, 0, 0, 0, 0, 15, 19, 12, 15, 15, 0, 0, 0, 0, 0, 0, 0, 0, 0, 0, 0, : 15, 15, 15, 15, 4, 1, 11, 15, 15, 15, 18, 15, 14, 16, 15, 18, 15, 15, 22, 16, 22, 21, 20, 15, 15, 19, 15, 28, 8, 1, 15, 19, 12, 15, 15, 
16: 0, 0, 15, 15, 0, 25, 0, 0, 15, 0, 0, 0, 0, 20, 0, 0, 0, 0, 0, 0, 0, 18, 15, 15, 0, 0, 4, 0, 0, 0, 0, 11, 0, 10, 0, 0, 0, 17, 0, 0, 18, 0, 0, 0, 0, 0, 0, 0, 0, 0, 15, 0, 0, 0, 0, 0, 0, 0, 0, 0, 15, 0, 30, 0, 0, 0, 0, 15, 16, 0, 0, 0, 15, 0, 15, 0, 0, 15, 0, 0, 5, 0, 15, 0, 19, 0, 0, 0, 15, 15, 0, 0, 0, 0, 0, 7, 0, 15, 16, 0, : 15, 15, 25, 15, 20, 18, 15, 15, 4, 11, 10, 17, 18, 15, 15, 30, 15, 16, 15, 15, 15, 5, 15, 19, 15, 15, 7, 15, 16, 
191: 0, 0, 0, 17, 21, 0, 0, 5, 0, 0, 16, 0, 15, 0, 0, 0, 0, 0, 0, 0, 0, 0, 0, 0, 0, 0, 15, 0, 15, 23, 15, 0, 0, 0, 0, 0, 0, 16, 0, 0, 0, 19, 3, 0, 16, 9, 0, 0, 15, 10, 0, 0, 0, 15, 15, 0, 0, 0, 0, 0, 0, 15, 0, 0, 0, 19, 0, 15, 0, 15, 0, 15, 0, 0, 0, 15, 0, 0, 0, 0, 15, 18, 0, 0, 0, 0, 16, 0, 0, 15, 15, 0, 0, 0, 0, 15, 0, 0, 0, 0, : 17, 21, 5, 16, 15, 15, 15, 23, 15, 16, 19, 3, 16, 9, 15, 10, 15, 15, 15, 19, 15, 15, 15, 15, 15, 18, 16, 15, 15, 15, 
23: 15, 0, 0, 16, 9, 0, 15, 0, 15, 0, 0, 0, 0, 0, 7, 0, 0, 0, 0, 15, 0, 0, 0, 0, 0, 15, 0, 0, 0, 0, 0, 0, 0, 0, 15, 0, 0, 0, 0, 0, 15, 0, 0, 24, 0, 0, 0, 0, 0, 15, 0, 0, 15, 15, 0, 0, 0, 17, 0, 0, 0, 0, 0, 0, 0, 0, 0, 0, 0, 0, 0, 15, 2, 0, 0, 15, 15, 0, 0, 16, 0, 0, 15, 0, 0, 0, 15, 18, 0, 0, 15, 0, 20, 15, 0, 0, 15, 0, 0, 0, : 15, 16, 9, 15, 15, 7, 15, 15, 15, 15, 24, 15, 15, 15, 17, 15, 2, 15, 15, 16, 15, 15, 18, 15, 20, 15, 15, 
136: 0, 18, 0, 16, 0, 0, 0, 0, 22, 0, 0, 26, 0, 0, 0, 0, 0, 18, 0, 0, 0, 0, 0, 0, 0, 0, 0, 0, 10, 0, 0, 0, 0, 15, 0, 0, 17, 15, 15, 0, 0, 0, 31, 0, 0, 15, 0, 0, 16, 0, 0, 15, 0, 0, 9, 15, 21, 17, 0, 0, 0, 15, 0, 25, 14, 15, 15, 0, 0, 15, 0, 0, 0, 0, 0, 0, 25, 0, 0, 15, 0, 33, 15, 16, 0, 0, 0, 15, 15, 0, 0, 0, 0, 0, 0, 0, 0, 15, 0, 0, : 18, 16, 22, 26, 18, 10, 15, 17, 15, 15, 31, 15, 16, 15, 9, 15, 21, 17, 15, 25, 14, 15, 15, 15, 25, 15, 33, 15, 16, 15, 15, 15, 
15: 0, 0, 0, 15, 0, 12, 0, 0, 0, 15, 0, 0, 24, 0, 0, 0, 15, 0, 15, 0, 0, 0, 0, 0, 0, 0, 16, 15, 15, 15, 0, 0, 0, 0, 0, 0, 0, 19, 0, 15, 0, 0, 0, 0, 0, 15, 0, 0, 0, 0, 7, 15, 0, 15, 15, 0, 0, 0, 15, 0, 0, 1, 0, 15, 0, 15, 22, 0, 16, 0, 0, 15, 0, 0, 0, 5, 0, 0, 0, 0, 0, 0, 15, 16, 20, 0, 15, 15, 10, 0, 0, 20, 0, 0, 15, 0, 0, 0, 0, 19, : 15, 12, 15, 24, 15, 15, 16, 15, 15, 15, 19, 15, 15, 7, 15, 15, 15, 15, 1, 15, 15, 22, 16, 15, 5, 15, 16, 20, 15, 15, 10, 20, 15, 19, 
61: 0, 0, 15, 0, 0, 0, 17, 0, 0, 0, 0, 0, 0, 0, 0, 0, 0, 0, 0, 0, 0, 0, 4, 15, 0, 0, 0, 0, 0, 15, 23, 0, 0, 0, 0, 0, 15, 0, 16, 0, 0, 0, 15, 0, 14, 15, 0, 0, 15, 0, 15, 0, 0, 18, 0, 16, 15, 0, 0, 15, 0, 16, 0, 0, 0, 0, 0, 0, 15, 0, 0, 0, 15, 0, 15, 0, 19, 29, 19, 0, 16, 18, 3, 0, 0, 0, 0, 15, 15, 11, 0, 0, 0, 0, 0, 15, 0, 0, 0, 27, : 15, 17, 4, 15, 15, 23, 15, 16, 15, 14, 15, 15, 15, 18, 16, 15, 15, 16, 15, 15, 15, 19, 29, 19, 16, 18, 3, 15, 15, 11, 15, 27, 
25: 8, 0, 15, 0, 0, 0, 0, 0, 0, 0, 0, 18, 0, 0, 0, 0, 0, 15, 0, 15, 0, 8, 0, 0, 16, 0, 0, 0, 15, 0, 0, 29, 22, 0, 15, 0, 0, 0, 16, 15, 0, 3, 19, 0, 15, 15, 0, 0, 0, 0, 0, 16, 0, 0, 0, 0, 2, 0, 0, 0, 0, 0, 20, 10, 0, 0, 0, 15, 0, 0, 0, 0, 0, 0, 0, 0, 0, 0, 18, 15, 0, 0, 22, 0, 15, 0, 19, 0, 0, 0, 15, 0, 0, 15, 0, 17, 0, 15, 0, 0, : 8, 15, 18, 15, 15, 8, 16, 15, 29, 22, 15, 16, 15, 3, 19, 15, 15, 16, 2, 20, 10, 15, 18, 15, 22, 15, 19, 15, 15, 17, 15, 


114: 0, 0, 0, 0, 0, 17, 0, 0, 0, 0, 0, 0, 0, 0, 17, 0, 0, 0, 25, 0, 0, 0, 3, 0, 0, 0, 0, 0, 0, 0, 0, 7, 0, 0, 0, 17, 15, 15, 15, 15, 0, 0, 0, 0, 0, 15, 19, 0, 15, 0, 0, 0, 15, 0, 0, 0, 15, 0, 0, 0, 15, 0, 0, 0, 17, 0, 8, 0, 0, 15, 0, 0, 0, 0, 0, 16, 18, 15, 6, 0, 16, 17, 4, 15, 0, 15, 0, 0, 0, 15, 19, 0, 0, 0, 16, 0, 16, 0, 16, 0, : 17, 17, 25, 3, 7, 17, 15, 15, 15, 15, 15, 19, 15, 15, 15, 15, 17, 8, 15, 16, 18, 15, 6, 16, 17, 4, 15, 15, 15, 19, 16, 16, 16, 
174: 0, 15, 0, 0, 0, 0, 0, 0, 0, 0, 0, 0, 0, 15, 23, 0, 0, 14, 0, 0, 16, 0, 0, 0, 0, 0, 15, 0, 16, 0, 0, 0, 0, 0, 0, 0, 15, 0, 0, 0, 0, 15, 0, 15, 0, 15, 0, 0, 0, 15, 0, 15, 0, 0, 15, 0, 0, 15, 21, 17, 0, 25, 0, 0, 8, 0, 0, 0, 0, 0, 16, 0, 0, 0, 0, 0, 0, 0, 16, 15, 0, 0, 0, 0, 15, 0, 18, 0, 0, 0, 15, 16, 15, 15, 0, 0, 0, 0, 0, 0, : 15, 15, 23, 14, 16, 15, 16, 15, 15, 15, 15, 15, 15, 15, 15, 21, 17, 25, 8, 16, 16, 15, 15, 18, 15, 16, 15, 15, 
72: 0, 0, 0, 0, 0, 0, 24, 0, 15, 0, 0, 0, 0, 0, 0, 3, 15, 0, 15, 0, 16, 15, 15, 0, 0, 18, 0, 0, 0, 16, 15, 15, 15, 25, 15, 15, 0, 0, 0, 0, 5, 0, 16, 0, 0, 16, 21, 15, 15, 0, 0, 0, 0, 0, 20, 3, 0, 15, 0, 18, 0, 0, 0, 0, 0, 0, 15, 0, 15, 15, 0, 27, 0, 23, 0, 0, 18, 0, 0, 0, 0, 0, 28, 0, 15, 25, 0, 0, 15, 0, 16, 18, 0, 0, 0, 0, 15, 0, 0, 16, : 24, 15, 3, 15, 15, 16, 15, 15, 18, 16, 15, 15, 15, 25, 15, 15, 5, 16, 16, 21, 15, 15, 20, 3, 15, 18, 15, 15, 15, 27, 23, 18, 28, 15, 25, 15, 16, 18, 15, 16, 
141: 16, 0, 0, 0, 15, 0, 0, 0, 15, 0, 0, 16, 0, 15, 15, 0, 0, 0, 15, 0, 0, 15, 0, 0, 0, 0, 0, 0, 15, 0, 0, 17, 0, 15, 0, 0, 0, 15, 0, 0, 0, 15, 2, 0, 4, 0, 0, 19, 27, 15, 15, 16, 0, 18, 15, 0, 0, 15, 0, 0, 0, 15, 17, 0, 0, 0, 15, 0, 0, 0, 0, 0, 0, 0, 0, 0, 0, 0, 0, 0, 0, 0, 0, 0, 0, 0, 19, 18, 0, 0, 15, 15, 0, 0, 0, 0, 0, 0, 0, 0, : 16, 15, 15, 16, 15, 15, 15, 15, 15, 17, 15, 15, 15, 2, 4, 19, 27, 15, 15, 16, 18, 15, 15, 15, 17, 15, 19, 18, 15, 15, 
170: 0, 0, 15, 19, 21, 0, 0, 0, 0, 0, 16, 0, 0, 0, 0, 0, 0, 15, 0, 15, 0, 17, 0, 0, 16, 0, 0, 0, 15, 0, 0, 0, 0, 15, 18, 15, 0, 15, 15, 6, 15, 0, 15, 0, 16, 9, 0, 0, 0, 0, 0, 0, 0, 15, 0, 17, 15, 0, 12, 17, 16, 0, 15, 15, 0, 0, 15, 15, 0, 0, 15, 15, 9, 16, 15, 0, 0, 0, 15, 0, 0, 0, 0, 21, 0, 0, 16, 16, 0, 27, 0, 0, 0, 16, 0, 0, 15, 0, 0, 0, : 15, 19, 21, 16, 15, 15, 17, 16, 15, 15, 18, 15, 15, 15, 6, 15, 15, 16, 9, 15, 17, 15, 12, 17, 16, 15, 15, 15, 15, 15, 15, 9, 16, 15, 15, 21, 16, 16, 27, 16, 15, 
96: 18, 15, 0, 27, 15, 0, 9, 15, 4, 0, 0, 15, 15, 17, 0, 0, 0, 0, 0, 0, 0, 0, 0, 0, 0, 0, 0, 15, 0, 0, 0, 15, 0, 0, 0, 0, 0, 0, 0, 0, 0, 0, 0, 15, 15, 0, 0, 0, 0, 0, 0, 0, 0, 0, 0, 0, 0, 20, 0, 0, 0, 15, 0, 0, 0, 15, 15, 0, 0, 18, 0, 15, 0, 0, 15, 6, 0, 0, 0, 0, 15, 19, 0, 0, 15, 16, 0, 0, 0, 11, 0, 0, 0, 0, 3, 0, 17, 0, 15, 0, : 18, 15, 27, 15, 9, 15, 4, 15, 15, 17, 15, 15, 15, 15, 20, 15, 15, 15, 18, 15, 15, 6, 15, 19, 15, 16, 11, 3, 17, 15, 
24: 15, 15, 0, 15, 3, 18, 0, 15, 15, 15, 15, 18, 0, 15, 15, 20, 0, 0, 0, 0, 0, 0, 0, 21, 0, 15, 0, 0, 20, 0, 15, 0, 15, 0, 7, 14, 16, 0, 0, 15, 0, 0, 16, 18, 0, 0, 0, 0, 0, 0, 0, 0, 0, 0, 1, 0, 15, 0, 15, 0, 0, 0, 0, 9, 0, 21, 0, 0, 0, 16, 15, 0, 0, 0, 0, 15, 20, 16, 0, 0, 0, 0, 0, 0, 0, 0, 0, 15, 0, 0, 0, 0, 0, 17, 0, 0, 0, 0, 0, 0, : 15, 15, 15, 3, 18, 15, 15, 15, 15, 18, 15, 15, 20, 21, 15, 20, 15, 15, 7, 14, 16, 15, 16, 18, 1, 15, 15, 9, 21, 16, 15, 15, 20, 16, 15, 17, 
178: 0, 0, 0, 9, 0, 15, 16, 0, 0, 15, 0, 15, 15, 0, 0, 15, 0, 0, 0, 0, 25, 0, 0, 13, 0, 15, 0, 0, 0, 15, 0, 0, 15, 0, 0, 0, 0, 0, 0, 15, 0, 0, 0, 0, 0, 0, 0, 0, 0, 0, 15, 0, 0, 0, 0, 0, 0, 0, 0, 0, 0, 0, 17, 0, 15, 0, 0, 15, 0, 15, 17, 20, 15, 0, 0, 0, 0, 0, 15, 0, 0, 0, 0, 15, 0, 0, 0, 0, 0, 0, 0, 0, 0, 4, 15, 0, 0, 15, 0, 0, : 9, 15, 16, 15, 15, 15, 15, 25, 13, 15, 15, 15, 15, 15, 17, 15, 15, 15, 17, 20, 15, 15, 15, 4, 15, 15, 
132: 15, 20, 15, 0, 15, 0, 0, 0, 0, 0, 0, 0, 15, 0, 0, 0, 0, 0, 0, 15, 15, 0, 15, 15, 0, 15, 0, 0, 0, 0, 0, 0, 0, 0, 15, 0, 0, 0, 0, 0, 15, 15, 0, 0, 0, 0, 0, 0, 0, 0, 8, 0, 0, 15, 0, 0, 0, 0, 22, 16, 0, 0, 0, 0, 0, 9, 0, 0, 1, 4, 0, 0, 0, 20, 15, 0, 0, 0, 0, 0, 0, 0, 15, 23, 0, 0, 0, 0, 0, 0, 0, 10, 0, 0, 0, 0, 16, 16, 0, 20, : 15, 20, 15, 15, 15, 15, 15, 15, 15, 15, 15, 15, 15, 8, 15, 22, 16, 9, 1, 4, 20, 15, 15, 23, 10, 16, 16, 20, 
42: 0, 0, 28, 15, 0, 15, 0, 0, 0, 0, 24, 0, 15, 0, 0, 0, 7, 0, 0, 0, 0, 0, 19, 0, 15, 21, 23, 0, 15, 0, 10, 0, 15, 15, 0, 0, 0, 0, 0, 0, 0, 0, 15, 0, 20, 0, 0, 19, 0, 22, 15, 15, 0, 0, 0, 15, 15, 0, 0, 0, 15, 0, 15, 17, 0, 39, 0, 15, 15, 0, 0, 0, 0, 0, 0, 0, 0, 18, 0, 26, 0, 15, 0, 0, 16, 0, 14, 0, 17, 0, 0, 0, 35, 0, 0, 0, 0, 15, 15, 15, : 28, 15, 15, 24, 15, 7, 19, 15, 21, 23, 15, 10, 15, 15, 15, 20, 19, 22, 15, 15, 15, 15, 15, 15, 17, 39, 15, 15, 18, 26, 15, 16, 14, 17, 35, 15, 15, 15, 
113: 0, 0, 0, 0, 0, 2, 0, 0, 20, 0, 0, 15, 0, 0, 0, 0, 17, 15, 0, 0, 0, 0, 0, 0, 28, 0, 8, 29, 0, 0, 15, 0, 0, 0, 15, 0, 0, 15, 0, 0, 15, 0, 0, 0, 0, 0, 0, 0, 0, 0, 17, 7, 0, 0, 0, 0, 0, 0, 0, 2, 15, 0, 15, 0, 15, 0, 0, 15, 18, 0, 0, 0, 0, 0, 15, 0, 17, 0, 0, 0, 19, 0, 0, 0, 0, 15, 0, 16, 0, 15, 0, 0, 17, 0, 0, 5, 0, 0, 0, 0, : 2, 20, 15, 17, 15, 28, 8, 29, 15, 15, 15, 15, 17, 7, 2, 15, 15, 15, 15, 18, 15, 17, 19, 15, 16, 15, 17, 5, 
199: 0, 0, 0, 0, 0, 0, 18, 0, 15, 15, 0, 17, 0, 0, 0, 15, 15, 0, 0, 15, 0, 17, 0, 20, 0, 0, 0, 0, 16, 15, 0, 16, 15, 0, 0, 0, 0, 10, 15, 0, 0, 1, 0, 0, 15, 0, 15, 0, 9, 0, 0, 0, 0, 15, 0, 0, 0, 0, 0, 0, 0, 11, 0, 28, 15, 0, 0, 0, 0, 17, 0, 0, 0, 15, 15, 15, 0, 0, 16, 0, 0, 0, 0, 0, 0, 0, 0, 0, 15, 0, 0, 0, 0, 0, 0, 15, 0, 6, 6, 0, : 18, 15, 15, 17, 15, 15, 15, 17, 20, 16, 15, 16, 15, 10, 15, 1, 15, 15, 9, 15, 11, 28, 15, 17, 15, 15, 15, 16, 15, 15, 6, 6, 
68: 0, 0, 0, 0, 16, 15, 0, 0, 0, 0, 0, 0, 15, 7, 0, 0, 0, 0, 15, 18, 0, 0, 0, 16, 0, 0, 0, 16, 0, 0, 0, 0, 0, 0, 0, 0, 0, 0, 15, 15, 16, 21, 0, 0, 15, 15, 0, 0, 0, 15, 15, 16, 15, 0, 15, 0, 15, 0, 0, 0, 0, 19, 0, 0, 0, 16, 0, 0, 0, 0, 15, 0, 0, 25, 0, 0, 0, 0, 0, 22, 19, 0, 0, 15, 9, 0, 18, 5, 16, 0, 0, 26, 0, 15, 17, 15, 6, 17, 28, 18, : 16, 15, 15, 7, 15, 18, 16, 16, 15, 15, 16, 21, 15, 15, 15, 15, 16, 15, 15, 15, 19, 16, 15, 25, 22, 19, 15, 9, 18, 5, 16, 26, 15, 17, 15, 6, 17, 28, 18, 
30: 15, 0, 0, 0, 0, 0, 0, 11, 0, 9, 0, 0, 0, 0, 15, 15, 0, 22, 0, 0, 0, 16, 0, 0, 0, 0, 19, 0, 0, 0, 0, 0, 0, 0, 0, 0, 15, 15, 18, 0, 0, 0, 15, 20, 0, 0, 10, 15, 16, 0, 0, 0, 0, 0, 0, 28, 0, 0, 15, 15, 0, 15, 0, 0, 0, 0, 0, 18, 0, 0, 0, 0, 0, 0, 0, 0, 0, 0, 0, 15, 0, 17, 0, 0, 0, 0, 0, 15, 0, 17, 0, 0, 15, 0, 0, 20, 0, 0, 0, 15, : 15, 11, 9, 15, 15, 22, 16, 19, 15, 15, 18, 15, 20, 10, 15, 16, 28, 15, 15, 15, 18, 15, 17, 15, 17, 15, 20, 15, 
105: 0, 0, 0, 0, 0, 0, 0, 0, 0, 0, 0, 0, 10, 0, 0, 17, 16, 0, 0, 0, 0, 0, 0, 0, 0, 0, 0, 0, 3, 15, 0, 0, 10, 0, 15, 15, 0, 0, 7, 15, 0, 18, 0, 0, 0, 15, 0, 0, 0, 0, 0, 0, 0, 28, 17, 0, 0, 0, 15, 15, 15, 0, 0, 0, 0, 0, 17, 0, 19, 0, 15, 0, 15, 0, 0, 0, 10, 0, 17, 0, 0, 0, 0, 11, 0, 0, 15, 0, 16, 0, 15, 15, 0, 0, 0, 15, 0, 0, 20, 0, : 10, 17, 16, 3, 15, 10, 15, 15, 7, 15, 18, 15, 28, 17, 15, 15, 15, 17, 19, 15, 15, 10, 17, 11, 15, 16, 15, 15, 15, 20, 
103: 0, 29, 18, 0, 0, 0, 17, 15, 0, 0, 0, 0, 0, 0, 0, 0, 15, 0, 0, 15, 0, 0, 15, 0, 0, 0, 15, 10, 0, 0, 15, 0, 0, 0, 0, 24, 17, 0, 15, 0, 18, 15, 0, 0, 0, 0, 0, 0, 0, 15, 15, 0, 15, 0, 0, 0, 15, 0, 0, 0, 0, 0, 15, 0, 0, 0, 0, 0, 0, 0, 0, 7, 15, 0, 0, 0, 17, 15, 0, 0, 0, 2, 0, 0, 0, 0, 0, 0, 0, 0, 5, 0, 0, 0, 0, 15, 0, 0, 0, 0, : 29, 18, 17, 15, 15, 15, 15, 15, 10, 15, 24, 17, 15, 18, 15, 15, 15, 15, 15, 15, 7, 15, 17, 15, 2, 5, 15, 
63: 5, 6, 9, 0, 0, 0, 0, 0, 16, 0, 15, 0, 0, 0, 0, 0, 15, 0, 0, 0, 15, 0, 18, 15, 15, 16, 0, 15, 0, 8, 0, 0, 0, 15, 0, 0, 0, 0, 0, 19, 0, 0, 0, 0, 0, 0, 0, 0, 0, 0, 0, 0, 6, 9, 0, 0, 10, 15, 0, 0, 0, 0, 0, 0, 15, 0, 0, 7, 15, 0, 0, 0, 17, 0, 9, 15, 0, 0, 0, 0, 0, 0, 22, 0, 15, 12, 0, 0, 15, 0, 0, 0, 0, 0, 18, 15, 0, 15, 0, 0, : 5, 6, 9, 16, 15, 15, 15, 18, 15, 15, 16, 15, 8, 15, 19, 6, 9, 10, 15, 15, 7, 15, 17, 9, 15, 22, 15, 12, 15, 18, 15, 15, 
171: 0, 0, 0, 15, 0, 0, 0, 0, 0, 15, 15, 0, 0, 31, 0, 15, 0, 19, 15, 0, 0, 0, 15, 0, 0, 0, 0, 0, 0, 15, 15, 0, 0, 15, 0, 0, 22, 0, 0, 0, 0, 0, 21, 17, 15, 15, 19, 0, 18, 18, 0, 0, 19, 0, 17, 22, 0, 20, 0, 0, 15, 0, 0, 16, 0, 0, 0, 15, 17, 0, 0, 0, 0, 0, 0, 15, 0, 6, 0, 22, 0, 0, 0, 0, 0, 0, 0, 15, 0, 0, 0, 0, 15, 0, 0, 0, 0, 0, 0, 0, : 15, 15, 15, 31, 15, 19, 15, 15, 15, 15, 15, 22, 21, 17, 15, 15, 19, 18, 18, 19, 17, 22, 20, 15, 16, 15, 17, 15, 6, 22, 15, 15, 
14: 16, 0, 0, 0, 0, 18, 16, 21, 0, 16, 15, 4, 0, 0, 15, 0, 0, 15, 0, 7, 0, 5, 0, 0, 11, 0, 0, 15, 0, 16, 0, 15, 15, 0, 15, 0, 0, 0, 0, 0, 16, 0, 0, 15, 0, 0, 0, 15, 0, 0, 0, 15, 15, 0, 0, 15, 0, 0, 0, 0, 9, 0, 0, 0, 15, 0, 0, 0, 0, 0, 0, 16, 0, 1, 0, 18, 0, 15, 0, 0, 17, 15, 15, 0, 0, 0, 0, 0, 0, 15, 15, 0, 0, 15, 15, 0, 15, 0, 0, 0, : 16, 18, 16, 21, 16, 15, 4, 15, 15, 7, 5, 11, 15, 16, 15, 15, 15, 16, 15, 15, 15, 15, 15, 9, 15, 16, 1, 18, 15, 17, 15, 15, 15, 15, 15, 15, 15, 
158: 0, 0, 15, 0, 15, 0, 0, 23, 0, 15, 0, 0, 15, 0, 0, 0, 0, 0, 15, 15, 13, 15, 0, 0, 15, 0, 20, 0, 0, 0, 15, 15, 0, 0, 0, 0, 0, 15, 0, 0, 0, 0, 0, 0, 0, 0, 16, 17, 0, 0, 0, 16, 15, 0, 0, 0, 0, 0, 0, 0, 0, 0, 6, 15, 0, 0, 15, 0, 0, 0, 7, 0, 29, 0, 16, 0, 0, 15, 15, 0, 14, 15, 16, 0, 15, 17, 0, 0, 6, 0, 0, 0, 3, 18, 16, 0, 0, 16, 0, 16, : 15, 15, 23, 15, 15, 15, 15, 13, 15, 15, 20, 15, 15, 15, 16, 17, 16, 15, 6, 15, 15, 7, 29, 16, 15, 15, 14, 15, 16, 15, 17, 6, 3, 18, 16, 16, 16, 


60: 16, 18, 0, 0, 15, 0, 0, 16, 15, 0, 15, 15, 0, 0, 34, 16, 0, 0, 0, 0, 0, 15, 0, 0, 0, 0, 0, 0, 10, 0, 0, 0, 0, 0, 0, 22, 0, 0, 0, 6, 0, 0, 15, 0, 18, 27, 0, 0, 0, 0, 0, 0, 15, 0, 0, 0, 0, 0, 16, 0, 0, 0, 8, 15, 20, 0, 15, 0, 0, 0, 0, 15, 15, 0, 19, 0, 0, 15, 0, 0, 0, 21, 0, 21, 0, 0, 17, 0, 0, 0, 0, 0, 10, 0, 16, 3, 0, 0, 0, 0, : 16, 18, 15, 16, 15, 15, 15, 34, 16, 15, 10, 22, 6, 15, 18, 27, 15, 16, 8, 15, 20, 15, 15, 15, 19, 15, 21, 21, 17, 10, 16, 3, 
172: 0, 0, 0, 0, 0, 0, 3, 0, 13, 0, 0, 0, 0, 0, 0, 0, 0, 0, 0, 0, 0, 0, 15, 20, 0, 0, 15, 0, 0, 12, 0, 0, 0, 0, 0, 0, 16, 0, 24, 0, 16, 0, 0, 15, 0, 16, 15, 15, 0, 0, 15, 0, 6, 0, 15, 15, 18, 0, 0, 15, 0, 15, 0, 0, 20, 15, 0, 0, 0, 0, 16, 0, 0, 0, 0, 16, 24, 15, 0, 0, 16, 0, 0, 0, 0, 0, 0, 0, 0, 0, 0, 15, 0, 0, 15, 0, 0, 21, 0, 15, : 3, 13, 15, 20, 15, 12, 16, 24, 16, 15, 16, 15, 15, 15, 6, 15, 15, 18, 15, 15, 20, 15, 16, 16, 24, 15, 16, 15, 15, 21, 15, 
169: 0, 0, 15, 15, 15, 0, 0, 0, 0, 0, 15, 9, 0, 0, 0, 0, 0, 0, 0, 0, 0, 0, 0, 0, 20, 0, 0, 0, 0, 0, 0, 0, 0, 0, 15, 0, 15, 0, 0, 0, 0, 0, 0, 0, 0, 0, 15, 0, 13, 0, 0, 0, 0, 0, 15, 0, 0, 15, 0, 17, 0, 0, 15, 15, 0, 0, 15, 0, 0, 31, 0, 0, 0, 22, 15, 0, 16, 15, 16, 0, 0, 15, 15, 24, 0, 1, 0, 0, 0, 16, 0, 0, 15, 0, 0, 0, 0, 0, 15, 0, : 15, 15, 15, 15, 9, 20, 15, 15, 15, 13, 15, 15, 17, 15, 15, 15, 31, 22, 15, 16, 15, 16, 15, 15, 24, 1, 16, 15, 15, 
91: 0, 15, 15, 0, 0, 17, 15, 0, 15, 16, 0, 15, 0, 0, 0, 0, 0, 15, 0, 17, 0, 0, 15, 0, 15, 0, 0, 10, 0, 22, 0, 0, 0, 15, 15, 0, 9, 15, 0, 0, 0, 0, 15, 0, 0, 0, 0, 19, 24, 3, 20, 0, 0, 0, 19, 16, 0, 0, 18, 0, 15, 0, 0, 0, 15, 0, 0, 0, 15, 18, 0, 0, 0, 15, 0, 16, 0, 0, 15, 0, 0, 0, 0, 15, 0, 0, 15, 0, 15, 19, 0, 0, 0, 13, 0, 15, 0, 0, 0, 6, : 15, 15, 17, 15, 15, 16, 15, 15, 17, 15, 15, 10, 22, 15, 15, 9, 15, 15, 19, 24, 3, 20, 19, 16, 18, 15, 15, 15, 18, 15, 16, 15, 15, 15, 15, 19, 13, 15, 6, 
185: 30, 0, 15, 15, 0, 0, 0, 0, 0, 0, 0, 0, 6, 15, 0, 0, 0, 0, 15, 0, 0, 0, 0, 0, 0, 17, 0, 0, 33, 0, 0, 0, 0, 0, 0, 15, 0, 0, 12, 15, 0, 15, 0, 0, 0, 0, 0, 0, 15, 0, 0, 0, 0, 16, 0, 15, 0, 0, 0, 0, 17, 0, 15, 19, 0, 0, 0, 0, 0, 15, 18, 0, 18, 0, 0, 0, 0, 0, 0, 0, 0, 17, 0, 0, 15, 0, 0, 0, 0, 0, 0, 0, 15, 0, 0, 0, 0, 0, 0, 0, : 30, 15, 15, 6, 15, 15, 17, 33, 15, 12, 15, 15, 15, 16, 15, 17, 15, 19, 15, 18, 18, 17, 15, 15, 
108: 0, 0, 0, 0, 0, 0, 0, 0, 0, 0, 0, 0, 0, 23, 28, 24, 15, 0, 15, 0, 0, 0, 0, 15, 16, 0, 0, 0, 0, 0, 15, 0, 0, 0, 0, 0, 15, 0, 0, 0, 0, 19, 0, 0, 0, 15, 0, 0, 0, 0, 0, 15, 0, 0, 0, 0, 15, 20, 0, 0, 0, 0, 0, 0, 0, 0, 0, 0, 0, 0, 0, 0, 0, 0, 0, 0, 15, 0, 8, 16, 7, 0, 0, 15, 0, 22, 0, 19, 0, 16, 0, 21, 0, 0, 0, 0, 0, 0, 0, 0, : 23, 28, 24, 15, 15, 15, 16, 15, 15, 19, 15, 15, 15, 20, 15, 8, 16, 7, 15, 22, 19, 16, 21, 
125: 4, 16, 0, 15, 0, 16, 0, 0, 0, 15, 0, 0, 16, 16, 0, 0, 0, 15, 15, 15, 0, 0, 0, 0, 0, 15, 16, 0, 0, 0, 0, 15, 0, 0, 0, 15, 0, 0, 34, 0, 14, 0, 16, 0, 0, 0, 0, 0, 0, 0, 15, 0, 0, 0, 3, 0, 27, 0, 0, 15, 0, 0, 0, 0, 0, 15, 0, 0, 15, 0, 14, 0, 15, 0, 15, 18, 15, 10, 0, 9, 15, 20, 19, 0, 0, 0, 0, 0, 15, 0, 0, 0, 0, 0, 15, 0, 0, 26, 16, 15, : 4, 16, 15, 16, 15, 16, 16, 15, 15, 15, 15, 16, 15, 15, 34, 14, 16, 15, 3, 27, 15, 15, 15, 14, 15, 15, 18, 15, 10, 9, 15, 20, 19, 15, 15, 26, 16, 15, 
143: 0, 0, 0, 0, 0, 0, 0, 0, 0, 15, 0, 0, 15, 0, 0, 0, 0, 15, 15, 0, 15, 0, 0, 0, 15, 0, 21, 15, 0, 0, 0, 0, 16, 0, 8, 29, 0, 0, 0, 0, 0, 0, 0, 0, 15, 0, 15, 0, 16, 20, 15, 25, 0, 0, 15, 0, 0, 19, 15, 0, 15, 16, 0, 0, 0, 0, 15, 16, 0, 15, 17, 11, 17, 0, 0, 0, 0, 0, 0, 15, 16, 0, 14, 0, 0, 0, 0, 0, 15, 0, 0, 15, 15, 0, 0, 15, 0, 15, 0, 0, : 15, 15, 15, 15, 15, 15, 21, 15, 16, 8, 29, 15, 15, 16, 20, 15, 25, 15, 19, 15, 15, 16, 15, 16, 15, 17, 11, 17, 15, 16, 14, 15, 15, 15, 15, 15, 
55: 0, 0, 0, 0, 0, 0, 0, 0, 0, 0, 15, 0, 16, 0, 0, 0, 15, 0, 0, 0, 15, 1, 0, 0, 0, 0, 13, 0, 0, 0, 0, 1, 17, 24, 17, 0, 0, 0, 0, 0, 18, 0, 15, 0, 6, 0, 8, 0, 0, 15, 24, 15, 0, 0, 0, 0, 15, 0, 0, 0, 0, 19, 0, 0, 15, 0, 17, 3, 0, 0, 0, 0, 0, 0, 0, 15, 0, 0, 0, 0, 0, 0, 15, 15, 30, 0, 6, 0, 1, 0, 0, 0, 0, 0, 15, 21, 0, 0, 0, 0, : 15, 16, 15, 15, 1, 13, 1, 17, 24, 17, 18, 15, 6, 8, 15, 24, 15, 15, 19, 15, 17, 3, 15, 15, 15, 30, 6, 1, 15, 21, 
20: 15, 0, 15, 0, 0, 24, 0, 6, 0, 0, 0, 16, 0, 0, 0, 0, 9, 15, 15, 15, 0, 25, 0, 19, 4, 0, 0, 0, 17, 0, 0, 0, 0, 0, 0, 2, 0, 22, 0, 0, 0, 0, 0, 0, 0, 0, 0, 0, 0, 0, 0, 0, 0, 0, 0, 9, 0, 0, 15, 0, 0, 0, 15, 0, 0, 0, 0, 0, 0, 15, 0, 0, 0, 0, 0, 4, 0, 0, 0, 0, 0, 0, 15, 10, 0, 15, 22, 0, 0, 0, 0, 34, 15, 0, 0, 15, 15, 0, 0, 0, : 15, 15, 24, 6, 16, 9, 15, 15, 15, 25, 19, 4, 17, 2, 22, 9, 15, 15, 15, 4, 15, 10, 15, 22, 34, 15, 15, 15, 
156: 20, 15, 0, 0, 0, 0, 21, 16, 0, 15, 0, 0, 0, 0, 18, 0, 16, 0, 0, 0, 8, 23, 15, 0, 15, 0, 20, 15, 15, 0, 0, 15, 0, 0, 0, 0, 15, 0, 0, 0, 0, 35, 0, 18, 15, 0, 0, 21, 16, 0, 0, 0, 0, 15, 18, 0, 0, 0, 0, 0, 15, 0, 0, 19, 0, 0, 0, 0, 15, 0, 0, 0, 15, 15, 0, 0, 0, 15, 18, 0, 0, 0, 0, 0, 0, 0, 0, 0, 0, 0, 26, 0, 15, 15, 0, 0, 0, 0, 20, 15, : 20, 15, 21, 16, 15, 18, 16, 8, 23, 15, 15, 20, 15, 15, 15, 15, 35, 18, 15, 21, 16, 15, 18, 15, 19, 15, 15, 15, 15, 18, 26, 15, 15, 20, 15, 
139: 0, 0, 0, 0, 0, 0, 0, 0, 0, 0, 24, 0, 0, 0, 0, 0, 15, 4, 0, 0, 0, 0, 10, 15, 0, 0, 0, 15, 0, 0, 3, 0, 15, 0, 0, 0, 0, 17, 0, 0, 20, 0, 0, 15, 0, 0, 0, 0, 0, 15, 0, 0, 0, 0, 0, 0, 0, 15, 0, 0, 19, 0, 15, 0, 0, 15, 0, 21, 0, 0, 0, 15, 0, 0, 0, 15, 0, 0, 28, 0, 15, 0, 0, 0, 0, 0, 0, 34, 24, 15, 0, 0, 0, 23, 15, 0, 7, 21, 0, 17, : 24, 15, 4, 10, 15, 15, 3, 15, 17, 20, 15, 15, 15, 19, 15, 15, 21, 15, 15, 28, 15, 34, 24, 15, 23, 15, 7, 21, 17, 
35: 0, 15, 17, 0, 16, 0, 15, 15, 0, 0, 0, 0, 15, 16, 0, 12, 0, 0, 0, 0, 15, 0, 15, 0, 0, 0, 0, 0, 0, 15, 27, 0, 17, 0, 15, 0, 0, 0, 0, 0, 0, 0, 0, 5, 0, 0, 15, 0, 0, 0, 0, 0, 0, 3, 0, 15, 0, 16, 6, 15, 0, 13, 0, 0, 0, 0, 0, 15, 0, 0, 15, 0, 15, 0, 0, 0, 0, 15, 0, 15, 0, 16, 0, 0, 0, 15, 0, 0, 0, 0, 15, 0, 0, 15, 0, 0, 0, 0, 14, 0, : 15, 17, 16, 15, 15, 15, 16, 12, 15, 15, 15, 27, 17, 15, 5, 15, 3, 15, 16, 6, 15, 13, 15, 15, 15, 15, 15, 16, 15, 15, 15, 14, 
177: 0, 0, 0, 0, 15, 0, 0, 16, 0, 0, 0, 0, 0, 0, 0, 0, 0, 15, 0, 19, 0, 36, 0, 0, 0, 15, 0, 0, 0, 0, 24, 17, 5, 0, 0, 0, 15, 0, 0, 17, 17, 0, 0, 17, 15, 0, 15, 21, 16, 0, 0, 15, 0, 15, 15, 0, 0, 0, 0, 19, 0, 0, 0, 0, 15, 0, 15, 0, 0, 0, 0, 0, 0, 0, 0, 0, 0, 0, 0, 0, 0, 11, 0, 0, 0, 0, 0, 2, 0, 0, 0, 0, 0, 0, 9, 0, 25, 0, 0, 0, : 15, 16, 15, 19, 36, 15, 24, 17, 5, 15, 17, 17, 17, 15, 15, 21, 16, 15, 15, 15, 19, 15, 15, 11, 2, 9, 25, 
26: 15, 15, 0, 15, 15, 0, 0, 0, 0, 8, 0, 0, 17, 15, 0, 15, 0, 21, 0, 16, 0, 0, 0, 0, 15, 4, 0, 0, 0, 36, 0, 0, 15, 16, 0, 17, 0, 16, 0, 15, 0, 0, 0, 15, 0, 0, 17, 0, 0, 0, 0, 15, 15, 15, 0, 0, 15, 0, 0, 0, 19, 0, 0, 15, 0, 0, 0, 15, 0, 0, 0, 0, 0, 0, 4, 0, 15, 15, 0, 0, 16, 0, 0, 0, 15, 15, 0, 15, 0, 34, 14, 0, 0, 15, 0, 16, 15, 0, 19, 15, : 15, 15, 15, 15, 8, 17, 15, 15, 21, 16, 15, 4, 36, 15, 16, 17, 16, 15, 15, 17, 15, 15, 15, 15, 19, 15, 15, 4, 15, 15, 16, 15, 15, 15, 34, 14, 15, 16, 15, 19, 15, 
34: 0, 0, 0, 0, 5, 10, 0, 0, 18, 0, 15, 0, 0, 0, 0, 0, 15, 0, 10, 18, 0, 0, 0, 0, 0, 0, 15, 15, 0, 0, 15, 0, 0, 15, 0, 0, 0, 0, 0, 0, 0, 16, 24, 0, 0, 0, 0, 0, 0, 32, 0, 0, 15, 0, 0, 0, 0, 0, 15, 0, 0, 15, 15, 0, 0, 15, 8, 15, 8, 0, 0, 29, 5, 0, 0, 0, 15, 0, 15, 0, 15, 0, 0, 0, 0, 0, 0, 15, 0, 0, 15, 0, 0, 0, 0, 0, 0, 0, 0, 0, : 5, 10, 18, 15, 15, 10, 18, 15, 15, 15, 15, 16, 24, 32, 15, 15, 15, 15, 15, 8, 15, 8, 29, 5, 15, 15, 15, 15, 15, 
99: 0, 0, 7, 22, 0, 15, 15, 0, 0, 16, 0, 15, 0, 15, 5, 0, 0, 0, 0, 0, 0, 0, 0, 18, 0, 0, 0, 15, 25, 0, 0, 0, 0, 0, 0, 0, 0, 15, 0, 0, 0, 0, 0, 0, 16, 0, 0, 0, 0, 0, 0, 15, 0, 16, 0, 0, 10, 15, 0, 0, 0, 0, 17, 17, 0, 16, 15, 0, 0, 0, 0, 15, 0, 15, 0, 0, 0, 0, 0, 15, 0, 0, 22, 0, 15, 15, 20, 0, 15, 0, 0, 15, 0, 19, 0, 0, 0, 0, 0, 0, : 7, 22, 15, 15, 16, 15, 15, 5, 18, 15, 25, 15, 16, 15, 16, 10, 15, 17, 17, 16, 15, 15, 15, 15, 22, 15, 15, 20, 15, 15, 19, 
77: 0, 6, 16, 3, 0, 0, 0, 16, 15, 15, 0, 15, 0, 0, 0, 15, 0, 0, 0, 0, 0, 0, 15, 13, 0, 0, 0, 0, 0, 0, 0, 17, 0, 15, 0, 0, 15, 0, 0, 15, 15, 0, 15, 15, 0, 27, 0, 9, 0, 0, 0, 0, 15, 0, 0, 0, 0, 0, 0, 3, 0, 22, 0, 0, 0, 9, 0, 15, 31, 0, 0, 0, 0, 15, 16, 0, 0, 0, 0, 15, 0, 0, 0, 0, 0, 0, 0, 15, 15, 0, 15, 0, 0, 0, 0, 0, 15, 2, 0, 0, : 6, 16, 3, 16, 15, 15, 15, 15, 15, 13, 17, 15, 15, 15, 15, 15, 15, 27, 9, 15, 3, 22, 9, 15, 31, 15, 16, 15, 15, 15, 15, 15, 2, 
36: 0, 0, 0, 15, 19, 0, 16, 0, 24, 0, 0, 0, 0, 0, 0, 18, 15, 0, 15, 0, 32, 0, 15, 0, 0, 34, 0, 0, 0, 0, 0, 20, 15, 0, 15, 0, 0, 15, 15, 15, 0, 15, 0, 0, 15, 15, 0, 0, 0, 0, 11, 0, 19, 20, 0, 15, 0, 0, 0, 0, 0, 0, 0, 0, 0, 0, 0, 0, 16, 0, 0, 0, 0, 0, 15, 0, 0, 0, 0, 0, 0, 0, 0, 0, 17, 0, 20, 0, 0, 0, 15, 0, 0, 0, 0, 0, 0, 0, 0, 0, : 15, 19, 16, 24, 18, 15, 15, 32, 15, 34, 20, 15, 15, 15, 15, 15, 15, 15, 15, 11, 19, 20, 15, 16, 15, 17, 20, 15, 
51: 0, 0, 0, 0, 0, 18, 15, 15, 0, 0, 16, 15, 15, 0, 15, 0, 0, 0, 0, 0, 15, 0, 0, 0, 0, 15, 0, 15, 0, 15, 16, 15, 0, 15, 15, 0, 0, 0, 15, 17, 0, 0, 0, 0, 0, 0, 0, 15, 0, 15, 0, 0, 15, 0, 0, 15, 0, 0, 15, 16, 0, 0, 0, 0, 15, 15, 0, 0, 0, 6, 20, 15, 0, 18, 16, 16, 0, 0, 0, 15, 0, 0, 0, 0, 8, 17, 0, 0, 0, 0, 0, 0, 15, 0, 15, 15, 23, 15, 16, 17, : 18, 15, 15, 16, 15, 15, 15, 15, 15, 15, 15, 16, 15, 15, 15, 15, 17, 15, 15, 15, 15, 15, 16, 15, 15, 6, 20, 15, 18, 16, 16, 15, 8, 17, 15, 15, 15, 23, 15, 16, 17, 


83: 0, 0, 3, 0, 15, 16, 15, 0, 15, 0, 0, 0, 15, 0, 9, 0, 0, 0, 0, 15, 0, 0, 14, 0, 0, 0, 15, 15, 0, 0, 0, 0, 15, 0, 0, 0, 0, 2, 22, 16, 22, 0, 15, 0, 0, 0, 0, 0, 15, 2, 21, 15, 0, 0, 0, 11, 0, 0, 0, 0, 0, 15, 0, 15, 15, 6, 21, 0, 0, 0, 0, 0, 0, 0, 5, 0, 0, 0, 0, 0, 16, 0, 0, 0, 0, 0, 0, 15, 0, 0, 0, 17, 24, 0, 15, 0, 0, 0, 0, 0, : 3, 15, 16, 15, 15, 15, 9, 15, 14, 15, 15, 15, 2, 22, 16, 22, 15, 15, 2, 21, 15, 11, 15, 15, 15, 6, 21, 5, 16, 15, 17, 24, 15, 
131: 0, 0, 0, 15, 0, 0, 0, 0, 0, 15, 0, 0, 18, 0, 0, 15, 0, 0, 0, 0, 15, 15, 19, 15, 0, 0, 16, 0, 0, 0, 0, 0, 12, 19, 15, 15, 0, 0, 0, 15, 0, 0, 0, 0, 0, 15, 15, 0, 0, 0, 0, 15, 0, 6, 15, 0, 0, 0, 0, 0, 0, 0, 15, 0, 7, 0, 17, 0, 15, 0, 0, 0, 0, 22, 15, 15, 0, 0, 15, 0, 0, 0, 0, 14, 0, 0, 0, 0, 15, 0, 0, 19, 0, 0, 0, 15, 0, 0, 0, 29, : 15, 15, 18, 15, 15, 15, 19, 15, 16, 12, 19, 15, 15, 15, 15, 15, 15, 6, 15, 15, 7, 17, 15, 22, 15, 15, 15, 14, 15, 19, 15, 29, 
85: 0, 23, 0, 0, 15, 0, 0, 0, 0, 10, 0, 0, 0, 0, 0, 16, 0, 7, 0, 0, 0, 0, 0, 0, 0, 0, 16, 0, 0, 0, 15, 0, 0, 0, 0, 0, 15, 0, 0, 0, 0, 15, 0, 0, 0, 0, 26, 12, 15, 16, 15, 0, 0, 15, 0, 0, 15, 15, 0, 15, 0, 0, 0, 0, 0, 0, 0, 19, 15, 0, 0, 0, 15, 0, 0, 15, 0, 0, 15, 0, 2, 15, 0, 0, 20, 19, 15, 34, 0, 18, 22, 0, 0, 15, 0, 0, 15, 15, 17, 0, : 23, 15, 10, 16, 7, 16, 15, 15, 15, 26, 12, 15, 16, 15, 15, 15, 15, 15, 19, 15, 15, 15, 15, 2, 15, 20, 19, 15, 34, 18, 22, 15, 15, 15, 17, 
155: 0, 0, 15, 15, 15, 0, 23, 0, 0, 0, 0, 0, 0, 0, 0, 0, 0, 0, 0, 17, 0, 0, 0, 0, 0, 16, 0, 26, 0, 0, 15, 6, 0, 0, 0, 0, 0, 0, 15, 0, 0, 15, 15, 0, 0, 15, 0, 0, 0, 0, 12, 0, 0, 0, 0, 0, 0, 0, 19, 15, 0, 0, 18, 15, 16, 0, 15, 0, 0, 18, 0, 0, 0, 0, 0, 0, 15, 0, 15, 17, 0, 0, 15, 0, 0, 0, 0, 0, 0, 0, 0, 0, 0, 0, 15, 0, 0, 0, 0, 0, : 15, 15, 15, 23, 17, 16, 26, 15, 6, 15, 15, 15, 15, 12, 19, 15, 18, 15, 16, 15, 18, 15, 15, 17, 15, 15, 
180: 16, 15, 0, 0, 0, 19, 0, 16, 15, 0, 0, 16, 0, 0, 18, 0, 0, 0, 0, 17, 0, 0, 0, 13, 0, 0, 0, 15, 0, 15, 0, 17, 0, 0, 15, 21, 0, 0, 0, 0, 0, 15, 0, 17, 0, 15, 16, 0, 15, 0, 0, 15, 24, 0, 0, 0, 0, 0, 11, 0, 17, 0, 0, 21, 0, 0, 16, 0, 0, 0, 15, 0, 18, 0, 0, 0, 0, 0, 0, 0, 0, 0, 0, 0, 0, 17, 0, 0, 0, 15, 0, 0, 0, 15, 0, 0, 0, 19, 0, 0, : 16, 15, 19, 16, 15, 16, 18, 17, 13, 15, 15, 17, 15, 21, 15, 17, 15, 16, 15, 15, 24, 11, 17, 21, 16, 15, 18, 17, 15, 15, 19, 
56: 0, 0, 16, 0, 0, 0, 0, 0, 0, 15, 16, 15, 15, 0, 0, 0, 0, 0, 0, 0, 0, 0, 0, 0, 15, 0, 0, 0, 15, 18, 0, 0, 24, 0, 0, 0, 0, 0, 0, 0, 15, 0, 26, 0, 6, 23, 0, 27, 0, 0, 0, 0, 15, 0, 2, 0, 0, 0, 0, 0, 15, 15, 0, 0, 0, 15, 0, 0, 0, 0, 0, 0, 17, 0, 20, 16, 0, 0, 10, 0, 0, 0, 0, 0, 0, 15, 0, 0, 0, 0, 17, 0, 15, 0, 0, 0, 0, 0, 0, 17, : 16, 15, 16, 15, 15, 15, 15, 18, 24, 15, 26, 6, 23, 27, 15, 2, 15, 15, 15, 17, 20, 16, 10, 15, 17, 15, 17, 
134: 0, 0, 0, 0, 0, 0, 13, 0, 0, 0, 0, 0, 0, 0, 22, 15, 0, 21, 0, 0, 0, 15, 0, 15, 15, 0, 0, 0, 0, 0, 0, 0, 0, 0, 0, 0, 0, 16, 0, 15, 0, 0, 0, 0, 15, 0, 0, 0, 0, 0, 15, 16, 16, 0, 17, 15, 0, 0, 15, 15, 15, 0, 0, 0, 0, 0, 0, 16, 0, 0, 12, 19, 0, 0, 0, 0, 0, 0, 0, 6, 0, 9, 0, 0, 17, 19, 15, 0, 0, 0, 0, 0, 0, 15, 0, 18, 0, 15, 12, 0, : 13, 22, 15, 21, 15, 15, 15, 16, 15, 15, 15, 16, 16, 17, 15, 15, 15, 15, 16, 12, 19, 6, 9, 17, 19, 15, 15, 18, 15, 12, 
194: 0, 14, 16, 0, 16, 0, 0, 15, 15, 15, 15, 0, 0, 33, 17, 0, 0, 0, 0, 0, 0, 0, 0, 15, 0, 17, 0, 0, 0, 15, 15, 0, 0, 15, 15, 0, 24, 15, 0, 15, 0, 16, 0, 0, 0, 0, 15, 0, 0, 21, 0, 0, 0, 0, 0, 0, 0, 15, 0, 0, 16, 0, 0, 0, 0, 0, 0, 15, 0, 0, 16, 15, 0, 0, 0, 0, 15, 0, 15, 0, 0, 16, 0, 0, 0, 0, 0, 0, 0, 15, 15, 0, 0, 0, 0, 0, 0, 15, 0, 0, : 14, 16, 16, 15, 15, 15, 15, 33, 17, 15, 17, 15, 15, 15, 15, 24, 15, 15, 16, 15, 21, 15, 16, 15, 16, 15, 15, 15, 16, 15, 15, 15, 
104: 0, 0, 0, 15, 0, 15, 0, 15, 0, 0, 17, 0, 15, 15, 0, 0, 0, 0, 4, 0, 0, 0, 0, 27, 17, 0, 16, 0, 10, 0, 0, 0, 15, 0, 20, 12, 0, 0, 0, 0, 0, 9, 14, 0, 34, 15, 0, 0, 0, 0, 22, 0, 0, 15, 15, 15, 15, 0, 0, 0, 0, 0, 0, 0, 15, 0, 0, 0, 15, 16, 0, 0, 0, 0, 0, 0, 15, 0, 0, 0, 15, 15, 0, 25, 18, 0, 0, 0, 0, 0, 15, 7, 0, 0, 0, 0, 0, 17, 0, 0, : 15, 15, 15, 17, 15, 15, 4, 27, 17, 16, 10, 15, 20, 12, 9, 14, 34, 15, 22, 15, 15, 15, 15, 15, 15, 16, 15, 15, 15, 25, 18, 15, 7, 17, 
59: 15, 0, 0, 0, 0, 0, 0, 0, 0, 0, 0, 0, 0, 0, 0, 17, 0, 0, 16, 0, 15, 15, 17, 15, 15, 21, 7, 0, 0, 22, 16, 0, 0, 0, 0, 0, 15, 0, 15, 0, 18, 0, 15, 0, 15, 17, 0, 0, 0, 0, 0, 8, 0, 17, 0, 15, 0, 15, 0, 19, 0, 15, 0, 16, 0, 0, 0, 0, 0, 15, 0, 0, 0, 15, 15, 15, 15, 0, 0, 17, 0, 0, 15, 0, 15, 0, 25, 0, 22, 0, 0, 27, 16, 15, 0, 0, 25, 0, 16, 15, : 15, 17, 16, 15, 15, 17, 15, 15, 21, 7, 22, 16, 15, 15, 18, 15, 15, 17, 8, 17, 15, 15, 19, 15, 16, 15, 15, 15, 15, 15, 17, 15, 15, 25, 22, 27, 16, 15, 25, 16, 15, 
45: 0, 15, 35, 15, 0, 17, 15, 0, 0, 0, 15, 0, 24, 0, 15, 0, 0, 20, 15, 0, 28, 0, 0, 0, 0, 0, 0, 0, 15, 0, 0, 0, 16, 0, 0, 0, 0, 0, 15, 17, 0, 0, 0, 31, 0, 0, 0, 15, 0, 15, 0, 16, 0, 0, 0, 23, 20, 8, 0, 0, 16, 0, 0, 18, 0, 0, 16, 15, 15, 0, 0, 15, 16, 0, 0, 0, 1, 0, 0, 0, 0, 0, 15, 16, 0, 0, 11, 0, 0, 15, 0, 0, 0, 2, 0, 7, 0, 0, 0, 9, : 15, 35, 15, 17, 15, 15, 24, 15, 20, 15, 28, 15, 16, 15, 17, 31, 15, 15, 16, 23, 20, 8, 16, 18, 16, 15, 15, 15, 16, 1, 15, 16, 11, 15, 2, 7, 9, 
107: 0, 18, 15, 0, 0, 0, 15, 6, 17, 0, 0, 0, 0, 0, 0, 0, 0, 15, 0, 15, 0, 15, 0, 0, 0, 16, 0, 0, 0, 0, 0, 15, 0, 15, 18, 18, 0, 0, 0, 0, 0, 0, 0, 28, 15, 0, 22, 0, 0, 16, 0, 0, 0, 0, 0, 0, 0, 0, 0, 0, 6, 0, 18, 0, 0, 0, 0, 15, 0, 15, 0, 20, 0, 0, 15, 0, 0, 15, 0, 15, 22, 15, 15, 15, 0, 15, 0, 17, 29, 0, 0, 30, 0, 17, 0, 0, 0, 0, 0, 0, : 18, 15, 15, 6, 17, 15, 15, 15, 16, 15, 15, 18, 18, 28, 15, 22, 16, 6, 18, 15, 15, 20, 15, 15, 15, 22, 15, 15, 15, 15, 17, 29, 30, 17, 
10: 15, 0, 0, 15, 0, 0, 0, 0, 0, 0, 15, 0, 0, 0, 0, 0, 20, 22, 0, 5, 20, 0, 0, 0, 0, 0, 0, 0, 15, 15, 0, 0, 0, 0, 0, 0, 16, 22, 0, 0, 0, 0, 0, 15, 0, 0, 0, 0, 0, 0, 0, 0, 15, 0, 15, 0, 0, 0, 0, 0, 0, 0, 0, 0, 17, 21, 0, 20, 0, 0, 0, 0, 0, 0, 15, 0, 0, 22, 0, 15, 15, 15, 10, 0, 0, 0, 19, 0, 0, 0, 15, 0, 9, 0, 3, 15, 27, 0, 18, 0, : 15, 15, 15, 20, 22, 5, 20, 15, 15, 16, 22, 15, 15, 15, 17, 21, 20, 15, 22, 15, 15, 15, 10, 19, 15, 9, 3, 15, 27, 18, 
44: 0, 15, 0, 5, 17, 0, 0, 0, 0, 15, 0, 0, 0, 0, 19, 15, 15, 0, 15, 0, 0, 15, 20, 0, 0, 0, 0, 13, 15, 0, 0, 15, 0, 15, 0, 19, 15, 0, 0, 0, 16, 0, 0, 9, 0, 0, 0, 0, 16, 0, 0, 0, 15, 15, 0, 0, 22, 16, 0, 6, 0, 0, 17, 0, 0, 15, 0, 0, 16, 0, 0, 0, 0, 16, 0, 0, 0, 15, 15, 15, 0, 0, 15, 0, 0, 0, 0, 0, 0, 0, 0, 0, 0, 21, 0, 0, 16, 0, 0, 0, : 15, 5, 17, 15, 19, 15, 15, 15, 15, 20, 13, 15, 15, 15, 19, 15, 16, 9, 16, 15, 15, 22, 16, 6, 17, 15, 16, 16, 15, 15, 15, 15, 21, 16, 
189: 13, 0, 0, 0, 21, 18, 0, 15, 15, 0, 5, 10, 0, 0, 0, 0, 20, 0, 15, 15, 15, 0, 15, 0, 0, 0, 0, 15, 0, 0, 18, 15, 18, 6, 0, 15, 0, 15, 17, 0, 0, 15, 0, 0, 0, 0, 0, 15, 0, 0, 0, 0, 15, 0, 0, 0, 0, 0, 0, 0, 15, 0, 17, 0, 15, 0, 0, 0, 15, 15, 20, 0, 16, 0, 0, 0, 24, 0, 0, 0, 0, 0, 0, 15, 0, 0, 15, 0, 28, 15, 0, 0, 21, 0, 0, 0, 0, 0, 0, 15, : 13, 21, 18, 15, 15, 5, 10, 20, 15, 15, 15, 15, 15, 18, 15, 18, 6, 15, 15, 17, 15, 15, 15, 15, 17, 15, 15, 15, 20, 16, 24, 15, 15, 28, 15, 21, 15, 
8: 0, 0, 0, 20, 0, 0, 0, 0, 8, 0, 0, 16, 13, 18, 0, 0, 15, 0, 0, 0, 0, 0, 0, 0, 0, 0, 0, 0, 15, 15, 0, 0, 0, 0, 0, 0, 0, 15, 0, 0, 14, 0, 0, 0, 0, 0, 0, 16, 18, 15, 0, 0, 0, 0, 0, 0, 7, 0, 15, 0, 0, 15, 0, 15, 0, 0, 0, 0, 0, 0, 0, 0, 0, 15, 0, 0, 15, 0, 15, 0, 15, 0, 0, 0, 0, 0, 0, 15, 0, 0, 0, 0, 0, 0, 0, 15, 0, 19, 0, 0, : 20, 8, 16, 13, 18, 15, 15, 15, 15, 14, 16, 18, 15, 7, 15, 15, 15, 15, 15, 15, 15, 15, 15, 19, 
128: 0, 0, 0, 0, 0, 15, 19, 0, 0, 0, 17, 22, 0, 16, 0, 0, 0, 0, 0, 0, 0, 0, 0, 0, 8, 0, 0, 0, 0, 0, 6, 17, 0, 0, 0, 0, 0, 0, 1, 15, 0, 0, 15, 0, 0, 0, 0, 0, 0, 0, 15, 0, 0, 17, 21, 0, 0, 16, 19, 15, 0, 0, 15, 0, 0, 0, 0, 0, 0, 15, 0, 15, 0, 16, 0, 15, 0, 0, 0, 0, 0, 0, 0, 0, 0, 15, 0, 0, 6, 0, 0, 0, 0, 0, 15, 0, 0, 0, 21, 15, : 15, 19, 17, 22, 16, 8, 6, 17, 1, 15, 15, 15, 17, 21, 16, 19, 15, 15, 15, 15, 16, 15, 15, 6, 15, 21, 15, 
7: 0, 0, 0, 0, 0, 0, 0, 0, 15, 15, 0, 0, 0, 0, 0, 0, 0, 15, 0, 0, 0, 0, 0, 0, 15, 30, 15, 0, 0, 0, 0, 15, 0, 0, 0, 0, 15, 0, 15, 0, 15, 0, 0, 0, 0, 0, 0, 15, 16, 15, 0, 0, 0, 0, 15, 0, 0, 0, 0, 15, 0, 16, 0, 0, 0, 0, 0, 0, 9, 0, 15, 16, 0, 0, 0, 0, 0, 15, 0, 15, 0, 0, 0, 15, 0, 0, 0, 1, 0, 0, 0, 0, 15, 0, 15, 0, 0, 0, 16, 0, : 15, 15, 15, 15, 30, 15, 15, 15, 15, 15, 15, 16, 15, 15, 15, 16, 9, 15, 16, 15, 15, 15, 1, 15, 15, 16, 
12: 15, 0, 0, 0, 0, 0, 0, 18, 0, 0, 0, 0, 0, 0, 0, 22, 15, 0, 20, 16, 7, 15, 15, 0, 15, 0, 15, 16, 15, 0, 0, 0, 0, 15, 1, 0, 0, 0, 0, 7, 0, 15, 0, 0, 0, 0, 6, 0, 0, 0, 0, 15, 0, 0, 0, 21, 21, 15, 21, 0, 0, 0, 0, 0, 15, 26, 15, 0, 0, 6, 22, 0, 0, 0, 15, 17, 0, 18, 0, 0, 0, 15, 0, 0, 15, 0, 0, 18, 0, 7, 16, 0, 0, 0, 16, 15, 0, 0, 0, 0, : 15, 18, 22, 15, 20, 16, 7, 15, 15, 15, 15, 16, 15, 15, 1, 7, 15, 6, 15, 21, 21, 15, 21, 15, 26, 15, 6, 22, 15, 17, 18, 15, 15, 18, 7, 16, 16, 15, 
80: 26, 0, 0, 0, 1, 0, 0, 15, 0, 15, 0, 21, 0, 18, 0, 0, 15, 0, 15, 0, 0, 10, 0, 0, 0, 0, 0, 0, 0, 0, 15, 0, 0, 15, 16, 0, 0, 15, 0, 0, 0, 0, 0, 0, 15, 0, 0, 0, 5, 0, 0, 0, 0, 15, 0, 0, 0, 0, 0, 0, 0, 24, 0, 0, 0, 17, 0, 0, 0, 0, 0, 0, 18, 16, 0, 7, 0, 15, 0, 0, 15, 0, 15, 0, 15, 0, 0, 0, 0, 15, 0, 0, 0, 0, 21, 15, 17, 0, 0, 0, : 26, 1, 15, 15, 21, 18, 15, 15, 10, 15, 15, 16, 15, 15, 5, 15, 24, 17, 18, 16, 7, 15, 15, 15, 15, 15, 21, 15, 17, 


164: 0, 0, 0, 0, 13, 0, 0, 0, 0, 0, 0, 0, 15, 15, 0, 8, 0, 15, 15, 17, 0, 0, 0, 0, 0, 0, 20, 0, 15, 15, 15, 0, 0, 0, 0, 0, 0, 4, 15, 16, 0, 0, 0, 0, 0, 15, 0, 20, 0, 0, 0, 0, 0, 0, 4, 0, 0, 0, 0, 0, 0, 0, 0, 0, 0, 0, 0, 0, 0, 0, 17, 0, 0, 15, 0, 0, 0, 0, 1, 15, 0, 0, 0, 0, 0, 0, 15, 0, 0, 0, 19, 0, 15, 0, 0, 17, 0, 0, 0, 0, : 13, 15, 15, 8, 15, 15, 17, 20, 15, 15, 15, 4, 15, 16, 15, 20, 4, 17, 15, 1, 15, 15, 19, 15, 17, 
175: 1, 0, 0, 0, 0, 0, 15, 0, 0, 0, 0, 0, 0, 0, 0, 0, 0, 0, 0, 0, 0, 0, 0, 0, 0, 0, 15, 0, 18, 18, 0, 0, 0, 0, 15, 0, 0, 15, 0, 0, 0, 0, 0, 0, 0, 0, 0, 0, 0, 15, 15, 0, 0, 24, 17, 0, 0, 5, 0, 8, 0, 17, 0, 0, 0, 0, 0, 0, 0, 19, 16, 0, 0, 24, 0, 0, 20, 0, 15, 0, 0, 0, 15, 0, 0, 0, 0, 0, 0, 0, 0, 0, 0, 0, 0, 0, 0, 0, 0, 0, : 1, 15, 15, 18, 18, 15, 15, 15, 15, 24, 17, 5, 8, 17, 19, 16, 24, 20, 15, 15, 
129: 0, 15, 15, 0, 15, 0, 15, 0, 0, 0, 15, 0, 0, 0, 0, 0, 0, 0, 0, 0, 17, 0, 12, 0, 15, 15, 0, 0, 0, 17, 1, 15, 0, 0, 0, 0, 0, 0, 15, 0, 0, 15, 0, 0, 0, 0, 15, 0, 16, 0, 10, 15, 19, 0, 0, 0, 15, 0, 15, 0, 0, 0, 15, 0, 0, 0, 0, 15, 0, 18, 0, 0, 0, 0, 34, 15, 0, 0, 0, 0, 15, 15, 0, 0, 16, 0, 0, 0, 0, 15, 0, 15, 0, 0, 0, 0, 0, 0, 0, 0, : 15, 15, 15, 15, 15, 17, 12, 15, 15, 17, 1, 15, 15, 15, 15, 16, 10, 15, 19, 15, 15, 15, 15, 18, 34, 15, 15, 15, 16, 15, 15, 
148: 0, 0, 15, 0, 0, 0, 0, 15, 15, 0, 0, 0, 0, 16, 0, 15, 9, 17, 15, 0, 12, 0, 0, 0, 0, 0, 0, 16, 9, 0, 15, 0, 15, 0, 0, 15, 0, 0, 22, 0, 0, 0, 0, 15, 0, 0, 0, 15, 0, 0, 0, 15, 0, 0, 15, 0, 15, 0, 0, 0, 0, 8, 0, 18, 0, 0, 0, 0, 21, 0, 0, 16, 0, 0, 0, 0, 0, 0, 0, 15, 0, 0, 0, 0, 0, 19, 8, 0, 15, 0, 0, 0, 13, 0, 0, 15, 0, 0, 0, 0, : 15, 15, 15, 16, 15, 9, 17, 15, 12, 16, 9, 15, 15, 15, 22, 15, 15, 15, 15, 15, 8, 18, 21, 16, 15, 19, 8, 15, 13, 15, 
200: 19, 0, 0, 0, 0, 0, 0, 0, 15, 18, 15, 0, 15, 0, 15, 0, 0, 0, 0, 0, 0, 0, 0, 0, 0, 0, 0, 0, 0, 15, 26, 0, 0, 0, 15, 16, 17, 15, 0, 15, 0, 15, 0, 32, 15, 0, 17, 0, 0, 15, 0, 0, 0, 0, 18, 0, 0, 0, 15, 15, 0, 0, 0, 0, 15, 3, 0, 16, 0, 0, 0, 0, 0, 0, 0, 5, 0, 0, 15, 0, 0, 21, 15, 15, 0, 0, 0, 0, 0, 22, 0, 15, 0, 0, 23, 15, 0, 16, 0, 0, : 19, 15, 18, 15, 15, 15, 15, 26, 15, 16, 17, 15, 15, 15, 32, 15, 17, 15, 18, 15, 15, 15, 3, 16, 5, 15, 21, 15, 15, 22, 15, 23, 15, 16, 
165: 17, 0, 0, 0, 27, 15, 0, 0, 0, 0, 0, 0, 15, 0, 0, 17, 0, 0, 0, 0, 15, 0, 0, 17, 0, 0, 0, 0, 0, 0, 15, 0, 15, 0, 0, 0, 0, 0, 0, 0, 9, 0, 0, 0, 0, 20, 19, 0, 18, 0, 0, 0, 15, 21, 0, 0, 0, 15, 0, 0, 0, 15, 15, 0, 0, 0, 0, 0, 17, 20, 0, 15, 17, 0, 0, 0, 0, 0, 0, 15, 15, 0, 0, 16, 0, 0, 0, 0, 0, 0, 0, 0, 0, 15, 15, 0, 0, 0, 0, 0, : 17, 27, 15, 15, 17, 15, 17, 15, 15, 9, 20, 19, 18, 15, 21, 15, 15, 15, 17, 20, 15, 17, 15, 15, 16, 15, 15, 
176: 0, 16, 0, 35, 0, 0, 15, 0, 0, 0, 15, 0, 15, 0, 15, 0, 0, 3, 15, 7, 16, 15, 0, 15, 0, 15, 5, 0, 0, 0, 0, 0, 0, 0, 0, 0, 0, 0, 0, 0, 15, 0, 19, 15, 0, 0, 0, 17, 15, 0, 15, 0, 15, 0, 15, 16, 0, 19, 0, 15, 0, 15, 15, 0, 0, 0, 15, 9, 0, 0, 15, 0, 0, 0, 16, 0, 0, 0, 24, 0, 10, 15, 8, 0, 0, 15, 0, 0, 15, 23, 15, 0, 0, 0, 0, 15, 0, 0, 0, 15, : 16, 35, 15, 15, 15, 15, 3, 15, 7, 16, 15, 15, 15, 5, 15, 19, 15, 17, 15, 15, 15, 15, 16, 19, 15, 15, 15, 15, 9, 15, 16, 24, 10, 15, 8, 15, 15, 23, 15, 15, 15, 
168: 0, 0, 0, 17, 0, 0, 0, 0, 0, 36, 0, 2, 0, 16, 15, 0, 16, 0, 0, 0, 0, 13, 0, 15, 0, 0, 0, 15, 0, 0, 0, 10, 0, 0, 0, 19, 0, 0, 0, 15, 0, 0, 0, 0, 0, 17, 0, 0, 0, 0, 0, 0, 15, 23, 0, 0, 0, 0, 15, 17, 15, 15, 0, 6, 7, 15, 0, 0, 0, 0, 15, 0, 0, 8, 0, 15, 0, 0, 0, 0, 15, 19, 15, 0, 18, 0, 0, 0, 0, 0, 0, 0, 0, 0, 0, 17, 0, 18, 7, 15, : 17, 36, 2, 16, 15, 16, 13, 15, 15, 10, 19, 15, 17, 15, 23, 15, 17, 15, 15, 6, 7, 15, 15, 8, 15, 15, 19, 15, 18, 17, 18, 7, 15, 
73: 16, 0, 0, 0, 15, 0, 0, 0, 0, 0, 15, 0, 0, 0, 0, 0, 0, 0, 15, 0, 24, 0, 22, 0, 0, 15, 0, 15, 0, 0, 0, 0, 0, 0, 0, 4, 0, 0, 0, 15, 0, 0, 17, 15, 16, 15, 0, 0, 0, 0, 0, 0, 0, 15, 0, 3, 0, 0, 0, 0, 6, 0, 0, 0, 16, 0, 0, 15, 15, 15, 15, 0, 0, 0, 0, 15, 15, 26, 15, 0, 0, 0, 0, 0, 0, 0, 0, 15, 0, 0, 0, 15, 0, 0, 0, 0, 6, 0, 15, 16, : 16, 15, 15, 15, 24, 22, 15, 15, 4, 15, 17, 15, 16, 15, 15, 3, 6, 16, 15, 15, 15, 15, 15, 15, 26, 15, 15, 15, 6, 15, 16, 
41: 0, 9, 0, 0, 0, 0, 15, 19, 0, 15, 0, 0, 0, 0, 0, 0, 0, 0, 0, 0, 0, 0, 20, 0, 15, 15, 0, 0, 0, 0, 0, 0, 15, 0, 15, 16, 0, 0, 15, 0, 0, 0, 0, 0, 0, 15, 0, 0, 5, 15, 0, 15, 0, 0, 0, 15, 0, 15, 15, 0, 15, 0, 7, 0, 0, 16, 15, 0, 0, 0, 0, 0, 15, 0, 0, 0, 0, 0, 0, 0, 0, 0, 15, 0, 0, 0, 15, 0, 0, 0, 0, 15, 0, 8, 16, 0, 15, 0, 16, 0, : 9, 15, 19, 15, 20, 15, 15, 15, 15, 16, 15, 15, 5, 15, 15, 15, 15, 15, 15, 7, 16, 15, 15, 15, 15, 15, 8, 16, 15, 16, 
65: 0, 0, 0, 0, 0, 16, 21, 19, 19, 0, 0, 15, 0, 0, 0, 0, 0, 0, 15, 15, 0, 0, 0, 15, 15, 0, 15, 0, 0, 15, 28, 15, 7, 19, 16, 0, 0, 0, 0, 0, 21, 0, 0, 0, 0, 0, 0, 1, 15, 0, 0, 15, 0, 0, 0, 15, 15, 0, 0, 15, 0, 0, 0, 0, 0, 15, 0, 0, 0, 0, 7, 5, 0, 0, 0, 16, 0, 0, 15, 0, 0, 0, 0, 0, 0, 0, 16, 17, 14, 0, 16, 15, 16, 17, 0, 0, 23, 0, 15, 0, : 16, 21, 19, 19, 15, 15, 15, 15, 15, 15, 15, 28, 15, 7, 19, 16, 21, 1, 15, 15, 15, 15, 15, 15, 7, 5, 16, 15, 16, 17, 14, 16, 15, 16, 17, 23, 15, 
123: 0, 15, 15, 15, 0, 0, 15, 0, 6, 0, 10, 0, 10, 0, 16, 30, 0, 15, 15, 0, 0, 0, 0, 15, 0, 0, 0, 0, 27, 4, 0, 0, 16, 0, 15, 15, 15, 16, 14, 0, 0, 18, 0, 0, 0, 15, 0, 0, 0, 6, 0, 0, 0, 0, 16, 0, 0, 15, 20, 0, 18, 0, 15, 0, 16, 15, 0, 0, 0, 0, 0, 0, 15, 21, 15, 0, 0, 0, 0, 0, 15, 0, 0, 15, 0, 16, 0, 0, 16, 5, 15, 0, 0, 0, 15, 6, 0, 29, 0, 15, : 15, 15, 15, 15, 6, 10, 10, 16, 30, 15, 15, 15, 27, 4, 16, 15, 15, 15, 16, 14, 18, 15, 6, 16, 15, 20, 18, 15, 16, 15, 15, 21, 15, 15, 15, 16, 16, 5, 15, 15, 6, 29, 15, 
157: 16, 0, 10, 3, 0, 16, 0, 0, 15, 0, 0, 0, 0, 15, 9, 0, 0, 0, 0, 0, 16, 17, 15, 0, 0, 0, 15, 18, 0, 0, 0, 0, 0, 15, 15, 0, 13, 0, 19, 0, 24, 0, 0, 0, 5, 0, 0, 15, 0, 0, 15, 0, 0, 0, 0, 0, 17, 15, 15, 15, 15, 0, 0, 15, 0, 0, 17, 15, 14, 0, 0, 0, 0, 0, 0, 17, 0, 0, 0, 15, 0, 0, 15, 30, 0, 0, 0, 0, 0, 19, 0, 0, 15, 0, 16, 0, 0, 0, 15, 0, : 16, 10, 3, 16, 15, 15, 9, 16, 17, 15, 15, 18, 15, 15, 13, 19, 24, 5, 15, 15, 17, 15, 15, 15, 15, 15, 17, 15, 14, 17, 15, 15, 30, 19, 15, 16, 15, 
88: 15, 0, 15, 0, 15, 8, 0, 0, 15, 0, 15, 15, 15, 16, 0, 0, 15, 0, 0, 0, 0, 15, 0, 0, 20, 15, 0, 0, 0, 0, 0, 23, 0, 0, 0, 0, 21, 16, 0, 19, 0, 15, 0, 8, 31, 0, 15, 0, 16, 0, 0, 0, 15, 15, 0, 0, 15, 0, 0, 0, 0, 0, 16, 15, 15, 0, 0, 0, 0, 0, 0, 15, 0, 0, 19, 0, 15, 11, 0, 0, 15, 0, 0, 15, 19, 0, 0, 15, 15, 16, 0, 0, 0, 0, 0, 0, 0, 0, 0, 0, : 15, 15, 15, 8, 15, 15, 15, 15, 16, 15, 15, 20, 15, 23, 21, 16, 19, 15, 8, 31, 15, 16, 15, 15, 15, 16, 15, 15, 15, 19, 15, 11, 15, 15, 19, 15, 15, 16, 
52: 0, 15, 15, 0, 0, 0, 0, 0, 0, 16, 0, 0, 0, 0, 0, 0, 0, 0, 0, 0, 0, 0, 0, 8, 19, 0, 0, 6, 0, 16, 0, 22, 15, 0, 0, 0, 0, 19, 0, 0, 0, 15, 0, 0, 0, 0, 15, 0, 0, 34, 0, 15, 17, 0, 0, 17, 8, 0, 0, 0, 15, 0, 0, 16, 0, 16, 0, 0, 0, 0, 0, 16, 0, 0, 0, 0, 18, 24, 0, 0, 0, 14, 0, 9, 0, 20, 0, 20, 0, 0, 18, 0, 0, 0, 0, 0, 0, 15, 15, 0, : 15, 15, 16, 8, 19, 6, 16, 22, 15, 19, 15, 15, 34, 15, 17, 17, 8, 15, 16, 16, 16, 18, 24, 14, 9, 20, 20, 18, 15, 15, 
121: 0, 0, 0, 0, 0, 15, 0, 0, 0, 15, 15, 0, 0, 7, 15, 15, 15, 0, 0, 16, 0, 25, 0, 0, 1, 0, 0, 0, 0, 0, 0, 0, 17, 0, 0, 0, 15, 0, 0, 0, 15, 0, 15, 0, 0, 3, 0, 17, 0, 15, 0, 15, 0, 0, 15, 18, 0, 0, 0, 0, 0, 15, 0, 0, 15, 0, 22, 0, 17, 0, 0, 16, 18, 15, 1, 0, 17, 0, 15, 8, 0, 16, 17, 0, 0, 0, 27, 0, 0, 0, 0, 16, 18, 15, 15, 0, 0, 15, 17, 23, : 15, 15, 15, 7, 15, 15, 15, 16, 25, 1, 17, 15, 15, 15, 3, 17, 15, 15, 15, 18, 15, 15, 22, 17, 16, 18, 15, 1, 17, 15, 8, 16, 17, 27, 16, 18, 15, 15, 15, 17, 23, 
100: 0, 0, 0, 0, 0, 15, 0, 2, 0, 0, 0, 15, 0, 0, 0, 15, 15, 34, 0, 0, 0, 0, 0, 15, 0, 9, 15, 15, 15, 0, 0, 0, 0, 15, 0, 15, 0, 0, 0, 5, 0, 19, 15, 0, 0, 0, 0, 0, 0, 0, 0, 0, 0, 0, 0, 0, 0, 0, 0, 15, 16, 0, 0, 0, 0, 0, 0, 0, 0, 15, 0, 0, 20, 17, 0, 0, 0, 0, 0, 16, 0, 0, 0, 0, 0, 15, 0, 15, 0, 0, 17, 0, 0, 0, 0, 0, 0, 0, 0, 15, : 15, 2, 15, 15, 15, 34, 15, 9, 15, 15, 15, 15, 15, 5, 19, 15, 15, 16, 15, 20, 17, 16, 15, 15, 17, 15, 
198: 0, 15, 0, 15, 0, 15, 4, 15, 0, 0, 0, 28, 15, 0, 0, 0, 15, 0, 0, 15, 0, 15, 0, 0, 15, 0, 0, 15, 16, 0, 0, 15, 0, 21, 0, 0, 19, 15, 0, 0, 0, 0, 0, 0, 16, 0, 19, 15, 0, 0, 15, 0, 0, 0, 0, 16, 0, 0, 0, 0, 0, 15, 17, 15, 0, 20, 0, 0, 0, 0, 0, 0, 0, 0, 0, 17, 0, 24, 0, 0, 15, 0, 0, 0, 15, 0, 0, 0, 25, 0, 0, 0, 0, 15, 0, 0, 15, 7, 0, 1, : 15, 15, 15, 4, 15, 28, 15, 15, 15, 15, 15, 15, 16, 15, 21, 19, 15, 16, 19, 15, 15, 16, 15, 17, 15, 20, 17, 24, 15, 15, 25, 15, 15, 7, 1, 
195: 0, 15, 0, 0, 0, 0, 0, 15, 15, 0, 0, 25, 0, 15, 0, 0, 0, 0, 0, 15, 0, 0, 15, 0, 0, 0, 0, 0, 0, 0, 0, 0, 0, 15, 9, 0, 0, 0, 0, 0, 16, 3, 19, 15, 17, 0, 0, 0, 15, 0, 15, 10, 4, 0, 0, 0, 0, 16, 0, 0, 0, 0, 0, 0, 0, 0, 15, 15, 0, 13, 15, 17, 15, 0, 15, 0, 0, 15, 0, 0, 0, 0, 0, 0, 14, 0, 0, 2, 0, 0, 0, 0, 23, 15, 0, 15, 26, 0, 0, 0, : 15, 15, 15, 25, 15, 15, 15, 15, 9, 16, 3, 19, 15, 17, 15, 15, 10, 4, 16, 15, 15, 13, 15, 17, 15, 15, 15, 14, 2, 23, 15, 15, 26, 
193: 16, 0, 15, 15, 15, 0, 0, 15, 0, 0, 0, 0, 0, 0, 15, 0, 15, 16, 10, 15, 0, 0, 16, 0, 0, 16, 15, 0, 0, 0, 0, 0, 0, 15, 0, 0, 0, 0, 0, 15, 0, 0, 15, 0, 0, 0, 0, 0, 0, 0, 15, 0, 0, 2, 0, 0, 15, 0, 5, 0, 0, 0, 0, 15, 16, 0, 16, 15, 16, 0, 0, 0, 0, 0, 0, 0, 15, 0, 0, 16, 0, 0, 0, 0, 18, 15, 19, 16, 0, 0, 0, 9, 0, 15, 0, 0, 15, 0, 0, 0, : 16, 15, 15, 15, 15, 15, 15, 16, 10, 15, 16, 16, 15, 15, 15, 15, 15, 2, 15, 5, 15, 16, 16, 15, 16, 15, 16, 18, 15, 19, 16, 9, 15, 15, 


