
20
40
100
2

30: 17, 0, 0, 0, 0, 19, 0, 0, 9, 0, 16, 0, 15, 0, 0, 10, 0, 15, 0, 7, : 17, 19, 9, 16, 15, 10, 15, 7, 
7: 15, 0, 0, 7, 0, 0, 0, 0, 0, 0, 15, 0, 0, 0, 0, 0, 0, 0, 0, 20, : 15, 7, 15, 20, 
28: 0, 15, 0, 0, 16, 0, 16, 0, 0, 15, 0, 16, 0, 0, 0, 0, 33, 0, 0, 0, : 15, 16, 16, 15, 16, 33, 
15: 0, 15, 15, 0, 0, 0, 15, 20, 15, 16, 0, 15, 10, 17, 0, 0, 3, 0, 0, 0, : 15, 15, 15, 20, 15, 16, 15, 10, 17, 3, 
5: 0, 0, 0, 0, 0, 0, 0, 0, 0, 0, 0, 15, 15, 0, 0, 0, 15, 15, 0, 0, : 15, 15, 15, 15, 
24: 15, 0, 0, 17, 15, 17, 0, 4, 15, 0, 0, 0, 0, 0, 0, 15, 0, 0, 15, 0, : 15, 17, 15, 17, 4, 15, 15, 15, 
11: 0, 15, 15, 0, 7, 0, 0, 0, 15, 0, 0, 0, 15, 19, 0, 0, 0, 0, 17, 0, : 15, 15, 7, 15, 15, 19, 17, 
37: 0, 15, 0, 15, 15, 0, 15, 0, 0, 15, 0, 18, 0, 0, 0, 0, 0, 0, 0, 0, : 15, 15, 15, 15, 15, 18, 
38: 0, 0, 0, 0, 17, 16, 0, 0, 0, 0, 0, 15, 0, 15, 0, 0, 0, 0, 0, 15, : 17, 16, 15, 15, 15, 
18: 15, 19, 0, 15, 0, 0, 0, 0, 0, 0, 0, 0, 0, 15, 0, 0, 15, 15, 0, 0, : 15, 19, 15, 15, 15, 15, 
12: 0, 0, 17, 15, 0, 0, 0, 15, 15, 0, 15, 0, 0, 0, 13, 0, 0, 0, 15, 0, : 17, 15, 15, 15, 15, 13, 15, 
40: 20, 0, 8, 15, 0, 15, 0, 29, 0, 0, 0, 0, 0, 15, 0, 15, 0, 0, 0, 0, : 20, 8, 15, 15, 29, 15, 15, 
9: 0, 0, 0, 0, 15, 16, 0, 15, 0, 15, 0, 0, 15, 15, 17, 0, 0, 0, 0, 17, : 15, 16, 15, 15, 15, 15, 17, 17, 
29: 0, 0, 15, 0, 0, 0, 0, 0, 15, 15, 17, 0, 15, 0, 15, 0, 0, 15, 15, 15, : 15, 15, 15, 17, 15, 15, 15, 15, 15, 
23: 0, 0, 15, 16, 15, 15, 1, 17, 0, 9, 0, 0, 15, 0, 0, 16, 16, 0, 17, 0, : 15, 16, 15, 15, 1, 17, 9, 15, 16, 16, 17, 
20: 0, 0, 15, 0, 0, 0, 17, 0, 0, 0, 0, 0, 0, 0, 0, 29, 0, 0, 0, 0, : 15, 17, 29, 
14: 0, 0, 0, 0, 0, 0, 21, 0, 0, 0, 0, 5, 0, 0, 35, 0, 18, 15, 15, 0, : 21, 5, 35, 18, 15, 15, 
36: 16, 0, 0, 0, 0, 0, 0, 0, 0, 0, 16, 16, 0, 4, 0, 0, 0, 15, 0, 26, : 16, 16, 16, 4, 15, 26, 
32: 0, 16, 0, 0, 0, 2, 15, 0, 16, 15, 0, 0, 0, 0, 20, 0, 0, 10, 6, 0, : 16, 2, 15, 16, 15, 20, 10, 6, 
6: 2, 5, 0, 0, 0, 0, 0, 0, 0, 0, 21, 0, 0, 0, 0, 15, 0, 0, 0, 0, : 2, 5, 21, 15, 


25: 15, 0, 15, 0, 16, 0, 15, 15, 0, 15, 0, 20, 0, 0, 7, 0, 0, 15, 0, 0, : 15, 15, 16, 15, 15, 15, 20, 7, 15, 
16: 4, 0, 0, 21, 0, 0, 0, 0, 0, 0, 15, 0, 0, 0, 15, 34, 0, 0, 0, 0, : 4, 21, 15, 15, 34, 
13: 0, 0, 0, 0, 0, 0, 0, 1, 0, 0, 0, 0, 29, 21, 16, 0, 15, 0, 15, 15, : 1, 29, 21, 16, 15, 15, 15, 
8: 0, 0, 0, 23, 15, 0, 0, 0, 0, 0, 15, 0, 0, 0, 15, 0, 19, 10, 19, 15, : 23, 15, 15, 15, 19, 10, 19, 15, 
19: 0, 0, 15, 0, 0, 0, 0, 0, 29, 0, 0, 0, 15, 0, 17, 24, 15, 15, 0, 16, : 15, 29, 15, 17, 24, 15, 15, 16, 
26: 15, 0, 0, 15, 0, 19, 0, 18, 0, 0, 15, 0, 0, 0, 0, 12, 2, 0, 13, 0, : 15, 15, 19, 18, 15, 12, 2, 13, 
39: 0, 15, 0, 0, 21, 0, 18, 0, 0, 0, 15, 0, 15, 15, 0, 0, 0, 0, 0, 0, : 15, 21, 18, 15, 15, 15, 
17: 0, 0, 30, 10, 25, 0, 0, 0, 0, 0, 15, 0, 0, 0, 0, 0, 0, 0, 0, 0, : 30, 10, 25, 15, 
10: 0, 15, 0, 0, 0, 15, 0, 0, 0, 0, 15, 15, 0, 18, 0, 0, 0, 0, 0, 0, : 15, 15, 15, 15, 18, 
27: 18, 0, 0, 0, 0, 0, 15, 0, 0, 0, 0, 0, 0, 15, 0, 15, 0, 0, 0, 16, : 18, 15, 15, 15, 16, 
21: 0, 0, 0, 0, 0, 15, 0, 15, 0, 0, 0, 10, 0, 0, 0, 0, 0, 15, 0, 8, : 15, 15, 10, 15, 8, 
34: 0, 9, 0, 0, 0, 15, 15, 0, 15, 16, 0, 0, 0, 15, 0, 0, 0, 0, 0, 0, : 9, 15, 15, 15, 16, 15, 
31: 15, 15, 0, 0, 0, 15, 0, 0, 15, 19, 0, 0, 0, 0, 0, 0, 0, 30, 15, 0, : 15, 15, 15, 15, 19, 30, 15, 
3: 0, 0, 0, 0, 0, 2, 0, 15, 15, 15, 0, 18, 0, 0, 0, 0, 0, 0, 0, 0, : 2, 15, 15, 15, 18, 
22: 15, 0, 15, 0, 5, 0, 18, 0, 15, 0, 0, 0, 0, 0, 0, 0, 15, 0, 23, 0, : 15, 15, 5, 18, 15, 15, 23, 
1: 18, 0, 0, 16, 0, 0, 19, 0, 0, 15, 0, 0, 15, 0, 0, 0, 0, 15, 0, 0, : 18, 16, 19, 15, 15, 15, 
35: 0, 16, 0, 0, 18, 0, 0, 19, 0, 0, 10, 16, 0, 0, 0, 15, 0, 0, 0, 0, : 16, 18, 19, 10, 16, 15, 
4: 0, 15, 0, 0, 0, 19, 0, 0, 0, 20, 0, 21, 11, 0, 15, 0, 34, 0, 15, 15, : 15, 19, 20, 21, 11, 15, 34, 15, 15, 
33: 0, 15, 10, 0, 0, 0, 0, 17, 0, 0, 0, 0, 0, 16, 0, 0, 0, 0, 0, 0, : 15, 10, 17, 16, 
2: 0, 0, 15, 15, 0, 0, 0, 0, 11, 0, 0, 0, 15, 0, 15, 0, 0, 0, 0, 15, : 15, 15, 11, 15, 15, 15, 


