
40
20
100
1

9: 0, 15, 0, 0, 0, 15, 15, 0, 0, 15, 0, 0, 0, 0, 0, 0, 0, 0, 0, 15, 5, 0, 0, 8, 15, 15, 13, 0, 0, 0, 0, 1, 0, 0, 0, 15, 0, 15, 0, 10, : 15, 15, 15, 15, 15, 5, 8, 15, 15, 13, 1, 15, 15, 10, 
15: 0, 0, 0, 0, 0, 0, 0, 15, 0, 16, 15, 0, 0, 0, 16, 18, 0, 0, 0, 15, 0, 0, 0, 0, 0, 0, 0, 15, 0, 0, 0, 15, 15, 0, 0, 0, 23, 15, 0, 0, : 15, 16, 15, 16, 18, 15, 15, 15, 15, 23, 15, 
14: 15, 0, 0, 0, 0, 0, 0, 0, 0, 0, 0, 15, 19, 0, 0, 0, 0, 0, 0, 0, 0, 16, 0, 0, 0, 0, 0, 15, 0, 7, 6, 0, 0, 9, 6, 17, 0, 0, 0, 0, : 15, 15, 19, 16, 15, 7, 6, 9, 6, 17, 
10: 18, 15, 0, 0, 15, 0, 20, 18, 18, 0, 15, 0, 0, 0, 0, 0, 19, 0, 0, 0, 17, 15, 0, 0, 0, 0, 0, 0, 0, 15, 0, 15, 0, 0, 0, 0, 0, 0, 0, 23, : 18, 15, 15, 20, 18, 18, 15, 19, 17, 15, 15, 15, 23, 
7: 0, 16, 15, 0, 0, 16, 0, 0, 15, 0, 0, 0, 16, 0, 0, 0, 17, 0, 8, 15, 0, 0, 0, 16, 0, 0, 25, 0, 15, 15, 0, 0, 15, 0, 0, 23, 21, 0, 0, 0, : 16, 15, 16, 15, 16, 17, 8, 15, 16, 25, 15, 15, 15, 23, 21, 
4: 0, 0, 0, 0, 0, 0, 0, 0, 0, 16, 0, 15, 0, 0, 0, 0, 15, 0, 0, 0, 15, 9, 16, 0, 0, 0, 0, 0, 15, 15, 0, 20, 3, 0, 18, 15, 0, 10, 16, 16, : 16, 15, 15, 15, 9, 16, 15, 15, 20, 3, 18, 15, 10, 16, 16, 
6: 0, 0, 0, 0, 0, 0, 0, 0, 0, 0, 0, 0, 14, 0, 0, 0, 0, 0, 0, 0, 15, 15, 15, 0, 0, 0, 15, 0, 15, 0, 0, 0, 15, 15, 0, 0, 15, 0, 20, 0, : 14, 15, 15, 15, 15, 15, 15, 15, 15, 20, 
17: 0, 0, 0, 0, 0, 0, 0, 0, 0, 0, 0, 0, 0, 15, 0, 0, 18, 0, 0, 0, 0, 0, 15, 15, 15, 0, 0, 0, 0, 0, 0, 0, 0, 15, 0, 15, 0, 0, 0, 0, : 15, 18, 15, 15, 15, 15, 15, 
12: 20, 0, 16, 0, 0, 0, 0, 25, 0, 0, 0, 0, 0, 15, 15, 0, 15, 17, 15, 15, 0, 15, 0, 0, 0, 0, 0, 17, 15, 0, 15, 0, 0, 16, 15, 0, 0, 0, 0, 0, : 20, 16, 25, 15, 15, 15, 17, 15, 15, 15, 17, 15, 15, 16, 15, 
3: 0, 18, 23, 0, 17, 0, 0, 0, 15, 0, 0, 0, 17, 15, 0, 5, 0, 0, 0, 15, 0, 0, 0, 39, 0, 14, 0, 0, 0, 0, 16, 0, 0, 15, 0, 0, 0, 0, 16, 0, : 18, 23, 17, 15, 17, 15, 5, 15, 39, 14, 16, 15, 16, 
20: 0, 0, 0, 9, 15, 0, 0, 0, 0, 0, 0, 3, 15, 0, 0, 24, 0, 14, 21, 0, 0, 15, 0, 0, 0, 0, 0, 15, 16, 0, 15, 0, 15, 0, 0, 0, 0, 0, 0, 0, : 9, 15, 3, 15, 24, 14, 21, 15, 15, 16, 15, 15, 
5: 15, 0, 0, 16, 1, 13, 0, 0, 0, 23, 0, 0, 0, 15, 0, 0, 0, 15, 0, 0, 0, 0, 15, 0, 0, 15, 0, 0, 15, 0, 16, 0, 0, 0, 17, 0, 15, 15, 0, 19, : 15, 16, 1, 13, 23, 15, 15, 15, 15, 15, 16, 17, 15, 15, 19, 
8: 0, 0, 9, 15, 16, 0, 22, 0, 0, 0, 15, 19, 0, 0, 16, 0, 0, 15, 18, 0, 0, 0, 15, 22, 0, 15, 0, 0, 0, 15, 17, 0, 15, 15, 15, 0, 15, 15, 0, 0, : 9, 15, 16, 22, 15, 19, 16, 15, 18, 15, 22, 15, 15, 17, 15, 15, 15, 15, 15, 
1: 2, 0, 0, 15, 0, 0, 20, 0, 0, 0, 15, 0, 0, 20, 20, 17, 0, 23, 0, 0, 16, 0, 16, 0, 0, 15, 0, 0, 0, 0, 0, 16, 0, 0, 0, 0, 0, 15, 0, 0, : 2, 15, 20, 15, 20, 20, 17, 23, 16, 16, 15, 16, 15, 
16: 0, 21, 0, 15, 36, 0, 0, 19, 6, 15, 0, 16, 0, 0, 0, 0, 1, 16, 19, 0, 0, 0, 0, 0, 16, 0, 0, 15, 9, 18, 0, 0, 0, 0, 0, 0, 11, 0, 17, 0, : 21, 15, 36, 19, 6, 15, 16, 1, 16, 19, 16, 15, 9, 18, 11, 17, 
19: 0, 0, 22, 0, 0, 0, 0, 15, 15, 0, 15, 0, 0, 0, 0, 15, 0, 0, 0, 0, 0, 0, 0, 0, 15, 26, 0, 18, 0, 15, 0, 15, 0, 0, 0, 0, 0, 0, 0, 0, : 22, 15, 15, 15, 15, 15, 26, 18, 15, 15, 
2: 15, 0, 0, 15, 0, 15, 0, 0, 16, 0, 10, 0, 19, 15, 0, 0, 0, 0, 0, 10, 0, 0, 0, 0, 0, 0, 32, 0, 0, 0, 0, 0, 0, 0, 0, 0, 0, 0, 1, 0, : 15, 15, 15, 16, 10, 19, 15, 10, 32, 1, 
13: 0, 0, 15, 0, 0, 0, 23, 0, 0, 0, 0, 15, 0, 0, 3, 0, 15, 0, 19, 0, 17, 15, 0, 0, 18, 0, 0, 0, 0, 0, 0, 0, 22, 0, 29, 15, 0, 0, 15, 15, : 15, 23, 15, 3, 15, 19, 17, 15, 18, 22, 29, 15, 15, 15, 
18: 15, 15, 0, 0, 0, 26, 0, 0, 0, 0, 15, 17, 0, 5, 15, 21, 0, 0, 0, 15, 15, 0, 0, 0, 21, 0, 15, 5, 0, 0, 15, 18, 0, 0, 0, 0, 0, 15, 0, 0, : 15, 15, 26, 15, 17, 5, 15, 21, 15, 15, 21, 15, 5, 15, 18, 15, 
11: 0, 0, 0, 15, 0, 15, 0, 8, 15, 15, 0, 0, 0, 0, 15, 0, 0, 0, 0, 0, 0, 0, 8, 0, 0, 0, 0, 0, 0, 0, 0, 0, 0, 15, 0, 0, 0, 0, 15, 17, : 15, 15, 8, 15, 15, 15, 8, 15, 15, 17, 


