
20
300
100
15

122: 0, 15, 0, 0, 26, 0, 9, 0, 0, 0, 15, 15, 0, 0, 0, 21, 0, 0, 0, 0, : 15, 26, 9, 15, 15, 21, 
88: 0, 0, 0, 23, 0, 14, 0, 15, 0, 0, 0, 0, 0, 15, 0, 0, 0, 0, 15, 0, : 23, 14, 15, 15, 15, 
30: 0, 0, 0, 0, 0, 15, 0, 15, 0, 15, 0, 0, 23, 15, 0, 14, 15, 16, 16, 18, : 15, 15, 15, 23, 15, 14, 15, 16, 16, 18, 
41: 0, 0, 0, 15, 0, 0, 15, 0, 0, 0, 0, 0, 0, 0, 21, 0, 0, 0, 15, 0, : 15, 15, 21, 15, 
53: 0, 0, 16, 16, 0, 0, 0, 16, 0, 0, 0, 0, 0, 0, 0, 0, 0, 12, 6, 5, : 16, 16, 16, 12, 6, 5, 
15: 0, 0, 0, 0, 15, 0, 15, 0, 15, 0, 3, 0, 22, 0, 0, 17, 0, 16, 0, 0, : 15, 15, 15, 3, 22, 17, 16, 
145: 0, 0, 18, 0, 0, 0, 0, 0, 0, 0, 0, 0, 0, 15, 0, 0, 10, 0, 15, 15, : 18, 15, 10, 15, 15, 
228: 0, 0, 0, 0, 0, 0, 0, 0, 15, 15, 0, 15, 0, 15, 0, 0, 15, 0, 0, 0, : 15, 15, 15, 15, 15, 
297: 15, 15, 4, 15, 0, 0, 0, 0, 6, 0, 15, 0, 4, 0, 0, 15, 0, 20, 0, 15, : 15, 15, 4, 15, 6, 15, 4, 15, 20, 15, 
287: 15, 0, 0, 0, 15, 0, 0, 0, 15, 0, 0, 0, 0, 0, 0, 0, 15, 0, 0, 0, : 15, 15, 15, 15, 
250: 0, 18, 0, 15, 0, 15, 0, 0, 0, 0, 15, 18, 0, 0, 0, 0, 15, 0, 0, 0, : 18, 15, 15, 15, 18, 15, 
87: 0, 0, 17, 16, 0, 0, 0, 0, 15, 0, 20, 16, 0, 15, 15, 15, 0, 0, 0, 0, : 17, 16, 15, 20, 16, 15, 15, 15, 
217: 0, 19, 0, 0, 0, 0, 16, 0, 0, 0, 0, 0, 21, 0, 0, 0, 0, 0, 0, 15, : 19, 16, 21, 15, 
82: 0, 16, 0, 0, 0, 15, 0, 0, 0, 15, 16, 0, 0, 0, 30, 0, 0, 0, 0, 0, : 16, 15, 15, 16, 30, 
198: 22, 0, 15, 0, 0, 0, 0, 14, 0, 0, 0, 17, 15, 0, 0, 18, 0, 0, 0, 0, : 22, 15, 14, 17, 15, 18, 
117: 0, 17, 0, 0, 0, 0, 15, 24, 0, 0, 0, 4, 0, 10, 4, 0, 0, 0, 18, 0, : 17, 15, 24, 4, 10, 4, 18, 
255: 18, 0, 0, 0, 0, 0, 0, 0, 15, 22, 16, 0, 0, 0, 0, 0, 0, 0, 0, 0, : 18, 15, 22, 16, 
238: 30, 0, 15, 0, 15, 0, 0, 16, 0, 12, 0, 0, 0, 0, 15, 0, 15, 21, 0, 17, : 30, 15, 15, 16, 12, 15, 15, 21, 17, 
244: 0, 0, 0, 0, 14, 15, 15, 0, 19, 0, 0, 15, 0, 0, 0, 0, 0, 0, 0, 0, : 14, 15, 15, 19, 15, 
268: 0, 0, 15, 0, 15, 26, 15, 0, 0, 21, 0, 0, 15, 15, 15, 0, 15, 15, 15, 15, : 15, 15, 26, 15, 21, 15, 15, 15, 15, 15, 15, 15, 


292: 0, 0, 0, 0, 0, 15, 15, 0, 0, 15, 20, 27, 0, 0, 0, 0, 0, 0, 15, 24, : 15, 15, 15, 20, 27, 15, 24, 
14: 19, 0, 17, 0, 0, 0, 0, 0, 0, 15, 2, 0, 0, 0, 17, 0, 0, 15, 17, 0, : 19, 17, 15, 2, 17, 15, 17, 
102: 0, 0, 0, 15, 0, 6, 15, 16, 15, 0, 0, 1, 0, 0, 0, 0, 0, 0, 4, 0, : 15, 6, 15, 16, 15, 1, 4, 
63: 0, 0, 16, 9, 33, 0, 0, 5, 0, 0, 0, 0, 15, 0, 0, 0, 15, 0, 19, 0, : 16, 9, 33, 5, 15, 15, 19, 
50: 0, 0, 0, 15, 0, 0, 16, 0, 0, 15, 15, 0, 0, 0, 16, 9, 0, 0, 0, 0, : 15, 16, 15, 15, 16, 9, 
246: 15, 0, 0, 0, 0, 15, 0, 0, 34, 15, 0, 0, 0, 0, 0, 0, 0, 10, 15, 15, : 15, 15, 34, 15, 10, 15, 15, 
179: 0, 15, 0, 15, 15, 0, 15, 0, 0, 0, 0, 0, 0, 18, 0, 0, 13, 0, 0, 15, : 15, 15, 15, 15, 18, 13, 15, 
36: 15, 0, 0, 15, 0, 0, 0, 17, 0, 0, 0, 0, 0, 0, 15, 15, 0, 0, 0, 0, : 15, 15, 17, 15, 15, 
236: 0, 5, 0, 0, 0, 0, 16, 17, 0, 0, 15, 20, 18, 0, 0, 0, 26, 0, 0, 0, : 5, 16, 17, 15, 20, 18, 26, 
77: 0, 0, 16, 0, 0, 0, 0, 15, 0, 0, 0, 0, 15, 15, 15, 15, 0, 0, 15, 15, : 16, 15, 15, 15, 15, 15, 15, 15, 
266: 0, 0, 0, 0, 15, 15, 0, 15, 1, 0, 0, 0, 15, 0, 0, 15, 0, 29, 0, 16, : 15, 15, 15, 1, 15, 15, 29, 16, 
215: 0, 0, 15, 0, 0, 0, 0, 0, 0, 0, 0, 22, 0, 16, 0, 15, 15, 15, 0, 15, : 15, 22, 16, 15, 15, 15, 15, 
152: 0, 0, 0, 16, 15, 15, 0, 0, 15, 8, 18, 15, 0, 0, 15, 15, 15, 15, 0, 0, : 16, 15, 15, 15, 8, 18, 15, 15, 15, 15, 15, 
5: 4, 0, 21, 0, 0, 0, 15, 0, 19, 0, 15, 0, 7, 0, 7, 0, 0, 0, 0, 0, : 4, 21, 15, 19, 15, 7, 7, 
202: 0, 0, 0, 0, 0, 15, 0, 0, 0, 16, 0, 0, 15, 21, 0, 0, 0, 0, 0, 0, : 15, 16, 15, 21, 
13: 15, 18, 0, 0, 0, 19, 8, 0, 0, 0, 0, 0, 0, 0, 0, 0, 0, 16, 0, 0, : 15, 18, 19, 8, 16, 
45: 0, 15, 0, 0, 0, 0, 0, 0, 16, 0, 15, 0, 0, 17, 15, 0, 16, 0, 0, 0, : 15, 16, 15, 17, 15, 16, 
83: 17, 17, 0, 0, 22, 0, 0, 0, 0, 0, 0, 0, 15, 0, 0, 0, 0, 0, 0, 0, : 17, 17, 22, 15, 
291: 15, 15, 15, 0, 0, 0, 0, 15, 0, 0, 0, 0, 0, 13, 0, 0, 0, 0, 15, 0, : 15, 15, 15, 15, 13, 15, 
247: 0, 15, 0, 15, 0, 0, 0, 0, 0, 16, 0, 15, 0, 0, 0, 16, 0, 0, 0, 0, : 15, 15, 16, 15, 16, 


116: 0, 0, 0, 15, 1, 0, 0, 16, 0, 0, 15, 0, 0, 15, 0, 0, 0, 0, 0, 16, : 15, 1, 16, 15, 15, 16, 
278: 0, 0, 15, 0, 20, 0, 0, 16, 0, 0, 0, 0, 0, 0, 0, 0, 0, 0, 0, 15, : 15, 20, 16, 15, 
29: 0, 0, 0, 0, 0, 0, 0, 22, 0, 0, 0, 15, 0, 0, 16, 0, 0, 17, 0, 0, : 22, 15, 16, 17, 
153: 25, 8, 0, 0, 15, 0, 0, 0, 24, 18, 0, 0, 0, 0, 0, 0, 0, 0, 19, 0, : 25, 8, 15, 24, 18, 19, 
124: 0, 0, 0, 8, 15, 23, 0, 0, 0, 15, 0, 0, 0, 0, 18, 15, 15, 0, 0, 0, : 8, 15, 23, 15, 18, 15, 15, 
99: 0, 0, 18, 15, 0, 0, 0, 0, 0, 0, 15, 16, 15, 0, 15, 0, 0, 0, 0, 0, : 18, 15, 15, 16, 15, 15, 
283: 0, 0, 19, 0, 0, 0, 15, 15, 15, 0, 0, 0, 10, 16, 0, 0, 15, 3, 15, 0, : 19, 15, 15, 15, 10, 16, 15, 3, 15, 
161: 14, 0, 0, 15, 0, 16, 15, 0, 0, 15, 0, 0, 0, 0, 13, 15, 0, 0, 20, 15, : 14, 15, 16, 15, 15, 13, 15, 20, 15, 
173: 15, 16, 0, 0, 15, 0, 0, 0, 0, 0, 0, 0, 0, 0, 0, 15, 0, 0, 0, 4, : 15, 16, 15, 15, 4, 
203: 0, 16, 0, 0, 0, 0, 12, 0, 15, 0, 15, 0, 22, 0, 0, 0, 16, 15, 15, 0, : 16, 12, 15, 15, 22, 16, 15, 15, 
139: 0, 15, 0, 16, 0, 0, 23, 15, 10, 0, 15, 0, 0, 0, 0, 15, 17, 0, 0, 0, : 15, 16, 23, 15, 10, 15, 15, 17, 
275: 0, 0, 0, 16, 0, 0, 0, 1, 0, 17, 0, 0, 15, 15, 0, 0, 15, 0, 16, 15, : 16, 1, 17, 15, 15, 15, 16, 15, 
128: 0, 15, 0, 0, 0, 15, 0, 0, 0, 5, 15, 20, 0, 0, 0, 0, 0, 19, 0, 20, : 15, 15, 5, 15, 20, 19, 20, 
126: 0, 0, 15, 0, 0, 0, 16, 0, 0, 0, 15, 0, 0, 15, 0, 0, 0, 15, 0, 0, : 15, 16, 15, 15, 15, 
208: 0, 0, 0, 0, 0, 0, 0, 0, 0, 15, 0, 0, 23, 0, 20, 0, 0, 16, 0, 0, : 15, 23, 20, 16, 
32: 16, 15, 0, 0, 0, 0, 0, 0, 17, 0, 0, 11, 15, 0, 0, 17, 22, 0, 0, 0, : 16, 15, 17, 11, 15, 17, 22, 
27: 0, 0, 15, 0, 0, 15, 0, 0, 0, 0, 10, 23, 0, 5, 0, 0, 0, 0, 0, 15, : 15, 15, 10, 23, 5, 15, 
197: 15, 15, 0, 15, 15, 0, 19, 0, 0, 0, 0, 0, 0, 0, 0, 15, 0, 15, 15, 0, : 15, 15, 15, 15, 19, 15, 15, 15, 
20: 15, 0, 3, 0, 0, 16, 0, 15, 0, 0, 0, 15, 0, 34, 18, 0, 0, 0, 0, 0, : 15, 3, 16, 15, 15, 34, 18, 
221: 0, 0, 15, 0, 19, 15, 0, 0, 19, 15, 0, 0, 0, 0, 0, 8, 0, 0, 0, 0, : 15, 19, 15, 19, 15, 8, 


233: 16, 0, 0, 0, 0, 24, 0, 0, 0, 0, 0, 15, 0, 0, 0, 15, 0, 16, 0, 0, : 16, 24, 15, 15, 16, 
216: 0, 0, 0, 0, 15, 0, 7, 0, 0, 0, 0, 0, 0, 0, 0, 0, 16, 0, 25, 0, : 15, 7, 16, 25, 
146: 0, 0, 0, 15, 18, 0, 0, 19, 0, 0, 0, 0, 15, 16, 0, 0, 0, 0, 0, 0, : 15, 18, 19, 15, 16, 
267: 0, 0, 15, 17, 0, 0, 15, 0, 15, 0, 0, 15, 0, 0, 0, 0, 0, 2, 15, 0, : 15, 17, 15, 15, 15, 2, 15, 
9: 0, 20, 15, 8, 0, 0, 15, 0, 0, 0, 0, 0, 0, 0, 15, 0, 0, 25, 15, 26, : 20, 15, 8, 15, 15, 25, 15, 26, 
101: 15, 0, 10, 0, 28, 0, 0, 0, 0, 0, 0, 15, 0, 0, 0, 0, 0, 0, 16, 0, : 15, 10, 28, 15, 16, 
175: 0, 15, 0, 0, 15, 15, 15, 0, 15, 0, 0, 0, 17, 0, 2, 0, 0, 15, 0, 0, : 15, 15, 15, 15, 15, 17, 2, 15, 
12: 0, 0, 0, 0, 9, 15, 0, 0, 0, 0, 0, 0, 0, 15, 0, 0, 0, 0, 0, 21, : 9, 15, 15, 21, 
131: 0, 0, 15, 0, 0, 0, 0, 17, 3, 9, 15, 0, 0, 19, 0, 15, 15, 19, 0, 16, : 15, 17, 3, 9, 15, 19, 15, 15, 19, 16, 
48: 15, 0, 0, 0, 0, 0, 0, 15, 16, 0, 0, 0, 15, 15, 0, 0, 15, 0, 0, 0, : 15, 15, 16, 15, 15, 15, 
271: 5, 15, 0, 0, 0, 15, 0, 18, 0, 0, 0, 0, 0, 0, 0, 0, 0, 0, 0, 16, : 5, 15, 15, 18, 16, 
162: 0, 0, 0, 15, 0, 0, 0, 0, 0, 0, 16, 0, 0, 0, 22, 15, 0, 23, 0, 0, : 15, 16, 22, 15, 23, 
71: 0, 15, 0, 0, 0, 0, 0, 0, 15, 15, 0, 0, 15, 0, 0, 0, 15, 0, 15, 0, : 15, 15, 15, 15, 15, 15, 
60: 0, 15, 0, 0, 0, 16, 15, 0, 21, 0, 15, 15, 0, 0, 15, 0, 15, 0, 0, 0, : 15, 16, 15, 21, 15, 15, 15, 15, 
62: 0, 15, 0, 15, 0, 0, 0, 16, 0, 0, 15, 0, 15, 0, 0, 10, 0, 0, 14, 0, : 15, 15, 16, 15, 15, 10, 14, 
72: 18, 0, 0, 15, 0, 0, 0, 0, 0, 0, 16, 17, 20, 20, 0, 15, 0, 0, 0, 0, : 18, 15, 16, 17, 20, 20, 15, 
225: 0, 0, 15, 15, 0, 15, 0, 0, 0, 20, 0, 0, 3, 0, 15, 0, 15, 0, 0, 18, : 15, 15, 15, 20, 3, 15, 15, 18, 
194: 16, 0, 0, 0, 0, 0, 0, 0, 15, 21, 0, 0, 0, 15, 0, 15, 9, 0, 0, 3, : 16, 15, 21, 15, 15, 9, 3, 
76: 15, 0, 15, 0, 0, 0, 15, 0, 0, 0, 5, 15, 0, 0, 16, 0, 0, 0, 0, 0, : 15, 15, 15, 5, 15, 16, 
169: 0, 5, 15, 0, 15, 0, 18, 15, 0, 35, 18, 8, 0, 0, 15, 15, 0, 0, 0, 0, : 5, 15, 15, 18, 15, 35, 18, 8, 15, 15, 


130: 0, 0, 0, 0, 15, 0, 0, 0, 0, 0, 15, 17, 0, 0, 0, 0, 0, 0, 0, 0, : 15, 15, 17, 
192: 0, 0, 16, 0, 15, 15, 0, 0, 0, 0, 2, 0, 0, 0, 15, 0, 0, 15, 0, 0, : 16, 15, 15, 2, 15, 15, 
289: 0, 15, 15, 0, 0, 0, 15, 0, 0, 15, 0, 0, 0, 9, 15, 15, 15, 15, 15, 0, : 15, 15, 15, 15, 9, 15, 15, 15, 15, 15, 
4: 0, 0, 15, 0, 0, 16, 15, 0, 0, 15, 15, 0, 0, 0, 0, 0, 0, 0, 15, 0, : 15, 16, 15, 15, 15, 15, 
184: 0, 15, 0, 0, 0, 0, 0, 0, 21, 0, 0, 15, 15, 15, 9, 0, 0, 0, 0, 0, : 15, 21, 15, 15, 15, 9, 
64: 0, 0, 0, 0, 0, 0, 0, 15, 15, 0, 15, 0, 0, 15, 0, 15, 0, 15, 0, 0, : 15, 15, 15, 15, 15, 15, 
151: 0, 8, 16, 0, 0, 0, 0, 0, 0, 8, 15, 0, 16, 0, 0, 16, 0, 0, 0, 0, : 8, 16, 8, 15, 16, 16, 
10: 15, 0, 0, 0, 0, 17, 0, 0, 0, 15, 0, 0, 0, 15, 0, 17, 0, 0, 0, 0, : 15, 17, 15, 15, 17, 
227: 15, 0, 0, 21, 0, 0, 0, 15, 11, 0, 0, 0, 15, 0, 0, 0, 0, 0, 0, 0, : 15, 21, 15, 11, 15, 
243: 16, 0, 15, 16, 0, 4, 15, 0, 23, 16, 0, 18, 0, 15, 0, 0, 0, 0, 0, 0, : 16, 15, 16, 4, 15, 23, 16, 18, 15, 
92: 18, 0, 0, 0, 10, 0, 16, 18, 0, 0, 19, 15, 5, 0, 0, 0, 0, 0, 0, 15, : 18, 10, 16, 18, 19, 15, 5, 15, 
212: 0, 15, 0, 18, 16, 0, 0, 15, 0, 15, 0, 0, 0, 16, 15, 6, 16, 0, 0, 0, : 15, 18, 16, 15, 15, 16, 15, 6, 16, 
264: 0, 0, 0, 0, 0, 15, 15, 15, 0, 0, 0, 0, 15, 15, 0, 0, 17, 19, 15, 15, : 15, 15, 15, 15, 15, 17, 19, 15, 15, 
103: 0, 17, 0, 15, 15, 0, 9, 0, 0, 0, 19, 0, 0, 0, 15, 0, 10, 0, 0, 0, : 17, 15, 15, 9, 19, 15, 10, 
66: 0, 0, 0, 0, 0, 0, 0, 6, 15, 0, 0, 0, 19, 0, 0, 0, 0, 0, 17, 20, : 6, 15, 19, 17, 20, 
135: 21, 15, 7, 0, 0, 18, 15, 0, 0, 0, 0, 19, 0, 0, 0, 0, 0, 15, 15, 15, : 21, 15, 7, 18, 15, 19, 15, 15, 15, 
158: 0, 0, 0, 15, 0, 15, 0, 0, 0, 0, 0, 0, 15, 0, 0, 0, 0, 0, 15, 15, : 15, 15, 15, 15, 15, 
74: 0, 15, 0, 0, 0, 0, 0, 16, 15, 16, 0, 16, 0, 0, 15, 15, 0, 0, 0, 20, : 15, 16, 15, 16, 16, 15, 15, 20, 
84: 0, 0, 0, 15, 29, 0, 0, 0, 0, 0, 0, 0, 0, 0, 0, 0, 27, 21, 8, 0, : 15, 29, 27, 21, 8, 
58: 15, 0, 16, 0, 0, 0, 0, 0, 0, 0, 0, 0, 0, 0, 16, 16, 15, 0, 0, 0, : 15, 16, 16, 16, 15, 


282: 19, 0, 0, 15, 0, 0, 0, 0, 0, 15, 0, 0, 15, 0, 0, 16, 0, 0, 15, 15, : 19, 15, 15, 15, 16, 15, 15, 
288: 17, 0, 15, 15, 0, 0, 4, 0, 0, 0, 26, 10, 0, 19, 23, 0, 0, 15, 16, 0, : 17, 15, 15, 4, 26, 10, 19, 23, 15, 16, 
105: 0, 0, 0, 0, 0, 0, 0, 0, 0, 15, 0, 0, 15, 0, 0, 0, 0, 0, 0, 0, : 15, 15, 
118: 0, 0, 0, 15, 0, 0, 0, 0, 0, 0, 0, 15, 0, 0, 0, 15, 0, 18, 0, 0, : 15, 15, 15, 18, 
108: 0, 0, 15, 0, 0, 30, 16, 0, 0, 0, 0, 0, 0, 0, 15, 0, 0, 17, 0, 15, : 15, 30, 16, 15, 17, 15, 
256: 0, 27, 0, 15, 0, 15, 0, 0, 17, 0, 0, 15, 10, 36, 31, 0, 0, 0, 9, 0, : 27, 15, 15, 17, 15, 10, 36, 31, 9, 
159: 0, 0, 10, 0, 0, 0, 0, 15, 15, 0, 0, 0, 15, 0, 0, 0, 0, 0, 0, 0, : 10, 15, 15, 15, 
22: 15, 0, 15, 0, 8, 0, 0, 0, 0, 0, 0, 0, 15, 0, 0, 0, 16, 15, 0, 0, : 15, 15, 8, 15, 16, 15, 
167: 0, 0, 0, 16, 0, 0, 0, 23, 18, 0, 0, 0, 15, 0, 0, 0, 15, 0, 0, 0, : 16, 23, 18, 15, 15, 
47: 15, 17, 0, 0, 0, 15, 15, 0, 0, 0, 0, 0, 0, 0, 0, 15, 17, 0, 0, 0, : 15, 17, 15, 15, 15, 17, 
187: 0, 0, 0, 0, 18, 0, 0, 15, 0, 0, 0, 15, 0, 14, 0, 23, 14, 0, 0, 0, : 18, 15, 15, 14, 23, 14, 
17: 4, 0, 15, 0, 18, 10, 15, 15, 0, 0, 27, 0, 0, 0, 0, 0, 0, 0, 15, 25, : 4, 15, 18, 10, 15, 15, 27, 15, 25, 
111: 15, 0, 0, 0, 0, 15, 0, 15, 0, 15, 2, 0, 0, 0, 15, 0, 0, 0, 0, 0, : 15, 15, 15, 15, 2, 15, 
230: 15, 0, 0, 16, 15, 0, 0, 2, 0, 0, 0, 0, 0, 0, 0, 15, 0, 2, 15, 0, : 15, 16, 15, 2, 15, 2, 15, 
295: 0, 15, 15, 0, 0, 0, 0, 0, 0, 6, 15, 0, 0, 0, 16, 0, 15, 0, 15, 0, : 15, 15, 6, 15, 16, 15, 15, 
42: 0, 15, 0, 0, 0, 0, 16, 0, 13, 0, 0, 15, 0, 0, 0, 0, 0, 0, 0, 15, : 15, 16, 13, 15, 15, 
8: 0, 11, 0, 0, 0, 0, 15, 0, 15, 0, 15, 15, 0, 0, 0, 0, 0, 16, 15, 15, : 11, 15, 15, 15, 15, 16, 15, 15, 
262: 0, 0, 0, 0, 25, 0, 19, 15, 22, 15, 0, 0, 0, 0, 0, 0, 0, 17, 0, 0, : 25, 19, 15, 22, 15, 17, 
195: 0, 0, 15, 8, 16, 0, 0, 0, 0, 0, 0, 15, 0, 0, 0, 0, 0, 0, 0, 15, : 15, 8, 16, 15, 15, 
134: 0, 15, 0, 0, 0, 15, 0, 0, 0, 34, 15, 0, 15, 31, 0, 16, 23, 0, 0, 0, : 15, 15, 34, 15, 15, 31, 16, 23, 


181: 0, 21, 0, 0, 3, 0, 4, 0, 0, 0, 29, 15, 15, 0, 15, 0, 15, 13, 0, 0, : 21, 3, 4, 29, 15, 15, 15, 15, 13, 
113: 0, 0, 0, 15, 0, 15, 15, 0, 1, 0, 0, 0, 0, 5, 15, 0, 0, 0, 0, 15, : 15, 15, 15, 1, 5, 15, 15, 
164: 0, 0, 15, 0, 0, 16, 0, 0, 15, 0, 0, 6, 0, 0, 0, 15, 0, 0, 15, 15, : 15, 16, 15, 6, 15, 15, 15, 
61: 15, 0, 15, 0, 0, 0, 0, 0, 16, 0, 19, 31, 0, 0, 0, 10, 15, 0, 0, 15, : 15, 15, 16, 19, 31, 10, 15, 15, 
148: 0, 15, 0, 15, 0, 0, 0, 0, 0, 0, 0, 0, 0, 0, 15, 0, 0, 0, 0, 0, : 15, 15, 15, 
26: 0, 0, 0, 0, 15, 24, 0, 0, 0, 0, 0, 0, 0, 15, 0, 16, 0, 0, 0, 0, : 15, 24, 15, 16, 
59: 0, 0, 19, 0, 0, 15, 0, 0, 15, 0, 0, 0, 16, 15, 0, 0, 0, 0, 0, 0, : 19, 15, 15, 16, 15, 
261: 0, 2, 0, 0, 20, 0, 0, 15, 0, 0, 15, 0, 0, 0, 0, 0, 15, 0, 0, 15, : 2, 20, 15, 15, 15, 15, 
210: 23, 0, 0, 28, 15, 0, 21, 0, 0, 15, 0, 0, 15, 0, 15, 0, 0, 16, 0, 0, : 23, 28, 15, 21, 15, 15, 15, 16, 
276: 0, 0, 0, 0, 0, 0, 15, 33, 0, 0, 0, 18, 0, 0, 17, 16, 0, 0, 0, 0, : 15, 33, 18, 17, 16, 
3: 16, 21, 0, 15, 0, 0, 0, 0, 23, 0, 0, 15, 9, 0, 0, 0, 17, 15, 15, 0, : 16, 21, 15, 23, 15, 9, 17, 15, 15, 
165: 0, 0, 21, 0, 0, 0, 0, 0, 0, 0, 16, 0, 0, 0, 8, 0, 15, 0, 15, 7, : 21, 16, 8, 15, 15, 7, 
43: 0, 15, 0, 0, 15, 0, 0, 0, 0, 15, 0, 0, 0, 0, 0, 0, 8, 0, 0, 0, : 15, 15, 15, 8, 
120: 0, 26, 15, 0, 0, 0, 0, 7, 0, 15, 6, 0, 0, 15, 0, 0, 0, 0, 25, 0, : 26, 15, 7, 15, 6, 15, 25, 
44: 15, 0, 0, 0, 0, 15, 0, 15, 15, 0, 0, 0, 0, 0, 0, 26, 0, 15, 0, 0, : 15, 15, 15, 15, 26, 15, 
193: 0, 0, 0, 0, 0, 0, 15, 15, 15, 7, 0, 0, 15, 15, 15, 0, 0, 0, 0, 0, : 15, 15, 15, 7, 15, 15, 15, 
80: 31, 0, 0, 0, 17, 0, 0, 15, 0, 16, 15, 0, 0, 15, 0, 0, 15, 0, 15, 0, : 31, 17, 15, 16, 15, 15, 15, 15, 
259: 0, 0, 15, 12, 15, 0, 15, 0, 0, 17, 0, 15, 0, 20, 0, 0, 0, 0, 0, 18, : 15, 12, 15, 15, 17, 15, 20, 18, 
147: 0, 0, 0, 0, 0, 0, 15, 0, 0, 0, 0, 0, 15, 0, 0, 17, 0, 20, 0, 15, : 15, 15, 17, 20, 15, 
234: 0, 0, 0, 15, 0, 15, 0, 0, 0, 15, 0, 0, 15, 0, 0, 0, 0, 21, 15, 0, : 15, 15, 15, 15, 21, 15, 


249: 0, 0, 5, 0, 0, 31, 15, 0, 15, 0, 15, 0, 18, 14, 0, 17, 0, 15, 0, 0, : 5, 31, 15, 15, 15, 18, 14, 17, 15, 
218: 0, 15, 15, 0, 0, 0, 0, 15, 0, 0, 15, 25, 0, 15, 15, 0, 0, 0, 0, 0, : 15, 15, 15, 15, 25, 15, 15, 
286: 15, 0, 0, 15, 15, 15, 16, 0, 6, 15, 0, 0, 5, 0, 0, 0, 0, 0, 0, 0, : 15, 15, 15, 15, 16, 6, 15, 5, 
206: 0, 0, 17, 0, 15, 7, 0, 0, 19, 0, 15, 15, 0, 26, 0, 0, 22, 0, 0, 0, : 17, 15, 7, 19, 15, 15, 26, 22, 
274: 0, 15, 0, 15, 0, 0, 0, 0, 15, 0, 0, 0, 0, 0, 0, 0, 0, 0, 0, 0, : 15, 15, 15, 
242: 10, 0, 0, 0, 16, 0, 0, 0, 15, 16, 15, 15, 38, 0, 0, 0, 9, 0, 0, 1, : 10, 16, 15, 16, 15, 15, 38, 9, 1, 
138: 0, 17, 0, 22, 0, 0, 0, 15, 0, 0, 0, 0, 0, 0, 0, 0, 0, 19, 0, 0, : 17, 22, 15, 19, 
226: 15, 19, 0, 0, 0, 0, 16, 0, 0, 0, 15, 0, 0, 0, 15, 21, 15, 0, 38, 16, : 15, 19, 16, 15, 15, 21, 15, 38, 16, 
52: 0, 0, 0, 0, 0, 0, 0, 0, 0, 15, 0, 15, 0, 0, 15, 16, 0, 0, 0, 0, : 15, 15, 15, 16, 
35: 0, 0, 0, 0, 0, 16, 0, 0, 15, 15, 0, 0, 0, 0, 0, 21, 0, 2, 15, 21, : 16, 15, 15, 21, 2, 15, 21, 
294: 0, 0, 15, 11, 0, 16, 0, 15, 0, 15, 0, 0, 0, 0, 16, 0, 0, 0, 0, 0, : 15, 11, 16, 15, 15, 16, 
182: 0, 4, 0, 0, 0, 0, 18, 15, 0, 0, 0, 0, 0, 0, 0, 0, 0, 15, 15, 0, : 4, 18, 15, 15, 15, 
93: 15, 0, 16, 0, 9, 0, 0, 9, 0, 0, 0, 0, 0, 0, 0, 0, 15, 0, 0, 0, : 15, 16, 9, 9, 15, 
154: 0, 0, 0, 21, 15, 15, 17, 0, 0, 0, 0, 0, 0, 0, 16, 10, 0, 15, 0, 15, : 21, 15, 15, 17, 16, 10, 15, 15, 
284: 0, 0, 0, 0, 0, 0, 0, 0, 15, 0, 0, 0, 24, 15, 15, 0, 16, 0, 0, 0, : 15, 24, 15, 15, 16, 
251: 15, 0, 0, 0, 15, 0, 18, 0, 0, 0, 0, 0, 0, 15, 0, 0, 0, 0, 0, 15, : 15, 15, 18, 15, 15, 
293: 15, 15, 17, 16, 0, 0, 0, 0, 0, 0, 18, 0, 15, 0, 8, 15, 0, 0, 0, 15, : 15, 15, 17, 16, 18, 15, 8, 15, 15, 
78: 15, 15, 0, 0, 0, 0, 0, 0, 0, 24, 0, 15, 0, 0, 0, 0, 0, 0, 16, 0, : 15, 15, 24, 15, 16, 
91: 0, 0, 0, 0, 0, 0, 0, 15, 0, 0, 7, 15, 0, 15, 0, 0, 0, 18, 0, 17, : 15, 7, 15, 15, 18, 17, 
199: 0, 0, 15, 0, 15, 0, 0, 16, 0, 0, 0, 0, 0, 0, 0, 0, 23, 16, 16, 0, : 15, 15, 16, 23, 16, 16, 


107: 0, 0, 8, 0, 0, 0, 0, 18, 28, 0, 0, 17, 15, 0, 0, 0, 5, 0, 0, 15, : 8, 18, 28, 17, 15, 5, 15, 
176: 0, 0, 0, 15, 0, 0, 22, 0, 0, 15, 15, 0, 15, 0, 0, 0, 0, 0, 2, 0, : 15, 22, 15, 15, 15, 2, 
95: 0, 16, 0, 0, 0, 15, 0, 0, 0, 15, 0, 0, 16, 15, 15, 15, 0, 18, 0, 0, : 16, 15, 15, 16, 15, 15, 15, 18, 
119: 15, 15, 0, 0, 0, 0, 18, 0, 0, 7, 15, 0, 15, 0, 0, 0, 0, 0, 15, 0, : 15, 15, 18, 7, 15, 15, 15, 
89: 15, 0, 0, 0, 0, 6, 0, 20, 0, 18, 15, 0, 0, 0, 0, 0, 0, 15, 0, 0, : 15, 6, 20, 18, 15, 15, 
85: 16, 0, 0, 0, 0, 0, 0, 15, 0, 0, 0, 15, 0, 0, 15, 0, 15, 0, 15, 0, : 16, 15, 15, 15, 15, 15, 
100: 0, 16, 15, 0, 15, 15, 0, 0, 0, 0, 0, 0, 0, 0, 0, 28, 0, 0, 15, 0, : 16, 15, 15, 15, 28, 15, 
28: 15, 0, 0, 0, 15, 0, 0, 0, 31, 0, 0, 0, 0, 16, 0, 0, 16, 0, 19, 0, : 15, 15, 31, 16, 16, 19, 
191: 16, 0, 0, 15, 0, 0, 0, 15, 0, 0, 0, 0, 0, 0, 0, 0, 15, 22, 0, 0, : 16, 15, 15, 15, 22, 
137: 0, 0, 16, 0, 0, 0, 0, 15, 0, 0, 15, 0, 0, 0, 0, 18, 0, 0, 0, 5, : 16, 15, 15, 18, 5, 
136: 0, 15, 15, 0, 15, 0, 5, 0, 0, 0, 0, 0, 0, 0, 0, 0, 0, 0, 0, 0, : 15, 15, 15, 5, 
219: 0, 0, 15, 15, 0, 17, 0, 0, 0, 0, 0, 16, 0, 0, 15, 0, 0, 15, 15, 20, : 15, 15, 17, 16, 15, 15, 15, 20, 
269: 8, 0, 0, 0, 0, 0, 21, 0, 0, 15, 10, 0, 0, 0, 0, 15, 15, 15, 0, 15, : 8, 21, 15, 10, 15, 15, 15, 15, 
172: 0, 0, 0, 15, 0, 0, 0, 17, 11, 0, 0, 0, 15, 15, 15, 0, 0, 0, 0, 15, : 15, 17, 11, 15, 15, 15, 15, 
157: 0, 0, 0, 27, 10, 15, 0, 0, 0, 0, 0, 0, 16, 0, 15, 9, 19, 0, 0, 15, : 27, 10, 15, 16, 15, 9, 19, 15, 
33: 0, 0, 16, 13, 0, 0, 0, 0, 15, 15, 15, 24, 0, 16, 10, 0, 0, 15, 19, 15, : 16, 13, 15, 15, 15, 24, 16, 10, 15, 19, 15, 
171: 0, 15, 0, 0, 15, 17, 0, 0, 0, 0, 0, 0, 8, 0, 0, 0, 0, 0, 0, 0, : 15, 15, 17, 8, 
37: 0, 8, 15, 0, 15, 0, 0, 0, 0, 0, 0, 0, 0, 15, 0, 15, 15, 0, 0, 0, : 8, 15, 15, 15, 15, 15, 
196: 0, 0, 0, 0, 15, 15, 0, 0, 15, 15, 0, 16, 0, 0, 0, 0, 0, 0, 0, 0, : 15, 15, 15, 15, 16, 
200: 15, 15, 0, 0, 0, 0, 34, 0, 0, 0, 15, 12, 0, 23, 15, 0, 0, 0, 0, 0, : 15, 15, 34, 15, 12, 23, 15, 


213: 0, 18, 23, 19, 0, 0, 0, 0, 0, 15, 8, 0, 0, 0, 0, 0, 0, 15, 0, 0, : 18, 23, 19, 15, 8, 15, 
160: 0, 0, 15, 0, 0, 0, 0, 0, 0, 16, 0, 0, 0, 0, 0, 0, 15, 15, 0, 0, : 15, 16, 15, 15, 
258: 0, 0, 0, 0, 0, 16, 0, 27, 0, 0, 0, 0, 17, 0, 0, 15, 0, 15, 15, 35, : 16, 27, 17, 15, 15, 15, 35, 
237: 0, 0, 0, 0, 0, 0, 29, 7, 0, 20, 0, 15, 0, 0, 0, 15, 0, 15, 0, 15, : 29, 7, 20, 15, 15, 15, 15, 
189: 0, 0, 15, 0, 0, 9, 15, 0, 0, 0, 15, 17, 15, 22, 0, 17, 15, 0, 0, 0, : 15, 9, 15, 15, 17, 15, 22, 17, 15, 
25: 0, 17, 0, 15, 10, 0, 0, 0, 0, 0, 0, 0, 0, 3, 17, 6, 15, 0, 0, 0, : 17, 15, 10, 3, 17, 6, 15, 
55: 16, 0, 1, 15, 15, 0, 0, 0, 0, 0, 0, 26, 15, 0, 0, 0, 0, 0, 20, 0, : 16, 1, 15, 15, 26, 15, 20, 
201: 0, 0, 15, 0, 0, 0, 0, 16, 17, 0, 24, 22, 0, 0, 15, 0, 15, 15, 0, 0, : 15, 16, 17, 24, 22, 15, 15, 15, 
174: 15, 0, 0, 0, 0, 0, 0, 0, 0, 15, 0, 0, 0, 0, 16, 0, 10, 0, 0, 0, : 15, 15, 16, 10, 
149: 0, 1, 0, 0, 0, 15, 25, 0, 27, 0, 15, 0, 0, 15, 0, 0, 0, 0, 16, 15, : 1, 15, 25, 27, 15, 15, 16, 15, 
112: 3, 0, 0, 0, 15, 0, 15, 0, 24, 15, 23, 0, 15, 0, 0, 0, 0, 0, 0, 0, : 3, 15, 15, 24, 15, 23, 15, 
183: 16, 32, 0, 0, 0, 15, 0, 0, 0, 0, 0, 0, 0, 0, 15, 0, 0, 10, 0, 15, : 16, 32, 15, 15, 10, 15, 
257: 0, 15, 0, 0, 15, 0, 0, 15, 0, 0, 0, 15, 15, 15, 16, 0, 0, 0, 0, 0, : 15, 15, 15, 15, 15, 15, 16, 
156: 0, 0, 0, 15, 0, 0, 0, 0, 0, 0, 0, 0, 0, 15, 0, 0, 0, 0, 15, 16, : 15, 15, 15, 16, 
252: 0, 0, 0, 15, 15, 0, 0, 15, 0, 4, 0, 0, 0, 0, 15, 0, 0, 0, 0, 0, : 15, 15, 15, 4, 15, 
97: 18, 0, 16, 0, 0, 0, 0, 20, 0, 0, 15, 0, 0, 15, 0, 15, 15, 0, 0, 4, : 18, 16, 20, 15, 15, 15, 15, 4, 
39: 0, 0, 0, 0, 0, 15, 0, 0, 0, 0, 0, 0, 0, 0, 0, 15, 0, 0, 19, 0, : 15, 15, 19, 
79: 17, 0, 0, 0, 15, 0, 0, 0, 14, 0, 0, 0, 15, 0, 6, 17, 0, 0, 0, 0, : 17, 15, 14, 15, 6, 17, 
211: 0, 17, 15, 15, 0, 15, 0, 0, 18, 15, 0, 0, 8, 15, 0, 0, 0, 0, 15, 0, : 17, 15, 15, 15, 18, 15, 8, 15, 15, 
155: 15, 0, 0, 6, 15, 15, 16, 0, 0, 0, 0, 5, 0, 0, 0, 0, 15, 15, 0, 0, : 15, 6, 15, 15, 16, 5, 15, 15, 


281: 0, 0, 0, 0, 0, 0, 15, 0, 20, 18, 15, 16, 0, 0, 0, 0, 0, 0, 0, 28, : 15, 20, 18, 15, 16, 28, 
54: 0, 16, 15, 0, 15, 0, 15, 15, 0, 35, 0, 0, 0, 15, 15, 17, 17, 0, 0, 0, : 16, 15, 15, 15, 15, 35, 15, 15, 17, 17, 
180: 0, 0, 0, 0, 16, 0, 0, 0, 0, 17, 15, 0, 0, 0, 0, 5, 15, 0, 15, 18, : 16, 17, 15, 5, 15, 15, 18, 
253: 0, 0, 15, 15, 0, 0, 0, 0, 0, 0, 15, 0, 21, 0, 25, 15, 0, 0, 6, 0, : 15, 15, 15, 21, 25, 15, 6, 
34: 0, 0, 17, 2, 0, 15, 0, 0, 0, 0, 15, 17, 0, 0, 0, 0, 0, 0, 15, 17, : 17, 2, 15, 15, 17, 15, 17, 
21: 0, 0, 15, 0, 0, 0, 0, 0, 15, 0, 0, 15, 0, 15, 0, 15, 18, 0, 15, 16, : 15, 15, 15, 15, 15, 18, 15, 16, 
73: 0, 15, 0, 0, 0, 19, 0, 0, 0, 0, 18, 15, 15, 0, 0, 0, 0, 15, 0, 0, : 15, 19, 18, 15, 15, 15, 
115: 0, 15, 11, 15, 15, 0, 0, 15, 0, 15, 0, 0, 0, 0, 0, 0, 15, 0, 0, 0, : 15, 11, 15, 15, 15, 15, 15, 
204: 0, 0, 0, 0, 0, 0, 0, 0, 15, 0, 0, 0, 0, 15, 0, 0, 0, 15, 0, 2, : 15, 15, 15, 2, 
18: 20, 0, 0, 22, 0, 6, 0, 0, 5, 0, 0, 15, 0, 0, 21, 0, 0, 0, 0, 0, : 20, 22, 6, 5, 15, 21, 
46: 15, 0, 0, 0, 0, 15, 16, 0, 0, 0, 7, 0, 0, 0, 0, 0, 0, 0, 0, 0, : 15, 15, 16, 7, 
75: 0, 0, 0, 0, 0, 0, 24, 26, 15, 0, 0, 0, 18, 15, 24, 0, 0, 0, 0, 0, : 24, 26, 15, 18, 15, 24, 
280: 0, 0, 0, 16, 15, 0, 0, 0, 0, 0, 0, 15, 15, 0, 0, 0, 0, 0, 16, 19, : 16, 15, 15, 15, 16, 19, 
67: 15, 0, 0, 15, 0, 0, 15, 0, 0, 0, 0, 0, 0, 0, 15, 0, 15, 20, 18, 0, : 15, 15, 15, 15, 15, 20, 18, 
23: 0, 0, 27, 0, 15, 0, 0, 0, 0, 15, 15, 7, 16, 20, 0, 0, 0, 15, 15, 0, : 27, 15, 15, 15, 7, 16, 20, 15, 15, 
207: 20, 0, 0, 15, 0, 15, 15, 0, 15, 0, 0, 0, 15, 0, 0, 0, 0, 15, 0, 0, : 20, 15, 15, 15, 15, 15, 15, 
51: 0, 15, 0, 0, 4, 0, 0, 15, 0, 0, 0, 0, 0, 4, 0, 15, 0, 0, 0, 0, : 15, 4, 15, 4, 15, 
2: 15, 29, 0, 0, 0, 0, 0, 29, 0, 0, 0, 0, 0, 0, 0, 18, 0, 15, 0, 0, : 15, 29, 29, 18, 15, 
241: 0, 10, 0, 0, 20, 15, 0, 0, 0, 0, 0, 0, 0, 0, 0, 0, 0, 5, 0, 0, : 10, 20, 15, 5, 
144: 15, 0, 0, 0, 0, 15, 0, 0, 15, 0, 0, 0, 0, 16, 0, 15, 20, 0, 0, 0, : 15, 15, 15, 16, 15, 20, 


205: 0, 0, 15, 0, 20, 0, 0, 15, 0, 0, 16, 0, 0, 0, 0, 0, 0, 0, 0, 0, : 15, 20, 15, 16, 
277: 0, 0, 0, 15, 0, 0, 0, 0, 0, 0, 15, 0, 0, 6, 0, 0, 0, 0, 16, 19, : 15, 15, 6, 16, 19, 
132: 0, 16, 15, 0, 0, 0, 0, 17, 0, 0, 0, 18, 5, 0, 15, 0, 0, 0, 0, 0, : 16, 15, 17, 18, 5, 15, 
19: 18, 18, 0, 15, 0, 0, 15, 0, 17, 0, 0, 0, 0, 18, 0, 0, 0, 0, 0, 16, : 18, 18, 15, 15, 17, 18, 16, 
150: 0, 0, 12, 16, 0, 0, 0, 0, 0, 0, 15, 2, 0, 16, 16, 0, 15, 0, 0, 15, : 12, 16, 15, 2, 16, 16, 15, 15, 
7: 15, 0, 0, 0, 15, 15, 15, 0, 0, 0, 0, 0, 0, 15, 8, 0, 9, 21, 15, 15, : 15, 15, 15, 15, 15, 8, 9, 21, 15, 15, 
231: 0, 0, 0, 0, 2, 0, 0, 0, 35, 0, 15, 15, 16, 15, 0, 0, 0, 0, 15, 0, : 2, 35, 15, 15, 16, 15, 15, 
142: 22, 0, 0, 0, 17, 0, 0, 23, 0, 0, 0, 0, 0, 0, 0, 15, 15, 0, 0, 0, : 22, 17, 23, 15, 15, 
270: 0, 0, 15, 0, 0, 15, 0, 0, 0, 0, 0, 17, 0, 0, 0, 19, 0, 19, 15, 0, : 15, 15, 17, 19, 19, 15, 
49: 0, 0, 0, 0, 16, 15, 0, 0, 0, 0, 0, 0, 0, 0, 15, 2, 15, 12, 16, 0, : 16, 15, 15, 2, 15, 12, 16, 
96: 0, 15, 0, 0, 0, 15, 0, 15, 0, 0, 15, 0, 17, 0, 0, 0, 0, 0, 0, 0, : 15, 15, 15, 15, 17, 
81: 15, 15, 0, 0, 0, 0, 0, 15, 0, 34, 0, 0, 0, 15, 15, 0, 15, 0, 8, 0, : 15, 15, 15, 34, 15, 15, 15, 8, 
290: 0, 0, 16, 0, 0, 21, 15, 15, 0, 26, 17, 18, 0, 0, 0, 0, 0, 0, 0, 0, : 16, 21, 15, 15, 26, 17, 18, 
299: 0, 0, 0, 0, 0, 0, 15, 0, 0, 19, 0, 15, 15, 0, 0, 15, 16, 0, 15, 0, : 15, 19, 15, 15, 15, 16, 15, 
177: 15, 19, 0, 0, 15, 0, 15, 0, 0, 6, 0, 0, 15, 0, 0, 0, 0, 18, 0, 0, : 15, 19, 15, 15, 6, 15, 18, 
98: 0, 15, 0, 15, 0, 0, 0, 0, 10, 15, 0, 0, 15, 0, 0, 0, 0, 0, 0, 0, : 15, 15, 10, 15, 15, 
188: 0, 2, 0, 16, 0, 0, 0, 0, 15, 0, 0, 0, 0, 0, 16, 18, 0, 0, 0, 0, : 2, 16, 15, 16, 18, 
1: 0, 0, 27, 15, 0, 18, 15, 0, 0, 0, 7, 0, 0, 0, 0, 16, 0, 0, 0, 20, : 27, 15, 18, 15, 7, 16, 20, 
129: 0, 0, 0, 0, 15, 1, 0, 0, 23, 0, 0, 0, 0, 0, 15, 0, 15, 30, 0, 0, : 15, 1, 23, 15, 15, 30, 
94: 15, 0, 0, 8, 0, 0, 10, 0, 0, 0, 0, 15, 17, 15, 0, 15, 0, 0, 0, 15, : 15, 8, 10, 15, 17, 15, 15, 15, 


272: 8, 8, 0, 0, 0, 0, 15, 15, 0, 0, 24, 15, 0, 17, 0, 0, 0, 0, 0, 0, : 8, 8, 15, 15, 24, 15, 17, 
11: 15, 0, 0, 0, 0, 0, 16, 0, 0, 0, 0, 0, 15, 0, 15, 0, 15, 0, 0, 0, : 15, 16, 15, 15, 15, 
104: 0, 0, 0, 15, 15, 0, 0, 0, 0, 0, 0, 0, 0, 0, 0, 15, 0, 0, 15, 9, : 15, 15, 15, 15, 9, 
143: 15, 15, 0, 0, 21, 16, 1, 0, 0, 0, 0, 19, 0, 0, 17, 0, 0, 0, 16, 15, : 15, 15, 21, 16, 1, 19, 17, 16, 15, 
70: 0, 0, 0, 0, 0, 0, 15, 15, 16, 0, 15, 0, 20, 0, 0, 0, 0, 15, 0, 0, : 15, 15, 16, 15, 20, 15, 
232: 0, 15, 0, 15, 0, 24, 0, 15, 15, 0, 0, 15, 0, 15, 0, 0, 0, 0, 9, 0, : 15, 15, 24, 15, 15, 15, 15, 9, 
235: 15, 15, 0, 0, 4, 0, 0, 0, 0, 0, 0, 0, 0, 9, 16, 0, 0, 0, 0, 0, : 15, 15, 4, 9, 16, 
38: 0, 0, 16, 0, 15, 0, 0, 0, 0, 0, 0, 0, 0, 28, 0, 15, 0, 0, 0, 0, : 16, 15, 28, 15, 
222: 0, 0, 0, 15, 0, 0, 15, 18, 0, 0, 0, 0, 15, 0, 0, 0, 0, 0, 0, 0, : 15, 15, 18, 15, 
114: 0, 15, 15, 0, 0, 0, 0, 0, 0, 0, 0, 0, 16, 0, 15, 15, 10, 16, 15, 0, : 15, 15, 16, 15, 15, 10, 16, 15, 
285: 0, 0, 0, 0, 0, 0, 0, 0, 11, 15, 0, 15, 0, 0, 0, 0, 15, 0, 0, 15, : 11, 15, 15, 15, 15, 
190: 0, 0, 0, 15, 0, 0, 0, 0, 24, 15, 27, 0, 15, 15, 0, 0, 15, 0, 15, 0, : 15, 24, 15, 27, 15, 15, 15, 15, 
125: 15, 0, 15, 18, 0, 0, 0, 0, 0, 15, 0, 15, 0, 0, 16, 0, 15, 0, 15, 0, : 15, 15, 18, 15, 15, 16, 15, 15, 
209: 15, 0, 8, 0, 15, 18, 0, 15, 0, 15, 0, 0, 16, 0, 0, 0, 15, 15, 0, 15, : 15, 8, 15, 18, 15, 15, 16, 15, 15, 15, 
16: 17, 0, 15, 0, 0, 21, 16, 0, 0, 16, 16, 0, 0, 0, 6, 15, 0, 0, 0, 15, : 17, 15, 21, 16, 16, 16, 6, 15, 15, 
31: 0, 0, 15, 0, 0, 0, 0, 0, 0, 15, 18, 0, 0, 0, 0, 0, 0, 15, 0, 16, : 15, 15, 18, 15, 16, 
123: 0, 17, 0, 15, 0, 6, 0, 3, 0, 0, 0, 0, 0, 16, 15, 0, 0, 13, 0, 15, : 17, 15, 6, 3, 16, 15, 13, 15, 
240: 0, 15, 0, 0, 15, 15, 22, 19, 0, 0, 0, 0, 0, 0, 0, 0, 0, 0, 0, 0, : 15, 15, 15, 22, 19, 
69: 0, 0, 16, 0, 0, 0, 0, 0, 18, 9, 0, 21, 3, 0, 0, 11, 15, 0, 15, 0, : 16, 18, 9, 21, 3, 11, 15, 15, 
223: 0, 0, 0, 7, 15, 0, 0, 0, 16, 0, 0, 0, 0, 0, 0, 29, 0, 26, 0, 0, : 7, 15, 16, 29, 26, 


245: 15, 0, 0, 16, 0, 0, 0, 0, 0, 0, 0, 0, 0, 0, 15, 0, 18, 21, 0, 0, : 15, 16, 15, 18, 21, 
106: 4, 15, 16, 0, 0, 0, 0, 15, 0, 0, 0, 0, 0, 0, 0, 0, 0, 0, 0, 7, : 4, 15, 16, 15, 7, 
57: 18, 15, 0, 1, 0, 0, 0, 0, 0, 15, 0, 0, 0, 0, 15, 0, 12, 15, 2, 15, : 18, 15, 1, 15, 15, 12, 15, 2, 15, 
109: 0, 0, 0, 0, 32, 0, 0, 15, 15, 19, 0, 0, 15, 0, 3, 0, 0, 0, 0, 15, : 32, 15, 15, 19, 15, 3, 15, 
68: 0, 15, 0, 0, 0, 16, 0, 17, 0, 0, 15, 0, 0, 0, 0, 0, 0, 15, 15, 0, : 15, 16, 17, 15, 15, 15, 
168: 0, 0, 0, 0, 0, 0, 0, 0, 0, 0, 0, 0, 0, 15, 17, 0, 0, 0, 0, 0, : 15, 17, 
65: 15, 25, 0, 15, 15, 0, 0, 15, 0, 0, 0, 0, 15, 6, 0, 16, 0, 0, 0, 0, : 15, 25, 15, 15, 15, 15, 6, 16, 
298: 0, 0, 0, 0, 16, 0, 18, 15, 15, 0, 0, 0, 0, 15, 0, 0, 0, 15, 0, 16, : 16, 18, 15, 15, 15, 15, 16, 
140: 15, 0, 0, 0, 0, 15, 17, 0, 0, 15, 0, 8, 15, 0, 0, 0, 0, 0, 0, 0, : 15, 15, 17, 15, 8, 15, 
170: 15, 0, 0, 15, 0, 2, 0, 0, 0, 0, 0, 0, 4, 19, 20, 16, 0, 0, 0, 0, : 15, 15, 2, 4, 19, 20, 16, 
239: 0, 0, 15, 0, 7, 0, 0, 0, 0, 0, 0, 0, 0, 0, 15, 16, 0, 15, 17, 15, : 15, 7, 15, 16, 15, 17, 15, 
248: 0, 15, 16, 0, 0, 15, 0, 19, 15, 0, 0, 0, 16, 0, 0, 0, 0, 0, 15, 0, : 15, 16, 15, 19, 15, 16, 15, 
220: 0, 0, 15, 15, 15, 15, 18, 0, 0, 0, 0, 17, 20, 15, 0, 0, 0, 19, 20, 0, : 15, 15, 15, 15, 18, 17, 20, 15, 19, 20, 
110: 0, 0, 0, 0, 0, 0, 2, 4, 0, 2, 23, 19, 0, 15, 0, 0, 21, 0, 0, 0, : 2, 4, 2, 23, 19, 15, 21, 
214: 0, 0, 0, 16, 0, 0, 15, 0, 15, 15, 17, 0, 0, 0, 0, 18, 17, 0, 0, 0, : 16, 15, 15, 15, 17, 18, 17, 
260: 0, 0, 6, 0, 15, 15, 0, 0, 0, 0, 17, 0, 0, 15, 0, 15, 0, 0, 0, 15, : 6, 15, 15, 17, 15, 15, 15, 
6: 0, 0, 0, 22, 0, 0, 0, 0, 16, 0, 0, 0, 15, 0, 0, 0, 16, 0, 0, 17, : 22, 16, 15, 16, 17, 
185: 0, 0, 17, 0, 0, 0, 15, 0, 9, 0, 15, 15, 0, 0, 0, 17, 0, 0, 16, 0, : 17, 15, 9, 15, 15, 17, 16, 
279: 18, 15, 15, 0, 0, 0, 0, 0, 0, 19, 0, 26, 0, 0, 0, 0, 0, 0, 0, 0, : 18, 15, 15, 19, 26, 
127: 0, 0, 0, 0, 0, 22, 15, 0, 15, 15, 13, 15, 0, 0, 15, 2, 16, 0, 15, 0, : 22, 15, 15, 15, 13, 15, 15, 2, 16, 15, 


254: 0, 16, 0, 15, 15, 15, 15, 0, 0, 0, 0, 0, 11, 20, 15, 0, 0, 0, 21, 0, : 16, 15, 15, 15, 15, 11, 20, 15, 21, 
163: 0, 0, 16, 0, 0, 0, 0, 25, 0, 0, 15, 0, 0, 17, 15, 15, 8, 0, 0, 16, : 16, 25, 15, 17, 15, 15, 8, 16, 
24: 15, 15, 0, 0, 17, 0, 12, 15, 0, 0, 0, 19, 0, 0, 1, 17, 0, 0, 0, 16, : 15, 15, 17, 12, 15, 19, 1, 17, 16, 
166: 0, 0, 0, 15, 5, 0, 0, 0, 0, 0, 15, 17, 21, 0, 0, 0, 0, 0, 16, 0, : 15, 5, 15, 17, 21, 16, 
263: 0, 0, 0, 0, 0, 15, 0, 26, 0, 0, 0, 15, 16, 13, 0, 0, 15, 0, 0, 0, : 15, 26, 15, 16, 13, 15, 
296: 16, 0, 0, 15, 15, 0, 28, 0, 0, 3, 11, 0, 15, 15, 0, 0, 0, 0, 0, 13, : 16, 15, 15, 28, 3, 11, 15, 15, 13, 
229: 0, 0, 25, 0, 0, 0, 15, 0, 0, 0, 18, 15, 0, 0, 15, 17, 15, 24, 0, 0, : 25, 15, 18, 15, 15, 17, 15, 24, 
186: 0, 15, 0, 16, 0, 0, 0, 14, 5, 17, 0, 17, 0, 0, 0, 0, 17, 0, 11, 0, : 15, 16, 14, 5, 17, 17, 17, 11, 
265: 0, 0, 15, 0, 0, 0, 0, 0, 0, 0, 0, 0, 22, 18, 0, 0, 15, 0, 0, 25, : 15, 22, 18, 15, 25, 
56: 0, 0, 0, 0, 0, 15, 0, 0, 15, 0, 19, 0, 0, 0, 0, 0, 0, 0, 15, 0, : 15, 15, 19, 15, 
121: 0, 0, 0, 0, 0, 8, 0, 0, 0, 35, 0, 2, 0, 0, 0, 0, 0, 15, 0, 0, : 8, 35, 2, 15, 
300: 0, 0, 0, 0, 0, 17, 0, 0, 15, 0, 0, 0, 0, 17, 20, 0, 15, 15, 0, 15, : 17, 15, 17, 20, 15, 15, 15, 
141: 0, 0, 0, 9, 0, 15, 0, 0, 0, 15, 0, 0, 0, 0, 16, 15, 0, 0, 15, 0, : 9, 15, 15, 16, 15, 15, 
224: 15, 0, 0, 0, 0, 0, 0, 0, 15, 0, 0, 15, 0, 0, 0, 0, 0, 15, 0, 0, : 15, 15, 15, 15, 
90: 17, 18, 15, 15, 0, 0, 0, 0, 15, 0, 0, 0, 15, 0, 0, 0, 0, 0, 0, 0, : 17, 18, 15, 15, 15, 15, 
40: 0, 0, 14, 0, 15, 0, 0, 20, 18, 0, 0, 0, 0, 0, 0, 0, 0, 0, 0, 0, : 14, 15, 20, 18, 
86: 1, 15, 0, 15, 0, 15, 0, 0, 0, 15, 22, 0, 0, 0, 0, 0, 0, 15, 0, 0, : 1, 15, 15, 15, 15, 22, 15, 
178: 0, 0, 15, 0, 15, 0, 0, 0, 17, 0, 0, 0, 0, 0, 18, 18, 15, 0, 0, 0, : 15, 15, 17, 18, 18, 15, 
133: 17, 0, 0, 0, 18, 0, 15, 0, 0, 0, 0, 0, 0, 0, 0, 0, 0, 16, 22, 15, : 17, 18, 15, 16, 22, 15, 
273: 19, 21, 0, 0, 0, 0, 15, 0, 0, 15, 0, 0, 0, 0, 0, 18, 0, 0, 0, 0, : 19, 21, 15, 15, 18, 


