
40
200
100
10

24: 0, 0, 0, 0, 15, 0, 17, 0, 15, 27, 0, 0, 15, 15, 0, 0, 0, 26, 16, 0, 16, 0, 0, 0, 0, 15, 15, 0, 0, 0, 16, 0, 19, 15, 0, 0, 0, 4, 0, 0, : 15, 17, 15, 27, 15, 15, 26, 16, 16, 15, 15, 16, 19, 15, 4, 
85: 23, 0, 0, 16, 0, 17, 0, 0, 17, 0, 0, 0, 0, 0, 0, 0, 15, 0, 0, 0, 0, 17, 0, 15, 4, 0, 0, 8, 15, 19, 0, 0, 0, 15, 0, 0, 15, 16, 0, 0, : 23, 16, 17, 17, 15, 17, 15, 4, 8, 15, 19, 15, 15, 16, 
198: 0, 0, 0, 15, 0, 0, 0, 0, 0, 15, 15, 0, 0, 0, 10, 0, 0, 15, 16, 18, 15, 0, 0, 0, 0, 0, 0, 0, 15, 11, 0, 0, 0, 0, 16, 22, 15, 15, 0, 0, : 15, 15, 15, 10, 15, 16, 18, 15, 15, 11, 16, 22, 15, 15, 
101: 0, 9, 15, 0, 0, 15, 0, 15, 0, 0, 25, 0, 0, 15, 0, 17, 0, 0, 0, 0, 7, 0, 16, 0, 0, 19, 15, 0, 0, 18, 17, 0, 15, 15, 0, 0, 0, 0, 0, 15, : 9, 15, 15, 15, 25, 15, 17, 7, 16, 19, 15, 18, 17, 15, 15, 15, 
127: 0, 15, 0, 0, 0, 0, 0, 25, 0, 0, 0, 0, 0, 17, 0, 3, 5, 0, 15, 15, 15, 19, 0, 8, 0, 0, 0, 0, 0, 0, 0, 16, 15, 15, 0, 16, 0, 0, 0, 15, : 15, 25, 17, 3, 5, 15, 15, 15, 19, 8, 16, 15, 15, 16, 15, 
73: 1, 0, 0, 0, 21, 0, 0, 0, 0, 0, 15, 15, 15, 0, 15, 0, 0, 0, 0, 15, 17, 0, 0, 0, 0, 0, 0, 15, 0, 15, 23, 0, 0, 0, 0, 15, 0, 15, 13, 0, : 1, 21, 15, 15, 15, 15, 15, 17, 15, 15, 23, 15, 15, 13, 
14: 0, 0, 0, 0, 15, 0, 0, 0, 0, 15, 0, 0, 0, 20, 15, 0, 0, 0, 0, 16, 0, 14, 9, 15, 0, 0, 0, 0, 0, 0, 0, 16, 4, 0, 0, 0, 15, 0, 0, 0, : 15, 15, 20, 15, 16, 14, 9, 15, 16, 4, 15, 
49: 0, 15, 15, 27, 0, 0, 17, 0, 0, 0, 0, 15, 15, 0, 0, 0, 21, 0, 0, 0, 0, 0, 28, 0, 0, 0, 0, 0, 0, 15, 0, 0, 0, 16, 15, 0, 17, 15, 0, 0, : 15, 15, 27, 17, 15, 15, 21, 28, 15, 16, 15, 17, 15, 
72: 15, 15, 19, 0, 0, 20, 4, 0, 0, 0, 15, 0, 0, 0, 0, 0, 0, 0, 0, 0, 0, 15, 0, 0, 17, 16, 0, 0, 0, 0, 0, 0, 0, 0, 0, 0, 0, 0, 0, 15, : 15, 15, 19, 20, 4, 15, 15, 17, 16, 15, 
103: 0, 0, 5, 0, 0, 0, 0, 20, 0, 0, 0, 15, 15, 0, 0, 0, 0, 0, 0, 3, 15, 0, 0, 15, 0, 0, 0, 0, 0, 0, 0, 6, 0, 0, 16, 0, 0, 0, 0, 15, : 5, 20, 15, 15, 3, 15, 15, 6, 16, 15, 
164: 0, 0, 15, 20, 15, 0, 0, 18, 0, 0, 0, 0, 0, 0, 15, 15, 0, 15, 0, 16, 0, 0, 0, 0, 0, 15, 0, 15, 0, 0, 0, 25, 0, 0, 15, 0, 0, 0, 0, 15, : 15, 20, 15, 18, 15, 15, 15, 16, 15, 15, 25, 15, 15, 
56: 0, 0, 0, 0, 0, 15, 0, 17, 0, 0, 0, 0, 15, 1, 0, 0, 0, 0, 14, 0, 0, 0, 0, 0, 17, 0, 0, 0, 16, 0, 0, 21, 17, 0, 19, 0, 0, 0, 25, 0, : 15, 17, 15, 1, 14, 17, 16, 21, 17, 19, 25, 
142: 0, 15, 0, 0, 0, 0, 15, 0, 0, 7, 0, 28, 0, 15, 15, 0, 0, 29, 0, 0, 0, 20, 0, 17, 0, 0, 0, 0, 0, 0, 15, 0, 0, 0, 0, 0, 0, 0, 15, 0, : 15, 15, 7, 28, 15, 15, 29, 20, 17, 15, 15, 
190: 16, 0, 16, 0, 0, 15, 0, 0, 15, 0, 0, 0, 0, 0, 15, 15, 0, 0, 0, 0, 0, 0, 0, 15, 0, 0, 0, 15, 0, 0, 0, 0, 0, 0, 0, 16, 0, 0, 0, 4, : 16, 16, 15, 15, 15, 15, 15, 15, 16, 4, 
11: 15, 0, 0, 0, 0, 0, 0, 0, 15, 0, 0, 27, 0, 17, 0, 0, 21, 0, 0, 0, 0, 15, 15, 0, 16, 4, 15, 0, 15, 0, 11, 0, 15, 0, 0, 0, 0, 0, 0, 0, : 15, 15, 27, 17, 21, 15, 15, 16, 4, 15, 15, 11, 15, 
90: 0, 15, 0, 0, 0, 0, 0, 0, 0, 0, 0, 0, 10, 0, 0, 20, 0, 15, 19, 0, 0, 0, 17, 0, 0, 16, 0, 15, 0, 0, 18, 0, 15, 0, 1, 0, 4, 17, 17, 21, : 15, 10, 20, 15, 19, 17, 16, 15, 18, 15, 1, 4, 17, 17, 21, 
45: 0, 0, 15, 0, 0, 15, 0, 0, 15, 21, 15, 0, 0, 0, 0, 0, 0, 0, 0, 0, 15, 0, 0, 0, 15, 15, 15, 0, 23, 0, 0, 16, 0, 0, 0, 15, 15, 0, 0, 0, : 15, 15, 15, 21, 15, 15, 15, 15, 15, 23, 16, 15, 15, 
111: 15, 0, 0, 0, 0, 0, 15, 5, 15, 15, 15, 0, 15, 0, 15, 15, 23, 0, 0, 0, 0, 0, 15, 0, 15, 0, 15, 0, 0, 22, 0, 0, 0, 15, 18, 16, 0, 0, 15, 0, : 15, 15, 5, 15, 15, 15, 15, 15, 15, 23, 15, 15, 15, 22, 15, 18, 16, 15, 
188: 15, 0, 0, 22, 15, 0, 17, 0, 8, 0, 0, 0, 0, 0, 0, 0, 15, 0, 0, 0, 0, 0, 0, 15, 16, 0, 16, 17, 0, 0, 0, 0, 0, 0, 0, 0, 19, 18, 15, 0, : 15, 22, 15, 17, 8, 15, 15, 16, 16, 17, 19, 18, 15, 
60: 0, 16, 0, 0, 19, 3, 15, 0, 0, 0, 0, 0, 0, 0, 0, 15, 0, 0, 20, 17, 0, 0, 0, 0, 0, 0, 9, 15, 16, 0, 0, 0, 0, 9, 0, 0, 0, 0, 0, 0, : 16, 19, 3, 15, 15, 20, 17, 9, 15, 16, 9, 


26: 0, 0, 15, 0, 15, 0, 16, 0, 0, 0, 0, 9, 0, 0, 0, 0, 0, 0, 20, 0, 0, 0, 0, 15, 0, 0, 15, 15, 17, 21, 15, 27, 28, 0, 0, 0, 0, 15, 0, 0, : 15, 15, 16, 9, 20, 15, 15, 15, 17, 21, 15, 27, 28, 15, 
179: 4, 0, 0, 0, 0, 0, 0, 0, 16, 15, 0, 15, 0, 0, 0, 0, 0, 0, 0, 0, 15, 0, 0, 0, 0, 0, 0, 15, 0, 15, 0, 16, 0, 0, 0, 0, 0, 0, 15, 15, : 4, 16, 15, 15, 15, 15, 15, 16, 15, 15, 
177: 15, 0, 0, 0, 0, 0, 0, 15, 15, 0, 0, 0, 0, 0, 0, 18, 0, 15, 0, 0, 0, 0, 0, 0, 0, 16, 0, 0, 0, 0, 0, 0, 0, 0, 0, 0, 0, 0, 15, 0, : 15, 15, 15, 18, 15, 16, 15, 
54: 20, 0, 0, 0, 0, 0, 0, 0, 0, 0, 0, 0, 15, 0, 0, 0, 0, 0, 15, 0, 0, 0, 0, 0, 18, 0, 15, 0, 0, 15, 0, 0, 0, 0, 0, 0, 15, 7, 0, 0, : 20, 15, 15, 18, 15, 15, 15, 7, 
173: 0, 0, 0, 0, 15, 0, 0, 28, 15, 0, 0, 0, 0, 0, 26, 15, 0, 0, 11, 0, 0, 0, 0, 0, 24, 15, 0, 0, 0, 0, 0, 0, 15, 0, 15, 0, 0, 0, 0, 31, : 15, 28, 15, 26, 15, 11, 24, 15, 15, 15, 31, 
76: 0, 0, 0, 15, 0, 0, 15, 0, 0, 0, 0, 0, 16, 0, 0, 0, 0, 0, 0, 0, 15, 6, 0, 0, 16, 15, 15, 15, 0, 0, 15, 0, 15, 15, 0, 15, 0, 0, 0, 9, : 15, 15, 16, 15, 6, 16, 15, 15, 15, 15, 15, 15, 15, 9, 
36: 0, 15, 15, 0, 15, 0, 0, 15, 7, 19, 15, 0, 15, 15, 0, 0, 0, 0, 0, 15, 0, 0, 26, 0, 0, 0, 0, 15, 0, 15, 0, 0, 12, 15, 5, 0, 11, 0, 0, 0, : 15, 15, 15, 15, 7, 19, 15, 15, 15, 15, 26, 15, 15, 12, 15, 5, 11, 
117: 0, 0, 0, 15, 0, 0, 0, 0, 0, 0, 0, 0, 0, 0, 15, 0, 15, 0, 0, 0, 0, 17, 21, 0, 27, 0, 0, 0, 15, 0, 0, 0, 15, 0, 0, 0, 0, 0, 15, 0, : 15, 15, 15, 17, 21, 27, 15, 15, 15, 
143: 0, 0, 0, 18, 15, 0, 0, 0, 0, 15, 15, 15, 0, 0, 0, 0, 0, 15, 0, 0, 0, 17, 0, 0, 0, 0, 15, 0, 15, 0, 0, 0, 15, 9, 0, 0, 0, 0, 0, 15, : 18, 15, 15, 15, 15, 15, 17, 15, 15, 15, 9, 15, 
2: 0, 0, 0, 0, 15, 0, 18, 0, 17, 0, 0, 16, 0, 19, 0, 0, 0, 10, 0, 15, 0, 0, 15, 9, 0, 17, 0, 0, 0, 15, 0, 0, 0, 0, 0, 15, 0, 18, 13, 0, : 15, 18, 17, 16, 19, 10, 15, 15, 9, 17, 15, 15, 18, 13, 
98: 0, 0, 16, 0, 10, 0, 15, 0, 0, 0, 17, 15, 0, 15, 0, 4, 0, 15, 0, 0, 0, 0, 0, 15, 0, 17, 0, 15, 0, 16, 0, 21, 0, 0, 15, 27, 0, 0, 0, 0, : 16, 10, 15, 17, 15, 15, 4, 15, 15, 17, 15, 16, 21, 15, 27, 
13: 0, 0, 0, 15, 0, 26, 16, 0, 0, 15, 0, 15, 16, 0, 0, 15, 21, 0, 15, 0, 0, 0, 17, 15, 0, 0, 0, 0, 0, 0, 15, 6, 0, 16, 0, 11, 0, 0, 0, 0, : 15, 26, 16, 15, 15, 16, 15, 21, 15, 17, 15, 15, 6, 16, 11, 
118: 15, 0, 0, 15, 0, 0, 16, 0, 15, 2, 0, 0, 15, 6, 0, 0, 0, 15, 0, 0, 0, 0, 0, 15, 0, 0, 0, 0, 0, 0, 0, 15, 0, 0, 16, 0, 16, 15, 0, 0, : 15, 15, 16, 15, 2, 15, 6, 15, 15, 15, 16, 16, 15, 
162: 0, 0, 15, 0, 0, 0, 4, 0, 15, 0, 17, 0, 0, 0, 0, 0, 15, 0, 0, 16, 0, 0, 0, 0, 0, 0, 25, 0, 25, 0, 15, 0, 0, 0, 15, 0, 0, 0, 0, 15, : 15, 4, 15, 17, 15, 16, 25, 25, 15, 15, 15, 
169: 15, 24, 0, 0, 15, 0, 0, 15, 0, 0, 0, 0, 0, 0, 0, 15, 15, 0, 0, 0, 15, 0, 0, 0, 0, 0, 0, 10, 28, 0, 0, 0, 0, 0, 19, 0, 17, 0, 0, 0, : 15, 24, 15, 15, 15, 15, 15, 10, 28, 19, 17, 
175: 15, 0, 0, 0, 0, 13, 0, 0, 0, 0, 15, 0, 0, 0, 0, 18, 0, 0, 16, 0, 15, 15, 0, 0, 0, 0, 0, 0, 0, 0, 15, 0, 0, 0, 0, 17, 0, 0, 0, 0, : 15, 13, 15, 18, 16, 15, 15, 15, 17, 
88: 16, 14, 0, 0, 0, 0, 0, 12, 0, 0, 0, 15, 8, 15, 0, 15, 0, 0, 23, 11, 0, 15, 0, 15, 0, 0, 0, 0, 0, 0, 10, 15, 0, 0, 15, 0, 0, 0, 0, 0, : 16, 14, 12, 15, 8, 15, 15, 23, 11, 15, 15, 10, 15, 15, 
47: 0, 30, 15, 6, 0, 31, 0, 15, 0, 15, 6, 0, 15, 15, 33, 0, 0, 15, 0, 28, 0, 0, 6, 0, 0, 15, 15, 0, 0, 0, 0, 0, 0, 17, 0, 0, 16, 26, 27, 0, : 30, 15, 6, 31, 15, 15, 6, 15, 15, 33, 15, 28, 6, 15, 15, 17, 16, 26, 27, 
37: 0, 0, 9, 0, 0, 15, 0, 0, 0, 19, 0, 0, 0, 0, 9, 0, 12, 15, 0, 0, 24, 15, 15, 16, 15, 0, 0, 0, 0, 0, 15, 0, 0, 28, 0, 0, 0, 0, 0, 15, : 9, 15, 19, 9, 12, 15, 24, 15, 15, 16, 15, 15, 28, 15, 
48: 0, 17, 15, 16, 0, 15, 0, 0, 0, 0, 15, 0, 0, 15, 17, 0, 22, 0, 0, 15, 16, 15, 0, 0, 0, 5, 0, 15, 0, 3, 0, 0, 0, 0, 0, 15, 25, 19, 15, 0, : 17, 15, 16, 15, 15, 15, 17, 22, 15, 16, 15, 5, 15, 3, 15, 25, 19, 15, 


102: 0, 0, 0, 15, 17, 0, 0, 15, 0, 0, 0, 25, 15, 15, 0, 15, 0, 0, 0, 0, 0, 2, 0, 0, 0, 0, 16, 0, 15, 0, 0, 0, 15, 0, 0, 0, 15, 0, 0, 16, : 15, 17, 15, 25, 15, 15, 15, 2, 16, 15, 15, 15, 16, 
130: 24, 0, 0, 0, 15, 0, 0, 0, 0, 0, 0, 0, 0, 0, 15, 0, 0, 15, 15, 15, 16, 0, 0, 15, 0, 0, 0, 15, 0, 0, 0, 0, 15, 16, 25, 15, 15, 0, 0, 0, : 24, 15, 15, 15, 15, 15, 16, 15, 15, 15, 16, 25, 15, 15, 
75: 7, 15, 0, 0, 15, 15, 0, 0, 0, 0, 0, 0, 15, 0, 0, 0, 18, 0, 25, 0, 0, 0, 1, 0, 16, 0, 0, 0, 15, 3, 0, 0, 0, 0, 0, 0, 0, 15, 0, 15, : 7, 15, 15, 15, 15, 18, 25, 1, 16, 15, 3, 15, 15, 
126: 0, 0, 7, 0, 0, 0, 15, 0, 0, 0, 15, 0, 0, 15, 0, 0, 0, 15, 0, 0, 0, 0, 16, 7, 0, 0, 0, 15, 0, 0, 0, 15, 0, 0, 7, 15, 16, 0, 0, 0, : 7, 15, 15, 15, 15, 16, 7, 15, 15, 7, 15, 16, 
186: 15, 0, 0, 0, 0, 0, 0, 15, 0, 15, 0, 12, 0, 0, 0, 0, 15, 0, 15, 0, 0, 0, 0, 15, 0, 0, 15, 0, 0, 15, 15, 0, 0, 0, 0, 15, 0, 0, 0, 15, : 15, 15, 15, 12, 15, 15, 15, 15, 15, 15, 15, 15, 
200: 15, 0, 15, 0, 0, 0, 0, 0, 0, 16, 0, 0, 0, 0, 0, 15, 7, 0, 0, 0, 6, 15, 15, 0, 18, 15, 0, 0, 3, 15, 15, 15, 0, 15, 0, 0, 0, 19, 0, 0, : 15, 15, 16, 15, 7, 6, 15, 15, 18, 15, 3, 15, 15, 15, 15, 19, 
144: 16, 13, 0, 0, 0, 0, 32, 0, 0, 15, 0, 0, 17, 0, 0, 0, 15, 0, 15, 15, 0, 0, 24, 0, 0, 0, 0, 0, 0, 15, 0, 0, 25, 0, 0, 0, 0, 0, 16, 0, : 16, 13, 32, 15, 17, 15, 15, 15, 24, 15, 25, 16, 
35: 0, 15, 15, 0, 8, 0, 0, 15, 15, 0, 0, 15, 0, 0, 15, 0, 0, 0, 0, 0, 0, 0, 0, 0, 0, 16, 0, 15, 0, 0, 0, 19, 0, 0, 0, 0, 0, 0, 0, 0, : 15, 15, 8, 15, 15, 15, 15, 16, 15, 19, 
69: 0, 26, 0, 0, 0, 0, 17, 0, 0, 0, 16, 0, 0, 12, 0, 0, 15, 0, 0, 15, 15, 0, 0, 0, 15, 17, 0, 8, 21, 0, 0, 0, 0, 0, 0, 0, 16, 0, 0, 0, : 26, 17, 16, 12, 15, 15, 15, 15, 17, 8, 21, 16, 
99: 0, 0, 15, 0, 15, 16, 0, 0, 16, 0, 0, 0, 15, 26, 0, 0, 15, 0, 0, 0, 0, 15, 0, 0, 0, 0, 9, 0, 0, 16, 15, 0, 0, 15, 15, 0, 0, 0, 0, 0, : 15, 15, 16, 16, 15, 26, 15, 15, 9, 16, 15, 15, 15, 
32: 0, 0, 15, 0, 0, 15, 0, 0, 15, 0, 17, 0, 15, 0, 0, 15, 0, 0, 15, 0, 0, 15, 15, 0, 15, 1, 15, 0, 0, 21, 0, 0, 0, 9, 0, 0, 0, 6, 12, 0, : 15, 15, 15, 17, 15, 15, 15, 15, 15, 15, 1, 15, 21, 9, 6, 12, 
120: 0, 16, 0, 20, 0, 5, 15, 15, 16, 0, 0, 0, 6, 15, 0, 0, 0, 0, 0, 3, 18, 0, 0, 0, 0, 0, 0, 0, 0, 15, 16, 0, 0, 15, 0, 0, 15, 0, 0, 16, : 16, 20, 5, 15, 15, 16, 6, 15, 3, 18, 15, 16, 15, 15, 16, 
67: 0, 0, 0, 18, 15, 18, 0, 7, 0, 9, 15, 0, 0, 0, 0, 16, 0, 0, 0, 0, 0, 15, 0, 0, 15, 0, 0, 0, 0, 0, 15, 15, 0, 0, 0, 15, 0, 15, 16, 16, : 18, 15, 18, 7, 9, 15, 16, 15, 15, 15, 15, 15, 15, 16, 16, 
43: 23, 0, 0, 15, 0, 0, 0, 0, 15, 15, 0, 0, 0, 0, 0, 0, 0, 15, 15, 17, 15, 0, 0, 0, 0, 0, 15, 16, 0, 0, 0, 0, 0, 15, 0, 9, 0, 0, 0, 0, : 23, 15, 15, 15, 15, 15, 17, 15, 15, 16, 15, 9, 
110: 0, 0, 18, 0, 0, 0, 1, 15, 17, 0, 5, 0, 0, 17, 3, 0, 0, 22, 0, 0, 0, 0, 0, 0, 2, 20, 0, 0, 0, 0, 8, 0, 0, 15, 15, 16, 15, 0, 0, 17, : 18, 1, 15, 17, 5, 17, 3, 22, 2, 20, 8, 15, 15, 16, 15, 17, 
123: 0, 0, 0, 15, 0, 0, 20, 0, 0, 15, 0, 0, 0, 0, 0, 2, 0, 0, 0, 0, 15, 22, 0, 15, 0, 16, 0, 0, 0, 0, 0, 0, 0, 0, 16, 0, 0, 15, 17, 5, : 15, 20, 15, 2, 15, 22, 15, 16, 16, 15, 17, 5, 
157: 0, 0, 15, 17, 0, 16, 0, 18, 6, 0, 0, 15, 0, 0, 17, 15, 0, 0, 0, 18, 0, 16, 0, 15, 0, 0, 0, 0, 15, 0, 0, 0, 15, 0, 0, 0, 0, 0, 15, 0, : 15, 17, 16, 18, 6, 15, 17, 15, 18, 16, 15, 15, 15, 15, 
106: 0, 15, 0, 0, 15, 15, 0, 0, 0, 0, 15, 15, 0, 0, 20, 0, 15, 0, 0, 0, 0, 0, 0, 15, 19, 0, 0, 0, 16, 0, 16, 15, 0, 0, 22, 0, 8, 0, 0, 0, : 15, 15, 15, 15, 15, 20, 15, 15, 19, 16, 16, 15, 22, 8, 
105: 0, 0, 0, 0, 0, 0, 0, 0, 0, 15, 17, 0, 17, 0, 15, 0, 0, 16, 0, 17, 0, 0, 29, 0, 0, 15, 15, 16, 15, 0, 0, 0, 15, 0, 0, 0, 0, 15, 24, 0, : 15, 17, 17, 15, 16, 17, 29, 15, 15, 16, 15, 15, 15, 24, 
61: 0, 0, 0, 0, 0, 0, 0, 0, 0, 0, 0, 18, 0, 0, 15, 22, 0, 17, 0, 0, 15, 0, 0, 18, 0, 0, 15, 15, 0, 0, 0, 21, 15, 0, 0, 15, 0, 15, 0, 0, : 18, 15, 22, 17, 15, 18, 15, 15, 21, 15, 15, 15, 


138: 0, 0, 16, 0, 0, 0, 15, 0, 15, 0, 0, 0, 16, 0, 0, 0, 0, 0, 0, 25, 0, 0, 0, 15, 29, 0, 0, 0, 0, 15, 15, 19, 0, 0, 17, 0, 0, 0, 0, 0, : 16, 15, 15, 16, 25, 15, 29, 15, 15, 19, 17, 
7: 0, 5, 15, 0, 0, 15, 6, 0, 18, 0, 0, 0, 0, 18, 0, 15, 15, 15, 0, 18, 15, 0, 0, 15, 15, 0, 15, 0, 0, 0, 0, 31, 12, 15, 0, 0, 0, 0, 16, 0, : 5, 15, 15, 6, 18, 18, 15, 15, 15, 18, 15, 15, 15, 15, 31, 12, 15, 16, 
191: 0, 0, 0, 4, 0, 18, 16, 15, 0, 7, 0, 0, 3, 0, 0, 15, 15, 0, 25, 18, 0, 15, 0, 15, 0, 0, 0, 24, 0, 0, 15, 0, 0, 19, 16, 0, 15, 0, 19, 0, : 4, 18, 16, 15, 7, 3, 15, 15, 25, 18, 15, 15, 24, 15, 19, 16, 15, 19, 
17: 0, 15, 0, 15, 0, 0, 15, 15, 0, 0, 0, 15, 0, 0, 16, 0, 0, 0, 0, 0, 0, 15, 0, 15, 0, 15, 0, 0, 15, 15, 0, 0, 0, 0, 20, 15, 10, 0, 0, 0, : 15, 15, 15, 15, 15, 16, 15, 15, 15, 15, 15, 20, 15, 10, 
12: 15, 0, 0, 0, 15, 0, 0, 16, 0, 0, 0, 0, 16, 15, 0, 16, 0, 0, 0, 0, 0, 15, 0, 0, 0, 0, 0, 0, 0, 0, 0, 0, 0, 0, 15, 0, 0, 21, 0, 0, : 15, 15, 16, 16, 15, 16, 15, 15, 21, 
10: 0, 0, 0, 15, 0, 20, 0, 0, 0, 20, 17, 0, 0, 0, 0, 0, 0, 0, 15, 0, 0, 0, 0, 0, 15, 0, 17, 0, 15, 0, 0, 0, 0, 15, 0, 0, 15, 0, 15, 15, : 15, 20, 20, 17, 15, 15, 17, 15, 15, 15, 15, 15, 
122: 15, 30, 0, 0, 0, 15, 0, 15, 15, 0, 0, 0, 16, 0, 15, 0, 6, 0, 15, 0, 0, 0, 10, 0, 0, 0, 0, 0, 0, 15, 9, 15, 0, 0, 15, 0, 0, 15, 0, 15, : 15, 30, 15, 15, 15, 16, 15, 6, 15, 10, 15, 9, 15, 15, 15, 15, 
174: 0, 0, 0, 0, 0, 0, 15, 0, 15, 0, 27, 15, 0, 15, 0, 0, 0, 15, 0, 0, 0, 0, 15, 0, 4, 0, 0, 0, 0, 0, 0, 0, 15, 0, 16, 0, 15, 0, 0, 0, : 15, 15, 27, 15, 15, 15, 15, 4, 15, 16, 15, 
124: 17, 20, 15, 0, 0, 0, 0, 0, 0, 0, 0, 15, 0, 0, 16, 21, 15, 0, 0, 20, 0, 0, 15, 10, 0, 0, 25, 0, 0, 0, 0, 0, 15, 0, 0, 0, 0, 18, 0, 15, : 17, 20, 15, 15, 16, 21, 15, 20, 15, 10, 25, 15, 18, 15, 
176: 0, 0, 0, 16, 15, 0, 0, 9, 15, 0, 0, 0, 0, 22, 15, 15, 17, 15, 0, 0, 15, 0, 0, 0, 0, 0, 0, 12, 0, 0, 0, 13, 0, 0, 0, 0, 15, 0, 0, 15, : 16, 15, 9, 15, 22, 15, 15, 17, 15, 15, 12, 13, 15, 15, 
107: 0, 15, 0, 15, 0, 0, 0, 0, 0, 0, 11, 15, 0, 0, 15, 0, 0, 16, 0, 0, 15, 25, 0, 0, 0, 15, 10, 0, 21, 0, 0, 0, 0, 0, 0, 0, 0, 15, 0, 0, : 15, 15, 11, 15, 15, 16, 15, 25, 15, 10, 21, 15, 
163: 6, 0, 0, 0, 0, 0, 0, 0, 0, 0, 0, 9, 0, 0, 0, 0, 0, 0, 0, 0, 0, 15, 15, 0, 0, 0, 15, 0, 0, 18, 16, 0, 16, 0, 0, 0, 0, 0, 0, 24, : 6, 9, 15, 15, 15, 18, 16, 16, 24, 
108: 17, 0, 24, 0, 7, 0, 0, 0, 0, 15, 15, 0, 0, 0, 0, 0, 0, 0, 0, 0, 0, 0, 15, 0, 0, 0, 0, 0, 15, 17, 15, 0, 0, 0, 0, 15, 15, 0, 4, 0, : 17, 24, 7, 15, 15, 15, 15, 17, 15, 15, 15, 4, 
86: 15, 0, 15, 16, 0, 0, 15, 15, 0, 28, 0, 0, 0, 0, 6, 0, 0, 0, 0, 15, 30, 0, 0, 15, 0, 0, 18, 15, 15, 15, 15, 0, 0, 3, 0, 0, 0, 15, 0, 0, : 15, 15, 16, 15, 15, 28, 6, 15, 30, 15, 18, 15, 15, 15, 15, 3, 15, 
156: 0, 0, 15, 19, 0, 0, 0, 15, 0, 15, 0, 0, 0, 15, 0, 0, 0, 15, 0, 0, 10, 0, 15, 15, 0, 16, 0, 0, 0, 0, 0, 0, 0, 15, 0, 0, 0, 0, 15, 0, : 15, 19, 15, 15, 15, 15, 10, 15, 15, 16, 15, 15, 
96: 0, 0, 0, 0, 15, 2, 0, 0, 15, 0, 0, 0, 0, 0, 0, 0, 16, 0, 0, 0, 0, 0, 0, 0, 22, 15, 0, 20, 0, 0, 0, 0, 0, 0, 0, 0, 0, 16, 15, 15, : 15, 2, 15, 16, 22, 15, 20, 16, 15, 15, 
168: 0, 0, 0, 0, 33, 0, 0, 0, 0, 0, 15, 0, 15, 15, 0, 18, 0, 0, 15, 0, 0, 15, 0, 0, 15, 15, 0, 0, 15, 0, 0, 0, 23, 0, 0, 15, 0, 0, 0, 0, : 33, 15, 15, 15, 18, 15, 15, 15, 15, 15, 23, 15, 
27: 0, 0, 0, 0, 15, 15, 18, 0, 0, 0, 0, 16, 15, 0, 0, 0, 16, 8, 15, 4, 0, 0, 0, 0, 0, 0, 0, 0, 0, 0, 15, 0, 0, 18, 1, 20, 0, 0, 0, 0, : 15, 15, 18, 16, 15, 16, 8, 15, 4, 15, 18, 1, 20, 
182: 15, 0, 0, 0, 0, 15, 0, 0, 0, 0, 15, 15, 0, 0, 17, 0, 0, 16, 0, 0, 0, 0, 0, 0, 0, 9, 0, 29, 4, 0, 0, 0, 0, 15, 0, 35, 0, 0, 16, 0, : 15, 15, 15, 15, 17, 16, 9, 29, 4, 15, 35, 16, 
104: 0, 15, 0, 0, 0, 0, 0, 0, 7, 15, 0, 0, 19, 0, 0, 0, 0, 0, 15, 0, 15, 0, 15, 0, 0, 15, 0, 0, 0, 5, 0, 22, 19, 0, 0, 0, 15, 0, 0, 1, : 15, 7, 15, 19, 15, 15, 15, 15, 5, 22, 19, 15, 1, 


63: 9, 0, 0, 0, 0, 0, 20, 0, 0, 0, 0, 0, 10, 0, 0, 17, 0, 15, 17, 15, 0, 0, 0, 0, 15, 15, 0, 15, 0, 0, 0, 0, 0, 17, 36, 0, 0, 0, 0, 17, : 9, 20, 10, 17, 15, 17, 15, 15, 15, 15, 17, 36, 17, 
58: 15, 16, 0, 0, 15, 15, 0, 22, 0, 2, 15, 0, 0, 17, 0, 0, 0, 17, 0, 0, 15, 0, 15, 0, 0, 0, 0, 15, 0, 17, 15, 15, 15, 0, 19, 16, 0, 0, 0, 0, : 15, 16, 15, 15, 22, 2, 15, 17, 17, 15, 15, 15, 17, 15, 15, 15, 19, 16, 
57: 15, 0, 0, 15, 0, 0, 0, 0, 23, 0, 20, 0, 0, 15, 16, 0, 0, 0, 0, 15, 15, 0, 0, 0, 18, 0, 16, 0, 0, 0, 0, 0, 0, 0, 0, 0, 0, 0, 0, 0, : 15, 15, 23, 20, 15, 16, 15, 15, 18, 16, 
153: 0, 18, 0, 0, 0, 0, 0, 0, 0, 15, 0, 15, 15, 0, 0, 0, 0, 0, 0, 0, 0, 26, 0, 17, 0, 0, 9, 0, 0, 15, 0, 0, 0, 0, 0, 0, 15, 0, 0, 0, : 18, 15, 15, 15, 26, 17, 9, 15, 15, 
1: 0, 0, 0, 0, 19, 0, 0, 0, 13, 22, 0, 0, 0, 16, 0, 0, 15, 0, 0, 0, 15, 0, 0, 0, 0, 0, 0, 0, 0, 0, 0, 0, 0, 0, 15, 19, 0, 15, 0, 0, : 19, 13, 22, 16, 15, 15, 15, 19, 15, 
64: 15, 15, 6, 0, 0, 23, 0, 0, 19, 0, 15, 0, 0, 0, 0, 0, 0, 0, 15, 0, 0, 15, 15, 0, 6, 15, 0, 0, 0, 15, 0, 0, 23, 0, 0, 15, 0, 19, 16, 0, : 15, 15, 6, 23, 19, 15, 15, 15, 15, 6, 15, 15, 23, 15, 19, 16, 
94: 0, 0, 0, 0, 0, 0, 0, 0, 15, 15, 0, 0, 15, 15, 0, 0, 8, 0, 18, 16, 0, 0, 0, 0, 0, 15, 15, 16, 0, 0, 0, 0, 0, 15, 15, 0, 15, 2, 15, 0, : 15, 15, 15, 15, 8, 18, 16, 15, 15, 16, 15, 15, 15, 2, 15, 
119: 0, 0, 30, 0, 15, 15, 0, 0, 0, 0, 0, 24, 15, 0, 0, 0, 0, 0, 0, 0, 0, 15, 0, 0, 0, 0, 0, 0, 0, 0, 0, 0, 10, 0, 0, 0, 16, 0, 0, 0, : 30, 15, 15, 24, 15, 15, 10, 16, 
172: 0, 0, 0, 0, 0, 0, 0, 15, 0, 0, 0, 0, 0, 16, 15, 0, 0, 6, 15, 0, 0, 0, 0, 0, 16, 0, 0, 0, 15, 0, 0, 0, 0, 0, 0, 0, 0, 0, 0, 0, : 15, 16, 15, 6, 15, 16, 15, 
66: 0, 0, 0, 21, 0, 0, 0, 17, 15, 15, 0, 0, 0, 0, 18, 0, 0, 0, 0, 0, 15, 18, 16, 0, 0, 15, 0, 0, 0, 30, 0, 15, 0, 0, 15, 15, 18, 32, 22, 0, : 21, 17, 15, 15, 18, 15, 18, 16, 15, 30, 15, 15, 15, 18, 32, 22, 
41: 0, 17, 0, 0, 0, 15, 0, 17, 0, 0, 0, 0, 0, 0, 19, 0, 0, 15, 0, 0, 15, 0, 15, 0, 0, 0, 0, 16, 15, 0, 16, 15, 0, 15, 0, 15, 0, 0, 16, 0, : 17, 15, 17, 19, 15, 15, 15, 16, 15, 16, 15, 15, 15, 16, 
148: 15, 15, 19, 13, 1, 0, 15, 14, 0, 0, 0, 0, 0, 0, 0, 0, 0, 0, 0, 9, 0, 15, 0, 0, 0, 10, 15, 0, 0, 0, 0, 0, 0, 15, 0, 0, 4, 0, 0, 0, : 15, 15, 19, 13, 1, 15, 14, 9, 15, 10, 15, 15, 4, 
109: 0, 0, 0, 0, 15, 0, 0, 0, 0, 0, 15, 0, 15, 5, 0, 0, 0, 0, 0, 0, 0, 0, 0, 15, 15, 0, 0, 15, 0, 0, 0, 15, 0, 15, 0, 15, 0, 0, 0, 0, : 15, 15, 15, 5, 15, 15, 15, 15, 15, 15, 
52: 0, 4, 0, 20, 0, 15, 0, 15, 0, 0, 0, 0, 15, 0, 0, 9, 0, 17, 0, 0, 0, 0, 2, 15, 0, 0, 0, 8, 20, 0, 15, 0, 0, 4, 0, 5, 0, 15, 0, 15, : 4, 20, 15, 15, 15, 9, 17, 2, 15, 8, 20, 15, 4, 5, 15, 15, 
189: 0, 0, 0, 15, 0, 0, 5, 0, 0, 16, 15, 0, 0, 0, 0, 24, 15, 15, 15, 15, 0, 0, 15, 0, 0, 15, 15, 0, 5, 0, 0, 0, 36, 0, 0, 0, 0, 0, 0, 10, : 15, 5, 16, 15, 24, 15, 15, 15, 15, 15, 15, 15, 5, 36, 10, 
131: 0, 0, 0, 0, 20, 17, 15, 0, 15, 0, 16, 20, 15, 0, 17, 19, 0, 0, 0, 0, 10, 0, 0, 0, 15, 15, 0, 0, 0, 0, 15, 9, 0, 19, 0, 0, 0, 0, 15, 15, : 20, 17, 15, 15, 16, 20, 15, 17, 19, 10, 15, 15, 15, 9, 19, 15, 15, 
146: 15, 0, 16, 0, 0, 0, 15, 0, 0, 15, 0, 26, 0, 16, 0, 15, 22, 0, 0, 0, 0, 11, 0, 26, 0, 0, 0, 0, 15, 15, 24, 15, 0, 0, 0, 0, 17, 0, 16, 0, : 15, 16, 15, 15, 26, 16, 15, 22, 11, 26, 15, 15, 24, 15, 17, 16, 
8: 16, 0, 0, 0, 15, 0, 0, 0, 0, 0, 0, 0, 0, 0, 0, 0, 24, 0, 0, 15, 0, 0, 0, 15, 15, 0, 15, 0, 15, 0, 15, 16, 0, 0, 0, 0, 0, 0, 0, 17, : 16, 15, 24, 15, 15, 15, 15, 15, 15, 16, 17, 
184: 0, 0, 0, 0, 0, 0, 15, 0, 0, 0, 4, 15, 0, 0, 15, 16, 16, 0, 0, 0, 0, 0, 0, 0, 0, 0, 0, 0, 15, 8, 0, 0, 0, 0, 0, 0, 0, 17, 0, 26, : 15, 4, 15, 15, 16, 16, 15, 8, 17, 26, 
147: 0, 15, 29, 16, 0, 0, 15, 0, 0, 0, 0, 0, 0, 0, 0, 0, 0, 15, 20, 15, 15, 0, 22, 12, 0, 0, 15, 15, 0, 0, 0, 0, 16, 0, 0, 0, 15, 0, 0, 0, : 15, 29, 16, 15, 15, 20, 15, 15, 22, 12, 15, 15, 16, 15, 


116: 15, 0, 0, 15, 12, 0, 15, 0, 0, 17, 0, 0, 0, 1, 0, 15, 15, 0, 0, 0, 0, 0, 0, 0, 0, 16, 0, 0, 0, 0, 21, 0, 9, 0, 0, 0, 0, 0, 0, 0, : 15, 15, 12, 15, 17, 1, 15, 15, 16, 21, 9, 
21: 0, 0, 0, 0, 0, 0, 19, 9, 0, 0, 0, 0, 15, 15, 15, 0, 16, 0, 0, 15, 20, 0, 0, 0, 9, 0, 0, 0, 0, 0, 0, 0, 0, 0, 0, 0, 0, 15, 15, 17, : 19, 9, 15, 15, 15, 16, 15, 20, 9, 15, 15, 17, 
89: 15, 0, 0, 0, 0, 18, 16, 15, 0, 0, 0, 0, 10, 15, 0, 0, 15, 0, 18, 0, 0, 0, 1, 0, 0, 0, 19, 0, 15, 0, 0, 0, 0, 15, 0, 0, 15, 1, 0, 15, : 15, 18, 16, 15, 10, 15, 15, 18, 1, 19, 15, 15, 15, 1, 15, 
193: 19, 0, 16, 15, 0, 0, 0, 0, 0, 15, 0, 19, 0, 0, 0, 0, 0, 0, 0, 0, 15, 0, 0, 0, 0, 15, 24, 0, 15, 0, 15, 0, 15, 0, 15, 0, 0, 19, 15, 0, : 19, 16, 15, 15, 19, 15, 15, 24, 15, 15, 15, 15, 19, 15, 
59: 15, 0, 0, 0, 15, 0, 16, 0, 0, 0, 0, 0, 0, 0, 0, 15, 0, 0, 0, 0, 0, 0, 16, 0, 0, 15, 0, 26, 20, 0, 15, 19, 15, 0, 0, 15, 0, 15, 0, 0, : 15, 15, 16, 15, 16, 15, 26, 20, 15, 19, 15, 15, 15, 
166: 0, 16, 15, 0, 20, 15, 0, 15, 15, 17, 6, 18, 15, 0, 25, 0, 0, 17, 0, 0, 0, 15, 0, 0, 15, 15, 0, 0, 0, 0, 0, 19, 0, 0, 12, 29, 0, 0, 0, 0, : 16, 15, 20, 15, 15, 15, 17, 6, 18, 15, 25, 17, 15, 15, 15, 19, 12, 29, 
82: 0, 0, 0, 0, 0, 0, 0, 0, 16, 15, 0, 0, 15, 0, 0, 0, 0, 0, 16, 0, 0, 0, 0, 0, 0, 0, 0, 0, 0, 0, 0, 0, 15, 0, 17, 0, 0, 0, 15, 0, : 16, 15, 15, 16, 15, 17, 15, 
38: 6, 0, 0, 15, 0, 0, 0, 0, 0, 0, 0, 0, 0, 0, 0, 0, 0, 15, 0, 15, 0, 15, 19, 17, 0, 9, 0, 0, 0, 0, 19, 0, 15, 15, 0, 15, 0, 0, 5, 15, : 6, 15, 15, 15, 15, 19, 17, 9, 19, 15, 15, 15, 5, 15, 
65: 0, 37, 17, 0, 0, 0, 13, 24, 0, 0, 0, 15, 15, 0, 0, 0, 0, 15, 0, 17, 0, 0, 15, 15, 0, 0, 15, 0, 0, 19, 0, 0, 0, 0, 0, 0, 0, 0, 0, 15, : 37, 17, 13, 24, 15, 15, 15, 17, 15, 15, 15, 19, 15, 
50: 0, 0, 0, 15, 0, 23, 0, 0, 14, 17, 0, 0, 15, 0, 16, 0, 0, 0, 0, 0, 15, 0, 0, 0, 15, 0, 0, 0, 0, 0, 0, 0, 0, 0, 15, 0, 0, 0, 0, 0, : 15, 23, 14, 17, 15, 16, 15, 15, 15, 
97: 15, 17, 0, 0, 0, 0, 0, 0, 0, 3, 15, 0, 0, 0, 19, 0, 0, 0, 15, 0, 0, 0, 19, 0, 0, 15, 0, 15, 0, 0, 0, 16, 0, 15, 0, 21, 11, 15, 0, 0, : 15, 17, 3, 15, 19, 15, 19, 15, 15, 16, 15, 21, 11, 15, 
155: 0, 15, 7, 24, 0, 0, 0, 0, 25, 0, 23, 0, 0, 17, 0, 15, 0, 0, 0, 0, 0, 0, 0, 0, 15, 0, 18, 15, 0, 19, 0, 16, 0, 0, 0, 0, 0, 0, 0, 0, : 15, 7, 24, 25, 23, 17, 15, 15, 18, 15, 19, 16, 
113: 0, 0, 0, 0, 0, 0, 0, 0, 0, 0, 15, 0, 15, 0, 0, 12, 0, 16, 0, 15, 0, 0, 0, 15, 16, 0, 18, 0, 15, 0, 0, 0, 0, 0, 0, 0, 15, 20, 19, 0, : 15, 15, 12, 16, 15, 15, 16, 18, 15, 15, 20, 19, 
79: 0, 0, 0, 1, 15, 29, 0, 0, 0, 0, 0, 0, 0, 0, 0, 0, 1, 2, 0, 14, 0, 22, 0, 15, 15, 0, 0, 0, 0, 8, 0, 0, 16, 10, 0, 0, 0, 0, 0, 0, : 1, 15, 29, 1, 2, 14, 22, 15, 15, 8, 16, 10, 
46: 0, 0, 0, 0, 0, 0, 0, 0, 15, 16, 25, 0, 0, 17, 22, 15, 15, 17, 0, 0, 1, 15, 0, 0, 0, 0, 0, 28, 20, 0, 0, 15, 15, 0, 25, 15, 15, 0, 0, 0, : 15, 16, 25, 17, 22, 15, 15, 17, 1, 15, 28, 20, 15, 15, 25, 15, 15, 
199: 0, 0, 15, 0, 23, 0, 0, 0, 0, 0, 0, 15, 0, 0, 3, 28, 15, 0, 15, 0, 0, 0, 15, 0, 0, 15, 0, 1, 15, 15, 15, 15, 0, 0, 0, 0, 0, 15, 16, 0, : 15, 23, 15, 3, 28, 15, 15, 15, 15, 1, 15, 15, 15, 15, 15, 16, 
91: 0, 0, 15, 0, 0, 0, 0, 0, 0, 0, 0, 18, 0, 15, 0, 0, 23, 18, 6, 0, 17, 15, 0, 0, 0, 0, 0, 0, 0, 0, 0, 0, 0, 0, 0, 0, 15, 0, 0, 5, : 15, 18, 15, 23, 18, 6, 17, 15, 15, 5, 
15: 0, 15, 0, 0, 0, 15, 0, 0, 15, 0, 0, 0, 0, 0, 0, 0, 0, 0, 15, 24, 32, 0, 0, 0, 15, 0, 6, 0, 0, 15, 0, 0, 0, 0, 0, 5, 0, 0, 0, 17, : 15, 15, 15, 15, 24, 32, 15, 6, 15, 5, 17, 
9: 15, 0, 15, 15, 0, 0, 21, 17, 0, 0, 0, 0, 0, 0, 0, 0, 0, 0, 15, 0, 0, 0, 0, 15, 0, 0, 0, 0, 0, 24, 15, 0, 0, 15, 0, 0, 29, 0, 15, 16, : 15, 15, 15, 21, 17, 15, 15, 24, 15, 15, 29, 15, 16, 
171: 0, 0, 0, 0, 15, 0, 0, 20, 0, 0, 16, 15, 0, 20, 0, 0, 0, 0, 0, 0, 0, 18, 15, 23, 0, 0, 0, 15, 0, 0, 0, 0, 0, 30, 16, 0, 0, 0, 0, 0, : 15, 20, 16, 15, 20, 18, 15, 23, 15, 30, 16, 


128: 24, 0, 0, 0, 0, 0, 9, 7, 0, 16, 16, 0, 0, 0, 0, 7, 0, 0, 0, 0, 0, 17, 0, 15, 0, 15, 25, 0, 0, 0, 15, 19, 15, 15, 0, 0, 0, 0, 0, 0, : 24, 9, 7, 16, 16, 7, 17, 15, 15, 25, 15, 19, 15, 15, 
16: 15, 6, 15, 0, 0, 0, 0, 0, 0, 0, 15, 17, 0, 0, 0, 15, 15, 0, 15, 0, 26, 15, 0, 0, 0, 0, 0, 0, 0, 0, 0, 0, 0, 0, 0, 0, 16, 0, 0, 8, : 15, 6, 15, 15, 17, 15, 15, 15, 26, 15, 16, 8, 
197: 0, 0, 0, 0, 6, 12, 0, 15, 15, 0, 0, 0, 16, 0, 0, 16, 0, 16, 15, 15, 0, 0, 15, 0, 0, 0, 15, 15, 0, 0, 0, 0, 16, 0, 15, 0, 0, 0, 0, 15, : 6, 12, 15, 15, 16, 16, 16, 15, 15, 15, 15, 15, 16, 15, 15, 
74: 0, 0, 0, 0, 0, 15, 27, 0, 0, 0, 0, 0, 0, 0, 0, 15, 0, 0, 0, 17, 0, 0, 21, 0, 0, 15, 0, 0, 0, 0, 0, 15, 0, 15, 0, 0, 0, 15, 0, 0, : 15, 27, 15, 17, 21, 15, 15, 15, 15, 
192: 0, 0, 0, 0, 15, 0, 18, 0, 0, 0, 0, 0, 0, 25, 0, 15, 15, 0, 0, 18, 0, 15, 0, 0, 15, 0, 15, 5, 15, 16, 0, 0, 15, 0, 0, 16, 15, 0, 0, 0, : 15, 18, 25, 15, 15, 18, 15, 15, 15, 5, 15, 16, 15, 16, 15, 
112: 0, 0, 0, 15, 0, 0, 0, 0, 0, 0, 0, 15, 0, 0, 0, 0, 0, 1, 0, 0, 0, 0, 0, 0, 0, 0, 0, 15, 0, 0, 15, 0, 15, 17, 0, 15, 0, 0, 15, 0, : 15, 15, 1, 15, 15, 15, 17, 15, 15, 
51: 0, 16, 0, 1, 0, 0, 0, 0, 5, 0, 16, 15, 0, 15, 15, 15, 19, 0, 0, 0, 0, 0, 0, 18, 0, 0, 15, 0, 0, 0, 0, 0, 4, 0, 0, 0, 15, 15, 0, 15, : 16, 1, 5, 16, 15, 15, 15, 15, 19, 18, 15, 4, 15, 15, 15, 
23: 0, 0, 0, 0, 0, 0, 0, 0, 0, 24, 0, 17, 0, 0, 0, 0, 15, 0, 16, 0, 12, 0, 18, 0, 15, 15, 15, 0, 0, 0, 11, 15, 0, 15, 0, 15, 0, 0, 0, 0, : 24, 17, 15, 16, 12, 18, 15, 15, 15, 11, 15, 15, 15, 
187: 0, 0, 17, 0, 15, 0, 16, 15, 16, 0, 0, 0, 15, 0, 0, 0, 19, 15, 0, 0, 0, 0, 0, 0, 15, 0, 0, 19, 0, 19, 18, 18, 15, 0, 0, 15, 0, 0, 0, 0, : 17, 15, 16, 15, 16, 15, 19, 15, 15, 19, 19, 18, 18, 15, 15, 
34: 0, 0, 0, 17, 0, 0, 0, 16, 15, 15, 0, 0, 18, 15, 15, 0, 0, 16, 15, 0, 17, 0, 0, 15, 0, 0, 0, 0, 0, 25, 0, 15, 0, 0, 0, 0, 0, 0, 0, 16, : 17, 16, 15, 15, 18, 15, 15, 16, 15, 17, 15, 25, 15, 16, 
145: 0, 0, 9, 22, 18, 15, 0, 0, 15, 0, 0, 0, 6, 0, 15, 0, 0, 22, 0, 0, 15, 18, 0, 0, 0, 0, 0, 0, 19, 0, 0, 0, 0, 0, 15, 0, 0, 0, 18, 0, : 9, 22, 18, 15, 15, 6, 15, 22, 15, 18, 19, 15, 18, 
132: 15, 15, 0, 0, 0, 0, 0, 0, 0, 0, 16, 0, 15, 0, 23, 0, 0, 15, 9, 0, 0, 0, 0, 0, 16, 0, 0, 0, 0, 0, 0, 0, 0, 15, 0, 20, 16, 0, 0, 15, : 15, 15, 16, 15, 23, 15, 9, 16, 15, 20, 16, 15, 
194: 18, 0, 0, 0, 0, 0, 0, 0, 15, 0, 0, 0, 15, 0, 0, 0, 15, 0, 15, 0, 0, 0, 15, 0, 15, 15, 0, 15, 17, 0, 0, 0, 0, 0, 0, 0, 0, 10, 0, 15, : 18, 15, 15, 15, 15, 15, 15, 15, 15, 17, 10, 15, 
6: 16, 0, 0, 15, 0, 0, 15, 16, 0, 0, 0, 0, 0, 16, 0, 17, 2, 0, 0, 0, 0, 16, 15, 32, 0, 0, 0, 0, 4, 9, 21, 0, 0, 22, 25, 0, 0, 0, 0, 0, : 16, 15, 15, 16, 16, 17, 2, 16, 15, 32, 4, 9, 21, 22, 25, 
137: 0, 15, 17, 0, 0, 0, 0, 0, 0, 0, 0, 6, 0, 6, 0, 0, 0, 0, 0, 0, 0, 0, 0, 0, 0, 15, 0, 0, 15, 0, 0, 0, 0, 0, 15, 18, 23, 15, 15, 0, : 15, 17, 6, 6, 15, 15, 15, 18, 23, 15, 15, 
158: 0, 15, 0, 0, 16, 0, 0, 15, 0, 0, 0, 15, 0, 0, 17, 0, 0, 15, 0, 11, 15, 0, 0, 0, 9, 0, 0, 15, 0, 0, 20, 0, 0, 0, 0, 1, 0, 15, 0, 0, : 15, 16, 15, 15, 17, 15, 11, 15, 9, 15, 20, 1, 15, 
149: 0, 0, 0, 0, 15, 26, 15, 0, 19, 15, 16, 15, 0, 0, 0, 0, 0, 0, 0, 0, 0, 0, 0, 0, 0, 0, 15, 0, 0, 0, 0, 0, 0, 1, 0, 0, 0, 0, 22, 16, : 15, 26, 15, 19, 15, 16, 15, 15, 1, 22, 16, 
180: 0, 0, 25, 15, 0, 17, 0, 0, 0, 0, 5, 0, 0, 0, 0, 0, 0, 0, 0, 39, 0, 3, 0, 15, 0, 0, 0, 0, 15, 16, 0, 3, 0, 0, 15, 0, 0, 15, 15, 0, : 25, 15, 17, 5, 39, 3, 15, 15, 16, 3, 15, 15, 15, 
154: 12, 18, 0, 15, 0, 0, 0, 16, 0, 15, 0, 0, 15, 0, 15, 0, 0, 0, 15, 0, 0, 0, 0, 0, 15, 25, 0, 0, 15, 0, 0, 15, 20, 0, 0, 0, 15, 0, 0, 0, : 12, 18, 15, 16, 15, 15, 15, 15, 15, 25, 15, 15, 20, 15, 
181: 0, 15, 17, 0, 15, 15, 0, 0, 0, 15, 16, 0, 0, 23, 0, 0, 0, 0, 0, 0, 15, 16, 16, 5, 0, 0, 0, 16, 0, 15, 0, 0, 0, 0, 15, 0, 0, 15, 15, 0, : 15, 17, 15, 15, 15, 16, 23, 15, 16, 16, 5, 16, 15, 15, 15, 15, 


29: 0, 0, 20, 0, 0, 0, 0, 20, 0, 0, 8, 0, 0, 15, 0, 15, 0, 0, 0, 0, 15, 0, 17, 0, 0, 0, 0, 0, 16, 6, 0, 0, 0, 0, 0, 15, 15, 15, 0, 0, : 20, 20, 8, 15, 15, 15, 17, 16, 6, 15, 15, 15, 
135: 0, 0, 0, 15, 0, 0, 15, 0, 0, 0, 0, 0, 15, 16, 0, 0, 0, 0, 0, 0, 2, 0, 15, 0, 0, 0, 0, 0, 0, 0, 0, 0, 15, 0, 15, 0, 15, 0, 0, 0, : 15, 15, 15, 16, 2, 15, 15, 15, 15, 
165: 15, 15, 0, 15, 0, 0, 0, 0, 15, 0, 0, 0, 3, 15, 0, 21, 15, 15, 15, 15, 15, 22, 0, 15, 0, 0, 0, 15, 15, 0, 0, 0, 0, 0, 15, 0, 10, 0, 0, 15, : 15, 15, 15, 15, 3, 15, 21, 15, 15, 15, 15, 15, 22, 15, 15, 15, 15, 10, 15, 
93: 16, 0, 0, 9, 0, 0, 0, 0, 0, 15, 0, 0, 0, 0, 12, 0, 0, 0, 10, 0, 0, 0, 0, 0, 15, 0, 0, 0, 0, 15, 0, 0, 15, 0, 15, 0, 0, 7, 16, 0, : 16, 9, 15, 12, 10, 15, 15, 15, 15, 7, 16, 
40: 0, 19, 0, 0, 0, 0, 18, 0, 7, 0, 15, 0, 0, 19, 0, 15, 15, 19, 15, 15, 0, 0, 15, 0, 15, 0, 0, 0, 0, 0, 15, 15, 0, 0, 0, 0, 15, 0, 0, 0, : 19, 18, 7, 15, 19, 15, 15, 19, 15, 15, 15, 15, 15, 15, 15, 
136: 15, 2, 0, 0, 24, 15, 0, 0, 0, 0, 0, 0, 0, 5, 0, 0, 0, 25, 0, 0, 0, 0, 0, 0, 9, 15, 19, 15, 19, 15, 15, 0, 16, 0, 0, 15, 0, 16, 0, 0, : 15, 2, 24, 15, 5, 25, 9, 15, 19, 15, 19, 15, 15, 16, 15, 16, 
129: 18, 0, 15, 0, 13, 20, 22, 19, 16, 16, 0, 15, 0, 0, 0, 0, 0, 0, 0, 2, 0, 0, 15, 5, 0, 0, 15, 16, 20, 22, 0, 0, 0, 16, 0, 16, 0, 0, 0, 6, : 18, 15, 13, 20, 22, 19, 16, 16, 15, 2, 15, 5, 15, 16, 20, 22, 16, 16, 6, 
167: 0, 0, 0, 0, 18, 15, 0, 15, 0, 15, 16, 0, 0, 0, 15, 0, 0, 15, 0, 15, 0, 17, 0, 15, 0, 0, 10, 6, 0, 0, 0, 0, 0, 6, 0, 0, 0, 0, 0, 0, : 18, 15, 15, 15, 16, 15, 15, 15, 17, 15, 10, 6, 6, 
134: 0, 15, 0, 15, 0, 3, 15, 0, 0, 15, 15, 15, 0, 15, 0, 0, 0, 0, 15, 18, 0, 0, 0, 0, 0, 0, 0, 0, 0, 0, 0, 0, 0, 15, 0, 0, 0, 0, 0, 18, : 15, 15, 3, 15, 15, 15, 15, 15, 15, 18, 15, 18, 
160: 17, 15, 0, 0, 0, 0, 0, 0, 0, 0, 0, 15, 0, 15, 22, 15, 0, 0, 0, 0, 0, 0, 0, 15, 15, 0, 0, 0, 0, 19, 0, 18, 0, 0, 0, 0, 15, 0, 0, 0, : 17, 15, 15, 15, 22, 15, 15, 15, 19, 18, 15, 
31: 19, 0, 0, 15, 15, 0, 0, 15, 0, 0, 0, 0, 15, 0, 16, 20, 15, 0, 0, 0, 0, 15, 15, 0, 0, 0, 0, 0, 0, 0, 0, 15, 0, 18, 15, 0, 0, 15, 0, 0, : 19, 15, 15, 15, 15, 16, 20, 15, 15, 15, 15, 18, 15, 15, 
71: 0, 0, 18, 0, 15, 0, 0, 0, 0, 0, 16, 0, 0, 0, 19, 0, 0, 19, 0, 0, 0, 15, 0, 0, 0, 0, 15, 0, 0, 0, 15, 0, 0, 0, 9, 15, 0, 0, 0, 0, : 18, 15, 16, 19, 19, 15, 15, 15, 9, 15, 
151: 0, 17, 0, 15, 0, 0, 0, 0, 0, 0, 0, 15, 0, 0, 0, 0, 0, 0, 15, 16, 0, 0, 15, 0, 0, 15, 0, 16, 0, 0, 0, 0, 15, 0, 0, 0, 15, 0, 0, 0, : 17, 15, 15, 15, 16, 15, 15, 16, 15, 15, 
185: 0, 0, 15, 0, 0, 0, 0, 0, 19, 6, 15, 15, 18, 0, 16, 0, 0, 0, 0, 0, 0, 15, 0, 0, 0, 23, 0, 0, 0, 0, 0, 3, 0, 15, 0, 15, 0, 0, 19, 15, : 15, 19, 6, 15, 15, 18, 16, 15, 23, 3, 15, 15, 19, 15, 
70: 0, 0, 0, 0, 0, 0, 15, 16, 0, 0, 0, 0, 0, 0, 0, 0, 0, 7, 15, 0, 15, 0, 0, 0, 16, 15, 0, 15, 15, 0, 0, 0, 24, 0, 0, 0, 0, 0, 15, 16, : 15, 16, 7, 15, 15, 16, 15, 15, 15, 24, 15, 16, 
139: 0, 0, 15, 0, 0, 15, 15, 0, 0, 0, 0, 0, 15, 0, 0, 14, 16, 0, 15, 0, 0, 0, 0, 0, 0, 17, 0, 17, 0, 0, 6, 0, 0, 0, 0, 0, 0, 0, 16, 0, : 15, 15, 15, 15, 14, 16, 15, 17, 17, 6, 16, 
78: 0, 0, 0, 0, 15, 15, 0, 0, 28, 0, 0, 10, 15, 0, 0, 0, 0, 0, 0, 0, 21, 0, 0, 20, 0, 0, 0, 0, 0, 0, 33, 15, 15, 0, 15, 0, 0, 15, 3, 0, : 15, 15, 28, 10, 15, 21, 20, 33, 15, 15, 15, 15, 3, 
183: 0, 0, 0, 0, 0, 0, 0, 0, 15, 0, 0, 0, 0, 0, 0, 0, 15, 0, 0, 19, 15, 0, 0, 15, 0, 0, 24, 0, 0, 0, 16, 19, 0, 0, 0, 0, 0, 0, 0, 15, : 15, 15, 19, 15, 15, 24, 16, 19, 15, 
3: 0, 0, 17, 16, 0, 0, 0, 0, 0, 18, 0, 15, 0, 0, 0, 0, 15, 0, 0, 0, 17, 0, 8, 15, 15, 15, 17, 0, 0, 0, 0, 15, 0, 15, 0, 19, 0, 16, 16, 0, : 17, 16, 18, 15, 15, 17, 8, 15, 15, 15, 17, 15, 15, 19, 16, 16, 
20: 0, 17, 0, 0, 0, 17, 0, 15, 0, 15, 15, 0, 19, 0, 0, 0, 9, 0, 0, 0, 0, 16, 0, 0, 15, 0, 0, 0, 15, 23, 0, 0, 0, 15, 16, 5, 15, 16, 15, 15, : 17, 17, 15, 15, 15, 19, 9, 16, 15, 15, 23, 15, 16, 5, 15, 16, 15, 15, 


159: 0, 0, 16, 0, 0, 0, 4, 21, 0, 0, 0, 0, 7, 17, 0, 0, 0, 0, 0, 0, 0, 17, 0, 0, 0, 0, 16, 15, 0, 0, 15, 18, 0, 0, 0, 0, 0, 0, 15, 15, : 16, 4, 21, 7, 17, 17, 16, 15, 15, 18, 15, 15, 
53: 0, 15, 0, 0, 15, 27, 0, 15, 21, 0, 0, 15, 15, 0, 0, 0, 0, 15, 0, 15, 10, 15, 0, 0, 0, 0, 0, 0, 15, 0, 0, 0, 0, 0, 0, 0, 0, 0, 0, 6, : 15, 15, 27, 15, 21, 15, 15, 15, 15, 10, 15, 15, 6, 
141: 15, 0, 0, 0, 15, 0, 0, 0, 0, 0, 0, 21, 0, 15, 36, 0, 19, 0, 0, 6, 15, 0, 0, 15, 0, 15, 0, 0, 0, 15, 0, 0, 0, 0, 0, 0, 0, 0, 0, 0, : 15, 15, 21, 15, 36, 19, 6, 15, 15, 15, 15, 
133: 0, 16, 5, 15, 0, 0, 0, 0, 0, 0, 15, 0, 15, 4, 0, 17, 15, 0, 17, 0, 0, 0, 0, 0, 15, 0, 9, 8, 0, 0, 15, 0, 15, 30, 0, 0, 0, 0, 0, 0, : 16, 5, 15, 15, 15, 4, 17, 15, 17, 15, 9, 8, 15, 15, 30, 
178: 0, 0, 0, 0, 0, 0, 15, 19, 0, 15, 0, 0, 0, 0, 0, 16, 0, 16, 15, 0, 15, 0, 0, 15, 0, 15, 0, 0, 0, 0, 0, 0, 16, 0, 16, 0, 0, 0, 17, 0, : 15, 19, 15, 16, 16, 15, 15, 15, 15, 16, 16, 17, 
39: 0, 0, 0, 0, 0, 0, 0, 0, 0, 17, 15, 15, 15, 0, 16, 34, 0, 0, 1, 0, 0, 15, 32, 0, 0, 0, 15, 0, 16, 15, 0, 0, 9, 0, 15, 0, 15, 15, 17, 0, : 17, 15, 15, 15, 16, 34, 1, 15, 32, 15, 16, 15, 9, 15, 15, 15, 17, 
42: 19, 0, 0, 15, 0, 15, 0, 0, 0, 16, 0, 0, 0, 15, 0, 0, 21, 0, 0, 0, 15, 0, 0, 9, 0, 0, 15, 0, 15, 0, 10, 0, 15, 0, 18, 0, 15, 0, 0, 0, : 19, 15, 15, 16, 15, 21, 15, 9, 15, 15, 10, 15, 18, 15, 
4: 0, 0, 0, 0, 0, 0, 15, 15, 15, 0, 0, 15, 0, 15, 0, 0, 0, 0, 0, 0, 0, 0, 0, 0, 0, 19, 0, 16, 0, 0, 0, 0, 0, 17, 0, 0, 0, 15, 0, 0, : 15, 15, 15, 15, 15, 19, 16, 17, 15, 
81: 0, 0, 0, 0, 7, 0, 0, 15, 0, 0, 0, 19, 0, 0, 0, 15, 16, 0, 0, 0, 0, 0, 20, 15, 0, 26, 0, 0, 0, 0, 0, 0, 0, 0, 0, 0, 0, 29, 20, 0, : 7, 15, 19, 15, 16, 20, 15, 26, 29, 20, 
161: 0, 0, 0, 0, 0, 0, 0, 0, 0, 0, 0, 0, 15, 19, 15, 15, 0, 0, 18, 15, 0, 0, 0, 0, 16, 0, 0, 15, 13, 0, 19, 0, 0, 15, 0, 0, 17, 0, 0, 0, : 15, 19, 15, 15, 18, 15, 16, 15, 13, 19, 15, 17, 
140: 0, 16, 0, 0, 0, 0, 0, 0, 15, 0, 0, 0, 18, 0, 3, 0, 0, 15, 0, 16, 0, 0, 15, 0, 0, 15, 15, 0, 0, 0, 0, 15, 15, 0, 0, 0, 0, 0, 0, 0, : 16, 15, 18, 3, 15, 16, 15, 15, 15, 15, 15, 
114: 0, 10, 0, 0, 0, 0, 18, 0, 0, 0, 0, 0, 0, 0, 0, 3, 0, 0, 0, 0, 0, 0, 0, 0, 15, 0, 0, 0, 0, 0, 0, 0, 0, 0, 15, 29, 15, 0, 0, 17, : 10, 18, 3, 15, 15, 29, 15, 17, 
83: 0, 26, 0, 4, 18, 0, 17, 0, 0, 21, 0, 0, 0, 0, 0, 0, 0, 0, 0, 0, 15, 0, 15, 0, 0, 0, 0, 0, 0, 18, 0, 0, 15, 15, 15, 16, 15, 0, 0, 0, : 26, 4, 18, 17, 21, 15, 15, 18, 15, 15, 15, 16, 15, 
95: 0, 0, 36, 20, 15, 0, 0, 0, 15, 0, 15, 0, 0, 0, 0, 0, 0, 6, 16, 0, 0, 0, 18, 0, 17, 0, 0, 16, 0, 0, 0, 0, 0, 0, 0, 18, 0, 0, 0, 0, : 36, 20, 15, 15, 15, 6, 16, 18, 17, 16, 18, 
68: 0, 0, 0, 0, 0, 15, 15, 0, 0, 0, 15, 0, 0, 0, 0, 0, 0, 0, 0, 15, 0, 0, 0, 15, 17, 0, 15, 0, 26, 18, 0, 15, 15, 4, 6, 0, 15, 15, 0, 15, : 15, 15, 15, 15, 15, 17, 15, 26, 18, 15, 15, 4, 6, 15, 15, 15, 
25: 15, 0, 15, 0, 0, 0, 16, 0, 4, 0, 0, 0, 0, 0, 0, 0, 0, 0, 18, 0, 0, 15, 0, 0, 0, 0, 0, 0, 0, 16, 0, 0, 0, 0, 0, 0, 0, 0, 0, 30, : 15, 15, 16, 4, 18, 15, 16, 30, 
55: 18, 0, 0, 15, 15, 15, 0, 15, 15, 16, 21, 15, 0, 0, 15, 0, 0, 18, 0, 18, 15, 9, 0, 15, 15, 0, 0, 0, 0, 0, 0, 18, 0, 0, 0, 0, 0, 0, 0, 17, : 18, 15, 15, 15, 15, 15, 16, 21, 15, 15, 18, 18, 15, 9, 15, 15, 18, 17, 
150: 18, 0, 28, 0, 0, 0, 0, 0, 15, 0, 4, 0, 0, 15, 0, 0, 13, 15, 0, 0, 15, 29, 0, 0, 0, 0, 0, 15, 0, 0, 26, 18, 0, 0, 0, 0, 0, 0, 0, 0, : 18, 28, 15, 4, 15, 13, 15, 15, 29, 15, 26, 18, 
170: 0, 17, 0, 15, 0, 5, 0, 0, 0, 0, 0, 0, 0, 0, 0, 0, 0, 15, 0, 15, 0, 0, 0, 16, 5, 10, 15, 15, 15, 18, 0, 16, 0, 0, 15, 37, 8, 15, 15, 0, : 17, 15, 5, 15, 15, 16, 5, 10, 15, 15, 15, 18, 16, 15, 37, 8, 15, 15, 
195: 15, 0, 0, 16, 15, 23, 0, 0, 0, 15, 15, 0, 15, 0, 15, 0, 16, 0, 15, 0, 0, 0, 0, 0, 0, 0, 0, 0, 0, 0, 15, 0, 0, 19, 0, 0, 0, 11, 16, 0, : 15, 16, 15, 23, 15, 15, 15, 15, 16, 15, 15, 19, 11, 16, 


100: 0, 15, 0, 0, 0, 0, 0, 15, 0, 0, 0, 0, 0, 0, 0, 0, 0, 0, 17, 0, 23, 0, 0, 0, 0, 0, 15, 15, 0, 0, 0, 0, 0, 0, 0, 15, 0, 0, 15, 0, : 15, 15, 17, 23, 15, 15, 15, 15, 
77: 15, 0, 0, 0, 0, 0, 0, 15, 16, 16, 15, 0, 0, 0, 15, 0, 0, 0, 15, 0, 0, 0, 0, 0, 15, 0, 0, 9, 0, 0, 0, 0, 0, 24, 0, 0, 0, 16, 0, 0, : 15, 15, 16, 16, 15, 15, 15, 15, 9, 24, 16, 
44: 15, 15, 0, 0, 15, 0, 19, 0, 0, 15, 0, 0, 0, 19, 0, 0, 0, 17, 0, 0, 0, 0, 0, 0, 0, 0, 0, 0, 0, 0, 0, 0, 0, 15, 0, 0, 15, 0, 0, 0, : 15, 15, 15, 19, 15, 19, 17, 15, 15, 
125: 0, 0, 0, 0, 0, 15, 0, 18, 0, 0, 0, 0, 15, 0, 0, 0, 15, 17, 0, 15, 0, 0, 15, 0, 0, 0, 0, 0, 0, 0, 0, 0, 0, 0, 0, 0, 15, 0, 15, 15, : 15, 18, 15, 15, 17, 15, 15, 15, 15, 15, 
115: 0, 0, 0, 0, 0, 0, 0, 0, 0, 0, 15, 19, 0, 0, 0, 0, 0, 0, 0, 0, 0, 36, 15, 0, 15, 0, 0, 0, 15, 16, 17, 16, 0, 0, 22, 0, 0, 17, 0, 0, : 15, 19, 36, 15, 15, 15, 16, 17, 16, 22, 17, 
62: 0, 0, 0, 0, 0, 15, 15, 20, 0, 0, 17, 0, 27, 0, 20, 15, 15, 0, 0, 16, 0, 0, 0, 0, 0, 0, 0, 0, 0, 0, 0, 0, 0, 0, 3, 0, 15, 0, 0, 0, : 15, 15, 20, 17, 27, 20, 15, 15, 16, 3, 15, 
19: 0, 0, 0, 5, 18, 10, 0, 0, 15, 0, 15, 0, 0, 15, 3, 0, 16, 0, 15, 15, 0, 0, 0, 0, 0, 17, 16, 0, 0, 0, 0, 0, 2, 5, 0, 0, 0, 15, 0, 22, : 5, 18, 10, 15, 15, 15, 3, 16, 15, 15, 17, 16, 2, 5, 15, 22, 
196: 0, 0, 15, 0, 18, 0, 16, 15, 15, 0, 0, 15, 0, 0, 0, 0, 0, 0, 0, 0, 9, 15, 0, 0, 15, 15, 0, 16, 15, 20, 0, 0, 15, 0, 15, 0, 0, 0, 0, 0, : 15, 18, 16, 15, 15, 15, 9, 15, 15, 15, 16, 15, 20, 15, 15, 
80: 2, 6, 0, 0, 0, 15, 15, 0, 17, 17, 0, 15, 0, 15, 28, 20, 0, 0, 15, 0, 15, 0, 15, 0, 10, 0, 0, 0, 0, 0, 17, 0, 0, 0, 0, 15, 0, 0, 17, 0, : 2, 6, 15, 15, 17, 17, 15, 15, 28, 20, 15, 15, 15, 10, 17, 15, 17, 
30: 17, 0, 15, 24, 0, 0, 0, 0, 0, 0, 0, 0, 0, 0, 0, 0, 20, 0, 15, 0, 0, 0, 15, 15, 15, 0, 0, 0, 18, 32, 15, 0, 15, 0, 15, 0, 0, 16, 0, 0, : 17, 15, 24, 20, 15, 15, 15, 15, 18, 32, 15, 15, 15, 16, 
84: 0, 0, 0, 0, 0, 0, 0, 15, 0, 7, 0, 0, 10, 17, 0, 0, 0, 20, 0, 0, 23, 15, 0, 16, 15, 32, 0, 15, 0, 0, 22, 16, 15, 0, 15, 15, 0, 19, 15, 19, : 15, 7, 10, 17, 20, 23, 15, 16, 15, 32, 15, 22, 16, 15, 15, 15, 19, 15, 19, 
121: 15, 15, 0, 15, 0, 0, 5, 0, 0, 15, 0, 15, 15, 15, 0, 15, 15, 0, 0, 0, 0, 15, 0, 6, 15, 6, 0, 15, 1, 0, 0, 17, 0, 0, 0, 0, 15, 0, 0, 0, : 15, 15, 15, 5, 15, 15, 15, 15, 15, 15, 15, 6, 15, 6, 15, 1, 17, 15, 
18: 0, 19, 7, 21, 0, 15, 0, 0, 15, 0, 15, 0, 0, 0, 0, 34, 0, 0, 0, 0, 15, 0, 0, 0, 0, 0, 0, 0, 0, 0, 0, 0, 15, 15, 0, 0, 8, 0, 15, 0, : 19, 7, 21, 15, 15, 15, 34, 15, 15, 15, 8, 15, 
152: 0, 0, 15, 0, 0, 0, 0, 0, 0, 15, 6, 15, 0, 17, 15, 0, 0, 24, 15, 0, 0, 4, 0, 15, 0, 0, 0, 15, 15, 0, 0, 5, 15, 0, 0, 16, 0, 0, 8, 0, : 15, 15, 6, 15, 17, 15, 24, 15, 4, 15, 15, 15, 5, 15, 16, 8, 
22: 0, 0, 0, 15, 0, 0, 0, 0, 0, 0, 0, 0, 0, 0, 0, 16, 4, 16, 0, 15, 0, 0, 0, 0, 0, 15, 13, 0, 16, 0, 14, 0, 23, 15, 0, 8, 0, 17, 0, 16, : 15, 16, 4, 16, 15, 15, 13, 16, 14, 23, 15, 8, 17, 16, 
28: 0, 0, 0, 0, 15, 15, 0, 0, 0, 0, 0, 15, 15, 2, 0, 0, 0, 0, 0, 13, 0, 0, 15, 15, 0, 0, 0, 0, 0, 0, 0, 15, 0, 26, 15, 16, 0, 0, 0, 0, : 15, 15, 15, 15, 2, 13, 15, 15, 15, 26, 15, 16, 
92: 15, 15, 0, 0, 21, 0, 0, 2, 0, 15, 0, 0, 18, 0, 0, 0, 0, 0, 0, 0, 0, 0, 0, 16, 0, 0, 0, 15, 20, 0, 0, 0, 0, 0, 0, 0, 15, 0, 15, 0, : 15, 15, 21, 2, 15, 18, 16, 15, 20, 15, 15, 
5: 21, 15, 17, 0, 0, 0, 0, 0, 5, 0, 0, 0, 0, 0, 0, 0, 0, 6, 0, 0, 15, 0, 0, 17, 0, 0, 15, 0, 0, 15, 0, 15, 0, 0, 0, 15, 0, 0, 0, 15, : 21, 15, 17, 5, 6, 15, 17, 15, 15, 15, 15, 15, 
87: 0, 0, 15, 20, 13, 15, 15, 0, 0, 0, 0, 0, 0, 0, 0, 0, 15, 0, 8, 26, 0, 15, 9, 0, 0, 15, 21, 0, 0, 0, 0, 0, 0, 0, 15, 0, 0, 0, 0, 0, : 15, 20, 13, 15, 15, 15, 8, 26, 15, 9, 15, 21, 15, 
33: 0, 0, 16, 0, 0, 0, 15, 0, 17, 0, 17, 6, 0, 0, 19, 0, 0, 0, 0, 0, 0, 0, 16, 0, 0, 0, 20, 0, 0, 17, 15, 16, 0, 0, 0, 0, 17, 0, 0, 13, : 16, 15, 17, 17, 6, 19, 16, 20, 17, 15, 16, 17, 13, 


