
20
300
100
15

189: 0, 0, 15, 15, 0, 19, 0, 18, 0, 15, 18, 15, 0, 0, 0, 0, 0, 0, 0, 0, : 15, 15, 19, 18, 15, 18, 15, 
18: 0, 0, 0, 0, 0, 15, 0, 0, 0, 0, 1, 0, 15, 0, 15, 22, 15, 15, 0, 15, : 15, 1, 15, 15, 22, 15, 15, 15, 
245: 15, 15, 0, 0, 0, 0, 24, 0, 22, 0, 0, 15, 0, 32, 20, 0, 0, 15, 0, 0, : 15, 15, 24, 22, 15, 32, 20, 15, 
215: 0, 15, 15, 0, 0, 0, 0, 0, 0, 15, 0, 0, 24, 0, 0, 0, 15, 0, 0, 15, : 15, 15, 15, 24, 15, 15, 
101: 0, 0, 16, 0, 0, 7, 18, 0, 0, 0, 15, 0, 0, 0, 17, 15, 0, 0, 0, 15, : 16, 7, 18, 15, 17, 15, 15, 
210: 0, 0, 0, 0, 0, 15, 0, 0, 0, 20, 27, 0, 0, 0, 16, 0, 0, 0, 15, 0, : 15, 20, 27, 16, 15, 
66: 0, 15, 0, 0, 15, 0, 0, 0, 15, 15, 0, 0, 0, 15, 0, 19, 0, 15, 0, 0, : 15, 15, 15, 15, 15, 19, 15, 
285: 15, 15, 0, 0, 0, 28, 0, 0, 0, 0, 0, 0, 0, 0, 0, 0, 0, 0, 9, 0, : 15, 15, 28, 9, 
64: 34, 10, 0, 14, 0, 16, 0, 0, 0, 0, 0, 0, 0, 0, 0, 0, 15, 16, 0, 0, : 34, 10, 14, 16, 15, 16, 
11: 15, 0, 15, 0, 18, 0, 0, 15, 0, 0, 0, 0, 16, 15, 17, 0, 15, 0, 0, 0, : 15, 15, 18, 15, 16, 15, 17, 15, 
27: 0, 0, 0, 16, 0, 0, 0, 0, 0, 0, 21, 0, 0, 0, 0, 0, 0, 0, 0, 0, : 16, 21, 
26: 0, 15, 0, 0, 0, 0, 0, 15, 0, 0, 0, 0, 0, 0, 0, 0, 0, 0, 0, 0, : 15, 15, 
121: 0, 0, 0, 0, 16, 0, 11, 15, 15, 15, 18, 15, 0, 19, 0, 0, 0, 16, 0, 0, : 16, 11, 15, 15, 15, 18, 15, 19, 16, 
291: 0, 0, 9, 0, 19, 0, 0, 16, 16, 0, 0, 0, 0, 0, 0, 0, 0, 8, 15, 2, : 9, 19, 16, 16, 8, 15, 2, 
276: 0, 15, 15, 19, 0, 0, 0, 15, 0, 0, 0, 15, 0, 0, 0, 16, 21, 0, 16, 23, : 15, 15, 19, 15, 15, 16, 21, 16, 23, 
256: 18, 0, 0, 15, 0, 0, 0, 0, 32, 0, 0, 25, 0, 4, 0, 21, 0, 15, 0, 0, : 18, 15, 32, 25, 4, 21, 15, 
84: 0, 0, 15, 21, 0, 0, 0, 0, 0, 0, 0, 0, 0, 0, 0, 0, 0, 0, 15, 0, : 15, 21, 15, 
202: 0, 0, 0, 0, 17, 0, 15, 0, 0, 5, 0, 0, 15, 0, 15, 0, 4, 0, 15, 15, : 17, 15, 5, 15, 15, 4, 15, 15, 
139: 3, 0, 0, 0, 15, 0, 17, 0, 0, 0, 0, 0, 15, 15, 0, 7, 0, 0, 15, 15, : 3, 15, 17, 15, 15, 7, 15, 15, 
106: 0, 0, 0, 0, 0, 0, 15, 6, 0, 15, 0, 15, 15, 0, 0, 0, 15, 0, 0, 0, : 15, 6, 15, 15, 15, 15, 


230: 0, 0, 0, 0, 0, 0, 15, 0, 0, 7, 14, 0, 0, 0, 15, 10, 22, 0, 0, 15, : 15, 7, 14, 15, 10, 22, 15, 
104: 22, 15, 9, 0, 0, 17, 0, 0, 15, 0, 0, 0, 0, 0, 15, 0, 0, 0, 0, 15, : 22, 15, 9, 17, 15, 15, 15, 
218: 0, 10, 0, 0, 0, 0, 15, 15, 0, 15, 0, 0, 0, 15, 0, 0, 15, 18, 0, 0, : 10, 15, 15, 15, 15, 15, 18, 
13: 0, 0, 15, 16, 0, 15, 0, 0, 11, 15, 0, 15, 0, 15, 0, 0, 0, 19, 0, 15, : 15, 16, 15, 11, 15, 15, 15, 19, 15, 
271: 0, 0, 15, 0, 15, 0, 23, 0, 0, 0, 0, 0, 15, 15, 0, 0, 0, 16, 0, 15, : 15, 15, 23, 15, 15, 16, 15, 
258: 0, 0, 0, 15, 0, 0, 0, 18, 0, 0, 0, 0, 15, 0, 0, 0, 0, 0, 0, 0, : 15, 18, 15, 
140: 0, 0, 0, 6, 15, 15, 15, 0, 15, 0, 0, 0, 8, 0, 0, 0, 0, 0, 15, 0, : 6, 15, 15, 15, 15, 8, 15, 
263: 0, 24, 0, 0, 0, 16, 15, 0, 0, 0, 0, 0, 0, 0, 19, 0, 0, 0, 38, 0, : 24, 16, 15, 19, 38, 
142: 0, 0, 0, 0, 0, 0, 0, 15, 0, 0, 0, 0, 17, 16, 0, 20, 0, 0, 0, 0, : 15, 17, 16, 20, 
131: 16, 16, 0, 0, 0, 0, 0, 0, 0, 16, 16, 0, 0, 0, 0, 0, 16, 0, 0, 0, : 16, 16, 16, 16, 16, 
289: 0, 0, 0, 0, 0, 0, 0, 15, 28, 0, 0, 0, 0, 0, 0, 16, 0, 15, 0, 0, : 15, 28, 16, 15, 
70: 0, 0, 16, 16, 0, 0, 17, 0, 0, 15, 0, 0, 15, 0, 3, 23, 17, 0, 0, 0, : 16, 16, 17, 15, 15, 3, 23, 17, 
203: 15, 0, 0, 15, 0, 0, 0, 0, 0, 0, 16, 16, 15, 0, 15, 16, 0, 15, 15, 0, : 15, 15, 16, 16, 15, 15, 16, 15, 15, 
253: 0, 0, 15, 0, 0, 22, 0, 0, 0, 0, 0, 3, 0, 15, 0, 0, 15, 0, 2, 0, : 15, 22, 3, 15, 15, 2, 
200: 0, 0, 15, 0, 15, 0, 0, 0, 15, 16, 22, 19, 0, 0, 0, 0, 15, 0, 15, 15, : 15, 15, 15, 16, 22, 19, 15, 15, 15, 
55: 14, 15, 0, 0, 0, 0, 0, 7, 16, 0, 0, 16, 0, 0, 0, 0, 0, 0, 0, 2, : 14, 15, 7, 16, 16, 2, 
158: 15, 0, 0, 0, 15, 15, 0, 15, 0, 16, 0, 0, 0, 0, 0, 0, 0, 0, 0, 0, : 15, 15, 15, 15, 16, 
62: 0, 0, 15, 17, 0, 0, 0, 15, 0, 0, 15, 0, 0, 15, 0, 0, 0, 0, 0, 0, : 15, 17, 15, 15, 15, 
9: 0, 0, 0, 0, 25, 0, 0, 0, 0, 0, 17, 16, 15, 9, 18, 0, 0, 0, 0, 0, : 25, 17, 16, 15, 9, 18, 
278: 18, 20, 0, 15, 15, 0, 0, 0, 0, 0, 0, 15, 0, 0, 15, 15, 0, 17, 15, 23, : 18, 20, 15, 15, 15, 15, 15, 17, 15, 23, 


166: 20, 0, 0, 0, 0, 19, 0, 0, 0, 0, 15, 0, 0, 15, 0, 0, 0, 0, 15, 0, : 20, 19, 15, 15, 15, 
22: 15, 0, 0, 0, 0, 0, 0, 9, 0, 15, 0, 15, 0, 0, 0, 0, 0, 15, 0, 0, : 15, 9, 15, 15, 15, 
238: 0, 0, 0, 0, 0, 0, 0, 0, 16, 0, 0, 19, 0, 0, 11, 27, 0, 0, 0, 15, : 16, 19, 11, 27, 15, 
88: 15, 0, 0, 0, 0, 15, 0, 0, 0, 0, 30, 0, 0, 15, 21, 15, 0, 4, 0, 0, : 15, 15, 30, 15, 21, 15, 4, 
126: 0, 0, 0, 0, 15, 0, 0, 15, 0, 15, 0, 0, 15, 0, 0, 0, 0, 0, 0, 0, : 15, 15, 15, 15, 
120: 0, 0, 0, 0, 0, 15, 0, 15, 23, 15, 15, 0, 0, 0, 0, 0, 0, 0, 0, 0, : 15, 15, 23, 15, 15, 
45: 19, 0, 0, 17, 0, 17, 0, 0, 0, 15, 15, 17, 15, 0, 21, 0, 0, 0, 16, 2, : 19, 17, 17, 15, 15, 17, 15, 21, 16, 2, 
165: 0, 24, 0, 0, 0, 0, 9, 0, 0, 0, 0, 0, 0, 0, 0, 11, 23, 15, 16, 15, : 24, 9, 11, 23, 15, 16, 15, 
61: 0, 0, 0, 0, 0, 0, 15, 15, 0, 15, 10, 0, 0, 19, 15, 16, 0, 0, 0, 0, : 15, 15, 15, 10, 19, 15, 16, 
74: 0, 15, 0, 26, 15, 0, 15, 15, 15, 0, 0, 0, 0, 0, 0, 15, 0, 19, 30, 15, : 15, 26, 15, 15, 15, 15, 15, 19, 30, 15, 
23: 0, 0, 15, 0, 0, 0, 0, 16, 0, 0, 15, 0, 19, 0, 0, 0, 15, 0, 0, 22, : 15, 16, 15, 19, 15, 22, 
212: 0, 0, 0, 0, 16, 0, 15, 0, 14, 15, 0, 0, 18, 0, 17, 0, 15, 0, 0, 0, : 16, 15, 14, 15, 18, 17, 15, 
16: 0, 1, 12, 0, 0, 0, 15, 0, 0, 0, 0, 16, 15, 0, 0, 0, 0, 0, 0, 0, : 1, 12, 15, 16, 15, 
143: 0, 0, 28, 22, 16, 0, 0, 0, 0, 0, 0, 0, 3, 0, 0, 0, 0, 0, 0, 15, : 28, 22, 16, 3, 15, 
94: 0, 15, 0, 15, 15, 0, 0, 0, 17, 10, 0, 0, 0, 20, 0, 0, 17, 15, 3, 0, : 15, 15, 15, 17, 10, 20, 17, 15, 3, 
42: 0, 0, 0, 5, 0, 0, 16, 0, 0, 0, 0, 15, 0, 15, 15, 0, 0, 0, 0, 16, : 5, 16, 15, 15, 15, 16, 
134: 16, 15, 15, 0, 2, 15, 0, 0, 0, 0, 0, 17, 0, 0, 0, 0, 15, 16, 0, 0, : 16, 15, 15, 2, 15, 17, 15, 16, 
195: 15, 0, 15, 15, 0, 0, 0, 0, 0, 0, 0, 0, 15, 16, 0, 16, 0, 0, 20, 0, : 15, 15, 15, 15, 16, 16, 20, 
198: 0, 15, 15, 0, 0, 0, 0, 0, 0, 0, 0, 0, 0, 0, 0, 0, 15, 16, 0, 0, : 15, 15, 15, 16, 
3: 0, 15, 0, 0, 21, 19, 15, 15, 15, 0, 0, 1, 0, 0, 0, 0, 0, 0, 0, 0, : 15, 21, 19, 15, 15, 15, 1, 


6: 15, 0, 0, 15, 0, 4, 0, 0, 16, 15, 0, 15, 15, 15, 0, 0, 0, 0, 9, 0, : 15, 15, 4, 16, 15, 15, 15, 15, 9, 
151: 17, 15, 32, 1, 0, 0, 15, 0, 0, 0, 0, 0, 0, 16, 0, 0, 0, 15, 0, 0, : 17, 15, 32, 1, 15, 16, 15, 
36: 0, 0, 0, 0, 22, 0, 0, 15, 0, 0, 0, 0, 0, 0, 0, 0, 0, 0, 16, 0, : 22, 15, 16, 
185: 0, 3, 15, 0, 15, 0, 15, 0, 16, 38, 0, 0, 15, 17, 15, 0, 15, 16, 0, 0, : 3, 15, 15, 15, 16, 38, 15, 17, 15, 15, 16, 
217: 0, 0, 0, 15, 0, 0, 21, 5, 0, 0, 14, 0, 25, 15, 17, 0, 0, 0, 0, 0, : 15, 21, 5, 14, 25, 15, 17, 
14: 2, 0, 0, 15, 0, 0, 0, 0, 0, 0, 0, 0, 0, 0, 0, 15, 7, 22, 15, 15, : 2, 15, 15, 7, 22, 15, 15, 
5: 0, 18, 0, 24, 0, 0, 0, 0, 15, 0, 15, 15, 0, 0, 0, 1, 0, 14, 15, 15, : 18, 24, 15, 15, 15, 1, 14, 15, 15, 
187: 0, 0, 0, 0, 0, 15, 0, 17, 0, 0, 15, 0, 15, 0, 0, 24, 21, 0, 0, 0, : 15, 17, 15, 15, 24, 21, 
24: 0, 18, 2, 0, 0, 21, 15, 0, 15, 0, 0, 0, 0, 0, 16, 0, 0, 0, 0, 0, : 18, 2, 21, 15, 15, 16, 
296: 0, 0, 0, 0, 15, 0, 0, 15, 0, 0, 0, 0, 0, 0, 15, 0, 16, 0, 15, 0, : 15, 15, 15, 16, 15, 
266: 0, 16, 0, 0, 15, 0, 0, 0, 0, 9, 24, 15, 0, 0, 0, 15, 0, 0, 0, 0, : 16, 15, 9, 24, 15, 15, 
274: 17, 15, 0, 0, 0, 0, 15, 0, 0, 17, 0, 0, 0, 0, 0, 0, 15, 0, 0, 0, : 17, 15, 15, 17, 15, 
267: 0, 0, 0, 15, 0, 0, 15, 0, 0, 0, 15, 7, 0, 3, 0, 15, 0, 0, 15, 31, : 15, 15, 15, 7, 3, 15, 15, 31, 
184: 15, 0, 0, 0, 3, 0, 0, 0, 0, 0, 17, 0, 0, 0, 4, 0, 0, 0, 0, 15, : 15, 3, 17, 4, 15, 
111: 19, 15, 15, 0, 0, 15, 0, 0, 0, 0, 0, 0, 15, 0, 0, 0, 0, 18, 15, 0, : 19, 15, 15, 15, 15, 18, 15, 
116: 0, 0, 0, 0, 15, 0, 0, 0, 15, 0, 0, 0, 0, 17, 16, 0, 0, 0, 0, 0, : 15, 15, 17, 16, 
44: 0, 0, 0, 0, 0, 15, 0, 0, 0, 21, 0, 15, 0, 0, 17, 0, 0, 0, 0, 0, : 15, 21, 15, 17, 
133: 15, 0, 0, 0, 0, 15, 0, 15, 15, 0, 0, 15, 0, 17, 0, 0, 0, 15, 0, 9, : 15, 15, 15, 15, 15, 17, 15, 9, 
108: 0, 0, 15, 0, 0, 15, 0, 15, 8, 0, 0, 0, 15, 0, 0, 15, 0, 0, 0, 15, : 15, 15, 15, 8, 15, 15, 15, 
72: 0, 0, 21, 15, 15, 0, 4, 18, 0, 0, 0, 18, 0, 0, 0, 15, 26, 0, 0, 0, : 21, 15, 15, 4, 18, 18, 15, 26, 


181: 0, 0, 0, 15, 15, 0, 0, 28, 22, 0, 2, 0, 15, 5, 15, 4, 0, 0, 0, 0, : 15, 15, 28, 22, 2, 15, 5, 15, 4, 
176: 0, 0, 25, 0, 0, 0, 0, 0, 0, 0, 15, 0, 0, 0, 0, 0, 15, 15, 0, 0, : 25, 15, 15, 15, 
295: 0, 15, 0, 15, 0, 0, 19, 0, 0, 0, 15, 0, 15, 19, 0, 0, 0, 0, 0, 0, : 15, 15, 19, 15, 15, 19, 
135: 0, 0, 0, 0, 0, 0, 0, 0, 0, 15, 0, 0, 36, 16, 0, 15, 0, 0, 0, 0, : 15, 36, 16, 15, 
82: 0, 0, 0, 0, 0, 0, 0, 16, 15, 2, 0, 0, 15, 0, 0, 21, 0, 0, 25, 26, : 16, 15, 2, 15, 21, 25, 26, 
293: 0, 0, 0, 0, 15, 0, 0, 11, 0, 16, 0, 0, 0, 0, 0, 0, 0, 15, 17, 0, : 15, 11, 16, 15, 17, 
60: 15, 15, 0, 0, 0, 0, 0, 0, 0, 0, 0, 0, 0, 15, 15, 0, 0, 0, 10, 25, : 15, 15, 15, 15, 10, 25, 
192: 0, 15, 0, 0, 0, 0, 15, 0, 0, 0, 0, 0, 0, 0, 30, 15, 15, 25, 0, 0, : 15, 15, 30, 15, 15, 25, 
39: 0, 0, 18, 0, 0, 16, 0, 0, 15, 0, 0, 0, 0, 0, 0, 15, 0, 0, 0, 0, : 18, 16, 15, 15, 
109: 0, 0, 0, 10, 0, 15, 0, 0, 15, 15, 0, 0, 16, 0, 0, 0, 21, 0, 0, 0, : 10, 15, 15, 15, 16, 21, 
163: 15, 0, 0, 15, 5, 0, 12, 15, 0, 15, 0, 15, 0, 0, 0, 0, 0, 15, 18, 0, : 15, 15, 5, 12, 15, 15, 15, 15, 18, 
297: 0, 15, 15, 0, 0, 21, 0, 0, 0, 0, 0, 20, 0, 0, 15, 0, 20, 0, 0, 15, : 15, 15, 21, 20, 15, 20, 15, 
249: 0, 0, 0, 0, 15, 10, 0, 0, 0, 0, 0, 0, 3, 15, 0, 0, 0, 0, 0, 0, : 15, 10, 3, 15, 
160: 9, 17, 0, 15, 0, 0, 0, 15, 0, 0, 0, 0, 0, 0, 0, 0, 0, 15, 15, 15, : 9, 17, 15, 15, 15, 15, 15, 
164: 15, 8, 0, 0, 0, 15, 19, 15, 0, 0, 21, 19, 0, 15, 0, 0, 0, 0, 0, 0, : 15, 8, 15, 19, 15, 21, 19, 15, 
299: 0, 0, 15, 0, 15, 0, 17, 0, 0, 0, 0, 0, 0, 15, 0, 0, 0, 0, 0, 15, : 15, 15, 17, 15, 15, 
130: 16, 0, 0, 15, 15, 0, 0, 0, 1, 0, 15, 15, 0, 0, 19, 0, 15, 0, 0, 0, : 16, 15, 15, 1, 15, 15, 19, 15, 
259: 15, 15, 12, 0, 20, 23, 0, 0, 0, 22, 0, 0, 0, 0, 6, 15, 0, 0, 15, 0, : 15, 15, 12, 20, 23, 22, 6, 15, 15, 
298: 0, 0, 15, 15, 0, 0, 18, 0, 17, 15, 15, 1, 0, 0, 0, 0, 14, 0, 0, 4, : 15, 15, 18, 17, 15, 15, 1, 14, 4, 
168: 15, 0, 0, 0, 0, 0, 0, 0, 15, 0, 17, 30, 0, 0, 0, 15, 0, 15, 0, 0, : 15, 15, 17, 30, 15, 15, 


28: 0, 0, 7, 19, 0, 0, 0, 0, 0, 0, 0, 15, 0, 15, 0, 0, 0, 0, 15, 4, : 7, 19, 15, 15, 15, 4, 
220: 0, 0, 15, 0, 0, 0, 0, 16, 0, 15, 0, 0, 0, 0, 18, 0, 0, 0, 0, 0, : 15, 16, 15, 18, 
132: 15, 0, 0, 0, 0, 16, 15, 17, 0, 0, 9, 0, 17, 0, 0, 16, 0, 0, 0, 0, : 15, 16, 15, 17, 9, 17, 16, 
246: 0, 15, 0, 15, 15, 0, 0, 0, 4, 0, 0, 0, 0, 0, 0, 0, 0, 15, 0, 15, : 15, 15, 15, 4, 15, 15, 
95: 0, 0, 18, 0, 0, 21, 0, 0, 0, 16, 0, 0, 0, 0, 0, 0, 15, 0, 15, 15, : 18, 21, 16, 15, 15, 15, 
148: 16, 0, 0, 15, 4, 0, 0, 17, 15, 0, 0, 16, 0, 0, 15, 0, 18, 0, 15, 0, : 16, 15, 4, 17, 15, 16, 15, 18, 15, 
255: 0, 0, 0, 0, 15, 0, 0, 0, 15, 16, 0, 16, 0, 0, 0, 0, 0, 24, 0, 0, : 15, 15, 16, 16, 24, 
236: 15, 0, 15, 0, 0, 0, 0, 0, 15, 0, 0, 0, 15, 0, 0, 0, 0, 0, 0, 0, : 15, 15, 15, 15, 
38: 0, 15, 0, 0, 17, 18, 20, 0, 15, 0, 0, 0, 15, 0, 0, 0, 15, 0, 0, 15, : 15, 17, 18, 20, 15, 15, 15, 15, 
63: 0, 15, 0, 0, 0, 24, 0, 0, 0, 7, 0, 0, 0, 3, 7, 9, 15, 0, 15, 0, : 15, 24, 7, 3, 7, 9, 15, 15, 
190: 0, 0, 0, 0, 0, 0, 0, 0, 0, 0, 0, 15, 15, 0, 15, 0, 0, 0, 9, 0, : 15, 15, 15, 9, 
2: 15, 0, 15, 9, 0, 0, 0, 4, 16, 0, 19, 15, 0, 0, 0, 0, 0, 0, 0, 29, : 15, 15, 9, 4, 16, 19, 15, 29, 
171: 20, 3, 0, 17, 0, 0, 15, 0, 0, 0, 15, 0, 0, 0, 15, 17, 0, 0, 15, 0, : 20, 3, 17, 15, 15, 15, 17, 15, 
77: 0, 0, 0, 0, 15, 0, 15, 15, 20, 0, 0, 0, 8, 0, 0, 0, 0, 0, 0, 0, : 15, 15, 15, 20, 8, 
114: 4, 0, 0, 0, 0, 0, 16, 0, 0, 15, 15, 0, 0, 0, 15, 0, 0, 0, 0, 0, : 4, 16, 15, 15, 15, 
115: 15, 19, 0, 0, 0, 16, 0, 0, 0, 0, 16, 8, 0, 15, 0, 26, 9, 31, 16, 0, : 15, 19, 16, 16, 8, 15, 26, 9, 31, 16, 
21: 0, 0, 15, 0, 15, 0, 15, 16, 0, 0, 0, 0, 15, 26, 15, 16, 28, 0, 0, 0, : 15, 15, 15, 16, 15, 26, 15, 16, 28, 
157: 0, 0, 0, 0, 0, 5, 0, 0, 0, 16, 0, 0, 15, 0, 0, 0, 0, 15, 0, 0, : 5, 16, 15, 15, 
233: 0, 16, 15, 25, 19, 0, 0, 0, 0, 0, 0, 15, 0, 26, 0, 0, 0, 15, 0, 0, : 16, 15, 25, 19, 15, 26, 15, 
292: 0, 17, 0, 0, 0, 0, 4, 15, 0, 15, 26, 0, 0, 15, 0, 16, 0, 0, 0, 22, : 17, 4, 15, 15, 26, 15, 16, 22, 


17: 0, 0, 0, 0, 0, 0, 0, 15, 15, 15, 0, 5, 0, 0, 0, 0, 0, 0, 0, 0, : 15, 15, 15, 5, 
222: 15, 0, 0, 0, 24, 0, 0, 0, 0, 16, 0, 0, 0, 0, 0, 0, 0, 20, 18, 22, : 15, 24, 16, 20, 18, 22, 
177: 2, 0, 0, 0, 0, 0, 28, 0, 0, 0, 0, 0, 0, 0, 15, 0, 0, 0, 15, 14, : 2, 28, 15, 15, 14, 
280: 19, 4, 0, 0, 0, 0, 16, 0, 15, 0, 0, 0, 15, 0, 0, 0, 15, 0, 0, 0, : 19, 4, 16, 15, 15, 15, 
159: 0, 0, 0, 15, 6, 0, 15, 0, 4, 0, 0, 15, 15, 0, 0, 0, 0, 0, 0, 0, : 15, 6, 15, 4, 15, 15, 
52: 0, 0, 0, 0, 0, 16, 0, 0, 0, 15, 18, 0, 15, 17, 15, 27, 15, 0, 20, 15, : 16, 15, 18, 15, 17, 15, 27, 15, 20, 15, 
78: 0, 0, 0, 0, 0, 20, 10, 0, 20, 0, 0, 16, 0, 0, 0, 8, 15, 0, 0, 0, : 20, 10, 20, 16, 8, 15, 
98: 15, 15, 0, 0, 0, 0, 0, 15, 15, 0, 15, 0, 0, 20, 0, 15, 0, 0, 0, 0, : 15, 15, 15, 15, 15, 20, 15, 
277: 0, 19, 15, 0, 17, 15, 0, 0, 16, 0, 0, 0, 0, 0, 15, 0, 0, 0, 0, 19, : 19, 15, 17, 15, 16, 15, 19, 
156: 0, 0, 15, 15, 0, 0, 0, 15, 0, 2, 0, 0, 0, 15, 0, 20, 18, 0, 0, 0, : 15, 15, 15, 2, 15, 20, 18, 
31: 0, 0, 0, 0, 0, 15, 0, 17, 0, 0, 0, 0, 0, 0, 0, 0, 0, 19, 15, 15, : 15, 17, 19, 15, 15, 
91: 0, 0, 0, 0, 0, 0, 0, 0, 0, 15, 15, 0, 0, 2, 0, 15, 17, 8, 0, 15, : 15, 15, 2, 15, 17, 8, 15, 
194: 0, 0, 0, 0, 18, 0, 0, 7, 0, 22, 15, 15, 0, 0, 15, 0, 5, 0, 15, 0, : 18, 7, 22, 15, 15, 15, 5, 15, 
262: 0, 22, 0, 21, 19, 0, 16, 0, 0, 0, 3, 0, 0, 15, 18, 0, 15, 0, 0, 0, : 22, 21, 19, 16, 3, 15, 18, 15, 
257: 0, 0, 27, 0, 0, 0, 15, 0, 0, 0, 0, 15, 0, 0, 0, 0, 0, 15, 0, 0, : 27, 15, 15, 15, 
284: 15, 0, 7, 19, 0, 0, 0, 0, 0, 0, 19, 16, 6, 15, 15, 0, 0, 0, 17, 0, : 15, 7, 19, 19, 16, 6, 15, 15, 17, 
117: 0, 0, 0, 0, 0, 15, 0, 16, 0, 15, 0, 0, 17, 0, 0, 0, 0, 0, 0, 0, : 15, 16, 15, 17, 
251: 18, 0, 15, 15, 0, 17, 0, 0, 0, 0, 0, 18, 17, 0, 0, 15, 0, 20, 0, 0, : 18, 15, 15, 17, 18, 17, 15, 20, 
112: 0, 25, 21, 15, 0, 0, 0, 0, 15, 0, 15, 0, 15, 16, 7, 0, 0, 18, 0, 0, : 25, 21, 15, 15, 15, 15, 16, 7, 18, 
232: 16, 15, 0, 0, 16, 2, 0, 15, 0, 0, 0, 0, 0, 0, 0, 0, 0, 0, 0, 0, : 16, 15, 16, 2, 15, 


254: 15, 0, 15, 0, 0, 0, 0, 10, 15, 0, 0, 0, 15, 0, 6, 15, 0, 0, 0, 18, : 15, 15, 10, 15, 15, 6, 15, 18, 
129: 0, 0, 0, 0, 25, 0, 0, 15, 10, 20, 15, 0, 0, 23, 0, 0, 0, 0, 15, 0, : 25, 15, 10, 20, 15, 23, 15, 
162: 0, 0, 0, 0, 15, 15, 21, 15, 15, 0, 15, 18, 0, 0, 15, 0, 0, 15, 0, 0, : 15, 15, 21, 15, 15, 15, 18, 15, 15, 
205: 1, 0, 0, 15, 0, 0, 0, 0, 0, 3, 0, 15, 0, 0, 0, 0, 15, 0, 0, 0, : 1, 15, 3, 15, 15, 
47: 32, 18, 0, 9, 0, 0, 15, 0, 0, 0, 0, 0, 15, 0, 17, 0, 10, 0, 0, 0, : 32, 18, 9, 15, 15, 17, 10, 
186: 0, 16, 8, 16, 0, 0, 15, 0, 0, 15, 0, 0, 0, 0, 0, 0, 0, 15, 0, 0, : 16, 8, 16, 15, 15, 15, 
183: 0, 0, 15, 15, 15, 19, 0, 0, 0, 0, 0, 0, 0, 0, 15, 0, 0, 0, 0, 0, : 15, 15, 15, 19, 15, 
199: 0, 0, 0, 0, 0, 0, 0, 0, 0, 0, 0, 0, 28, 0, 16, 15, 0, 0, 15, 0, : 28, 16, 15, 15, 
34: 15, 0, 0, 0, 15, 0, 0, 0, 0, 0, 0, 0, 18, 1, 0, 0, 0, 18, 15, 4, : 15, 15, 18, 1, 18, 15, 4, 
71: 0, 0, 15, 0, 15, 15, 0, 0, 15, 0, 0, 18, 0, 0, 0, 0, 0, 0, 0, 0, : 15, 15, 15, 15, 18, 
92: 16, 15, 0, 0, 0, 18, 0, 0, 0, 0, 0, 21, 16, 0, 0, 0, 0, 15, 0, 0, : 16, 15, 18, 21, 16, 15, 
287: 0, 0, 15, 15, 15, 0, 0, 15, 0, 0, 0, 0, 0, 15, 0, 18, 17, 0, 0, 15, : 15, 15, 15, 15, 15, 18, 17, 15, 
81: 0, 0, 0, 0, 0, 0, 0, 0, 0, 15, 15, 0, 0, 15, 0, 0, 0, 0, 15, 0, : 15, 15, 15, 15, 
228: 21, 21, 17, 0, 0, 0, 15, 15, 15, 0, 0, 0, 0, 15, 0, 0, 25, 0, 0, 15, : 21, 21, 17, 15, 15, 15, 15, 25, 15, 
54: 0, 15, 0, 0, 0, 16, 19, 0, 15, 0, 0, 0, 0, 0, 0, 22, 0, 7, 10, 0, : 15, 16, 19, 15, 22, 7, 10, 
193: 0, 0, 0, 0, 0, 17, 15, 0, 0, 15, 0, 0, 8, 0, 0, 15, 18, 30, 15, 0, : 17, 15, 15, 8, 15, 18, 30, 15, 
261: 0, 0, 15, 15, 0, 0, 0, 0, 0, 0, 14, 28, 0, 0, 0, 0, 0, 0, 15, 18, : 15, 15, 14, 28, 15, 18, 
283: 0, 0, 0, 0, 0, 0, 0, 15, 15, 0, 22, 0, 0, 16, 15, 0, 15, 0, 0, 15, : 15, 15, 22, 16, 15, 15, 15, 
37: 0, 0, 0, 0, 0, 0, 0, 15, 0, 17, 0, 0, 0, 15, 16, 0, 0, 0, 0, 15, : 15, 17, 15, 16, 15, 
58: 0, 15, 0, 15, 0, 0, 0, 0, 0, 15, 19, 0, 0, 0, 0, 15, 0, 0, 0, 0, : 15, 15, 15, 19, 15, 


281: 0, 5, 15, 0, 0, 0, 0, 15, 22, 0, 7, 0, 0, 0, 15, 18, 0, 0, 0, 8, : 5, 15, 15, 22, 7, 15, 18, 8, 
79: 0, 26, 0, 0, 0, 0, 0, 0, 0, 37, 15, 15, 0, 15, 15, 0, 0, 0, 0, 0, : 26, 37, 15, 15, 15, 15, 
107: 14, 0, 15, 0, 0, 15, 22, 27, 16, 0, 0, 0, 0, 0, 0, 0, 0, 16, 0, 0, : 14, 15, 15, 22, 27, 16, 16, 
161: 18, 0, 0, 0, 0, 0, 15, 0, 0, 0, 0, 15, 16, 0, 0, 16, 0, 28, 0, 0, : 18, 15, 15, 16, 16, 28, 
213: 15, 0, 17, 18, 0, 15, 0, 0, 0, 0, 0, 15, 0, 16, 0, 0, 0, 0, 36, 0, : 15, 17, 18, 15, 15, 16, 36, 
87: 0, 0, 15, 0, 0, 0, 15, 10, 0, 2, 15, 16, 15, 15, 0, 0, 0, 15, 28, 0, : 15, 15, 10, 2, 15, 16, 15, 15, 15, 28, 
150: 0, 0, 0, 15, 15, 0, 0, 0, 0, 0, 0, 0, 0, 0, 0, 2, 15, 0, 0, 15, : 15, 15, 2, 15, 15, 
147: 0, 0, 0, 0, 15, 0, 0, 15, 15, 0, 0, 0, 0, 0, 0, 0, 0, 0, 0, 15, : 15, 15, 15, 15, 
211: 16, 15, 0, 15, 23, 0, 0, 0, 15, 0, 0, 0, 0, 0, 0, 0, 16, 0, 0, 0, : 16, 15, 15, 23, 15, 16, 
268: 22, 0, 16, 0, 0, 15, 0, 0, 0, 15, 0, 4, 8, 0, 0, 17, 0, 0, 0, 0, : 22, 16, 15, 15, 4, 8, 17, 
68: 0, 0, 0, 21, 15, 0, 0, 0, 0, 0, 0, 0, 15, 21, 0, 17, 27, 5, 0, 15, : 21, 15, 15, 21, 17, 27, 5, 15, 
204: 0, 0, 0, 0, 0, 5, 0, 0, 0, 0, 0, 0, 0, 5, 15, 0, 0, 0, 0, 15, : 5, 5, 15, 15, 
110: 0, 16, 0, 15, 0, 15, 30, 0, 0, 0, 18, 0, 0, 0, 16, 0, 0, 0, 15, 0, : 16, 15, 15, 30, 18, 16, 15, 
243: 15, 0, 0, 0, 17, 0, 15, 0, 0, 0, 0, 0, 16, 0, 9, 15, 0, 0, 0, 0, : 15, 17, 15, 16, 9, 15, 
207: 0, 23, 0, 0, 0, 0, 0, 0, 2, 0, 15, 0, 0, 0, 0, 0, 10, 15, 17, 0, : 23, 2, 15, 10, 15, 17, 
122: 0, 0, 0, 0, 0, 15, 0, 0, 15, 0, 0, 0, 15, 0, 0, 0, 15, 0, 4, 17, : 15, 15, 15, 15, 4, 17, 
219: 0, 15, 22, 15, 15, 0, 0, 0, 0, 15, 30, 0, 0, 28, 0, 0, 17, 0, 0, 0, : 15, 22, 15, 15, 15, 30, 28, 17, 
141: 0, 0, 0, 0, 0, 20, 0, 15, 0, 0, 0, 15, 15, 0, 15, 0, 0, 21, 0, 0, : 20, 15, 15, 15, 15, 21, 
208: 0, 0, 0, 0, 0, 0, 0, 18, 15, 15, 0, 0, 0, 0, 0, 15, 0, 0, 0, 0, : 18, 15, 15, 15, 
144: 0, 0, 0, 1, 0, 0, 3, 0, 0, 16, 0, 20, 0, 0, 15, 0, 0, 0, 0, 15, : 1, 3, 16, 20, 15, 15, 


46: 0, 15, 16, 0, 0, 13, 0, 0, 0, 0, 0, 15, 0, 0, 0, 15, 15, 9, 0, 0, : 15, 16, 13, 15, 15, 15, 9, 
235: 16, 0, 20, 15, 0, 15, 0, 0, 0, 16, 0, 16, 0, 0, 0, 0, 0, 0, 0, 15, : 16, 20, 15, 15, 16, 16, 15, 
123: 0, 16, 0, 16, 0, 0, 0, 0, 0, 0, 15, 0, 0, 2, 0, 0, 0, 0, 0, 0, : 16, 16, 15, 2, 
12: 0, 0, 15, 0, 15, 0, 0, 0, 15, 0, 16, 0, 15, 15, 0, 0, 16, 0, 0, 0, : 15, 15, 15, 16, 15, 15, 16, 
224: 0, 0, 0, 27, 0, 0, 0, 0, 15, 15, 0, 0, 0, 0, 0, 6, 15, 15, 0, 15, : 27, 15, 15, 6, 15, 15, 15, 
40: 0, 15, 0, 0, 0, 15, 15, 0, 15, 0, 0, 20, 15, 18, 0, 0, 0, 0, 0, 15, : 15, 15, 15, 15, 20, 15, 18, 15, 
152: 0, 15, 0, 0, 16, 15, 0, 16, 15, 17, 15, 0, 15, 0, 0, 0, 15, 0, 18, 0, : 15, 16, 15, 16, 15, 17, 15, 15, 15, 18, 
188: 16, 2, 0, 0, 0, 0, 0, 0, 0, 0, 15, 0, 0, 0, 0, 17, 0, 16, 0, 0, : 16, 2, 15, 17, 16, 
170: 15, 0, 0, 16, 16, 0, 0, 9, 0, 0, 0, 0, 0, 0, 16, 0, 0, 0, 16, 0, : 15, 16, 16, 9, 16, 16, 
282: 0, 0, 0, 0, 0, 0, 16, 0, 15, 0, 0, 15, 0, 16, 0, 0, 0, 15, 0, 6, : 16, 15, 15, 16, 15, 6, 
49: 7, 0, 0, 0, 0, 0, 16, 0, 0, 0, 0, 0, 0, 0, 0, 16, 7, 0, 22, 0, : 7, 16, 16, 7, 22, 
90: 0, 0, 0, 0, 18, 0, 0, 0, 0, 0, 0, 4, 0, 0, 15, 0, 0, 15, 18, 16, : 18, 4, 15, 15, 18, 16, 
136: 15, 18, 0, 0, 0, 15, 0, 0, 0, 0, 15, 0, 0, 15, 0, 15, 0, 0, 0, 15, : 15, 18, 15, 15, 15, 15, 15, 
25: 0, 0, 24, 0, 17, 0, 5, 0, 16, 0, 8, 15, 0, 0, 0, 0, 0, 0, 10, 0, : 24, 17, 5, 16, 8, 15, 10, 
264: 0, 0, 0, 9, 0, 0, 15, 0, 0, 16, 0, 0, 15, 0, 0, 15, 0, 0, 0, 0, : 9, 15, 16, 15, 15, 
209: 0, 0, 25, 17, 2, 0, 0, 15, 0, 0, 0, 0, 0, 0, 15, 0, 15, 15, 0, 0, : 25, 17, 2, 15, 15, 15, 15, 
138: 0, 19, 0, 0, 16, 0, 15, 22, 0, 21, 16, 0, 16, 19, 15, 16, 0, 15, 0, 0, : 19, 16, 15, 22, 21, 16, 16, 19, 15, 16, 15, 
167: 0, 0, 0, 0, 0, 0, 0, 23, 0, 0, 0, 0, 16, 15, 24, 0, 0, 0, 0, 0, : 23, 16, 15, 24, 
10: 16, 0, 0, 0, 0, 0, 0, 15, 9, 15, 0, 15, 0, 0, 15, 0, 17, 0, 16, 18, : 16, 15, 9, 15, 15, 15, 17, 16, 18, 
7: 15, 0, 0, 0, 0, 27, 18, 0, 0, 0, 0, 0, 8, 0, 0, 0, 0, 0, 0, 0, : 15, 27, 18, 8, 


169: 0, 8, 0, 0, 0, 0, 18, 0, 0, 0, 0, 0, 15, 16, 16, 15, 22, 0, 0, 10, : 8, 18, 15, 16, 16, 15, 22, 10, 
173: 15, 15, 15, 0, 0, 0, 16, 0, 0, 0, 0, 0, 8, 15, 0, 21, 8, 0, 0, 15, : 15, 15, 15, 16, 8, 15, 21, 8, 15, 
241: 10, 0, 14, 0, 15, 0, 0, 0, 0, 0, 0, 15, 0, 0, 0, 15, 0, 0, 0, 0, : 10, 14, 15, 15, 15, 
180: 15, 0, 0, 0, 0, 0, 5, 0, 0, 0, 0, 0, 0, 0, 16, 0, 0, 17, 0, 0, : 15, 5, 16, 17, 
1: 15, 16, 0, 0, 17, 0, 15, 0, 0, 0, 0, 15, 15, 0, 0, 0, 17, 0, 15, 0, : 15, 16, 17, 15, 15, 15, 17, 15, 
124: 0, 0, 20, 0, 0, 0, 0, 21, 0, 0, 15, 0, 15, 0, 15, 0, 0, 0, 0, 0, : 20, 21, 15, 15, 15, 
247: 0, 0, 0, 0, 0, 0, 0, 15, 0, 17, 15, 16, 15, 19, 0, 15, 0, 0, 18, 15, : 15, 17, 15, 16, 15, 19, 15, 18, 15, 
265: 0, 15, 15, 0, 0, 20, 0, 19, 0, 0, 15, 0, 0, 0, 15, 0, 0, 20, 15, 15, : 15, 15, 20, 19, 15, 15, 20, 15, 15, 
226: 0, 0, 0, 0, 0, 15, 0, 0, 3, 0, 15, 0, 15, 0, 8, 0, 0, 15, 0, 0, : 15, 3, 15, 15, 8, 15, 
288: 0, 0, 0, 0, 0, 0, 0, 0, 0, 17, 0, 13, 0, 0, 0, 15, 0, 0, 5, 15, : 17, 13, 15, 5, 15, 
270: 15, 15, 0, 1, 0, 0, 0, 0, 15, 0, 0, 16, 0, 0, 0, 15, 0, 0, 15, 0, : 15, 15, 1, 15, 16, 15, 15, 
178: 0, 0, 0, 35, 0, 5, 30, 0, 0, 15, 15, 0, 0, 18, 0, 0, 0, 18, 0, 0, : 35, 5, 30, 15, 15, 18, 18, 
118: 0, 0, 0, 15, 0, 15, 0, 15, 0, 20, 0, 0, 0, 0, 0, 0, 0, 0, 0, 15, : 15, 15, 15, 20, 15, 
75: 0, 15, 0, 0, 9, 0, 0, 0, 20, 0, 15, 0, 17, 0, 0, 0, 0, 0, 15, 0, : 15, 9, 20, 15, 17, 15, 
73: 15, 0, 21, 0, 27, 0, 16, 13, 0, 0, 0, 0, 0, 17, 0, 0, 23, 0, 17, 0, : 15, 21, 27, 16, 13, 17, 23, 17, 
294: 0, 0, 0, 18, 0, 15, 0, 0, 0, 0, 10, 0, 0, 15, 0, 0, 0, 0, 0, 0, : 18, 15, 10, 15, 
234: 0, 0, 0, 16, 17, 15, 0, 0, 15, 15, 0, 0, 0, 0, 0, 0, 0, 0, 0, 0, : 16, 17, 15, 15, 15, 
197: 15, 0, 15, 0, 0, 0, 0, 0, 16, 0, 0, 0, 0, 0, 0, 0, 15, 15, 0, 0, : 15, 15, 16, 15, 15, 
57: 0, 0, 0, 0, 0, 15, 0, 0, 0, 0, 0, 0, 0, 0, 15, 0, 15, 0, 0, 0, : 15, 15, 15, 
15: 0, 16, 0, 15, 15, 0, 0, 17, 31, 16, 0, 25, 0, 0, 15, 4, 0, 15, 0, 15, : 16, 15, 15, 17, 31, 16, 25, 15, 4, 15, 15, 


56: 0, 15, 0, 0, 15, 16, 0, 9, 0, 0, 0, 31, 15, 0, 0, 0, 0, 0, 0, 0, : 15, 15, 16, 9, 31, 15, 
99: 0, 7, 0, 0, 0, 0, 6, 16, 15, 0, 0, 15, 0, 35, 0, 0, 0, 15, 15, 0, : 7, 6, 16, 15, 15, 35, 15, 15, 
67: 21, 0, 0, 0, 0, 11, 0, 0, 4, 15, 16, 0, 0, 0, 21, 0, 0, 0, 0, 0, : 21, 11, 4, 15, 16, 21, 
83: 15, 15, 0, 0, 0, 0, 0, 0, 0, 16, 0, 0, 0, 0, 0, 0, 15, 15, 0, 0, : 15, 15, 16, 15, 15, 
191: 0, 15, 19, 0, 0, 15, 0, 0, 0, 0, 0, 0, 0, 0, 22, 0, 0, 0, 0, 15, : 15, 19, 15, 22, 15, 
113: 0, 0, 0, 15, 20, 0, 18, 0, 0, 0, 0, 0, 0, 0, 0, 0, 16, 0, 20, 15, : 15, 20, 18, 16, 20, 15, 
286: 0, 0, 15, 2, 0, 0, 15, 0, 31, 0, 0, 0, 15, 0, 0, 0, 0, 0, 0, 0, : 15, 2, 15, 31, 15, 
97: 0, 0, 15, 0, 0, 0, 0, 15, 15, 0, 0, 15, 0, 0, 0, 0, 0, 19, 0, 0, : 15, 15, 15, 15, 19, 
59: 0, 0, 16, 0, 16, 26, 0, 15, 0, 0, 0, 0, 15, 0, 15, 16, 0, 15, 35, 0, : 16, 16, 26, 15, 15, 15, 16, 15, 35, 
100: 0, 0, 0, 0, 0, 0, 16, 15, 0, 0, 0, 0, 1, 0, 0, 8, 0, 0, 0, 8, : 16, 15, 1, 8, 8, 
119: 0, 15, 0, 0, 0, 15, 0, 0, 0, 0, 24, 0, 0, 0, 0, 28, 0, 0, 0, 15, : 15, 15, 24, 28, 15, 
223: 8, 0, 0, 0, 0, 0, 0, 15, 20, 0, 0, 0, 0, 0, 0, 0, 0, 19, 15, 0, : 8, 15, 20, 19, 15, 
105: 0, 0, 0, 0, 20, 0, 15, 0, 0, 15, 0, 15, 0, 18, 0, 0, 16, 0, 0, 0, : 20, 15, 15, 15, 18, 16, 
51: 0, 0, 0, 0, 0, 0, 0, 15, 0, 23, 0, 0, 0, 18, 0, 0, 0, 0, 0, 17, : 15, 23, 18, 17, 
174: 26, 18, 0, 0, 0, 17, 0, 0, 0, 16, 27, 0, 20, 15, 0, 15, 15, 2, 0, 0, : 26, 18, 17, 16, 27, 20, 15, 15, 15, 2, 
8: 0, 0, 15, 20, 15, 0, 0, 0, 0, 15, 0, 0, 18, 0, 0, 0, 8, 0, 0, 0, : 15, 20, 15, 15, 18, 8, 
80: 15, 0, 0, 16, 0, 0, 0, 0, 0, 0, 17, 18, 16, 0, 0, 0, 0, 0, 0, 15, : 15, 16, 17, 18, 16, 15, 
260: 0, 0, 0, 15, 14, 0, 0, 0, 0, 0, 0, 6, 0, 0, 0, 15, 0, 15, 0, 0, : 15, 14, 6, 15, 15, 
65: 15, 15, 0, 17, 0, 0, 15, 0, 0, 0, 0, 0, 0, 14, 31, 18, 15, 0, 0, 15, : 15, 15, 17, 15, 14, 31, 18, 15, 15, 
30: 0, 0, 20, 15, 0, 0, 15, 0, 15, 0, 16, 0, 0, 0, 11, 0, 15, 0, 15, 0, : 20, 15, 15, 15, 16, 11, 15, 15, 


86: 0, 0, 0, 0, 0, 15, 0, 0, 0, 0, 0, 0, 0, 15, 0, 0, 0, 0, 15, 0, : 15, 15, 15, 
19: 18, 0, 0, 0, 0, 0, 0, 0, 0, 0, 0, 16, 15, 15, 15, 0, 15, 0, 0, 0, : 18, 16, 15, 15, 15, 15, 
85: 0, 24, 15, 15, 15, 15, 0, 15, 15, 0, 9, 0, 0, 0, 0, 0, 15, 15, 0, 0, : 24, 15, 15, 15, 15, 15, 15, 9, 15, 15, 
272: 0, 0, 0, 0, 0, 15, 15, 0, 18, 0, 0, 0, 0, 0, 0, 0, 20, 0, 0, 0, : 15, 15, 18, 20, 
128: 3, 15, 0, 15, 0, 0, 15, 0, 0, 15, 0, 0, 0, 0, 0, 0, 16, 0, 0, 0, : 3, 15, 15, 15, 15, 16, 
69: 0, 0, 0, 0, 17, 0, 0, 0, 0, 0, 23, 0, 0, 15, 0, 0, 0, 24, 0, 0, : 17, 23, 15, 24, 
242: 15, 15, 0, 0, 0, 0, 0, 15, 0, 0, 0, 0, 0, 15, 15, 0, 0, 15, 17, 0, : 15, 15, 15, 15, 15, 15, 17, 
290: 0, 15, 9, 15, 8, 0, 0, 0, 0, 0, 15, 0, 15, 0, 0, 0, 0, 0, 16, 0, : 15, 9, 15, 8, 15, 15, 16, 
239: 0, 0, 15, 0, 0, 7, 0, 2, 15, 0, 0, 22, 0, 0, 0, 17, 0, 0, 0, 0, : 15, 7, 2, 15, 22, 17, 
76: 0, 0, 0, 0, 0, 0, 22, 20, 15, 15, 0, 17, 0, 0, 13, 0, 0, 15, 0, 18, : 22, 20, 15, 15, 17, 13, 15, 18, 
145: 0, 16, 15, 0, 0, 0, 0, 0, 15, 15, 0, 0, 0, 0, 0, 15, 16, 0, 17, 15, : 16, 15, 15, 15, 15, 16, 17, 15, 
201: 0, 15, 0, 10, 0, 15, 16, 15, 7, 0, 0, 0, 18, 0, 0, 12, 3, 0, 0, 19, : 15, 10, 15, 16, 15, 7, 18, 12, 3, 19, 
240: 15, 0, 15, 15, 0, 17, 0, 18, 0, 16, 0, 0, 0, 0, 0, 0, 0, 0, 0, 17, : 15, 15, 15, 17, 18, 16, 17, 
125: 19, 0, 0, 0, 0, 0, 0, 0, 0, 15, 18, 0, 0, 15, 0, 15, 0, 0, 0, 15, : 19, 15, 18, 15, 15, 15, 
237: 0, 0, 15, 0, 0, 0, 0, 0, 0, 0, 15, 15, 0, 0, 19, 0, 0, 15, 0, 0, : 15, 15, 15, 19, 15, 
275: 0, 0, 16, 15, 15, 0, 0, 0, 0, 2, 0, 15, 8, 16, 23, 0, 0, 0, 0, 0, : 16, 15, 15, 2, 15, 8, 16, 23, 
89: 0, 0, 0, 0, 15, 0, 0, 0, 0, 22, 0, 0, 29, 0, 15, 26, 0, 0, 15, 0, : 15, 22, 29, 15, 26, 15, 
221: 15, 0, 0, 15, 15, 0, 16, 15, 0, 0, 0, 15, 0, 0, 0, 0, 0, 0, 2, 0, : 15, 15, 15, 16, 15, 15, 2, 
252: 0, 0, 0, 0, 15, 16, 0, 0, 15, 0, 20, 0, 0, 9, 0, 15, 0, 0, 0, 0, : 15, 16, 15, 20, 9, 15, 
279: 15, 0, 0, 0, 0, 0, 16, 0, 0, 0, 0, 0, 15, 0, 0, 0, 15, 16, 18, 16, : 15, 16, 15, 15, 16, 18, 16, 


206: 0, 15, 0, 0, 0, 0, 0, 0, 0, 15, 0, 0, 0, 0, 0, 15, 0, 19, 0, 0, : 15, 15, 15, 19, 
50: 0, 0, 0, 19, 0, 0, 0, 16, 0, 0, 0, 0, 0, 0, 15, 15, 0, 0, 0, 0, : 19, 16, 15, 15, 
155: 0, 0, 20, 0, 13, 15, 0, 15, 0, 0, 0, 0, 0, 0, 0, 0, 15, 24, 15, 15, : 20, 13, 15, 15, 15, 24, 15, 15, 
41: 15, 0, 15, 0, 0, 26, 0, 0, 15, 0, 15, 3, 24, 0, 0, 0, 22, 0, 0, 0, : 15, 15, 26, 15, 15, 3, 24, 22, 
103: 0, 0, 26, 0, 0, 0, 16, 0, 0, 0, 0, 15, 0, 15, 0, 0, 0, 0, 15, 15, : 26, 16, 15, 15, 15, 15, 
229: 0, 16, 15, 22, 19, 0, 0, 0, 0, 0, 0, 0, 0, 0, 15, 0, 0, 0, 0, 0, : 16, 15, 22, 19, 15, 
33: 15, 19, 0, 15, 0, 0, 0, 7, 0, 0, 15, 15, 0, 0, 0, 17, 0, 0, 0, 0, : 15, 19, 15, 7, 15, 15, 17, 
154: 0, 0, 15, 0, 0, 12, 0, 0, 15, 0, 0, 0, 15, 0, 15, 15, 0, 0, 0, 0, : 15, 12, 15, 15, 15, 15, 
225: 15, 17, 0, 0, 0, 0, 0, 0, 0, 15, 15, 0, 0, 15, 0, 0, 0, 0, 0, 0, : 15, 17, 15, 15, 15, 
273: 0, 0, 0, 0, 18, 0, 21, 22, 0, 0, 0, 0, 15, 0, 0, 0, 0, 0, 20, 0, : 18, 21, 22, 15, 20, 
182: 0, 0, 0, 16, 0, 0, 0, 25, 0, 0, 5, 17, 0, 0, 15, 7, 0, 0, 17, 15, : 16, 25, 5, 17, 15, 7, 17, 15, 
231: 0, 0, 0, 0, 0, 0, 0, 0, 0, 0, 35, 0, 15, 15, 0, 0, 15, 15, 0, 15, : 35, 15, 15, 15, 15, 15, 
29: 15, 0, 0, 0, 0, 0, 3, 0, 15, 0, 15, 0, 0, 0, 0, 0, 0, 15, 0, 0, : 15, 3, 15, 15, 15, 
175: 7, 0, 0, 0, 0, 0, 15, 0, 15, 15, 0, 0, 15, 0, 15, 16, 29, 0, 0, 0, : 7, 15, 15, 15, 15, 15, 16, 29, 
250: 15, 0, 0, 0, 0, 0, 15, 0, 0, 16, 0, 0, 15, 0, 0, 0, 0, 0, 0, 0, : 15, 15, 16, 15, 
96: 0, 0, 0, 0, 19, 15, 15, 0, 10, 24, 0, 0, 1, 0, 0, 0, 0, 0, 18, 15, : 19, 15, 15, 10, 24, 1, 18, 15, 
137: 18, 15, 0, 0, 16, 0, 0, 0, 15, 0, 0, 15, 0, 15, 0, 0, 0, 0, 0, 10, : 18, 15, 16, 15, 15, 15, 10, 
20: 0, 0, 0, 13, 0, 0, 15, 0, 0, 0, 0, 20, 0, 15, 15, 0, 0, 0, 15, 15, : 13, 15, 20, 15, 15, 15, 15, 
196: 0, 3, 0, 15, 0, 17, 0, 0, 0, 15, 0, 0, 0, 10, 0, 0, 0, 15, 0, 0, : 3, 15, 17, 15, 10, 15, 
300: 0, 15, 9, 0, 15, 15, 0, 15, 15, 0, 0, 15, 0, 15, 10, 15, 19, 12, 0, 0, : 15, 9, 15, 15, 15, 15, 15, 15, 10, 15, 19, 12, 


4: 10, 0, 15, 13, 2, 0, 0, 0, 15, 0, 0, 29, 0, 15, 0, 0, 0, 22, 0, 19, : 10, 15, 13, 2, 15, 29, 15, 22, 19, 
244: 0, 0, 15, 0, 15, 15, 15, 0, 0, 0, 20, 0, 0, 0, 22, 0, 0, 0, 0, 0, : 15, 15, 15, 15, 20, 22, 
172: 0, 0, 15, 0, 0, 0, 0, 0, 0, 18, 0, 0, 0, 0, 0, 0, 18, 0, 32, 0, : 15, 18, 18, 32, 
102: 0, 0, 0, 0, 0, 0, 15, 0, 15, 0, 0, 0, 18, 0, 15, 0, 0, 0, 0, 0, : 15, 15, 18, 15, 
153: 15, 0, 16, 23, 0, 0, 15, 15, 0, 0, 0, 0, 0, 18, 0, 0, 0, 14, 0, 15, : 15, 16, 23, 15, 15, 18, 14, 15, 
127: 0, 0, 8, 0, 0, 0, 0, 15, 0, 0, 15, 0, 0, 0, 0, 0, 15, 0, 0, 15, : 8, 15, 15, 15, 15, 
214: 0, 19, 0, 15, 0, 0, 0, 0, 15, 0, 19, 15, 0, 15, 0, 15, 10, 0, 15, 0, : 19, 15, 15, 19, 15, 15, 15, 10, 15, 
53: 15, 0, 0, 0, 0, 0, 15, 0, 0, 0, 0, 0, 22, 0, 0, 19, 0, 0, 0, 0, : 15, 15, 22, 19, 
149: 0, 0, 0, 15, 0, 15, 0, 0, 0, 0, 0, 15, 0, 0, 16, 0, 0, 0, 0, 0, : 15, 15, 15, 16, 
216: 0, 4, 0, 0, 0, 0, 0, 15, 8, 15, 0, 0, 15, 23, 0, 18, 0, 0, 0, 0, : 4, 15, 8, 15, 15, 23, 18, 
93: 16, 0, 0, 0, 15, 23, 15, 7, 17, 0, 0, 6, 0, 15, 15, 15, 0, 0, 0, 3, : 16, 15, 23, 15, 7, 17, 6, 15, 15, 15, 3, 
248: 0, 30, 15, 0, 0, 16, 0, 0, 0, 21, 19, 0, 24, 14, 0, 0, 0, 0, 0, 0, : 30, 15, 16, 21, 19, 24, 14, 
146: 0, 0, 0, 0, 17, 0, 0, 0, 0, 1, 0, 0, 0, 0, 0, 0, 0, 15, 15, 0, : 17, 1, 15, 15, 
43: 0, 0, 16, 0, 20, 0, 0, 15, 0, 15, 0, 15, 0, 0, 1, 0, 0, 18, 0, 16, : 16, 20, 15, 15, 15, 1, 18, 16, 
35: 16, 0, 0, 0, 0, 0, 16, 16, 0, 0, 0, 0, 0, 0, 0, 0, 0, 16, 0, 0, : 16, 16, 16, 16, 
227: 0, 0, 0, 0, 0, 0, 0, 0, 0, 0, 15, 0, 0, 0, 0, 15, 27, 0, 0, 0, : 15, 15, 27, 
48: 0, 0, 0, 18, 0, 15, 0, 0, 0, 0, 0, 0, 0, 0, 0, 18, 15, 15, 16, 17, : 18, 15, 18, 15, 15, 16, 17, 
32: 28, 16, 0, 0, 15, 1, 9, 0, 15, 15, 12, 20, 6, 0, 15, 0, 0, 0, 15, 15, : 28, 16, 15, 1, 9, 15, 15, 12, 20, 6, 15, 15, 15, 
269: 0, 15, 0, 0, 0, 15, 0, 17, 15, 15, 0, 0, 15, 0, 0, 0, 0, 0, 0, 0, : 15, 15, 17, 15, 15, 15, 
179: 0, 16, 0, 16, 16, 0, 0, 0, 0, 0, 0, 0, 0, 0, 16, 0, 15, 0, 7, 0, : 16, 16, 16, 16, 15, 7, 


