
200
100
100
5

49: 25, 0, 0, 0, 0, 15, 0, 0, 15, 8, 0, 16, 0, 0, 15, 0, 0, 0, 15, 0, 0, 0, 0, 0, 18, 15, 0, 0, 0, 0, 0, 4, 2, 5, 0, 0, 15, 0, 0, 15, 15, 15, 0, 0, 0, 0, 0, 15, 0, 0, 15, 0, 0, 0, 0, 0, 0, 15, 0, 0, 15, 0, 15, 0, 0, 15, 19, 0, 0, 0, 0, 0, 0, 0, 0, 0, 0, 0, 7, 16, 0, 15, 0, 0, 0, 16, 15, 0, 0, 15, 0, 0, 0, 0, 15, 3, 28, 0, 0, 0, 18, 0, 0, 15, 0, 0, 0, 0, 16, 0, 0, 0, 0, 15, 0, 0, 6, 15, 0, 0, 0, 0, 0, 0, 0, 0, 15, 0, 0, 0, 0, 0, 0, 0, 17, 0, 0, 0, 15, 0, 7, 0, 0, 0, 15, 18, 16, 0, 0, 0, 0, 0, 0, 0, 0, 0, 0, 0, 0, 0, 0, 0, 0, 0, 0, 0, 0, 0, 0, 16, 0, 0, 0, 0, 0, 0, 0, 0, 0, 17, 0, 6, 0, 0, 0, 15, 17, 15, 0, 0, 0, 0, 17, 0, 0, 0, 0, 15, 0, 27, : 25, 15, 15, 8, 16, 15, 15, 18, 15, 4, 2, 5, 15, 15, 15, 15, 15, 15, 15, 15, 15, 15, 19, 7, 16, 15, 16, 15, 15, 15, 3, 28, 18, 15, 16, 15, 6, 15, 15, 17, 15, 7, 15, 18, 16, 16, 17, 6, 15, 17, 15, 17, 15, 27, 
23: 0, 0, 15, 15, 0, 0, 0, 0, 0, 0, 0, 0, 0, 15, 11, 0, 15, 0, 0, 0, 19, 0, 15, 16, 0, 16, 0, 15, 0, 0, 15, 0, 15, 0, 0, 0, 0, 17, 0, 0, 0, 0, 0, 0, 0, 7, 15, 21, 0, 7, 0, 15, 0, 18, 15, 15, 15, 0, 0, 0, 0, 12, 0, 0, 0, 25, 0, 15, 2, 0, 0, 15, 0, 0, 0, 15, 15, 0, 0, 15, 0, 20, 0, 0, 0, 15, 0, 0, 0, 0, 0, 15, 15, 24, 0, 15, 0, 0, 0, 16, 0, 0, 0, 0, 0, 0, 0, 0, 0, 17, 19, 0, 15, 15, 0, 18, 16, 0, 0, 0, 0, 0, 15, 0, 0, 7, 0, 15, 0, 0, 0, 16, 0, 0, 0, 0, 36, 16, 0, 0, 15, 0, 0, 15, 0, 0, 0, 0, 15, 15, 0, 20, 0, 17, 15, 15, 0, 0, 15, 16, 0, 4, 0, 0, 0, 0, 0, 15, 15, 0, 0, 16, 0, 0, 0, 18, 0, 0, 16, 0, 16, 0, 0, 0, 0, 15, 0, 0, 0, 0, 0, 0, 0, 19, 0, 0, 19, 0, 0, 15, : 15, 15, 15, 11, 15, 19, 15, 16, 16, 15, 15, 15, 17, 7, 15, 21, 7, 15, 18, 15, 15, 15, 12, 25, 15, 2, 15, 15, 15, 15, 20, 15, 15, 15, 24, 15, 16, 17, 19, 15, 15, 18, 16, 15, 7, 15, 16, 36, 16, 15, 15, 15, 15, 20, 17, 15, 15, 15, 16, 4, 15, 15, 16, 18, 16, 16, 15, 19, 19, 15, 
56: 0, 0, 0, 0, 0, 0, 15, 0, 18, 0, 0, 0, 0, 4, 0, 15, 0, 31, 0, 0, 0, 0, 0, 15, 16, 15, 0, 0, 0, 0, 0, 15, 0, 18, 15, 15, 0, 0, 0, 0, 0, 0, 0, 16, 15, 0, 16, 15, 0, 0, 23, 16, 0, 29, 0, 0, 0, 15, 0, 0, 15, 0, 15, 0, 15, 0, 0, 0, 15, 29, 17, 15, 0, 15, 0, 0, 0, 0, 0, 0, 21, 0, 2, 24, 22, 16, 0, 0, 1, 15, 0, 0, 0, 0, 0, 0, 22, 0, 15, 17, 0, 0, 0, 0, 0, 0, 0, 32, 15, 15, 0, 0, 0, 0, 0, 0, 0, 0, 0, 16, 0, 0, 0, 0, 0, 0, 0, 0, 15, 0, 0, 19, 16, 0, 0, 0, 0, 0, 0, 0, 0, 15, 15, 23, 0, 0, 0, 0, 0, 0, 0, 0, 3, 0, 0, 0, 15, 16, 18, 0, 15, 0, 5, 20, 23, 0, 0, 15, 0, 0, 0, 0, 15, 17, 0, 16, 17, 0, 0, 0, 0, 0, 12, 15, 0, 0, 15, 15, 0, 15, 0, 17, 0, 0, 0, 0, 0, 0, 0, 0, : 15, 18, 4, 15, 31, 15, 16, 15, 15, 18, 15, 15, 16, 15, 16, 15, 23, 16, 29, 15, 15, 15, 15, 15, 29, 17, 15, 15, 21, 2, 24, 22, 16, 1, 15, 22, 15, 17, 32, 15, 15, 16, 15, 19, 16, 15, 15, 23, 3, 15, 16, 18, 15, 5, 20, 23, 15, 15, 17, 16, 17, 12, 15, 15, 15, 15, 17, 
71: 0, 6, 0, 0, 0, 0, 16, 34, 0, 0, 0, 0, 19, 15, 0, 0, 0, 0, 0, 0, 0, 8, 9, 0, 16, 0, 0, 15, 0, 0, 0, 0, 0, 0, 15, 0, 0, 15, 0, 24, 0, 0, 4, 0, 10, 0, 16, 15, 0, 15, 0, 0, 0, 0, 9, 0, 15, 0, 26, 0, 15, 0, 0, 15, 0, 0, 0, 0, 20, 16, 0, 0, 0, 15, 0, 15, 12, 15, 0, 15, 0, 15, 16, 0, 0, 15, 0, 0, 15, 16, 0, 0, 0, 16, 0, 15, 0, 0, 0, 0, 0, 0, 0, 0, 0, 16, 0, 0, 1, 0, 0, 0, 0, 0, 0, 0, 17, 0, 0, 0, 0, 0, 0, 14, 0, 0, 0, 0, 0, 0, 0, 0, 0, 0, 0, 9, 0, 15, 0, 0, 17, 17, 0, 0, 0, 0, 0, 19, 37, 17, 0, 0, 15, 13, 0, 0, 0, 0, 17, 0, 15, 0, 16, 0, 0, 0, 0, 16, 0, 0, 0, 0, 15, 0, 15, 0, 0, 15, 0, 0, 15, 15, 0, 0, 0, 0, 0, 0, 0, 0, 0, 0, 15, 0, 0, 0, 0, 0, 0, 0, : 6, 16, 34, 19, 15, 8, 9, 16, 15, 15, 15, 24, 4, 10, 16, 15, 15, 9, 15, 26, 15, 15, 20, 16, 15, 15, 12, 15, 15, 15, 16, 15, 15, 16, 16, 15, 16, 1, 17, 14, 9, 15, 17, 17, 19, 37, 17, 15, 13, 17, 15, 16, 16, 15, 15, 15, 15, 15, 15, 
31: 0, 15, 0, 15, 15, 0, 0, 16, 0, 0, 0, 0, 0, 0, 0, 18, 0, 0, 15, 15, 0, 15, 0, 0, 0, 0, 0, 0, 0, 0, 0, 0, 0, 0, 16, 0, 0, 0, 15, 0, 15, 0, 0, 15, 0, 27, 0, 0, 0, 16, 0, 15, 6, 0, 0, 0, 0, 0, 11, 15, 0, 0, 0, 15, 17, 15, 0, 0, 0, 0, 0, 16, 0, 0, 18, 0, 0, 16, 0, 9, 0, 0, 0, 1, 15, 0, 15, 0, 0, 0, 0, 0, 0, 0, 15, 17, 0, 0, 0, 15, 0, 0, 23, 18, 10, 15, 0, 0, 16, 0, 0, 0, 0, 0, 0, 27, 0, 0, 15, 0, 0, 0, 15, 19, 0, 15, 0, 24, 17, 15, 0, 28, 0, 16, 15, 0, 15, 0, 29, 32, 16, 0, 0, 15, 15, 15, 15, 19, 0, 0, 0, 15, 0, 0, 33, 0, 15, 15, 0, 0, 15, 0, 0, 0, 0, 15, 0, 0, 0, 0, 0, 16, 0, 0, 0, 0, 0, 16, 0, 17, 0, 16, 0, 0, 0, 10, 16, 0, 0, 15, 0, 0, 15, 15, 15, 0, 15, 0, 0, 0, : 15, 15, 15, 16, 18, 15, 15, 15, 16, 15, 15, 15, 27, 16, 15, 6, 11, 15, 15, 17, 15, 16, 18, 16, 9, 1, 15, 15, 15, 17, 15, 23, 18, 10, 15, 16, 27, 15, 15, 19, 15, 24, 17, 15, 28, 16, 15, 15, 29, 32, 16, 15, 15, 15, 15, 19, 15, 33, 15, 15, 15, 15, 16, 16, 17, 16, 10, 16, 15, 15, 15, 15, 15, 
68: 0, 19, 0, 0, 0, 7, 0, 15, 0, 15, 15, 0, 0, 0, 0, 15, 19, 19, 0, 0, 0, 0, 0, 0, 0, 0, 0, 0, 0, 24, 18, 0, 0, 0, 15, 0, 0, 0, 6, 16, 0, 0, 0, 15, 0, 0, 0, 15, 14, 0, 0, 0, 15, 0, 0, 0, 0, 15, 0, 0, 7, 0, 15, 0, 15, 0, 17, 0, 15, 0, 0, 0, 0, 0, 0, 0, 0, 0, 0, 0, 0, 0, 0, 0, 0, 0, 0, 0, 15, 0, 0, 16, 0, 15, 0, 0, 15, 19, 0, 0, 15, 18, 0, 0, 16, 0, 15, 0, 0, 15, 0, 0, 16, 0, 15, 0, 0, 0, 0, 20, 0, 0, 0, 0, 0, 18, 0, 0, 15, 0, 15, 0, 0, 0, 0, 16, 0, 15, 8, 0, 0, 0, 0, 0, 16, 0, 17, 0, 0, 15, 0, 15, 0, 16, 0, 0, 15, 0, 15, 0, 0, 15, 0, 0, 0, 15, 15, 0, 0, 0, 16, 15, 0, 17, 0, 15, 26, 0, 15, 0, 0, 0, 0, 0, 0, 0, 16, 25, 16, 0, 0, 15, 0, 1, 0, 0, 0, 0, 0, 0, : 19, 7, 15, 15, 15, 15, 19, 19, 24, 18, 15, 6, 16, 15, 15, 14, 15, 15, 7, 15, 15, 17, 15, 15, 16, 15, 15, 19, 15, 18, 16, 15, 15, 16, 15, 20, 18, 15, 15, 16, 15, 8, 16, 17, 15, 15, 16, 15, 15, 15, 15, 15, 16, 15, 17, 15, 26, 15, 16, 25, 16, 15, 1, 
93: 8, 0, 24, 0, 0, 0, 22, 0, 0, 0, 0, 0, 0, 0, 15, 15, 0, 0, 0, 0, 15, 0, 0, 20, 0, 15, 0, 0, 0, 25, 0, 0, 0, 0, 9, 0, 0, 21, 0, 0, 0, 15, 15, 0, 15, 0, 15, 0, 0, 0, 16, 0, 0, 0, 0, 16, 0, 0, 15, 0, 15, 0, 0, 9, 0, 0, 0, 0, 0, 15, 0, 0, 0, 0, 0, 0, 15, 0, 0, 15, 0, 0, 0, 15, 15, 15, 0, 0, 0, 0, 0, 0, 15, 20, 0, 0, 0, 0, 0, 15, 15, 12, 0, 17, 15, 15, 15, 0, 0, 0, 0, 0, 15, 0, 16, 0, 0, 0, 0, 10, 15, 0, 24, 15, 0, 0, 15, 0, 0, 0, 0, 0, 17, 0, 0, 0, 0, 0, 0, 0, 0, 0, 15, 0, 0, 0, 0, 0, 0, 0, 17, 0, 0, 0, 0, 15, 15, 5, 17, 0, 0, 0, 0, 15, 15, 0, 0, 0, 0, 0, 0, 0, 0, 0, 0, 0, 0, 0, 15, 0, 15, 0, 0, 15, 0, 15, 21, 0, 0, 0, 16, 0, 0, 0, 0, 0, 0, 0, 0, 0, : 8, 24, 22, 15, 15, 15, 20, 15, 25, 9, 21, 15, 15, 15, 15, 16, 16, 15, 15, 9, 15, 15, 15, 15, 15, 15, 15, 20, 15, 15, 12, 17, 15, 15, 15, 15, 16, 10, 15, 24, 15, 15, 17, 15, 17, 15, 15, 5, 17, 15, 15, 15, 15, 15, 15, 21, 16, 
13: 0, 15, 0, 0, 0, 0, 0, 15, 0, 0, 20, 0, 0, 0, 0, 19, 0, 0, 0, 0, 0, 15, 16, 34, 18, 0, 15, 0, 8, 34, 0, 0, 17, 15, 0, 0, 0, 0, 15, 0, 0, 0, 15, 0, 15, 0, 0, 0, 15, 0, 0, 15, 0, 0, 0, 3, 15, 0, 0, 15, 0, 20, 0, 0, 15, 0, 0, 0, 18, 0, 0, 0, 0, 0, 0, 0, 0, 15, 0, 0, 0, 0, 0, 0, 0, 0, 0, 0, 0, 15, 0, 19, 27, 0, 0, 0, 5, 0, 0, 0, 0, 0, 0, 15, 0, 0, 0, 0, 0, 15, 0, 0, 0, 15, 15, 0, 15, 0, 0, 24, 0, 0, 0, 0, 17, 15, 0, 16, 0, 15, 15, 0, 0, 0, 19, 0, 0, 0, 16, 23, 15, 0, 0, 0, 0, 1, 0, 20, 10, 0, 0, 0, 0, 0, 0, 0, 0, 15, 0, 0, 0, 16, 0, 15, 0, 14, 24, 9, 0, 21, 0, 3, 0, 0, 4, 0, 16, 15, 0, 0, 15, 15, 0, 15, 0, 0, 0, 15, 15, 7, 0, 0, 0, 0, 0, 15, 0, 0, 15, 0, : 15, 15, 20, 19, 15, 16, 34, 18, 15, 8, 34, 17, 15, 15, 15, 15, 15, 15, 3, 15, 15, 20, 15, 18, 15, 15, 19, 27, 5, 15, 15, 15, 15, 15, 24, 17, 15, 16, 15, 15, 19, 16, 23, 15, 1, 20, 10, 15, 16, 15, 14, 24, 9, 21, 3, 4, 16, 15, 15, 15, 15, 15, 15, 7, 15, 15, 
74: 0, 0, 0, 0, 0, 0, 0, 0, 0, 31, 0, 15, 0, 0, 0, 0, 17, 0, 15, 0, 4, 15, 0, 0, 2, 0, 0, 15, 18, 0, 0, 15, 17, 0, 0, 0, 0, 0, 15, 15, 0, 17, 21, 0, 0, 0, 0, 0, 0, 16, 1, 18, 0, 0, 29, 15, 15, 15, 0, 15, 0, 15, 0, 0, 0, 0, 0, 0, 0, 0, 15, 0, 0, 0, 15, 23, 0, 0, 15, 0, 0, 0, 0, 0, 0, 0, 17, 0, 15, 15, 17, 0, 0, 0, 0, 15, 0, 16, 15, 0, 0, 15, 2, 0, 0, 15, 0, 16, 0, 0, 15, 15, 15, 9, 0, 0, 0, 15, 15, 15, 15, 24, 0, 0, 0, 15, 0, 15, 0, 0, 15, 7, 0, 0, 0, 0, 15, 7, 0, 0, 0, 0, 22, 14, 0, 0, 0, 0, 0, 23, 0, 15, 16, 24, 16, 0, 0, 0, 0, 0, 6, 16, 15, 0, 15, 0, 15, 0, 15, 0, 0, 0, 0, 0, 15, 15, 19, 0, 0, 0, 0, 0, 22, 0, 22, 0, 0, 0, 0, 0, 23, 0, 0, 20, 0, 0, 0, 0, 15, 0, : 31, 15, 17, 15, 4, 15, 2, 15, 18, 15, 17, 15, 15, 17, 21, 16, 1, 18, 29, 15, 15, 15, 15, 15, 15, 15, 23, 15, 17, 15, 15, 17, 15, 16, 15, 15, 2, 15, 16, 15, 15, 15, 9, 15, 15, 15, 15, 24, 15, 15, 15, 7, 15, 7, 22, 14, 23, 15, 16, 24, 16, 6, 16, 15, 15, 15, 15, 15, 15, 19, 22, 22, 23, 20, 15, 
2: 0, 0, 0, 0, 0, 16, 0, 0, 0, 15, 0, 15, 15, 20, 0, 0, 0, 0, 9, 0, 0, 15, 0, 0, 15, 9, 0, 0, 0, 0, 0, 21, 0, 0, 0, 0, 0, 15, 15, 0, 14, 0, 15, 18, 0, 15, 0, 0, 15, 0, 0, 0, 0, 7, 15, 0, 15, 0, 16, 0, 0, 23, 15, 0, 0, 0, 0, 0, 0, 0, 0, 0, 0, 15, 0, 16, 0, 0, 15, 0, 0, 0, 0, 15, 0, 0, 17, 15, 0, 0, 15, 0, 0, 0, 0, 0, 0, 16, 17, 0, 0, 0, 0, 0, 17, 0, 25, 0, 0, 7, 0, 15, 0, 0, 0, 0, 0, 0, 0, 15, 0, 15, 17, 0, 0, 0, 0, 0, 17, 0, 20, 0, 18, 0, 16, 0, 0, 0, 0, 9, 15, 0, 15, 0, 3, 0, 0, 0, 0, 0, 20, 0, 0, 0, 0, 16, 0, 16, 0, 0, 0, 19, 33, 15, 15, 0, 15, 15, 16, 15, 24, 0, 0, 0, 0, 15, 0, 0, 0, 0, 0, 0, 15, 0, 0, 0, 0, 0, 15, 0, 16, 0, 0, 0, 15, 0, 15, 0, 0, 0, : 16, 15, 15, 15, 20, 9, 15, 15, 9, 21, 15, 15, 14, 15, 18, 15, 15, 7, 15, 15, 16, 23, 15, 15, 16, 15, 15, 17, 15, 15, 16, 17, 17, 25, 7, 15, 15, 15, 17, 17, 20, 18, 16, 9, 15, 15, 3, 20, 16, 16, 19, 33, 15, 15, 15, 15, 16, 15, 24, 15, 15, 15, 16, 15, 15, 
70: 0, 15, 16, 0, 0, 0, 2, 0, 0, 0, 16, 0, 0, 0, 0, 0, 15, 2, 0, 16, 0, 0, 15, 0, 0, 15, 0, 0, 24, 0, 0, 0, 0, 0, 0, 0, 28, 0, 0, 0, 0, 0, 0, 15, 0, 0, 0, 0, 0, 0, 15, 0, 15, 0, 0, 0, 16, 0, 0, 17, 15, 0, 0, 0, 0, 0, 0, 0, 0, 0, 0, 0, 0, 0, 15, 0, 0, 0, 22, 0, 0, 0, 0, 15, 0, 0, 0, 15, 0, 9, 15, 0, 0, 0, 9, 19, 0, 0, 0, 0, 17, 0, 0, 0, 0, 0, 15, 0, 0, 0, 0, 16, 0, 15, 0, 0, 15, 0, 0, 0, 0, 16, 0, 0, 15, 0, 0, 0, 21, 0, 0, 15, 0, 18, 0, 0, 0, 0, 17, 0, 15, 0, 0, 0, 0, 0, 11, 0, 0, 0, 0, 15, 15, 15, 15, 0, 16, 0, 0, 15, 0, 0, 0, 0, 1, 0, 15, 0, 0, 14, 0, 20, 15, 15, 0, 15, 0, 24, 0, 18, 0, 0, 0, 11, 25, 0, 0, 0, 0, 0, 15, 15, 16, 0, 9, 15, 0, 0, 0, 5, : 15, 16, 2, 16, 15, 2, 16, 15, 15, 24, 28, 15, 15, 15, 16, 17, 15, 15, 22, 15, 15, 9, 15, 9, 19, 17, 15, 16, 15, 15, 16, 15, 21, 15, 18, 17, 15, 11, 15, 15, 15, 15, 16, 15, 1, 15, 14, 20, 15, 15, 15, 24, 18, 11, 25, 15, 15, 16, 9, 15, 5, 
41: 15, 0, 0, 0, 0, 0, 0, 15, 0, 0, 0, 0, 0, 0, 0, 2, 4, 0, 15, 19, 15, 0, 15, 0, 0, 15, 23, 0, 16, 0, 16, 0, 0, 0, 15, 15, 0, 0, 0, 0, 0, 8, 0, 0, 0, 0, 0, 0, 0, 0, 0, 0, 0, 0, 0, 0, 0, 0, 0, 0, 0, 15, 15, 15, 15, 18, 0, 16, 0, 18, 0, 0, 15, 0, 0, 0, 0, 0, 26, 0, 12, 0, 0, 0, 0, 16, 0, 0, 0, 0, 0, 0, 0, 0, 0, 0, 0, 0, 0, 0, 15, 0, 0, 0, 0, 15, 0, 0, 17, 0, 0, 0, 21, 16, 9, 0, 0, 17, 0, 0, 0, 14, 0, 15, 15, 0, 15, 15, 0, 15, 0, 0, 0, 15, 0, 15, 0, 0, 0, 15, 0, 15, 17, 0, 15, 0, 0, 0, 0, 15, 0, 0, 15, 0, 0, 15, 0, 0, 0, 0, 0, 0, 16, 18, 0, 15, 15, 0, 4, 0, 0, 0, 0, 0, 0, 0, 0, 0, 0, 0, 9, 17, 0, 0, 25, 0, 0, 0, 20, 15, 0, 20, 0, 0, 15, 20, 0, 0, 15, 0, : 15, 15, 2, 4, 15, 19, 15, 15, 15, 23, 16, 16, 15, 15, 8, 15, 15, 15, 15, 18, 16, 18, 15, 26, 12, 16, 15, 15, 17, 21, 16, 9, 17, 14, 15, 15, 15, 15, 15, 15, 15, 15, 15, 17, 15, 15, 15, 15, 16, 18, 15, 15, 4, 9, 17, 25, 20, 15, 20, 15, 20, 15, 
36: 0, 15, 0, 15, 0, 15, 0, 0, 0, 0, 0, 17, 0, 15, 15, 0, 0, 16, 0, 0, 0, 0, 0, 0, 15, 0, 0, 0, 0, 0, 15, 15, 15, 15, 0, 28, 12, 15, 0, 15, 0, 0, 0, 0, 0, 0, 0, 0, 0, 15, 0, 0, 0, 0, 0, 0, 0, 0, 0, 0, 0, 0, 0, 16, 0, 0, 0, 0, 0, 0, 0, 0, 0, 0, 0, 0, 0, 0, 0, 0, 0, 0, 15, 15, 0, 7, 0, 0, 15, 0, 15, 17, 7, 0, 0, 0, 0, 0, 0, 16, 0, 0, 15, 0, 0, 0, 0, 0, 0, 0, 0, 0, 3, 0, 0, 0, 0, 0, 0, 0, 15, 15, 0, 22, 0, 0, 15, 0, 0, 0, 15, 0, 15, 4, 18, 15, 0, 0, 0, 0, 0, 0, 0, 0, 0, 0, 16, 0, 0, 0, 17, 0, 15, 0, 0, 0, 9, 0, 0, 15, 0, 0, 0, 0, 0, 18, 0, 0, 0, 0, 0, 0, 15, 19, 0, 0, 0, 0, 15, 0, 0, 0, 0, 0, 15, 0, 0, 15, 0, 15, 0, 0, 15, 0, 0, 0, 15, 24, 0, 0, : 15, 15, 15, 17, 15, 15, 16, 15, 15, 15, 15, 15, 28, 12, 15, 15, 15, 16, 15, 15, 7, 15, 15, 17, 7, 16, 15, 3, 15, 15, 22, 15, 15, 15, 4, 18, 15, 16, 17, 15, 9, 15, 18, 15, 19, 15, 15, 15, 15, 15, 15, 24, 
29: 0, 0, 0, 0, 0, 17, 0, 0, 19, 0, 10, 16, 0, 0, 0, 0, 15, 0, 0, 0, 0, 0, 15, 15, 0, 0, 15, 0, 0, 0, 6, 0, 0, 0, 0, 15, 0, 0, 0, 15, 0, 0, 0, 0, 0, 21, 23, 4, 0, 16, 15, 20, 17, 16, 0, 21, 0, 15, 15, 15, 0, 0, 16, 0, 0, 0, 0, 0, 15, 22, 17, 16, 10, 0, 7, 0, 0, 0, 0, 15, 0, 19, 17, 0, 15, 0, 16, 27, 0, 15, 7, 0, 0, 0, 15, 0, 15, 0, 0, 0, 5, 15, 15, 20, 0, 0, 0, 0, 0, 0, 0, 0, 0, 0, 0, 0, 15, 18, 24, 0, 0, 16, 0, 15, 20, 0, 0, 0, 0, 16, 0, 0, 0, 0, 0, 0, 16, 15, 15, 21, 0, 0, 15, 0, 0, 15, 0, 22, 0, 0, 15, 5, 0, 0, 15, 0, 0, 0, 0, 17, 15, 0, 0, 0, 0, 0, 0, 0, 15, 0, 15, 15, 0, 0, 0, 0, 0, 0, 0, 0, 0, 0, 0, 0, 13, 0, 0, 0, 0, 0, 0, 15, 0, 0, 15, 0, 0, 0, 12, 22, : 17, 19, 10, 16, 15, 15, 15, 15, 6, 15, 15, 21, 23, 4, 16, 15, 20, 17, 16, 21, 15, 15, 15, 16, 15, 22, 17, 16, 10, 7, 15, 19, 17, 15, 16, 27, 15, 7, 15, 15, 5, 15, 15, 20, 15, 18, 24, 16, 15, 20, 16, 16, 15, 15, 21, 15, 15, 22, 15, 5, 15, 17, 15, 15, 15, 15, 13, 15, 15, 12, 22, 
1: 15, 0, 0, 0, 24, 0, 0, 0, 0, 15, 18, 0, 21, 15, 0, 0, 0, 0, 15, 0, 15, 0, 0, 0, 0, 0, 0, 15, 16, 17, 15, 0, 0, 0, 0, 6, 0, 0, 0, 0, 34, 15, 0, 15, 0, 15, 0, 0, 16, 0, 0, 0, 15, 0, 15, 0, 0, 0, 0, 8, 18, 0, 0, 15, 0, 15, 17, 15, 0, 0, 13, 0, 28, 10, 15, 16, 0, 15, 0, 0, 0, 0, 16, 0, 2, 0, 0, 0, 0, 0, 16, 0, 21, 0, 0, 0, 0, 15, 0, 0, 0, 0, 0, 0, 0, 3, 0, 15, 15, 0, 15, 0, 0, 0, 16, 0, 0, 3, 14, 0, 26, 0, 16, 0, 0, 0, 0, 15, 0, 0, 0, 0, 15, 15, 15, 15, 0, 0, 0, 0, 0, 0, 0, 0, 0, 0, 0, 0, 22, 0, 0, 0, 0, 0, 0, 15, 0, 15, 3, 15, 34, 0, 0, 17, 0, 0, 0, 0, 0, 15, 15, 15, 0, 0, 15, 0, 0, 0, 0, 19, 15, 16, 17, 0, 0, 15, 15, 0, 2, 18, 0, 0, 0, 15, 0, 0, 15, 15, 0, 15, : 15, 24, 15, 18, 21, 15, 15, 15, 15, 16, 17, 15, 6, 34, 15, 15, 15, 16, 15, 15, 8, 18, 15, 15, 17, 15, 13, 28, 10, 15, 16, 15, 16, 2, 16, 21, 15, 3, 15, 15, 15, 16, 3, 14, 26, 16, 15, 15, 15, 15, 15, 22, 15, 15, 3, 15, 34, 17, 15, 15, 15, 15, 19, 15, 16, 17, 15, 15, 2, 18, 15, 15, 15, 15, 
69: 0, 0, 0, 0, 15, 0, 0, 5, 15, 16, 0, 0, 0, 0, 0, 0, 15, 0, 16, 20, 0, 17, 0, 0, 0, 0, 0, 0, 0, 0, 0, 0, 19, 15, 0, 0, 0, 2, 0, 0, 0, 15, 0, 0, 0, 0, 0, 15, 19, 0, 0, 0, 17, 0, 0, 0, 0, 0, 0, 0, 0, 0, 0, 0, 0, 0, 17, 0, 15, 0, 21, 15, 0, 15, 0, 0, 19, 15, 0, 0, 0, 0, 0, 0, 0, 0, 0, 13, 16, 0, 0, 0, 0, 0, 15, 0, 0, 0, 15, 21, 0, 16, 0, 15, 0, 0, 10, 0, 0, 15, 30, 7, 0, 0, 29, 25, 16, 0, 15, 0, 13, 0, 0, 0, 18, 0, 0, 0, 0, 6, 15, 0, 0, 0, 0, 15, 0, 0, 0, 0, 0, 0, 0, 0, 15, 0, 25, 0, 0, 0, 0, 15, 0, 0, 0, 15, 0, 0, 0, 0, 0, 15, 15, 0, 0, 0, 0, 0, 0, 19, 15, 0, 15, 0, 16, 0, 0, 0, 15, 15, 0, 0, 0, 0, 0, 15, 0, 0, 0, 0, 15, 0, 0, 15, 0, 15, 0, 0, 28, 0, : 15, 5, 15, 16, 15, 16, 20, 17, 19, 15, 2, 15, 15, 19, 17, 17, 15, 21, 15, 15, 19, 15, 13, 16, 15, 15, 21, 16, 15, 10, 15, 30, 7, 29, 25, 16, 15, 13, 18, 6, 15, 15, 15, 25, 15, 15, 15, 15, 19, 15, 15, 16, 15, 15, 15, 15, 15, 15, 28, 
21: 22, 0, 15, 0, 15, 0, 22, 0, 15, 0, 0, 6, 15, 0, 17, 16, 0, 0, 0, 15, 0, 15, 0, 0, 0, 0, 0, 16, 0, 0, 0, 0, 15, 0, 0, 0, 0, 15, 15, 0, 0, 15, 0, 0, 15, 15, 0, 0, 0, 0, 15, 0, 15, 15, 0, 0, 9, 25, 0, 0, 0, 15, 0, 0, 0, 0, 15, 16, 0, 0, 0, 0, 17, 15, 0, 0, 24, 0, 0, 0, 18, 0, 15, 0, 0, 0, 0, 15, 0, 0, 0, 11, 0, 19, 15, 0, 0, 0, 15, 0, 0, 0, 15, 0, 27, 0, 0, 0, 0, 16, 0, 17, 15, 15, 0, 15, 0, 17, 17, 0, 0, 0, 0, 0, 0, 0, 0, 0, 0, 17, 0, 0, 17, 15, 0, 0, 0, 0, 0, 0, 0, 6, 1, 0, 0, 0, 0, 0, 0, 0, 15, 0, 0, 0, 6, 0, 0, 18, 0, 0, 0, 15, 0, 0, 16, 0, 0, 15, 20, 0, 0, 0, 0, 15, 0, 0, 0, 15, 6, 14, 0, 0, 0, 29, 0, 0, 0, 0, 16, 0, 0, 0, 19, 15, 15, 4, 21, 15, 15, 0, : 22, 15, 15, 22, 15, 6, 15, 17, 16, 15, 15, 16, 15, 15, 15, 15, 15, 15, 15, 15, 15, 9, 25, 15, 15, 16, 17, 15, 24, 18, 15, 15, 11, 19, 15, 15, 15, 27, 16, 17, 15, 15, 15, 17, 17, 17, 17, 15, 6, 1, 15, 6, 18, 15, 16, 15, 20, 15, 15, 6, 14, 29, 16, 19, 15, 15, 4, 21, 15, 15, 
82: 15, 15, 0, 32, 0, 0, 0, 0, 0, 0, 0, 0, 15, 0, 0, 0, 0, 16, 0, 15, 0, 0, 0, 0, 0, 0, 15, 0, 18, 0, 0, 15, 0, 15, 15, 0, 15, 0, 0, 0, 0, 0, 0, 0, 15, 0, 15, 0, 0, 0, 0, 1, 0, 15, 17, 15, 0, 0, 0, 0, 0, 0, 9, 15, 22, 12, 0, 21, 0, 0, 0, 0, 15, 0, 15, 0, 15, 0, 0, 0, 0, 0, 0, 0, 16, 0, 20, 0, 23, 0, 15, 22, 0, 6, 0, 0, 0, 16, 0, 0, 15, 24, 15, 0, 15, 0, 20, 27, 0, 0, 0, 15, 0, 0, 0, 0, 0, 15, 0, 0, 0, 0, 13, 0, 0, 15, 0, 0, 0, 16, 0, 0, 0, 17, 0, 0, 0, 17, 0, 0, 0, 16, 0, 15, 21, 0, 0, 20, 0, 15, 0, 0, 21, 0, 0, 0, 0, 0, 15, 7, 0, 0, 0, 0, 0, 0, 1, 0, 0, 0, 0, 0, 25, 0, 16, 0, 0, 0, 18, 0, 0, 0, 15, 0, 0, 0, 0, 0, 16, 0, 15, 0, 3, 0, 0, 0, 0, 15, 0, 16, : 15, 15, 32, 15, 16, 15, 15, 18, 15, 15, 15, 15, 15, 15, 1, 15, 17, 15, 9, 15, 22, 12, 21, 15, 15, 15, 16, 20, 23, 15, 22, 6, 16, 15, 24, 15, 15, 20, 27, 15, 15, 13, 15, 16, 17, 17, 16, 15, 21, 20, 15, 21, 15, 7, 1, 25, 16, 18, 15, 16, 15, 3, 15, 16, 
42: 0, 0, 15, 6, 31, 15, 23, 0, 15, 0, 0, 0, 0, 0, 0, 0, 0, 0, 0, 0, 15, 0, 0, 0, 0, 0, 21, 20, 0, 0, 0, 0, 0, 17, 0, 21, 15, 0, 19, 0, 22, 0, 15, 0, 15, 0, 0, 0, 0, 0, 0, 0, 0, 0, 0, 15, 0, 0, 17, 15, 0, 0, 0, 0, 0, 0, 15, 0, 0, 0, 17, 23, 15, 15, 0, 15, 0, 24, 0, 0, 15, 8, 0, 15, 15, 0, 0, 15, 0, 0, 0, 0, 15, 0, 16, 16, 0, 18, 7, 0, 0, 0, 0, 0, 0, 0, 0, 0, 0, 0, 15, 15, 0, 0, 0, 0, 0, 0, 0, 0, 0, 0, 0, 0, 0, 15, 25, 0, 0, 0, 5, 15, 2, 0, 0, 15, 18, 15, 0, 0, 0, 15, 0, 0, 0, 36, 0, 0, 16, 0, 0, 0, 0, 0, 0, 9, 15, 0, 0, 15, 0, 0, 0, 0, 0, 23, 0, 15, 0, 0, 15, 0, 0, 15, 0, 0, 22, 0, 0, 0, 0, 15, 0, 15, 0, 0, 0, 15, 0, 15, 0, 2, 0, 0, 0, 31, 0, 1, 0, 0, : 15, 6, 31, 15, 23, 15, 15, 21, 20, 17, 21, 15, 19, 22, 15, 15, 15, 17, 15, 15, 17, 23, 15, 15, 15, 24, 15, 8, 15, 15, 15, 15, 16, 16, 18, 7, 15, 15, 15, 25, 5, 15, 2, 15, 18, 15, 15, 36, 16, 9, 15, 15, 23, 15, 15, 15, 22, 15, 15, 15, 15, 2, 31, 1, 
76: 0, 0, 15, 17, 0, 15, 0, 0, 3, 0, 21, 15, 15, 16, 27, 0, 0, 16, 0, 0, 17, 0, 15, 0, 0, 0, 11, 4, 0, 0, 15, 15, 0, 0, 0, 0, 15, 0, 0, 0, 0, 0, 15, 6, 0, 0, 0, 0, 21, 15, 0, 0, 0, 0, 0, 0, 0, 0, 0, 0, 0, 0, 0, 0, 1, 0, 0, 17, 0, 0, 0, 0, 0, 0, 15, 0, 0, 0, 15, 15, 34, 23, 19, 0, 0, 0, 0, 0, 0, 0, 0, 0, 0, 0, 0, 0, 15, 0, 16, 0, 0, 0, 15, 0, 0, 21, 0, 10, 20, 0, 6, 0, 0, 0, 0, 15, 0, 0, 0, 0, 16, 0, 0, 0, 15, 0, 15, 0, 15, 0, 0, 0, 0, 0, 0, 0, 0, 0, 0, 0, 0, 16, 0, 18, 0, 15, 0, 0, 0, 0, 16, 0, 0, 15, 0, 0, 0, 0, 0, 0, 0, 0, 0, 0, 15, 0, 0, 0, 15, 0, 0, 0, 0, 2, 19, 6, 0, 15, 0, 0, 15, 0, 19, 0, 0, 15, 0, 0, 0, 0, 0, 16, 0, 0, 16, 0, 0, 15, 0, 0, : 15, 17, 15, 3, 21, 15, 15, 16, 27, 16, 17, 15, 11, 4, 15, 15, 15, 15, 6, 21, 15, 1, 17, 15, 15, 15, 34, 23, 19, 15, 16, 15, 21, 10, 20, 6, 15, 16, 15, 15, 15, 16, 18, 15, 16, 15, 15, 15, 2, 19, 6, 15, 15, 19, 15, 16, 16, 15, 


98: 4, 0, 0, 0, 0, 0, 0, 12, 0, 18, 0, 0, 0, 0, 15, 0, 0, 15, 0, 0, 0, 0, 15, 21, 18, 0, 15, 0, 0, 0, 0, 0, 0, 15, 15, 0, 0, 0, 9, 18, 15, 0, 15, 0, 0, 0, 0, 0, 0, 15, 15, 0, 0, 0, 17, 25, 15, 0, 0, 15, 15, 15, 0, 0, 0, 0, 15, 19, 0, 15, 0, 0, 0, 15, 0, 0, 1, 0, 15, 0, 0, 15, 0, 0, 18, 0, 0, 0, 0, 0, 0, 16, 0, 0, 0, 0, 15, 0, 15, 0, 15, 0, 0, 0, 0, 15, 0, 0, 16, 3, 0, 0, 15, 0, 0, 0, 0, 0, 0, 15, 21, 0, 0, 18, 0, 0, 15, 0, 0, 0, 15, 0, 0, 0, 0, 0, 0, 0, 0, 17, 22, 0, 0, 0, 0, 0, 15, 0, 0, 17, 0, 0, 15, 0, 0, 0, 0, 0, 0, 15, 0, 0, 19, 0, 15, 0, 15, 0, 0, 0, 32, 15, 0, 0, 15, 0, 0, 0, 0, 15, 0, 0, 17, 15, 0, 0, 15, 0, 15, 0, 19, 16, 15, 0, 0, 0, 15, 0, 0, 15, : 4, 12, 18, 15, 15, 15, 21, 18, 15, 15, 15, 9, 18, 15, 15, 15, 15, 17, 25, 15, 15, 15, 15, 15, 19, 15, 15, 1, 15, 15, 18, 16, 15, 15, 15, 15, 16, 3, 15, 15, 21, 18, 15, 15, 17, 22, 15, 17, 15, 15, 19, 15, 15, 32, 15, 15, 15, 17, 15, 15, 15, 19, 16, 15, 15, 15, 
95: 0, 0, 19, 0, 0, 15, 14, 33, 0, 0, 27, 0, 15, 0, 0, 15, 0, 0, 15, 0, 0, 0, 16, 15, 17, 3, 0, 0, 15, 0, 18, 0, 15, 0, 15, 0, 4, 0, 0, 15, 15, 0, 18, 17, 0, 0, 26, 0, 15, 15, 0, 0, 0, 15, 0, 0, 0, 0, 0, 0, 15, 0, 0, 16, 2, 0, 0, 0, 0, 0, 0, 0, 15, 0, 16, 0, 0, 0, 15, 0, 0, 0, 0, 0, 15, 0, 18, 0, 0, 24, 0, 15, 0, 0, 0, 0, 0, 0, 0, 0, 0, 0, 0, 21, 0, 0, 0, 0, 0, 0, 0, 0, 0, 0, 0, 0, 0, 13, 18, 0, 15, 0, 0, 0, 0, 0, 0, 6, 0, 0, 16, 0, 17, 0, 0, 0, 0, 0, 0, 0, 0, 0, 0, 0, 0, 13, 23, 17, 0, 0, 0, 19, 16, 15, 15, 0, 0, 0, 0, 15, 0, 0, 0, 0, 0, 0, 0, 15, 0, 15, 0, 15, 0, 0, 0, 15, 0, 0, 0, 15, 0, 0, 15, 14, 0, 0, 16, 0, 0, 0, 15, 0, 0, 0, 16, 2, 0, 0, 15, 0, : 19, 15, 14, 33, 27, 15, 15, 15, 16, 15, 17, 3, 15, 18, 15, 15, 4, 15, 15, 18, 17, 26, 15, 15, 15, 15, 16, 2, 15, 16, 15, 15, 18, 24, 15, 21, 13, 18, 15, 6, 16, 17, 13, 23, 17, 19, 16, 15, 15, 15, 15, 15, 15, 15, 15, 15, 14, 16, 15, 16, 2, 15, 
72: 0, 0, 3, 0, 0, 15, 15, 0, 0, 0, 0, 15, 0, 26, 15, 0, 0, 0, 0, 0, 0, 0, 0, 0, 0, 0, 0, 0, 0, 16, 0, 0, 15, 15, 0, 0, 15, 0, 0, 0, 0, 8, 0, 0, 0, 0, 0, 22, 0, 0, 15, 0, 0, 11, 0, 15, 15, 18, 0, 30, 16, 15, 0, 15, 15, 0, 0, 22, 0, 0, 0, 0, 0, 17, 0, 0, 0, 15, 0, 0, 0, 0, 0, 0, 0, 0, 0, 0, 0, 16, 0, 0, 0, 8, 0, 0, 15, 18, 0, 15, 0, 0, 0, 0, 21, 0, 0, 15, 16, 16, 15, 0, 0, 0, 18, 0, 0, 0, 0, 0, 15, 0, 15, 0, 10, 20, 15, 0, 0, 0, 15, 0, 0, 15, 0, 0, 15, 15, 0, 0, 0, 0, 15, 0, 0, 0, 0, 0, 0, 0, 0, 15, 0, 0, 12, 0, 0, 0, 0, 0, 0, 0, 0, 0, 0, 0, 0, 0, 0, 17, 0, 16, 15, 0, 0, 0, 0, 22, 6, 0, 16, 15, 5, 0, 0, 16, 0, 0, 15, 0, 0, 25, 17, 15, 0, 0, 0, 0, 0, 0, : 3, 15, 15, 15, 26, 15, 16, 15, 15, 15, 8, 22, 15, 11, 15, 15, 18, 30, 16, 15, 15, 15, 22, 17, 15, 16, 8, 15, 18, 15, 21, 15, 16, 16, 15, 18, 15, 15, 10, 20, 15, 15, 15, 15, 15, 15, 15, 12, 17, 16, 15, 22, 6, 16, 15, 5, 16, 15, 25, 17, 15, 
46: 0, 16, 0, 0, 15, 0, 0, 0, 0, 7, 0, 16, 0, 0, 3, 0, 0, 0, 16, 18, 15, 15, 0, 0, 15, 15, 0, 15, 0, 0, 0, 0, 15, 0, 0, 0, 0, 0, 0, 15, 1, 0, 0, 0, 0, 0, 0, 0, 0, 18, 0, 0, 15, 0, 0, 0, 0, 0, 0, 0, 0, 8, 0, 0, 0, 0, 15, 0, 18, 0, 0, 15, 15, 0, 0, 0, 15, 0, 0, 4, 15, 0, 15, 0, 0, 15, 0, 15, 15, 0, 15, 0, 0, 0, 0, 15, 0, 0, 0, 0, 0, 0, 15, 0, 0, 6, 0, 0, 0, 15, 0, 0, 0, 0, 3, 18, 0, 15, 0, 0, 0, 0, 0, 12, 0, 0, 0, 0, 0, 0, 15, 15, 0, 0, 0, 0, 0, 0, 0, 0, 0, 16, 15, 0, 0, 0, 0, 0, 17, 0, 17, 0, 0, 0, 0, 17, 0, 0, 19, 15, 0, 0, 15, 0, 15, 0, 0, 0, 0, 0, 0, 0, 0, 15, 0, 0, 0, 15, 0, 0, 34, 0, 0, 0, 0, 0, 15, 0, 0, 15, 0, 0, 0, 0, 0, 15, 15, 20, 0, 0, : 16, 15, 7, 16, 3, 16, 18, 15, 15, 15, 15, 15, 15, 15, 1, 18, 15, 8, 15, 18, 15, 15, 15, 4, 15, 15, 15, 15, 15, 15, 15, 15, 6, 15, 3, 18, 15, 12, 15, 15, 16, 15, 17, 17, 17, 19, 15, 15, 15, 15, 15, 34, 15, 15, 15, 15, 20, 
61: 15, 0, 15, 0, 0, 0, 0, 21, 0, 0, 16, 0, 0, 3, 0, 0, 15, 15, 0, 0, 0, 0, 0, 0, 0, 0, 15, 0, 15, 0, 31, 15, 0, 15, 0, 0, 17, 0, 15, 6, 0, 15, 0, 7, 15, 15, 0, 16, 0, 0, 0, 0, 4, 17, 19, 0, 15, 0, 15, 0, 0, 17, 0, 0, 22, 0, 0, 0, 15, 1, 18, 15, 0, 0, 17, 12, 0, 19, 0, 19, 0, 0, 8, 0, 0, 0, 15, 15, 0, 15, 0, 0, 0, 16, 3, 15, 0, 0, 16, 15, 2, 0, 0, 0, 0, 0, 15, 0, 15, 0, 0, 0, 0, 15, 0, 0, 0, 0, 0, 0, 0, 1, 15, 15, 15, 0, 0, 0, 13, 0, 0, 15, 0, 14, 15, 17, 0, 0, 14, 15, 1, 0, 0, 0, 0, 0, 0, 0, 0, 0, 0, 0, 0, 0, 0, 15, 0, 0, 0, 16, 0, 0, 0, 0, 15, 0, 0, 0, 3, 0, 0, 0, 0, 0, 16, 0, 0, 3, 0, 15, 0, 0, 15, 0, 7, 0, 0, 15, 15, 15, 0, 13, 0, 0, 0, 16, 0, 0, 0, 15, : 15, 15, 21, 16, 3, 15, 15, 15, 15, 31, 15, 15, 17, 15, 6, 15, 7, 15, 15, 16, 4, 17, 19, 15, 15, 17, 22, 15, 1, 18, 15, 17, 12, 19, 19, 8, 15, 15, 15, 16, 3, 15, 16, 15, 2, 15, 15, 15, 1, 15, 15, 15, 13, 15, 14, 15, 17, 14, 15, 1, 15, 16, 15, 3, 16, 3, 15, 15, 7, 15, 15, 15, 13, 16, 15, 
34: 0, 0, 0, 15, 0, 15, 0, 0, 0, 0, 16, 15, 15, 0, 0, 0, 0, 0, 0, 0, 0, 0, 0, 17, 0, 0, 0, 0, 0, 0, 6, 15, 9, 0, 0, 0, 0, 15, 15, 0, 0, 0, 0, 0, 18, 18, 3, 0, 0, 0, 0, 6, 0, 0, 0, 0, 0, 0, 0, 0, 0, 0, 17, 0, 16, 15, 0, 0, 0, 0, 0, 0, 0, 0, 0, 0, 16, 15, 0, 15, 0, 16, 0, 10, 0, 0, 19, 0, 15, 0, 11, 0, 19, 15, 0, 0, 15, 15, 15, 0, 0, 0, 0, 12, 0, 18, 16, 0, 0, 0, 0, 0, 15, 18, 18, 0, 0, 0, 0, 0, 0, 0, 0, 0, 15, 0, 0, 0, 0, 17, 16, 0, 0, 19, 0, 15, 0, 24, 0, 0, 0, 16, 0, 0, 15, 0, 0, 0, 15, 15, 0, 0, 0, 0, 0, 16, 0, 0, 0, 0, 15, 0, 0, 15, 0, 31, 15, 15, 0, 0, 0, 0, 0, 25, 11, 0, 15, 0, 15, 0, 0, 0, 15, 0, 0, 20, 0, 31, 0, 0, 0, 0, 15, 0, 0, 15, 0, 0, 0, 16, : 15, 15, 16, 15, 15, 17, 6, 15, 9, 15, 15, 18, 18, 3, 6, 17, 16, 15, 16, 15, 15, 16, 10, 19, 15, 11, 19, 15, 15, 15, 15, 12, 18, 16, 15, 18, 18, 15, 17, 16, 19, 15, 24, 16, 15, 15, 15, 16, 15, 15, 31, 15, 15, 25, 11, 15, 15, 15, 20, 31, 15, 15, 16, 
94: 0, 0, 15, 0, 0, 0, 0, 0, 0, 0, 0, 17, 0, 0, 0, 15, 0, 15, 15, 0, 0, 16, 16, 0, 0, 0, 15, 15, 17, 0, 0, 0, 15, 0, 0, 15, 0, 23, 0, 0, 0, 17, 0, 0, 0, 0, 0, 15, 15, 0, 0, 0, 0, 0, 0, 15, 0, 13, 0, 0, 9, 15, 0, 0, 0, 0, 0, 0, 4, 0, 17, 0, 0, 0, 0, 15, 0, 0, 15, 0, 0, 0, 0, 0, 30, 16, 0, 27, 0, 0, 0, 0, 0, 15, 0, 0, 0, 0, 0, 0, 0, 0, 0, 0, 0, 16, 0, 23, 0, 19, 0, 0, 0, 0, 0, 19, 15, 0, 15, 5, 0, 0, 17, 15, 0, 16, 15, 0, 0, 0, 0, 0, 15, 0, 8, 16, 15, 0, 15, 0, 0, 0, 0, 0, 16, 0, 14, 0, 0, 0, 0, 0, 0, 0, 17, 0, 12, 0, 0, 0, 15, 15, 0, 0, 0, 0, 15, 26, 0, 0, 0, 0, 1, 13, 0, 0, 0, 15, 0, 0, 0, 15, 15, 0, 16, 15, 15, 16, 0, 0, 0, 0, 0, 15, 0, 0, 0, 15, 16, 18, : 15, 17, 15, 15, 15, 16, 16, 15, 15, 17, 15, 15, 23, 17, 15, 15, 15, 13, 9, 15, 4, 17, 15, 15, 30, 16, 27, 15, 16, 23, 19, 19, 15, 15, 5, 17, 15, 16, 15, 15, 8, 16, 15, 15, 16, 14, 17, 12, 15, 15, 15, 26, 1, 13, 15, 15, 15, 16, 15, 15, 16, 15, 15, 16, 18, 
80: 0, 17, 0, 16, 0, 0, 0, 0, 0, 0, 0, 15, 0, 15, 0, 7, 15, 15, 0, 15, 0, 27, 16, 0, 0, 0, 0, 0, 0, 0, 0, 0, 0, 16, 25, 0, 0, 0, 0, 0, 0, 15, 25, 0, 0, 0, 19, 0, 16, 15, 0, 0, 15, 0, 0, 15, 15, 18, 26, 30, 15, 0, 0, 8, 0, 0, 15, 13, 0, 15, 0, 0, 0, 18, 0, 0, 0, 0, 15, 17, 26, 0, 0, 15, 0, 0, 15, 0, 16, 0, 15, 0, 21, 0, 22, 15, 15, 0, 0, 0, 0, 0, 17, 0, 0, 15, 0, 0, 0, 15, 0, 0, 0, 0, 0, 0, 15, 0, 0, 0, 0, 16, 0, 0, 15, 22, 0, 0, 0, 30, 0, 18, 0, 0, 0, 0, 15, 20, 32, 0, 15, 0, 15, 0, 0, 16, 0, 0, 0, 0, 0, 6, 7, 0, 16, 19, 15, 0, 7, 0, 0, 0, 15, 7, 15, 0, 5, 16, 15, 0, 15, 0, 0, 15, 0, 0, 15, 0, 0, 0, 15, 15, 0, 0, 18, 0, 0, 0, 0, 0, 15, 15, 0, 0, 15, 15, 4, 0, 16, 0, : 17, 16, 15, 15, 7, 15, 15, 15, 27, 16, 16, 25, 15, 25, 19, 16, 15, 15, 15, 15, 18, 26, 30, 15, 8, 15, 13, 15, 18, 15, 17, 26, 15, 15, 16, 15, 21, 22, 15, 15, 17, 15, 15, 15, 16, 15, 22, 30, 18, 15, 20, 32, 15, 15, 16, 6, 7, 16, 19, 15, 7, 15, 7, 15, 5, 16, 15, 15, 15, 15, 15, 15, 18, 15, 15, 15, 15, 4, 16, 
7: 0, 0, 0, 0, 16, 16, 0, 0, 0, 15, 0, 16, 17, 0, 0, 20, 0, 0, 15, 0, 15, 0, 0, 0, 0, 0, 0, 15, 0, 0, 15, 9, 15, 0, 0, 0, 15, 0, 0, 16, 15, 0, 0, 0, 5, 16, 16, 0, 0, 22, 0, 0, 0, 0, 15, 0, 0, 0, 0, 0, 0, 0, 16, 15, 0, 0, 0, 0, 15, 0, 15, 0, 9, 15, 0, 0, 15, 0, 10, 0, 0, 0, 15, 0, 0, 0, 3, 0, 0, 18, 0, 0, 0, 0, 0, 20, 0, 15, 15, 10, 0, 0, 16, 15, 0, 0, 0, 0, 0, 0, 15, 0, 0, 0, 0, 0, 6, 0, 0, 17, 0, 0, 15, 0, 0, 0, 15, 0, 0, 0, 8, 0, 0, 0, 0, 0, 0, 0, 0, 15, 0, 16, 19, 2, 15, 0, 0, 5, 0, 15, 16, 15, 0, 21, 0, 0, 15, 22, 0, 0, 0, 0, 0, 0, 0, 0, 0, 0, 0, 0, 22, 0, 15, 0, 15, 15, 0, 0, 0, 0, 2, 15, 0, 16, 0, 16, 16, 0, 0, 9, 0, 15, 0, 15, 0, 0, 15, 0, 0, 0, : 16, 16, 15, 16, 17, 20, 15, 15, 15, 15, 9, 15, 15, 16, 15, 5, 16, 16, 22, 15, 16, 15, 15, 15, 9, 15, 15, 10, 15, 3, 18, 20, 15, 15, 10, 16, 15, 15, 6, 17, 15, 15, 8, 15, 16, 19, 2, 15, 5, 15, 16, 15, 21, 15, 22, 22, 15, 15, 15, 2, 15, 16, 16, 16, 9, 15, 15, 15, 
66: 15, 0, 0, 15, 0, 0, 0, 0, 32, 15, 0, 0, 0, 15, 0, 0, 9, 0, 0, 0, 15, 4, 7, 0, 0, 0, 0, 0, 8, 15, 0, 15, 0, 0, 0, 15, 0, 15, 0, 0, 20, 15, 0, 0, 0, 5, 0, 17, 2, 0, 17, 15, 0, 0, 15, 15, 0, 0, 0, 0, 0, 0, 15, 15, 15, 0, 10, 15, 0, 15, 16, 15, 0, 0, 0, 0, 15, 0, 0, 0, 0, 15, 16, 0, 0, 16, 0, 0, 0, 0, 0, 0, 0, 0, 15, 0, 0, 0, 0, 15, 0, 0, 6, 0, 0, 0, 0, 0, 0, 0, 15, 0, 0, 16, 0, 0, 15, 16, 15, 0, 0, 0, 17, 0, 0, 15, 15, 32, 15, 0, 0, 0, 0, 0, 0, 0, 0, 0, 0, 0, 0, 0, 0, 0, 0, 0, 0, 0, 16, 15, 0, 0, 16, 0, 0, 0, 0, 15, 15, 0, 0, 0, 0, 0, 0, 0, 15, 28, 16, 15, 0, 0, 0, 0, 0, 15, 0, 0, 18, 4, 0, 25, 0, 0, 0, 0, 0, 0, 10, 0, 15, 0, 0, 0, 0, 0, 0, 0, 0, 0, : 15, 15, 32, 15, 15, 9, 15, 4, 7, 8, 15, 15, 15, 15, 20, 15, 5, 17, 2, 17, 15, 15, 15, 15, 15, 15, 10, 15, 15, 16, 15, 15, 15, 16, 16, 15, 15, 6, 15, 16, 15, 16, 15, 17, 15, 15, 32, 15, 16, 15, 16, 15, 15, 15, 28, 16, 15, 15, 18, 4, 25, 10, 15, 
11: 0, 14, 0, 3, 0, 15, 18, 19, 15, 15, 0, 0, 0, 0, 0, 0, 15, 0, 0, 0, 22, 15, 0, 15, 0, 16, 0, 14, 0, 15, 0, 0, 0, 0, 0, 10, 0, 0, 0, 0, 0, 0, 0, 0, 0, 15, 0, 0, 0, 0, 16, 0, 15, 0, 0, 15, 0, 17, 0, 0, 0, 0, 5, 0, 0, 0, 15, 0, 15, 0, 0, 0, 15, 0, 22, 0, 0, 15, 0, 0, 19, 15, 0, 15, 0, 0, 0, 0, 16, 0, 15, 17, 0, 0, 15, 15, 0, 0, 0, 0, 0, 0, 0, 0, 0, 15, 0, 0, 19, 0, 0, 15, 15, 17, 15, 0, 15, 23, 0, 0, 0, 0, 0, 0, 15, 3, 0, 0, 0, 0, 0, 0, 0, 0, 0, 0, 0, 0, 0, 0, 15, 0, 0, 21, 15, 0, 0, 0, 0, 0, 25, 0, 0, 0, 0, 0, 0, 15, 0, 0, 15, 15, 0, 0, 0, 0, 0, 0, 0, 0, 0, 0, 0, 0, 0, 8, 15, 0, 16, 0, 0, 15, 0, 0, 0, 0, 0, 0, 0, 0, 0, 0, 0, 0, 20, 0, 0, 16, 0, 0, : 14, 3, 15, 18, 19, 15, 15, 15, 22, 15, 15, 16, 14, 15, 10, 15, 16, 15, 15, 17, 5, 15, 15, 15, 22, 15, 19, 15, 15, 16, 15, 17, 15, 15, 15, 19, 15, 15, 17, 15, 15, 23, 15, 3, 15, 21, 15, 25, 15, 15, 15, 8, 15, 16, 15, 20, 16, 
65: 17, 0, 15, 0, 0, 0, 0, 15, 8, 0, 0, 0, 0, 0, 16, 0, 15, 0, 17, 7, 0, 0, 0, 0, 0, 15, 15, 26, 0, 15, 0, 15, 0, 0, 15, 0, 0, 0, 0, 15, 0, 0, 0, 0, 0, 0, 0, 0, 15, 0, 0, 18, 0, 0, 0, 0, 0, 0, 15, 0, 0, 0, 0, 15, 15, 0, 0, 0, 15, 0, 15, 0, 15, 0, 0, 0, 0, 0, 15, 15, 0, 0, 0, 15, 7, 0, 0, 0, 8, 0, 0, 15, 0, 0, 0, 0, 0, 15, 0, 0, 0, 0, 15, 0, 0, 0, 0, 19, 0, 0, 15, 17, 0, 0, 15, 0, 0, 0, 0, 0, 0, 0, 0, 0, 0, 0, 0, 15, 0, 20, 0, 0, 0, 0, 0, 0, 0, 0, 0, 0, 17, 0, 0, 0, 0, 0, 0, 18, 16, 0, 0, 0, 0, 0, 0, 0, 0, 0, 20, 0, 0, 0, 16, 15, 16, 0, 20, 0, 0, 0, 0, 8, 0, 0, 28, 0, 23, 0, 15, 0, 0, 0, 0, 0, 0, 15, 15, 0, 0, 15, 0, 0, 15, 5, 0, 0, 0, 0, 0, 0, : 17, 15, 15, 8, 16, 15, 17, 7, 15, 15, 26, 15, 15, 15, 15, 15, 18, 15, 15, 15, 15, 15, 15, 15, 15, 15, 7, 8, 15, 15, 15, 19, 15, 17, 15, 15, 20, 17, 18, 16, 20, 16, 15, 16, 20, 8, 28, 23, 15, 15, 15, 15, 15, 5, 
5: 15, 0, 0, 0, 18, 20, 0, 0, 0, 0, 0, 0, 0, 0, 15, 0, 0, 19, 0, 0, 0, 23, 0, 17, 0, 0, 15, 0, 0, 0, 0, 0, 0, 0, 30, 0, 0, 21, 15, 0, 0, 0, 0, 15, 15, 0, 0, 0, 22, 0, 28, 15, 15, 15, 0, 0, 0, 0, 0, 0, 0, 0, 0, 0, 0, 0, 0, 0, 0, 0, 0, 0, 15, 0, 0, 15, 0, 0, 0, 15, 0, 0, 15, 0, 15, 20, 0, 0, 0, 11, 0, 15, 0, 15, 0, 0, 0, 17, 9, 0, 16, 19, 0, 0, 0, 0, 17, 0, 1, 0, 8, 15, 10, 0, 0, 0, 19, 0, 0, 27, 0, 0, 0, 0, 0, 0, 0, 0, 0, 17, 0, 1, 2, 22, 0, 0, 15, 0, 0, 24, 15, 0, 0, 0, 0, 0, 32, 0, 0, 0, 19, 0, 16, 16, 15, 0, 17, 18, 0, 0, 0, 19, 0, 15, 0, 0, 0, 0, 0, 0, 0, 0, 0, 0, 0, 0, 22, 0, 0, 0, 15, 0, 0, 0, 25, 0, 0, 15, 0, 0, 0, 0, 7, 0, 0, 0, 0, 0, 20, 6, : 15, 18, 20, 15, 19, 23, 17, 15, 30, 21, 15, 15, 15, 22, 28, 15, 15, 15, 15, 15, 15, 15, 15, 20, 11, 15, 15, 17, 9, 16, 19, 17, 1, 8, 15, 10, 19, 27, 17, 1, 2, 22, 15, 24, 15, 32, 19, 16, 16, 15, 17, 18, 19, 15, 22, 15, 25, 15, 7, 20, 6, 
8: 0, 17, 0, 0, 15, 0, 23, 0, 15, 0, 0, 0, 17, 0, 15, 17, 0, 0, 0, 15, 0, 0, 15, 0, 0, 16, 0, 0, 15, 0, 0, 16, 0, 0, 0, 0, 0, 10, 0, 0, 0, 15, 10, 15, 0, 16, 15, 0, 15, 15, 0, 0, 0, 0, 8, 0, 17, 15, 15, 0, 0, 15, 0, 0, 0, 0, 0, 0, 0, 18, 19, 0, 16, 15, 15, 0, 0, 3, 0, 0, 15, 16, 15, 0, 0, 0, 0, 0, 0, 0, 0, 0, 20, 16, 0, 0, 0, 5, 15, 15, 16, 20, 0, 15, 0, 0, 17, 0, 0, 0, 0, 0, 0, 0, 0, 15, 0, 16, 0, 0, 16, 0, 0, 0, 0, 0, 22, 0, 0, 0, 15, 0, 15, 0, 16, 0, 8, 15, 0, 0, 0, 0, 2, 17, 32, 16, 16, 15, 6, 8, 0, 15, 0, 0, 0, 0, 15, 15, 0, 0, 7, 0, 0, 15, 9, 0, 15, 0, 0, 0, 15, 15, 23, 0, 0, 0, 0, 0, 0, 0, 0, 0, 0, 0, 0, 0, 0, 16, 15, 0, 0, 0, 0, 0, 0, 0, 15, 18, 0, 0, : 17, 15, 23, 15, 17, 15, 17, 15, 15, 16, 15, 16, 10, 15, 10, 15, 16, 15, 15, 15, 8, 17, 15, 15, 15, 18, 19, 16, 15, 15, 3, 15, 16, 15, 20, 16, 5, 15, 15, 16, 20, 15, 17, 15, 16, 16, 22, 15, 15, 16, 8, 15, 2, 17, 32, 16, 16, 15, 6, 8, 15, 15, 15, 7, 15, 9, 15, 15, 15, 23, 16, 15, 15, 18, 
44: 16, 0, 15, 0, 0, 4, 0, 0, 0, 0, 0, 0, 0, 0, 0, 0, 0, 0, 0, 0, 17, 0, 0, 0, 20, 0, 0, 0, 0, 0, 0, 0, 16, 0, 0, 27, 15, 0, 15, 0, 0, 0, 0, 15, 0, 0, 21, 15, 0, 0, 0, 0, 0, 0, 0, 0, 0, 0, 0, 0, 0, 0, 0, 0, 0, 15, 0, 16, 0, 0, 0, 36, 0, 4, 15, 0, 21, 0, 0, 0, 0, 0, 0, 0, 0, 0, 0, 0, 15, 0, 0, 0, 15, 0, 15, 0, 0, 0, 0, 0, 0, 0, 0, 15, 22, 0, 0, 0, 0, 17, 17, 0, 0, 15, 16, 26, 0, 0, 0, 0, 16, 15, 0, 25, 0, 0, 0, 15, 0, 16, 0, 15, 15, 0, 15, 0, 0, 0, 0, 0, 0, 0, 0, 0, 0, 17, 0, 15, 0, 15, 0, 0, 15, 0, 0, 15, 26, 0, 0, 22, 0, 0, 0, 0, 0, 12, 0, 0, 15, 0, 0, 0, 0, 0, 0, 17, 10, 15, 15, 0, 0, 0, 0, 0, 0, 0, 0, 0, 0, 0, 0, 16, 0, 20, 0, 0, 0, 0, 15, 15, : 16, 15, 4, 17, 20, 16, 27, 15, 15, 15, 21, 15, 15, 16, 36, 4, 15, 21, 15, 15, 15, 15, 22, 17, 17, 15, 16, 26, 16, 15, 25, 15, 16, 15, 15, 15, 17, 15, 15, 15, 15, 26, 22, 12, 15, 17, 10, 15, 15, 16, 20, 15, 15, 
78: 0, 21, 0, 0, 21, 0, 0, 0, 15, 0, 20, 0, 21, 0, 21, 0, 0, 6, 0, 0, 0, 0, 15, 0, 15, 0, 0, 0, 0, 15, 0, 0, 0, 18, 0, 15, 0, 0, 0, 0, 17, 0, 0, 16, 16, 0, 0, 0, 0, 0, 0, 15, 0, 0, 0, 0, 0, 19, 0, 0, 0, 0, 15, 0, 0, 30, 0, 0, 0, 0, 0, 15, 0, 0, 0, 0, 0, 0, 0, 15, 0, 0, 0, 15, 0, 0, 15, 0, 0, 0, 23, 0, 0, 0, 0, 0, 16, 0, 0, 15, 0, 10, 16, 0, 0, 0, 0, 15, 0, 0, 0, 0, 15, 4, 0, 0, 0, 17, 21, 0, 0, 21, 21, 15, 15, 0, 0, 15, 16, 0, 0, 15, 15, 0, 15, 15, 0, 0, 15, 0, 0, 0, 0, 15, 0, 15, 0, 0, 15, 15, 0, 15, 0, 15, 0, 15, 0, 0, 0, 15, 0, 16, 0, 15, 0, 0, 0, 0, 0, 0, 16, 0, 16, 0, 0, 15, 0, 0, 15, 16, 0, 0, 0, 0, 15, 0, 0, 7, 15, 15, 16, 0, 16, 0, 15, 0, 15, 0, 0, 0, : 21, 21, 15, 20, 21, 21, 6, 15, 15, 15, 18, 15, 17, 16, 16, 15, 19, 15, 30, 15, 15, 15, 15, 23, 16, 15, 10, 16, 15, 15, 4, 17, 21, 21, 21, 15, 15, 15, 16, 15, 15, 15, 15, 15, 15, 15, 15, 15, 15, 15, 15, 15, 16, 15, 16, 16, 15, 15, 16, 15, 7, 15, 15, 16, 16, 15, 15, 
67: 0, 15, 18, 0, 0, 0, 15, 0, 0, 15, 16, 0, 15, 0, 0, 26, 0, 0, 18, 15, 0, 0, 0, 15, 0, 0, 0, 0, 15, 9, 15, 15, 0, 18, 0, 0, 17, 0, 16, 0, 17, 15, 17, 0, 16, 0, 0, 0, 0, 0, 0, 16, 15, 22, 0, 0, 15, 0, 14, 0, 0, 0, 17, 0, 0, 23, 15, 0, 18, 0, 0, 0, 0, 0, 0, 21, 0, 16, 0, 0, 16, 0, 0, 15, 15, 0, 15, 35, 0, 0, 0, 7, 15, 0, 0, 18, 0, 0, 0, 0, 19, 16, 0, 0, 15, 0, 0, 0, 0, 0, 0, 16, 15, 15, 0, 0, 0, 0, 0, 0, 2, 0, 0, 0, 0, 0, 3, 0, 0, 0, 0, 0, 0, 0, 0, 15, 17, 0, 24, 14, 0, 15, 19, 0, 0, 0, 0, 0, 0, 0, 0, 0, 0, 0, 0, 0, 0, 15, 24, 0, 17, 0, 15, 0, 0, 0, 0, 0, 18, 0, 0, 15, 0, 17, 0, 0, 0, 0, 0, 15, 0, 0, 18, 15, 0, 0, 0, 0, 15, 0, 0, 0, 0, 0, 15, 0, 0, 16, 0, 0, : 15, 18, 15, 15, 16, 15, 26, 18, 15, 15, 15, 9, 15, 15, 18, 17, 16, 17, 15, 17, 16, 16, 15, 22, 15, 14, 17, 23, 15, 18, 21, 16, 16, 15, 15, 15, 35, 7, 15, 18, 19, 16, 15, 16, 15, 15, 2, 3, 15, 17, 24, 14, 15, 19, 15, 24, 17, 15, 18, 15, 17, 15, 18, 15, 15, 15, 16, 
75: 0, 0, 0, 0, 0, 0, 0, 0, 0, 0, 5, 0, 0, 26, 0, 0, 0, 0, 0, 0, 1, 0, 0, 0, 0, 20, 16, 15, 0, 0, 15, 0, 0, 0, 0, 0, 0, 0, 0, 15, 0, 0, 15, 15, 0, 0, 0, 0, 0, 0, 0, 0, 0, 0, 26, 0, 0, 0, 15, 0, 15, 0, 0, 0, 0, 17, 15, 0, 0, 21, 0, 4, 0, 0, 0, 0, 0, 0, 15, 0, 9, 8, 0, 0, 0, 15, 0, 0, 0, 0, 0, 0, 0, 0, 15, 2, 0, 15, 15, 0, 16, 20, 0, 0, 15, 0, 19, 0, 15, 0, 0, 0, 15, 0, 15, 15, 0, 0, 0, 15, 0, 15, 0, 0, 0, 0, 0, 0, 23, 0, 0, 0, 0, 15, 16, 0, 0, 0, 0, 0, 0, 15, 0, 15, 7, 23, 0, 15, 0, 0, 23, 15, 15, 18, 0, 0, 0, 0, 15, 2, 15, 20, 0, 0, 0, 26, 0, 0, 18, 14, 0, 0, 15, 0, 0, 0, 0, 0, 0, 0, 0, 0, 0, 24, 19, 0, 0, 0, 0, 15, 20, 0, 0, 15, 0, 0, 21, 15, 0, 0, : 5, 26, 1, 20, 16, 15, 15, 15, 15, 15, 26, 15, 15, 17, 15, 21, 4, 15, 9, 8, 15, 15, 2, 15, 15, 16, 20, 15, 19, 15, 15, 15, 15, 15, 15, 23, 15, 16, 15, 15, 7, 23, 15, 23, 15, 15, 18, 15, 2, 15, 20, 26, 18, 14, 15, 24, 19, 15, 20, 15, 21, 15, 
99: 18, 0, 0, 16, 0, 0, 0, 0, 0, 0, 0, 6, 0, 15, 0, 0, 16, 15, 4, 15, 0, 0, 0, 0, 15, 15, 9, 0, 0, 0, 0, 0, 0, 0, 0, 18, 0, 0, 0, 0, 0, 0, 0, 0, 15, 0, 0, 0, 0, 0, 0, 15, 0, 0, 0, 0, 8, 0, 0, 8, 0, 15, 0, 16, 0, 0, 0, 0, 0, 15, 0, 0, 0, 0, 15, 37, 0, 0, 0, 0, 0, 15, 0, 0, 0, 15, 0, 0, 0, 16, 21, 0, 10, 15, 15, 0, 23, 0, 0, 15, 0, 0, 15, 0, 12, 0, 16, 5, 0, 15, 0, 16, 0, 0, 0, 0, 15, 0, 11, 0, 15, 17, 0, 0, 0, 24, 0, 17, 17, 0, 0, 21, 21, 15, 0, 15, 0, 15, 0, 0, 15, 0, 0, 30, 0, 0, 0, 0, 15, 0, 0, 0, 0, 15, 25, 3, 0, 0, 0, 0, 0, 0, 20, 18, 0, 31, 0, 0, 15, 20, 0, 0, 0, 15, 0, 0, 0, 15, 0, 20, 18, 0, 0, 0, 0, 18, 8, 0, 0, 16, 0, 0, 15, 0, 0, 15, 0, 0, 18, 15, : 18, 16, 6, 15, 16, 15, 4, 15, 15, 15, 9, 18, 15, 15, 8, 8, 15, 16, 15, 15, 37, 15, 15, 16, 21, 10, 15, 15, 23, 15, 15, 12, 16, 5, 15, 16, 15, 11, 15, 17, 24, 17, 17, 21, 21, 15, 15, 15, 15, 30, 15, 15, 25, 3, 20, 18, 31, 15, 20, 15, 15, 20, 18, 18, 8, 16, 15, 15, 18, 15, 
25: 0, 0, 0, 35, 15, 0, 15, 0, 15, 15, 0, 0, 0, 0, 0, 0, 15, 0, 0, 15, 15, 0, 0, 0, 0, 0, 0, 0, 15, 15, 0, 0, 0, 3, 0, 0, 17, 16, 15, 0, 0, 0, 0, 0, 0, 15, 0, 15, 0, 0, 9, 0, 21, 20, 0, 0, 0, 0, 0, 17, 15, 0, 15, 0, 15, 0, 0, 15, 0, 0, 0, 0, 0, 16, 0, 0, 17, 17, 0, 0, 0, 0, 16, 15, 0, 3, 0, 8, 15, 0, 0, 15, 0, 0, 0, 0, 1, 0, 0, 0, 16, 15, 0, 22, 15, 15, 0, 23, 18, 0, 15, 21, 0, 0, 0, 7, 0, 0, 20, 21, 0, 15, 0, 0, 15, 0, 0, 0, 16, 0, 0, 0, 0, 0, 15, 7, 15, 11, 0, 15, 0, 22, 15, 0, 0, 0, 0, 15, 0, 0, 0, 0, 0, 0, 0, 0, 0, 0, 0, 0, 16, 15, 0, 0, 15, 0, 0, 0, 0, 19, 0, 16, 15, 0, 15, 15, 0, 15, 0, 0, 0, 0, 0, 16, 0, 0, 0, 0, 0, 0, 0, 0, 0, 15, 19, 22, 0, 0, 0, 0, : 35, 15, 15, 15, 15, 15, 15, 15, 15, 15, 3, 17, 16, 15, 15, 15, 9, 21, 20, 17, 15, 15, 15, 15, 16, 17, 17, 16, 15, 3, 8, 15, 15, 1, 16, 15, 22, 15, 15, 23, 18, 15, 21, 7, 20, 21, 15, 15, 16, 15, 7, 15, 11, 15, 22, 15, 15, 16, 15, 15, 19, 16, 15, 15, 15, 15, 16, 15, 19, 22, 


22: 0, 0, 0, 18, 0, 0, 0, 0, 0, 20, 8, 0, 0, 0, 0, 0, 0, 25, 15, 0, 15, 8, 0, 0, 0, 0, 15, 0, 0, 18, 0, 15, 0, 0, 0, 0, 0, 0, 0, 0, 15, 0, 16, 0, 0, 0, 0, 17, 0, 15, 0, 0, 0, 0, 0, 18, 0, 0, 0, 0, 0, 0, 0, 0, 15, 16, 0, 0, 0, 16, 0, 15, 15, 0, 0, 0, 0, 0, 0, 0, 20, 0, 15, 3, 0, 0, 15, 0, 0, 0, 15, 0, 0, 0, 0, 5, 0, 0, 22, 0, 0, 0, 0, 0, 0, 15, 0, 0, 0, 0, 0, 15, 0, 0, 0, 0, 0, 2, 0, 8, 0, 16, 0, 0, 0, 17, 0, 0, 0, 15, 0, 0, 15, 0, 0, 0, 0, 0, 17, 0, 0, 0, 16, 0, 0, 14, 0, 32, 0, 17, 15, 0, 0, 17, 15, 0, 0, 22, 0, 15, 0, 0, 0, 18, 20, 0, 0, 0, 0, 15, 0, 15, 0, 0, 0, 0, 0, 0, 0, 0, 0, 0, 0, 0, 0, 0, 7, 15, 0, 0, 0, 0, 0, 2, 0, 18, 0, 0, 0, 0, : 18, 20, 8, 25, 15, 15, 8, 15, 18, 15, 15, 16, 17, 15, 18, 15, 16, 16, 15, 15, 20, 15, 3, 15, 15, 5, 22, 15, 15, 2, 8, 16, 17, 15, 15, 17, 16, 14, 32, 17, 15, 17, 15, 22, 15, 18, 20, 15, 15, 7, 15, 2, 18, 
60: 15, 15, 0, 15, 0, 0, 4, 0, 0, 0, 0, 0, 0, 0, 0, 15, 0, 0, 0, 15, 0, 0, 0, 0, 0, 15, 0, 15, 0, 0, 0, 0, 15, 0, 5, 0, 0, 15, 0, 0, 0, 15, 0, 24, 0, 15, 30, 16, 4, 15, 25, 15, 15, 0, 15, 13, 0, 0, 22, 0, 0, 0, 15, 0, 15, 0, 0, 0, 0, 0, 0, 0, 0, 0, 15, 0, 0, 10, 0, 15, 0, 15, 0, 19, 0, 0, 0, 15, 9, 0, 0, 0, 0, 0, 9, 0, 0, 0, 0, 17, 27, 0, 15, 15, 0, 9, 15, 16, 0, 26, 0, 0, 0, 15, 25, 15, 0, 15, 15, 15, 0, 15, 15, 9, 0, 15, 15, 0, 15, 0, 15, 16, 0, 0, 15, 0, 17, 0, 11, 0, 2, 0, 0, 0, 0, 15, 0, 15, 15, 0, 0, 0, 0, 0, 17, 0, 15, 0, 0, 0, 8, 15, 0, 0, 0, 0, 0, 0, 0, 0, 0, 0, 0, 18, 17, 0, 0, 0, 20, 0, 0, 0, 0, 17, 0, 9, 0, 0, 9, 0, 6, 0, 15, 20, 0, 0, 15, 0, 0, 15, : 15, 15, 15, 4, 15, 15, 15, 15, 15, 5, 15, 15, 24, 15, 30, 16, 4, 15, 25, 15, 15, 15, 13, 22, 15, 15, 15, 10, 15, 15, 19, 15, 9, 9, 17, 27, 15, 15, 9, 15, 16, 26, 15, 25, 15, 15, 15, 15, 15, 15, 9, 15, 15, 15, 15, 16, 15, 17, 11, 2, 15, 15, 15, 17, 15, 8, 15, 18, 17, 20, 17, 9, 9, 6, 15, 20, 15, 15, 
57: 15, 0, 0, 0, 0, 0, 0, 0, 0, 0, 0, 0, 0, 0, 0, 15, 0, 27, 0, 0, 15, 18, 0, 0, 0, 15, 15, 0, 0, 15, 0, 0, 0, 15, 0, 15, 0, 0, 0, 0, 0, 34, 15, 0, 15, 0, 15, 15, 0, 0, 0, 0, 0, 15, 0, 24, 0, 5, 0, 0, 0, 0, 2, 0, 0, 0, 0, 0, 0, 0, 16, 0, 0, 0, 25, 22, 0, 0, 0, 0, 15, 0, 0, 0, 0, 0, 0, 0, 0, 17, 15, 0, 0, 0, 15, 15, 16, 15, 0, 15, 24, 0, 15, 0, 15, 0, 19, 0, 0, 15, 18, 0, 0, 17, 0, 15, 17, 0, 0, 0, 15, 18, 0, 15, 15, 0, 0, 16, 0, 0, 0, 0, 5, 15, 15, 0, 15, 15, 0, 15, 0, 0, 0, 15, 16, 0, 0, 0, 0, 0, 15, 22, 0, 18, 0, 0, 0, 0, 0, 0, 0, 0, 8, 0, 0, 4, 0, 0, 0, 0, 0, 0, 20, 0, 0, 0, 15, 0, 0, 26, 0, 0, 0, 0, 15, 0, 0, 10, 0, 0, 0, 0, 0, 0, 0, 0, 0, 16, 5, 16, : 15, 15, 27, 15, 18, 15, 15, 15, 15, 15, 34, 15, 15, 15, 15, 15, 24, 5, 2, 16, 25, 22, 15, 17, 15, 15, 15, 16, 15, 15, 24, 15, 15, 19, 15, 18, 17, 15, 17, 15, 18, 15, 15, 16, 5, 15, 15, 15, 15, 15, 15, 16, 15, 22, 18, 8, 4, 20, 15, 26, 15, 10, 16, 5, 16, 
16: 15, 0, 0, 16, 0, 0, 0, 0, 0, 5, 0, 15, 0, 0, 5, 0, 0, 0, 16, 0, 0, 15, 20, 0, 10, 0, 0, 0, 0, 0, 15, 0, 15, 0, 16, 0, 21, 15, 0, 16, 15, 15, 15, 0, 23, 0, 0, 0, 15, 15, 0, 0, 0, 0, 18, 15, 0, 0, 0, 0, 0, 15, 15, 0, 6, 0, 0, 0, 0, 0, 0, 0, 0, 0, 15, 0, 0, 0, 0, 0, 0, 16, 0, 15, 0, 0, 15, 0, 15, 15, 0, 15, 0, 0, 27, 0, 0, 0, 0, 0, 15, 0, 15, 0, 0, 0, 0, 0, 0, 15, 0, 0, 16, 0, 18, 0, 16, 0, 17, 0, 0, 16, 4, 0, 15, 0, 15, 0, 0, 0, 0, 0, 0, 15, 0, 15, 0, 27, 0, 0, 0, 0, 15, 0, 17, 0, 15, 0, 15, 0, 0, 15, 0, 0, 15, 0, 0, 15, 0, 0, 15, 0, 0, 0, 0, 0, 0, 0, 0, 0, 0, 0, 0, 0, 0, 0, 0, 38, 15, 0, 21, 0, 16, 0, 15, 15, 0, 0, 0, 0, 0, 0, 0, 15, 0, 15, 0, 18, 0, 15, : 15, 16, 5, 15, 5, 16, 15, 20, 10, 15, 15, 16, 21, 15, 16, 15, 15, 15, 23, 15, 15, 18, 15, 15, 15, 6, 15, 16, 15, 15, 15, 15, 15, 27, 15, 15, 15, 16, 18, 16, 17, 16, 4, 15, 15, 15, 15, 27, 15, 17, 15, 15, 15, 15, 15, 15, 38, 15, 21, 16, 15, 15, 15, 15, 18, 15, 
62: 0, 0, 29, 0, 15, 2, 0, 15, 0, 0, 0, 15, 15, 0, 0, 0, 0, 0, 0, 0, 0, 15, 1, 9, 0, 0, 15, 0, 19, 0, 15, 0, 0, 0, 0, 15, 0, 0, 0, 0, 0, 0, 15, 0, 0, 0, 7, 0, 0, 0, 0, 15, 0, 18, 0, 0, 0, 15, 16, 0, 0, 0, 0, 18, 0, 15, 0, 0, 0, 0, 0, 0, 15, 0, 0, 0, 15, 0, 0, 2, 0, 0, 18, 0, 18, 0, 0, 0, 15, 0, 18, 0, 0, 0, 0, 0, 0, 0, 0, 0, 0, 15, 0, 0, 0, 16, 0, 0, 0, 0, 21, 0, 0, 0, 0, 0, 15, 20, 0, 0, 15, 0, 0, 15, 0, 0, 0, 6, 0, 16, 0, 0, 15, 0, 0, 14, 0, 15, 16, 38, 0, 17, 0, 0, 0, 0, 0, 0, 15, 0, 15, 18, 0, 0, 15, 0, 0, 0, 0, 0, 15, 0, 0, 0, 0, 0, 0, 0, 0, 15, 0, 0, 0, 17, 0, 9, 0, 0, 17, 0, 13, 0, 17, 0, 15, 0, 0, 15, 0, 0, 0, 15, 6, 0, 8, 15, 0, 3, 0, 0, : 29, 15, 2, 15, 15, 15, 15, 1, 9, 15, 19, 15, 15, 15, 7, 15, 18, 15, 16, 18, 15, 15, 15, 2, 18, 18, 15, 18, 15, 16, 21, 15, 20, 15, 15, 6, 16, 15, 14, 15, 16, 38, 17, 15, 15, 18, 15, 15, 15, 17, 9, 17, 13, 17, 15, 15, 15, 6, 8, 15, 3, 
59: 0, 0, 22, 19, 0, 0, 15, 0, 16, 0, 15, 0, 0, 0, 0, 1, 0, 0, 0, 0, 0, 0, 0, 0, 0, 15, 0, 16, 0, 0, 0, 0, 15, 15, 0, 0, 15, 0, 15, 9, 4, 0, 0, 15, 14, 0, 0, 0, 0, 0, 0, 0, 15, 0, 0, 0, 0, 0, 0, 15, 0, 0, 0, 0, 0, 0, 0, 0, 0, 0, 0, 0, 0, 15, 0, 0, 0, 15, 15, 17, 0, 0, 15, 15, 0, 0, 2, 15, 0, 15, 0, 0, 0, 0, 15, 0, 0, 15, 15, 0, 0, 0, 0, 0, 15, 15, 15, 0, 0, 0, 0, 0, 0, 0, 0, 0, 0, 0, 0, 0, 16, 0, 15, 16, 16, 16, 0, 16, 0, 0, 0, 0, 0, 1, 0, 0, 0, 16, 0, 0, 21, 16, 0, 0, 0, 0, 0, 0, 15, 0, 0, 15, 15, 15, 0, 18, 16, 0, 15, 15, 0, 0, 0, 17, 0, 0, 0, 15, 0, 0, 4, 0, 15, 0, 17, 0, 0, 0, 0, 16, 0, 0, 0, 0, 0, 0, 15, 0, 15, 0, 0, 25, 15, 0, 15, 0, 0, 15, 16, 0, : 22, 19, 15, 16, 15, 1, 15, 16, 15, 15, 15, 15, 9, 4, 15, 14, 15, 15, 15, 15, 15, 17, 15, 15, 2, 15, 15, 15, 15, 15, 15, 15, 15, 16, 15, 16, 16, 16, 16, 1, 16, 21, 16, 15, 15, 15, 15, 18, 16, 15, 15, 17, 15, 4, 15, 17, 16, 15, 15, 25, 15, 15, 15, 16, 
92: 10, 0, 0, 0, 0, 0, 0, 15, 0, 0, 0, 15, 0, 22, 0, 0, 0, 0, 23, 0, 0, 0, 15, 27, 15, 0, 0, 0, 0, 20, 15, 0, 10, 0, 0, 26, 0, 0, 0, 0, 0, 0, 0, 0, 0, 15, 18, 3, 0, 0, 15, 0, 0, 0, 0, 0, 17, 0, 0, 15, 15, 15, 0, 15, 0, 0, 0, 28, 0, 0, 0, 25, 0, 0, 0, 24, 23, 15, 0, 15, 0, 15, 0, 0, 0, 0, 0, 17, 0, 15, 33, 0, 0, 0, 0, 25, 0, 0, 0, 0, 0, 16, 0, 15, 23, 0, 26, 0, 15, 0, 0, 0, 0, 0, 15, 0, 0, 0, 0, 0, 0, 0, 15, 0, 0, 0, 0, 17, 0, 16, 15, 0, 18, 15, 0, 15, 0, 0, 0, 0, 22, 0, 0, 0, 0, 0, 20, 0, 0, 16, 0, 0, 15, 0, 0, 0, 9, 19, 17, 0, 0, 0, 0, 0, 10, 15, 18, 0, 0, 15, 0, 0, 0, 0, 0, 0, 6, 15, 0, 0, 0, 0, 0, 0, 0, 15, 0, 0, 0, 15, 0, 3, 0, 0, 15, 0, 0, 15, 15, 15, : 10, 15, 15, 22, 23, 15, 27, 15, 20, 15, 10, 26, 15, 18, 3, 15, 17, 15, 15, 15, 15, 28, 25, 24, 23, 15, 15, 15, 17, 15, 33, 25, 16, 15, 23, 26, 15, 15, 15, 17, 16, 15, 18, 15, 15, 22, 20, 16, 15, 9, 19, 17, 10, 15, 18, 15, 6, 15, 15, 15, 3, 15, 15, 15, 15, 
43: 0, 0, 0, 0, 17, 15, 20, 15, 15, 15, 0, 0, 15, 0, 0, 0, 15, 18, 15, 15, 6, 29, 0, 0, 15, 0, 0, 0, 0, 15, 0, 0, 0, 0, 0, 0, 27, 15, 15, 15, 15, 0, 0, 0, 18, 15, 0, 0, 17, 0, 0, 0, 0, 0, 0, 15, 0, 15, 15, 0, 20, 0, 22, 0, 0, 18, 0, 15, 15, 0, 15, 15, 0, 0, 0, 0, 15, 0, 0, 0, 0, 0, 6, 27, 0, 0, 20, 0, 0, 8, 16, 4, 15, 0, 0, 0, 0, 19, 0, 15, 0, 8, 0, 21, 0, 15, 0, 0, 0, 15, 15, 0, 0, 0, 0, 0, 0, 15, 0, 0, 5, 0, 0, 15, 0, 21, 16, 0, 0, 0, 0, 0, 16, 0, 0, 15, 15, 0, 0, 0, 0, 0, 0, 22, 0, 0, 0, 0, 0, 0, 0, 0, 0, 0, 0, 0, 0, 0, 15, 0, 0, 0, 0, 0, 0, 0, 15, 0, 0, 10, 15, 0, 15, 0, 15, 0, 0, 0, 0, 0, 0, 0, 0, 0, 15, 0, 0, 0, 0, 0, 0, 0, 16, 0, 0, 0, 0, 0, 0, 0, : 17, 15, 20, 15, 15, 15, 15, 15, 18, 15, 15, 6, 29, 15, 15, 27, 15, 15, 15, 15, 18, 15, 17, 15, 15, 15, 20, 22, 18, 15, 15, 15, 15, 15, 6, 27, 20, 8, 16, 4, 15, 19, 15, 8, 21, 15, 15, 15, 15, 5, 15, 21, 16, 16, 15, 15, 22, 15, 15, 10, 15, 15, 15, 15, 16, 
91: 15, 0, 0, 0, 0, 0, 0, 0, 15, 0, 0, 0, 0, 0, 15, 0, 15, 0, 0, 0, 15, 0, 0, 0, 0, 0, 0, 0, 0, 0, 8, 0, 0, 18, 0, 0, 0, 0, 0, 0, 20, 0, 0, 0, 0, 0, 0, 0, 16, 19, 0, 0, 15, 0, 0, 0, 32, 15, 0, 0, 0, 0, 0, 0, 15, 0, 37, 0, 0, 15, 15, 0, 0, 0, 20, 16, 0, 0, 15, 0, 0, 0, 0, 0, 0, 15, 0, 0, 0, 15, 0, 16, 0, 15, 15, 0, 30, 0, 0, 7, 0, 15, 0, 0, 17, 0, 15, 0, 15, 15, 15, 0, 0, 19, 0, 0, 0, 0, 15, 0, 0, 0, 0, 0, 15, 0, 0, 0, 1, 0, 0, 0, 0, 0, 0, 0, 0, 18, 0, 0, 0, 15, 0, 16, 15, 0, 15, 0, 0, 0, 0, 15, 0, 15, 0, 0, 0, 0, 0, 15, 0, 15, 0, 0, 0, 0, 0, 0, 21, 0, 16, 15, 15, 0, 16, 0, 0, 0, 0, 0, 0, 15, 15, 0, 0, 0, 0, 15, 0, 15, 23, 0, 0, 0, 15, 16, 26, 0, 0, 0, : 15, 15, 15, 15, 15, 8, 18, 20, 16, 19, 15, 32, 15, 15, 37, 15, 15, 20, 16, 15, 15, 15, 16, 15, 15, 30, 7, 15, 17, 15, 15, 15, 15, 19, 15, 15, 1, 18, 15, 16, 15, 15, 15, 15, 15, 15, 21, 16, 15, 15, 16, 15, 15, 15, 15, 23, 15, 16, 26, 
19: 0, 0, 0, 15, 15, 0, 16, 0, 0, 0, 28, 9, 0, 15, 21, 0, 0, 0, 0, 15, 0, 15, 0, 15, 0, 0, 0, 21, 0, 15, 0, 3, 0, 0, 15, 0, 0, 0, 0, 0, 15, 0, 0, 0, 15, 0, 0, 0, 0, 0, 15, 0, 0, 0, 0, 0, 0, 0, 17, 0, 0, 15, 0, 0, 0, 0, 15, 0, 0, 17, 0, 15, 16, 6, 0, 0, 0, 0, 10, 20, 0, 17, 0, 0, 15, 15, 15, 0, 15, 0, 0, 0, 15, 0, 0, 0, 9, 0, 0, 0, 0, 0, 6, 0, 0, 0, 0, 0, 18, 0, 10, 15, 0, 18, 0, 15, 0, 0, 0, 0, 0, 0, 0, 0, 0, 0, 15, 0, 15, 16, 19, 0, 0, 16, 15, 0, 15, 9, 0, 16, 0, 16, 0, 0, 4, 15, 0, 15, 17, 15, 25, 0, 35, 15, 0, 15, 0, 0, 0, 0, 15, 15, 0, 0, 0, 0, 15, 0, 0, 15, 15, 4, 0, 0, 0, 0, 0, 15, 0, 15, 16, 15, 15, 15, 0, 0, 0, 0, 0, 15, 15, 26, 0, 0, 0, 15, 0, 0, 16, 0, : 15, 15, 16, 28, 9, 15, 21, 15, 15, 15, 21, 15, 3, 15, 15, 15, 15, 17, 15, 15, 17, 15, 16, 6, 10, 20, 17, 15, 15, 15, 15, 15, 9, 6, 18, 10, 15, 18, 15, 15, 15, 16, 19, 16, 15, 15, 9, 16, 16, 4, 15, 15, 17, 15, 25, 35, 15, 15, 15, 15, 15, 15, 15, 4, 15, 15, 16, 15, 15, 15, 15, 15, 26, 15, 16, 
58: 0, 0, 0, 0, 0, 15, 0, 15, 0, 15, 16, 0, 9, 13, 29, 0, 0, 0, 0, 0, 0, 0, 15, 0, 15, 25, 0, 0, 0, 0, 0, 0, 15, 0, 0, 0, 17, 15, 0, 0, 16, 0, 23, 0, 0, 0, 0, 15, 0, 0, 0, 0, 14, 22, 0, 0, 25, 0, 17, 0, 15, 16, 0, 15, 0, 0, 0, 0, 0, 0, 0, 0, 0, 0, 0, 0, 0, 15, 0, 0, 0, 0, 0, 0, 0, 5, 0, 0, 0, 0, 0, 0, 15, 23, 0, 0, 15, 0, 15, 16, 0, 0, 15, 0, 0, 0, 0, 15, 0, 0, 0, 0, 0, 0, 0, 15, 0, 18, 16, 0, 15, 0, 0, 0, 0, 0, 0, 0, 0, 7, 0, 0, 0, 0, 0, 0, 0, 0, 0, 15, 0, 0, 0, 0, 0, 0, 0, 17, 15, 0, 15, 0, 0, 0, 15, 0, 0, 0, 17, 15, 0, 0, 0, 15, 16, 0, 0, 15, 0, 0, 0, 19, 0, 0, 5, 15, 0, 0, 0, 0, 0, 0, 0, 15, 15, 0, 16, 15, 0, 0, 0, 15, 0, 0, 0, 0, 24, 0, 0, 0, : 15, 15, 15, 16, 9, 13, 29, 15, 15, 25, 15, 17, 15, 16, 23, 15, 14, 22, 25, 17, 15, 16, 15, 15, 5, 15, 23, 15, 15, 16, 15, 15, 15, 18, 16, 15, 7, 15, 17, 15, 15, 15, 17, 15, 15, 16, 15, 19, 5, 15, 15, 15, 16, 15, 15, 24, 
63: 0, 15, 0, 0, 0, 0, 0, 0, 0, 0, 0, 15, 21, 0, 0, 0, 0, 0, 15, 16, 0, 0, 15, 0, 0, 0, 0, 0, 15, 0, 0, 28, 0, 0, 0, 5, 0, 0, 0, 15, 0, 4, 1, 0, 0, 0, 0, 0, 0, 5, 13, 0, 0, 0, 0, 0, 0, 16, 0, 0, 0, 18, 0, 21, 0, 0, 0, 0, 16, 0, 23, 0, 0, 0, 0, 0, 0, 15, 15, 0, 0, 0, 0, 21, 15, 0, 0, 2, 0, 0, 0, 15, 0, 0, 19, 0, 0, 15, 18, 0, 16, 0, 0, 0, 0, 15, 0, 0, 0, 0, 0, 8, 0, 0, 0, 0, 0, 15, 22, 0, 0, 0, 20, 0, 0, 0, 0, 0, 0, 15, 15, 0, 0, 15, 15, 0, 0, 0, 0, 0, 0, 0, 0, 0, 0, 18, 0, 6, 0, 0, 0, 15, 0, 0, 0, 0, 0, 14, 0, 0, 0, 15, 15, 0, 0, 0, 7, 15, 15, 0, 0, 0, 13, 0, 0, 16, 0, 32, 0, 17, 0, 0, 0, 15, 0, 0, 0, 0, 15, 15, 0, 16, 0, 0, 0, 6, 0, 0, 15, 0, : 15, 15, 21, 15, 16, 15, 15, 28, 5, 15, 4, 1, 5, 13, 16, 18, 21, 16, 23, 15, 15, 21, 15, 2, 15, 19, 15, 18, 16, 15, 8, 15, 22, 20, 15, 15, 15, 15, 18, 6, 15, 14, 15, 15, 7, 15, 15, 13, 16, 32, 17, 15, 15, 15, 16, 6, 15, 
33: 0, 15, 15, 0, 0, 0, 0, 0, 0, 0, 0, 0, 0, 0, 0, 15, 0, 0, 0, 15, 16, 0, 0, 15, 15, 0, 0, 15, 4, 0, 15, 0, 15, 0, 15, 0, 0, 10, 0, 0, 0, 0, 0, 15, 0, 0, 0, 0, 0, 0, 0, 0, 0, 13, 0, 0, 0, 0, 0, 0, 0, 0, 0, 0, 0, 0, 0, 0, 0, 0, 0, 0, 0, 15, 0, 0, 16, 0, 0, 16, 19, 0, 0, 0, 0, 15, 0, 0, 16, 0, 0, 0, 15, 0, 0, 22, 15, 0, 0, 0, 0, 0, 0, 3, 0, 0, 0, 22, 0, 14, 0, 0, 15, 0, 0, 0, 21, 0, 0, 15, 0, 4, 0, 0, 0, 0, 0, 0, 15, 0, 0, 15, 0, 0, 0, 0, 15, 0, 0, 0, 0, 18, 24, 0, 18, 0, 0, 0, 0, 15, 0, 0, 0, 0, 0, 30, 0, 15, 0, 0, 0, 0, 17, 0, 15, 18, 15, 0, 0, 0, 0, 0, 0, 0, 0, 15, 15, 0, 0, 0, 0, 0, 0, 0, 0, 0, 0, 15, 0, 18, 0, 0, 0, 17, 0, 0, 17, 18, 15, 0, : 15, 15, 15, 15, 16, 15, 15, 15, 4, 15, 15, 15, 10, 15, 13, 15, 16, 16, 19, 15, 16, 15, 22, 15, 3, 22, 14, 15, 21, 15, 4, 15, 15, 15, 18, 24, 18, 15, 30, 15, 17, 15, 18, 15, 15, 15, 15, 18, 17, 17, 18, 15, 
73: 0, 17, 0, 0, 5, 18, 0, 0, 0, 15, 17, 0, 0, 0, 0, 19, 0, 0, 16, 0, 15, 0, 19, 0, 0, 15, 0, 15, 15, 0, 0, 24, 0, 15, 15, 0, 0, 0, 31, 15, 0, 0, 0, 15, 0, 16, 15, 0, 0, 0, 0, 0, 0, 0, 15, 15, 0, 0, 0, 8, 15, 0, 0, 13, 15, 0, 0, 9, 0, 15, 0, 15, 0, 0, 0, 0, 15, 15, 0, 0, 15, 0, 0, 0, 6, 15, 0, 0, 0, 0, 0, 0, 0, 0, 0, 18, 0, 0, 0, 0, 3, 0, 15, 15, 15, 15, 0, 0, 21, 0, 0, 15, 15, 0, 0, 0, 0, 0, 0, 0, 0, 0, 0, 0, 0, 0, 9, 15, 17, 0, 0, 22, 16, 0, 0, 0, 0, 0, 0, 1, 0, 0, 15, 16, 15, 0, 0, 0, 0, 25, 0, 0, 0, 0, 0, 0, 15, 0, 15, 0, 0, 0, 0, 5, 0, 0, 15, 10, 0, 0, 0, 17, 0, 17, 0, 15, 17, 0, 0, 0, 0, 0, 0, 19, 0, 16, 0, 0, 0, 15, 15, 0, 15, 16, 17, 0, 3, 0, 18, 15, : 17, 5, 18, 15, 17, 19, 16, 15, 19, 15, 15, 15, 24, 15, 15, 31, 15, 15, 16, 15, 15, 15, 8, 15, 13, 15, 9, 15, 15, 15, 15, 15, 6, 15, 18, 3, 15, 15, 15, 15, 21, 15, 15, 9, 15, 17, 22, 16, 1, 15, 16, 15, 25, 15, 15, 5, 15, 10, 17, 17, 15, 17, 19, 16, 15, 15, 15, 16, 17, 3, 18, 15, 
28: 0, 0, 0, 17, 15, 15, 15, 0, 15, 0, 0, 0, 0, 20, 15, 0, 6, 30, 0, 0, 0, 0, 15, 0, 0, 15, 15, 0, 15, 0, 0, 0, 0, 0, 0, 0, 2, 15, 0, 0, 0, 0, 0, 1, 0, 20, 0, 0, 17, 0, 0, 15, 0, 17, 15, 0, 0, 0, 0, 16, 16, 6, 27, 0, 0, 0, 0, 0, 16, 19, 0, 15, 15, 19, 10, 0, 0, 0, 0, 0, 16, 18, 15, 0, 15, 0, 0, 0, 0, 0, 0, 0, 15, 0, 0, 0, 0, 15, 0, 15, 0, 26, 0, 0, 0, 0, 0, 15, 0, 0, 0, 0, 0, 16, 15, 15, 0, 0, 0, 15, 0, 0, 16, 0, 0, 15, 15, 15, 0, 0, 17, 0, 15, 0, 15, 25, 15, 0, 36, 0, 15, 15, 0, 0, 0, 15, 0, 15, 8, 12, 0, 0, 0, 0, 0, 22, 15, 0, 0, 9, 0, 0, 15, 22, 0, 15, 0, 15, 15, 0, 20, 0, 0, 0, 15, 15, 15, 0, 0, 0, 15, 15, 7, 0, 0, 15, 0, 0, 15, 0, 15, 0, 0, 0, 15, 0, 0, 15, 0, 0, : 17, 15, 15, 15, 15, 20, 15, 6, 30, 15, 15, 15, 15, 2, 15, 1, 20, 17, 15, 17, 15, 16, 16, 6, 27, 16, 19, 15, 15, 19, 10, 16, 18, 15, 15, 15, 15, 15, 26, 15, 16, 15, 15, 15, 16, 15, 15, 15, 17, 15, 15, 25, 15, 36, 15, 15, 15, 15, 8, 12, 22, 15, 9, 15, 22, 15, 15, 15, 20, 15, 15, 15, 15, 15, 7, 15, 15, 15, 15, 15, 
87: 0, 0, 0, 0, 0, 15, 15, 0, 0, 15, 0, 0, 0, 0, 0, 0, 33, 0, 0, 0, 18, 0, 0, 0, 0, 0, 25, 0, 17, 2, 0, 15, 0, 15, 0, 0, 0, 0, 15, 15, 0, 15, 0, 0, 0, 0, 0, 19, 0, 0, 0, 15, 0, 0, 0, 0, 11, 0, 13, 0, 4, 0, 0, 0, 0, 8, 15, 0, 15, 0, 13, 0, 15, 0, 0, 15, 0, 0, 15, 15, 0, 0, 0, 0, 0, 0, 15, 15, 15, 0, 3, 35, 0, 15, 0, 0, 0, 0, 0, 0, 0, 0, 0, 15, 15, 0, 0, 2, 0, 0, 21, 0, 15, 0, 0, 8, 16, 15, 0, 15, 19, 15, 0, 0, 0, 16, 0, 0, 0, 15, 0, 15, 0, 0, 0, 16, 0, 0, 0, 15, 0, 3, 0, 0, 0, 0, 0, 0, 0, 0, 0, 0, 0, 0, 17, 15, 15, 0, 17, 0, 0, 15, 15, 0, 15, 15, 15, 0, 0, 0, 15, 0, 0, 0, 0, 0, 0, 0, 15, 0, 0, 0, 0, 2, 0, 0, 0, 15, 15, 0, 0, 0, 17, 15, 0, 15, 0, 0, 0, 0, : 15, 15, 15, 33, 18, 25, 17, 2, 15, 15, 15, 15, 15, 19, 15, 11, 13, 4, 8, 15, 15, 13, 15, 15, 15, 15, 15, 15, 15, 3, 35, 15, 15, 15, 2, 21, 15, 8, 16, 15, 15, 19, 15, 16, 15, 15, 16, 15, 3, 17, 15, 15, 17, 15, 15, 15, 15, 15, 15, 15, 2, 15, 15, 17, 15, 15, 
26: 15, 0, 0, 0, 0, 0, 0, 9, 0, 0, 0, 0, 25, 15, 0, 20, 0, 0, 0, 0, 0, 0, 0, 0, 15, 0, 15, 0, 0, 0, 0, 0, 0, 22, 0, 15, 0, 0, 15, 0, 0, 0, 0, 0, 0, 15, 15, 0, 16, 16, 0, 0, 15, 0, 19, 0, 0, 0, 0, 15, 0, 15, 0, 18, 0, 15, 0, 15, 0, 0, 0, 0, 7, 15, 15, 0, 0, 0, 0, 0, 0, 0, 15, 0, 0, 0, 18, 15, 15, 0, 0, 15, 0, 18, 0, 0, 0, 0, 15, 0, 15, 0, 0, 0, 0, 0, 0, 0, 0, 0, 0, 15, 0, 15, 0, 0, 0, 0, 0, 16, 0, 0, 0, 15, 0, 0, 0, 15, 0, 0, 19, 16, 0, 23, 15, 0, 0, 0, 0, 0, 0, 0, 15, 0, 0, 23, 15, 0, 0, 0, 0, 0, 0, 5, 0, 0, 0, 0, 0, 0, 17, 0, 0, 0, 0, 0, 0, 15, 15, 0, 0, 15, 0, 21, 15, 0, 15, 0, 12, 15, 0, 21, 0, 0, 0, 15, 15, 0, 0, 7, 26, 0, 0, 0, 0, 0, 0, 0, 0, 15, : 15, 9, 25, 15, 20, 15, 15, 22, 15, 15, 15, 15, 16, 16, 15, 19, 15, 15, 18, 15, 15, 7, 15, 15, 15, 18, 15, 15, 15, 18, 15, 15, 15, 15, 16, 15, 15, 19, 16, 23, 15, 15, 23, 15, 5, 17, 15, 15, 15, 21, 15, 15, 12, 15, 21, 15, 15, 7, 26, 15, 
100: 0, 0, 19, 0, 18, 0, 0, 16, 16, 0, 0, 0, 0, 15, 0, 0, 15, 0, 0, 0, 0, 0, 0, 0, 15, 0, 0, 3, 15, 0, 17, 0, 0, 0, 19, 0, 18, 15, 9, 15, 0, 0, 0, 0, 0, 0, 0, 0, 15, 0, 16, 21, 0, 0, 0, 0, 15, 0, 0, 0, 0, 0, 0, 0, 0, 28, 0, 17, 23, 0, 0, 0, 0, 15, 0, 0, 15, 0, 15, 0, 0, 0, 0, 0, 15, 0, 0, 0, 0, 0, 0, 0, 10, 15, 0, 0, 0, 5, 0, 0, 0, 0, 0, 16, 0, 0, 0, 15, 15, 0, 0, 0, 15, 0, 27, 17, 0, 0, 15, 0, 0, 0, 0, 15, 15, 0, 15, 0, 0, 0, 0, 0, 0, 0, 10, 0, 8, 0, 20, 0, 15, 0, 0, 16, 15, 0, 16, 0, 0, 0, 0, 0, 0, 0, 0, 0, 0, 0, 0, 16, 0, 15, 15, 23, 0, 15, 0, 15, 20, 0, 0, 0, 0, 27, 0, 0, 0, 0, 0, 0, 0, 10, 0, 17, 25, 0, 17, 0, 15, 0, 0, 0, 16, 15, 0, 0, 0, 0, 0, 0, : 19, 18, 16, 16, 15, 15, 15, 3, 15, 17, 19, 18, 15, 9, 15, 15, 16, 21, 15, 28, 17, 23, 15, 15, 15, 15, 10, 15, 5, 16, 15, 15, 15, 27, 17, 15, 15, 15, 15, 10, 8, 20, 15, 16, 15, 16, 16, 15, 15, 23, 15, 15, 20, 27, 10, 17, 25, 17, 15, 16, 15, 
97: 0, 19, 0, 0, 15, 0, 15, 0, 15, 15, 0, 15, 15, 0, 15, 0, 16, 0, 0, 24, 0, 0, 0, 0, 0, 0, 0, 0, 0, 0, 15, 15, 15, 0, 0, 24, 0, 0, 0, 0, 0, 0, 0, 15, 15, 0, 0, 0, 0, 0, 0, 15, 0, 15, 18, 0, 0, 34, 0, 16, 15, 0, 0, 0, 15, 0, 16, 16, 0, 15, 0, 0, 17, 15, 0, 7, 0, 15, 0, 0, 15, 19, 16, 0, 0, 35, 0, 21, 0, 0, 0, 0, 0, 14, 0, 0, 0, 0, 0, 0, 0, 20, 0, 0, 0, 0, 10, 0, 0, 0, 0, 17, 24, 0, 0, 0, 15, 0, 0, 0, 0, 0, 15, 0, 15, 0, 0, 0, 22, 0, 0, 1, 0, 0, 0, 0, 0, 0, 0, 0, 0, 0, 0, 15, 0, 0, 0, 0, 0, 0, 0, 0, 20, 15, 0, 0, 0, 0, 0, 15, 15, 10, 0, 0, 24, 18, 0, 0, 14, 30, 15, 0, 22, 0, 0, 0, 17, 0, 0, 0, 18, 24, 15, 0, 0, 15, 15, 0, 0, 0, 0, 0, 0, 0, 0, 0, 0, 0, 0, 0, : 19, 15, 15, 15, 15, 15, 15, 15, 16, 24, 15, 15, 15, 24, 15, 15, 15, 15, 18, 34, 16, 15, 15, 16, 16, 15, 17, 15, 7, 15, 15, 19, 16, 35, 21, 14, 20, 10, 17, 24, 15, 15, 15, 22, 1, 15, 20, 15, 15, 15, 10, 24, 18, 14, 30, 15, 22, 17, 18, 24, 15, 15, 15, 
50: 15, 19, 15, 0, 0, 20, 0, 15, 8, 0, 16, 16, 0, 0, 0, 15, 0, 0, 0, 0, 0, 0, 0, 34, 0, 0, 0, 15, 0, 15, 0, 0, 0, 0, 15, 0, 0, 0, 0, 0, 0, 17, 15, 15, 0, 4, 0, 15, 0, 15, 16, 4, 26, 0, 0, 0, 0, 0, 0, 15, 0, 0, 19, 0, 19, 0, 17, 0, 15, 3, 18, 0, 0, 0, 0, 16, 1, 0, 15, 0, 0, 0, 0, 0, 16, 0, 0, 0, 0, 15, 0, 0, 15, 0, 0, 15, 15, 16, 15, 15, 0, 0, 19, 0, 0, 0, 0, 15, 16, 0, 0, 15, 0, 0, 0, 0, 0, 0, 0, 16, 15, 16, 0, 0, 9, 0, 0, 0, 15, 0, 0, 15, 0, 0, 0, 0, 0, 0, 0, 0, 25, 0, 15, 0, 0, 0, 19, 0, 0, 0, 15, 0, 15, 0, 6, 0, 15, 15, 4, 0, 15, 0, 15, 0, 0, 0, 0, 0, 0, 0, 0, 15, 0, 0, 0, 15, 0, 0, 21, 11, 17, 0, 15, 0, 0, 0, 15, 0, 16, 0, 0, 0, 0, 0, 15, 0, 15, 0, 0, 9, : 15, 19, 15, 20, 15, 8, 16, 16, 15, 34, 15, 15, 15, 17, 15, 15, 4, 15, 15, 16, 4, 26, 15, 19, 19, 17, 15, 3, 18, 16, 1, 15, 16, 15, 15, 15, 15, 16, 15, 15, 19, 15, 16, 15, 16, 15, 16, 9, 15, 15, 25, 15, 19, 15, 15, 6, 15, 15, 4, 15, 15, 15, 15, 21, 11, 17, 15, 15, 16, 15, 15, 9, 


38: 0, 0, 0, 0, 29, 2, 0, 0, 0, 0, 0, 15, 15, 0, 0, 0, 15, 0, 16, 15, 23, 15, 15, 0, 26, 15, 25, 1, 15, 0, 0, 0, 0, 15, 15, 0, 0, 0, 0, 15, 0, 0, 16, 0, 0, 27, 0, 0, 17, 0, 12, 15, 0, 0, 0, 0, 0, 0, 0, 15, 0, 23, 0, 0, 0, 0, 15, 0, 0, 5, 0, 15, 15, 0, 15, 0, 15, 16, 21, 16, 15, 0, 0, 0, 0, 0, 0, 33, 15, 0, 15, 0, 0, 19, 0, 0, 15, 0, 0, 15, 0, 0, 0, 20, 15, 0, 0, 0, 0, 15, 0, 16, 15, 0, 0, 0, 0, 0, 0, 0, 15, 0, 8, 0, 0, 0, 0, 0, 0, 0, 0, 15, 0, 0, 4, 0, 0, 15, 15, 0, 0, 0, 0, 15, 0, 0, 0, 0, 15, 0, 0, 0, 0, 0, 0, 0, 0, 0, 0, 0, 23, 0, 0, 0, 26, 17, 15, 10, 0, 0, 0, 0, 16, 0, 9, 0, 15, 0, 0, 0, 15, 15, 15, 0, 0, 17, 0, 15, 0, 0, 0, 0, 0, 8, 0, 15, 0, 15, 0, 0, : 29, 2, 15, 15, 15, 16, 15, 23, 15, 15, 26, 15, 25, 1, 15, 15, 15, 15, 16, 27, 17, 12, 15, 15, 23, 15, 5, 15, 15, 15, 15, 16, 21, 16, 15, 33, 15, 15, 19, 15, 15, 20, 15, 15, 16, 15, 15, 8, 15, 4, 15, 15, 15, 15, 23, 26, 17, 15, 10, 16, 9, 15, 15, 15, 15, 17, 15, 8, 15, 15, 
54: 0, 0, 15, 0, 0, 0, 0, 15, 0, 15, 0, 0, 0, 0, 0, 15, 0, 15, 0, 0, 15, 8, 0, 0, 0, 0, 0, 15, 0, 0, 0, 0, 0, 15, 0, 0, 0, 0, 0, 0, 0, 0, 0, 16, 0, 0, 15, 0, 0, 21, 0, 0, 15, 0, 0, 0, 0, 0, 0, 16, 0, 0, 0, 7, 0, 15, 0, 0, 0, 0, 17, 0, 0, 0, 9, 20, 4, 0, 0, 0, 0, 0, 0, 0, 0, 0, 0, 0, 0, 0, 0, 0, 0, 0, 0, 18, 15, 29, 15, 15, 15, 17, 0, 0, 0, 0, 0, 0, 0, 0, 0, 0, 16, 15, 0, 30, 29, 0, 0, 0, 13, 16, 0, 0, 16, 0, 0, 0, 0, 0, 0, 0, 0, 0, 0, 0, 0, 0, 0, 0, 0, 0, 0, 16, 0, 0, 15, 0, 0, 0, 15, 16, 0, 0, 15, 5, 0, 0, 15, 0, 16, 0, 0, 0, 0, 25, 18, 0, 0, 15, 12, 15, 0, 0, 16, 0, 0, 0, 15, 0, 0, 0, 0, 17, 0, 0, 0, 0, 15, 0, 17, 0, 0, 0, 0, 0, 0, 0, 25, 0, : 15, 15, 15, 15, 15, 15, 8, 15, 15, 16, 15, 21, 15, 16, 7, 15, 17, 9, 20, 4, 18, 15, 29, 15, 15, 15, 17, 16, 15, 30, 29, 13, 16, 16, 16, 15, 15, 16, 15, 5, 15, 16, 25, 18, 15, 12, 15, 16, 15, 17, 15, 17, 25, 
40: 0, 0, 0, 0, 0, 0, 0, 0, 17, 0, 1, 15, 0, 19, 0, 0, 0, 0, 0, 6, 15, 16, 0, 0, 0, 0, 0, 16, 16, 0, 0, 19, 0, 16, 0, 15, 15, 0, 0, 0, 0, 0, 0, 0, 0, 0, 15, 0, 0, 0, 0, 7, 0, 15, 0, 0, 0, 16, 0, 0, 0, 15, 0, 0, 16, 0, 0, 0, 0, 15, 0, 15, 0, 15, 0, 0, 0, 0, 18, 0, 0, 16, 0, 0, 0, 0, 0, 0, 0, 0, 15, 15, 0, 0, 15, 0, 15, 0, 0, 0, 0, 0, 15, 0, 0, 0, 15, 2, 15, 17, 15, 15, 0, 0, 0, 0, 0, 0, 0, 0, 0, 0, 0, 7, 0, 0, 18, 0, 17, 0, 23, 0, 18, 15, 21, 0, 21, 0, 15, 0, 15, 15, 0, 0, 15, 15, 0, 19, 0, 0, 8, 0, 0, 15, 0, 0, 15, 0, 15, 26, 0, 15, 0, 0, 0, 15, 16, 0, 0, 0, 0, 15, 0, 0, 15, 15, 17, 0, 0, 0, 19, 16, 0, 0, 15, 0, 0, 0, 0, 0, 15, 0, 15, 0, 0, 0, 15, 17, 0, 15, : 17, 1, 15, 19, 6, 15, 16, 16, 16, 19, 16, 15, 15, 15, 7, 15, 16, 15, 16, 15, 15, 15, 18, 16, 15, 15, 15, 15, 15, 15, 2, 15, 17, 15, 15, 7, 18, 17, 23, 18, 15, 21, 21, 15, 15, 15, 15, 15, 19, 8, 15, 15, 15, 26, 15, 15, 16, 15, 15, 15, 17, 19, 16, 15, 15, 15, 15, 17, 15, 
96: 15, 0, 0, 0, 0, 0, 0, 25, 0, 0, 0, 4, 15, 0, 0, 0, 0, 15, 24, 0, 15, 0, 0, 0, 15, 0, 16, 0, 0, 10, 15, 15, 0, 0, 0, 0, 0, 15, 0, 15, 0, 0, 0, 0, 0, 0, 0, 0, 15, 0, 0, 15, 18, 0, 0, 0, 15, 0, 0, 0, 0, 0, 19, 0, 0, 0, 8, 0, 0, 0, 0, 0, 15, 0, 16, 25, 21, 0, 0, 0, 15, 0, 0, 0, 15, 18, 0, 0, 17, 0, 0, 0, 15, 0, 0, 0, 6, 0, 0, 0, 12, 0, 0, 0, 15, 0, 0, 0, 0, 0, 0, 15, 0, 0, 0, 0, 15, 24, 0, 16, 15, 7, 0, 15, 0, 0, 0, 0, 16, 0, 15, 0, 22, 0, 15, 15, 15, 16, 19, 16, 0, 0, 0, 0, 0, 15, 0, 15, 17, 0, 0, 0, 0, 15, 15, 0, 26, 18, 0, 0, 0, 16, 3, 0, 16, 0, 15, 0, 20, 0, 0, 0, 17, 0, 15, 15, 17, 0, 19, 15, 15, 0, 21, 15, 0, 0, 0, 15, 0, 0, 0, 15, 15, 15, 15, 16, 0, 0, 12, 0, : 15, 25, 4, 15, 15, 24, 15, 15, 16, 10, 15, 15, 15, 15, 15, 15, 18, 15, 19, 8, 15, 16, 25, 21, 15, 15, 18, 17, 15, 6, 12, 15, 15, 15, 24, 16, 15, 7, 15, 16, 15, 22, 15, 15, 15, 16, 19, 16, 15, 15, 17, 15, 15, 26, 18, 16, 3, 16, 15, 20, 17, 15, 15, 17, 19, 15, 15, 21, 15, 15, 15, 15, 15, 15, 16, 12, 
10: 0, 15, 0, 29, 0, 0, 15, 0, 11, 0, 0, 0, 0, 0, 15, 0, 15, 0, 15, 0, 0, 0, 15, 15, 0, 0, 0, 0, 0, 0, 0, 0, 15, 0, 0, 0, 0, 0, 15, 0, 15, 16, 15, 15, 0, 0, 0, 15, 6, 16, 0, 0, 15, 0, 0, 0, 21, 0, 0, 0, 15, 15, 0, 15, 0, 0, 15, 0, 0, 0, 0, 0, 0, 0, 0, 0, 15, 0, 0, 0, 17, 22, 35, 15, 0, 0, 0, 0, 15, 0, 0, 0, 7, 0, 15, 0, 0, 0, 16, 9, 0, 0, 0, 0, 0, 0, 0, 0, 0, 15, 0, 0, 15, 5, 9, 15, 0, 0, 0, 15, 0, 0, 0, 0, 0, 15, 15, 15, 8, 15, 0, 15, 15, 0, 0, 0, 2, 0, 15, 0, 0, 0, 0, 0, 0, 0, 0, 0, 0, 0, 0, 0, 0, 0, 15, 15, 15, 0, 0, 15, 16, 15, 0, 0, 0, 0, 0, 15, 0, 15, 0, 0, 0, 0, 0, 15, 0, 0, 0, 9, 0, 15, 0, 0, 0, 0, 0, 25, 0, 0, 0, 16, 0, 0, 15, 0, 0, 0, 0, 0, : 15, 29, 15, 11, 15, 15, 15, 15, 15, 15, 15, 15, 16, 15, 15, 15, 6, 16, 15, 21, 15, 15, 15, 15, 15, 17, 22, 35, 15, 15, 7, 15, 16, 9, 15, 15, 5, 9, 15, 15, 15, 15, 15, 8, 15, 15, 15, 2, 15, 15, 15, 15, 15, 16, 15, 15, 15, 15, 9, 15, 25, 16, 15, 
39: 16, 15, 0, 0, 20, 0, 20, 0, 0, 0, 0, 0, 27, 0, 15, 0, 0, 0, 0, 0, 0, 0, 0, 16, 15, 0, 0, 0, 16, 15, 18, 0, 15, 6, 0, 21, 0, 0, 0, 15, 16, 0, 0, 22, 17, 0, 0, 0, 0, 0, 15, 0, 15, 0, 0, 0, 0, 0, 0, 11, 0, 0, 21, 0, 0, 0, 0, 15, 16, 15, 15, 0, 15, 23, 0, 15, 0, 0, 0, 0, 0, 0, 0, 15, 6, 0, 0, 0, 0, 0, 0, 0, 0, 15, 0, 32, 0, 0, 0, 15, 0, 18, 0, 0, 0, 0, 18, 16, 24, 0, 15, 16, 16, 0, 18, 0, 15, 0, 0, 0, 0, 0, 15, 0, 0, 0, 0, 0, 0, 15, 14, 0, 0, 0, 15, 0, 0, 9, 0, 15, 19, 15, 0, 0, 0, 0, 24, 15, 0, 0, 0, 16, 0, 15, 0, 15, 0, 0, 0, 0, 0, 0, 17, 15, 0, 12, 0, 15, 9, 18, 0, 0, 4, 0, 15, 0, 17, 0, 0, 0, 0, 16, 0, 0, 0, 0, 15, 0, 0, 0, 0, 1, 0, 16, 0, 15, 0, 16, 0, 0, : 16, 15, 20, 20, 27, 15, 16, 15, 16, 15, 18, 15, 6, 21, 15, 16, 22, 17, 15, 15, 11, 21, 15, 16, 15, 15, 15, 23, 15, 15, 6, 15, 32, 15, 18, 18, 16, 24, 15, 16, 16, 18, 15, 15, 15, 14, 15, 9, 15, 19, 15, 24, 15, 16, 15, 15, 17, 15, 12, 15, 9, 18, 4, 15, 17, 16, 15, 1, 16, 15, 16, 
55: 0, 15, 19, 0, 0, 0, 0, 27, 0, 22, 0, 15, 0, 31, 0, 0, 8, 0, 0, 0, 0, 0, 0, 5, 0, 17, 15, 0, 0, 0, 15, 0, 0, 15, 15, 0, 0, 0, 15, 0, 0, 20, 0, 0, 0, 0, 0, 0, 15, 0, 0, 15, 0, 0, 0, 0, 0, 0, 0, 0, 0, 0, 15, 15, 0, 0, 0, 18, 17, 0, 0, 15, 15, 0, 0, 10, 0, 18, 0, 15, 0, 2, 16, 0, 0, 15, 0, 0, 0, 0, 0, 0, 15, 0, 15, 15, 0, 0, 15, 0, 0, 22, 15, 0, 15, 15, 0, 0, 16, 0, 0, 0, 0, 0, 23, 0, 0, 0, 15, 24, 0, 15, 0, 15, 0, 15, 0, 15, 24, 0, 0, 18, 15, 0, 0, 0, 0, 0, 0, 5, 0, 0, 15, 0, 10, 0, 0, 0, 0, 15, 0, 0, 0, 0, 15, 0, 3, 0, 0, 0, 0, 0, 0, 0, 0, 0, 16, 0, 0, 0, 27, 0, 0, 0, 0, 0, 0, 0, 0, 15, 0, 0, 20, 0, 9, 0, 0, 0, 0, 0, 0, 0, 10, 0, 0, 0, 0, 0, 16, 0, : 15, 19, 27, 22, 15, 31, 8, 5, 17, 15, 15, 15, 15, 15, 20, 15, 15, 15, 15, 18, 17, 15, 15, 10, 18, 15, 2, 16, 15, 15, 15, 15, 15, 22, 15, 15, 15, 16, 23, 15, 24, 15, 15, 15, 15, 24, 18, 15, 5, 15, 10, 15, 15, 3, 16, 27, 15, 20, 9, 10, 16, 
89: 0, 0, 0, 0, 21, 0, 0, 17, 19, 0, 17, 21, 15, 0, 0, 15, 17, 0, 0, 15, 0, 16, 0, 15, 0, 0, 0, 0, 0, 15, 23, 0, 0, 15, 15, 0, 0, 15, 0, 15, 0, 0, 0, 0, 0, 15, 15, 15, 0, 0, 0, 15, 0, 34, 0, 0, 0, 2, 0, 15, 0, 0, 24, 0, 16, 15, 0, 0, 0, 0, 4, 16, 0, 0, 0, 0, 0, 0, 0, 5, 0, 15, 0, 0, 15, 0, 0, 0, 0, 0, 16, 10, 0, 21, 15, 15, 0, 0, 0, 16, 15, 0, 15, 36, 0, 0, 0, 0, 0, 0, 15, 15, 0, 0, 0, 0, 0, 4, 0, 0, 0, 0, 16, 0, 0, 0, 15, 0, 0, 0, 0, 0, 0, 15, 15, 0, 0, 15, 0, 0, 0, 15, 15, 17, 15, 0, 0, 15, 0, 15, 15, 0, 0, 0, 0, 0, 21, 0, 15, 15, 0, 0, 18, 0, 0, 0, 0, 0, 0, 0, 15, 19, 15, 11, 0, 0, 0, 17, 0, 0, 0, 0, 13, 0, 15, 16, 0, 15, 3, 0, 15, 0, 15, 0, 0, 15, 0, 7, 0, 0, : 21, 17, 19, 17, 21, 15, 15, 17, 15, 16, 15, 15, 23, 15, 15, 15, 15, 15, 15, 15, 15, 34, 2, 15, 24, 16, 15, 4, 16, 5, 15, 15, 16, 10, 21, 15, 15, 16, 15, 15, 36, 15, 15, 4, 16, 15, 15, 15, 15, 15, 15, 17, 15, 15, 15, 15, 21, 15, 15, 18, 15, 19, 15, 11, 17, 13, 15, 16, 15, 3, 15, 15, 15, 7, 
6: 0, 15, 0, 0, 15, 0, 16, 0, 0, 0, 15, 0, 0, 0, 16, 0, 0, 0, 0, 0, 0, 0, 0, 18, 0, 0, 0, 0, 0, 0, 0, 0, 0, 0, 0, 0, 16, 15, 0, 0, 0, 15, 26, 0, 0, 0, 0, 0, 0, 0, 0, 0, 19, 0, 0, 0, 0, 0, 0, 0, 15, 0, 6, 0, 0, 0, 15, 15, 0, 0, 0, 0, 0, 0, 0, 0, 15, 18, 0, 0, 16, 15, 0, 0, 0, 0, 17, 0, 15, 15, 15, 15, 15, 0, 15, 0, 15, 15, 0, 0, 0, 0, 0, 0, 0, 0, 0, 15, 0, 15, 0, 0, 0, 15, 0, 15, 0, 0, 0, 0, 0, 0, 0, 0, 15, 0, 0, 17, 0, 0, 0, 26, 15, 0, 0, 15, 0, 0, 19, 0, 0, 0, 0, 0, 0, 0, 0, 0, 0, 5, 0, 0, 16, 0, 0, 0, 0, 25, 0, 15, 0, 0, 15, 9, 15, 0, 0, 15, 0, 0, 0, 0, 0, 0, 0, 0, 15, 0, 17, 0, 0, 0, 0, 0, 0, 0, 0, 0, 22, 2, 15, 0, 15, 16, 0, 21, 0, 15, 0, 15, : 15, 15, 16, 15, 16, 18, 16, 15, 15, 26, 19, 15, 6, 15, 15, 15, 18, 16, 15, 17, 15, 15, 15, 15, 15, 15, 15, 15, 15, 15, 15, 15, 15, 17, 26, 15, 15, 19, 5, 16, 25, 15, 15, 9, 15, 15, 15, 17, 22, 2, 15, 15, 16, 21, 15, 15, 
83: 0, 0, 0, 0, 0, 0, 0, 0, 22, 18, 17, 15, 0, 0, 0, 0, 0, 0, 0, 0, 0, 0, 13, 0, 0, 0, 0, 0, 16, 0, 0, 0, 15, 0, 0, 15, 24, 0, 0, 15, 0, 15, 7, 0, 15, 0, 0, 0, 0, 0, 17, 0, 0, 0, 35, 15, 15, 15, 15, 19, 0, 15, 0, 15, 0, 15, 16, 0, 0, 0, 15, 0, 0, 0, 15, 0, 0, 0, 0, 0, 0, 0, 17, 0, 19, 0, 18, 0, 0, 0, 0, 0, 15, 0, 0, 0, 0, 0, 0, 15, 0, 6, 0, 0, 0, 0, 15, 15, 15, 0, 0, 19, 17, 0, 0, 0, 0, 0, 18, 0, 0, 0, 0, 0, 0, 15, 18, 5, 0, 0, 0, 0, 0, 15, 0, 15, 0, 0, 0, 0, 16, 5, 0, 3, 0, 16, 15, 0, 15, 0, 0, 0, 0, 15, 0, 0, 0, 0, 0, 0, 0, 0, 0, 0, 0, 0, 0, 15, 24, 15, 0, 0, 15, 0, 0, 0, 1, 0, 1, 16, 0, 0, 0, 16, 0, 0, 1, 0, 0, 0, 0, 16, 0, 0, 0, 0, 0, 0, 15, 0, : 22, 18, 17, 15, 13, 16, 15, 15, 24, 15, 15, 7, 15, 17, 35, 15, 15, 15, 15, 19, 15, 15, 15, 16, 15, 15, 17, 19, 18, 15, 15, 6, 15, 15, 15, 19, 17, 18, 15, 18, 5, 15, 15, 16, 5, 3, 16, 15, 15, 15, 15, 24, 15, 15, 1, 1, 16, 16, 1, 16, 15, 
45: 0, 0, 5, 0, 0, 0, 2, 0, 0, 0, 0, 0, 0, 0, 15, 0, 15, 0, 0, 0, 15, 15, 0, 0, 15, 0, 0, 17, 15, 0, 0, 0, 0, 0, 0, 15, 0, 0, 0, 0, 0, 16, 0, 15, 0, 0, 9, 0, 17, 15, 15, 0, 0, 0, 0, 1, 0, 0, 20, 0, 15, 0, 0, 15, 0, 0, 16, 3, 0, 0, 0, 0, 0, 1, 0, 0, 15, 0, 17, 15, 0, 0, 0, 0, 0, 28, 20, 0, 0, 15, 0, 15, 0, 15, 0, 16, 0, 0, 0, 0, 0, 22, 0, 0, 0, 0, 0, 0, 0, 0, 0, 0, 0, 0, 15, 16, 0, 0, 6, 0, 0, 0, 0, 0, 0, 0, 0, 0, 0, 4, 0, 11, 0, 0, 0, 0, 0, 0, 0, 17, 15, 0, 15, 16, 0, 0, 0, 15, 7, 0, 0, 0, 0, 0, 0, 20, 0, 0, 16, 0, 0, 15, 0, 0, 0, 0, 0, 0, 17, 0, 15, 0, 0, 0, 0, 0, 0, 0, 0, 0, 0, 17, 15, 0, 15, 0, 0, 15, 15, 16, 8, 22, 15, 15, 0, 0, 0, 0, 15, 0, : 5, 2, 15, 15, 15, 15, 15, 17, 15, 15, 16, 15, 9, 17, 15, 15, 1, 20, 15, 15, 16, 3, 1, 15, 17, 15, 28, 20, 15, 15, 15, 16, 22, 15, 16, 6, 4, 11, 17, 15, 15, 16, 15, 7, 20, 16, 15, 17, 15, 17, 15, 15, 15, 15, 16, 8, 22, 15, 15, 15, 
51: 15, 15, 0, 15, 0, 15, 15, 0, 0, 0, 15, 0, 0, 0, 0, 19, 0, 15, 0, 0, 0, 0, 0, 16, 0, 17, 14, 0, 4, 15, 0, 20, 16, 18, 0, 0, 0, 10, 15, 0, 15, 0, 0, 0, 19, 0, 0, 29, 0, 0, 0, 15, 0, 0, 4, 0, 0, 15, 15, 0, 0, 0, 0, 0, 0, 0, 0, 18, 14, 0, 20, 16, 19, 0, 0, 0, 0, 0, 25, 0, 0, 15, 15, 16, 0, 0, 0, 11, 0, 0, 0, 0, 0, 0, 0, 0, 0, 0, 15, 0, 24, 0, 0, 0, 15, 0, 16, 0, 0, 0, 17, 4, 0, 16, 0, 0, 0, 16, 16, 0, 16, 0, 0, 0, 15, 0, 0, 15, 0, 17, 0, 0, 0, 0, 0, 18, 0, 0, 15, 15, 15, 0, 0, 0, 15, 0, 0, 0, 16, 0, 15, 23, 15, 0, 0, 0, 0, 5, 0, 0, 0, 0, 16, 0, 0, 0, 0, 15, 15, 15, 0, 0, 0, 18, 15, 0, 0, 15, 0, 15, 0, 0, 0, 0, 0, 23, 15, 0, 15, 0, 15, 0, 0, 0, 22, 17, 15, 0, 17, 17, : 15, 15, 15, 15, 15, 15, 19, 15, 16, 17, 14, 4, 15, 20, 16, 18, 10, 15, 15, 19, 29, 15, 4, 15, 15, 18, 14, 20, 16, 19, 25, 15, 15, 16, 11, 15, 24, 15, 16, 17, 4, 16, 16, 16, 16, 15, 15, 17, 18, 15, 15, 15, 15, 16, 15, 23, 15, 5, 16, 15, 15, 15, 18, 15, 15, 15, 23, 15, 15, 15, 22, 17, 15, 17, 17, 
47: 5, 0, 20, 0, 0, 0, 0, 16, 0, 0, 0, 0, 0, 0, 0, 0, 0, 0, 0, 15, 0, 15, 0, 0, 0, 15, 0, 0, 0, 0, 0, 0, 8, 0, 0, 0, 15, 0, 0, 0, 0, 0, 0, 0, 0, 0, 15, 0, 15, 15, 0, 18, 0, 0, 16, 0, 0, 0, 0, 0, 0, 0, 0, 18, 0, 15, 0, 0, 0, 19, 0, 0, 3, 15, 0, 0, 0, 0, 17, 0, 0, 0, 0, 0, 0, 0, 0, 0, 0, 0, 0, 0, 18, 0, 0, 0, 0, 0, 0, 0, 0, 15, 15, 15, 0, 9, 0, 0, 15, 0, 0, 0, 0, 0, 16, 0, 25, 33, 15, 0, 0, 15, 15, 0, 0, 0, 2, 0, 0, 0, 0, 0, 0, 0, 0, 0, 0, 0, 2, 15, 20, 0, 0, 0, 0, 15, 15, 21, 15, 16, 0, 0, 15, 0, 8, 0, 0, 15, 0, 0, 0, 15, 0, 0, 15, 0, 0, 0, 0, 5, 16, 15, 0, 0, 0, 0, 18, 15, 15, 0, 0, 0, 0, 0, 0, 23, 15, 0, 0, 0, 0, 0, 0, 0, 15, 0, 0, 0, 0, 0, : 5, 20, 16, 15, 15, 15, 8, 15, 15, 15, 15, 18, 16, 18, 15, 19, 3, 15, 17, 18, 15, 15, 15, 9, 15, 16, 25, 33, 15, 15, 15, 2, 2, 15, 20, 15, 15, 21, 15, 16, 15, 8, 15, 15, 15, 5, 16, 15, 18, 15, 15, 23, 15, 15, 
64: 15, 10, 0, 22, 0, 15, 0, 0, 0, 0, 0, 0, 0, 0, 15, 6, 0, 15, 0, 15, 17, 0, 19, 0, 0, 0, 15, 15, 0, 0, 14, 1, 0, 0, 5, 2, 15, 0, 16, 0, 0, 0, 15, 0, 15, 0, 0, 15, 0, 15, 0, 0, 0, 2, 15, 0, 0, 19, 0, 0, 8, 1, 0, 0, 28, 0, 0, 16, 23, 15, 0, 0, 0, 0, 15, 15, 0, 1, 0, 15, 20, 0, 0, 23, 15, 0, 16, 0, 0, 0, 0, 15, 0, 15, 10, 0, 0, 23, 0, 0, 0, 0, 0, 15, 8, 0, 0, 19, 0, 0, 6, 0, 0, 0, 0, 0, 0, 0, 0, 0, 26, 0, 0, 0, 2, 16, 0, 0, 0, 0, 0, 0, 0, 0, 0, 7, 0, 15, 0, 0, 0, 0, 15, 17, 0, 9, 0, 0, 0, 0, 0, 9, 15, 17, 0, 0, 0, 0, 15, 0, 0, 2, 0, 15, 13, 0, 0, 0, 0, 17, 0, 0, 0, 24, 0, 0, 0, 0, 0, 0, 0, 6, 16, 0, 16, 0, 15, 0, 15, 15, 0, 0, 0, 0, 3, 0, 15, 0, 0, 0, : 15, 10, 22, 15, 15, 6, 15, 15, 17, 19, 15, 15, 14, 1, 5, 2, 15, 16, 15, 15, 15, 15, 2, 15, 19, 8, 1, 28, 16, 23, 15, 15, 15, 1, 15, 20, 23, 15, 16, 15, 15, 10, 23, 15, 8, 19, 6, 26, 2, 16, 7, 15, 15, 17, 9, 9, 15, 17, 15, 2, 15, 13, 17, 24, 6, 16, 16, 15, 15, 15, 3, 15, 
9: 15, 0, 0, 0, 0, 0, 15, 0, 0, 12, 0, 15, 21, 1, 17, 0, 15, 0, 0, 19, 0, 0, 21, 0, 0, 2, 0, 0, 0, 15, 0, 15, 0, 0, 17, 15, 0, 15, 15, 10, 0, 0, 0, 2, 21, 15, 0, 0, 15, 0, 15, 0, 0, 17, 15, 16, 15, 0, 0, 0, 0, 0, 0, 0, 0, 0, 0, 0, 0, 16, 0, 0, 0, 0, 15, 15, 15, 0, 2, 0, 0, 0, 0, 0, 15, 17, 15, 0, 0, 26, 0, 0, 15, 0, 0, 4, 0, 17, 0, 15, 0, 0, 0, 0, 15, 0, 6, 0, 0, 15, 15, 0, 0, 0, 0, 9, 0, 0, 15, 13, 0, 16, 15, 0, 22, 9, 0, 0, 0, 0, 0, 0, 0, 3, 15, 15, 15, 15, 0, 0, 0, 20, 15, 0, 0, 0, 0, 0, 15, 0, 0, 0, 15, 15, 0, 0, 20, 22, 9, 0, 15, 0, 0, 0, 0, 15, 0, 0, 0, 0, 0, 0, 0, 0, 0, 15, 0, 31, 0, 0, 0, 0, 0, 21, 15, 0, 23, 0, 0, 0, 0, 0, 0, 0, 0, 1, 0, 15, 0, 0, : 15, 15, 12, 15, 21, 1, 17, 15, 19, 21, 2, 15, 15, 17, 15, 15, 15, 10, 2, 21, 15, 15, 15, 17, 15, 16, 15, 16, 15, 15, 15, 2, 15, 17, 15, 26, 15, 4, 17, 15, 15, 6, 15, 15, 9, 15, 13, 16, 15, 22, 9, 3, 15, 15, 15, 15, 20, 15, 15, 15, 15, 20, 22, 9, 15, 15, 15, 31, 21, 15, 23, 1, 15, 
12: 0, 15, 0, 19, 0, 19, 0, 0, 0, 0, 0, 0, 0, 15, 0, 0, 0, 18, 15, 15, 0, 0, 0, 0, 0, 0, 0, 21, 0, 0, 0, 0, 0, 0, 0, 17, 0, 0, 0, 0, 0, 0, 0, 15, 0, 0, 0, 0, 0, 0, 0, 0, 0, 0, 0, 0, 15, 0, 20, 0, 0, 0, 15, 0, 15, 19, 0, 0, 15, 15, 0, 23, 0, 0, 0, 0, 0, 0, 0, 19, 16, 0, 0, 0, 0, 0, 0, 0, 15, 0, 0, 0, 0, 0, 0, 0, 0, 0, 0, 0, 0, 0, 0, 14, 0, 31, 0, 0, 0, 0, 17, 0, 0, 15, 19, 15, 0, 0, 0, 17, 0, 15, 15, 31, 15, 0, 0, 0, 0, 15, 15, 15, 15, 0, 0, 0, 26, 0, 0, 0, 0, 0, 0, 0, 15, 0, 0, 0, 0, 15, 17, 15, 0, 0, 0, 15, 0, 0, 0, 0, 15, 0, 16, 15, 0, 16, 0, 0, 0, 0, 0, 0, 0, 32, 15, 0, 0, 15, 0, 15, 15, 0, 0, 0, 15, 0, 0, 0, 0, 21, 15, 0, 0, 15, 0, 0, 22, 0, 0, 15, : 15, 19, 19, 15, 18, 15, 15, 21, 17, 15, 15, 20, 15, 15, 19, 15, 15, 23, 19, 16, 15, 14, 31, 17, 15, 19, 15, 17, 15, 15, 31, 15, 15, 15, 15, 15, 26, 15, 15, 17, 15, 15, 15, 16, 15, 16, 32, 15, 15, 15, 15, 15, 21, 15, 15, 22, 15, 
84: 0, 0, 20, 0, 0, 15, 17, 0, 0, 18, 15, 0, 0, 17, 0, 0, 0, 0, 0, 0, 0, 0, 17, 15, 14, 0, 0, 0, 0, 0, 0, 0, 15, 0, 18, 0, 15, 0, 0, 15, 0, 18, 0, 0, 13, 16, 0, 0, 0, 0, 0, 0, 0, 0, 0, 16, 0, 18, 0, 24, 15, 0, 0, 0, 15, 15, 15, 0, 0, 0, 29, 0, 0, 15, 0, 0, 0, 15, 0, 0, 0, 15, 0, 16, 0, 15, 0, 16, 0, 14, 8, 0, 0, 0, 0, 0, 19, 0, 15, 0, 19, 0, 0, 0, 0, 15, 15, 0, 15, 0, 0, 0, 5, 19, 0, 0, 16, 23, 0, 0, 15, 0, 0, 0, 0, 0, 0, 0, 19, 19, 18, 0, 0, 15, 0, 0, 0, 15, 0, 17, 0, 15, 0, 0, 0, 0, 15, 0, 0, 0, 0, 21, 9, 0, 0, 15, 0, 0, 0, 15, 15, 22, 0, 16, 15, 0, 0, 0, 0, 0, 15, 15, 0, 15, 0, 16, 0, 0, 0, 0, 0, 0, 0, 16, 0, 0, 0, 0, 0, 15, 0, 0, 0, 0, 15, 0, 20, 15, 0, 15, : 20, 15, 17, 18, 15, 17, 17, 15, 14, 15, 18, 15, 15, 18, 13, 16, 16, 18, 24, 15, 15, 15, 15, 29, 15, 15, 15, 16, 15, 16, 14, 8, 19, 15, 19, 15, 15, 15, 5, 19, 16, 23, 15, 19, 19, 18, 15, 15, 17, 15, 15, 21, 9, 15, 15, 15, 22, 16, 15, 15, 15, 15, 16, 16, 15, 15, 20, 15, 15, 
30: 0, 0, 0, 0, 15, 0, 0, 0, 0, 0, 0, 0, 0, 0, 0, 15, 15, 15, 15, 0, 0, 0, 0, 0, 0, 19, 0, 0, 0, 0, 0, 15, 0, 0, 15, 0, 0, 0, 7, 0, 20, 0, 0, 0, 0, 15, 0, 7, 0, 15, 26, 0, 0, 15, 0, 15, 16, 15, 0, 0, 0, 16, 0, 0, 0, 0, 0, 15, 0, 0, 0, 0, 0, 15, 0, 0, 0, 17, 0, 0, 0, 0, 0, 0, 0, 0, 14, 25, 17, 15, 15, 15, 0, 0, 0, 0, 0, 0, 15, 0, 0, 0, 15, 0, 0, 15, 0, 18, 0, 15, 0, 0, 0, 0, 0, 0, 0, 0, 0, 15, 0, 0, 0, 0, 0, 0, 0, 18, 0, 15, 0, 0, 0, 0, 0, 0, 0, 0, 0, 0, 0, 0, 0, 16, 15, 15, 16, 0, 0, 15, 15, 0, 15, 0, 15, 15, 0, 0, 15, 0, 0, 0, 15, 0, 0, 0, 0, 0, 0, 0, 0, 0, 0, 0, 0, 9, 0, 0, 33, 0, 0, 0, 0, 0, 0, 21, 16, 0, 15, 0, 0, 15, 0, 15, 0, 0, 0, 0, 0, 18, : 15, 15, 15, 15, 15, 19, 15, 15, 7, 20, 15, 7, 15, 26, 15, 15, 16, 15, 16, 15, 15, 17, 14, 25, 17, 15, 15, 15, 15, 15, 15, 18, 15, 15, 18, 15, 16, 15, 15, 16, 15, 15, 15, 15, 15, 15, 15, 9, 33, 21, 16, 15, 15, 15, 18, 
81: 0, 0, 0, 0, 0, 18, 0, 0, 16, 0, 0, 0, 0, 0, 0, 15, 0, 0, 0, 0, 0, 15, 0, 0, 15, 0, 15, 0, 0, 15, 15, 0, 16, 0, 0, 0, 0, 15, 0, 0, 19, 0, 0, 15, 0, 0, 16, 19, 0, 0, 0, 0, 18, 0, 0, 18, 3, 0, 15, 0, 15, 0, 0, 15, 0, 0, 0, 0, 0, 0, 0, 0, 18, 0, 0, 0, 0, 15, 0, 15, 0, 0, 2, 0, 15, 0, 0, 15, 0, 15, 0, 15, 0, 0, 0, 0, 15, 0, 0, 0, 0, 0, 0, 0, 17, 15, 0, 0, 0, 8, 0, 0, 0, 15, 0, 0, 0, 0, 15, 0, 0, 0, 0, 15, 0, 15, 15, 15, 0, 0, 15, 0, 0, 18, 0, 15, 21, 0, 0, 0, 0, 0, 9, 0, 15, 0, 0, 0, 0, 0, 15, 0, 0, 0, 17, 0, 0, 0, 0, 0, 0, 0, 0, 15, 0, 0, 15, 15, 0, 0, 0, 0, 18, 0, 0, 0, 0, 7, 0, 15, 15, 15, 0, 0, 0, 0, 0, 15, 0, 15, 0, 0, 15, 0, 0, 0, 0, 0, 0, 0, : 18, 16, 15, 15, 15, 15, 15, 15, 16, 15, 19, 15, 16, 19, 18, 18, 3, 15, 15, 15, 18, 15, 15, 2, 15, 15, 15, 15, 15, 17, 15, 8, 15, 15, 15, 15, 15, 15, 15, 18, 15, 21, 9, 15, 15, 17, 15, 15, 15, 18, 7, 15, 15, 15, 15, 15, 15, 
15: 19, 0, 21, 15, 0, 16, 0, 0, 15, 15, 20, 0, 7, 17, 7, 15, 0, 7, 15, 0, 0, 0, 0, 0, 0, 15, 0, 15, 18, 15, 0, 15, 0, 0, 0, 0, 0, 15, 17, 0, 15, 0, 21, 0, 0, 12, 15, 0, 0, 3, 0, 0, 0, 17, 15, 19, 0, 0, 15, 0, 17, 15, 0, 0, 10, 6, 0, 0, 15, 0, 0, 0, 0, 16, 15, 0, 0, 0, 0, 0, 1, 0, 15, 15, 0, 7, 0, 0, 6, 0, 16, 0, 0, 15, 15, 0, 0, 16, 9, 0, 15, 0, 25, 0, 0, 0, 15, 15, 0, 0, 0, 0, 16, 0, 0, 0, 0, 0, 0, 0, 0, 16, 16, 17, 15, 15, 17, 0, 16, 0, 0, 0, 0, 19, 15, 0, 0, 0, 0, 0, 0, 15, 16, 0, 0, 15, 0, 0, 0, 19, 0, 0, 0, 8, 0, 0, 0, 15, 0, 14, 0, 0, 0, 15, 0, 0, 5, 0, 15, 0, 0, 21, 15, 0, 0, 15, 0, 0, 0, 0, 21, 0, 0, 15, 0, 0, 0, 0, 0, 16, 0, 15, 0, 0, 15, 0, 13, 0, 0, 5, : 19, 21, 15, 16, 15, 15, 20, 7, 17, 7, 15, 7, 15, 15, 15, 18, 15, 15, 15, 17, 15, 21, 12, 15, 3, 17, 15, 19, 15, 17, 15, 10, 6, 15, 16, 15, 1, 15, 15, 7, 6, 16, 15, 15, 16, 9, 15, 25, 15, 15, 16, 16, 16, 17, 15, 15, 17, 16, 19, 15, 15, 16, 15, 19, 8, 15, 14, 15, 5, 15, 21, 15, 15, 21, 15, 16, 15, 15, 13, 5, 


27: 0, 0, 15, 0, 15, 0, 15, 0, 0, 0, 0, 4, 0, 0, 0, 15, 0, 0, 0, 15, 0, 0, 0, 0, 0, 0, 9, 0, 0, 0, 0, 0, 15, 0, 0, 15, 21, 0, 0, 15, 7, 0, 19, 22, 0, 20, 0, 15, 0, 0, 15, 18, 0, 0, 0, 0, 0, 0, 0, 0, 0, 15, 0, 0, 0, 0, 0, 15, 15, 0, 0, 19, 0, 0, 0, 0, 15, 0, 0, 15, 0, 15, 0, 0, 0, 0, 0, 0, 0, 0, 0, 21, 0, 0, 0, 0, 0, 0, 0, 20, 0, 19, 8, 23, 0, 15, 0, 0, 0, 0, 16, 0, 15, 15, 0, 0, 0, 0, 0, 0, 0, 0, 0, 0, 0, 0, 0, 16, 0, 20, 15, 15, 0, 0, 0, 0, 0, 0, 0, 10, 21, 16, 0, 0, 0, 15, 0, 15, 16, 0, 0, 0, 0, 0, 18, 15, 0, 18, 0, 15, 0, 0, 15, 0, 0, 0, 0, 0, 0, 0, 15, 0, 0, 0, 15, 0, 0, 17, 15, 0, 0, 0, 18, 0, 0, 15, 0, 0, 0, 0, 0, 17, 15, 0, 18, 0, 17, 0, 0, 0, : 15, 15, 15, 4, 15, 15, 9, 15, 15, 21, 15, 7, 19, 22, 20, 15, 15, 18, 15, 15, 15, 19, 15, 15, 15, 21, 20, 19, 8, 23, 15, 16, 15, 15, 16, 20, 15, 15, 10, 21, 16, 15, 15, 16, 18, 15, 18, 15, 15, 15, 15, 17, 15, 18, 15, 17, 15, 18, 17, 
52: 15, 0, 10, 0, 18, 15, 10, 1, 0, 0, 0, 17, 15, 0, 2, 0, 0, 0, 21, 17, 0, 0, 15, 15, 0, 0, 0, 0, 0, 0, 0, 27, 0, 0, 0, 0, 0, 0, 0, 0, 0, 15, 0, 15, 0, 0, 0, 0, 0, 0, 0, 0, 9, 0, 0, 0, 0, 0, 0, 0, 0, 0, 0, 0, 15, 15, 15, 15, 0, 0, 0, 15, 15, 0, 0, 33, 15, 0, 15, 18, 15, 0, 0, 0, 0, 0, 0, 0, 10, 0, 21, 0, 0, 0, 19, 0, 15, 0, 0, 17, 17, 0, 0, 0, 35, 0, 0, 0, 0, 0, 0, 15, 0, 0, 0, 0, 0, 0, 0, 0, 15, 0, 16, 0, 34, 0, 16, 15, 19, 0, 0, 0, 16, 0, 0, 19, 0, 0, 0, 0, 0, 0, 0, 15, 15, 0, 0, 0, 0, 0, 0, 15, 0, 0, 15, 0, 15, 0, 0, 0, 17, 22, 0, 0, 0, 15, 20, 0, 0, 0, 0, 0, 15, 15, 0, 0, 15, 15, 0, 0, 0, 15, 15, 0, 15, 0, 15, 15, 0, 0, 15, 0, 0, 15, 0, 6, 0, 0, 0, 0, : 15, 10, 18, 15, 10, 1, 17, 15, 2, 21, 17, 15, 15, 27, 15, 15, 9, 15, 15, 15, 15, 15, 15, 33, 15, 15, 18, 15, 10, 21, 19, 15, 17, 17, 35, 15, 15, 16, 34, 16, 15, 19, 16, 19, 15, 15, 15, 15, 15, 17, 22, 15, 20, 15, 15, 15, 15, 15, 15, 15, 15, 15, 15, 15, 6, 
4: 0, 15, 0, 0, 0, 15, 0, 0, 15, 19, 0, 0, 8, 19, 0, 19, 0, 15, 0, 0, 0, 15, 0, 0, 15, 15, 0, 15, 15, 0, 0, 15, 0, 0, 0, 0, 0, 17, 0, 0, 0, 0, 15, 0, 0, 0, 0, 15, 0, 0, 0, 0, 16, 0, 0, 15, 0, 15, 0, 21, 15, 0, 15, 0, 0, 0, 0, 0, 0, 0, 0, 0, 0, 0, 15, 15, 10, 0, 0, 0, 0, 15, 0, 0, 16, 0, 15, 0, 0, 18, 0, 15, 28, 16, 0, 15, 0, 25, 15, 15, 0, 0, 15, 15, 0, 0, 0, 0, 16, 0, 0, 0, 17, 0, 0, 0, 15, 15, 0, 0, 0, 0, 15, 8, 0, 15, 15, 0, 0, 15, 15, 16, 0, 0, 0, 16, 0, 0, 15, 15, 0, 0, 8, 0, 20, 0, 0, 15, 0, 0, 0, 0, 0, 0, 0, 22, 10, 15, 0, 15, 15, 16, 0, 0, 0, 15, 0, 15, 0, 15, 0, 0, 0, 0, 0, 0, 0, 0, 15, 22, 0, 0, 0, 0, 0, 0, 7, 15, 0, 15, 6, 17, 0, 15, 0, 0, 0, 0, 23, 15, : 15, 15, 15, 19, 8, 19, 19, 15, 15, 15, 15, 15, 15, 15, 17, 15, 15, 16, 15, 15, 21, 15, 15, 15, 15, 10, 15, 16, 15, 18, 15, 28, 16, 15, 25, 15, 15, 15, 15, 16, 17, 15, 15, 15, 8, 15, 15, 15, 15, 16, 16, 15, 15, 8, 20, 15, 22, 10, 15, 15, 15, 16, 15, 15, 15, 15, 22, 7, 15, 15, 6, 17, 15, 23, 15, 
17: 0, 0, 0, 0, 15, 25, 0, 23, 0, 15, 0, 0, 0, 16, 0, 0, 0, 0, 14, 0, 0, 0, 0, 0, 0, 0, 0, 20, 0, 0, 0, 11, 0, 0, 15, 0, 15, 0, 0, 0, 15, 0, 5, 0, 0, 0, 0, 5, 0, 15, 17, 0, 0, 15, 0, 15, 0, 0, 0, 21, 16, 0, 0, 0, 0, 0, 0, 0, 15, 0, 15, 0, 15, 0, 0, 15, 0, 15, 0, 0, 15, 17, 0, 0, 0, 0, 1, 0, 0, 17, 15, 0, 0, 15, 0, 0, 0, 0, 15, 0, 15, 0, 0, 14, 0, 0, 3, 0, 15, 0, 0, 0, 15, 0, 0, 0, 0, 0, 15, 0, 0, 0, 18, 0, 17, 18, 0, 0, 0, 0, 9, 0, 0, 0, 15, 0, 15, 0, 0, 0, 17, 0, 15, 15, 0, 0, 8, 15, 18, 0, 0, 15, 0, 0, 15, 0, 15, 0, 0, 0, 0, 0, 0, 15, 0, 0, 15, 15, 0, 15, 0, 10, 0, 0, 15, 0, 15, 20, 15, 0, 0, 0, 0, 16, 0, 0, 0, 0, 0, 15, 0, 0, 15, 0, 0, 0, 0, 15, 0, 0, : 15, 25, 23, 15, 16, 14, 20, 11, 15, 15, 15, 5, 5, 15, 17, 15, 15, 21, 16, 15, 15, 15, 15, 15, 15, 17, 1, 17, 15, 15, 15, 15, 14, 3, 15, 15, 15, 18, 17, 18, 9, 15, 15, 17, 15, 15, 8, 15, 18, 15, 15, 15, 15, 15, 15, 15, 10, 15, 15, 20, 15, 16, 15, 15, 15, 
20: 0, 0, 15, 0, 16, 0, 0, 0, 7, 0, 15, 0, 15, 0, 0, 15, 0, 15, 0, 0, 0, 0, 16, 0, 0, 16, 0, 0, 0, 0, 15, 0, 15, 15, 0, 0, 0, 0, 15, 16, 0, 17, 15, 0, 15, 0, 16, 0, 27, 0, 15, 15, 0, 25, 0, 0, 0, 0, 7, 0, 15, 15, 0, 16, 25, 0, 0, 0, 0, 15, 0, 0, 0, 0, 0, 0, 15, 0, 0, 1, 0, 0, 15, 0, 0, 15, 0, 15, 0, 4, 0, 0, 0, 0, 0, 0, 0, 17, 0, 0, 15, 0, 16, 0, 0, 15, 0, 0, 0, 0, 0, 0, 0, 15, 0, 0, 0, 17, 16, 0, 15, 0, 0, 0, 0, 15, 0, 15, 0, 0, 0, 15, 15, 0, 0, 15, 0, 0, 0, 0, 0, 0, 0, 0, 0, 0, 15, 0, 0, 0, 0, 0, 0, 0, 15, 0, 0, 15, 15, 0, 0, 11, 2, 0, 0, 0, 0, 0, 16, 0, 0, 20, 0, 15, 0, 0, 18, 0, 0, 15, 21, 0, 0, 0, 20, 0, 15, 0, 0, 0, 0, 26, 15, 0, 0, 31, 0, 0, 17, 0, : 15, 16, 7, 15, 15, 15, 15, 16, 16, 15, 15, 15, 15, 16, 17, 15, 15, 16, 27, 15, 15, 25, 7, 15, 15, 16, 25, 15, 15, 1, 15, 15, 15, 4, 17, 15, 16, 15, 15, 17, 16, 15, 15, 15, 15, 15, 15, 15, 15, 15, 15, 11, 2, 16, 20, 15, 18, 15, 21, 20, 15, 26, 15, 31, 17, 
90: 15, 15, 0, 29, 0, 0, 15, 0, 0, 15, 0, 0, 0, 15, 0, 0, 0, 15, 0, 0, 15, 15, 0, 0, 0, 0, 15, 15, 29, 0, 0, 0, 0, 30, 0, 0, 0, 26, 18, 0, 0, 0, 15, 15, 15, 15, 0, 0, 12, 0, 0, 0, 0, 0, 24, 0, 20, 0, 0, 15, 0, 0, 0, 0, 0, 15, 0, 0, 0, 0, 15, 0, 21, 0, 0, 16, 0, 17, 0, 0, 17, 0, 0, 17, 0, 0, 18, 0, 0, 0, 0, 15, 25, 0, 28, 0, 0, 9, 0, 0, 0, 0, 0, 0, 0, 0, 0, 0, 15, 0, 0, 0, 0, 0, 0, 15, 0, 15, 19, 0, 0, 0, 15, 0, 0, 0, 15, 0, 0, 0, 0, 0, 0, 0, 0, 0, 0, 19, 15, 15, 0, 22, 0, 0, 0, 0, 0, 0, 0, 15, 0, 0, 0, 0, 0, 0, 0, 0, 0, 0, 0, 0, 15, 16, 0, 0, 0, 0, 0, 0, 0, 0, 15, 0, 16, 15, 0, 2, 0, 3, 0, 0, 0, 0, 15, 0, 0, 0, 0, 0, 0, 0, 0, 15, 20, 0, 0, 0, 0, 0, : 15, 15, 29, 15, 15, 15, 15, 15, 15, 15, 15, 29, 30, 26, 18, 15, 15, 15, 15, 12, 24, 20, 15, 15, 15, 21, 16, 17, 17, 17, 18, 15, 25, 28, 9, 15, 15, 15, 19, 15, 15, 19, 15, 15, 22, 15, 15, 16, 15, 16, 15, 2, 3, 15, 15, 20, 
48: 0, 0, 0, 15, 0, 0, 0, 15, 0, 17, 0, 18, 0, 0, 0, 0, 3, 0, 0, 0, 0, 15, 0, 0, 0, 0, 0, 0, 0, 15, 15, 0, 0, 0, 26, 15, 0, 0, 0, 0, 15, 15, 0, 0, 15, 0, 0, 20, 0, 0, 4, 15, 0, 0, 0, 0, 15, 0, 0, 0, 9, 0, 0, 15, 0, 15, 0, 1, 0, 0, 0, 0, 4, 15, 1, 0, 15, 0, 0, 0, 15, 0, 0, 18, 0, 15, 15, 0, 0, 15, 0, 17, 0, 0, 0, 0, 0, 0, 5, 0, 0, 0, 0, 16, 0, 0, 0, 0, 0, 0, 0, 15, 0, 0, 15, 0, 20, 0, 0, 18, 0, 17, 0, 0, 15, 16, 16, 0, 20, 0, 0, 0, 26, 22, 0, 0, 0, 0, 15, 0, 0, 0, 15, 0, 0, 0, 0, 0, 0, 0, 15, 0, 0, 0, 0, 0, 0, 15, 5, 15, 0, 0, 22, 18, 0, 0, 0, 0, 0, 16, 15, 0, 15, 5, 15, 15, 0, 0, 5, 0, 0, 8, 0, 17, 0, 0, 0, 0, 0, 0, 18, 0, 15, 0, 0, 0, 17, 0, 0, 12, : 15, 15, 17, 18, 3, 15, 15, 15, 26, 15, 15, 15, 15, 20, 4, 15, 15, 9, 15, 15, 1, 4, 15, 1, 15, 15, 18, 15, 15, 15, 17, 5, 16, 15, 15, 20, 18, 17, 15, 16, 16, 20, 26, 22, 15, 15, 15, 15, 5, 15, 22, 18, 16, 15, 15, 5, 15, 15, 5, 8, 17, 18, 15, 17, 12, 
32: 8, 0, 15, 0, 0, 0, 15, 0, 0, 0, 16, 16, 0, 2, 0, 0, 0, 15, 15, 15, 0, 0, 0, 0, 15, 3, 0, 0, 0, 8, 15, 15, 0, 15, 12, 0, 0, 15, 15, 0, 0, 15, 15, 0, 15, 0, 4, 0, 15, 0, 0, 0, 15, 0, 0, 0, 17, 15, 0, 0, 0, 0, 11, 15, 0, 0, 0, 0, 2, 15, 0, 0, 0, 0, 0, 0, 0, 0, 0, 0, 0, 0, 0, 0, 0, 0, 21, 2, 0, 0, 0, 16, 0, 0, 16, 0, 0, 0, 16, 0, 0, 6, 15, 0, 13, 4, 0, 15, 0, 0, 0, 0, 15, 19, 15, 15, 0, 0, 0, 0, 0, 15, 0, 0, 0, 20, 15, 0, 0, 0, 15, 0, 0, 15, 0, 0, 0, 19, 10, 0, 0, 16, 0, 0, 12, 15, 29, 15, 15, 0, 0, 15, 0, 0, 0, 0, 0, 4, 16, 0, 0, 0, 0, 0, 0, 15, 0, 20, 0, 0, 0, 0, 0, 15, 0, 0, 17, 0, 15, 0, 17, 0, 0, 0, 3, 15, 0, 0, 18, 0, 15, 0, 6, 10, 0, 0, 19, 0, 0, 0, : 8, 15, 15, 16, 16, 2, 15, 15, 15, 15, 3, 8, 15, 15, 15, 12, 15, 15, 15, 15, 15, 4, 15, 15, 17, 15, 11, 15, 2, 15, 21, 2, 16, 16, 16, 6, 15, 13, 4, 15, 15, 19, 15, 15, 15, 20, 15, 15, 15, 19, 10, 16, 12, 15, 29, 15, 15, 15, 4, 16, 15, 20, 15, 17, 15, 17, 3, 15, 18, 15, 6, 10, 19, 
53: 15, 15, 0, 0, 15, 0, 0, 0, 0, 0, 21, 0, 15, 0, 15, 0, 0, 0, 0, 16, 0, 9, 1, 15, 15, 0, 0, 0, 0, 16, 19, 0, 19, 0, 0, 25, 16, 6, 0, 0, 0, 0, 0, 18, 0, 15, 0, 15, 15, 0, 0, 28, 0, 0, 0, 0, 0, 0, 0, 16, 0, 0, 0, 0, 0, 0, 0, 0, 19, 0, 0, 0, 0, 0, 0, 0, 0, 0, 0, 15, 0, 13, 0, 0, 15, 0, 0, 0, 0, 0, 0, 0, 0, 26, 0, 7, 0, 0, 0, 0, 0, 0, 0, 0, 0, 0, 0, 0, 15, 0, 0, 0, 0, 33, 15, 0, 0, 0, 0, 15, 0, 0, 0, 0, 0, 0, 0, 0, 15, 0, 0, 0, 0, 0, 0, 0, 16, 0, 15, 0, 0, 0, 15, 0, 22, 0, 0, 0, 0, 0, 0, 0, 16, 24, 0, 0, 15, 0, 0, 0, 0, 0, 0, 0, 0, 0, 0, 15, 0, 0, 0, 0, 0, 0, 0, 0, 0, 0, 17, 0, 15, 0, 22, 15, 0, 23, 0, 17, 0, 15, 0, 0, 0, 15, 0, 18, 0, 26, 0, 17, : 15, 15, 15, 21, 15, 15, 16, 9, 1, 15, 15, 16, 19, 19, 25, 16, 6, 18, 15, 15, 15, 28, 16, 19, 15, 13, 15, 26, 7, 15, 33, 15, 15, 15, 16, 15, 15, 22, 16, 24, 15, 15, 17, 15, 22, 15, 23, 17, 15, 15, 18, 26, 17, 
35: 16, 0, 0, 15, 16, 0, 0, 0, 0, 4, 0, 0, 16, 16, 15, 0, 0, 15, 0, 0, 0, 0, 15, 0, 0, 0, 0, 15, 0, 0, 0, 16, 0, 0, 0, 0, 0, 0, 15, 0, 15, 0, 0, 0, 0, 0, 0, 0, 16, 0, 0, 15, 15, 0, 15, 15, 0, 0, 15, 0, 0, 0, 0, 15, 0, 0, 16, 21, 0, 0, 15, 15, 15, 0, 18, 0, 0, 0, 15, 21, 0, 0, 0, 0, 0, 0, 0, 15, 15, 0, 15, 0, 16, 0, 0, 15, 15, 0, 15, 15, 18, 28, 0, 0, 0, 15, 15, 15, 9, 18, 0, 0, 7, 0, 16, 17, 0, 0, 0, 0, 0, 0, 19, 15, 3, 0, 0, 0, 0, 0, 0, 0, 0, 15, 25, 0, 15, 16, 0, 0, 0, 0, 0, 15, 15, 17, 0, 0, 0, 0, 16, 0, 0, 0, 15, 0, 0, 0, 0, 0, 0, 16, 0, 15, 20, 0, 0, 0, 15, 0, 0, 0, 0, 0, 0, 15, 0, 0, 0, 15, 0, 27, 15, 0, 0, 0, 0, 0, 15, 0, 0, 0, 0, 15, 15, 0, 0, 17, 18, 0, : 16, 15, 16, 4, 16, 16, 15, 15, 15, 15, 16, 15, 15, 16, 15, 15, 15, 15, 15, 15, 16, 21, 15, 15, 15, 18, 15, 21, 15, 15, 15, 16, 15, 15, 15, 15, 18, 28, 15, 15, 15, 9, 18, 7, 16, 17, 19, 15, 3, 15, 25, 15, 16, 15, 15, 17, 16, 15, 16, 15, 20, 15, 15, 15, 27, 15, 15, 15, 15, 17, 18, 
79: 0, 0, 15, 0, 0, 15, 15, 15, 0, 0, 0, 0, 0, 0, 0, 0, 15, 0, 0, 0, 15, 15, 15, 0, 0, 0, 18, 0, 15, 15, 0, 0, 0, 5, 0, 0, 23, 0, 15, 15, 0, 0, 0, 0, 0, 0, 16, 0, 0, 0, 0, 0, 0, 16, 0, 0, 15, 0, 15, 0, 0, 0, 15, 0, 0, 0, 0, 15, 15, 0, 0, 3, 15, 0, 0, 0, 15, 0, 0, 0, 0, 0, 18, 0, 0, 15, 15, 15, 15, 15, 0, 15, 0, 15, 0, 15, 0, 0, 0, 0, 3, 0, 15, 0, 19, 0, 19, 0, 0, 0, 0, 21, 0, 0, 0, 0, 0, 0, 0, 0, 15, 0, 0, 0, 15, 0, 0, 15, 0, 0, 0, 15, 15, 0, 0, 0, 0, 0, 0, 15, 15, 0, 0, 0, 0, 15, 0, 15, 0, 0, 0, 0, 15, 0, 0, 0, 0, 0, 0, 16, 8, 0, 0, 0, 0, 15, 20, 0, 0, 0, 15, 0, 0, 0, 0, 0, 0, 0, 0, 15, 15, 0, 0, 0, 0, 0, 0, 15, 0, 0, 0, 15, 0, 0, 20, 0, 0, 0, 36, 0, : 15, 15, 15, 15, 15, 15, 15, 15, 18, 15, 15, 5, 23, 15, 15, 16, 16, 15, 15, 15, 15, 15, 3, 15, 15, 18, 15, 15, 15, 15, 15, 15, 15, 15, 3, 15, 19, 19, 21, 15, 15, 15, 15, 15, 15, 15, 15, 15, 15, 16, 8, 15, 20, 15, 15, 15, 15, 15, 20, 36, 
3: 0, 0, 0, 0, 0, 0, 0, 0, 15, 0, 0, 0, 0, 0, 0, 0, 19, 7, 20, 0, 0, 0, 0, 0, 19, 0, 0, 15, 0, 0, 0, 0, 15, 0, 0, 0, 0, 0, 15, 0, 15, 0, 0, 0, 0, 31, 0, 0, 0, 15, 15, 0, 15, 10, 15, 0, 3, 15, 0, 0, 0, 16, 0, 24, 16, 0, 18, 0, 19, 15, 0, 0, 15, 15, 15, 0, 0, 0, 0, 0, 0, 0, 15, 0, 0, 9, 0, 15, 15, 16, 16, 0, 0, 0, 0, 18, 0, 15, 0, 0, 0, 0, 0, 0, 0, 36, 16, 16, 0, 0, 0, 0, 0, 3, 0, 0, 15, 0, 4, 0, 15, 0, 15, 0, 0, 0, 0, 0, 15, 16, 0, 15, 0, 16, 0, 5, 0, 0, 0, 15, 0, 15, 0, 0, 0, 0, 0, 0, 15, 0, 0, 0, 15, 0, 0, 17, 0, 0, 0, 0, 15, 0, 15, 0, 15, 19, 0, 0, 0, 16, 0, 16, 0, 0, 0, 0, 15, 0, 0, 0, 0, 0, 0, 0, 0, 0, 33, 0, 0, 15, 0, 0, 0, 0, 0, 0, 0, 0, 0, 0, : 15, 19, 7, 20, 19, 15, 15, 15, 15, 31, 15, 15, 15, 10, 15, 3, 15, 16, 24, 16, 18, 19, 15, 15, 15, 15, 15, 9, 15, 15, 16, 16, 18, 15, 36, 16, 16, 3, 15, 4, 15, 15, 15, 16, 15, 16, 5, 15, 15, 15, 15, 17, 15, 15, 15, 19, 16, 16, 15, 33, 15, 
37: 0, 0, 0, 15, 0, 0, 15, 0, 15, 0, 14, 15, 0, 0, 19, 15, 0, 0, 0, 15, 0, 0, 0, 0, 0, 0, 0, 0, 0, 0, 0, 0, 0, 0, 0, 0, 0, 0, 0, 0, 0, 0, 0, 0, 13, 0, 15, 0, 0, 0, 0, 0, 0, 0, 0, 0, 0, 3, 0, 0, 15, 0, 15, 15, 0, 0, 0, 16, 0, 0, 0, 0, 0, 15, 0, 0, 0, 0, 0, 0, 0, 0, 0, 0, 0, 0, 0, 0, 0, 0, 0, 0, 0, 0, 5, 0, 15, 0, 0, 16, 15, 0, 15, 0, 18, 0, 15, 0, 0, 15, 15, 4, 0, 0, 0, 27, 15, 15, 0, 16, 0, 16, 0, 0, 0, 0, 15, 6, 0, 18, 15, 0, 0, 0, 0, 0, 0, 0, 0, 0, 0, 0, 16, 15, 16, 0, 0, 10, 0, 16, 0, 0, 15, 17, 0, 0, 0, 15, 16, 0, 15, 0, 15, 0, 15, 0, 0, 15, 0, 0, 0, 15, 23, 0, 9, 0, 0, 0, 0, 0, 15, 16, 0, 0, 0, 0, 15, 0, 6, 0, 16, 10, 0, 0, 0, 0, 15, 0, 0, 23, : 15, 15, 15, 14, 15, 19, 15, 15, 13, 15, 3, 15, 15, 15, 16, 15, 5, 15, 16, 15, 15, 18, 15, 15, 15, 4, 27, 15, 15, 16, 16, 15, 6, 18, 15, 16, 15, 16, 10, 16, 15, 17, 15, 16, 15, 15, 15, 15, 15, 23, 9, 15, 16, 15, 6, 16, 10, 15, 23, 
14: 0, 0, 0, 0, 0, 0, 15, 0, 18, 0, 0, 0, 16, 0, 0, 0, 15, 0, 0, 7, 2, 0, 0, 15, 0, 0, 0, 0, 1, 16, 21, 0, 0, 0, 0, 16, 3, 21, 0, 9, 0, 0, 0, 0, 0, 0, 0, 0, 0, 0, 0, 0, 0, 0, 0, 4, 15, 0, 15, 0, 0, 0, 0, 0, 15, 0, 0, 17, 15, 7, 15, 0, 0, 15, 15, 0, 0, 15, 0, 0, 0, 0, 15, 15, 20, 15, 0, 23, 0, 15, 0, 0, 0, 0, 15, 0, 15, 0, 0, 17, 0, 17, 0, 0, 0, 0, 16, 0, 0, 15, 0, 15, 0, 0, 0, 0, 0, 0, 0, 15, 0, 15, 0, 15, 0, 0, 8, 0, 15, 0, 15, 0, 0, 0, 0, 0, 0, 7, 0, 0, 15, 0, 0, 20, 0, 15, 18, 0, 15, 0, 0, 6, 9, 15, 21, 0, 15, 0, 0, 0, 0, 0, 0, 6, 16, 0, 15, 0, 0, 0, 0, 0, 22, 0, 0, 15, 0, 15, 0, 0, 0, 19, 15, 16, 0, 24, 0, 15, 15, 15, 0, 0, 19, 0, 15, 0, 15, 0, 6, 15, : 15, 18, 16, 15, 7, 2, 15, 1, 16, 21, 16, 3, 21, 9, 4, 15, 15, 15, 17, 15, 7, 15, 15, 15, 15, 15, 15, 20, 15, 23, 15, 15, 15, 17, 17, 16, 15, 15, 15, 15, 15, 8, 15, 15, 7, 15, 20, 15, 18, 15, 6, 9, 15, 21, 15, 6, 16, 15, 22, 15, 15, 19, 15, 16, 24, 15, 15, 15, 19, 15, 15, 6, 15, 
18: 0, 15, 0, 0, 0, 0, 0, 16, 0, 0, 0, 0, 15, 0, 0, 0, 16, 0, 15, 0, 0, 0, 0, 0, 0, 15, 26, 0, 15, 0, 0, 0, 0, 15, 0, 0, 0, 0, 0, 0, 18, 24, 0, 15, 0, 0, 0, 0, 15, 0, 0, 0, 0, 0, 0, 0, 0, 0, 15, 0, 15, 15, 0, 0, 0, 15, 0, 0, 0, 17, 0, 0, 0, 0, 0, 0, 0, 38, 0, 15, 0, 0, 17, 0, 0, 0, 15, 0, 0, 0, 0, 0, 0, 13, 0, 15, 0, 0, 18, 0, 17, 0, 0, 17, 0, 0, 0, 15, 30, 0, 4, 0, 15, 0, 24, 6, 15, 3, 15, 16, 0, 0, 0, 28, 0, 0, 0, 0, 16, 0, 16, 0, 16, 0, 0, 0, 19, 0, 0, 0, 0, 15, 16, 15, 0, 0, 0, 15, 0, 15, 16, 0, 0, 15, 0, 0, 15, 0, 0, 0, 0, 0, 16, 0, 0, 0, 15, 5, 0, 0, 0, 0, 0, 0, 15, 0, 0, 0, 0, 15, 0, 0, 15, 0, 15, 0, 0, 0, 16, 10, 15, 0, 0, 0, 0, 0, 15, 0, 0, 18, : 15, 16, 15, 16, 15, 15, 26, 15, 15, 18, 24, 15, 15, 15, 15, 15, 15, 17, 38, 15, 17, 15, 13, 15, 18, 17, 17, 15, 30, 4, 15, 24, 6, 15, 3, 15, 16, 28, 16, 16, 16, 19, 15, 16, 15, 15, 15, 16, 15, 15, 16, 15, 5, 15, 15, 15, 15, 16, 10, 15, 15, 18, 
86: 15, 0, 0, 11, 0, 0, 0, 0, 0, 0, 17, 0, 0, 15, 0, 15, 0, 18, 15, 0, 37, 0, 0, 4, 21, 0, 15, 0, 0, 0, 0, 0, 0, 0, 0, 0, 0, 0, 7, 0, 15, 0, 0, 0, 0, 19, 16, 0, 0, 0, 19, 9, 0, 0, 0, 21, 0, 0, 0, 0, 0, 0, 25, 0, 14, 22, 24, 0, 0, 0, 0, 0, 0, 0, 0, 18, 0, 0, 32, 0, 0, 0, 0, 22, 7, 0, 0, 0, 0, 0, 15, 0, 16, 0, 0, 0, 15, 0, 0, 0, 0, 0, 16, 0, 0, 0, 0, 0, 0, 14, 15, 15, 16, 0, 0, 0, 0, 0, 0, 0, 0, 15, 0, 19, 0, 0, 0, 0, 0, 16, 0, 0, 0, 11, 15, 15, 2, 0, 0, 0, 0, 0, 0, 5, 0, 0, 15, 0, 0, 0, 15, 16, 15, 0, 1, 16, 15, 0, 18, 15, 0, 16, 0, 0, 0, 0, 0, 15, 10, 15, 20, 0, 0, 35, 0, 18, 5, 15, 0, 0, 1, 0, 0, 21, 17, 0, 0, 0, 15, 0, 0, 15, 0, 0, 0, 0, 0, 15, 0, 0, : 15, 11, 17, 15, 15, 18, 15, 37, 4, 21, 15, 7, 15, 19, 16, 19, 9, 21, 25, 14, 22, 24, 18, 32, 22, 7, 15, 16, 15, 16, 14, 15, 15, 16, 15, 19, 16, 11, 15, 15, 2, 5, 15, 15, 16, 15, 1, 16, 15, 18, 15, 16, 15, 10, 15, 20, 35, 18, 5, 15, 1, 21, 17, 15, 15, 15, 
85: 0, 15, 15, 0, 0, 15, 0, 15, 0, 0, 0, 15, 0, 17, 15, 6, 0, 0, 0, 0, 0, 0, 20, 15, 0, 15, 0, 0, 0, 15, 0, 16, 0, 0, 17, 15, 0, 0, 0, 0, 0, 0, 0, 15, 27, 0, 0, 15, 0, 15, 15, 0, 0, 0, 7, 15, 0, 15, 18, 21, 0, 19, 0, 0, 0, 18, 0, 0, 0, 15, 0, 15, 0, 0, 21, 0, 0, 0, 7, 0, 0, 25, 0, 15, 19, 0, 0, 0, 15, 0, 3, 1, 0, 0, 17, 0, 0, 18, 0, 0, 0, 0, 0, 0, 0, 0, 0, 0, 0, 0, 15, 0, 0, 0, 0, 0, 17, 0, 15, 0, 22, 0, 0, 0, 0, 0, 0, 15, 0, 0, 0, 9, 0, 0, 18, 15, 0, 0, 0, 0, 17, 0, 0, 0, 0, 8, 0, 0, 21, 0, 22, 17, 0, 0, 0, 4, 0, 18, 0, 0, 0, 0, 0, 0, 15, 0, 15, 0, 15, 0, 15, 22, 0, 0, 0, 7, 15, 0, 0, 0, 0, 0, 0, 0, 0, 8, 0, 8, 0, 15, 0, 0, 0, 0, 0, 15, 2, 15, 0, 0, : 15, 15, 15, 15, 15, 17, 15, 6, 20, 15, 15, 15, 16, 17, 15, 15, 27, 15, 15, 15, 7, 15, 15, 18, 21, 19, 18, 15, 15, 21, 7, 25, 15, 19, 15, 3, 1, 17, 18, 15, 17, 15, 22, 15, 9, 18, 15, 17, 8, 21, 22, 17, 4, 18, 15, 15, 15, 15, 22, 7, 15, 8, 8, 15, 15, 2, 15, 
24: 0, 7, 0, 15, 0, 0, 0, 0, 0, 0, 0, 0, 0, 0, 19, 15, 17, 0, 0, 0, 0, 0, 18, 21, 15, 16, 0, 5, 0, 0, 0, 0, 15, 20, 0, 0, 0, 0, 0, 15, 0, 0, 0, 0, 0, 0, 0, 0, 0, 21, 0, 0, 15, 0, 0, 0, 0, 37, 15, 0, 0, 0, 0, 0, 0, 0, 12, 0, 0, 0, 0, 17, 0, 25, 15, 0, 0, 0, 0, 15, 15, 15, 0, 0, 23, 15, 0, 15, 15, 0, 0, 0, 0, 0, 0, 15, 15, 0, 16, 0, 0, 0, 0, 0, 15, 0, 0, 15, 0, 0, 15, 0, 0, 0, 0, 20, 0, 15, 16, 5, 0, 0, 0, 0, 16, 0, 0, 0, 0, 0, 0, 15, 0, 0, 0, 0, 15, 15, 0, 15, 0, 16, 0, 0, 0, 0, 0, 0, 0, 15, 1, 0, 0, 0, 0, 0, 0, 0, 0, 0, 15, 0, 0, 15, 4, 0, 0, 0, 18, 8, 20, 0, 0, 0, 15, 15, 0, 0, 0, 0, 16, 0, 0, 0, 0, 0, 0, 15, 0, 0, 0, 0, 0, 0, 0, 0, 0, 0, 0, 0, : 7, 15, 19, 15, 17, 18, 21, 15, 16, 5, 15, 20, 15, 21, 15, 37, 15, 12, 17, 25, 15, 15, 15, 15, 23, 15, 15, 15, 15, 15, 16, 15, 15, 15, 20, 15, 16, 5, 16, 15, 15, 15, 15, 16, 15, 1, 15, 15, 4, 18, 8, 20, 15, 15, 16, 15, 
77: 16, 0, 15, 0, 5, 15, 0, 15, 15, 15, 0, 0, 0, 0, 15, 0, 0, 0, 0, 0, 15, 15, 0, 15, 0, 0, 17, 15, 0, 15, 15, 0, 0, 0, 15, 14, 0, 15, 0, 15, 0, 0, 16, 0, 0, 0, 15, 0, 0, 19, 0, 0, 0, 19, 16, 0, 15, 0, 0, 6, 15, 0, 0, 0, 15, 0, 0, 0, 0, 0, 21, 16, 0, 0, 0, 0, 0, 0, 16, 0, 15, 0, 20, 13, 0, 0, 0, 0, 0, 0, 15, 0, 0, 0, 0, 0, 0, 16, 0, 0, 0, 30, 0, 0, 0, 0, 16, 0, 0, 15, 20, 15, 0, 15, 0, 0, 3, 0, 0, 0, 0, 15, 2, 15, 0, 16, 0, 0, 0, 0, 0, 0, 12, 0, 0, 0, 0, 24, 15, 0, 0, 0, 0, 0, 0, 15, 0, 0, 0, 23, 15, 0, 0, 16, 0, 26, 0, 0, 15, 16, 15, 0, 0, 0, 15, 0, 0, 0, 0, 0, 0, 0, 0, 15, 0, 0, 0, 0, 18, 0, 0, 0, 0, 0, 15, 0, 15, 0, 0, 0, 15, 0, 15, 15, 12, 15, 0, 0, 0, 0, : 16, 15, 5, 15, 15, 15, 15, 15, 15, 15, 15, 17, 15, 15, 15, 15, 14, 15, 15, 16, 15, 19, 19, 16, 15, 6, 15, 15, 21, 16, 16, 15, 20, 13, 15, 16, 30, 16, 15, 20, 15, 15, 3, 15, 2, 15, 16, 12, 24, 15, 15, 23, 15, 16, 26, 15, 16, 15, 15, 15, 18, 15, 15, 15, 15, 15, 12, 15, 
88: 0, 18, 0, 0, 0, 0, 0, 0, 15, 15, 17, 15, 0, 0, 0, 0, 15, 0, 0, 15, 16, 16, 0, 0, 0, 20, 0, 0, 25, 0, 0, 0, 21, 0, 15, 0, 22, 0, 0, 15, 0, 14, 0, 0, 0, 0, 18, 15, 0, 15, 0, 0, 15, 15, 23, 15, 0, 0, 0, 0, 0, 20, 19, 0, 0, 0, 15, 0, 0, 16, 19, 0, 0, 15, 0, 3, 15, 15, 15, 0, 8, 0, 0, 0, 0, 16, 0, 0, 15, 0, 0, 0, 15, 15, 0, 0, 10, 0, 0, 0, 0, 0, 0, 15, 0, 15, 0, 24, 0, 23, 0, 0, 0, 0, 15, 0, 0, 20, 0, 15, 18, 7, 0, 0, 0, 0, 0, 18, 0, 15, 0, 0, 0, 21, 27, 15, 18, 0, 15, 15, 15, 0, 15, 0, 0, 0, 15, 0, 0, 16, 0, 16, 15, 13, 0, 0, 0, 0, 15, 8, 0, 19, 0, 15, 0, 21, 0, 0, 26, 15, 0, 17, 10, 0, 0, 0, 0, 16, 0, 15, 0, 15, 0, 15, 0, 15, 0, 0, 15, 0, 0, 0, 0, 0, 0, 15, 0, 12, 0, 0, : 18, 15, 15, 17, 15, 15, 15, 16, 16, 20, 25, 21, 15, 22, 15, 14, 18, 15, 15, 15, 15, 23, 15, 20, 19, 15, 16, 19, 15, 3, 15, 15, 15, 8, 16, 15, 15, 15, 10, 15, 15, 24, 23, 15, 20, 15, 18, 7, 18, 15, 21, 27, 15, 18, 15, 15, 15, 15, 15, 16, 16, 15, 13, 15, 8, 19, 15, 21, 26, 15, 17, 10, 16, 15, 15, 15, 15, 15, 15, 12, 


