
20
20
100
1

16: 0, 16, 19, 0, 0, 15, 0, 0, 6, 19, 0, 0, 15, 0, 17, 0, 15, 0, 0, 0, : 16, 19, 15, 6, 19, 15, 17, 15, 
7: 15, 0, 0, 0, 0, 0, 0, 22, 0, 0, 15, 17, 0, 0, 0, 0, 0, 0, 15, 0, : 15, 22, 15, 17, 15, 
12: 0, 0, 0, 15, 0, 0, 0, 0, 15, 0, 0, 0, 0, 15, 11, 15, 15, 0, 1, 0, : 15, 15, 15, 11, 15, 15, 1, 
10: 0, 16, 15, 0, 0, 0, 0, 0, 0, 0, 0, 0, 0, 18, 0, 0, 0, 0, 0, 0, : 16, 15, 18, 
13: 0, 0, 15, 20, 0, 0, 0, 15, 0, 0, 0, 0, 0, 15, 0, 0, 0, 0, 0, 16, : 15, 20, 15, 15, 16, 
5: 0, 0, 0, 0, 0, 0, 0, 0, 0, 0, 15, 0, 20, 15, 0, 21, 0, 0, 0, 15, : 15, 20, 15, 21, 15, 
2: 0, 0, 0, 0, 0, 16, 9, 20, 0, 0, 0, 0, 0, 0, 0, 0, 18, 27, 0, 15, : 16, 9, 20, 18, 27, 15, 
9: 0, 0, 0, 0, 15, 0, 15, 0, 30, 0, 0, 18, 15, 0, 0, 0, 0, 0, 15, 15, : 15, 15, 30, 18, 15, 15, 15, 
14: 15, 0, 0, 15, 15, 0, 15, 0, 0, 7, 0, 0, 0, 0, 0, 15, 15, 0, 0, 0, : 15, 15, 15, 15, 7, 15, 15, 
1: 15, 0, 0, 0, 0, 0, 0, 15, 0, 0, 15, 15, 0, 0, 0, 0, 0, 30, 0, 0, : 15, 15, 15, 15, 30, 
20: 0, 23, 0, 0, 10, 0, 0, 0, 0, 15, 1, 0, 2, 0, 18, 0, 15, 17, 0, 15, : 23, 10, 15, 1, 2, 18, 15, 17, 15, 
11: 20, 15, 32, 0, 0, 0, 0, 0, 17, 24, 0, 0, 0, 0, 0, 0, 0, 11, 16, 5, : 20, 15, 32, 17, 24, 11, 16, 5, 
3: 0, 0, 0, 15, 0, 0, 0, 0, 0, 20, 0, 20, 0, 0, 0, 0, 0, 0, 0, 0, : 15, 20, 20, 
17: 15, 0, 0, 0, 15, 0, 0, 17, 17, 0, 0, 15, 15, 0, 0, 0, 0, 0, 15, 0, : 15, 15, 17, 17, 15, 15, 15, 
19: 0, 0, 0, 17, 15, 15, 0, 0, 0, 15, 0, 0, 18, 16, 0, 16, 7, 0, 22, 0, : 17, 15, 15, 15, 18, 16, 16, 7, 22, 
4: 0, 0, 15, 3, 0, 38, 0, 0, 0, 0, 0, 0, 0, 15, 0, 15, 0, 0, 0, 19, : 15, 3, 38, 15, 15, 19, 
15: 15, 0, 0, 0, 0, 15, 0, 0, 0, 0, 20, 0, 15, 0, 15, 0, 15, 0, 0, 0, : 15, 15, 20, 15, 15, 15, 
6: 0, 15, 0, 15, 15, 0, 18, 11, 0, 0, 19, 0, 0, 0, 19, 15, 0, 0, 0, 0, : 15, 15, 15, 18, 11, 19, 19, 15, 
18: 5, 0, 4, 0, 15, 0, 28, 0, 15, 0, 0, 15, 0, 0, 0, 3, 0, 15, 0, 0, : 5, 4, 15, 28, 15, 15, 3, 15, 
8: 0, 15, 0, 0, 0, 1, 15, 0, 0, 0, 15, 0, 0, 6, 20, 0, 0, 0, 16, 0, : 15, 1, 15, 15, 6, 20, 16, 


