
20
100
100
5

35: 0, 0, 15, 0, 15, 0, 0, 0, 0, 0, 15, 15, 0, 15, 0, 0, 0, 0, 0, 0, : 15, 15, 15, 15, 15, 
91: 17, 0, 16, 15, 0, 0, 0, 15, 0, 0, 15, 0, 0, 0, 0, 0, 0, 0, 0, 19, : 17, 16, 15, 15, 15, 19, 
59: 15, 24, 0, 0, 19, 0, 0, 0, 0, 0, 15, 0, 0, 0, 0, 0, 0, 19, 0, 0, : 15, 24, 19, 15, 19, 
39: 0, 0, 0, 0, 0, 0, 16, 0, 15, 16, 0, 16, 15, 0, 0, 0, 0, 15, 0, 0, : 16, 15, 16, 16, 15, 15, 
33: 18, 0, 0, 0, 0, 15, 0, 15, 0, 15, 0, 16, 0, 0, 15, 15, 2, 0, 18, 0, : 18, 15, 15, 15, 16, 15, 15, 2, 18, 
48: 15, 0, 0, 0, 15, 0, 15, 15, 18, 0, 0, 0, 0, 0, 0, 0, 0, 15, 0, 0, : 15, 15, 15, 15, 18, 15, 
79: 5, 16, 0, 15, 0, 0, 0, 15, 0, 0, 0, 0, 0, 0, 12, 5, 15, 16, 3, 0, : 5, 16, 15, 15, 12, 5, 15, 16, 3, 
17: 15, 9, 15, 0, 15, 0, 0, 15, 0, 0, 0, 17, 0, 0, 0, 0, 0, 16, 0, 0, : 15, 9, 15, 15, 15, 17, 16, 
23: 0, 0, 19, 16, 0, 0, 0, 0, 0, 15, 0, 0, 18, 0, 21, 16, 0, 4, 15, 15, : 19, 16, 15, 18, 21, 16, 4, 15, 15, 
83: 0, 0, 0, 0, 15, 0, 0, 0, 0, 0, 0, 0, 0, 0, 21, 15, 23, 0, 0, 15, : 15, 21, 15, 23, 15, 
100: 0, 0, 0, 0, 0, 16, 15, 15, 10, 0, 0, 15, 0, 15, 0, 0, 15, 15, 0, 1, : 16, 15, 15, 10, 15, 15, 15, 15, 1, 
65: 0, 0, 0, 0, 0, 16, 16, 0, 19, 0, 6, 0, 15, 15, 0, 0, 0, 0, 17, 0, : 16, 16, 19, 6, 15, 15, 17, 
15: 0, 15, 0, 0, 0, 15, 0, 0, 0, 15, 0, 17, 7, 0, 15, 0, 15, 0, 0, 0, : 15, 15, 15, 17, 7, 15, 15, 
63: 0, 0, 0, 16, 0, 0, 21, 0, 21, 0, 0, 0, 0, 0, 0, 19, 15, 0, 17, 0, : 16, 21, 21, 19, 15, 17, 
68: 0, 0, 5, 7, 0, 0, 0, 0, 0, 15, 0, 4, 15, 18, 0, 0, 15, 0, 0, 15, : 5, 7, 15, 4, 15, 18, 15, 15, 
26: 0, 0, 15, 15, 0, 0, 0, 0, 0, 23, 0, 0, 0, 0, 0, 0, 0, 0, 0, 20, : 15, 15, 23, 20, 
93: 0, 0, 0, 0, 20, 15, 0, 0, 0, 0, 19, 0, 15, 0, 0, 0, 0, 0, 0, 15, : 20, 15, 19, 15, 15, 
7: 0, 36, 15, 0, 0, 8, 0, 10, 0, 1, 15, 0, 0, 15, 0, 0, 0, 0, 15, 0, : 36, 15, 8, 10, 1, 15, 15, 15, 
89: 0, 0, 0, 16, 0, 15, 0, 0, 0, 0, 0, 0, 0, 22, 0, 15, 0, 0, 0, 0, : 16, 15, 22, 15, 
4: 15, 0, 0, 0, 1, 0, 17, 0, 17, 0, 15, 0, 15, 0, 16, 15, 0, 0, 15, 0, : 15, 1, 17, 17, 15, 15, 16, 15, 15, 


18: 0, 0, 0, 0, 3, 0, 0, 0, 0, 10, 0, 8, 0, 0, 22, 16, 15, 0, 15, 0, : 3, 10, 8, 22, 16, 15, 15, 
28: 0, 0, 0, 0, 15, 0, 0, 21, 15, 0, 0, 0, 0, 0, 0, 0, 0, 0, 0, 0, : 15, 21, 15, 
38: 0, 18, 0, 0, 0, 0, 0, 0, 0, 0, 18, 15, 0, 0, 0, 0, 0, 0, 0, 0, : 18, 18, 15, 
61: 15, 0, 16, 15, 0, 1, 29, 25, 0, 0, 0, 0, 0, 15, 0, 0, 0, 15, 15, 0, : 15, 16, 15, 1, 29, 25, 15, 15, 15, 
21: 0, 18, 21, 0, 0, 0, 0, 0, 0, 15, 0, 0, 15, 15, 15, 0, 0, 0, 24, 0, : 18, 21, 15, 15, 15, 15, 24, 
84: 27, 17, 0, 0, 0, 0, 0, 0, 0, 0, 19, 0, 15, 0, 0, 0, 0, 0, 15, 0, : 27, 17, 19, 15, 15, 
85: 0, 0, 0, 0, 15, 0, 0, 0, 0, 15, 0, 17, 0, 0, 0, 0, 0, 20, 0, 0, : 15, 15, 17, 20, 
62: 12, 0, 15, 15, 0, 0, 0, 0, 15, 15, 0, 15, 15, 15, 0, 0, 0, 0, 0, 0, : 12, 15, 15, 15, 15, 15, 15, 15, 
41: 0, 0, 30, 0, 0, 15, 0, 0, 0, 15, 0, 0, 15, 0, 0, 19, 15, 15, 0, 15, : 30, 15, 15, 15, 19, 15, 15, 15, 
22: 0, 15, 0, 0, 18, 15, 0, 0, 0, 0, 0, 0, 0, 0, 0, 15, 0, 16, 0, 15, : 15, 18, 15, 15, 16, 15, 
32: 0, 0, 3, 0, 0, 15, 17, 0, 15, 0, 0, 0, 15, 0, 15, 16, 0, 0, 16, 0, : 3, 15, 17, 15, 15, 15, 16, 16, 
11: 0, 15, 15, 15, 0, 0, 0, 0, 0, 0, 0, 0, 0, 15, 15, 0, 25, 0, 0, 0, : 15, 15, 15, 15, 15, 25, 
58: 0, 0, 0, 15, 15, 15, 0, 6, 17, 15, 13, 0, 0, 0, 15, 0, 16, 15, 0, 15, : 15, 15, 15, 6, 17, 15, 13, 15, 16, 15, 15, 
64: 0, 0, 0, 0, 0, 0, 17, 0, 15, 0, 16, 0, 0, 0, 0, 0, 0, 0, 0, 0, : 17, 15, 16, 
42: 15, 0, 0, 15, 15, 0, 0, 0, 0, 0, 0, 0, 9, 9, 0, 0, 0, 4, 15, 25, : 15, 15, 15, 9, 9, 4, 15, 25, 
77: 15, 0, 0, 10, 0, 20, 0, 0, 15, 0, 15, 15, 0, 0, 0, 15, 0, 0, 0, 15, : 15, 10, 20, 15, 15, 15, 15, 15, 
31: 0, 0, 0, 0, 0, 19, 0, 15, 8, 0, 19, 0, 0, 0, 18, 4, 9, 0, 0, 15, : 19, 15, 8, 19, 18, 4, 9, 15, 
94: 0, 0, 0, 15, 0, 0, 22, 15, 0, 15, 0, 0, 0, 0, 0, 0, 0, 0, 0, 0, : 15, 22, 15, 15, 
8: 16, 17, 0, 0, 0, 0, 0, 18, 0, 0, 0, 30, 16, 15, 0, 0, 0, 15, 0, 0, : 16, 17, 18, 30, 16, 15, 15, 
44: 0, 0, 0, 0, 19, 0, 15, 0, 0, 0, 0, 0, 0, 16, 0, 15, 20, 0, 0, 0, : 19, 15, 16, 15, 20, 


36: 10, 15, 0, 15, 15, 0, 0, 0, 0, 0, 16, 0, 0, 0, 0, 1, 15, 15, 0, 0, : 10, 15, 15, 15, 16, 1, 15, 15, 
88: 15, 15, 0, 0, 0, 0, 0, 15, 0, 0, 15, 0, 21, 0, 0, 15, 0, 0, 0, 0, : 15, 15, 15, 15, 21, 15, 
37: 0, 0, 0, 0, 0, 0, 16, 0, 0, 0, 15, 0, 0, 0, 0, 17, 15, 0, 0, 0, : 16, 15, 17, 15, 
51: 15, 0, 0, 0, 0, 0, 0, 0, 0, 0, 7, 0, 0, 0, 15, 15, 0, 0, 0, 15, : 15, 7, 15, 15, 15, 
9: 0, 16, 19, 0, 0, 23, 0, 0, 0, 0, 0, 32, 35, 0, 0, 0, 0, 0, 0, 0, : 16, 19, 23, 32, 35, 
78: 30, 0, 0, 0, 0, 15, 2, 16, 0, 0, 15, 0, 0, 0, 3, 0, 0, 0, 0, 0, : 30, 15, 2, 16, 15, 3, 
49: 0, 15, 15, 4, 0, 0, 15, 0, 23, 8, 0, 0, 0, 15, 0, 0, 0, 0, 15, 22, : 15, 15, 4, 15, 23, 8, 15, 15, 22, 
5: 0, 0, 0, 0, 7, 15, 0, 0, 15, 24, 16, 0, 15, 0, 0, 0, 0, 0, 0, 0, : 7, 15, 15, 24, 16, 15, 
90: 0, 9, 0, 17, 0, 0, 0, 15, 0, 23, 0, 0, 0, 0, 0, 0, 0, 0, 0, 15, : 9, 17, 15, 23, 15, 
99: 0, 15, 14, 15, 16, 0, 0, 0, 0, 0, 0, 0, 0, 0, 17, 0, 0, 15, 15, 0, : 15, 14, 15, 16, 17, 15, 15, 
71: 15, 0, 0, 0, 15, 15, 15, 0, 15, 0, 0, 14, 18, 15, 0, 0, 0, 8, 1, 0, : 15, 15, 15, 15, 15, 14, 18, 15, 8, 1, 
67: 0, 0, 0, 15, 0, 0, 0, 0, 0, 15, 0, 0, 0, 0, 20, 0, 17, 15, 0, 0, : 15, 15, 20, 17, 15, 
76: 0, 0, 0, 0, 17, 0, 0, 15, 0, 0, 0, 0, 0, 0, 0, 15, 0, 17, 15, 0, : 17, 15, 15, 17, 15, 
52: 0, 0, 0, 0, 0, 0, 0, 0, 0, 0, 0, 24, 0, 6, 15, 0, 15, 0, 15, 15, : 24, 6, 15, 15, 15, 15, 
74: 0, 0, 0, 16, 0, 0, 37, 15, 0, 0, 0, 0, 11, 17, 15, 0, 15, 0, 24, 0, : 16, 37, 15, 11, 17, 15, 15, 24, 
19: 0, 0, 0, 0, 15, 0, 15, 0, 15, 15, 0, 0, 0, 0, 0, 0, 0, 0, 0, 0, : 15, 15, 15, 15, 
12: 0, 15, 15, 0, 15, 16, 0, 0, 15, 15, 0, 0, 0, 17, 0, 17, 0, 0, 15, 15, : 15, 15, 15, 16, 15, 15, 17, 17, 15, 15, 
50: 0, 0, 0, 0, 0, 0, 0, 0, 17, 0, 0, 15, 0, 15, 0, 20, 0, 15, 0, 0, : 17, 15, 15, 20, 15, 
40: 0, 0, 37, 0, 0, 16, 0, 9, 0, 0, 16, 15, 0, 15, 15, 0, 0, 0, 0, 3, : 37, 16, 9, 16, 15, 15, 15, 3, 
72: 15, 0, 0, 18, 0, 0, 0, 15, 0, 0, 0, 0, 0, 0, 0, 0, 23, 15, 0, 15, : 15, 18, 15, 23, 15, 15, 


1: 0, 0, 0, 15, 0, 27, 0, 17, 0, 0, 0, 0, 0, 0, 15, 0, 15, 0, 15, 15, : 15, 27, 17, 15, 15, 15, 15, 
95: 16, 15, 15, 0, 0, 15, 0, 16, 0, 0, 0, 0, 0, 0, 0, 0, 0, 15, 0, 0, : 16, 15, 15, 15, 16, 15, 
97: 0, 0, 0, 0, 17, 0, 15, 0, 0, 0, 0, 0, 17, 15, 17, 0, 8, 10, 21, 15, : 17, 15, 17, 15, 17, 8, 10, 21, 15, 
27: 0, 0, 15, 0, 0, 0, 0, 15, 15, 0, 17, 0, 0, 0, 0, 0, 0, 0, 0, 15, : 15, 15, 15, 17, 15, 
70: 0, 0, 0, 0, 16, 0, 16, 0, 0, 0, 0, 0, 0, 0, 15, 0, 15, 0, 0, 0, : 16, 16, 15, 15, 
10: 4, 0, 0, 15, 0, 0, 0, 0, 24, 19, 0, 16, 0, 0, 0, 0, 0, 0, 0, 15, : 4, 15, 24, 19, 16, 15, 
3: 15, 0, 0, 0, 0, 18, 3, 0, 0, 15, 0, 15, 0, 17, 15, 0, 0, 0, 0, 0, : 15, 18, 3, 15, 15, 17, 15, 
34: 0, 0, 18, 0, 0, 0, 0, 0, 0, 0, 0, 0, 0, 15, 0, 20, 0, 15, 0, 0, : 18, 15, 20, 15, 
46: 0, 15, 0, 0, 0, 0, 15, 0, 0, 0, 15, 0, 17, 22, 0, 0, 15, 15, 16, 15, : 15, 15, 15, 17, 22, 15, 15, 16, 15, 
92: 0, 0, 0, 15, 18, 15, 0, 21, 1, 15, 5, 15, 15, 0, 0, 14, 15, 0, 15, 0, : 15, 18, 15, 21, 1, 15, 5, 15, 15, 14, 15, 15, 
56: 17, 18, 0, 15, 15, 0, 0, 0, 0, 21, 0, 15, 15, 0, 15, 0, 0, 0, 0, 0, : 17, 18, 15, 15, 21, 15, 15, 15, 
66: 0, 0, 16, 16, 0, 0, 0, 0, 15, 0, 0, 0, 0, 0, 0, 19, 0, 0, 0, 17, : 16, 16, 15, 19, 17, 
6: 0, 0, 4, 0, 0, 0, 0, 0, 15, 0, 15, 0, 0, 0, 0, 0, 17, 15, 0, 0, : 4, 15, 15, 17, 15, 
69: 0, 0, 0, 0, 18, 0, 0, 8, 15, 0, 0, 15, 0, 0, 0, 0, 0, 0, 0, 0, : 18, 8, 15, 15, 
14: 0, 24, 15, 0, 0, 10, 21, 23, 0, 0, 0, 0, 0, 0, 0, 0, 0, 0, 0, 0, : 24, 15, 10, 21, 23, 
55: 0, 16, 0, 0, 16, 15, 0, 0, 15, 0, 0, 0, 1, 0, 0, 0, 0, 15, 0, 0, : 16, 16, 15, 15, 1, 15, 
24: 0, 0, 17, 0, 0, 0, 0, 0, 0, 15, 16, 9, 20, 0, 8, 0, 15, 0, 22, 0, : 17, 15, 16, 9, 20, 8, 15, 22, 
86: 15, 12, 0, 9, 0, 0, 15, 0, 0, 0, 15, 0, 0, 15, 0, 15, 0, 0, 0, 8, : 15, 12, 9, 15, 15, 15, 15, 8, 
45: 18, 0, 0, 0, 0, 0, 0, 0, 0, 0, 0, 0, 0, 16, 0, 15, 0, 15, 11, 0, : 18, 16, 15, 15, 11, 
57: 15, 0, 0, 15, 0, 0, 15, 0, 0, 15, 17, 15, 15, 0, 15, 17, 0, 0, 0, 0, : 15, 15, 15, 15, 17, 15, 15, 15, 17, 


25: 15, 16, 0, 15, 0, 15, 20, 0, 0, 0, 0, 0, 0, 0, 0, 8, 0, 15, 0, 0, : 15, 16, 15, 15, 20, 8, 15, 
60: 15, 6, 0, 0, 0, 0, 0, 16, 0, 6, 0, 0, 0, 22, 0, 16, 15, 0, 0, 0, : 15, 6, 16, 6, 22, 16, 15, 
73: 0, 0, 0, 15, 0, 0, 0, 16, 0, 0, 0, 0, 15, 15, 0, 0, 0, 0, 7, 0, : 15, 16, 15, 15, 7, 
82: 0, 0, 19, 0, 15, 0, 0, 0, 0, 0, 15, 0, 15, 0, 15, 15, 0, 0, 0, 0, : 19, 15, 15, 15, 15, 15, 
53: 0, 0, 15, 0, 0, 33, 11, 0, 0, 0, 0, 0, 15, 0, 0, 15, 7, 0, 0, 34, : 15, 33, 11, 15, 15, 7, 34, 
43: 0, 0, 0, 0, 0, 0, 15, 0, 0, 22, 0, 15, 0, 0, 0, 0, 0, 15, 0, 0, : 15, 22, 15, 15, 
81: 16, 0, 0, 15, 15, 0, 0, 0, 0, 0, 0, 0, 6, 15, 0, 0, 0, 0, 0, 0, : 16, 15, 15, 6, 15, 
75: 8, 20, 0, 0, 0, 0, 0, 0, 0, 0, 19, 15, 0, 15, 11, 0, 0, 25, 18, 0, : 8, 20, 19, 15, 15, 11, 25, 18, 
30: 0, 0, 15, 10, 0, 15, 0, 17, 0, 0, 0, 0, 15, 0, 15, 0, 15, 0, 15, 15, : 15, 10, 15, 17, 15, 15, 15, 15, 15, 
98: 16, 0, 0, 0, 0, 0, 0, 0, 15, 15, 15, 0, 0, 0, 0, 0, 15, 0, 0, 0, : 16, 15, 15, 15, 15, 
13: 0, 0, 0, 0, 15, 0, 0, 0, 15, 0, 0, 15, 0, 0, 0, 0, 0, 0, 15, 0, : 15, 15, 15, 15, 
54: 0, 15, 15, 0, 0, 0, 0, 0, 0, 0, 0, 0, 0, 0, 0, 0, 15, 0, 0, 5, : 15, 15, 15, 5, 
29: 0, 0, 18, 15, 25, 0, 0, 0, 35, 0, 21, 17, 0, 0, 0, 15, 0, 0, 15, 0, : 18, 15, 25, 35, 21, 17, 15, 15, 
96: 15, 28, 0, 0, 0, 0, 0, 0, 0, 0, 15, 15, 0, 15, 0, 0, 18, 0, 0, 0, : 15, 28, 15, 15, 15, 18, 
20: 0, 15, 0, 15, 0, 0, 15, 0, 15, 0, 0, 0, 0, 3, 22, 0, 0, 15, 0, 31, : 15, 15, 15, 15, 3, 22, 15, 31, 
47: 0, 0, 0, 0, 15, 0, 16, 0, 4, 0, 0, 0, 16, 0, 0, 0, 0, 15, 15, 0, : 15, 16, 4, 16, 15, 15, 
2: 0, 0, 3, 0, 15, 17, 0, 0, 0, 15, 0, 0, 0, 0, 17, 16, 15, 0, 0, 15, : 3, 15, 17, 15, 17, 16, 15, 15, 
87: 0, 0, 0, 0, 0, 5, 0, 22, 16, 27, 0, 15, 0, 0, 20, 0, 0, 0, 0, 0, : 5, 22, 16, 27, 15, 20, 
80: 15, 0, 0, 15, 0, 0, 0, 14, 0, 15, 0, 0, 0, 15, 0, 15, 0, 15, 15, 0, : 15, 15, 14, 15, 15, 15, 15, 15, 
16: 0, 0, 15, 0, 0, 15, 23, 15, 0, 0, 15, 8, 18, 0, 0, 0, 0, 0, 0, 0, : 15, 15, 23, 15, 15, 8, 18, 


