
20
200
100
10

105: 15, 0, 0, 15, 15, 0, 0, 0, 16, 0, 15, 19, 16, 20, 15, 0, 0, 22, 0, 18, : 15, 15, 15, 16, 15, 19, 16, 20, 15, 22, 18, 
58: 0, 0, 12, 15, 0, 0, 0, 0, 0, 15, 0, 0, 0, 15, 0, 0, 0, 0, 15, 0, : 12, 15, 15, 15, 15, 
80: 0, 15, 0, 0, 15, 0, 0, 0, 0, 0, 0, 0, 15, 0, 0, 16, 0, 0, 0, 15, : 15, 15, 15, 16, 15, 
125: 15, 0, 0, 0, 0, 0, 0, 0, 0, 17, 0, 15, 21, 0, 0, 21, 0, 0, 15, 0, : 15, 17, 15, 21, 21, 15, 
89: 0, 0, 0, 0, 0, 15, 0, 0, 6, 0, 0, 0, 0, 16, 0, 0, 0, 0, 0, 0, : 15, 6, 16, 
158: 0, 0, 0, 0, 15, 0, 4, 0, 15, 0, 0, 0, 15, 0, 0, 0, 15, 0, 15, 0, : 15, 4, 15, 15, 15, 15, 
176: 15, 11, 0, 0, 9, 15, 15, 0, 0, 0, 0, 0, 0, 0, 0, 0, 0, 0, 15, 0, : 15, 11, 9, 15, 15, 15, 
70: 0, 0, 15, 0, 0, 0, 0, 0, 0, 23, 0, 15, 0, 0, 15, 0, 0, 0, 0, 0, : 15, 23, 15, 15, 
109: 15, 0, 25, 0, 15, 10, 0, 0, 0, 0, 0, 15, 0, 0, 0, 0, 0, 0, 0, 15, : 15, 25, 15, 10, 15, 15, 
12: 0, 24, 0, 0, 0, 0, 20, 0, 0, 0, 15, 0, 0, 15, 0, 15, 0, 17, 0, 15, : 24, 20, 15, 15, 15, 17, 15, 
142: 0, 0, 0, 15, 0, 15, 0, 20, 15, 0, 19, 18, 0, 0, 15, 0, 13, 0, 10, 0, : 15, 15, 20, 15, 19, 18, 15, 13, 10, 
32: 0, 0, 0, 15, 0, 15, 0, 15, 15, 0, 15, 0, 0, 0, 0, 2, 16, 0, 0, 0, : 15, 15, 15, 15, 15, 2, 16, 
95: 0, 16, 0, 7, 0, 0, 16, 0, 0, 0, 3, 0, 0, 15, 9, 15, 0, 0, 15, 0, : 16, 7, 16, 3, 15, 9, 15, 15, 
122: 0, 0, 0, 0, 16, 0, 15, 0, 0, 11, 0, 0, 15, 15, 15, 0, 0, 15, 0, 15, : 16, 15, 11, 15, 15, 15, 15, 15, 
16: 9, 19, 0, 0, 0, 15, 0, 20, 0, 0, 0, 0, 0, 0, 0, 0, 16, 8, 0, 15, : 9, 19, 15, 20, 16, 8, 15, 
40: 15, 15, 0, 0, 0, 0, 0, 0, 18, 19, 0, 0, 0, 0, 16, 16, 15, 22, 0, 0, : 15, 15, 18, 19, 16, 16, 15, 22, 
6: 16, 0, 15, 0, 0, 0, 0, 16, 0, 0, 0, 18, 3, 0, 0, 15, 0, 0, 15, 0, : 16, 15, 16, 18, 3, 15, 15, 
85: 0, 0, 0, 0, 0, 0, 15, 18, 15, 15, 0, 0, 0, 0, 15, 0, 0, 0, 0, 7, : 15, 18, 15, 15, 15, 7, 
173: 0, 0, 0, 18, 0, 0, 0, 0, 0, 0, 33, 0, 15, 0, 0, 0, 0, 0, 0, 0, : 18, 33, 15, 
143: 0, 0, 33, 15, 15, 15, 15, 11, 0, 0, 0, 0, 0, 4, 0, 0, 25, 16, 0, 0, : 33, 15, 15, 15, 15, 11, 4, 25, 16, 


56: 0, 15, 0, 15, 0, 0, 0, 0, 19, 15, 0, 0, 0, 0, 0, 31, 21, 0, 0, 15, : 15, 15, 19, 15, 31, 21, 15, 
62: 0, 0, 0, 0, 0, 0, 15, 15, 0, 0, 0, 15, 15, 0, 0, 0, 0, 0, 7, 0, : 15, 15, 15, 15, 7, 
79: 15, 28, 0, 10, 15, 0, 0, 0, 20, 0, 0, 0, 32, 15, 15, 0, 17, 15, 0, 0, : 15, 28, 10, 15, 20, 32, 15, 15, 17, 15, 
128: 16, 0, 0, 0, 0, 0, 0, 0, 15, 0, 0, 15, 0, 0, 16, 0, 0, 9, 0, 0, : 16, 15, 15, 16, 9, 
22: 23, 0, 0, 0, 0, 0, 15, 0, 15, 0, 0, 0, 0, 0, 0, 0, 0, 0, 0, 15, : 23, 15, 15, 15, 
26: 15, 0, 16, 0, 21, 15, 0, 0, 0, 15, 0, 0, 0, 15, 0, 27, 0, 15, 0, 0, : 15, 16, 21, 15, 15, 15, 27, 15, 
107: 23, 0, 27, 0, 0, 0, 20, 0, 0, 0, 29, 0, 0, 0, 0, 0, 15, 0, 0, 0, : 23, 27, 20, 29, 15, 
138: 0, 0, 0, 0, 0, 0, 5, 0, 15, 0, 0, 15, 5, 0, 0, 0, 0, 15, 0, 0, : 5, 15, 15, 5, 15, 
5: 0, 0, 0, 0, 0, 11, 0, 0, 0, 16, 15, 0, 0, 0, 15, 0, 0, 15, 0, 15, : 11, 16, 15, 15, 15, 15, 
46: 0, 0, 18, 0, 19, 0, 15, 15, 0, 14, 0, 10, 0, 0, 15, 0, 0, 0, 27, 0, : 18, 19, 15, 15, 14, 10, 15, 27, 
148: 0, 15, 0, 0, 15, 0, 0, 0, 15, 0, 0, 0, 0, 0, 15, 7, 0, 16, 0, 1, : 15, 15, 15, 15, 7, 16, 1, 
82: 0, 0, 15, 15, 15, 0, 0, 0, 0, 15, 10, 0, 15, 16, 0, 0, 9, 0, 0, 0, : 15, 15, 15, 15, 10, 15, 16, 9, 
14: 0, 16, 0, 15, 15, 15, 15, 13, 0, 0, 0, 0, 33, 15, 0, 16, 0, 15, 15, 15, : 16, 15, 15, 15, 15, 13, 33, 15, 16, 15, 15, 15, 
15: 0, 0, 8, 15, 0, 15, 15, 0, 0, 0, 16, 0, 0, 9, 0, 0, 15, 0, 0, 0, : 8, 15, 15, 15, 16, 9, 15, 
160: 0, 0, 0, 15, 0, 25, 0, 0, 0, 0, 0, 15, 0, 0, 0, 19, 0, 0, 19, 15, : 15, 25, 15, 19, 19, 15, 
155: 0, 0, 0, 0, 0, 0, 0, 25, 0, 25, 0, 0, 0, 0, 0, 0, 0, 0, 17, 0, : 25, 25, 17, 
47: 8, 0, 16, 15, 0, 0, 0, 0, 0, 0, 0, 0, 0, 0, 0, 0, 0, 0, 0, 0, : 8, 16, 15, 
94: 0, 0, 0, 0, 0, 0, 0, 0, 0, 0, 0, 15, 0, 0, 0, 0, 23, 0, 0, 0, : 15, 23, 
57: 0, 15, 0, 0, 0, 0, 0, 32, 1, 0, 15, 0, 0, 15, 15, 0, 0, 0, 0, 24, : 15, 32, 1, 15, 15, 15, 24, 
41: 0, 11, 0, 0, 0, 19, 0, 0, 0, 0, 15, 15, 0, 15, 9, 0, 0, 0, 15, 0, : 11, 19, 15, 15, 15, 9, 15, 


36: 15, 0, 0, 15, 0, 0, 0, 15, 4, 0, 15, 14, 0, 15, 0, 15, 0, 19, 0, 20, : 15, 15, 15, 4, 15, 14, 15, 15, 19, 20, 
93: 21, 0, 0, 0, 1, 19, 0, 0, 0, 15, 0, 0, 20, 0, 0, 0, 16, 0, 15, 0, : 21, 1, 19, 15, 20, 16, 15, 
164: 0, 0, 0, 0, 0, 0, 0, 0, 31, 0, 0, 15, 0, 0, 0, 0, 0, 0, 0, 0, : 31, 15, 
135: 19, 15, 32, 19, 0, 15, 0, 0, 17, 0, 0, 0, 15, 0, 16, 0, 0, 0, 12, 15, : 19, 15, 32, 19, 15, 17, 15, 16, 12, 15, 
174: 0, 0, 0, 0, 0, 0, 29, 0, 0, 0, 0, 0, 16, 0, 0, 15, 18, 15, 0, 0, : 29, 16, 15, 18, 15, 
35: 0, 15, 15, 0, 17, 0, 7, 0, 0, 18, 0, 0, 0, 0, 0, 0, 0, 0, 0, 18, : 15, 15, 17, 7, 18, 18, 
185: 0, 0, 0, 0, 0, 0, 15, 0, 0, 0, 15, 0, 0, 17, 15, 0, 0, 18, 0, 0, : 15, 15, 17, 15, 18, 
90: 0, 0, 6, 15, 0, 15, 0, 5, 18, 0, 15, 0, 0, 0, 0, 0, 0, 0, 0, 0, : 6, 15, 15, 5, 18, 15, 
137: 15, 15, 0, 0, 22, 15, 0, 0, 0, 0, 17, 0, 4, 0, 0, 0, 0, 0, 0, 0, : 15, 15, 22, 15, 17, 4, 
140: 0, 0, 0, 0, 0, 15, 15, 20, 0, 0, 0, 0, 0, 0, 0, 0, 3, 0, 23, 17, : 15, 15, 20, 3, 23, 17, 
87: 0, 0, 0, 15, 0, 0, 0, 0, 0, 0, 0, 19, 0, 20, 15, 15, 16, 0, 34, 15, : 15, 19, 20, 15, 15, 16, 34, 15, 
162: 0, 0, 0, 0, 15, 0, 0, 0, 0, 0, 0, 0, 0, 0, 0, 17, 0, 0, 0, 15, : 15, 17, 15, 
115: 0, 8, 0, 0, 0, 4, 0, 15, 15, 21, 0, 37, 0, 15, 15, 0, 0, 0, 0, 0, : 8, 4, 15, 15, 21, 37, 15, 15, 
19: 15, 0, 15, 17, 0, 0, 0, 15, 0, 19, 0, 0, 15, 0, 0, 15, 17, 0, 0, 0, : 15, 15, 17, 15, 19, 15, 15, 17, 
84: 0, 0, 17, 19, 0, 0, 0, 0, 0, 12, 0, 0, 0, 10, 15, 15, 15, 0, 0, 0, : 17, 19, 12, 10, 15, 15, 15, 
149: 15, 15, 0, 0, 0, 17, 0, 15, 0, 15, 8, 15, 15, 0, 0, 0, 0, 0, 0, 0, : 15, 15, 17, 15, 15, 8, 15, 15, 
131: 0, 0, 15, 0, 15, 0, 0, 15, 0, 0, 0, 0, 0, 0, 9, 8, 15, 18, 0, 0, : 15, 15, 15, 9, 8, 15, 18, 
29: 0, 15, 0, 0, 0, 0, 15, 0, 0, 0, 15, 0, 0, 23, 0, 0, 0, 15, 0, 0, : 15, 15, 15, 23, 15, 
124: 0, 0, 0, 0, 15, 0, 19, 0, 15, 0, 15, 0, 0, 0, 15, 0, 0, 0, 0, 0, : 15, 19, 15, 15, 15, 
168: 0, 17, 0, 0, 15, 0, 0, 0, 0, 0, 0, 0, 15, 0, 0, 0, 0, 15, 16, 0, : 17, 15, 15, 15, 16, 


25: 0, 0, 0, 15, 0, 0, 17, 0, 16, 15, 0, 0, 0, 15, 0, 0, 15, 15, 21, 0, : 15, 17, 16, 15, 15, 15, 15, 21, 
60: 0, 0, 16, 0, 0, 0, 0, 11, 0, 0, 0, 23, 15, 0, 0, 16, 0, 0, 0, 0, : 16, 11, 23, 15, 16, 
153: 0, 0, 0, 0, 0, 15, 0, 0, 15, 0, 0, 15, 0, 15, 0, 3, 0, 16, 17, 0, : 15, 15, 15, 15, 3, 16, 17, 
166: 0, 16, 0, 0, 0, 0, 0, 0, 15, 15, 0, 0, 0, 0, 12, 0, 0, 0, 0, 16, : 16, 15, 15, 12, 16, 
195: 17, 0, 0, 0, 16, 15, 0, 15, 0, 0, 0, 0, 10, 16, 17, 0, 0, 0, 15, 0, : 17, 16, 15, 15, 10, 16, 17, 15, 
152: 15, 0, 0, 0, 0, 0, 15, 0, 0, 0, 15, 0, 0, 0, 0, 15, 0, 0, 0, 0, : 15, 15, 15, 15, 
73: 0, 15, 15, 0, 0, 15, 0, 0, 19, 0, 0, 0, 0, 0, 0, 0, 0, 0, 0, 0, : 15, 15, 15, 19, 
23: 0, 7, 15, 15, 0, 0, 0, 0, 18, 0, 0, 0, 15, 6, 0, 0, 0, 15, 0, 15, : 7, 15, 15, 18, 15, 6, 15, 15, 
111: 20, 0, 0, 0, 0, 18, 0, 0, 15, 0, 0, 12, 15, 0, 0, 19, 15, 12, 0, 0, : 20, 18, 15, 12, 15, 19, 15, 12, 
132: 0, 15, 0, 0, 5, 0, 15, 0, 0, 0, 18, 0, 0, 0, 26, 0, 10, 0, 0, 0, : 15, 5, 15, 18, 26, 10, 
37: 15, 0, 9, 0, 0, 0, 16, 15, 0, 0, 0, 0, 0, 15, 0, 15, 15, 0, 15, 16, : 15, 9, 16, 15, 15, 15, 15, 15, 16, 
69: 0, 0, 0, 15, 15, 0, 17, 24, 2, 15, 15, 0, 15, 0, 0, 0, 0, 0, 0, 0, : 15, 15, 17, 24, 2, 15, 15, 15, 
188: 3, 15, 15, 0, 16, 15, 0, 0, 0, 15, 15, 0, 0, 0, 0, 0, 0, 0, 0, 0, : 3, 15, 15, 16, 15, 15, 15, 
91: 0, 15, 0, 17, 0, 0, 0, 0, 0, 0, 18, 20, 0, 0, 15, 0, 0, 0, 0, 15, : 15, 17, 18, 20, 15, 15, 
55: 15, 0, 15, 0, 0, 0, 0, 0, 0, 0, 0, 15, 0, 15, 0, 0, 15, 0, 0, 0, : 15, 15, 15, 15, 15, 
96: 0, 0, 15, 0, 18, 0, 0, 15, 0, 9, 0, 0, 0, 0, 15, 0, 15, 17, 0, 18, : 15, 18, 15, 9, 15, 15, 17, 18, 
200: 15, 17, 0, 0, 0, 0, 0, 0, 0, 15, 0, 15, 0, 0, 15, 17, 0, 25, 0, 0, : 15, 17, 15, 15, 15, 17, 25, 
1: 0, 0, 0, 0, 15, 0, 0, 20, 0, 0, 0, 0, 15, 18, 0, 0, 0, 0, 17, 0, : 15, 20, 15, 18, 17, 
78: 0, 0, 0, 8, 0, 7, 19, 0, 0, 0, 3, 0, 0, 0, 0, 15, 0, 0, 15, 16, : 8, 7, 19, 3, 15, 15, 16, 
24: 0, 0, 0, 30, 15, 15, 1, 0, 0, 16, 16, 0, 15, 0, 0, 0, 15, 0, 0, 4, : 30, 15, 15, 1, 16, 16, 15, 15, 4, 


171: 0, 0, 0, 15, 0, 0, 0, 0, 15, 15, 0, 0, 0, 0, 15, 0, 0, 15, 13, 0, : 15, 15, 15, 15, 15, 13, 
21: 23, 0, 5, 0, 0, 0, 15, 0, 15, 0, 0, 0, 0, 0, 0, 15, 0, 0, 15, 0, : 23, 5, 15, 15, 15, 15, 
28: 0, 17, 0, 0, 0, 0, 0, 0, 0, 0, 0, 27, 3, 18, 0, 0, 15, 15, 0, 0, : 17, 27, 3, 18, 15, 15, 
123: 0, 5, 15, 0, 0, 23, 0, 0, 9, 15, 0, 15, 0, 0, 0, 15, 0, 0, 0, 0, : 5, 15, 23, 9, 15, 15, 15, 
99: 0, 0, 0, 0, 0, 15, 0, 15, 0, 0, 0, 0, 0, 18, 9, 0, 0, 16, 21, 0, : 15, 15, 18, 9, 16, 21, 
180: 0, 18, 15, 0, 15, 0, 0, 0, 0, 0, 15, 0, 19, 0, 0, 0, 0, 0, 0, 0, : 18, 15, 15, 15, 19, 
34: 0, 0, 0, 0, 15, 0, 0, 0, 16, 15, 0, 0, 0, 16, 16, 0, 0, 8, 0, 0, : 15, 16, 15, 16, 16, 8, 
33: 15, 0, 0, 0, 0, 0, 0, 20, 0, 9, 2, 0, 0, 0, 0, 15, 0, 0, 21, 0, : 15, 20, 9, 2, 15, 21, 
30: 17, 0, 0, 0, 0, 0, 0, 0, 0, 15, 16, 0, 0, 0, 0, 0, 12, 16, 0, 22, : 17, 15, 16, 12, 16, 22, 
71: 0, 15, 15, 0, 0, 0, 18, 0, 0, 0, 0, 0, 16, 0, 15, 0, 0, 15, 0, 13, : 15, 15, 18, 16, 15, 15, 13, 
119: 0, 15, 15, 19, 15, 0, 0, 0, 15, 0, 0, 0, 0, 0, 0, 0, 0, 0, 0, 0, : 15, 15, 19, 15, 15, 
141: 15, 0, 17, 15, 15, 21, 0, 0, 0, 0, 15, 0, 15, 0, 0, 0, 0, 0, 0, 0, : 15, 17, 15, 15, 21, 15, 15, 
97: 0, 0, 0, 0, 0, 16, 0, 20, 0, 0, 0, 5, 17, 16, 15, 6, 0, 0, 0, 0, : 16, 20, 5, 17, 16, 15, 6, 
146: 0, 15, 0, 15, 23, 15, 0, 15, 15, 0, 15, 0, 0, 0, 0, 15, 15, 0, 0, 0, : 15, 15, 23, 15, 15, 15, 15, 15, 15, 
53: 15, 0, 0, 0, 0, 0, 22, 15, 15, 0, 0, 15, 0, 0, 0, 0, 0, 0, 15, 0, : 15, 22, 15, 15, 15, 15, 
121: 15, 0, 0, 0, 0, 0, 8, 15, 0, 0, 0, 21, 15, 0, 0, 17, 19, 0, 0, 0, : 15, 8, 15, 21, 15, 17, 19, 
45: 0, 0, 0, 0, 0, 0, 22, 0, 0, 0, 21, 0, 0, 0, 15, 0, 21, 15, 0, 15, : 22, 21, 15, 21, 15, 15, 
147: 0, 0, 0, 15, 17, 10, 0, 0, 0, 16, 0, 0, 15, 16, 0, 0, 0, 0, 0, 34, : 15, 17, 10, 16, 15, 16, 34, 
27: 0, 0, 18, 0, 0, 0, 0, 0, 0, 0, 16, 0, 0, 1, 15, 0, 18, 0, 15, 16, : 18, 16, 1, 15, 18, 15, 16, 
64: 0, 15, 0, 21, 0, 0, 15, 0, 0, 15, 0, 17, 0, 15, 0, 17, 0, 0, 0, 0, : 15, 21, 15, 15, 17, 15, 17, 


193: 0, 0, 16, 0, 0, 15, 0, 15, 0, 15, 0, 0, 0, 0, 0, 15, 16, 15, 0, 15, : 16, 15, 15, 15, 15, 16, 15, 15, 
9: 0, 0, 0, 32, 0, 0, 0, 0, 15, 0, 5, 0, 0, 15, 0, 0, 0, 0, 23, 0, : 32, 15, 5, 15, 23, 
145: 0, 17, 0, 0, 0, 15, 0, 0, 16, 0, 0, 0, 0, 0, 0, 27, 0, 15, 0, 15, : 17, 15, 16, 27, 15, 15, 
189: 0, 0, 17, 0, 0, 0, 4, 0, 0, 0, 16, 17, 0, 15, 0, 0, 0, 0, 18, 0, : 17, 4, 16, 17, 15, 18, 
181: 22, 5, 0, 0, 0, 15, 0, 16, 0, 0, 0, 0, 15, 0, 0, 0, 0, 0, 0, 0, : 22, 5, 15, 16, 15, 
114: 0, 0, 0, 0, 0, 0, 0, 0, 0, 15, 33, 17, 0, 0, 15, 15, 0, 0, 0, 15, : 15, 33, 17, 15, 15, 15, 
51: 0, 0, 15, 0, 0, 0, 0, 18, 0, 0, 0, 0, 0, 0, 0, 0, 0, 0, 0, 0, : 15, 18, 
198: 0, 18, 18, 0, 0, 0, 16, 0, 0, 15, 15, 0, 0, 17, 17, 0, 0, 0, 0, 0, : 18, 18, 16, 15, 15, 17, 17, 
130: 0, 0, 0, 32, 16, 11, 0, 16, 0, 0, 0, 15, 18, 0, 0, 0, 0, 0, 15, 0, : 32, 16, 11, 16, 15, 18, 15, 
169: 0, 15, 0, 8, 0, 0, 15, 15, 0, 0, 0, 0, 0, 15, 0, 0, 34, 0, 0, 0, : 15, 8, 15, 15, 15, 34, 
192: 16, 0, 15, 0, 0, 0, 0, 0, 9, 0, 16, 17, 0, 0, 0, 0, 15, 15, 0, 0, : 16, 15, 9, 16, 17, 15, 15, 
110: 14, 0, 0, 0, 0, 0, 15, 0, 15, 21, 0, 0, 25, 0, 15, 0, 0, 0, 0, 0, : 14, 15, 15, 21, 25, 15, 
136: 15, 0, 0, 0, 0, 0, 0, 5, 15, 0, 0, 0, 0, 15, 21, 0, 19, 0, 0, 15, : 15, 5, 15, 15, 21, 19, 15, 
116: 16, 0, 0, 0, 16, 23, 0, 0, 0, 15, 0, 16, 12, 8, 0, 0, 0, 15, 0, 0, : 16, 16, 23, 15, 16, 12, 8, 15, 
66: 17, 15, 0, 0, 0, 0, 0, 0, 15, 0, 0, 0, 0, 0, 0, 0, 16, 0, 0, 15, : 17, 15, 15, 16, 15, 
83: 0, 0, 15, 0, 19, 0, 19, 0, 0, 0, 0, 0, 0, 0, 0, 15, 0, 0, 0, 5, : 15, 19, 19, 15, 5, 
76: 0, 15, 0, 0, 16, 0, 0, 0, 0, 0, 0, 18, 15, 0, 0, 0, 0, 0, 15, 0, : 15, 16, 18, 15, 15, 
49: 0, 0, 0, 28, 0, 0, 0, 15, 15, 19, 0, 0, 15, 0, 15, 13, 0, 15, 0, 0, : 28, 15, 15, 19, 15, 15, 13, 15, 
8: 0, 0, 0, 0, 16, 0, 16, 0, 0, 0, 0, 0, 0, 0, 17, 15, 0, 0, 0, 0, : 16, 16, 17, 15, 
102: 0, 15, 4, 0, 17, 21, 15, 0, 0, 0, 15, 0, 0, 15, 0, 0, 0, 25, 29, 20, : 15, 4, 17, 21, 15, 15, 15, 25, 29, 20, 


42: 0, 0, 0, 0, 0, 15, 13, 0, 0, 0, 8, 7, 17, 0, 15, 9, 0, 0, 0, 0, : 15, 13, 8, 7, 17, 15, 9, 
154: 0, 15, 15, 0, 15, 0, 0, 0, 16, 9, 0, 0, 15, 15, 15, 15, 15, 0, 17, 15, : 15, 15, 15, 16, 9, 15, 15, 15, 15, 15, 17, 15, 
133: 0, 0, 0, 0, 17, 0, 18, 0, 0, 0, 0, 15, 21, 0, 15, 0, 18, 15, 0, 0, : 17, 18, 15, 21, 15, 18, 15, 
117: 0, 15, 15, 15, 15, 0, 15, 0, 0, 15, 0, 0, 0, 0, 15, 0, 0, 0, 0, 0, : 15, 15, 15, 15, 15, 15, 15, 
59: 15, 0, 0, 0, 0, 0, 0, 0, 0, 0, 0, 15, 0, 0, 15, 0, 0, 0, 17, 0, : 15, 15, 15, 17, 
106: 15, 18, 15, 0, 0, 0, 0, 0, 0, 0, 15, 0, 0, 0, 0, 15, 0, 0, 0, 16, : 15, 18, 15, 15, 15, 16, 
20: 0, 0, 0, 0, 2, 0, 0, 0, 0, 15, 15, 0, 0, 0, 0, 15, 0, 18, 15, 0, : 2, 15, 15, 15, 18, 15, 
199: 0, 0, 10, 23, 16, 0, 0, 16, 15, 0, 0, 0, 15, 0, 0, 0, 0, 0, 0, 0, : 10, 23, 16, 16, 15, 15, 
194: 0, 0, 0, 0, 0, 0, 0, 15, 0, 0, 0, 15, 0, 0, 0, 0, 0, 0, 15, 0, : 15, 15, 15, 
104: 20, 0, 0, 0, 0, 0, 27, 16, 0, 15, 0, 0, 0, 15, 22, 15, 20, 0, 0, 0, : 20, 27, 16, 15, 15, 22, 15, 20, 
186: 17, 0, 15, 15, 0, 0, 0, 0, 15, 0, 0, 0, 15, 0, 0, 0, 0, 0, 0, 15, : 17, 15, 15, 15, 15, 15, 
150: 3, 2, 0, 15, 0, 0, 0, 0, 0, 0, 0, 0, 0, 0, 0, 0, 0, 22, 15, 0, : 3, 2, 15, 22, 15, 
112: 0, 15, 0, 15, 0, 15, 0, 15, 0, 15, 15, 0, 2, 16, 0, 0, 30, 15, 6, 0, : 15, 15, 15, 15, 15, 15, 2, 16, 30, 15, 6, 
139: 0, 0, 0, 17, 0, 0, 0, 0, 15, 0, 0, 0, 0, 15, 0, 0, 0, 0, 0, 15, : 17, 15, 15, 15, 
113: 0, 0, 15, 0, 0, 0, 0, 15, 0, 15, 0, 29, 0, 0, 3, 15, 0, 15, 0, 8, : 15, 15, 15, 29, 3, 15, 15, 8, 
126: 0, 0, 0, 0, 0, 33, 0, 0, 0, 0, 15, 0, 0, 15, 0, 0, 17, 15, 15, 0, : 33, 15, 15, 17, 15, 15, 
61: 15, 0, 15, 0, 0, 7, 0, 0, 0, 16, 17, 0, 0, 15, 0, 0, 0, 0, 0, 16, : 15, 15, 7, 16, 17, 15, 16, 
196: 15, 0, 0, 0, 17, 0, 0, 8, 24, 0, 0, 0, 0, 0, 0, 0, 0, 0, 0, 15, : 15, 17, 8, 24, 15, 
68: 0, 15, 0, 0, 0, 15, 27, 0, 15, 0, 0, 0, 0, 9, 0, 0, 0, 0, 0, 0, : 15, 15, 27, 15, 9, 
191: 0, 20, 0, 0, 18, 15, 0, 15, 0, 0, 15, 19, 15, 0, 0, 16, 0, 0, 0, 0, : 20, 18, 15, 15, 15, 19, 15, 16, 


7: 9, 0, 15, 15, 25, 0, 15, 0, 0, 0, 21, 0, 15, 0, 0, 15, 19, 0, 0, 0, : 9, 15, 15, 25, 15, 21, 15, 15, 19, 
17: 0, 0, 4, 0, 15, 0, 15, 0, 0, 0, 0, 0, 15, 17, 0, 0, 0, 0, 12, 0, : 4, 15, 15, 15, 17, 12, 
184: 15, 0, 0, 15, 15, 0, 0, 17, 15, 34, 0, 15, 0, 0, 7, 15, 0, 15, 0, 0, : 15, 15, 15, 17, 15, 34, 15, 7, 15, 15, 
179: 0, 0, 15, 0, 0, 15, 15, 0, 8, 0, 0, 0, 0, 26, 15, 0, 15, 7, 15, 0, : 15, 15, 15, 8, 26, 15, 15, 7, 15, 
81: 16, 0, 0, 0, 0, 19, 0, 0, 0, 0, 15, 0, 15, 0, 0, 8, 0, 0, 0, 0, : 16, 19, 15, 15, 8, 
11: 0, 15, 0, 18, 0, 6, 0, 0, 0, 0, 15, 17, 0, 0, 0, 0, 15, 15, 0, 0, : 15, 18, 6, 15, 17, 15, 15, 
103: 0, 6, 0, 16, 0, 0, 0, 20, 0, 0, 0, 0, 0, 12, 0, 16, 0, 0, 18, 0, : 6, 16, 20, 12, 16, 18, 
170: 0, 18, 0, 0, 15, 0, 0, 15, 0, 0, 0, 0, 15, 0, 0, 15, 0, 15, 0, 21, : 18, 15, 15, 15, 15, 15, 21, 
50: 0, 0, 16, 0, 13, 0, 0, 16, 0, 8, 15, 0, 0, 15, 0, 0, 6, 0, 15, 0, : 16, 13, 16, 8, 15, 15, 6, 15, 
163: 15, 0, 0, 0, 0, 15, 0, 0, 0, 0, 0, 16, 0, 0, 0, 15, 15, 18, 0, 0, : 15, 15, 16, 15, 15, 18, 
129: 0, 0, 0, 0, 0, 15, 0, 0, 0, 16, 3, 16, 0, 15, 0, 0, 0, 0, 15, 0, : 15, 16, 3, 16, 15, 15, 
18: 0, 0, 0, 0, 0, 0, 0, 0, 0, 0, 0, 0, 0, 0, 15, 0, 0, 0, 25, 18, : 15, 25, 18, 
3: 0, 0, 0, 15, 0, 0, 15, 15, 31, 26, 0, 0, 31, 0, 0, 0, 0, 0, 0, 15, : 15, 15, 15, 31, 26, 31, 15, 
178: 0, 16, 0, 0, 0, 0, 0, 0, 15, 0, 0, 0, 0, 0, 15, 16, 0, 0, 0, 0, : 16, 15, 15, 16, 
159: 0, 15, 0, 6, 17, 0, 15, 0, 0, 0, 0, 3, 0, 0, 0, 0, 0, 0, 0, 16, : 15, 6, 17, 15, 3, 16, 
67: 15, 0, 20, 0, 0, 15, 0, 0, 0, 0, 0, 0, 0, 0, 0, 0, 15, 15, 0, 0, : 15, 20, 15, 15, 15, 
177: 0, 15, 15, 0, 0, 15, 0, 0, 16, 16, 0, 18, 9, 0, 30, 0, 0, 0, 0, 0, : 15, 15, 15, 16, 16, 18, 9, 30, 
63: 15, 0, 0, 15, 0, 0, 0, 17, 15, 0, 15, 15, 0, 0, 18, 0, 0, 0, 0, 0, : 15, 15, 17, 15, 15, 15, 18, 
197: 0, 15, 0, 0, 0, 0, 0, 0, 0, 0, 0, 0, 0, 0, 0, 0, 0, 15, 0, 15, : 15, 15, 15, 
75: 15, 0, 15, 0, 0, 0, 25, 0, 0, 0, 16, 0, 0, 15, 0, 0, 15, 0, 0, 15, : 15, 15, 25, 16, 15, 15, 15, 


52: 15, 4, 0, 0, 15, 0, 0, 0, 17, 0, 0, 15, 0, 0, 0, 15, 0, 0, 15, 0, : 15, 4, 15, 17, 15, 15, 15, 
127: 0, 0, 0, 0, 16, 22, 15, 0, 16, 0, 0, 2, 0, 0, 0, 0, 15, 15, 0, 15, : 16, 22, 15, 16, 2, 15, 15, 15, 
72: 0, 0, 0, 27, 0, 0, 0, 0, 0, 0, 0, 15, 0, 15, 0, 15, 0, 15, 21, 15, : 27, 15, 15, 15, 15, 21, 15, 
151: 15, 0, 0, 0, 0, 0, 0, 0, 0, 0, 0, 0, 8, 18, 17, 0, 15, 15, 4, 10, : 15, 8, 18, 17, 15, 15, 4, 10, 
190: 0, 0, 0, 0, 0, 15, 15, 0, 0, 0, 16, 15, 0, 0, 0, 0, 0, 0, 15, 0, : 15, 15, 16, 15, 15, 
44: 0, 0, 0, 0, 0, 16, 0, 0, 0, 0, 15, 0, 16, 0, 15, 0, 0, 0, 0, 0, : 16, 15, 16, 15, 
43: 17, 15, 15, 0, 0, 2, 15, 0, 0, 0, 0, 0, 0, 15, 0, 1, 0, 0, 15, 15, : 17, 15, 15, 2, 15, 15, 1, 15, 15, 
157: 0, 19, 0, 19, 0, 0, 0, 0, 15, 20, 16, 0, 16, 0, 0, 24, 0, 0, 0, 0, : 19, 19, 15, 20, 16, 16, 24, 
4: 0, 0, 8, 15, 30, 0, 0, 15, 0, 0, 21, 0, 0, 0, 0, 0, 24, 0, 0, 0, : 8, 15, 30, 15, 21, 24, 
165: 0, 0, 0, 0, 0, 0, 17, 24, 0, 15, 0, 0, 0, 15, 15, 0, 0, 0, 15, 0, : 17, 24, 15, 15, 15, 15, 
167: 0, 0, 15, 0, 0, 0, 0, 0, 0, 0, 17, 16, 15, 0, 0, 0, 0, 0, 0, 15, : 15, 17, 16, 15, 15, 
120: 0, 16, 15, 0, 0, 15, 0, 0, 4, 0, 15, 20, 0, 0, 8, 0, 0, 0, 0, 0, : 16, 15, 15, 4, 15, 20, 8, 
92: 0, 16, 0, 0, 0, 15, 0, 15, 15, 0, 0, 0, 0, 0, 0, 0, 0, 15, 0, 0, : 16, 15, 15, 15, 15, 
175: 0, 0, 0, 0, 0, 0, 8, 0, 17, 2, 0, 17, 0, 0, 0, 15, 15, 24, 0, 0, : 8, 17, 2, 17, 15, 15, 24, 
144: 16, 0, 17, 0, 3, 0, 15, 16, 0, 0, 0, 0, 15, 5, 15, 15, 16, 0, 15, 0, : 16, 17, 3, 15, 16, 15, 5, 15, 15, 16, 15, 
187: 22, 0, 0, 16, 0, 0, 0, 15, 16, 18, 0, 0, 0, 15, 0, 0, 15, 0, 0, 0, : 22, 16, 15, 16, 18, 15, 15, 
161: 0, 15, 0, 0, 15, 0, 15, 15, 0, 25, 0, 0, 0, 0, 15, 15, 0, 0, 0, 0, : 15, 15, 15, 15, 25, 15, 15, 
108: 0, 15, 15, 23, 0, 15, 0, 0, 0, 0, 0, 0, 15, 17, 0, 0, 0, 16, 0, 15, : 15, 15, 23, 15, 15, 17, 16, 15, 
39: 15, 0, 0, 0, 21, 0, 0, 0, 0, 20, 0, 0, 0, 0, 0, 0, 0, 0, 0, 0, : 15, 21, 20, 
172: 0, 0, 15, 0, 0, 0, 0, 0, 0, 0, 0, 0, 15, 0, 15, 0, 0, 0, 0, 15, : 15, 15, 15, 15, 


88: 0, 0, 0, 15, 17, 0, 0, 0, 0, 15, 0, 0, 0, 0, 0, 0, 15, 0, 0, 0, : 15, 17, 15, 15, 
2: 0, 0, 15, 17, 0, 0, 18, 15, 0, 15, 15, 0, 28, 0, 0, 0, 0, 0, 0, 0, : 15, 17, 18, 15, 15, 15, 28, 
10: 0, 0, 0, 15, 0, 0, 18, 0, 0, 15, 0, 0, 0, 0, 15, 0, 0, 0, 0, 2, : 15, 18, 15, 15, 2, 
100: 15, 16, 0, 0, 15, 0, 0, 0, 0, 0, 0, 0, 0, 15, 0, 0, 0, 22, 0, 0, : 15, 16, 15, 15, 22, 
54: 0, 0, 15, 0, 0, 0, 0, 15, 0, 15, 15, 0, 17, 0, 15, 17, 0, 15, 0, 0, : 15, 15, 15, 15, 17, 15, 17, 15, 
86: 16, 0, 0, 0, 15, 0, 0, 0, 0, 0, 0, 0, 0, 0, 0, 0, 9, 15, 0, 15, : 16, 15, 9, 15, 15, 
118: 15, 15, 17, 0, 15, 0, 0, 0, 14, 0, 0, 0, 0, 0, 0, 0, 0, 0, 15, 0, : 15, 15, 17, 15, 14, 15, 
31: 0, 0, 5, 15, 0, 9, 0, 0, 0, 0, 0, 0, 15, 0, 22, 0, 16, 0, 0, 0, : 5, 15, 9, 15, 22, 16, 
183: 15, 9, 0, 15, 0, 15, 0, 16, 0, 15, 0, 22, 0, 0, 15, 0, 15, 0, 0, 0, : 15, 9, 15, 15, 16, 15, 22, 15, 15, 
38: 9, 0, 0, 0, 23, 0, 0, 15, 24, 0, 0, 0, 0, 0, 0, 15, 15, 3, 0, 0, : 9, 23, 15, 24, 15, 15, 3, 
77: 0, 15, 0, 0, 0, 16, 17, 8, 24, 15, 0, 0, 15, 0, 13, 0, 0, 0, 0, 0, : 15, 16, 17, 8, 24, 15, 15, 13, 
74: 0, 0, 0, 0, 0, 15, 17, 0, 0, 0, 0, 15, 0, 15, 0, 0, 0, 15, 15, 16, : 15, 17, 15, 15, 15, 15, 16, 
98: 0, 15, 0, 15, 0, 0, 15, 0, 15, 0, 0, 25, 0, 15, 0, 0, 0, 15, 0, 15, : 15, 15, 15, 15, 25, 15, 15, 15, 
156: 0, 0, 0, 0, 0, 0, 0, 0, 0, 0, 15, 0, 10, 15, 0, 0, 0, 0, 17, 0, : 15, 10, 15, 17, 
134: 0, 15, 16, 0, 0, 15, 0, 0, 0, 0, 0, 0, 0, 0, 0, 0, 15, 0, 0, 0, : 15, 16, 15, 15, 
13: 0, 0, 0, 0, 0, 0, 15, 16, 0, 10, 15, 0, 0, 0, 20, 17, 0, 0, 0, 19, : 15, 16, 10, 15, 20, 17, 19, 
182: 0, 0, 17, 0, 0, 0, 0, 0, 0, 0, 0, 22, 0, 0, 0, 16, 0, 15, 29, 18, : 17, 22, 16, 15, 29, 18, 
101: 15, 15, 0, 0, 0, 15, 0, 15, 0, 0, 21, 16, 15, 15, 0, 20, 0, 0, 9, 0, : 15, 15, 15, 15, 21, 16, 15, 15, 20, 9, 
48: 0, 0, 15, 0, 15, 0, 0, 0, 23, 0, 0, 0, 0, 10, 0, 0, 15, 0, 0, 15, : 15, 15, 23, 10, 15, 15, 
65: 15, 0, 0, 8, 0, 15, 0, 0, 0, 0, 19, 0, 0, 15, 0, 15, 0, 0, 15, 0, : 15, 8, 15, 19, 15, 15, 15, 


