
100
100
100
5

63: 0, 0, 0, 0, 0, 0, 15, 0, 15, 0, 0, 0, 0, 0, 0, 17, 0, 0, 15, 0, 0, 0, 0, 15, 15, 0, 0, 15, 0, 21, 0, 0, 0, 0, 0, 18, 0, 0, 0, 0, 20, 0, 0, 0, 15, 0, 0, 0, 0, 15, 0, 0, 0, 0, 0, 0, 7, 7, 0, 15, 0, 15, 0, 0, 0, 15, 18, 0, 0, 0, 16, 15, 0, 0, 0, 2, 17, 0, 0, 0, 0, 0, 15, 15, 0, 15, 0, 15, 0, 0, 0, 15, 0, 0, 20, 0, 0, 15, 0, 0, : 15, 15, 17, 15, 15, 15, 15, 21, 18, 20, 15, 15, 7, 7, 15, 15, 15, 18, 16, 15, 2, 17, 15, 15, 15, 15, 15, 20, 15, 
30: 21, 15, 0, 15, 0, 0, 19, 0, 0, 0, 16, 17, 16, 0, 0, 0, 0, 0, 15, 0, 0, 0, 0, 15, 0, 0, 0, 0, 15, 15, 0, 15, 0, 0, 0, 0, 3, 0, 0, 15, 15, 28, 0, 0, 0, 0, 0, 0, 0, 0, 15, 0, 0, 0, 0, 10, 0, 0, 0, 0, 0, 0, 15, 17, 0, 9, 0, 0, 0, 15, 21, 0, 0, 15, 0, 15, 0, 0, 0, 15, 0, 0, 0, 0, 15, 0, 0, 0, 0, 0, 0, 0, 15, 18, 0, 15, 0, 0, 0, 0, : 21, 15, 15, 19, 16, 17, 16, 15, 15, 15, 15, 15, 3, 15, 15, 28, 15, 10, 15, 17, 9, 15, 21, 15, 15, 15, 15, 15, 18, 15, 
8: 0, 18, 16, 0, 0, 0, 0, 0, 0, 0, 13, 0, 9, 0, 0, 3, 15, 0, 17, 15, 15, 0, 15, 15, 0, 0, 0, 0, 0, 0, 15, 0, 0, 0, 15, 0, 0, 15, 15, 0, 15, 0, 0, 0, 0, 0, 0, 0, 18, 0, 0, 0, 21, 15, 15, 0, 15, 15, 0, 15, 0, 0, 0, 0, 0, 0, 15, 15, 16, 0, 0, 0, 17, 0, 0, 15, 0, 0, 15, 0, 0, 0, 0, 0, 0, 24, 15, 15, 0, 0, 0, 0, 0, 0, 0, 9, 0, 0, 15, 16, : 18, 16, 13, 9, 3, 15, 17, 15, 15, 15, 15, 15, 15, 15, 15, 15, 18, 21, 15, 15, 15, 15, 15, 15, 15, 16, 17, 15, 15, 24, 15, 15, 9, 15, 16, 
25: 0, 0, 20, 14, 15, 0, 0, 0, 15, 16, 0, 14, 0, 22, 0, 17, 0, 15, 0, 0, 0, 15, 0, 15, 0, 4, 0, 0, 0, 0, 0, 5, 18, 1, 0, 0, 0, 0, 0, 0, 0, 4, 0, 15, 0, 0, 0, 0, 0, 0, 15, 15, 0, 0, 36, 0, 0, 15, 0, 0, 0, 0, 17, 0, 0, 15, 18, 15, 0, 0, 0, 0, 0, 0, 15, 16, 0, 17, 0, 0, 15, 0, 0, 10, 0, 0, 0, 0, 15, 15, 0, 0, 0, 0, 0, 0, 1, 0, 5, 15, : 20, 14, 15, 15, 16, 14, 22, 17, 15, 15, 15, 4, 5, 18, 1, 4, 15, 15, 15, 36, 15, 17, 15, 18, 15, 15, 16, 17, 15, 10, 15, 15, 1, 5, 15, 
10: 15, 0, 17, 15, 0, 0, 0, 0, 0, 0, 0, 17, 0, 0, 15, 0, 15, 17, 0, 15, 0, 8, 2, 1, 0, 0, 15, 24, 0, 0, 0, 0, 0, 15, 0, 0, 0, 0, 15, 0, 0, 0, 12, 0, 0, 15, 0, 17, 0, 0, 0, 17, 0, 0, 0, 0, 24, 0, 15, 0, 22, 0, 0, 0, 15, 15, 0, 0, 0, 0, 0, 0, 0, 0, 0, 22, 0, 0, 15, 15, 0, 0, 0, 0, 0, 0, 15, 0, 0, 0, 0, 2, 0, 0, 0, 0, 0, 0, 0, 15, : 15, 17, 15, 17, 15, 15, 17, 15, 8, 2, 1, 15, 24, 15, 15, 12, 15, 17, 17, 24, 15, 22, 15, 15, 22, 15, 15, 15, 2, 15, 
9: 27, 0, 0, 0, 15, 0, 0, 0, 0, 0, 0, 0, 20, 0, 0, 0, 0, 0, 0, 0, 0, 0, 0, 15, 0, 0, 15, 0, 0, 0, 0, 16, 15, 0, 15, 0, 15, 7, 0, 0, 0, 0, 0, 15, 15, 27, 18, 0, 0, 16, 0, 15, 18, 15, 0, 0, 0, 0, 0, 0, 0, 16, 0, 0, 0, 0, 0, 0, 15, 15, 0, 0, 0, 0, 19, 0, 15, 15, 0, 0, 0, 15, 0, 15, 0, 0, 0, 0, 15, 9, 16, 0, 19, 15, 15, 0, 0, 0, 0, 0, : 27, 15, 20, 15, 15, 16, 15, 15, 15, 7, 15, 15, 27, 18, 16, 15, 18, 15, 16, 15, 15, 19, 15, 15, 15, 15, 15, 9, 16, 19, 15, 15, 
93: 0, 17, 0, 0, 0, 0, 15, 0, 0, 0, 0, 0, 15, 0, 17, 0, 15, 0, 0, 0, 5, 22, 0, 0, 0, 15, 0, 19, 0, 7, 0, 0, 0, 22, 0, 21, 0, 15, 0, 15, 19, 0, 0, 0, 0, 0, 0, 16, 15, 0, 15, 20, 0, 0, 0, 0, 0, 17, 0, 0, 15, 16, 15, 0, 15, 0, 15, 0, 15, 9, 0, 15, 26, 15, 0, 0, 21, 0, 0, 0, 0, 15, 24, 0, 0, 0, 0, 15, 0, 0, 14, 15, 0, 15, 15, 15, 0, 15, 0, 8, : 17, 15, 15, 17, 15, 5, 22, 15, 19, 7, 22, 21, 15, 15, 19, 16, 15, 15, 20, 17, 15, 16, 15, 15, 15, 15, 9, 15, 26, 15, 21, 15, 24, 15, 14, 15, 15, 15, 15, 15, 8, 
15: 0, 4, 0, 0, 18, 15, 0, 21, 0, 15, 0, 0, 0, 0, 15, 0, 0, 0, 0, 0, 15, 0, 15, 0, 15, 15, 0, 0, 0, 0, 15, 0, 0, 0, 0, 0, 17, 17, 0, 0, 16, 15, 0, 0, 24, 3, 19, 0, 0, 0, 0, 0, 0, 10, 0, 15, 0, 16, 15, 0, 0, 15, 0, 0, 15, 0, 0, 0, 0, 0, 0, 15, 17, 0, 0, 0, 0, 17, 0, 0, 10, 25, 0, 0, 0, 1, 16, 21, 0, 0, 0, 20, 13, 0, 11, 0, 0, 0, 15, 0, : 4, 18, 15, 21, 15, 15, 15, 15, 15, 15, 15, 17, 17, 16, 15, 24, 3, 19, 10, 15, 16, 15, 15, 15, 15, 17, 17, 10, 25, 1, 16, 21, 20, 13, 11, 15, 
51: 20, 15, 15, 26, 0, 10, 22, 0, 0, 0, 26, 0, 25, 0, 0, 18, 0, 0, 0, 0, 0, 0, 17, 0, 0, 19, 23, 0, 0, 0, 0, 0, 15, 0, 17, 0, 0, 0, 0, 0, 0, 0, 15, 15, 16, 0, 0, 0, 0, 0, 15, 0, 0, 15, 0, 0, 0, 0, 0, 0, 0, 0, 0, 0, 0, 0, 0, 0, 0, 16, 0, 0, 0, 0, 0, 15, 0, 0, 15, 9, 0, 0, 0, 0, 15, 15, 16, 0, 0, 0, 0, 0, 0, 0, 0, 0, 15, 21, 17, 0, : 20, 15, 15, 26, 10, 22, 26, 25, 18, 17, 19, 23, 15, 17, 15, 15, 16, 15, 15, 16, 15, 15, 9, 15, 15, 16, 15, 21, 17, 
85: 0, 0, 0, 0, 0, 0, 25, 0, 0, 0, 0, 0, 0, 0, 0, 0, 0, 0, 0, 15, 0, 25, 0, 0, 15, 0, 0, 12, 0, 0, 0, 15, 0, 15, 0, 0, 15, 0, 15, 20, 0, 0, 0, 0, 15, 0, 18, 0, 0, 0, 0, 0, 19, 0, 0, 15, 0, 0, 0, 0, 0, 0, 0, 0, 0, 0, 0, 0, 0, 15, 0, 0, 25, 0, 0, 0, 0, 0, 0, 0, 0, 0, 0, 0, 1, 0, 0, 0, 8, 15, 0, 0, 0, 0, 0, 16, 0, 0, 15, 0, : 25, 15, 25, 15, 12, 15, 15, 15, 15, 20, 15, 18, 19, 15, 15, 25, 1, 8, 15, 16, 15, 
45: 0, 0, 0, 0, 0, 0, 0, 0, 10, 15, 0, 0, 0, 0, 0, 0, 24, 0, 5, 0, 0, 0, 19, 0, 15, 0, 0, 0, 20, 0, 0, 17, 15, 0, 23, 0, 0, 0, 15, 0, 0, 0, 0, 10, 0, 0, 4, 19, 0, 0, 0, 0, 0, 0, 0, 15, 20, 0, 7, 0, 15, 0, 15, 0, 0, 15, 0, 0, 0, 15, 0, 21, 0, 0, 0, 15, 0, 15, 0, 16, 24, 0, 0, 0, 15, 0, 17, 0, 0, 0, 0, 15, 0, 15, 0, 15, 0, 0, 15, 0, : 10, 15, 24, 5, 19, 15, 20, 17, 15, 23, 15, 10, 4, 19, 15, 20, 7, 15, 15, 15, 15, 21, 15, 15, 16, 24, 15, 17, 15, 15, 15, 15, 
92: 15, 0, 17, 15, 24, 0, 0, 19, 0, 17, 0, 0, 0, 16, 0, 15, 0, 0, 0, 18, 0, 0, 0, 0, 0, 0, 0, 0, 18, 15, 0, 17, 0, 0, 0, 0, 19, 0, 0, 0, 0, 0, 16, 0, 0, 0, 0, 15, 20, 22, 0, 15, 12, 0, 0, 0, 0, 0, 16, 0, 0, 15, 0, 0, 0, 0, 4, 16, 0, 0, 0, 0, 0, 16, 0, 0, 15, 0, 0, 15, 15, 0, 0, 0, 0, 15, 0, 0, 0, 0, 25, 18, 0, 15, 0, 0, 15, 0, 0, 15, : 15, 17, 15, 24, 19, 17, 16, 15, 18, 18, 15, 17, 19, 16, 15, 20, 22, 15, 12, 16, 15, 4, 16, 16, 15, 15, 15, 15, 25, 18, 15, 15, 15, 
46: 0, 0, 0, 0, 0, 15, 0, 15, 17, 0, 15, 0, 0, 0, 0, 0, 0, 23, 15, 7, 0, 15, 0, 24, 19, 0, 0, 0, 0, 26, 15, 0, 0, 0, 0, 0, 0, 15, 0, 15, 0, 15, 0, 15, 15, 25, 26, 0, 18, 0, 0, 0, 15, 15, 0, 0, 18, 0, 15, 2, 0, 16, 15, 11, 10, 0, 0, 15, 15, 0, 15, 19, 0, 0, 0, 0, 0, 0, 15, 0, 0, 0, 15, 0, 0, 0, 15, 16, 0, 15, 15, 0, 0, 15, 15, 0, 15, 15, 0, 0, : 15, 15, 17, 15, 23, 15, 7, 15, 24, 19, 26, 15, 15, 15, 15, 15, 15, 25, 26, 18, 15, 15, 18, 15, 2, 16, 15, 11, 10, 15, 15, 15, 19, 15, 15, 15, 16, 15, 15, 15, 15, 15, 15, 
22: 0, 0, 0, 15, 0, 0, 4, 0, 0, 0, 0, 16, 0, 15, 15, 0, 0, 16, 16, 15, 0, 0, 0, 0, 0, 16, 0, 0, 15, 0, 0, 0, 0, 15, 15, 15, 0, 0, 7, 0, 0, 0, 0, 15, 0, 15, 15, 0, 11, 15, 10, 0, 0, 15, 0, 15, 0, 15, 0, 17, 15, 7, 0, 0, 0, 0, 0, 0, 19, 0, 0, 15, 0, 20, 10, 0, 0, 0, 9, 0, 0, 15, 3, 15, 23, 0, 0, 3, 0, 0, 0, 15, 23, 0, 0, 0, 0, 4, 0, 0, : 15, 4, 16, 15, 15, 16, 16, 15, 16, 15, 15, 15, 15, 7, 15, 15, 15, 11, 15, 10, 15, 15, 15, 17, 15, 7, 19, 15, 20, 10, 9, 15, 3, 15, 23, 3, 15, 23, 4, 
57: 0, 0, 0, 0, 0, 16, 0, 15, 0, 16, 0, 0, 0, 32, 0, 0, 0, 0, 0, 0, 16, 0, 16, 0, 0, 0, 0, 0, 32, 0, 0, 0, 15, 16, 0, 0, 0, 0, 0, 0, 0, 0, 19, 0, 0, 15, 0, 13, 0, 0, 0, 0, 0, 0, 0, 0, 0, 0, 0, 0, 18, 0, 0, 0, 15, 16, 0, 0, 5, 0, 0, 0, 0, 0, 0, 0, 0, 0, 15, 0, 0, 15, 0, 0, 0, 0, 6, 0, 17, 15, 0, 0, 0, 0, 0, 0, 22, 15, 0, 0, : 16, 15, 16, 32, 16, 16, 32, 15, 16, 19, 15, 13, 18, 15, 16, 5, 15, 15, 6, 17, 15, 22, 15, 
68: 0, 0, 0, 0, 0, 25, 0, 0, 17, 0, 0, 0, 0, 0, 16, 15, 15, 0, 0, 15, 0, 0, 0, 0, 21, 0, 15, 0, 0, 0, 24, 0, 0, 0, 0, 15, 0, 16, 0, 0, 0, 15, 0, 0, 0, 0, 0, 20, 18, 15, 0, 0, 0, 0, 14, 0, 0, 0, 0, 15, 0, 0, 0, 0, 15, 0, 15, 9, 0, 0, 0, 0, 0, 0, 15, 0, 0, 15, 0, 15, 0, 0, 0, 0, 0, 15, 0, 0, 0, 0, 0, 0, 0, 0, 0, 15, 32, 0, 0, 16, : 25, 17, 16, 15, 15, 15, 21, 15, 24, 15, 16, 15, 20, 18, 15, 14, 15, 15, 15, 9, 15, 15, 15, 15, 15, 32, 16, 
27: 0, 0, 0, 0, 13, 19, 0, 13, 26, 15, 15, 0, 0, 0, 0, 0, 0, 0, 17, 0, 16, 0, 0, 0, 0, 15, 0, 15, 0, 0, 17, 0, 0, 0, 0, 0, 0, 0, 15, 16, 15, 23, 15, 15, 0, 0, 0, 0, 0, 0, 0, 3, 0, 0, 15, 30, 0, 15, 17, 21, 15, 0, 15, 15, 0, 0, 0, 15, 15, 0, 31, 0, 0, 1, 15, 0, 21, 2, 0, 0, 15, 0, 0, 15, 15, 0, 0, 0, 15, 16, 0, 0, 0, 0, 0, 15, 0, 0, 0, 0, : 13, 19, 13, 26, 15, 15, 17, 16, 15, 15, 17, 15, 16, 15, 23, 15, 15, 3, 15, 30, 15, 17, 21, 15, 15, 15, 15, 15, 31, 1, 15, 21, 2, 15, 15, 15, 15, 16, 15, 
40: 0, 15, 15, 0, 0, 0, 0, 0, 0, 6, 15, 36, 15, 15, 22, 0, 0, 0, 0, 0, 15, 0, 0, 0, 0, 0, 15, 0, 0, 0, 0, 15, 0, 0, 0, 0, 16, 0, 18, 0, 0, 0, 0, 0, 0, 0, 0, 0, 0, 0, 15, 15, 15, 15, 0, 0, 0, 0, 0, 15, 0, 0, 0, 15, 0, 0, 0, 15, 0, 0, 0, 0, 15, 15, 26, 0, 0, 19, 0, 0, 0, 0, 26, 15, 0, 0, 0, 15, 15, 0, 15, 0, 0, 0, 0, 0, 0, 15, 0, 15, : 15, 15, 6, 15, 36, 15, 15, 22, 15, 15, 15, 16, 18, 15, 15, 15, 15, 15, 15, 15, 15, 15, 26, 19, 26, 15, 15, 15, 15, 15, 15, 
41: 0, 0, 0, 0, 0, 0, 0, 17, 0, 0, 0, 0, 0, 0, 0, 0, 0, 23, 0, 0, 18, 0, 0, 0, 0, 0, 15, 0, 0, 0, 14, 0, 22, 0, 0, 31, 15, 0, 0, 15, 0, 0, 0, 0, 0, 0, 0, 0, 0, 0, 15, 0, 0, 0, 0, 0, 0, 0, 15, 0, 0, 0, 0, 17, 15, 0, 0, 0, 0, 0, 17, 0, 0, 18, 0, 0, 11, 0, 0, 15, 0, 0, 0, 15, 0, 0, 0, 0, 0, 0, 0, 0, 15, 7, 24, 0, 0, 0, 0, 0, : 17, 23, 18, 15, 14, 22, 31, 15, 15, 15, 15, 17, 15, 17, 18, 11, 15, 15, 15, 7, 24, 
23: 2, 16, 0, 0, 15, 0, 0, 0, 0, 0, 0, 0, 0, 0, 0, 15, 16, 6, 0, 0, 0, 15, 16, 0, 0, 16, 2, 15, 0, 16, 0, 0, 0, 16, 15, 0, 0, 15, 0, 4, 0, 0, 23, 0, 0, 0, 0, 0, 0, 17, 0, 0, 0, 0, 20, 0, 16, 0, 0, 0, 0, 0, 8, 25, 0, 15, 15, 0, 0, 15, 0, 0, 0, 0, 0, 0, 0, 0, 16, 0, 21, 15, 17, 0, 16, 15, 0, 0, 15, 15, 15, 0, 15, 0, 0, 0, 0, 0, 18, 0, : 2, 16, 15, 15, 16, 6, 15, 16, 16, 2, 15, 16, 16, 15, 15, 4, 23, 17, 20, 16, 8, 25, 15, 15, 15, 16, 21, 15, 17, 16, 15, 15, 15, 15, 15, 18, 


4: 15, 0, 0, 0, 16, 15, 15, 0, 0, 0, 15, 15, 15, 0, 15, 25, 0, 15, 15, 15, 0, 12, 0, 15, 17, 16, 15, 0, 0, 15, 0, 0, 0, 0, 15, 0, 0, 0, 0, 0, 16, 0, 15, 31, 0, 18, 14, 20, 0, 0, 0, 18, 0, 0, 0, 0, 0, 0, 15, 0, 0, 15, 0, 0, 15, 0, 0, 0, 16, 14, 0, 0, 18, 0, 0, 0, 0, 0, 0, 0, 17, 21, 15, 19, 0, 7, 0, 0, 15, 0, 20, 20, 0, 0, 0, 0, 15, 0, 22, 15, : 15, 16, 15, 15, 15, 15, 15, 15, 25, 15, 15, 15, 12, 15, 17, 16, 15, 15, 15, 16, 15, 31, 18, 14, 20, 18, 15, 15, 15, 16, 14, 18, 17, 21, 15, 19, 7, 15, 20, 20, 15, 22, 15, 
65: 16, 0, 21, 0, 15, 0, 15, 0, 0, 15, 17, 0, 0, 0, 15, 0, 0, 0, 0, 0, 0, 0, 0, 15, 0, 0, 0, 0, 15, 0, 0, 15, 15, 15, 16, 0, 0, 15, 15, 0, 0, 15, 0, 0, 0, 0, 0, 0, 0, 0, 0, 0, 0, 0, 0, 0, 0, 16, 0, 0, 15, 0, 0, 12, 0, 3, 16, 15, 0, 0, 15, 4, 15, 15, 0, 0, 0, 0, 16, 0, 0, 0, 0, 0, 0, 16, 15, 0, 0, 0, 0, 15, 17, 0, 0, 16, 15, 10, 0, 0, : 16, 21, 15, 15, 15, 17, 15, 15, 15, 15, 15, 15, 16, 15, 15, 15, 16, 15, 12, 3, 16, 15, 15, 4, 15, 15, 16, 16, 15, 15, 17, 16, 15, 10, 
91: 0, 16, 0, 0, 0, 0, 15, 0, 0, 0, 0, 22, 15, 0, 0, 0, 0, 0, 0, 16, 0, 0, 0, 0, 22, 15, 18, 18, 17, 15, 0, 15, 15, 19, 16, 0, 0, 0, 25, 0, 0, 0, 0, 15, 0, 0, 0, 15, 0, 0, 3, 7, 0, 0, 0, 0, 15, 0, 0, 15, 0, 16, 15, 0, 0, 0, 0, 0, 0, 0, 0, 15, 0, 15, 0, 0, 15, 0, 0, 0, 0, 0, 15, 0, 15, 0, 0, 0, 0, 0, 15, 0, 0, 0, 0, 6, 0, 15, 0, 16, : 16, 15, 22, 15, 16, 22, 15, 18, 18, 17, 15, 15, 15, 19, 16, 25, 15, 15, 3, 7, 15, 15, 16, 15, 15, 15, 15, 15, 15, 15, 6, 15, 16, 
38: 0, 13, 21, 17, 0, 0, 7, 0, 0, 0, 0, 0, 0, 0, 0, 0, 0, 16, 0, 0, 0, 0, 0, 15, 0, 15, 0, 0, 0, 0, 0, 8, 0, 0, 0, 21, 0, 15, 15, 19, 0, 0, 0, 0, 15, 0, 21, 0, 0, 0, 15, 0, 16, 0, 0, 0, 0, 0, 0, 7, 0, 0, 17, 0, 0, 0, 0, 15, 0, 0, 0, 15, 0, 15, 0, 0, 0, 15, 0, 0, 0, 0, 0, 15, 0, 0, 0, 17, 9, 15, 0, 0, 15, 21, 0, 0, 0, 0, 0, 0, : 13, 21, 17, 7, 16, 15, 15, 8, 21, 15, 15, 19, 15, 21, 15, 16, 7, 17, 15, 15, 15, 15, 15, 17, 9, 15, 15, 21, 
66: 15, 0, 0, 0, 0, 15, 0, 15, 28, 0, 15, 29, 0, 0, 0, 16, 15, 15, 21, 0, 15, 0, 16, 0, 0, 0, 0, 0, 0, 0, 0, 0, 0, 15, 0, 0, 0, 0, 0, 0, 0, 15, 0, 15, 15, 0, 0, 0, 0, 0, 0, 0, 28, 15, 17, 15, 18, 21, 20, 0, 0, 0, 0, 0, 0, 15, 0, 0, 0, 0, 9, 0, 0, 19, 15, 15, 15, 0, 0, 0, 5, 15, 15, 0, 0, 15, 0, 0, 15, 0, 0, 0, 0, 0, 15, 0, 0, 0, 15, 0, : 15, 15, 15, 28, 15, 29, 16, 15, 15, 21, 15, 16, 15, 15, 15, 15, 28, 15, 17, 15, 18, 21, 20, 15, 9, 19, 15, 15, 15, 5, 15, 15, 15, 15, 15, 15, 
50: 0, 0, 0, 15, 0, 0, 0, 19, 0, 0, 0, 0, 0, 17, 15, 0, 0, 0, 15, 0, 0, 22, 0, 25, 15, 0, 15, 0, 0, 16, 12, 0, 15, 0, 0, 0, 0, 0, 0, 0, 0, 24, 0, 0, 0, 0, 15, 0, 0, 0, 0, 0, 10, 0, 0, 0, 0, 0, 0, 0, 15, 0, 0, 0, 0, 0, 0, 0, 0, 15, 15, 0, 0, 0, 0, 0, 15, 0, 15, 0, 0, 0, 0, 15, 0, 0, 0, 15, 0, 0, 0, 0, 0, 16, 0, 15, 0, 0, 0, 0, : 15, 19, 17, 15, 15, 22, 25, 15, 15, 16, 12, 15, 24, 15, 10, 15, 15, 15, 15, 15, 15, 15, 16, 15, 
32: 15, 0, 15, 16, 0, 0, 0, 15, 0, 0, 0, 0, 15, 0, 0, 0, 0, 18, 0, 22, 0, 0, 0, 0, 0, 0, 5, 0, 0, 15, 0, 15, 0, 0, 0, 0, 0, 0, 22, 16, 15, 15, 0, 0, 0, 0, 0, 0, 15, 7, 15, 0, 15, 16, 16, 0, 0, 0, 0, 0, 0, 0, 0, 26, 7, 0, 15, 16, 0, 0, 0, 0, 0, 15, 15, 15, 0, 23, 22, 0, 16, 0, 0, 15, 15, 0, 16, 0, 15, 15, 16, 0, 0, 0, 0, 15, 0, 0, 0, 17, : 15, 15, 16, 15, 15, 18, 22, 5, 15, 15, 22, 16, 15, 15, 15, 7, 15, 15, 16, 16, 26, 7, 15, 16, 15, 15, 15, 23, 22, 16, 15, 15, 16, 15, 15, 16, 15, 17, 
2: 0, 15, 0, 0, 0, 0, 0, 0, 0, 0, 0, 0, 0, 0, 15, 0, 17, 15, 13, 0, 15, 0, 0, 0, 0, 0, 0, 0, 13, 0, 0, 0, 0, 0, 0, 0, 18, 5, 0, 15, 16, 0, 0, 15, 0, 15, 15, 15, 0, 17, 0, 0, 0, 0, 15, 0, 0, 15, 18, 0, 0, 15, 0, 16, 0, 0, 0, 0, 28, 0, 0, 0, 0, 0, 14, 15, 0, 16, 0, 0, 0, 0, 0, 0, 0, 0, 0, 15, 15, 0, 15, 0, 0, 0, 0, 0, 0, 15, 0, 4, : 15, 15, 17, 15, 13, 15, 13, 18, 5, 15, 16, 15, 15, 15, 15, 17, 15, 15, 18, 15, 16, 28, 14, 15, 16, 15, 15, 15, 15, 4, 
98: 0, 0, 0, 0, 0, 0, 0, 16, 0, 0, 0, 0, 0, 0, 0, 0, 15, 0, 21, 0, 0, 0, 15, 0, 0, 0, 0, 4, 22, 15, 16, 0, 15, 15, 17, 15, 0, 15, 0, 0, 0, 0, 27, 16, 24, 22, 0, 0, 15, 0, 0, 15, 0, 0, 0, 0, 0, 0, 0, 0, 0, 0, 0, 0, 15, 0, 3, 0, 15, 0, 15, 0, 0, 0, 0, 10, 0, 0, 16, 0, 17, 0, 0, 0, 0, 15, 5, 15, 0, 16, 22, 0, 0, 3, 0, 0, 0, 0, 15, 0, : 16, 15, 21, 15, 4, 22, 15, 16, 15, 15, 17, 15, 15, 27, 16, 24, 22, 15, 15, 15, 3, 15, 15, 10, 16, 17, 15, 5, 15, 16, 22, 3, 15, 
77: 0, 0, 0, 0, 0, 0, 16, 0, 0, 15, 0, 0, 15, 18, 0, 0, 0, 0, 0, 0, 16, 0, 0, 0, 15, 0, 0, 0, 0, 0, 0, 0, 10, 15, 0, 4, 0, 0, 0, 0, 18, 0, 16, 8, 0, 0, 0, 15, 0, 15, 0, 15, 0, 0, 0, 22, 15, 15, 0, 15, 0, 18, 15, 0, 0, 0, 15, 0, 19, 0, 0, 15, 15, 6, 0, 0, 0, 15, 0, 8, 0, 0, 8, 0, 15, 0, 19, 0, 0, 15, 0, 24, 15, 15, 0, 0, 16, 0, 0, 0, : 16, 15, 15, 18, 16, 15, 10, 15, 4, 18, 16, 8, 15, 15, 15, 22, 15, 15, 15, 18, 15, 15, 19, 15, 15, 6, 15, 8, 8, 15, 19, 15, 24, 15, 15, 16, 
33: 0, 20, 0, 16, 31, 0, 0, 5, 8, 0, 0, 0, 0, 0, 4, 0, 21, 0, 0, 16, 17, 21, 24, 0, 0, 16, 0, 15, 0, 9, 15, 0, 15, 0, 0, 0, 17, 0, 0, 0, 1, 1, 0, 0, 0, 15, 0, 0, 15, 0, 0, 0, 16, 23, 0, 0, 0, 0, 0, 15, 15, 0, 0, 0, 15, 0, 0, 15, 0, 0, 0, 0, 0, 15, 0, 0, 0, 0, 0, 15, 15, 0, 0, 0, 0, 0, 0, 0, 0, 0, 0, 0, 0, 0, 9, 0, 0, 0, 0, 0, : 20, 16, 31, 5, 8, 4, 21, 16, 17, 21, 24, 16, 15, 9, 15, 15, 17, 1, 1, 15, 15, 16, 23, 15, 15, 15, 15, 15, 15, 15, 9, 
43: 0, 0, 0, 0, 0, 0, 0, 0, 0, 0, 0, 7, 15, 0, 21, 15, 0, 0, 0, 0, 15, 15, 15, 15, 0, 0, 0, 0, 0, 0, 16, 0, 0, 0, 0, 0, 0, 15, 0, 15, 0, 0, 0, 0, 0, 0, 0, 0, 0, 0, 0, 0, 0, 0, 15, 0, 0, 0, 0, 15, 15, 4, 15, 16, 0, 19, 0, 0, 0, 38, 0, 0, 0, 0, 18, 0, 8, 0, 0, 0, 0, 26, 0, 0, 3, 0, 0, 0, 0, 0, 0, 11, 0, 0, 0, 15, 0, 15, 0, 0, : 7, 15, 21, 15, 15, 15, 15, 15, 16, 15, 15, 15, 15, 15, 4, 15, 16, 19, 38, 18, 8, 26, 3, 11, 15, 15, 
28: 0, 0, 0, 0, 19, 21, 0, 0, 15, 0, 8, 0, 0, 0, 0, 15, 18, 0, 0, 0, 0, 0, 0, 15, 0, 0, 17, 17, 0, 0, 0, 0, 0, 0, 0, 15, 15, 0, 0, 15, 0, 0, 0, 0, 0, 0, 0, 0, 15, 0, 17, 0, 0, 0, 0, 0, 24, 18, 15, 0, 0, 0, 16, 0, 0, 0, 0, 0, 0, 18, 0, 0, 0, 0, 19, 0, 0, 0, 0, 0, 0, 0, 16, 0, 22, 0, 15, 0, 16, 0, 0, 15, 0, 15, 15, 0, 0, 0, 0, 15, : 19, 21, 15, 8, 15, 18, 15, 17, 17, 15, 15, 15, 15, 17, 24, 18, 15, 16, 18, 19, 16, 22, 15, 16, 15, 15, 15, 15, 
1: 0, 0, 15, 21, 0, 0, 0, 0, 0, 23, 0, 27, 0, 15, 0, 0, 0, 0, 15, 16, 0, 0, 10, 0, 0, 0, 0, 15, 0, 0, 0, 15, 0, 0, 0, 15, 0, 0, 0, 0, 0, 0, 18, 0, 0, 15, 0, 15, 0, 16, 0, 15, 0, 0, 0, 0, 0, 0, 0, 0, 0, 0, 7, 15, 0, 15, 0, 0, 0, 0, 0, 20, 0, 0, 0, 0, 15, 16, 0, 15, 0, 0, 0, 0, 15, 0, 0, 15, 0, 0, 0, 0, 0, 0, 0, 15, 19, 0, 1, 0, : 15, 21, 23, 27, 15, 15, 16, 10, 15, 15, 15, 18, 15, 15, 16, 15, 7, 15, 15, 20, 15, 16, 15, 15, 15, 15, 19, 1, 
89: 15, 36, 15, 15, 4, 16, 0, 0, 0, 0, 15, 0, 0, 0, 0, 15, 0, 0, 0, 15, 15, 15, 0, 0, 0, 18, 0, 0, 0, 0, 26, 0, 15, 16, 3, 0, 0, 15, 0, 5, 18, 15, 0, 0, 15, 0, 0, 4, 15, 0, 15, 0, 0, 0, 0, 0, 13, 15, 0, 18, 0, 17, 0, 0, 0, 0, 0, 0, 0, 0, 15, 0, 0, 0, 0, 15, 0, 15, 15, 16, 0, 8, 0, 0, 0, 0, 0, 0, 0, 24, 0, 0, 0, 0, 15, 0, 0, 15, 0, 0, : 15, 36, 15, 15, 4, 16, 15, 15, 15, 15, 15, 18, 26, 15, 16, 3, 15, 5, 18, 15, 15, 4, 15, 15, 13, 15, 18, 17, 15, 15, 15, 15, 16, 8, 24, 15, 15, 
69: 15, 0, 0, 0, 0, 0, 15, 0, 0, 17, 0, 0, 0, 0, 0, 0, 0, 0, 0, 0, 7, 15, 20, 0, 0, 0, 15, 16, 0, 15, 0, 0, 0, 0, 0, 0, 24, 0, 0, 0, 0, 0, 0, 0, 0, 0, 0, 16, 0, 0, 0, 0, 0, 13, 7, 0, 0, 0, 0, 0, 15, 0, 0, 15, 0, 0, 0, 17, 0, 0, 0, 0, 15, 0, 19, 0, 0, 0, 0, 0, 15, 0, 16, 0, 0, 15, 15, 8, 0, 15, 0, 0, 0, 15, 15, 0, 0, 15, 15, 0, : 15, 15, 17, 7, 15, 20, 15, 16, 15, 24, 16, 13, 7, 15, 15, 17, 15, 19, 15, 16, 15, 15, 8, 15, 15, 15, 15, 15, 
24: 9, 0, 0, 0, 15, 0, 0, 0, 0, 0, 0, 0, 10, 16, 0, 0, 14, 15, 0, 0, 0, 0, 0, 0, 15, 0, 0, 0, 0, 0, 15, 32, 0, 0, 0, 0, 11, 20, 8, 15, 0, 0, 9, 0, 0, 0, 0, 0, 15, 15, 0, 15, 0, 0, 15, 15, 15, 0, 0, 0, 22, 0, 0, 0, 15, 15, 15, 0, 0, 0, 15, 0, 7, 0, 0, 0, 0, 0, 16, 0, 0, 0, 0, 0, 15, 17, 15, 0, 0, 0, 12, 0, 15, 15, 15, 0, 0, 0, 0, 18, : 9, 15, 10, 16, 14, 15, 15, 15, 32, 11, 20, 8, 15, 9, 15, 15, 15, 15, 15, 15, 22, 15, 15, 15, 15, 7, 16, 15, 17, 15, 12, 15, 15, 15, 18, 
58: 0, 0, 13, 0, 0, 0, 0, 15, 19, 15, 15, 0, 0, 3, 0, 0, 0, 6, 0, 0, 0, 0, 0, 0, 16, 0, 0, 15, 0, 0, 0, 0, 0, 5, 17, 15, 0, 0, 15, 0, 0, 0, 0, 0, 0, 0, 15, 0, 0, 15, 15, 0, 15, 0, 0, 21, 0, 0, 17, 0, 3, 0, 0, 0, 0, 0, 20, 0, 0, 15, 0, 0, 15, 0, 0, 15, 17, 0, 0, 15, 0, 15, 0, 6, 0, 0, 0, 0, 0, 0, 0, 15, 23, 0, 0, 0, 20, 15, 17, 0, : 13, 15, 19, 15, 15, 3, 6, 16, 15, 5, 17, 15, 15, 15, 15, 15, 15, 21, 17, 3, 20, 15, 15, 15, 17, 15, 15, 6, 15, 23, 20, 15, 17, 
17: 0, 0, 0, 0, 0, 0, 17, 0, 15, 15, 0, 0, 15, 16, 15, 14, 0, 0, 0, 0, 0, 0, 0, 0, 0, 5, 15, 0, 15, 0, 0, 0, 0, 0, 0, 15, 15, 0, 0, 0, 16, 0, 0, 0, 16, 0, 0, 0, 10, 15, 20, 0, 0, 17, 0, 15, 0, 0, 15, 15, 0, 15, 15, 0, 15, 18, 0, 15, 7, 0, 16, 16, 15, 0, 0, 15, 0, 0, 0, 15, 0, 0, 0, 15, 0, 0, 0, 15, 0, 0, 0, 0, 15, 0, 16, 0, 0, 0, 0, 15, : 17, 15, 15, 15, 16, 15, 14, 5, 15, 15, 15, 15, 16, 16, 10, 15, 20, 17, 15, 15, 15, 15, 15, 15, 18, 15, 7, 16, 16, 15, 15, 15, 15, 15, 15, 16, 15, 
13: 0, 0, 0, 0, 0, 33, 0, 15, 15, 0, 15, 0, 0, 15, 0, 0, 0, 0, 0, 0, 0, 0, 0, 0, 0, 15, 0, 0, 18, 0, 0, 0, 0, 0, 16, 0, 0, 0, 0, 0, 0, 15, 15, 0, 15, 15, 20, 0, 0, 0, 0, 15, 0, 16, 15, 12, 0, 0, 0, 0, 0, 0, 0, 0, 18, 15, 16, 7, 15, 0, 0, 15, 0, 0, 0, 0, 15, 0, 0, 16, 15, 15, 15, 15, 0, 15, 0, 0, 15, 0, 0, 0, 0, 0, 0, 18, 15, 0, 15, 0, : 33, 15, 15, 15, 15, 15, 18, 16, 15, 15, 15, 15, 20, 15, 16, 15, 12, 18, 15, 16, 7, 15, 15, 15, 16, 15, 15, 15, 15, 15, 15, 18, 15, 15, 


95: 0, 0, 0, 18, 15, 0, 0, 0, 0, 0, 22, 0, 18, 0, 0, 0, 0, 0, 15, 0, 0, 0, 0, 15, 17, 0, 0, 0, 0, 0, 15, 0, 15, 0, 0, 18, 0, 0, 0, 15, 0, 23, 4, 15, 15, 15, 21, 0, 29, 15, 29, 0, 0, 0, 0, 0, 24, 0, 0, 15, 0, 0, 0, 0, 0, 15, 0, 6, 0, 15, 0, 0, 0, 0, 15, 0, 0, 16, 15, 0, 15, 0, 0, 15, 0, 15, 0, 0, 22, 0, 0, 0, 4, 0, 0, 24, 0, 0, 0, 0, : 18, 15, 22, 18, 15, 15, 17, 15, 15, 18, 15, 23, 4, 15, 15, 15, 21, 29, 15, 29, 24, 15, 15, 6, 15, 15, 16, 15, 15, 15, 15, 22, 4, 24, 
60: 0, 27, 15, 17, 0, 5, 0, 0, 0, 0, 15, 0, 16, 0, 0, 0, 0, 24, 0, 15, 0, 0, 0, 0, 0, 0, 0, 0, 0, 0, 15, 0, 0, 0, 0, 0, 15, 0, 0, 0, 0, 15, 0, 0, 0, 15, 16, 0, 0, 15, 0, 19, 0, 16, 0, 0, 0, 15, 0, 0, 0, 16, 0, 0, 17, 15, 0, 0, 18, 0, 15, 0, 0, 0, 0, 17, 0, 0, 15, 15, 0, 15, 0, 0, 0, 9, 7, 0, 15, 15, 0, 16, 17, 15, 22, 0, 0, 0, 0, 0, : 27, 15, 17, 5, 15, 16, 24, 15, 15, 15, 15, 15, 16, 15, 19, 16, 15, 16, 17, 15, 18, 15, 17, 15, 15, 15, 9, 7, 15, 15, 16, 17, 15, 22, 
99: 0, 13, 0, 26, 17, 0, 0, 0, 0, 0, 0, 0, 15, 6, 15, 16, 15, 0, 0, 0, 0, 0, 15, 0, 0, 0, 15, 15, 0, 0, 0, 0, 15, 0, 17, 23, 0, 15, 0, 0, 15, 2, 0, 0, 0, 0, 18, 0, 0, 0, 0, 0, 15, 0, 18, 0, 18, 2, 0, 0, 0, 15, 0, 0, 0, 0, 15, 0, 0, 0, 0, 17, 0, 0, 0, 0, 0, 0, 0, 0, 0, 15, 0, 0, 15, 0, 0, 15, 15, 0, 17, 0, 0, 15, 15, 0, 0, 15, 16, 0, : 13, 26, 17, 15, 6, 15, 16, 15, 15, 15, 15, 15, 17, 23, 15, 15, 2, 18, 15, 18, 18, 2, 15, 15, 17, 15, 15, 15, 15, 17, 15, 15, 15, 16, 
19: 18, 15, 0, 0, 0, 15, 15, 0, 17, 15, 0, 19, 0, 0, 0, 0, 18, 0, 26, 0, 0, 0, 0, 0, 20, 0, 0, 0, 0, 0, 0, 15, 0, 0, 0, 0, 22, 0, 0, 0, 0, 0, 16, 0, 0, 0, 19, 15, 0, 0, 16, 19, 0, 15, 0, 15, 0, 0, 15, 0, 0, 16, 0, 0, 15, 0, 0, 0, 0, 0, 0, 0, 15, 19, 0, 0, 15, 0, 0, 0, 0, 0, 0, 15, 0, 0, 15, 0, 0, 15, 0, 1, 0, 16, 0, 0, 15, 0, 0, 16, : 18, 15, 15, 15, 17, 15, 19, 18, 26, 20, 15, 22, 16, 19, 15, 16, 19, 15, 15, 15, 16, 15, 15, 19, 15, 15, 15, 15, 1, 16, 15, 16, 
75: 0, 0, 0, 0, 0, 0, 15, 15, 0, 0, 0, 0, 0, 0, 0, 0, 0, 0, 13, 0, 15, 0, 0, 9, 0, 0, 0, 0, 0, 0, 0, 17, 0, 0, 15, 0, 0, 0, 15, 1, 0, 0, 0, 15, 0, 15, 0, 0, 0, 0, 0, 0, 0, 0, 0, 24, 0, 0, 0, 0, 3, 0, 0, 0, 0, 15, 0, 0, 0, 15, 0, 0, 0, 0, 0, 20, 17, 18, 20, 0, 0, 5, 0, 0, 0, 0, 16, 0, 0, 16, 0, 15, 0, 0, 16, 15, 21, 0, 20, 6, : 15, 15, 13, 15, 9, 17, 15, 15, 1, 15, 15, 24, 3, 15, 15, 20, 17, 18, 20, 5, 16, 16, 15, 16, 15, 21, 20, 6, 
3: 0, 15, 15, 0, 10, 0, 15, 0, 0, 0, 15, 15, 0, 0, 0, 0, 0, 0, 0, 0, 4, 0, 18, 0, 15, 16, 0, 0, 16, 0, 8, 19, 0, 0, 15, 25, 0, 15, 0, 29, 0, 0, 0, 0, 0, 15, 0, 0, 0, 0, 18, 0, 15, 0, 22, 16, 0, 0, 0, 0, 0, 0, 15, 0, 0, 16, 3, 15, 15, 0, 0, 7, 0, 0, 0, 0, 0, 0, 17, 0, 15, 0, 23, 0, 0, 0, 15, 15, 0, 0, 0, 0, 18, 0, 0, 0, 15, 0, 0, 0, : 15, 15, 10, 15, 15, 15, 4, 18, 15, 16, 16, 8, 19, 15, 25, 15, 29, 15, 18, 15, 22, 16, 15, 16, 3, 15, 15, 7, 17, 15, 23, 15, 15, 18, 15, 
96: 0, 15, 0, 0, 0, 0, 0, 0, 0, 15, 0, 0, 0, 0, 23, 15, 0, 0, 0, 0, 0, 0, 15, 15, 0, 0, 15, 0, 0, 0, 0, 4, 0, 0, 0, 0, 29, 0, 0, 17, 16, 15, 0, 0, 0, 15, 0, 0, 18, 15, 0, 0, 15, 0, 17, 0, 3, 15, 15, 0, 17, 0, 0, 0, 0, 9, 0, 0, 17, 0, 0, 15, 15, 15, 15, 0, 0, 0, 0, 0, 15, 0, 0, 0, 0, 0, 0, 16, 0, 0, 15, 0, 15, 0, 19, 0, 0, 15, 0, 18, : 15, 15, 23, 15, 15, 15, 15, 4, 29, 17, 16, 15, 15, 18, 15, 15, 17, 3, 15, 15, 17, 9, 17, 15, 15, 15, 15, 15, 16, 15, 15, 19, 15, 18, 
14: 15, 0, 0, 0, 0, 17, 0, 15, 26, 0, 0, 0, 0, 16, 15, 9, 15, 0, 0, 0, 0, 0, 0, 16, 0, 0, 0, 0, 26, 15, 15, 0, 0, 0, 20, 0, 0, 0, 15, 0, 23, 0, 0, 15, 0, 0, 0, 14, 0, 0, 7, 15, 0, 0, 0, 0, 0, 0, 0, 15, 0, 0, 10, 0, 0, 0, 0, 0, 15, 0, 15, 16, 16, 27, 15, 0, 0, 15, 0, 20, 15, 0, 0, 17, 0, 0, 17, 0, 15, 0, 15, 0, 16, 0, 6, 15, 0, 0, 0, 0, : 15, 17, 15, 26, 16, 15, 9, 15, 16, 26, 15, 15, 20, 15, 23, 15, 14, 7, 15, 15, 10, 15, 15, 16, 16, 27, 15, 15, 20, 15, 17, 17, 15, 15, 16, 6, 15, 
100: 15, 0, 0, 0, 16, 16, 0, 0, 21, 19, 0, 0, 0, 0, 16, 15, 0, 0, 0, 0, 0, 0, 10, 0, 0, 0, 24, 15, 0, 0, 0, 0, 15, 15, 0, 0, 0, 0, 15, 0, 0, 0, 0, 0, 0, 0, 0, 15, 0, 0, 0, 16, 9, 18, 0, 0, 15, 0, 15, 15, 0, 3, 0, 0, 16, 0, 0, 0, 0, 0, 0, 15, 0, 0, 0, 0, 8, 0, 0, 16, 0, 15, 0, 0, 0, 0, 0, 24, 0, 0, 15, 22, 15, 0, 22, 0, 0, 15, 0, 0, : 15, 16, 16, 21, 19, 16, 15, 10, 24, 15, 15, 15, 15, 15, 16, 9, 18, 15, 15, 15, 3, 16, 15, 8, 16, 15, 24, 15, 22, 15, 22, 15, 
44: 0, 0, 0, 16, 0, 0, 0, 0, 21, 15, 0, 0, 15, 0, 0, 15, 6, 15, 0, 32, 0, 4, 0, 0, 0, 0, 16, 0, 16, 13, 0, 0, 0, 0, 0, 0, 0, 0, 15, 20, 0, 15, 0, 0, 22, 0, 0, 0, 0, 0, 0, 0, 15, 0, 0, 0, 0, 15, 0, 10, 15, 0, 0, 0, 4, 0, 0, 0, 16, 0, 0, 15, 16, 0, 0, 0, 15, 0, 0, 17, 0, 0, 0, 0, 15, 0, 15, 0, 0, 15, 0, 0, 0, 0, 0, 0, 3, 0, 0, 15, : 16, 21, 15, 15, 15, 6, 15, 32, 4, 16, 16, 13, 15, 20, 15, 22, 15, 15, 10, 15, 4, 16, 15, 16, 15, 17, 15, 15, 15, 3, 15, 
29: 7, 0, 0, 0, 0, 0, 0, 18, 0, 0, 18, 0, 0, 15, 0, 0, 15, 0, 0, 0, 15, 15, 27, 0, 1, 0, 0, 0, 15, 0, 0, 0, 16, 33, 0, 0, 19, 0, 10, 0, 16, 0, 0, 0, 0, 0, 9, 26, 0, 0, 0, 0, 15, 0, 0, 0, 17, 0, 0, 0, 15, 0, 0, 0, 17, 15, 0, 15, 0, 25, 0, 0, 0, 0, 0, 0, 0, 0, 15, 0, 19, 15, 16, 15, 0, 15, 0, 0, 0, 0, 0, 0, 0, 0, 0, 0, 0, 15, 15, 0, : 7, 18, 18, 15, 15, 15, 15, 27, 1, 15, 16, 33, 19, 10, 16, 9, 26, 15, 17, 15, 17, 15, 15, 25, 15, 19, 15, 16, 15, 15, 15, 15, 
62: 0, 0, 0, 8, 0, 32, 0, 0, 0, 0, 13, 15, 5, 15, 15, 0, 0, 0, 0, 29, 15, 17, 0, 15, 0, 15, 0, 0, 0, 0, 0, 0, 6, 0, 0, 16, 0, 0, 0, 18, 0, 0, 15, 10, 11, 0, 17, 15, 15, 10, 0, 0, 0, 0, 0, 15, 0, 0, 0, 0, 0, 20, 22, 15, 15, 0, 23, 0, 0, 15, 20, 0, 0, 0, 0, 0, 15, 15, 15, 0, 18, 0, 0, 17, 0, 0, 0, 0, 15, 0, 15, 15, 0, 0, 0, 0, 0, 0, 0, 0, : 8, 32, 13, 15, 5, 15, 15, 29, 15, 17, 15, 15, 6, 16, 18, 15, 10, 11, 17, 15, 15, 10, 15, 20, 22, 15, 15, 23, 15, 20, 15, 15, 15, 18, 17, 15, 15, 15, 
61: 15, 0, 0, 0, 0, 0, 19, 6, 0, 0, 0, 16, 16, 18, 0, 0, 0, 0, 0, 0, 15, 15, 0, 0, 0, 19, 0, 0, 0, 0, 0, 0, 0, 3, 0, 0, 0, 0, 0, 0, 0, 15, 15, 0, 22, 25, 0, 0, 7, 0, 0, 0, 0, 0, 0, 0, 0, 15, 15, 0, 0, 0, 0, 0, 0, 15, 25, 33, 0, 0, 25, 0, 23, 15, 10, 0, 0, 0, 0, 0, 0, 20, 0, 0, 0, 0, 0, 0, 0, 0, 0, 0, 15, 0, 0, 0, 0, 0, 0, 0, : 15, 19, 6, 16, 16, 18, 15, 15, 19, 3, 15, 15, 22, 25, 7, 15, 15, 15, 25, 33, 25, 23, 15, 10, 20, 15, 
82: 15, 15, 15, 0, 27, 0, 0, 0, 0, 19, 17, 0, 0, 0, 0, 0, 16, 0, 0, 0, 15, 0, 0, 0, 15, 0, 0, 15, 11, 16, 0, 15, 0, 19, 0, 3, 0, 15, 0, 0, 0, 0, 0, 0, 15, 0, 0, 0, 0, 15, 15, 16, 16, 15, 0, 0, 0, 0, 9, 15, 20, 0, 0, 15, 0, 0, 0, 0, 0, 15, 15, 0, 0, 0, 15, 0, 0, 0, 0, 31, 0, 0, 14, 0, 17, 0, 0, 0, 0, 0, 0, 0, 0, 0, 0, 15, 0, 15, 0, 0, : 15, 15, 15, 27, 19, 17, 16, 15, 15, 15, 11, 16, 15, 19, 3, 15, 15, 15, 15, 16, 16, 15, 9, 15, 20, 15, 15, 15, 15, 31, 14, 17, 15, 15, 
42: 0, 0, 15, 0, 15, 15, 0, 0, 0, 1, 0, 14, 0, 0, 0, 15, 0, 0, 0, 0, 0, 15, 0, 0, 0, 0, 15, 15, 0, 0, 0, 0, 15, 15, 18, 0, 0, 12, 0, 0, 0, 0, 0, 15, 0, 0, 0, 0, 0, 15, 0, 15, 0, 0, 17, 15, 0, 19, 16, 0, 0, 15, 0, 17, 0, 0, 0, 0, 15, 0, 0, 0, 0, 0, 0, 0, 0, 0, 0, 0, 3, 0, 0, 0, 0, 0, 0, 3, 0, 0, 0, 15, 0, 15, 0, 1, 15, 16, 0, 0, : 15, 15, 15, 1, 14, 15, 15, 15, 15, 15, 15, 18, 12, 15, 15, 15, 17, 15, 19, 16, 15, 17, 15, 3, 3, 15, 15, 1, 15, 16, 
59: 0, 0, 0, 0, 0, 0, 0, 0, 15, 0, 0, 0, 15, 15, 15, 0, 0, 21, 0, 0, 0, 19, 0, 0, 0, 16, 0, 0, 0, 17, 0, 0, 0, 0, 0, 15, 15, 0, 15, 0, 0, 0, 0, 15, 0, 0, 0, 0, 15, 0, 0, 0, 0, 12, 0, 0, 0, 0, 0, 0, 15, 15, 15, 6, 16, 0, 18, 0, 0, 15, 0, 0, 0, 0, 0, 0, 0, 0, 0, 0, 0, 15, 0, 0, 15, 15, 0, 27, 18, 15, 7, 0, 0, 15, 0, 0, 0, 0, 0, 15, : 15, 15, 15, 15, 21, 19, 16, 17, 15, 15, 15, 15, 15, 12, 15, 15, 15, 6, 16, 18, 15, 15, 15, 15, 27, 18, 15, 7, 15, 15, 
70: 0, 0, 0, 0, 0, 0, 6, 15, 0, 16, 0, 0, 0, 0, 1, 15, 0, 8, 15, 0, 21, 0, 15, 15, 17, 0, 0, 0, 0, 24, 0, 15, 0, 0, 0, 0, 0, 0, 0, 0, 18, 0, 0, 0, 0, 0, 0, 15, 0, 0, 0, 0, 0, 0, 0, 15, 0, 0, 15, 0, 0, 0, 0, 0, 0, 0, 0, 16, 0, 0, 10, 0, 0, 15, 15, 0, 0, 6, 0, 0, 0, 0, 0, 0, 0, 16, 15, 0, 0, 0, 0, 0, 0, 0, 0, 15, 0, 0, 0, 15, : 6, 15, 16, 1, 15, 8, 15, 21, 15, 15, 17, 24, 15, 18, 15, 15, 15, 16, 10, 15, 15, 6, 16, 15, 15, 15, 
7: 0, 0, 15, 0, 0, 0, 15, 16, 0, 0, 0, 0, 0, 0, 0, 0, 0, 16, 15, 7, 0, 0, 0, 15, 0, 15, 0, 24, 16, 0, 15, 0, 0, 0, 15, 0, 0, 0, 0, 0, 12, 0, 15, 0, 15, 0, 0, 0, 0, 15, 0, 0, 0, 0, 15, 0, 23, 0, 0, 15, 0, 0, 23, 32, 0, 0, 0, 15, 0, 0, 0, 15, 0, 0, 0, 15, 15, 0, 0, 1, 0, 0, 16, 6, 16, 0, 0, 0, 0, 0, 0, 0, 0, 9, 0, 0, 16, 0, 26, 15, : 15, 15, 16, 16, 15, 7, 15, 15, 24, 16, 15, 15, 12, 15, 15, 15, 15, 23, 15, 23, 32, 15, 15, 15, 15, 1, 16, 6, 16, 9, 16, 26, 15, 
84: 15, 0, 0, 0, 0, 0, 15, 15, 0, 0, 0, 21, 0, 0, 0, 0, 0, 0, 16, 0, 0, 15, 0, 0, 15, 17, 15, 1, 0, 15, 17, 15, 0, 0, 0, 0, 0, 16, 15, 0, 0, 0, 20, 15, 0, 0, 0, 0, 16, 0, 15, 0, 0, 0, 11, 0, 0, 19, 0, 0, 0, 0, 15, 15, 0, 0, 16, 0, 0, 0, 0, 0, 15, 9, 0, 30, 15, 15, 0, 0, 0, 0, 16, 15, 22, 15, 0, 0, 0, 15, 16, 0, 0, 0, 0, 0, 15, 0, 7, 0, : 15, 15, 15, 21, 16, 15, 15, 17, 15, 1, 15, 17, 15, 16, 15, 20, 15, 16, 15, 11, 19, 15, 15, 16, 15, 9, 30, 15, 15, 16, 15, 22, 15, 15, 16, 15, 7, 
12: 0, 0, 25, 15, 0, 0, 0, 0, 0, 0, 0, 0, 0, 15, 0, 0, 15, 16, 0, 17, 0, 0, 0, 0, 0, 2, 0, 15, 0, 0, 15, 0, 18, 15, 0, 0, 0, 27, 0, 0, 0, 15, 15, 0, 0, 0, 0, 0, 0, 0, 0, 0, 0, 24, 0, 0, 0, 0, 0, 15, 15, 0, 0, 0, 0, 0, 0, 0, 4, 0, 0, 0, 0, 0, 15, 18, 0, 15, 3, 0, 0, 0, 15, 0, 0, 15, 0, 0, 0, 9, 0, 16, 0, 15, 0, 15, 0, 9, 16, 0, : 25, 15, 15, 15, 16, 17, 2, 15, 15, 18, 15, 27, 15, 15, 24, 15, 15, 4, 15, 18, 15, 3, 15, 15, 9, 16, 15, 15, 9, 16, 


48: 0, 0, 0, 0, 0, 0, 16, 0, 0, 0, 0, 0, 0, 0, 22, 0, 0, 0, 0, 0, 0, 0, 0, 0, 0, 0, 0, 0, 0, 15, 0, 0, 0, 15, 0, 0, 0, 15, 21, 15, 15, 15, 0, 0, 16, 0, 0, 0, 15, 0, 18, 15, 0, 0, 0, 0, 0, 0, 0, 20, 30, 15, 0, 21, 0, 0, 16, 0, 0, 0, 0, 0, 0, 0, 0, 15, 0, 16, 0, 0, 0, 0, 15, 0, 5, 0, 0, 0, 0, 0, 0, 6, 0, 0, 0, 0, 15, 0, 0, 0, : 16, 22, 15, 15, 15, 21, 15, 15, 15, 16, 15, 18, 15, 20, 30, 15, 21, 16, 15, 16, 15, 5, 6, 15, 
31: 15, 0, 3, 0, 0, 0, 0, 0, 0, 15, 0, 0, 0, 0, 0, 15, 0, 0, 15, 0, 0, 19, 0, 0, 13, 0, 0, 0, 0, 15, 0, 27, 0, 0, 0, 0, 15, 15, 15, 0, 0, 15, 15, 0, 0, 15, 0, 0, 0, 0, 0, 0, 0, 15, 0, 0, 0, 0, 15, 0, 0, 0, 15, 0, 0, 0, 0, 0, 0, 0, 0, 15, 15, 0, 15, 0, 0, 0, 16, 15, 0, 15, 0, 0, 0, 15, 15, 15, 0, 0, 0, 0, 0, 0, 0, 0, 16, 0, 17, 0, : 15, 3, 15, 15, 15, 19, 13, 15, 27, 15, 15, 15, 15, 15, 15, 15, 15, 15, 15, 15, 15, 16, 15, 15, 15, 15, 15, 16, 17, 
74: 15, 27, 22, 0, 0, 15, 0, 0, 0, 0, 0, 0, 0, 0, 15, 15, 0, 0, 0, 7, 0, 0, 15, 0, 0, 15, 0, 22, 0, 0, 0, 0, 15, 0, 15, 16, 0, 0, 0, 0, 0, 0, 0, 15, 0, 0, 15, 19, 0, 0, 0, 0, 15, 0, 0, 0, 0, 18, 0, 15, 0, 0, 15, 0, 0, 0, 15, 0, 17, 0, 16, 0, 15, 15, 0, 0, 0, 0, 0, 0, 7, 15, 0, 0, 15, 0, 0, 0, 14, 15, 0, 0, 0, 0, 0, 15, 0, 15, 0, 0, : 15, 27, 22, 15, 15, 15, 7, 15, 15, 22, 15, 15, 16, 15, 15, 19, 15, 18, 15, 15, 15, 17, 16, 15, 15, 7, 15, 15, 14, 15, 15, 15, 
86: 0, 0, 0, 0, 15, 17, 15, 19, 0, 0, 0, 0, 0, 0, 18, 0, 19, 0, 15, 15, 0, 0, 0, 0, 0, 0, 0, 0, 0, 15, 15, 0, 0, 0, 16, 0, 19, 24, 0, 0, 0, 0, 0, 0, 16, 0, 0, 0, 0, 0, 15, 15, 20, 0, 23, 9, 2, 15, 0, 0, 0, 0, 0, 15, 16, 0, 0, 0, 0, 0, 0, 0, 17, 0, 0, 0, 15, 0, 0, 0, 0, 0, 18, 0, 0, 0, 22, 0, 0, 0, 0, 0, 0, 3, 15, 0, 0, 0, 0, 16, : 15, 17, 15, 19, 18, 19, 15, 15, 15, 15, 16, 19, 24, 16, 15, 15, 20, 23, 9, 2, 15, 15, 16, 17, 15, 18, 22, 3, 15, 16, 
49: 0, 0, 0, 0, 0, 6, 0, 0, 0, 0, 0, 27, 0, 0, 0, 0, 0, 0, 15, 0, 10, 15, 0, 15, 0, 0, 15, 0, 15, 0, 0, 0, 0, 0, 15, 0, 0, 0, 15, 15, 0, 0, 0, 15, 15, 15, 24, 0, 0, 0, 0, 15, 0, 0, 15, 16, 0, 0, 0, 0, 0, 0, 0, 0, 0, 5, 0, 0, 15, 0, 0, 0, 0, 15, 0, 0, 0, 4, 0, 0, 0, 0, 0, 16, 0, 7, 0, 0, 0, 0, 0, 18, 15, 16, 0, 0, 0, 0, 0, 0, : 6, 27, 15, 10, 15, 15, 15, 15, 15, 15, 15, 15, 15, 15, 24, 15, 15, 16, 5, 15, 15, 4, 16, 7, 18, 15, 16, 
87: 6, 15, 15, 15, 15, 0, 0, 0, 15, 0, 15, 18, 16, 0, 0, 16, 0, 20, 0, 0, 0, 0, 15, 0, 0, 0, 15, 0, 0, 10, 19, 0, 15, 0, 21, 0, 15, 0, 0, 0, 18, 0, 0, 0, 0, 0, 0, 0, 15, 21, 0, 0, 0, 15, 0, 0, 0, 16, 0, 15, 0, 10, 0, 0, 0, 0, 0, 0, 0, 15, 0, 15, 0, 0, 0, 15, 14, 16, 0, 0, 16, 0, 0, 0, 0, 0, 3, 0, 0, 15, 0, 0, 17, 0, 0, 0, 36, 0, 0, 15, : 6, 15, 15, 15, 15, 15, 15, 18, 16, 16, 20, 15, 15, 10, 19, 15, 21, 15, 18, 15, 21, 15, 16, 15, 10, 15, 15, 15, 14, 16, 16, 3, 15, 17, 36, 15, 
6: 0, 6, 0, 0, 15, 0, 0, 15, 15, 15, 7, 0, 15, 0, 0, 0, 0, 0, 0, 18, 15, 0, 0, 0, 18, 15, 0, 0, 0, 0, 0, 0, 0, 0, 0, 15, 0, 0, 0, 9, 0, 16, 15, 4, 15, 0, 0, 2, 0, 0, 0, 0, 19, 0, 0, 0, 19, 2, 0, 2, 0, 0, 0, 17, 0, 0, 20, 20, 6, 0, 0, 0, 15, 0, 1, 0, 15, 15, 0, 17, 0, 0, 0, 0, 0, 0, 0, 15, 0, 0, 15, 0, 0, 0, 15, 0, 0, 0, 0, 0, : 6, 15, 15, 15, 15, 7, 15, 18, 15, 18, 15, 15, 9, 16, 15, 4, 15, 2, 19, 19, 2, 2, 17, 20, 20, 6, 15, 1, 15, 15, 17, 15, 15, 15, 
20: 0, 0, 0, 15, 17, 17, 15, 15, 0, 0, 15, 0, 15, 15, 0, 15, 0, 0, 0, 0, 15, 0, 0, 0, 22, 21, 6, 15, 0, 15, 0, 0, 0, 15, 0, 0, 0, 0, 15, 0, 15, 7, 15, 15, 0, 15, 15, 0, 17, 0, 15, 17, 0, 0, 15, 0, 0, 18, 0, 16, 0, 0, 0, 0, 0, 27, 15, 0, 0, 0, 15, 0, 0, 0, 0, 0, 0, 15, 0, 0, 0, 15, 0, 0, 15, 0, 0, 0, 0, 0, 0, 0, 0, 0, 15, 0, 0, 0, 3, 15, : 15, 17, 17, 15, 15, 15, 15, 15, 15, 15, 22, 21, 6, 15, 15, 15, 15, 15, 7, 15, 15, 15, 15, 17, 15, 17, 15, 18, 16, 27, 15, 15, 15, 15, 15, 15, 3, 15, 
81: 0, 22, 15, 15, 0, 15, 0, 0, 0, 17, 0, 0, 0, 15, 0, 15, 16, 0, 15, 15, 0, 0, 9, 0, 15, 0, 0, 0, 2, 0, 21, 15, 15, 15, 0, 24, 0, 0, 0, 0, 15, 0, 0, 0, 8, 0, 16, 0, 0, 0, 16, 0, 0, 0, 0, 0, 0, 0, 0, 0, 0, 0, 0, 0, 15, 0, 30, 15, 0, 0, 0, 0, 0, 0, 0, 0, 0, 0, 0, 0, 0, 5, 15, 0, 0, 0, 0, 0, 22, 5, 15, 0, 0, 15, 0, 0, 0, 0, 16, 0, : 22, 15, 15, 15, 17, 15, 15, 16, 15, 15, 9, 15, 2, 21, 15, 15, 15, 24, 15, 8, 16, 16, 15, 30, 15, 5, 15, 22, 5, 15, 15, 16, 
73: 15, 0, 15, 0, 0, 0, 21, 15, 15, 0, 15, 0, 0, 0, 0, 9, 16, 0, 0, 15, 0, 0, 0, 0, 0, 0, 0, 0, 15, 0, 0, 0, 19, 15, 0, 15, 0, 11, 4, 15, 0, 15, 0, 0, 15, 16, 0, 0, 0, 0, 0, 8, 0, 0, 0, 0, 16, 16, 2, 15, 0, 0, 0, 16, 0, 0, 0, 0, 0, 0, 0, 0, 15, 0, 23, 15, 15, 0, 0, 0, 15, 0, 15, 0, 0, 15, 0, 0, 18, 0, 0, 15, 0, 15, 15, 0, 0, 15, 15, 9, : 15, 15, 21, 15, 15, 15, 9, 16, 15, 15, 19, 15, 15, 11, 4, 15, 15, 15, 16, 8, 16, 16, 2, 15, 16, 15, 23, 15, 15, 15, 15, 15, 18, 15, 15, 15, 15, 15, 9, 
26: 15, 0, 0, 0, 0, 15, 0, 1, 4, 0, 15, 6, 0, 0, 0, 0, 0, 0, 0, 0, 0, 4, 0, 0, 0, 0, 0, 17, 15, 0, 0, 0, 15, 0, 0, 0, 2, 0, 0, 16, 0, 15, 0, 0, 0, 0, 7, 0, 15, 0, 0, 0, 0, 0, 0, 16, 0, 0, 15, 0, 0, 0, 0, 0, 0, 0, 4, 15, 0, 15, 15, 0, 0, 15, 15, 15, 0, 15, 0, 0, 0, 0, 0, 15, 0, 15, 0, 0, 16, 0, 15, 0, 0, 20, 0, 15, 0, 15, 0, 15, : 15, 15, 1, 4, 15, 6, 4, 17, 15, 15, 2, 16, 15, 7, 15, 16, 15, 4, 15, 15, 15, 15, 15, 15, 15, 15, 15, 16, 15, 20, 15, 15, 15, 
67: 0, 0, 0, 15, 0, 0, 0, 0, 21, 0, 0, 15, 0, 0, 21, 0, 15, 15, 0, 0, 0, 15, 15, 0, 17, 0, 34, 15, 23, 15, 0, 0, 0, 0, 16, 0, 19, 0, 15, 15, 0, 0, 17, 0, 0, 15, 0, 16, 16, 19, 6, 0, 0, 15, 0, 0, 0, 0, 0, 0, 0, 0, 0, 0, 3, 15, 0, 0, 0, 0, 0, 20, 0, 15, 0, 0, 0, 0, 0, 13, 0, 0, 15, 22, 18, 0, 0, 0, 0, 15, 0, 0, 15, 16, 0, 19, 0, 17, 0, 0, : 15, 21, 15, 21, 15, 15, 15, 15, 17, 34, 15, 23, 15, 16, 19, 15, 15, 17, 15, 16, 16, 19, 6, 15, 3, 15, 20, 15, 13, 15, 22, 18, 15, 15, 16, 19, 17, 
56: 19, 0, 15, 0, 0, 0, 0, 15, 15, 15, 0, 0, 0, 16, 0, 0, 18, 15, 15, 0, 15, 16, 0, 0, 0, 0, 0, 15, 0, 0, 0, 0, 6, 0, 0, 0, 15, 0, 15, 0, 0, 0, 15, 0, 0, 0, 0, 0, 0, 15, 0, 0, 15, 30, 0, 29, 0, 0, 0, 0, 0, 21, 0, 0, 24, 22, 0, 15, 15, 0, 15, 4, 0, 0, 16, 0, 26, 0, 14, 15, 0, 15, 0, 0, 0, 0, 15, 36, 0, 0, 15, 0, 15, 0, 15, 0, 0, 0, 18, 0, : 19, 15, 15, 15, 15, 16, 18, 15, 15, 15, 16, 15, 6, 15, 15, 15, 15, 15, 30, 29, 21, 24, 22, 15, 15, 15, 4, 16, 26, 14, 15, 15, 15, 36, 15, 15, 15, 18, 
36: 0, 0, 0, 18, 17, 0, 0, 0, 0, 0, 0, 0, 0, 6, 0, 0, 15, 0, 15, 15, 15, 0, 16, 15, 0, 0, 15, 0, 0, 0, 0, 15, 0, 0, 0, 0, 0, 20, 0, 0, 0, 0, 0, 0, 0, 5, 0, 0, 7, 0, 15, 0, 15, 10, 17, 0, 0, 15, 15, 0, 15, 0, 15, 0, 0, 0, 0, 15, 0, 0, 0, 0, 0, 15, 15, 0, 0, 0, 15, 0, 15, 0, 15, 15, 15, 15, 0, 0, 0, 20, 8, 0, 16, 0, 0, 6, 0, 0, 0, 15, : 18, 17, 6, 15, 15, 15, 15, 16, 15, 15, 15, 20, 5, 7, 15, 15, 10, 17, 15, 15, 15, 15, 15, 15, 15, 15, 15, 15, 15, 15, 15, 20, 8, 16, 6, 15, 
94: 15, 15, 0, 0, 0, 0, 0, 0, 0, 15, 0, 0, 0, 18, 0, 0, 0, 16, 0, 0, 0, 0, 0, 16, 0, 0, 0, 0, 0, 0, 0, 6, 0, 0, 0, 0, 0, 0, 0, 15, 0, 0, 0, 15, 0, 0, 0, 18, 0, 15, 0, 15, 0, 15, 15, 0, 15, 0, 0, 0, 15, 0, 8, 0, 25, 16, 0, 2, 15, 15, 21, 0, 0, 0, 0, 0, 0, 0, 0, 15, 15, 0, 0, 0, 0, 0, 0, 15, 0, 0, 0, 15, 0, 0, 0, 15, 0, 15, 0, 0, : 15, 15, 15, 18, 16, 16, 6, 15, 15, 18, 15, 15, 15, 15, 15, 15, 8, 25, 16, 2, 15, 15, 21, 15, 15, 15, 15, 15, 15, 
79: 0, 0, 0, 0, 0, 0, 11, 20, 0, 0, 0, 0, 0, 0, 0, 15, 0, 0, 0, 15, 0, 16, 15, 25, 15, 15, 15, 16, 0, 0, 0, 0, 0, 0, 0, 0, 0, 15, 0, 0, 2, 0, 15, 0, 0, 0, 0, 15, 0, 30, 0, 0, 1, 0, 0, 15, 15, 0, 15, 0, 30, 15, 0, 0, 0, 0, 0, 0, 0, 15, 0, 15, 0, 10, 0, 9, 0, 19, 15, 25, 0, 0, 0, 0, 0, 15, 0, 15, 0, 0, 17, 0, 0, 0, 0, 0, 0, 0, 16, 0, : 11, 20, 15, 15, 16, 15, 25, 15, 15, 15, 16, 15, 2, 15, 15, 30, 1, 15, 15, 15, 30, 15, 15, 15, 10, 9, 19, 15, 25, 15, 15, 17, 16, 
53: 0, 15, 0, 0, 0, 15, 22, 0, 0, 0, 0, 19, 9, 15, 23, 0, 0, 0, 0, 0, 15, 0, 15, 0, 0, 0, 0, 0, 0, 0, 15, 22, 0, 19, 0, 0, 0, 0, 0, 0, 0, 0, 0, 16, 15, 0, 0, 15, 0, 0, 0, 0, 15, 0, 15, 15, 18, 0, 0, 0, 0, 24, 15, 0, 0, 0, 0, 0, 0, 22, 0, 0, 0, 0, 15, 0, 0, 0, 0, 0, 17, 16, 0, 17, 17, 0, 15, 0, 0, 0, 0, 15, 0, 0, 15, 0, 15, 6, 0, 15, : 15, 15, 22, 19, 9, 15, 23, 15, 15, 15, 22, 19, 16, 15, 15, 15, 15, 15, 18, 24, 15, 22, 15, 17, 16, 17, 17, 15, 15, 15, 15, 6, 15, 
11: 0, 0, 15, 4, 15, 0, 0, 0, 15, 17, 15, 15, 0, 0, 1, 0, 1, 1, 0, 0, 0, 0, 0, 14, 0, 15, 0, 0, 15, 0, 0, 15, 0, 6, 0, 0, 0, 0, 0, 0, 0, 0, 0, 0, 0, 0, 23, 0, 15, 0, 0, 0, 0, 0, 0, 0, 0, 0, 0, 0, 10, 0, 15, 15, 0, 0, 0, 18, 0, 0, 0, 16, 7, 15, 0, 16, 0, 0, 25, 0, 0, 0, 7, 0, 0, 0, 0, 0, 0, 15, 15, 0, 0, 0, 10, 0, 18, 0, 15, 0, : 15, 4, 15, 15, 17, 15, 15, 1, 1, 1, 14, 15, 15, 15, 6, 23, 15, 10, 15, 15, 18, 16, 7, 15, 16, 25, 7, 15, 15, 10, 18, 15, 
76: 0, 0, 0, 0, 6, 0, 0, 0, 0, 6, 0, 0, 16, 0, 0, 0, 0, 17, 10, 0, 0, 0, 0, 0, 0, 4, 0, 0, 15, 15, 15, 0, 0, 0, 16, 30, 15, 0, 0, 0, 0, 0, 0, 20, 0, 19, 0, 0, 0, 0, 0, 15, 0, 0, 0, 0, 0, 0, 15, 0, 0, 15, 0, 0, 0, 15, 0, 0, 32, 0, 18, 0, 0, 0, 0, 15, 15, 0, 15, 0, 15, 0, 0, 0, 15, 0, 15, 4, 15, 0, 0, 15, 6, 15, 0, 15, 0, 17, 0, 0, : 6, 6, 16, 17, 10, 4, 15, 15, 15, 16, 30, 15, 20, 19, 15, 15, 15, 15, 32, 18, 15, 15, 15, 15, 15, 15, 4, 15, 15, 6, 15, 15, 17, 
54: 0, 0, 0, 18, 0, 0, 0, 0, 0, 0, 18, 0, 29, 15, 0, 0, 0, 16, 0, 0, 15, 15, 0, 15, 0, 15, 0, 0, 0, 0, 15, 0, 15, 15, 1, 0, 0, 0, 0, 0, 35, 17, 8, 0, 0, 0, 0, 15, 0, 0, 15, 0, 0, 0, 0, 0, 15, 0, 23, 17, 0, 0, 17, 16, 17, 0, 0, 0, 0, 18, 0, 15, 16, 0, 0, 0, 0, 0, 0, 0, 0, 19, 0, 15, 0, 18, 15, 0, 15, 15, 0, 16, 16, 0, 0, 15, 0, 0, 0, 0, : 18, 18, 29, 15, 16, 15, 15, 15, 15, 15, 15, 15, 1, 35, 17, 8, 15, 15, 15, 23, 17, 17, 16, 17, 18, 15, 16, 19, 15, 18, 15, 15, 15, 16, 16, 15, 


47: 17, 0, 18, 0, 0, 0, 15, 15, 0, 0, 0, 0, 15, 0, 0, 0, 14, 0, 0, 0, 0, 0, 15, 0, 15, 15, 15, 0, 15, 0, 0, 0, 0, 19, 19, 15, 0, 1, 0, 19, 0, 0, 0, 0, 0, 16, 0, 15, 0, 29, 0, 16, 15, 16, 18, 0, 0, 0, 0, 15, 15, 0, 15, 0, 0, 0, 0, 0, 15, 0, 15, 0, 0, 15, 14, 0, 0, 0, 0, 0, 0, 0, 0, 0, 0, 0, 0, 5, 16, 0, 15, 0, 0, 15, 0, 0, 0, 0, 0, 0, : 17, 18, 15, 15, 15, 14, 15, 15, 15, 15, 15, 19, 19, 15, 1, 19, 16, 15, 29, 16, 15, 16, 18, 15, 15, 15, 15, 15, 15, 14, 5, 16, 15, 15, 
71: 0, 0, 16, 13, 15, 0, 0, 5, 15, 0, 0, 0, 15, 20, 0, 0, 0, 0, 0, 0, 0, 0, 0, 15, 15, 0, 0, 0, 0, 0, 0, 0, 0, 0, 15, 0, 0, 15, 15, 15, 0, 16, 0, 16, 0, 0, 0, 0, 6, 0, 0, 5, 0, 0, 0, 15, 16, 0, 0, 0, 15, 0, 15, 0, 20, 0, 0, 0, 0, 0, 17, 0, 16, 10, 0, 0, 0, 9, 15, 15, 15, 0, 0, 0, 15, 15, 15, 15, 27, 0, 0, 0, 0, 0, 15, 15, 0, 0, 16, 15, : 16, 13, 15, 5, 15, 15, 20, 15, 15, 15, 15, 15, 15, 16, 16, 6, 5, 15, 16, 15, 15, 20, 17, 16, 10, 9, 15, 15, 15, 15, 15, 15, 15, 27, 15, 15, 16, 15, 
34: 0, 15, 15, 15, 0, 26, 15, 15, 15, 0, 17, 0, 0, 15, 0, 0, 15, 0, 0, 0, 0, 15, 15, 0, 0, 15, 0, 21, 0, 0, 0, 9, 0, 15, 0, 15, 0, 0, 15, 0, 15, 15, 0, 0, 0, 0, 21, 16, 15, 0, 0, 0, 0, 0, 0, 0, 15, 0, 0, 0, 0, 0, 8, 25, 0, 0, 0, 0, 0, 0, 0, 0, 16, 15, 0, 10, 0, 0, 0, 15, 0, 0, 0, 0, 0, 0, 15, 0, 0, 28, 15, 0, 9, 0, 19, 0, 20, 0, 0, 0, : 15, 15, 15, 26, 15, 15, 15, 17, 15, 15, 15, 15, 15, 21, 9, 15, 15, 15, 15, 15, 21, 16, 15, 15, 8, 25, 16, 15, 10, 15, 15, 28, 15, 9, 19, 20, 
52: 0, 0, 0, 17, 0, 27, 0, 0, 0, 0, 15, 18, 15, 15, 0, 34, 0, 0, 16, 16, 0, 0, 4, 16, 15, 15, 0, 0, 30, 0, 0, 0, 16, 0, 15, 0, 8, 0, 6, 0, 0, 17, 15, 12, 0, 0, 0, 0, 0, 11, 0, 0, 0, 0, 0, 0, 0, 0, 0, 0, 20, 15, 15, 0, 0, 0, 15, 15, 15, 0, 15, 21, 0, 0, 28, 0, 15, 0, 0, 16, 0, 0, 17, 0, 3, 5, 0, 15, 0, 0, 0, 0, 0, 0, 0, 0, 0, 9, 0, 16, : 17, 27, 15, 18, 15, 15, 34, 16, 16, 4, 16, 15, 15, 30, 16, 15, 8, 6, 17, 15, 12, 11, 20, 15, 15, 15, 15, 15, 15, 21, 28, 15, 16, 17, 3, 5, 15, 9, 16, 
90: 0, 0, 16, 0, 0, 0, 0, 0, 0, 22, 15, 0, 0, 0, 0, 0, 21, 17, 0, 0, 15, 0, 0, 0, 0, 0, 0, 0, 0, 0, 9, 15, 0, 0, 0, 0, 16, 0, 0, 0, 15, 0, 0, 0, 1, 16, 18, 0, 0, 0, 0, 0, 0, 0, 0, 0, 18, 20, 15, 15, 0, 0, 30, 0, 0, 0, 15, 15, 0, 0, 0, 0, 4, 0, 0, 0, 0, 0, 0, 0, 12, 15, 0, 0, 24, 0, 0, 0, 0, 7, 0, 0, 0, 0, 0, 27, 0, 15, 0, 4, : 16, 22, 15, 21, 17, 15, 9, 15, 16, 15, 1, 16, 18, 18, 20, 15, 15, 30, 15, 15, 4, 12, 15, 24, 7, 27, 15, 4, 
35: 0, 0, 15, 0, 0, 0, 0, 0, 0, 0, 20, 15, 17, 19, 0, 0, 0, 15, 0, 0, 15, 0, 0, 0, 0, 0, 15, 0, 0, 15, 15, 0, 0, 4, 15, 0, 16, 15, 15, 0, 0, 0, 4, 16, 15, 0, 0, 15, 0, 0, 0, 0, 0, 19, 0, 0, 0, 0, 0, 0, 0, 0, 0, 0, 0, 18, 0, 0, 16, 0, 0, 0, 0, 0, 0, 0, 9, 15, 15, 0, 0, 0, 16, 16, 0, 34, 0, 0, 23, 15, 7, 0, 0, 0, 0, 0, 15, 0, 14, 0, : 15, 20, 15, 17, 19, 15, 15, 15, 15, 15, 4, 15, 16, 15, 15, 4, 16, 15, 15, 19, 18, 16, 9, 15, 15, 16, 16, 34, 23, 15, 7, 15, 14, 
78: 20, 6, 0, 0, 0, 0, 0, 0, 16, 0, 0, 0, 0, 0, 0, 15, 15, 0, 5, 17, 18, 15, 15, 19, 0, 0, 16, 4, 0, 0, 15, 0, 0, 0, 0, 15, 0, 0, 0, 15, 15, 0, 17, 0, 0, 15, 0, 0, 15, 15, 15, 0, 19, 0, 0, 23, 15, 0, 0, 0, 0, 0, 0, 0, 0, 0, 0, 15, 17, 0, 0, 0, 15, 15, 0, 0, 0, 15, 18, 0, 0, 0, 0, 16, 0, 0, 17, 17, 15, 0, 0, 17, 0, 0, 0, 0, 0, 0, 0, 0, : 20, 6, 16, 15, 15, 5, 17, 18, 15, 15, 19, 16, 4, 15, 15, 15, 15, 17, 15, 15, 15, 15, 19, 23, 15, 15, 17, 15, 15, 15, 18, 16, 17, 17, 15, 17, 
55: 0, 0, 15, 0, 15, 0, 0, 0, 0, 15, 0, 15, 15, 15, 19, 15, 0, 0, 0, 0, 0, 0, 21, 15, 0, 9, 0, 0, 19, 0, 0, 0, 23, 0, 0, 0, 0, 0, 17, 0, 0, 0, 15, 0, 0, 16, 15, 0, 16, 0, 15, 0, 0, 0, 15, 0, 0, 0, 0, 10, 0, 5, 0, 0, 16, 15, 0, 19, 15, 16, 16, 0, 0, 0, 0, 0, 0, 0, 0, 0, 0, 15, 19, 0, 0, 0, 15, 0, 19, 0, 15, 15, 15, 0, 17, 0, 0, 0, 0, 15, : 15, 15, 15, 15, 15, 15, 19, 15, 21, 15, 9, 19, 23, 17, 15, 16, 15, 16, 15, 15, 10, 5, 16, 15, 19, 15, 16, 16, 15, 19, 15, 19, 15, 15, 15, 17, 15, 
80: 0, 0, 0, 0, 0, 0, 0, 0, 15, 0, 0, 0, 8, 0, 6, 0, 0, 0, 0, 0, 0, 0, 0, 0, 23, 0, 0, 0, 0, 0, 0, 0, 0, 16, 0, 16, 15, 0, 0, 0, 0, 15, 0, 0, 0, 0, 0, 15, 0, 0, 15, 0, 0, 0, 0, 0, 15, 0, 15, 15, 5, 15, 17, 0, 0, 0, 0, 0, 0, 0, 0, 15, 0, 15, 15, 0, 0, 15, 0, 5, 0, 0, 15, 15, 0, 15, 1, 0, 0, 0, 18, 15, 0, 15, 16, 0, 0, 0, 17, 0, : 15, 8, 6, 23, 16, 16, 15, 15, 15, 15, 15, 15, 15, 5, 15, 17, 15, 15, 15, 15, 5, 15, 15, 15, 1, 18, 15, 15, 16, 17, 
97: 33, 0, 0, 0, 0, 15, 0, 20, 0, 0, 0, 0, 0, 0, 15, 0, 0, 0, 0, 0, 15, 0, 0, 0, 15, 0, 8, 0, 0, 0, 15, 0, 0, 15, 0, 0, 15, 0, 0, 0, 0, 0, 15, 0, 0, 0, 16, 0, 0, 0, 15, 0, 0, 0, 0, 0, 0, 0, 1, 0, 0, 0, 0, 0, 15, 15, 0, 0, 0, 16, 7, 0, 0, 0, 28, 15, 15, 0, 0, 0, 18, 7, 0, 3, 0, 0, 0, 18, 0, 16, 0, 0, 16, 15, 0, 0, 0, 0, 0, 0, : 33, 15, 20, 15, 15, 15, 8, 15, 15, 15, 15, 16, 15, 1, 15, 15, 16, 7, 28, 15, 15, 18, 7, 3, 18, 16, 16, 15, 
5: 0, 0, 0, 24, 15, 0, 0, 15, 0, 15, 0, 15, 0, 0, 0, 0, 0, 0, 18, 0, 0, 0, 0, 16, 0, 0, 0, 15, 16, 15, 0, 0, 0, 16, 0, 23, 0, 0, 0, 2, 0, 0, 0, 0, 21, 15, 0, 15, 18, 0, 25, 0, 0, 0, 0, 15, 15, 10, 0, 15, 0, 19, 0, 0, 15, 20, 0, 17, 0, 0, 0, 0, 0, 0, 0, 0, 0, 0, 26, 0, 0, 0, 15, 0, 0, 16, 0, 0, 0, 0, 0, 7, 0, 0, 0, 13, 0, 0, 0, 0, : 24, 15, 15, 15, 15, 18, 16, 15, 16, 15, 16, 23, 2, 21, 15, 15, 18, 25, 15, 15, 10, 15, 19, 15, 20, 17, 26, 15, 16, 7, 13, 
37: 0, 15, 0, 0, 0, 0, 0, 0, 0, 15, 0, 2, 0, 0, 0, 0, 0, 30, 15, 20, 0, 16, 0, 0, 0, 15, 0, 0, 20, 17, 21, 0, 0, 0, 0, 16, 15, 15, 0, 0, 27, 7, 15, 0, 0, 0, 0, 16, 0, 15, 0, 0, 5, 0, 7, 8, 0, 0, 15, 0, 0, 15, 0, 0, 27, 0, 26, 0, 0, 29, 0, 0, 15, 15, 0, 0, 0, 0, 0, 0, 0, 15, 0, 0, 0, 0, 22, 0, 0, 0, 0, 0, 0, 0, 0, 15, 0, 15, 0, 0, : 15, 15, 2, 30, 15, 20, 16, 15, 20, 17, 21, 16, 15, 15, 27, 7, 15, 16, 15, 5, 7, 8, 15, 15, 27, 26, 29, 15, 15, 15, 22, 15, 15, 
64: 0, 18, 0, 0, 0, 0, 0, 0, 15, 0, 0, 19, 0, 0, 19, 0, 15, 16, 0, 0, 0, 0, 15, 0, 0, 15, 0, 15, 0, 0, 0, 0, 0, 0, 21, 0, 0, 15, 0, 15, 0, 0, 0, 18, 0, 0, 15, 0, 0, 0, 0, 0, 0, 0, 15, 0, 0, 0, 0, 0, 0, 0, 0, 0, 0, 2, 14, 4, 0, 0, 0, 0, 0, 0, 0, 15, 0, 0, 15, 0, 0, 0, 0, 15, 28, 0, 0, 0, 0, 0, 0, 0, 0, 15, 0, 0, 0, 15, 22, 0, : 18, 15, 19, 19, 15, 16, 15, 15, 15, 21, 15, 15, 18, 15, 15, 2, 14, 4, 15, 15, 15, 28, 15, 15, 22, 
21: 0, 15, 0, 0, 0, 0, 36, 0, 0, 0, 0, 0, 0, 0, 23, 0, 0, 15, 0, 15, 0, 25, 0, 0, 0, 0, 15, 15, 0, 0, 0, 0, 0, 15, 0, 0, 0, 0, 0, 0, 0, 0, 0, 0, 16, 15, 0, 0, 0, 15, 0, 15, 15, 0, 15, 15, 0, 0, 0, 0, 0, 0, 0, 15, 0, 15, 15, 0, 0, 0, 0, 16, 0, 0, 0, 15, 0, 16, 11, 0, 0, 17, 0, 0, 0, 0, 0, 15, 0, 19, 0, 0, 0, 1, 3, 0, 15, 0, 0, 0, : 15, 36, 23, 15, 15, 25, 15, 15, 15, 16, 15, 15, 15, 15, 15, 15, 15, 15, 15, 16, 15, 16, 11, 17, 15, 19, 1, 3, 15, 
83: 0, 0, 0, 0, 0, 15, 4, 15, 3, 2, 0, 0, 0, 0, 0, 13, 20, 7, 0, 17, 0, 0, 0, 1, 2, 0, 0, 0, 0, 16, 0, 16, 15, 0, 0, 0, 0, 0, 0, 0, 21, 15, 19, 0, 0, 0, 0, 0, 15, 15, 0, 15, 0, 0, 15, 0, 0, 0, 15, 0, 15, 15, 0, 0, 0, 0, 0, 0, 15, 16, 15, 15, 0, 0, 0, 0, 0, 15, 0, 16, 0, 0, 15, 0, 0, 0, 15, 15, 0, 0, 0, 0, 15, 15, 0, 15, 0, 0, 16, 0, : 15, 4, 15, 3, 2, 13, 20, 7, 17, 1, 2, 16, 16, 15, 21, 15, 19, 15, 15, 15, 15, 15, 15, 15, 15, 16, 15, 15, 15, 16, 15, 15, 15, 15, 15, 15, 16, 
39: 15, 15, 0, 0, 18, 0, 15, 0, 0, 0, 16, 0, 0, 0, 0, 0, 0, 0, 0, 0, 21, 0, 0, 0, 0, 0, 0, 0, 0, 0, 0, 0, 23, 0, 15, 0, 0, 0, 16, 15, 0, 0, 0, 0, 17, 0, 15, 0, 0, 0, 0, 17, 16, 15, 0, 0, 6, 15, 0, 0, 15, 0, 0, 12, 7, 0, 0, 15, 0, 8, 15, 0, 17, 0, 0, 0, 31, 0, 0, 0, 15, 16, 0, 20, 0, 0, 0, 0, 0, 0, 15, 15, 15, 0, 0, 0, 20, 0, 0, 20, : 15, 15, 18, 15, 16, 21, 23, 15, 16, 15, 17, 15, 17, 16, 15, 6, 15, 15, 12, 7, 15, 8, 15, 17, 31, 15, 16, 20, 15, 15, 15, 20, 20, 
88: 15, 0, 0, 0, 0, 0, 0, 0, 0, 16, 0, 16, 0, 1, 0, 0, 0, 0, 15, 0, 15, 16, 0, 0, 15, 0, 15, 15, 0, 0, 0, 15, 0, 0, 0, 0, 15, 20, 16, 0, 7, 0, 0, 23, 0, 7, 0, 0, 0, 0, 0, 17, 15, 12, 0, 0, 0, 0, 0, 15, 0, 0, 0, 16, 0, 0, 15, 0, 0, 15, 0, 18, 17, 0, 15, 15, 15, 15, 0, 16, 15, 0, 0, 15, 15, 0, 0, 0, 0, 0, 15, 15, 0, 24, 15, 0, 15, 0, 15, 15, : 15, 16, 16, 1, 15, 15, 16, 15, 15, 15, 15, 15, 20, 16, 7, 23, 7, 17, 15, 12, 15, 16, 15, 15, 18, 17, 15, 15, 15, 15, 16, 15, 15, 15, 15, 15, 24, 15, 15, 15, 15, 
72: 0, 0, 0, 15, 16, 0, 0, 0, 21, 0, 17, 0, 0, 15, 18, 0, 0, 0, 16, 0, 0, 0, 0, 18, 0, 0, 0, 0, 0, 15, 25, 30, 5, 0, 0, 0, 0, 0, 0, 19, 0, 0, 0, 0, 15, 0, 0, 8, 0, 0, 0, 0, 15, 15, 0, 24, 0, 24, 24, 15, 0, 0, 0, 16, 0, 0, 0, 0, 0, 0, 0, 0, 0, 0, 0, 15, 15, 0, 0, 0, 25, 0, 3, 0, 0, 0, 0, 0, 0, 15, 0, 0, 15, 0, 0, 0, 0, 31, 0, 15, : 15, 16, 21, 17, 15, 18, 16, 18, 15, 25, 30, 5, 19, 15, 8, 15, 15, 24, 24, 24, 15, 16, 15, 15, 25, 3, 15, 15, 31, 15, 
18: 0, 16, 5, 0, 15, 17, 0, 0, 0, 0, 0, 0, 0, 0, 0, 23, 0, 0, 15, 15, 1, 0, 0, 0, 0, 0, 16, 15, 0, 22, 0, 0, 18, 0, 0, 0, 0, 19, 0, 0, 0, 15, 0, 0, 15, 0, 0, 0, 0, 0, 0, 15, 0, 23, 15, 0, 0, 15, 0, 0, 0, 16, 0, 0, 0, 0, 0, 0, 7, 0, 0, 0, 0, 15, 0, 0, 0, 0, 0, 17, 0, 15, 0, 0, 15, 0, 0, 0, 0, 0, 0, 0, 0, 0, 0, 0, 0, 15, 0, 0, : 16, 5, 15, 17, 23, 15, 15, 1, 16, 15, 22, 18, 19, 15, 15, 15, 23, 15, 15, 16, 7, 15, 17, 15, 15, 15, 
16: 0, 0, 0, 16, 6, 0, 15, 15, 0, 15, 0, 0, 15, 0, 0, 0, 0, 0, 0, 0, 0, 13, 15, 0, 0, 16, 0, 0, 0, 0, 0, 15, 0, 0, 0, 0, 0, 0, 0, 0, 0, 0, 0, 15, 0, 0, 0, 0, 15, 0, 15, 0, 0, 0, 0, 0, 0, 16, 15, 0, 15, 0, 0, 16, 0, 15, 0, 0, 0, 0, 0, 15, 0, 0, 0, 15, 0, 0, 0, 0, 0, 0, 0, 0, 0, 15, 0, 0, 0, 0, 0, 16, 15, 0, 15, 15, 15, 0, 0, 0, : 16, 6, 15, 15, 15, 15, 13, 15, 16, 15, 15, 15, 15, 16, 15, 15, 16, 15, 15, 15, 15, 16, 15, 15, 15, 15, 


