
20
100
100
5

70: 17, 0, 11, 0, 15, 0, 0, 0, 0, 0, 0, 9, 0, 0, 15, 0, 9, 0, 0, 0, : 17, 11, 15, 9, 15, 9, 
24: 0, 0, 20, 0, 16, 0, 0, 0, 0, 0, 0, 15, 0, 0, 0, 0, 0, 0, 15, 0, : 20, 16, 15, 15, 
44: 0, 0, 18, 0, 0, 0, 15, 0, 0, 15, 0, 0, 15, 0, 15, 0, 0, 0, 0, 0, : 18, 15, 15, 15, 15, 
75: 0, 0, 20, 0, 15, 0, 0, 0, 0, 15, 15, 0, 0, 0, 0, 15, 15, 22, 8, 0, : 20, 15, 15, 15, 15, 15, 22, 8, 
16: 0, 0, 16, 3, 0, 0, 0, 0, 28, 0, 0, 15, 0, 15, 0, 0, 0, 30, 0, 0, : 16, 3, 28, 15, 15, 30, 
91: 17, 0, 0, 0, 0, 15, 0, 15, 15, 22, 27, 0, 0, 15, 0, 0, 0, 15, 15, 16, : 17, 15, 15, 15, 22, 27, 15, 15, 15, 16, 
45: 0, 15, 0, 0, 15, 0, 0, 15, 0, 16, 0, 0, 0, 0, 0, 0, 15, 0, 0, 0, : 15, 15, 15, 16, 15, 
74: 16, 28, 0, 15, 0, 0, 18, 23, 0, 0, 28, 0, 27, 0, 0, 0, 0, 0, 0, 0, : 16, 28, 15, 18, 23, 28, 27, 
89: 0, 0, 0, 17, 0, 15, 20, 0, 0, 0, 0, 0, 0, 0, 0, 15, 15, 18, 0, 0, : 17, 15, 20, 15, 15, 18, 
81: 0, 16, 0, 15, 0, 0, 0, 0, 0, 2, 0, 0, 0, 15, 0, 0, 15, 0, 0, 0, : 16, 15, 2, 15, 15, 
11: 0, 0, 0, 0, 0, 0, 0, 0, 0, 0, 13, 0, 0, 15, 15, 0, 0, 0, 32, 2, : 13, 15, 15, 32, 2, 
33: 0, 0, 0, 0, 0, 15, 17, 15, 0, 15, 0, 0, 0, 9, 0, 0, 16, 0, 0, 0, : 15, 17, 15, 15, 9, 16, 
25: 0, 0, 15, 15, 0, 15, 0, 15, 0, 0, 0, 0, 0, 16, 15, 15, 0, 0, 15, 0, : 15, 15, 15, 15, 16, 15, 15, 15, 
19: 0, 17, 0, 0, 0, 0, 15, 0, 0, 15, 0, 0, 20, 0, 15, 0, 0, 0, 0, 15, : 17, 15, 15, 20, 15, 15, 
86: 12, 0, 0, 0, 0, 15, 0, 0, 12, 0, 0, 0, 0, 0, 23, 0, 15, 0, 0, 0, : 12, 15, 12, 23, 15, 
26: 0, 0, 0, 0, 0, 0, 0, 0, 0, 0, 0, 16, 15, 15, 0, 0, 0, 0, 0, 0, : 16, 15, 15, 
46: 15, 24, 0, 0, 8, 19, 15, 0, 0, 0, 17, 15, 15, 0, 0, 0, 0, 0, 0, 15, : 15, 24, 8, 19, 15, 17, 15, 15, 15, 
66: 0, 0, 0, 18, 15, 6, 0, 17, 15, 0, 0, 15, 0, 0, 0, 15, 0, 15, 0, 22, : 18, 15, 6, 17, 15, 15, 15, 15, 22, 
50: 23, 0, 0, 17, 16, 0, 0, 0, 15, 0, 0, 0, 8, 0, 0, 25, 0, 0, 0, 15, : 23, 17, 16, 15, 8, 25, 15, 
3: 0, 0, 0, 0, 0, 0, 0, 0, 15, 0, 0, 15, 0, 0, 2, 15, 0, 0, 15, 15, : 15, 15, 2, 15, 15, 15, 


68: 0, 0, 15, 0, 0, 15, 0, 0, 0, 0, 0, 15, 0, 0, 0, 0, 0, 15, 15, 0, : 15, 15, 15, 15, 15, 
100: 15, 0, 0, 17, 16, 0, 15, 2, 0, 0, 0, 0, 0, 0, 0, 16, 22, 16, 0, 0, : 15, 17, 16, 15, 2, 16, 22, 16, 
82: 0, 15, 17, 0, 16, 0, 0, 0, 0, 0, 16, 15, 0, 0, 15, 0, 0, 15, 0, 0, : 15, 17, 16, 16, 15, 15, 15, 
58: 15, 0, 0, 0, 5, 0, 0, 0, 12, 0, 0, 0, 15, 12, 15, 0, 0, 5, 16, 15, : 15, 5, 12, 15, 12, 15, 5, 16, 15, 
29: 0, 0, 19, 15, 0, 15, 0, 0, 0, 0, 6, 0, 0, 0, 0, 0, 0, 0, 0, 0, : 19, 15, 15, 6, 
10: 15, 0, 15, 0, 0, 0, 0, 0, 0, 15, 0, 0, 0, 29, 15, 0, 15, 0, 0, 0, : 15, 15, 15, 29, 15, 15, 
92: 0, 0, 0, 0, 15, 15, 15, 21, 0, 0, 0, 0, 15, 0, 0, 15, 3, 0, 0, 32, : 15, 15, 15, 21, 15, 15, 3, 32, 
61: 10, 15, 0, 0, 0, 16, 0, 0, 0, 0, 0, 19, 15, 17, 0, 0, 0, 0, 0, 0, : 10, 15, 16, 19, 15, 17, 
57: 15, 15, 0, 0, 0, 0, 0, 0, 20, 0, 0, 0, 17, 0, 9, 16, 0, 18, 21, 19, : 15, 15, 20, 17, 9, 16, 18, 21, 19, 
64: 15, 15, 15, 15, 0, 0, 15, 15, 0, 16, 0, 0, 0, 0, 0, 4, 0, 0, 0, 0, : 15, 15, 15, 15, 15, 15, 16, 4, 
59: 0, 0, 0, 15, 17, 0, 0, 0, 18, 0, 0, 0, 0, 0, 0, 15, 15, 0, 0, 0, : 15, 17, 18, 15, 15, 
28: 0, 0, 0, 0, 0, 0, 15, 15, 15, 15, 18, 0, 0, 21, 0, 0, 15, 0, 0, 0, : 15, 15, 15, 15, 18, 21, 15, 
40: 0, 0, 0, 0, 15, 0, 0, 0, 0, 23, 0, 18, 0, 0, 0, 15, 15, 0, 0, 0, : 15, 23, 18, 15, 15, 
56: 0, 0, 0, 0, 0, 0, 16, 16, 0, 0, 0, 0, 15, 0, 29, 0, 0, 0, 0, 0, : 16, 16, 15, 29, 
17: 0, 0, 0, 3, 0, 0, 0, 0, 0, 15, 15, 15, 15, 0, 0, 0, 15, 0, 10, 0, : 3, 15, 15, 15, 15, 15, 10, 
52: 0, 16, 0, 15, 0, 15, 0, 0, 0, 0, 15, 0, 0, 0, 0, 0, 0, 0, 0, 20, : 16, 15, 15, 15, 20, 
72: 15, 9, 4, 20, 0, 7, 0, 0, 18, 0, 0, 15, 0, 0, 17, 19, 0, 0, 0, 14, : 15, 9, 4, 20, 7, 18, 15, 17, 19, 14, 
97: 0, 15, 0, 0, 0, 17, 15, 0, 17, 0, 15, 0, 8, 0, 0, 0, 0, 0, 21, 0, : 15, 17, 15, 17, 15, 8, 21, 
35: 0, 0, 15, 0, 0, 0, 9, 31, 0, 0, 15, 0, 0, 21, 0, 0, 0, 16, 0, 0, : 15, 9, 31, 15, 21, 16, 
14: 0, 0, 0, 0, 16, 0, 0, 0, 0, 16, 0, 3, 0, 0, 0, 0, 0, 15, 17, 0, : 16, 16, 3, 15, 17, 


96: 16, 15, 21, 18, 0, 7, 16, 0, 15, 0, 15, 0, 15, 15, 0, 0, 15, 0, 0, 0, : 16, 15, 21, 18, 7, 16, 15, 15, 15, 15, 15, 
47: 0, 18, 0, 15, 0, 0, 0, 8, 0, 0, 0, 0, 0, 15, 15, 0, 0, 0, 17, 0, : 18, 15, 8, 15, 15, 17, 
49: 0, 0, 0, 0, 16, 0, 16, 15, 0, 0, 15, 0, 13, 0, 0, 0, 0, 0, 0, 0, : 16, 16, 15, 15, 13, 
93: 0, 18, 0, 0, 0, 0, 0, 0, 0, 0, 0, 16, 26, 0, 0, 11, 15, 20, 0, 15, : 18, 16, 26, 11, 15, 20, 15, 
27: 15, 15, 0, 0, 23, 0, 0, 0, 3, 0, 0, 17, 15, 0, 0, 0, 0, 0, 0, 0, : 15, 15, 23, 3, 17, 15, 
34: 0, 0, 0, 0, 0, 0, 0, 15, 0, 0, 0, 15, 0, 15, 0, 0, 0, 0, 24, 0, : 15, 15, 15, 24, 
39: 3, 0, 0, 6, 0, 0, 0, 15, 0, 0, 0, 0, 0, 0, 15, 15, 0, 0, 0, 0, : 3, 6, 15, 15, 15, 
80: 15, 0, 15, 0, 22, 0, 0, 0, 0, 23, 0, 0, 15, 20, 0, 0, 15, 0, 0, 0, : 15, 15, 22, 23, 15, 20, 15, 
20: 15, 0, 19, 0, 6, 17, 15, 0, 0, 0, 1, 16, 0, 15, 9, 0, 0, 15, 16, 0, : 15, 19, 6, 17, 15, 1, 16, 15, 9, 15, 16, 
63: 0, 15, 14, 0, 0, 15, 0, 0, 0, 0, 15, 0, 0, 0, 16, 15, 0, 19, 0, 15, : 15, 14, 15, 15, 16, 15, 19, 15, 
13: 0, 0, 16, 15, 18, 0, 0, 0, 0, 0, 16, 0, 0, 0, 0, 0, 15, 0, 0, 0, : 16, 15, 18, 16, 15, 
78: 0, 0, 15, 15, 0, 0, 0, 0, 0, 0, 0, 15, 16, 5, 0, 0, 25, 0, 0, 0, : 15, 15, 15, 16, 5, 25, 
98: 0, 0, 0, 16, 0, 15, 16, 17, 0, 15, 0, 21, 0, 0, 0, 19, 15, 0, 0, 14, : 16, 15, 16, 17, 15, 21, 19, 15, 14, 
48: 0, 0, 0, 0, 15, 0, 0, 0, 15, 15, 0, 0, 0, 15, 0, 0, 0, 0, 15, 0, : 15, 15, 15, 15, 15, 
73: 0, 0, 0, 0, 0, 0, 0, 15, 15, 16, 0, 0, 0, 0, 15, 25, 0, 16, 15, 0, : 15, 15, 16, 15, 25, 16, 15, 
2: 0, 4, 0, 0, 0, 15, 0, 0, 0, 15, 0, 0, 0, 0, 0, 0, 0, 0, 0, 0, : 4, 15, 15, 
94: 0, 0, 0, 0, 0, 0, 22, 0, 0, 0, 0, 0, 0, 0, 15, 0, 0, 15, 0, 0, : 22, 15, 15, 
15: 21, 0, 0, 0, 0, 16, 0, 0, 37, 16, 23, 0, 0, 0, 0, 0, 0, 0, 0, 0, : 21, 16, 37, 16, 23, 
42: 15, 0, 0, 15, 0, 15, 15, 15, 0, 0, 0, 0, 0, 0, 15, 0, 0, 0, 0, 21, : 15, 15, 15, 15, 15, 15, 21, 
8: 0, 15, 0, 0, 0, 0, 0, 0, 15, 0, 15, 0, 0, 0, 0, 15, 0, 15, 13, 35, : 15, 15, 15, 15, 15, 13, 35, 


85: 0, 0, 9, 0, 15, 15, 0, 0, 18, 0, 17, 0, 15, 15, 0, 0, 0, 0, 8, 0, : 9, 15, 15, 18, 17, 15, 15, 8, 
83: 16, 19, 15, 17, 0, 15, 0, 0, 0, 15, 0, 16, 0, 15, 0, 0, 0, 0, 15, 0, : 16, 19, 15, 17, 15, 15, 16, 15, 15, 
38: 0, 0, 15, 0, 0, 0, 0, 0, 15, 15, 25, 18, 18, 0, 0, 15, 15, 0, 0, 15, : 15, 15, 15, 25, 18, 18, 15, 15, 15, 
31: 0, 0, 0, 11, 0, 16, 16, 0, 17, 0, 0, 0, 0, 0, 0, 0, 0, 0, 0, 0, : 11, 16, 16, 17, 
12: 0, 15, 0, 0, 15, 16, 15, 15, 0, 0, 0, 0, 16, 0, 0, 15, 0, 0, 0, 0, : 15, 15, 16, 15, 15, 16, 15, 
1: 14, 2, 15, 0, 18, 0, 0, 15, 15, 0, 0, 0, 0, 0, 20, 0, 0, 0, 15, 0, : 14, 2, 15, 18, 15, 15, 20, 15, 
21: 0, 0, 0, 0, 0, 0, 15, 0, 0, 0, 0, 15, 0, 0, 4, 15, 0, 6, 0, 0, : 15, 15, 4, 15, 6, 
79: 0, 0, 0, 0, 18, 0, 6, 15, 18, 15, 15, 0, 0, 0, 0, 0, 15, 15, 0, 15, : 18, 6, 15, 18, 15, 15, 15, 15, 15, 
90: 0, 0, 0, 15, 0, 0, 15, 15, 0, 0, 0, 0, 15, 0, 0, 27, 0, 0, 0, 15, : 15, 15, 15, 15, 27, 15, 
53: 0, 0, 0, 0, 0, 18, 18, 0, 0, 0, 15, 14, 28, 20, 0, 0, 15, 0, 15, 0, : 18, 18, 15, 14, 28, 20, 15, 15, 
84: 0, 0, 0, 0, 19, 15, 0, 0, 2, 0, 0, 22, 0, 0, 15, 0, 16, 0, 0, 0, : 19, 15, 2, 22, 15, 16, 
22: 15, 16, 0, 0, 0, 0, 0, 15, 0, 0, 0, 0, 0, 0, 0, 0, 7, 0, 0, 15, : 15, 16, 15, 7, 15, 
9: 0, 17, 0, 18, 0, 0, 15, 0, 0, 16, 0, 0, 8, 0, 0, 0, 0, 15, 0, 0, : 17, 18, 15, 16, 8, 15, 
60: 0, 0, 0, 0, 15, 0, 0, 0, 0, 19, 12, 0, 0, 0, 0, 0, 0, 15, 0, 19, : 15, 19, 12, 15, 19, 
76: 15, 16, 0, 0, 0, 0, 0, 0, 0, 0, 16, 0, 0, 15, 15, 11, 15, 19, 0, 15, : 15, 16, 16, 15, 15, 11, 15, 19, 15, 
5: 0, 0, 0, 0, 0, 0, 0, 0, 15, 5, 0, 0, 0, 15, 16, 0, 0, 15, 15, 0, : 15, 5, 15, 16, 15, 15, 
51: 25, 0, 15, 0, 0, 0, 0, 0, 0, 0, 0, 15, 0, 15, 0, 0, 0, 0, 15, 0, : 25, 15, 15, 15, 15, 
6: 0, 15, 15, 18, 0, 0, 0, 5, 0, 0, 0, 0, 0, 0, 15, 0, 0, 0, 17, 0, : 15, 15, 18, 5, 15, 17, 
87: 0, 0, 16, 21, 0, 0, 0, 20, 0, 15, 0, 0, 0, 5, 15, 0, 0, 15, 0, 6, : 16, 21, 20, 15, 5, 15, 15, 6, 
23: 15, 0, 0, 0, 0, 5, 0, 0, 0, 0, 0, 0, 0, 0, 0, 17, 17, 0, 0, 0, : 15, 5, 17, 17, 


71: 0, 0, 15, 0, 15, 0, 0, 0, 0, 0, 0, 0, 0, 15, 0, 0, 0, 0, 0, 3, : 15, 15, 15, 3, 
62: 15, 0, 0, 0, 15, 15, 0, 20, 0, 0, 15, 0, 0, 0, 0, 0, 0, 0, 15, 0, : 15, 15, 15, 20, 15, 15, 
18: 0, 15, 0, 0, 0, 0, 0, 0, 0, 0, 0, 0, 0, 0, 0, 0, 0, 16, 15, 0, : 15, 16, 15, 
30: 0, 15, 6, 15, 15, 0, 15, 15, 16, 0, 0, 0, 0, 0, 15, 22, 15, 15, 15, 0, : 15, 6, 15, 15, 15, 15, 16, 15, 22, 15, 15, 15, 
99: 0, 14, 15, 0, 0, 17, 0, 0, 0, 0, 10, 15, 22, 15, 0, 0, 0, 0, 15, 15, : 14, 15, 17, 10, 15, 22, 15, 15, 15, 
54: 15, 0, 0, 0, 0, 0, 0, 0, 0, 0, 0, 0, 19, 0, 0, 0, 0, 15, 10, 16, : 15, 19, 15, 10, 16, 
7: 0, 0, 0, 0, 0, 22, 19, 0, 6, 15, 0, 16, 15, 0, 0, 0, 15, 0, 0, 0, : 22, 19, 6, 15, 16, 15, 15, 
32: 0, 0, 30, 7, 0, 18, 17, 0, 0, 0, 0, 20, 0, 0, 15, 0, 15, 0, 0, 0, : 30, 7, 18, 17, 20, 15, 15, 
37: 0, 0, 0, 0, 0, 0, 0, 0, 22, 18, 15, 0, 0, 16, 0, 0, 0, 0, 0, 0, : 22, 18, 15, 16, 
41: 0, 0, 0, 0, 15, 0, 0, 15, 0, 5, 15, 0, 0, 15, 15, 0, 0, 19, 0, 15, : 15, 15, 5, 15, 15, 15, 19, 15, 
4: 15, 0, 0, 32, 15, 0, 0, 27, 0, 0, 0, 0, 15, 0, 16, 24, 0, 23, 0, 0, : 15, 32, 15, 27, 15, 16, 24, 23, 
43: 0, 0, 0, 16, 15, 0, 0, 0, 0, 0, 0, 16, 0, 0, 19, 18, 0, 0, 0, 0, : 16, 15, 16, 19, 18, 
88: 15, 20, 0, 0, 0, 0, 16, 0, 0, 0, 0, 15, 0, 18, 0, 15, 0, 0, 0, 15, : 15, 20, 16, 15, 18, 15, 15, 
67: 0, 0, 0, 15, 0, 0, 15, 0, 0, 0, 0, 0, 0, 0, 0, 21, 0, 0, 0, 0, : 15, 15, 21, 
36: 0, 0, 17, 0, 0, 21, 0, 0, 0, 15, 0, 0, 0, 0, 0, 0, 18, 0, 0, 0, : 17, 21, 15, 18, 
69: 10, 0, 17, 0, 0, 7, 18, 0, 0, 0, 0, 0, 15, 0, 0, 0, 0, 0, 15, 21, : 10, 17, 7, 18, 15, 15, 21, 
77: 0, 0, 0, 0, 0, 0, 0, 0, 24, 0, 15, 15, 0, 16, 16, 0, 0, 0, 15, 0, : 24, 15, 15, 16, 16, 15, 
55: 15, 15, 0, 15, 0, 0, 0, 8, 17, 17, 0, 0, 0, 5, 0, 0, 0, 0, 0, 0, : 15, 15, 15, 8, 17, 17, 5, 
65: 15, 0, 0, 0, 10, 0, 0, 0, 0, 15, 15, 3, 14, 0, 0, 0, 15, 0, 0, 15, : 15, 10, 15, 15, 3, 14, 15, 15, 
95: 0, 21, 0, 0, 0, 0, 0, 15, 15, 15, 15, 0, 0, 0, 4, 0, 22, 12, 0, 0, : 21, 15, 15, 15, 15, 4, 22, 12, 


