
20
100
100
5

98: 0, 12, 15, 0, 0, 0, 0, 17, 0, 0, 19, 0, 16, 0, 0, 0, 0, 9, 0, 18, : 12, 15, 17, 19, 16, 9, 18, 
84: 0, 0, 19, 0, 0, 15, 15, 0, 15, 0, 0, 1, 0, 15, 18, 15, 15, 15, 0, 0, : 19, 15, 15, 15, 1, 15, 18, 15, 15, 15, 
66: 0, 0, 0, 0, 15, 0, 15, 0, 16, 0, 0, 21, 0, 16, 0, 15, 0, 0, 15, 0, : 15, 15, 16, 21, 16, 15, 15, 
12: 0, 17, 0, 0, 0, 0, 0, 0, 0, 0, 0, 0, 0, 21, 15, 0, 0, 0, 0, 7, : 17, 21, 15, 7, 
29: 0, 0, 0, 0, 0, 0, 0, 0, 0, 0, 15, 0, 0, 0, 0, 0, 0, 15, 0, 0, : 15, 15, 
21: 3, 0, 0, 15, 0, 0, 0, 17, 17, 0, 0, 18, 0, 0, 0, 0, 0, 0, 0, 15, : 3, 15, 17, 17, 18, 15, 
16: 0, 0, 0, 15, 15, 0, 5, 0, 0, 0, 15, 15, 0, 0, 0, 0, 21, 16, 0, 0, : 15, 15, 5, 15, 15, 21, 16, 
46: 0, 0, 0, 15, 0, 0, 16, 0, 0, 15, 16, 0, 15, 0, 16, 0, 0, 0, 15, 15, : 15, 16, 15, 16, 15, 16, 15, 15, 
100: 0, 0, 15, 0, 0, 29, 15, 0, 0, 8, 0, 0, 0, 0, 0, 18, 15, 0, 0, 0, : 15, 29, 15, 8, 18, 15, 
78: 0, 15, 17, 0, 15, 0, 0, 0, 5, 0, 0, 0, 17, 0, 6, 0, 3, 0, 16, 15, : 15, 17, 15, 5, 17, 6, 3, 16, 15, 
39: 0, 0, 0, 22, 15, 0, 18, 15, 17, 0, 0, 15, 0, 0, 0, 15, 0, 15, 15, 15, : 22, 15, 18, 15, 17, 15, 15, 15, 15, 15, 
19: 0, 0, 0, 0, 20, 0, 0, 0, 0, 15, 0, 0, 0, 27, 15, 0, 0, 0, 0, 0, : 20, 15, 27, 15, 
72: 0, 16, 15, 16, 0, 26, 0, 16, 0, 0, 0, 0, 16, 15, 0, 0, 0, 0, 15, 0, : 16, 15, 16, 26, 16, 16, 15, 15, 
70: 0, 0, 0, 0, 0, 15, 0, 15, 0, 17, 0, 0, 0, 0, 15, 0, 0, 0, 0, 15, : 15, 15, 17, 15, 15, 
31: 15, 0, 19, 0, 0, 0, 0, 0, 0, 0, 16, 0, 0, 0, 0, 0, 15, 0, 9, 0, : 15, 19, 16, 15, 9, 
13: 33, 25, 0, 0, 0, 0, 0, 0, 0, 0, 0, 0, 0, 0, 0, 0, 0, 0, 0, 0, : 33, 25, 
93: 0, 0, 0, 0, 0, 0, 0, 0, 0, 15, 0, 15, 5, 6, 0, 22, 16, 15, 15, 0, : 15, 15, 5, 6, 22, 16, 15, 15, 
6: 15, 0, 0, 0, 20, 0, 16, 0, 15, 15, 15, 0, 15, 0, 0, 0, 0, 0, 0, 0, : 15, 20, 16, 15, 15, 15, 15, 
56: 19, 15, 0, 17, 0, 15, 0, 0, 0, 0, 0, 0, 16, 0, 15, 0, 15, 0, 0, 0, : 19, 15, 17, 15, 16, 15, 15, 
48: 15, 0, 0, 0, 0, 0, 0, 20, 15, 15, 4, 15, 0, 0, 0, 15, 0, 15, 0, 0, : 15, 20, 15, 15, 4, 15, 15, 15, 


58: 0, 0, 30, 0, 0, 0, 2, 0, 0, 15, 0, 0, 0, 0, 0, 0, 16, 0, 0, 0, : 30, 2, 15, 16, 
91: 0, 15, 0, 0, 0, 15, 15, 31, 0, 0, 15, 16, 16, 0, 7, 0, 0, 0, 0, 15, : 15, 15, 15, 31, 15, 16, 16, 7, 15, 
28: 0, 0, 0, 0, 0, 4, 0, 0, 0, 0, 0, 0, 0, 0, 0, 0, 22, 15, 15, 15, : 4, 22, 15, 15, 15, 
71: 0, 0, 0, 17, 15, 0, 0, 0, 0, 18, 9, 15, 8, 0, 0, 0, 0, 0, 15, 15, : 17, 15, 18, 9, 15, 8, 15, 15, 
87: 22, 0, 0, 15, 0, 0, 0, 0, 0, 15, 0, 0, 16, 15, 17, 4, 0, 0, 22, 0, : 22, 15, 15, 16, 15, 17, 4, 22, 
88: 0, 0, 0, 15, 0, 15, 15, 0, 15, 0, 0, 0, 15, 0, 15, 0, 0, 15, 0, 0, : 15, 15, 15, 15, 15, 15, 15, 
22: 0, 0, 0, 0, 0, 0, 0, 0, 0, 0, 0, 0, 0, 0, 15, 16, 0, 15, 16, 15, : 15, 16, 15, 16, 15, 
43: 0, 15, 0, 15, 16, 15, 15, 16, 0, 0, 25, 0, 0, 0, 0, 0, 0, 0, 0, 0, : 15, 15, 16, 15, 15, 16, 25, 
26: 0, 0, 0, 0, 0, 0, 0, 0, 0, 19, 0, 0, 15, 17, 0, 15, 0, 15, 0, 0, : 19, 15, 17, 15, 15, 
24: 15, 0, 0, 0, 16, 0, 0, 5, 0, 3, 15, 16, 0, 0, 15, 0, 0, 0, 15, 0, : 15, 16, 5, 3, 15, 16, 15, 15, 
4: 15, 0, 0, 0, 8, 20, 0, 0, 0, 15, 0, 0, 0, 15, 15, 0, 15, 0, 0, 0, : 15, 8, 20, 15, 15, 15, 15, 
69: 0, 8, 15, 0, 15, 0, 0, 0, 22, 0, 0, 16, 0, 20, 16, 0, 15, 0, 0, 0, : 8, 15, 15, 22, 16, 20, 16, 15, 
96: 0, 0, 0, 0, 0, 0, 0, 0, 15, 0, 0, 15, 15, 15, 0, 0, 0, 15, 0, 0, : 15, 15, 15, 15, 15, 
35: 0, 15, 18, 0, 15, 0, 0, 0, 16, 0, 0, 2, 15, 15, 0, 20, 15, 1, 0, 0, : 15, 18, 15, 16, 2, 15, 15, 20, 15, 1, 
50: 0, 0, 15, 0, 0, 0, 23, 16, 0, 0, 21, 20, 0, 0, 0, 15, 0, 0, 0, 0, : 15, 23, 16, 21, 20, 15, 
63: 0, 17, 0, 0, 0, 0, 15, 0, 0, 0, 0, 0, 0, 0, 0, 0, 15, 0, 15, 0, : 17, 15, 15, 15, 
20: 16, 15, 0, 18, 15, 0, 15, 0, 15, 0, 0, 0, 0, 3, 0, 0, 0, 24, 0, 0, : 16, 15, 18, 15, 15, 15, 3, 24, 
25: 14, 15, 0, 20, 0, 16, 0, 0, 0, 0, 0, 0, 0, 0, 0, 15, 0, 0, 2, 15, : 14, 15, 20, 16, 15, 2, 15, 
47: 18, 0, 22, 0, 0, 0, 0, 16, 0, 0, 0, 0, 0, 0, 0, 15, 2, 0, 0, 17, : 18, 22, 16, 15, 2, 17, 
32: 0, 0, 0, 0, 0, 15, 0, 16, 17, 15, 15, 0, 0, 0, 0, 0, 0, 0, 0, 8, : 15, 16, 17, 15, 15, 8, 


77: 15, 2, 20, 0, 0, 0, 0, 2, 0, 0, 0, 0, 20, 5, 0, 15, 0, 15, 0, 0, : 15, 2, 20, 2, 20, 5, 15, 15, 
80: 0, 0, 1, 0, 18, 15, 16, 15, 0, 0, 0, 0, 0, 0, 0, 0, 4, 0, 2, 14, : 1, 18, 15, 16, 15, 4, 2, 14, 
8: 0, 15, 0, 16, 0, 0, 0, 0, 0, 17, 10, 0, 0, 0, 0, 0, 0, 15, 0, 0, : 15, 16, 17, 10, 15, 
44: 0, 0, 15, 16, 15, 15, 0, 0, 35, 0, 0, 0, 20, 0, 15, 0, 0, 15, 0, 15, : 15, 16, 15, 15, 35, 20, 15, 15, 15, 
33: 18, 25, 0, 0, 0, 0, 0, 0, 0, 15, 15, 0, 18, 0, 0, 0, 0, 0, 0, 0, : 18, 25, 15, 15, 18, 
55: 0, 0, 0, 0, 16, 10, 0, 18, 0, 0, 0, 15, 0, 15, 18, 0, 15, 0, 0, 15, : 16, 10, 18, 15, 15, 18, 15, 15, 
7: 0, 0, 0, 0, 0, 0, 15, 15, 0, 0, 0, 0, 15, 0, 0, 0, 15, 0, 15, 0, : 15, 15, 15, 15, 15, 
74: 0, 0, 15, 17, 15, 0, 13, 0, 19, 0, 0, 16, 0, 0, 0, 0, 0, 0, 0, 0, : 15, 17, 15, 13, 19, 16, 
75: 0, 0, 0, 0, 0, 15, 0, 0, 15, 0, 0, 22, 0, 16, 0, 0, 15, 0, 0, 0, : 15, 15, 22, 16, 15, 
11: 15, 15, 0, 0, 15, 15, 15, 15, 1, 0, 18, 16, 0, 0, 0, 12, 20, 15, 0, 0, : 15, 15, 15, 15, 15, 15, 1, 18, 16, 12, 20, 15, 
30: 0, 0, 19, 0, 0, 0, 0, 0, 0, 15, 0, 0, 0, 17, 15, 0, 0, 0, 0, 0, : 19, 15, 17, 15, 
15: 15, 0, 0, 17, 0, 0, 0, 0, 0, 0, 0, 0, 0, 0, 15, 27, 16, 15, 0, 0, : 15, 17, 15, 27, 16, 15, 
23: 15, 0, 0, 0, 0, 15, 0, 0, 0, 17, 0, 14, 15, 0, 15, 15, 0, 10, 17, 15, : 15, 15, 17, 14, 15, 15, 15, 10, 17, 15, 
51: 0, 0, 0, 0, 0, 0, 26, 0, 0, 5, 0, 17, 0, 0, 0, 0, 0, 0, 15, 0, : 26, 5, 17, 15, 
59: 0, 27, 15, 0, 0, 15, 15, 20, 15, 0, 0, 0, 12, 16, 0, 0, 0, 0, 0, 0, : 27, 15, 15, 15, 20, 15, 12, 16, 
5: 0, 0, 15, 0, 0, 0, 0, 0, 0, 0, 15, 0, 0, 0, 0, 0, 0, 0, 0, 0, : 15, 15, 
57: 4, 0, 0, 3, 0, 0, 0, 0, 0, 15, 0, 0, 0, 15, 0, 15, 0, 0, 0, 26, : 4, 3, 15, 15, 15, 26, 
90: 18, 0, 0, 0, 21, 0, 0, 0, 15, 16, 20, 0, 0, 0, 7, 0, 0, 0, 16, 0, : 18, 21, 15, 16, 20, 7, 16, 
18: 0, 0, 0, 15, 0, 0, 0, 15, 0, 0, 22, 0, 0, 16, 15, 0, 15, 0, 18, 15, : 15, 15, 22, 16, 15, 15, 18, 15, 
61: 0, 16, 0, 16, 0, 0, 0, 0, 0, 0, 0, 0, 0, 0, 0, 16, 0, 15, 17, 0, : 16, 16, 16, 15, 17, 


36: 13, 5, 0, 0, 18, 0, 15, 17, 0, 0, 16, 15, 15, 0, 0, 15, 0, 0, 0, 0, : 13, 5, 18, 15, 17, 16, 15, 15, 15, 
37: 0, 0, 0, 0, 15, 0, 15, 0, 16, 0, 17, 0, 0, 3, 15, 0, 15, 0, 17, 15, : 15, 15, 16, 17, 3, 15, 15, 17, 15, 
41: 0, 0, 15, 0, 0, 21, 0, 0, 0, 0, 15, 18, 16, 15, 0, 7, 0, 0, 0, 0, : 15, 21, 15, 18, 16, 15, 7, 
10: 15, 0, 0, 0, 0, 0, 0, 15, 0, 16, 15, 0, 0, 15, 0, 32, 15, 0, 0, 8, : 15, 15, 16, 15, 15, 32, 15, 8, 
40: 0, 0, 20, 0, 12, 15, 0, 0, 0, 0, 0, 0, 0, 16, 15, 0, 0, 15, 0, 0, : 20, 12, 15, 16, 15, 15, 
27: 0, 28, 0, 15, 0, 0, 0, 0, 0, 0, 0, 7, 0, 0, 0, 0, 15, 15, 0, 0, : 28, 15, 7, 15, 15, 
85: 0, 0, 16, 15, 0, 0, 0, 0, 0, 0, 0, 0, 0, 0, 0, 0, 0, 15, 0, 0, : 16, 15, 15, 
65: 0, 0, 0, 15, 0, 0, 0, 0, 15, 8, 0, 0, 15, 0, 0, 16, 0, 0, 16, 15, : 15, 15, 8, 15, 16, 16, 15, 
89: 20, 0, 0, 15, 15, 0, 0, 0, 15, 0, 0, 0, 0, 0, 9, 0, 0, 25, 0, 0, : 20, 15, 15, 15, 9, 25, 
2: 0, 0, 15, 0, 0, 0, 0, 0, 0, 30, 0, 0, 0, 0, 0, 0, 0, 0, 0, 15, : 15, 30, 15, 
42: 0, 0, 0, 0, 0, 0, 0, 0, 15, 0, 0, 15, 0, 15, 16, 0, 0, 0, 15, 15, : 15, 15, 15, 16, 15, 15, 
83: 16, 0, 0, 0, 0, 20, 0, 15, 0, 0, 0, 0, 0, 0, 0, 15, 0, 0, 15, 0, : 16, 20, 15, 15, 15, 
49: 0, 0, 0, 15, 0, 0, 15, 15, 0, 0, 0, 0, 0, 0, 0, 15, 16, 0, 7, 15, : 15, 15, 15, 15, 16, 7, 15, 
1: 0, 22, 0, 0, 0, 0, 0, 15, 15, 0, 0, 15, 17, 0, 15, 0, 7, 0, 15, 0, : 22, 15, 15, 15, 17, 15, 7, 15, 
53: 0, 0, 15, 0, 0, 11, 15, 15, 0, 15, 22, 0, 0, 0, 0, 0, 0, 15, 0, 0, : 15, 11, 15, 15, 15, 22, 15, 
54: 0, 0, 4, 10, 0, 0, 20, 0, 15, 0, 0, 0, 15, 21, 0, 0, 15, 0, 0, 0, : 4, 10, 20, 15, 15, 21, 15, 
52: 0, 15, 0, 0, 20, 0, 20, 0, 0, 15, 0, 0, 0, 0, 0, 0, 0, 15, 0, 0, : 15, 20, 20, 15, 15, 
62: 0, 15, 0, 0, 20, 18, 0, 0, 0, 0, 0, 15, 7, 0, 0, 0, 0, 0, 0, 0, : 15, 20, 18, 15, 7, 
97: 21, 15, 15, 0, 0, 0, 0, 0, 9, 0, 15, 15, 0, 0, 15, 0, 0, 0, 0, 17, : 21, 15, 15, 9, 15, 15, 15, 17, 
67: 15, 0, 0, 15, 0, 15, 0, 8, 0, 16, 0, 0, 15, 15, 15, 0, 17, 0, 15, 0, : 15, 15, 15, 8, 16, 15, 15, 15, 17, 15, 


45: 0, 0, 22, 0, 0, 0, 15, 0, 0, 0, 0, 0, 15, 0, 0, 0, 0, 0, 0, 0, : 22, 15, 15, 
68: 15, 0, 0, 17, 19, 11, 0, 0, 15, 0, 13, 0, 0, 0, 0, 0, 17, 0, 28, 0, : 15, 17, 19, 11, 15, 13, 17, 28, 
73: 0, 16, 0, 0, 0, 0, 15, 0, 0, 0, 0, 0, 0, 19, 0, 0, 20, 0, 0, 0, : 16, 15, 19, 20, 
64: 0, 0, 0, 0, 0, 15, 0, 16, 0, 0, 0, 0, 0, 0, 0, 0, 0, 15, 0, 0, : 15, 16, 15, 
95: 0, 16, 15, 0, 24, 0, 15, 21, 0, 0, 0, 0, 0, 18, 0, 0, 0, 15, 0, 19, : 16, 15, 24, 15, 21, 18, 15, 19, 
60: 0, 0, 3, 0, 0, 0, 0, 22, 0, 0, 0, 15, 15, 0, 19, 11, 16, 0, 0, 0, : 3, 22, 15, 15, 19, 11, 16, 
34: 0, 0, 0, 15, 16, 0, 0, 0, 16, 0, 22, 0, 21, 0, 16, 15, 0, 0, 12, 0, : 15, 16, 16, 22, 21, 16, 15, 12, 
14: 15, 16, 0, 0, 0, 0, 0, 0, 0, 0, 0, 15, 0, 0, 0, 0, 0, 15, 0, 0, : 15, 16, 15, 15, 
76: 0, 0, 0, 19, 0, 0, 0, 0, 3, 15, 0, 0, 0, 0, 15, 21, 0, 15, 15, 0, : 19, 3, 15, 15, 21, 15, 15, 
99: 0, 0, 15, 0, 0, 0, 15, 15, 0, 16, 0, 16, 0, 15, 0, 0, 0, 0, 0, 0, : 15, 15, 15, 16, 16, 15, 
92: 0, 0, 0, 3, 0, 16, 0, 0, 0, 15, 31, 0, 0, 15, 0, 0, 38, 0, 0, 0, : 3, 16, 15, 31, 15, 38, 
3: 0, 0, 0, 15, 0, 16, 0, 0, 0, 31, 0, 0, 0, 2, 0, 15, 0, 0, 15, 0, : 15, 16, 31, 2, 15, 15, 
79: 0, 0, 0, 0, 0, 27, 0, 0, 15, 0, 0, 0, 15, 16, 0, 0, 9, 0, 0, 15, : 27, 15, 15, 16, 9, 15, 
82: 25, 19, 15, 0, 0, 0, 0, 0, 0, 0, 0, 0, 0, 0, 20, 0, 0, 0, 0, 18, : 25, 19, 15, 20, 18, 
38: 0, 0, 0, 0, 15, 0, 0, 15, 15, 15, 0, 15, 19, 0, 0, 0, 0, 3, 0, 17, : 15, 15, 15, 15, 15, 19, 3, 17, 
17: 17, 0, 0, 0, 0, 0, 10, 0, 0, 0, 0, 15, 15, 0, 9, 20, 0, 22, 0, 16, : 17, 10, 15, 15, 9, 20, 22, 16, 
94: 0, 0, 15, 0, 0, 0, 15, 0, 0, 8, 15, 0, 0, 0, 0, 0, 0, 0, 15, 0, : 15, 15, 8, 15, 15, 
86: 19, 18, 0, 16, 0, 0, 0, 0, 21, 0, 0, 16, 0, 0, 0, 18, 0, 0, 15, 0, : 19, 18, 16, 21, 16, 18, 15, 
9: 0, 0, 15, 15, 0, 0, 0, 0, 0, 0, 0, 0, 0, 15, 0, 0, 0, 0, 0, 15, : 15, 15, 15, 15, 
81: 9, 15, 0, 0, 26, 15, 15, 11, 15, 0, 19, 8, 0, 0, 21, 0, 0, 15, 0, 0, : 9, 15, 26, 15, 15, 11, 15, 19, 8, 21, 15, 


