
40
40
100
2

31: 0, 0, 0, 0, 18, 0, 0, 17, 0, 0, 0, 0, 0, 17, 0, 0, 15, 17, 15, 15, 0, 0, 0, 0, 0, 0, 0, 15, 22, 0, 0, 0, 15, 0, 0, 0, 15, 0, 0, 15, : 18, 17, 17, 15, 17, 15, 15, 15, 22, 15, 15, 15, 
3: 0, 0, 0, 15, 15, 0, 0, 0, 0, 0, 0, 0, 0, 0, 2, 0, 0, 0, 0, 0, 0, 0, 23, 15, 19, 0, 0, 0, 0, 7, 0, 0, 15, 37, 0, 14, 0, 15, 15, 17, : 15, 15, 2, 23, 15, 19, 7, 15, 37, 14, 15, 15, 17, 
19: 15, 15, 0, 0, 0, 0, 15, 0, 16, 0, 5, 14, 15, 15, 0, 33, 0, 15, 0, 0, 15, 0, 15, 0, 17, 15, 0, 0, 15, 16, 0, 0, 0, 0, 15, 0, 15, 0, 0, 0, : 15, 15, 15, 16, 5, 14, 15, 15, 33, 15, 15, 15, 17, 15, 15, 16, 15, 15, 
9: 15, 19, 0, 15, 6, 0, 0, 15, 0, 0, 18, 0, 2, 0, 0, 0, 15, 15, 0, 0, 0, 0, 0, 15, 0, 15, 0, 16, 0, 0, 0, 0, 0, 16, 15, 0, 0, 0, 15, 0, : 15, 19, 15, 6, 15, 18, 2, 15, 15, 15, 15, 16, 16, 15, 15, 
37: 15, 0, 15, 0, 0, 0, 0, 0, 19, 0, 0, 16, 0, 0, 0, 0, 0, 0, 0, 0, 0, 33, 0, 0, 0, 0, 0, 0, 0, 0, 0, 15, 15, 0, 0, 0, 0, 15, 0, 17, : 15, 15, 19, 16, 33, 15, 15, 15, 17, 
36: 0, 15, 21, 0, 0, 16, 0, 18, 20, 0, 0, 0, 0, 15, 0, 0, 0, 0, 0, 17, 20, 15, 0, 17, 0, 0, 0, 0, 0, 0, 0, 0, 0, 15, 15, 0, 5, 15, 0, 0, : 15, 21, 16, 18, 20, 15, 17, 20, 15, 17, 15, 15, 5, 15, 
5: 0, 23, 15, 15, 0, 0, 0, 0, 0, 0, 0, 0, 0, 0, 0, 15, 0, 0, 0, 0, 15, 15, 0, 0, 2, 0, 10, 0, 15, 15, 0, 0, 0, 15, 0, 0, 0, 0, 15, 0, : 23, 15, 15, 15, 15, 15, 2, 10, 15, 15, 15, 15, 
8: 0, 0, 4, 0, 15, 7, 15, 0, 0, 0, 32, 0, 0, 15, 15, 15, 0, 0, 16, 0, 0, 0, 17, 15, 0, 0, 0, 0, 0, 0, 23, 16, 0, 0, 22, 15, 0, 0, 0, 0, : 4, 15, 7, 15, 32, 15, 15, 15, 16, 17, 15, 23, 16, 22, 15, 
13: 10, 0, 0, 0, 0, 0, 15, 0, 0, 0, 15, 0, 16, 0, 0, 15, 0, 18, 27, 15, 0, 0, 0, 0, 0, 15, 0, 39, 0, 0, 19, 15, 0, 0, 0, 0, 0, 16, 9, 0, : 10, 15, 15, 16, 15, 18, 27, 15, 15, 39, 19, 15, 16, 9, 
27: 0, 0, 0, 10, 16, 16, 0, 15, 0, 3, 15, 18, 0, 0, 21, 0, 0, 0, 0, 0, 0, 0, 15, 0, 0, 15, 0, 0, 15, 0, 17, 0, 16, 0, 15, 15, 0, 15, 0, 0, : 10, 16, 16, 15, 3, 15, 18, 21, 15, 15, 15, 17, 16, 15, 15, 15, 
28: 0, 0, 0, 0, 0, 0, 19, 5, 0, 16, 15, 0, 0, 15, 15, 15, 0, 0, 0, 0, 0, 0, 26, 0, 0, 0, 0, 0, 0, 0, 15, 0, 0, 0, 0, 0, 20, 0, 0, 15, : 19, 5, 16, 15, 15, 15, 15, 26, 15, 20, 15, 
4: 0, 0, 0, 0, 0, 0, 0, 15, 15, 15, 0, 0, 15, 0, 0, 0, 0, 0, 0, 7, 2, 0, 0, 15, 15, 0, 0, 15, 0, 0, 0, 0, 0, 2, 0, 0, 0, 16, 0, 0, : 15, 15, 15, 15, 7, 2, 15, 15, 15, 2, 16, 
10: 0, 13, 0, 15, 0, 0, 15, 0, 0, 0, 0, 25, 15, 0, 15, 0, 0, 0, 0, 0, 15, 15, 0, 0, 15, 0, 16, 0, 0, 0, 0, 8, 0, 0, 15, 15, 0, 8, 0, 5, : 13, 15, 15, 25, 15, 15, 15, 15, 15, 16, 8, 15, 15, 8, 5, 
26: 15, 0, 15, 15, 0, 0, 0, 0, 0, 0, 0, 27, 0, 0, 0, 0, 17, 15, 0, 15, 0, 20, 0, 8, 17, 0, 15, 0, 0, 15, 0, 0, 0, 0, 0, 24, 0, 0, 0, 0, : 15, 15, 15, 27, 17, 15, 15, 20, 8, 17, 15, 15, 24, 
20: 15, 0, 0, 0, 0, 0, 0, 0, 9, 15, 0, 0, 0, 0, 0, 0, 15, 0, 0, 15, 0, 0, 0, 0, 0, 15, 0, 0, 17, 0, 10, 0, 16, 0, 0, 0, 0, 0, 16, 0, : 15, 9, 15, 15, 15, 15, 17, 10, 16, 16, 
11: 0, 0, 0, 15, 0, 0, 0, 0, 21, 15, 0, 0, 0, 8, 17, 0, 15, 16, 12, 16, 18, 0, 0, 0, 0, 0, 21, 0, 1, 16, 16, 0, 0, 0, 0, 0, 15, 0, 0, 0, : 15, 21, 15, 8, 17, 15, 16, 12, 16, 18, 21, 1, 16, 16, 15, 
39: 15, 15, 15, 0, 15, 0, 0, 0, 0, 16, 0, 0, 0, 0, 0, 0, 0, 0, 15, 0, 0, 0, 0, 0, 0, 0, 0, 15, 15, 15, 0, 0, 8, 0, 3, 17, 0, 0, 15, 0, : 15, 15, 15, 15, 16, 15, 15, 15, 15, 8, 3, 17, 15, 
2: 0, 0, 0, 0, 15, 26, 0, 0, 0, 0, 0, 0, 0, 0, 15, 0, 15, 4, 15, 0, 0, 0, 4, 0, 0, 0, 23, 0, 0, 16, 0, 15, 15, 0, 0, 0, 15, 0, 0, 16, : 15, 26, 15, 15, 4, 15, 4, 23, 16, 15, 15, 15, 16, 
12: 0, 0, 15, 0, 0, 15, 6, 0, 0, 0, 0, 0, 15, 15, 0, 7, 8, 0, 0, 0, 15, 0, 0, 0, 15, 10, 15, 0, 0, 0, 0, 16, 0, 0, 0, 0, 0, 0, 15, 15, : 15, 15, 6, 15, 15, 7, 8, 15, 15, 10, 15, 16, 15, 15, 
6: 0, 0, 0, 0, 0, 20, 15, 15, 0, 20, 0, 0, 22, 0, 0, 0, 0, 0, 0, 0, 0, 2, 0, 15, 0, 15, 0, 0, 0, 0, 0, 15, 0, 15, 0, 0, 15, 0, 0, 0, : 20, 15, 15, 20, 22, 2, 15, 15, 15, 15, 15, 


15: 0, 0, 0, 0, 0, 0, 0, 0, 18, 24, 0, 2, 0, 15, 16, 0, 0, 0, 15, 0, 18, 0, 11, 0, 15, 15, 15, 0, 18, 0, 0, 15, 16, 0, 0, 0, 15, 0, 0, 16, : 18, 24, 2, 15, 16, 15, 18, 11, 15, 15, 15, 18, 15, 16, 15, 16, 
21: 22, 17, 0, 15, 0, 0, 15, 0, 0, 0, 0, 0, 0, 0, 0, 0, 0, 15, 17, 0, 0, 0, 26, 0, 15, 0, 0, 15, 0, 0, 28, 0, 0, 0, 0, 0, 0, 0, 0, 0, : 22, 17, 15, 15, 15, 17, 26, 15, 15, 28, 
18: 0, 0, 0, 16, 15, 15, 15, 0, 15, 16, 19, 0, 33, 0, 0, 15, 0, 0, 0, 26, 0, 0, 15, 8, 0, 0, 31, 15, 0, 0, 0, 12, 15, 17, 0, 36, 0, 0, 15, 0, : 16, 15, 15, 15, 15, 16, 19, 33, 15, 26, 15, 8, 31, 15, 12, 15, 17, 36, 15, 
16: 15, 10, 0, 16, 0, 0, 0, 0, 15, 0, 6, 0, 0, 0, 0, 0, 16, 17, 15, 0, 0, 16, 15, 0, 0, 15, 9, 0, 0, 0, 0, 21, 0, 0, 0, 15, 0, 0, 0, 0, : 15, 10, 16, 15, 6, 16, 17, 15, 16, 15, 15, 9, 21, 15, 
17: 0, 0, 0, 15, 8, 15, 0, 0, 0, 0, 0, 0, 0, 0, 16, 0, 0, 0, 0, 0, 16, 0, 0, 0, 0, 0, 0, 0, 0, 0, 0, 0, 0, 0, 15, 15, 17, 0, 0, 15, : 15, 8, 15, 16, 16, 15, 15, 17, 15, 
32: 0, 23, 0, 0, 0, 20, 15, 0, 0, 0, 0, 15, 13, 17, 0, 0, 0, 15, 17, 0, 17, 15, 0, 17, 0, 0, 0, 0, 0, 3, 15, 0, 15, 0, 15, 0, 15, 0, 0, 0, : 23, 20, 15, 15, 13, 17, 15, 17, 17, 15, 17, 3, 15, 15, 15, 15, 
7: 0, 0, 20, 0, 15, 0, 0, 0, 0, 15, 0, 15, 20, 15, 0, 0, 16, 25, 16, 0, 0, 0, 0, 0, 0, 0, 0, 0, 0, 15, 6, 0, 0, 0, 0, 0, 14, 0, 0, 0, : 20, 15, 15, 15, 20, 15, 16, 25, 16, 15, 6, 14, 
24: 0, 17, 19, 18, 17, 17, 0, 15, 0, 0, 15, 0, 0, 0, 0, 0, 0, 0, 0, 0, 0, 0, 0, 15, 0, 0, 0, 0, 0, 0, 15, 0, 0, 15, 0, 16, 0, 15, 16, 15, : 17, 19, 18, 17, 17, 15, 15, 15, 15, 15, 16, 15, 16, 15, 
23: 18, 17, 15, 5, 0, 0, 0, 15, 0, 0, 15, 0, 0, 0, 0, 0, 6, 0, 18, 0, 0, 15, 0, 0, 15, 0, 0, 0, 0, 0, 0, 0, 20, 0, 0, 0, 0, 0, 0, 0, : 18, 17, 15, 5, 15, 15, 6, 18, 15, 15, 20, 
30: 0, 0, 0, 0, 15, 15, 0, 0, 0, 0, 0, 21, 19, 15, 0, 0, 0, 15, 0, 0, 0, 0, 0, 15, 15, 0, 0, 15, 15, 0, 0, 37, 0, 8, 0, 0, 0, 15, 15, 0, : 15, 15, 21, 19, 15, 15, 15, 15, 15, 15, 37, 8, 15, 15, 
38: 0, 0, 0, 15, 0, 0, 17, 0, 0, 0, 15, 0, 0, 0, 0, 19, 15, 0, 2, 0, 21, 0, 0, 15, 0, 0, 0, 0, 6, 15, 0, 0, 0, 0, 0, 0, 0, 0, 0, 0, : 15, 17, 15, 19, 15, 2, 21, 15, 6, 15, 
25: 0, 0, 0, 0, 0, 15, 0, 0, 0, 15, 0, 15, 0, 0, 15, 22, 15, 0, 0, 15, 0, 0, 0, 15, 15, 0, 0, 15, 15, 0, 0, 15, 15, 0, 20, 0, 24, 0, 0, 0, : 15, 15, 15, 15, 22, 15, 15, 15, 15, 15, 15, 15, 15, 20, 24, 
29: 0, 16, 15, 0, 0, 0, 15, 15, 20, 15, 15, 0, 15, 6, 18, 0, 16, 0, 0, 13, 0, 20, 15, 0, 0, 2, 15, 0, 0, 0, 21, 0, 0, 25, 7, 0, 0, 14, 0, 15, : 16, 15, 15, 15, 20, 15, 15, 15, 6, 18, 16, 13, 20, 15, 2, 15, 21, 25, 7, 14, 15, 
1: 0, 0, 0, 0, 0, 0, 0, 15, 1, 0, 0, 0, 0, 0, 0, 0, 0, 0, 0, 0, 0, 0, 0, 0, 0, 0, 0, 0, 0, 0, 0, 0, 0, 0, 28, 0, 0, 23, 17, 18, : 15, 1, 28, 23, 17, 18, 
33: 15, 0, 16, 0, 15, 0, 15, 15, 0, 0, 0, 0, 0, 0, 15, 0, 0, 0, 0, 16, 0, 0, 0, 0, 0, 0, 0, 16, 0, 20, 0, 0, 0, 20, 0, 0, 0, 15, 17, 5, : 15, 16, 15, 15, 15, 15, 16, 16, 20, 20, 15, 17, 5, 
22: 0, 0, 0, 0, 0, 0, 8, 15, 0, 0, 15, 0, 0, 32, 0, 15, 0, 0, 0, 0, 0, 0, 0, 0, 10, 16, 0, 0, 15, 0, 0, 0, 0, 0, 0, 0, 0, 0, 0, 16, : 8, 15, 15, 32, 15, 10, 16, 15, 16, 
34: 0, 0, 0, 0, 15, 0, 0, 0, 0, 0, 0, 16, 0, 0, 0, 0, 16, 13, 0, 15, 0, 17, 0, 0, 0, 18, 15, 15, 0, 15, 0, 0, 0, 0, 0, 0, 0, 0, 0, 0, : 15, 16, 16, 13, 15, 17, 18, 15, 15, 15, 
40: 15, 0, 0, 0, 0, 3, 0, 0, 31, 15, 0, 0, 0, 0, 15, 0, 0, 0, 0, 15, 12, 17, 18, 0, 0, 0, 15, 9, 16, 0, 0, 0, 0, 0, 15, 2, 0, 18, 15, 0, : 15, 3, 31, 15, 15, 15, 12, 17, 18, 15, 9, 16, 15, 2, 18, 15, 
35: 0, 0, 15, 0, 0, 0, 0, 10, 0, 0, 0, 16, 0, 0, 0, 15, 0, 0, 0, 0, 0, 0, 0, 15, 0, 18, 0, 0, 15, 15, 15, 0, 19, 15, 0, 16, 0, 0, 0, 0, : 15, 10, 16, 15, 15, 18, 15, 15, 15, 19, 15, 16, 
14: 15, 0, 0, 0, 0, 0, 0, 0, 0, 0, 0, 0, 0, 0, 5, 14, 0, 0, 0, 0, 16, 0, 0, 0, 15, 16, 0, 0, 0, 17, 0, 0, 0, 0, 0, 0, 15, 0, 5, 0, : 15, 5, 14, 16, 15, 16, 17, 15, 5, 


