
40
40
100
2

33: 0, 0, 15, 17, 0, 0, 0, 0, 0, 30, 0, 30, 10, 0, 0, 0, 18, 0, 18, 0, 0, 0, 15, 0, 0, 0, 0, 0, 15, 0, 15, 0, 15, 0, 0, 0, 16, 0, 28, 0, : 15, 17, 30, 30, 10, 18, 18, 15, 15, 15, 15, 16, 28, 
37: 0, 0, 0, 0, 0, 6, 24, 0, 0, 0, 0, 0, 0, 0, 17, 16, 0, 15, 0, 15, 15, 0, 0, 15, 15, 0, 0, 0, 0, 15, 0, 15, 0, 0, 19, 0, 0, 0, 0, 15, : 6, 24, 17, 16, 15, 15, 15, 15, 15, 15, 15, 19, 15, 
7: 0, 37, 15, 15, 0, 16, 15, 0, 0, 0, 15, 15, 0, 18, 0, 0, 0, 10, 0, 15, 15, 15, 9, 0, 0, 0, 0, 15, 16, 0, 0, 0, 0, 17, 0, 16, 20, 0, 0, 0, : 37, 15, 15, 16, 15, 15, 15, 18, 10, 15, 15, 15, 9, 15, 16, 17, 16, 20, 
36: 0, 0, 0, 0, 0, 0, 0, 0, 0, 0, 0, 0, 0, 26, 0, 0, 0, 0, 0, 17, 0, 0, 0, 17, 0, 0, 0, 0, 0, 17, 15, 0, 0, 0, 15, 0, 15, 0, 0, 0, : 26, 17, 17, 17, 15, 15, 15, 
39: 0, 0, 0, 0, 0, 0, 0, 0, 0, 0, 13, 0, 0, 0, 22, 0, 0, 0, 0, 0, 0, 15, 0, 0, 0, 22, 15, 0, 15, 0, 0, 0, 15, 0, 0, 18, 0, 15, 0, 23, : 13, 22, 15, 22, 15, 15, 15, 18, 15, 23, 
27: 0, 0, 0, 0, 0, 0, 0, 0, 0, 15, 0, 15, 0, 0, 0, 15, 0, 0, 0, 0, 0, 0, 15, 0, 0, 0, 0, 14, 0, 0, 3, 0, 0, 0, 0, 0, 0, 15, 0, 15, : 15, 15, 15, 15, 14, 3, 15, 15, 
8: 0, 0, 15, 0, 15, 0, 0, 16, 0, 15, 0, 0, 0, 0, 0, 15, 17, 0, 0, 15, 0, 0, 0, 23, 15, 0, 15, 0, 16, 0, 0, 15, 15, 0, 0, 0, 0, 0, 0, 0, : 15, 15, 16, 15, 15, 17, 15, 23, 15, 15, 16, 15, 15, 
32: 15, 0, 0, 15, 0, 0, 0, 0, 0, 0, 0, 0, 15, 0, 0, 0, 0, 0, 15, 0, 0, 0, 16, 0, 15, 15, 0, 20, 16, 10, 0, 15, 0, 15, 0, 15, 2, 0, 0, 0, : 15, 15, 15, 15, 16, 15, 15, 20, 16, 10, 15, 15, 15, 2, 
12: 8, 0, 0, 0, 6, 0, 0, 0, 15, 0, 15, 0, 15, 0, 14, 0, 12, 0, 0, 0, 17, 0, 15, 0, 0, 0, 15, 0, 0, 15, 0, 0, 0, 0, 0, 0, 0, 0, 0, 2, : 8, 6, 15, 15, 15, 14, 12, 17, 15, 15, 15, 2, 
17: 0, 0, 0, 0, 33, 15, 0, 0, 0, 0, 0, 15, 0, 0, 0, 0, 0, 0, 0, 0, 0, 17, 0, 0, 0, 0, 8, 15, 0, 0, 0, 0, 0, 15, 0, 0, 0, 0, 0, 15, : 33, 15, 15, 17, 8, 15, 15, 15, 
34: 0, 0, 0, 0, 0, 15, 26, 0, 15, 0, 23, 15, 0, 27, 15, 0, 15, 0, 0, 0, 15, 15, 0, 0, 0, 16, 17, 0, 0, 0, 0, 0, 19, 0, 1, 0, 15, 0, 0, 15, : 15, 26, 15, 23, 15, 27, 15, 15, 15, 15, 16, 17, 19, 1, 15, 15, 
28: 15, 15, 0, 0, 16, 0, 20, 0, 15, 22, 0, 0, 0, 0, 0, 0, 0, 15, 6, 0, 0, 0, 15, 0, 0, 0, 0, 0, 15, 28, 0, 0, 0, 4, 17, 15, 0, 15, 15, 15, : 15, 15, 16, 20, 15, 22, 15, 6, 15, 15, 28, 4, 17, 15, 15, 15, 15, 
10: 15, 15, 0, 0, 0, 0, 0, 20, 0, 0, 0, 0, 15, 13, 0, 0, 16, 15, 0, 0, 0, 0, 15, 0, 15, 0, 0, 0, 7, 0, 15, 15, 18, 0, 18, 0, 0, 0, 0, 0, : 15, 15, 20, 15, 13, 16, 15, 15, 15, 7, 15, 15, 18, 18, 
6: 0, 2, 0, 15, 0, 16, 0, 0, 9, 2, 0, 0, 0, 0, 17, 0, 22, 15, 15, 16, 15, 22, 0, 15, 10, 0, 0, 0, 0, 0, 0, 10, 0, 0, 15, 0, 17, 15, 15, 0, : 2, 15, 16, 9, 2, 17, 22, 15, 15, 16, 15, 22, 15, 10, 10, 15, 17, 15, 15, 
2: 0, 0, 0, 0, 0, 0, 0, 15, 15, 16, 0, 0, 0, 0, 0, 15, 0, 0, 0, 0, 0, 1, 0, 15, 0, 0, 15, 0, 0, 0, 21, 0, 0, 0, 0, 6, 0, 9, 0, 0, : 15, 15, 16, 15, 1, 15, 15, 21, 6, 9, 
31: 0, 0, 10, 1, 15, 0, 0, 16, 15, 0, 0, 0, 15, 0, 0, 15, 0, 0, 16, 0, 0, 0, 0, 15, 15, 5, 0, 0, 0, 15, 0, 15, 0, 16, 0, 0, 0, 0, 0, 0, : 10, 1, 15, 16, 15, 15, 15, 16, 15, 15, 5, 15, 15, 16, 
13: 15, 15, 15, 0, 0, 15, 15, 15, 0, 0, 19, 0, 0, 0, 15, 0, 0, 0, 15, 15, 6, 0, 0, 0, 0, 0, 0, 0, 0, 0, 15, 0, 0, 0, 0, 15, 0, 16, 11, 0, : 15, 15, 15, 15, 15, 15, 19, 15, 15, 15, 6, 15, 15, 16, 11, 
19: 16, 0, 15, 22, 0, 0, 0, 15, 0, 0, 15, 0, 0, 16, 0, 20, 0, 15, 0, 0, 17, 15, 0, 0, 15, 0, 15, 15, 0, 0, 16, 15, 0, 16, 15, 0, 0, 15, 16, 0, : 16, 15, 22, 15, 15, 16, 20, 15, 17, 15, 15, 15, 15, 16, 15, 16, 15, 15, 16, 
40: 16, 16, 0, 15, 0, 0, 0, 0, 0, 0, 0, 0, 15, 0, 0, 0, 0, 15, 15, 7, 0, 0, 0, 0, 0, 16, 0, 0, 0, 0, 0, 0, 0, 17, 0, 15, 0, 0, 0, 0, : 16, 16, 15, 15, 15, 15, 7, 16, 17, 15, 
24: 0, 0, 15, 0, 15, 17, 0, 3, 16, 0, 0, 10, 15, 0, 0, 4, 0, 0, 0, 0, 0, 0, 0, 0, 0, 26, 0, 21, 0, 0, 0, 0, 18, 0, 0, 0, 15, 0, 15, 0, : 15, 15, 17, 3, 16, 10, 15, 4, 26, 21, 18, 15, 15, 


22: 15, 15, 0, 15, 0, 15, 0, 0, 0, 16, 15, 0, 0, 0, 0, 1, 0, 0, 15, 0, 15, 0, 0, 0, 16, 0, 0, 16, 0, 0, 19, 0, 0, 15, 0, 15, 0, 22, 0, 0, : 15, 15, 15, 15, 16, 15, 1, 15, 15, 16, 16, 19, 15, 15, 22, 
25: 0, 0, 0, 0, 15, 15, 0, 0, 15, 0, 0, 0, 0, 0, 19, 21, 0, 0, 16, 0, 0, 0, 0, 0, 0, 15, 0, 0, 0, 0, 0, 0, 0, 16, 0, 0, 0, 0, 0, 15, : 15, 15, 15, 19, 21, 16, 15, 16, 15, 
1: 21, 0, 0, 16, 0, 0, 0, 0, 15, 0, 0, 0, 15, 15, 0, 32, 17, 8, 0, 0, 0, 0, 15, 15, 0, 15, 0, 0, 0, 0, 0, 0, 0, 15, 16, 0, 0, 0, 0, 0, : 21, 16, 15, 15, 15, 32, 17, 8, 15, 15, 15, 15, 16, 
14: 0, 0, 0, 15, 16, 0, 0, 15, 0, 0, 2, 15, 15, 16, 0, 0, 0, 0, 15, 0, 0, 0, 0, 0, 0, 7, 0, 0, 0, 0, 0, 0, 16, 0, 18, 21, 0, 0, 0, 0, : 15, 16, 15, 2, 15, 15, 16, 15, 7, 16, 18, 21, 
23: 0, 0, 0, 0, 0, 0, 0, 0, 0, 15, 0, 0, 0, 6, 26, 0, 18, 26, 0, 13, 15, 0, 0, 0, 15, 0, 0, 0, 16, 15, 0, 16, 0, 0, 0, 0, 15, 0, 0, 0, : 15, 6, 26, 18, 26, 13, 15, 15, 16, 15, 16, 15, 
18: 15, 0, 18, 15, 0, 0, 0, 0, 0, 0, 0, 0, 17, 0, 0, 0, 0, 15, 0, 15, 0, 0, 0, 0, 0, 0, 0, 0, 15, 0, 0, 0, 15, 0, 0, 0, 25, 0, 0, 16, : 15, 18, 15, 17, 15, 15, 15, 15, 25, 16, 
26: 0, 5, 0, 0, 8, 0, 13, 16, 15, 16, 19, 0, 0, 15, 17, 0, 0, 0, 7, 0, 0, 15, 0, 0, 15, 18, 0, 15, 0, 28, 0, 16, 15, 0, 0, 0, 0, 15, 0, 0, : 5, 8, 13, 16, 15, 16, 19, 15, 17, 7, 15, 15, 18, 15, 28, 16, 15, 15, 
29: 0, 0, 0, 0, 16, 0, 0, 0, 0, 0, 0, 0, 0, 0, 18, 0, 16, 0, 0, 32, 0, 15, 0, 16, 0, 0, 0, 15, 0, 11, 0, 0, 0, 0, 17, 2, 15, 0, 0, 0, : 16, 18, 16, 32, 15, 16, 15, 11, 17, 2, 15, 
11: 0, 0, 6, 0, 15, 0, 0, 17, 0, 14, 15, 32, 22, 0, 0, 0, 26, 15, 0, 0, 9, 0, 15, 15, 0, 15, 17, 0, 18, 0, 0, 0, 0, 0, 0, 0, 0, 0, 0, 0, : 6, 15, 17, 14, 15, 32, 22, 26, 15, 9, 15, 15, 15, 17, 18, 
21: 4, 0, 0, 0, 0, 0, 23, 0, 15, 0, 16, 0, 16, 0, 0, 0, 0, 21, 0, 0, 0, 0, 10, 8, 0, 0, 20, 15, 0, 0, 0, 15, 20, 15, 0, 0, 0, 19, 28, 15, : 4, 23, 15, 16, 16, 21, 10, 8, 20, 15, 15, 20, 15, 19, 28, 15, 
9: 15, 19, 0, 0, 15, 28, 0, 0, 0, 24, 0, 0, 0, 33, 0, 0, 0, 0, 0, 0, 0, 15, 15, 0, 0, 0, 0, 0, 15, 15, 15, 0, 19, 0, 15, 0, 0, 15, 0, 16, : 15, 19, 15, 28, 24, 33, 15, 15, 15, 15, 15, 19, 15, 15, 16, 
16: 0, 15, 0, 0, 15, 11, 0, 0, 0, 0, 0, 0, 0, 0, 15, 15, 7, 0, 0, 15, 0, 16, 0, 0, 8, 0, 20, 0, 0, 15, 0, 0, 0, 4, 18, 0, 0, 0, 0, 0, : 15, 15, 11, 15, 15, 7, 15, 16, 8, 20, 15, 4, 18, 
4: 15, 15, 15, 15, 0, 0, 0, 21, 0, 15, 15, 0, 0, 0, 0, 0, 0, 0, 15, 0, 15, 15, 0, 0, 0, 0, 0, 0, 0, 0, 17, 17, 0, 0, 0, 15, 15, 0, 6, 0, : 15, 15, 15, 15, 21, 15, 15, 15, 15, 15, 17, 17, 15, 15, 6, 
3: 0, 0, 15, 0, 0, 0, 15, 11, 0, 0, 0, 0, 0, 0, 0, 0, 0, 0, 0, 0, 0, 0, 15, 0, 0, 0, 0, 13, 0, 0, 15, 15, 0, 15, 0, 0, 15, 0, 0, 0, : 15, 15, 11, 15, 13, 15, 15, 15, 15, 
35: 0, 0, 15, 0, 0, 0, 19, 0, 0, 0, 0, 15, 0, 0, 5, 0, 0, 15, 0, 0, 16, 0, 15, 16, 0, 0, 12, 0, 0, 0, 20, 6, 0, 0, 0, 15, 0, 15, 15, 0, : 15, 19, 15, 5, 15, 16, 15, 16, 12, 20, 6, 15, 15, 15, 
20: 0, 16, 0, 0, 0, 0, 15, 0, 10, 0, 18, 0, 0, 15, 0, 0, 0, 0, 0, 0, 15, 15, 0, 0, 0, 0, 16, 0, 0, 16, 0, 15, 0, 0, 15, 0, 0, 0, 0, 0, : 16, 15, 10, 18, 15, 15, 15, 16, 16, 15, 15, 
15: 0, 0, 15, 9, 0, 0, 0, 0, 0, 0, 0, 0, 0, 0, 0, 0, 16, 0, 15, 0, 15, 0, 15, 15, 21, 0, 15, 0, 5, 0, 14, 0, 0, 0, 0, 0, 0, 0, 15, 0, : 15, 9, 16, 15, 15, 15, 15, 21, 15, 5, 14, 15, 
30: 0, 0, 16, 0, 0, 15, 0, 0, 15, 0, 0, 15, 0, 0, 0, 0, 0, 0, 0, 0, 0, 0, 0, 15, 0, 15, 0, 0, 15, 0, 0, 0, 0, 20, 1, 17, 0, 0, 20, 8, : 16, 15, 15, 15, 15, 15, 15, 20, 1, 17, 20, 8, 
5: 15, 0, 0, 15, 0, 16, 15, 0, 15, 0, 0, 23, 15, 0, 0, 15, 0, 0, 17, 25, 0, 0, 0, 0, 25, 15, 0, 26, 0, 0, 0, 0, 0, 0, 0, 0, 15, 0, 0, 15, : 15, 15, 16, 15, 15, 23, 15, 15, 17, 25, 25, 15, 26, 15, 15, 
38: 0, 15, 0, 0, 0, 0, 0, 20, 0, 0, 0, 0, 0, 0, 0, 16, 0, 0, 0, 0, 0, 9, 0, 0, 0, 0, 0, 0, 16, 0, 0, 0, 15, 0, 0, 15, 0, 14, 16, 15, : 15, 20, 16, 9, 16, 15, 15, 14, 16, 15, 


