20
200
1: 1, 1, 1, 1, 0, 0, 0, 0, 0, 0, 0, 0, 0, 0, 0, 0, 0, 0, 0, 0, : 1, 1, 1, 1, 
2: 2, 1, 1, 2, 3, 1, 1, 1, 1, 1, 1, 0, 0, 0, 0, 0, 0, 0, 0, 0, : 2, 1, 1, 2, 3, 1, 1, 1, 1, 1, 1, 
3: 1, 1, 1, 1, 0, 0, 0, 0, 0, 0, 0, 0, 0, 0, 0, 0, 0, 0, 0, 0, : 1, 1, 1, 1, 
4: 1, 1, 1, 1, 4, 1, 0, 0, 0, 0, 0, 0, 0, 0, 0, 0, 0, 0, 0, 0, : 1, 1, 1, 1, 4, 1, 
5: 2, 1, 1, 1, 0, 0, 0, 0, 0, 0, 0, 0, 0, 0, 0, 0, 0, 0, 0, 0, : 2, 1, 1, 1, 
6: 9, 1, 1, 1, 1, 1, 4, 0, 0, 0, 0, 0, 0, 0, 0, 0, 0, 0, 0, 0, : 9, 1, 1, 1, 1, 1, 4, 
7: 1, 1, 1, 1, 1, 0, 0, 0, 0, 0, 0, 0, 0, 0, 0, 0, 0, 0, 0, 0, : 1, 1, 1, 1, 1, 
8: 2, 1, 2, 1, 0, 0, 0, 0, 0, 0, 0, 0, 0, 0, 0, 0, 0, 0, 0, 0, : 2, 1, 2, 1, 
9: 1, 1, 10, 1, 2, 1, 0, 0, 0, 0, 0, 0, 0, 0, 0, 0, 0, 0, 0, 0, : 1, 1, 10, 1, 2, 1, 
10: 1, 1, 1, 1, 1, 1, 1, 0, 0, 0, 0, 0, 0, 0, 0, 0, 0, 0, 0, 0, : 1, 1, 1, 1, 1, 1, 1, 
11: 1, 1, 2, 1, 1, 1, 2, 1, 1, 1, 1, 0, 0, 0, 0, 0, 0, 0, 0, 0, : 1, 1, 2, 1, 1, 1, 2, 1, 1, 1, 1, 
12: 1, 1, 1, 1, 0, 0, 0, 0, 0, 0, 0, 0, 0, 0, 0, 0, 0, 0, 0, 0, : 1, 1, 1, 1, 
13: 1, 1, 1, 4, 1, 1, 1, 1, 3, 3, 1, 0, 0, 0, 0, 0, 0, 0, 0, 0, : 1, 1, 1, 4, 1, 1, 1, 1, 3, 3, 1, 
14: 2, 1, 7, 1, 1, 1, 1, 0, 0, 0, 0, 0, 0, 0, 0, 0, 0, 0, 0, 0, : 2, 1, 7, 1, 1, 1, 1, 
15: 1, 2, 1, 1, 1, 1, 1, 1, 0, 0, 0, 0, 0, 0, 0, 0, 0, 0, 0, 0, : 1, 2, 1, 1, 1, 1, 1, 1, 
16: 1, 1, 1, 1, 0, 0, 0, 0, 0, 0, 0, 0, 0, 0, 0, 0, 0, 0, 0, 0, : 1, 1, 1, 1, 
17: 1, 1, 1, 1, 1, 1, 1, 0, 0, 0, 0, 0, 0, 0, 0, 0, 0, 0, 0, 0, : 1, 1, 1, 1, 1, 1, 1, 
18: 1, 1, 1, 1, 0, 0, 0, 0, 0, 0, 0, 0, 0, 0, 0, 0, 0, 0, 0, 0, : 1, 1, 1, 1, 
19: 8, 1, 1, 1, 1, 0, 0, 0, 0, 0, 0, 0, 0, 0, 0, 0, 0, 0, 0, 0, : 8, 1, 1, 1, 1, 
20: 2, 1, 1, 1, 1, 4, 4, 1, 1, 1, 1, 1, 0, 0, 0, 0, 0, 0, 0, 0, : 2, 1, 1, 1, 1, 4, 4, 1, 1, 1, 1, 1, 
21: 1, 1, 1, 1, 0, 0, 0, 0, 0, 0, 0, 0, 0, 0, 0, 0, 0, 0, 0, 0, : 1, 1, 1, 1, 
22: 1, 1, 1, 1, 1, 0, 0, 0, 0, 0, 0, 0, 0, 0, 0, 0, 0, 0, 0, 0, : 1, 1, 1, 1, 1, 
23: 1, 1, 1, 1, 1, 1, 1, 0, 0, 0, 0, 0, 0, 0, 0, 0, 0, 0, 0, 0, : 1, 1, 1, 1, 1, 1, 1, 
24: 2, 1, 0, 0, 0, 0, 0, 0, 0, 0, 0, 0, 0, 0, 0, 0, 0, 0, 0, 0, : 2, 1, 
25: 1, 1, 1, 1, 1, 0, 0, 0, 0, 0, 0, 0, 0, 0, 0, 0, 0, 0, 0, 0, : 1, 1, 1, 1, 1, 
26: 1, 2, 1, 1, 1, 1, 0, 0, 0, 0, 0, 0, 0, 0, 0, 0, 0, 0, 0, 0, : 1, 2, 1, 1, 1, 1, 
27: 1, 8, 1, 0, 0, 0, 0, 0, 0, 0, 0, 0, 0, 0, 0, 0, 0, 0, 0, 0, : 1, 8, 1, 
28: 4, 2, 0, 0, 0, 0, 0, 0, 0, 0, 0, 0, 0, 0, 0, 0, 0, 0, 0, 0, : 4, 2, 
29: 2, 1, 1, 1, 1, 1, 1, 0, 0, 0, 0, 0, 0, 0, 0, 0, 0, 0, 0, 0, : 2, 1, 1, 1, 1, 1, 1, 
30: 1, 1, 1, 0, 0, 0, 0, 0, 0, 0, 0, 0, 0, 0, 0, 0, 0, 0, 0, 0, : 1, 1, 1, 
31: 8, 3, 0, 0, 0, 0, 0, 0, 0, 0, 0, 0, 0, 0, 0, 0, 0, 0, 0, 0, : 8, 3, 
32: 1, 1, 1, 0, 0, 0, 0, 0, 0, 0, 0, 0, 0, 0, 0, 0, 0, 0, 0, 0, : 1, 1, 1, 
33: 1, 1, 2, 1, 0, 0, 0, 0, 0, 0, 0, 0, 0, 0, 0, 0, 0, 0, 0, 0, : 1, 1, 2, 1, 
34: 1, 1, 1, 2, 2, 0, 0, 0, 0, 0, 0, 0, 0, 0, 0, 0, 0, 0, 0, 0, : 1, 1, 1, 2, 2, 
35: 1, 1, 1, 2, 1, 4, 1, 2, 0, 0, 0, 0, 0, 0, 0, 0, 0, 0, 0, 0, : 1, 1, 1, 2, 1, 4, 1, 2, 
36: 1, 1, 1, 1, 2, 1, 1, 1, 1, 1, 1, 1, 1, 0, 0, 0, 0, 0, 0, 0, : 1, 1, 1, 1, 2, 1, 1, 1, 1, 1, 1, 1, 1, 
37: 1, 1, 1, 1, 1, 1, 0, 0, 0, 0, 0, 0, 0, 0, 0, 0, 0, 0, 0, 0, : 1, 1, 1, 1, 1, 1, 
38: 1, 1, 2, 1, 1, 1, 3, 1, 1, 1, 1, 0, 0, 0, 0, 0, 0, 0, 0, 0, : 1, 1, 2, 1, 1, 1, 3, 1, 1, 1, 1, 
39: 1, 1, 1, 1, 1, 1, 1, 1, 0, 0, 0, 0, 0, 0, 0, 0, 0, 0, 0, 0, : 1, 1, 1, 1, 1, 1, 1, 1, 
40: 1, 1, 1, 1, 1, 1, 0, 0, 0, 0, 0, 0, 0, 0, 0, 0, 0, 0, 0, 0, : 1, 1, 1, 1, 1, 1, 
41: 1, 1, 2, 2, 2, 2, 1, 1, 2, 1, 1, 0, 0, 0, 0, 0, 0, 0, 0, 0, : 1, 1, 2, 2, 2, 2, 1, 1, 2, 1, 1, 
42: 3, 1, 2, 1, 2, 1, 1, 1, 0, 0, 0, 0, 0, 0, 0, 0, 0, 0, 0, 0, : 3, 1, 2, 1, 2, 1, 1, 1, 
43: 2, 1, 1, 0, 0, 0, 0, 0, 0, 0, 0, 0, 0, 0, 0, 0, 0, 0, 0, 0, : 2, 1, 1, 
44: 1, 2, 1, 3, 0, 0, 0, 0, 0, 0, 0, 0, 0, 0, 0, 0, 0, 0, 0, 0, : 1, 2, 1, 3, 
45: 2, 1, 3, 0, 0, 0, 0, 0, 0, 0, 0, 0, 0, 0, 0, 0, 0, 0, 0, 0, : 2, 1, 3, 
46: 1, 10, 1, 1, 4, 1, 1, 0, 0, 0, 0, 0, 0, 0, 0, 0, 0, 0, 0, 0, : 1, 10, 1, 1, 4, 1, 1, 
47: 1, 1, 1, 0, 0, 0, 0, 0, 0, 0, 0, 0, 0, 0, 0, 0, 0, 0, 0, 0, : 1, 1, 1, 
48: 1, 2, 1, 0, 0, 0, 0, 0, 0, 0, 0, 0, 0, 0, 0, 0, 0, 0, 0, 0, : 1, 2, 1, 
49: 1, 1, 1, 1, 1, 2, 2, 2, 1, 1, 2, 0, 0, 0, 0, 0, 0, 0, 0, 0, : 1, 1, 1, 1, 1, 2, 2, 2, 1, 1, 2, 
50: 1, 1, 1, 1, 0, 0, 0, 0, 0, 0, 0, 0, 0, 0, 0, 0, 0, 0, 0, 0, : 1, 1, 1, 1, 
51: 3, 1, 1, 1, 1, 1, 1, 1, 1, 0, 0, 0, 0, 0, 0, 0, 0, 0, 0, 0, : 3, 1, 1, 1, 1, 1, 1, 1, 1, 
52: 1, 1, 1, 1, 2, 1, 3, 2, 3, 1, 1, 0, 0, 0, 0, 0, 0, 0, 0, 0, : 1, 1, 1, 1, 2, 1, 3, 2, 3, 1, 1, 
53: 1, 1, 1, 1, 0, 0, 0, 0, 0, 0, 0, 0, 0, 0, 0, 0, 0, 0, 0, 0, : 1, 1, 1, 1, 
54: 1, 1, 1, 1, 0, 0, 0, 0, 0, 0, 0, 0, 0, 0, 0, 0, 0, 0, 0, 0, : 1, 1, 1, 1, 
55: 1, 1, 2, 1, 1, 1, 1, 3, 2, 0, 0, 0, 0, 0, 0, 0, 0, 0, 0, 0, : 1, 1, 2, 1, 1, 1, 1, 3, 2, 
56: 1, 1, 1, 0, 0, 0, 0, 0, 0, 0, 0, 0, 0, 0, 0, 0, 0, 0, 0, 0, : 1, 1, 1, 
57: 1, 1, 2, 0, 0, 0, 0, 0, 0, 0, 0, 0, 0, 0, 0, 0, 0, 0, 0, 0, : 1, 1, 2, 
58: 3, 1, 1, 1, 1, 0, 0, 0, 0, 0, 0, 0, 0, 0, 0, 0, 0, 0, 0, 0, : 3, 1, 1, 1, 1, 
59: 5, 1, 1, 1, 1, 0, 0, 0, 0, 0, 0, 0, 0, 0, 0, 0, 0, 0, 0, 0, : 5, 1, 1, 1, 1, 
60: 1, 1, 0, 0, 0, 0, 0, 0, 0, 0, 0, 0, 0, 0, 0, 0, 0, 0, 0, 0, : 1, 1, 
61: 1, 1, 1, 0, 0, 0, 0, 0, 0, 0, 0, 0, 0, 0, 0, 0, 0, 0, 0, 0, : 1, 1, 1, 
62: 1, 1, 1, 1, 1, 9, 1, 1, 0, 0, 0, 0, 0, 0, 0, 0, 0, 0, 0, 0, : 1, 1, 1, 1, 1, 9, 1, 1, 
63: 1, 1, 1, 3, 1, 2, 1, 3, 1, 0, 0, 0, 0, 0, 0, 0, 0, 0, 0, 0, : 1, 1, 1, 3, 1, 2, 1, 3, 1, 
64: 1, 1, 1, 1, 1, 0, 0, 0, 0, 0, 0, 0, 0, 0, 0, 0, 0, 0, 0, 0, : 1, 1, 1, 1, 1, 
65: 1, 1, 1, 0, 0, 0, 0, 0, 0, 0, 0, 0, 0, 0, 0, 0, 0, 0, 0, 0, : 1, 1, 1, 
66: 3, 1, 2, 1, 0, 0, 0, 0, 0, 0, 0, 0, 0, 0, 0, 0, 0, 0, 0, 0, : 3, 1, 2, 1, 
67: 1, 1, 1, 1, 3, 1, 1, 4, 1, 1, 0, 0, 0, 0, 0, 0, 0, 0, 0, 0, : 1, 1, 1, 1, 3, 1, 1, 4, 1, 1, 
68: 1, 2, 1, 1, 1, 1, 0, 0, 0, 0, 0, 0, 0, 0, 0, 0, 0, 0, 0, 0, : 1, 2, 1, 1, 1, 1, 
69: 1, 4, 1, 0, 0, 0, 0, 0, 0, 0, 0, 0, 0, 0, 0, 0, 0, 0, 0, 0, : 1, 4, 1, 
70: 1, 1, 1, 1, 1, 0, 0, 0, 0, 0, 0, 0, 0, 0, 0, 0, 0, 0, 0, 0, : 1, 1, 1, 1, 1, 
71: 1, 1, 2, 1, 1, 1, 2, 1, 0, 0, 0, 0, 0, 0, 0, 0, 0, 0, 0, 0, : 1, 1, 2, 1, 1, 1, 2, 1, 
72: 2, 1, 1, 2, 1, 0, 0, 0, 0, 0, 0, 0, 0, 0, 0, 0, 0, 0, 0, 0, : 2, 1, 1, 2, 1, 
73: 2, 1, 1, 1, 2, 2, 1, 0, 0, 0, 0, 0, 0, 0, 0, 0, 0, 0, 0, 0, : 2, 1, 1, 1, 2, 2, 1, 
74: 1, 1, 1, 1, 3, 1, 1, 1, 1, 1, 1, 1, 0, 0, 0, 0, 0, 0, 0, 0, : 1, 1, 1, 1, 3, 1, 1, 1, 1, 1, 1, 1, 
75: 1, 1, 2, 1, 1, 1, 1, 1, 1, 1, 1, 1, 1, 0, 0, 0, 0, 0, 0, 0, : 1, 1, 2, 1, 1, 1, 1, 1, 1, 1, 1, 1, 1, 
76: 2, 1, 1, 0, 0, 0, 0, 0, 0, 0, 0, 0, 0, 0, 0, 0, 0, 0, 0, 0, : 2, 1, 1, 
77: 1, 1, 5, 0, 0, 0, 0, 0, 0, 0, 0, 0, 0, 0, 0, 0, 0, 0, 0, 0, : 1, 1, 5, 
78: 1, 1, 1, 3, 1, 1, 1, 1, 1, 1, 1, 1, 0, 0, 0, 0, 0, 0, 0, 0, : 1, 1, 1, 3, 1, 1, 1, 1, 1, 1, 1, 1, 
79: 2, 1, 1, 1, 0, 0, 0, 0, 0, 0, 0, 0, 0, 0, 0, 0, 0, 0, 0, 0, : 2, 1, 1, 1, 
80: 1, 1, 1, 1, 1, 1, 1, 0, 0, 0, 0, 0, 0, 0, 0, 0, 0, 0, 0, 0, : 1, 1, 1, 1, 1, 1, 1, 
81: 1, 2, 1, 1, 0, 0, 0, 0, 0, 0, 0, 0, 0, 0, 0, 0, 0, 0, 0, 0, : 1, 2, 1, 1, 
82: 1, 3, 1, 1, 0, 0, 0, 0, 0, 0, 0, 0, 0, 0, 0, 0, 0, 0, 0, 0, : 1, 3, 1, 1, 
83: 1, 1, 10, 1, 3, 2, 1, 0, 0, 0, 0, 0, 0, 0, 0, 0, 0, 0, 0, 0, : 1, 1, 10, 1, 3, 2, 1, 
84: 1, 1, 1, 4, 0, 0, 0, 0, 0, 0, 0, 0, 0, 0, 0, 0, 0, 0, 0, 0, : 1, 1, 1, 4, 
85: 1, 2, 1, 1, 1, 0, 0, 0, 0, 0, 0, 0, 0, 0, 0, 0, 0, 0, 0, 0, : 1, 2, 1, 1, 1, 
86: 1, 1, 3, 5, 0, 0, 0, 0, 0, 0, 0, 0, 0, 0, 0, 0, 0, 0, 0, 0, : 1, 1, 3, 5, 
87: 1, 1, 1, 0, 0, 0, 0, 0, 0, 0, 0, 0, 0, 0, 0, 0, 0, 0, 0, 0, : 1, 1, 1, 
88: 3, 1, 1, 1, 1, 1, 0, 0, 0, 0, 0, 0, 0, 0, 0, 0, 0, 0, 0, 0, : 3, 1, 1, 1, 1, 1, 
89: 1, 1, 4, 1, 0, 0, 0, 0, 0, 0, 0, 0, 0, 0, 0, 0, 0, 0, 0, 0, : 1, 1, 4, 1, 
90: 1, 1, 0, 0, 0, 0, 0, 0, 0, 0, 0, 0, 0, 0, 0, 0, 0, 0, 0, 0, : 1, 1, 
91: 1, 1, 1, 2, 2, 1, 1, 2, 2, 3, 1, 0, 0, 0, 0, 0, 0, 0, 0, 0, : 1, 1, 1, 2, 2, 1, 1, 2, 2, 3, 1, 
92: 1, 1, 2, 1, 0, 0, 0, 0, 0, 0, 0, 0, 0, 0, 0, 0, 0, 0, 0, 0, : 1, 1, 2, 1, 
93: 1, 1, 0, 0, 0, 0, 0, 0, 0, 0, 0, 0, 0, 0, 0, 0, 0, 0, 0, 0, : 1, 1, 
94: 1, 3, 1, 1, 1, 3, 1, 1, 0, 0, 0, 0, 0, 0, 0, 0, 0, 0, 0, 0, : 1, 3, 1, 1, 1, 3, 1, 1, 
95: 1, 1, 1, 2, 3, 8, 1, 0, 0, 0, 0, 0, 0, 0, 0, 0, 0, 0, 0, 0, : 1, 1, 1, 2, 3, 8, 1, 
96: 1, 2, 1, 2, 1, 1, 0, 0, 0, 0, 0, 0, 0, 0, 0, 0, 0, 0, 0, 0, : 1, 2, 1, 2, 1, 1, 
97: 2, 1, 1, 1, 1, 1, 0, 0, 0, 0, 0, 0, 0, 0, 0, 0, 0, 0, 0, 0, : 2, 1, 1, 1, 1, 1, 
98: 1, 1, 1, 3, 1, 1, 1, 1, 1, 1, 1, 1, 1, 0, 0, 0, 0, 0, 0, 0, : 1, 1, 1, 3, 1, 1, 1, 1, 1, 1, 1, 1, 1, 
99: 1, 1, 1, 1, 1, 1, 1, 1, 1, 1, 1, 1, 1, 0, 0, 0, 0, 0, 0, 0, : 1, 1, 1, 1, 1, 1, 1, 1, 1, 1, 1, 1, 1, 
100: 9, 1, 0, 0, 0, 0, 0, 0, 0, 0, 0, 0, 0, 0, 0, 0, 0, 0, 0, 0, : 9, 1, 
101: 1, 1, 3, 1, 1, 4, 1, 1, 1, 1, 1, 0, 0, 0, 0, 0, 0, 0, 0, 0, : 1, 1, 3, 1, 1, 4, 1, 1, 1, 1, 1, 
102: 1, 1, 0, 0, 0, 0, 0, 0, 0, 0, 0, 0, 0, 0, 0, 0, 0, 0, 0, 0, : 1, 1, 
103: 1, 1, 1, 0, 0, 0, 0, 0, 0, 0, 0, 0, 0, 0, 0, 0, 0, 0, 0, 0, : 1, 1, 1, 
104: 1, 1, 1, 4, 0, 0, 0, 0, 0, 0, 0, 0, 0, 0, 0, 0, 0, 0, 0, 0, : 1, 1, 1, 4, 
105: 1, 1, 2, 1, 1, 0, 0, 0, 0, 0, 0, 0, 0, 0, 0, 0, 0, 0, 0, 0, : 1, 1, 2, 1, 1, 
106: 1, 2, 1, 3, 1, 1, 0, 0, 0, 0, 0, 0, 0, 0, 0, 0, 0, 0, 0, 0, : 1, 2, 1, 3, 1, 1, 
107: 1, 1, 1, 1, 0, 0, 0, 0, 0, 0, 0, 0, 0, 0, 0, 0, 0, 0, 0, 0, : 1, 1, 1, 1, 
108: 2, 1, 1, 0, 0, 0, 0, 0, 0, 0, 0, 0, 0, 0, 0, 0, 0, 0, 0, 0, : 2, 1, 1, 
109: 1, 3, 1, 1, 1, 1, 2, 0, 0, 0, 0, 0, 0, 0, 0, 0, 0, 0, 0, 0, : 1, 3, 1, 1, 1, 1, 2, 
110: 1, 1, 3, 1, 1, 1, 4, 2, 0, 0, 0, 0, 0, 0, 0, 0, 0, 0, 0, 0, : 1, 1, 3, 1, 1, 1, 4, 2, 
111: 1, 1, 1, 1, 0, 0, 0, 0, 0, 0, 0, 0, 0, 0, 0, 0, 0, 0, 0, 0, : 1, 1, 1, 1, 
112: 1, 1, 1, 1, 1, 1, 2, 2, 1, 1, 3, 0, 0, 0, 0, 0, 0, 0, 0, 0, : 1, 1, 1, 1, 1, 1, 2, 2, 1, 1, 3, 
113: 1, 1, 1, 1, 2, 1, 1, 1, 1, 6, 3, 1, 2, 1, 0, 0, 0, 0, 0, 0, : 1, 1, 1, 1, 2, 1, 1, 1, 1, 6, 3, 1, 2, 1, 
114: 3, 1, 2, 1, 0, 0, 0, 0, 0, 0, 0, 0, 0, 0, 0, 0, 0, 0, 0, 0, : 3, 1, 2, 1, 
115: 3, 1, 3, 0, 0, 0, 0, 0, 0, 0, 0, 0, 0, 0, 0, 0, 0, 0, 0, 0, : 3, 1, 3, 
116: 1, 1, 1, 4, 3, 1, 1, 1, 1, 2, 1, 0, 0, 0, 0, 0, 0, 0, 0, 0, : 1, 1, 1, 4, 3, 1, 1, 1, 1, 2, 1, 
117: 1, 1, 2, 0, 0, 0, 0, 0, 0, 0, 0, 0, 0, 0, 0, 0, 0, 0, 0, 0, : 1, 1, 2, 
118: 1, 1, 1, 1, 1, 1, 1, 1, 1, 1, 1, 1, 7, 2, 0, 0, 0, 0, 0, 0, : 1, 1, 1, 1, 1, 1, 1, 1, 1, 1, 1, 1, 7, 2, 
119: 1, 2, 4, 0, 0, 0, 0, 0, 0, 0, 0, 0, 0, 0, 0, 0, 0, 0, 0, 0, : 1, 2, 4, 
120: 1, 1, 1, 2, 1, 1, 1, 1, 0, 0, 0, 0, 0, 0, 0, 0, 0, 0, 0, 0, : 1, 1, 1, 2, 1, 1, 1, 1, 
121: 1, 1, 1, 8, 1, 2, 3, 0, 0, 0, 0, 0, 0, 0, 0, 0, 0, 0, 0, 0, : 1, 1, 1, 8, 1, 2, 3, 
122: 1, 2, 1, 1, 2, 7, 1, 3, 1, 1, 1, 0, 0, 0, 0, 0, 0, 0, 0, 0, : 1, 2, 1, 1, 2, 7, 1, 3, 1, 1, 1, 
123: 1, 1, 1, 0, 0, 0, 0, 0, 0, 0, 0, 0, 0, 0, 0, 0, 0, 0, 0, 0, : 1, 1, 1, 
124: 1, 1, 0, 0, 0, 0, 0, 0, 0, 0, 0, 0, 0, 0, 0, 0, 0, 0, 0, 0, : 1, 1, 
125: 1, 1, 1, 1, 3, 1, 1, 1, 3, 0, 0, 0, 0, 0, 0, 0, 0, 0, 0, 0, : 1, 1, 1, 1, 3, 1, 1, 1, 3, 
126: 1, 2, 1, 0, 0, 0, 0, 0, 0, 0, 0, 0, 0, 0, 0, 0, 0, 0, 0, 0, : 1, 2, 1, 
127: 1, 3, 2, 1, 1, 1, 1, 2, 1, 1, 1, 3, 0, 0, 0, 0, 0, 0, 0, 0, : 1, 3, 2, 1, 1, 1, 1, 2, 1, 1, 1, 3, 
128: 2, 1, 3, 1, 1, 0, 0, 0, 0, 0, 0, 0, 0, 0, 0, 0, 0, 0, 0, 0, : 2, 1, 3, 1, 1, 
129: 1, 1, 1, 1, 0, 0, 0, 0, 0, 0, 0, 0, 0, 0, 0, 0, 0, 0, 0, 0, : 1, 1, 1, 1, 
130: 1, 1, 0, 0, 0, 0, 0, 0, 0, 0, 0, 0, 0, 0, 0, 0, 0, 0, 0, 0, : 1, 1, 
131: 1, 1, 0, 0, 0, 0, 0, 0, 0, 0, 0, 0, 0, 0, 0, 0, 0, 0, 0, 0, : 1, 1, 
132: 1, 1, 1, 2, 1, 1, 1, 1, 1, 1, 0, 0, 0, 0, 0, 0, 0, 0, 0, 0, : 1, 1, 1, 2, 1, 1, 1, 1, 1, 1, 
133: 1, 1, 1, 2, 2, 1, 1, 1, 1, 0, 0, 0, 0, 0, 0, 0, 0, 0, 0, 0, : 1, 1, 1, 2, 2, 1, 1, 1, 1, 
134: 1, 1, 1, 1, 2, 0, 0, 0, 0, 0, 0, 0, 0, 0, 0, 0, 0, 0, 0, 0, : 1, 1, 1, 1, 2, 
135: 2, 1, 1, 1, 1, 1, 1, 1, 0, 0, 0, 0, 0, 0, 0, 0, 0, 0, 0, 0, : 2, 1, 1, 1, 1, 1, 1, 1, 
136: 1, 1, 1, 1, 1, 2, 2, 1, 0, 0, 0, 0, 0, 0, 0, 0, 0, 0, 0, 0, : 1, 1, 1, 1, 1, 2, 2, 1, 
137: 1, 2, 1, 1, 1, 1, 0, 0, 0, 0, 0, 0, 0, 0, 0, 0, 0, 0, 0, 0, : 1, 2, 1, 1, 1, 1, 
138: 1, 1, 2, 2, 1, 1, 2, 0, 0, 0, 0, 0, 0, 0, 0, 0, 0, 0, 0, 0, : 1, 1, 2, 2, 1, 1, 2, 
139: 1, 1, 0, 0, 0, 0, 0, 0, 0, 0, 0, 0, 0, 0, 0, 0, 0, 0, 0, 0, : 1, 1, 
140: 1, 2, 3, 1, 2, 1, 0, 0, 0, 0, 0, 0, 0, 0, 0, 0, 0, 0, 0, 0, : 1, 2, 3, 1, 2, 1, 
141: 1, 3, 1, 3, 1, 1, 2, 1, 1, 0, 0, 0, 0, 0, 0, 0, 0, 0, 0, 0, : 1, 3, 1, 3, 1, 1, 2, 1, 1, 
142: 2, 1, 2, 2, 0, 0, 0, 0, 0, 0, 0, 0, 0, 0, 0, 0, 0, 0, 0, 0, : 2, 1, 2, 2, 
143: 1, 1, 1, 2, 0, 0, 0, 0, 0, 0, 0, 0, 0, 0, 0, 0, 0, 0, 0, 0, : 1, 1, 1, 2, 
144: 2, 5, 0, 0, 0, 0, 0, 0, 0, 0, 0, 0, 0, 0, 0, 0, 0, 0, 0, 0, : 2, 5, 
145: 2, 1, 1, 1, 1, 1, 1, 1, 1, 1, 1, 1, 0, 0, 0, 0, 0, 0, 0, 0, : 2, 1, 1, 1, 1, 1, 1, 1, 1, 1, 1, 1, 
146: 1, 1, 0, 0, 0, 0, 0, 0, 0, 0, 0, 0, 0, 0, 0, 0, 0, 0, 0, 0, : 1, 1, 
147: 1, 3, 1, 0, 0, 0, 0, 0, 0, 0, 0, 0, 0, 0, 0, 0, 0, 0, 0, 0, : 1, 3, 1, 
148: 2, 1, 1, 1, 1, 1, 2, 0, 0, 0, 0, 0, 0, 0, 0, 0, 0, 0, 0, 0, : 2, 1, 1, 1, 1, 1, 2, 
149: 1, 1, 1, 3, 1, 1, 2, 0, 0, 0, 0, 0, 0, 0, 0, 0, 0, 0, 0, 0, : 1, 1, 1, 3, 1, 1, 2, 
150: 10, 2, 3, 1, 1, 0, 0, 0, 0, 0, 0, 0, 0, 0, 0, 0, 0, 0, 0, 0, : 10, 2, 3, 1, 1, 
151: 2, 1, 2, 1, 1, 1, 1, 1, 1, 0, 0, 0, 0, 0, 0, 0, 0, 0, 0, 0, : 2, 1, 2, 1, 1, 1, 1, 1, 1, 
152: 1, 1, 2, 1, 1, 2, 1, 1, 0, 0, 0, 0, 0, 0, 0, 0, 0, 0, 0, 0, : 1, 1, 2, 1, 1, 2, 1, 1, 
153: 2, 1, 1, 2, 1, 1, 1, 1, 2, 4, 1, 7, 0, 0, 0, 0, 0, 0, 0, 0, : 2, 1, 1, 2, 1, 1, 1, 1, 2, 4, 1, 7, 
154: 1, 0, 0, 0, 0, 0, 0, 0, 0, 0, 0, 0, 0, 0, 0, 0, 0, 0, 0, 0, : 1, 
155: 1, 1, 1, 3, 1, 1, 1, 4, 1, 1, 1, 1, 1, 1, 0, 0, 0, 0, 0, 0, : 1, 1, 1, 3, 1, 1, 1, 4, 1, 1, 1, 1, 1, 1, 
156: 1, 1, 2, 1, 3, 2, 1, 1, 1, 1, 1, 2, 1, 1, 1, 0, 0, 0, 0, 0, : 1, 1, 2, 1, 3, 2, 1, 1, 1, 1, 1, 2, 1, 1, 1, 
157: 7, 1, 1, 0, 0, 0, 0, 0, 0, 0, 0, 0, 0, 0, 0, 0, 0, 0, 0, 0, : 7, 1, 1, 
158: 1, 1, 1, 2, 1, 0, 0, 0, 0, 0, 0, 0, 0, 0, 0, 0, 0, 0, 0, 0, : 1, 1, 1, 2, 1, 
159: 6, 1, 1, 0, 0, 0, 0, 0, 0, 0, 0, 0, 0, 0, 0, 0, 0, 0, 0, 0, : 6, 1, 1, 
160: 1, 1, 1, 0, 0, 0, 0, 0, 0, 0, 0, 0, 0, 0, 0, 0, 0, 0, 0, 0, : 1, 1, 1, 
161: 1, 1, 1, 2, 4, 0, 0, 0, 0, 0, 0, 0, 0, 0, 0, 0, 0, 0, 0, 0, : 1, 1, 1, 2, 4, 
162: 1, 3, 1, 0, 0, 0, 0, 0, 0, 0, 0, 0, 0, 0, 0, 0, 0, 0, 0, 0, : 1, 3, 1, 
163: 1, 1, 5, 1, 0, 0, 0, 0, 0, 0, 0, 0, 0, 0, 0, 0, 0, 0, 0, 0, : 1, 1, 5, 1, 
164: 2, 1, 1, 1, 1, 1, 4, 1, 2, 1, 1, 1, 1, 1, 0, 0, 0, 0, 0, 0, : 2, 1, 1, 1, 1, 1, 4, 1, 2, 1, 1, 1, 1, 1, 
165: 2, 1, 1, 1, 1, 1, 4, 1, 1, 1, 1, 0, 0, 0, 0, 0, 0, 0, 0, 0, : 2, 1, 1, 1, 1, 1, 4, 1, 1, 1, 1, 
166: 1, 1, 1, 2, 0, 0, 0, 0, 0, 0, 0, 0, 0, 0, 0, 0, 0, 0, 0, 0, : 1, 1, 1, 2, 
167: 3, 1, 1, 0, 0, 0, 0, 0, 0, 0, 0, 0, 0, 0, 0, 0, 0, 0, 0, 0, : 3, 1, 1, 
168: 1, 8, 1, 1, 2, 1, 0, 0, 0, 0, 0, 0, 0, 0, 0, 0, 0, 0, 0, 0, : 1, 8, 1, 1, 2, 1, 
169: 1, 1, 3, 1, 1, 1, 2, 2, 1, 0, 0, 0, 0, 0, 0, 0, 0, 0, 0, 0, : 1, 1, 3, 1, 1, 1, 2, 2, 1, 
170: 1, 1, 1, 1, 1, 3, 1, 7, 1, 0, 0, 0, 0, 0, 0, 0, 0, 0, 0, 0, : 1, 1, 1, 1, 1, 3, 1, 7, 1, 
171: 1, 1, 1, 1, 0, 0, 0, 0, 0, 0, 0, 0, 0, 0, 0, 0, 0, 0, 0, 0, : 1, 1, 1, 1, 
172: 1, 2, 0, 0, 0, 0, 0, 0, 0, 0, 0, 0, 0, 0, 0, 0, 0, 0, 0, 0, : 1, 2, 
173: 1, 1, 3, 0, 0, 0, 0, 0, 0, 0, 0, 0, 0, 0, 0, 0, 0, 0, 0, 0, : 1, 1, 3, 
174: 1, 5, 1, 1, 1, 1, 1, 1, 2, 3, 1, 0, 0, 0, 0, 0, 0, 0, 0, 0, : 1, 5, 1, 1, 1, 1, 1, 1, 2, 3, 1, 
175: 1, 1, 4, 2, 1, 3, 0, 0, 0, 0, 0, 0, 0, 0, 0, 0, 0, 0, 0, 0, : 1, 1, 4, 2, 1, 3, 
176: 1, 3, 2, 0, 0, 0, 0, 0, 0, 0, 0, 0, 0, 0, 0, 0, 0, 0, 0, 0, : 1, 3, 2, 
177: 1, 1, 1, 1, 2, 2, 1, 0, 0, 0, 0, 0, 0, 0, 0, 0, 0, 0, 0, 0, : 1, 1, 1, 1, 2, 2, 1, 
178: 2, 3, 1, 1, 1, 1, 2, 0, 0, 0, 0, 0, 0, 0, 0, 0, 0, 0, 0, 0, : 2, 3, 1, 1, 1, 1, 2, 
179: 1, 1, 1, 1, 0, 0, 0, 0, 0, 0, 0, 0, 0, 0, 0, 0, 0, 0, 0, 0, : 1, 1, 1, 1, 
180: 1, 1, 5, 0, 0, 0, 0, 0, 0, 0, 0, 0, 0, 0, 0, 0, 0, 0, 0, 0, : 1, 1, 5, 
181: 1, 1, 0, 0, 0, 0, 0, 0, 0, 0, 0, 0, 0, 0, 0, 0, 0, 0, 0, 0, : 1, 1, 
182: 2, 1, 1, 1, 1, 3, 1, 0, 0, 0, 0, 0, 0, 0, 0, 0, 0, 0, 0, 0, : 2, 1, 1, 1, 1, 3, 1, 
183: 1, 3, 2, 2, 1, 1, 1, 4, 0, 0, 0, 0, 0, 0, 0, 0, 0, 0, 0, 0, : 1, 3, 2, 2, 1, 1, 1, 4, 
184: 2, 1, 1, 1, 1, 1, 1, 2, 0, 0, 0, 0, 0, 0, 0, 0, 0, 0, 0, 0, : 2, 1, 1, 1, 1, 1, 1, 2, 
185: 1, 1, 1, 2, 2, 1, 0, 0, 0, 0, 0, 0, 0, 0, 0, 0, 0, 0, 0, 0, : 1, 1, 1, 2, 2, 1, 
186: 1, 1, 1, 1, 1, 1, 1, 2, 1, 4, 1, 3, 0, 0, 0, 0, 0, 0, 0, 0, : 1, 1, 1, 1, 1, 1, 1, 2, 1, 4, 1, 3, 
187: 1, 1, 1, 1, 3, 0, 0, 0, 0, 0, 0, 0, 0, 0, 0, 0, 0, 0, 0, 0, : 1, 1, 1, 1, 3, 
188: 1, 1, 1, 1, 0, 0, 0, 0, 0, 0, 0, 0, 0, 0, 0, 0, 0, 0, 0, 0, : 1, 1, 1, 1, 
189: 1, 1, 8, 1, 1, 1, 1, 0, 0, 0, 0, 0, 0, 0, 0, 0, 0, 0, 0, 0, : 1, 1, 8, 1, 1, 1, 1, 
190: 1, 0, 0, 0, 0, 0, 0, 0, 0, 0, 0, 0, 0, 0, 0, 0, 0, 0, 0, 0, : 1, 
191: 1, 1, 1, 1, 1, 2, 1, 5, 1, 3, 1, 0, 0, 0, 0, 0, 0, 0, 0, 0, : 1, 1, 1, 1, 1, 2, 1, 5, 1, 3, 1, 
192: 1, 1, 1, 1, 2, 0, 0, 0, 0, 0, 0, 0, 0, 0, 0, 0, 0, 0, 0, 0, : 1, 1, 1, 1, 2, 
193: 1, 1, 1, 1, 1, 5, 2, 0, 0, 0, 0, 0, 0, 0, 0, 0, 0, 0, 0, 0, : 1, 1, 1, 1, 1, 5, 2, 
194: 1, 1, 1, 0, 0, 0, 0, 0, 0, 0, 0, 0, 0, 0, 0, 0, 0, 0, 0, 0, : 1, 1, 1, 
195: 1, 1, 1, 0, 0, 0, 0, 0, 0, 0, 0, 0, 0, 0, 0, 0, 0, 0, 0, 0, : 1, 1, 1, 
196: 1, 1, 1, 1, 3, 1, 1, 1, 1, 0, 0, 0, 0, 0, 0, 0, 0, 0, 0, 0, : 1, 1, 1, 1, 3, 1, 1, 1, 1, 
197: 2, 4, 2, 1, 0, 0, 0, 0, 0, 0, 0, 0, 0, 0, 0, 0, 0, 0, 0, 0, : 2, 4, 2, 1, 
198: 1, 1, 1, 1, 1, 0, 0, 0, 0, 0, 0, 0, 0, 0, 0, 0, 0, 0, 0, 0, : 1, 1, 1, 1, 1, 
199: 1, 1, 1, 1, 2, 8, 2, 5, 1, 3, 1, 1, 2, 0, 0, 0, 0, 0, 0, 0, : 1, 1, 1, 1, 2, 8, 2, 5, 1, 3, 1, 1, 2, 
200: 1, 1, 2, 1, 1, 1, 1, 2, 0, 0, 0, 0, 0, 0, 0, 0, 0, 0, 0, 0, : 1, 1, 2, 1, 1, 1, 1, 2, 


