
40
20
150
1

20: 0, 0, 0, 0, 0, 0, 21, 14, 0, 0, 11, 0, 14, 18, 15, 0, 18, 0, 21, 18, 0, 11, 19, 0, 18, 15, 11, 12, 21, 17, 0, 0, 0, 0, 0, 12, 0, 13, 0, 0, : 21, 14, 11, 14, 18, 15, 18, 21, 18, 11, 19, 18, 15, 11, 12, 21, 17, 12, 13, 
14: 16, 12, 16, 15, 0, 0, 0, 0, 0, 14, 0, 0, 0, 0, 0, 11, 0, 0, 0, 0, 0, 18, 17, 0, 14, 0, 17, 15, 16, 0, 16, 11, 0, 0, 0, 0, 0, 0, 0, 13, : 16, 12, 16, 15, 14, 11, 18, 17, 14, 17, 15, 16, 16, 11, 13, 
4: 14, 0, 0, 0, 0, 15, 16, 0, 16, 0, 17, 0, 16, 10, 17, 0, 0, 19, 15, 15, 19, 15, 0, 14, 0, 14, 0, 0, 14, 0, 17, 0, 12, 12, 0, 0, 0, 0, 19, 0, : 14, 15, 16, 16, 17, 16, 10, 17, 19, 15, 15, 19, 15, 14, 14, 14, 17, 12, 12, 19, 
10: 0, 18, 15, 17, 16, 0, 0, 0, 21, 0, 17, 18, 0, 15, 0, 0, 14, 0, 0, 0, 19, 0, 0, 0, 0, 18, 0, 18, 0, 22, 18, 0, 19, 0, 12, 0, 13, 0, 0, 0, : 18, 15, 17, 16, 21, 17, 18, 15, 14, 19, 18, 18, 22, 18, 19, 12, 13, 
12: 13, 0, 17, 0, 0, 21, 0, 19, 0, 0, 0, 0, 0, 16, 0, 0, 0, 12, 0, 15, 16, 0, 18, 0, 0, 22, 23, 17, 0, 0, 0, 0, 20, 0, 0, 0, 21, 15, 17, 0, : 13, 17, 21, 19, 16, 12, 15, 16, 18, 22, 23, 17, 20, 21, 15, 17, 
13: 17, 0, 0, 0, 0, 0, 0, 16, 18, 11, 0, 0, 0, 0, 17, 0, 0, 0, 0, 17, 0, 18, 16, 19, 0, 0, 18, 10, 18, 15, 0, 0, 18, 0, 14, 20, 17, 0, 0, 0, : 17, 16, 18, 11, 17, 17, 18, 16, 19, 18, 10, 18, 15, 18, 14, 20, 17, 
11: 0, 0, 19, 0, 19, 0, 16, 0, 0, 22, 15, 19, 0, 0, 0, 18, 17, 21, 12, 0, 0, 18, 15, 0, 14, 0, 0, 0, 0, 0, 16, 0, 13, 0, 0, 15, 20, 18, 0, 0, : 19, 19, 16, 22, 15, 19, 18, 17, 21, 12, 18, 15, 14, 16, 13, 15, 20, 18, 
9: 19, 0, 0, 17, 17, 0, 18, 15, 12, 0, 17, 17, 0, 0, 16, 20, 12, 0, 0, 0, 0, 0, 0, 18, 0, 0, 12, 0, 0, 19, 18, 0, 0, 0, 17, 0, 0, 0, 20, 0, : 19, 17, 17, 18, 15, 12, 17, 17, 16, 20, 12, 18, 12, 19, 18, 17, 20, 
3: 19, 0, 0, 0, 21, 0, 16, 0, 0, 0, 22, 10, 0, 17, 17, 0, 0, 17, 18, 19, 18, 18, 19, 0, 16, 14, 0, 20, 18, 16, 12, 19, 0, 0, 13, 17, 0, 0, 0, 19, : 19, 21, 16, 22, 10, 17, 17, 17, 18, 19, 18, 18, 19, 16, 14, 20, 18, 16, 12, 19, 13, 17, 19, 
2: 0, 19, 0, 0, 0, 16, 0, 0, 19, 10, 0, 0, 10, 16, 21, 0, 0, 14, 0, 0, 0, 0, 0, 18, 18, 13, 0, 0, 0, 0, 0, 23, 0, 0, 0, 22, 0, 0, 13, 0, : 19, 16, 19, 10, 10, 16, 21, 14, 18, 18, 13, 23, 22, 13, 
17: 17, 18, 16, 11, 0, 0, 0, 0, 21, 18, 0, 0, 16, 0, 0, 17, 0, 0, 0, 20, 18, 21, 0, 0, 23, 0, 0, 0, 0, 16, 0, 0, 15, 0, 0, 0, 14, 0, 0, 17, : 17, 18, 16, 11, 21, 18, 16, 17, 20, 18, 21, 23, 16, 15, 14, 17, 
7: 0, 17, 0, 0, 0, 0, 0, 20, 0, 0, 0, 17, 18, 22, 0, 15, 0, 18, 16, 20, 14, 15, 0, 16, 0, 19, 0, 20, 0, 0, 23, 0, 0, 16, 0, 16, 0, 0, 17, 19, : 17, 20, 17, 18, 22, 15, 18, 16, 20, 14, 15, 16, 19, 20, 23, 16, 16, 17, 19, 
19: 0, 0, 17, 0, 16, 15, 15, 0, 0, 0, 18, 23, 14, 0, 0, 17, 19, 0, 0, 0, 0, 0, 17, 14, 0, 16, 20, 0, 17, 0, 0, 17, 0, 17, 18, 0, 0, 15, 0, 0, : 17, 16, 15, 15, 18, 23, 14, 17, 19, 17, 14, 16, 20, 17, 17, 17, 18, 15, 
8: 0, 15, 0, 21, 17, 15, 17, 13, 0, 23, 19, 14, 0, 0, 18, 0, 0, 0, 0, 0, 10, 0, 17, 19, 0, 0, 0, 0, 0, 13, 0, 18, 0, 12, 0, 0, 0, 16, 0, 18, : 15, 21, 17, 15, 17, 13, 23, 19, 14, 18, 10, 17, 19, 13, 18, 12, 16, 18, 
16: 18, 0, 12, 17, 0, 0, 0, 18, 15, 19, 0, 0, 19, 0, 18, 0, 18, 18, 15, 0, 13, 0, 0, 0, 0, 19, 16, 0, 16, 0, 0, 0, 0, 22, 17, 0, 16, 20, 16, 20, : 18, 12, 17, 18, 15, 19, 19, 18, 18, 18, 15, 13, 19, 16, 16, 22, 17, 16, 20, 16, 20, 
5: 0, 17, 18, 0, 16, 19, 0, 0, 13, 0, 0, 0, 19, 0, 0, 0, 0, 0, 17, 0, 0, 0, 0, 19, 13, 0, 14, 18, 0, 0, 0, 0, 18, 16, 20, 0, 0, 17, 16, 0, : 17, 18, 16, 19, 13, 19, 17, 19, 13, 14, 18, 18, 16, 20, 17, 16, 
6: 0, 17, 0, 16, 13, 0, 0, 20, 0, 0, 0, 0, 0, 0, 0, 0, 23, 14, 0, 0, 0, 0, 0, 0, 0, 0, 0, 0, 0, 18, 0, 17, 0, 18, 0, 16, 18, 18, 14, 17, : 17, 16, 13, 20, 23, 14, 18, 17, 18, 16, 18, 18, 14, 17, 
18: 0, 0, 20, 17, 0, 17, 15, 15, 15, 0, 0, 18, 0, 19, 0, 22, 0, 0, 0, 10, 0, 0, 0, 0, 15, 0, 19, 20, 19, 14, 16, 14, 0, 0, 17, 15, 15, 0, 18, 14, : 20, 17, 17, 15, 15, 15, 18, 19, 22, 10, 15, 19, 20, 19, 14, 16, 14, 17, 15, 15, 18, 14, 
1: 0, 0, 0, 0, 0, 16, 0, 0, 0, 16, 0, 14, 0, 17, 11, 16, 15, 17, 17, 0, 0, 0, 0, 0, 0, 0, 0, 0, 0, 0, 0, 13, 15, 18, 22, 0, 16, 0, 0, 13, : 16, 16, 14, 17, 11, 16, 15, 17, 17, 13, 15, 18, 22, 16, 13, 
15: 17, 17, 0, 19, 15, 16, 16, 0, 0, 17, 14, 0, 24, 0, 0, 14, 14, 0, 19, 16, 23, 16, 12, 13, 19, 0, 0, 0, 11, 0, 14, 18, 20, 19, 0, 17, 0, 18, 0, 0, : 17, 17, 19, 15, 16, 16, 17, 14, 24, 14, 14, 19, 16, 23, 16, 12, 13, 19, 11, 14, 18, 20, 19, 17, 18, 


