
200
20
150
1

2: 0, 15, 0, 0, 14, 18, 0, 20, 14, 0, 0, 0, 12, 0, 23, 16, 18, 15, 16, 0, 0, 18, 20, 19, 0, 0, 19, 0, 0, 0, 0, 0, 0, 14, 0, 17, 0, 0, 0, 0, 16, 13, 0, 15, 18, 0, 0, 15, 18, 0, 0, 0, 14, 20, 15, 21, 12, 0, 0, 0, 0, 15, 0, 19, 0, 0, 16, 19, 12, 17, 0, 0, 17, 18, 0, 19, 0, 0, 0, 0, 18, 0, 0, 0, 0, 0, 0, 18, 0, 0, 14, 0, 16, 12, 15, 0, 0, 15, 13, 0, 20, 0, 15, 0, 13, 21, 0, 0, 0, 0, 0, 23, 13, 0, 18, 0, 0, 0, 0, 17, 19, 16, 21, 19, 20, 12, 15, 0, 15, 14, 15, 0, 0, 15, 0, 0, 18, 18, 13, 0, 18, 0, 0, 0, 0, 11, 17, 0, 17, 19, 0, 0, 0, 16, 20, 20, 17, 0, 0, 18, 0, 0, 0, 15, 15, 21, 0, 0, 0, 12, 20, 17, 13, 10, 0, 0, 19, 0, 13, 13, 0, 0, 0, 16, 0, 14, 0, 21, 14, 0, 0, 13, 0, 0, 17, 17, 0, 0, 0, 14, : 15, 14, 18, 20, 14, 12, 23, 16, 18, 15, 16, 18, 20, 19, 19, 14, 17, 16, 13, 15, 18, 15, 18, 14, 20, 15, 21, 12, 15, 19, 16, 19, 12, 17, 17, 18, 19, 18, 18, 14, 16, 12, 15, 15, 13, 20, 15, 13, 21, 23, 13, 18, 17, 19, 16, 21, 19, 20, 12, 15, 15, 14, 15, 15, 18, 18, 13, 18, 11, 17, 17, 19, 16, 20, 20, 17, 18, 15, 15, 21, 12, 20, 17, 13, 10, 19, 13, 13, 16, 14, 21, 14, 13, 17, 17, 14, 
7: 0, 16, 22, 0, 0, 13, 0, 0, 0, 0, 14, 17, 0, 22, 15, 0, 0, 0, 14, 0, 17, 16, 0, 13, 0, 20, 14, 0, 0, 0, 0, 18, 0, 0, 0, 0, 14, 15, 17, 0, 0, 0, 13, 0, 19, 0, 0, 0, 15, 0, 15, 0, 15, 0, 0, 21, 15, 14, 0, 0, 0, 18, 0, 16, 0, 15, 0, 0, 0, 20, 19, 0, 0, 0, 0, 11, 11, 18, 13, 14, 20, 14, 0, 0, 0, 12, 12, 0, 0, 14, 12, 0, 0, 17, 0, 0, 0, 20, 19, 13, 0, 19, 20, 19, 17, 0, 0, 0, 23, 16, 16, 0, 0, 0, 0, 0, 17, 0, 22, 0, 0, 0, 0, 0, 15, 15, 20, 21, 20, 0, 16, 21, 0, 20, 0, 18, 0, 0, 17, 0, 0, 0, 12, 0, 12, 0, 0, 0, 17, 0, 0, 0, 15, 0, 0, 0, 0, 0, 17, 0, 0, 14, 22, 13, 19, 16, 0, 0, 20, 17, 0, 0, 0, 0, 21, 0, 0, 0, 0, 0, 0, 0, 0, 0, 15, 0, 16, 13, 0, 15, 20, 0, 0, 0, 0, 16, 20, 17, 0, 0, : 16, 22, 13, 14, 17, 22, 15, 14, 17, 16, 13, 20, 14, 18, 14, 15, 17, 13, 19, 15, 15, 15, 21, 15, 14, 18, 16, 15, 20, 19, 11, 11, 18, 13, 14, 20, 14, 12, 12, 14, 12, 17, 20, 19, 13, 19, 20, 19, 17, 23, 16, 16, 17, 22, 15, 15, 20, 21, 20, 16, 21, 20, 18, 17, 12, 12, 17, 15, 17, 14, 22, 13, 19, 16, 20, 17, 21, 15, 16, 13, 15, 20, 16, 20, 17, 
15: 0, 14, 17, 11, 0, 15, 0, 0, 0, 0, 11, 0, 0, 12, 12, 0, 12, 0, 0, 0, 0, 0, 0, 0, 13, 18, 0, 0, 0, 16, 16, 0, 16, 0, 0, 18, 18, 0, 14, 0, 21, 19, 16, 0, 0, 0, 13, 15, 0, 0, 0, 20, 0, 0, 0, 0, 0, 21, 0, 23, 17, 0, 0, 0, 19, 0, 16, 20, 21, 11, 0, 18, 0, 0, 0, 0, 14, 0, 14, 0, 0, 0, 0, 19, 17, 0, 13, 13, 20, 18, 0, 17, 0, 0, 0, 0, 0, 0, 20, 0, 20, 20, 19, 13, 17, 0, 0, 0, 16, 16, 0, 0, 15, 15, 16, 0, 0, 15, 0, 0, 0, 0, 0, 0, 15, 0, 0, 15, 0, 15, 0, 0, 14, 21, 0, 12, 17, 0, 0, 18, 0, 0, 0, 18, 0, 20, 0, 0, 0, 0, 17, 17, 0, 0, 0, 16, 0, 14, 23, 0, 0, 0, 15, 0, 0, 0, 0, 0, 0, 0, 0, 19, 17, 0, 0, 20, 0, 0, 0, 0, 0, 13, 0, 15, 15, 0, 0, 20, 0, 21, 0, 0, 21, 0, 21, 14, 15, 15, 0, 0, : 14, 17, 11, 15, 11, 12, 12, 12, 13, 18, 16, 16, 16, 18, 18, 14, 21, 19, 16, 13, 15, 20, 21, 23, 17, 19, 16, 20, 21, 11, 18, 14, 14, 19, 17, 13, 13, 20, 18, 17, 20, 20, 20, 19, 13, 17, 16, 16, 15, 15, 16, 15, 15, 15, 15, 14, 21, 12, 17, 18, 18, 20, 17, 17, 16, 14, 23, 15, 19, 17, 20, 13, 15, 15, 20, 21, 21, 21, 14, 15, 15, 
17: 19, 21, 0, 0, 0, 21, 14, 0, 14, 20, 14, 23, 14, 0, 0, 15, 0, 15, 0, 13, 14, 19, 13, 0, 13, 0, 0, 0, 13, 0, 18, 16, 13, 15, 16, 19, 0, 0, 0, 0, 13, 22, 0, 16, 0, 0, 15, 0, 0, 19, 19, 13, 21, 0, 0, 20, 20, 0, 16, 10, 14, 23, 0, 0, 19, 12, 0, 0, 12, 20, 17, 17, 21, 0, 20, 0, 0, 0, 20, 18, 18, 0, 18, 0, 11, 18, 18, 0, 0, 0, 0, 16, 0, 18, 0, 17, 0, 0, 20, 18, 0, 18, 0, 17, 0, 0, 17, 23, 0, 14, 0, 16, 0, 18, 0, 0, 0, 16, 0, 0, 0, 0, 0, 15, 0, 0, 12, 0, 0, 18, 12, 16, 20, 0, 0, 0, 18, 0, 17, 0, 13, 12, 0, 0, 0, 12, 16, 18, 0, 17, 19, 16, 0, 13, 0, 0, 0, 0, 0, 0, 0, 0, 0, 0, 0, 17, 0, 0, 0, 17, 17, 17, 0, 20, 0, 11, 18, 0, 0, 23, 14, 0, 0, 19, 0, 0, 16, 0, 0, 0, 0, 0, 0, 19, 18, 0, 16, 14, 18, 0, : 19, 21, 21, 14, 14, 20, 14, 23, 14, 15, 15, 13, 14, 19, 13, 13, 13, 18, 16, 13, 15, 16, 19, 13, 22, 16, 15, 19, 19, 13, 21, 20, 20, 16, 10, 14, 23, 19, 12, 12, 20, 17, 17, 21, 20, 20, 18, 18, 18, 11, 18, 18, 16, 18, 17, 20, 18, 18, 17, 17, 23, 14, 16, 18, 16, 15, 12, 18, 12, 16, 20, 18, 17, 13, 12, 12, 16, 18, 17, 19, 16, 13, 17, 17, 17, 17, 20, 11, 18, 23, 14, 19, 16, 19, 18, 16, 14, 18, 
5: 0, 22, 0, 17, 15, 11, 21, 0, 0, 11, 0, 12, 0, 18, 18, 0, 22, 22, 0, 0, 0, 16, 19, 20, 19, 0, 0, 13, 17, 0, 0, 0, 18, 0, 14, 0, 17, 13, 19, 17, 0, 0, 0, 19, 15, 15, 0, 19, 0, 20, 15, 0, 0, 19, 20, 14, 0, 0, 23, 0, 10, 14, 21, 19, 0, 0, 0, 17, 0, 19, 11, 0, 0, 21, 0, 0, 0, 19, 0, 0, 0, 0, 0, 0, 0, 0, 0, 0, 20, 16, 0, 0, 12, 20, 21, 0, 19, 16, 15, 0, 18, 0, 18, 15, 0, 0, 0, 0, 16, 16, 14, 0, 0, 0, 0, 16, 0, 0, 0, 22, 0, 16, 19, 18, 0, 15, 21, 0, 0, 12, 0, 12, 0, 16, 15, 0, 0, 0, 0, 19, 0, 0, 0, 0, 0, 19, 0, 0, 13, 0, 0, 0, 0, 12, 12, 0, 0, 14, 13, 0, 0, 19, 15, 17, 22, 16, 0, 13, 13, 20, 0, 0, 17, 0, 0, 0, 21, 21, 0, 0, 17, 0, 19, 14, 15, 0, 0, 0, 14, 21, 16, 0, 0, 0, 16, 20, 14, 19, 17, 20, : 22, 17, 15, 11, 21, 11, 12, 18, 18, 22, 22, 16, 19, 20, 19, 13, 17, 18, 14, 17, 13, 19, 17, 19, 15, 15, 19, 20, 15, 19, 20, 14, 23, 10, 14, 21, 19, 17, 19, 11, 21, 19, 20, 16, 12, 20, 21, 19, 16, 15, 18, 18, 15, 16, 16, 14, 16, 22, 16, 19, 18, 15, 21, 12, 12, 16, 15, 19, 19, 13, 12, 12, 14, 13, 19, 15, 17, 22, 16, 13, 13, 20, 17, 21, 21, 17, 19, 14, 15, 14, 21, 16, 16, 20, 14, 19, 17, 20, 
1: 0, 0, 0, 14, 0, 0, 23, 14, 20, 0, 0, 18, 0, 0, 14, 0, 0, 19, 21, 17, 20, 0, 0, 0, 19, 0, 18, 0, 0, 0, 0, 0, 15, 0, 0, 0, 16, 0, 15, 13, 15, 0, 18, 22, 0, 13, 0, 0, 13, 0, 0, 0, 0, 21, 12, 0, 0, 21, 19, 0, 17, 19, 0, 0, 11, 11, 0, 21, 20, 12, 0, 0, 0, 16, 0, 0, 19, 12, 0, 0, 20, 0, 18, 20, 0, 13, 0, 12, 0, 12, 0, 0, 0, 21, 0, 14, 0, 13, 0, 0, 15, 0, 0, 0, 14, 0, 0, 0, 0, 0, 16, 13, 16, 0, 0, 0, 17, 0, 17, 0, 0, 0, 20, 15, 14, 16, 0, 0, 15, 20, 17, 14, 17, 17, 0, 0, 17, 14, 0, 0, 14, 0, 0, 0, 0, 20, 20, 0, 19, 19, 0, 0, 0, 0, 0, 17, 16, 0, 0, 14, 22, 13, 20, 20, 13, 13, 0, 0, 16, 16, 0, 20, 0, 0, 0, 19, 0, 13, 18, 12, 0, 0, 16, 13, 15, 0, 0, 0, 0, 0, 21, 20, 16, 15, 16, 0, 17, 0, 0, 17, : 14, 23, 14, 20, 18, 14, 19, 21, 17, 20, 19, 18, 15, 16, 15, 13, 15, 18, 22, 13, 13, 21, 12, 21, 19, 17, 19, 11, 11, 21, 20, 12, 16, 19, 12, 20, 18, 20, 13, 12, 12, 21, 14, 13, 15, 14, 16, 13, 16, 17, 17, 20, 15, 14, 16, 15, 20, 17, 14, 17, 17, 17, 14, 14, 20, 20, 19, 19, 17, 16, 14, 22, 13, 20, 20, 13, 13, 16, 16, 20, 19, 13, 18, 12, 16, 13, 15, 21, 20, 16, 15, 16, 17, 17, 
11: 0, 0, 15, 0, 20, 0, 0, 0, 0, 0, 0, 17, 0, 0, 0, 0, 0, 21, 0, 20, 16, 0, 0, 0, 0, 0, 0, 0, 0, 0, 20, 0, 0, 0, 0, 0, 18, 17, 0, 0, 0, 0, 0, 0, 13, 0, 19, 0, 0, 0, 0, 15, 20, 0, 0, 0, 0, 19, 0, 13, 0, 10, 15, 13, 13, 20, 0, 12, 0, 22, 20, 0, 0, 12, 12, 0, 0, 0, 0, 20, 0, 20, 0, 0, 0, 19, 0, 0, 0, 20, 20, 0, 14, 0, 0, 15, 21, 16, 0, 0, 0, 13, 0, 20, 15, 0, 19, 15, 16, 0, 14, 0, 17, 0, 0, 13, 23, 12, 15, 0, 0, 0, 17, 14, 0, 20, 14, 14, 0, 0, 0, 0, 18, 0, 0, 15, 14, 0, 19, 0, 0, 18, 12, 17, 19, 0, 0, 0, 0, 0, 17, 12, 16, 0, 21, 18, 13, 0, 0, 0, 13, 0, 13, 0, 0, 0, 13, 16, 0, 16, 0, 0, 17, 18, 10, 0, 0, 17, 0, 17, 17, 17, 0, 0, 0, 0, 0, 16, 21, 20, 0, 0, 0, 14, 14, 0, 20, 0, 0, 0, : 15, 20, 17, 21, 20, 16, 20, 18, 17, 13, 19, 15, 20, 19, 13, 10, 15, 13, 13, 20, 12, 22, 20, 12, 12, 20, 20, 19, 20, 20, 14, 15, 21, 16, 13, 20, 15, 19, 15, 16, 14, 17, 13, 23, 12, 15, 17, 14, 20, 14, 14, 18, 15, 14, 19, 18, 12, 17, 19, 17, 12, 16, 21, 18, 13, 13, 13, 13, 16, 16, 17, 18, 10, 17, 17, 17, 17, 16, 21, 20, 14, 14, 20, 
10: 0, 0, 22, 22, 0, 0, 11, 20, 0, 13, 0, 0, 13, 13, 16, 18, 0, 0, 21, 0, 0, 20, 0, 0, 0, 0, 0, 0, 0, 0, 13, 0, 0, 16, 0, 18, 0, 0, 0, 15, 0, 15, 19, 0, 22, 22, 0, 0, 14, 0, 20, 0, 21, 0, 0, 0, 14, 11, 10, 0, 0, 0, 22, 22, 0, 0, 0, 0, 0, 0, 0, 21, 20, 0, 0, 12, 0, 0, 17, 13, 0, 11, 0, 11, 0, 0, 0, 17, 0, 0, 0, 19, 18, 0, 17, 19, 0, 0, 15, 0, 13, 15, 0, 0, 19, 16, 13, 0, 15, 0, 23, 17, 14, 13, 16, 22, 16, 22, 16, 0, 0, 0, 0, 0, 15, 0, 0, 0, 14, 0, 18, 0, 16, 18, 0, 0, 0, 0, 18, 0, 0, 18, 15, 12, 19, 0, 0, 20, 19, 20, 19, 20, 0, 19, 0, 0, 0, 0, 0, 23, 14, 0, 0, 0, 15, 13, 19, 16, 0, 20, 0, 0, 0, 17, 17, 0, 0, 0, 0, 0, 0, 0, 23, 0, 0, 0, 14, 16, 16, 14, 0, 20, 20, 20, 0, 14, 0, 15, 15, 0, : 22, 22, 11, 20, 13, 13, 13, 16, 18, 21, 20, 13, 16, 18, 15, 15, 19, 22, 22, 14, 20, 21, 14, 11, 10, 22, 22, 21, 20, 12, 17, 13, 11, 11, 17, 19, 18, 17, 19, 15, 13, 15, 19, 16, 13, 15, 23, 17, 14, 13, 16, 22, 16, 22, 16, 15, 14, 18, 16, 18, 18, 18, 15, 12, 19, 20, 19, 20, 19, 20, 19, 23, 14, 15, 13, 19, 16, 20, 17, 17, 23, 14, 16, 16, 14, 20, 20, 20, 14, 15, 15, 
20: 14, 0, 0, 15, 14, 14, 0, 23, 19, 23, 18, 0, 17, 0, 22, 0, 0, 14, 0, 0, 20, 0, 13, 0, 0, 0, 0, 17, 18, 0, 0, 0, 0, 0, 0, 0, 13, 14, 0, 0, 0, 0, 22, 14, 0, 14, 0, 18, 16, 15, 0, 0, 13, 0, 0, 0, 15, 22, 0, 0, 0, 0, 10, 0, 0, 0, 0, 0, 12, 0, 19, 11, 13, 0, 0, 16, 19, 16, 11, 19, 17, 18, 0, 13, 0, 0, 19, 0, 0, 0, 0, 0, 0, 0, 12, 13, 0, 13, 0, 0, 0, 0, 18, 0, 0, 0, 0, 16, 15, 16, 16, 15, 0, 0, 15, 0, 15, 17, 17, 0, 14, 0, 0, 21, 13, 0, 0, 19, 0, 0, 0, 18, 15, 0, 0, 0, 0, 18, 0, 13, 21, 0, 0, 17, 19, 0, 19, 0, 0, 17, 0, 0, 0, 0, 17, 0, 0, 0, 0, 0, 0, 0, 0, 22, 0, 0, 0, 12, 17, 0, 0, 17, 0, 0, 0, 0, 0, 19, 19, 0, 0, 13, 0, 0, 0, 20, 16, 0, 0, 16, 0, 16, 15, 14, 0, 0, 18, 0, 19, 0, : 14, 15, 14, 14, 23, 19, 23, 18, 17, 22, 14, 20, 13, 17, 18, 13, 14, 22, 14, 14, 18, 16, 15, 13, 15, 22, 10, 12, 19, 11, 13, 16, 19, 16, 11, 19, 17, 18, 13, 19, 12, 13, 13, 18, 16, 15, 16, 16, 15, 15, 15, 17, 17, 14, 21, 13, 19, 18, 15, 18, 13, 21, 17, 19, 19, 17, 17, 22, 12, 17, 17, 19, 19, 13, 20, 16, 16, 16, 15, 14, 18, 19, 
8: 11, 0, 0, 22, 21, 21, 0, 0, 0, 0, 0, 13, 0, 14, 0, 15, 0, 18, 13, 15, 13, 0, 0, 13, 0, 0, 20, 0, 12, 13, 18, 0, 18, 18, 0, 13, 0, 17, 13, 18, 19, 15, 14, 0, 16, 18, 0, 0, 0, 13, 13, 13, 0, 13, 0, 15, 20, 0, 0, 0, 14, 20, 0, 10, 22, 16, 0, 12, 17, 0, 18, 0, 18, 0, 0, 18, 18, 0, 20, 0, 13, 0, 0, 0, 0, 0, 0, 19, 12, 0, 15, 14, 0, 0, 0, 0, 0, 0, 0, 0, 15, 0, 0, 0, 0, 17, 0, 16, 19, 0, 0, 0, 0, 14, 0, 15, 16, 16, 12, 18, 21, 14, 0, 15, 0, 0, 0, 0, 12, 0, 18, 0, 17, 0, 20, 18, 0, 12, 12, 12, 0, 0, 0, 19, 17, 17, 0, 19, 0, 14, 0, 20, 19, 20, 18, 21, 0, 0, 14, 14, 17, 0, 0, 0, 0, 0, 0, 21, 16, 0, 0, 0, 19, 18, 19, 0, 17, 0, 0, 19, 0, 0, 13, 0, 0, 16, 0, 0, 0, 0, 15, 0, 0, 16, 0, 0, 0, 0, 0, 0, : 11, 22, 21, 21, 13, 14, 15, 18, 13, 15, 13, 13, 20, 12, 13, 18, 18, 18, 13, 17, 13, 18, 19, 15, 14, 16, 18, 13, 13, 13, 13, 15, 20, 14, 20, 10, 22, 16, 12, 17, 18, 18, 18, 18, 20, 13, 19, 12, 15, 14, 15, 17, 16, 19, 14, 15, 16, 16, 12, 18, 21, 14, 15, 12, 18, 17, 20, 18, 12, 12, 12, 19, 17, 17, 19, 14, 20, 19, 20, 18, 21, 14, 14, 17, 21, 16, 19, 18, 19, 17, 19, 13, 16, 15, 16, 
12: 15, 0, 0, 0, 0, 23, 0, 0, 13, 0, 0, 0, 14, 0, 0, 0, 0, 0, 0, 0, 0, 13, 0, 0, 0, 0, 20, 12, 0, 16, 0, 0, 0, 13, 18, 0, 0, 0, 17, 18, 0, 0, 0, 0, 0, 0, 0, 0, 0, 20, 0, 19, 0, 0, 20, 0, 0, 15, 21, 19, 0, 14, 0, 0, 0, 21, 22, 20, 20, 17, 0, 0, 0, 0, 0, 19, 12, 21, 0, 20, 0, 0, 14, 13, 18, 0, 19, 19, 0, 0, 17, 18, 17, 0, 0, 0, 15, 0, 0, 13, 0, 0, 13, 0, 0, 16, 16, 0, 14, 0, 15, 16, 0, 15, 12, 16, 0, 0, 0, 12, 13, 0, 16, 0, 0, 0, 0, 16, 0, 0, 0, 20, 0, 0, 0, 21, 14, 18, 0, 19, 0, 0, 19, 0, 0, 0, 0, 13, 0, 19, 13, 0, 20, 15, 15, 15, 21, 13, 0, 0, 0, 0, 0, 0, 0, 20, 16, 0, 0, 0, 16, 13, 11, 0, 0, 0, 13, 18, 14, 18, 0, 14, 0, 0, 0, 22, 0, 0, 0, 0, 0, 0, 16, 17, 0, 0, 0, 20, 16, 16, : 15, 23, 13, 14, 13, 20, 12, 16, 13, 18, 17, 18, 20, 19, 20, 15, 21, 19, 14, 21, 22, 20, 20, 17, 19, 12, 21, 20, 14, 13, 18, 19, 19, 17, 18, 17, 15, 13, 13, 16, 16, 14, 15, 16, 15, 12, 16, 12, 13, 16, 16, 20, 21, 14, 18, 19, 19, 13, 19, 13, 20, 15, 15, 15, 21, 13, 20, 16, 16, 13, 11, 13, 18, 14, 18, 14, 22, 16, 17, 20, 16, 16, 
6: 16, 17, 0, 14, 18, 0, 0, 11, 23, 0, 19, 14, 0, 0, 0, 17, 14, 0, 0, 21, 0, 0, 0, 0, 0, 14, 17, 15, 0, 0, 17, 0, 20, 18, 16, 14, 19, 0, 17, 19, 0, 0, 0, 18, 15, 0, 0, 18, 0, 0, 0, 14, 14, 13, 21, 0, 0, 0, 0, 0, 0, 17, 0, 15, 0, 0, 12, 13, 0, 0, 0, 22, 18, 14, 17, 0, 17, 0, 0, 18, 11, 0, 0, 18, 13, 0, 0, 0, 0, 18, 0, 12, 14, 0, 20, 0, 16, 21, 0, 18, 0, 0, 19, 0, 0, 17, 0, 0, 0, 20, 0, 0, 15, 23, 0, 0, 0, 17, 0, 0, 17, 21, 0, 0, 0, 0, 16, 0, 0, 0, 0, 0, 0, 0, 16, 16, 21, 0, 0, 21, 0, 19, 18, 0, 0, 16, 0, 11, 0, 0, 0, 0, 0, 17, 16, 0, 21, 0, 14, 16, 20, 0, 0, 20, 20, 19, 21, 19, 19, 0, 16, 0, 20, 13, 0, 0, 0, 0, 17, 0, 23, 23, 0, 20, 0, 16, 0, 0, 16, 0, 15, 16, 0, 0, 20, 0, 0, 0, 0, 19, : 16, 17, 14, 18, 11, 23, 19, 14, 17, 14, 21, 14, 17, 15, 17, 20, 18, 16, 14, 19, 17, 19, 18, 15, 18, 14, 14, 13, 21, 17, 15, 12, 13, 22, 18, 14, 17, 17, 18, 11, 18, 13, 18, 12, 14, 20, 16, 21, 18, 19, 17, 20, 15, 23, 17, 17, 21, 16, 16, 16, 21, 21, 19, 18, 16, 11, 17, 16, 21, 14, 16, 20, 20, 20, 19, 21, 19, 19, 16, 20, 13, 17, 23, 23, 20, 16, 16, 15, 16, 20, 19, 
19: 17, 0, 20, 0, 14, 0, 13, 15, 0, 0, 0, 14, 0, 17, 0, 0, 15, 14, 0, 0, 21, 13, 15, 16, 14, 0, 17, 19, 0, 20, 18, 0, 0, 0, 13, 0, 0, 19, 0, 14, 0, 0, 0, 0, 18, 15, 18, 0, 0, 0, 20, 14, 19, 15, 0, 12, 0, 15, 0, 15, 15, 0, 0, 0, 15, 20, 19, 16, 0, 0, 12, 0, 0, 0, 14, 21, 0, 0, 20, 11, 19, 18, 19, 0, 19, 17, 0, 0, 14, 0, 18, 0, 19, 0, 15, 0, 14, 0, 0, 15, 18, 0, 0, 0, 21, 18, 15, 0, 0, 14, 16, 0, 0, 21, 23, 0, 0, 0, 16, 13, 0, 0, 0, 0, 0, 15, 17, 19, 19, 20, 0, 0, 0, 15, 0, 19, 0, 21, 0, 0, 19, 18, 18, 0, 18, 0, 18, 17, 20, 14, 0, 18, 0, 0, 14, 0, 0, 16, 0, 14, 14, 14, 0, 0, 0, 0, 20, 20, 0, 0, 0, 0, 0, 0, 18, 16, 0, 11, 0, 0, 0, 20, 14, 15, 0, 0, 0, 20, 20, 0, 0, 21, 14, 0, 0, 16, 0, 0, 0, 0, : 17, 20, 14, 13, 15, 14, 17, 15, 14, 21, 13, 15, 16, 14, 17, 19, 20, 18, 13, 19, 14, 18, 15, 18, 20, 14, 19, 15, 12, 15, 15, 15, 15, 20, 19, 16, 12, 14, 21, 20, 11, 19, 18, 19, 19, 17, 14, 18, 19, 15, 14, 15, 18, 21, 18, 15, 14, 16, 21, 23, 16, 13, 15, 17, 19, 19, 20, 15, 19, 21, 19, 18, 18, 18, 18, 17, 20, 14, 18, 14, 16, 14, 14, 14, 20, 20, 18, 16, 11, 20, 14, 15, 20, 20, 21, 14, 16, 
3: 0, 0, 15, 15, 0, 0, 18, 19, 0, 0, 0, 22, 0, 0, 17, 13, 0, 0, 0, 20, 0, 0, 0, 0, 0, 0, 0, 17, 17, 13, 16, 16, 0, 0, 18, 16, 17, 0, 0, 0, 18, 16, 15, 0, 0, 19, 0, 22, 15, 0, 0, 0, 0, 0, 15, 20, 0, 0, 15, 15, 0, 0, 16, 21, 0, 0, 13, 0, 0, 12, 0, 0, 12, 0, 16, 20, 0, 15, 17, 0, 14, 19, 0, 0, 13, 20, 17, 0, 0, 0, 0, 0, 0, 16, 0, 16, 0, 17, 0, 0, 0, 0, 13, 21, 0, 0, 17, 19, 0, 0, 0, 0, 21, 15, 0, 23, 0, 12, 0, 0, 21, 0, 0, 0, 0, 19, 0, 0, 17, 16, 14, 0, 0, 0, 21, 16, 12, 18, 14, 0, 12, 0, 20, 0, 17, 0, 12, 0, 11, 0, 19, 19, 17, 0, 0, 0, 16, 16, 0, 0, 0, 20, 20, 0, 0, 0, 0, 0, 0, 0, 0, 11, 0, 0, 16, 18, 18, 0, 18, 18, 0, 18, 0, 0, 16, 15, 21, 0, 16, 14, 0, 15, 20, 0, 0, 20, 0, 0, 16, 0, : 15, 15, 18, 19, 22, 17, 13, 20, 17, 17, 13, 16, 16, 18, 16, 17, 18, 16, 15, 19, 22, 15, 15, 20, 15, 15, 16, 21, 13, 12, 12, 16, 20, 15, 17, 14, 19, 13, 20, 17, 16, 16, 17, 13, 21, 17, 19, 21, 15, 23, 12, 21, 19, 17, 16, 14, 21, 16, 12, 18, 14, 12, 20, 17, 12, 11, 19, 19, 17, 16, 16, 20, 20, 11, 16, 18, 18, 18, 18, 18, 16, 15, 21, 16, 14, 15, 20, 20, 16, 
14: 21, 11, 0, 0, 0, 14, 0, 13, 0, 16, 0, 0, 0, 0, 0, 22, 18, 0, 15, 0, 0, 21, 0, 0, 20, 19, 12, 19, 19, 0, 0, 20, 18, 18, 19, 18, 18, 17, 0, 0, 16, 0, 18, 0, 0, 0, 14, 14, 18, 0, 14, 0, 0, 15, 13, 0, 0, 0, 13, 16, 0, 0, 16, 0, 21, 0, 0, 0, 0, 0, 22, 13, 0, 0, 12, 0, 19, 0, 0, 0, 0, 0, 11, 0, 0, 0, 0, 14, 18, 0, 16, 0, 0, 0, 0, 21, 0, 0, 13, 20, 0, 19, 0, 13, 0, 13, 0, 16, 0, 23, 0, 21, 0, 0, 0, 0, 0, 0, 0, 16, 0, 0, 0, 20, 21, 0, 0, 0, 17, 0, 0, 15, 0, 0, 16, 0, 0, 0, 19, 0, 0, 0, 0, 12, 0, 0, 0, 0, 15, 0, 11, 0, 0, 17, 0, 12, 15, 0, 0, 0, 19, 0, 15, 13, 0, 0, 17, 17, 12, 0, 13, 19, 0, 18, 18, 18, 0, 18, 18, 13, 18, 16, 0, 0, 13, 0, 13, 14, 20, 13, 0, 0, 0, 0, 0, 0, 0, 16, 20, 0, : 21, 11, 14, 13, 16, 22, 18, 15, 21, 20, 19, 12, 19, 19, 20, 18, 18, 19, 18, 18, 17, 16, 18, 14, 14, 18, 14, 15, 13, 13, 16, 16, 21, 22, 13, 12, 19, 11, 14, 18, 16, 21, 13, 20, 19, 13, 13, 16, 23, 21, 16, 20, 21, 17, 15, 16, 19, 12, 15, 11, 17, 12, 15, 19, 15, 13, 17, 17, 12, 13, 19, 18, 18, 18, 18, 18, 13, 18, 16, 13, 13, 14, 20, 13, 16, 20, 
9: 0, 0, 11, 0, 0, 0, 15, 0, 16, 14, 21, 0, 0, 14, 0, 22, 15, 0, 16, 15, 0, 0, 18, 17, 18, 13, 13, 19, 0, 18, 0, 13, 0, 0, 0, 17, 0, 0, 0, 0, 0, 18, 0, 0, 0, 0, 16, 0, 20, 19, 0, 0, 0, 0, 20, 12, 21, 0, 19, 0, 0, 0, 14, 15, 16, 0, 0, 0, 0, 0, 0, 12, 0, 20, 19, 0, 0, 19, 0, 0, 0, 13, 20, 20, 0, 19, 0, 0, 18, 0, 0, 20, 0, 0, 0, 19, 13, 0, 0, 0, 0, 0, 0, 17, 15, 0, 16, 0, 0, 0, 0, 15, 0, 0, 0, 0, 0, 0, 13, 17, 0, 13, 13, 13, 19, 0, 0, 0, 0, 0, 0, 0, 0, 0, 12, 0, 19, 14, 0, 0, 0, 0, 0, 16, 0, 0, 20, 15, 0, 0, 15, 15, 12, 0, 0, 0, 15, 21, 15, 0, 0, 22, 13, 15, 16, 0, 15, 16, 0, 13, 0, 0, 19, 19, 13, 0, 0, 0, 0, 0, 19, 0, 16, 0, 19, 14, 0, 16, 13, 0, 16, 14, 0, 0, 0, 0, 14, 18, 0, 15, : 11, 15, 16, 14, 21, 14, 22, 15, 16, 15, 18, 17, 18, 13, 13, 19, 18, 13, 17, 18, 16, 20, 19, 20, 12, 21, 19, 14, 15, 16, 12, 20, 19, 19, 13, 20, 20, 19, 18, 20, 19, 13, 17, 15, 16, 15, 13, 17, 13, 13, 13, 19, 12, 19, 14, 16, 20, 15, 15, 15, 12, 15, 21, 15, 22, 13, 15, 16, 15, 16, 13, 19, 19, 13, 19, 16, 19, 14, 16, 13, 16, 14, 14, 18, 15, 
18: 0, 19, 14, 0, 0, 0, 0, 0, 0, 14, 23, 0, 18, 0, 13, 0, 21, 12, 0, 13, 0, 0, 17, 19, 0, 17, 0, 0, 19, 18, 0, 18, 18, 0, 0, 0, 0, 0, 0, 20, 0, 0, 0, 0, 0, 0, 18, 0, 0, 0, 14, 0, 0, 14, 0, 0, 0, 0, 0, 18, 21, 0, 18, 0, 0, 21, 0, 0, 0, 0, 0, 0, 0, 12, 0, 0, 0, 0, 0, 0, 0, 19, 19, 18, 20, 19, 14, 0, 18, 14, 0, 0, 0, 17, 0, 16, 19, 0, 18, 0, 0, 0, 0, 15, 0, 0, 0, 16, 0, 0, 0, 0, 23, 0, 0, 0, 22, 0, 0, 14, 16, 16, 14, 0, 0, 20, 19, 12, 0, 18, 0, 0, 21, 12, 18, 0, 0, 0, 21, 13, 0, 18, 18, 19, 12, 17, 0, 20, 19, 11, 0, 0, 18, 0, 0, 14, 0, 17, 20, 17, 0, 17, 17, 0, 17, 0, 16, 0, 0, 0, 20, 17, 0, 0, 0, 0, 0, 15, 0, 0, 13, 0, 0, 23, 22, 0, 20, 0, 0, 0, 20, 15, 14, 0, 14, 0, 0, 0, 15, 15, : 19, 14, 14, 23, 18, 13, 21, 12, 13, 17, 19, 17, 19, 18, 18, 18, 20, 18, 14, 14, 18, 21, 18, 21, 12, 19, 19, 18, 20, 19, 14, 18, 14, 17, 16, 19, 18, 15, 16, 23, 22, 14, 16, 16, 14, 20, 19, 12, 18, 21, 12, 18, 21, 13, 18, 18, 19, 12, 17, 20, 19, 11, 18, 14, 17, 20, 17, 17, 17, 17, 16, 20, 17, 15, 13, 23, 22, 20, 20, 15, 14, 14, 15, 15, 
16: 22, 0, 0, 20, 0, 0, 15, 0, 20, 19, 14, 0, 22, 17, 0, 0, 15, 0, 0, 0, 0, 0, 0, 15, 0, 13, 0, 0, 15, 18, 0, 17, 0, 0, 0, 0, 0, 0, 0, 0, 0, 14, 15, 15, 0, 18, 15, 13, 0, 14, 0, 21, 0, 0, 0, 0, 11, 0, 14, 21, 23, 0, 18, 0, 0, 0, 21, 0, 17, 0, 0, 17, 19, 18, 21, 14, 21, 11, 0, 17, 0, 18, 18, 0, 19, 0, 19, 19, 16, 18, 18, 20, 20, 15, 18, 0, 17, 19, 0, 18, 13, 13, 15, 0, 19, 17, 22, 0, 16, 0, 0, 14, 0, 0, 15, 16, 0, 0, 0, 21, 16, 19, 16, 0, 0, 0, 0, 17, 21, 0, 0, 17, 0, 16, 15, 0, 0, 0, 0, 17, 18, 15, 0, 0, 17, 0, 17, 0, 0, 0, 0, 13, 13, 0, 17, 17, 16, 0, 0, 0, 16, 16, 0, 15, 13, 0, 13, 0, 0, 0, 19, 0, 0, 0, 18, 13, 15, 0, 11, 17, 0, 0, 16, 0, 0, 0, 20, 0, 0, 0, 14, 0, 0, 21, 0, 18, 0, 0, 0, 18, : 22, 20, 15, 20, 19, 14, 22, 17, 15, 15, 13, 15, 18, 17, 14, 15, 15, 18, 15, 13, 14, 21, 11, 14, 21, 23, 18, 21, 17, 17, 19, 18, 21, 14, 21, 11, 17, 18, 18, 19, 19, 19, 16, 18, 18, 20, 20, 15, 18, 17, 19, 18, 13, 13, 15, 19, 17, 22, 16, 14, 15, 16, 21, 16, 19, 16, 17, 21, 17, 16, 15, 17, 18, 15, 17, 17, 13, 13, 17, 17, 16, 16, 16, 15, 13, 13, 19, 18, 13, 15, 11, 17, 16, 20, 14, 21, 18, 18, 
4: 15, 0, 0, 0, 11, 0, 20, 0, 0, 20, 16, 0, 17, 23, 0, 0, 0, 0, 19, 16, 13, 0, 16, 18, 16, 17, 0, 19, 20, 18, 14, 18, 14, 20, 18, 0, 0, 20, 20, 16, 14, 18, 0, 13, 0, 16, 22, 0, 21, 14, 20, 0, 0, 20, 14, 15, 22, 0, 0, 0, 0, 0, 0, 0, 14, 14, 20, 0, 0, 0, 12, 19, 0, 0, 19, 0, 0, 19, 0, 0, 0, 0, 0, 18, 20, 13, 19, 0, 14, 20, 20, 0, 0, 0, 16, 0, 16, 0, 17, 15, 18, 15, 0, 0, 0, 0, 15, 13, 0, 0, 0, 0, 16, 16, 22, 17, 12, 23, 22, 0, 13, 14, 0, 0, 0, 0, 16, 17, 0, 0, 20, 0, 12, 0, 17, 0, 0, 0, 0, 0, 18, 20, 18, 0, 0, 18, 11, 17, 0, 0, 20, 0, 0, 21, 0, 0, 0, 22, 17, 20, 0, 15, 0, 0, 0, 0, 0, 0, 20, 19, 12, 0, 0, 17, 0, 17, 11, 18, 22, 0, 17, 16, 20, 0, 0, 20, 0, 0, 0, 0, 0, 0, 14, 0, 0, 15, 0, 0, 0, 0, : 15, 11, 20, 20, 16, 17, 23, 19, 16, 13, 16, 18, 16, 17, 19, 20, 18, 14, 18, 14, 20, 18, 20, 20, 16, 14, 18, 13, 16, 22, 21, 14, 20, 20, 14, 15, 22, 14, 14, 20, 12, 19, 19, 19, 18, 20, 13, 19, 14, 20, 20, 16, 16, 17, 15, 18, 15, 15, 13, 16, 16, 22, 17, 12, 23, 22, 13, 14, 16, 17, 20, 12, 17, 18, 20, 18, 18, 11, 17, 20, 21, 22, 17, 20, 15, 20, 19, 12, 17, 17, 11, 18, 22, 17, 16, 20, 20, 14, 15, 
13: 0, 15, 14, 0, 23, 0, 0, 15, 11, 0, 0, 0, 23, 0, 0, 12, 0, 0, 15, 0, 16, 14, 19, 0, 18, 19, 0, 0, 0, 0, 0, 14, 0, 18, 18, 0, 0, 18, 18, 0, 18, 0, 0, 18, 14, 0, 0, 16, 0, 16, 0, 21, 13, 0, 0, 0, 0, 12, 0, 0, 19, 0, 0, 0, 0, 0, 11, 0, 19, 0, 0, 0, 12, 19, 0, 0, 0, 0, 18, 0, 0, 0, 13, 0, 0, 0, 0, 19, 0, 0, 0, 14, 20, 14, 16, 0, 0, 0, 0, 20, 0, 18, 0, 0, 0, 15, 0, 16, 0, 15, 20, 0, 0, 0, 13, 12, 12, 0, 0, 0, 0, 21, 14, 0, 18, 18, 0, 0, 0, 17, 20, 17, 0, 0, 0, 15, 0, 17, 0, 18, 17, 12, 0, 20, 0, 0, 0, 0, 0, 0, 0, 0, 20, 0, 0, 0, 0, 17, 17, 14, 15, 0, 0, 0, 0, 15, 0, 0, 17, 0, 17, 0, 17, 0, 0, 18, 18, 0, 0, 0, 12, 0, 13, 15, 20, 13, 14, 14, 0, 16, 13, 0, 0, 14, 14, 0, 16, 16, 14, 16, : 15, 14, 23, 15, 11, 23, 12, 15, 16, 14, 19, 18, 19, 14, 18, 18, 18, 18, 18, 18, 14, 16, 16, 21, 13, 12, 19, 11, 19, 12, 19, 18, 13, 19, 14, 20, 14, 16, 20, 18, 15, 16, 15, 20, 13, 12, 12, 21, 14, 18, 18, 17, 20, 17, 15, 17, 18, 17, 12, 20, 20, 17, 17, 14, 15, 15, 17, 17, 17, 18, 18, 12, 13, 15, 20, 13, 14, 14, 16, 13, 14, 14, 16, 16, 14, 16, 


