
40
100
150
5

100: 17, 24, 0, 0, 0, 0, 0, 17, 0, 0, 0, 16, 0, 19, 0, 17, 0, 0, 15, 20, 0, 0, 0, 0, 0, 0, 15, 11, 0, 11, 0, 0, 12, 0, 0, 0, 0, 0, 20, 12, : 17, 24, 17, 16, 19, 17, 15, 20, 15, 11, 11, 12, 20, 12, 
18: 0, 0, 23, 0, 0, 0, 0, 0, 0, 0, 14, 0, 0, 16, 21, 19, 0, 20, 0, 13, 0, 0, 19, 13, 14, 0, 0, 0, 0, 21, 0, 0, 18, 20, 0, 15, 0, 0, 18, 15, : 23, 14, 16, 21, 19, 20, 13, 19, 13, 14, 21, 18, 20, 15, 18, 15, 
47: 0, 0, 0, 21, 19, 19, 12, 0, 0, 0, 15, 0, 0, 14, 0, 0, 0, 0, 19, 14, 20, 12, 0, 0, 11, 18, 0, 0, 0, 16, 0, 17, 17, 0, 19, 20, 0, 13, 0, 0, : 21, 19, 19, 12, 15, 14, 19, 14, 20, 12, 11, 18, 16, 17, 17, 19, 20, 13, 
62: 21, 0, 0, 0, 0, 13, 0, 0, 0, 14, 0, 14, 11, 0, 0, 0, 0, 0, 0, 0, 0, 15, 0, 0, 17, 0, 12, 0, 16, 18, 11, 19, 0, 21, 0, 0, 16, 0, 20, 0, : 21, 13, 14, 14, 11, 15, 17, 12, 16, 18, 11, 19, 21, 16, 20, 
86: 0, 0, 19, 21, 0, 20, 16, 11, 14, 16, 0, 0, 0, 21, 0, 0, 18, 0, 0, 0, 0, 18, 0, 0, 0, 18, 0, 20, 0, 11, 0, 19, 0, 14, 20, 17, 0, 17, 0, 17, : 19, 21, 20, 16, 11, 14, 16, 21, 18, 18, 18, 20, 11, 19, 14, 20, 17, 17, 17, 
89: 16, 11, 17, 0, 15, 0, 0, 19, 0, 0, 23, 14, 0, 0, 16, 18, 0, 0, 0, 0, 0, 0, 0, 0, 16, 0, 16, 17, 18, 0, 0, 0, 0, 0, 0, 0, 19, 14, 14, 18, : 16, 11, 17, 15, 19, 23, 14, 16, 18, 16, 16, 17, 18, 19, 14, 14, 18, 
92: 0, 0, 21, 17, 0, 13, 0, 16, 24, 16, 0, 0, 19, 0, 0, 10, 0, 0, 0, 19, 0, 0, 0, 0, 18, 13, 0, 21, 0, 0, 0, 18, 0, 18, 0, 0, 19, 0, 0, 17, : 21, 17, 13, 16, 24, 16, 19, 10, 19, 18, 13, 21, 18, 18, 19, 17, 
72: 16, 0, 10, 0, 18, 0, 23, 24, 15, 0, 16, 0, 19, 0, 0, 0, 0, 14, 0, 0, 21, 20, 0, 18, 0, 0, 15, 15, 15, 0, 0, 17, 13, 0, 0, 0, 0, 0, 19, 0, : 16, 10, 18, 23, 24, 15, 16, 19, 14, 21, 20, 18, 15, 15, 15, 17, 13, 19, 
59: 12, 15, 19, 0, 20, 0, 15, 17, 0, 13, 0, 20, 0, 0, 19, 0, 17, 15, 14, 0, 19, 22, 0, 18, 0, 14, 0, 0, 0, 0, 0, 0, 16, 0, 0, 11, 17, 0, 0, 0, : 12, 15, 19, 20, 15, 17, 13, 20, 19, 17, 15, 14, 19, 22, 18, 14, 16, 11, 17, 
1: 12, 0, 14, 0, 14, 14, 0, 0, 0, 18, 12, 18, 0, 0, 0, 20, 19, 0, 21, 14, 0, 10, 0, 12, 0, 0, 17, 0, 11, 18, 16, 0, 0, 0, 18, 0, 12, 0, 0, 0, : 12, 14, 14, 14, 18, 12, 18, 20, 19, 21, 14, 10, 12, 17, 11, 18, 16, 18, 12, 
24: 0, 12, 0, 10, 0, 0, 0, 0, 15, 0, 17, 0, 21, 0, 0, 0, 0, 16, 0, 0, 0, 0, 21, 21, 21, 15, 21, 0, 16, 0, 0, 0, 0, 0, 18, 20, 21, 21, 0, 0, : 12, 10, 15, 17, 21, 16, 21, 21, 21, 15, 21, 16, 18, 20, 21, 21, 
83: 0, 14, 13, 0, 0, 0, 0, 12, 0, 0, 16, 0, 13, 0, 0, 0, 0, 18, 16, 0, 20, 0, 12, 16, 13, 0, 0, 17, 16, 0, 0, 0, 0, 0, 0, 18, 0, 0, 0, 0, : 14, 13, 12, 16, 13, 18, 16, 20, 12, 16, 13, 17, 16, 18, 
71: 24, 0, 14, 19, 0, 17, 17, 0, 0, 15, 0, 0, 16, 0, 0, 0, 18, 16, 21, 0, 0, 0, 17, 0, 20, 16, 0, 16, 0, 0, 18, 0, 19, 17, 12, 0, 20, 0, 0, 0, : 24, 14, 19, 17, 17, 15, 16, 18, 16, 21, 17, 20, 16, 16, 18, 19, 17, 12, 20, 
74: 0, 24, 0, 16, 11, 18, 11, 19, 0, 0, 0, 17, 0, 0, 13, 19, 16, 0, 13, 21, 13, 18, 0, 0, 0, 19, 15, 0, 19, 0, 11, 12, 0, 13, 0, 0, 13, 16, 0, 0, : 24, 16, 11, 18, 11, 19, 17, 13, 19, 16, 13, 21, 13, 18, 19, 15, 19, 11, 12, 13, 13, 16, 
17: 20, 0, 0, 0, 18, 14, 0, 0, 13, 0, 0, 12, 0, 19, 17, 13, 10, 0, 0, 14, 0, 0, 21, 0, 0, 15, 0, 15, 17, 0, 17, 0, 12, 0, 0, 0, 0, 19, 17, 17, : 20, 18, 14, 13, 12, 19, 17, 13, 10, 14, 21, 15, 15, 17, 17, 12, 19, 17, 17, 
30: 0, 17, 0, 15, 20, 0, 0, 0, 0, 24, 0, 0, 22, 0, 15, 0, 14, 18, 0, 0, 17, 0, 0, 14, 0, 0, 0, 18, 22, 15, 21, 21, 21, 18, 13, 17, 13, 12, 11, 20, : 17, 15, 20, 24, 22, 15, 14, 18, 17, 14, 18, 22, 15, 21, 21, 21, 18, 13, 17, 13, 12, 11, 20, 
95: 0, 0, 0, 15, 0, 22, 18, 0, 18, 18, 20, 0, 0, 22, 10, 0, 18, 0, 0, 19, 15, 0, 16, 0, 0, 0, 20, 0, 0, 18, 20, 15, 22, 15, 0, 0, 0, 0, 15, 0, : 15, 22, 18, 18, 18, 20, 22, 10, 18, 19, 15, 16, 20, 18, 20, 15, 22, 15, 15, 
39: 12, 11, 0, 16, 0, 0, 0, 15, 18, 16, 0, 16, 13, 11, 0, 17, 20, 0, 14, 0, 0, 0, 14, 0, 20, 0, 19, 0, 0, 22, 18, 0, 0, 0, 17, 19, 0, 0, 0, 20, : 12, 11, 16, 15, 18, 16, 16, 13, 11, 17, 20, 14, 14, 20, 19, 22, 18, 17, 19, 20, 
84: 0, 0, 0, 0, 0, 0, 20, 0, 15, 0, 17, 0, 16, 15, 19, 0, 0, 12, 0, 16, 14, 14, 13, 19, 0, 0, 0, 0, 0, 0, 0, 12, 0, 0, 16, 0, 0, 19, 16, 0, : 20, 15, 17, 16, 15, 19, 12, 16, 14, 14, 13, 19, 12, 16, 19, 16, 
68: 0, 22, 0, 0, 15, 0, 18, 0, 18, 0, 0, 23, 0, 13, 20, 17, 0, 21, 17, 0, 11, 21, 17, 19, 0, 22, 0, 0, 0, 0, 18, 0, 0, 14, 17, 13, 0, 19, 0, 14, : 22, 15, 18, 18, 23, 13, 20, 17, 21, 17, 11, 21, 17, 19, 22, 18, 14, 17, 13, 19, 14, 


81: 0, 0, 0, 14, 14, 0, 20, 0, 13, 16, 15, 0, 0, 0, 21, 21, 0, 0, 14, 18, 0, 19, 0, 17, 0, 21, 0, 19, 19, 20, 21, 0, 16, 18, 0, 0, 0, 20, 17, 0, : 14, 14, 20, 13, 16, 15, 21, 21, 14, 18, 19, 17, 21, 19, 19, 20, 21, 16, 18, 20, 17, 
22: 15, 15, 0, 0, 15, 11, 0, 0, 0, 0, 0, 10, 0, 0, 18, 13, 0, 0, 15, 15, 15, 20, 0, 0, 0, 18, 0, 0, 0, 14, 0, 22, 0, 0, 21, 17, 13, 0, 15, 14, : 15, 15, 15, 11, 10, 18, 13, 15, 15, 15, 20, 18, 14, 22, 21, 17, 13, 15, 14, 
4: 0, 0, 16, 0, 13, 0, 21, 0, 0, 18, 19, 19, 0, 11, 16, 21, 0, 13, 21, 0, 21, 20, 19, 16, 16, 0, 0, 13, 15, 0, 0, 16, 14, 0, 0, 19, 16, 0, 22, 14, : 16, 13, 21, 18, 19, 19, 11, 16, 21, 13, 21, 21, 20, 19, 16, 16, 13, 15, 16, 14, 19, 16, 22, 14, 
28: 0, 0, 17, 0, 20, 14, 0, 0, 0, 0, 17, 0, 17, 0, 0, 0, 20, 20, 15, 0, 14, 0, 0, 19, 0, 0, 0, 0, 12, 14, 0, 0, 18, 16, 0, 14, 0, 14, 0, 16, : 17, 20, 14, 17, 17, 20, 20, 15, 14, 19, 12, 14, 18, 16, 14, 14, 16, 
20: 0, 0, 14, 15, 15, 13, 15, 20, 0, 20, 0, 17, 17, 0, 0, 0, 19, 0, 0, 21, 0, 0, 0, 17, 0, 0, 0, 0, 0, 0, 0, 0, 0, 0, 17, 0, 0, 12, 0, 0, : 14, 15, 15, 13, 15, 20, 20, 17, 17, 19, 21, 17, 17, 12, 
26: 0, 12, 0, 0, 19, 18, 0, 15, 0, 19, 20, 0, 0, 15, 0, 0, 12, 0, 0, 15, 0, 0, 16, 0, 21, 0, 0, 0, 19, 19, 0, 0, 17, 15, 0, 0, 20, 18, 0, 14, : 12, 19, 18, 15, 19, 20, 15, 12, 15, 16, 21, 19, 19, 17, 15, 20, 18, 14, 
35: 0, 0, 0, 0, 0, 18, 0, 0, 0, 17, 0, 0, 0, 16, 0, 16, 13, 0, 21, 0, 0, 0, 0, 0, 0, 16, 0, 13, 0, 18, 0, 0, 0, 17, 18, 0, 14, 20, 16, 21, : 18, 17, 16, 16, 13, 21, 16, 13, 18, 17, 18, 14, 20, 16, 21, 
55: 0, 0, 15, 16, 0, 0, 13, 0, 16, 0, 20, 15, 17, 19, 0, 0, 0, 0, 0, 19, 0, 15, 0, 0, 14, 17, 0, 18, 0, 0, 20, 0, 0, 0, 15, 13, 0, 0, 0, 15, : 15, 16, 13, 16, 20, 15, 17, 19, 19, 15, 14, 17, 18, 20, 15, 13, 15, 
14: 20, 0, 0, 20, 0, 0, 0, 0, 19, 0, 0, 0, 16, 18, 14, 18, 21, 0, 13, 0, 0, 0, 19, 0, 0, 0, 0, 0, 0, 0, 18, 16, 20, 0, 14, 0, 0, 15, 17, 0, : 20, 20, 19, 16, 18, 14, 18, 21, 13, 19, 18, 16, 20, 14, 15, 17, 
78: 20, 15, 0, 0, 0, 0, 0, 0, 0, 0, 0, 0, 0, 19, 0, 0, 0, 13, 0, 16, 0, 0, 21, 0, 15, 17, 16, 17, 20, 0, 17, 19, 19, 0, 18, 0, 13, 17, 15, 16, : 20, 15, 19, 13, 16, 21, 15, 17, 16, 17, 20, 17, 19, 19, 18, 13, 17, 15, 16, 
13: 0, 19, 16, 0, 22, 0, 15, 0, 19, 0, 0, 18, 0, 0, 15, 0, 18, 18, 0, 0, 0, 14, 0, 15, 14, 20, 17, 19, 18, 0, 15, 0, 0, 18, 0, 15, 0, 14, 0, 22, : 19, 16, 22, 15, 19, 18, 15, 18, 18, 14, 15, 14, 20, 17, 19, 18, 15, 18, 15, 14, 22, 
2: 16, 0, 19, 0, 0, 19, 0, 19, 0, 0, 0, 21, 16, 20, 17, 0, 0, 0, 18, 0, 13, 0, 14, 0, 17, 12, 19, 14, 0, 0, 14, 0, 0, 0, 0, 18, 0, 0, 0, 18, : 16, 19, 19, 19, 21, 16, 20, 17, 18, 13, 14, 17, 12, 19, 14, 14, 18, 18, 
46: 0, 22, 11, 0, 0, 23, 18, 19, 15, 18, 0, 18, 0, 0, 12, 0, 15, 15, 0, 14, 19, 14, 0, 0, 14, 16, 18, 0, 0, 0, 0, 15, 0, 16, 0, 0, 0, 0, 0, 0, : 22, 11, 23, 18, 19, 15, 18, 18, 12, 15, 15, 14, 19, 14, 14, 16, 18, 15, 16, 
80: 13, 16, 0, 17, 0, 0, 0, 14, 14, 0, 0, 0, 10, 0, 21, 19, 0, 0, 0, 0, 0, 15, 15, 0, 0, 0, 18, 0, 0, 20, 0, 15, 0, 0, 0, 0, 0, 0, 13, 0, : 13, 16, 17, 14, 14, 10, 21, 19, 15, 15, 18, 20, 15, 13, 
27: 16, 0, 0, 18, 20, 0, 19, 19, 0, 16, 12, 0, 20, 0, 0, 15, 0, 0, 0, 18, 0, 13, 0, 0, 21, 13, 14, 0, 0, 19, 0, 0, 0, 14, 18, 0, 0, 0, 0, 0, : 16, 18, 20, 19, 19, 16, 12, 20, 15, 18, 13, 21, 13, 14, 19, 14, 18, 
11: 0, 0, 21, 20, 0, 0, 15, 0, 20, 12, 0, 0, 0, 0, 0, 0, 0, 16, 16, 0, 19, 0, 0, 18, 18, 0, 14, 0, 0, 0, 16, 16, 15, 17, 14, 0, 20, 0, 0, 0, : 21, 20, 15, 20, 12, 16, 16, 19, 18, 18, 14, 16, 16, 15, 17, 14, 20, 
93: 17, 13, 0, 0, 0, 0, 0, 16, 0, 0, 18, 20, 0, 16, 0, 15, 14, 0, 0, 0, 0, 0, 14, 0, 0, 0, 0, 0, 19, 0, 17, 0, 15, 0, 15, 12, 22, 0, 0, 0, : 17, 13, 16, 18, 20, 16, 15, 14, 14, 19, 17, 15, 15, 12, 22, 
21: 15, 21, 0, 0, 0, 20, 0, 15, 15, 0, 17, 0, 17, 16, 16, 0, 0, 20, 17, 14, 15, 0, 0, 20, 0, 0, 0, 17, 14, 12, 0, 0, 0, 0, 0, 0, 17, 0, 16, 0, : 15, 21, 20, 15, 15, 17, 17, 16, 16, 20, 17, 14, 15, 20, 17, 14, 12, 17, 16, 
85: 18, 17, 0, 11, 12, 14, 0, 13, 0, 0, 12, 12, 20, 0, 0, 12, 0, 14, 0, 0, 16, 0, 14, 13, 0, 0, 16, 20, 14, 0, 0, 16, 0, 0, 0, 24, 15, 20, 19, 0, : 18, 17, 11, 12, 14, 13, 12, 12, 20, 12, 14, 16, 14, 13, 16, 20, 14, 16, 24, 15, 20, 19, 
69: 0, 0, 21, 19, 0, 0, 14, 0, 19, 14, 0, 0, 0, 0, 0, 0, 18, 21, 0, 0, 18, 20, 18, 15, 0, 0, 18, 0, 0, 14, 12, 15, 16, 19, 0, 18, 0, 0, 0, 0, : 21, 19, 14, 19, 14, 18, 21, 18, 20, 18, 15, 18, 14, 12, 15, 16, 19, 18, 


6: 0, 0, 0, 17, 18, 0, 0, 0, 19, 0, 0, 0, 0, 0, 17, 15, 0, 17, 0, 17, 0, 18, 0, 0, 14, 18, 18, 17, 12, 21, 14, 0, 0, 19, 0, 16, 19, 0, 0, 0, : 17, 18, 19, 17, 15, 17, 17, 18, 14, 18, 18, 17, 12, 21, 14, 19, 16, 19, 
8: 0, 0, 0, 14, 0, 0, 14, 14, 0, 0, 0, 0, 12, 0, 18, 0, 21, 0, 0, 18, 0, 0, 0, 0, 0, 18, 0, 0, 0, 18, 0, 0, 0, 0, 0, 0, 0, 0, 0, 0, : 14, 14, 14, 12, 18, 21, 18, 18, 18, 
54: 0, 21, 0, 0, 0, 20, 0, 17, 15, 18, 0, 19, 0, 0, 18, 17, 0, 0, 18, 18, 13, 0, 15, 0, 0, 0, 23, 0, 0, 17, 17, 0, 0, 14, 21, 0, 20, 0, 17, 0, : 21, 20, 17, 15, 18, 19, 18, 17, 18, 18, 13, 15, 23, 17, 17, 14, 21, 20, 17, 
5: 20, 0, 12, 0, 0, 14, 0, 0, 0, 18, 0, 13, 0, 16, 0, 0, 0, 0, 16, 0, 13, 0, 0, 17, 14, 0, 0, 0, 14, 0, 17, 14, 0, 0, 0, 17, 0, 0, 13, 13, : 20, 12, 14, 18, 13, 16, 16, 13, 17, 14, 14, 17, 14, 17, 13, 13, 
12: 17, 0, 0, 18, 0, 17, 0, 18, 15, 20, 21, 0, 15, 0, 0, 12, 0, 0, 19, 0, 0, 21, 16, 24, 20, 18, 0, 0, 16, 0, 0, 0, 0, 14, 19, 0, 15, 0, 0, 17, : 17, 18, 17, 18, 15, 20, 21, 15, 12, 19, 21, 16, 24, 20, 18, 16, 14, 19, 15, 17, 
63: 0, 18, 18, 18, 0, 20, 0, 0, 0, 20, 15, 0, 13, 20, 0, 0, 0, 0, 0, 0, 0, 0, 0, 17, 20, 0, 14, 0, 0, 21, 0, 16, 18, 0, 0, 10, 16, 0, 0, 15, : 18, 18, 18, 20, 20, 15, 13, 20, 17, 20, 14, 21, 16, 18, 10, 16, 15, 
57: 13, 0, 0, 20, 16, 13, 19, 0, 0, 17, 20, 14, 20, 0, 0, 14, 0, 0, 19, 14, 0, 0, 0, 18, 18, 0, 0, 20, 0, 14, 0, 0, 0, 13, 16, 0, 14, 0, 15, 0, : 13, 20, 16, 13, 19, 17, 20, 14, 20, 14, 19, 14, 18, 18, 20, 14, 13, 16, 14, 15, 
37: 13, 0, 0, 0, 0, 0, 0, 0, 0, 0, 14, 0, 0, 0, 20, 18, 0, 16, 19, 18, 16, 18, 0, 17, 0, 15, 18, 14, 0, 0, 14, 14, 0, 0, 0, 20, 10, 17, 0, 0, : 13, 14, 20, 18, 16, 19, 18, 16, 18, 17, 15, 18, 14, 14, 14, 20, 10, 17, 
43: 0, 16, 18, 12, 15, 0, 0, 0, 0, 0, 0, 20, 0, 0, 16, 20, 0, 0, 0, 0, 17, 13, 0, 0, 0, 0, 17, 19, 0, 17, 0, 0, 14, 20, 17, 13, 0, 17, 13, 0, : 16, 18, 12, 15, 20, 16, 20, 17, 13, 17, 19, 17, 14, 20, 17, 13, 17, 13, 
73: 19, 0, 0, 0, 14, 0, 20, 0, 19, 0, 12, 0, 0, 17, 0, 0, 0, 18, 16, 23, 0, 13, 18, 0, 0, 22, 0, 0, 16, 13, 0, 0, 13, 21, 14, 0, 0, 14, 17, 0, : 19, 14, 20, 19, 12, 17, 18, 16, 23, 13, 18, 22, 16, 13, 13, 21, 14, 14, 17, 
32: 17, 0, 22, 0, 20, 0, 0, 15, 0, 0, 0, 0, 16, 12, 14, 16, 18, 0, 0, 0, 0, 0, 0, 0, 18, 0, 19, 0, 17, 0, 0, 0, 15, 17, 0, 20, 0, 18, 23, 20, : 17, 22, 20, 15, 16, 12, 14, 16, 18, 18, 19, 17, 15, 17, 20, 18, 23, 20, 
10: 0, 16, 15, 0, 20, 0, 0, 0, 16, 11, 0, 0, 0, 0, 0, 16, 13, 18, 0, 0, 0, 18, 13, 16, 0, 0, 0, 16, 0, 14, 14, 18, 15, 0, 0, 0, 20, 16, 17, 13, : 16, 15, 20, 16, 11, 16, 13, 18, 18, 13, 16, 16, 14, 14, 18, 15, 20, 16, 17, 13, 
99: 0, 0, 20, 0, 12, 17, 0, 15, 0, 0, 17, 0, 16, 16, 12, 0, 17, 18, 0, 0, 18, 0, 19, 0, 0, 0, 0, 17, 0, 15, 22, 0, 16, 0, 0, 0, 0, 0, 0, 22, : 20, 12, 17, 15, 17, 16, 16, 12, 17, 18, 18, 19, 17, 15, 22, 16, 22, 
23: 0, 0, 0, 0, 0, 19, 0, 0, 0, 0, 18, 16, 0, 0, 0, 22, 15, 13, 11, 15, 15, 17, 16, 0, 0, 0, 10, 18, 0, 0, 19, 17, 0, 0, 19, 18, 0, 19, 0, 0, : 19, 18, 16, 22, 15, 13, 11, 15, 15, 17, 16, 10, 18, 19, 17, 19, 18, 19, 
7: 0, 15, 0, 16, 0, 0, 16, 0, 18, 15, 17, 14, 18, 16, 0, 0, 14, 18, 0, 0, 17, 0, 0, 13, 0, 0, 12, 13, 20, 0, 0, 0, 0, 16, 0, 0, 18, 17, 16, 16, : 15, 16, 16, 18, 15, 17, 14, 18, 16, 14, 18, 17, 13, 12, 13, 20, 16, 18, 17, 16, 16, 
48: 0, 19, 0, 0, 0, 0, 14, 15, 16, 15, 16, 0, 0, 22, 0, 0, 17, 0, 13, 14, 0, 0, 0, 0, 0, 18, 0, 0, 18, 0, 0, 19, 19, 0, 11, 17, 0, 0, 0, 17, : 19, 14, 15, 16, 15, 16, 22, 17, 13, 14, 18, 18, 19, 19, 11, 17, 17, 
67: 14, 0, 16, 0, 0, 0, 14, 19, 19, 0, 0, 22, 0, 0, 15, 0, 15, 19, 0, 13, 0, 18, 0, 14, 17, 18, 19, 0, 0, 0, 20, 22, 0, 16, 0, 0, 18, 0, 0, 17, : 14, 16, 14, 19, 19, 22, 15, 15, 19, 13, 18, 14, 17, 18, 19, 20, 22, 16, 18, 17, 
40: 19, 20, 14, 0, 18, 14, 16, 15, 13, 0, 0, 0, 0, 13, 0, 0, 20, 13, 0, 0, 18, 14, 13, 14, 0, 10, 0, 0, 18, 0, 0, 14, 0, 0, 15, 19, 0, 0, 19, 0, : 19, 20, 14, 18, 14, 16, 15, 13, 13, 20, 13, 18, 14, 13, 14, 10, 18, 14, 15, 19, 19, 
45: 0, 12, 15, 14, 0, 0, 22, 0, 0, 0, 0, 14, 16, 0, 20, 0, 0, 0, 0, 0, 0, 0, 23, 0, 14, 13, 0, 0, 19, 0, 13, 16, 22, 0, 0, 0, 0, 10, 0, 0, : 12, 15, 14, 22, 14, 16, 20, 23, 14, 13, 19, 13, 16, 22, 10, 
64: 18, 13, 0, 21, 17, 16, 15, 22, 0, 16, 0, 18, 24, 18, 0, 0, 0, 0, 19, 0, 23, 0, 17, 0, 15, 0, 0, 16, 0, 0, 0, 0, 18, 0, 18, 0, 0, 22, 0, 0, : 18, 13, 21, 17, 16, 15, 22, 16, 18, 24, 18, 19, 23, 17, 15, 16, 18, 18, 22, 


31: 0, 0, 14, 0, 0, 16, 0, 0, 15, 15, 15, 19, 0, 0, 0, 13, 0, 11, 0, 16, 20, 0, 0, 19, 17, 13, 14, 18, 0, 0, 0, 21, 0, 0, 0, 15, 17, 0, 0, 0, : 14, 16, 15, 15, 15, 19, 13, 11, 16, 20, 19, 17, 13, 14, 18, 21, 15, 17, 
75: 0, 0, 0, 20, 16, 18, 0, 0, 16, 0, 17, 0, 0, 18, 0, 20, 0, 0, 22, 13, 12, 0, 0, 0, 0, 0, 16, 11, 18, 13, 0, 0, 16, 0, 0, 0, 18, 21, 20, 0, : 20, 16, 18, 16, 17, 18, 20, 22, 13, 12, 16, 11, 18, 13, 16, 18, 21, 20, 
53: 0, 14, 21, 0, 0, 0, 0, 0, 20, 0, 19, 19, 11, 0, 0, 0, 17, 0, 0, 0, 0, 0, 21, 15, 0, 0, 22, 19, 17, 0, 14, 0, 0, 14, 18, 0, 0, 15, 0, 15, : 14, 21, 20, 19, 19, 11, 17, 21, 15, 22, 19, 17, 14, 14, 18, 15, 15, 
51: 19, 0, 0, 0, 22, 0, 16, 21, 16, 0, 0, 15, 20, 15, 19, 0, 13, 12, 0, 0, 0, 14, 0, 0, 0, 0, 18, 0, 14, 17, 19, 15, 17, 17, 0, 0, 20, 18, 0, 0, : 19, 22, 16, 21, 16, 15, 20, 15, 19, 13, 12, 14, 18, 14, 17, 19, 15, 17, 17, 20, 18, 
88: 0, 0, 14, 0, 0, 0, 0, 15, 14, 0, 17, 16, 0, 0, 18, 0, 15, 0, 18, 0, 16, 12, 0, 0, 15, 14, 0, 19, 0, 0, 0, 0, 0, 17, 0, 0, 15, 0, 0, 14, : 14, 15, 14, 17, 16, 18, 15, 18, 16, 12, 15, 14, 19, 17, 15, 14, 
58: 17, 0, 0, 0, 0, 0, 17, 19, 0, 0, 0, 14, 17, 0, 0, 0, 17, 0, 0, 20, 20, 21, 0, 17, 0, 22, 0, 0, 12, 0, 15, 0, 19, 0, 14, 23, 0, 13, 16, 0, : 17, 17, 19, 14, 17, 17, 20, 20, 21, 17, 22, 12, 15, 19, 14, 23, 13, 16, 
49: 0, 20, 14, 0, 19, 0, 0, 15, 16, 15, 0, 0, 0, 0, 0, 23, 0, 17, 11, 20, 0, 0, 14, 20, 0, 0, 12, 15, 0, 0, 0, 0, 13, 15, 0, 0, 0, 0, 20, 0, : 20, 14, 19, 15, 16, 15, 23, 17, 11, 20, 14, 20, 12, 15, 13, 15, 20, 
42: 15, 17, 20, 18, 0, 0, 0, 0, 0, 0, 0, 0, 0, 17, 13, 0, 14, 15, 0, 0, 15, 0, 0, 13, 0, 0, 19, 0, 16, 0, 0, 20, 17, 0, 0, 13, 0, 0, 16, 0, : 15, 17, 20, 18, 17, 13, 14, 15, 15, 13, 19, 16, 20, 17, 13, 16, 
3: 0, 18, 0, 0, 0, 0, 0, 0, 0, 0, 19, 18, 0, 17, 16, 13, 0, 18, 18, 18, 0, 17, 21, 0, 0, 0, 0, 0, 0, 16, 0, 0, 0, 20, 0, 15, 15, 0, 0, 0, : 18, 19, 18, 17, 16, 13, 18, 18, 18, 17, 21, 16, 20, 15, 15, 
66: 0, 0, 0, 0, 10, 0, 0, 19, 17, 17, 0, 0, 0, 20, 0, 18, 15, 0, 17, 0, 14, 14, 0, 0, 17, 0, 0, 0, 18, 0, 15, 0, 0, 18, 0, 19, 0, 0, 14, 18, : 10, 19, 17, 17, 20, 18, 15, 17, 14, 14, 17, 18, 15, 18, 19, 14, 18, 
79: 18, 0, 21, 15, 0, 20, 13, 16, 0, 15, 0, 0, 16, 0, 0, 14, 23, 0, 17, 11, 0, 17, 0, 14, 20, 15, 0, 0, 0, 0, 0, 18, 0, 0, 0, 0, 16, 16, 19, 13, : 18, 21, 15, 20, 13, 16, 15, 16, 14, 23, 17, 11, 17, 14, 20, 15, 18, 16, 16, 19, 13, 
19: 15, 0, 16, 15, 13, 21, 0, 0, 0, 20, 17, 20, 0, 15, 14, 0, 22, 0, 0, 18, 0, 0, 0, 0, 0, 14, 0, 17, 0, 0, 14, 0, 0, 0, 19, 18, 15, 16, 16, 14, : 15, 16, 15, 13, 21, 20, 17, 20, 15, 14, 22, 18, 14, 17, 14, 19, 18, 15, 16, 16, 14, 
87: 0, 16, 0, 20, 0, 12, 12, 15, 0, 0, 0, 0, 15, 0, 15, 0, 0, 18, 0, 0, 0, 18, 15, 18, 0, 16, 0, 16, 0, 0, 20, 0, 21, 14, 18, 0, 15, 15, 0, 22, : 16, 20, 12, 12, 15, 15, 15, 18, 18, 15, 18, 16, 16, 20, 21, 14, 18, 15, 15, 22, 
76: 12, 0, 0, 17, 18, 0, 0, 0, 21, 16, 0, 0, 19, 17, 0, 0, 0, 0, 0, 0, 16, 22, 16, 0, 13, 0, 17, 18, 0, 21, 13, 15, 14, 0, 14, 16, 0, 0, 16, 22, : 12, 17, 18, 21, 16, 19, 17, 16, 22, 16, 13, 17, 18, 21, 13, 15, 14, 14, 16, 16, 22, 
96: 0, 21, 12, 0, 17, 0, 21, 0, 0, 14, 15, 0, 15, 0, 0, 15, 14, 16, 11, 17, 0, 0, 13, 0, 18, 0, 0, 0, 17, 18, 21, 13, 0, 0, 0, 15, 19, 0, 13, 16, : 21, 12, 17, 21, 14, 15, 15, 15, 14, 16, 11, 17, 13, 18, 17, 18, 21, 13, 15, 19, 13, 16, 
16: 0, 15, 0, 0, 0, 19, 19, 0, 0, 22, 16, 17, 0, 16, 17, 0, 0, 0, 0, 0, 18, 0, 0, 19, 16, 18, 0, 0, 18, 18, 0, 18, 18, 18, 20, 16, 0, 0, 0, 0, : 15, 19, 19, 22, 16, 17, 16, 17, 18, 19, 16, 18, 18, 18, 18, 18, 18, 20, 16, 
44: 0, 17, 0, 16, 17, 0, 20, 0, 0, 16, 0, 12, 0, 15, 20, 18, 0, 0, 16, 0, 19, 15, 17, 15, 0, 0, 0, 17, 20, 16, 0, 0, 0, 17, 16, 0, 0, 18, 0, 16, : 17, 16, 17, 20, 16, 12, 15, 20, 18, 16, 19, 15, 17, 15, 17, 20, 16, 17, 16, 18, 16, 
50: 18, 0, 18, 11, 18, 16, 15, 0, 0, 0, 15, 0, 18, 0, 18, 16, 0, 21, 0, 0, 0, 0, 12, 0, 0, 0, 0, 0, 0, 13, 0, 0, 0, 0, 0, 0, 0, 0, 0, 0, : 18, 18, 11, 18, 16, 15, 15, 18, 18, 16, 21, 12, 13, 
94: 18, 0, 0, 0, 0, 17, 0, 14, 15, 0, 0, 0, 19, 0, 0, 0, 0, 0, 0, 0, 0, 0, 21, 0, 20, 20, 14, 0, 0, 18, 19, 16, 0, 0, 16, 0, 0, 0, 0, 0, : 18, 17, 14, 15, 19, 21, 20, 20, 14, 18, 19, 16, 16, 
60: 18, 12, 0, 18, 0, 11, 17, 16, 0, 0, 0, 0, 0, 0, 0, 0, 0, 22, 20, 17, 0, 0, 0, 0, 14, 18, 18, 0, 0, 0, 0, 14, 15, 0, 15, 0, 0, 18, 0, 0, : 18, 12, 18, 11, 17, 16, 22, 20, 17, 14, 18, 18, 14, 15, 15, 18, 


25: 0, 12, 20, 15, 17, 15, 0, 14, 0, 0, 0, 0, 20, 0, 0, 14, 17, 20, 18, 0, 13, 15, 0, 0, 18, 14, 18, 0, 0, 0, 13, 0, 0, 16, 0, 17, 0, 15, 0, 0, : 12, 20, 15, 17, 15, 14, 20, 14, 17, 20, 18, 13, 15, 18, 14, 18, 13, 16, 17, 15, 
65: 0, 19, 0, 0, 0, 0, 0, 0, 0, 12, 13, 18, 0, 0, 19, 15, 0, 0, 0, 18, 0, 15, 0, 0, 0, 0, 13, 15, 0, 19, 0, 0, 18, 0, 0, 0, 16, 18, 19, 0, : 19, 12, 13, 18, 19, 15, 18, 15, 13, 15, 19, 18, 16, 18, 19, 
34: 17, 0, 0, 0, 16, 0, 0, 0, 16, 0, 16, 0, 16, 0, 0, 0, 0, 0, 0, 17, 16, 13, 16, 21, 14, 21, 19, 0, 11, 0, 0, 0, 0, 0, 16, 15, 0, 0, 22, 0, : 17, 16, 16, 16, 16, 17, 16, 13, 16, 21, 14, 21, 19, 11, 16, 15, 22, 
33: 16, 0, 0, 0, 17, 0, 11, 0, 0, 21, 20, 0, 20, 0, 17, 16, 0, 0, 21, 14, 19, 16, 15, 12, 0, 17, 15, 0, 13, 0, 16, 18, 0, 13, 0, 17, 19, 0, 15, 18, : 16, 17, 11, 21, 20, 20, 17, 16, 21, 14, 19, 16, 15, 12, 17, 15, 13, 16, 18, 13, 17, 19, 15, 18, 
36: 13, 0, 16, 0, 16, 0, 0, 0, 0, 16, 17, 0, 18, 0, 14, 0, 0, 0, 17, 16, 0, 18, 17, 0, 19, 0, 0, 0, 0, 0, 16, 16, 0, 19, 0, 0, 19, 21, 22, 0, : 13, 16, 16, 16, 17, 18, 14, 17, 16, 18, 17, 19, 16, 16, 19, 19, 21, 22, 
15: 18, 20, 13, 21, 0, 17, 0, 19, 0, 18, 0, 19, 0, 19, 0, 13, 0, 13, 0, 0, 0, 0, 15, 17, 12, 0, 0, 17, 0, 13, 17, 0, 0, 0, 0, 0, 0, 0, 13, 17, : 18, 20, 13, 21, 17, 19, 18, 19, 19, 13, 13, 15, 17, 12, 17, 13, 17, 13, 17, 
91: 19, 0, 0, 0, 15, 16, 0, 0, 0, 19, 0, 0, 0, 13, 19, 0, 20, 16, 0, 0, 19, 0, 17, 17, 0, 18, 18, 19, 0, 0, 0, 0, 20, 0, 0, 17, 16, 0, 0, 13, : 19, 15, 16, 19, 13, 19, 20, 16, 19, 17, 17, 18, 18, 19, 20, 17, 16, 13, 
70: 0, 0, 14, 0, 0, 0, 17, 0, 13, 13, 0, 18, 0, 18, 18, 0, 22, 0, 13, 17, 15, 0, 0, 19, 0, 18, 17, 0, 14, 17, 16, 0, 17, 0, 21, 0, 15, 0, 0, 15, : 14, 17, 13, 13, 18, 18, 18, 22, 13, 17, 15, 19, 18, 17, 14, 17, 16, 17, 21, 15, 15, 
82: 0, 18, 0, 15, 17, 0, 0, 15, 0, 0, 0, 0, 0, 19, 0, 0, 13, 0, 0, 0, 0, 0, 0, 0, 0, 0, 0, 18, 17, 15, 0, 0, 0, 15, 13, 0, 18, 0, 13, 0, : 18, 15, 17, 15, 19, 13, 18, 17, 15, 15, 13, 18, 13, 
52: 17, 0, 0, 0, 22, 15, 21, 13, 19, 0, 0, 19, 19, 0, 0, 21, 14, 15, 11, 22, 22, 0, 17, 18, 0, 17, 0, 0, 0, 0, 19, 17, 16, 0, 17, 17, 0, 17, 0, 16, : 17, 22, 15, 21, 13, 19, 19, 19, 21, 14, 15, 11, 22, 22, 17, 18, 17, 19, 17, 16, 17, 17, 17, 16, 
38: 0, 0, 18, 0, 0, 0, 0, 0, 17, 0, 21, 0, 16, 12, 0, 0, 19, 0, 0, 0, 0, 0, 0, 0, 0, 13, 0, 0, 15, 0, 17, 14, 0, 0, 15, 0, 13, 13, 18, 0, : 18, 17, 21, 16, 12, 19, 13, 15, 17, 14, 15, 13, 13, 18, 
29: 0, 18, 16, 15, 0, 0, 22, 0, 19, 0, 17, 12, 0, 0, 0, 20, 0, 0, 13, 17, 0, 0, 0, 0, 18, 0, 16, 13, 0, 0, 0, 17, 0, 16, 20, 15, 0, 0, 0, 0, : 18, 16, 15, 22, 19, 17, 12, 20, 13, 17, 18, 16, 13, 17, 16, 20, 15, 
77: 0, 20, 0, 17, 0, 17, 15, 0, 13, 0, 0, 18, 12, 18, 19, 0, 0, 0, 22, 0, 0, 0, 13, 14, 16, 0, 0, 15, 20, 0, 14, 19, 0, 0, 13, 21, 0, 20, 0, 14, : 20, 17, 17, 15, 13, 18, 12, 18, 19, 22, 13, 14, 16, 15, 20, 14, 19, 13, 21, 20, 14, 
97: 0, 0, 18, 19, 15, 16, 14, 21, 0, 0, 0, 20, 0, 17, 0, 0, 0, 0, 0, 0, 0, 0, 0, 15, 0, 0, 20, 19, 0, 12, 22, 17, 14, 0, 0, 0, 0, 15, 0, 15, : 18, 19, 15, 16, 14, 21, 20, 17, 15, 20, 19, 12, 22, 17, 14, 15, 15, 
98: 18, 0, 0, 0, 0, 14, 15, 14, 0, 0, 11, 0, 18, 20, 13, 0, 0, 15, 20, 0, 17, 16, 0, 0, 21, 0, 0, 20, 21, 20, 0, 18, 15, 17, 16, 0, 0, 0, 15, 0, : 18, 14, 15, 14, 11, 18, 20, 13, 15, 20, 17, 16, 21, 20, 21, 20, 18, 15, 17, 16, 15, 
61: 0, 14, 0, 15, 0, 18, 0, 0, 0, 17, 18, 0, 11, 0, 17, 17, 0, 0, 0, 13, 15, 16, 0, 0, 18, 14, 0, 0, 0, 14, 0, 0, 0, 15, 0, 0, 16, 0, 13, 0, : 14, 15, 18, 17, 18, 11, 17, 17, 13, 15, 16, 18, 14, 14, 15, 16, 13, 
9: 20, 11, 0, 0, 0, 0, 20, 21, 16, 0, 0, 10, 0, 0, 0, 17, 13, 22, 0, 16, 0, 0, 0, 0, 14, 0, 0, 0, 0, 17, 0, 0, 16, 19, 0, 13, 0, 18, 0, 0, : 20, 11, 20, 21, 16, 10, 17, 13, 22, 16, 14, 17, 16, 19, 13, 18, 
90: 0, 0, 18, 0, 15, 0, 0, 12, 16, 0, 17, 0, 0, 14, 0, 17, 0, 19, 0, 0, 14, 0, 15, 0, 0, 18, 14, 0, 0, 23, 0, 0, 0, 20, 0, 18, 0, 0, 0, 19, : 18, 15, 12, 16, 17, 14, 17, 19, 14, 15, 18, 14, 23, 20, 18, 19, 
41: 0, 0, 17, 18, 0, 22, 0, 21, 21, 18, 0, 0, 0, 0, 14, 0, 17, 14, 0, 0, 0, 25, 25, 0, 0, 0, 0, 14, 20, 0, 0, 0, 16, 0, 0, 0, 0, 0, 0, 0, : 17, 18, 22, 21, 21, 18, 14, 17, 14, 25, 25, 14, 20, 16, 
56: 12, 18, 0, 15, 0, 0, 15, 0, 0, 16, 0, 16, 0, 0, 0, 0, 15, 16, 15, 0, 0, 16, 0, 17, 0, 0, 0, 0, 19, 0, 0, 14, 18, 0, 19, 0, 18, 13, 0, 23, : 12, 18, 15, 15, 16, 16, 15, 16, 15, 16, 17, 19, 14, 18, 19, 18, 13, 23, 


