
40
200
150
10

55: 19, 0, 15, 0, 21, 0, 0, 18, 0, 0, 15, 17, 16, 17, 15, 0, 12, 19, 0, 0, 0, 0, 18, 0, 14, 18, 0, 0, 16, 0, 13, 0, 0, 0, 19, 0, 0, 15, 16, 0, : 19, 15, 21, 18, 15, 17, 16, 17, 15, 12, 19, 18, 14, 18, 16, 13, 19, 15, 16, 
176: 14, 0, 17, 0, 0, 0, 0, 0, 18, 0, 20, 0, 17, 0, 0, 0, 0, 0, 0, 0, 19, 18, 0, 0, 0, 15, 14, 0, 0, 16, 13, 20, 18, 0, 0, 21, 15, 16, 20, 20, : 14, 17, 18, 20, 17, 19, 18, 15, 14, 16, 13, 20, 18, 21, 15, 16, 20, 20, 
85: 0, 0, 0, 0, 15, 0, 19, 16, 21, 20, 15, 16, 18, 0, 15, 18, 0, 15, 13, 21, 0, 19, 0, 0, 20, 18, 12, 21, 0, 15, 0, 0, 0, 0, 22, 0, 17, 22, 0, 17, : 15, 19, 16, 21, 20, 15, 16, 18, 15, 18, 15, 13, 21, 19, 20, 18, 12, 21, 15, 22, 17, 22, 17, 
139: 19, 0, 0, 14, 0, 0, 18, 0, 12, 18, 21, 0, 0, 0, 0, 13, 20, 19, 0, 0, 0, 0, 0, 17, 18, 13, 0, 0, 16, 0, 0, 23, 0, 16, 0, 0, 17, 19, 20, 16, : 19, 14, 18, 12, 18, 21, 13, 20, 19, 17, 18, 13, 16, 23, 16, 17, 19, 20, 16, 
1: 0, 0, 20, 0, 0, 14, 13, 0, 0, 0, 0, 18, 0, 0, 0, 13, 22, 0, 20, 12, 0, 0, 16, 0, 13, 0, 0, 21, 12, 0, 0, 0, 22, 0, 0, 0, 14, 0, 0, 0, : 20, 14, 13, 18, 13, 22, 20, 12, 16, 13, 21, 12, 22, 14, 
153: 0, 0, 0, 17, 17, 18, 0, 22, 0, 14, 15, 13, 0, 0, 0, 20, 0, 0, 16, 0, 0, 19, 0, 0, 18, 0, 0, 12, 0, 17, 16, 0, 0, 16, 0, 14, 20, 12, 0, 16, : 17, 17, 18, 22, 14, 15, 13, 20, 16, 19, 18, 12, 17, 16, 16, 14, 20, 12, 16, 
90: 0, 0, 22, 14, 14, 21, 0, 22, 0, 20, 14, 0, 13, 12, 0, 0, 0, 0, 0, 19, 0, 14, 0, 18, 17, 0, 0, 0, 0, 0, 0, 14, 0, 0, 0, 0, 0, 0, 0, 19, : 22, 14, 14, 21, 22, 20, 14, 13, 12, 19, 14, 18, 17, 14, 19, 
62: 0, 17, 20, 0, 14, 14, 0, 13, 0, 0, 0, 16, 16, 13, 18, 17, 0, 0, 20, 15, 19, 0, 0, 19, 0, 18, 0, 0, 18, 0, 20, 14, 0, 0, 0, 19, 0, 0, 17, 0, : 17, 20, 14, 14, 13, 16, 16, 13, 18, 17, 20, 15, 19, 19, 18, 18, 20, 14, 19, 17, 
84: 15, 21, 15, 15, 20, 0, 0, 11, 13, 0, 0, 0, 0, 20, 16, 0, 0, 12, 15, 0, 10, 0, 0, 0, 0, 0, 0, 0, 13, 0, 15, 10, 12, 20, 0, 16, 18, 0, 15, 0, : 15, 21, 15, 15, 20, 11, 13, 20, 16, 12, 15, 10, 13, 15, 10, 12, 20, 16, 18, 15, 
47: 18, 13, 0, 14, 0, 21, 12, 17, 21, 16, 0, 0, 0, 22, 0, 0, 0, 22, 21, 13, 13, 0, 18, 18, 15, 0, 0, 12, 0, 21, 17, 20, 13, 0, 22, 20, 0, 17, 0, 0, : 18, 13, 14, 21, 12, 17, 21, 16, 22, 22, 21, 13, 13, 18, 18, 15, 12, 21, 17, 20, 13, 22, 20, 17, 
13: 19, 0, 0, 0, 17, 0, 21, 0, 0, 12, 0, 0, 14, 16, 23, 13, 0, 0, 0, 0, 21, 0, 0, 0, 0, 18, 0, 20, 0, 0, 0, 0, 21, 0, 0, 0, 14, 0, 0, 0, : 19, 17, 21, 12, 14, 16, 23, 13, 21, 18, 20, 21, 14, 
43: 15, 15, 0, 20, 16, 0, 18, 0, 0, 19, 0, 19, 21, 0, 15, 18, 0, 0, 0, 0, 0, 0, 0, 0, 0, 0, 20, 0, 21, 0, 0, 0, 0, 21, 14, 21, 0, 0, 17, 0, : 15, 15, 20, 16, 18, 19, 19, 21, 15, 18, 20, 21, 21, 14, 21, 17, 
116: 0, 15, 15, 19, 0, 0, 0, 0, 0, 16, 18, 0, 0, 16, 0, 0, 0, 0, 0, 22, 19, 16, 19, 15, 17, 14, 21, 0, 0, 17, 0, 0, 12, 0, 10, 0, 0, 17, 0, 0, : 15, 15, 19, 16, 18, 16, 22, 19, 16, 19, 15, 17, 14, 21, 17, 12, 10, 17, 
166: 16, 0, 0, 22, 0, 0, 0, 0, 17, 0, 0, 0, 0, 0, 0, 21, 17, 16, 0, 0, 14, 10, 16, 14, 0, 0, 15, 15, 0, 12, 23, 0, 0, 11, 15, 15, 0, 0, 0, 17, : 16, 22, 17, 21, 17, 16, 14, 10, 16, 14, 15, 15, 12, 23, 11, 15, 15, 17, 
81: 0, 0, 0, 0, 0, 0, 20, 0, 20, 15, 13, 15, 0, 16, 0, 0, 18, 11, 0, 12, 0, 17, 12, 0, 0, 0, 17, 0, 0, 16, 0, 14, 12, 17, 19, 0, 0, 0, 0, 0, : 20, 20, 15, 13, 15, 16, 18, 11, 12, 17, 12, 17, 16, 14, 12, 17, 19, 
163: 0, 21, 0, 15, 0, 0, 0, 18, 0, 0, 0, 0, 0, 0, 17, 17, 0, 0, 11, 0, 0, 18, 17, 15, 0, 0, 19, 16, 20, 0, 0, 0, 0, 11, 0, 0, 0, 0, 15, 0, : 21, 15, 18, 17, 17, 11, 18, 17, 15, 19, 16, 20, 11, 15, 
109: 15, 0, 0, 0, 0, 18, 0, 0, 0, 0, 0, 0, 18, 0, 19, 0, 15, 16, 21, 0, 0, 0, 19, 0, 18, 0, 16, 14, 18, 0, 18, 0, 23, 22, 0, 0, 13, 0, 13, 14, : 15, 18, 18, 19, 15, 16, 21, 19, 18, 16, 14, 18, 18, 23, 22, 13, 13, 14, 
108: 0, 20, 13, 0, 0, 13, 0, 0, 13, 0, 0, 0, 0, 0, 0, 0, 11, 20, 0, 0, 19, 0, 0, 0, 0, 0, 0, 0, 16, 23, 0, 17, 17, 0, 0, 11, 0, 15, 0, 15, : 20, 13, 13, 13, 11, 20, 19, 16, 23, 17, 17, 11, 15, 15, 
193: 0, 14, 13, 0, 0, 17, 16, 13, 0, 0, 0, 16, 17, 18, 12, 0, 16, 0, 0, 16, 0, 0, 0, 18, 0, 16, 16, 19, 0, 0, 0, 18, 0, 16, 15, 0, 22, 17, 0, 16, : 14, 13, 17, 16, 13, 16, 17, 18, 12, 16, 16, 18, 16, 16, 19, 18, 16, 15, 22, 17, 16, 
140: 0, 14, 0, 0, 16, 14, 13, 0, 15, 0, 19, 20, 0, 0, 0, 0, 19, 0, 13, 20, 16, 19, 15, 16, 0, 20, 0, 0, 0, 13, 15, 0, 0, 0, 14, 13, 0, 0, 17, 0, : 14, 16, 14, 13, 15, 19, 20, 19, 13, 20, 16, 19, 15, 16, 20, 13, 15, 14, 13, 17, 


57: 19, 0, 19, 0, 0, 14, 0, 19, 16, 13, 13, 16, 0, 0, 14, 0, 23, 0, 0, 0, 15, 0, 19, 0, 18, 0, 0, 19, 14, 18, 0, 12, 0, 20, 0, 0, 0, 15, 0, 0, : 19, 19, 14, 19, 16, 13, 13, 16, 14, 23, 15, 19, 18, 19, 14, 18, 12, 20, 15, 
7: 0, 13, 0, 20, 14, 0, 16, 18, 17, 21, 22, 0, 18, 20, 0, 0, 0, 0, 20, 19, 0, 15, 0, 0, 18, 18, 0, 13, 0, 21, 0, 0, 0, 19, 24, 0, 0, 0, 0, 0, : 13, 20, 14, 16, 18, 17, 21, 22, 18, 20, 20, 19, 15, 18, 18, 13, 21, 19, 24, 
89: 0, 13, 17, 15, 19, 19, 0, 0, 0, 18, 20, 0, 19, 0, 0, 18, 0, 0, 21, 15, 15, 17, 0, 0, 0, 0, 18, 15, 0, 0, 20, 15, 19, 13, 0, 0, 13, 20, 15, 18, : 13, 17, 15, 19, 19, 18, 20, 19, 18, 21, 15, 15, 17, 18, 15, 20, 15, 19, 13, 13, 20, 15, 18, 
42: 21, 0, 14, 14, 0, 0, 0, 15, 0, 0, 0, 15, 0, 13, 0, 0, 0, 21, 0, 0, 19, 16, 17, 15, 0, 13, 0, 0, 0, 0, 19, 16, 18, 0, 0, 0, 14, 15, 0, 0, : 21, 14, 14, 15, 15, 13, 21, 19, 16, 17, 15, 13, 19, 16, 18, 14, 15, 
27: 13, 21, 19, 20, 12, 0, 0, 20, 0, 0, 0, 0, 0, 0, 0, 0, 10, 16, 21, 0, 0, 16, 16, 14, 0, 0, 0, 17, 0, 0, 17, 17, 17, 10, 0, 18, 12, 0, 15, 0, : 13, 21, 19, 20, 12, 20, 10, 16, 21, 16, 16, 14, 17, 17, 17, 17, 10, 18, 12, 15, 
25: 0, 0, 0, 15, 18, 0, 0, 19, 0, 0, 0, 0, 17, 17, 0, 0, 20, 22, 0, 0, 16, 0, 0, 22, 16, 0, 0, 0, 18, 0, 19, 17, 13, 17, 18, 0, 20, 13, 19, 21, : 15, 18, 19, 17, 17, 20, 22, 16, 22, 16, 18, 19, 17, 13, 17, 18, 20, 13, 19, 21, 
80: 0, 17, 0, 0, 0, 0, 0, 0, 0, 0, 0, 18, 0, 0, 21, 0, 18, 0, 16, 0, 0, 17, 0, 17, 14, 19, 15, 0, 15, 0, 13, 19, 0, 0, 0, 22, 0, 0, 0, 19, : 17, 18, 21, 18, 16, 17, 17, 14, 19, 15, 15, 13, 19, 22, 19, 
37: 0, 0, 0, 0, 0, 0, 18, 0, 0, 17, 0, 19, 0, 0, 0, 16, 0, 10, 16, 0, 0, 21, 0, 18, 0, 15, 0, 0, 0, 0, 15, 0, 0, 0, 20, 11, 0, 0, 21, 0, : 18, 17, 19, 16, 10, 16, 21, 18, 15, 15, 20, 11, 21, 
155: 0, 18, 0, 0, 21, 15, 11, 0, 17, 17, 12, 15, 20, 0, 19, 0, 13, 15, 0, 19, 0, 15, 0, 0, 0, 0, 15, 20, 0, 0, 0, 14, 0, 18, 0, 0, 0, 17, 18, 13, : 18, 21, 15, 11, 17, 17, 12, 15, 20, 19, 13, 15, 19, 15, 15, 20, 14, 18, 17, 18, 13, 
162: 0, 14, 19, 15, 0, 0, 0, 0, 20, 17, 19, 0, 22, 0, 0, 22, 0, 0, 0, 0, 15, 0, 0, 0, 14, 0, 20, 0, 20, 14, 0, 0, 14, 0, 13, 22, 0, 19, 0, 15, : 14, 19, 15, 20, 17, 19, 22, 22, 15, 14, 20, 20, 14, 14, 13, 22, 19, 15, 
19: 16, 19, 0, 0, 16, 0, 0, 15, 0, 0, 0, 21, 0, 15, 0, 14, 21, 0, 0, 17, 18, 0, 18, 0, 0, 0, 15, 0, 12, 18, 0, 0, 17, 0, 0, 16, 0, 0, 18, 0, : 16, 19, 16, 15, 21, 15, 14, 21, 17, 18, 18, 15, 12, 18, 17, 16, 18, 
98: 17, 0, 16, 21, 0, 0, 0, 0, 14, 0, 0, 15, 0, 25, 12, 0, 0, 0, 10, 0, 0, 15, 0, 0, 18, 0, 20, 0, 0, 14, 14, 0, 0, 13, 12, 0, 0, 0, 0, 0, : 17, 16, 21, 14, 15, 25, 12, 10, 15, 18, 20, 14, 14, 13, 12, 
119: 16, 0, 0, 0, 16, 17, 19, 0, 0, 21, 0, 18, 0, 0, 16, 20, 0, 21, 0, 21, 15, 0, 19, 18, 14, 0, 15, 0, 14, 14, 0, 0, 20, 0, 0, 0, 0, 0, 0, 0, : 16, 16, 17, 19, 21, 18, 16, 20, 21, 21, 15, 19, 18, 14, 15, 14, 14, 20, 
78: 0, 0, 0, 16, 0, 17, 15, 0, 12, 0, 13, 0, 0, 17, 0, 0, 0, 0, 0, 0, 0, 18, 15, 0, 16, 0, 15, 15, 0, 19, 20, 20, 0, 0, 0, 0, 18, 0, 17, 0, : 16, 17, 15, 12, 13, 17, 18, 15, 16, 15, 15, 19, 20, 20, 18, 17, 
115: 17, 0, 20, 0, 0, 16, 16, 0, 0, 0, 17, 0, 11, 11, 22, 11, 0, 0, 0, 12, 0, 0, 14, 0, 0, 18, 17, 0, 19, 0, 0, 20, 13, 19, 0, 16, 0, 14, 16, 19, : 17, 20, 16, 16, 17, 11, 11, 22, 11, 12, 14, 18, 17, 19, 20, 13, 19, 16, 14, 16, 19, 
128: 17, 17, 0, 0, 0, 22, 0, 0, 0, 0, 18, 0, 13, 0, 0, 17, 0, 15, 0, 16, 0, 0, 0, 0, 0, 0, 0, 0, 17, 0, 0, 0, 0, 0, 17, 15, 20, 0, 0, 17, : 17, 17, 22, 18, 13, 17, 15, 16, 17, 17, 15, 20, 17, 
138: 0, 18, 13, 0, 14, 15, 0, 11, 19, 13, 16, 0, 0, 12, 16, 13, 0, 17, 14, 12, 20, 0, 17, 15, 0, 14, 0, 19, 21, 12, 0, 0, 0, 0, 13, 0, 21, 0, 0, 10, : 18, 13, 14, 15, 11, 19, 13, 16, 12, 16, 13, 17, 14, 12, 20, 17, 15, 14, 19, 21, 12, 13, 21, 10, 
137: 14, 0, 0, 0, 20, 15, 20, 16, 0, 13, 0, 0, 11, 0, 17, 19, 18, 0, 17, 0, 0, 0, 0, 14, 0, 19, 0, 13, 0, 0, 13, 0, 0, 21, 0, 0, 16, 18, 0, 0, : 14, 20, 15, 20, 16, 13, 11, 17, 19, 18, 17, 14, 19, 13, 13, 21, 16, 18, 
69: 0, 0, 13, 14, 0, 0, 21, 0, 16, 0, 0, 0, 0, 20, 13, 0, 14, 13, 0, 19, 17, 0, 0, 0, 0, 15, 0, 0, 0, 0, 0, 0, 0, 0, 15, 16, 16, 19, 11, 0, : 13, 14, 21, 16, 20, 13, 14, 13, 19, 17, 15, 15, 16, 16, 19, 11, 
168: 0, 0, 0, 0, 0, 0, 14, 17, 19, 0, 0, 13, 19, 0, 0, 0, 13, 0, 15, 0, 0, 0, 15, 17, 22, 19, 0, 19, 0, 20, 0, 0, 19, 0, 18, 14, 0, 0, 0, 18, : 14, 17, 19, 13, 19, 13, 15, 15, 17, 22, 19, 19, 20, 19, 18, 14, 18, 


114: 0, 0, 22, 0, 0, 16, 0, 17, 18, 0, 0, 16, 0, 20, 16, 14, 20, 11, 10, 0, 0, 0, 0, 0, 0, 12, 0, 18, 16, 0, 0, 0, 14, 15, 22, 0, 18, 18, 0, 20, : 22, 16, 17, 18, 16, 20, 16, 14, 20, 11, 10, 12, 18, 16, 14, 15, 22, 18, 18, 20, 
9: 19, 0, 19, 0, 0, 0, 19, 22, 11, 0, 0, 0, 0, 21, 0, 0, 0, 0, 20, 0, 0, 0, 0, 0, 19, 0, 0, 0, 0, 17, 22, 0, 18, 0, 0, 0, 18, 18, 0, 11, : 19, 19, 19, 22, 11, 21, 20, 19, 17, 22, 18, 18, 18, 11, 
154: 0, 0, 16, 14, 13, 13, 14, 10, 0, 18, 0, 0, 18, 0, 15, 0, 0, 16, 0, 15, 18, 16, 18, 0, 15, 0, 0, 0, 0, 21, 0, 22, 19, 17, 16, 0, 0, 15, 14, 12, : 16, 14, 13, 13, 14, 10, 18, 18, 15, 16, 15, 18, 16, 18, 15, 21, 22, 19, 17, 16, 15, 14, 12, 
100: 15, 19, 0, 18, 20, 11, 16, 16, 0, 0, 0, 0, 0, 0, 0, 0, 0, 14, 0, 20, 16, 0, 16, 19, 16, 14, 16, 0, 16, 0, 0, 21, 0, 17, 0, 0, 17, 0, 0, 0, : 15, 19, 18, 20, 11, 16, 16, 14, 20, 16, 16, 19, 16, 14, 16, 16, 21, 17, 17, 
86: 0, 15, 0, 0, 0, 20, 0, 0, 0, 16, 0, 22, 17, 0, 0, 0, 16, 0, 22, 10, 0, 13, 12, 15, 15, 23, 18, 22, 0, 17, 19, 0, 0, 0, 14, 0, 0, 15, 21, 0, : 15, 20, 16, 22, 17, 16, 22, 10, 13, 12, 15, 15, 23, 18, 22, 17, 19, 14, 15, 21, 
152: 17, 18, 0, 18, 22, 0, 11, 24, 13, 11, 20, 0, 0, 13, 21, 0, 0, 19, 0, 0, 0, 0, 0, 0, 0, 11, 14, 0, 0, 15, 10, 0, 17, 0, 16, 0, 19, 0, 21, 15, : 17, 18, 18, 22, 11, 24, 13, 11, 20, 13, 21, 19, 11, 14, 15, 10, 17, 16, 19, 21, 15, 
146: 0, 0, 0, 0, 0, 0, 0, 0, 0, 24, 11, 12, 0, 19, 0, 0, 0, 12, 16, 17, 0, 18, 13, 0, 0, 0, 23, 0, 17, 16, 15, 0, 14, 0, 15, 0, 0, 0, 19, 0, : 24, 11, 12, 19, 12, 16, 17, 18, 13, 23, 17, 16, 15, 14, 15, 19, 
164: 0, 21, 0, 22, 15, 20, 0, 0, 0, 0, 20, 15, 0, 19, 18, 0, 20, 0, 0, 15, 0, 0, 18, 0, 16, 0, 12, 11, 16, 0, 21, 0, 0, 0, 18, 0, 0, 0, 0, 0, : 21, 22, 15, 20, 20, 15, 19, 18, 20, 15, 18, 16, 12, 11, 16, 21, 18, 
175: 0, 0, 0, 21, 0, 17, 0, 16, 0, 0, 18, 19, 15, 14, 15, 0, 0, 0, 0, 0, 0, 14, 16, 0, 15, 0, 23, 0, 21, 16, 0, 0, 0, 17, 22, 18, 0, 0, 18, 17, : 21, 17, 16, 18, 19, 15, 14, 15, 14, 16, 15, 23, 21, 16, 17, 22, 18, 18, 17, 
18: 0, 0, 16, 0, 17, 0, 16, 0, 20, 21, 0, 0, 0, 0, 0, 18, 16, 0, 0, 0, 24, 24, 0, 18, 0, 17, 15, 0, 23, 10, 0, 0, 18, 0, 12, 0, 19, 0, 0, 0, : 16, 17, 16, 20, 21, 18, 16, 24, 24, 18, 17, 15, 23, 10, 18, 12, 19, 
179: 11, 19, 19, 0, 11, 15, 17, 0, 24, 18, 14, 0, 15, 0, 19, 0, 0, 16, 22, 0, 18, 19, 0, 0, 19, 23, 0, 16, 0, 22, 15, 14, 0, 18, 0, 20, 0, 20, 14, 0, : 11, 19, 19, 11, 15, 17, 24, 18, 14, 15, 19, 16, 22, 18, 19, 19, 23, 16, 22, 15, 14, 18, 20, 20, 14, 
65: 0, 11, 19, 16, 0, 0, 0, 13, 0, 0, 24, 16, 0, 0, 0, 13, 12, 21, 13, 17, 0, 17, 0, 12, 0, 0, 0, 0, 0, 0, 16, 0, 0, 20, 0, 0, 0, 0, 11, 0, : 11, 19, 16, 13, 24, 16, 13, 12, 21, 13, 17, 17, 12, 16, 20, 11, 
122: 0, 0, 0, 0, 0, 0, 0, 0, 0, 14, 14, 0, 15, 15, 0, 20, 17, 0, 12, 20, 10, 0, 22, 17, 0, 0, 0, 0, 10, 0, 15, 0, 22, 11, 0, 16, 0, 0, 0, 0, : 14, 14, 15, 15, 20, 17, 12, 20, 10, 22, 17, 10, 15, 22, 11, 16, 
36: 21, 0, 0, 11, 0, 0, 0, 0, 15, 0, 0, 16, 17, 0, 20, 17, 0, 0, 20, 0, 0, 0, 17, 0, 0, 14, 0, 15, 0, 0, 0, 13, 0, 0, 0, 13, 15, 20, 0, 15, : 21, 11, 15, 16, 17, 20, 17, 20, 17, 14, 15, 13, 13, 15, 20, 15, 
33: 19, 17, 0, 0, 16, 0, 21, 0, 0, 0, 14, 14, 0, 15, 13, 21, 13, 20, 0, 0, 19, 11, 0, 16, 23, 0, 0, 16, 0, 0, 17, 11, 0, 0, 0, 21, 13, 18, 0, 22, : 19, 17, 16, 21, 14, 14, 15, 13, 21, 13, 20, 19, 11, 16, 23, 16, 17, 11, 21, 13, 18, 22, 
93: 0, 0, 16, 0, 0, 0, 0, 0, 18, 14, 0, 0, 0, 14, 13, 19, 19, 0, 0, 13, 14, 0, 18, 0, 0, 0, 0, 0, 16, 0, 0, 18, 0, 0, 0, 15, 0, 0, 15, 0, : 16, 18, 14, 14, 13, 19, 19, 13, 14, 18, 16, 18, 15, 15, 
124: 16, 0, 0, 16, 0, 17, 0, 0, 17, 14, 0, 0, 0, 0, 0, 0, 0, 0, 15, 23, 16, 18, 0, 15, 12, 0, 18, 16, 15, 16, 0, 0, 0, 0, 0, 0, 15, 0, 17, 0, : 16, 16, 17, 17, 14, 15, 23, 16, 18, 15, 12, 18, 16, 15, 16, 15, 17, 
96: 14, 0, 10, 0, 19, 21, 14, 14, 0, 0, 0, 0, 21, 0, 0, 0, 0, 0, 0, 0, 15, 0, 0, 23, 0, 19, 0, 0, 0, 0, 0, 18, 0, 20, 0, 16, 16, 0, 0, 0, : 14, 10, 19, 21, 14, 14, 21, 15, 23, 19, 18, 20, 16, 16, 
87: 0, 11, 13, 14, 17, 0, 22, 18, 0, 0, 0, 20, 12, 0, 0, 14, 17, 21, 0, 0, 0, 0, 0, 15, 0, 0, 11, 22, 0, 0, 0, 18, 17, 15, 0, 15, 0, 11, 0, 22, : 11, 13, 14, 17, 22, 18, 20, 12, 14, 17, 21, 15, 11, 22, 18, 17, 15, 15, 11, 22, 
107: 18, 19, 0, 0, 0, 0, 0, 0, 14, 0, 15, 0, 20, 0, 0, 14, 0, 0, 0, 0, 0, 0, 0, 0, 0, 17, 0, 14, 0, 0, 0, 15, 11, 0, 15, 16, 0, 15, 0, 16, : 18, 19, 14, 15, 20, 14, 17, 14, 15, 11, 15, 16, 15, 16, 


189: 20, 0, 16, 12, 0, 0, 0, 0, 0, 0, 18, 0, 11, 0, 14, 0, 18, 0, 16, 0, 0, 0, 15, 22, 0, 19, 21, 0, 10, 0, 0, 0, 0, 0, 18, 0, 0, 0, 0, 19, : 20, 16, 12, 18, 11, 14, 18, 16, 15, 22, 19, 21, 10, 18, 19, 
75: 0, 0, 0, 0, 0, 17, 0, 0, 0, 0, 0, 0, 19, 18, 17, 0, 0, 21, 0, 0, 0, 18, 0, 19, 0, 17, 0, 17, 17, 14, 17, 0, 17, 0, 0, 0, 17, 20, 16, 16, : 17, 19, 18, 17, 21, 18, 19, 17, 17, 17, 14, 17, 17, 17, 20, 16, 16, 
26: 13, 16, 0, 16, 14, 16, 17, 15, 19, 14, 19, 0, 14, 0, 15, 0, 0, 14, 15, 13, 17, 19, 0, 0, 14, 19, 0, 16, 16, 0, 15, 15, 17, 0, 0, 19, 0, 11, 16, 0, : 13, 16, 16, 14, 16, 17, 15, 19, 14, 19, 14, 15, 14, 15, 13, 17, 19, 14, 19, 16, 16, 15, 15, 17, 19, 11, 16, 
110: 22, 0, 0, 15, 0, 0, 0, 0, 0, 0, 12, 0, 0, 0, 23, 15, 16, 0, 0, 0, 0, 0, 0, 14, 21, 0, 0, 17, 13, 17, 0, 0, 0, 19, 0, 23, 19, 0, 16, 17, : 22, 15, 12, 23, 15, 16, 14, 21, 17, 13, 17, 19, 23, 19, 16, 17, 
159: 0, 0, 0, 0, 0, 0, 17, 0, 0, 0, 22, 0, 20, 0, 0, 16, 0, 0, 21, 18, 22, 0, 0, 16, 21, 13, 16, 21, 0, 0, 0, 21, 16, 0, 21, 18, 0, 0, 0, 12, : 17, 22, 20, 16, 21, 18, 22, 16, 21, 13, 16, 21, 21, 16, 21, 18, 12, 
188: 16, 0, 12, 16, 16, 0, 16, 0, 0, 14, 0, 0, 0, 0, 0, 0, 0, 18, 0, 0, 0, 16, 0, 0, 0, 0, 15, 0, 0, 0, 0, 0, 0, 23, 13, 13, 0, 0, 21, 0, : 16, 12, 16, 16, 16, 14, 18, 16, 15, 23, 13, 13, 21, 
192: 16, 19, 15, 20, 0, 18, 0, 18, 19, 0, 0, 11, 0, 0, 0, 13, 0, 0, 18, 19, 0, 18, 0, 0, 16, 0, 14, 0, 0, 15, 15, 19, 0, 18, 0, 18, 0, 15, 0, 21, : 16, 19, 15, 20, 18, 18, 19, 11, 13, 18, 19, 18, 16, 14, 15, 15, 19, 18, 18, 15, 21, 
77: 18, 0, 0, 0, 15, 20, 17, 0, 14, 15, 18, 0, 0, 20, 0, 0, 20, 21, 0, 0, 19, 0, 0, 12, 19, 12, 0, 10, 0, 20, 0, 0, 16, 0, 0, 0, 13, 18, 0, 0, : 18, 15, 20, 17, 14, 15, 18, 20, 20, 21, 19, 12, 19, 12, 10, 20, 16, 13, 18, 
8: 0, 0, 20, 0, 18, 20, 0, 18, 0, 17, 0, 21, 14, 13, 19, 0, 13, 18, 0, 16, 0, 18, 17, 12, 0, 0, 0, 20, 23, 0, 0, 0, 0, 16, 0, 0, 10, 0, 0, 0, : 20, 18, 20, 18, 17, 21, 14, 13, 19, 13, 18, 16, 18, 17, 12, 20, 23, 16, 10, 
24: 0, 20, 0, 19, 14, 14, 0, 20, 16, 0, 0, 0, 0, 0, 0, 0, 0, 14, 0, 16, 14, 15, 15, 20, 0, 0, 20, 0, 0, 0, 0, 0, 0, 12, 18, 17, 0, 0, 19, 0, : 20, 19, 14, 14, 20, 16, 14, 16, 14, 15, 15, 20, 20, 12, 18, 17, 19, 
74: 0, 0, 13, 18, 19, 0, 13, 18, 16, 0, 0, 18, 0, 12, 0, 20, 15, 17, 11, 16, 0, 18, 0, 0, 0, 18, 0, 0, 0, 0, 16, 16, 16, 14, 12, 0, 0, 0, 12, 15, : 13, 18, 19, 13, 18, 16, 18, 12, 20, 15, 17, 11, 16, 18, 18, 16, 16, 16, 14, 12, 12, 15, 
64: 0, 13, 20, 0, 0, 0, 0, 0, 17, 13, 0, 22, 0, 22, 0, 14, 0, 12, 0, 0, 0, 0, 20, 0, 0, 15, 0, 13, 0, 22, 0, 15, 0, 17, 17, 14, 0, 18, 0, 0, : 13, 20, 17, 13, 22, 22, 14, 12, 20, 15, 13, 22, 15, 17, 17, 14, 18, 
71: 19, 12, 0, 0, 22, 0, 20, 17, 0, 20, 0, 17, 18, 19, 17, 0, 22, 0, 0, 0, 16, 0, 16, 0, 18, 0, 0, 14, 0, 11, 20, 0, 0, 0, 0, 18, 0, 0, 17, 0, : 19, 12, 22, 20, 17, 20, 17, 18, 19, 17, 22, 16, 16, 18, 14, 11, 20, 18, 17, 
14: 0, 0, 0, 0, 0, 13, 0, 18, 17, 18, 0, 19, 20, 12, 0, 0, 0, 0, 21, 0, 14, 0, 0, 16, 0, 0, 0, 0, 0, 16, 19, 0, 0, 0, 16, 0, 18, 15, 0, 0, : 13, 18, 17, 18, 19, 20, 12, 21, 14, 16, 16, 19, 16, 18, 15, 
180: 0, 14, 22, 0, 0, 0, 0, 0, 12, 0, 17, 19, 0, 0, 0, 14, 0, 15, 14, 22, 0, 0, 18, 0, 0, 0, 17, 22, 14, 0, 15, 0, 0, 0, 0, 10, 0, 0, 14, 0, : 14, 22, 12, 17, 19, 14, 15, 14, 22, 18, 17, 22, 14, 15, 10, 14, 
66: 13, 18, 0, 0, 0, 16, 17, 0, 0, 0, 0, 0, 0, 16, 0, 21, 0, 0, 15, 19, 0, 0, 0, 0, 17, 0, 0, 0, 20, 20, 21, 0, 0, 0, 0, 0, 15, 0, 0, 0, : 13, 18, 16, 17, 16, 21, 15, 19, 17, 20, 20, 21, 15, 
113: 0, 24, 0, 0, 0, 0, 14, 15, 20, 19, 20, 11, 12, 0, 12, 23, 14, 0, 0, 0, 18, 0, 20, 19, 0, 0, 19, 0, 0, 15, 12, 14, 15, 16, 12, 0, 18, 17, 0, 17, : 24, 14, 15, 20, 19, 20, 11, 12, 12, 23, 14, 18, 20, 19, 19, 15, 12, 14, 15, 16, 12, 18, 17, 17, 
125: 13, 0, 0, 20, 0, 16, 0, 0, 0, 0, 0, 12, 0, 18, 21, 0, 0, 0, 0, 0, 19, 17, 17, 0, 12, 0, 17, 0, 21, 0, 0, 19, 17, 15, 23, 0, 0, 16, 0, 20, : 13, 20, 16, 12, 18, 21, 19, 17, 17, 12, 17, 21, 19, 17, 15, 23, 16, 20, 
104: 0, 14, 16, 0, 16, 0, 19, 11, 0, 0, 13, 0, 22, 0, 0, 14, 19, 0, 19, 0, 11, 11, 12, 0, 12, 20, 11, 0, 0, 0, 0, 16, 14, 0, 0, 0, 22, 20, 19, 0, : 14, 16, 16, 19, 11, 13, 22, 14, 19, 19, 11, 11, 12, 12, 20, 11, 16, 14, 22, 20, 19, 
158: 0, 0, 16, 14, 16, 0, 0, 0, 0, 20, 11, 0, 0, 0, 12, 0, 13, 0, 0, 11, 0, 0, 0, 0, 0, 17, 0, 0, 16, 0, 0, 15, 22, 0, 0, 0, 18, 0, 0, 13, : 16, 14, 16, 20, 11, 12, 13, 11, 17, 16, 15, 22, 18, 13, 


185: 0, 0, 0, 0, 0, 0, 0, 15, 20, 0, 17, 15, 14, 0, 0, 0, 20, 0, 14, 19, 20, 15, 0, 0, 18, 0, 14, 0, 0, 0, 0, 0, 0, 20, 17, 13, 0, 0, 0, 0, : 15, 20, 17, 15, 14, 20, 14, 19, 20, 15, 18, 14, 20, 17, 13, 
63: 16, 17, 0, 20, 0, 0, 0, 21, 0, 17, 0, 0, 0, 0, 0, 11, 0, 0, 21, 14, 0, 0, 0, 20, 0, 0, 16, 0, 14, 12, 0, 0, 17, 0, 15, 15, 16, 18, 10, 0, : 16, 17, 20, 21, 17, 11, 21, 14, 20, 16, 14, 12, 17, 15, 15, 16, 18, 10, 
123: 0, 0, 0, 11, 11, 0, 14, 0, 0, 19, 12, 0, 0, 15, 0, 17, 0, 0, 17, 0, 0, 19, 0, 0, 0, 12, 0, 16, 24, 21, 0, 15, 0, 15, 21, 18, 0, 0, 0, 0, : 11, 11, 14, 19, 12, 15, 17, 17, 19, 12, 16, 24, 21, 15, 15, 21, 18, 
48: 16, 20, 0, 0, 16, 17, 17, 0, 16, 0, 0, 17, 0, 0, 16, 18, 15, 0, 0, 19, 14, 14, 0, 0, 0, 24, 0, 15, 0, 0, 14, 21, 0, 12, 0, 19, 14, 17, 0, 0, : 16, 20, 16, 17, 17, 16, 17, 16, 18, 15, 19, 14, 14, 24, 15, 14, 21, 12, 19, 14, 17, 
199: 0, 14, 0, 19, 0, 18, 18, 0, 0, 0, 0, 16, 0, 15, 0, 20, 0, 0, 14, 0, 0, 0, 0, 0, 0, 0, 0, 0, 0, 0, 0, 18, 0, 0, 0, 17, 0, 0, 0, 0, : 14, 19, 18, 18, 16, 15, 20, 14, 18, 17, 
197: 22, 14, 15, 0, 0, 0, 16, 0, 0, 0, 0, 0, 18, 17, 20, 0, 18, 16, 13, 0, 10, 0, 0, 0, 11, 0, 0, 16, 0, 0, 17, 13, 0, 0, 0, 0, 17, 0, 0, 0, : 22, 14, 15, 16, 18, 17, 20, 18, 16, 13, 10, 11, 16, 17, 13, 17, 
101: 12, 0, 20, 0, 0, 0, 19, 14, 0, 17, 23, 0, 11, 0, 0, 19, 16, 0, 0, 0, 0, 14, 19, 19, 22, 16, 0, 24, 0, 14, 21, 0, 14, 16, 0, 0, 0, 0, 16, 0, : 12, 20, 19, 14, 17, 23, 11, 19, 16, 14, 19, 19, 22, 16, 24, 14, 21, 14, 16, 16, 
45: 0, 15, 0, 15, 19, 0, 16, 0, 21, 15, 18, 14, 0, 17, 12, 0, 0, 0, 16, 15, 0, 23, 15, 20, 18, 15, 17, 17, 18, 16, 0, 18, 18, 0, 0, 0, 0, 0, 20, 14, : 15, 15, 19, 16, 21, 15, 18, 14, 17, 12, 16, 15, 23, 15, 20, 18, 15, 17, 17, 18, 16, 18, 18, 20, 14, 
51: 0, 0, 13, 0, 0, 0, 0, 19, 17, 0, 16, 0, 0, 0, 0, 15, 17, 19, 0, 0, 18, 0, 0, 0, 13, 0, 11, 0, 16, 18, 16, 0, 0, 21, 0, 0, 19, 19, 0, 19, : 13, 19, 17, 16, 15, 17, 19, 18, 13, 11, 16, 18, 16, 21, 19, 19, 19, 
143: 0, 0, 16, 16, 13, 15, 0, 18, 17, 16, 0, 0, 21, 0, 0, 0, 0, 0, 0, 14, 0, 0, 18, 18, 16, 17, 17, 0, 15, 0, 13, 0, 21, 0, 0, 14, 0, 17, 0, 0, : 16, 16, 13, 15, 18, 17, 16, 21, 14, 18, 18, 16, 17, 17, 15, 13, 21, 14, 17, 
61: 0, 21, 0, 0, 16, 0, 0, 0, 0, 14, 0, 0, 0, 13, 16, 0, 0, 17, 0, 0, 13, 0, 15, 0, 0, 0, 0, 0, 0, 0, 0, 0, 17, 17, 17, 0, 0, 11, 0, 20, : 21, 16, 14, 13, 16, 17, 13, 15, 17, 17, 17, 11, 20, 
21: 16, 0, 20, 0, 0, 13, 20, 0, 0, 0, 0, 14, 0, 0, 19, 20, 0, 0, 15, 0, 23, 0, 0, 0, 0, 0, 0, 0, 0, 0, 0, 0, 0, 18, 19, 19, 19, 0, 0, 20, : 16, 20, 13, 20, 14, 19, 20, 15, 23, 18, 19, 19, 19, 20, 
178: 0, 0, 0, 17, 20, 0, 0, 15, 0, 0, 16, 22, 0, 19, 20, 0, 0, 13, 0, 19, 0, 0, 20, 13, 0, 18, 0, 0, 0, 15, 0, 16, 0, 0, 17, 0, 0, 17, 16, 0, : 17, 20, 15, 16, 22, 19, 20, 13, 19, 20, 13, 18, 15, 16, 17, 17, 16, 
106: 19, 0, 0, 0, 0, 16, 0, 0, 0, 17, 0, 0, 15, 0, 18, 0, 22, 19, 19, 0, 0, 11, 0, 19, 18, 0, 0, 16, 17, 19, 0, 0, 15, 0, 0, 0, 0, 0, 19, 0, : 19, 16, 17, 15, 18, 22, 19, 19, 11, 19, 18, 16, 17, 19, 15, 19, 
22: 20, 14, 22, 0, 19, 19, 0, 13, 15, 14, 17, 19, 16, 0, 0, 0, 13, 22, 0, 17, 0, 0, 0, 16, 17, 14, 16, 0, 0, 0, 19, 0, 13, 0, 14, 0, 0, 17, 0, 15, : 20, 14, 22, 19, 19, 13, 15, 14, 17, 19, 16, 13, 22, 17, 16, 17, 14, 16, 19, 13, 14, 17, 15, 
35: 15, 0, 0, 14, 0, 12, 17, 0, 14, 0, 0, 0, 19, 0, 0, 0, 10, 16, 21, 14, 14, 0, 17, 0, 17, 0, 17, 17, 16, 0, 16, 0, 17, 18, 14, 17, 17, 0, 0, 0, : 15, 14, 12, 17, 14, 19, 10, 16, 21, 14, 14, 17, 17, 17, 17, 16, 16, 17, 18, 14, 17, 17, 
2: 0, 0, 0, 0, 19, 21, 0, 20, 15, 0, 17, 0, 17, 22, 15, 14, 19, 12, 0, 0, 19, 16, 21, 15, 0, 0, 0, 0, 0, 0, 19, 17, 0, 0, 16, 18, 19, 0, 17, 10, : 19, 21, 20, 15, 17, 17, 22, 15, 14, 19, 12, 19, 16, 21, 15, 19, 17, 16, 18, 19, 17, 10, 
15: 0, 11, 14, 20, 0, 0, 13, 0, 0, 21, 0, 17, 0, 0, 0, 16, 0, 0, 0, 0, 0, 19, 11, 0, 0, 16, 24, 16, 16, 20, 0, 0, 0, 13, 0, 0, 12, 0, 17, 15, : 11, 14, 20, 13, 21, 17, 16, 19, 11, 16, 24, 16, 16, 20, 13, 12, 17, 15, 
20: 14, 24, 13, 18, 17, 0, 0, 15, 0, 0, 0, 16, 19, 18, 14, 0, 0, 0, 0, 19, 19, 0, 14, 10, 0, 18, 18, 13, 14, 0, 15, 15, 0, 0, 0, 0, 0, 19, 19, 20, : 14, 24, 13, 18, 17, 15, 16, 19, 18, 14, 19, 19, 14, 10, 18, 18, 13, 14, 15, 15, 19, 19, 20, 
3: 0, 0, 17, 0, 0, 19, 0, 0, 15, 0, 14, 0, 0, 14, 0, 0, 0, 16, 0, 0, 0, 19, 0, 0, 0, 0, 0, 0, 0, 15, 0, 17, 18, 0, 0, 0, 17, 15, 16, 17, : 17, 19, 15, 14, 14, 16, 19, 15, 17, 18, 17, 15, 16, 17, 


165: 15, 0, 0, 21, 0, 0, 0, 19, 0, 0, 0, 17, 0, 0, 0, 16, 0, 0, 0, 0, 0, 16, 19, 17, 15, 15, 0, 0, 18, 0, 19, 0, 0, 0, 16, 0, 16, 0, 0, 16, : 15, 21, 19, 17, 16, 16, 19, 17, 15, 15, 18, 19, 16, 16, 16, 
148: 0, 13, 20, 0, 10, 19, 0, 0, 0, 0, 0, 16, 10, 0, 0, 22, 0, 0, 0, 0, 14, 0, 0, 0, 20, 19, 0, 17, 15, 0, 13, 0, 0, 0, 17, 20, 0, 0, 0, 0, : 13, 20, 10, 19, 16, 10, 22, 14, 20, 19, 17, 15, 13, 17, 20, 
151: 17, 0, 0, 20, 0, 0, 20, 20, 0, 0, 0, 20, 20, 20, 0, 0, 0, 12, 16, 0, 0, 0, 0, 14, 0, 0, 14, 19, 15, 0, 0, 0, 19, 21, 0, 15, 0, 0, 17, 13, : 17, 20, 20, 20, 20, 20, 20, 12, 16, 14, 14, 19, 15, 19, 21, 15, 17, 13, 
54: 0, 19, 12, 0, 0, 15, 0, 10, 17, 16, 0, 0, 0, 20, 18, 16, 0, 19, 14, 15, 0, 17, 0, 0, 16, 0, 14, 0, 0, 20, 0, 11, 0, 12, 12, 17, 0, 17, 19, 21, : 19, 12, 15, 10, 17, 16, 20, 18, 16, 19, 14, 15, 17, 16, 14, 20, 11, 12, 12, 17, 17, 19, 21, 
76: 18, 21, 0, 11, 18, 0, 0, 0, 0, 18, 16, 10, 16, 0, 16, 0, 19, 0, 0, 16, 0, 0, 0, 20, 21, 0, 20, 20, 0, 0, 0, 19, 0, 15, 0, 0, 18, 14, 17, 0, : 18, 21, 11, 18, 18, 16, 10, 16, 16, 19, 16, 20, 21, 20, 20, 19, 15, 18, 14, 17, 
4: 12, 0, 0, 0, 0, 23, 0, 0, 15, 0, 17, 18, 20, 0, 0, 0, 18, 0, 15, 0, 18, 0, 0, 0, 0, 0, 0, 15, 0, 0, 0, 11, 19, 0, 20, 0, 0, 16, 0, 17, : 12, 23, 15, 17, 18, 20, 18, 15, 18, 15, 11, 19, 20, 16, 17, 
191: 20, 0, 0, 0, 0, 0, 0, 15, 17, 0, 0, 0, 0, 10, 0, 18, 17, 0, 0, 0, 15, 0, 0, 0, 0, 21, 0, 17, 18, 13, 0, 0, 14, 19, 0, 0, 14, 0, 0, 0, : 20, 15, 17, 10, 18, 17, 15, 21, 17, 18, 13, 14, 19, 14, 
182: 0, 0, 0, 0, 0, 13, 10, 0, 10, 19, 16, 20, 19, 14, 22, 18, 0, 15, 0, 16, 0, 17, 13, 21, 0, 12, 17, 19, 0, 0, 0, 23, 0, 0, 13, 18, 0, 18, 16, 16, : 13, 10, 10, 19, 16, 20, 19, 14, 22, 18, 15, 16, 17, 13, 21, 12, 17, 19, 23, 13, 18, 18, 16, 16, 
184: 0, 0, 0, 0, 0, 10, 0, 20, 0, 0, 18, 0, 16, 0, 0, 0, 17, 0, 0, 17, 0, 0, 0, 0, 0, 16, 0, 0, 0, 13, 21, 0, 19, 14, 0, 0, 0, 0, 0, 0, : 10, 20, 18, 16, 17, 17, 16, 13, 21, 19, 14, 
142: 0, 0, 13, 17, 20, 0, 17, 0, 0, 0, 17, 0, 0, 0, 10, 0, 0, 14, 17, 0, 0, 14, 15, 0, 0, 0, 17, 0, 0, 0, 0, 18, 21, 13, 23, 0, 0, 0, 0, 0, : 13, 17, 20, 17, 17, 10, 14, 17, 14, 15, 17, 18, 21, 13, 23, 
97: 0, 18, 14, 16, 22, 0, 0, 17, 18, 17, 16, 18, 0, 0, 13, 0, 0, 18, 0, 0, 19, 18, 0, 19, 0, 0, 0, 0, 0, 0, 0, 0, 0, 0, 0, 19, 18, 0, 0, 0, : 18, 14, 16, 22, 17, 18, 17, 16, 18, 13, 18, 19, 18, 19, 19, 18, 
147: 0, 17, 17, 16, 20, 0, 15, 0, 0, 19, 0, 0, 0, 0, 18, 0, 12, 21, 21, 18, 16, 0, 19, 0, 13, 17, 15, 0, 0, 19, 22, 18, 0, 0, 21, 0, 0, 20, 17, 0, : 17, 17, 16, 20, 15, 19, 18, 12, 21, 21, 18, 16, 19, 13, 17, 15, 19, 22, 18, 21, 20, 17, 
10: 0, 14, 0, 0, 13, 0, 17, 0, 0, 11, 0, 17, 0, 0, 17, 19, 0, 0, 0, 16, 0, 18, 0, 16, 21, 14, 0, 0, 14, 15, 15, 0, 12, 21, 0, 16, 18, 0, 0, 19, : 14, 13, 17, 11, 17, 17, 19, 16, 18, 16, 21, 14, 14, 15, 15, 12, 21, 16, 18, 19, 
67: 0, 0, 0, 0, 0, 19, 0, 15, 21, 16, 19, 0, 17, 17, 0, 16, 0, 0, 0, 18, 17, 14, 20, 0, 0, 15, 19, 0, 0, 0, 0, 0, 0, 16, 0, 12, 18, 0, 14, 17, : 19, 15, 21, 16, 19, 17, 17, 16, 18, 17, 14, 20, 15, 19, 16, 12, 18, 14, 17, 
144: 14, 20, 17, 0, 0, 21, 16, 0, 20, 0, 0, 0, 0, 17, 0, 11, 14, 0, 17, 14, 0, 0, 0, 0, 18, 0, 0, 13, 14, 0, 12, 0, 17, 0, 0, 12, 0, 18, 0, 14, : 14, 20, 17, 21, 16, 20, 17, 11, 14, 17, 14, 18, 13, 14, 12, 17, 12, 18, 14, 
30: 0, 12, 20, 19, 19, 0, 15, 0, 17, 18, 20, 0, 15, 15, 20, 0, 0, 18, 18, 0, 16, 19, 17, 12, 11, 0, 22, 0, 0, 18, 17, 17, 12, 0, 15, 0, 14, 17, 0, 0, : 12, 20, 19, 19, 15, 17, 18, 20, 15, 15, 20, 18, 18, 16, 19, 17, 12, 11, 22, 18, 17, 17, 12, 15, 14, 17, 
150: 19, 0, 0, 0, 15, 0, 0, 17, 15, 0, 0, 0, 17, 16, 16, 0, 0, 14, 18, 0, 0, 0, 18, 0, 0, 21, 0, 0, 19, 18, 0, 13, 0, 19, 0, 0, 0, 0, 0, 0, : 19, 15, 17, 15, 17, 16, 16, 14, 18, 18, 21, 19, 18, 13, 19, 
102: 0, 0, 0, 17, 0, 17, 19, 0, 0, 0, 11, 0, 0, 0, 0, 14, 21, 0, 0, 20, 0, 17, 16, 0, 0, 0, 12, 0, 20, 0, 14, 0, 17, 0, 0, 0, 16, 15, 16, 17, : 17, 17, 19, 11, 14, 21, 20, 17, 16, 12, 20, 14, 17, 16, 15, 16, 17, 
132: 18, 0, 20, 0, 0, 0, 0, 17, 0, 0, 0, 14, 0, 21, 0, 0, 19, 0, 14, 0, 16, 0, 13, 13, 0, 0, 0, 13, 0, 18, 17, 20, 0, 0, 0, 21, 18, 0, 17, 0, : 18, 20, 17, 14, 21, 19, 14, 16, 13, 13, 13, 18, 17, 20, 21, 18, 17, 
157: 17, 16, 17, 13, 13, 13, 21, 0, 0, 16, 0, 0, 0, 0, 0, 0, 13, 19, 0, 0, 19, 0, 0, 18, 15, 0, 0, 17, 17, 16, 0, 0, 0, 0, 13, 0, 0, 15, 17, 0, : 17, 16, 17, 13, 13, 13, 21, 16, 13, 19, 19, 18, 15, 17, 17, 16, 13, 15, 17, 


141: 19, 0, 0, 16, 0, 0, 0, 0, 19, 0, 17, 16, 0, 0, 0, 0, 19, 0, 0, 0, 21, 17, 0, 0, 0, 18, 17, 13, 16, 14, 14, 0, 0, 0, 0, 0, 16, 0, 15, 0, : 19, 16, 19, 17, 16, 19, 21, 17, 18, 17, 13, 16, 14, 14, 16, 15, 
112: 0, 15, 20, 0, 0, 0, 18, 0, 0, 20, 0, 14, 13, 12, 21, 0, 16, 18, 0, 24, 0, 0, 0, 20, 0, 0, 0, 14, 0, 0, 0, 0, 0, 0, 15, 15, 20, 12, 21, 0, : 15, 20, 18, 20, 14, 13, 12, 21, 16, 18, 24, 20, 14, 15, 15, 20, 12, 21, 
94: 0, 20, 0, 0, 17, 14, 0, 18, 16, 13, 0, 18, 22, 15, 0, 16, 0, 0, 15, 16, 15, 0, 0, 22, 0, 14, 15, 15, 18, 16, 14, 14, 13, 16, 0, 15, 0, 0, 0, 22, : 20, 17, 14, 18, 16, 13, 18, 22, 15, 16, 15, 16, 15, 22, 14, 15, 15, 18, 16, 14, 14, 13, 16, 15, 22, 
161: 0, 0, 0, 19, 20, 0, 0, 0, 17, 16, 0, 0, 0, 0, 0, 0, 0, 0, 0, 16, 0, 0, 0, 15, 0, 20, 0, 18, 0, 0, 21, 17, 17, 0, 0, 0, 0, 0, 13, 21, : 19, 20, 17, 16, 16, 15, 20, 18, 21, 17, 17, 13, 21, 
190: 16, 12, 14, 0, 0, 0, 0, 10, 0, 0, 13, 13, 0, 15, 17, 0, 18, 14, 16, 16, 17, 0, 0, 0, 20, 0, 0, 16, 0, 0, 14, 0, 19, 18, 19, 0, 0, 0, 16, 20, : 16, 12, 14, 10, 13, 13, 15, 17, 18, 14, 16, 16, 17, 20, 16, 14, 19, 18, 19, 16, 20, 
187: 0, 0, 0, 21, 0, 0, 0, 20, 24, 18, 0, 0, 16, 0, 0, 0, 0, 0, 16, 0, 0, 13, 15, 0, 15, 15, 15, 0, 18, 17, 0, 0, 0, 0, 17, 18, 0, 0, 11, 0, : 21, 20, 24, 18, 16, 16, 13, 15, 15, 15, 15, 18, 17, 17, 18, 11, 
31: 0, 21, 0, 0, 0, 22, 18, 17, 0, 0, 0, 13, 0, 18, 0, 16, 0, 0, 0, 0, 15, 18, 0, 15, 18, 16, 0, 0, 0, 15, 0, 20, 0, 21, 19, 19, 0, 0, 0, 17, : 21, 22, 18, 17, 13, 18, 16, 15, 18, 15, 18, 16, 15, 20, 21, 19, 19, 17, 
16: 0, 19, 19, 0, 0, 11, 0, 0, 18, 20, 16, 16, 0, 23, 0, 14, 0, 0, 16, 0, 0, 16, 16, 0, 14, 0, 0, 0, 0, 0, 18, 14, 21, 0, 0, 0, 0, 14, 0, 0, : 19, 19, 11, 18, 20, 16, 16, 23, 14, 16, 16, 16, 14, 18, 14, 21, 14, 
120: 0, 0, 21, 0, 12, 0, 13, 0, 19, 21, 16, 16, 0, 0, 14, 0, 14, 22, 0, 0, 0, 19, 0, 14, 0, 0, 17, 21, 15, 14, 0, 0, 19, 0, 0, 0, 21, 0, 0, 0, : 21, 12, 13, 19, 21, 16, 16, 14, 14, 22, 19, 14, 17, 21, 15, 14, 19, 21, 
11: 12, 0, 0, 0, 0, 18, 19, 15, 0, 0, 0, 0, 22, 0, 17, 15, 12, 16, 0, 0, 0, 18, 18, 0, 17, 0, 0, 0, 14, 0, 0, 0, 0, 0, 13, 13, 16, 21, 0, 0, : 12, 18, 19, 15, 22, 17, 15, 12, 16, 18, 18, 17, 14, 13, 13, 16, 21, 
68: 0, 0, 0, 0, 14, 16, 0, 0, 0, 0, 0, 24, 0, 18, 12, 0, 0, 12, 0, 0, 0, 17, 16, 0, 0, 0, 16, 15, 18, 0, 17, 0, 15, 12, 0, 18, 0, 0, 0, 0, : 14, 16, 24, 18, 12, 12, 17, 16, 16, 15, 18, 17, 15, 12, 18, 
38: 14, 19, 0, 17, 20, 0, 10, 0, 0, 0, 21, 0, 15, 13, 20, 22, 0, 16, 0, 0, 0, 0, 18, 0, 0, 14, 0, 0, 0, 0, 0, 0, 0, 17, 17, 17, 16, 0, 0, 13, : 14, 19, 17, 20, 10, 21, 15, 13, 20, 22, 16, 18, 14, 17, 17, 17, 16, 13, 
135: 0, 15, 19, 19, 20, 0, 20, 0, 12, 12, 0, 0, 12, 0, 0, 0, 15, 0, 0, 12, 0, 13, 0, 16, 0, 0, 0, 17, 16, 21, 0, 20, 12, 17, 20, 0, 15, 14, 0, 0, : 15, 19, 19, 20, 20, 12, 12, 12, 15, 12, 13, 16, 17, 16, 21, 20, 12, 17, 20, 15, 14, 
186: 18, 0, 0, 14, 0, 19, 0, 0, 0, 0, 13, 0, 14, 0, 0, 12, 0, 0, 18, 16, 14, 0, 22, 0, 0, 18, 0, 0, 0, 18, 0, 12, 0, 0, 0, 0, 0, 0, 0, 15, : 18, 14, 19, 13, 14, 12, 18, 16, 14, 22, 18, 18, 12, 15, 
50: 20, 13, 15, 12, 0, 0, 15, 0, 0, 0, 0, 20, 0, 0, 0, 0, 19, 0, 17, 0, 18, 19, 14, 0, 0, 0, 17, 0, 0, 0, 20, 19, 0, 17, 14, 20, 0, 0, 16, 0, : 20, 13, 15, 12, 15, 20, 19, 17, 18, 19, 14, 17, 20, 19, 17, 14, 20, 16, 
167: 0, 0, 18, 0, 16, 12, 0, 18, 0, 0, 0, 0, 0, 15, 0, 17, 0, 17, 0, 17, 0, 0, 0, 0, 21, 0, 18, 0, 0, 17, 0, 0, 18, 17, 16, 0, 0, 16, 0, 0, : 18, 16, 12, 18, 15, 17, 17, 17, 21, 18, 17, 18, 17, 16, 16, 
40: 15, 0, 11, 0, 0, 0, 0, 0, 0, 0, 19, 0, 13, 0, 16, 19, 16, 17, 24, 0, 11, 0, 0, 18, 14, 0, 16, 0, 20, 0, 18, 13, 0, 0, 0, 15, 15, 23, 22, 13, : 15, 11, 19, 13, 16, 19, 16, 17, 24, 11, 18, 14, 16, 20, 18, 13, 15, 15, 23, 22, 13, 
32: 16, 16, 13, 0, 13, 0, 0, 16, 14, 18, 18, 0, 0, 0, 0, 19, 0, 0, 15, 14, 17, 0, 15, 15, 14, 0, 19, 0, 0, 0, 14, 21, 0, 0, 0, 0, 18, 14, 0, 0, : 16, 16, 13, 13, 16, 14, 18, 18, 19, 15, 14, 17, 15, 15, 14, 19, 14, 21, 18, 14, 
58: 20, 0, 0, 14, 18, 16, 22, 24, 0, 0, 17, 0, 23, 21, 18, 0, 21, 0, 0, 19, 0, 0, 0, 15, 17, 18, 0, 0, 0, 0, 0, 0, 0, 0, 0, 0, 13, 21, 13, 15, : 20, 14, 18, 16, 22, 24, 17, 23, 21, 18, 21, 19, 15, 17, 18, 13, 21, 13, 15, 
196: 0, 0, 0, 18, 0, 22, 15, 12, 11, 12, 0, 0, 0, 0, 15, 0, 0, 18, 13, 0, 22, 0, 16, 0, 0, 17, 0, 21, 15, 18, 0, 0, 16, 15, 0, 0, 0, 15, 23, 14, : 18, 22, 15, 12, 11, 12, 15, 18, 13, 22, 16, 17, 21, 15, 18, 16, 15, 15, 23, 14, 


156: 15, 16, 22, 0, 18, 10, 0, 0, 12, 0, 11, 0, 0, 0, 0, 0, 24, 0, 0, 12, 0, 0, 14, 14, 19, 0, 0, 0, 0, 0, 0, 20, 18, 0, 0, 0, 0, 0, 18, 0, : 15, 16, 22, 18, 10, 12, 11, 24, 12, 14, 14, 19, 20, 18, 18, 
105: 0, 16, 0, 0, 11, 18, 0, 0, 16, 17, 0, 0, 19, 17, 22, 0, 0, 15, 17, 0, 0, 0, 0, 0, 0, 0, 15, 0, 16, 18, 0, 0, 20, 0, 17, 17, 20, 13, 16, 0, : 16, 11, 18, 16, 17, 19, 17, 22, 15, 17, 15, 16, 18, 20, 17, 17, 20, 13, 16, 
194: 0, 0, 0, 0, 17, 21, 0, 11, 19, 0, 18, 17, 0, 0, 18, 14, 0, 0, 21, 18, 15, 0, 14, 0, 16, 0, 0, 0, 0, 16, 15, 21, 0, 17, 0, 15, 0, 19, 0, 14, : 17, 21, 11, 19, 18, 17, 18, 14, 21, 18, 15, 14, 16, 16, 15, 21, 17, 15, 19, 14, 
198: 20, 0, 21, 0, 0, 0, 0, 0, 0, 0, 18, 0, 0, 0, 0, 18, 18, 17, 17, 0, 19, 15, 0, 18, 15, 16, 19, 15, 14, 15, 13, 0, 0, 0, 19, 19, 12, 0, 22, 20, : 20, 21, 18, 18, 18, 17, 17, 19, 15, 18, 15, 16, 19, 15, 14, 15, 13, 19, 19, 12, 22, 20, 
136: 15, 0, 17, 0, 0, 0, 17, 0, 0, 0, 22, 15, 15, 14, 13, 0, 0, 19, 14, 19, 0, 18, 0, 14, 18, 16, 0, 16, 17, 16, 18, 15, 15, 20, 0, 0, 0, 0, 0, 0, : 15, 17, 17, 22, 15, 15, 14, 13, 19, 14, 19, 18, 14, 18, 16, 16, 17, 16, 18, 15, 15, 20, 
169: 17, 0, 0, 18, 0, 0, 18, 11, 0, 19, 0, 0, 14, 14, 21, 0, 14, 0, 14, 17, 20, 15, 16, 0, 0, 0, 0, 0, 0, 20, 19, 0, 0, 0, 15, 0, 16, 0, 0, 0, : 17, 18, 18, 11, 19, 14, 14, 21, 14, 14, 17, 20, 15, 16, 20, 19, 15, 16, 
23: 0, 0, 0, 0, 10, 18, 11, 0, 19, 0, 19, 21, 0, 18, 16, 0, 0, 19, 0, 14, 0, 0, 0, 0, 0, 15, 0, 19, 0, 0, 22, 0, 0, 15, 0, 15, 21, 0, 0, 0, : 10, 18, 11, 19, 19, 21, 18, 16, 19, 14, 15, 19, 22, 15, 15, 21, 
173: 15, 0, 0, 12, 0, 21, 0, 0, 11, 13, 0, 11, 0, 0, 0, 15, 0, 16, 20, 21, 13, 0, 16, 18, 0, 0, 15, 0, 18, 0, 19, 14, 16, 20, 18, 0, 21, 12, 0, 0, : 15, 12, 21, 11, 13, 11, 15, 16, 20, 21, 13, 16, 18, 15, 18, 19, 14, 16, 20, 18, 21, 12, 
133: 0, 0, 0, 0, 0, 0, 0, 0, 0, 11, 15, 0, 14, 0, 0, 16, 14, 14, 0, 0, 0, 0, 0, 0, 19, 0, 16, 0, 0, 14, 13, 0, 0, 0, 0, 0, 0, 0, 12, 16, : 11, 15, 14, 16, 14, 14, 19, 16, 14, 13, 12, 16, 
131: 21, 21, 0, 17, 0, 20, 0, 17, 0, 0, 0, 0, 0, 15, 0, 0, 0, 0, 0, 14, 20, 20, 0, 0, 0, 17, 0, 14, 17, 19, 15, 17, 0, 17, 0, 0, 19, 19, 0, 0, : 21, 21, 17, 20, 17, 15, 14, 20, 20, 17, 14, 17, 19, 15, 17, 17, 19, 19, 
149: 0, 17, 16, 17, 0, 18, 16, 0, 15, 18, 0, 12, 21, 0, 0, 0, 14, 0, 0, 0, 20, 20, 17, 17, 0, 0, 16, 0, 0, 0, 0, 15, 0, 13, 15, 20, 0, 0, 22, 16, : 17, 16, 17, 18, 16, 15, 18, 12, 21, 14, 20, 20, 17, 17, 16, 15, 13, 15, 20, 22, 16, 
127: 0, 16, 0, 0, 0, 0, 20, 0, 0, 12, 0, 0, 0, 0, 0, 12, 15, 0, 19, 0, 0, 14, 20, 19, 0, 18, 19, 14, 18, 0, 0, 0, 0, 0, 0, 0, 0, 22, 15, 16, : 16, 20, 12, 12, 15, 19, 14, 20, 19, 18, 19, 14, 18, 22, 15, 16, 
72: 16, 14, 0, 16, 0, 12, 17, 17, 0, 17, 11, 20, 19, 22, 0, 0, 0, 0, 0, 0, 0, 0, 20, 0, 0, 15, 0, 21, 0, 0, 16, 0, 16, 14, 20, 0, 13, 0, 0, 0, : 16, 14, 16, 12, 17, 17, 17, 11, 20, 19, 22, 20, 15, 21, 16, 16, 14, 20, 13, 
82: 0, 16, 16, 16, 21, 0, 0, 0, 16, 0, 0, 0, 18, 20, 0, 21, 14, 14, 0, 0, 15, 21, 0, 0, 0, 0, 0, 18, 14, 0, 0, 0, 0, 0, 20, 0, 0, 15, 0, 15, : 16, 16, 16, 21, 16, 18, 20, 21, 14, 14, 15, 21, 18, 14, 20, 15, 15, 
70: 0, 0, 11, 22, 14, 0, 0, 19, 0, 0, 0, 18, 0, 14, 17, 0, 0, 0, 0, 15, 0, 0, 0, 18, 0, 18, 14, 17, 0, 0, 0, 18, 18, 0, 14, 20, 0, 0, 14, 0, : 11, 22, 14, 19, 18, 14, 17, 15, 18, 18, 14, 17, 18, 18, 14, 20, 14, 
49: 15, 0, 14, 0, 0, 0, 0, 18, 0, 21, 0, 18, 0, 0, 0, 18, 0, 0, 13, 0, 13, 12, 0, 14, 16, 19, 19, 0, 0, 18, 0, 0, 17, 15, 0, 16, 0, 21, 14, 22, : 15, 14, 18, 21, 18, 18, 13, 13, 12, 14, 16, 19, 19, 18, 17, 15, 16, 21, 14, 22, 
174: 0, 0, 17, 16, 20, 0, 19, 0, 21, 0, 0, 0, 0, 16, 0, 0, 20, 15, 15, 0, 0, 0, 0, 18, 15, 0, 0, 16, 16, 0, 0, 0, 15, 0, 0, 0, 15, 0, 0, 0, : 17, 16, 20, 19, 21, 16, 20, 15, 15, 18, 15, 16, 16, 15, 15, 
195: 16, 13, 0, 0, 0, 0, 20, 21, 21, 22, 14, 0, 13, 0, 17, 0, 0, 0, 0, 20, 0, 0, 14, 0, 15, 16, 17, 0, 20, 0, 0, 13, 0, 0, 0, 16, 0, 13, 0, 16, : 16, 13, 20, 21, 21, 22, 14, 13, 17, 20, 14, 15, 16, 17, 20, 13, 16, 13, 16, 
111: 0, 0, 16, 0, 22, 12, 0, 18, 0, 0, 0, 0, 17, 0, 12, 13, 17, 21, 0, 0, 0, 0, 0, 0, 0, 0, 0, 0, 0, 14, 0, 17, 0, 0, 0, 0, 13, 16, 17, 0, : 16, 22, 12, 18, 17, 12, 13, 17, 21, 14, 17, 13, 16, 17, 
52: 0, 21, 0, 16, 17, 0, 12, 18, 0, 0, 22, 18, 0, 0, 14, 23, 0, 0, 0, 0, 15, 15, 19, 0, 17, 0, 0, 0, 0, 0, 0, 0, 15, 19, 12, 12, 0, 0, 0, 15, : 21, 16, 17, 12, 18, 22, 18, 14, 23, 15, 15, 19, 17, 15, 19, 12, 12, 15, 


5: 0, 10, 21, 0, 12, 19, 15, 18, 0, 17, 0, 0, 14, 0, 0, 0, 0, 0, 0, 15, 15, 0, 0, 0, 0, 0, 20, 20, 16, 0, 0, 0, 0, 14, 15, 0, 0, 17, 0, 15, : 10, 21, 12, 19, 15, 18, 17, 14, 15, 15, 20, 20, 16, 14, 15, 17, 15, 
160: 23, 0, 16, 0, 17, 15, 0, 22, 0, 0, 19, 0, 0, 0, 23, 19, 0, 0, 16, 0, 19, 0, 0, 0, 0, 0, 0, 19, 17, 17, 13, 0, 0, 13, 11, 0, 0, 14, 0, 19, : 23, 16, 17, 15, 22, 19, 23, 19, 16, 19, 19, 17, 17, 13, 13, 11, 14, 19, 
172: 17, 0, 11, 20, 0, 17, 18, 0, 12, 0, 12, 13, 10, 0, 14, 0, 12, 20, 0, 0, 0, 0, 0, 13, 0, 0, 0, 17, 0, 15, 0, 14, 0, 0, 0, 16, 0, 0, 17, 13, : 17, 11, 20, 17, 18, 12, 12, 13, 10, 14, 12, 20, 13, 17, 15, 14, 16, 17, 13, 
73: 0, 0, 0, 0, 0, 0, 19, 0, 0, 12, 15, 18, 0, 23, 0, 0, 0, 0, 17, 17, 16, 17, 0, 17, 19, 0, 0, 0, 0, 15, 16, 0, 0, 0, 0, 14, 20, 0, 13, 0, : 19, 12, 15, 18, 23, 17, 17, 16, 17, 17, 19, 15, 16, 14, 20, 13, 
6: 14, 0, 0, 20, 0, 0, 0, 0, 0, 0, 18, 0, 19, 14, 0, 0, 16, 15, 15, 19, 0, 0, 17, 0, 12, 0, 14, 0, 0, 16, 0, 0, 15, 0, 11, 18, 17, 14, 0, 0, : 14, 20, 18, 19, 14, 16, 15, 15, 19, 17, 12, 14, 16, 15, 11, 18, 17, 14, 
134: 18, 16, 0, 23, 0, 0, 0, 13, 0, 18, 11, 14, 0, 20, 0, 0, 18, 14, 0, 0, 17, 21, 0, 19, 0, 19, 0, 15, 0, 0, 0, 10, 0, 16, 16, 0, 0, 0, 0, 0, : 18, 16, 23, 13, 18, 11, 14, 20, 18, 14, 17, 21, 19, 19, 15, 10, 16, 16, 
145: 0, 0, 19, 0, 0, 0, 13, 14, 19, 0, 0, 18, 24, 14, 19, 16, 0, 0, 15, 19, 0, 15, 15, 13, 0, 18, 0, 14, 0, 0, 0, 0, 0, 0, 0, 18, 19, 19, 19, 0, : 19, 13, 14, 19, 18, 24, 14, 19, 16, 15, 19, 15, 15, 13, 18, 14, 18, 19, 19, 19, 
121: 0, 25, 10, 0, 19, 14, 18, 0, 14, 20, 0, 19, 0, 0, 14, 0, 17, 0, 0, 0, 0, 18, 0, 20, 20, 16, 20, 0, 0, 0, 0, 0, 0, 0, 0, 0, 17, 17, 18, 0, : 25, 10, 19, 14, 18, 14, 20, 19, 14, 17, 18, 20, 20, 16, 20, 17, 17, 18, 
118: 0, 0, 0, 0, 22, 0, 0, 12, 0, 0, 17, 0, 12, 0, 21, 21, 20, 17, 0, 0, 17, 0, 0, 0, 16, 0, 0, 0, 0, 0, 20, 0, 10, 0, 0, 0, 17, 0, 0, 0, : 22, 12, 17, 12, 21, 21, 20, 17, 17, 16, 20, 10, 17, 
181: 11, 13, 0, 18, 0, 20, 18, 0, 20, 11, 0, 15, 0, 0, 0, 0, 19, 21, 17, 16, 0, 0, 14, 0, 0, 0, 18, 0, 17, 0, 14, 0, 0, 0, 0, 0, 14, 0, 0, 0, : 11, 13, 18, 20, 18, 20, 11, 15, 19, 21, 17, 16, 14, 18, 17, 14, 14, 
39: 0, 15, 0, 14, 0, 0, 0, 15, 0, 0, 0, 0, 0, 18, 11, 21, 0, 0, 14, 16, 18, 0, 0, 0, 18, 18, 14, 15, 19, 0, 0, 23, 0, 10, 20, 21, 0, 0, 14, 16, : 15, 14, 15, 18, 11, 21, 14, 16, 18, 18, 18, 14, 15, 19, 23, 10, 20, 21, 14, 16, 
59: 0, 20, 0, 10, 12, 0, 17, 0, 21, 15, 0, 19, 0, 11, 19, 11, 15, 0, 0, 0, 0, 0, 19, 0, 18, 14, 14, 0, 18, 18, 0, 0, 0, 14, 21, 0, 17, 19, 20, 0, : 20, 10, 12, 17, 21, 15, 19, 11, 19, 11, 15, 19, 18, 14, 14, 18, 18, 14, 21, 17, 19, 20, 
79: 16, 17, 0, 0, 0, 16, 0, 21, 12, 0, 0, 0, 0, 0, 0, 0, 0, 0, 0, 0, 0, 19, 14, 0, 0, 0, 0, 0, 0, 15, 0, 18, 22, 0, 18, 0, 0, 0, 0, 0, : 16, 17, 16, 21, 12, 19, 14, 15, 18, 22, 18, 
34: 0, 14, 0, 22, 0, 14, 0, 0, 16, 0, 0, 0, 0, 0, 18, 0, 0, 0, 19, 0, 0, 16, 15, 18, 0, 13, 0, 0, 17, 19, 16, 12, 16, 24, 0, 0, 0, 15, 0, 21, : 14, 22, 14, 16, 18, 19, 16, 15, 18, 13, 17, 19, 16, 12, 16, 24, 15, 21, 
99: 0, 0, 0, 0, 0, 14, 14, 0, 19, 17, 17, 0, 0, 0, 11, 15, 19, 18, 17, 0, 0, 0, 0, 0, 0, 14, 0, 0, 0, 0, 22, 20, 14, 21, 0, 0, 0, 0, 15, 14, : 14, 14, 19, 17, 17, 11, 15, 19, 18, 17, 14, 22, 20, 14, 21, 15, 14, 
46: 19, 0, 22, 11, 16, 0, 0, 18, 0, 22, 18, 0, 18, 13, 0, 11, 0, 0, 0, 16, 15, 0, 21, 0, 16, 0, 18, 0, 14, 0, 20, 0, 14, 0, 0, 0, 15, 0, 18, 0, : 19, 22, 11, 16, 18, 22, 18, 18, 13, 11, 16, 15, 21, 16, 18, 14, 20, 14, 15, 18, 
170: 17, 0, 23, 0, 12, 21, 0, 0, 0, 0, 23, 0, 14, 19, 0, 0, 0, 17, 0, 0, 16, 17, 20, 20, 13, 20, 18, 0, 18, 0, 0, 16, 24, 22, 0, 15, 0, 18, 0, 0, : 17, 23, 12, 21, 23, 14, 19, 17, 16, 17, 20, 20, 13, 20, 18, 18, 16, 24, 22, 15, 18, 
17: 0, 20, 14, 0, 18, 0, 18, 0, 17, 0, 0, 24, 20, 0, 0, 19, 14, 15, 0, 17, 17, 13, 0, 15, 0, 18, 14, 15, 0, 0, 14, 22, 0, 0, 15, 13, 14, 0, 16, 15, : 20, 14, 18, 18, 17, 24, 20, 19, 14, 15, 17, 17, 13, 15, 18, 14, 15, 14, 22, 15, 13, 14, 16, 15, 
130: 15, 0, 14, 0, 22, 0, 0, 0, 0, 0, 0, 0, 19, 18, 0, 0, 0, 13, 20, 15, 0, 14, 0, 0, 0, 0, 0, 17, 14, 15, 15, 15, 12, 0, 23, 17, 0, 17, 0, 21, : 15, 14, 22, 19, 18, 13, 20, 15, 14, 17, 14, 15, 15, 15, 12, 23, 17, 17, 21, 
44: 0, 0, 0, 12, 0, 0, 0, 17, 0, 18, 0, 10, 0, 0, 0, 17, 0, 0, 0, 0, 0, 0, 15, 15, 18, 0, 0, 18, 0, 20, 0, 0, 23, 16, 0, 18, 0, 0, 0, 16, : 12, 17, 18, 10, 17, 15, 15, 18, 18, 20, 23, 16, 18, 16, 


177: 0, 0, 21, 20, 0, 0, 17, 0, 0, 0, 17, 0, 0, 0, 0, 16, 16, 0, 20, 0, 19, 14, 0, 0, 0, 0, 20, 0, 0, 16, 18, 0, 0, 0, 0, 12, 0, 0, 0, 0, : 21, 20, 17, 17, 16, 16, 20, 19, 14, 20, 16, 18, 12, 
126: 21, 0, 0, 0, 0, 0, 0, 0, 17, 17, 0, 0, 14, 16, 17, 13, 0, 0, 0, 18, 0, 0, 17, 0, 16, 0, 14, 15, 0, 0, 0, 0, 0, 0, 0, 0, 12, 15, 0, 0, : 21, 17, 17, 14, 16, 17, 13, 18, 17, 16, 14, 15, 12, 15, 
183: 0, 15, 0, 0, 0, 15, 0, 17, 0, 16, 0, 0, 16, 0, 15, 0, 0, 0, 16, 0, 14, 0, 0, 15, 0, 14, 0, 19, 11, 0, 16, 19, 0, 0, 0, 0, 21, 0, 0, 16, : 15, 15, 17, 16, 16, 15, 16, 14, 15, 14, 19, 11, 16, 19, 21, 16, 
129: 16, 16, 13, 16, 16, 20, 22, 18, 0, 0, 15, 18, 0, 0, 19, 0, 0, 0, 13, 12, 13, 0, 0, 0, 14, 0, 0, 18, 0, 0, 16, 11, 0, 0, 19, 0, 0, 14, 16, 22, : 16, 16, 13, 16, 16, 20, 22, 18, 15, 18, 19, 13, 12, 13, 14, 18, 16, 11, 19, 14, 16, 22, 
95: 19, 14, 14, 0, 0, 0, 0, 19, 0, 0, 15, 16, 0, 0, 16, 0, 0, 16, 15, 0, 0, 18, 18, 15, 0, 0, 0, 0, 20, 16, 0, 0, 13, 0, 20, 0, 0, 0, 0, 0, : 19, 14, 14, 19, 15, 16, 16, 16, 15, 18, 18, 15, 20, 16, 13, 20, 
12: 0, 0, 0, 14, 14, 0, 17, 16, 0, 14, 17, 0, 0, 17, 0, 0, 18, 16, 15, 0, 0, 0, 16, 0, 0, 0, 19, 0, 0, 0, 0, 0, 0, 0, 14, 21, 17, 0, 0, 17, : 14, 14, 17, 16, 14, 17, 17, 18, 16, 15, 16, 19, 14, 21, 17, 17, 
41: 0, 22, 18, 15, 20, 15, 0, 17, 0, 0, 0, 18, 19, 0, 0, 0, 16, 14, 0, 0, 23, 19, 0, 17, 0, 19, 11, 0, 15, 0, 20, 14, 0, 15, 0, 14, 0, 10, 14, 0, : 22, 18, 15, 20, 15, 17, 18, 19, 16, 14, 23, 19, 17, 19, 11, 15, 20, 14, 15, 14, 10, 14, 
117: 0, 0, 0, 0, 16, 0, 18, 0, 17, 17, 0, 19, 15, 16, 16, 16, 17, 0, 0, 17, 0, 14, 0, 0, 25, 15, 0, 18, 0, 0, 16, 16, 19, 18, 19, 21, 24, 20, 0, 0, : 16, 18, 17, 17, 19, 15, 16, 16, 16, 17, 17, 14, 25, 15, 18, 16, 16, 19, 18, 19, 21, 24, 20, 
60: 22, 0, 0, 16, 0, 0, 0, 0, 0, 0, 0, 18, 16, 16, 0, 0, 0, 0, 0, 0, 16, 0, 0, 0, 14, 0, 19, 19, 14, 20, 0, 17, 15, 0, 0, 16, 14, 0, 0, 13, : 22, 16, 18, 16, 16, 16, 14, 19, 19, 14, 20, 17, 15, 16, 14, 13, 
83: 0, 13, 0, 18, 0, 17, 0, 0, 16, 0, 0, 17, 0, 14, 0, 15, 16, 0, 21, 0, 15, 0, 0, 20, 0, 22, 21, 0, 18, 21, 0, 0, 12, 0, 0, 0, 10, 24, 0, 0, : 13, 18, 17, 16, 17, 14, 15, 16, 21, 15, 20, 22, 21, 18, 21, 12, 10, 24, 
88: 14, 0, 15, 18, 0, 0, 0, 0, 17, 0, 0, 15, 0, 17, 17, 0, 0, 18, 0, 0, 0, 0, 14, 0, 15, 0, 0, 0, 0, 11, 0, 20, 0, 0, 13, 14, 0, 0, 0, 19, : 14, 15, 18, 17, 15, 17, 17, 18, 14, 15, 11, 20, 13, 14, 19, 
92: 0, 0, 0, 19, 19, 0, 14, 0, 16, 0, 0, 0, 0, 0, 19, 0, 13, 16, 0, 0, 19, 14, 16, 0, 0, 21, 16, 16, 0, 17, 17, 16, 0, 16, 15, 0, 17, 0, 19, 0, : 19, 19, 14, 16, 19, 13, 16, 19, 14, 16, 21, 16, 16, 17, 17, 16, 16, 15, 17, 19, 
29: 14, 10, 0, 0, 15, 20, 16, 0, 0, 18, 18, 0, 0, 16, 15, 18, 0, 0, 0, 22, 13, 14, 18, 18, 21, 15, 0, 11, 0, 0, 0, 19, 17, 18, 14, 0, 0, 21, 0, 20, : 14, 10, 15, 20, 16, 18, 18, 16, 15, 18, 22, 13, 14, 18, 18, 21, 15, 11, 19, 17, 18, 14, 21, 20, 
91: 0, 16, 17, 0, 0, 15, 17, 0, 17, 17, 15, 0, 16, 19, 16, 0, 18, 0, 0, 14, 0, 0, 0, 14, 0, 12, 0, 0, 18, 0, 20, 0, 17, 0, 0, 0, 0, 15, 11, 0, : 16, 17, 15, 17, 17, 17, 15, 16, 19, 16, 18, 14, 14, 12, 18, 20, 17, 15, 11, 
171: 0, 0, 0, 0, 0, 16, 0, 17, 17, 0, 19, 16, 19, 0, 0, 0, 20, 18, 0, 0, 0, 0, 19, 19, 14, 12, 0, 0, 17, 0, 0, 0, 0, 15, 0, 14, 0, 0, 19, 0, : 16, 17, 17, 19, 16, 19, 20, 18, 19, 19, 14, 12, 17, 15, 14, 19, 
200: 14, 24, 18, 0, 0, 0, 0, 15, 0, 0, 14, 0, 0, 0, 0, 0, 16, 19, 0, 14, 18, 0, 0, 0, 0, 0, 15, 13, 0, 16, 0, 0, 18, 19, 0, 0, 0, 15, 15, 0, : 14, 24, 18, 15, 14, 16, 19, 14, 18, 15, 13, 16, 18, 19, 15, 15, 
53: 0, 20, 0, 14, 18, 0, 0, 0, 13, 16, 20, 13, 0, 0, 0, 17, 0, 18, 0, 0, 0, 16, 0, 18, 18, 0, 0, 0, 21, 0, 0, 18, 19, 18, 18, 18, 0, 0, 0, 0, : 20, 14, 18, 13, 16, 20, 13, 17, 18, 16, 18, 18, 21, 18, 19, 18, 18, 18, 
56: 13, 0, 17, 0, 0, 16, 0, 15, 0, 19, 0, 0, 18, 0, 0, 18, 0, 15, 15, 20, 0, 18, 12, 14, 0, 0, 0, 0, 16, 17, 11, 0, 20, 0, 0, 0, 0, 0, 23, 13, : 13, 17, 16, 15, 19, 18, 18, 15, 15, 20, 18, 12, 14, 16, 17, 11, 20, 23, 13, 
28: 17, 0, 0, 0, 16, 16, 13, 16, 0, 16, 0, 0, 17, 19, 0, 17, 0, 0, 16, 18, 0, 0, 0, 0, 0, 0, 0, 21, 0, 16, 16, 0, 0, 17, 18, 20, 22, 16, 18, 12, : 17, 16, 16, 13, 16, 16, 17, 19, 17, 16, 18, 21, 16, 16, 17, 18, 20, 22, 16, 18, 12, 
103: 0, 0, 17, 0, 16, 0, 16, 0, 20, 0, 0, 0, 0, 0, 0, 20, 0, 0, 19, 15, 0, 23, 20, 0, 13, 20, 15, 0, 0, 0, 0, 0, 0, 14, 0, 0, 13, 0, 15, 18, : 17, 16, 16, 20, 20, 19, 15, 23, 20, 13, 20, 15, 14, 13, 15, 18, 


