
40
20
150
1

16: 18, 0, 0, 0, 0, 0, 0, 0, 0, 0, 19, 17, 17, 0, 21, 20, 17, 0, 0, 0, 21, 0, 0, 20, 0, 0, 19, 16, 0, 0, 0, 17, 0, 0, 0, 16, 20, 18, 18, 20, : 18, 19, 17, 17, 21, 20, 17, 21, 20, 19, 16, 17, 16, 20, 18, 18, 20, 
5: 0, 0, 0, 0, 0, 10, 16, 0, 16, 17, 18, 18, 0, 14, 15, 19, 17, 0, 0, 13, 0, 0, 15, 18, 0, 0, 0, 0, 0, 0, 15, 0, 0, 19, 17, 0, 0, 19, 18, 0, : 10, 16, 16, 17, 18, 18, 14, 15, 19, 17, 13, 15, 18, 15, 19, 17, 19, 18, 
7: 18, 20, 17, 0, 16, 0, 19, 0, 16, 0, 18, 0, 0, 18, 18, 0, 0, 17, 0, 18, 17, 0, 0, 17, 17, 0, 0, 0, 0, 20, 0, 0, 11, 0, 0, 16, 0, 0, 18, 0, : 18, 20, 17, 16, 19, 16, 18, 18, 18, 17, 18, 17, 17, 17, 20, 11, 16, 18, 
13: 18, 0, 0, 0, 18, 0, 0, 17, 0, 16, 15, 20, 20, 16, 0, 0, 0, 0, 0, 0, 0, 20, 17, 15, 0, 0, 17, 0, 0, 0, 0, 17, 16, 0, 0, 22, 0, 18, 13, 0, : 18, 18, 17, 16, 15, 20, 20, 16, 20, 17, 15, 17, 17, 16, 22, 18, 13, 
12: 18, 15, 11, 0, 0, 0, 0, 0, 0, 0, 0, 0, 16, 0, 0, 0, 0, 16, 0, 0, 0, 0, 0, 17, 0, 15, 20, 0, 11, 0, 13, 0, 0, 0, 0, 20, 0, 19, 0, 0, : 18, 15, 11, 16, 16, 17, 15, 20, 11, 13, 20, 19, 
20: 0, 13, 0, 14, 0, 21, 0, 11, 0, 19, 0, 0, 0, 18, 15, 18, 0, 0, 18, 0, 22, 18, 14, 20, 20, 17, 14, 16, 19, 15, 0, 0, 18, 0, 13, 0, 0, 10, 16, 17, : 13, 14, 21, 11, 19, 18, 15, 18, 18, 22, 18, 14, 20, 20, 17, 14, 16, 19, 15, 18, 13, 10, 16, 17, 
3: 0, 0, 0, 0, 17, 15, 22, 23, 0, 14, 16, 15, 0, 0, 0, 0, 15, 16, 0, 0, 0, 0, 17, 0, 18, 0, 13, 20, 16, 0, 0, 17, 0, 0, 0, 0, 0, 0, 0, 16, : 17, 15, 22, 23, 14, 16, 15, 15, 16, 17, 18, 13, 20, 16, 17, 16, 
6: 16, 0, 18, 24, 25, 0, 17, 0, 17, 19, 17, 0, 0, 14, 18, 14, 18, 0, 14, 0, 12, 19, 0, 0, 0, 19, 15, 0, 19, 0, 21, 22, 0, 15, 16, 12, 0, 0, 0, 0, : 16, 18, 24, 25, 17, 17, 19, 17, 14, 18, 14, 18, 14, 12, 19, 19, 15, 19, 21, 22, 15, 16, 12, 
11: 0, 15, 18, 0, 12, 16, 22, 0, 0, 0, 0, 15, 17, 22, 15, 15, 18, 15, 18, 0, 0, 13, 0, 0, 0, 16, 0, 0, 17, 0, 20, 0, 18, 19, 14, 0, 0, 11, 0, 17, : 15, 18, 12, 16, 22, 15, 17, 22, 15, 15, 18, 15, 18, 13, 16, 17, 20, 18, 19, 14, 11, 17, 
4: 0, 18, 13, 20, 21, 19, 0, 16, 0, 13, 0, 0, 0, 0, 14, 20, 13, 0, 10, 0, 0, 0, 18, 0, 20, 21, 0, 0, 0, 0, 22, 19, 0, 17, 0, 0, 12, 0, 18, 14, : 18, 13, 20, 21, 19, 16, 13, 14, 20, 13, 10, 18, 20, 21, 22, 19, 17, 12, 18, 14, 
9: 15, 0, 0, 16, 0, 14, 0, 20, 0, 0, 0, 0, 0, 0, 0, 0, 0, 11, 16, 0, 12, 14, 0, 0, 18, 0, 0, 0, 13, 18, 18, 11, 19, 15, 23, 17, 16, 0, 0, 14, : 15, 16, 14, 20, 11, 16, 12, 14, 18, 13, 18, 18, 11, 19, 15, 23, 17, 16, 14, 
19: 0, 0, 17, 10, 0, 16, 12, 0, 16, 0, 0, 16, 0, 0, 0, 14, 0, 0, 20, 0, 14, 0, 0, 13, 0, 17, 18, 0, 0, 17, 0, 0, 14, 15, 12, 0, 10, 0, 11, 16, : 17, 10, 16, 12, 16, 16, 14, 20, 14, 13, 17, 18, 17, 14, 15, 12, 10, 11, 16, 
1: 15, 0, 0, 0, 0, 0, 0, 0, 21, 0, 0, 18, 0, 0, 0, 0, 0, 21, 0, 22, 18, 0, 0, 0, 0, 12, 0, 14, 20, 19, 0, 0, 23, 0, 19, 0, 0, 0, 0, 16, : 15, 21, 18, 21, 22, 18, 12, 14, 20, 19, 23, 19, 16, 
10: 0, 19, 0, 0, 17, 0, 11, 18, 13, 0, 14, 0, 16, 19, 18, 0, 0, 0, 17, 15, 0, 21, 0, 0, 0, 15, 0, 0, 15, 0, 0, 0, 0, 0, 17, 16, 23, 16, 0, 0, : 19, 17, 11, 18, 13, 14, 16, 19, 18, 17, 15, 21, 15, 15, 17, 16, 23, 16, 
2: 0, 0, 22, 12, 0, 0, 0, 17, 0, 20, 16, 0, 15, 0, 0, 0, 15, 0, 0, 10, 16, 16, 19, 0, 12, 0, 0, 13, 0, 13, 14, 0, 0, 0, 0, 15, 18, 0, 0, 0, : 22, 12, 17, 20, 16, 15, 15, 10, 16, 16, 19, 12, 13, 13, 14, 15, 18, 
15: 0, 0, 19, 0, 10, 0, 15, 12, 0, 0, 17, 0, 16, 0, 0, 16, 0, 17, 0, 18, 0, 0, 13, 0, 13, 0, 18, 0, 20, 0, 0, 0, 15, 15, 0, 16, 0, 0, 0, 0, : 19, 10, 15, 12, 17, 16, 16, 17, 18, 13, 13, 18, 20, 15, 15, 16, 
14: 0, 18, 15, 19, 0, 0, 0, 16, 0, 0, 0, 16, 14, 0, 0, 14, 0, 0, 16, 18, 18, 0, 0, 14, 0, 0, 0, 15, 0, 16, 0, 17, 0, 24, 0, 0, 18, 23, 0, 0, : 18, 15, 19, 16, 16, 14, 14, 16, 18, 18, 14, 15, 16, 17, 24, 18, 23, 
8: 14, 17, 0, 17, 0, 0, 0, 0, 13, 0, 0, 0, 0, 13, 0, 0, 19, 0, 0, 15, 0, 17, 18, 0, 15, 0, 0, 19, 0, 0, 11, 16, 16, 0, 0, 0, 17, 0, 17, 0, : 14, 17, 17, 13, 13, 19, 15, 17, 18, 15, 19, 11, 16, 16, 17, 17, 
17: 18, 15, 0, 18, 0, 15, 0, 0, 18, 15, 0, 0, 0, 0, 16, 0, 0, 19, 0, 21, 0, 12, 19, 0, 0, 18, 16, 18, 0, 22, 0, 0, 0, 0, 0, 0, 0, 16, 0, 0, : 18, 15, 18, 15, 18, 15, 16, 19, 21, 12, 19, 18, 16, 18, 22, 16, 
18: 0, 0, 0, 0, 14, 24, 16, 0, 20, 17, 0, 15, 19, 16, 0, 0, 18, 18, 21, 0, 0, 0, 0, 16, 17, 0, 0, 19, 0, 10, 16, 14, 0, 11, 19, 0, 16, 0, 21, 20, : 14, 24, 16, 20, 17, 15, 19, 16, 18, 18, 21, 16, 17, 19, 10, 16, 14, 11, 19, 16, 21, 20, 


