
40
400
150
20

164: 19, 0, 0, 21, 17, 0, 0, 15, 18, 18, 18, 13, 15, 0, 19, 0, 0, 19, 0, 0, 20, 0, 14, 0, 0, 0, 16, 19, 15, 16, 18, 0, 0, 16, 14, 0, 0, 10, 0, 0, : 19, 21, 17, 15, 18, 18, 18, 13, 15, 19, 19, 20, 14, 16, 19, 15, 16, 18, 16, 14, 10, 
375: 21, 22, 21, 16, 0, 15, 17, 16, 0, 15, 21, 15, 0, 0, 0, 18, 0, 0, 17, 0, 0, 17, 12, 17, 17, 19, 0, 0, 16, 0, 16, 0, 16, 0, 0, 0, 0, 13, 0, 17, : 21, 22, 21, 16, 15, 17, 16, 15, 21, 15, 18, 17, 17, 12, 17, 17, 19, 16, 16, 16, 13, 17, 
314: 16, 17, 18, 0, 17, 13, 0, 21, 0, 0, 0, 0, 0, 19, 0, 18, 0, 18, 0, 20, 0, 15, 0, 0, 0, 16, 0, 20, 0, 17, 0, 16, 0, 0, 0, 18, 19, 17, 11, 0, : 16, 17, 18, 17, 13, 21, 19, 18, 18, 20, 15, 16, 20, 17, 16, 18, 19, 17, 11, 
287: 0, 10, 22, 0, 0, 0, 13, 0, 0, 19, 0, 0, 20, 13, 0, 0, 17, 20, 20, 17, 16, 0, 0, 0, 0, 16, 0, 14, 20, 13, 20, 0, 0, 0, 20, 16, 0, 0, 12, 0, : 10, 22, 13, 19, 20, 13, 17, 20, 20, 17, 16, 16, 14, 20, 13, 20, 20, 16, 12, 
109: 0, 16, 0, 11, 0, 0, 15, 13, 20, 0, 0, 18, 15, 0, 13, 0, 0, 0, 0, 16, 0, 0, 17, 17, 0, 20, 16, 0, 0, 16, 0, 18, 0, 15, 0, 0, 0, 0, 0, 0, : 16, 11, 15, 13, 20, 18, 15, 13, 16, 17, 17, 20, 16, 16, 18, 15, 
354: 15, 0, 0, 0, 0, 0, 15, 0, 0, 18, 0, 0, 11, 10, 18, 0, 20, 17, 11, 0, 14, 0, 16, 15, 20, 0, 20, 16, 0, 21, 0, 13, 20, 0, 14, 23, 14, 0, 0, 15, : 15, 15, 18, 11, 10, 18, 20, 17, 11, 14, 16, 15, 20, 20, 16, 21, 13, 20, 14, 23, 14, 15, 
350: 0, 15, 0, 17, 12, 13, 23, 21, 13, 17, 13, 21, 19, 0, 0, 0, 0, 0, 13, 0, 15, 0, 0, 18, 17, 12, 0, 0, 0, 0, 0, 18, 17, 0, 0, 0, 16, 18, 18, 22, : 15, 17, 12, 13, 23, 21, 13, 17, 13, 21, 19, 13, 15, 18, 17, 12, 18, 17, 16, 18, 18, 22, 
261: 0, 0, 17, 11, 0, 0, 0, 21, 20, 0, 16, 0, 0, 0, 0, 14, 14, 16, 0, 21, 11, 0, 0, 21, 0, 0, 0, 0, 17, 0, 13, 15, 0, 15, 0, 0, 14, 22, 0, 15, : 17, 11, 21, 20, 16, 14, 14, 16, 21, 11, 21, 17, 13, 15, 15, 14, 22, 15, 
3: 0, 15, 18, 0, 0, 12, 0, 0, 15, 0, 17, 19, 0, 0, 19, 0, 18, 17, 19, 0, 0, 14, 0, 13, 19, 16, 19, 0, 21, 0, 0, 0, 0, 11, 20, 0, 0, 18, 0, 17, : 15, 18, 12, 15, 17, 19, 19, 18, 17, 19, 14, 13, 19, 16, 19, 21, 11, 20, 18, 17, 
181: 0, 0, 15, 21, 22, 0, 0, 16, 16, 17, 0, 18, 24, 18, 0, 17, 0, 0, 0, 0, 0, 0, 0, 14, 0, 0, 0, 15, 0, 0, 0, 22, 18, 0, 10, 12, 0, 0, 17, 0, : 15, 21, 22, 16, 16, 17, 18, 24, 18, 17, 14, 15, 22, 18, 10, 12, 17, 
347: 0, 18, 0, 18, 19, 0, 12, 14, 0, 0, 0, 0, 13, 0, 22, 0, 0, 0, 0, 18, 14, 19, 0, 0, 0, 0, 16, 15, 16, 0, 12, 0, 0, 0, 22, 0, 24, 15, 0, 0, : 18, 18, 19, 12, 14, 13, 22, 18, 14, 19, 16, 15, 16, 12, 22, 24, 15, 
311: 0, 0, 0, 0, 0, 18, 0, 0, 0, 0, 14, 0, 0, 18, 19, 18, 0, 0, 19, 0, 22, 0, 22, 18, 15, 0, 0, 17, 0, 13, 0, 0, 0, 17, 0, 0, 10, 0, 0, 12, : 18, 14, 18, 19, 18, 19, 22, 22, 18, 15, 17, 13, 17, 10, 12, 
339: 14, 0, 0, 17, 0, 0, 0, 0, 18, 16, 0, 0, 0, 0, 10, 20, 17, 0, 0, 0, 0, 0, 18, 0, 0, 0, 17, 17, 0, 15, 0, 18, 16, 18, 0, 0, 20, 0, 21, 0, : 14, 17, 18, 16, 10, 20, 17, 18, 17, 17, 15, 18, 16, 18, 20, 21, 
29: 0, 0, 0, 18, 0, 21, 20, 0, 0, 0, 15, 0, 0, 0, 0, 0, 0, 0, 17, 11, 22, 22, 16, 17, 0, 0, 0, 0, 14, 0, 0, 14, 0, 21, 0, 21, 0, 20, 0, 16, : 18, 21, 20, 15, 17, 11, 22, 22, 16, 17, 14, 14, 21, 21, 20, 16, 
321: 0, 14, 0, 0, 0, 0, 0, 0, 16, 17, 0, 0, 0, 22, 0, 0, 17, 11, 0, 13, 0, 16, 0, 0, 0, 17, 15, 0, 0, 0, 17, 16, 13, 20, 14, 15, 0, 0, 0, 0, : 14, 16, 17, 22, 17, 11, 13, 16, 17, 15, 17, 16, 13, 20, 14, 15, 
297: 16, 0, 0, 0, 20, 19, 13, 0, 0, 0, 17, 0, 0, 19, 13, 0, 19, 18, 0, 19, 0, 11, 18, 0, 0, 0, 14, 0, 15, 0, 0, 0, 16, 0, 15, 22, 15, 0, 19, 0, : 16, 20, 19, 13, 17, 19, 13, 19, 18, 19, 11, 18, 14, 15, 16, 15, 22, 15, 19, 
2: 21, 0, 13, 0, 17, 0, 22, 0, 0, 0, 0, 13, 19, 0, 0, 10, 0, 14, 15, 0, 0, 16, 0, 0, 18, 0, 0, 0, 0, 17, 17, 0, 14, 0, 0, 10, 0, 0, 15, 23, : 21, 13, 17, 22, 13, 19, 10, 14, 15, 16, 18, 17, 17, 14, 10, 15, 23, 
179: 18, 0, 10, 0, 0, 0, 0, 13, 14, 0, 0, 0, 0, 0, 0, 17, 0, 0, 19, 15, 0, 0, 0, 0, 15, 16, 0, 17, 16, 0, 14, 0, 0, 0, 0, 13, 0, 0, 0, 0, : 18, 10, 13, 14, 17, 19, 15, 15, 16, 17, 16, 14, 13, 
245: 0, 23, 16, 0, 15, 18, 0, 0, 0, 13, 19, 15, 14, 18, 0, 0, 17, 0, 0, 0, 16, 20, 0, 0, 15, 18, 17, 0, 0, 0, 23, 0, 0, 17, 21, 0, 18, 0, 21, 13, : 23, 16, 15, 18, 13, 19, 15, 14, 18, 17, 16, 20, 15, 18, 17, 23, 17, 21, 18, 21, 13, 
33: 10, 0, 0, 0, 11, 21, 0, 0, 0, 0, 0, 18, 0, 13, 17, 18, 11, 0, 0, 0, 0, 0, 17, 0, 14, 0, 0, 0, 0, 22, 0, 0, 20, 0, 0, 0, 0, 17, 16, 0, : 10, 11, 21, 18, 13, 17, 18, 11, 17, 14, 22, 20, 17, 16, 


95: 0, 0, 0, 0, 0, 18, 12, 0, 15, 21, 0, 0, 0, 17, 0, 0, 0, 13, 21, 17, 13, 0, 12, 0, 16, 0, 0, 0, 0, 18, 15, 0, 0, 0, 0, 0, 19, 16, 0, 0, : 18, 12, 15, 21, 17, 13, 21, 17, 13, 12, 16, 18, 15, 19, 16, 
118: 0, 14, 0, 0, 12, 0, 0, 20, 24, 13, 0, 0, 0, 16, 19, 13, 0, 0, 0, 15, 15, 15, 0, 0, 13, 15, 14, 0, 21, 0, 0, 13, 19, 16, 15, 0, 0, 18, 13, 17, : 14, 12, 20, 24, 13, 16, 19, 13, 15, 15, 15, 13, 15, 14, 21, 13, 19, 16, 15, 18, 13, 17, 
384: 0, 14, 13, 13, 20, 17, 0, 0, 11, 0, 0, 16, 0, 11, 0, 16, 0, 0, 0, 0, 0, 14, 14, 0, 0, 10, 0, 0, 0, 18, 19, 0, 16, 0, 0, 15, 0, 0, 14, 14, : 14, 13, 13, 20, 17, 11, 16, 11, 16, 14, 14, 10, 18, 19, 16, 15, 14, 14, 
138: 15, 19, 16, 23, 14, 0, 21, 0, 0, 16, 22, 16, 0, 15, 15, 13, 0, 0, 14, 16, 0, 0, 23, 11, 0, 0, 12, 0, 0, 0, 12, 18, 0, 0, 0, 0, 15, 0, 18, 0, : 15, 19, 16, 23, 14, 21, 16, 22, 16, 15, 15, 13, 14, 16, 23, 11, 12, 12, 18, 15, 18, 
171: 17, 19, 0, 18, 15, 0, 0, 12, 0, 0, 0, 0, 11, 0, 0, 22, 0, 0, 16, 0, 0, 0, 15, 0, 0, 0, 10, 15, 0, 0, 16, 0, 18, 0, 16, 0, 0, 19, 0, 21, : 17, 19, 18, 15, 12, 11, 22, 16, 15, 10, 15, 16, 18, 16, 19, 21, 
370: 0, 0, 0, 18, 14, 22, 15, 0, 0, 19, 16, 0, 16, 23, 21, 0, 20, 18, 13, 17, 19, 0, 20, 17, 13, 17, 0, 0, 0, 15, 0, 16, 0, 0, 0, 15, 18, 0, 0, 0, : 18, 14, 22, 15, 19, 16, 16, 23, 21, 20, 18, 13, 17, 19, 20, 17, 13, 17, 15, 16, 15, 18, 
105: 14, 0, 15, 0, 0, 0, 0, 0, 23, 21, 11, 20, 0, 0, 0, 0, 0, 0, 0, 15, 16, 0, 0, 0, 17, 15, 0, 22, 0, 0, 0, 0, 15, 0, 0, 17, 14, 0, 16, 20, : 14, 15, 23, 21, 11, 20, 15, 16, 17, 15, 22, 15, 17, 14, 16, 20, 
262: 0, 16, 19, 15, 21, 0, 12, 0, 20, 0, 19, 12, 16, 0, 0, 0, 15, 0, 0, 0, 21, 0, 0, 17, 0, 0, 23, 14, 15, 17, 0, 19, 0, 15, 0, 0, 0, 0, 0, 0, : 16, 19, 15, 21, 12, 20, 19, 12, 16, 15, 21, 17, 23, 14, 15, 17, 19, 15, 
332: 14, 0, 0, 16, 0, 14, 0, 0, 0, 0, 0, 0, 22, 0, 0, 0, 0, 0, 0, 0, 0, 0, 0, 23, 0, 0, 0, 18, 18, 0, 17, 0, 0, 14, 19, 0, 17, 14, 16, 0, : 14, 16, 14, 22, 23, 18, 18, 17, 14, 19, 17, 14, 16, 
98: 16, 0, 18, 13, 17, 18, 23, 11, 0, 0, 0, 0, 0, 0, 20, 0, 0, 17, 20, 0, 0, 0, 0, 12, 0, 0, 16, 0, 0, 19, 0, 0, 16, 0, 15, 0, 0, 17, 0, 0, : 16, 18, 13, 17, 18, 23, 11, 20, 17, 20, 12, 16, 19, 16, 15, 17, 
88: 19, 0, 0, 15, 17, 0, 17, 17, 0, 11, 0, 0, 16, 0, 11, 22, 17, 20, 0, 0, 0, 19, 10, 17, 17, 0, 0, 0, 21, 0, 17, 0, 0, 0, 0, 0, 0, 0, 0, 16, : 19, 15, 17, 17, 17, 11, 16, 11, 22, 17, 20, 19, 10, 17, 17, 21, 17, 16, 
230: 20, 0, 0, 19, 0, 0, 14, 20, 0, 0, 18, 22, 14, 21, 23, 19, 0, 14, 0, 0, 14, 20, 19, 0, 0, 0, 0, 16, 16, 19, 0, 0, 0, 0, 21, 0, 0, 15, 0, 0, : 20, 19, 14, 20, 18, 22, 14, 21, 23, 19, 14, 14, 20, 19, 16, 16, 19, 21, 15, 
303: 17, 0, 22, 0, 20, 16, 0, 12, 19, 0, 0, 18, 0, 16, 12, 0, 22, 0, 0, 0, 0, 20, 0, 0, 20, 13, 0, 0, 0, 0, 0, 21, 0, 0, 14, 15, 13, 0, 0, 0, : 17, 22, 20, 16, 12, 19, 18, 16, 12, 22, 20, 20, 13, 21, 14, 15, 13, 
80: 0, 0, 0, 0, 0, 14, 0, 13, 0, 10, 0, 11, 0, 0, 0, 22, 13, 16, 0, 0, 0, 0, 0, 0, 10, 0, 0, 0, 0, 0, 18, 15, 16, 0, 0, 0, 15, 0, 16, 19, : 14, 13, 10, 11, 22, 13, 16, 10, 18, 15, 16, 15, 16, 19, 
67: 18, 19, 17, 0, 0, 11, 0, 22, 0, 16, 0, 22, 0, 17, 0, 10, 18, 12, 0, 20, 18, 0, 0, 11, 0, 0, 16, 10, 11, 0, 20, 0, 20, 17, 0, 15, 21, 0, 20, 11, : 18, 19, 17, 11, 22, 16, 22, 17, 10, 18, 12, 20, 18, 11, 16, 10, 11, 20, 20, 17, 15, 21, 20, 11, 
135: 0, 0, 0, 0, 0, 0, 20, 23, 0, 23, 22, 0, 0, 0, 0, 13, 0, 17, 0, 17, 0, 12, 0, 0, 24, 18, 20, 0, 14, 0, 16, 18, 0, 19, 14, 17, 18, 0, 0, 16, : 20, 23, 23, 22, 13, 17, 17, 12, 24, 18, 20, 14, 16, 18, 19, 14, 17, 18, 16, 
96: 0, 14, 16, 0, 0, 20, 0, 0, 0, 0, 0, 0, 18, 14, 0, 0, 10, 23, 17, 0, 14, 23, 0, 0, 0, 0, 0, 16, 16, 13, 0, 15, 0, 19, 18, 19, 0, 0, 0, 0, : 14, 16, 20, 18, 14, 10, 23, 17, 14, 23, 16, 16, 13, 15, 19, 18, 19, 
267: 0, 17, 0, 0, 0, 0, 0, 0, 10, 0, 12, 13, 23, 0, 0, 0, 23, 0, 15, 0, 0, 0, 17, 0, 0, 20, 0, 23, 0, 0, 0, 0, 14, 17, 18, 0, 0, 18, 16, 0, : 17, 10, 12, 13, 23, 23, 15, 17, 20, 23, 14, 17, 18, 18, 16, 
131: 0, 0, 14, 0, 0, 0, 0, 0, 14, 0, 10, 0, 14, 0, 13, 0, 0, 0, 16, 13, 20, 12, 0, 21, 0, 24, 21, 16, 18, 13, 0, 15, 16, 19, 0, 16, 0, 17, 0, 0, : 14, 14, 10, 14, 13, 16, 13, 20, 12, 21, 24, 21, 16, 18, 13, 15, 16, 19, 16, 17, 
113: 0, 18, 0, 0, 0, 0, 16, 0, 14, 0, 20, 0, 0, 0, 16, 0, 12, 0, 18, 20, 0, 15, 20, 21, 20, 18, 18, 0, 0, 18, 0, 0, 0, 14, 0, 21, 0, 16, 21, 16, : 18, 16, 14, 20, 16, 12, 18, 20, 15, 20, 21, 20, 18, 18, 18, 14, 21, 16, 21, 16, 


198: 0, 0, 0, 0, 18, 16, 0, 0, 19, 19, 0, 19, 0, 22, 21, 0, 0, 18, 0, 0, 0, 17, 17, 0, 13, 0, 17, 0, 22, 0, 13, 15, 0, 0, 0, 15, 0, 16, 16, 0, : 18, 16, 19, 19, 19, 22, 21, 18, 17, 17, 13, 17, 22, 13, 15, 15, 16, 16, 
387: 0, 12, 18, 20, 0, 0, 17, 16, 0, 11, 17, 14, 0, 12, 0, 15, 0, 0, 16, 0, 20, 0, 0, 0, 17, 14, 16, 17, 12, 0, 18, 0, 0, 0, 0, 0, 15, 0, 0, 0, : 12, 18, 20, 17, 16, 11, 17, 14, 12, 15, 16, 20, 17, 14, 16, 17, 12, 18, 15, 
315: 16, 0, 18, 0, 0, 16, 16, 20, 18, 0, 15, 0, 14, 0, 13, 13, 15, 13, 0, 0, 14, 16, 0, 0, 0, 0, 0, 0, 0, 18, 18, 0, 16, 18, 0, 0, 17, 0, 18, 0, : 16, 18, 16, 16, 20, 18, 15, 14, 13, 13, 15, 13, 14, 16, 18, 18, 16, 18, 17, 18, 
125: 0, 0, 0, 17, 0, 0, 0, 0, 19, 20, 0, 0, 0, 0, 0, 0, 20, 0, 15, 16, 0, 0, 0, 14, 21, 19, 14, 18, 0, 17, 0, 16, 19, 17, 16, 16, 15, 20, 18, 0, : 17, 19, 20, 20, 15, 16, 14, 21, 19, 14, 18, 17, 16, 19, 17, 16, 16, 15, 20, 18, 
46: 20, 0, 0, 0, 0, 0, 0, 0, 17, 0, 0, 0, 14, 14, 20, 0, 0, 0, 0, 13, 0, 16, 16, 0, 13, 13, 0, 18, 0, 0, 15, 0, 0, 0, 0, 0, 0, 0, 0, 15, : 20, 17, 14, 14, 20, 13, 16, 16, 13, 13, 18, 15, 15, 
83: 0, 19, 17, 18, 16, 0, 0, 18, 0, 0, 22, 0, 0, 17, 0, 19, 18, 0, 17, 19, 0, 0, 0, 15, 0, 21, 19, 0, 0, 18, 0, 0, 13, 0, 15, 15, 17, 21, 15, 0, : 19, 17, 18, 16, 18, 22, 17, 19, 18, 17, 19, 15, 21, 19, 18, 13, 15, 15, 17, 21, 15, 
380: 0, 0, 0, 16, 0, 17, 0, 17, 0, 0, 10, 20, 12, 17, 0, 14, 0, 0, 0, 0, 16, 17, 16, 25, 0, 16, 0, 0, 0, 0, 0, 0, 0, 23, 16, 0, 0, 17, 15, 18, : 16, 17, 17, 10, 20, 12, 17, 14, 16, 17, 16, 25, 16, 23, 16, 17, 15, 18, 
150: 18, 17, 13, 0, 13, 0, 0, 17, 0, 0, 21, 16, 21, 0, 0, 20, 19, 15, 0, 13, 16, 17, 16, 0, 13, 0, 15, 20, 0, 0, 16, 16, 19, 0, 17, 0, 0, 14, 16, 15, : 18, 17, 13, 13, 17, 21, 16, 21, 20, 19, 15, 13, 16, 17, 16, 13, 15, 20, 16, 16, 19, 17, 14, 16, 15, 
221: 0, 0, 19, 15, 0, 12, 17, 0, 16, 21, 0, 15, 16, 0, 0, 21, 14, 0, 21, 0, 19, 0, 20, 17, 0, 0, 0, 17, 15, 13, 0, 0, 15, 0, 0, 19, 21, 0, 0, 0, : 19, 15, 12, 17, 16, 21, 15, 16, 21, 14, 21, 19, 20, 17, 17, 15, 13, 15, 19, 21, 
209: 18, 0, 0, 0, 0, 20, 13, 15, 16, 0, 17, 18, 0, 21, 0, 14, 15, 0, 0, 0, 0, 0, 0, 0, 18, 0, 19, 0, 15, 0, 22, 16, 0, 16, 0, 18, 16, 15, 0, 0, : 18, 20, 13, 15, 16, 17, 18, 21, 14, 15, 18, 19, 15, 22, 16, 16, 18, 16, 15, 
195: 20, 19, 0, 17, 0, 0, 0, 0, 0, 15, 14, 16, 18, 17, 16, 0, 0, 14, 17, 18, 0, 0, 0, 17, 0, 0, 0, 15, 21, 23, 0, 16, 14, 0, 0, 0, 0, 0, 20, 16, : 20, 19, 17, 15, 14, 16, 18, 17, 16, 14, 17, 18, 17, 15, 21, 23, 16, 14, 20, 16, 
152: 13, 0, 0, 18, 12, 0, 0, 0, 14, 15, 0, 0, 0, 0, 15, 0, 0, 0, 13, 15, 0, 0, 16, 0, 0, 0, 10, 0, 18, 17, 0, 19, 0, 0, 0, 20, 0, 0, 0, 16, : 13, 18, 12, 14, 15, 15, 13, 15, 16, 10, 18, 17, 19, 20, 16, 
17: 17, 0, 14, 0, 0, 0, 0, 0, 18, 0, 20, 0, 15, 0, 0, 0, 14, 21, 19, 0, 19, 19, 19, 11, 0, 0, 0, 18, 0, 0, 15, 0, 16, 15, 22, 0, 15, 0, 0, 0, : 17, 14, 18, 20, 15, 14, 21, 19, 19, 19, 19, 11, 18, 15, 16, 15, 22, 15, 
194: 0, 18, 19, 0, 21, 21, 11, 0, 0, 0, 14, 0, 0, 16, 17, 19, 0, 0, 0, 0, 0, 15, 0, 0, 0, 18, 18, 0, 0, 19, 17, 0, 22, 0, 15, 0, 0, 0, 0, 19, : 18, 19, 21, 21, 11, 14, 16, 17, 19, 15, 18, 18, 19, 17, 22, 15, 19, 
239: 13, 0, 0, 0, 0, 0, 20, 11, 0, 0, 0, 21, 0, 0, 15, 0, 0, 15, 15, 0, 0, 0, 0, 14, 15, 0, 22, 0, 0, 0, 16, 0, 16, 0, 0, 0, 17, 16, 0, 0, : 13, 20, 11, 21, 15, 15, 15, 14, 15, 22, 16, 16, 17, 16, 
73: 0, 0, 0, 0, 17, 0, 17, 0, 0, 0, 0, 11, 22, 0, 20, 0, 20, 0, 0, 0, 13, 0, 15, 0, 19, 23, 0, 0, 0, 0, 0, 17, 0, 0, 15, 17, 0, 15, 0, 0, : 17, 17, 11, 22, 20, 20, 13, 15, 19, 23, 17, 15, 17, 15, 
202: 0, 20, 15, 14, 19, 11, 18, 18, 0, 14, 0, 0, 0, 0, 0, 0, 0, 0, 0, 21, 0, 0, 15, 17, 21, 16, 0, 0, 18, 13, 0, 22, 0, 14, 17, 0, 17, 16, 14, 21, : 20, 15, 14, 19, 11, 18, 18, 14, 21, 15, 17, 21, 16, 18, 13, 22, 14, 17, 17, 16, 14, 21, 
143: 0, 16, 17, 0, 16, 0, 0, 0, 0, 17, 0, 0, 0, 0, 0, 15, 0, 22, 0, 0, 0, 17, 0, 0, 0, 0, 0, 13, 17, 12, 0, 0, 0, 15, 0, 15, 0, 0, 18, 16, : 16, 17, 16, 17, 15, 22, 17, 13, 17, 12, 15, 15, 18, 16, 
212: 15, 16, 0, 15, 18, 17, 0, 18, 0, 18, 0, 0, 0, 14, 13, 0, 0, 17, 17, 20, 19, 16, 0, 0, 0, 0, 0, 14, 12, 0, 0, 13, 0, 19, 17, 15, 0, 0, 0, 0, : 15, 16, 15, 18, 17, 18, 18, 14, 13, 17, 17, 20, 19, 16, 14, 12, 13, 19, 17, 15, 
279: 0, 13, 0, 0, 0, 20, 21, 0, 13, 0, 0, 0, 18, 0, 0, 0, 15, 15, 0, 15, 14, 0, 0, 20, 0, 10, 0, 0, 0, 0, 0, 0, 0, 13, 0, 0, 0, 0, 0, 14, : 13, 20, 21, 13, 18, 15, 15, 15, 14, 20, 10, 13, 14, 


69: 17, 0, 0, 17, 0, 12, 0, 0, 0, 0, 14, 0, 0, 14, 0, 22, 18, 0, 0, 0, 0, 19, 0, 19, 0, 17, 0, 18, 0, 16, 0, 18, 16, 0, 0, 15, 0, 20, 18, 14, : 17, 17, 12, 14, 14, 22, 18, 19, 19, 17, 18, 16, 18, 16, 15, 20, 18, 14, 
270: 15, 0, 13, 21, 0, 21, 0, 16, 15, 0, 0, 16, 0, 0, 18, 15, 24, 0, 0, 0, 0, 0, 0, 0, 0, 0, 20, 14, 0, 16, 21, 20, 0, 0, 0, 19, 14, 0, 16, 0, : 15, 13, 21, 21, 16, 15, 16, 18, 15, 24, 20, 14, 16, 21, 20, 19, 14, 16, 
258: 14, 0, 0, 0, 14, 0, 0, 0, 13, 0, 16, 21, 18, 22, 0, 0, 0, 14, 0, 20, 0, 0, 18, 0, 0, 0, 18, 0, 22, 0, 15, 15, 0, 14, 0, 0, 18, 13, 0, 19, : 14, 14, 13, 16, 21, 18, 22, 14, 20, 18, 18, 22, 15, 15, 14, 18, 13, 19, 
338: 0, 0, 19, 0, 0, 0, 14, 19, 0, 21, 22, 19, 0, 0, 0, 14, 14, 0, 12, 11, 0, 17, 18, 0, 0, 0, 17, 18, 0, 0, 16, 18, 0, 0, 0, 0, 0, 0, 0, 15, : 19, 14, 19, 21, 22, 19, 14, 14, 12, 11, 17, 18, 17, 18, 16, 18, 15, 
364: 0, 15, 15, 17, 13, 0, 0, 0, 11, 0, 11, 0, 0, 0, 18, 12, 0, 17, 12, 23, 0, 17, 0, 15, 14, 15, 0, 19, 0, 13, 19, 0, 14, 14, 15, 0, 17, 17, 19, 0, : 15, 15, 17, 13, 11, 11, 18, 12, 17, 12, 23, 17, 15, 14, 15, 19, 13, 19, 14, 14, 15, 17, 17, 19, 
222: 0, 16, 21, 0, 0, 0, 0, 0, 19, 0, 0, 0, 17, 17, 0, 0, 0, 14, 13, 0, 0, 14, 13, 0, 16, 0, 14, 0, 17, 17, 0, 0, 16, 16, 17, 21, 0, 0, 0, 14, : 16, 21, 19, 17, 17, 14, 13, 14, 13, 16, 14, 17, 17, 16, 16, 17, 21, 14, 
217: 17, 19, 21, 0, 21, 11, 17, 15, 0, 0, 16, 0, 0, 0, 20, 0, 0, 0, 0, 0, 19, 19, 0, 14, 0, 16, 0, 0, 0, 20, 0, 16, 0, 0, 22, 17, 0, 19, 0, 0, : 17, 19, 21, 21, 11, 17, 15, 16, 20, 19, 19, 14, 16, 20, 16, 22, 17, 19, 
165: 19, 0, 0, 13, 0, 21, 20, 0, 0, 12, 15, 0, 0, 17, 0, 22, 0, 17, 0, 0, 18, 0, 0, 0, 0, 0, 0, 13, 0, 0, 0, 18, 0, 0, 17, 0, 0, 16, 20, 20, : 19, 13, 21, 20, 12, 15, 17, 22, 17, 18, 13, 18, 17, 16, 20, 20, 
341: 0, 0, 0, 0, 0, 0, 0, 0, 17, 0, 0, 18, 0, 17, 21, 0, 0, 0, 0, 0, 0, 18, 17, 18, 16, 0, 0, 0, 0, 0, 15, 0, 0, 0, 19, 0, 15, 0, 14, 16, : 17, 18, 17, 21, 18, 17, 18, 16, 15, 19, 15, 14, 16, 
40: 21, 0, 17, 0, 0, 10, 0, 14, 0, 0, 0, 14, 15, 15, 14, 0, 20, 22, 0, 12, 14, 0, 0, 16, 21, 14, 16, 0, 17, 0, 0, 0, 0, 0, 0, 0, 0, 19, 0, 0, : 21, 17, 10, 14, 14, 15, 15, 14, 20, 22, 12, 14, 16, 21, 14, 16, 17, 19, 
358: 0, 14, 0, 17, 15, 0, 0, 17, 0, 17, 0, 0, 15, 0, 0, 0, 19, 0, 17, 19, 12, 12, 0, 0, 0, 0, 0, 0, 0, 0, 18, 16, 22, 16, 0, 0, 0, 0, 20, 0, : 14, 17, 15, 17, 17, 15, 19, 17, 19, 12, 12, 18, 16, 22, 16, 20, 
141: 0, 15, 14, 0, 16, 24, 0, 19, 21, 14, 13, 0, 16, 0, 0, 0, 11, 17, 0, 0, 0, 0, 19, 0, 17, 20, 14, 18, 0, 0, 0, 0, 0, 23, 15, 0, 14, 0, 0, 21, : 15, 14, 16, 24, 19, 21, 14, 13, 16, 11, 17, 19, 17, 20, 14, 18, 23, 15, 14, 21, 
94: 16, 0, 0, 0, 20, 21, 0, 11, 14, 11, 0, 14, 0, 0, 17, 0, 0, 13, 15, 0, 0, 0, 0, 0, 0, 0, 0, 0, 18, 20, 0, 15, 0, 17, 0, 18, 21, 0, 13, 0, : 16, 20, 21, 11, 14, 11, 14, 17, 13, 15, 18, 20, 15, 17, 18, 21, 13, 
362: 0, 19, 0, 17, 0, 0, 15, 20, 0, 0, 0, 16, 17, 16, 0, 16, 15, 0, 19, 19, 0, 0, 0, 0, 20, 0, 0, 14, 15, 17, 0, 0, 0, 0, 0, 14, 0, 0, 15, 0, : 19, 17, 15, 20, 16, 17, 16, 16, 15, 19, 19, 20, 14, 15, 17, 14, 15, 
275: 0, 0, 14, 15, 21, 0, 0, 0, 0, 18, 23, 15, 0, 0, 0, 0, 0, 14, 0, 0, 17, 0, 0, 17, 0, 12, 0, 0, 18, 16, 13, 0, 16, 15, 0, 0, 0, 0, 0, 0, : 14, 15, 21, 18, 23, 15, 14, 17, 17, 12, 18, 16, 13, 16, 15, 
8: 0, 0, 0, 0, 0, 16, 19, 0, 0, 0, 0, 0, 0, 14, 11, 11, 0, 0, 21, 13, 13, 0, 18, 0, 0, 18, 18, 0, 0, 0, 17, 0, 17, 0, 0, 0, 0, 0, 0, 16, : 16, 19, 14, 11, 11, 21, 13, 13, 18, 18, 18, 17, 17, 16, 
236: 0, 0, 0, 0, 0, 0, 14, 0, 21, 0, 0, 17, 15, 18, 0, 0, 0, 0, 0, 19, 20, 16, 0, 21, 19, 20, 18, 0, 13, 0, 16, 0, 19, 17, 17, 0, 15, 16, 0, 0, : 14, 21, 17, 15, 18, 19, 20, 16, 21, 19, 20, 18, 13, 16, 19, 17, 17, 15, 16, 
317: 17, 21, 0, 13, 11, 14, 22, 0, 0, 15, 0, 0, 0, 0, 0, 0, 0, 0, 0, 0, 15, 0, 12, 14, 15, 18, 0, 14, 13, 0, 0, 14, 14, 18, 0, 16, 20, 0, 0, 15, : 17, 21, 13, 11, 14, 22, 15, 15, 12, 14, 15, 18, 14, 13, 14, 14, 18, 16, 20, 15, 
322: 0, 14, 16, 20, 19, 0, 10, 0, 0, 20, 20, 0, 18, 0, 16, 19, 15, 22, 24, 0, 22, 0, 18, 16, 0, 0, 0, 0, 17, 15, 0, 0, 16, 0, 12, 15, 16, 16, 15, 0, : 14, 16, 20, 19, 10, 20, 20, 18, 16, 19, 15, 22, 24, 22, 18, 16, 17, 15, 16, 12, 15, 16, 16, 15, 
254: 14, 17, 0, 0, 0, 0, 19, 19, 19, 22, 0, 0, 19, 0, 15, 19, 14, 0, 17, 14, 0, 18, 17, 0, 12, 0, 15, 22, 0, 0, 0, 0, 0, 0, 16, 15, 0, 14, 0, 0, : 14, 17, 19, 19, 19, 22, 19, 15, 19, 14, 17, 14, 18, 17, 12, 15, 22, 16, 15, 14, 


349: 16, 0, 16, 0, 0, 15, 0, 0, 0, 15, 0, 16, 14, 0, 15, 17, 19, 0, 0, 0, 0, 14, 0, 18, 17, 0, 17, 0, 14, 0, 17, 0, 0, 0, 0, 15, 10, 0, 22, 16, : 16, 16, 15, 15, 16, 14, 15, 17, 19, 14, 18, 17, 17, 14, 17, 15, 10, 22, 16, 
274: 0, 0, 0, 15, 15, 0, 17, 0, 0, 16, 0, 0, 17, 18, 0, 0, 0, 17, 0, 20, 21, 0, 0, 17, 15, 16, 0, 0, 21, 23, 12, 18, 0, 0, 0, 15, 14, 12, 16, 0, : 15, 15, 17, 16, 17, 18, 17, 20, 21, 17, 15, 16, 21, 23, 12, 18, 15, 14, 12, 16, 
207: 0, 19, 21, 0, 0, 0, 0, 21, 16, 18, 0, 0, 17, 18, 0, 0, 0, 0, 14, 0, 17, 0, 11, 0, 0, 0, 16, 0, 0, 0, 18, 0, 15, 14, 16, 16, 0, 18, 17, 21, : 19, 21, 21, 16, 18, 17, 18, 14, 17, 11, 16, 18, 15, 14, 16, 16, 18, 17, 21, 
208: 0, 16, 0, 12, 0, 20, 0, 0, 14, 0, 16, 16, 0, 0, 16, 0, 15, 17, 17, 14, 0, 16, 0, 0, 0, 15, 0, 0, 0, 12, 19, 17, 0, 0, 0, 0, 19, 0, 0, 15, : 16, 12, 20, 14, 16, 16, 16, 15, 17, 17, 14, 16, 15, 12, 19, 17, 19, 15, 
78: 0, 18, 0, 0, 0, 10, 20, 0, 0, 21, 0, 16, 0, 0, 20, 13, 0, 0, 15, 15, 0, 0, 14, 0, 20, 16, 18, 0, 17, 0, 0, 16, 0, 22, 0, 0, 0, 0, 0, 20, : 18, 10, 20, 21, 16, 20, 13, 15, 15, 14, 20, 16, 18, 17, 16, 22, 20, 
228: 0, 0, 0, 0, 0, 24, 0, 14, 0, 20, 0, 0, 0, 0, 14, 16, 19, 16, 0, 18, 0, 17, 17, 18, 17, 17, 18, 0, 0, 18, 18, 0, 0, 0, 15, 12, 0, 0, 0, 0, : 24, 14, 20, 14, 16, 19, 16, 18, 17, 17, 18, 17, 17, 18, 18, 18, 15, 12, 
19: 0, 0, 0, 0, 0, 0, 16, 0, 21, 0, 15, 15, 0, 16, 19, 0, 0, 0, 0, 15, 0, 0, 0, 0, 16, 0, 0, 13, 0, 18, 0, 15, 13, 0, 16, 0, 14, 18, 0, 0, : 16, 21, 15, 15, 16, 19, 15, 16, 13, 18, 15, 13, 16, 14, 18, 
240: 18, 0, 0, 0, 0, 21, 0, 17, 15, 0, 16, 0, 16, 14, 0, 19, 0, 17, 15, 0, 0, 18, 0, 21, 0, 18, 16, 17, 0, 0, 0, 0, 13, 18, 0, 0, 17, 0, 0, 14, : 18, 21, 17, 15, 16, 16, 14, 19, 17, 15, 18, 21, 18, 16, 17, 13, 18, 17, 14, 
6: 0, 0, 0, 15, 0, 0, 11, 0, 21, 0, 19, 0, 0, 15, 0, 0, 16, 0, 16, 19, 16, 0, 0, 0, 18, 0, 0, 16, 13, 0, 0, 12, 20, 17, 17, 0, 0, 0, 0, 0, : 15, 11, 21, 19, 15, 16, 16, 19, 16, 18, 16, 13, 12, 20, 17, 17, 
383: 15, 0, 13, 0, 19, 0, 24, 23, 0, 16, 14, 16, 0, 14, 0, 0, 0, 0, 0, 17, 0, 0, 16, 14, 0, 20, 0, 18, 0, 0, 20, 0, 0, 20, 21, 19, 0, 19, 14, 0, : 15, 13, 19, 24, 23, 16, 14, 16, 14, 17, 16, 14, 20, 18, 20, 20, 21, 19, 19, 14, 
92: 0, 0, 14, 19, 14, 0, 14, 11, 15, 0, 14, 16, 0, 0, 14, 0, 16, 15, 18, 0, 16, 0, 22, 0, 18, 0, 17, 18, 20, 0, 0, 17, 0, 0, 0, 0, 0, 20, 0, 0, : 14, 19, 14, 14, 11, 15, 14, 16, 14, 16, 15, 18, 16, 22, 18, 17, 18, 20, 17, 20, 
199: 18, 19, 19, 21, 0, 15, 0, 0, 0, 0, 0, 22, 22, 0, 0, 18, 0, 18, 18, 17, 13, 0, 0, 13, 15, 0, 0, 0, 0, 0, 0, 17, 16, 14, 0, 0, 0, 18, 0, 0, : 18, 19, 19, 21, 15, 22, 22, 18, 18, 18, 17, 13, 13, 15, 17, 16, 14, 18, 
153: 19, 13, 0, 0, 14, 0, 0, 16, 0, 0, 0, 0, 0, 0, 0, 14, 17, 19, 0, 0, 15, 21, 0, 18, 0, 0, 18, 0, 0, 13, 17, 0, 20, 0, 14, 20, 0, 0, 0, 14, : 19, 13, 14, 16, 14, 17, 19, 15, 21, 18, 18, 13, 17, 20, 14, 20, 14, 
128: 13, 0, 18, 17, 24, 11, 20, 0, 16, 18, 0, 15, 15, 17, 18, 0, 0, 0, 0, 0, 0, 0, 0, 0, 0, 0, 0, 19, 12, 19, 0, 0, 0, 0, 0, 0, 0, 0, 19, 0, : 13, 18, 17, 24, 11, 20, 16, 18, 15, 15, 17, 18, 19, 12, 19, 19, 
163: 0, 14, 15, 19, 19, 0, 0, 15, 0, 0, 0, 0, 0, 0, 0, 0, 0, 0, 0, 0, 0, 15, 15, 0, 0, 15, 16, 0, 0, 15, 0, 19, 16, 0, 15, 17, 0, 15, 14, 0, : 14, 15, 19, 19, 15, 15, 15, 15, 16, 15, 19, 16, 15, 17, 15, 14, 
161: 18, 18, 0, 0, 0, 0, 0, 0, 0, 0, 0, 0, 0, 0, 0, 0, 16, 0, 0, 0, 0, 11, 17, 14, 14, 0, 0, 15, 19, 0, 0, 19, 0, 0, 0, 0, 19, 0, 0, 18, : 18, 18, 16, 11, 17, 14, 14, 15, 19, 19, 19, 18, 
65: 18, 15, 18, 14, 0, 0, 18, 0, 0, 11, 17, 18, 18, 0, 16, 0, 0, 0, 0, 0, 12, 16, 0, 0, 0, 17, 0, 0, 0, 0, 17, 0, 18, 0, 0, 0, 20, 0, 16, 16, : 18, 15, 18, 14, 18, 11, 17, 18, 18, 16, 12, 16, 17, 17, 18, 20, 16, 16, 
250: 15, 0, 0, 0, 21, 14, 10, 17, 18, 15, 0, 0, 0, 22, 0, 16, 0, 15, 20, 0, 0, 22, 20, 17, 0, 0, 0, 17, 15, 11, 0, 0, 19, 15, 21, 21, 0, 14, 15, 0, : 15, 21, 14, 10, 17, 18, 15, 22, 16, 15, 20, 22, 20, 17, 17, 15, 11, 19, 15, 21, 21, 14, 15, 
47: 0, 18, 16, 0, 11, 0, 0, 16, 0, 0, 22, 0, 16, 16, 18, 18, 17, 16, 17, 15, 19, 0, 0, 0, 0, 16, 14, 17, 19, 0, 0, 0, 0, 14, 0, 15, 16, 0, 0, 16, : 18, 16, 11, 16, 22, 16, 16, 18, 18, 17, 16, 17, 15, 19, 16, 14, 17, 19, 14, 15, 16, 16, 
242: 0, 0, 0, 18, 13, 20, 0, 0, 14, 0, 17, 0, 15, 0, 0, 19, 15, 0, 0, 0, 21, 0, 18, 0, 0, 0, 0, 0, 0, 21, 12, 0, 0, 16, 15, 0, 21, 16, 17, 0, : 18, 13, 20, 14, 17, 15, 19, 15, 21, 18, 21, 12, 16, 15, 21, 16, 17, 


251: 0, 20, 0, 0, 12, 19, 0, 0, 0, 0, 0, 21, 16, 0, 0, 0, 13, 17, 16, 0, 0, 0, 0, 17, 11, 17, 16, 21, 22, 0, 18, 24, 0, 0, 19, 19, 10, 14, 0, 19, : 20, 12, 19, 21, 16, 13, 17, 16, 17, 11, 17, 16, 21, 22, 18, 24, 19, 19, 10, 14, 19, 
49: 0, 0, 18, 14, 21, 0, 0, 0, 0, 0, 16, 0, 20, 0, 17, 19, 17, 18, 0, 19, 17, 20, 19, 21, 0, 0, 17, 17, 20, 0, 0, 21, 0, 13, 0, 0, 22, 0, 23, 19, : 18, 14, 21, 16, 20, 17, 19, 17, 18, 19, 17, 20, 19, 21, 17, 17, 20, 21, 13, 22, 23, 19, 
260: 17, 0, 18, 0, 0, 0, 0, 0, 0, 0, 0, 0, 21, 15, 0, 0, 0, 14, 19, 0, 16, 11, 17, 0, 0, 0, 0, 0, 0, 19, 0, 20, 13, 21, 10, 22, 0, 0, 11, 0, : 17, 18, 21, 15, 14, 19, 16, 11, 17, 19, 20, 13, 21, 10, 22, 11, 
204: 0, 17, 12, 21, 18, 0, 19, 20, 0, 0, 0, 0, 0, 20, 11, 0, 19, 0, 15, 18, 20, 0, 0, 0, 0, 0, 0, 15, 17, 19, 11, 0, 0, 0, 0, 0, 13, 0, 0, 0, : 17, 12, 21, 18, 19, 20, 20, 11, 19, 15, 18, 20, 15, 17, 19, 11, 13, 
13: 0, 15, 0, 13, 0, 0, 0, 0, 0, 0, 0, 0, 16, 0, 17, 0, 0, 0, 18, 16, 0, 0, 0, 18, 16, 16, 0, 0, 0, 0, 21, 0, 0, 0, 0, 0, 21, 0, 19, 0, : 15, 13, 16, 17, 18, 16, 18, 16, 16, 21, 21, 19, 
97: 12, 0, 0, 19, 18, 0, 0, 0, 0, 0, 0, 20, 0, 15, 21, 0, 0, 0, 0, 19, 0, 0, 0, 0, 0, 16, 14, 0, 0, 0, 0, 0, 19, 15, 19, 0, 0, 0, 0, 0, : 12, 19, 18, 20, 15, 21, 19, 16, 14, 19, 15, 19, 
151: 18, 14, 16, 0, 18, 18, 0, 0, 17, 11, 18, 11, 0, 0, 0, 0, 0, 18, 17, 0, 17, 0, 0, 0, 0, 20, 0, 18, 0, 12, 21, 13, 24, 0, 21, 0, 0, 23, 17, 0, : 18, 14, 16, 18, 18, 17, 11, 18, 11, 18, 17, 17, 20, 18, 12, 21, 13, 24, 21, 23, 17, 
223: 17, 0, 0, 0, 13, 16, 12, 18, 0, 0, 0, 0, 0, 14, 19, 18, 18, 0, 0, 0, 0, 0, 0, 0, 22, 0, 0, 16, 0, 17, 0, 0, 0, 0, 13, 13, 12, 0, 0, 0, : 17, 13, 16, 12, 18, 14, 19, 18, 18, 22, 16, 17, 13, 13, 12, 
178: 18, 0, 0, 0, 0, 20, 0, 13, 18, 0, 0, 16, 16, 17, 0, 20, 12, 0, 0, 16, 0, 16, 0, 0, 0, 16, 17, 0, 10, 0, 17, 0, 0, 21, 16, 0, 13, 22, 0, 21, : 18, 20, 13, 18, 16, 16, 17, 20, 12, 16, 16, 16, 17, 10, 17, 21, 16, 13, 22, 21, 
122: 18, 0, 0, 0, 16, 0, 13, 0, 20, 18, 0, 0, 14, 16, 15, 0, 0, 0, 0, 0, 0, 18, 0, 0, 18, 14, 0, 0, 14, 0, 12, 12, 11, 19, 15, 13, 0, 0, 17, 0, : 18, 16, 13, 20, 18, 14, 16, 15, 18, 18, 14, 14, 12, 12, 11, 19, 15, 13, 17, 
353: 0, 0, 19, 0, 0, 11, 20, 0, 0, 19, 14, 17, 10, 0, 15, 12, 0, 0, 0, 0, 16, 0, 0, 0, 21, 0, 0, 0, 0, 13, 0, 0, 0, 0, 0, 21, 0, 11, 0, 21, : 19, 11, 20, 19, 14, 17, 10, 15, 12, 16, 21, 13, 21, 11, 21, 
124: 0, 0, 18, 0, 0, 13, 19, 20, 0, 21, 15, 15, 0, 0, 13, 0, 18, 19, 0, 0, 0, 0, 18, 19, 16, 15, 0, 0, 0, 10, 0, 18, 14, 11, 0, 0, 0, 0, 11, 11, : 18, 13, 19, 20, 21, 15, 15, 13, 18, 19, 18, 19, 16, 15, 10, 18, 14, 11, 11, 11, 
66: 18, 18, 0, 21, 0, 0, 12, 17, 12, 11, 19, 0, 21, 0, 0, 18, 0, 0, 0, 0, 20, 0, 18, 0, 0, 16, 18, 0, 21, 0, 0, 0, 22, 0, 0, 0, 0, 14, 14, 15, : 18, 18, 21, 12, 17, 12, 11, 19, 21, 18, 20, 18, 16, 18, 21, 22, 14, 14, 15, 
234: 0, 12, 0, 15, 0, 0, 19, 20, 22, 0, 11, 18, 0, 0, 0, 0, 19, 18, 12, 15, 16, 18, 11, 12, 0, 0, 20, 0, 17, 23, 14, 0, 0, 14, 0, 0, 17, 18, 0, 0, : 12, 15, 19, 20, 22, 11, 18, 19, 18, 12, 15, 16, 18, 11, 12, 20, 17, 23, 14, 14, 17, 18, 
129: 0, 19, 22, 0, 0, 0, 17, 0, 0, 16, 0, 15, 16, 0, 0, 16, 0, 18, 18, 12, 0, 0, 15, 14, 0, 20, 14, 0, 0, 0, 13, 0, 0, 0, 0, 16, 23, 0, 22, 18, : 19, 22, 17, 16, 15, 16, 16, 18, 18, 12, 15, 14, 20, 14, 13, 16, 23, 22, 18, 
186: 0, 0, 0, 0, 15, 19, 0, 12, 0, 18, 17, 0, 0, 0, 0, 16, 0, 0, 0, 0, 11, 17, 0, 16, 15, 0, 0, 20, 0, 0, 0, 11, 16, 22, 0, 20, 0, 21, 0, 11, : 15, 19, 12, 18, 17, 16, 11, 17, 16, 15, 20, 11, 16, 22, 20, 21, 11, 
324: 14, 0, 13, 14, 0, 17, 0, 0, 11, 0, 19, 0, 0, 22, 0, 0, 19, 17, 19, 17, 0, 15, 17, 0, 17, 0, 0, 15, 14, 0, 23, 14, 0, 0, 0, 16, 0, 0, 0, 15, : 14, 13, 14, 17, 11, 19, 22, 19, 17, 19, 17, 15, 17, 17, 15, 14, 23, 14, 16, 15, 
348: 0, 15, 0, 13, 0, 17, 19, 0, 14, 22, 21, 17, 0, 10, 22, 13, 0, 0, 0, 18, 17, 0, 19, 21, 14, 0, 0, 0, 0, 15, 0, 0, 18, 0, 21, 10, 0, 0, 0, 0, : 15, 13, 17, 19, 14, 22, 21, 17, 10, 22, 13, 18, 17, 19, 21, 14, 15, 18, 21, 10, 
233: 18, 20, 14, 0, 0, 0, 0, 12, 17, 14, 0, 0, 0, 0, 0, 18, 0, 0, 0, 0, 0, 16, 0, 12, 0, 0, 20, 13, 0, 22, 0, 0, 0, 14, 16, 0, 0, 12, 16, 0, : 18, 20, 14, 12, 17, 14, 18, 16, 12, 20, 13, 22, 14, 16, 12, 16, 
130: 0, 0, 0, 20, 19, 0, 0, 18, 19, 0, 0, 0, 0, 21, 0, 0, 15, 11, 16, 0, 0, 19, 16, 0, 0, 0, 14, 15, 15, 0, 0, 17, 13, 0, 0, 0, 19, 15, 0, 0, : 20, 19, 18, 19, 21, 15, 11, 16, 19, 16, 14, 15, 15, 17, 13, 19, 15, 


359: 0, 15, 0, 0, 0, 19, 0, 19, 0, 0, 0, 16, 17, 0, 0, 15, 0, 17, 14, 0, 17, 16, 0, 15, 18, 0, 0, 21, 0, 0, 0, 18, 0, 20, 16, 0, 12, 0, 0, 18, : 15, 19, 19, 16, 17, 15, 17, 14, 17, 16, 15, 18, 21, 18, 20, 16, 12, 18, 
396: 18, 0, 20, 0, 0, 0, 0, 19, 14, 21, 0, 19, 15, 0, 0, 17, 16, 0, 17, 14, 0, 15, 0, 0, 16, 0, 17, 15, 17, 15, 20, 0, 0, 17, 0, 0, 0, 15, 0, 0, : 18, 20, 19, 14, 21, 19, 15, 17, 16, 17, 14, 15, 16, 17, 15, 17, 15, 20, 17, 15, 
34: 15, 0, 0, 0, 0, 14, 0, 0, 0, 13, 19, 0, 0, 0, 0, 18, 0, 0, 14, 0, 15, 0, 18, 0, 0, 0, 19, 0, 0, 0, 0, 12, 0, 0, 16, 16, 0, 0, 15, 17, : 15, 14, 13, 19, 18, 14, 15, 18, 19, 12, 16, 16, 15, 17, 
108: 0, 16, 17, 0, 0, 0, 0, 0, 0, 15, 0, 13, 16, 0, 21, 0, 0, 19, 19, 14, 16, 0, 15, 12, 0, 10, 0, 0, 19, 21, 0, 14, 0, 13, 21, 0, 11, 18, 0, 0, : 16, 17, 15, 13, 16, 21, 19, 19, 14, 16, 15, 12, 10, 19, 21, 14, 13, 21, 11, 18, 
103: 0, 19, 0, 14, 14, 0, 0, 0, 0, 20, 21, 14, 0, 0, 0, 0, 0, 0, 18, 0, 0, 0, 15, 17, 10, 19, 14, 16, 0, 0, 0, 21, 0, 21, 15, 20, 0, 14, 19, 0, : 19, 14, 14, 20, 21, 14, 18, 15, 17, 10, 19, 14, 16, 21, 21, 15, 20, 14, 19, 
117: 0, 0, 18, 0, 22, 14, 16, 0, 11, 0, 0, 20, 0, 0, 0, 0, 16, 14, 18, 19, 0, 0, 0, 19, 0, 0, 0, 0, 0, 0, 0, 0, 0, 0, 0, 14, 21, 0, 20, 11, : 18, 22, 14, 16, 11, 20, 16, 14, 18, 19, 19, 14, 21, 20, 11, 
269: 18, 0, 0, 13, 0, 0, 0, 0, 0, 20, 17, 0, 0, 0, 0, 18, 0, 18, 17, 16, 0, 15, 0, 16, 18, 0, 0, 0, 17, 13, 16, 0, 0, 0, 18, 0, 0, 16, 0, 0, : 18, 13, 20, 17, 18, 18, 17, 16, 15, 16, 18, 17, 13, 16, 18, 16, 
188: 18, 17, 15, 21, 0, 21, 20, 0, 22, 14, 14, 0, 0, 18, 18, 19, 18, 17, 0, 0, 0, 0, 0, 0, 0, 20, 12, 0, 0, 0, 14, 0, 19, 0, 0, 20, 0, 0, 17, 0, : 18, 17, 15, 21, 21, 20, 22, 14, 14, 18, 18, 19, 18, 17, 20, 12, 14, 19, 20, 17, 
79: 15, 0, 0, 18, 18, 13, 0, 0, 0, 0, 15, 19, 0, 0, 17, 0, 14, 0, 0, 0, 22, 16, 0, 19, 0, 0, 18, 0, 13, 18, 17, 0, 0, 0, 0, 0, 0, 0, 13, 0, : 15, 18, 18, 13, 15, 19, 17, 14, 22, 16, 19, 18, 13, 18, 17, 13, 
336: 0, 0, 0, 22, 0, 0, 18, 14, 0, 0, 19, 0, 15, 0, 0, 18, 19, 14, 0, 0, 0, 18, 0, 0, 14, 17, 0, 15, 0, 17, 16, 0, 17, 17, 0, 16, 16, 0, 0, 13, : 22, 18, 14, 19, 15, 18, 19, 14, 18, 14, 17, 15, 17, 16, 17, 17, 16, 16, 13, 
272: 0, 0, 0, 0, 21, 0, 0, 0, 0, 0, 15, 0, 0, 14, 0, 0, 0, 16, 0, 0, 15, 0, 16, 0, 21, 0, 17, 16, 19, 0, 14, 13, 0, 0, 0, 0, 0, 14, 0, 0, : 21, 15, 14, 16, 15, 16, 21, 17, 16, 19, 14, 13, 14, 
294: 16, 18, 0, 14, 0, 18, 16, 0, 14, 0, 0, 0, 0, 0, 20, 0, 17, 20, 0, 0, 15, 0, 16, 0, 0, 0, 0, 0, 20, 13, 0, 0, 20, 0, 0, 0, 20, 18, 0, 0, : 16, 18, 14, 18, 16, 14, 20, 17, 20, 15, 16, 20, 13, 20, 20, 18, 
316: 13, 0, 0, 16, 13, 13, 14, 18, 15, 0, 0, 0, 0, 15, 12, 0, 16, 0, 0, 16, 0, 0, 21, 0, 19, 14, 0, 14, 0, 0, 0, 0, 13, 0, 0, 0, 0, 0, 0, 15, : 13, 16, 13, 13, 14, 18, 15, 15, 12, 16, 16, 21, 19, 14, 14, 13, 15, 
201: 19, 0, 16, 0, 13, 0, 0, 0, 13, 0, 0, 16, 0, 11, 15, 0, 19, 0, 0, 0, 0, 23, 0, 0, 0, 0, 0, 0, 17, 0, 17, 0, 14, 17, 16, 0, 0, 0, 18, 19, : 19, 16, 13, 13, 16, 11, 15, 19, 23, 17, 17, 14, 17, 16, 18, 19, 
111: 0, 0, 0, 18, 0, 0, 13, 13, 20, 13, 0, 0, 12, 19, 18, 0, 0, 0, 0, 19, 18, 0, 16, 18, 0, 14, 0, 0, 0, 0, 0, 20, 0, 14, 15, 0, 16, 13, 0, 20, : 18, 13, 13, 20, 13, 12, 19, 18, 19, 18, 16, 18, 14, 20, 14, 15, 16, 13, 20, 
136: 0, 0, 0, 0, 0, 0, 0, 20, 0, 0, 0, 15, 21, 15, 0, 13, 0, 0, 18, 0, 15, 13, 0, 0, 16, 0, 19, 18, 15, 0, 0, 0, 21, 17, 18, 17, 22, 23, 0, 0, : 20, 15, 21, 15, 13, 18, 15, 13, 16, 19, 18, 15, 21, 17, 18, 17, 22, 23, 
352: 0, 18, 19, 0, 0, 14, 18, 0, 21, 13, 17, 0, 19, 0, 17, 18, 0, 15, 0, 19, 17, 17, 0, 17, 18, 16, 0, 0, 0, 19, 0, 14, 11, 0, 0, 19, 16, 0, 17, 0, : 18, 19, 14, 18, 21, 13, 17, 19, 17, 18, 15, 19, 17, 17, 17, 18, 16, 19, 14, 11, 19, 16, 17, 
307: 0, 16, 13, 0, 22, 24, 0, 15, 20, 0, 13, 0, 17, 17, 0, 0, 0, 0, 0, 17, 0, 0, 16, 0, 0, 0, 15, 18, 0, 16, 0, 21, 17, 0, 0, 0, 16, 0, 0, 17, : 16, 13, 22, 24, 15, 20, 13, 17, 17, 17, 16, 15, 18, 16, 21, 17, 16, 17, 
319: 0, 16, 17, 0, 14, 0, 20, 16, 0, 21, 0, 0, 0, 19, 0, 14, 0, 0, 0, 16, 0, 17, 0, 17, 0, 21, 19, 0, 13, 0, 15, 0, 18, 14, 15, 16, 0, 19, 17, 20, : 16, 17, 14, 20, 16, 21, 19, 14, 16, 17, 17, 21, 19, 13, 15, 18, 14, 15, 16, 19, 17, 20, 
318: 18, 15, 15, 14, 13, 0, 15, 16, 0, 0, 0, 18, 18, 22, 12, 0, 15, 0, 15, 0, 0, 0, 17, 0, 0, 19, 0, 17, 0, 18, 21, 17, 0, 0, 0, 12, 0, 0, 14, 0, : 18, 15, 15, 14, 13, 15, 16, 18, 18, 22, 12, 15, 15, 17, 19, 17, 18, 21, 17, 12, 14, 


229: 0, 0, 0, 12, 0, 0, 20, 0, 0, 19, 0, 11, 0, 11, 0, 20, 0, 0, 12, 0, 16, 0, 18, 0, 0, 20, 0, 0, 0, 0, 15, 0, 0, 0, 16, 18, 0, 0, 0, 0, : 12, 20, 19, 11, 11, 20, 12, 16, 18, 20, 15, 16, 18, 
112: 20, 15, 0, 0, 0, 0, 11, 19, 18, 16, 12, 0, 23, 0, 0, 0, 0, 0, 0, 18, 17, 0, 0, 14, 0, 0, 0, 17, 0, 0, 16, 0, 17, 0, 0, 13, 0, 16, 20, 0, : 20, 15, 11, 19, 18, 16, 12, 23, 18, 17, 14, 17, 16, 17, 13, 16, 20, 
77: 18, 0, 19, 0, 0, 19, 19, 17, 20, 11, 0, 0, 14, 15, 14, 0, 0, 12, 0, 0, 0, 15, 0, 19, 20, 0, 0, 0, 0, 0, 14, 18, 15, 14, 18, 0, 11, 0, 13, 0, : 18, 19, 19, 19, 17, 20, 11, 14, 15, 14, 12, 15, 19, 20, 14, 18, 15, 14, 18, 11, 13, 
169: 16, 0, 15, 21, 0, 0, 0, 0, 0, 0, 16, 0, 0, 19, 21, 12, 16, 0, 17, 18, 0, 17, 16, 0, 12, 0, 13, 21, 18, 17, 0, 15, 0, 19, 0, 0, 0, 0, 0, 19, : 16, 15, 21, 16, 19, 21, 12, 16, 17, 18, 17, 16, 12, 13, 21, 18, 17, 15, 19, 19, 
7: 12, 14, 17, 20, 22, 20, 11, 0, 0, 0, 21, 0, 0, 0, 17, 17, 0, 13, 23, 0, 0, 20, 0, 0, 0, 20, 19, 14, 15, 13, 19, 18, 0, 23, 16, 0, 0, 0, 19, 0, : 12, 14, 17, 20, 22, 20, 11, 21, 17, 17, 13, 23, 20, 20, 19, 14, 15, 13, 19, 18, 23, 16, 19, 
167: 0, 0, 0, 16, 0, 0, 0, 20, 11, 0, 0, 0, 20, 0, 12, 0, 0, 12, 18, 15, 0, 0, 0, 0, 12, 14, 0, 0, 0, 0, 0, 0, 17, 0, 0, 17, 18, 20, 0, 0, : 16, 20, 11, 20, 12, 12, 18, 15, 12, 14, 17, 17, 18, 20, 
86: 0, 18, 0, 11, 16, 16, 20, 11, 11, 0, 19, 0, 0, 20, 0, 16, 18, 0, 0, 0, 16, 22, 18, 13, 21, 18, 0, 0, 14, 15, 0, 0, 0, 14, 0, 19, 17, 0, 16, 14, : 18, 11, 16, 16, 20, 11, 11, 19, 20, 16, 18, 16, 22, 18, 13, 21, 18, 14, 15, 14, 19, 17, 16, 14, 
74: 0, 13, 20, 19, 0, 0, 17, 20, 0, 17, 0, 0, 16, 20, 14, 0, 21, 0, 13, 10, 0, 0, 0, 0, 0, 0, 16, 0, 20, 0, 18, 0, 18, 13, 0, 0, 0, 10, 0, 0, : 13, 20, 19, 17, 20, 17, 16, 20, 14, 21, 13, 10, 16, 20, 18, 18, 13, 10, 
225: 0, 0, 20, 0, 0, 0, 0, 0, 0, 18, 0, 16, 18, 16, 0, 18, 14, 20, 21, 15, 21, 11, 0, 0, 0, 12, 0, 0, 15, 18, 0, 0, 14, 0, 13, 0, 0, 0, 13, 17, : 20, 18, 16, 18, 16, 18, 14, 20, 21, 15, 21, 11, 12, 15, 18, 14, 13, 13, 17, 
390: 15, 20, 13, 0, 17, 0, 0, 17, 0, 0, 0, 0, 0, 0, 16, 0, 12, 0, 18, 13, 0, 16, 16, 0, 0, 17, 0, 0, 0, 12, 0, 14, 22, 16, 0, 0, 0, 20, 18, 14, : 15, 20, 13, 17, 17, 16, 12, 18, 13, 16, 16, 17, 12, 14, 22, 16, 20, 18, 14, 
326: 19, 0, 0, 0, 11, 0, 0, 0, 17, 12, 0, 17, 0, 0, 0, 18, 0, 0, 0, 0, 10, 18, 11, 19, 15, 16, 21, 0, 16, 23, 14, 0, 0, 17, 20, 17, 20, 22, 14, 15, : 19, 11, 17, 12, 17, 18, 10, 18, 11, 19, 15, 16, 21, 16, 23, 14, 17, 20, 17, 20, 22, 14, 15, 
361: 0, 0, 20, 0, 21, 12, 0, 16, 17, 0, 18, 17, 0, 14, 0, 0, 0, 16, 0, 22, 0, 0, 0, 0, 0, 0, 0, 10, 0, 15, 17, 16, 15, 0, 0, 0, 0, 0, 0, 19, : 20, 21, 12, 16, 17, 18, 17, 14, 16, 22, 10, 15, 17, 16, 15, 19, 
328: 0, 17, 0, 17, 13, 14, 0, 11, 0, 20, 0, 15, 14, 20, 0, 14, 0, 18, 0, 0, 18, 0, 16, 15, 18, 0, 0, 15, 0, 0, 0, 22, 0, 15, 23, 13, 13, 20, 0, 0, : 17, 17, 13, 14, 11, 20, 15, 14, 20, 14, 18, 18, 16, 15, 18, 15, 22, 15, 23, 13, 13, 20, 
346: 0, 21, 0, 0, 20, 0, 0, 0, 0, 18, 0, 0, 0, 15, 0, 0, 0, 22, 0, 0, 0, 0, 0, 0, 0, 0, 15, 17, 0, 0, 0, 0, 16, 0, 12, 23, 23, 0, 17, 19, : 21, 20, 18, 15, 22, 15, 17, 16, 12, 23, 23, 17, 19, 
386: 18, 0, 0, 0, 0, 21, 17, 0, 0, 0, 16, 19, 11, 0, 20, 18, 18, 0, 0, 0, 0, 17, 23, 12, 0, 0, 0, 20, 11, 0, 0, 15, 16, 0, 16, 0, 17, 0, 0, 18, : 18, 21, 17, 16, 19, 11, 20, 18, 18, 17, 23, 12, 20, 11, 15, 16, 16, 17, 18, 
156: 19, 0, 0, 20, 0, 20, 0, 0, 19, 0, 11, 19, 0, 0, 0, 0, 14, 15, 12, 0, 0, 0, 13, 21, 22, 0, 0, 0, 0, 19, 0, 0, 0, 19, 16, 0, 18, 0, 0, 0, : 19, 20, 20, 19, 11, 19, 14, 15, 12, 13, 21, 22, 19, 19, 16, 18, 
374: 0, 20, 0, 0, 0, 0, 0, 0, 0, 0, 0, 24, 15, 0, 19, 17, 0, 22, 0, 0, 17, 0, 19, 0, 18, 0, 21, 22, 22, 18, 0, 15, 0, 0, 0, 13, 13, 16, 20, 0, : 20, 24, 15, 19, 17, 22, 17, 19, 18, 21, 22, 22, 18, 15, 13, 13, 16, 20, 
102: 0, 0, 14, 0, 18, 0, 0, 0, 18, 0, 19, 0, 0, 0, 17, 0, 0, 0, 16, 18, 21, 0, 0, 20, 12, 22, 15, 0, 0, 0, 16, 0, 0, 0, 0, 0, 0, 14, 0, 15, : 14, 18, 18, 19, 17, 16, 18, 21, 20, 12, 22, 15, 16, 14, 15, 
55: 13, 12, 12, 0, 0, 11, 20, 0, 0, 19, 18, 12, 19, 0, 0, 0, 15, 0, 0, 0, 14, 14, 0, 0, 0, 11, 20, 0, 19, 0, 21, 0, 0, 0, 0, 17, 0, 0, 0, 0, : 13, 12, 12, 11, 20, 19, 18, 12, 19, 15, 14, 14, 11, 20, 19, 21, 17, 
32: 0, 0, 0, 14, 12, 17, 15, 19, 19, 0, 0, 0, 0, 0, 0, 0, 22, 0, 0, 21, 0, 0, 0, 17, 0, 0, 10, 14, 0, 0, 0, 17, 0, 0, 0, 0, 0, 12, 0, 0, : 14, 12, 17, 15, 19, 19, 22, 21, 17, 10, 14, 17, 12, 


60: 15, 20, 0, 0, 19, 0, 14, 14, 14, 0, 13, 0, 20, 14, 14, 12, 11, 0, 0, 0, 12, 20, 0, 0, 0, 0, 0, 18, 0, 0, 11, 13, 0, 0, 0, 0, 0, 19, 11, 16, : 15, 20, 19, 14, 14, 14, 13, 20, 14, 14, 12, 11, 12, 20, 18, 11, 13, 19, 11, 16, 
63: 17, 0, 0, 19, 19, 0, 19, 20, 0, 0, 0, 20, 21, 12, 21, 21, 0, 0, 0, 0, 0, 0, 19, 0, 0, 0, 0, 18, 0, 0, 21, 0, 17, 0, 21, 13, 0, 11, 0, 20, : 17, 19, 19, 19, 20, 20, 21, 12, 21, 21, 19, 18, 21, 17, 21, 13, 11, 20, 
372: 0, 14, 0, 15, 16, 14, 0, 0, 0, 0, 17, 13, 0, 0, 0, 0, 0, 16, 15, 0, 0, 0, 0, 0, 16, 0, 10, 0, 19, 19, 0, 17, 0, 0, 15, 0, 14, 13, 12, 20, : 14, 15, 16, 14, 17, 13, 16, 15, 16, 10, 19, 19, 17, 15, 14, 13, 12, 20, 
264: 0, 0, 17, 15, 19, 0, 14, 0, 19, 16, 0, 0, 12, 0, 0, 19, 0, 0, 0, 0, 18, 0, 0, 0, 18, 16, 0, 0, 12, 0, 15, 12, 0, 15, 0, 0, 0, 0, 0, 0, : 17, 15, 19, 14, 19, 16, 12, 19, 18, 18, 16, 12, 15, 12, 15, 
148: 0, 0, 0, 0, 0, 18, 19, 0, 18, 0, 0, 0, 0, 0, 14, 0, 0, 18, 18, 0, 0, 0, 0, 18, 15, 0, 0, 12, 0, 0, 0, 0, 20, 15, 18, 0, 0, 0, 0, 0, : 18, 19, 18, 14, 18, 18, 18, 15, 12, 20, 15, 18, 
268: 20, 0, 0, 0, 15, 0, 0, 13, 19, 0, 18, 0, 0, 0, 0, 16, 0, 0, 23, 12, 22, 18, 0, 0, 0, 0, 19, 0, 0, 17, 0, 20, 0, 18, 0, 20, 20, 0, 19, 0, : 20, 15, 13, 19, 18, 16, 23, 12, 22, 18, 19, 17, 20, 18, 20, 20, 19, 
190: 17, 0, 16, 20, 0, 18, 13, 16, 0, 0, 20, 0, 0, 17, 16, 14, 15, 0, 0, 0, 17, 0, 18, 0, 0, 0, 21, 0, 14, 0, 0, 18, 0, 17, 16, 14, 18, 0, 21, 25, : 17, 16, 20, 18, 13, 16, 20, 17, 16, 14, 15, 17, 18, 21, 14, 18, 17, 16, 14, 18, 21, 25, 
173: 0, 13, 13, 19, 0, 17, 20, 0, 18, 15, 22, 0, 0, 0, 12, 0, 17, 0, 0, 16, 17, 14, 17, 18, 0, 0, 0, 0, 16, 13, 0, 0, 0, 0, 15, 18, 13, 18, 0, 14, : 13, 13, 19, 17, 20, 18, 15, 22, 12, 17, 16, 17, 14, 17, 18, 16, 13, 15, 18, 13, 18, 14, 
146: 14, 0, 22, 0, 0, 0, 18, 15, 14, 0, 0, 0, 21, 16, 0, 0, 22, 11, 13, 22, 14, 0, 13, 13, 0, 18, 17, 0, 0, 15, 0, 0, 16, 18, 11, 15, 14, 0, 0, 0, : 14, 22, 18, 15, 14, 21, 16, 22, 11, 13, 22, 14, 13, 13, 18, 17, 15, 16, 18, 11, 15, 14, 
187: 0, 0, 14, 0, 0, 0, 0, 0, 0, 0, 0, 0, 0, 16, 20, 19, 0, 15, 0, 18, 0, 15, 18, 19, 0, 16, 0, 17, 16, 0, 13, 14, 0, 0, 0, 0, 0, 0, 18, 0, : 14, 16, 20, 19, 15, 18, 15, 18, 19, 16, 17, 16, 13, 14, 18, 
71: 0, 0, 0, 16, 0, 14, 0, 0, 17, 14, 0, 13, 0, 0, 20, 0, 0, 16, 20, 16, 20, 18, 14, 13, 11, 0, 0, 0, 17, 11, 0, 0, 0, 0, 0, 0, 0, 0, 11, 0, : 16, 14, 17, 14, 13, 20, 16, 20, 16, 20, 18, 14, 13, 11, 17, 11, 11, 
335: 17, 21, 21, 13, 0, 19, 0, 18, 16, 19, 0, 0, 18, 0, 0, 0, 16, 0, 0, 0, 0, 0, 0, 0, 16, 0, 15, 0, 17, 0, 18, 0, 20, 12, 17, 0, 19, 0, 15, 0, : 17, 21, 21, 13, 19, 18, 16, 19, 18, 16, 16, 15, 17, 18, 20, 12, 17, 19, 15, 
277: 0, 13, 0, 0, 15, 0, 18, 20, 0, 0, 0, 0, 16, 22, 0, 0, 0, 13, 0, 24, 0, 13, 0, 0, 0, 10, 0, 0, 0, 19, 0, 19, 0, 0, 19, 0, 0, 12, 0, 0, : 13, 15, 18, 20, 16, 22, 13, 24, 13, 10, 19, 19, 19, 12, 
70: 0, 17, 0, 0, 15, 20, 15, 0, 0, 17, 15, 12, 0, 21, 0, 12, 22, 0, 20, 0, 0, 18, 13, 0, 14, 18, 18, 14, 0, 21, 19, 16, 16, 20, 0, 16, 0, 18, 20, 15, : 17, 15, 20, 15, 17, 15, 12, 21, 12, 22, 20, 18, 13, 14, 18, 18, 14, 21, 19, 16, 16, 20, 16, 18, 20, 15, 
189: 13, 14, 14, 0, 0, 0, 0, 0, 0, 18, 0, 19, 0, 0, 17, 0, 13, 23, 16, 0, 0, 17, 0, 18, 21, 17, 0, 20, 0, 18, 20, 0, 15, 0, 0, 20, 18, 0, 0, 11, : 13, 14, 14, 18, 19, 17, 13, 23, 16, 17, 18, 21, 17, 20, 18, 20, 15, 20, 18, 11, 
144: 0, 0, 0, 0, 0, 0, 0, 0, 0, 20, 15, 21, 0, 11, 0, 0, 0, 16, 12, 12, 17, 17, 0, 14, 0, 20, 17, 14, 0, 0, 0, 0, 12, 17, 0, 16, 0, 20, 23, 11, : 20, 15, 21, 11, 16, 12, 12, 17, 17, 14, 20, 17, 14, 12, 17, 16, 20, 23, 11, 
249: 18, 0, 0, 0, 0, 13, 0, 0, 0, 0, 0, 17, 17, 0, 0, 18, 0, 22, 13, 12, 0, 0, 0, 0, 0, 0, 18, 18, 21, 17, 0, 21, 0, 0, 0, 18, 0, 0, 0, 0, : 18, 13, 17, 17, 18, 22, 13, 12, 18, 18, 21, 17, 21, 18, 
367: 0, 18, 20, 0, 0, 17, 0, 19, 0, 14, 15, 18, 0, 0, 0, 0, 18, 0, 0, 18, 0, 0, 19, 20, 0, 21, 0, 19, 0, 0, 13, 0, 17, 0, 18, 0, 18, 19, 0, 0, : 18, 20, 17, 19, 14, 15, 18, 18, 18, 19, 20, 21, 19, 13, 17, 18, 18, 19, 
53: 0, 0, 13, 14, 13, 0, 0, 15, 15, 17, 15, 0, 12, 0, 0, 0, 16, 0, 0, 0, 0, 0, 0, 17, 20, 0, 0, 0, 18, 0, 0, 0, 0, 0, 0, 0, 16, 20, 0, 0, : 13, 14, 13, 15, 15, 17, 15, 12, 16, 17, 20, 18, 16, 20, 
394: 19, 20, 0, 19, 19, 0, 0, 0, 0, 0, 0, 17, 13, 21, 16, 19, 0, 0, 0, 0, 13, 0, 19, 0, 19, 14, 15, 0, 0, 0, 20, 0, 17, 18, 0, 0, 0, 0, 0, 18, : 19, 20, 19, 19, 17, 13, 21, 16, 19, 13, 19, 19, 14, 15, 20, 17, 18, 18, 


39: 17, 0, 0, 20, 0, 13, 0, 0, 13, 17, 0, 0, 0, 0, 0, 0, 0, 0, 0, 0, 0, 18, 0, 0, 0, 0, 0, 0, 15, 0, 17, 0, 0, 15, 0, 0, 0, 17, 0, 0, : 17, 20, 13, 13, 17, 18, 15, 17, 15, 17, 
140: 18, 0, 0, 0, 14, 0, 23, 22, 17, 0, 18, 21, 20, 17, 18, 0, 19, 0, 0, 0, 0, 0, 16, 17, 0, 18, 0, 13, 0, 0, 14, 0, 14, 0, 16, 0, 20, 0, 18, 12, : 18, 14, 23, 22, 17, 18, 21, 20, 17, 18, 19, 16, 17, 18, 13, 14, 14, 16, 20, 18, 12, 
28: 0, 0, 19, 0, 0, 15, 0, 0, 0, 18, 0, 16, 12, 21, 0, 0, 15, 20, 0, 0, 17, 13, 13, 0, 14, 0, 16, 17, 0, 0, 0, 20, 20, 0, 0, 22, 18, 19, 14, 14, : 19, 15, 18, 16, 12, 21, 15, 20, 17, 13, 13, 14, 16, 17, 20, 20, 22, 18, 19, 14, 14, 
16: 0, 20, 0, 0, 0, 0, 0, 0, 0, 0, 0, 0, 15, 0, 0, 0, 0, 0, 19, 0, 0, 0, 0, 16, 0, 0, 14, 0, 0, 17, 19, 0, 17, 25, 17, 19, 0, 0, 0, 0, : 20, 15, 19, 16, 14, 17, 19, 17, 25, 17, 19, 
325: 0, 0, 17, 0, 21, 0, 21, 12, 19, 22, 15, 0, 14, 17, 0, 0, 0, 16, 0, 0, 0, 17, 0, 0, 0, 15, 15, 0, 17, 14, 0, 0, 0, 0, 0, 0, 0, 0, 0, 13, : 17, 21, 21, 12, 19, 22, 15, 14, 17, 16, 17, 15, 15, 17, 14, 13, 
81: 0, 0, 0, 0, 11, 18, 0, 0, 0, 12, 15, 0, 0, 16, 0, 19, 0, 0, 0, 14, 15, 0, 17, 15, 0, 16, 17, 17, 19, 18, 0, 0, 14, 0, 14, 11, 0, 0, 0, 0, : 11, 18, 12, 15, 16, 19, 14, 15, 17, 15, 16, 17, 17, 19, 18, 14, 14, 11, 
159: 0, 14, 0, 17, 0, 0, 0, 0, 0, 16, 0, 0, 0, 18, 20, 0, 0, 17, 14, 0, 0, 0, 0, 0, 19, 0, 0, 16, 19, 16, 19, 18, 0, 0, 0, 24, 0, 21, 0, 0, : 14, 17, 16, 18, 20, 17, 14, 19, 16, 19, 16, 19, 18, 24, 21, 
310: 0, 12, 0, 0, 0, 0, 0, 0, 0, 0, 0, 0, 23, 0, 0, 0, 14, 15, 0, 20, 14, 0, 0, 0, 13, 15, 0, 0, 0, 0, 0, 12, 23, 23, 12, 17, 11, 0, 18, 0, : 12, 23, 14, 15, 20, 14, 13, 15, 12, 23, 23, 12, 17, 11, 18, 
5: 0, 0, 0, 0, 15, 19, 12, 13, 0, 14, 0, 15, 0, 15, 20, 15, 0, 0, 15, 0, 0, 0, 0, 15, 16, 0, 15, 0, 16, 14, 14, 0, 0, 10, 0, 18, 11, 17, 14, 21, : 15, 19, 12, 13, 14, 15, 15, 20, 15, 15, 15, 16, 15, 16, 14, 14, 10, 18, 11, 17, 14, 21, 
395: 0, 16, 16, 0, 19, 0, 12, 0, 16, 0, 21, 15, 0, 0, 15, 0, 19, 0, 0, 12, 0, 0, 0, 0, 17, 17, 0, 0, 14, 0, 18, 0, 11, 0, 10, 0, 0, 12, 12, 0, : 16, 16, 19, 12, 16, 21, 15, 15, 19, 12, 17, 17, 14, 18, 11, 10, 12, 12, 
137: 19, 16, 18, 0, 0, 0, 13, 0, 0, 0, 13, 22, 0, 0, 0, 11, 0, 0, 14, 17, 17, 15, 17, 18, 18, 0, 0, 21, 21, 0, 0, 18, 0, 0, 0, 0, 21, 18, 22, 0, : 19, 16, 18, 13, 13, 22, 11, 14, 17, 17, 15, 17, 18, 18, 21, 21, 18, 21, 18, 22, 
43: 0, 0, 14, 16, 0, 14, 19, 23, 15, 0, 0, 0, 18, 0, 0, 0, 14, 0, 17, 0, 18, 0, 0, 21, 0, 17, 20, 0, 0, 0, 0, 15, 14, 0, 0, 13, 0, 15, 0, 0, : 14, 16, 14, 19, 23, 15, 18, 14, 17, 18, 21, 17, 20, 15, 14, 13, 15, 
293: 15, 0, 0, 0, 17, 0, 0, 13, 0, 0, 0, 0, 0, 0, 15, 23, 0, 0, 0, 0, 0, 17, 17, 0, 0, 0, 0, 14, 0, 16, 12, 19, 0, 17, 23, 0, 0, 0, 22, 18, : 15, 17, 13, 15, 23, 17, 17, 14, 16, 12, 19, 17, 23, 22, 18, 
220: 17, 20, 11, 19, 0, 14, 0, 0, 21, 0, 0, 14, 15, 15, 17, 14, 12, 15, 18, 15, 0, 19, 0, 0, 0, 0, 0, 14, 14, 19, 0, 17, 0, 20, 0, 0, 0, 0, 0, 0, : 17, 20, 11, 19, 14, 21, 14, 15, 15, 17, 14, 12, 15, 18, 15, 19, 14, 14, 19, 17, 20, 
295: 0, 18, 16, 10, 0, 0, 0, 12, 13, 0, 0, 0, 0, 0, 14, 0, 19, 0, 19, 16, 0, 17, 15, 19, 19, 0, 0, 0, 0, 15, 0, 0, 0, 14, 15, 0, 16, 0, 0, 0, : 18, 16, 10, 12, 13, 14, 19, 19, 16, 17, 15, 19, 19, 15, 14, 15, 16, 
75: 15, 0, 0, 16, 22, 25, 24, 0, 15, 0, 19, 0, 0, 0, 0, 19, 22, 0, 0, 0, 13, 0, 15, 13, 0, 18, 17, 0, 0, 0, 22, 0, 0, 0, 0, 0, 16, 0, 0, 18, : 15, 16, 22, 25, 24, 15, 19, 19, 22, 13, 15, 13, 18, 17, 22, 16, 18, 
263: 13, 15, 0, 17, 16, 0, 14, 14, 0, 14, 0, 14, 16, 15, 0, 14, 0, 19, 19, 20, 19, 16, 20, 0, 0, 18, 0, 16, 0, 0, 0, 0, 19, 0, 24, 13, 16, 20, 19, 15, : 13, 15, 17, 16, 14, 14, 14, 14, 16, 15, 14, 19, 19, 20, 19, 16, 20, 18, 16, 19, 24, 13, 16, 20, 19, 15, 
123: 20, 0, 20, 14, 0, 0, 0, 19, 0, 0, 13, 19, 0, 16, 17, 16, 16, 15, 0, 0, 16, 18, 0, 0, 0, 16, 17, 0, 15, 0, 0, 19, 0, 0, 0, 0, 21, 0, 0, 0, : 20, 20, 14, 19, 13, 19, 16, 17, 16, 16, 15, 16, 18, 16, 17, 15, 19, 21, 
305: 16, 19, 0, 21, 0, 13, 0, 0, 21, 17, 22, 0, 0, 0, 0, 0, 0, 16, 15, 18, 21, 0, 20, 0, 19, 0, 19, 0, 0, 21, 15, 0, 18, 12, 19, 13, 0, 11, 0, 19, : 16, 19, 21, 13, 21, 17, 22, 16, 15, 18, 21, 20, 19, 19, 21, 15, 18, 12, 19, 13, 11, 19, 
1: 0, 0, 19, 0, 15, 19, 12, 22, 0, 20, 14, 14, 17, 0, 14, 19, 0, 17, 0, 18, 0, 0, 0, 16, 15, 0, 0, 22, 0, 0, 0, 12, 0, 14, 0, 0, 0, 0, 11, 20, : 19, 15, 19, 12, 22, 20, 14, 14, 17, 14, 19, 17, 18, 16, 15, 22, 12, 14, 11, 20, 


172: 18, 0, 0, 0, 19, 0, 0, 18, 0, 13, 0, 21, 21, 20, 0, 0, 0, 0, 0, 15, 16, 0, 0, 0, 18, 0, 0, 0, 0, 21, 0, 0, 16, 15, 0, 0, 0, 0, 0, 0, : 18, 19, 18, 13, 21, 21, 20, 15, 16, 18, 21, 16, 15, 
329: 12, 18, 0, 0, 0, 0, 0, 15, 0, 0, 0, 0, 12, 16, 0, 0, 0, 18, 14, 12, 0, 0, 18, 0, 21, 12, 0, 0, 0, 15, 0, 16, 0, 0, 0, 0, 0, 0, 18, 0, : 12, 18, 15, 12, 16, 18, 14, 12, 18, 21, 12, 15, 16, 18, 
252: 18, 0, 0, 13, 0, 19, 0, 0, 0, 15, 0, 0, 0, 0, 0, 17, 19, 20, 0, 0, 17, 0, 0, 19, 0, 0, 0, 16, 0, 0, 0, 0, 0, 18, 0, 19, 0, 13, 19, 13, : 18, 13, 19, 15, 17, 19, 20, 17, 19, 16, 18, 19, 13, 19, 13, 
192: 0, 12, 16, 11, 15, 18, 0, 0, 0, 21, 0, 12, 0, 11, 0, 19, 0, 0, 17, 22, 19, 0, 0, 19, 13, 0, 0, 16, 0, 18, 16, 0, 0, 22, 0, 0, 18, 0, 12, 23, : 12, 16, 11, 15, 18, 21, 12, 11, 19, 17, 22, 19, 19, 13, 16, 18, 16, 22, 18, 12, 23, 
271: 0, 16, 0, 0, 0, 15, 15, 13, 17, 12, 12, 0, 19, 0, 17, 18, 0, 0, 14, 0, 0, 0, 0, 0, 0, 20, 0, 16, 0, 0, 16, 19, 10, 0, 16, 0, 0, 14, 0, 20, : 16, 15, 15, 13, 17, 12, 12, 19, 17, 18, 14, 20, 16, 16, 19, 10, 16, 14, 20, 
155: 16, 0, 18, 0, 0, 0, 0, 17, 14, 0, 0, 22, 19, 0, 0, 0, 17, 15, 15, 0, 18, 18, 19, 20, 20, 0, 18, 0, 19, 0, 0, 0, 17, 0, 0, 0, 0, 0, 0, 0, : 16, 18, 17, 14, 22, 19, 17, 15, 15, 18, 18, 19, 20, 20, 18, 19, 17, 
365: 0, 0, 13, 14, 0, 0, 0, 0, 0, 0, 19, 22, 22, 20, 0, 13, 0, 19, 20, 0, 13, 14, 19, 0, 0, 14, 0, 19, 20, 18, 19, 15, 0, 0, 15, 15, 0, 19, 20, 16, : 13, 14, 19, 22, 22, 20, 13, 19, 20, 13, 14, 19, 14, 19, 20, 18, 19, 15, 15, 15, 19, 20, 16, 
344: 0, 17, 22, 19, 19, 0, 14, 0, 15, 16, 14, 0, 0, 17, 11, 0, 0, 0, 0, 17, 0, 16, 0, 0, 0, 0, 16, 0, 17, 10, 0, 15, 0, 0, 0, 0, 0, 0, 0, 0, : 17, 22, 19, 19, 14, 15, 16, 14, 17, 11, 17, 16, 16, 17, 10, 15, 
211: 0, 0, 0, 22, 21, 0, 0, 22, 0, 0, 17, 13, 17, 0, 0, 16, 18, 15, 0, 17, 14, 15, 0, 0, 16, 19, 0, 0, 0, 0, 0, 20, 17, 15, 0, 18, 18, 0, 0, 18, : 22, 21, 22, 17, 13, 17, 16, 18, 15, 17, 14, 15, 16, 19, 20, 17, 15, 18, 18, 18, 
87: 0, 20, 17, 15, 0, 0, 0, 19, 0, 18, 0, 0, 0, 0, 22, 0, 0, 0, 12, 17, 13, 0, 0, 0, 19, 0, 12, 12, 0, 0, 22, 16, 0, 0, 18, 0, 14, 0, 15, 0, : 20, 17, 15, 19, 18, 22, 12, 17, 13, 19, 12, 12, 22, 16, 18, 14, 15, 
320: 0, 0, 22, 19, 0, 12, 0, 0, 0, 0, 0, 0, 13, 0, 20, 0, 0, 18, 0, 0, 0, 21, 0, 18, 14, 0, 16, 0, 16, 0, 14, 0, 0, 0, 18, 0, 19, 18, 0, 12, : 22, 19, 12, 13, 20, 18, 21, 18, 14, 16, 16, 14, 18, 19, 18, 12, 
298: 0, 0, 0, 0, 20, 18, 13, 0, 0, 0, 0, 0, 0, 12, 0, 0, 16, 20, 23, 0, 0, 0, 0, 0, 0, 18, 16, 19, 16, 0, 0, 0, 16, 18, 19, 14, 19, 14, 0, 0, : 20, 18, 13, 12, 16, 20, 23, 18, 16, 19, 16, 16, 18, 19, 14, 19, 14, 
385: 15, 0, 0, 0, 0, 0, 17, 0, 14, 0, 0, 0, 0, 23, 0, 12, 19, 0, 20, 0, 0, 13, 13, 17, 17, 16, 20, 18, 16, 0, 17, 0, 15, 18, 0, 20, 0, 19, 21, 0, : 15, 17, 14, 23, 12, 19, 20, 13, 13, 17, 17, 16, 20, 18, 16, 17, 15, 18, 20, 19, 21, 
331: 16, 0, 0, 0, 16, 0, 0, 15, 17, 19, 21, 0, 0, 14, 12, 0, 0, 12, 0, 18, 0, 0, 14, 12, 0, 0, 0, 16, 0, 0, 0, 0, 21, 0, 0, 13, 17, 0, 0, 0, : 16, 16, 15, 17, 19, 21, 14, 12, 12, 18, 14, 12, 16, 21, 13, 17, 
149: 20, 14, 16, 0, 0, 18, 18, 0, 14, 0, 0, 17, 15, 0, 17, 0, 0, 0, 0, 0, 0, 0, 0, 14, 0, 15, 17, 0, 0, 16, 10, 17, 0, 0, 16, 15, 14, 0, 0, 12, : 20, 14, 16, 18, 18, 14, 17, 15, 17, 14, 15, 17, 16, 10, 17, 16, 15, 14, 12, 
176: 17, 21, 0, 0, 16, 20, 17, 0, 0, 14, 14, 18, 12, 17, 0, 18, 17, 0, 0, 14, 0, 20, 16, 17, 0, 17, 0, 0, 11, 20, 0, 0, 0, 0, 16, 0, 0, 17, 0, 0, : 17, 21, 16, 20, 17, 14, 14, 18, 12, 17, 18, 17, 14, 20, 16, 17, 17, 11, 20, 16, 17, 
100: 0, 0, 11, 22, 13, 18, 18, 0, 0, 0, 22, 0, 0, 0, 16, 0, 13, 13, 0, 0, 22, 16, 18, 0, 12, 0, 0, 18, 0, 15, 15, 10, 0, 0, 0, 0, 0, 0, 13, 17, : 11, 22, 13, 18, 18, 22, 16, 13, 13, 22, 16, 18, 12, 18, 15, 15, 10, 13, 17, 
291: 0, 15, 15, 15, 0, 12, 19, 0, 21, 0, 13, 0, 0, 0, 19, 18, 12, 0, 0, 0, 0, 0, 0, 0, 0, 0, 18, 0, 18, 0, 21, 22, 22, 11, 19, 19, 16, 0, 0, 0, : 15, 15, 15, 12, 19, 21, 13, 19, 18, 12, 18, 18, 21, 22, 22, 11, 19, 19, 16, 
180: 18, 17, 0, 0, 11, 0, 0, 14, 16, 0, 18, 13, 0, 0, 16, 19, 19, 0, 0, 0, 0, 0, 17, 14, 0, 19, 17, 0, 0, 17, 0, 0, 16, 17, 13, 0, 0, 16, 19, 0, : 18, 17, 11, 14, 16, 18, 13, 16, 19, 19, 17, 14, 19, 17, 17, 16, 17, 13, 16, 19, 
177: 0, 0, 0, 0, 0, 0, 19, 17, 22, 22, 0, 12, 0, 0, 0, 0, 0, 0, 15, 18, 18, 17, 16, 0, 0, 0, 0, 0, 17, 0, 0, 0, 0, 16, 0, 17, 15, 20, 13, 19, : 19, 17, 22, 22, 12, 15, 18, 18, 17, 16, 17, 16, 17, 15, 20, 13, 19, 


203: 19, 0, 0, 0, 15, 15, 21, 0, 0, 17, 14, 0, 19, 0, 0, 0, 0, 13, 0, 0, 0, 16, 0, 0, 17, 23, 0, 0, 0, 11, 12, 18, 20, 14, 17, 16, 12, 0, 16, 13, : 19, 15, 15, 21, 17, 14, 19, 13, 16, 17, 23, 11, 12, 18, 20, 14, 17, 16, 12, 16, 13, 
162: 19, 0, 14, 20, 0, 16, 0, 21, 14, 0, 0, 0, 17, 0, 0, 19, 12, 0, 0, 20, 16, 15, 0, 0, 0, 17, 17, 19, 12, 21, 15, 0, 0, 0, 0, 20, 19, 0, 18, 19, : 19, 14, 20, 16, 21, 14, 17, 19, 12, 20, 16, 15, 17, 17, 19, 12, 21, 15, 20, 19, 18, 19, 
85: 0, 0, 17, 0, 0, 0, 18, 0, 0, 0, 18, 0, 15, 15, 0, 17, 20, 15, 19, 0, 13, 0, 0, 20, 0, 17, 0, 18, 0, 21, 0, 0, 0, 0, 0, 0, 0, 21, 0, 0, : 17, 18, 18, 15, 15, 17, 20, 15, 19, 13, 20, 17, 18, 21, 21, 
25: 18, 0, 0, 14, 0, 13, 0, 0, 0, 0, 15, 14, 15, 0, 18, 0, 17, 17, 15, 21, 0, 0, 22, 14, 0, 0, 0, 0, 21, 0, 0, 16, 0, 0, 0, 14, 14, 0, 18, 0, : 18, 14, 13, 15, 14, 15, 18, 17, 17, 15, 21, 22, 14, 21, 16, 14, 14, 18, 
116: 15, 0, 0, 12, 18, 0, 15, 15, 0, 0, 17, 15, 0, 0, 0, 0, 18, 13, 22, 0, 19, 22, 0, 0, 0, 0, 0, 19, 0, 0, 0, 0, 0, 0, 0, 18, 18, 17, 0, 20, : 15, 12, 18, 15, 15, 17, 15, 18, 13, 22, 19, 22, 19, 18, 18, 17, 20, 
76: 0, 0, 15, 23, 0, 0, 0, 0, 0, 20, 18, 0, 0, 0, 0, 0, 0, 22, 17, 0, 16, 16, 0, 14, 19, 18, 22, 0, 0, 0, 0, 0, 14, 19, 16, 0, 18, 0, 12, 0, : 15, 23, 20, 18, 22, 17, 16, 16, 14, 19, 18, 22, 14, 19, 16, 18, 12, 
72: 0, 0, 0, 0, 20, 19, 14, 0, 11, 0, 16, 0, 0, 17, 0, 0, 0, 16, 0, 16, 0, 21, 17, 0, 16, 0, 21, 0, 0, 0, 0, 0, 0, 0, 0, 0, 0, 0, 18, 19, : 20, 19, 14, 11, 16, 17, 16, 16, 21, 17, 16, 21, 18, 19, 
158: 13, 0, 12, 0, 0, 14, 18, 15, 21, 0, 0, 17, 0, 0, 18, 0, 0, 0, 14, 17, 0, 0, 0, 0, 18, 12, 12, 19, 18, 0, 0, 0, 18, 14, 13, 12, 0, 0, 0, 0, : 13, 12, 14, 18, 15, 21, 17, 18, 14, 17, 18, 12, 12, 19, 18, 18, 14, 13, 12, 
145: 0, 18, 15, 0, 0, 15, 0, 0, 17, 19, 0, 0, 0, 20, 0, 19, 0, 0, 0, 0, 0, 0, 16, 0, 12, 14, 0, 0, 0, 17, 0, 0, 13, 13, 0, 0, 0, 18, 0, 14, : 18, 15, 15, 17, 19, 20, 19, 16, 12, 14, 17, 13, 13, 18, 14, 
196: 16, 17, 16, 19, 0, 0, 0, 23, 0, 17, 19, 0, 16, 15, 0, 0, 0, 0, 0, 0, 0, 16, 15, 18, 0, 0, 0, 0, 19, 11, 0, 20, 0, 20, 13, 0, 0, 0, 13, 0, : 16, 17, 16, 19, 23, 17, 19, 16, 15, 16, 15, 18, 19, 11, 20, 20, 13, 13, 
218: 0, 20, 0, 15, 19, 0, 13, 0, 0, 0, 14, 18, 17, 18, 21, 0, 0, 0, 0, 12, 15, 0, 0, 15, 20, 0, 10, 18, 0, 19, 0, 13, 0, 0, 18, 13, 20, 0, 0, 16, : 20, 15, 19, 13, 14, 18, 17, 18, 21, 12, 15, 15, 20, 10, 18, 19, 13, 18, 13, 20, 16, 
371: 0, 16, 0, 0, 0, 0, 13, 12, 0, 15, 0, 0, 0, 0, 0, 19, 0, 21, 0, 0, 0, 0, 11, 13, 20, 0, 17, 14, 0, 0, 19, 0, 0, 0, 0, 0, 0, 13, 0, 0, : 16, 13, 12, 15, 19, 21, 11, 13, 20, 17, 14, 19, 13, 
257: 17, 19, 0, 17, 15, 0, 16, 14, 16, 0, 0, 19, 17, 0, 0, 17, 16, 0, 13, 0, 0, 0, 0, 19, 0, 15, 15, 0, 16, 0, 21, 0, 21, 0, 0, 0, 15, 0, 0, 13, : 17, 19, 17, 15, 16, 14, 16, 19, 17, 17, 16, 13, 19, 15, 15, 16, 21, 21, 15, 13, 
290: 0, 15, 0, 17, 0, 22, 0, 22, 0, 18, 0, 19, 0, 0, 14, 20, 0, 15, 20, 16, 17, 0, 0, 20, 0, 0, 0, 0, 0, 16, 12, 20, 12, 0, 0, 0, 0, 11, 0, 18, : 15, 17, 22, 22, 18, 19, 14, 20, 15, 20, 16, 17, 20, 16, 12, 20, 12, 11, 18, 
312: 0, 0, 0, 0, 13, 0, 0, 0, 21, 13, 0, 0, 0, 16, 19, 0, 18, 18, 15, 0, 0, 0, 14, 0, 0, 0, 0, 11, 0, 0, 0, 20, 17, 14, 0, 0, 15, 19, 20, 0, : 13, 21, 13, 16, 19, 18, 18, 15, 14, 11, 20, 17, 14, 15, 19, 20, 
342: 17, 0, 21, 0, 17, 0, 0, 12, 19, 17, 0, 0, 0, 17, 15, 13, 0, 0, 0, 0, 0, 15, 16, 0, 0, 0, 0, 0, 18, 0, 0, 13, 14, 17, 14, 14, 0, 0, 0, 0, : 17, 21, 17, 12, 19, 17, 17, 15, 13, 15, 16, 18, 13, 14, 17, 14, 14, 
35: 0, 0, 0, 0, 15, 20, 0, 0, 0, 0, 0, 15, 0, 0, 0, 0, 0, 0, 0, 15, 20, 16, 0, 0, 14, 0, 0, 0, 15, 0, 14, 16, 0, 0, 20, 19, 0, 18, 0, 0, : 15, 20, 15, 15, 20, 16, 14, 15, 14, 16, 20, 19, 18, 
166: 16, 17, 19, 13, 0, 16, 0, 0, 0, 0, 0, 0, 0, 17, 18, 13, 22, 0, 0, 18, 17, 0, 19, 17, 0, 12, 20, 0, 20, 19, 17, 0, 21, 0, 25, 24, 0, 16, 20, 0, : 16, 17, 19, 13, 16, 17, 18, 13, 22, 18, 17, 19, 17, 12, 20, 20, 19, 17, 21, 25, 24, 16, 20, 
206: 0, 15, 21, 0, 18, 0, 0, 16, 14, 14, 19, 16, 16, 0, 13, 13, 13, 0, 15, 15, 17, 0, 0, 0, 0, 22, 0, 16, 11, 0, 21, 0, 0, 22, 0, 0, 19, 0, 0, 0, : 15, 21, 18, 16, 14, 14, 19, 16, 16, 13, 13, 13, 15, 15, 17, 22, 16, 11, 21, 22, 19, 
24: 0, 13, 0, 0, 0, 0, 22, 0, 17, 0, 0, 17, 18, 15, 14, 0, 14, 0, 0, 0, 0, 13, 20, 0, 14, 0, 16, 16, 0, 15, 19, 14, 0, 17, 14, 0, 0, 17, 15, 18, : 13, 22, 17, 17, 18, 15, 14, 14, 13, 20, 14, 16, 16, 15, 19, 14, 17, 14, 17, 15, 18, 


170: 0, 0, 0, 0, 16, 0, 18, 0, 0, 0, 0, 18, 16, 0, 0, 0, 0, 17, 0, 14, 0, 16, 15, 0, 0, 0, 15, 19, 0, 0, 20, 18, 18, 18, 0, 17, 15, 22, 24, 0, : 16, 18, 18, 16, 17, 14, 16, 15, 15, 19, 20, 18, 18, 18, 17, 15, 22, 24, 
219: 18, 0, 0, 0, 11, 0, 0, 16, 12, 18, 0, 16, 0, 16, 0, 0, 0, 22, 0, 0, 0, 0, 0, 0, 0, 0, 0, 0, 0, 17, 0, 0, 19, 18, 0, 16, 0, 0, 18, 18, : 18, 11, 16, 12, 18, 16, 16, 22, 17, 19, 18, 16, 18, 18, 
50: 16, 14, 0, 18, 12, 0, 15, 0, 0, 11, 19, 17, 0, 15, 0, 0, 17, 0, 21, 0, 0, 16, 0, 0, 16, 19, 0, 0, 0, 17, 19, 0, 16, 0, 0, 0, 20, 0, 0, 16, : 16, 14, 18, 12, 15, 11, 19, 17, 15, 17, 21, 16, 16, 19, 17, 19, 16, 20, 16, 
23: 13, 13, 0, 0, 0, 0, 14, 0, 16, 0, 16, 0, 0, 0, 0, 0, 0, 17, 0, 0, 19, 14, 0, 20, 19, 15, 0, 0, 14, 0, 15, 16, 0, 0, 0, 13, 19, 0, 0, 0, : 13, 13, 14, 16, 16, 17, 19, 14, 20, 19, 15, 14, 15, 16, 13, 19, 
278: 13, 20, 23, 0, 0, 0, 0, 19, 0, 17, 0, 19, 13, 0, 0, 0, 0, 0, 17, 16, 16, 0, 20, 16, 0, 0, 0, 18, 17, 0, 0, 0, 0, 20, 16, 0, 14, 0, 0, 24, : 13, 20, 23, 19, 17, 19, 13, 17, 16, 16, 20, 16, 18, 17, 20, 16, 14, 24, 
246: 0, 18, 0, 0, 0, 12, 14, 0, 21, 18, 0, 14, 0, 0, 19, 0, 19, 0, 0, 19, 0, 0, 0, 0, 17, 14, 19, 0, 19, 0, 0, 20, 0, 17, 21, 20, 0, 20, 0, 0, : 18, 12, 14, 21, 18, 14, 19, 19, 19, 17, 14, 19, 19, 20, 17, 21, 20, 20, 
238: 15, 19, 13, 22, 19, 16, 16, 0, 17, 17, 0, 13, 19, 12, 17, 0, 15, 18, 14, 18, 0, 0, 0, 0, 14, 19, 20, 0, 17, 17, 0, 0, 0, 0, 0, 16, 0, 0, 0, 0, : 15, 19, 13, 22, 19, 16, 16, 17, 17, 13, 19, 12, 17, 15, 18, 14, 18, 14, 19, 20, 17, 17, 16, 
191: 0, 0, 13, 20, 0, 19, 0, 0, 0, 19, 0, 0, 15, 0, 16, 17, 0, 0, 0, 0, 0, 0, 17, 18, 0, 0, 19, 15, 0, 15, 15, 17, 0, 0, 19, 0, 19, 0, 11, 0, : 13, 20, 19, 19, 15, 16, 17, 17, 18, 19, 15, 15, 15, 17, 19, 19, 11, 
30: 0, 0, 0, 0, 17, 0, 22, 0, 17, 17, 18, 20, 17, 16, 12, 13, 0, 13, 14, 0, 17, 19, 0, 0, 15, 0, 0, 17, 19, 0, 17, 18, 0, 0, 0, 0, 18, 12, 0, 0, : 17, 22, 17, 17, 18, 20, 17, 16, 12, 13, 13, 14, 17, 19, 15, 17, 19, 17, 18, 18, 12, 
241: 0, 0, 16, 0, 0, 15, 16, 17, 16, 0, 17, 18, 0, 19, 16, 20, 15, 0, 0, 0, 15, 20, 16, 0, 0, 0, 19, 0, 17, 15, 0, 0, 19, 15, 0, 0, 0, 0, 15, 17, : 16, 15, 16, 17, 16, 17, 18, 19, 16, 20, 15, 15, 20, 16, 19, 17, 15, 19, 15, 15, 17, 
44: 0, 0, 0, 19, 0, 20, 0, 0, 0, 0, 17, 0, 17, 16, 0, 16, 16, 14, 0, 0, 19, 0, 16, 15, 0, 0, 13, 16, 14, 0, 0, 0, 0, 21, 22, 0, 0, 0, 0, 0, : 19, 20, 17, 17, 16, 16, 16, 14, 19, 16, 15, 13, 16, 14, 21, 22, 
82: 0, 19, 0, 0, 0, 0, 0, 11, 0, 20, 13, 15, 17, 0, 0, 0, 13, 0, 0, 19, 0, 16, 0, 0, 0, 0, 0, 0, 19, 0, 0, 13, 10, 17, 16, 22, 0, 0, 0, 0, : 19, 11, 20, 13, 15, 17, 13, 19, 16, 19, 13, 10, 17, 16, 22, 
132: 0, 14, 19, 0, 0, 16, 0, 0, 18, 0, 0, 0, 0, 0, 16, 0, 16, 13, 0, 0, 0, 0, 0, 14, 0, 19, 16, 0, 0, 0, 0, 0, 0, 0, 14, 0, 0, 17, 11, 16, : 14, 19, 16, 18, 16, 16, 13, 14, 19, 16, 14, 17, 11, 16, 
4: 20, 0, 13, 0, 0, 0, 0, 19, 14, 0, 0, 0, 0, 0, 0, 0, 0, 0, 11, 18, 0, 0, 0, 15, 0, 17, 0, 0, 0, 0, 0, 0, 0, 0, 14, 0, 0, 16, 19, 0, : 20, 13, 19, 14, 11, 18, 15, 17, 14, 16, 19, 
22: 0, 0, 0, 12, 20, 0, 0, 0, 0, 0, 18, 0, 0, 17, 0, 19, 0, 0, 0, 0, 16, 19, 0, 17, 15, 14, 0, 21, 0, 21, 0, 0, 22, 0, 0, 16, 0, 0, 0, 0, : 12, 20, 18, 17, 19, 16, 19, 17, 15, 14, 21, 21, 22, 16, 
356: 19, 0, 12, 13, 0, 23, 0, 22, 0, 0, 0, 0, 0, 0, 17, 18, 0, 19, 0, 0, 0, 0, 16, 0, 0, 0, 0, 17, 0, 18, 16, 0, 15, 14, 0, 0, 17, 12, 0, 20, : 19, 12, 13, 23, 22, 17, 18, 19, 16, 17, 18, 16, 15, 14, 17, 12, 20, 
52: 18, 0, 22, 0, 22, 13, 15, 15, 0, 0, 0, 0, 20, 17, 0, 14, 0, 17, 17, 0, 16, 15, 17, 18, 20, 0, 0, 0, 0, 17, 0, 15, 17, 0, 0, 0, 16, 0, 17, 0, : 18, 22, 22, 13, 15, 15, 20, 17, 14, 17, 17, 16, 15, 17, 18, 20, 17, 15, 17, 16, 17, 
10: 18, 21, 0, 10, 17, 16, 20, 0, 0, 0, 18, 0, 0, 0, 0, 15, 0, 0, 22, 18, 17, 15, 18, 0, 19, 16, 15, 15, 0, 13, 15, 0, 14, 10, 11, 0, 0, 19, 0, 15, : 18, 21, 10, 17, 16, 20, 18, 15, 22, 18, 17, 15, 18, 19, 16, 15, 15, 13, 15, 14, 10, 11, 19, 15, 
227: 0, 12, 0, 14, 0, 0, 0, 15, 19, 13, 0, 0, 0, 0, 22, 0, 18, 0, 18, 14, 0, 0, 15, 0, 0, 17, 0, 0, 0, 0, 15, 15, 0, 0, 0, 15, 0, 12, 14, 13, : 12, 14, 15, 19, 13, 22, 18, 18, 14, 15, 17, 15, 15, 15, 12, 14, 13, 
243: 0, 0, 19, 22, 16, 0, 0, 16, 0, 0, 14, 0, 16, 22, 15, 18, 21, 0, 16, 14, 15, 0, 0, 17, 15, 0, 14, 12, 14, 0, 18, 18, 0, 0, 17, 15, 12, 20, 21, 11, : 19, 22, 16, 16, 14, 16, 22, 15, 18, 21, 16, 14, 15, 17, 15, 14, 12, 14, 18, 18, 17, 15, 12, 20, 21, 11, 


213: 0, 20, 22, 19, 17, 0, 18, 19, 18, 0, 0, 0, 18, 14, 0, 0, 14, 19, 16, 15, 18, 17, 0, 16, 17, 0, 0, 0, 16, 17, 0, 0, 0, 0, 18, 18, 15, 13, 0, 21, : 20, 22, 19, 17, 18, 19, 18, 18, 14, 14, 19, 16, 15, 18, 17, 16, 17, 16, 17, 18, 18, 15, 13, 21, 
9: 0, 0, 0, 0, 20, 12, 20, 0, 16, 21, 0, 18, 0, 16, 0, 0, 0, 0, 0, 12, 18, 0, 0, 0, 20, 19, 16, 18, 0, 0, 0, 0, 0, 0, 14, 0, 17, 0, 19, 0, : 20, 12, 20, 16, 21, 18, 16, 12, 18, 20, 19, 16, 18, 14, 17, 19, 
160: 16, 13, 0, 0, 0, 14, 19, 13, 12, 0, 0, 0, 19, 11, 12, 13, 14, 23, 0, 0, 0, 16, 15, 19, 15, 0, 19, 14, 0, 0, 21, 13, 0, 0, 0, 17, 0, 0, 16, 16, : 16, 13, 14, 19, 13, 12, 19, 11, 12, 13, 14, 23, 16, 15, 19, 15, 19, 14, 21, 13, 17, 16, 16, 
147: 0, 17, 0, 0, 14, 0, 0, 0, 18, 17, 17, 17, 0, 22, 0, 15, 0, 13, 15, 0, 18, 0, 0, 0, 21, 0, 16, 14, 17, 0, 0, 20, 0, 21, 14, 20, 0, 0, 0, 0, : 17, 14, 18, 17, 17, 17, 22, 15, 13, 15, 18, 21, 16, 14, 17, 20, 21, 14, 20, 
106: 0, 0, 19, 14, 0, 0, 18, 18, 18, 17, 15, 18, 0, 0, 0, 16, 0, 0, 0, 20, 18, 0, 0, 17, 17, 17, 22, 0, 0, 0, 15, 19, 0, 0, 0, 0, 15, 16, 0, 0, : 19, 14, 18, 18, 18, 17, 15, 18, 16, 20, 18, 17, 17, 17, 22, 15, 19, 15, 16, 
51: 16, 0, 20, 0, 0, 0, 14, 0, 19, 0, 0, 16, 24, 0, 0, 0, 0, 0, 20, 0, 14, 19, 17, 0, 0, 0, 0, 0, 15, 13, 0, 17, 19, 20, 20, 0, 0, 0, 15, 16, : 16, 20, 14, 19, 16, 24, 20, 14, 19, 17, 15, 13, 17, 19, 20, 20, 15, 16, 
255: 0, 0, 0, 0, 14, 0, 13, 0, 0, 0, 0, 0, 15, 0, 18, 15, 15, 15, 14, 0, 16, 16, 11, 0, 0, 20, 0, 19, 0, 18, 16, 0, 12, 16, 0, 16, 0, 23, 15, 0, : 14, 13, 15, 18, 15, 15, 15, 14, 16, 16, 11, 20, 19, 18, 16, 12, 16, 16, 23, 15, 
368: 0, 17, 0, 0, 17, 17, 13, 0, 0, 0, 15, 0, 13, 0, 15, 0, 21, 15, 19, 20, 18, 0, 0, 16, 12, 0, 0, 14, 16, 16, 0, 0, 0, 14, 0, 0, 0, 17, 0, 0, : 17, 17, 17, 13, 15, 13, 15, 21, 15, 19, 20, 18, 16, 12, 14, 16, 16, 14, 17, 
351: 14, 21, 0, 0, 0, 0, 0, 13, 0, 13, 0, 12, 21, 20, 0, 18, 18, 0, 22, 0, 15, 0, 21, 0, 0, 15, 14, 18, 0, 0, 0, 0, 0, 16, 0, 12, 0, 0, 21, 0, : 14, 21, 13, 13, 12, 21, 20, 18, 18, 22, 15, 21, 15, 14, 18, 16, 12, 21, 
313: 0, 0, 0, 0, 15, 0, 0, 19, 0, 16, 21, 23, 0, 0, 0, 0, 0, 19, 0, 0, 15, 0, 17, 14, 0, 13, 0, 0, 20, 0, 14, 0, 21, 0, 0, 17, 18, 14, 19, 11, : 15, 19, 16, 21, 23, 19, 15, 17, 14, 13, 20, 14, 21, 17, 18, 14, 19, 11, 
284: 0, 0, 0, 15, 11, 0, 0, 15, 0, 21, 0, 0, 0, 0, 17, 18, 18, 0, 0, 0, 0, 0, 17, 0, 0, 17, 12, 0, 18, 0, 19, 20, 19, 19, 0, 0, 0, 17, 0, 20, : 15, 11, 15, 21, 17, 18, 18, 17, 17, 12, 18, 19, 20, 19, 19, 17, 20, 
42: 17, 14, 0, 0, 0, 22, 0, 0, 22, 0, 20, 0, 13, 0, 18, 0, 23, 13, 0, 18, 0, 17, 0, 0, 0, 0, 19, 19, 0, 0, 0, 19, 12, 13, 0, 0, 19, 0, 15, 0, : 17, 14, 22, 22, 20, 13, 18, 23, 13, 18, 17, 19, 19, 19, 12, 13, 19, 15, 
31: 0, 0, 14, 14, 20, 21, 0, 14, 0, 15, 0, 0, 0, 0, 0, 16, 0, 13, 13, 0, 0, 16, 0, 21, 19, 0, 18, 18, 0, 15, 19, 0, 17, 0, 19, 0, 17, 0, 0, 17, : 14, 14, 20, 21, 14, 15, 16, 13, 13, 16, 21, 19, 18, 18, 15, 19, 17, 19, 17, 17, 
14: 13, 14, 13, 0, 0, 14, 0, 0, 0, 0, 0, 0, 11, 22, 0, 18, 0, 20, 0, 13, 0, 0, 0, 15, 0, 0, 0, 0, 16, 15, 0, 0, 13, 17, 17, 16, 13, 0, 16, 14, : 13, 14, 13, 14, 11, 22, 18, 20, 13, 15, 16, 15, 13, 17, 17, 16, 13, 16, 14, 
248: 0, 0, 16, 11, 0, 18, 21, 0, 0, 14, 13, 0, 0, 17, 16, 0, 14, 0, 0, 16, 0, 0, 18, 0, 0, 14, 0, 0, 15, 0, 0, 0, 0, 0, 0, 0, 0, 18, 14, 0, : 16, 11, 18, 21, 14, 13, 17, 16, 14, 16, 18, 14, 15, 18, 14, 
389: 15, 0, 20, 15, 22, 0, 0, 19, 13, 0, 14, 0, 0, 15, 0, 0, 0, 0, 11, 18, 0, 18, 18, 0, 16, 0, 0, 16, 0, 0, 0, 12, 21, 0, 0, 18, 0, 17, 0, 0, : 15, 20, 15, 22, 19, 13, 14, 15, 11, 18, 18, 18, 16, 16, 12, 21, 18, 17, 
210: 18, 19, 14, 18, 0, 15, 0, 0, 0, 0, 0, 18, 0, 0, 20, 0, 13, 0, 0, 18, 0, 17, 0, 0, 13, 16, 14, 0, 0, 17, 15, 16, 0, 0, 0, 0, 0, 0, 0, 20, : 18, 19, 14, 18, 15, 18, 20, 13, 18, 17, 13, 16, 14, 17, 15, 16, 20, 
360: 21, 0, 12, 0, 0, 0, 14, 20, 0, 16, 0, 13, 0, 0, 0, 0, 0, 0, 0, 0, 0, 14, 16, 22, 0, 0, 0, 0, 0, 18, 19, 0, 0, 14, 17, 0, 16, 15, 0, 15, : 21, 12, 14, 20, 16, 13, 14, 16, 22, 18, 19, 14, 17, 16, 15, 15, 
68: 0, 0, 0, 23, 0, 17, 0, 0, 0, 0, 17, 0, 0, 13, 16, 21, 0, 0, 0, 0, 0, 0, 0, 10, 0, 19, 0, 0, 17, 0, 12, 14, 16, 0, 16, 16, 20, 0, 0, 0, : 23, 17, 17, 13, 16, 21, 10, 19, 17, 12, 14, 16, 16, 16, 20, 
273: 20, 15, 0, 21, 0, 0, 0, 0, 14, 0, 18, 15, 16, 0, 18, 0, 0, 0, 20, 0, 0, 0, 0, 0, 0, 0, 0, 0, 0, 21, 0, 0, 0, 0, 15, 0, 0, 0, 0, 0, : 20, 15, 21, 14, 18, 15, 16, 18, 20, 21, 15, 


20: 15, 0, 0, 15, 0, 0, 20, 15, 15, 0, 0, 10, 0, 15, 16, 0, 0, 0, 0, 0, 14, 19, 14, 0, 22, 0, 19, 0, 14, 0, 0, 0, 12, 0, 0, 0, 0, 16, 17, 18, : 15, 15, 20, 15, 15, 10, 15, 16, 14, 19, 14, 22, 19, 14, 12, 16, 17, 18, 
379: 0, 16, 0, 0, 0, 0, 0, 0, 0, 0, 20, 0, 0, 15, 14, 0, 0, 0, 16, 0, 0, 0, 0, 0, 0, 15, 0, 17, 0, 0, 14, 20, 0, 16, 16, 0, 17, 14, 0, 0, : 16, 20, 15, 14, 16, 15, 17, 14, 20, 16, 16, 17, 14, 
121: 17, 0, 0, 18, 0, 0, 17, 0, 22, 18, 0, 0, 17, 17, 0, 0, 0, 14, 0, 0, 0, 0, 17, 14, 12, 0, 0, 0, 0, 0, 0, 0, 14, 12, 0, 0, 21, 0, 0, 0, : 17, 18, 17, 22, 18, 17, 17, 14, 17, 14, 12, 14, 12, 21, 
38: 0, 0, 0, 0, 0, 19, 16, 19, 16, 17, 0, 17, 0, 18, 19, 14, 0, 20, 0, 0, 16, 0, 0, 0, 0, 16, 12, 18, 0, 0, 16, 12, 0, 0, 18, 16, 0, 0, 0, 15, : 19, 16, 19, 16, 17, 17, 18, 19, 14, 20, 16, 16, 12, 18, 16, 12, 18, 16, 15, 
235: 0, 0, 0, 0, 0, 0, 16, 16, 0, 22, 0, 20, 21, 0, 0, 18, 0, 0, 0, 14, 14, 15, 0, 0, 0, 0, 0, 14, 16, 18, 0, 0, 0, 0, 22, 17, 13, 20, 15, 20, : 16, 16, 22, 20, 21, 18, 14, 14, 15, 14, 16, 18, 22, 17, 13, 20, 15, 20, 
393: 17, 0, 0, 0, 0, 14, 0, 21, 0, 15, 0, 0, 17, 19, 15, 0, 15, 0, 0, 14, 0, 0, 0, 0, 0, 17, 0, 0, 0, 15, 13, 0, 0, 0, 15, 0, 14, 0, 14, 0, : 17, 14, 21, 15, 17, 19, 15, 15, 14, 17, 15, 13, 15, 14, 14, 
369: 18, 19, 0, 0, 18, 0, 20, 0, 20, 10, 0, 0, 0, 21, 0, 18, 14, 0, 0, 0, 0, 0, 14, 18, 17, 21, 14, 0, 16, 16, 17, 17, 22, 17, 0, 13, 0, 15, 0, 0, : 18, 19, 18, 20, 20, 10, 21, 18, 14, 14, 18, 17, 21, 14, 16, 16, 17, 17, 22, 17, 13, 15, 
45: 16, 0, 15, 0, 16, 0, 0, 17, 18, 0, 0, 17, 11, 0, 13, 15, 0, 0, 0, 20, 0, 0, 0, 0, 0, 0, 0, 0, 0, 0, 22, 19, 0, 16, 0, 22, 0, 0, 18, 0, : 16, 15, 16, 17, 18, 17, 11, 13, 15, 20, 22, 19, 16, 22, 18, 
304: 15, 0, 0, 0, 0, 15, 0, 0, 14, 0, 17, 0, 18, 0, 18, 19, 17, 0, 17, 18, 20, 18, 18, 19, 0, 13, 21, 16, 24, 0, 0, 20, 0, 14, 13, 15, 0, 0, 0, 17, : 15, 15, 14, 17, 18, 18, 19, 17, 17, 18, 20, 18, 18, 19, 13, 21, 16, 24, 20, 14, 13, 15, 17, 
376: 0, 15, 19, 16, 16, 0, 0, 19, 10, 20, 10, 0, 0, 0, 19, 11, 0, 0, 16, 0, 19, 0, 17, 0, 0, 12, 15, 16, 0, 0, 0, 17, 0, 0, 0, 16, 23, 13, 18, 17, : 15, 19, 16, 16, 19, 10, 20, 10, 19, 11, 16, 19, 17, 12, 15, 16, 17, 16, 23, 13, 18, 17, 
373: 0, 0, 14, 0, 14, 0, 14, 0, 0, 0, 17, 0, 0, 0, 17, 0, 18, 15, 0, 0, 0, 0, 17, 17, 17, 19, 19, 0, 0, 0, 16, 0, 0, 21, 0, 0, 15, 16, 0, 19, : 14, 14, 14, 17, 17, 18, 15, 17, 17, 17, 19, 19, 16, 21, 15, 16, 19, 
259: 0, 20, 0, 14, 15, 15, 0, 0, 0, 0, 0, 0, 0, 0, 0, 0, 16, 16, 19, 18, 14, 14, 0, 0, 16, 0, 19, 0, 0, 23, 0, 0, 20, 0, 0, 0, 0, 19, 0, 0, : 20, 14, 15, 15, 16, 16, 19, 18, 14, 14, 16, 19, 23, 20, 19, 
104: 0, 0, 17, 0, 19, 0, 0, 0, 0, 0, 0, 13, 16, 0, 0, 0, 0, 18, 18, 16, 0, 16, 0, 18, 19, 18, 0, 23, 15, 13, 16, 0, 17, 19, 0, 11, 0, 22, 13, 0, : 17, 19, 13, 16, 18, 18, 16, 16, 18, 19, 18, 23, 15, 13, 16, 17, 19, 11, 22, 13, 
134: 19, 0, 0, 0, 11, 18, 0, 0, 0, 16, 0, 0, 18, 0, 19, 0, 15, 19, 20, 0, 0, 16, 17, 13, 16, 0, 14, 14, 0, 15, 14, 15, 0, 13, 0, 0, 16, 0, 16, 0, : 19, 11, 18, 16, 18, 19, 15, 19, 20, 16, 17, 13, 16, 14, 14, 15, 14, 15, 13, 16, 16, 
378: 0, 15, 16, 18, 0, 14, 0, 0, 15, 0, 20, 16, 21, 13, 0, 19, 0, 14, 0, 0, 0, 19, 0, 0, 13, 19, 17, 0, 0, 15, 0, 0, 18, 0, 20, 0, 0, 0, 0, 0, : 15, 16, 18, 14, 15, 20, 16, 21, 13, 19, 14, 19, 13, 19, 17, 15, 18, 20, 
197: 0, 15, 0, 16, 22, 0, 0, 14, 0, 17, 15, 0, 0, 18, 0, 0, 18, 16, 16, 18, 15, 0, 18, 18, 0, 0, 0, 0, 15, 0, 0, 0, 12, 0, 15, 22, 0, 0, 0, 13, : 15, 16, 22, 14, 17, 15, 18, 18, 16, 16, 18, 15, 18, 18, 15, 12, 15, 22, 13, 
15: 0, 13, 15, 0, 0, 19, 16, 16, 0, 15, 21, 21, 0, 0, 0, 0, 19, 0, 0, 0, 18, 19, 0, 16, 0, 0, 0, 14, 18, 15, 0, 0, 19, 22, 13, 0, 15, 15, 0, 0, : 13, 15, 19, 16, 16, 15, 21, 21, 19, 18, 19, 16, 14, 18, 15, 19, 22, 13, 15, 15, 
110: 0, 21, 13, 18, 0, 0, 14, 0, 0, 0, 15, 0, 0, 0, 0, 19, 0, 18, 0, 18, 0, 0, 0, 17, 0, 0, 0, 0, 17, 0, 0, 15, 16, 0, 0, 18, 0, 0, 20, 17, : 21, 13, 18, 14, 15, 19, 18, 18, 17, 17, 15, 16, 18, 20, 17, 
232: 13, 0, 21, 21, 0, 14, 17, 0, 20, 0, 0, 21, 0, 14, 0, 0, 18, 0, 14, 14, 20, 0, 18, 0, 18, 0, 0, 0, 0, 0, 0, 0, 0, 0, 0, 0, 16, 0, 19, 0, : 13, 21, 21, 14, 17, 20, 21, 14, 18, 14, 14, 20, 18, 18, 16, 19, 
377: 20, 16, 20, 14, 19, 22, 0, 13, 0, 0, 15, 15, 11, 0, 0, 17, 0, 0, 14, 0, 0, 14, 0, 0, 0, 0, 0, 18, 15, 20, 22, 15, 0, 0, 18, 0, 0, 0, 0, 14, : 20, 16, 20, 14, 19, 22, 13, 15, 15, 11, 17, 14, 14, 18, 15, 20, 22, 15, 18, 14, 


185: 20, 0, 0, 24, 0, 0, 0, 0, 17, 17, 0, 0, 0, 0, 0, 17, 17, 20, 0, 21, 0, 20, 14, 0, 17, 14, 17, 15, 0, 0, 0, 0, 0, 0, 0, 14, 0, 0, 13, 19, : 20, 24, 17, 17, 17, 17, 20, 21, 20, 14, 17, 14, 17, 15, 14, 13, 19, 
175: 0, 0, 14, 0, 15, 0, 0, 0, 19, 0, 16, 0, 0, 16, 15, 0, 17, 15, 0, 0, 0, 16, 0, 16, 0, 14, 0, 19, 13, 19, 0, 16, 0, 0, 0, 0, 19, 0, 0, 14, : 14, 15, 19, 16, 16, 15, 17, 15, 16, 16, 14, 19, 13, 19, 16, 19, 14, 
280: 18, 0, 0, 18, 0, 14, 13, 0, 0, 0, 0, 0, 0, 0, 18, 0, 0, 0, 14, 14, 17, 0, 0, 15, 15, 15, 20, 0, 0, 10, 0, 12, 0, 24, 14, 21, 19, 0, 0, 21, : 18, 18, 14, 13, 18, 14, 14, 17, 15, 15, 15, 20, 10, 12, 24, 14, 21, 19, 21, 
381: 0, 0, 0, 0, 0, 19, 0, 0, 0, 0, 0, 0, 16, 17, 15, 0, 15, 0, 0, 13, 0, 21, 0, 18, 17, 0, 0, 19, 13, 0, 18, 0, 0, 0, 19, 0, 0, 19, 0, 0, : 19, 16, 17, 15, 15, 13, 21, 18, 17, 19, 13, 18, 19, 19, 
337: 0, 21, 24, 18, 18, 18, 0, 16, 17, 19, 0, 18, 16, 13, 20, 0, 17, 0, 16, 12, 0, 13, 21, 0, 0, 0, 18, 0, 10, 18, 11, 0, 15, 0, 0, 0, 0, 12, 0, 0, : 21, 24, 18, 18, 18, 16, 17, 19, 18, 16, 13, 20, 17, 16, 12, 13, 21, 18, 10, 18, 11, 15, 12, 
142: 16, 16, 18, 0, 18, 0, 14, 0, 0, 0, 19, 16, 0, 0, 0, 16, 16, 0, 11, 0, 16, 14, 0, 12, 13, 0, 0, 0, 0, 0, 19, 0, 16, 0, 24, 14, 0, 15, 0, 0, : 16, 16, 18, 18, 14, 19, 16, 16, 16, 11, 16, 14, 12, 13, 19, 16, 24, 14, 15, 
301: 14, 0, 0, 14, 0, 17, 22, 14, 0, 0, 16, 16, 0, 0, 0, 18, 0, 15, 22, 0, 0, 0, 0, 20, 0, 0, 0, 0, 14, 0, 14, 20, 0, 0, 15, 19, 0, 0, 18, 0, : 14, 14, 17, 22, 14, 16, 16, 18, 15, 22, 20, 14, 14, 20, 15, 19, 18, 
253: 0, 0, 12, 0, 0, 0, 0, 20, 0, 17, 0, 0, 21, 0, 0, 0, 18, 0, 0, 18, 0, 18, 0, 17, 0, 17, 0, 12, 0, 20, 0, 0, 0, 19, 0, 0, 15, 14, 0, 0, : 12, 20, 17, 21, 18, 18, 18, 17, 17, 12, 20, 19, 15, 14, 
214: 16, 0, 17, 15, 0, 0, 0, 14, 15, 0, 0, 15, 0, 0, 16, 14, 0, 0, 16, 19, 17, 0, 14, 0, 0, 17, 0, 0, 19, 20, 0, 17, 0, 0, 16, 15, 0, 0, 0, 0, : 16, 17, 15, 14, 15, 15, 16, 14, 16, 19, 17, 14, 17, 19, 20, 17, 16, 15, 
355: 0, 17, 0, 18, 13, 13, 0, 0, 0, 15, 20, 0, 0, 17, 14, 0, 0, 16, 0, 0, 19, 0, 16, 12, 0, 19, 15, 0, 0, 0, 0, 18, 0, 0, 0, 0, 19, 0, 14, 18, : 17, 18, 13, 13, 15, 20, 17, 14, 16, 19, 16, 12, 19, 15, 18, 19, 14, 18, 
200: 21, 22, 0, 12, 0, 0, 0, 0, 0, 15, 15, 17, 17, 14, 0, 0, 0, 15, 0, 16, 12, 0, 0, 0, 0, 14, 0, 0, 18, 15, 0, 0, 13, 0, 0, 19, 0, 19, 20, 0, : 21, 22, 12, 15, 15, 17, 17, 14, 15, 16, 12, 14, 18, 15, 13, 19, 19, 20, 
300: 0, 0, 0, 0, 18, 12, 19, 0, 0, 18, 16, 17, 0, 0, 0, 0, 18, 0, 0, 0, 13, 0, 0, 0, 0, 0, 13, 0, 21, 0, 17, 0, 0, 0, 0, 15, 14, 18, 0, 0, : 18, 12, 19, 18, 16, 17, 18, 13, 13, 21, 17, 15, 14, 18, 
400: 0, 0, 18, 0, 0, 0, 13, 16, 0, 0, 15, 19, 17, 18, 0, 0, 0, 18, 0, 0, 0, 19, 0, 19, 0, 21, 16, 18, 0, 15, 16, 0, 0, 14, 0, 17, 0, 0, 12, 0, : 18, 13, 16, 15, 19, 17, 18, 18, 19, 19, 21, 16, 18, 15, 16, 14, 17, 12, 
107: 0, 13, 16, 0, 12, 0, 20, 18, 0, 16, 0, 0, 14, 0, 0, 17, 17, 0, 0, 0, 0, 0, 0, 0, 20, 0, 13, 0, 0, 14, 20, 0, 17, 14, 18, 0, 0, 17, 16, 0, : 13, 16, 12, 20, 18, 16, 14, 17, 17, 20, 13, 14, 20, 17, 14, 18, 17, 16, 
340: 15, 18, 20, 0, 0, 22, 0, 20, 0, 0, 0, 0, 0, 0, 18, 14, 15, 16, 14, 0, 0, 16, 16, 0, 16, 19, 18, 14, 0, 0, 0, 18, 0, 0, 15, 0, 0, 0, 19, 19, : 15, 18, 20, 22, 20, 18, 14, 15, 16, 14, 16, 16, 16, 19, 18, 14, 18, 15, 19, 19, 
154: 0, 0, 11, 11, 21, 0, 16, 0, 14, 0, 19, 0, 17, 0, 0, 20, 0, 0, 0, 0, 0, 0, 21, 0, 0, 0, 0, 20, 21, 19, 0, 0, 18, 20, 0, 0, 14, 21, 20, 14, : 11, 11, 21, 16, 14, 19, 17, 20, 21, 20, 21, 19, 18, 20, 14, 21, 20, 14, 
399: 13, 12, 0, 0, 0, 20, 0, 0, 20, 18, 0, 0, 17, 0, 16, 19, 0, 0, 0, 0, 16, 13, 19, 21, 13, 0, 20, 0, 21, 0, 0, 16, 16, 14, 15, 0, 16, 15, 0, 14, : 13, 12, 20, 20, 18, 17, 16, 19, 16, 13, 19, 21, 13, 20, 21, 16, 16, 14, 15, 16, 15, 14, 
333: 17, 13, 0, 0, 13, 0, 19, 18, 16, 0, 0, 16, 0, 22, 18, 0, 0, 17, 17, 23, 22, 0, 0, 0, 0, 0, 0, 12, 0, 0, 19, 17, 14, 15, 14, 16, 0, 0, 18, 17, : 17, 13, 13, 19, 18, 16, 16, 22, 18, 17, 17, 23, 22, 12, 19, 17, 14, 15, 14, 16, 18, 17, 
382: 0, 0, 0, 0, 0, 15, 14, 14, 15, 15, 0, 0, 0, 17, 0, 15, 0, 0, 23, 14, 0, 0, 17, 0, 18, 0, 0, 0, 0, 0, 0, 0, 22, 14, 0, 0, 17, 0, 0, 14, : 15, 14, 14, 15, 15, 17, 15, 23, 14, 17, 18, 22, 14, 17, 14, 
345: 0, 18, 0, 20, 22, 0, 0, 0, 17, 0, 14, 16, 15, 16, 0, 0, 0, 18, 17, 0, 18, 0, 12, 0, 21, 0, 0, 21, 0, 0, 16, 16, 19, 16, 0, 0, 17, 0, 0, 0, : 18, 20, 22, 17, 14, 16, 15, 16, 18, 17, 18, 12, 21, 21, 16, 16, 19, 16, 17, 


323: 17, 18, 17, 15, 0, 0, 0, 0, 13, 16, 21, 19, 0, 13, 0, 14, 0, 16, 16, 22, 13, 0, 0, 20, 0, 17, 0, 15, 19, 0, 0, 0, 17, 17, 0, 0, 11, 20, 0, 0, : 17, 18, 17, 15, 13, 16, 21, 19, 13, 14, 16, 16, 22, 13, 20, 17, 15, 19, 17, 17, 11, 20, 
133: 0, 17, 0, 16, 17, 0, 20, 0, 21, 15, 15, 19, 0, 18, 13, 17, 16, 0, 0, 17, 17, 19, 12, 0, 19, 0, 0, 0, 19, 0, 0, 20, 0, 18, 0, 18, 13, 17, 0, 14, : 17, 16, 17, 20, 21, 15, 15, 19, 18, 13, 17, 16, 17, 17, 19, 12, 19, 19, 20, 18, 18, 13, 17, 14, 
388: 16, 0, 0, 0, 14, 21, 13, 0, 0, 14, 0, 0, 19, 0, 17, 0, 0, 0, 18, 0, 17, 0, 0, 17, 0, 19, 20, 0, 0, 0, 0, 0, 17, 18, 0, 0, 0, 0, 0, 11, : 16, 14, 21, 13, 14, 19, 17, 18, 17, 17, 19, 20, 17, 18, 11, 
334: 0, 0, 0, 0, 16, 0, 0, 0, 0, 0, 15, 18, 16, 13, 14, 17, 0, 17, 0, 13, 0, 20, 19, 14, 0, 14, 21, 14, 0, 12, 0, 0, 14, 0, 18, 0, 17, 0, 0, 19, : 16, 15, 18, 16, 13, 14, 17, 17, 13, 20, 19, 14, 14, 21, 14, 12, 14, 18, 17, 19, 
276: 0, 0, 19, 0, 17, 0, 18, 18, 15, 19, 0, 0, 0, 20, 19, 19, 0, 0, 16, 0, 13, 0, 21, 14, 17, 0, 0, 17, 0, 14, 11, 17, 0, 0, 13, 0, 0, 0, 0, 0, : 19, 17, 18, 18, 15, 19, 20, 19, 19, 16, 13, 21, 14, 17, 17, 14, 11, 17, 13, 
18: 16, 0, 0, 18, 0, 0, 0, 13, 21, 0, 16, 15, 0, 0, 20, 17, 14, 18, 0, 0, 0, 12, 13, 0, 0, 0, 15, 18, 14, 0, 0, 17, 12, 0, 0, 0, 13, 20, 0, 0, : 16, 18, 13, 21, 16, 15, 20, 17, 14, 18, 12, 13, 15, 18, 14, 17, 12, 13, 20, 
27: 0, 0, 0, 0, 0, 17, 19, 0, 0, 0, 16, 0, 0, 18, 0, 0, 18, 13, 18, 15, 0, 10, 0, 0, 0, 0, 17, 15, 0, 0, 0, 0, 0, 0, 0, 0, 16, 0, 20, 16, : 17, 19, 16, 18, 18, 13, 18, 15, 10, 17, 15, 16, 20, 16, 
366: 0, 0, 18, 0, 0, 0, 19, 0, 0, 0, 20, 0, 0, 0, 15, 0, 0, 0, 0, 14, 0, 0, 0, 0, 15, 16, 0, 19, 14, 19, 12, 0, 0, 0, 16, 18, 0, 0, 19, 0, : 18, 19, 20, 15, 14, 15, 16, 19, 14, 19, 12, 16, 18, 19, 
127: 14, 0, 14, 18, 0, 0, 0, 20, 0, 0, 0, 0, 18, 13, 0, 13, 16, 20, 15, 17, 12, 0, 20, 17, 17, 19, 0, 13, 0, 16, 19, 0, 0, 13, 17, 20, 0, 0, 0, 0, : 14, 14, 18, 20, 18, 13, 13, 16, 20, 15, 17, 12, 20, 17, 17, 19, 13, 16, 19, 13, 17, 20, 
193: 0, 17, 18, 0, 16, 0, 15, 0, 0, 16, 0, 20, 13, 17, 16, 0, 17, 0, 0, 0, 0, 0, 0, 0, 0, 0, 0, 0, 18, 0, 0, 0, 13, 0, 0, 0, 19, 0, 0, 0, : 17, 18, 16, 15, 16, 20, 13, 17, 16, 17, 18, 13, 19, 
126: 18, 16, 0, 0, 0, 18, 0, 0, 18, 15, 16, 16, 0, 0, 17, 0, 0, 15, 21, 0, 0, 0, 0, 19, 19, 0, 17, 0, 19, 0, 16, 17, 19, 0, 0, 0, 0, 16, 18, 20, : 18, 16, 18, 18, 15, 16, 16, 17, 15, 21, 19, 19, 17, 19, 16, 17, 19, 16, 18, 20, 
184: 15, 0, 0, 20, 0, 0, 0, 20, 18, 0, 0, 0, 0, 0, 0, 0, 18, 0, 13, 0, 0, 19, 22, 21, 0, 0, 0, 0, 0, 0, 0, 0, 0, 24, 23, 14, 0, 0, 14, 0, : 15, 20, 20, 18, 18, 13, 19, 22, 21, 24, 23, 14, 14, 
41: 0, 18, 13, 0, 0, 15, 0, 21, 16, 0, 0, 0, 0, 0, 0, 0, 0, 0, 0, 0, 0, 13, 0, 0, 13, 19, 0, 0, 17, 19, 0, 13, 0, 0, 0, 0, 20, 13, 17, 20, : 18, 13, 15, 21, 16, 13, 13, 19, 17, 19, 13, 20, 13, 17, 20, 
289: 0, 18, 0, 19, 20, 16, 0, 16, 0, 16, 0, 14, 21, 0, 0, 0, 14, 19, 18, 18, 22, 16, 0, 0, 0, 0, 20, 0, 0, 21, 17, 11, 0, 15, 0, 16, 0, 0, 16, 13, : 18, 19, 20, 16, 16, 16, 14, 21, 14, 19, 18, 18, 22, 16, 20, 21, 17, 11, 15, 16, 16, 13, 
392: 18, 14, 0, 13, 0, 0, 15, 0, 0, 18, 0, 13, 0, 0, 0, 19, 0, 16, 15, 0, 0, 0, 0, 14, 0, 0, 0, 0, 0, 0, 15, 0, 19, 15, 0, 22, 0, 19, 0, 0, : 18, 14, 13, 15, 18, 13, 19, 16, 15, 14, 15, 19, 15, 22, 19, 
357: 0, 15, 18, 0, 19, 16, 0, 15, 0, 21, 13, 16, 18, 20, 0, 0, 18, 0, 0, 0, 19, 0, 12, 0, 17, 17, 14, 20, 0, 10, 20, 18, 19, 13, 13, 18, 0, 0, 14, 0, : 15, 18, 19, 16, 15, 21, 13, 16, 18, 20, 18, 19, 12, 17, 17, 14, 20, 10, 20, 18, 19, 13, 13, 18, 14, 
114: 0, 0, 17, 18, 18, 13, 0, 13, 13, 0, 0, 0, 18, 0, 0, 16, 0, 0, 0, 15, 18, 0, 0, 0, 0, 0, 14, 0, 19, 19, 0, 15, 0, 0, 16, 0, 20, 13, 13, 18, : 17, 18, 18, 13, 13, 13, 18, 16, 15, 18, 14, 19, 19, 15, 16, 20, 13, 13, 18, 
26: 0, 17, 16, 13, 0, 16, 0, 0, 0, 0, 0, 0, 13, 0, 19, 18, 0, 0, 0, 0, 0, 0, 19, 0, 16, 14, 0, 0, 0, 0, 19, 0, 0, 0, 18, 12, 21, 18, 0, 0, : 17, 16, 13, 16, 13, 19, 18, 19, 16, 14, 19, 18, 12, 21, 18, 
48: 18, 0, 0, 0, 13, 18, 16, 14, 0, 0, 0, 0, 14, 18, 0, 0, 0, 16, 0, 19, 19, 22, 0, 0, 17, 15, 0, 0, 0, 0, 21, 0, 20, 0, 0, 12, 0, 14, 19, 0, : 18, 13, 18, 16, 14, 14, 18, 16, 19, 19, 22, 17, 15, 21, 20, 12, 14, 19, 
11: 18, 0, 0, 0, 0, 0, 15, 0, 15, 0, 18, 0, 0, 0, 0, 0, 19, 0, 0, 0, 0, 19, 12, 14, 0, 0, 12, 19, 11, 20, 0, 22, 0, 17, 16, 0, 0, 0, 0, 19, : 18, 15, 15, 18, 19, 19, 12, 14, 12, 19, 11, 20, 22, 17, 16, 19, 


12: 0, 0, 0, 15, 19, 16, 18, 0, 17, 0, 16, 0, 0, 18, 17, 0, 17, 19, 0, 0, 0, 0, 0, 0, 0, 0, 0, 15, 17, 0, 15, 0, 0, 0, 0, 0, 0, 0, 19, 0, : 15, 19, 16, 18, 17, 16, 18, 17, 17, 19, 15, 17, 15, 19, 
37: 20, 13, 0, 20, 0, 14, 16, 0, 0, 0, 20, 0, 0, 0, 0, 15, 0, 16, 15, 16, 18, 0, 13, 21, 20, 16, 0, 0, 0, 17, 0, 12, 20, 0, 0, 0, 0, 22, 16, 0, : 20, 13, 20, 14, 16, 20, 15, 16, 15, 16, 18, 13, 21, 20, 16, 17, 12, 20, 22, 16, 
281: 17, 16, 13, 15, 0, 0, 0, 0, 0, 0, 10, 18, 15, 0, 17, 0, 12, 20, 0, 0, 0, 16, 21, 0, 13, 0, 0, 0, 0, 15, 0, 19, 0, 0, 0, 15, 0, 16, 22, 22, : 17, 16, 13, 15, 10, 18, 15, 17, 12, 20, 16, 21, 13, 15, 19, 15, 16, 22, 22, 
308: 0, 20, 0, 13, 0, 16, 0, 16, 18, 0, 18, 14, 0, 15, 0, 19, 0, 0, 0, 0, 0, 0, 15, 0, 0, 0, 17, 0, 0, 18, 0, 21, 14, 0, 17, 0, 15, 15, 18, 11, : 20, 13, 16, 16, 18, 18, 14, 15, 19, 15, 17, 18, 21, 14, 17, 15, 15, 18, 11, 
306: 0, 14, 16, 20, 21, 0, 10, 0, 16, 18, 0, 12, 0, 0, 18, 0, 0, 0, 0, 0, 19, 20, 0, 20, 0, 17, 0, 17, 15, 0, 0, 14, 11, 19, 0, 16, 0, 0, 17, 16, : 14, 16, 20, 21, 10, 16, 18, 12, 18, 19, 20, 20, 17, 17, 15, 14, 11, 19, 16, 17, 16, 
391: 16, 15, 0, 0, 0, 17, 19, 18, 0, 15, 22, 0, 16, 0, 0, 0, 19, 0, 13, 12, 18, 0, 0, 0, 14, 15, 0, 17, 0, 15, 13, 0, 19, 11, 0, 0, 17, 0, 0, 0, : 16, 15, 17, 19, 18, 15, 22, 16, 19, 13, 12, 18, 14, 15, 17, 15, 13, 19, 11, 17, 
58: 0, 0, 0, 0, 0, 0, 16, 0, 0, 0, 0, 15, 19, 20, 0, 0, 0, 11, 16, 0, 18, 0, 0, 0, 0, 0, 16, 0, 17, 0, 14, 0, 0, 21, 0, 0, 16, 0, 0, 0, : 16, 15, 19, 20, 11, 16, 18, 16, 17, 14, 21, 16, 
101: 14, 0, 0, 0, 15, 0, 0, 0, 16, 0, 0, 20, 0, 0, 0, 16, 19, 0, 12, 0, 14, 18, 16, 0, 0, 0, 0, 0, 17, 15, 0, 0, 15, 0, 23, 16, 15, 0, 0, 0, : 14, 15, 16, 20, 16, 19, 12, 14, 18, 16, 17, 15, 15, 23, 16, 15, 
397: 0, 0, 0, 0, 17, 0, 0, 0, 15, 10, 15, 0, 0, 0, 0, 0, 0, 14, 20, 18, 20, 21, 0, 15, 20, 13, 0, 17, 17, 17, 17, 0, 21, 0, 17, 16, 0, 0, 0, 0, : 17, 15, 10, 15, 14, 20, 18, 20, 21, 15, 20, 13, 17, 17, 17, 17, 21, 17, 16, 
296: 0, 0, 14, 0, 20, 0, 17, 16, 21, 19, 16, 19, 17, 13, 16, 0, 0, 0, 16, 0, 0, 0, 15, 0, 0, 0, 0, 16, 0, 0, 0, 0, 0, 16, 0, 0, 0, 0, 12, 0, : 14, 20, 17, 16, 21, 19, 16, 19, 17, 13, 16, 16, 15, 16, 16, 12, 
398: 0, 17, 21, 0, 0, 17, 0, 0, 0, 0, 0, 0, 16, 21, 0, 14, 14, 0, 0, 0, 0, 14, 0, 20, 12, 21, 0, 13, 0, 20, 0, 13, 0, 19, 13, 15, 0, 15, 0, 18, : 17, 21, 17, 16, 21, 14, 14, 14, 20, 12, 21, 13, 20, 13, 19, 13, 15, 15, 18, 
266: 16, 0, 0, 16, 15, 0, 0, 0, 0, 0, 19, 0, 13, 14, 18, 18, 0, 0, 17, 18, 15, 0, 0, 0, 22, 0, 0, 0, 0, 0, 15, 18, 15, 13, 0, 15, 0, 0, 16, 0, : 16, 16, 15, 19, 13, 14, 18, 18, 17, 18, 15, 22, 15, 18, 15, 13, 15, 16, 
54: 0, 0, 19, 0, 16, 0, 0, 19, 0, 0, 14, 0, 20, 15, 15, 15, 0, 0, 0, 13, 0, 17, 0, 15, 17, 15, 0, 18, 0, 0, 0, 14, 0, 0, 0, 0, 0, 18, 0, 0, : 19, 16, 19, 14, 20, 15, 15, 15, 13, 17, 15, 17, 15, 18, 14, 18, 
216: 0, 19, 15, 19, 0, 0, 0, 17, 17, 20, 0, 0, 0, 0, 20, 17, 14, 14, 0, 0, 18, 13, 0, 0, 0, 0, 17, 0, 0, 0, 0, 0, 0, 16, 0, 0, 16, 18, 0, 16, : 19, 15, 19, 17, 17, 20, 20, 17, 14, 14, 18, 13, 17, 16, 16, 18, 16, 
56: 0, 0, 0, 0, 0, 0, 0, 17, 0, 0, 0, 15, 0, 17, 0, 0, 0, 0, 0, 16, 10, 0, 17, 16, 0, 20, 20, 0, 0, 0, 21, 21, 20, 15, 18, 0, 16, 17, 0, 16, : 17, 15, 17, 16, 10, 17, 16, 20, 20, 21, 21, 20, 15, 18, 16, 17, 16, 
285: 18, 17, 18, 0, 14, 0, 20, 0, 0, 17, 0, 16, 13, 17, 0, 0, 19, 12, 0, 18, 0, 0, 19, 0, 0, 0, 17, 0, 22, 0, 18, 0, 15, 0, 15, 24, 14, 16, 15, 0, : 18, 17, 18, 14, 20, 17, 16, 13, 17, 19, 12, 18, 19, 17, 22, 18, 15, 15, 24, 14, 16, 15, 
292: 18, 0, 0, 16, 0, 14, 0, 20, 19, 19, 0, 0, 0, 0, 12, 19, 0, 0, 19, 17, 0, 17, 0, 16, 0, 0, 15, 16, 15, 16, 19, 0, 0, 0, 14, 17, 0, 0, 0, 20, : 18, 16, 14, 20, 19, 19, 12, 19, 19, 17, 17, 16, 15, 16, 15, 16, 19, 14, 17, 20, 
205: 0, 19, 0, 0, 0, 20, 17, 17, 0, 16, 0, 0, 21, 0, 17, 17, 23, 0, 0, 22, 0, 0, 0, 12, 0, 20, 18, 0, 17, 0, 0, 18, 0, 20, 0, 0, 0, 13, 0, 15, : 19, 20, 17, 17, 16, 21, 17, 17, 23, 22, 12, 20, 18, 17, 18, 20, 13, 15, 
265: 14, 0, 15, 0, 0, 16, 0, 0, 11, 16, 0, 0, 0, 0, 0, 0, 0, 23, 0, 0, 0, 0, 21, 0, 17, 0, 14, 0, 0, 17, 0, 0, 0, 0, 17, 16, 18, 0, 0, 0, : 14, 15, 16, 11, 16, 23, 21, 17, 14, 17, 17, 16, 18, 
286: 17, 0, 19, 16, 13, 20, 17, 10, 0, 0, 0, 21, 0, 0, 0, 0, 13, 21, 22, 0, 0, 14, 13, 15, 15, 13, 16, 21, 13, 0, 18, 0, 0, 0, 16, 0, 23, 0, 15, 16, : 17, 19, 16, 13, 20, 17, 10, 21, 13, 21, 22, 14, 13, 15, 15, 13, 16, 21, 13, 18, 16, 23, 15, 16, 


231: 0, 18, 0, 0, 0, 17, 13, 0, 0, 0, 0, 14, 14, 18, 18, 13, 16, 21, 12, 18, 0, 0, 15, 22, 0, 18, 0, 0, 0, 0, 0, 0, 0, 24, 17, 0, 12, 0, 17, 15, : 18, 17, 13, 14, 14, 18, 18, 13, 16, 21, 12, 18, 15, 22, 18, 24, 17, 12, 17, 15, 
330: 0, 0, 11, 21, 20, 18, 16, 0, 14, 18, 0, 0, 0, 0, 0, 0, 0, 16, 0, 18, 0, 0, 0, 17, 18, 16, 0, 0, 16, 0, 0, 17, 0, 14, 0, 15, 0, 0, 18, 0, : 11, 21, 20, 18, 16, 14, 18, 16, 18, 17, 18, 16, 16, 17, 14, 15, 18, 
282: 12, 16, 0, 0, 13, 0, 19, 17, 0, 0, 15, 0, 0, 0, 0, 17, 0, 0, 18, 0, 19, 16, 0, 13, 0, 0, 14, 0, 0, 0, 0, 0, 0, 0, 24, 0, 13, 0, 18, 19, : 12, 16, 13, 19, 17, 15, 17, 18, 19, 16, 13, 14, 24, 13, 18, 19, 
115: 17, 24, 18, 12, 0, 18, 0, 14, 17, 17, 0, 0, 0, 15, 17, 17, 0, 0, 0, 0, 0, 0, 0, 0, 16, 15, 0, 0, 14, 0, 14, 0, 14, 18, 18, 0, 0, 0, 15, 0, : 17, 24, 18, 12, 18, 14, 17, 17, 15, 17, 17, 16, 15, 14, 14, 14, 18, 18, 15, 
61: 18, 0, 20, 16, 17, 0, 0, 0, 0, 0, 13, 18, 0, 16, 0, 0, 23, 0, 19, 0, 0, 17, 0, 18, 0, 15, 17, 13, 0, 0, 0, 13, 16, 18, 12, 0, 0, 15, 0, 17, : 18, 20, 16, 17, 13, 18, 16, 23, 19, 17, 18, 15, 17, 13, 13, 16, 18, 12, 15, 17, 
174: 0, 0, 0, 0, 19, 17, 0, 0, 17, 13, 0, 17, 0, 19, 19, 0, 16, 0, 18, 13, 0, 16, 20, 0, 0, 0, 0, 15, 16, 0, 14, 20, 16, 0, 0, 0, 0, 0, 0, 0, : 19, 17, 17, 13, 17, 19, 19, 16, 18, 13, 16, 20, 15, 16, 14, 20, 16, 
256: 0, 0, 18, 0, 0, 19, 19, 0, 22, 0, 14, 0, 0, 14, 0, 0, 11, 14, 0, 16, 0, 0, 17, 0, 0, 0, 0, 0, 20, 17, 0, 0, 0, 0, 0, 17, 0, 0, 0, 18, : 18, 19, 19, 22, 14, 14, 11, 14, 16, 17, 20, 17, 17, 18, 
309: 0, 12, 13, 0, 0, 0, 0, 17, 0, 0, 0, 0, 18, 0, 14, 18, 0, 17, 15, 16, 14, 0, 0, 17, 0, 0, 16, 0, 0, 15, 0, 16, 0, 11, 0, 20, 0, 15, 0, 0, : 12, 13, 17, 18, 14, 18, 17, 15, 16, 14, 17, 16, 15, 16, 11, 20, 15, 
327: 12, 15, 18, 0, 19, 19, 0, 21, 0, 14, 0, 0, 15, 0, 14, 19, 0, 16, 0, 0, 0, 19, 20, 0, 13, 0, 17, 15, 0, 17, 18, 0, 0, 15, 0, 13, 16, 0, 19, 14, : 12, 15, 18, 19, 19, 21, 14, 15, 14, 19, 16, 19, 20, 13, 17, 15, 17, 18, 15, 13, 16, 19, 14, 
57: 0, 0, 0, 0, 0, 0, 0, 13, 14, 0, 19, 15, 0, 0, 0, 15, 17, 17, 0, 0, 18, 18, 18, 0, 0, 0, 0, 0, 15, 0, 0, 14, 19, 0, 15, 22, 17, 18, 15, 19, : 13, 14, 19, 15, 15, 17, 17, 18, 18, 18, 15, 14, 19, 15, 22, 17, 18, 15, 19, 
283: 0, 0, 0, 19, 0, 13, 19, 20, 0, 0, 18, 0, 0, 19, 0, 0, 0, 0, 0, 0, 18, 0, 0, 0, 0, 0, 15, 17, 0, 14, 15, 0, 0, 0, 15, 0, 19, 21, 0, 0, : 19, 13, 19, 20, 18, 19, 18, 15, 17, 14, 15, 15, 19, 21, 
64: 17, 0, 0, 0, 0, 0, 0, 0, 0, 0, 16, 0, 0, 0, 0, 0, 0, 20, 16, 0, 16, 16, 17, 17, 12, 14, 16, 19, 0, 0, 20, 15, 17, 0, 15, 0, 0, 15, 15, 14, : 17, 16, 20, 16, 16, 16, 17, 17, 12, 14, 16, 19, 20, 15, 17, 15, 15, 15, 14, 
59: 20, 10, 0, 20, 15, 0, 16, 13, 0, 16, 0, 0, 0, 19, 0, 0, 0, 19, 0, 0, 0, 0, 0, 0, 22, 0, 16, 21, 0, 15, 21, 17, 0, 16, 0, 0, 0, 21, 18, 0, : 20, 10, 20, 15, 16, 13, 16, 19, 19, 22, 16, 21, 15, 21, 17, 16, 21, 18, 
139: 0, 18, 0, 14, 16, 0, 0, 0, 0, 16, 0, 19, 16, 0, 0, 0, 0, 0, 0, 17, 16, 0, 0, 16, 0, 15, 0, 17, 17, 16, 0, 20, 12, 0, 0, 0, 0, 17, 0, 0, : 18, 14, 16, 16, 19, 16, 17, 16, 16, 15, 17, 17, 16, 20, 12, 17, 
93: 17, 18, 0, 0, 18, 0, 0, 0, 0, 20, 16, 0, 19, 0, 18, 0, 17, 0, 18, 16, 20, 0, 0, 0, 0, 0, 0, 16, 0, 20, 16, 0, 0, 0, 0, 16, 21, 14, 0, 0, : 17, 18, 18, 20, 16, 19, 18, 17, 18, 16, 20, 16, 20, 16, 16, 21, 14, 
62: 0, 0, 10, 0, 0, 0, 0, 0, 20, 15, 0, 17, 18, 0, 0, 0, 0, 0, 17, 0, 15, 0, 0, 0, 20, 18, 0, 0, 16, 15, 17, 0, 0, 0, 15, 0, 21, 0, 0, 0, : 10, 20, 15, 17, 18, 17, 15, 20, 18, 16, 15, 17, 15, 21, 
224: 0, 19, 25, 17, 0, 0, 16, 0, 18, 0, 0, 0, 0, 15, 14, 0, 13, 0, 0, 0, 0, 0, 0, 19, 18, 18, 0, 0, 0, 0, 15, 0, 20, 0, 19, 13, 0, 0, 0, 19, : 19, 25, 17, 16, 18, 15, 14, 13, 19, 18, 18, 15, 20, 19, 13, 19, 
99: 19, 0, 0, 12, 0, 0, 15, 18, 0, 21, 20, 15, 16, 0, 0, 21, 0, 0, 0, 21, 0, 17, 16, 0, 0, 0, 0, 0, 0, 21, 0, 0, 21, 17, 0, 0, 0, 0, 15, 15, : 19, 12, 15, 18, 21, 20, 15, 16, 21, 21, 17, 16, 21, 21, 17, 15, 15, 
302: 0, 0, 0, 0, 0, 14, 17, 0, 13, 0, 0, 18, 19, 0, 18, 17, 17, 0, 0, 0, 14, 19, 16, 0, 16, 21, 18, 0, 21, 0, 0, 0, 15, 17, 0, 17, 16, 14, 0, 0, : 14, 17, 13, 18, 19, 18, 17, 17, 14, 19, 16, 16, 21, 18, 21, 15, 17, 17, 16, 14, 
84: 18, 0, 17, 19, 13, 15, 0, 17, 15, 0, 19, 17, 15, 15, 18, 13, 20, 10, 17, 15, 0, 12, 11, 11, 15, 0, 21, 17, 15, 0, 0, 18, 0, 0, 0, 17, 15, 0, 0, 0, : 18, 17, 19, 13, 15, 17, 15, 19, 17, 15, 15, 18, 13, 20, 10, 17, 15, 12, 11, 11, 15, 21, 17, 15, 18, 17, 15, 


215: 0, 0, 19, 12, 16, 15, 14, 23, 0, 18, 0, 16, 16, 15, 0, 0, 0, 16, 0, 0, 20, 18, 0, 0, 0, 0, 0, 0, 0, 0, 0, 17, 12, 15, 18, 0, 0, 0, 17, 0, : 19, 12, 16, 15, 14, 23, 18, 16, 16, 15, 16, 20, 18, 17, 12, 15, 18, 17, 
299: 15, 0, 0, 0, 15, 0, 18, 21, 0, 16, 0, 0, 16, 20, 0, 0, 0, 0, 13, 18, 0, 12, 11, 0, 17, 0, 10, 0, 0, 19, 0, 0, 0, 0, 0, 0, 15, 0, 17, 16, : 15, 15, 18, 21, 16, 16, 20, 13, 18, 12, 11, 17, 10, 19, 15, 17, 16, 
21: 0, 0, 17, 0, 17, 0, 0, 0, 0, 0, 17, 16, 14, 0, 0, 0, 19, 15, 0, 0, 21, 21, 0, 0, 0, 10, 0, 20, 0, 0, 17, 19, 16, 0, 0, 16, 0, 0, 0, 13, : 17, 17, 17, 16, 14, 19, 15, 21, 21, 10, 20, 17, 19, 16, 16, 13, 
363: 17, 0, 0, 20, 0, 18, 0, 0, 15, 0, 21, 0, 18, 0, 20, 20, 18, 22, 0, 16, 0, 16, 0, 13, 21, 0, 0, 11, 0, 0, 20, 0, 0, 16, 0, 16, 0, 0, 21, 19, : 17, 20, 18, 15, 21, 18, 20, 20, 18, 22, 16, 16, 13, 21, 11, 20, 16, 16, 21, 19, 
119: 0, 0, 0, 20, 13, 15, 15, 14, 17, 14, 19, 0, 20, 16, 0, 0, 12, 0, 14, 14, 16, 0, 21, 0, 0, 17, 16, 0, 17, 0, 16, 12, 0, 0, 16, 19, 0, 0, 14, 0, : 20, 13, 15, 15, 14, 17, 14, 19, 20, 16, 12, 14, 14, 16, 21, 17, 16, 17, 16, 12, 16, 19, 14, 
168: 19, 0, 0, 0, 0, 0, 0, 16, 24, 20, 15, 0, 0, 0, 0, 0, 16, 23, 0, 20, 12, 0, 0, 0, 0, 19, 13, 19, 19, 0, 0, 0, 0, 0, 17, 0, 19, 14, 0, 0, : 19, 16, 24, 20, 15, 16, 23, 20, 12, 19, 13, 19, 19, 17, 19, 14, 
247: 0, 0, 0, 0, 18, 17, 17, 0, 13, 14, 16, 0, 19, 10, 0, 16, 0, 0, 0, 0, 0, 12, 0, 21, 0, 20, 0, 15, 20, 15, 14, 14, 0, 19, 0, 0, 20, 18, 0, 0, : 18, 17, 17, 13, 14, 16, 19, 10, 16, 12, 21, 20, 15, 20, 15, 14, 14, 19, 20, 18, 
237: 17, 17, 15, 19, 0, 16, 16, 17, 21, 0, 12, 17, 11, 0, 15, 15, 21, 15, 15, 0, 0, 18, 0, 15, 0, 0, 19, 0, 19, 0, 0, 15, 0, 0, 16, 0, 15, 16, 0, 0, : 17, 17, 15, 19, 16, 16, 17, 21, 12, 17, 11, 15, 15, 21, 15, 15, 18, 15, 19, 19, 15, 16, 15, 16, 
343: 18, 0, 14, 0, 16, 0, 0, 0, 17, 0, 15, 0, 0, 0, 17, 0, 0, 0, 0, 0, 13, 17, 0, 0, 21, 0, 18, 0, 0, 0, 14, 0, 20, 16, 0, 19, 0, 0, 0, 15, : 18, 14, 16, 17, 15, 17, 13, 17, 21, 18, 14, 20, 16, 19, 15, 
183: 0, 13, 21, 0, 0, 15, 17, 0, 0, 0, 0, 0, 0, 0, 0, 0, 0, 0, 0, 16, 16, 0, 12, 0, 18, 16, 0, 0, 0, 0, 19, 0, 16, 0, 0, 0, 13, 15, 0, 15, : 13, 21, 15, 17, 16, 16, 12, 18, 16, 19, 16, 13, 15, 15, 
244: 19, 17, 19, 0, 16, 16, 0, 0, 0, 23, 0, 15, 0, 0, 0, 14, 15, 15, 0, 0, 0, 20, 19, 0, 0, 11, 0, 19, 0, 17, 0, 0, 12, 20, 15, 0, 17, 13, 13, 17, : 19, 17, 19, 16, 16, 23, 15, 14, 15, 15, 20, 19, 11, 19, 17, 12, 20, 15, 17, 13, 13, 17, 
90: 15, 0, 0, 0, 0, 21, 0, 0, 0, 0, 0, 21, 0, 16, 0, 0, 0, 13, 18, 12, 0, 0, 0, 0, 0, 21, 0, 0, 14, 18, 0, 20, 0, 0, 0, 19, 0, 0, 21, 0, : 15, 21, 21, 16, 13, 18, 12, 21, 14, 18, 20, 19, 21, 
36: 0, 14, 0, 15, 0, 0, 16, 0, 14, 0, 16, 0, 0, 0, 0, 20, 0, 0, 17, 0, 18, 0, 15, 0, 21, 0, 0, 0, 0, 22, 0, 0, 15, 0, 0, 15, 15, 18, 0, 17, : 14, 15, 16, 14, 16, 20, 17, 18, 15, 21, 22, 15, 15, 15, 18, 17, 
226: 0, 0, 15, 16, 0, 0, 0, 16, 11, 0, 0, 11, 0, 15, 15, 0, 0, 0, 0, 0, 0, 16, 21, 20, 0, 18, 16, 18, 16, 12, 19, 19, 0, 16, 0, 0, 0, 20, 14, 0, : 15, 16, 16, 11, 11, 15, 15, 16, 21, 20, 18, 16, 18, 16, 12, 19, 19, 16, 20, 14, 
182: 0, 18, 0, 0, 0, 0, 0, 14, 0, 17, 0, 21, 16, 15, 16, 16, 15, 14, 14, 17, 0, 0, 16, 18, 16, 0, 0, 15, 18, 18, 0, 0, 22, 0, 0, 17, 0, 0, 0, 0, : 18, 14, 17, 21, 16, 15, 16, 16, 15, 14, 14, 17, 16, 18, 16, 15, 18, 18, 22, 17, 
288: 0, 21, 0, 0, 0, 0, 0, 14, 0, 0, 0, 0, 20, 22, 22, 20, 0, 0, 23, 20, 0, 0, 0, 22, 11, 0, 0, 16, 0, 0, 19, 0, 16, 19, 19, 0, 0, 15, 16, 17, : 21, 14, 20, 22, 22, 20, 23, 20, 22, 11, 16, 19, 16, 19, 19, 15, 16, 17, 
157: 0, 15, 13, 15, 0, 0, 15, 0, 18, 16, 0, 17, 0, 21, 20, 19, 0, 0, 16, 0, 0, 0, 18, 10, 0, 18, 20, 0, 11, 0, 0, 15, 0, 0, 0, 0, 0, 0, 0, 0, : 15, 13, 15, 15, 18, 16, 17, 21, 20, 19, 16, 18, 10, 18, 20, 11, 15, 
91: 17, 0, 0, 15, 0, 17, 0, 15, 0, 0, 19, 0, 0, 0, 10, 0, 21, 17, 20, 0, 17, 0, 0, 15, 10, 0, 0, 0, 16, 0, 12, 0, 0, 16, 19, 15, 18, 21, 17, 0, : 17, 15, 17, 15, 19, 10, 21, 17, 20, 17, 15, 10, 16, 12, 16, 19, 15, 18, 21, 17, 
120: 0, 16, 0, 0, 20, 0, 22, 0, 0, 12, 0, 16, 0, 0, 0, 0, 0, 0, 0, 0, 17, 0, 0, 0, 0, 0, 20, 17, 0, 14, 0, 19, 0, 13, 16, 0, 18, 0, 0, 21, : 16, 20, 22, 12, 16, 17, 20, 17, 14, 19, 13, 16, 18, 21, 
89: 13, 19, 17, 18, 19, 0, 0, 0, 0, 0, 0, 0, 0, 0, 15, 10, 13, 0, 0, 17, 0, 0, 17, 16, 15, 0, 18, 0, 0, 15, 0, 0, 21, 0, 14, 14, 0, 0, 0, 0, : 13, 19, 17, 18, 19, 15, 10, 13, 17, 17, 16, 15, 18, 15, 21, 14, 14, 


