
20
40
150
2

26: 0, 18, 0, 15, 0, 24, 13, 0, 0, 15, 16, 23, 0, 0, 0, 17, 0, 0, 0, 22, : 18, 15, 24, 13, 15, 16, 23, 17, 22, 
10: 0, 0, 17, 0, 0, 0, 20, 17, 22, 20, 0, 0, 0, 0, 0, 19, 0, 15, 13, 0, : 17, 20, 17, 22, 20, 19, 15, 13, 
11: 13, 0, 0, 0, 0, 0, 19, 14, 0, 0, 21, 0, 18, 0, 21, 0, 0, 0, 0, 0, : 13, 19, 14, 21, 18, 21, 
23: 19, 0, 0, 0, 0, 16, 0, 21, 0, 0, 0, 0, 0, 19, 0, 0, 12, 22, 18, 0, : 19, 16, 21, 19, 12, 22, 18, 
31: 0, 0, 20, 0, 0, 0, 0, 0, 14, 0, 12, 0, 0, 0, 0, 22, 13, 0, 0, 16, : 20, 14, 12, 22, 13, 16, 
17: 18, 0, 0, 0, 20, 0, 17, 0, 0, 0, 0, 0, 15, 19, 13, 13, 15, 19, 0, 0, : 18, 20, 17, 15, 19, 13, 13, 15, 19, 
27: 15, 20, 0, 0, 0, 0, 0, 0, 0, 0, 20, 15, 0, 15, 15, 0, 0, 0, 14, 0, : 15, 20, 20, 15, 15, 15, 14, 
19: 14, 21, 11, 0, 17, 0, 0, 10, 18, 20, 16, 13, 0, 0, 0, 0, 0, 0, 0, 19, : 14, 21, 11, 17, 10, 18, 20, 16, 13, 19, 
1: 21, 14, 0, 20, 18, 10, 0, 18, 13, 0, 19, 16, 11, 11, 0, 0, 0, 17, 12, 0, : 21, 14, 20, 18, 10, 18, 13, 19, 16, 11, 11, 17, 12, 
40: 14, 16, 18, 10, 14, 18, 0, 0, 0, 0, 0, 15, 18, 16, 0, 0, 18, 15, 13, 0, : 14, 16, 18, 10, 14, 18, 15, 18, 16, 18, 15, 13, 
30: 20, 0, 14, 0, 18, 0, 0, 0, 11, 15, 0, 15, 0, 0, 19, 19, 17, 0, 0, 13, : 20, 14, 18, 11, 15, 15, 19, 19, 17, 13, 
39: 16, 0, 0, 17, 13, 0, 0, 0, 0, 0, 13, 0, 0, 0, 17, 0, 0, 0, 21, 17, : 16, 17, 13, 13, 17, 21, 17, 
8: 0, 13, 0, 0, 0, 12, 0, 0, 0, 18, 18, 17, 0, 0, 13, 18, 0, 0, 25, 0, : 13, 12, 18, 18, 17, 13, 18, 25, 
9: 0, 0, 12, 0, 0, 0, 0, 0, 19, 20, 0, 18, 0, 15, 0, 13, 0, 0, 0, 0, : 12, 19, 20, 18, 15, 13, 
33: 0, 0, 0, 15, 18, 0, 20, 14, 22, 0, 0, 0, 14, 22, 0, 15, 22, 13, 0, 14, : 15, 18, 20, 14, 22, 14, 22, 15, 22, 13, 14, 
20: 0, 14, 22, 18, 0, 0, 0, 15, 0, 14, 0, 0, 17, 0, 0, 0, 18, 15, 13, 12, : 14, 22, 18, 15, 14, 17, 18, 15, 13, 12, 
38: 0, 14, 14, 20, 10, 17, 11, 19, 0, 0, 0, 18, 16, 17, 0, 14, 17, 15, 0, 0, : 14, 14, 20, 10, 17, 11, 19, 18, 16, 17, 14, 17, 15, 
5: 0, 0, 0, 17, 0, 16, 15, 0, 19, 14, 15, 0, 17, 16, 20, 0, 18, 19, 21, 19, : 17, 16, 15, 19, 14, 15, 17, 16, 20, 18, 19, 21, 19, 
29: 0, 20, 22, 0, 0, 21, 14, 22, 0, 14, 0, 0, 0, 0, 18, 0, 0, 0, 0, 18, : 20, 22, 21, 14, 22, 14, 18, 18, 
24: 0, 0, 0, 18, 22, 16, 21, 0, 12, 0, 0, 0, 24, 0, 14, 0, 0, 0, 0, 0, : 18, 22, 16, 21, 12, 24, 14, 


2: 14, 19, 16, 0, 0, 15, 18, 15, 19, 18, 0, 20, 0, 0, 20, 0, 0, 0, 0, 0, : 14, 19, 16, 15, 18, 15, 19, 18, 20, 20, 
28: 20, 0, 0, 20, 0, 0, 0, 0, 0, 0, 20, 15, 0, 0, 0, 0, 0, 12, 0, 0, : 20, 20, 20, 15, 12, 
6: 0, 0, 18, 0, 15, 17, 0, 0, 0, 17, 0, 0, 13, 19, 0, 0, 0, 0, 15, 0, : 18, 15, 17, 17, 13, 19, 15, 
21: 0, 0, 21, 0, 0, 0, 13, 20, 17, 0, 12, 21, 19, 0, 0, 0, 16, 18, 0, 0, : 21, 13, 20, 17, 12, 21, 19, 16, 18, 
35: 0, 19, 15, 0, 20, 0, 21, 0, 0, 0, 18, 11, 19, 0, 10, 0, 11, 18, 12, 0, : 19, 15, 20, 21, 18, 11, 19, 10, 11, 18, 12, 
25: 18, 0, 0, 12, 0, 0, 0, 0, 16, 0, 0, 0, 0, 0, 17, 0, 18, 16, 18, 0, : 18, 12, 16, 17, 18, 16, 18, 
34: 20, 22, 0, 16, 16, 16, 0, 17, 15, 0, 0, 11, 10, 0, 15, 11, 0, 0, 0, 0, : 20, 22, 16, 16, 16, 17, 15, 11, 10, 15, 11, 
37: 0, 21, 0, 0, 20, 14, 17, 18, 0, 16, 0, 23, 20, 12, 0, 0, 0, 0, 0, 0, : 21, 20, 14, 17, 18, 16, 23, 20, 12, 
7: 20, 0, 0, 18, 17, 0, 18, 0, 0, 14, 15, 0, 0, 19, 16, 13, 20, 14, 22, 0, : 20, 18, 17, 18, 14, 15, 19, 16, 13, 20, 14, 22, 
4: 0, 0, 0, 16, 0, 0, 0, 0, 18, 16, 0, 0, 0, 0, 0, 20, 14, 16, 0, 0, : 16, 18, 16, 20, 14, 16, 
3: 11, 16, 0, 0, 0, 13, 13, 19, 0, 20, 0, 18, 15, 11, 0, 13, 12, 19, 21, 16, : 11, 16, 13, 13, 19, 20, 18, 15, 11, 13, 12, 19, 21, 16, 
36: 15, 0, 0, 0, 16, 0, 0, 15, 0, 19, 17, 0, 0, 0, 0, 21, 0, 0, 16, 11, : 15, 16, 15, 19, 17, 21, 16, 11, 
16: 0, 0, 17, 19, 0, 16, 0, 15, 0, 0, 18, 0, 0, 0, 0, 20, 19, 0, 0, 16, : 17, 19, 16, 15, 18, 20, 19, 16, 
18: 0, 11, 14, 16, 17, 0, 18, 0, 0, 0, 0, 0, 0, 0, 18, 21, 24, 0, 14, 0, : 11, 14, 16, 17, 18, 18, 21, 24, 14, 
32: 13, 12, 16, 0, 0, 0, 16, 0, 18, 16, 25, 0, 15, 21, 0, 0, 0, 0, 0, 12, : 13, 12, 16, 16, 18, 16, 25, 15, 21, 12, 
13: 0, 0, 0, 0, 17, 0, 16, 15, 17, 0, 0, 0, 0, 15, 18, 14, 16, 0, 0, 18, : 17, 16, 15, 17, 15, 18, 14, 16, 18, 
15: 0, 0, 16, 0, 0, 23, 0, 0, 0, 14, 0, 16, 0, 18, 0, 0, 0, 20, 17, 18, : 16, 23, 14, 16, 18, 20, 17, 18, 
14: 19, 19, 0, 0, 0, 0, 0, 0, 0, 0, 0, 15, 0, 24, 14, 17, 0, 0, 0, 23, : 19, 19, 15, 24, 14, 17, 23, 
12: 0, 0, 0, 15, 0, 18, 0, 16, 16, 0, 15, 0, 22, 11, 0, 0, 0, 0, 0, 14, : 15, 18, 16, 16, 15, 22, 11, 14, 
22: 0, 11, 17, 18, 12, 18, 0, 0, 14, 0, 10, 0, 17, 0, 22, 0, 0, 17, 15, 22, : 11, 17, 18, 12, 18, 14, 10, 17, 22, 17, 15, 22, 


