
20
100
150
5

54: 11, 0, 0, 20, 21, 14, 0, 0, 21, 18, 14, 13, 0, 0, 0, 0, 0, 0, 0, 21, : 11, 20, 21, 14, 21, 18, 14, 13, 21, 
13: 0, 0, 0, 14, 16, 10, 17, 0, 14, 0, 0, 0, 15, 0, 17, 0, 21, 18, 16, 15, : 14, 16, 10, 17, 14, 15, 17, 21, 18, 16, 15, 
17: 0, 0, 17, 0, 11, 0, 21, 0, 0, 0, 0, 0, 0, 0, 14, 0, 0, 0, 0, 14, : 17, 11, 21, 14, 14, 
63: 0, 0, 0, 0, 14, 0, 13, 11, 0, 14, 14, 0, 0, 0, 0, 18, 18, 20, 14, 0, : 14, 13, 11, 14, 14, 18, 18, 20, 14, 
77: 0, 18, 0, 0, 0, 0, 0, 16, 16, 15, 0, 0, 0, 0, 20, 13, 13, 0, 21, 13, : 18, 16, 16, 15, 20, 13, 13, 21, 13, 
71: 0, 0, 0, 0, 19, 0, 17, 0, 0, 0, 21, 0, 15, 13, 15, 15, 0, 0, 0, 0, : 19, 17, 21, 15, 13, 15, 15, 
65: 16, 12, 18, 16, 0, 0, 0, 0, 17, 0, 19, 16, 0, 19, 0, 0, 17, 0, 0, 14, : 16, 12, 18, 16, 17, 19, 16, 19, 17, 14, 
85: 0, 11, 17, 20, 21, 15, 0, 0, 21, 0, 0, 0, 22, 15, 0, 0, 0, 11, 0, 20, : 11, 17, 20, 21, 15, 21, 22, 15, 11, 20, 
16: 17, 0, 0, 0, 0, 19, 0, 0, 10, 17, 14, 0, 19, 21, 0, 0, 0, 18, 18, 14, : 17, 19, 10, 17, 14, 19, 21, 18, 18, 14, 
8: 0, 19, 14, 0, 13, 0, 17, 16, 0, 14, 0, 17, 19, 0, 0, 0, 11, 11, 18, 0, : 19, 14, 13, 17, 16, 14, 17, 19, 11, 11, 18, 
37: 20, 0, 21, 17, 0, 0, 12, 0, 0, 17, 15, 23, 0, 17, 0, 0, 17, 20, 0, 0, : 20, 21, 17, 12, 17, 15, 23, 17, 17, 20, 
52: 15, 0, 0, 0, 0, 16, 16, 20, 0, 21, 15, 0, 0, 14, 18, 0, 0, 18, 0, 0, : 15, 16, 16, 20, 21, 15, 14, 18, 18, 
55: 0, 0, 14, 0, 0, 19, 0, 0, 0, 0, 0, 15, 0, 0, 0, 17, 0, 0, 16, 0, : 14, 19, 15, 17, 16, 
14: 0, 0, 0, 0, 0, 23, 22, 16, 15, 0, 0, 13, 16, 18, 19, 19, 0, 0, 17, 18, : 23, 22, 16, 15, 13, 16, 18, 19, 19, 17, 18, 
22: 19, 16, 17, 0, 0, 0, 0, 0, 0, 19, 19, 20, 0, 0, 0, 0, 22, 19, 0, 21, : 19, 16, 17, 19, 19, 20, 22, 19, 21, 
20: 18, 19, 19, 15, 0, 21, 0, 14, 16, 15, 19, 0, 0, 0, 0, 0, 14, 0, 20, 0, : 18, 19, 19, 15, 21, 14, 16, 15, 19, 14, 20, 
23: 20, 17, 13, 0, 16, 13, 15, 18, 0, 0, 0, 0, 0, 17, 12, 14, 17, 0, 10, 0, : 20, 17, 13, 16, 13, 15, 18, 17, 12, 14, 17, 10, 
43: 0, 18, 0, 14, 0, 0, 0, 0, 0, 0, 0, 18, 15, 0, 17, 15, 0, 0, 0, 0, : 18, 14, 18, 15, 17, 15, 
92: 0, 0, 0, 16, 19, 0, 0, 16, 20, 0, 0, 0, 14, 0, 18, 21, 0, 15, 0, 0, : 16, 19, 16, 20, 14, 18, 21, 15, 
58: 14, 20, 0, 18, 0, 0, 0, 23, 0, 0, 0, 15, 15, 16, 0, 18, 0, 0, 0, 0, : 14, 20, 18, 23, 15, 15, 16, 18, 


30: 0, 0, 0, 15, 0, 19, 15, 0, 0, 20, 18, 0, 0, 0, 0, 0, 0, 17, 0, 0, : 15, 19, 15, 20, 18, 17, 
53: 10, 0, 0, 0, 0, 17, 0, 15, 0, 0, 0, 16, 0, 14, 0, 0, 22, 16, 13, 15, : 10, 17, 15, 16, 14, 22, 16, 13, 15, 
40: 0, 18, 15, 21, 17, 0, 0, 18, 0, 21, 0, 0, 0, 16, 0, 0, 14, 17, 19, 16, : 18, 15, 21, 17, 18, 21, 16, 14, 17, 19, 16, 
66: 19, 11, 16, 0, 13, 19, 0, 14, 13, 10, 0, 21, 0, 0, 11, 0, 0, 15, 15, 0, : 19, 11, 16, 13, 19, 14, 13, 10, 21, 11, 15, 15, 
15: 23, 0, 15, 0, 18, 0, 20, 15, 0, 13, 0, 13, 18, 0, 0, 15, 0, 15, 0, 11, : 23, 15, 18, 20, 15, 13, 13, 18, 15, 15, 11, 
5: 19, 22, 0, 20, 0, 0, 17, 0, 11, 0, 0, 17, 0, 0, 0, 0, 0, 0, 18, 0, : 19, 22, 20, 17, 11, 17, 18, 
51: 0, 19, 0, 17, 16, 0, 0, 0, 23, 18, 15, 15, 15, 0, 0, 18, 0, 0, 0, 18, : 19, 17, 16, 23, 18, 15, 15, 15, 18, 18, 
60: 0, 0, 0, 0, 0, 17, 0, 0, 0, 0, 16, 0, 0, 0, 12, 0, 18, 16, 0, 20, : 17, 16, 12, 18, 16, 20, 
86: 18, 0, 0, 21, 0, 0, 21, 0, 17, 0, 22, 0, 14, 20, 21, 10, 11, 0, 0, 0, : 18, 21, 21, 17, 22, 14, 20, 21, 10, 11, 
35: 14, 0, 15, 0, 13, 0, 15, 16, 19, 15, 0, 0, 0, 0, 0, 0, 0, 0, 0, 20, : 14, 15, 13, 15, 16, 19, 15, 20, 
69: 14, 20, 0, 0, 0, 0, 0, 0, 17, 0, 0, 19, 23, 0, 19, 0, 0, 0, 24, 17, : 14, 20, 17, 19, 23, 19, 24, 17, 
56: 0, 14, 0, 12, 11, 0, 15, 0, 16, 0, 16, 0, 0, 0, 21, 0, 13, 0, 0, 18, : 14, 12, 11, 15, 16, 16, 21, 13, 18, 
61: 0, 12, 13, 15, 20, 16, 15, 18, 0, 0, 0, 0, 13, 22, 16, 0, 0, 17, 17, 0, : 12, 13, 15, 20, 16, 15, 18, 13, 22, 16, 17, 17, 
4: 15, 0, 0, 0, 21, 0, 0, 0, 0, 21, 0, 14, 15, 11, 12, 14, 20, 21, 0, 15, : 15, 21, 21, 14, 15, 11, 12, 14, 20, 21, 15, 
18: 0, 20, 21, 0, 0, 0, 0, 22, 17, 15, 0, 0, 0, 17, 0, 22, 0, 0, 0, 0, : 20, 21, 22, 17, 15, 17, 22, 
96: 0, 14, 14, 0, 0, 15, 0, 17, 0, 0, 16, 15, 16, 0, 21, 21, 0, 0, 14, 0, : 14, 14, 15, 17, 16, 15, 16, 21, 21, 14, 
80: 0, 0, 0, 15, 0, 17, 15, 0, 0, 0, 0, 20, 19, 19, 0, 18, 18, 0, 11, 0, : 15, 17, 15, 20, 19, 19, 18, 18, 11, 
74: 0, 0, 22, 14, 21, 0, 0, 0, 17, 17, 18, 0, 0, 0, 17, 15, 17, 0, 0, 0, : 22, 14, 21, 17, 17, 18, 17, 15, 17, 
88: 18, 0, 19, 0, 0, 15, 17, 0, 0, 0, 15, 0, 17, 19, 0, 0, 17, 0, 19, 0, : 18, 19, 15, 17, 15, 17, 19, 17, 19, 
97: 0, 0, 0, 0, 0, 15, 0, 15, 0, 0, 14, 0, 0, 12, 0, 17, 0, 16, 0, 0, : 15, 15, 14, 12, 17, 16, 


90: 21, 10, 0, 0, 0, 20, 0, 13, 0, 17, 13, 0, 0, 18, 11, 0, 0, 20, 0, 0, : 21, 10, 20, 13, 17, 13, 18, 11, 20, 
21: 0, 0, 16, 18, 0, 0, 0, 0, 0, 0, 15, 24, 18, 14, 18, 21, 0, 12, 0, 23, : 16, 18, 15, 24, 18, 14, 18, 21, 12, 23, 
26: 11, 0, 0, 16, 0, 11, 0, 22, 0, 12, 20, 0, 0, 0, 0, 17, 11, 15, 14, 0, : 11, 16, 11, 22, 12, 20, 17, 11, 15, 14, 
39: 11, 0, 0, 14, 0, 22, 19, 0, 21, 15, 0, 12, 0, 0, 0, 12, 0, 16, 0, 0, : 11, 14, 22, 19, 21, 15, 12, 12, 16, 
29: 0, 0, 0, 15, 0, 14, 14, 19, 0, 0, 0, 0, 20, 0, 11, 0, 17, 23, 17, 0, : 15, 14, 14, 19, 20, 11, 17, 23, 17, 
95: 0, 0, 19, 0, 0, 0, 0, 16, 0, 0, 0, 0, 0, 0, 0, 17, 18, 11, 14, 0, : 19, 16, 17, 18, 11, 14, 
50: 0, 18, 21, 0, 18, 0, 0, 0, 18, 17, 0, 19, 0, 0, 15, 0, 0, 0, 15, 15, : 18, 21, 18, 18, 17, 19, 15, 15, 15, 
38: 0, 0, 0, 0, 0, 16, 17, 0, 0, 0, 19, 0, 17, 11, 17, 0, 0, 18, 0, 14, : 16, 17, 19, 17, 11, 17, 18, 14, 
9: 17, 0, 0, 21, 14, 0, 0, 0, 11, 22, 0, 19, 0, 19, 0, 16, 0, 0, 14, 11, : 17, 21, 14, 11, 22, 19, 19, 16, 14, 11, 
72: 18, 20, 12, 0, 0, 0, 0, 0, 16, 0, 19, 0, 12, 22, 0, 0, 0, 0, 0, 0, : 18, 20, 12, 16, 19, 12, 22, 
45: 0, 14, 0, 18, 15, 0, 0, 12, 20, 0, 14, 18, 13, 19, 0, 18, 17, 15, 18, 16, : 14, 18, 15, 12, 20, 14, 18, 13, 19, 18, 17, 15, 18, 16, 
6: 20, 0, 0, 15, 14, 18, 21, 0, 0, 0, 0, 0, 18, 0, 19, 0, 0, 0, 24, 0, : 20, 15, 14, 18, 21, 18, 19, 24, 
79: 0, 0, 17, 0, 0, 17, 0, 0, 15, 0, 0, 0, 0, 0, 0, 0, 0, 20, 0, 0, : 17, 17, 15, 20, 
47: 19, 21, 20, 0, 16, 0, 17, 13, 0, 0, 0, 17, 0, 14, 17, 20, 22, 0, 0, 22, : 19, 21, 20, 16, 17, 13, 17, 14, 17, 20, 22, 22, 
12: 0, 0, 0, 0, 18, 0, 16, 0, 13, 11, 0, 0, 0, 0, 21, 18, 21, 0, 11, 19, : 18, 16, 13, 11, 21, 18, 21, 11, 19, 
70: 15, 18, 16, 13, 0, 16, 0, 15, 0, 0, 0, 13, 18, 0, 21, 0, 17, 0, 0, 0, : 15, 18, 16, 13, 16, 15, 13, 18, 21, 17, 
42: 0, 0, 12, 0, 16, 0, 14, 0, 0, 18, 16, 0, 0, 16, 0, 0, 0, 0, 0, 0, : 12, 16, 14, 18, 16, 16, 
41: 0, 20, 17, 0, 14, 0, 15, 18, 19, 0, 22, 15, 0, 17, 0, 11, 0, 0, 23, 19, : 20, 17, 14, 15, 18, 19, 22, 15, 17, 11, 23, 19, 
31: 0, 12, 0, 20, 25, 16, 17, 22, 0, 19, 0, 13, 15, 0, 0, 0, 16, 0, 0, 0, : 12, 20, 25, 16, 17, 22, 19, 13, 15, 16, 
82: 18, 17, 0, 0, 0, 0, 0, 0, 17, 19, 12, 0, 19, 0, 0, 0, 11, 0, 0, 11, : 18, 17, 17, 19, 12, 19, 11, 11, 


33: 17, 0, 0, 0, 0, 17, 0, 16, 12, 14, 0, 0, 0, 0, 0, 23, 22, 0, 12, 0, : 17, 17, 16, 12, 14, 23, 22, 12, 
10: 0, 21, 0, 0, 0, 18, 0, 21, 12, 0, 19, 0, 10, 0, 15, 20, 0, 0, 0, 0, : 21, 18, 21, 12, 19, 10, 15, 20, 
62: 0, 12, 0, 0, 0, 13, 0, 19, 24, 19, 0, 0, 0, 15, 19, 10, 0, 0, 0, 14, : 12, 13, 19, 24, 19, 15, 19, 10, 14, 
83: 15, 0, 18, 16, 13, 0, 16, 0, 0, 0, 0, 0, 15, 0, 0, 0, 0, 0, 0, 0, : 15, 18, 16, 13, 16, 15, 
49: 0, 16, 16, 20, 0, 0, 21, 0, 15, 0, 0, 18, 0, 0, 0, 16, 14, 21, 0, 14, : 16, 16, 20, 21, 15, 18, 16, 14, 21, 14, 
75: 21, 0, 20, 19, 0, 15, 12, 0, 0, 0, 20, 23, 0, 0, 0, 0, 0, 0, 15, 0, : 21, 20, 19, 15, 12, 20, 23, 15, 
19: 0, 0, 0, 0, 19, 0, 0, 0, 18, 21, 15, 14, 0, 20, 14, 0, 11, 16, 17, 0, : 19, 18, 21, 15, 14, 20, 14, 11, 16, 17, 
28: 0, 16, 14, 0, 0, 0, 15, 17, 0, 14, 0, 11, 14, 19, 0, 0, 0, 0, 18, 18, : 16, 14, 15, 17, 14, 11, 14, 19, 18, 18, 
100: 12, 15, 0, 10, 15, 20, 17, 11, 0, 0, 23, 19, 0, 0, 0, 0, 0, 0, 14, 25, : 12, 15, 10, 15, 20, 17, 11, 23, 19, 14, 25, 
87: 17, 0, 0, 0, 0, 0, 16, 0, 0, 13, 0, 17, 0, 12, 14, 0, 12, 18, 0, 0, : 17, 16, 13, 17, 12, 14, 12, 18, 
67: 0, 19, 17, 0, 0, 17, 0, 21, 0, 20, 0, 19, 0, 0, 0, 18, 0, 22, 0, 12, : 19, 17, 17, 21, 20, 19, 18, 22, 12, 
81: 0, 20, 12, 16, 22, 0, 13, 17, 0, 16, 0, 0, 19, 0, 23, 0, 15, 0, 16, 0, : 20, 12, 16, 22, 13, 17, 16, 19, 23, 15, 16, 
1: 0, 19, 18, 20, 18, 0, 0, 0, 18, 0, 15, 13, 18, 0, 15, 0, 0, 15, 0, 17, : 19, 18, 20, 18, 18, 15, 13, 18, 15, 15, 17, 
11: 22, 0, 0, 21, 23, 0, 20, 0, 18, 0, 11, 0, 16, 18, 0, 14, 24, 12, 0, 18, : 22, 21, 23, 20, 18, 11, 16, 18, 14, 24, 12, 18, 
24: 0, 0, 13, 0, 12, 16, 0, 16, 0, 15, 15, 0, 0, 21, 0, 0, 0, 20, 0, 14, : 13, 12, 16, 16, 15, 15, 21, 20, 14, 
78: 17, 12, 0, 0, 12, 0, 20, 0, 0, 0, 16, 0, 13, 20, 18, 17, 0, 14, 0, 0, : 17, 12, 12, 20, 16, 13, 20, 18, 17, 14, 
2: 10, 0, 0, 0, 0, 18, 0, 0, 0, 0, 0, 0, 25, 0, 0, 11, 14, 12, 0, 0, : 10, 18, 25, 11, 14, 12, 
91: 0, 0, 0, 0, 0, 0, 0, 0, 14, 0, 0, 0, 0, 11, 20, 0, 19, 0, 23, 0, : 14, 11, 20, 19, 23, 
98: 0, 0, 22, 13, 0, 16, 0, 12, 19, 0, 0, 16, 20, 0, 0, 0, 19, 0, 20, 0, : 22, 13, 16, 12, 19, 16, 20, 19, 20, 
3: 19, 0, 0, 15, 16, 0, 0, 0, 0, 18, 16, 0, 0, 14, 12, 21, 0, 0, 15, 18, : 19, 15, 16, 18, 16, 14, 12, 21, 15, 18, 


99: 0, 0, 0, 17, 0, 11, 0, 0, 16, 0, 0, 0, 0, 18, 13, 0, 10, 12, 0, 0, : 17, 11, 16, 18, 13, 10, 12, 
7: 14, 0, 20, 13, 0, 0, 18, 14, 19, 16, 19, 15, 21, 0, 0, 16, 22, 0, 15, 0, : 14, 20, 13, 18, 14, 19, 16, 19, 15, 21, 16, 22, 15, 
93: 20, 19, 0, 0, 20, 0, 0, 0, 0, 14, 16, 16, 0, 15, 0, 0, 14, 20, 0, 0, : 20, 19, 20, 14, 16, 16, 15, 14, 20, 
44: 0, 0, 11, 20, 0, 24, 0, 20, 0, 0, 0, 0, 22, 16, 17, 0, 0, 12, 0, 0, : 11, 20, 24, 20, 22, 16, 17, 12, 
27: 0, 16, 17, 16, 17, 0, 20, 0, 18, 0, 18, 0, 0, 0, 0, 17, 11, 0, 0, 12, : 16, 17, 16, 17, 20, 18, 18, 17, 11, 12, 
25: 0, 16, 0, 0, 12, 0, 0, 19, 0, 20, 17, 22, 21, 0, 0, 14, 0, 0, 13, 17, : 16, 12, 19, 20, 17, 22, 21, 14, 13, 17, 
48: 14, 15, 0, 17, 20, 0, 0, 0, 13, 18, 0, 14, 14, 13, 0, 16, 0, 0, 0, 0, : 14, 15, 17, 20, 13, 18, 14, 14, 13, 16, 
89: 13, 0, 18, 0, 16, 0, 17, 12, 0, 17, 11, 0, 0, 15, 18, 14, 0, 0, 14, 0, : 13, 18, 16, 17, 12, 17, 11, 15, 18, 14, 14, 
34: 0, 14, 0, 11, 0, 14, 16, 0, 17, 0, 20, 0, 0, 14, 14, 14, 18, 0, 0, 0, : 14, 11, 14, 16, 17, 20, 14, 14, 14, 18, 
36: 17, 0, 17, 0, 0, 0, 0, 21, 0, 0, 0, 0, 13, 0, 0, 0, 0, 19, 22, 14, : 17, 17, 21, 13, 19, 22, 14, 
73: 20, 0, 0, 0, 18, 18, 0, 0, 0, 15, 0, 0, 0, 0, 17, 0, 24, 0, 21, 14, : 20, 18, 18, 15, 17, 24, 21, 14, 
59: 16, 0, 15, 23, 0, 10, 0, 0, 0, 0, 14, 0, 0, 20, 0, 0, 0, 16, 0, 0, : 16, 15, 23, 10, 14, 20, 16, 
64: 16, 0, 21, 16, 16, 0, 0, 0, 18, 20, 0, 21, 0, 0, 0, 0, 0, 0, 15, 22, : 16, 21, 16, 16, 18, 20, 21, 15, 22, 
68: 0, 12, 14, 0, 0, 12, 0, 0, 0, 19, 0, 17, 13, 0, 22, 0, 0, 0, 0, 0, : 12, 14, 12, 19, 17, 13, 22, 
32: 20, 0, 17, 0, 0, 24, 0, 14, 17, 0, 19, 0, 16, 0, 17, 19, 0, 0, 0, 0, : 20, 17, 24, 14, 17, 19, 16, 17, 19, 
76: 0, 18, 0, 0, 0, 18, 17, 15, 0, 0, 16, 13, 12, 0, 17, 0, 0, 20, 0, 23, : 18, 18, 17, 15, 16, 13, 12, 17, 20, 23, 
46: 0, 0, 0, 17, 13, 0, 17, 0, 16, 0, 0, 0, 0, 21, 15, 23, 0, 21, 15, 15, : 17, 13, 17, 16, 21, 15, 23, 21, 15, 15, 
84: 0, 20, 0, 0, 0, 19, 16, 19, 0, 0, 0, 0, 18, 0, 0, 0, 18, 0, 17, 17, : 20, 19, 16, 19, 18, 18, 17, 17, 
94: 0, 0, 0, 0, 0, 0, 16, 16, 16, 11, 0, 17, 0, 0, 0, 0, 14, 14, 0, 0, : 16, 16, 16, 11, 17, 14, 14, 
57: 0, 20, 0, 0, 18, 0, 13, 0, 0, 0, 0, 15, 0, 18, 0, 17, 19, 16, 18, 16, : 20, 18, 13, 15, 18, 17, 19, 16, 18, 16, 


