
100
20
150
1

17: 20, 0, 0, 20, 18, 0, 11, 15, 0, 16, 0, 11, 0, 0, 12, 12, 0, 18, 15, 22, 17, 0, 14, 13, 0, 0, 18, 0, 0, 16, 16, 0, 0, 0, 0, 0, 12, 0, 0, 0, 0, 0, 18, 0, 0, 0, 0, 0, 0, 0, 0, 0, 15, 0, 0, 14, 0, 0, 21, 0, 0, 0, 0, 19, 14, 16, 12, 17, 0, 0, 0, 18, 18, 17, 0, 16, 12, 15, 0, 0, 0, 17, 17, 11, 0, 0, 12, 12, 17, 0, 0, 0, 15, 0, 0, 14, 0, 0, 13, 15, : 20, 20, 18, 11, 15, 16, 11, 12, 12, 18, 15, 22, 17, 14, 13, 18, 16, 16, 12, 18, 15, 14, 21, 19, 14, 16, 12, 17, 18, 18, 17, 16, 12, 15, 17, 17, 11, 12, 12, 17, 15, 14, 13, 15, 
12: 17, 0, 17, 0, 18, 0, 0, 0, 17, 0, 0, 0, 0, 0, 0, 12, 24, 0, 0, 13, 0, 18, 20, 17, 16, 15, 0, 0, 0, 0, 0, 0, 0, 18, 19, 12, 17, 0, 0, 0, 0, 0, 0, 18, 17, 0, 0, 22, 0, 0, 0, 20, 0, 21, 0, 18, 0, 0, 0, 21, 15, 0, 20, 0, 18, 0, 0, 0, 0, 0, 18, 14, 0, 0, 14, 0, 15, 19, 0, 0, 20, 13, 0, 0, 19, 0, 21, 0, 0, 15, 0, 0, 0, 19, 0, 0, 18, 0, 0, 0, : 17, 17, 18, 17, 12, 24, 13, 18, 20, 17, 16, 15, 18, 19, 12, 17, 18, 17, 22, 20, 21, 18, 21, 15, 20, 18, 18, 14, 14, 15, 19, 20, 13, 19, 21, 15, 19, 18, 
11: 0, 0, 0, 19, 12, 0, 0, 11, 0, 0, 0, 0, 21, 21, 15, 20, 0, 0, 0, 20, 0, 16, 0, 0, 0, 16, 16, 16, 0, 16, 0, 19, 14, 0, 0, 0, 0, 18, 0, 14, 0, 16, 0, 0, 0, 0, 0, 16, 0, 0, 0, 18, 0, 0, 17, 0, 0, 0, 15, 15, 0, 20, 0, 0, 18, 14, 15, 0, 0, 0, 16, 18, 17, 0, 15, 19, 0, 0, 15, 17, 11, 12, 12, 21, 0, 0, 0, 12, 0, 0, 20, 21, 15, 17, 0, 18, 19, 0, 0, 0, : 19, 12, 11, 21, 21, 15, 20, 20, 16, 16, 16, 16, 16, 19, 14, 18, 14, 16, 16, 18, 17, 15, 15, 20, 18, 14, 15, 16, 18, 17, 15, 19, 15, 17, 11, 12, 12, 21, 12, 20, 21, 15, 17, 18, 19, 
3: 17, 18, 20, 0, 0, 0, 15, 0, 0, 0, 0, 0, 17, 22, 15, 0, 0, 0, 20, 0, 12, 0, 0, 18, 0, 0, 0, 0, 0, 0, 0, 0, 20, 15, 12, 18, 19, 0, 0, 21, 0, 16, 0, 23, 23, 0, 14, 0, 0, 18, 20, 0, 15, 13, 16, 0, 21, 0, 0, 0, 13, 15, 0, 12, 12, 0, 15, 15, 17, 0, 0, 20, 0, 17, 16, 0, 23, 0, 0, 0, 20, 0, 0, 14, 15, 0, 20, 0, 21, 21, 14, 0, 0, 0, 11, 0, 0, 12, 19, 15, : 17, 18, 20, 15, 17, 22, 15, 20, 12, 18, 20, 15, 12, 18, 19, 21, 16, 23, 23, 14, 18, 20, 15, 13, 16, 21, 13, 15, 12, 12, 15, 15, 17, 20, 17, 16, 23, 20, 14, 15, 20, 21, 21, 14, 11, 12, 19, 15, 
13: 0, 18, 0, 0, 0, 0, 0, 11, 11, 0, 0, 21, 0, 12, 15, 0, 0, 21, 23, 15, 0, 0, 0, 16, 14, 16, 16, 0, 0, 0, 17, 19, 15, 20, 20, 0, 16, 18, 0, 12, 17, 18, 20, 13, 17, 15, 16, 17, 15, 0, 15, 0, 15, 20, 13, 13, 14, 16, 0, 20, 0, 21, 0, 19, 19, 0, 0, 19, 20, 0, 0, 15, 0, 0, 0, 0, 0, 0, 0, 0, 0, 23, 21, 0, 0, 0, 0, 0, 12, 14, 0, 17, 17, 0, 0, 22, 0, 0, 0, 0, : 18, 11, 11, 21, 12, 15, 21, 23, 15, 16, 14, 16, 16, 17, 19, 15, 20, 20, 16, 18, 12, 17, 18, 20, 13, 17, 15, 16, 17, 15, 15, 15, 20, 13, 13, 14, 16, 20, 21, 19, 19, 19, 20, 15, 23, 21, 12, 14, 17, 17, 22, 
6: 0, 0, 0, 10, 10, 0, 0, 0, 12, 0, 21, 0, 0, 0, 0, 0, 0, 15, 0, 0, 0, 0, 0, 0, 20, 0, 0, 0, 0, 17, 0, 15, 12, 15, 0, 20, 18, 0, 0, 17, 0, 0, 0, 16, 16, 21, 0, 21, 18, 16, 0, 20, 0, 0, 0, 20, 13, 19, 12, 0, 20, 0, 16, 17, 0, 22, 19, 0, 0, 12, 17, 0, 0, 16, 19, 0, 0, 20, 20, 24, 12, 0, 0, 22, 0, 20, 0, 16, 20, 11, 17, 15, 18, 16, 0, 0, 0, 18, 0, 0, : 10, 10, 12, 21, 15, 20, 17, 15, 12, 15, 20, 18, 17, 16, 16, 21, 21, 18, 16, 20, 20, 13, 19, 12, 20, 16, 17, 22, 19, 12, 17, 16, 19, 20, 20, 24, 12, 22, 20, 16, 20, 11, 17, 15, 18, 16, 18, 
10: 16, 0, 0, 17, 0, 18, 22, 18, 0, 11, 16, 0, 21, 12, 0, 0, 0, 13, 0, 16, 0, 0, 18, 21, 18, 0, 0, 0, 16, 17, 17, 12, 0, 20, 0, 0, 0, 0, 0, 0, 0, 0, 0, 13, 0, 0, 0, 0, 15, 0, 0, 15, 0, 0, 0, 17, 0, 0, 19, 0, 0, 20, 19, 0, 20, 0, 16, 21, 17, 16, 0, 21, 0, 18, 21, 0, 0, 17, 0, 0, 17, 0, 0, 21, 15, 0, 0, 0, 0, 0, 16, 22, 0, 11, 0, 0, 0, 22, 0, 0, : 16, 17, 18, 22, 18, 11, 16, 21, 12, 13, 16, 18, 21, 18, 16, 17, 17, 12, 20, 13, 15, 15, 17, 19, 20, 19, 20, 16, 21, 17, 16, 21, 18, 21, 17, 17, 21, 15, 16, 22, 11, 22, 
2: 0, 0, 17, 0, 16, 19, 18, 19, 18, 20, 21, 0, 0, 17, 0, 0, 13, 12, 15, 0, 15, 0, 0, 0, 0, 0, 0, 16, 16, 0, 0, 0, 0, 15, 15, 15, 15, 14, 19, 21, 0, 0, 16, 0, 0, 14, 0, 15, 0, 13, 19, 0, 0, 16, 13, 0, 16, 0, 0, 0, 0, 0, 0, 0, 0, 15, 0, 0, 0, 13, 19, 0, 15, 16, 0, 0, 18, 24, 24, 15, 0, 0, 21, 0, 21, 0, 0, 21, 0, 0, 18, 0, 17, 0, 19, 0, 0, 0, 19, 14, : 17, 16, 19, 18, 19, 18, 20, 21, 17, 13, 12, 15, 15, 16, 16, 15, 15, 15, 15, 14, 19, 21, 16, 14, 15, 13, 19, 16, 13, 16, 15, 13, 19, 15, 16, 18, 24, 24, 15, 21, 21, 21, 18, 17, 19, 19, 14, 
4: 18, 16, 18, 0, 0, 18, 0, 0, 19, 0, 11, 17, 0, 0, 0, 13, 20, 0, 12, 0, 0, 0, 0, 20, 0, 0, 17, 13, 0, 0, 0, 0, 0, 0, 19, 17, 0, 20, 16, 17, 18, 0, 16, 14, 0, 0, 0, 0, 0, 20, 0, 0, 14, 0, 0, 12, 0, 21, 0, 0, 0, 12, 0, 18, 0, 18, 0, 20, 17, 0, 0, 17, 0, 20, 0, 22, 15, 0, 0, 0, 0, 15, 0, 0, 0, 22, 0, 0, 0, 0, 0, 16, 10, 0, 0, 0, 18, 13, 22, 22, : 18, 16, 18, 18, 19, 11, 17, 13, 20, 12, 20, 17, 13, 19, 17, 20, 16, 17, 18, 16, 14, 20, 14, 12, 21, 12, 18, 18, 20, 17, 17, 20, 22, 15, 15, 22, 16, 10, 18, 13, 22, 22, 
9: 11, 0, 0, 18, 19, 22, 0, 18, 0, 21, 0, 22, 0, 0, 0, 0, 16, 0, 21, 0, 0, 20, 21, 0, 0, 14, 0, 0, 17, 0, 17, 15, 15, 0, 0, 15, 0, 0, 15, 16, 21, 13, 0, 0, 0, 23, 0, 16, 13, 15, 0, 0, 20, 0, 0, 0, 0, 20, 11, 13, 21, 0, 0, 14, 0, 0, 0, 12, 0, 17, 0, 0, 16, 0, 0, 0, 0, 0, 0, 0, 13, 12, 0, 0, 0, 0, 0, 0, 14, 17, 0, 18, 0, 0, 0, 19, 15, 0, 0, 0, : 11, 18, 19, 22, 18, 21, 22, 16, 21, 20, 21, 14, 17, 17, 15, 15, 15, 15, 16, 21, 13, 23, 16, 13, 15, 20, 20, 11, 13, 21, 14, 12, 17, 16, 13, 12, 14, 17, 18, 19, 15, 
19: 0, 0, 10, 0, 0, 0, 0, 0, 16, 0, 13, 0, 0, 14, 0, 23, 0, 12, 0, 0, 22, 0, 0, 0, 0, 0, 0, 17, 17, 0, 13, 0, 0, 0, 0, 0, 0, 15, 17, 0, 12, 21, 0, 0, 21, 0, 14, 0, 0, 0, 0, 19, 20, 0, 20, 0, 0, 0, 21, 0, 19, 11, 11, 18, 0, 0, 18, 0, 13, 17, 16, 0, 20, 11, 18, 14, 0, 0, 15, 0, 24, 20, 12, 17, 16, 12, 0, 0, 17, 0, 0, 0, 0, 0, 0, 17, 17, 0, 0, 0, : 10, 16, 13, 14, 23, 12, 22, 17, 17, 13, 15, 17, 12, 21, 21, 14, 19, 20, 20, 21, 19, 11, 11, 18, 18, 13, 17, 16, 20, 11, 18, 14, 15, 24, 20, 12, 17, 16, 12, 17, 17, 17, 
5: 0, 17, 18, 18, 0, 0, 17, 0, 0, 19, 17, 0, 16, 16, 18, 15, 0, 14, 0, 17, 15, 15, 15, 15, 21, 0, 0, 20, 16, 20, 19, 18, 0, 0, 16, 16, 15, 0, 0, 0, 13, 0, 0, 0, 0, 16, 16, 0, 0, 0, 12, 15, 20, 0, 20, 0, 19, 17, 0, 0, 0, 19, 14, 0, 0, 0, 0, 0, 0, 0, 0, 16, 16, 15, 0, 0, 0, 0, 0, 19, 0, 0, 0, 0, 0, 15, 0, 0, 0, 0, 0, 0, 0, 23, 18, 0, 0, 15, 16, 19, : 17, 18, 18, 17, 19, 17, 16, 16, 18, 15, 14, 17, 15, 15, 15, 15, 21, 20, 16, 20, 19, 18, 16, 16, 15, 13, 16, 16, 12, 15, 20, 20, 19, 17, 19, 14, 16, 16, 15, 19, 15, 23, 18, 15, 16, 19, 
16: 18, 0, 0, 18, 0, 12, 0, 0, 21, 0, 0, 18, 12, 0, 23, 20, 0, 24, 18, 0, 16, 22, 0, 0, 15, 14, 18, 0, 0, 0, 20, 0, 0, 12, 16, 0, 0, 0, 17, 0, 0, 0, 0, 0, 0, 0, 12, 0, 0, 0, 20, 13, 0, 13, 0, 19, 0, 0, 0, 0, 0, 0, 15, 0, 0, 19, 19, 0, 0, 0, 0, 0, 0, 0, 0, 0, 19, 15, 0, 12, 0, 0, 0, 16, 0, 0, 14, 0, 0, 16, 0, 0, 0, 0, 0, 0, 15, 0, 0, 16, : 18, 18, 12, 21, 18, 12, 23, 20, 24, 18, 16, 22, 15, 14, 18, 20, 12, 16, 17, 12, 20, 13, 13, 19, 15, 19, 19, 19, 15, 12, 16, 14, 16, 15, 16, 
7: 0, 18, 19, 0, 0, 0, 0, 0, 0, 12, 0, 0, 22, 20, 0, 0, 0, 0, 0, 21, 19, 13, 0, 0, 0, 0, 14, 0, 15, 0, 15, 0, 20, 0, 18, 0, 0, 0, 13, 19, 0, 0, 18, 0, 14, 0, 22, 0, 0, 15, 20, 15, 13, 17, 0, 0, 0, 12, 18, 0, 0, 0, 18, 0, 16, 0, 0, 0, 0, 19, 21, 0, 0, 20, 0, 0, 19, 0, 17, 18, 0, 18, 13, 0, 0, 14, 0, 0, 0, 19, 16, 0, 0, 18, 0, 0, 23, 0, 18, 0, : 18, 19, 12, 22, 20, 21, 19, 13, 14, 15, 15, 20, 18, 13, 19, 18, 14, 22, 15, 20, 15, 13, 17, 12, 18, 18, 16, 19, 21, 20, 19, 17, 18, 18, 13, 14, 19, 16, 18, 23, 18, 
8: 0, 10, 0, 17, 21, 18, 0, 0, 0, 17, 12, 0, 16, 0, 12, 0, 21, 0, 0, 0, 13, 16, 0, 0, 16, 0, 20, 0, 19, 0, 0, 17, 19, 0, 0, 0, 0, 20, 0, 0, 15, 0, 14, 0, 13, 17, 0, 14, 21, 21, 0, 0, 0, 0, 0, 16, 20, 0, 0, 19, 21, 0, 0, 0, 0, 15, 0, 0, 15, 0, 0, 0, 0, 0, 0, 13, 0, 0, 0, 0, 0, 0, 16, 0, 18, 13, 16, 0, 16, 18, 21, 0, 0, 0, 15, 12, 0, 18, 0, 18, : 10, 17, 21, 18, 17, 12, 16, 12, 21, 13, 16, 16, 20, 19, 17, 19, 20, 15, 14, 13, 17, 14, 21, 21, 16, 20, 19, 21, 15, 15, 13, 16, 18, 13, 16, 16, 18, 21, 15, 12, 18, 18, 
18: 0, 0, 18, 0, 0, 18, 18, 0, 20, 0, 0, 0, 0, 0, 20, 15, 14, 0, 13, 0, 0, 16, 0, 16, 0, 0, 13, 0, 14, 19, 0, 0, 0, 0, 0, 0, 18, 0, 0, 0, 21, 0, 0, 17, 15, 15, 17, 0, 16, 18, 15, 0, 18, 16, 21, 0, 12, 20, 20, 21, 11, 14, 0, 0, 0, 0, 0, 0, 12, 20, 18, 0, 11, 0, 18, 18, 11, 17, 0, 11, 0, 20, 22, 16, 22, 15, 21, 15, 0, 0, 0, 0, 0, 14, 17, 18, 13, 15, 0, 0, : 18, 18, 18, 20, 20, 15, 14, 13, 16, 16, 13, 14, 19, 18, 21, 17, 15, 15, 17, 16, 18, 15, 18, 16, 21, 12, 20, 20, 21, 11, 14, 12, 20, 18, 11, 18, 18, 11, 17, 11, 20, 22, 16, 22, 15, 21, 15, 14, 17, 18, 13, 15, 
15: 19, 0, 0, 0, 0, 15, 19, 0, 0, 0, 0, 21, 13, 16, 20, 0, 0, 0, 0, 12, 0, 14, 18, 0, 0, 20, 0, 17, 20, 0, 16, 20, 17, 16, 15, 0, 20, 12, 20, 0, 0, 14, 0, 0, 0, 0, 22, 0, 13, 0, 14, 0, 0, 14, 14, 0, 17, 0, 0, 0, 18, 0, 19, 0, 0, 19, 14, 18, 0, 19, 12, 0, 0, 0, 0, 19, 18, 11, 18, 20, 0, 0, 0, 12, 11, 0, 13, 22, 20, 0, 10, 16, 15, 17, 17, 0, 12, 0, 12, 0, : 19, 15, 19, 21, 13, 16, 20, 12, 14, 18, 20, 17, 20, 16, 20, 17, 16, 15, 20, 12, 20, 14, 22, 13, 14, 14, 14, 17, 18, 19, 19, 14, 18, 19, 12, 19, 18, 11, 18, 20, 12, 11, 13, 22, 20, 10, 16, 15, 17, 17, 12, 12, 
20: 0, 19, 0, 0, 18, 0, 12, 19, 0, 0, 0, 12, 0, 0, 0, 0, 12, 21, 0, 14, 0, 0, 16, 0, 15, 18, 0, 17, 0, 14, 0, 15, 18, 19, 0, 18, 0, 18, 0, 0, 14, 21, 22, 0, 0, 17, 0, 13, 21, 0, 15, 0, 0, 0, 16, 21, 0, 0, 0, 11, 0, 0, 0, 17, 16, 0, 22, 0, 0, 0, 0, 11, 16, 0, 18, 0, 0, 12, 11, 14, 0, 0, 0, 0, 0, 0, 18, 21, 0, 0, 0, 15, 0, 0, 16, 0, 0, 0, 0, 12, : 19, 18, 12, 19, 12, 12, 21, 14, 16, 15, 18, 17, 14, 15, 18, 19, 18, 18, 14, 21, 22, 17, 13, 21, 15, 16, 21, 11, 17, 16, 22, 11, 16, 18, 12, 11, 14, 18, 21, 15, 16, 12, 
14: 0, 20, 0, 0, 0, 10, 0, 17, 0, 19, 18, 16, 0, 0, 0, 20, 12, 0, 0, 0, 0, 0, 13, 14, 15, 17, 18, 19, 0, 15, 0, 0, 0, 0, 0, 19, 0, 0, 13, 0, 0, 13, 13, 21, 0, 0, 0, 16, 0, 14, 0, 15, 0, 20, 0, 0, 0, 12, 13, 18, 0, 18, 0, 0, 0, 0, 0, 12, 20, 17, 13, 0, 21, 0, 11, 11, 0, 0, 12, 0, 18, 0, 16, 0, 13, 21, 0, 18, 13, 0, 0, 0, 20, 0, 23, 14, 0, 17, 16, 0, : 20, 10, 17, 19, 18, 16, 20, 12, 13, 14, 15, 17, 18, 19, 15, 19, 13, 13, 13, 21, 16, 14, 15, 20, 12, 13, 18, 18, 12, 20, 17, 13, 21, 11, 11, 12, 18, 16, 13, 21, 18, 13, 20, 23, 14, 17, 16, 
1: 14, 14, 13, 13, 18, 0, 18, 22, 16, 15, 21, 12, 12, 0, 0, 0, 18, 0, 13, 0, 21, 0, 15, 0, 0, 20, 0, 15, 0, 16, 0, 0, 0, 0, 0, 0, 0, 15, 20, 13, 19, 18, 13, 15, 14, 12, 17, 0, 18, 0, 0, 0, 0, 0, 0, 0, 18, 13, 0, 12, 12, 0, 18, 16, 17, 12, 0, 16, 19, 0, 0, 0, 0, 0, 0, 18, 0, 0, 18, 0, 15, 0, 0, 0, 0, 18, 15, 13, 0, 19, 18, 10, 23, 15, 14, 16, 0, 20, 15, 19, : 14, 14, 13, 13, 18, 18, 22, 16, 15, 21, 12, 12, 18, 13, 21, 15, 20, 15, 16, 15, 20, 13, 19, 18, 13, 15, 14, 12, 17, 18, 18, 13, 12, 12, 18, 16, 17, 12, 16, 19, 18, 18, 15, 18, 15, 13, 19, 18, 10, 23, 15, 14, 16, 20, 15, 19, 


