
40
40
150
2

22: 14, 17, 0, 16, 14, 0, 17, 0, 22, 0, 17, 19, 0, 0, 19, 0, 13, 15, 13, 0, 17, 0, 0, 14, 17, 0, 0, 14, 0, 0, 11, 0, 20, 0, 0, 18, 0, 18, 0, 12, : 14, 17, 16, 14, 17, 22, 17, 19, 19, 13, 15, 13, 17, 14, 17, 14, 11, 20, 18, 18, 12, 
11: 0, 0, 16, 21, 15, 16, 0, 0, 0, 0, 0, 21, 0, 19, 15, 0, 16, 0, 23, 0, 0, 20, 0, 17, 17, 0, 15, 0, 0, 15, 17, 0, 0, 0, 0, 22, 10, 0, 19, 19, : 16, 21, 15, 16, 21, 19, 15, 16, 23, 20, 17, 17, 15, 15, 17, 22, 10, 19, 19, 
16: 0, 13, 0, 0, 21, 0, 10, 0, 19, 0, 0, 14, 13, 0, 20, 0, 15, 0, 14, 15, 11, 14, 0, 17, 20, 17, 0, 14, 0, 0, 20, 17, 0, 0, 12, 17, 20, 11, 0, 18, : 13, 21, 10, 19, 14, 13, 20, 15, 14, 15, 11, 14, 17, 20, 17, 14, 20, 17, 12, 17, 20, 11, 18, 
38: 0, 0, 0, 17, 21, 0, 14, 18, 15, 17, 0, 0, 18, 21, 12, 0, 0, 0, 0, 0, 0, 18, 0, 0, 16, 19, 0, 0, 0, 0, 0, 0, 0, 0, 0, 0, 0, 0, 0, 15, : 17, 21, 14, 18, 15, 17, 18, 21, 12, 18, 16, 19, 15, 
29: 22, 0, 0, 0, 18, 0, 0, 0, 0, 0, 0, 14, 0, 0, 15, 0, 0, 13, 14, 11, 0, 15, 18, 0, 16, 0, 16, 0, 22, 0, 0, 0, 0, 0, 16, 0, 0, 22, 0, 16, : 22, 18, 14, 15, 13, 14, 11, 15, 18, 16, 16, 22, 16, 22, 16, 
12: 0, 0, 0, 0, 0, 0, 0, 14, 19, 0, 11, 0, 0, 14, 0, 0, 0, 0, 15, 0, 0, 0, 0, 0, 14, 15, 0, 15, 0, 0, 0, 17, 18, 0, 0, 17, 0, 14, 13, 0, : 14, 19, 11, 14, 15, 14, 15, 15, 17, 18, 17, 14, 13, 
4: 0, 11, 0, 0, 17, 0, 0, 19, 0, 0, 0, 0, 0, 15, 0, 15, 0, 0, 0, 22, 0, 0, 0, 0, 15, 0, 0, 0, 19, 0, 0, 18, 18, 17, 23, 11, 13, 0, 0, 0, : 11, 17, 19, 15, 15, 22, 15, 19, 18, 18, 17, 23, 11, 13, 
25: 18, 24, 0, 22, 20, 14, 0, 0, 0, 0, 0, 18, 0, 0, 0, 16, 0, 14, 20, 16, 17, 18, 0, 0, 0, 15, 14, 15, 0, 11, 0, 13, 0, 18, 0, 14, 16, 0, 0, 0, : 18, 24, 22, 20, 14, 18, 16, 14, 20, 16, 17, 18, 15, 14, 15, 11, 13, 18, 14, 16, 
8: 0, 19, 23, 20, 0, 18, 21, 0, 0, 0, 20, 0, 0, 0, 0, 13, 18, 0, 0, 0, 20, 0, 17, 0, 21, 0, 0, 0, 15, 14, 16, 0, 18, 20, 21, 0, 0, 0, 22, 0, : 19, 23, 20, 18, 21, 20, 13, 18, 20, 17, 21, 15, 14, 16, 18, 20, 21, 22, 
17: 0, 0, 0, 0, 0, 17, 0, 21, 11, 0, 0, 15, 19, 20, 0, 20, 16, 0, 0, 20, 0, 0, 22, 0, 0, 15, 15, 19, 0, 22, 0, 0, 0, 0, 16, 0, 22, 0, 13, 0, : 17, 21, 11, 15, 19, 20, 20, 16, 20, 22, 15, 15, 19, 22, 16, 22, 13, 
30: 0, 18, 18, 11, 0, 0, 0, 0, 0, 19, 19, 0, 0, 0, 0, 0, 0, 22, 0, 20, 0, 0, 0, 14, 0, 16, 16, 0, 13, 14, 17, 18, 14, 0, 13, 0, 0, 13, 19, 0, : 18, 18, 11, 19, 19, 22, 20, 14, 16, 16, 13, 14, 17, 18, 14, 13, 13, 19, 
35: 18, 19, 0, 0, 0, 0, 15, 15, 0, 0, 21, 0, 19, 17, 0, 14, 15, 17, 0, 0, 13, 22, 13, 0, 0, 0, 0, 16, 14, 0, 15, 17, 18, 20, 0, 0, 0, 17, 16, 0, : 18, 19, 15, 15, 21, 19, 17, 14, 15, 17, 13, 22, 13, 16, 14, 15, 17, 18, 20, 17, 16, 
1: 17, 0, 0, 0, 10, 19, 18, 0, 13, 19, 13, 15, 0, 12, 18, 16, 19, 16, 0, 18, 0, 13, 17, 0, 0, 0, 0, 0, 0, 0, 0, 0, 13, 14, 0, 0, 18, 17, 0, 14, : 17, 10, 19, 18, 13, 19, 13, 15, 12, 18, 16, 19, 16, 18, 13, 17, 13, 14, 18, 17, 14, 
10: 12, 0, 11, 12, 0, 10, 0, 0, 19, 21, 0, 0, 15, 15, 0, 0, 19, 0, 17, 0, 0, 0, 0, 21, 0, 0, 0, 22, 0, 22, 0, 0, 14, 20, 0, 20, 0, 18, 0, 12, : 12, 11, 12, 10, 19, 21, 15, 15, 19, 17, 21, 22, 22, 14, 20, 20, 18, 12, 
5: 0, 0, 19, 14, 0, 0, 19, 21, 0, 14, 0, 14, 20, 17, 0, 19, 0, 0, 0, 0, 0, 0, 0, 0, 0, 0, 19, 17, 17, 0, 0, 0, 0, 0, 17, 0, 17, 0, 0, 0, : 19, 14, 19, 21, 14, 14, 20, 17, 19, 19, 17, 17, 17, 17, 
27: 15, 13, 17, 0, 14, 21, 19, 0, 0, 11, 17, 0, 0, 0, 21, 0, 19, 16, 0, 15, 0, 12, 14, 15, 14, 14, 20, 0, 19, 18, 0, 0, 17, 11, 0, 0, 0, 0, 12, 0, : 15, 13, 17, 14, 21, 19, 11, 17, 21, 19, 16, 15, 12, 14, 15, 14, 14, 20, 19, 18, 17, 11, 12, 
6: 0, 0, 15, 0, 0, 18, 0, 17, 0, 12, 19, 0, 15, 0, 0, 18, 0, 16, 0, 13, 18, 0, 0, 14, 0, 0, 0, 0, 0, 0, 17, 16, 0, 0, 0, 0, 16, 0, 0, 23, : 15, 18, 17, 12, 19, 15, 18, 16, 13, 18, 14, 17, 16, 16, 23, 
24: 0, 16, 19, 17, 0, 17, 0, 15, 17, 19, 0, 0, 16, 0, 15, 0, 0, 0, 23, 0, 15, 0, 14, 17, 0, 0, 0, 0, 17, 17, 0, 18, 0, 16, 0, 14, 18, 0, 15, 0, : 16, 19, 17, 17, 15, 17, 19, 16, 15, 23, 15, 14, 17, 17, 17, 18, 16, 14, 18, 15, 
3: 17, 0, 0, 0, 0, 0, 17, 10, 15, 18, 13, 0, 15, 0, 15, 0, 0, 21, 0, 0, 20, 18, 14, 21, 0, 20, 19, 0, 14, 17, 17, 0, 0, 14, 14, 0, 0, 0, 0, 21, : 17, 17, 10, 15, 18, 13, 15, 15, 21, 20, 18, 14, 21, 20, 19, 14, 17, 17, 14, 14, 21, 
20: 17, 0, 12, 0, 0, 0, 0, 0, 0, 0, 0, 20, 0, 0, 0, 19, 0, 0, 11, 0, 19, 0, 21, 0, 0, 19, 16, 18, 0, 0, 20, 16, 0, 0, 18, 17, 0, 20, 21, 0, : 17, 12, 20, 19, 11, 19, 21, 19, 16, 18, 20, 16, 18, 17, 20, 21, 


32: 16, 20, 0, 15, 0, 16, 0, 18, 17, 22, 0, 16, 15, 14, 11, 15, 0, 0, 0, 0, 21, 18, 0, 18, 0, 0, 15, 0, 19, 19, 0, 13, 21, 14, 0, 0, 0, 18, 13, 13, : 16, 20, 15, 16, 18, 17, 22, 16, 15, 14, 11, 15, 21, 18, 18, 15, 19, 19, 13, 21, 14, 18, 13, 13, 
23: 19, 18, 17, 15, 0, 18, 12, 0, 0, 15, 0, 15, 18, 23, 0, 19, 18, 19, 0, 13, 22, 0, 0, 0, 0, 0, 0, 16, 0, 19, 0, 16, 0, 0, 20, 0, 0, 0, 0, 13, : 19, 18, 17, 15, 18, 12, 15, 15, 18, 23, 19, 18, 19, 13, 22, 16, 19, 16, 20, 13, 
34: 13, 0, 19, 0, 0, 14, 0, 0, 0, 16, 17, 0, 22, 0, 17, 18, 18, 13, 17, 0, 14, 0, 17, 0, 0, 0, 0, 0, 13, 0, 0, 22, 15, 11, 10, 0, 13, 15, 0, 23, : 13, 19, 14, 16, 17, 22, 17, 18, 18, 13, 17, 14, 17, 13, 22, 15, 11, 10, 13, 15, 23, 
39: 20, 17, 17, 0, 16, 17, 17, 0, 0, 0, 15, 20, 14, 0, 0, 13, 0, 0, 15, 18, 0, 0, 13, 0, 19, 0, 0, 0, 0, 0, 0, 0, 13, 22, 0, 0, 0, 22, 22, 17, : 20, 17, 17, 16, 17, 17, 15, 20, 14, 13, 15, 18, 13, 19, 13, 22, 22, 22, 17, 
28: 0, 0, 15, 0, 0, 0, 0, 0, 13, 0, 0, 0, 0, 0, 22, 0, 17, 0, 0, 0, 0, 13, 0, 0, 0, 0, 0, 16, 0, 18, 0, 14, 0, 0, 0, 0, 20, 16, 0, 0, : 15, 13, 22, 17, 13, 16, 18, 14, 20, 16, 
2: 19, 0, 17, 0, 0, 0, 0, 12, 0, 21, 21, 17, 19, 0, 0, 16, 13, 18, 19, 19, 0, 0, 0, 0, 0, 16, 0, 0, 18, 18, 0, 20, 0, 0, 0, 23, 0, 0, 13, 0, : 19, 17, 12, 21, 21, 17, 19, 16, 13, 18, 19, 19, 16, 18, 18, 20, 23, 13, 
18: 0, 17, 0, 15, 0, 0, 0, 0, 13, 14, 0, 0, 0, 0, 14, 0, 0, 0, 17, 0, 0, 24, 14, 20, 18, 0, 15, 19, 0, 0, 0, 17, 18, 0, 0, 0, 13, 13, 13, 0, : 17, 15, 13, 14, 14, 17, 24, 14, 20, 18, 15, 19, 17, 18, 13, 13, 13, 
7: 13, 0, 0, 0, 16, 15, 17, 0, 0, 0, 0, 0, 14, 0, 17, 17, 14, 0, 0, 0, 16, 0, 20, 0, 0, 18, 0, 0, 0, 0, 17, 0, 14, 13, 0, 20, 11, 0, 0, 22, : 13, 16, 15, 17, 14, 17, 17, 14, 16, 20, 18, 17, 14, 13, 20, 11, 22, 
15: 14, 20, 0, 0, 0, 15, 16, 16, 0, 0, 0, 0, 14, 14, 17, 0, 20, 13, 17, 0, 18, 0, 0, 0, 15, 15, 0, 0, 0, 13, 12, 0, 15, 17, 19, 16, 15, 0, 19, 17, : 14, 20, 15, 16, 16, 14, 14, 17, 20, 13, 17, 18, 15, 15, 13, 12, 15, 17, 19, 16, 15, 19, 17, 
21: 0, 0, 0, 19, 19, 0, 0, 13, 0, 0, 0, 19, 0, 21, 0, 0, 0, 14, 13, 0, 17, 0, 0, 14, 20, 0, 0, 0, 0, 22, 0, 0, 0, 0, 16, 16, 0, 20, 0, 0, : 19, 19, 13, 19, 21, 14, 13, 17, 14, 20, 22, 16, 16, 20, 
36: 18, 0, 15, 19, 0, 0, 19, 20, 24, 0, 16, 0, 0, 15, 0, 18, 0, 0, 0, 16, 0, 17, 0, 0, 14, 14, 14, 13, 18, 0, 0, 0, 20, 21, 0, 0, 0, 12, 21, 0, : 18, 15, 19, 19, 20, 24, 16, 15, 18, 16, 17, 14, 14, 14, 13, 18, 20, 21, 12, 21, 
9: 0, 0, 0, 0, 0, 17, 21, 0, 22, 16, 0, 0, 0, 0, 0, 0, 0, 18, 17, 16, 0, 0, 0, 22, 0, 21, 16, 0, 23, 11, 18, 18, 0, 0, 16, 19, 22, 21, 0, 0, : 17, 21, 22, 16, 18, 17, 16, 22, 21, 16, 23, 11, 18, 18, 16, 19, 22, 21, 
37: 0, 0, 0, 17, 0, 19, 0, 19, 15, 16, 17, 0, 0, 14, 14, 20, 0, 0, 0, 0, 0, 14, 15, 0, 0, 20, 0, 23, 13, 0, 16, 0, 19, 0, 0, 14, 0, 13, 12, 0, : 17, 19, 19, 15, 16, 17, 14, 14, 20, 14, 15, 20, 23, 13, 16, 19, 14, 13, 12, 
14: 18, 14, 0, 0, 18, 19, 0, 0, 14, 0, 14, 15, 0, 12, 0, 0, 0, 20, 0, 17, 13, 0, 13, 15, 0, 0, 0, 18, 12, 0, 0, 0, 0, 0, 0, 0, 18, 0, 0, 0, : 18, 14, 18, 19, 14, 14, 15, 12, 20, 17, 13, 13, 15, 18, 12, 18, 
31: 0, 0, 0, 0, 14, 0, 0, 16, 0, 0, 0, 0, 20, 18, 0, 0, 13, 17, 0, 0, 14, 0, 25, 14, 15, 16, 0, 0, 18, 0, 22, 0, 0, 19, 0, 19, 0, 0, 16, 0, : 14, 16, 20, 18, 13, 17, 14, 25, 14, 15, 16, 18, 22, 19, 19, 16, 
33: 0, 16, 20, 0, 15, 0, 0, 0, 0, 0, 15, 17, 14, 0, 0, 0, 0, 0, 21, 16, 15, 14, 0, 16, 0, 0, 20, 0, 0, 0, 0, 0, 15, 16, 0, 0, 20, 0, 0, 14, : 16, 20, 15, 15, 17, 14, 21, 16, 15, 14, 16, 20, 15, 16, 20, 14, 
40: 0, 0, 17, 0, 17, 0, 14, 0, 0, 0, 19, 0, 0, 0, 0, 0, 19, 0, 0, 21, 0, 16, 0, 0, 0, 15, 15, 13, 16, 0, 18, 17, 0, 0, 14, 0, 0, 0, 0, 11, : 17, 17, 14, 19, 19, 21, 16, 15, 15, 13, 16, 18, 17, 14, 11, 
26: 0, 15, 0, 18, 0, 0, 19, 22, 17, 15, 0, 14, 0, 0, 16, 0, 0, 18, 14, 0, 0, 13, 19, 17, 16, 0, 22, 18, 0, 0, 14, 13, 0, 0, 23, 0, 18, 0, 0, 0, : 15, 18, 19, 22, 17, 15, 14, 16, 18, 14, 13, 19, 17, 16, 22, 18, 14, 13, 23, 18, 
13: 0, 0, 13, 15, 17, 0, 0, 14, 15, 0, 16, 17, 0, 0, 22, 0, 18, 0, 0, 14, 0, 0, 0, 14, 19, 0, 18, 0, 0, 14, 13, 0, 0, 0, 14, 10, 0, 0, 21, 20, : 13, 15, 17, 14, 15, 16, 17, 22, 18, 14, 14, 19, 18, 14, 13, 14, 10, 21, 20, 
19: 0, 13, 0, 17, 18, 0, 15, 0, 0, 15, 0, 0, 0, 19, 0, 14, 0, 0, 0, 0, 0, 21, 14, 0, 14, 15, 15, 14, 0, 16, 20, 0, 0, 17, 18, 13, 0, 0, 0, 0, : 13, 17, 18, 15, 15, 19, 14, 21, 14, 14, 15, 15, 14, 16, 20, 17, 18, 13, 


