
40
300
150
15

121: 0, 0, 13, 19, 0, 0, 0, 0, 0, 0, 0, 0, 20, 19, 0, 0, 0, 16, 16, 0, 0, 23, 17, 17, 13, 18, 0, 14, 17, 0, 18, 15, 0, 0, 12, 0, 15, 12, 19, 0, : 13, 19, 20, 19, 16, 16, 23, 17, 17, 13, 18, 14, 17, 18, 15, 12, 15, 12, 19, 
81: 0, 0, 0, 0, 17, 0, 20, 0, 0, 21, 0, 18, 0, 0, 0, 0, 20, 0, 16, 14, 17, 0, 15, 0, 20, 0, 0, 0, 20, 20, 14, 0, 15, 0, 0, 0, 18, 0, 0, 18, : 17, 20, 21, 18, 20, 16, 14, 17, 15, 20, 20, 20, 14, 15, 18, 18, 
296: 0, 17, 0, 0, 17, 13, 0, 18, 13, 0, 15, 14, 15, 15, 0, 20, 0, 0, 0, 17, 0, 14, 0, 0, 17, 20, 0, 19, 0, 19, 0, 0, 15, 0, 0, 19, 0, 0, 0, 18, : 17, 17, 13, 18, 13, 15, 14, 15, 15, 20, 17, 14, 17, 20, 19, 19, 15, 19, 18, 
112: 16, 0, 0, 17, 0, 13, 0, 0, 0, 16, 0, 17, 0, 14, 0, 14, 0, 0, 0, 0, 14, 14, 0, 19, 0, 0, 18, 0, 15, 0, 0, 0, 0, 0, 13, 0, 0, 16, 19, 0, : 16, 17, 13, 16, 17, 14, 14, 14, 14, 19, 18, 15, 13, 16, 19, 
264: 17, 0, 16, 0, 0, 0, 18, 16, 17, 12, 0, 15, 0, 0, 14, 21, 0, 14, 0, 14, 0, 0, 0, 0, 19, 0, 0, 22, 18, 0, 15, 18, 0, 20, 16, 14, 0, 19, 0, 0, : 17, 16, 18, 16, 17, 12, 15, 14, 21, 14, 14, 19, 22, 18, 15, 18, 20, 16, 14, 19, 
44: 17, 15, 0, 0, 0, 22, 12, 14, 0, 0, 0, 0, 0, 0, 0, 0, 14, 0, 0, 18, 0, 0, 16, 0, 0, 0, 13, 0, 0, 18, 16, 0, 15, 22, 21, 20, 0, 0, 0, 17, : 17, 15, 22, 12, 14, 14, 18, 16, 13, 18, 16, 15, 22, 21, 20, 17, 
24: 0, 17, 0, 0, 21, 15, 21, 0, 0, 0, 15, 17, 16, 14, 15, 0, 18, 0, 18, 17, 22, 21, 12, 22, 0, 17, 15, 0, 0, 0, 16, 0, 0, 16, 0, 0, 21, 0, 12, 14, : 17, 21, 15, 21, 15, 17, 16, 14, 15, 18, 18, 17, 22, 21, 12, 22, 17, 15, 16, 16, 21, 12, 14, 
179: 0, 13, 23, 0, 0, 0, 18, 0, 18, 0, 22, 19, 16, 0, 0, 0, 0, 0, 0, 19, 0, 0, 15, 0, 15, 0, 0, 16, 19, 20, 23, 0, 0, 0, 0, 0, 0, 20, 0, 0, : 13, 23, 18, 18, 22, 19, 16, 19, 15, 15, 16, 19, 20, 23, 20, 
150: 0, 0, 18, 0, 0, 23, 0, 0, 0, 0, 20, 0, 0, 0, 0, 0, 0, 17, 0, 0, 0, 0, 23, 0, 16, 0, 0, 0, 0, 13, 0, 15, 21, 0, 0, 19, 15, 19, 14, 16, : 18, 23, 20, 17, 23, 16, 13, 15, 21, 19, 15, 19, 14, 16, 
224: 0, 11, 16, 22, 0, 0, 0, 18, 18, 0, 19, 0, 18, 20, 20, 21, 17, 0, 17, 0, 15, 0, 0, 0, 0, 0, 14, 18, 20, 14, 0, 0, 17, 0, 0, 17, 14, 20, 0, 0, : 11, 16, 22, 18, 18, 19, 18, 20, 20, 21, 17, 17, 15, 14, 18, 20, 14, 17, 17, 14, 20, 
138: 19, 21, 0, 0, 0, 11, 0, 15, 0, 0, 0, 15, 0, 15, 15, 0, 0, 17, 0, 0, 16, 17, 0, 20, 0, 0, 0, 0, 14, 0, 15, 15, 18, 19, 12, 0, 18, 0, 0, 0, : 19, 21, 11, 15, 15, 15, 15, 17, 16, 17, 20, 14, 15, 15, 18, 19, 12, 18, 
158: 0, 16, 0, 0, 0, 0, 14, 0, 18, 19, 0, 0, 0, 0, 14, 0, 0, 19, 17, 0, 0, 0, 0, 10, 0, 14, 23, 16, 0, 0, 0, 15, 0, 0, 0, 21, 0, 0, 15, 12, : 16, 14, 18, 19, 14, 19, 17, 10, 14, 23, 16, 15, 21, 15, 12, 
213: 0, 0, 10, 0, 11, 0, 15, 0, 0, 18, 0, 0, 0, 16, 0, 18, 20, 21, 0, 16, 14, 0, 20, 0, 11, 12, 0, 0, 12, 0, 19, 14, 0, 0, 19, 0, 0, 0, 0, 19, : 10, 11, 15, 18, 16, 18, 20, 21, 16, 14, 20, 11, 12, 12, 19, 14, 19, 19, 
72: 14, 18, 0, 17, 12, 0, 0, 19, 16, 15, 18, 21, 0, 0, 0, 15, 14, 15, 17, 0, 20, 16, 0, 14, 19, 0, 0, 0, 0, 17, 0, 18, 15, 16, 19, 15, 0, 16, 18, 0, : 14, 18, 17, 12, 19, 16, 15, 18, 21, 15, 14, 15, 17, 20, 16, 14, 19, 17, 18, 15, 16, 19, 15, 16, 18, 
117: 16, 0, 0, 17, 12, 17, 17, 0, 19, 0, 0, 0, 16, 0, 14, 14, 12, 0, 17, 0, 17, 0, 16, 17, 0, 0, 0, 0, 15, 0, 0, 17, 0, 0, 0, 12, 0, 0, 0, 0, : 16, 17, 12, 17, 17, 19, 16, 14, 14, 12, 17, 17, 16, 17, 15, 17, 12, 
34: 0, 0, 0, 0, 23, 20, 0, 19, 0, 0, 14, 0, 14, 0, 21, 0, 0, 0, 17, 20, 0, 0, 0, 0, 0, 16, 18, 0, 0, 14, 14, 0, 0, 13, 0, 13, 0, 0, 0, 0, : 23, 20, 19, 14, 14, 21, 17, 20, 16, 18, 14, 14, 13, 13, 
54: 13, 0, 16, 12, 0, 0, 0, 17, 15, 0, 0, 14, 0, 0, 15, 15, 20, 0, 0, 0, 0, 16, 0, 15, 0, 0, 19, 14, 0, 15, 0, 0, 20, 18, 18, 0, 13, 0, 17, 18, : 13, 16, 12, 17, 15, 14, 15, 15, 20, 16, 15, 19, 14, 15, 20, 18, 18, 13, 17, 18, 
59: 0, 0, 0, 20, 22, 0, 0, 14, 16, 16, 12, 0, 19, 15, 0, 0, 15, 0, 0, 0, 0, 15, 0, 0, 0, 20, 0, 19, 0, 0, 0, 0, 14, 13, 0, 0, 16, 16, 17, 18, : 20, 22, 14, 16, 16, 12, 19, 15, 15, 15, 20, 19, 14, 13, 16, 16, 17, 18, 
162: 18, 22, 18, 16, 15, 16, 15, 0, 0, 14, 15, 0, 16, 0, 0, 0, 0, 14, 0, 0, 15, 0, 0, 0, 20, 20, 13, 0, 0, 0, 0, 23, 0, 0, 0, 0, 20, 0, 0, 0, : 18, 22, 18, 16, 15, 16, 15, 14, 15, 16, 14, 15, 20, 20, 13, 23, 20, 
283: 20, 0, 20, 10, 0, 0, 0, 0, 0, 19, 0, 0, 0, 22, 22, 12, 0, 17, 15, 15, 0, 14, 16, 16, 0, 13, 17, 12, 0, 0, 0, 0, 0, 13, 20, 0, 0, 12, 19, 0, : 20, 20, 10, 19, 22, 22, 12, 17, 15, 15, 14, 16, 16, 13, 17, 12, 13, 20, 12, 19, 


295: 0, 15, 0, 16, 0, 0, 0, 0, 14, 0, 16, 13, 15, 12, 17, 0, 0, 20, 0, 0, 0, 14, 0, 0, 16, 0, 0, 0, 0, 19, 0, 0, 0, 0, 12, 15, 20, 0, 0, 0, : 15, 16, 14, 16, 13, 15, 12, 17, 20, 14, 16, 19, 12, 15, 20, 
77: 0, 0, 15, 0, 15, 19, 0, 13, 0, 0, 13, 21, 17, 0, 0, 19, 0, 0, 0, 16, 18, 0, 18, 10, 23, 0, 0, 16, 0, 12, 0, 0, 0, 0, 16, 19, 15, 0, 17, 0, : 15, 15, 19, 13, 13, 21, 17, 19, 16, 18, 18, 10, 23, 16, 12, 16, 19, 15, 17, 
174: 0, 0, 19, 0, 0, 17, 15, 18, 0, 0, 17, 14, 0, 0, 16, 14, 0, 0, 0, 0, 0, 21, 0, 0, 0, 0, 14, 0, 0, 14, 0, 0, 23, 22, 0, 0, 0, 0, 18, 17, : 19, 17, 15, 18, 17, 14, 16, 14, 21, 14, 14, 23, 22, 18, 17, 
130: 20, 22, 0, 13, 0, 15, 0, 12, 0, 0, 0, 0, 17, 17, 0, 0, 0, 11, 16, 0, 17, 0, 0, 0, 14, 0, 0, 0, 0, 0, 15, 21, 0, 18, 22, 0, 13, 15, 16, 0, : 20, 22, 13, 15, 12, 17, 17, 11, 16, 17, 14, 15, 21, 18, 22, 13, 15, 16, 
196: 15, 0, 0, 0, 0, 15, 15, 0, 0, 0, 0, 21, 0, 0, 18, 0, 0, 0, 20, 15, 15, 0, 19, 0, 0, 14, 0, 16, 0, 19, 19, 0, 0, 0, 17, 0, 0, 0, 0, 19, : 15, 15, 15, 21, 18, 20, 15, 15, 19, 14, 16, 19, 19, 17, 19, 
235: 18, 19, 0, 13, 0, 13, 0, 17, 17, 0, 0, 0, 0, 16, 0, 14, 18, 0, 0, 17, 0, 0, 24, 0, 15, 0, 0, 22, 14, 0, 21, 14, 0, 0, 0, 0, 0, 15, 0, 0, : 18, 19, 13, 13, 17, 17, 16, 14, 18, 17, 24, 15, 22, 14, 21, 14, 15, 
68: 15, 0, 0, 0, 16, 16, 0, 0, 16, 0, 0, 0, 0, 0, 0, 18, 17, 0, 18, 0, 20, 15, 14, 0, 0, 0, 0, 0, 0, 0, 19, 0, 14, 19, 0, 20, 18, 0, 0, 14, : 15, 16, 16, 16, 18, 17, 18, 20, 15, 14, 19, 14, 19, 20, 18, 14, 
180: 15, 0, 0, 19, 17, 0, 0, 0, 21, 19, 20, 0, 0, 17, 15, 17, 0, 20, 0, 0, 19, 14, 0, 0, 17, 17, 0, 0, 14, 0, 14, 0, 0, 15, 15, 0, 0, 19, 0, 21, : 15, 19, 17, 21, 19, 20, 17, 15, 17, 20, 19, 14, 17, 17, 14, 14, 15, 15, 19, 21, 
7: 22, 0, 13, 0, 18, 18, 22, 16, 0, 15, 0, 18, 14, 15, 0, 17, 0, 15, 18, 17, 18, 0, 0, 20, 0, 18, 19, 0, 19, 0, 0, 0, 21, 0, 18, 0, 12, 0, 14, 14, : 22, 13, 18, 18, 22, 16, 15, 18, 14, 15, 17, 15, 18, 17, 18, 20, 18, 19, 19, 21, 18, 12, 14, 14, 
249: 0, 0, 0, 20, 0, 0, 19, 0, 0, 17, 18, 0, 20, 19, 0, 0, 0, 19, 16, 0, 0, 0, 15, 0, 11, 0, 0, 18, 20, 18, 0, 0, 0, 0, 0, 13, 0, 0, 0, 12, : 20, 19, 17, 18, 20, 19, 19, 16, 15, 11, 18, 20, 18, 13, 12, 
226: 0, 0, 20, 0, 20, 0, 19, 0, 16, 0, 16, 0, 0, 0, 20, 17, 20, 0, 14, 0, 0, 0, 19, 14, 17, 0, 0, 14, 0, 0, 0, 14, 14, 18, 18, 0, 16, 0, 16, 0, : 20, 20, 19, 16, 16, 20, 17, 20, 14, 19, 14, 17, 14, 14, 14, 18, 18, 16, 16, 
258: 15, 0, 15, 0, 0, 0, 0, 0, 0, 19, 0, 18, 13, 15, 0, 20, 19, 0, 20, 19, 0, 0, 0, 24, 0, 12, 22, 0, 0, 19, 0, 15, 11, 11, 0, 15, 0, 20, 21, 0, : 15, 15, 19, 18, 13, 15, 20, 19, 20, 19, 24, 12, 22, 19, 15, 11, 11, 15, 20, 21, 
146: 16, 0, 20, 19, 13, 0, 0, 20, 14, 0, 14, 0, 0, 0, 0, 0, 14, 15, 17, 0, 0, 20, 0, 17, 20, 19, 17, 0, 0, 0, 0, 22, 19, 0, 12, 0, 0, 22, 13, 18, : 16, 20, 19, 13, 20, 14, 14, 14, 15, 17, 20, 17, 20, 19, 17, 22, 19, 12, 22, 13, 18, 
299: 0, 13, 0, 20, 0, 0, 14, 23, 20, 0, 0, 18, 22, 0, 0, 0, 14, 18, 0, 0, 12, 22, 13, 14, 0, 0, 0, 0, 0, 0, 21, 12, 17, 0, 0, 0, 0, 15, 0, 0, : 13, 20, 14, 23, 20, 18, 22, 14, 18, 12, 22, 13, 14, 21, 12, 17, 15, 
219: 0, 0, 0, 0, 0, 0, 0, 0, 0, 16, 0, 0, 0, 0, 16, 0, 0, 0, 0, 12, 0, 16, 11, 18, 0, 0, 15, 0, 17, 17, 0, 19, 17, 16, 0, 18, 0, 0, 16, 0, : 16, 16, 12, 16, 11, 18, 15, 17, 17, 19, 17, 16, 18, 16, 
60: 0, 15, 0, 0, 20, 0, 0, 15, 0, 16, 0, 0, 0, 17, 0, 14, 13, 15, 0, 20, 0, 16, 0, 0, 0, 23, 16, 17, 14, 0, 0, 20, 0, 0, 0, 0, 15, 0, 19, 18, : 15, 20, 15, 16, 17, 14, 13, 15, 20, 16, 23, 16, 17, 14, 20, 15, 19, 18, 
95: 0, 18, 13, 0, 0, 0, 0, 16, 16, 15, 0, 0, 16, 0, 16, 0, 0, 17, 0, 0, 0, 12, 0, 16, 0, 17, 19, 15, 17, 0, 15, 13, 0, 18, 20, 0, 0, 17, 0, 0, : 18, 13, 16, 16, 15, 16, 16, 17, 12, 16, 17, 19, 15, 17, 15, 13, 18, 20, 17, 
83: 0, 15, 15, 0, 16, 0, 17, 0, 0, 0, 18, 15, 0, 0, 11, 0, 17, 0, 0, 0, 14, 0, 0, 0, 0, 0, 13, 0, 0, 18, 15, 0, 14, 0, 0, 11, 20, 0, 0, 17, : 15, 15, 16, 17, 18, 15, 11, 17, 14, 13, 18, 15, 14, 11, 20, 17, 
253: 14, 14, 0, 15, 15, 20, 16, 0, 0, 15, 0, 0, 16, 0, 21, 0, 0, 0, 0, 17, 0, 0, 0, 0, 0, 17, 15, 13, 17, 0, 0, 0, 0, 13, 0, 18, 21, 13, 0, 0, : 14, 14, 15, 15, 20, 16, 15, 16, 21, 17, 17, 15, 13, 17, 13, 18, 21, 13, 
64: 0, 19, 20, 15, 0, 17, 13, 0, 16, 18, 18, 12, 0, 22, 0, 0, 18, 0, 11, 17, 17, 0, 17, 17, 17, 13, 0, 19, 18, 14, 11, 0, 0, 0, 0, 21, 0, 14, 0, 0, : 19, 20, 15, 17, 13, 16, 18, 18, 12, 22, 18, 11, 17, 17, 17, 17, 17, 13, 19, 18, 14, 11, 21, 14, 


136: 21, 10, 16, 18, 0, 0, 19, 17, 0, 0, 17, 0, 0, 0, 0, 19, 12, 0, 14, 0, 20, 0, 20, 21, 11, 0, 0, 14, 0, 0, 0, 0, 14, 21, 12, 0, 18, 0, 16, 0, : 21, 10, 16, 18, 19, 17, 17, 19, 12, 14, 20, 20, 21, 11, 14, 14, 21, 12, 18, 16, 
183: 0, 0, 15, 0, 0, 0, 18, 0, 0, 17, 0, 14, 0, 11, 22, 16, 15, 0, 16, 14, 19, 0, 0, 0, 0, 12, 0, 0, 22, 0, 18, 0, 19, 0, 17, 11, 0, 0, 16, 17, : 15, 18, 17, 14, 11, 22, 16, 15, 16, 14, 19, 12, 22, 18, 19, 17, 11, 16, 17, 
56: 13, 13, 11, 0, 0, 17, 0, 0, 0, 0, 15, 16, 14, 21, 21, 0, 18, 22, 14, 15, 18, 15, 0, 0, 21, 0, 0, 23, 0, 10, 0, 0, 0, 17, 18, 17, 0, 17, 0, 0, : 13, 13, 11, 17, 15, 16, 14, 21, 21, 18, 22, 14, 15, 18, 15, 21, 23, 10, 17, 18, 17, 17, 
132: 23, 21, 0, 20, 0, 0, 17, 0, 0, 14, 0, 0, 18, 18, 0, 0, 0, 0, 0, 0, 0, 0, 19, 19, 21, 0, 17, 0, 0, 20, 0, 0, 14, 0, 0, 14, 0, 0, 15, 0, : 23, 21, 20, 17, 14, 18, 18, 19, 19, 21, 17, 20, 14, 14, 15, 
50: 11, 16, 0, 0, 22, 0, 15, 15, 17, 0, 16, 0, 0, 20, 0, 19, 0, 13, 0, 0, 0, 0, 15, 0, 0, 18, 22, 0, 0, 0, 0, 0, 0, 0, 14, 0, 19, 13, 0, 0, : 11, 16, 22, 15, 15, 17, 16, 20, 19, 13, 15, 18, 22, 14, 19, 13, 
122: 0, 0, 13, 0, 14, 17, 0, 15, 0, 0, 0, 0, 16, 0, 19, 0, 0, 0, 0, 16, 17, 16, 15, 16, 11, 13, 0, 14, 0, 0, 16, 0, 0, 15, 14, 0, 0, 0, 18, 0, : 13, 14, 17, 15, 16, 19, 16, 17, 16, 15, 16, 11, 13, 14, 16, 15, 14, 18, 
94: 0, 25, 0, 0, 18, 0, 0, 0, 17, 19, 17, 0, 16, 0, 13, 14, 0, 12, 0, 0, 0, 0, 0, 0, 17, 0, 12, 0, 19, 18, 0, 17, 16, 19, 20, 23, 0, 20, 0, 0, : 25, 18, 17, 19, 17, 16, 13, 14, 12, 17, 12, 19, 18, 17, 16, 19, 20, 23, 20, 
215: 13, 0, 0, 0, 0, 19, 22, 0, 0, 14, 0, 15, 0, 0, 0, 0, 0, 18, 22, 20, 0, 0, 0, 0, 16, 0, 17, 0, 0, 15, 12, 14, 0, 0, 17, 18, 17, 12, 0, 15, : 13, 19, 22, 14, 15, 18, 22, 20, 16, 17, 15, 12, 14, 17, 18, 17, 12, 15, 
170: 0, 12, 0, 17, 0, 0, 15, 0, 15, 0, 23, 14, 0, 0, 0, 0, 0, 13, 22, 0, 17, 20, 0, 13, 0, 20, 16, 0, 0, 0, 0, 0, 17, 0, 17, 16, 0, 0, 18, 18, : 12, 17, 15, 15, 23, 14, 13, 22, 17, 20, 13, 20, 16, 17, 17, 16, 18, 18, 
167: 0, 0, 0, 0, 17, 0, 16, 16, 14, 17, 17, 0, 0, 0, 0, 0, 22, 0, 0, 0, 0, 0, 20, 17, 0, 0, 17, 22, 13, 14, 0, 0, 0, 16, 0, 0, 0, 18, 0, 16, : 17, 16, 16, 14, 17, 17, 22, 20, 17, 17, 22, 13, 14, 16, 18, 16, 
202: 0, 0, 19, 0, 0, 0, 0, 0, 17, 0, 0, 17, 0, 15, 0, 12, 0, 15, 13, 0, 16, 12, 18, 0, 0, 0, 0, 0, 18, 22, 16, 12, 20, 14, 0, 0, 0, 0, 0, 12, : 19, 17, 17, 15, 12, 15, 13, 16, 12, 18, 18, 22, 16, 12, 20, 14, 12, 
277: 21, 13, 0, 15, 0, 13, 0, 17, 0, 20, 14, 0, 15, 15, 20, 20, 15, 0, 0, 21, 0, 18, 0, 0, 15, 0, 0, 15, 0, 0, 0, 18, 0, 20, 0, 0, 16, 0, 0, 16, : 21, 13, 15, 13, 17, 20, 14, 15, 15, 20, 20, 15, 21, 18, 15, 15, 18, 20, 16, 16, 
176: 0, 0, 0, 0, 0, 16, 14, 0, 0, 16, 17, 21, 0, 15, 0, 13, 0, 0, 0, 0, 13, 0, 0, 18, 20, 21, 0, 0, 19, 0, 0, 19, 0, 0, 0, 14, 13, 0, 0, 17, : 16, 14, 16, 17, 21, 15, 13, 13, 18, 20, 21, 19, 19, 14, 13, 17, 
221: 0, 0, 0, 14, 0, 18, 0, 16, 15, 0, 0, 0, 18, 0, 0, 0, 0, 0, 19, 17, 0, 16, 16, 10, 0, 16, 15, 11, 15, 0, 12, 15, 18, 15, 21, 0, 12, 19, 0, 0, : 14, 18, 16, 15, 18, 19, 17, 16, 16, 10, 16, 15, 11, 15, 12, 15, 18, 15, 21, 12, 19, 
292: 13, 22, 17, 15, 0, 0, 0, 14, 19, 0, 0, 20, 14, 0, 0, 17, 19, 23, 16, 14, 0, 0, 0, 0, 0, 16, 0, 15, 12, 0, 19, 18, 0, 13, 0, 0, 0, 15, 14, 0, : 13, 22, 17, 15, 14, 19, 20, 14, 17, 19, 23, 16, 14, 16, 15, 12, 19, 18, 13, 15, 14, 
31: 0, 0, 13, 16, 15, 13, 0, 20, 16, 0, 0, 17, 18, 0, 14, 0, 20, 0, 0, 17, 0, 0, 0, 0, 0, 0, 12, 18, 22, 21, 19, 0, 16, 0, 0, 18, 0, 20, 0, 20, : 13, 16, 15, 13, 20, 16, 17, 18, 14, 20, 17, 12, 18, 22, 21, 19, 16, 18, 20, 20, 
87: 0, 0, 0, 0, 17, 21, 14, 0, 0, 17, 0, 0, 0, 0, 15, 20, 0, 0, 0, 16, 0, 20, 11, 15, 0, 19, 0, 0, 0, 0, 0, 18, 0, 0, 0, 0, 13, 0, 18, 0, : 17, 21, 14, 17, 15, 20, 16, 20, 11, 15, 19, 18, 13, 18, 
151: 18, 0, 24, 12, 19, 0, 0, 20, 20, 0, 0, 16, 0, 0, 0, 0, 17, 19, 0, 0, 0, 16, 0, 21, 0, 0, 0, 0, 10, 17, 0, 19, 16, 0, 0, 0, 19, 16, 18, 0, : 18, 24, 12, 19, 20, 20, 16, 17, 19, 16, 21, 10, 17, 19, 16, 19, 16, 18, 
11: 0, 0, 22, 0, 16, 16, 0, 0, 0, 0, 14, 0, 21, 16, 11, 0, 0, 15, 0, 0, 16, 17, 0, 0, 0, 15, 0, 18, 0, 13, 19, 0, 0, 0, 0, 19, 23, 0, 0, 0, : 22, 16, 16, 14, 21, 16, 11, 15, 16, 17, 15, 18, 13, 19, 19, 23, 
153: 17, 18, 0, 23, 12, 0, 0, 0, 0, 16, 0, 0, 0, 19, 15, 0, 12, 0, 14, 0, 14, 0, 16, 0, 18, 0, 22, 0, 0, 0, 19, 0, 0, 0, 0, 0, 0, 0, 17, 19, : 17, 18, 23, 12, 16, 19, 15, 12, 14, 14, 16, 18, 22, 19, 17, 19, 


19: 0, 0, 0, 16, 0, 19, 0, 0, 20, 16, 12, 19, 0, 17, 0, 11, 0, 0, 0, 0, 17, 19, 0, 0, 0, 0, 17, 0, 0, 0, 19, 0, 19, 16, 18, 0, 0, 15, 17, 19, : 16, 19, 20, 16, 12, 19, 17, 11, 17, 19, 17, 19, 19, 16, 18, 15, 17, 19, 
20: 0, 13, 13, 20, 0, 0, 0, 16, 13, 0, 16, 18, 0, 0, 0, 21, 0, 0, 0, 0, 0, 14, 17, 0, 0, 0, 19, 0, 14, 16, 16, 13, 0, 0, 10, 18, 18, 0, 0, 0, : 13, 13, 20, 16, 13, 16, 18, 21, 14, 17, 19, 14, 16, 16, 13, 10, 18, 18, 
10: 0, 0, 0, 0, 0, 0, 18, 21, 0, 15, 0, 18, 0, 19, 0, 19, 0, 0, 17, 13, 0, 17, 13, 0, 19, 13, 0, 0, 18, 0, 0, 18, 14, 0, 0, 0, 15, 0, 17, 17, : 18, 21, 15, 18, 19, 19, 17, 13, 17, 13, 19, 13, 18, 18, 14, 15, 17, 17, 
57: 0, 0, 12, 14, 21, 15, 17, 14, 18, 0, 14, 0, 0, 18, 20, 0, 18, 0, 19, 0, 0, 0, 0, 21, 0, 18, 0, 0, 0, 0, 0, 0, 15, 21, 0, 0, 0, 18, 0, 12, : 12, 14, 21, 15, 17, 14, 18, 14, 18, 20, 18, 19, 21, 18, 15, 21, 18, 12, 
32: 19, 22, 0, 0, 0, 13, 20, 0, 0, 0, 0, 0, 0, 0, 0, 16, 0, 23, 21, 22, 0, 0, 19, 0, 18, 0, 17, 0, 14, 15, 0, 0, 0, 0, 0, 19, 0, 13, 0, 0, : 19, 22, 13, 20, 16, 23, 21, 22, 19, 18, 17, 14, 15, 19, 13, 
9: 19, 0, 0, 0, 14, 19, 0, 0, 21, 0, 16, 0, 17, 0, 20, 18, 0, 0, 0, 19, 14, 17, 20, 19, 11, 15, 19, 0, 15, 0, 0, 14, 0, 0, 18, 0, 18, 0, 0, 14, : 19, 14, 19, 21, 16, 17, 20, 18, 19, 14, 17, 20, 19, 11, 15, 19, 15, 14, 18, 18, 14, 
250: 0, 20, 22, 21, 21, 19, 16, 17, 0, 0, 0, 0, 0, 0, 18, 0, 23, 18, 0, 0, 15, 0, 18, 18, 17, 17, 0, 0, 0, 0, 12, 0, 18, 0, 0, 13, 0, 15, 0, 0, : 20, 22, 21, 21, 19, 16, 17, 18, 23, 18, 15, 18, 18, 17, 17, 12, 18, 13, 15, 
137: 0, 0, 16, 0, 11, 0, 12, 19, 0, 21, 0, 0, 19, 16, 0, 13, 23, 0, 0, 0, 18, 0, 0, 0, 0, 17, 0, 14, 0, 16, 16, 19, 22, 17, 19, 0, 0, 0, 0, 0, : 16, 11, 12, 19, 21, 19, 16, 13, 23, 18, 17, 14, 16, 16, 19, 22, 17, 19, 
188: 0, 0, 0, 0, 21, 0, 0, 17, 0, 0, 17, 18, 0, 0, 0, 0, 0, 0, 0, 0, 22, 0, 20, 16, 0, 0, 16, 18, 0, 17, 16, 0, 0, 18, 0, 18, 0, 0, 0, 0, : 21, 17, 17, 18, 22, 20, 16, 16, 18, 17, 16, 18, 18, 
284: 12, 0, 20, 0, 14, 0, 0, 0, 0, 0, 0, 13, 10, 20, 0, 0, 0, 20, 18, 0, 16, 22, 14, 0, 18, 0, 11, 18, 0, 11, 19, 0, 0, 0, 0, 0, 0, 0, 0, 0, : 12, 20, 14, 13, 10, 20, 20, 18, 16, 22, 14, 18, 11, 18, 11, 19, 
129: 18, 17, 0, 17, 0, 0, 0, 0, 16, 13, 19, 18, 18, 0, 0, 0, 11, 15, 0, 18, 0, 0, 0, 0, 16, 0, 0, 19, 0, 0, 0, 0, 19, 0, 16, 0, 16, 0, 0, 0, : 18, 17, 17, 16, 13, 19, 18, 18, 11, 15, 18, 16, 19, 19, 16, 16, 
278: 20, 16, 19, 20, 16, 22, 14, 0, 0, 17, 20, 16, 0, 18, 13, 14, 0, 0, 0, 0, 12, 0, 0, 0, 0, 18, 15, 17, 0, 20, 0, 0, 0, 0, 20, 13, 18, 0, 13, 15, : 20, 16, 19, 20, 16, 22, 14, 17, 20, 16, 18, 13, 14, 12, 18, 15, 17, 20, 20, 13, 18, 13, 15, 
74: 17, 20, 0, 0, 0, 0, 15, 17, 13, 17, 19, 0, 13, 0, 11, 0, 15, 0, 14, 0, 0, 0, 0, 16, 18, 0, 20, 15, 19, 0, 0, 18, 17, 13, 0, 0, 15, 21, 19, 0, : 17, 20, 15, 17, 13, 17, 19, 13, 11, 15, 14, 16, 18, 20, 15, 19, 18, 17, 13, 15, 21, 19, 
108: 19, 0, 16, 14, 0, 15, 0, 0, 0, 0, 0, 0, 16, 0, 0, 21, 15, 16, 17, 15, 0, 13, 0, 0, 0, 0, 0, 0, 16, 18, 18, 0, 0, 0, 23, 17, 12, 14, 14, 0, : 19, 16, 14, 15, 16, 21, 15, 16, 17, 15, 13, 16, 18, 18, 23, 17, 12, 14, 14, 
194: 0, 12, 0, 0, 0, 17, 19, 0, 0, 21, 0, 18, 20, 0, 0, 0, 16, 14, 0, 17, 0, 0, 0, 12, 13, 16, 0, 21, 0, 0, 15, 14, 0, 11, 0, 19, 0, 21, 0, 21, : 12, 17, 19, 21, 18, 20, 16, 14, 17, 12, 13, 16, 21, 15, 14, 11, 19, 21, 21, 
27: 13, 0, 16, 0, 0, 0, 0, 0, 17, 0, 0, 0, 0, 13, 0, 17, 0, 0, 15, 14, 0, 13, 14, 0, 0, 19, 0, 0, 0, 0, 0, 17, 13, 22, 0, 0, 0, 0, 14, 18, : 13, 16, 17, 13, 17, 15, 14, 13, 14, 19, 17, 13, 22, 14, 18, 
152: 0, 0, 0, 0, 0, 0, 0, 0, 0, 13, 0, 0, 0, 10, 20, 0, 13, 17, 0, 0, 0, 20, 0, 0, 0, 0, 16, 11, 15, 0, 0, 19, 0, 19, 13, 0, 21, 17, 21, 0, : 13, 10, 20, 13, 17, 20, 16, 11, 15, 19, 19, 13, 21, 17, 21, 
225: 0, 13, 16, 16, 0, 0, 0, 12, 16, 0, 17, 12, 0, 0, 16, 0, 0, 12, 0, 17, 21, 0, 0, 13, 20, 0, 0, 0, 0, 18, 19, 0, 0, 13, 0, 17, 0, 16, 0, 0, : 13, 16, 16, 12, 16, 17, 12, 16, 12, 17, 21, 13, 20, 18, 19, 13, 17, 16, 
58: 0, 17, 0, 0, 17, 11, 0, 17, 0, 0, 0, 0, 18, 19, 18, 0, 16, 15, 16, 15, 0, 0, 15, 16, 0, 0, 0, 0, 21, 19, 0, 0, 13, 0, 13, 16, 0, 0, 14, 13, : 17, 17, 11, 17, 18, 19, 18, 16, 15, 16, 15, 15, 16, 21, 19, 13, 13, 16, 14, 13, 
42: 13, 0, 0, 12, 15, 0, 19, 0, 16, 17, 0, 0, 19, 0, 14, 0, 0, 0, 13, 0, 15, 15, 0, 19, 0, 17, 0, 17, 18, 0, 0, 18, 0, 0, 0, 0, 17, 0, 21, 21, : 13, 12, 15, 19, 16, 17, 19, 14, 13, 15, 15, 19, 17, 17, 18, 18, 17, 21, 21, 


243: 0, 18, 0, 0, 0, 0, 0, 0, 15, 17, 18, 0, 0, 0, 0, 23, 18, 18, 0, 0, 21, 0, 0, 0, 12, 17, 19, 0, 0, 0, 0, 0, 0, 0, 0, 19, 0, 0, 14, 18, : 18, 15, 17, 18, 23, 18, 18, 21, 12, 17, 19, 19, 14, 18, 
191: 0, 11, 13, 0, 20, 0, 16, 18, 12, 14, 0, 0, 14, 17, 0, 16, 0, 0, 0, 12, 0, 0, 16, 0, 0, 19, 0, 17, 16, 0, 18, 0, 0, 0, 0, 19, 0, 0, 18, 0, : 11, 13, 20, 16, 18, 12, 14, 14, 17, 16, 12, 16, 19, 17, 16, 18, 19, 18, 
201: 0, 20, 0, 14, 0, 17, 19, 0, 0, 14, 12, 19, 0, 0, 14, 0, 18, 0, 0, 0, 12, 0, 0, 15, 0, 0, 0, 13, 14, 0, 0, 15, 16, 0, 16, 17, 18, 13, 20, 18, : 20, 14, 17, 19, 14, 12, 19, 14, 18, 12, 15, 13, 14, 15, 16, 16, 17, 18, 13, 20, 18, 
102: 0, 0, 0, 0, 0, 21, 0, 17, 0, 0, 0, 20, 0, 21, 0, 0, 19, 17, 18, 0, 0, 0, 0, 0, 15, 0, 17, 0, 0, 0, 18, 0, 15, 0, 14, 20, 0, 0, 0, 18, : 21, 17, 20, 21, 19, 17, 18, 15, 17, 18, 15, 14, 20, 18, 
244: 0, 19, 0, 0, 0, 0, 0, 13, 0, 0, 21, 0, 0, 14, 14, 12, 0, 14, 22, 0, 17, 23, 14, 0, 0, 0, 0, 0, 16, 19, 13, 0, 15, 14, 0, 0, 0, 0, 0, 0, : 19, 13, 21, 14, 14, 12, 14, 22, 17, 23, 14, 16, 19, 13, 15, 14, 
66: 12, 0, 18, 13, 11, 0, 16, 0, 19, 0, 20, 20, 0, 0, 0, 0, 0, 0, 16, 0, 16, 16, 0, 0, 0, 17, 0, 0, 0, 0, 0, 16, 0, 0, 20, 0, 13, 17, 19, 0, : 12, 18, 13, 11, 16, 19, 20, 20, 16, 16, 16, 17, 16, 20, 13, 17, 19, 
4: 19, 0, 20, 10, 0, 19, 0, 0, 17, 0, 0, 14, 0, 20, 16, 0, 24, 15, 20, 19, 13, 0, 22, 16, 20, 12, 0, 17, 11, 12, 19, 0, 0, 18, 19, 19, 14, 16, 0, 19, : 19, 20, 10, 19, 17, 14, 20, 16, 24, 15, 20, 19, 13, 22, 16, 20, 12, 17, 11, 12, 19, 18, 19, 19, 14, 16, 19, 
124: 14, 14, 21, 15, 15, 0, 0, 21, 0, 0, 12, 13, 16, 15, 14, 0, 13, 0, 0, 17, 0, 0, 15, 0, 12, 21, 17, 21, 20, 0, 0, 17, 18, 0, 18, 0, 13, 0, 0, 12, : 14, 14, 21, 15, 15, 21, 12, 13, 16, 15, 14, 13, 17, 15, 12, 21, 17, 21, 20, 17, 18, 18, 13, 12, 
119: 0, 0, 0, 0, 0, 19, 12, 0, 0, 0, 0, 0, 0, 0, 0, 0, 0, 0, 0, 15, 0, 19, 0, 15, 16, 0, 13, 20, 0, 14, 14, 0, 15, 18, 0, 0, 17, 0, 0, 0, : 19, 12, 15, 19, 15, 16, 13, 20, 14, 14, 15, 18, 17, 
123: 16, 0, 10, 22, 14, 0, 18, 0, 0, 17, 0, 0, 18, 0, 15, 13, 11, 0, 18, 0, 15, 14, 0, 13, 19, 0, 15, 0, 0, 18, 0, 0, 18, 0, 0, 14, 15, 17, 0, 0, : 16, 10, 22, 14, 18, 17, 18, 15, 13, 11, 18, 15, 14, 13, 19, 15, 18, 18, 14, 15, 17, 
182: 0, 14, 23, 0, 14, 18, 0, 16, 18, 0, 0, 0, 12, 17, 0, 13, 0, 0, 0, 18, 0, 0, 0, 0, 16, 0, 16, 0, 0, 19, 0, 0, 16, 17, 17, 0, 0, 17, 12, 19, : 14, 23, 14, 18, 16, 18, 12, 17, 13, 18, 16, 16, 19, 16, 17, 17, 17, 12, 19, 
238: 0, 0, 15, 14, 0, 0, 0, 0, 17, 0, 0, 0, 17, 0, 0, 0, 0, 0, 0, 23, 16, 20, 0, 20, 19, 0, 0, 0, 0, 0, 18, 0, 19, 17, 0, 0, 22, 0, 18, 0, : 15, 14, 17, 17, 23, 16, 20, 20, 19, 18, 19, 17, 22, 18, 
28: 0, 21, 0, 0, 22, 15, 13, 12, 21, 0, 0, 12, 0, 16, 0, 0, 0, 23, 10, 19, 0, 0, 15, 0, 21, 0, 13, 0, 20, 0, 0, 17, 0, 0, 0, 0, 0, 0, 0, 0, : 21, 22, 15, 13, 12, 21, 12, 16, 23, 10, 19, 15, 21, 13, 20, 17, 
45: 18, 0, 0, 0, 0, 13, 0, 19, 0, 18, 0, 0, 16, 0, 19, 21, 13, 0, 0, 0, 0, 0, 0, 0, 0, 0, 0, 11, 19, 19, 0, 18, 18, 0, 0, 0, 0, 0, 0, 17, : 18, 13, 19, 18, 16, 19, 21, 13, 11, 19, 19, 18, 18, 17, 
101: 17, 0, 0, 17, 21, 15, 0, 17, 0, 11, 19, 0, 0, 16, 23, 22, 0, 0, 0, 11, 0, 16, 15, 15, 0, 10, 0, 0, 0, 0, 19, 15, 0, 0, 0, 13, 0, 21, 0, 0, : 17, 17, 21, 15, 17, 11, 19, 16, 23, 22, 11, 16, 15, 15, 10, 19, 15, 13, 21, 
161: 19, 0, 16, 0, 19, 0, 17, 0, 0, 0, 0, 20, 17, 0, 21, 12, 0, 20, 12, 0, 0, 14, 15, 0, 0, 0, 0, 0, 0, 0, 18, 0, 0, 19, 19, 0, 0, 16, 16, 15, : 19, 16, 19, 17, 20, 17, 21, 12, 20, 12, 14, 15, 18, 19, 19, 16, 16, 15, 
6: 17, 16, 0, 23, 0, 0, 0, 17, 18, 0, 21, 0, 0, 0, 14, 18, 19, 17, 18, 0, 0, 14, 0, 0, 0, 22, 17, 17, 0, 16, 13, 14, 0, 17, 13, 0, 0, 16, 0, 0, : 17, 16, 23, 17, 18, 21, 14, 18, 19, 17, 18, 14, 22, 17, 17, 16, 13, 14, 17, 13, 16, 
294: 18, 0, 0, 0, 0, 0, 0, 0, 0, 22, 0, 12, 19, 0, 0, 0, 0, 0, 16, 0, 0, 0, 19, 20, 0, 15, 0, 16, 16, 0, 0, 0, 0, 16, 14, 15, 0, 0, 0, 0, : 18, 22, 12, 19, 16, 19, 20, 15, 16, 16, 16, 14, 15, 
35: 0, 0, 0, 22, 0, 0, 21, 0, 0, 16, 13, 0, 21, 0, 0, 0, 15, 10, 0, 0, 16, 14, 19, 20, 0, 0, 0, 18, 0, 14, 0, 19, 0, 0, 0, 14, 19, 0, 17, 14, : 22, 21, 16, 13, 21, 15, 10, 16, 14, 19, 20, 18, 14, 19, 14, 19, 17, 14, 
186: 0, 17, 14, 0, 14, 13, 18, 0, 13, 21, 14, 20, 0, 14, 0, 0, 0, 16, 0, 16, 24, 0, 0, 16, 0, 17, 23, 0, 18, 19, 0, 19, 0, 14, 0, 0, 19, 17, 16, 0, : 17, 14, 14, 13, 18, 13, 21, 14, 20, 14, 16, 16, 24, 16, 17, 23, 18, 19, 19, 14, 19, 17, 16, 


166: 14, 0, 17, 0, 21, 0, 0, 0, 0, 0, 15, 18, 0, 19, 0, 0, 12, 22, 18, 0, 18, 0, 21, 0, 19, 0, 0, 0, 15, 0, 0, 11, 0, 0, 12, 0, 0, 0, 0, 12, : 14, 17, 21, 15, 18, 19, 12, 22, 18, 18, 21, 19, 15, 11, 12, 12, 
275: 17, 16, 0, 18, 19, 18, 13, 0, 0, 18, 0, 0, 15, 0, 0, 0, 0, 0, 0, 14, 0, 13, 17, 0, 17, 14, 12, 0, 21, 18, 0, 16, 18, 0, 0, 15, 21, 20, 0, 0, : 17, 16, 18, 19, 18, 13, 18, 15, 14, 13, 17, 17, 14, 12, 21, 18, 16, 18, 15, 21, 20, 
114: 0, 0, 14, 0, 19, 14, 17, 17, 18, 0, 0, 0, 16, 20, 0, 17, 0, 16, 0, 19, 0, 0, 0, 15, 0, 0, 19, 18, 0, 0, 0, 0, 0, 0, 21, 0, 0, 0, 22, 11, : 14, 19, 14, 17, 17, 18, 16, 20, 17, 16, 19, 15, 19, 18, 21, 22, 11, 
48: 18, 0, 0, 0, 11, 18, 0, 0, 0, 16, 20, 0, 0, 0, 0, 0, 0, 0, 17, 0, 0, 21, 17, 0, 0, 0, 0, 16, 0, 14, 0, 0, 10, 21, 0, 16, 0, 17, 18, 20, : 18, 11, 18, 16, 20, 17, 21, 17, 16, 14, 10, 21, 16, 17, 18, 20, 
217: 0, 17, 0, 11, 14, 0, 0, 0, 21, 0, 0, 12, 22, 15, 0, 0, 15, 17, 0, 0, 19, 0, 0, 14, 17, 17, 0, 0, 19, 16, 0, 0, 0, 18, 16, 0, 16, 18, 14, 0, : 17, 11, 14, 21, 12, 22, 15, 15, 17, 19, 14, 17, 17, 19, 16, 18, 16, 16, 18, 14, 
49: 15, 0, 0, 16, 0, 0, 0, 18, 17, 0, 0, 0, 0, 16, 0, 15, 0, 15, 0, 0, 0, 15, 0, 21, 14, 0, 17, 0, 13, 0, 17, 18, 0, 0, 15, 20, 19, 19, 0, 12, : 15, 16, 18, 17, 16, 15, 15, 15, 21, 14, 17, 13, 17, 18, 15, 20, 19, 19, 12, 
84: 16, 14, 0, 0, 0, 16, 0, 0, 15, 12, 0, 18, 0, 0, 0, 21, 20, 13, 0, 0, 0, 0, 0, 0, 14, 0, 0, 20, 16, 0, 0, 15, 0, 0, 18, 21, 0, 0, 20, 0, : 16, 14, 16, 15, 12, 18, 21, 20, 13, 14, 20, 16, 15, 18, 21, 20, 
38: 0, 0, 0, 0, 0, 0, 17, 0, 0, 21, 19, 16, 0, 22, 14, 0, 0, 0, 14, 19, 0, 19, 0, 0, 17, 19, 17, 16, 16, 0, 0, 0, 20, 0, 0, 0, 13, 17, 11, 0, : 17, 21, 19, 16, 22, 14, 14, 19, 19, 17, 19, 17, 16, 16, 20, 13, 17, 11, 
99: 0, 16, 18, 0, 15, 0, 20, 0, 16, 0, 14, 0, 0, 13, 20, 17, 18, 15, 0, 0, 13, 0, 0, 0, 0, 0, 0, 20, 0, 19, 0, 21, 0, 0, 0, 17, 16, 0, 18, 21, : 16, 18, 15, 20, 16, 14, 13, 20, 17, 18, 15, 13, 20, 19, 21, 17, 16, 18, 21, 
25: 0, 0, 0, 0, 14, 0, 0, 21, 0, 0, 18, 0, 18, 0, 15, 11, 0, 0, 15, 0, 22, 16, 15, 14, 0, 19, 16, 0, 0, 17, 18, 17, 16, 21, 0, 0, 0, 0, 17, 15, : 14, 21, 18, 18, 15, 11, 15, 22, 16, 15, 14, 19, 16, 17, 18, 17, 16, 21, 17, 15, 
92: 0, 15, 16, 21, 0, 15, 0, 16, 12, 20, 0, 15, 0, 0, 0, 0, 16, 0, 17, 18, 0, 0, 18, 18, 21, 11, 0, 15, 18, 19, 13, 0, 0, 0, 0, 21, 0, 0, 0, 22, : 15, 16, 21, 15, 16, 12, 20, 15, 16, 17, 18, 18, 18, 21, 11, 15, 18, 19, 13, 21, 22, 
245: 0, 0, 17, 15, 0, 0, 15, 13, 0, 18, 13, 20, 16, 0, 20, 0, 0, 0, 0, 21, 0, 18, 0, 0, 17, 17, 18, 0, 14, 0, 18, 0, 17, 15, 0, 0, 0, 16, 0, 0, : 17, 15, 15, 13, 18, 13, 20, 16, 20, 21, 18, 17, 17, 18, 14, 18, 17, 15, 16, 
212: 0, 0, 18, 0, 0, 0, 0, 0, 0, 0, 0, 0, 19, 13, 21, 18, 0, 0, 0, 0, 18, 0, 19, 0, 0, 17, 16, 16, 0, 12, 0, 0, 0, 0, 20, 0, 20, 0, 0, 0, : 18, 19, 13, 21, 18, 18, 19, 17, 16, 16, 12, 20, 20, 
104: 18, 16, 16, 18, 17, 0, 0, 15, 0, 0, 0, 0, 19, 14, 0, 0, 18, 15, 0, 0, 0, 0, 0, 0, 0, 0, 20, 0, 0, 0, 20, 0, 0, 18, 10, 0, 0, 0, 16, 0, : 18, 16, 16, 18, 17, 15, 19, 14, 18, 15, 20, 20, 18, 10, 16, 
51: 0, 0, 0, 0, 0, 15, 17, 0, 16, 0, 19, 21, 0, 0, 0, 14, 18, 0, 14, 0, 14, 13, 0, 16, 0, 0, 0, 0, 0, 20, 16, 18, 20, 18, 0, 0, 0, 14, 0, 0, : 15, 17, 16, 19, 21, 14, 18, 14, 14, 13, 16, 20, 16, 18, 20, 18, 14, 
106: 0, 0, 0, 0, 0, 0, 0, 17, 0, 15, 0, 0, 0, 0, 15, 0, 0, 17, 0, 15, 13, 0, 16, 0, 0, 19, 0, 14, 18, 0, 0, 18, 13, 0, 0, 13, 14, 14, 0, 18, : 17, 15, 15, 17, 15, 13, 16, 19, 14, 18, 18, 13, 13, 14, 14, 18, 
216: 16, 18, 18, 15, 20, 18, 18, 0, 0, 0, 15, 0, 11, 0, 20, 19, 0, 0, 14, 0, 18, 18, 0, 19, 0, 17, 0, 0, 0, 0, 0, 0, 0, 16, 0, 0, 0, 0, 0, 0, : 16, 18, 18, 15, 20, 18, 18, 15, 11, 20, 19, 14, 18, 18, 19, 17, 16, 
157: 20, 21, 16, 20, 0, 0, 16, 0, 18, 15, 0, 0, 0, 0, 0, 0, 17, 0, 0, 14, 0, 0, 13, 17, 0, 0, 0, 0, 0, 15, 18, 16, 0, 13, 18, 11, 0, 15, 14, 0, : 20, 21, 16, 20, 16, 18, 15, 17, 14, 13, 17, 15, 18, 16, 13, 18, 11, 15, 14, 
131: 16, 0, 0, 0, 0, 19, 0, 16, 0, 15, 17, 15, 14, 18, 12, 18, 16, 0, 19, 16, 0, 17, 0, 16, 0, 0, 0, 0, 0, 0, 17, 0, 17, 10, 20, 0, 16, 0, 0, 0, : 16, 19, 16, 15, 17, 15, 14, 18, 12, 18, 16, 19, 16, 17, 16, 17, 17, 10, 20, 16, 
273: 0, 17, 0, 16, 0, 17, 17, 17, 17, 0, 0, 15, 0, 0, 13, 0, 0, 20, 22, 14, 15, 0, 14, 0, 14, 0, 15, 15, 0, 0, 13, 0, 19, 0, 0, 16, 15, 0, 0, 19, : 17, 16, 17, 17, 17, 17, 15, 13, 20, 22, 14, 15, 14, 14, 15, 15, 13, 19, 16, 15, 19, 


16: 0, 0, 13, 16, 0, 16, 0, 15, 0, 17, 18, 0, 18, 14, 0, 0, 18, 0, 19, 0, 24, 19, 0, 16, 18, 16, 16, 19, 0, 0, 0, 0, 0, 0, 13, 0, 15, 0, 16, 0, : 13, 16, 16, 15, 17, 18, 18, 14, 18, 19, 24, 19, 16, 18, 16, 16, 19, 13, 15, 16, 
288: 0, 15, 0, 0, 0, 18, 14, 20, 21, 0, 13, 20, 22, 20, 0, 17, 15, 18, 0, 0, 0, 11, 0, 0, 16, 0, 11, 22, 13, 0, 0, 0, 0, 0, 19, 19, 0, 0, 0, 0, : 15, 18, 14, 20, 21, 13, 20, 22, 20, 17, 15, 18, 11, 16, 11, 22, 13, 19, 19, 
43: 19, 22, 17, 0, 0, 15, 17, 0, 16, 13, 0, 0, 0, 0, 0, 0, 0, 0, 13, 0, 17, 24, 0, 0, 0, 18, 0, 10, 0, 0, 18, 19, 14, 20, 0, 15, 0, 17, 0, 0, : 19, 22, 17, 15, 17, 16, 13, 13, 17, 24, 18, 10, 18, 19, 14, 20, 15, 17, 
185: 0, 0, 0, 0, 14, 0, 16, 0, 0, 0, 0, 13, 0, 0, 15, 16, 14, 17, 0, 18, 17, 0, 17, 0, 16, 0, 0, 0, 20, 18, 14, 0, 0, 0, 0, 20, 0, 0, 0, 0, : 14, 16, 13, 15, 16, 14, 17, 18, 17, 17, 16, 20, 18, 14, 20, 
246: 13, 0, 0, 15, 0, 0, 0, 0, 17, 0, 0, 0, 17, 22, 0, 0, 0, 0, 0, 16, 12, 19, 0, 0, 13, 16, 0, 0, 0, 19, 18, 0, 16, 19, 16, 0, 0, 19, 0, 18, : 13, 15, 17, 17, 22, 16, 12, 19, 13, 16, 19, 18, 16, 19, 16, 19, 18, 
262: 11, 18, 0, 17, 0, 0, 0, 18, 12, 0, 0, 19, 0, 0, 14, 0, 0, 17, 0, 0, 21, 0, 0, 17, 0, 0, 0, 0, 0, 0, 11, 21, 16, 19, 0, 0, 0, 0, 13, 0, : 11, 18, 17, 18, 12, 19, 14, 17, 21, 17, 11, 21, 16, 19, 13, 
218: 20, 0, 0, 0, 16, 18, 19, 0, 18, 0, 18, 20, 0, 0, 0, 15, 0, 19, 0, 0, 0, 0, 0, 20, 17, 15, 14, 13, 0, 21, 0, 0, 0, 0, 0, 0, 15, 0, 0, 17, : 20, 16, 18, 19, 18, 18, 20, 15, 19, 20, 17, 15, 14, 13, 21, 15, 17, 
154: 16, 0, 16, 19, 19, 0, 0, 14, 0, 11, 12, 0, 0, 17, 0, 16, 15, 0, 18, 13, 0, 0, 0, 0, 0, 13, 0, 19, 17, 12, 0, 20, 0, 0, 0, 0, 19, 19, 17, 0, : 16, 16, 19, 19, 14, 11, 12, 17, 16, 15, 18, 13, 13, 19, 17, 12, 20, 19, 19, 17, 
198: 14, 0, 18, 17, 16, 0, 0, 14, 16, 20, 0, 0, 0, 0, 0, 19, 0, 0, 0, 0, 0, 0, 0, 0, 21, 20, 0, 0, 15, 17, 0, 0, 0, 14, 0, 0, 13, 0, 18, 0, : 14, 18, 17, 16, 14, 16, 20, 19, 21, 20, 15, 17, 14, 13, 18, 
61: 0, 0, 0, 0, 13, 0, 17, 0, 13, 17, 17, 12, 17, 16, 17, 0, 22, 15, 0, 17, 0, 0, 22, 0, 20, 0, 19, 19, 11, 0, 0, 12, 19, 0, 0, 0, 0, 20, 0, 16, : 13, 17, 13, 17, 17, 12, 17, 16, 17, 22, 15, 17, 22, 20, 19, 19, 11, 12, 19, 20, 16, 
298: 0, 17, 19, 19, 0, 0, 0, 0, 0, 18, 0, 0, 14, 0, 0, 0, 18, 21, 0, 0, 11, 17, 12, 0, 0, 15, 0, 0, 12, 0, 10, 14, 11, 0, 18, 0, 20, 16, 19, 14, : 17, 19, 19, 18, 14, 18, 21, 11, 17, 12, 15, 12, 10, 14, 11, 18, 20, 16, 19, 14, 
220: 0, 14, 0, 21, 0, 18, 15, 0, 0, 0, 0, 0, 0, 13, 0, 0, 17, 14, 0, 21, 14, 0, 0, 0, 0, 0, 18, 0, 21, 11, 22, 0, 21, 11, 11, 0, 20, 12, 0, 19, : 14, 21, 18, 15, 13, 17, 14, 21, 14, 18, 21, 11, 22, 21, 11, 11, 20, 12, 19, 
171: 23, 10, 14, 0, 18, 20, 0, 22, 18, 0, 0, 15, 12, 17, 17, 17, 0, 0, 16, 0, 16, 13, 19, 18, 0, 0, 0, 0, 23, 17, 0, 18, 16, 0, 21, 20, 19, 13, 0, 0, : 23, 10, 14, 18, 20, 22, 18, 15, 12, 17, 17, 17, 16, 16, 13, 19, 18, 23, 17, 18, 16, 21, 20, 19, 13, 
37: 0, 0, 18, 0, 0, 0, 22, 17, 0, 0, 0, 19, 14, 0, 21, 20, 0, 0, 0, 13, 0, 17, 0, 0, 0, 0, 17, 0, 0, 0, 22, 0, 0, 19, 0, 17, 0, 0, 0, 0, : 18, 22, 17, 19, 14, 21, 20, 13, 17, 17, 22, 19, 17, 
29: 0, 0, 0, 0, 0, 14, 0, 0, 0, 16, 19, 0, 20, 16, 19, 0, 0, 0, 0, 12, 0, 0, 14, 13, 0, 16, 17, 15, 0, 0, 0, 16, 18, 0, 15, 0, 13, 0, 0, 0, : 14, 16, 19, 20, 16, 19, 12, 14, 13, 16, 17, 15, 16, 18, 15, 13, 
232: 0, 13, 0, 12, 0, 17, 0, 18, 19, 0, 19, 0, 0, 0, 13, 14, 0, 0, 17, 22, 0, 0, 20, 12, 0, 0, 18, 0, 18, 18, 0, 0, 19, 0, 0, 0, 0, 16, 14, 17, : 13, 12, 17, 18, 19, 19, 13, 14, 17, 22, 20, 12, 18, 18, 18, 19, 16, 14, 17, 
159: 0, 21, 14, 0, 0, 0, 13, 0, 0, 18, 18, 0, 0, 0, 16, 16, 0, 0, 14, 0, 0, 15, 14, 18, 15, 0, 0, 0, 0, 0, 19, 0, 0, 0, 0, 12, 16, 18, 19, 0, : 21, 14, 13, 18, 18, 16, 16, 14, 15, 14, 18, 15, 19, 12, 16, 18, 19, 
267: 16, 20, 0, 0, 15, 0, 0, 0, 0, 20, 0, 0, 16, 15, 0, 0, 16, 15, 19, 0, 18, 0, 0, 15, 0, 0, 0, 17, 0, 17, 16, 19, 0, 15, 0, 18, 0, 0, 0, 17, : 16, 20, 15, 20, 16, 15, 16, 15, 19, 18, 15, 17, 17, 16, 19, 15, 18, 17, 
144: 18, 0, 21, 14, 19, 0, 0, 12, 0, 0, 0, 15, 0, 0, 0, 0, 15, 14, 20, 18, 0, 0, 18, 21, 14, 0, 20, 0, 0, 0, 0, 0, 0, 18, 17, 13, 0, 0, 18, 14, : 18, 21, 14, 19, 12, 15, 15, 14, 20, 18, 18, 21, 14, 20, 18, 17, 13, 18, 14, 
204: 0, 0, 0, 0, 20, 14, 17, 0, 0, 0, 16, 17, 0, 0, 18, 0, 0, 0, 14, 0, 0, 15, 14, 0, 0, 21, 0, 16, 0, 0, 0, 11, 0, 15, 20, 16, 0, 0, 16, 18, : 20, 14, 17, 16, 17, 18, 14, 15, 14, 21, 16, 11, 15, 20, 16, 16, 18, 


40: 18, 0, 0, 0, 0, 19, 0, 18, 16, 20, 0, 0, 19, 0, 11, 19, 0, 0, 20, 21, 0, 0, 0, 0, 15, 0, 17, 0, 18, 18, 0, 0, 0, 0, 0, 0, 18, 15, 22, 16, : 18, 19, 18, 16, 20, 19, 11, 19, 20, 21, 15, 17, 18, 18, 18, 15, 22, 16, 
227: 16, 0, 18, 0, 0, 0, 0, 0, 0, 0, 15, 0, 0, 11, 0, 15, 0, 15, 0, 16, 0, 0, 0, 14, 0, 19, 17, 16, 0, 13, 0, 19, 21, 0, 0, 0, 15, 0, 0, 0, : 16, 18, 15, 11, 15, 15, 16, 14, 19, 17, 16, 13, 19, 21, 15, 
268: 0, 0, 17, 0, 0, 0, 18, 14, 0, 0, 19, 16, 0, 22, 0, 0, 20, 20, 12, 21, 0, 0, 17, 20, 20, 0, 0, 15, 17, 18, 0, 21, 0, 0, 17, 18, 17, 0, 17, 16, : 17, 18, 14, 19, 16, 22, 20, 20, 12, 21, 17, 20, 20, 15, 17, 18, 21, 17, 18, 17, 17, 16, 
145: 0, 0, 0, 0, 0, 0, 0, 0, 0, 21, 0, 20, 11, 0, 0, 0, 0, 19, 0, 0, 17, 0, 12, 0, 19, 0, 0, 0, 0, 0, 18, 13, 0, 0, 16, 0, 0, 15, 0, 0, : 21, 20, 11, 19, 17, 12, 19, 18, 13, 16, 15, 
205: 14, 14, 12, 12, 0, 0, 20, 0, 12, 0, 0, 12, 0, 0, 20, 15, 17, 0, 0, 0, 0, 0, 0, 18, 0, 0, 0, 0, 0, 13, 13, 14, 16, 17, 0, 19, 0, 0, 15, 0, : 14, 14, 12, 12, 20, 12, 12, 20, 15, 17, 18, 13, 13, 14, 16, 17, 19, 15, 
116: 17, 0, 0, 0, 20, 17, 0, 0, 0, 12, 11, 0, 19, 0, 17, 0, 19, 0, 0, 0, 0, 0, 0, 0, 0, 0, 19, 18, 0, 0, 17, 0, 0, 15, 0, 18, 0, 12, 0, 15, : 17, 20, 17, 12, 11, 19, 17, 19, 19, 18, 17, 15, 18, 12, 15, 
276: 18, 19, 16, 0, 0, 0, 20, 16, 0, 0, 0, 0, 0, 0, 0, 0, 0, 12, 16, 15, 15, 17, 16, 16, 0, 21, 0, 0, 13, 20, 0, 0, 15, 0, 0, 0, 15, 0, 0, 0, : 18, 19, 16, 20, 16, 12, 16, 15, 15, 17, 16, 16, 21, 13, 20, 15, 15, 
15: 0, 0, 20, 0, 0, 15, 0, 16, 18, 0, 0, 0, 0, 19, 0, 0, 0, 0, 15, 0, 0, 15, 19, 0, 0, 20, 14, 0, 19, 0, 19, 0, 19, 0, 18, 0, 0, 0, 0, 17, : 20, 15, 16, 18, 19, 15, 15, 19, 20, 14, 19, 19, 19, 18, 17, 
285: 0, 0, 16, 20, 0, 0, 16, 21, 0, 17, 17, 18, 22, 14, 0, 0, 0, 0, 0, 17, 0, 18, 0, 0, 0, 0, 15, 0, 13, 16, 18, 0, 0, 0, 17, 0, 0, 0, 16, 13, : 16, 20, 16, 21, 17, 17, 18, 22, 14, 17, 18, 15, 13, 16, 18, 17, 16, 13, 
8: 12, 0, 0, 0, 18, 0, 11, 20, 20, 0, 20, 19, 0, 10, 15, 14, 0, 0, 0, 19, 18, 18, 13, 0, 16, 14, 18, 0, 0, 0, 0, 18, 18, 0, 0, 16, 0, 0, 13, 21, : 12, 18, 11, 20, 20, 20, 19, 10, 15, 14, 19, 18, 18, 13, 16, 14, 18, 18, 18, 16, 13, 21, 
261: 0, 16, 0, 21, 13, 12, 19, 0, 0, 0, 0, 0, 14, 0, 0, 0, 18, 19, 0, 0, 0, 18, 15, 0, 17, 11, 0, 0, 21, 20, 0, 0, 0, 15, 0, 15, 0, 14, 0, 0, : 16, 21, 13, 12, 19, 14, 18, 19, 18, 15, 17, 11, 21, 20, 15, 15, 14, 
140: 0, 16, 0, 19, 20, 20, 0, 17, 20, 19, 20, 0, 17, 0, 21, 0, 13, 0, 0, 13, 19, 0, 0, 0, 14, 0, 0, 0, 0, 13, 12, 15, 0, 20, 13, 16, 0, 0, 0, 0, : 16, 19, 20, 20, 17, 20, 19, 20, 17, 21, 13, 13, 19, 14, 13, 12, 15, 20, 13, 16, 
287: 0, 0, 18, 0, 0, 0, 0, 0, 0, 15, 0, 0, 19, 0, 19, 0, 0, 17, 20, 15, 17, 13, 0, 0, 0, 17, 0, 0, 0, 0, 0, 0, 21, 23, 18, 15, 18, 0, 15, 0, : 18, 15, 19, 19, 17, 20, 15, 17, 13, 17, 21, 23, 18, 15, 18, 15, 
135: 18, 18, 0, 0, 20, 0, 16, 11, 11, 0, 0, 0, 0, 0, 0, 12, 0, 15, 21, 0, 0, 13, 20, 17, 0, 17, 0, 13, 15, 0, 20, 17, 13, 20, 19, 0, 15, 18, 0, 0, : 18, 18, 20, 16, 11, 11, 12, 15, 21, 13, 20, 17, 17, 13, 15, 20, 17, 13, 20, 19, 15, 18, 
79: 18, 0, 0, 14, 13, 14, 0, 0, 0, 10, 15, 21, 0, 20, 19, 22, 0, 12, 0, 0, 13, 20, 22, 16, 11, 13, 0, 17, 0, 19, 0, 0, 0, 14, 0, 0, 13, 16, 0, 18, : 18, 14, 13, 14, 10, 15, 21, 20, 19, 22, 12, 13, 20, 22, 16, 11, 13, 17, 19, 14, 13, 16, 18, 
103: 19, 0, 14, 13, 20, 19, 17, 0, 0, 0, 0, 12, 0, 19, 15, 0, 18, 0, 18, 0, 19, 0, 0, 17, 0, 0, 0, 0, 19, 0, 19, 0, 0, 13, 0, 0, 0, 18, 0, 0, : 19, 14, 13, 20, 19, 17, 12, 19, 15, 18, 18, 19, 17, 19, 19, 13, 18, 
160: 0, 20, 0, 0, 13, 0, 0, 0, 16, 0, 0, 17, 0, 0, 0, 21, 15, 21, 15, 0, 0, 0, 0, 0, 20, 0, 21, 18, 0, 0, 0, 21, 0, 0, 15, 0, 0, 0, 17, 0, : 20, 13, 16, 17, 21, 15, 21, 15, 20, 21, 18, 21, 15, 17, 
209: 0, 12, 0, 17, 13, 16, 0, 17, 20, 21, 12, 15, 19, 18, 0, 14, 12, 0, 13, 0, 15, 0, 0, 0, 18, 0, 0, 13, 15, 0, 0, 0, 0, 13, 0, 17, 17, 24, 20, 0, : 12, 17, 13, 16, 17, 20, 21, 12, 15, 19, 18, 14, 12, 13, 15, 18, 13, 15, 13, 17, 17, 24, 20, 
55: 0, 17, 0, 20, 0, 0, 13, 0, 0, 15, 21, 0, 0, 17, 13, 18, 18, 0, 0, 0, 17, 18, 0, 20, 0, 18, 12, 20, 0, 0, 0, 0, 15, 0, 17, 16, 22, 0, 15, 14, : 17, 20, 13, 15, 21, 17, 13, 18, 18, 17, 18, 20, 18, 12, 20, 15, 17, 16, 22, 15, 14, 
147: 0, 18, 19, 14, 0, 18, 0, 0, 17, 0, 0, 0, 10, 0, 0, 0, 0, 0, 0, 13, 0, 0, 16, 12, 0, 0, 17, 20, 0, 0, 14, 12, 12, 0, 0, 0, 0, 18, 0, 20, : 18, 19, 14, 18, 17, 10, 13, 16, 12, 17, 20, 14, 12, 12, 18, 20, 


133: 18, 18, 0, 17, 0, 12, 0, 20, 19, 0, 13, 15, 0, 18, 0, 16, 17, 17, 0, 0, 20, 17, 13, 22, 0, 0, 0, 15, 0, 0, 16, 0, 18, 14, 18, 15, 0, 0, 0, 0, : 18, 18, 17, 12, 20, 19, 13, 15, 18, 16, 17, 17, 20, 17, 13, 22, 15, 16, 18, 14, 18, 15, 
149: 18, 0, 0, 0, 17, 0, 19, 17, 23, 0, 0, 0, 17, 0, 16, 10, 0, 0, 19, 0, 0, 0, 0, 0, 19, 0, 15, 0, 18, 18, 15, 0, 19, 0, 0, 14, 0, 23, 0, 0, : 18, 17, 19, 17, 23, 17, 16, 10, 19, 19, 15, 18, 18, 15, 19, 14, 23, 
248: 17, 17, 0, 19, 14, 0, 0, 17, 15, 0, 0, 0, 0, 16, 0, 0, 0, 0, 20, 15, 0, 0, 22, 0, 0, 17, 17, 19, 0, 19, 19, 0, 0, 0, 24, 0, 16, 18, 15, 15, : 17, 17, 19, 14, 17, 15, 16, 20, 15, 22, 17, 17, 19, 19, 19, 24, 16, 18, 15, 15, 
178: 0, 0, 0, 0, 0, 18, 20, 0, 0, 0, 20, 16, 0, 0, 0, 19, 17, 16, 0, 16, 0, 14, 16, 0, 15, 0, 0, 0, 0, 0, 14, 15, 0, 0, 0, 0, 12, 0, 16, 16, : 18, 20, 20, 16, 19, 17, 16, 16, 14, 16, 15, 14, 15, 12, 16, 16, 
78: 15, 0, 16, 0, 17, 18, 0, 0, 13, 11, 0, 13, 15, 18, 0, 0, 0, 18, 0, 0, 16, 0, 0, 22, 0, 0, 14, 0, 0, 14, 0, 0, 17, 20, 0, 0, 21, 0, 18, 0, : 15, 16, 17, 18, 13, 11, 13, 15, 18, 18, 16, 22, 14, 14, 17, 20, 21, 18, 
187: 0, 0, 0, 13, 12, 0, 0, 0, 0, 0, 17, 0, 16, 0, 0, 16, 0, 0, 14, 0, 0, 18, 21, 0, 0, 0, 0, 15, 13, 0, 16, 0, 0, 16, 14, 18, 20, 0, 15, 0, : 13, 12, 17, 16, 16, 14, 18, 21, 15, 13, 16, 16, 14, 18, 20, 15, 
142: 0, 0, 0, 20, 0, 18, 0, 18, 0, 0, 0, 0, 0, 15, 0, 0, 0, 0, 0, 15, 0, 0, 10, 0, 0, 0, 0, 0, 17, 19, 0, 14, 15, 0, 0, 10, 21, 0, 0, 0, : 20, 18, 18, 15, 15, 10, 17, 19, 14, 15, 10, 21, 
257: 0, 0, 17, 0, 19, 20, 0, 0, 15, 0, 18, 18, 0, 0, 14, 0, 17, 16, 0, 18, 17, 17, 0, 16, 0, 19, 17, 0, 15, 0, 17, 19, 0, 0, 15, 0, 14, 0, 17, 0, : 17, 19, 20, 15, 18, 18, 14, 17, 16, 18, 17, 17, 16, 19, 17, 15, 17, 19, 15, 14, 17, 
85: 18, 0, 15, 0, 0, 11, 19, 14, 0, 14, 0, 0, 15, 12, 16, 0, 16, 18, 14, 20, 16, 0, 0, 0, 0, 0, 0, 16, 0, 17, 0, 16, 0, 17, 0, 17, 0, 17, 16, 0, : 18, 15, 11, 19, 14, 14, 15, 12, 16, 16, 18, 14, 20, 16, 16, 17, 16, 17, 17, 17, 16, 
143: 15, 0, 0, 16, 18, 0, 0, 15, 0, 18, 17, 0, 19, 18, 20, 16, 0, 0, 15, 20, 0, 0, 0, 0, 15, 15, 15, 18, 0, 0, 17, 0, 17, 20, 13, 0, 0, 0, 21, 0, : 15, 16, 18, 15, 18, 17, 19, 18, 20, 16, 15, 20, 15, 15, 15, 18, 17, 17, 20, 13, 21, 
41: 0, 16, 0, 0, 0, 0, 13, 14, 16, 0, 17, 17, 0, 16, 10, 0, 21, 0, 0, 0, 17, 16, 15, 0, 0, 0, 0, 16, 19, 17, 0, 0, 0, 0, 0, 0, 18, 16, 16, 0, : 16, 13, 14, 16, 17, 17, 16, 10, 21, 17, 16, 15, 16, 19, 17, 18, 16, 16, 
13: 17, 0, 0, 0, 0, 19, 17, 0, 0, 18, 0, 20, 0, 0, 0, 0, 16, 0, 18, 0, 14, 15, 0, 18, 22, 14, 0, 0, 17, 0, 17, 0, 16, 0, 0, 0, 12, 13, 16, 15, : 17, 19, 17, 18, 20, 16, 18, 14, 15, 18, 22, 14, 17, 17, 16, 12, 13, 16, 15, 
256: 0, 15, 16, 0, 20, 17, 0, 0, 13, 17, 0, 0, 21, 0, 20, 0, 17, 19, 16, 0, 0, 0, 16, 12, 12, 13, 0, 15, 15, 0, 0, 17, 0, 0, 18, 0, 0, 13, 0, 15, : 15, 16, 20, 17, 13, 17, 21, 20, 17, 19, 16, 16, 12, 12, 13, 15, 15, 17, 18, 13, 15, 
214: 0, 19, 20, 0, 0, 0, 16, 0, 0, 17, 16, 16, 0, 0, 0, 0, 0, 0, 0, 14, 0, 0, 0, 15, 0, 0, 16, 0, 0, 14, 0, 18, 16, 0, 19, 0, 0, 0, 0, 17, : 19, 20, 16, 17, 16, 16, 14, 15, 16, 14, 18, 16, 19, 17, 
269: 0, 15, 15, 17, 16, 0, 0, 19, 0, 0, 0, 17, 0, 19, 0, 21, 0, 15, 0, 0, 0, 0, 19, 0, 17, 16, 19, 0, 17, 0, 19, 16, 0, 17, 0, 17, 0, 0, 0, 21, : 15, 15, 17, 16, 19, 17, 19, 21, 15, 19, 17, 16, 19, 17, 19, 16, 17, 17, 21, 
231: 0, 0, 16, 16, 0, 0, 0, 0, 19, 0, 0, 0, 16, 0, 0, 16, 11, 0, 16, 0, 16, 20, 0, 10, 0, 21, 18, 0, 0, 0, 0, 18, 0, 0, 15, 25, 0, 18, 0, 16, : 16, 16, 19, 16, 16, 11, 16, 16, 20, 10, 21, 18, 18, 15, 25, 18, 16, 
228: 0, 18, 18, 16, 17, 0, 11, 0, 0, 0, 19, 0, 0, 0, 17, 19, 0, 0, 0, 0, 14, 21, 18, 0, 0, 15, 0, 0, 0, 17, 0, 0, 0, 15, 14, 0, 0, 0, 0, 18, : 18, 18, 16, 17, 11, 19, 17, 19, 14, 21, 18, 15, 17, 15, 14, 18, 
100: 16, 0, 0, 0, 0, 0, 0, 0, 0, 15, 0, 0, 0, 0, 16, 0, 0, 18, 0, 18, 0, 0, 0, 18, 13, 20, 19, 0, 0, 15, 0, 0, 0, 0, 0, 16, 0, 0, 0, 0, : 16, 15, 16, 18, 18, 18, 13, 20, 19, 15, 16, 
203: 0, 15, 17, 0, 0, 0, 20, 16, 17, 22, 13, 0, 17, 0, 21, 0, 18, 13, 18, 0, 20, 12, 0, 0, 16, 0, 0, 19, 19, 0, 0, 0, 16, 15, 0, 18, 0, 16, 0, 0, : 15, 17, 20, 16, 17, 22, 13, 17, 21, 18, 13, 18, 20, 12, 16, 19, 19, 16, 15, 18, 16, 
165: 16, 17, 0, 16, 0, 17, 15, 0, 0, 18, 0, 18, 14, 18, 0, 17, 0, 0, 0, 14, 0, 0, 0, 17, 21, 0, 0, 17, 0, 0, 0, 17, 16, 16, 0, 0, 16, 16, 0, 17, : 16, 17, 16, 17, 15, 18, 18, 14, 18, 17, 14, 17, 21, 17, 17, 16, 16, 16, 16, 17, 


279: 0, 0, 0, 0, 15, 0, 0, 14, 0, 0, 0, 0, 17, 0, 0, 15, 0, 0, 21, 18, 18, 16, 14, 16, 20, 14, 0, 0, 0, 17, 0, 0, 0, 15, 15, 15, 16, 0, 0, 0, : 15, 14, 17, 15, 21, 18, 18, 16, 14, 16, 20, 14, 17, 15, 15, 15, 16, 
134: 0, 0, 18, 13, 17, 12, 21, 0, 0, 0, 0, 16, 16, 0, 0, 0, 20, 15, 14, 17, 21, 16, 0, 17, 13, 0, 14, 15, 14, 0, 0, 0, 0, 17, 0, 0, 0, 16, 0, 0, : 18, 13, 17, 12, 21, 16, 16, 20, 15, 14, 17, 21, 16, 17, 13, 14, 15, 14, 17, 16, 
14: 17, 0, 0, 0, 0, 16, 0, 0, 14, 0, 17, 18, 21, 18, 14, 0, 17, 12, 16, 15, 10, 0, 17, 20, 0, 17, 17, 0, 0, 0, 0, 14, 18, 24, 0, 0, 19, 0, 17, 14, : 17, 16, 14, 17, 18, 21, 18, 14, 17, 12, 16, 15, 10, 17, 20, 17, 17, 14, 18, 24, 19, 17, 14, 
173: 20, 0, 0, 17, 20, 0, 0, 0, 22, 17, 12, 0, 0, 0, 17, 0, 0, 0, 22, 0, 19, 0, 18, 0, 0, 0, 0, 0, 18, 0, 22, 19, 0, 0, 0, 0, 0, 18, 0, 16, : 20, 17, 20, 22, 17, 12, 17, 22, 19, 18, 18, 22, 19, 18, 16, 
105: 0, 20, 19, 23, 0, 0, 0, 0, 0, 21, 0, 0, 0, 0, 16, 0, 0, 0, 0, 0, 0, 0, 13, 0, 18, 15, 0, 16, 0, 14, 0, 0, 15, 0, 0, 17, 0, 0, 18, 22, : 20, 19, 23, 21, 16, 13, 18, 15, 16, 14, 15, 17, 18, 22, 
118: 0, 0, 0, 16, 0, 14, 0, 14, 0, 0, 0, 0, 0, 14, 18, 15, 15, 16, 0, 0, 18, 16, 0, 0, 0, 16, 20, 0, 0, 0, 18, 0, 0, 0, 17, 16, 0, 15, 0, 0, : 16, 14, 14, 14, 18, 15, 15, 16, 18, 16, 16, 20, 18, 17, 16, 15, 
290: 19, 0, 0, 22, 0, 24, 17, 0, 19, 14, 0, 14, 0, 0, 0, 0, 14, 23, 0, 16, 0, 17, 0, 0, 14, 0, 15, 0, 21, 0, 16, 0, 16, 16, 0, 0, 0, 20, 20, 0, : 19, 22, 24, 17, 19, 14, 14, 14, 23, 16, 17, 14, 15, 21, 16, 16, 16, 20, 20, 
254: 0, 0, 0, 13, 14, 18, 18, 15, 0, 13, 14, 13, 0, 0, 0, 0, 0, 14, 0, 0, 0, 0, 21, 16, 0, 0, 0, 14, 10, 0, 0, 0, 18, 0, 16, 0, 20, 18, 0, 0, : 13, 14, 18, 18, 15, 13, 14, 13, 14, 21, 16, 14, 10, 18, 16, 20, 18, 
241: 0, 0, 14, 0, 19, 0, 0, 22, 0, 19, 19, 13, 0, 17, 0, 18, 0, 23, 15, 0, 0, 0, 0, 14, 0, 19, 19, 10, 14, 21, 0, 0, 14, 0, 17, 0, 14, 0, 14, 15, : 14, 19, 22, 19, 19, 13, 17, 18, 23, 15, 14, 19, 19, 10, 14, 21, 14, 17, 14, 14, 15, 
62: 0, 0, 13, 0, 13, 18, 0, 0, 15, 14, 0, 0, 15, 0, 23, 24, 0, 0, 0, 13, 0, 0, 0, 0, 0, 0, 0, 17, 0, 0, 20, 13, 0, 14, 17, 0, 0, 0, 19, 0, : 13, 13, 18, 15, 14, 15, 23, 24, 13, 17, 20, 13, 14, 17, 19, 
3: 0, 19, 0, 0, 14, 0, 0, 16, 16, 19, 0, 0, 0, 16, 0, 0, 24, 17, 15, 0, 14, 0, 0, 0, 19, 20, 0, 0, 23, 11, 14, 15, 0, 0, 0, 0, 15, 15, 0, 0, : 19, 14, 16, 16, 19, 16, 24, 17, 15, 14, 19, 20, 23, 11, 14, 15, 15, 15, 
181: 11, 0, 0, 0, 0, 0, 15, 0, 0, 0, 17, 0, 19, 17, 0, 15, 0, 17, 16, 0, 16, 0, 0, 0, 0, 0, 11, 0, 0, 23, 15, 0, 24, 15, 23, 21, 0, 0, 14, 0, : 11, 15, 17, 19, 17, 15, 17, 16, 16, 11, 23, 15, 24, 15, 23, 21, 14, 
222: 14, 19, 19, 16, 24, 16, 0, 0, 0, 0, 21, 14, 18, 0, 15, 17, 14, 0, 16, 21, 0, 14, 19, 19, 0, 0, 0, 21, 0, 17, 13, 14, 0, 18, 15, 16, 0, 15, 15, 13, : 14, 19, 19, 16, 24, 16, 21, 14, 18, 15, 17, 14, 16, 21, 14, 19, 19, 21, 17, 13, 14, 18, 15, 16, 15, 15, 13, 
33: 0, 15, 18, 0, 14, 0, 16, 0, 14, 0, 0, 22, 14, 0, 0, 0, 0, 0, 0, 0, 0, 12, 0, 0, 0, 0, 0, 0, 20, 0, 0, 23, 14, 17, 0, 0, 0, 19, 0, 20, : 15, 18, 14, 16, 14, 22, 14, 12, 20, 23, 14, 17, 19, 20, 
96: 0, 11, 0, 0, 0, 0, 16, 16, 0, 0, 0, 21, 0, 0, 0, 0, 14, 0, 0, 0, 16, 0, 17, 19, 0, 12, 15, 0, 14, 0, 12, 0, 0, 0, 0, 15, 16, 0, 15, 0, : 11, 16, 16, 21, 14, 16, 17, 19, 12, 15, 14, 12, 15, 16, 15, 
270: 18, 14, 22, 0, 0, 0, 20, 0, 16, 0, 14, 0, 0, 16, 0, 0, 16, 13, 0, 17, 0, 17, 0, 0, 17, 16, 0, 18, 16, 0, 0, 0, 0, 0, 0, 19, 17, 0, 0, 0, : 18, 14, 22, 20, 16, 14, 16, 16, 13, 17, 17, 17, 16, 18, 16, 19, 17, 
168: 0, 0, 0, 14, 0, 19, 13, 16, 0, 0, 0, 0, 0, 16, 0, 16, 16, 0, 0, 0, 0, 18, 16, 19, 15, 0, 19, 0, 0, 14, 0, 0, 17, 0, 15, 0, 15, 0, 0, 14, : 14, 19, 13, 16, 16, 16, 16, 18, 16, 19, 15, 19, 14, 17, 15, 15, 14, 
282: 16, 15, 11, 16, 0, 13, 0, 19, 18, 0, 21, 0, 0, 14, 17, 16, 0, 0, 15, 18, 0, 24, 0, 0, 16, 21, 0, 19, 0, 0, 0, 16, 14, 0, 0, 17, 0, 0, 0, 0, : 16, 15, 11, 16, 13, 19, 18, 21, 14, 17, 16, 15, 18, 24, 16, 21, 19, 16, 14, 17, 
280: 16, 21, 16, 0, 0, 0, 0, 0, 16, 18, 15, 0, 14, 22, 16, 14, 0, 0, 0, 0, 0, 0, 0, 0, 18, 0, 0, 0, 0, 12, 20, 18, 0, 14, 15, 0, 18, 14, 18, 20, : 16, 21, 16, 16, 18, 15, 14, 22, 16, 14, 18, 12, 20, 18, 14, 15, 18, 14, 18, 20, 
223: 19, 16, 0, 0, 0, 0, 14, 18, 0, 15, 0, 19, 16, 0, 14, 0, 0, 0, 0, 15, 18, 0, 15, 10, 0, 0, 20, 20, 0, 21, 0, 18, 0, 0, 0, 14, 0, 0, 0, 16, : 19, 16, 14, 18, 15, 19, 16, 14, 15, 18, 15, 10, 20, 20, 21, 18, 14, 16, 


177: 21, 14, 0, 0, 0, 0, 14, 0, 14, 0, 0, 0, 14, 21, 0, 0, 0, 20, 0, 18, 20, 0, 0, 15, 17, 0, 17, 0, 18, 20, 13, 0, 0, 0, 15, 14, 18, 17, 0, 0, : 21, 14, 14, 14, 14, 21, 20, 18, 20, 15, 17, 17, 18, 20, 13, 15, 14, 18, 17, 
195: 0, 0, 0, 21, 15, 0, 18, 15, 17, 0, 18, 0, 0, 0, 0, 21, 0, 0, 15, 0, 15, 16, 12, 0, 15, 16, 15, 0, 18, 0, 0, 0, 0, 13, 13, 13, 0, 13, 0, 12, : 21, 15, 18, 15, 17, 18, 21, 15, 15, 16, 12, 15, 16, 15, 18, 13, 13, 13, 13, 12, 
239: 16, 19, 24, 0, 20, 0, 0, 17, 19, 13, 18, 17, 18, 0, 0, 0, 0, 0, 0, 0, 11, 21, 13, 0, 0, 19, 0, 0, 0, 0, 0, 0, 0, 14, 0, 0, 0, 0, 0, 13, : 16, 19, 24, 20, 17, 19, 13, 18, 17, 18, 11, 21, 13, 19, 14, 13, 
286: 0, 0, 0, 0, 0, 14, 0, 0, 0, 0, 0, 21, 16, 19, 21, 18, 21, 0, 0, 0, 0, 0, 0, 19, 0, 0, 16, 15, 0, 16, 0, 0, 0, 0, 0, 15, 21, 13, 0, 0, : 14, 21, 16, 19, 21, 18, 21, 19, 16, 15, 16, 15, 21, 13, 
21: 18, 0, 19, 0, 22, 0, 0, 0, 15, 0, 15, 15, 17, 14, 19, 12, 17, 0, 0, 15, 17, 0, 0, 0, 0, 0, 0, 0, 0, 0, 18, 13, 0, 22, 16, 15, 20, 12, 20, 0, : 18, 19, 22, 15, 15, 15, 17, 14, 19, 12, 17, 15, 17, 18, 13, 22, 16, 15, 20, 12, 20, 
125: 19, 0, 0, 13, 0, 19, 0, 22, 12, 0, 15, 18, 0, 0, 0, 0, 20, 20, 17, 17, 15, 14, 0, 0, 14, 0, 0, 18, 18, 14, 0, 0, 20, 22, 0, 19, 13, 0, 0, 0, : 19, 13, 19, 22, 12, 15, 18, 20, 20, 17, 17, 15, 14, 14, 18, 18, 14, 20, 22, 19, 13, 
46: 0, 0, 17, 11, 0, 14, 0, 0, 0, 0, 19, 18, 0, 0, 0, 12, 0, 0, 0, 0, 0, 14, 0, 0, 21, 0, 0, 0, 15, 0, 0, 11, 0, 0, 22, 0, 14, 0, 11, 0, : 17, 11, 14, 19, 18, 12, 14, 21, 15, 11, 22, 14, 11, 
75: 18, 13, 0, 0, 0, 19, 0, 0, 0, 18, 0, 0, 18, 0, 17, 15, 0, 10, 0, 13, 0, 20, 22, 0, 0, 0, 0, 16, 0, 18, 0, 21, 14, 21, 0, 0, 18, 20, 0, 11, : 18, 13, 19, 18, 18, 17, 15, 10, 13, 20, 22, 16, 18, 21, 14, 21, 18, 20, 11, 
156: 0, 11, 0, 17, 13, 0, 17, 0, 17, 0, 0, 0, 14, 16, 14, 19, 22, 0, 0, 19, 19, 15, 0, 13, 18, 0, 0, 0, 14, 20, 19, 0, 0, 0, 14, 0, 12, 0, 0, 24, : 11, 17, 13, 17, 17, 14, 16, 14, 19, 22, 19, 19, 15, 13, 18, 14, 20, 19, 14, 12, 24, 
197: 0, 0, 0, 16, 0, 0, 13, 19, 0, 0, 15, 0, 0, 0, 17, 20, 0, 0, 0, 0, 0, 0, 0, 23, 17, 17, 23, 13, 18, 15, 0, 0, 16, 0, 21, 13, 0, 0, 0, 14, : 16, 13, 19, 15, 17, 20, 23, 17, 17, 23, 13, 18, 15, 16, 21, 13, 14, 
236: 0, 0, 12, 0, 0, 0, 18, 0, 0, 17, 16, 0, 22, 0, 0, 0, 16, 0, 21, 0, 0, 0, 19, 13, 0, 16, 0, 18, 0, 0, 0, 0, 22, 0, 14, 0, 0, 0, 0, 11, : 12, 18, 17, 16, 22, 16, 21, 19, 13, 16, 18, 22, 14, 11, 
274: 13, 22, 0, 0, 0, 18, 0, 19, 16, 20, 0, 11, 0, 13, 0, 17, 15, 0, 16, 0, 16, 0, 15, 0, 0, 0, 13, 19, 0, 14, 20, 19, 13, 0, 22, 0, 0, 0, 14, 0, : 13, 22, 18, 19, 16, 20, 11, 13, 17, 15, 16, 16, 15, 13, 19, 14, 20, 19, 13, 22, 14, 
148: 13, 0, 16, 17, 17, 0, 20, 0, 0, 18, 0, 0, 0, 17, 0, 0, 0, 15, 18, 0, 0, 24, 0, 0, 13, 20, 0, 22, 0, 14, 0, 19, 18, 12, 0, 0, 0, 0, 24, 0, : 13, 16, 17, 17, 20, 18, 17, 15, 18, 24, 13, 20, 22, 14, 19, 18, 12, 24, 
113: 0, 18, 19, 0, 14, 16, 22, 0, 0, 18, 16, 0, 0, 0, 0, 0, 11, 20, 17, 0, 13, 15, 0, 21, 0, 0, 19, 0, 0, 0, 0, 14, 11, 16, 0, 20, 0, 19, 0, 21, : 18, 19, 14, 16, 22, 18, 16, 11, 20, 17, 13, 15, 21, 19, 14, 11, 16, 20, 19, 21, 
207: 0, 0, 0, 19, 0, 15, 0, 0, 0, 0, 18, 18, 20, 0, 13, 0, 0, 13, 0, 15, 0, 0, 14, 18, 0, 19, 17, 0, 0, 0, 17, 0, 0, 0, 13, 0, 0, 20, 12, 20, : 19, 15, 18, 18, 20, 13, 13, 15, 14, 18, 19, 17, 17, 13, 20, 12, 20, 
67: 0, 14, 16, 0, 0, 22, 0, 14, 19, 0, 0, 0, 11, 0, 0, 0, 0, 21, 0, 23, 0, 0, 23, 15, 0, 15, 0, 14, 15, 0, 16, 18, 0, 0, 0, 0, 0, 0, 0, 0, : 14, 16, 22, 14, 19, 11, 21, 23, 23, 15, 15, 14, 15, 16, 18, 
93: 19, 21, 17, 12, 18, 0, 13, 0, 0, 16, 0, 15, 0, 20, 14, 0, 0, 15, 0, 19, 0, 0, 15, 0, 0, 0, 0, 0, 16, 19, 0, 17, 15, 0, 0, 0, 0, 15, 24, 0, : 19, 21, 17, 12, 18, 13, 16, 15, 20, 14, 15, 19, 15, 16, 19, 17, 15, 15, 24, 
90: 0, 0, 0, 0, 14, 0, 15, 15, 21, 17, 0, 0, 0, 0, 19, 16, 0, 16, 15, 0, 0, 0, 17, 13, 0, 15, 0, 15, 18, 0, 14, 18, 21, 15, 0, 0, 14, 0, 12, 24, : 14, 15, 15, 21, 17, 19, 16, 16, 15, 17, 13, 15, 15, 18, 14, 18, 21, 15, 14, 12, 24, 
210: 0, 0, 0, 24, 17, 13, 0, 12, 0, 0, 0, 0, 0, 14, 16, 0, 12, 0, 10, 0, 0, 0, 0, 0, 18, 0, 15, 0, 0, 0, 19, 0, 0, 0, 0, 21, 0, 21, 13, 0, : 24, 17, 13, 12, 14, 16, 12, 10, 18, 15, 19, 21, 21, 13, 
127: 13, 18, 10, 0, 0, 0, 0, 17, 0, 13, 0, 17, 0, 16, 0, 0, 16, 0, 21, 11, 24, 11, 0, 0, 17, 13, 15, 0, 0, 0, 14, 0, 0, 15, 0, 20, 20, 0, 20, 0, : 13, 18, 10, 17, 13, 17, 16, 16, 21, 11, 24, 11, 17, 13, 15, 14, 15, 20, 20, 20, 


163: 15, 0, 0, 15, 0, 0, 18, 0, 22, 0, 16, 15, 0, 0, 16, 0, 18, 0, 13, 0, 0, 0, 0, 15, 14, 0, 13, 0, 22, 19, 18, 0, 0, 20, 20, 0, 21, 0, 18, 0, : 15, 15, 18, 22, 16, 15, 16, 18, 13, 15, 14, 13, 22, 19, 18, 20, 20, 21, 18, 
12: 0, 0, 18, 17, 0, 15, 0, 0, 12, 23, 0, 20, 20, 0, 15, 0, 0, 0, 20, 0, 21, 17, 0, 0, 15, 14, 0, 16, 13, 15, 0, 0, 14, 0, 14, 0, 0, 0, 13, 0, : 18, 17, 15, 12, 23, 20, 20, 15, 20, 21, 17, 15, 14, 16, 13, 15, 14, 14, 13, 
111: 0, 0, 0, 0, 0, 14, 16, 0, 14, 0, 13, 0, 0, 21, 12, 18, 15, 17, 17, 0, 16, 0, 19, 0, 0, 0, 0, 0, 0, 0, 14, 18, 17, 14, 16, 20, 16, 0, 0, 17, : 14, 16, 14, 13, 21, 12, 18, 15, 17, 17, 16, 19, 14, 18, 17, 14, 16, 20, 16, 17, 
17: 0, 0, 13, 20, 0, 20, 16, 0, 0, 14, 12, 0, 0, 15, 19, 15, 16, 0, 0, 16, 0, 13, 13, 16, 0, 0, 0, 18, 14, 19, 0, 0, 19, 17, 0, 0, 0, 0, 0, 13, : 13, 20, 20, 16, 14, 12, 15, 19, 15, 16, 16, 13, 13, 16, 18, 14, 19, 19, 17, 13, 
26: 0, 0, 0, 0, 0, 18, 0, 0, 25, 0, 19, 18, 17, 17, 18, 12, 17, 12, 20, 0, 0, 0, 18, 0, 16, 17, 0, 0, 0, 0, 0, 15, 0, 0, 14, 13, 21, 0, 18, 0, : 18, 25, 19, 18, 17, 17, 18, 12, 17, 12, 20, 18, 16, 17, 15, 14, 13, 21, 18, 
91: 0, 21, 21, 0, 0, 18, 12, 14, 15, 14, 0, 0, 0, 12, 0, 0, 0, 0, 16, 20, 11, 21, 19, 0, 16, 0, 0, 20, 0, 0, 0, 0, 0, 17, 20, 17, 13, 0, 0, 0, : 21, 21, 18, 12, 14, 15, 14, 12, 16, 20, 11, 21, 19, 16, 20, 17, 20, 17, 13, 
252: 18, 15, 0, 14, 21, 0, 0, 19, 0, 0, 0, 12, 0, 17, 0, 0, 0, 19, 20, 21, 0, 0, 0, 19, 21, 0, 15, 13, 19, 0, 20, 0, 0, 0, 13, 0, 0, 18, 0, 0, : 18, 15, 14, 21, 19, 12, 17, 19, 20, 21, 19, 21, 15, 13, 19, 20, 13, 18, 
189: 18, 15, 0, 18, 0, 0, 0, 16, 0, 10, 0, 0, 10, 0, 18, 0, 0, 0, 0, 0, 0, 0, 0, 0, 15, 16, 0, 0, 0, 0, 0, 18, 15, 14, 0, 0, 0, 20, 17, 20, : 18, 15, 18, 16, 10, 10, 18, 15, 16, 18, 15, 14, 20, 17, 20, 
53: 0, 19, 13, 20, 18, 0, 0, 12, 10, 0, 0, 0, 13, 10, 0, 0, 16, 0, 12, 19, 0, 19, 21, 0, 0, 16, 21, 14, 18, 0, 14, 0, 15, 0, 0, 15, 15, 0, 20, 12, : 19, 13, 20, 18, 12, 10, 13, 10, 16, 12, 19, 19, 21, 16, 21, 14, 18, 14, 15, 15, 15, 20, 12, 
63: 12, 0, 0, 0, 16, 15, 18, 0, 0, 18, 16, 15, 0, 0, 0, 14, 0, 16, 0, 14, 0, 0, 15, 0, 0, 0, 16, 22, 0, 0, 0, 17, 0, 0, 0, 0, 0, 16, 0, 22, : 12, 16, 15, 18, 18, 16, 15, 14, 16, 14, 15, 16, 22, 17, 16, 22, 
192: 20, 0, 0, 0, 14, 0, 21, 0, 19, 0, 0, 0, 17, 0, 0, 0, 0, 0, 0, 0, 0, 18, 0, 17, 0, 0, 0, 0, 0, 16, 17, 15, 0, 19, 17, 0, 0, 19, 13, 12, : 20, 14, 21, 19, 17, 18, 17, 16, 17, 15, 19, 17, 19, 13, 12, 
272: 0, 0, 15, 0, 0, 0, 14, 10, 0, 0, 0, 19, 0, 19, 0, 18, 12, 18, 0, 0, 16, 17, 17, 22, 0, 0, 0, 0, 15, 0, 0, 15, 0, 15, 0, 19, 0, 13, 0, 0, : 15, 14, 10, 19, 19, 18, 12, 18, 16, 17, 17, 22, 15, 15, 15, 19, 13, 
52: 0, 14, 14, 21, 13, 0, 0, 20, 0, 0, 20, 0, 0, 19, 0, 22, 18, 0, 16, 0, 15, 0, 0, 0, 15, 0, 19, 15, 15, 0, 0, 0, 0, 0, 0, 14, 14, 0, 13, 0, : 14, 14, 21, 13, 20, 20, 19, 22, 18, 16, 15, 15, 19, 15, 15, 14, 14, 13, 
240: 13, 0, 19, 13, 0, 0, 0, 17, 0, 14, 0, 0, 0, 0, 0, 18, 0, 0, 0, 14, 0, 0, 17, 15, 0, 0, 0, 0, 0, 14, 0, 0, 17, 0, 0, 23, 18, 0, 22, 0, : 13, 19, 13, 17, 14, 18, 14, 17, 15, 14, 17, 23, 18, 22, 
30: 0, 13, 19, 0, 0, 14, 20, 0, 21, 22, 0, 0, 19, 0, 20, 16, 0, 0, 0, 20, 18, 15, 11, 0, 19, 17, 15, 0, 0, 17, 0, 0, 0, 0, 22, 0, 0, 0, 0, 17, : 13, 19, 14, 20, 21, 22, 19, 20, 16, 20, 18, 15, 11, 19, 17, 15, 17, 22, 17, 
175: 0, 18, 0, 0, 0, 0, 15, 25, 0, 0, 19, 0, 0, 0, 0, 0, 0, 20, 0, 0, 0, 0, 0, 0, 0, 0, 17, 13, 20, 16, 0, 19, 18, 0, 0, 14, 18, 13, 0, 18, : 18, 15, 25, 19, 20, 17, 13, 20, 16, 19, 18, 14, 18, 13, 18, 
234: 20, 22, 0, 0, 16, 19, 0, 0, 12, 0, 0, 21, 21, 0, 0, 0, 0, 17, 0, 0, 19, 19, 0, 14, 0, 15, 0, 19, 14, 0, 19, 0, 16, 13, 0, 0, 14, 0, 0, 0, : 20, 22, 16, 19, 12, 21, 21, 17, 19, 19, 14, 15, 19, 14, 19, 16, 13, 14, 
107: 20, 0, 18, 12, 18, 0, 0, 0, 0, 19, 16, 0, 15, 20, 13, 0, 0, 14, 16, 15, 0, 11, 0, 13, 0, 20, 0, 0, 0, 20, 17, 15, 0, 0, 14, 15, 0, 17, 0, 0, : 20, 18, 12, 18, 19, 16, 15, 20, 13, 14, 16, 15, 11, 13, 20, 20, 17, 15, 14, 15, 17, 
5: 0, 13, 0, 0, 14, 0, 0, 0, 0, 16, 0, 17, 18, 0, 0, 0, 18, 17, 0, 0, 17, 0, 0, 0, 0, 18, 18, 0, 0, 0, 17, 18, 19, 21, 0, 0, 0, 19, 16, 19, : 13, 14, 16, 17, 18, 18, 17, 17, 18, 18, 17, 18, 19, 21, 19, 16, 19, 
120: 14, 0, 0, 0, 20, 17, 0, 17, 0, 0, 19, 13, 0, 0, 19, 17, 20, 0, 0, 11, 17, 0, 0, 19, 19, 17, 16, 0, 0, 14, 14, 0, 0, 0, 0, 0, 0, 15, 0, 0, : 14, 20, 17, 17, 19, 13, 19, 17, 20, 11, 17, 19, 19, 17, 16, 14, 14, 15, 


300: 0, 0, 17, 0, 0, 15, 13, 0, 20, 18, 14, 14, 0, 0, 0, 0, 0, 12, 0, 16, 17, 14, 0, 15, 0, 0, 14, 16, 0, 13, 0, 18, 0, 0, 0, 0, 16, 19, 17, 0, : 17, 15, 13, 20, 18, 14, 14, 12, 16, 17, 14, 15, 14, 16, 13, 18, 16, 19, 17, 
73: 0, 21, 0, 14, 0, 0, 0, 0, 16, 21, 0, 0, 0, 18, 0, 0, 21, 0, 0, 0, 0, 0, 0, 14, 0, 0, 0, 15, 14, 22, 0, 20, 0, 0, 0, 16, 15, 0, 0, 18, : 21, 14, 16, 21, 18, 21, 14, 15, 14, 22, 20, 16, 15, 18, 
271: 16, 0, 23, 0, 16, 0, 19, 0, 0, 14, 0, 0, 0, 0, 0, 21, 20, 0, 0, 0, 17, 0, 0, 18, 19, 19, 15, 0, 20, 0, 14, 0, 0, 19, 13, 14, 15, 0, 20, 12, : 16, 23, 16, 19, 14, 21, 20, 17, 18, 19, 19, 15, 20, 14, 19, 13, 14, 15, 20, 12, 
23: 15, 15, 14, 0, 20, 0, 0, 0, 0, 0, 18, 18, 21, 16, 18, 0, 0, 0, 0, 0, 0, 0, 14, 13, 0, 20, 14, 0, 17, 0, 12, 0, 0, 0, 0, 0, 0, 15, 0, 0, : 15, 15, 14, 20, 18, 18, 21, 16, 18, 14, 13, 20, 14, 17, 12, 15, 
237: 0, 0, 0, 14, 0, 20, 0, 18, 18, 15, 0, 18, 0, 21, 0, 0, 0, 13, 20, 0, 0, 23, 13, 0, 22, 15, 16, 13, 21, 0, 19, 0, 11, 0, 15, 20, 0, 0, 11, 18, : 14, 20, 18, 18, 15, 18, 21, 13, 20, 23, 13, 22, 15, 16, 13, 21, 19, 11, 15, 20, 11, 18, 
193: 0, 0, 14, 0, 13, 20, 13, 0, 18, 0, 0, 16, 17, 18, 17, 11, 0, 0, 18, 0, 15, 0, 15, 21, 0, 20, 0, 16, 18, 0, 0, 20, 12, 0, 21, 0, 0, 0, 14, 10, : 14, 13, 20, 13, 18, 16, 17, 18, 17, 11, 18, 15, 15, 21, 20, 16, 18, 20, 12, 21, 14, 10, 
265: 0, 13, 23, 14, 0, 0, 0, 0, 0, 13, 0, 0, 0, 16, 0, 0, 19, 0, 0, 16, 0, 0, 0, 0, 21, 0, 0, 0, 0, 0, 19, 11, 21, 16, 0, 0, 0, 18, 16, 0, : 13, 23, 14, 13, 16, 19, 16, 21, 19, 11, 21, 16, 18, 16, 
76: 0, 11, 13, 0, 15, 16, 17, 17, 0, 0, 14, 0, 14, 17, 22, 22, 22, 16, 0, 15, 17, 17, 15, 18, 15, 0, 0, 15, 14, 13, 22, 13, 12, 0, 0, 20, 0, 20, 0, 0, : 11, 13, 15, 16, 17, 17, 14, 14, 17, 22, 22, 22, 16, 15, 17, 17, 15, 18, 15, 15, 14, 13, 22, 13, 12, 20, 20, 
259: 0, 0, 0, 0, 0, 0, 0, 15, 12, 0, 16, 16, 0, 15, 0, 13, 0, 14, 14, 0, 0, 18, 0, 0, 14, 0, 0, 18, 17, 0, 0, 15, 18, 16, 14, 0, 14, 15, 20, 0, : 15, 12, 16, 16, 15, 13, 14, 14, 18, 14, 18, 17, 15, 18, 16, 14, 14, 15, 20, 
36: 22, 0, 0, 0, 0, 0, 0, 0, 0, 0, 0, 16, 0, 0, 0, 0, 0, 0, 0, 0, 14, 16, 17, 0, 16, 0, 0, 0, 15, 15, 16, 0, 0, 0, 0, 15, 19, 21, 17, 0, : 22, 16, 14, 16, 17, 16, 15, 15, 16, 15, 19, 21, 17, 
200: 18, 0, 0, 15, 0, 0, 0, 18, 0, 18, 0, 21, 0, 0, 12, 0, 0, 0, 0, 12, 22, 0, 0, 0, 0, 14, 0, 22, 0, 0, 0, 12, 16, 21, 0, 0, 13, 14, 0, 16, : 18, 15, 18, 18, 21, 12, 12, 22, 14, 22, 12, 16, 21, 13, 14, 16, 
97: 18, 19, 16, 0, 17, 0, 0, 19, 20, 0, 18, 0, 17, 13, 20, 20, 0, 17, 21, 14, 14, 0, 0, 0, 0, 0, 19, 0, 0, 18, 14, 0, 20, 12, 16, 17, 20, 0, 0, 0, : 18, 19, 16, 17, 19, 20, 18, 17, 13, 20, 20, 17, 21, 14, 14, 19, 18, 14, 20, 12, 16, 17, 20, 
109: 14, 23, 0, 17, 0, 0, 20, 13, 11, 16, 20, 0, 0, 0, 0, 0, 0, 21, 12, 19, 21, 20, 0, 0, 0, 21, 19, 17, 0, 0, 0, 0, 0, 0, 0, 0, 0, 12, 0, 21, : 14, 23, 17, 20, 13, 11, 16, 20, 21, 12, 19, 21, 20, 21, 19, 17, 12, 21, 
47: 0, 0, 0, 0, 0, 0, 0, 0, 0, 0, 0, 0, 0, 0, 19, 0, 14, 22, 16, 0, 0, 0, 0, 0, 16, 0, 0, 0, 0, 0, 0, 0, 19, 0, 19, 13, 0, 0, 0, 0, : 19, 14, 22, 16, 16, 19, 19, 13, 
22: 0, 14, 0, 0, 16, 0, 17, 12, 0, 0, 17, 0, 15, 16, 14, 14, 13, 0, 0, 0, 0, 0, 14, 14, 0, 0, 14, 0, 0, 16, 0, 21, 0, 0, 15, 0, 18, 0, 0, 0, : 14, 16, 17, 12, 17, 15, 16, 14, 14, 13, 14, 14, 14, 16, 21, 15, 18, 
211: 0, 0, 0, 23, 15, 18, 17, 20, 0, 0, 13, 0, 0, 0, 0, 0, 13, 0, 13, 14, 0, 0, 20, 0, 0, 13, 21, 0, 0, 17, 15, 0, 0, 21, 0, 0, 0, 0, 21, 17, : 23, 15, 18, 17, 20, 13, 13, 13, 14, 20, 13, 21, 17, 15, 21, 21, 17, 
206: 0, 17, 15, 16, 0, 15, 19, 18, 0, 17, 0, 0, 17, 0, 0, 13, 16, 0, 0, 0, 13, 13, 20, 0, 14, 0, 0, 0, 0, 18, 0, 0, 0, 13, 16, 0, 0, 0, 0, 17, : 17, 15, 16, 15, 19, 18, 17, 17, 13, 16, 13, 13, 20, 14, 18, 13, 16, 17, 
230: 10, 17, 0, 0, 17, 13, 0, 0, 16, 0, 0, 0, 14, 0, 15, 19, 0, 0, 20, 22, 0, 14, 22, 14, 0, 0, 0, 18, 0, 0, 0, 0, 21, 14, 0, 0, 20, 0, 14, 0, : 10, 17, 17, 13, 16, 14, 15, 19, 20, 22, 14, 22, 14, 18, 21, 14, 20, 14, 
65: 20, 0, 0, 16, 21, 15, 15, 0, 19, 0, 0, 13, 18, 0, 0, 0, 0, 19, 0, 0, 0, 0, 0, 23, 0, 14, 0, 0, 0, 18, 0, 0, 0, 0, 21, 16, 0, 16, 0, 21, : 20, 16, 21, 15, 15, 19, 13, 18, 19, 23, 14, 18, 21, 16, 16, 21, 
208: 17, 0, 15, 21, 0, 18, 0, 0, 0, 18, 20, 18, 17, 0, 13, 17, 12, 16, 16, 22, 0, 15, 0, 0, 13, 14, 18, 0, 14, 0, 19, 20, 0, 18, 0, 19, 0, 0, 0, 0, : 17, 15, 21, 18, 18, 20, 18, 17, 13, 17, 12, 16, 16, 22, 15, 13, 14, 18, 14, 19, 20, 18, 19, 


126: 0, 0, 16, 18, 0, 18, 0, 21, 0, 0, 0, 18, 22, 15, 15, 13, 18, 20, 0, 18, 20, 13, 20, 12, 0, 0, 0, 18, 0, 0, 0, 0, 0, 0, 14, 0, 14, 0, 10, 17, : 16, 18, 18, 21, 18, 22, 15, 15, 13, 18, 20, 18, 20, 13, 20, 12, 18, 14, 14, 10, 17, 
229: 0, 16, 16, 0, 0, 0, 0, 0, 15, 0, 0, 0, 0, 0, 0, 0, 15, 0, 0, 17, 0, 0, 19, 10, 0, 20, 0, 0, 17, 17, 0, 0, 15, 0, 0, 17, 12, 18, 25, 0, : 16, 16, 15, 15, 17, 19, 10, 20, 17, 17, 15, 17, 12, 18, 25, 
86: 17, 22, 0, 0, 0, 0, 0, 0, 0, 0, 16, 0, 16, 0, 19, 0, 16, 0, 18, 0, 0, 0, 12, 0, 0, 18, 0, 0, 0, 0, 0, 19, 14, 0, 0, 13, 16, 0, 0, 0, : 17, 22, 16, 16, 19, 16, 18, 12, 18, 19, 14, 13, 16, 
255: 0, 0, 0, 0, 20, 17, 21, 16, 15, 0, 0, 25, 15, 17, 19, 0, 13, 0, 0, 0, 16, 16, 18, 0, 0, 17, 0, 18, 21, 0, 0, 14, 0, 13, 19, 0, 19, 0, 0, 0, : 20, 17, 21, 16, 15, 25, 15, 17, 19, 13, 16, 16, 18, 17, 18, 21, 14, 13, 19, 19, 
251: 0, 20, 0, 15, 10, 0, 0, 0, 0, 23, 0, 15, 0, 0, 17, 15, 0, 17, 0, 18, 0, 19, 0, 18, 16, 0, 0, 0, 15, 0, 23, 16, 19, 0, 0, 0, 0, 12, 0, 0, : 20, 15, 10, 23, 15, 17, 15, 17, 18, 19, 18, 16, 15, 23, 16, 19, 12, 
88: 15, 0, 0, 0, 18, 16, 0, 16, 21, 22, 24, 0, 0, 0, 0, 21, 0, 12, 0, 0, 16, 12, 0, 0, 18, 21, 18, 16, 14, 0, 18, 11, 0, 0, 0, 19, 0, 20, 0, 17, : 15, 18, 16, 16, 21, 22, 24, 21, 12, 16, 12, 18, 21, 18, 16, 14, 18, 11, 19, 20, 17, 
190: 0, 0, 15, 20, 0, 0, 0, 11, 15, 0, 0, 0, 0, 0, 0, 15, 16, 0, 17, 18, 16, 18, 16, 0, 24, 0, 0, 0, 0, 19, 18, 17, 0, 0, 0, 0, 0, 0, 16, 0, : 15, 20, 11, 15, 15, 16, 17, 18, 16, 18, 16, 24, 19, 18, 17, 16, 
260: 17, 17, 15, 0, 16, 21, 0, 0, 0, 16, 20, 0, 17, 17, 0, 0, 0, 18, 0, 0, 0, 0, 0, 0, 13, 0, 0, 11, 18, 0, 0, 0, 12, 0, 18, 0, 16, 15, 0, 15, : 17, 17, 15, 16, 21, 16, 20, 17, 17, 18, 13, 11, 18, 12, 18, 16, 15, 15, 
71: 15, 15, 0, 17, 0, 0, 19, 18, 0, 14, 22, 16, 16, 0, 14, 0, 17, 20, 0, 0, 18, 0, 0, 19, 0, 0, 16, 0, 0, 0, 17, 0, 17, 0, 16, 0, 19, 0, 0, 0, : 15, 15, 17, 19, 18, 14, 22, 16, 16, 14, 17, 20, 18, 19, 16, 17, 17, 16, 19, 
115: 0, 0, 0, 15, 15, 0, 0, 0, 14, 0, 15, 17, 14, 16, 0, 0, 15, 0, 19, 0, 0, 0, 10, 17, 0, 0, 20, 0, 0, 14, 0, 18, 15, 0, 0, 16, 0, 20, 14, 16, : 15, 15, 14, 15, 17, 14, 16, 15, 19, 10, 17, 20, 14, 18, 15, 16, 20, 14, 16, 
247: 0, 16, 15, 16, 22, 0, 12, 0, 0, 15, 0, 0, 0, 0, 0, 18, 0, 17, 0, 18, 0, 0, 0, 18, 0, 0, 21, 0, 0, 0, 16, 16, 20, 21, 19, 0, 0, 15, 0, 0, : 16, 15, 16, 22, 12, 15, 18, 17, 18, 18, 21, 16, 16, 20, 21, 19, 15, 
89: 18, 0, 0, 0, 14, 0, 0, 21, 0, 21, 14, 16, 0, 0, 0, 20, 0, 17, 11, 0, 0, 0, 0, 24, 0, 0, 11, 0, 0, 21, 0, 17, 0, 18, 14, 19, 0, 0, 0, 0, : 18, 14, 21, 21, 14, 16, 20, 17, 11, 24, 11, 21, 17, 18, 14, 19, 
70: 0, 0, 0, 0, 17, 0, 18, 17, 0, 13, 0, 0, 0, 15, 19, 0, 0, 0, 0, 12, 18, 0, 18, 0, 10, 11, 12, 0, 16, 0, 16, 0, 0, 15, 15, 0, 0, 0, 0, 0, : 17, 18, 17, 13, 15, 19, 12, 18, 18, 10, 11, 12, 16, 16, 15, 15, 
199: 0, 14, 17, 17, 0, 18, 0, 0, 21, 11, 0, 0, 0, 21, 0, 0, 0, 0, 0, 0, 0, 20, 0, 0, 17, 14, 0, 0, 19, 0, 18, 0, 0, 0, 0, 15, 15, 0, 0, 23, : 14, 17, 17, 18, 21, 11, 21, 20, 17, 14, 19, 18, 15, 15, 23, 
266: 17, 0, 21, 0, 0, 21, 17, 0, 21, 0, 13, 15, 0, 0, 0, 0, 19, 0, 20, 0, 0, 18, 22, 0, 0, 14, 19, 18, 0, 15, 0, 22, 20, 18, 21, 14, 23, 22, 14, 13, : 17, 21, 21, 17, 21, 13, 15, 19, 20, 18, 22, 14, 19, 18, 15, 22, 20, 18, 21, 14, 23, 22, 14, 13, 
39: 0, 0, 0, 0, 0, 12, 0, 0, 0, 0, 12, 0, 17, 16, 0, 14, 0, 0, 20, 0, 12, 0, 0, 0, 19, 0, 0, 13, 12, 15, 11, 0, 0, 15, 0, 22, 0, 15, 0, 0, : 12, 12, 17, 16, 14, 20, 12, 19, 13, 12, 15, 11, 15, 22, 15, 
263: 21, 15, 0, 15, 0, 10, 12, 14, 0, 0, 0, 0, 0, 0, 0, 16, 0, 15, 0, 12, 15, 16, 0, 0, 0, 18, 15, 21, 18, 17, 0, 0, 0, 14, 0, 15, 0, 0, 17, 24, : 21, 15, 15, 10, 12, 14, 16, 15, 12, 15, 16, 18, 15, 21, 18, 17, 14, 15, 17, 24, 
69: 15, 0, 20, 17, 18, 17, 17, 0, 0, 15, 0, 15, 17, 0, 18, 18, 0, 14, 10, 20, 19, 18, 0, 14, 18, 0, 0, 0, 0, 19, 13, 0, 0, 18, 14, 0, 0, 0, 16, 0, : 15, 20, 17, 18, 17, 17, 15, 15, 17, 18, 18, 14, 10, 20, 19, 18, 14, 18, 19, 13, 18, 14, 16, 
110: 15, 15, 0, 0, 0, 0, 18, 16, 17, 0, 0, 13, 0, 18, 15, 0, 0, 0, 20, 17, 0, 0, 0, 0, 0, 17, 18, 15, 0, 0, 0, 0, 0, 0, 0, 0, 0, 0, 23, 13, : 15, 15, 18, 16, 17, 13, 18, 15, 20, 17, 17, 18, 15, 23, 13, 
184: 0, 0, 15, 0, 0, 0, 16, 0, 11, 0, 14, 0, 16, 15, 14, 0, 21, 0, 15, 0, 0, 0, 15, 18, 15, 0, 0, 20, 0, 13, 0, 0, 18, 18, 0, 0, 16, 13, 15, 12, : 15, 16, 11, 14, 16, 15, 14, 21, 15, 15, 18, 15, 20, 13, 18, 18, 16, 13, 15, 12, 


293: 21, 16, 0, 17, 0, 0, 0, 19, 0, 0, 19, 0, 15, 16, 0, 20, 13, 0, 16, 0, 14, 0, 0, 17, 19, 0, 14, 0, 0, 0, 0, 17, 0, 14, 0, 17, 0, 0, 0, 18, : 21, 16, 17, 19, 19, 15, 16, 20, 13, 16, 14, 17, 19, 14, 17, 14, 17, 18, 
155: 17, 17, 0, 0, 0, 18, 19, 0, 14, 0, 22, 0, 17, 15, 15, 0, 0, 0, 0, 16, 0, 0, 13, 0, 19, 0, 10, 0, 19, 0, 15, 17, 0, 18, 0, 0, 16, 17, 16, 0, : 17, 17, 18, 19, 14, 22, 17, 15, 15, 16, 13, 19, 10, 19, 15, 17, 18, 16, 17, 16, 
281: 0, 0, 17, 0, 16, 18, 0, 14, 17, 0, 13, 21, 0, 0, 0, 0, 0, 21, 0, 0, 0, 14, 0, 0, 15, 0, 0, 0, 17, 14, 0, 15, 18, 10, 19, 0, 0, 0, 0, 0, : 17, 16, 18, 14, 17, 13, 21, 21, 14, 15, 17, 14, 15, 18, 10, 19, 
291: 0, 0, 0, 0, 0, 0, 12, 0, 0, 12, 0, 22, 0, 16, 0, 0, 16, 0, 0, 23, 0, 15, 15, 14, 12, 19, 0, 0, 0, 0, 0, 19, 17, 0, 22, 18, 15, 0, 0, 17, : 12, 12, 22, 16, 16, 23, 15, 15, 14, 12, 19, 19, 17, 22, 18, 15, 17, 
18: 17, 0, 23, 17, 19, 15, 16, 18, 0, 21, 18, 0, 14, 0, 18, 0, 0, 23, 0, 16, 15, 0, 15, 16, 21, 15, 0, 20, 0, 18, 14, 0, 0, 0, 0, 13, 0, 0, 0, 15, : 17, 23, 17, 19, 15, 16, 18, 21, 18, 14, 18, 23, 16, 15, 15, 16, 21, 15, 20, 18, 14, 13, 15, 
80: 17, 17, 17, 0, 16, 0, 0, 14, 0, 0, 12, 0, 0, 0, 15, 14, 0, 0, 0, 0, 16, 0, 13, 15, 0, 0, 13, 0, 0, 19, 0, 0, 0, 0, 17, 0, 14, 0, 15, 20, : 17, 17, 17, 16, 14, 12, 15, 14, 16, 13, 15, 13, 19, 17, 14, 15, 20, 
172: 0, 0, 0, 22, 0, 19, 18, 23, 24, 0, 0, 19, 0, 16, 0, 0, 16, 0, 24, 14, 0, 0, 0, 21, 0, 0, 0, 0, 21, 0, 0, 19, 0, 0, 17, 17, 0, 16, 0, 0, : 22, 19, 18, 23, 24, 19, 16, 16, 24, 14, 21, 21, 19, 17, 17, 16, 
2: 0, 0, 13, 17, 0, 0, 0, 14, 23, 13, 0, 13, 18, 0, 16, 16, 17, 0, 0, 0, 0, 14, 0, 0, 0, 15, 0, 11, 12, 19, 17, 0, 16, 19, 14, 0, 18, 18, 21, 0, : 13, 17, 14, 23, 13, 13, 18, 16, 16, 17, 14, 15, 11, 12, 19, 17, 16, 19, 14, 18, 18, 21, 
1: 0, 0, 0, 0, 0, 0, 18, 0, 0, 0, 21, 0, 0, 19, 0, 0, 0, 0, 0, 21, 23, 0, 0, 0, 16, 19, 20, 0, 0, 0, 0, 16, 14, 20, 17, 15, 0, 20, 16, 17, : 18, 21, 19, 21, 23, 16, 19, 20, 16, 14, 20, 17, 15, 20, 16, 17, 
141: 17, 0, 0, 16, 17, 18, 0, 15, 21, 15, 18, 12, 0, 16, 0, 0, 0, 14, 18, 13, 0, 18, 0, 22, 0, 0, 0, 19, 18, 0, 18, 0, 0, 19, 19, 0, 18, 0, 19, 0, : 17, 16, 17, 18, 15, 21, 15, 18, 12, 16, 14, 18, 13, 18, 22, 19, 18, 18, 19, 19, 18, 19, 
169: 14, 13, 0, 11, 12, 16, 21, 0, 16, 17, 12, 13, 16, 0, 0, 17, 19, 0, 0, 0, 15, 24, 22, 0, 0, 17, 16, 12, 0, 16, 15, 0, 19, 0, 0, 0, 18, 14, 0, 0, : 14, 13, 11, 12, 16, 21, 16, 17, 12, 13, 16, 17, 19, 15, 24, 22, 17, 16, 12, 16, 15, 19, 18, 14, 
289: 0, 0, 0, 0, 0, 0, 0, 0, 0, 0, 0, 0, 0, 20, 18, 18, 14, 12, 0, 0, 0, 0, 15, 14, 0, 0, 19, 17, 0, 16, 19, 0, 0, 0, 0, 0, 15, 0, 0, 0, : 20, 18, 18, 14, 12, 15, 14, 19, 17, 16, 19, 15, 
82: 0, 13, 12, 13, 0, 0, 0, 0, 11, 0, 0, 17, 17, 0, 19, 17, 0, 14, 17, 0, 0, 0, 0, 13, 14, 11, 0, 0, 0, 0, 18, 15, 17, 17, 14, 0, 0, 19, 15, 0, : 13, 12, 13, 11, 17, 17, 19, 17, 14, 17, 13, 14, 11, 18, 15, 17, 17, 14, 19, 15, 
233: 0, 0, 0, 0, 17, 0, 15, 0, 0, 22, 0, 16, 0, 17, 16, 17, 22, 0, 13, 0, 0, 0, 16, 0, 0, 20, 0, 19, 12, 0, 0, 0, 16, 0, 0, 20, 19, 0, 0, 21, : 17, 15, 22, 16, 17, 16, 17, 22, 13, 16, 20, 19, 12, 16, 20, 19, 21, 
139: 0, 22, 17, 18, 0, 0, 0, 0, 0, 0, 15, 0, 15, 0, 0, 0, 17, 18, 17, 0, 12, 13, 0, 0, 0, 0, 19, 21, 20, 15, 0, 0, 0, 13, 11, 0, 0, 17, 0, 11, : 22, 17, 18, 15, 15, 17, 18, 17, 12, 13, 19, 21, 20, 15, 13, 11, 17, 11, 
98: 18, 0, 17, 0, 0, 13, 13, 12, 0, 11, 0, 0, 0, 0, 0, 0, 0, 0, 14, 17, 22, 0, 24, 0, 0, 20, 0, 0, 18, 0, 0, 0, 0, 0, 0, 19, 0, 14, 20, 16, : 18, 17, 13, 13, 12, 11, 14, 17, 22, 24, 20, 18, 19, 14, 20, 16, 
242: 0, 0, 18, 0, 20, 0, 0, 0, 0, 0, 0, 0, 20, 0, 17, 15, 0, 17, 0, 12, 18, 17, 0, 0, 20, 0, 20, 0, 0, 0, 0, 0, 12, 0, 0, 0, 0, 0, 18, 15, : 18, 20, 20, 17, 15, 17, 12, 18, 17, 20, 20, 12, 18, 15, 
164: 0, 17, 0, 0, 0, 21, 0, 0, 13, 0, 0, 17, 0, 0, 0, 0, 16, 16, 19, 18, 0, 13, 0, 18, 0, 0, 0, 12, 13, 19, 16, 0, 0, 0, 0, 16, 0, 15, 0, 0, : 17, 21, 13, 17, 16, 16, 19, 18, 13, 18, 12, 13, 19, 16, 16, 15, 
297: 13, 17, 0, 0, 13, 12, 18, 0, 11, 17, 0, 0, 0, 15, 16, 16, 0, 0, 0, 0, 0, 0, 17, 0, 0, 0, 19, 19, 0, 0, 18, 16, 21, 20, 0, 15, 0, 0, 10, 0, : 13, 17, 13, 12, 18, 11, 17, 15, 16, 16, 17, 19, 19, 18, 16, 21, 20, 15, 10, 
128: 16, 18, 16, 19, 20, 0, 0, 21, 0, 22, 0, 0, 18, 0, 0, 0, 0, 15, 12, 0, 15, 22, 0, 0, 14, 14, 0, 0, 0, 14, 0, 16, 0, 0, 0, 0, 17, 0, 0, 0, : 16, 18, 16, 19, 20, 21, 22, 18, 15, 12, 15, 22, 14, 14, 14, 16, 17, 


