
100
40
150
2

12: 16, 0, 0, 13, 0, 0, 19, 19, 19, 19, 0, 0, 0, 0, 0, 0, 0, 17, 0, 0, 0, 0, 0, 0, 0, 0, 16, 20, 0, 16, 0, 16, 0, 0, 0, 18, 16, 19, 0, 0, 0, 15, 0, 0, 0, 19, 19, 0, 13, 0, 22, 0, 0, 0, 0, 0, 0, 17, 0, 13, 0, 13, 13, 18, 0, 0, 0, 0, 19, 0, 0, 0, 14, 20, 0, 0, 18, 0, 0, 0, 0, 0, 10, 0, 20, 16, 0, 16, 19, 21, 0, 11, 20, 19, 0, 0, 0, 0, 16, 18, : 16, 13, 19, 19, 19, 19, 17, 16, 20, 16, 16, 18, 16, 19, 15, 19, 19, 13, 22, 17, 13, 13, 13, 18, 19, 14, 20, 18, 10, 20, 16, 16, 19, 21, 11, 20, 19, 16, 18, 
9: 0, 20, 15, 18, 0, 0, 19, 0, 0, 17, 17, 0, 0, 0, 0, 0, 16, 14, 14, 18, 19, 0, 15, 0, 0, 18, 13, 19, 0, 0, 0, 19, 0, 15, 0, 0, 0, 0, 16, 0, 18, 17, 18, 19, 18, 14, 17, 18, 0, 0, 0, 0, 0, 0, 0, 13, 14, 18, 18, 13, 0, 13, 16, 0, 0, 19, 0, 20, 18, 0, 20, 0, 14, 17, 0, 0, 0, 0, 0, 19, 0, 0, 0, 10, 0, 0, 10, 0, 11, 16, 0, 0, 21, 15, 22, 0, 0, 0, 0, 0, : 20, 15, 18, 19, 17, 17, 16, 14, 14, 18, 19, 15, 18, 13, 19, 19, 15, 16, 18, 17, 18, 19, 18, 14, 17, 18, 13, 14, 18, 18, 13, 13, 16, 19, 20, 18, 20, 14, 17, 19, 10, 10, 11, 16, 21, 15, 22, 
7: 0, 0, 0, 19, 0, 0, 13, 16, 13, 19, 17, 18, 0, 13, 0, 0, 13, 22, 13, 0, 0, 0, 0, 15, 0, 21, 15, 0, 0, 0, 0, 0, 17, 0, 17, 17, 17, 0, 0, 0, 11, 0, 0, 0, 0, 0, 0, 13, 14, 0, 0, 20, 16, 0, 0, 14, 13, 0, 0, 19, 13, 0, 14, 0, 0, 0, 0, 0, 0, 20, 0, 19, 0, 14, 18, 0, 0, 19, 0, 17, 19, 0, 21, 15, 0, 0, 0, 11, 0, 0, 0, 0, 0, 13, 19, 0, 17, 0, 0, 0, : 19, 13, 16, 13, 19, 17, 18, 13, 13, 22, 13, 15, 21, 15, 17, 17, 17, 17, 11, 13, 14, 20, 16, 14, 13, 19, 13, 14, 20, 19, 14, 18, 19, 17, 19, 21, 15, 11, 13, 19, 17, 
1: 0, 0, 0, 13, 17, 0, 16, 20, 0, 16, 0, 15, 0, 16, 18, 0, 0, 0, 14, 14, 0, 0, 0, 15, 15, 0, 0, 0, 14, 17, 17, 0, 0, 0, 19, 0, 17, 18, 20, 0, 15, 17, 17, 0, 0, 0, 19, 17, 0, 14, 14, 0, 0, 0, 16, 0, 17, 0, 0, 0, 20, 20, 17, 0, 0, 0, 0, 0, 0, 19, 0, 0, 0, 0, 16, 19, 18, 15, 0, 0, 18, 0, 15, 17, 0, 0, 0, 0, 0, 11, 21, 0, 0, 15, 11, 19, 0, 19, 18, 0, : 13, 17, 16, 20, 16, 15, 16, 18, 14, 14, 15, 15, 14, 17, 17, 19, 17, 18, 20, 15, 17, 17, 19, 17, 14, 14, 16, 17, 20, 20, 17, 19, 16, 19, 18, 15, 18, 15, 17, 11, 21, 15, 11, 19, 19, 18, 
29: 0, 0, 0, 0, 19, 13, 20, 16, 0, 13, 15, 19, 21, 0, 18, 16, 19, 22, 0, 0, 15, 15, 0, 0, 0, 15, 0, 16, 0, 18, 0, 0, 17, 0, 18, 18, 0, 0, 0, 18, 0, 14, 0, 0, 14, 0, 12, 0, 0, 0, 0, 0, 0, 17, 0, 19, 0, 0, 17, 0, 0, 0, 0, 0, 19, 0, 19, 19, 13, 18, 19, 0, 19, 0, 0, 18, 14, 15, 0, 15, 0, 12, 13, 21, 18, 14, 20, 0, 14, 0, 0, 0, 19, 0, 14, 0, 0, 0, 0, 0, : 19, 13, 20, 16, 13, 15, 19, 21, 18, 16, 19, 22, 15, 15, 15, 16, 18, 17, 18, 18, 18, 14, 14, 12, 17, 19, 17, 19, 19, 19, 13, 18, 19, 19, 18, 14, 15, 15, 12, 13, 21, 18, 14, 20, 14, 19, 14, 
16: 0, 0, 23, 0, 0, 0, 0, 12, 0, 0, 0, 0, 18, 19, 0, 0, 0, 13, 0, 18, 16, 0, 0, 0, 21, 15, 15, 0, 18, 0, 0, 0, 16, 0, 18, 0, 0, 0, 0, 19, 0, 17, 13, 0, 0, 0, 0, 20, 0, 21, 0, 21, 14, 0, 14, 0, 15, 13, 20, 19, 0, 17, 18, 0, 0, 0, 21, 0, 20, 0, 0, 18, 0, 0, 0, 0, 16, 15, 19, 14, 21, 14, 0, 0, 0, 0, 0, 0, 0, 0, 0, 0, 0, 0, 0, 0, 0, 14, 19, 0, : 23, 12, 18, 19, 13, 18, 16, 21, 15, 15, 18, 16, 18, 19, 17, 13, 20, 21, 21, 14, 14, 15, 13, 20, 19, 17, 18, 21, 20, 18, 16, 15, 19, 14, 21, 14, 14, 19, 
17: 0, 13, 13, 0, 0, 17, 0, 0, 0, 0, 19, 18, 20, 0, 0, 0, 14, 0, 0, 0, 23, 20, 14, 15, 19, 0, 0, 0, 0, 0, 0, 18, 0, 18, 0, 0, 14, 15, 18, 0, 18, 0, 17, 18, 0, 14, 20, 0, 14, 19, 0, 14, 0, 14, 0, 0, 0, 0, 14, 0, 16, 13, 0, 0, 12, 16, 0, 17, 0, 18, 0, 17, 0, 0, 0, 13, 14, 0, 15, 0, 21, 21, 20, 0, 0, 20, 16, 23, 16, 0, 17, 0, 18, 0, 0, 22, 0, 16, 0, 14, : 13, 13, 17, 19, 18, 20, 14, 23, 20, 14, 15, 19, 18, 18, 14, 15, 18, 18, 17, 18, 14, 20, 14, 19, 14, 14, 14, 16, 13, 12, 16, 17, 18, 17, 13, 14, 15, 21, 21, 20, 20, 16, 23, 16, 17, 18, 22, 16, 14, 
22: 13, 0, 0, 0, 0, 0, 18, 0, 18, 0, 0, 21, 0, 21, 11, 0, 15, 0, 0, 13, 0, 0, 15, 0, 0, 18, 21, 0, 0, 0, 0, 0, 0, 0, 0, 15, 0, 20, 0, 11, 0, 0, 0, 0, 0, 13, 0, 19, 0, 0, 0, 15, 17, 16, 14, 17, 18, 0, 13, 0, 0, 0, 0, 12, 0, 0, 17, 17, 19, 0, 0, 17, 0, 0, 0, 18, 0, 0, 19, 0, 16, 11, 0, 20, 10, 17, 0, 0, 21, 0, 17, 0, 0, 17, 16, 0, 18, 0, 14, 0, : 13, 18, 18, 21, 21, 11, 15, 13, 15, 18, 21, 15, 20, 11, 13, 19, 15, 17, 16, 14, 17, 18, 13, 12, 17, 17, 19, 17, 18, 19, 16, 11, 20, 10, 17, 21, 17, 17, 16, 18, 14, 
40: 14, 0, 0, 0, 13, 18, 12, 0, 0, 0, 0, 0, 11, 0, 0, 13, 19, 15, 16, 0, 0, 0, 20, 0, 20, 13, 14, 13, 13, 0, 16, 0, 0, 0, 17, 0, 0, 0, 18, 16, 0, 0, 0, 17, 18, 19, 17, 0, 18, 16, 0, 17, 14, 0, 0, 0, 18, 0, 0, 0, 0, 17, 0, 18, 0, 14, 0, 15, 0, 15, 0, 0, 0, 0, 15, 0, 0, 0, 14, 0, 0, 15, 20, 19, 17, 0, 17, 17, 0, 21, 13, 20, 11, 0, 16, 0, 19, 19, 0, 16, : 14, 13, 18, 12, 11, 13, 19, 15, 16, 20, 20, 13, 14, 13, 13, 16, 17, 18, 16, 17, 18, 19, 17, 18, 16, 17, 14, 18, 17, 18, 14, 15, 15, 15, 14, 15, 20, 19, 17, 17, 17, 21, 13, 20, 11, 16, 19, 19, 16, 
25: 18, 0, 0, 18, 0, 0, 15, 18, 17, 20, 0, 0, 16, 19, 13, 20, 0, 0, 0, 14, 0, 0, 20, 0, 14, 14, 20, 0, 16, 19, 17, 17, 17, 15, 0, 16, 0, 17, 17, 14, 21, 21, 0, 14, 19, 0, 0, 18, 0, 0, 15, 0, 15, 18, 17, 0, 0, 15, 0, 0, 18, 20, 0, 0, 0, 19, 0, 0, 0, 13, 0, 0, 16, 0, 0, 0, 0, 20, 21, 0, 0, 0, 0, 0, 16, 0, 0, 0, 15, 0, 18, 16, 0, 19, 0, 0, 13, 14, 0, 18, : 18, 18, 15, 18, 17, 20, 16, 19, 13, 20, 14, 20, 14, 14, 20, 16, 19, 17, 17, 17, 15, 16, 17, 17, 14, 21, 21, 14, 19, 18, 15, 15, 18, 17, 15, 18, 20, 19, 13, 16, 20, 21, 16, 15, 18, 16, 19, 13, 14, 18, 
37: 0, 18, 18, 23, 14, 14, 0, 13, 0, 0, 0, 13, 0, 0, 15, 15, 0, 0, 21, 14, 16, 15, 0, 15, 0, 0, 0, 0, 17, 0, 0, 15, 16, 18, 16, 20, 18, 0, 0, 19, 0, 0, 15, 18, 0, 0, 0, 14, 18, 0, 0, 16, 0, 0, 0, 18, 0, 14, 0, 0, 13, 0, 0, 20, 0, 14, 0, 0, 12, 0, 14, 14, 18, 0, 0, 0, 17, 0, 0, 17, 0, 0, 0, 0, 0, 21, 0, 21, 16, 17, 0, 0, 12, 0, 0, 0, 21, 0, 0, 15, : 18, 18, 23, 14, 14, 13, 13, 15, 15, 21, 14, 16, 15, 15, 17, 15, 16, 18, 16, 20, 18, 19, 15, 18, 14, 18, 16, 18, 14, 13, 20, 14, 12, 14, 14, 18, 17, 17, 21, 21, 16, 17, 12, 21, 15, 
28: 13, 21, 19, 0, 18, 19, 0, 0, 0, 0, 0, 19, 0, 11, 20, 0, 0, 15, 0, 0, 0, 15, 22, 14, 0, 20, 0, 0, 0, 13, 14, 16, 15, 19, 14, 0, 0, 0, 15, 0, 18, 0, 17, 0, 17, 17, 0, 0, 0, 0, 20, 14, 0, 17, 0, 17, 0, 20, 0, 14, 18, 0, 0, 14, 14, 0, 15, 0, 18, 0, 18, 0, 16, 19, 19, 0, 0, 19, 14, 13, 17, 0, 0, 18, 0, 0, 16, 0, 0, 0, 0, 0, 15, 11, 16, 0, 0, 13, 15, 0, : 13, 21, 19, 18, 19, 19, 11, 20, 15, 15, 22, 14, 20, 13, 14, 16, 15, 19, 14, 15, 18, 17, 17, 17, 20, 14, 17, 17, 20, 14, 18, 14, 14, 15, 18, 18, 16, 19, 19, 19, 14, 13, 17, 18, 16, 15, 11, 16, 13, 15, 
39: 18, 0, 18, 0, 21, 19, 0, 0, 12, 17, 17, 0, 0, 0, 0, 19, 12, 13, 14, 0, 14, 14, 15, 20, 17, 0, 0, 0, 0, 0, 16, 15, 0, 17, 0, 0, 0, 14, 0, 0, 0, 18, 0, 0, 0, 17, 0, 14, 0, 14, 0, 17, 0, 14, 18, 15, 0, 0, 0, 0, 0, 0, 0, 0, 0, 0, 0, 12, 15, 0, 13, 14, 0, 18, 15, 18, 18, 0, 0, 14, 0, 0, 19, 0, 0, 0, 14, 13, 0, 0, 0, 18, 0, 0, 20, 17, 16, 21, 15, 0, : 18, 18, 21, 19, 12, 17, 17, 19, 12, 13, 14, 14, 14, 15, 20, 17, 16, 15, 17, 14, 18, 17, 14, 14, 17, 14, 18, 15, 12, 15, 13, 14, 18, 15, 18, 18, 14, 19, 14, 13, 18, 20, 17, 16, 21, 15, 
34: 0, 18, 0, 12, 0, 0, 0, 17, 17, 0, 20, 0, 19, 18, 0, 19, 0, 0, 0, 0, 13, 14, 15, 21, 0, 0, 0, 13, 0, 0, 18, 0, 18, 0, 16, 0, 0, 14, 0, 0, 0, 0, 0, 0, 16, 0, 0, 0, 21, 17, 17, 0, 0, 14, 0, 20, 0, 18, 0, 0, 20, 0, 0, 19, 19, 11, 16, 0, 0, 0, 0, 0, 20, 0, 13, 0, 0, 14, 0, 0, 14, 18, 17, 14, 16, 21, 13, 0, 16, 15, 16, 17, 0, 0, 16, 12, 18, 0, 0, 20, : 18, 12, 17, 17, 20, 19, 18, 19, 13, 14, 15, 21, 13, 18, 18, 16, 14, 16, 21, 17, 17, 14, 20, 18, 20, 19, 19, 11, 16, 20, 13, 14, 14, 18, 17, 14, 16, 21, 13, 16, 15, 16, 17, 16, 12, 18, 20, 
27: 0, 14, 0, 0, 0, 20, 0, 0, 0, 17, 12, 0, 0, 0, 17, 21, 21, 0, 0, 0, 15, 15, 0, 0, 0, 0, 0, 0, 17, 19, 19, 16, 18, 16, 0, 14, 0, 0, 13, 0, 0, 0, 20, 17, 17, 0, 0, 0, 16, 18, 17, 0, 21, 20, 17, 0, 0, 0, 18, 18, 0, 18, 0, 20, 20, 18, 18, 15, 0, 0, 0, 20, 17, 0, 16, 18, 0, 16, 0, 0, 0, 0, 0, 0, 14, 0, 23, 16, 0, 15, 0, 12, 0, 0, 0, 14, 14, 0, 0, 14, : 14, 20, 17, 12, 17, 21, 21, 15, 15, 17, 19, 19, 16, 18, 16, 14, 13, 20, 17, 17, 16, 18, 17, 21, 20, 17, 18, 18, 18, 20, 20, 18, 18, 15, 20, 17, 16, 18, 16, 14, 23, 16, 15, 12, 14, 14, 14, 
4: 19, 0, 13, 15, 17, 12, 0, 0, 20, 12, 0, 0, 18, 0, 0, 0, 0, 19, 23, 15, 19, 0, 0, 16, 14, 0, 0, 19, 19, 17, 15, 0, 0, 0, 0, 17, 20, 0, 19, 20, 0, 0, 19, 0, 0, 18, 14, 0, 19, 0, 0, 0, 20, 20, 14, 0, 16, 17, 14, 19, 14, 0, 13, 14, 14, 0, 11, 18, 0, 17, 18, 0, 0, 16, 0, 14, 16, 0, 0, 0, 0, 20, 0, 0, 19, 0, 0, 14, 0, 0, 16, 18, 16, 0, 0, 0, 0, 0, 0, 19, : 19, 13, 15, 17, 12, 20, 12, 18, 19, 23, 15, 19, 16, 14, 19, 19, 17, 15, 17, 20, 19, 20, 19, 18, 14, 19, 20, 20, 14, 16, 17, 14, 19, 14, 13, 14, 14, 11, 18, 17, 18, 16, 14, 16, 20, 19, 14, 16, 18, 16, 19, 
24: 0, 19, 12, 19, 0, 0, 0, 0, 0, 0, 20, 11, 13, 16, 17, 16, 0, 0, 0, 20, 0, 0, 0, 0, 0, 0, 0, 17, 0, 17, 0, 0, 0, 17, 0, 0, 19, 16, 14, 18, 18, 0, 0, 18, 14, 19, 14, 0, 0, 0, 14, 0, 17, 0, 0, 0, 21, 18, 18, 17, 18, 0, 20, 0, 15, 18, 0, 0, 16, 0, 17, 0, 16, 15, 19, 16, 0, 0, 15, 0, 12, 21, 15, 0, 0, 0, 0, 0, 22, 16, 0, 0, 18, 21, 0, 17, 0, 18, 15, 0, : 19, 12, 19, 20, 11, 13, 16, 17, 16, 20, 17, 17, 17, 19, 16, 14, 18, 18, 18, 14, 19, 14, 14, 17, 21, 18, 18, 17, 18, 20, 15, 18, 16, 17, 16, 15, 19, 16, 15, 12, 21, 15, 22, 16, 18, 21, 17, 18, 15, 
26: 0, 15, 0, 0, 18, 0, 18, 0, 0, 0, 13, 0, 14, 0, 0, 0, 21, 0, 0, 0, 0, 22, 0, 0, 15, 0, 0, 15, 20, 14, 18, 0, 0, 0, 0, 0, 15, 0, 0, 0, 0, 19, 0, 0, 0, 0, 0, 0, 17, 0, 16, 16, 0, 0, 0, 0, 0, 0, 18, 0, 0, 0, 20, 0, 0, 0, 18, 0, 0, 13, 0, 15, 0, 16, 0, 0, 0, 0, 17, 21, 0, 18, 0, 16, 20, 15, 0, 0, 0, 18, 21, 0, 0, 20, 0, 15, 0, 16, 19, 16, : 15, 18, 18, 13, 14, 21, 22, 15, 15, 20, 14, 18, 15, 19, 17, 16, 16, 18, 20, 18, 13, 15, 16, 17, 21, 18, 16, 20, 15, 18, 21, 20, 15, 16, 19, 16, 
31: 19, 0, 19, 0, 0, 0, 0, 0, 17, 0, 0, 16, 0, 17, 21, 11, 0, 0, 20, 24, 0, 0, 0, 19, 15, 0, 18, 0, 16, 0, 0, 18, 0, 15, 15, 15, 0, 17, 0, 15, 14, 0, 14, 14, 0, 0, 0, 0, 0, 14, 15, 0, 16, 0, 20, 0, 18, 0, 0, 0, 0, 19, 0, 15, 18, 0, 15, 0, 0, 0, 15, 16, 0, 0, 0, 0, 0, 0, 16, 0, 12, 0, 0, 0, 0, 10, 0, 19, 0, 0, 0, 20, 0, 0, 0, 18, 0, 0, 0, 0, : 19, 19, 17, 16, 17, 21, 11, 20, 24, 19, 15, 18, 16, 18, 15, 15, 15, 17, 15, 14, 14, 14, 14, 15, 16, 20, 18, 19, 15, 18, 15, 15, 16, 16, 12, 10, 19, 20, 18, 
35: 20, 12, 0, 0, 13, 18, 0, 19, 17, 0, 0, 0, 0, 0, 0, 0, 0, 0, 15, 0, 0, 20, 14, 0, 0, 16, 18, 18, 0, 0, 0, 0, 16, 0, 0, 0, 14, 0, 0, 0, 17, 12, 0, 15, 17, 0, 18, 17, 0, 17, 0, 0, 0, 0, 20, 17, 0, 0, 0, 18, 0, 0, 19, 0, 19, 21, 0, 17, 0, 17, 16, 0, 0, 15, 19, 16, 19, 17, 0, 20, 0, 0, 0, 0, 0, 16, 21, 0, 0, 0, 11, 18, 0, 0, 0, 16, 14, 0, 19, 0, : 20, 12, 13, 18, 19, 17, 15, 20, 14, 16, 18, 18, 16, 14, 17, 12, 15, 17, 18, 17, 17, 20, 17, 18, 19, 19, 21, 17, 17, 16, 15, 19, 16, 19, 17, 20, 16, 21, 11, 18, 16, 14, 19, 


19: 0, 15, 13, 0, 18, 0, 20, 19, 13, 0, 0, 0, 17, 0, 0, 0, 15, 16, 0, 17, 0, 19, 15, 0, 0, 21, 16, 0, 0, 0, 0, 18, 0, 0, 0, 0, 16, 0, 16, 16, 0, 0, 0, 0, 17, 0, 0, 14, 0, 11, 12, 12, 0, 0, 15, 20, 0, 16, 15, 18, 13, 0, 22, 0, 0, 13, 0, 0, 0, 0, 19, 0, 0, 0, 0, 15, 0, 0, 20, 0, 0, 21, 0, 0, 0, 13, 0, 18, 0, 0, 19, 0, 0, 14, 0, 13, 17, 21, 0, 22, : 15, 13, 18, 20, 19, 13, 17, 15, 16, 17, 19, 15, 21, 16, 18, 16, 16, 16, 17, 14, 11, 12, 12, 15, 20, 16, 15, 18, 13, 22, 13, 19, 15, 20, 21, 13, 18, 19, 14, 13, 17, 21, 22, 
36: 0, 17, 0, 0, 19, 0, 0, 0, 0, 0, 0, 12, 0, 0, 0, 18, 0, 0, 18, 0, 0, 19, 0, 0, 17, 0, 17, 17, 0, 16, 0, 0, 18, 0, 0, 0, 0, 0, 0, 16, 0, 22, 12, 17, 0, 19, 0, 0, 0, 0, 17, 21, 21, 20, 0, 0, 16, 15, 0, 18, 0, 0, 0, 0, 0, 12, 17, 12, 15, 0, 0, 14, 13, 0, 14, 0, 15, 15, 19, 12, 0, 0, 0, 16, 0, 0, 17, 20, 0, 0, 0, 0, 16, 0, 0, 0, 0, 0, 16, 0, : 17, 19, 12, 18, 18, 19, 17, 17, 17, 16, 18, 16, 22, 12, 17, 19, 17, 21, 21, 20, 16, 15, 18, 12, 17, 12, 15, 14, 13, 14, 15, 15, 19, 12, 16, 17, 20, 16, 16, 
15: 16, 0, 0, 16, 0, 15, 0, 14, 0, 0, 16, 15, 0, 0, 0, 17, 0, 18, 18, 16, 19, 12, 16, 0, 0, 0, 0, 0, 16, 19, 13, 0, 0, 19, 16, 0, 0, 20, 0, 0, 0, 0, 12, 12, 0, 16, 0, 17, 0, 0, 0, 0, 17, 0, 14, 0, 16, 0, 0, 0, 0, 0, 0, 18, 18, 0, 19, 0, 0, 0, 0, 0, 22, 0, 14, 0, 0, 20, 0, 0, 0, 16, 0, 0, 0, 0, 14, 0, 0, 17, 17, 16, 0, 0, 0, 0, 13, 16, 19, 0, : 16, 16, 15, 14, 16, 15, 17, 18, 18, 16, 19, 12, 16, 16, 19, 13, 19, 16, 20, 12, 12, 16, 17, 17, 14, 16, 18, 18, 19, 22, 14, 20, 16, 14, 17, 17, 16, 13, 16, 19, 
14: 0, 0, 15, 0, 14, 19, 13, 0, 0, 0, 0, 0, 13, 0, 0, 0, 0, 10, 0, 20, 0, 0, 0, 16, 0, 0, 0, 22, 0, 16, 0, 0, 20, 0, 0, 18, 18, 0, 0, 0, 22, 0, 0, 19, 15, 0, 0, 0, 12, 12, 0, 0, 13, 16, 18, 17, 17, 0, 0, 0, 18, 0, 0, 16, 0, 21, 14, 0, 0, 13, 19, 0, 15, 13, 20, 21, 13, 0, 0, 21, 21, 13, 16, 22, 17, 14, 0, 0, 0, 0, 12, 18, 0, 0, 18, 0, 15, 0, 0, 18, : 15, 14, 19, 13, 13, 10, 20, 16, 22, 16, 20, 18, 18, 22, 19, 15, 12, 12, 13, 16, 18, 17, 17, 18, 16, 21, 14, 13, 19, 15, 13, 20, 21, 13, 21, 21, 13, 16, 22, 17, 14, 12, 18, 18, 15, 18, 
13: 19, 0, 16, 0, 0, 0, 0, 20, 0, 15, 0, 0, 0, 0, 19, 0, 0, 22, 18, 0, 0, 0, 0, 0, 0, 14, 18, 0, 0, 0, 0, 0, 17, 13, 0, 0, 16, 0, 0, 0, 17, 18, 20, 18, 0, 0, 16, 0, 19, 19, 18, 0, 12, 14, 0, 0, 0, 17, 18, 0, 21, 0, 16, 0, 14, 16, 21, 0, 15, 0, 18, 20, 0, 19, 18, 0, 0, 0, 21, 0, 0, 15, 14, 16, 19, 0, 0, 20, 19, 0, 13, 0, 0, 0, 0, 18, 0, 0, 0, 10, : 19, 16, 20, 15, 19, 22, 18, 14, 18, 17, 13, 16, 17, 18, 20, 18, 16, 19, 19, 18, 12, 14, 17, 18, 21, 16, 14, 16, 21, 15, 18, 20, 19, 18, 21, 15, 14, 16, 19, 20, 19, 13, 18, 10, 
5: 17, 0, 17, 19, 0, 13, 0, 0, 0, 14, 0, 0, 16, 19, 0, 16, 0, 0, 16, 0, 0, 0, 0, 19, 0, 18, 0, 0, 13, 0, 19, 0, 0, 14, 0, 0, 0, 14, 20, 13, 0, 0, 0, 0, 13, 0, 18, 0, 23, 0, 0, 0, 20, 19, 0, 15, 0, 17, 0, 0, 0, 12, 0, 0, 11, 0, 12, 19, 18, 16, 16, 0, 20, 15, 15, 20, 0, 0, 0, 20, 20, 15, 14, 0, 0, 0, 14, 0, 19, 12, 0, 0, 18, 18, 0, 20, 13, 12, 0, 17, : 17, 17, 19, 13, 14, 16, 19, 16, 16, 19, 18, 13, 19, 14, 14, 20, 13, 13, 18, 23, 20, 19, 15, 17, 12, 11, 12, 19, 18, 16, 16, 20, 15, 15, 20, 20, 20, 15, 14, 14, 19, 12, 18, 18, 20, 13, 12, 17, 
10: 0, 0, 0, 0, 0, 19, 19, 0, 19, 0, 15, 0, 14, 22, 18, 17, 0, 13, 0, 0, 0, 0, 0, 12, 13, 0, 0, 20, 0, 0, 17, 0, 0, 21, 13, 0, 0, 21, 0, 22, 0, 0, 16, 15, 0, 0, 23, 0, 0, 0, 0, 12, 0, 0, 0, 0, 0, 17, 14, 15, 0, 15, 0, 0, 0, 17, 0, 15, 15, 16, 0, 0, 16, 0, 13, 18, 20, 0, 0, 0, 0, 16, 0, 0, 0, 16, 18, 13, 17, 18, 18, 13, 20, 15, 13, 0, 21, 0, 0, 0, : 19, 19, 19, 15, 14, 22, 18, 17, 13, 12, 13, 20, 17, 21, 13, 21, 22, 16, 15, 23, 12, 17, 14, 15, 15, 17, 15, 15, 16, 16, 13, 18, 20, 16, 16, 18, 13, 17, 18, 18, 13, 20, 15, 13, 21, 
21: 0, 0, 18, 0, 0, 13, 15, 12, 14, 0, 0, 0, 0, 22, 14, 21, 21, 0, 10, 0, 0, 17, 19, 0, 16, 0, 0, 0, 0, 16, 14, 20, 13, 0, 21, 0, 17, 15, 0, 0, 0, 0, 0, 0, 0, 13, 15, 10, 0, 0, 20, 17, 0, 0, 14, 0, 17, 0, 0, 0, 19, 19, 11, 0, 0, 21, 21, 0, 0, 15, 20, 0, 16, 0, 19, 0, 16, 17, 0, 0, 0, 0, 0, 19, 0, 20, 15, 0, 14, 18, 0, 18, 18, 13, 18, 15, 0, 0, 0, 0, : 18, 13, 15, 12, 14, 22, 14, 21, 21, 10, 17, 19, 16, 16, 14, 20, 13, 21, 17, 15, 13, 15, 10, 20, 17, 14, 17, 19, 19, 11, 21, 21, 15, 20, 16, 19, 16, 17, 19, 20, 15, 14, 18, 18, 18, 13, 18, 15, 
32: 0, 18, 0, 18, 0, 19, 0, 0, 0, 12, 14, 0, 11, 0, 0, 22, 18, 0, 21, 21, 0, 0, 0, 0, 0, 16, 13, 18, 21, 0, 0, 13, 0, 16, 19, 16, 0, 19, 15, 15, 17, 21, 17, 0, 19, 0, 20, 18, 13, 0, 0, 20, 0, 0, 0, 16, 0, 0, 0, 18, 18, 22, 0, 15, 21, 13, 0, 0, 0, 0, 16, 0, 0, 0, 0, 20, 0, 0, 15, 15, 0, 19, 0, 0, 0, 16, 0, 19, 0, 20, 0, 0, 12, 21, 0, 17, 16, 16, 18, 18, : 18, 18, 19, 12, 14, 11, 22, 18, 21, 21, 16, 13, 18, 21, 13, 16, 19, 16, 19, 15, 15, 17, 21, 17, 19, 20, 18, 13, 20, 16, 18, 18, 22, 15, 21, 13, 16, 20, 15, 15, 19, 16, 19, 20, 12, 21, 17, 16, 16, 18, 18, 
3: 16, 19, 0, 19, 13, 20, 12, 20, 0, 18, 17, 21, 22, 0, 0, 0, 17, 16, 13, 19, 14, 0, 12, 21, 0, 13, 18, 16, 14, 20, 0, 0, 16, 0, 0, 0, 15, 0, 0, 11, 0, 0, 0, 0, 15, 20, 0, 19, 18, 19, 20, 0, 0, 0, 20, 0, 15, 19, 16, 0, 0, 17, 18, 0, 0, 0, 0, 12, 17, 0, 14, 16, 0, 0, 21, 0, 20, 19, 0, 0, 15, 0, 0, 13, 19, 18, 0, 0, 0, 0, 0, 0, 14, 18, 17, 0, 0, 17, 0, 0, : 16, 19, 19, 13, 20, 12, 20, 18, 17, 21, 22, 17, 16, 13, 19, 14, 12, 21, 13, 18, 16, 14, 20, 16, 15, 11, 15, 20, 19, 18, 19, 20, 20, 15, 19, 16, 17, 18, 12, 17, 14, 16, 21, 20, 19, 15, 13, 19, 18, 14, 18, 17, 17, 
18: 16, 13, 19, 0, 0, 0, 12, 12, 0, 14, 0, 0, 0, 13, 17, 0, 16, 0, 20, 0, 0, 0, 17, 18, 15, 0, 0, 0, 17, 0, 19, 0, 0, 16, 0, 0, 13, 16, 0, 0, 21, 17, 19, 12, 20, 0, 10, 0, 0, 0, 18, 0, 20, 18, 18, 0, 0, 0, 0, 0, 16, 0, 17, 0, 0, 0, 0, 15, 13, 15, 0, 16, 0, 0, 16, 0, 0, 0, 0, 16, 15, 15, 16, 19, 0, 16, 0, 0, 0, 0, 19, 14, 0, 0, 20, 0, 20, 0, 0, 0, : 16, 13, 19, 12, 12, 14, 13, 17, 16, 20, 17, 18, 15, 17, 19, 16, 13, 16, 21, 17, 19, 12, 20, 10, 18, 20, 18, 18, 16, 17, 15, 13, 15, 16, 16, 16, 15, 15, 16, 19, 16, 19, 14, 20, 20, 
11: 0, 0, 0, 0, 19, 0, 0, 20, 21, 20, 0, 20, 0, 14, 0, 10, 0, 0, 0, 0, 16, 16, 0, 0, 19, 0, 0, 0, 0, 18, 16, 0, 0, 0, 16, 19, 0, 15, 0, 0, 11, 0, 0, 0, 0, 18, 13, 0, 18, 0, 22, 0, 0, 13, 0, 16, 18, 0, 17, 14, 0, 0, 0, 0, 19, 0, 0, 22, 0, 17, 0, 15, 0, 20, 0, 0, 11, 14, 0, 0, 0, 0, 19, 0, 16, 18, 0, 17, 17, 19, 0, 0, 0, 15, 0, 0, 0, 20, 10, 0, : 19, 20, 21, 20, 20, 14, 10, 16, 16, 19, 18, 16, 16, 19, 15, 11, 18, 13, 18, 22, 13, 16, 18, 17, 14, 19, 22, 17, 15, 20, 11, 14, 19, 16, 18, 17, 17, 19, 15, 20, 10, 
20: 0, 0, 19, 17, 15, 0, 0, 18, 0, 0, 18, 17, 16, 0, 0, 15, 15, 17, 0, 17, 11, 17, 0, 0, 19, 19, 0, 13, 0, 0, 0, 16, 0, 0, 16, 0, 21, 13, 20, 21, 0, 14, 0, 0, 11, 15, 19, 17, 20, 12, 0, 18, 0, 14, 0, 0, 20, 14, 0, 0, 0, 16, 16, 0, 0, 0, 0, 0, 20, 0, 13, 13, 0, 17, 0, 0, 0, 0, 12, 19, 13, 0, 19, 15, 14, 0, 19, 0, 0, 19, 20, 19, 0, 0, 14, 16, 0, 0, 12, 16, : 19, 17, 15, 18, 18, 17, 16, 15, 15, 17, 17, 11, 17, 19, 19, 13, 16, 16, 21, 13, 20, 21, 14, 11, 15, 19, 17, 20, 12, 18, 14, 20, 14, 16, 16, 20, 13, 13, 17, 12, 19, 13, 19, 15, 14, 19, 19, 20, 19, 14, 16, 12, 16, 
38: 0, 0, 16, 13, 0, 0, 20, 0, 12, 21, 17, 12, 21, 0, 15, 0, 20, 0, 0, 0, 0, 0, 15, 0, 17, 16, 0, 0, 0, 0, 0, 17, 14, 0, 0, 16, 0, 17, 21, 0, 0, 11, 14, 0, 0, 0, 16, 0, 17, 0, 0, 0, 0, 18, 0, 15, 16, 0, 15, 0, 0, 17, 19, 19, 18, 0, 13, 0, 0, 20, 0, 0, 0, 15, 0, 17, 0, 0, 0, 0, 16, 0, 22, 0, 0, 0, 0, 0, 19, 0, 0, 0, 0, 0, 0, 0, 0, 0, 22, 0, : 16, 13, 20, 12, 21, 17, 12, 21, 15, 20, 15, 17, 16, 17, 14, 16, 17, 21, 11, 14, 16, 17, 18, 15, 16, 15, 17, 19, 19, 18, 13, 20, 15, 17, 16, 22, 19, 22, 
8: 16, 16, 0, 14, 14, 19, 20, 0, 0, 18, 0, 0, 0, 0, 22, 0, 10, 20, 0, 16, 16, 0, 0, 18, 0, 12, 13, 13, 18, 0, 18, 0, 0, 16, 16, 16, 19, 0, 0, 0, 13, 18, 18, 0, 0, 11, 0, 19, 0, 0, 0, 13, 0, 0, 0, 0, 0, 15, 0, 0, 0, 0, 0, 13, 12, 0, 17, 0, 0, 0, 0, 16, 0, 22, 0, 0, 18, 0, 15, 0, 0, 0, 16, 0, 16, 0, 0, 0, 0, 15, 0, 20, 0, 0, 0, 0, 17, 18, 17, 0, : 16, 16, 14, 14, 19, 20, 18, 22, 10, 20, 16, 16, 18, 12, 13, 13, 18, 18, 16, 16, 16, 19, 13, 18, 18, 11, 19, 13, 15, 13, 12, 17, 16, 22, 18, 15, 16, 16, 15, 20, 17, 18, 17, 
2: 0, 0, 17, 0, 19, 0, 0, 0, 18, 18, 21, 0, 20, 10, 14, 0, 0, 0, 16, 11, 20, 17, 0, 13, 0, 0, 14, 0, 0, 0, 16, 18, 17, 19, 19, 14, 0, 0, 13, 0, 15, 0, 22, 0, 0, 16, 0, 13, 0, 19, 12, 20, 0, 0, 0, 18, 15, 20, 17, 15, 0, 0, 18, 19, 0, 20, 0, 21, 0, 0, 0, 0, 0, 0, 0, 0, 0, 16, 16, 16, 0, 20, 0, 0, 17, 0, 0, 14, 0, 0, 0, 0, 0, 0, 16, 21, 0, 18, 18, 0, : 17, 19, 18, 18, 21, 20, 10, 14, 16, 11, 20, 17, 13, 14, 16, 18, 17, 19, 19, 14, 13, 15, 22, 16, 13, 19, 12, 20, 18, 15, 20, 17, 15, 18, 19, 20, 21, 16, 16, 16, 20, 17, 14, 16, 21, 18, 18, 
33: 0, 16, 0, 0, 0, 13, 19, 0, 20, 0, 0, 16, 0, 16, 0, 14, 18, 0, 0, 0, 17, 16, 0, 0, 22, 0, 20, 17, 19, 0, 18, 0, 18, 0, 14, 13, 0, 0, 0, 19, 0, 0, 0, 15, 18, 0, 0, 0, 0, 0, 0, 0, 0, 18, 17, 17, 0, 0, 0, 21, 16, 19, 0, 11, 0, 0, 0, 0, 21, 0, 0, 19, 0, 14, 0, 0, 17, 0, 16, 16, 0, 0, 0, 16, 0, 0, 14, 0, 12, 0, 0, 0, 0, 0, 0, 0, 0, 0, 18, 18, : 16, 13, 19, 20, 16, 16, 14, 18, 17, 16, 22, 20, 17, 19, 18, 18, 14, 13, 19, 15, 18, 18, 17, 17, 21, 16, 19, 11, 21, 19, 14, 17, 16, 16, 16, 14, 12, 18, 18, 
6: 13, 19, 0, 16, 0, 0, 0, 15, 18, 0, 0, 16, 0, 17, 0, 0, 0, 18, 0, 13, 17, 17, 18, 18, 12, 21, 0, 0, 15, 14, 0, 18, 0, 0, 0, 0, 15, 0, 16, 0, 0, 13, 0, 0, 0, 22, 0, 23, 0, 22, 0, 17, 17, 0, 16, 0, 0, 0, 0, 17, 14, 13, 0, 18, 17, 17, 0, 17, 16, 19, 0, 21, 15, 0, 0, 14, 0, 11, 16, 0, 17, 0, 0, 0, 19, 19, 20, 0, 0, 0, 17, 13, 19, 17, 0, 0, 18, 12, 0, 0, : 13, 19, 16, 15, 18, 16, 17, 18, 13, 17, 17, 18, 18, 12, 21, 15, 14, 18, 15, 16, 13, 22, 23, 22, 17, 17, 16, 17, 14, 13, 18, 17, 17, 17, 16, 19, 21, 15, 14, 11, 16, 17, 19, 19, 20, 17, 13, 19, 17, 18, 12, 
30: 18, 17, 0, 18, 0, 0, 0, 0, 15, 0, 12, 0, 0, 0, 21, 0, 0, 0, 0, 0, 0, 0, 19, 0, 0, 0, 0, 14, 0, 18, 0, 16, 17, 16, 0, 21, 0, 0, 13, 17, 16, 16, 0, 22, 22, 0, 0, 0, 10, 18, 11, 0, 17, 0, 18, 0, 0, 0, 17, 14, 0, 0, 0, 21, 0, 0, 16, 17, 0, 19, 0, 0, 14, 0, 0, 11, 20, 17, 0, 15, 18, 0, 14, 0, 0, 0, 0, 16, 20, 12, 0, 19, 14, 0, 14, 17, 0, 0, 0, 19, : 18, 17, 18, 15, 12, 21, 19, 14, 18, 16, 17, 16, 21, 13, 17, 16, 16, 22, 22, 10, 18, 11, 17, 18, 17, 14, 21, 16, 17, 19, 14, 11, 20, 17, 15, 18, 14, 16, 20, 12, 19, 14, 14, 17, 19, 
23: 19, 0, 0, 0, 19, 0, 0, 0, 0, 0, 20, 21, 0, 17, 10, 0, 0, 0, 0, 0, 20, 0, 19, 15, 0, 0, 21, 0, 17, 13, 0, 14, 0, 0, 0, 17, 0, 0, 16, 0, 18, 0, 0, 20, 0, 0, 0, 0, 0, 18, 0, 0, 13, 0, 0, 16, 0, 0, 21, 0, 15, 0, 13, 0, 20, 0, 0, 0, 0, 0, 15, 0, 19, 15, 0, 14, 0, 21, 0, 0, 15, 0, 0, 14, 13, 0, 19, 13, 13, 0, 15, 0, 19, 19, 20, 13, 0, 0, 0, 12, : 19, 19, 20, 21, 17, 10, 20, 19, 15, 21, 17, 13, 14, 17, 16, 18, 20, 18, 13, 16, 21, 15, 13, 20, 15, 19, 15, 14, 21, 15, 14, 13, 19, 13, 13, 15, 19, 19, 20, 13, 12, 


