
40
400
150
20

131: 19, 0, 0, 0, 20, 0, 15, 17, 0, 0, 19, 17, 15, 0, 0, 20, 0, 0, 18, 0, 0, 0, 21, 0, 18, 0, 0, 18, 0, 0, 12, 0, 0, 14, 0, 0, 0, 0, 19, 0, : 19, 20, 15, 17, 19, 17, 15, 20, 18, 21, 18, 18, 12, 14, 19, 
380: 16, 0, 0, 21, 0, 0, 0, 0, 0, 0, 0, 0, 0, 25, 11, 0, 14, 15, 0, 17, 0, 0, 0, 18, 16, 17, 13, 0, 18, 0, 0, 0, 0, 23, 0, 18, 11, 0, 0, 0, : 16, 21, 25, 11, 14, 15, 17, 18, 16, 17, 13, 18, 23, 18, 11, 
8: 16, 13, 0, 0, 0, 15, 0, 10, 0, 0, 15, 14, 0, 20, 0, 0, 18, 0, 0, 20, 0, 16, 14, 0, 0, 0, 13, 0, 0, 18, 0, 18, 0, 19, 0, 18, 11, 0, 0, 0, : 16, 13, 15, 10, 15, 14, 20, 18, 20, 16, 14, 13, 18, 18, 19, 18, 11, 
229: 0, 0, 0, 0, 18, 13, 0, 0, 0, 0, 16, 0, 0, 21, 0, 0, 0, 0, 0, 0, 16, 22, 0, 0, 0, 15, 0, 14, 15, 0, 0, 0, 0, 15, 0, 15, 0, 0, 0, 17, : 18, 13, 16, 21, 16, 22, 15, 14, 15, 15, 15, 17, 
46: 15, 19, 0, 14, 13, 0, 0, 0, 19, 19, 0, 0, 0, 0, 13, 20, 17, 0, 16, 21, 21, 15, 0, 18, 18, 0, 17, 17, 14, 15, 0, 0, 16, 15, 19, 0, 16, 12, 0, 10, : 15, 19, 14, 13, 19, 19, 13, 20, 17, 16, 21, 21, 15, 18, 18, 17, 17, 14, 15, 16, 15, 19, 16, 12, 10, 
29: 0, 0, 0, 0, 14, 19, 0, 0, 16, 0, 0, 15, 19, 0, 0, 0, 19, 0, 0, 18, 19, 0, 16, 17, 19, 0, 0, 0, 0, 21, 0, 0, 13, 0, 0, 0, 21, 0, 18, 0, : 14, 19, 16, 15, 19, 19, 18, 19, 16, 17, 19, 21, 13, 21, 18, 
168: 0, 18, 14, 0, 0, 0, 18, 16, 0, 0, 0, 14, 0, 0, 21, 0, 14, 0, 0, 16, 0, 15, 18, 0, 16, 18, 0, 0, 21, 0, 17, 17, 16, 0, 0, 13, 21, 0, 0, 17, : 18, 14, 18, 16, 14, 21, 14, 16, 15, 18, 16, 18, 21, 17, 17, 16, 13, 21, 17, 
53: 17, 16, 0, 16, 0, 0, 12, 0, 0, 16, 17, 0, 16, 13, 0, 0, 13, 13, 0, 0, 12, 0, 0, 0, 0, 0, 16, 0, 0, 0, 17, 11, 20, 0, 0, 0, 0, 19, 0, 16, : 17, 16, 16, 12, 16, 17, 16, 13, 13, 13, 12, 16, 17, 11, 20, 19, 16, 
301: 0, 21, 0, 16, 14, 21, 21, 0, 18, 0, 15, 18, 19, 0, 17, 15, 0, 21, 0, 12, 17, 14, 0, 0, 18, 16, 0, 21, 0, 0, 22, 0, 0, 16, 14, 21, 0, 0, 19, 0, : 21, 16, 14, 21, 21, 18, 15, 18, 19, 17, 15, 21, 12, 17, 14, 18, 16, 21, 22, 16, 14, 21, 19, 
213: 19, 15, 0, 21, 0, 21, 11, 17, 17, 0, 19, 0, 0, 13, 18, 14, 19, 19, 0, 0, 13, 15, 16, 0, 0, 18, 0, 12, 0, 0, 0, 0, 14, 0, 17, 22, 22, 22, 16, 13, : 19, 15, 21, 21, 11, 17, 17, 19, 13, 18, 14, 19, 19, 13, 15, 16, 18, 12, 14, 17, 22, 22, 22, 16, 13, 
123: 16, 0, 16, 0, 18, 16, 0, 17, 0, 0, 0, 0, 14, 0, 0, 18, 0, 0, 0, 0, 0, 14, 16, 0, 16, 16, 0, 0, 19, 0, 0, 0, 14, 0, 14, 0, 0, 20, 0, 0, : 16, 16, 18, 16, 17, 14, 18, 14, 16, 16, 16, 19, 14, 14, 20, 
276: 0, 0, 18, 14, 0, 0, 18, 15, 0, 0, 0, 0, 21, 13, 0, 0, 0, 14, 16, 11, 17, 0, 0, 18, 0, 0, 0, 0, 0, 14, 21, 13, 0, 0, 19, 11, 12, 0, 0, 0, : 18, 14, 18, 15, 21, 13, 14, 16, 11, 17, 18, 14, 21, 13, 19, 11, 12, 
41: 0, 0, 20, 16, 16, 0, 19, 0, 0, 17, 0, 19, 15, 0, 0, 13, 0, 15, 17, 0, 0, 0, 0, 18, 0, 0, 0, 14, 12, 0, 14, 20, 0, 0, 0, 0, 13, 0, 0, 19, : 20, 16, 16, 19, 17, 19, 15, 13, 15, 17, 18, 14, 12, 14, 20, 13, 19, 
268: 0, 14, 15, 18, 0, 0, 0, 0, 0, 16, 0, 18, 0, 0, 0, 12, 0, 0, 0, 0, 0, 0, 0, 18, 16, 13, 0, 16, 0, 21, 0, 19, 21, 14, 16, 0, 0, 0, 10, 0, : 14, 15, 18, 16, 18, 12, 18, 16, 13, 16, 21, 19, 21, 14, 16, 10, 
390: 0, 16, 18, 0, 0, 12, 19, 0, 15, 17, 16, 0, 17, 0, 0, 20, 0, 0, 18, 0, 0, 20, 0, 14, 0, 0, 21, 17, 13, 0, 19, 0, 0, 0, 0, 0, 0, 14, 0, 0, : 16, 18, 12, 19, 15, 17, 16, 17, 20, 18, 20, 14, 21, 17, 13, 19, 14, 
298: 19, 18, 0, 0, 0, 0, 0, 17, 21, 17, 0, 19, 0, 15, 13, 0, 0, 0, 0, 0, 0, 0, 0, 15, 0, 0, 15, 0, 0, 12, 0, 18, 12, 13, 0, 13, 0, 20, 24, 0, : 19, 18, 17, 21, 17, 19, 15, 13, 15, 15, 12, 18, 12, 13, 13, 20, 24, 
145: 13, 0, 0, 0, 0, 0, 0, 0, 15, 0, 16, 16, 0, 17, 13, 18, 0, 18, 22, 0, 19, 0, 16, 0, 0, 0, 0, 0, 17, 19, 12, 21, 0, 0, 16, 0, 23, 0, 0, 16, : 13, 15, 16, 16, 17, 13, 18, 18, 22, 19, 16, 17, 19, 12, 21, 16, 23, 16, 
297: 0, 0, 15, 14, 0, 20, 0, 22, 17, 15, 0, 0, 0, 0, 20, 0, 20, 17, 17, 0, 16, 19, 0, 14, 13, 17, 20, 0, 0, 14, 0, 13, 24, 21, 20, 19, 0, 17, 19, 18, : 15, 14, 20, 22, 17, 15, 20, 20, 17, 17, 16, 19, 14, 13, 17, 20, 14, 13, 24, 21, 20, 19, 17, 19, 18, 
361: 0, 0, 20, 0, 17, 0, 17, 0, 12, 17, 0, 0, 14, 13, 24, 0, 0, 0, 14, 16, 0, 0, 18, 0, 0, 20, 17, 0, 21, 16, 0, 0, 0, 0, 15, 0, 0, 15, 14, 24, : 20, 17, 17, 12, 17, 14, 13, 24, 14, 16, 18, 20, 17, 21, 16, 15, 15, 14, 24, 
241: 0, 0, 14, 0, 20, 13, 0, 19, 0, 16, 17, 0, 0, 0, 0, 0, 16, 18, 12, 19, 0, 0, 15, 0, 0, 0, 18, 21, 0, 0, 16, 0, 0, 0, 0, 0, 0, 11, 11, 0, : 14, 20, 13, 19, 16, 17, 16, 18, 12, 19, 15, 18, 21, 16, 11, 11, 


151: 0, 12, 0, 0, 0, 14, 0, 0, 0, 18, 18, 16, 17, 0, 18, 0, 0, 0, 16, 20, 0, 18, 13, 0, 0, 0, 22, 0, 0, 21, 0, 17, 0, 0, 0, 0, 0, 16, 0, 16, : 12, 14, 18, 18, 16, 17, 18, 16, 20, 18, 13, 22, 21, 17, 16, 16, 
358: 21, 0, 0, 0, 0, 0, 17, 0, 0, 14, 17, 0, 0, 17, 16, 13, 17, 17, 0, 23, 18, 0, 0, 19, 0, 0, 13, 0, 17, 0, 12, 17, 17, 17, 0, 17, 0, 0, 0, 19, : 21, 17, 14, 17, 17, 16, 13, 17, 17, 23, 18, 19, 13, 17, 12, 17, 17, 17, 17, 19, 
251: 13, 0, 18, 0, 0, 0, 19, 18, 20, 19, 0, 0, 0, 13, 0, 0, 0, 18, 0, 0, 0, 0, 19, 17, 13, 0, 0, 0, 20, 0, 0, 0, 0, 0, 17, 14, 15, 0, 0, 0, : 13, 18, 19, 18, 20, 19, 13, 18, 19, 17, 13, 20, 17, 14, 15, 
9: 0, 22, 0, 19, 0, 15, 18, 20, 0, 19, 0, 16, 0, 16, 0, 22, 0, 0, 0, 17, 0, 13, 18, 19, 18, 21, 0, 0, 13, 16, 0, 0, 0, 15, 19, 16, 0, 0, 0, 18, : 22, 19, 15, 18, 20, 19, 16, 16, 22, 17, 13, 18, 19, 18, 21, 13, 16, 15, 19, 16, 18, 
190: 16, 0, 0, 0, 0, 19, 0, 0, 17, 0, 0, 0, 15, 13, 14, 13, 18, 0, 0, 14, 0, 0, 0, 0, 0, 15, 17, 0, 18, 0, 0, 17, 0, 0, 0, 0, 15, 0, 17, 0, : 16, 19, 17, 15, 13, 14, 13, 18, 14, 15, 17, 18, 17, 15, 17, 
284: 0, 16, 18, 0, 12, 0, 15, 0, 17, 14, 0, 0, 17, 0, 0, 21, 0, 0, 0, 0, 13, 14, 0, 12, 18, 14, 0, 0, 19, 12, 0, 0, 0, 0, 20, 17, 0, 0, 0, 0, : 16, 18, 12, 15, 17, 14, 17, 21, 13, 14, 12, 18, 14, 19, 12, 20, 17, 
237: 17, 0, 0, 13, 14, 20, 18, 0, 0, 0, 15, 16, 20, 0, 19, 0, 20, 15, 0, 0, 0, 0, 17, 0, 0, 0, 0, 13, 0, 18, 0, 22, 17, 0, 0, 0, 17, 20, 0, 0, : 17, 13, 14, 20, 18, 15, 16, 20, 19, 20, 15, 17, 13, 18, 22, 17, 17, 20, 
216: 0, 16, 20, 15, 13, 0, 0, 14, 0, 0, 17, 0, 0, 17, 0, 0, 0, 0, 15, 0, 17, 17, 0, 13, 0, 0, 15, 0, 0, 14, 17, 14, 18, 12, 15, 0, 0, 0, 0, 0, : 16, 20, 15, 13, 14, 17, 17, 15, 17, 17, 13, 15, 14, 17, 14, 18, 12, 15, 
75: 0, 20, 18, 19, 21, 0, 0, 0, 15, 14, 14, 14, 18, 0, 0, 0, 0, 0, 0, 0, 11, 0, 0, 0, 0, 0, 13, 16, 0, 17, 17, 0, 15, 0, 0, 0, 17, 18, 15, 18, : 20, 18, 19, 21, 15, 14, 14, 14, 18, 11, 13, 16, 17, 17, 15, 17, 18, 15, 18, 
209: 15, 18, 12, 0, 19, 0, 0, 18, 0, 0, 0, 0, 0, 19, 0, 0, 0, 10, 0, 0, 19, 17, 19, 17, 0, 0, 18, 14, 0, 15, 15, 15, 0, 0, 0, 0, 0, 0, 19, 0, : 15, 18, 12, 19, 18, 19, 10, 19, 17, 19, 17, 18, 14, 15, 15, 15, 19, 
48: 0, 0, 0, 0, 0, 0, 0, 18, 0, 0, 0, 0, 0, 20, 0, 0, 21, 0, 20, 11, 12, 0, 0, 0, 18, 15, 0, 0, 0, 0, 0, 0, 0, 0, 16, 18, 16, 15, 16, 16, : 18, 20, 21, 20, 11, 12, 18, 15, 16, 18, 16, 15, 16, 16, 
175: 0, 0, 0, 19, 0, 0, 18, 0, 14, 18, 0, 0, 0, 0, 22, 0, 14, 0, 0, 0, 0, 19, 16, 0, 0, 19, 0, 0, 13, 0, 0, 14, 15, 19, 0, 0, 0, 15, 0, 0, : 19, 18, 14, 18, 22, 14, 19, 16, 19, 13, 14, 15, 19, 15, 
22: 0, 0, 14, 0, 0, 0, 0, 0, 0, 0, 0, 19, 19, 18, 0, 11, 0, 0, 15, 17, 0, 0, 17, 0, 14, 18, 0, 18, 0, 19, 18, 0, 18, 19, 0, 18, 19, 15, 18, 14, : 14, 19, 19, 18, 11, 15, 17, 17, 14, 18, 18, 19, 18, 18, 19, 18, 19, 15, 18, 14, 
244: 0, 0, 14, 12, 20, 0, 0, 15, 0, 0, 0, 14, 14, 0, 0, 14, 17, 21, 16, 0, 17, 0, 0, 0, 21, 0, 0, 19, 13, 0, 0, 0, 20, 20, 0, 0, 0, 0, 17, 0, : 14, 12, 20, 15, 14, 14, 14, 17, 21, 16, 17, 21, 19, 13, 20, 20, 17, 
94: 14, 17, 17, 0, 0, 16, 15, 0, 15, 16, 0, 17, 0, 0, 15, 0, 13, 0, 19, 15, 0, 0, 0, 0, 13, 0, 0, 12, 0, 0, 18, 0, 0, 0, 0, 17, 0, 18, 0, 15, : 14, 17, 17, 16, 15, 15, 16, 17, 15, 13, 19, 15, 13, 12, 18, 17, 18, 15, 
136: 0, 0, 0, 15, 0, 0, 0, 13, 19, 0, 0, 0, 0, 0, 0, 18, 19, 17, 0, 0, 0, 12, 0, 0, 18, 17, 15, 20, 19, 0, 13, 0, 0, 0, 15, 16, 0, 0, 17, 0, : 15, 13, 19, 18, 19, 17, 12, 18, 17, 15, 20, 19, 13, 15, 16, 17, 
376: 17, 14, 0, 0, 17, 19, 15, 15, 0, 0, 14, 19, 14, 0, 12, 16, 0, 15, 0, 14, 19, 19, 19, 14, 17, 18, 19, 0, 0, 18, 0, 0, 0, 17, 12, 0, 15, 0, 17, 0, : 17, 14, 17, 19, 15, 15, 14, 19, 14, 12, 16, 15, 14, 19, 19, 19, 14, 17, 18, 19, 18, 17, 12, 15, 17, 
128: 21, 0, 19, 20, 17, 15, 15, 0, 15, 0, 21, 0, 0, 17, 13, 0, 0, 18, 18, 0, 0, 0, 0, 0, 0, 0, 0, 20, 0, 0, 17, 16, 14, 16, 18, 17, 0, 16, 0, 17, : 21, 19, 20, 17, 15, 15, 15, 21, 17, 13, 18, 18, 20, 17, 16, 14, 16, 18, 17, 16, 17, 
321: 16, 15, 0, 0, 0, 14, 0, 0, 0, 18, 15, 19, 0, 0, 21, 0, 0, 0, 21, 0, 0, 21, 0, 21, 0, 13, 18, 0, 18, 0, 0, 0, 0, 15, 18, 0, 19, 0, 14, 0, : 16, 15, 14, 18, 15, 19, 21, 21, 21, 21, 13, 18, 18, 15, 18, 19, 14, 
182: 0, 0, 0, 18, 17, 18, 0, 19, 18, 0, 19, 0, 16, 0, 0, 22, 11, 19, 10, 19, 24, 0, 12, 18, 0, 0, 0, 18, 0, 0, 23, 18, 16, 0, 0, 0, 17, 17, 0, 17, : 18, 17, 18, 19, 18, 19, 16, 22, 11, 19, 10, 19, 24, 12, 18, 18, 23, 18, 16, 17, 17, 17, 


191: 0, 16, 16, 0, 0, 18, 0, 0, 0, 0, 19, 19, 15, 0, 0, 16, 10, 19, 0, 0, 18, 0, 13, 0, 20, 0, 0, 17, 0, 0, 19, 0, 20, 0, 20, 0, 12, 14, 0, 13, : 16, 16, 18, 19, 19, 15, 16, 10, 19, 18, 13, 20, 17, 19, 20, 20, 12, 14, 13, 
304: 18, 0, 19, 15, 0, 22, 0, 0, 0, 19, 14, 13, 0, 21, 17, 0, 17, 0, 17, 14, 0, 19, 0, 20, 0, 15, 0, 14, 14, 0, 15, 20, 0, 0, 0, 21, 17, 0, 0, 19, : 18, 19, 15, 22, 19, 14, 13, 21, 17, 17, 17, 14, 19, 20, 15, 14, 14, 15, 20, 21, 17, 19, 
386: 0, 20, 0, 17, 0, 13, 18, 0, 14, 20, 0, 0, 12, 0, 15, 18, 16, 0, 19, 21, 15, 0, 20, 0, 12, 17, 17, 0, 17, 0, 0, 15, 0, 12, 22, 21, 0, 17, 0, 19, : 20, 17, 13, 18, 14, 20, 12, 15, 18, 16, 19, 21, 15, 20, 12, 17, 17, 17, 15, 12, 22, 21, 17, 19, 
36: 13, 0, 0, 16, 16, 0, 14, 11, 14, 17, 13, 0, 0, 0, 0, 0, 20, 15, 0, 0, 0, 0, 19, 13, 18, 13, 18, 14, 0, 14, 20, 0, 0, 0, 11, 13, 19, 0, 17, 0, : 13, 16, 16, 14, 11, 14, 17, 13, 20, 15, 19, 13, 18, 13, 18, 14, 14, 20, 11, 13, 19, 17, 
64: 17, 0, 0, 20, 0, 19, 16, 0, 19, 0, 0, 14, 13, 13, 0, 16, 15, 0, 14, 0, 19, 19, 0, 17, 0, 17, 0, 0, 0, 15, 0, 14, 0, 20, 0, 0, 0, 0, 20, 0, : 17, 20, 19, 16, 19, 14, 13, 13, 16, 15, 14, 19, 19, 17, 17, 15, 14, 20, 20, 
159: 0, 0, 15, 17, 16, 0, 0, 20, 0, 0, 17, 18, 21, 0, 13, 0, 0, 0, 12, 0, 0, 14, 18, 18, 0, 0, 0, 19, 17, 16, 15, 21, 14, 0, 0, 0, 14, 0, 18, 0, : 15, 17, 16, 20, 17, 18, 21, 13, 12, 14, 18, 18, 19, 17, 16, 15, 21, 14, 14, 18, 
346: 0, 12, 0, 16, 17, 0, 17, 15, 18, 0, 0, 0, 19, 10, 0, 15, 0, 0, 0, 0, 0, 0, 0, 15, 0, 14, 0, 0, 12, 17, 0, 0, 0, 0, 0, 0, 0, 0, 15, 0, : 12, 16, 17, 17, 15, 18, 19, 10, 15, 15, 14, 12, 17, 15, 
239: 16, 13, 0, 0, 14, 0, 0, 16, 19, 0, 0, 0, 17, 18, 0, 0, 0, 15, 0, 0, 0, 0, 0, 0, 0, 0, 17, 0, 0, 21, 0, 0, 18, 18, 20, 0, 0, 0, 0, 0, : 16, 13, 14, 16, 19, 17, 18, 15, 17, 21, 18, 18, 20, 
105: 20, 0, 13, 0, 0, 0, 0, 16, 0, 13, 0, 0, 0, 21, 18, 0, 0, 0, 20, 14, 18, 0, 14, 0, 0, 18, 17, 18, 0, 0, 16, 15, 13, 14, 0, 0, 17, 17, 0, 15, : 20, 13, 16, 13, 21, 18, 20, 14, 18, 14, 18, 17, 18, 16, 15, 13, 14, 17, 17, 15, 
233: 19, 0, 0, 0, 0, 0, 23, 0, 20, 18, 0, 0, 0, 0, 0, 20, 16, 22, 14, 0, 0, 21, 0, 0, 20, 0, 14, 0, 22, 0, 0, 0, 0, 20, 12, 0, 0, 19, 0, 0, : 19, 23, 20, 18, 20, 16, 22, 14, 21, 20, 14, 22, 20, 12, 19, 
250: 0, 0, 0, 0, 17, 0, 12, 0, 0, 0, 0, 16, 17, 0, 19, 0, 0, 17, 18, 0, 15, 17, 0, 19, 14, 0, 0, 0, 0, 0, 0, 0, 0, 0, 19, 11, 0, 0, 19, 18, : 17, 12, 16, 17, 19, 17, 18, 15, 17, 19, 14, 19, 11, 19, 18, 
68: 0, 0, 17, 20, 0, 15, 0, 0, 0, 14, 0, 19, 0, 0, 18, 0, 0, 0, 0, 16, 21, 15, 0, 0, 0, 18, 0, 0, 0, 14, 20, 16, 0, 0, 0, 0, 0, 0, 18, 0, : 17, 20, 15, 14, 19, 18, 16, 21, 15, 18, 14, 20, 16, 18, 
67: 0, 16, 0, 0, 21, 16, 0, 20, 0, 0, 19, 0, 0, 0, 19, 17, 0, 0, 0, 0, 0, 13, 0, 0, 16, 18, 18, 0, 16, 15, 0, 0, 14, 0, 12, 0, 17, 13, 0, 0, : 16, 21, 16, 20, 19, 19, 17, 13, 16, 18, 18, 16, 15, 14, 12, 17, 13, 
339: 17, 17, 0, 14, 0, 0, 17, 21, 12, 0, 19, 0, 0, 17, 0, 0, 0, 0, 18, 18, 0, 0, 15, 0, 0, 0, 18, 0, 20, 0, 0, 20, 0, 12, 0, 0, 0, 20, 13, 16, : 17, 17, 14, 17, 21, 12, 19, 17, 18, 18, 15, 18, 20, 20, 12, 20, 13, 16, 
207: 0, 0, 21, 0, 14, 0, 0, 0, 0, 0, 19, 0, 0, 21, 13, 18, 22, 0, 0, 16, 14, 18, 21, 0, 18, 0, 0, 0, 0, 0, 0, 0, 21, 20, 0, 18, 0, 14, 0, 0, : 21, 14, 19, 21, 13, 18, 22, 16, 14, 18, 21, 18, 21, 20, 18, 14, 
21: 17, 0, 0, 15, 15, 15, 0, 0, 19, 15, 15, 0, 0, 13, 0, 0, 0, 18, 0, 20, 16, 0, 0, 20, 0, 0, 16, 18, 0, 0, 14, 0, 22, 22, 14, 0, 21, 0, 0, 18, : 17, 15, 15, 15, 19, 15, 15, 13, 18, 20, 16, 20, 16, 18, 14, 22, 22, 14, 21, 18, 
152: 13, 18, 16, 0, 20, 18, 0, 14, 0, 15, 15, 0, 18, 0, 18, 0, 18, 19, 0, 18, 0, 14, 14, 0, 14, 0, 0, 20, 16, 18, 0, 0, 12, 0, 0, 14, 0, 17, 13, 0, : 13, 18, 16, 20, 18, 14, 15, 15, 18, 18, 18, 19, 18, 14, 14, 14, 20, 16, 18, 12, 14, 17, 13, 
178: 0, 0, 17, 0, 0, 0, 14, 17, 15, 19, 0, 18, 0, 0, 0, 19, 0, 0, 0, 13, 0, 0, 0, 14, 0, 20, 0, 17, 16, 0, 14, 17, 0, 0, 20, 21, 14, 0, 0, 15, : 17, 14, 17, 15, 19, 18, 19, 13, 14, 20, 17, 16, 14, 17, 20, 21, 14, 15, 
98: 0, 21, 16, 0, 0, 0, 0, 0, 0, 0, 0, 20, 0, 0, 0, 11, 16, 15, 18, 0, 14, 0, 16, 14, 0, 0, 0, 13, 0, 0, 0, 12, 16, 12, 0, 14, 19, 19, 17, 0, : 21, 16, 20, 11, 16, 15, 18, 14, 16, 14, 13, 12, 16, 12, 14, 19, 19, 17, 
79: 0, 17, 0, 0, 0, 14, 19, 0, 0, 0, 0, 13, 18, 16, 0, 0, 0, 10, 0, 0, 0, 0, 0, 0, 18, 0, 15, 0, 0, 20, 17, 0, 0, 0, 0, 17, 0, 0, 0, 17, : 17, 14, 19, 13, 18, 16, 10, 18, 15, 20, 17, 17, 17, 


185: 0, 0, 19, 0, 19, 18, 0, 17, 0, 17, 0, 18, 15, 0, 20, 0, 21, 0, 17, 0, 0, 13, 0, 21, 19, 0, 0, 15, 0, 0, 0, 22, 0, 0, 0, 0, 18, 20, 0, 0, : 19, 19, 18, 17, 17, 18, 15, 20, 21, 17, 13, 21, 19, 15, 22, 18, 20, 
167: 0, 0, 0, 18, 17, 0, 0, 0, 0, 0, 0, 0, 18, 0, 24, 0, 0, 17, 21, 14, 0, 0, 0, 17, 15, 11, 24, 0, 0, 0, 15, 14, 0, 0, 0, 16, 0, 0, 0, 0, : 18, 17, 18, 24, 17, 21, 14, 17, 15, 11, 24, 15, 14, 16, 
196: 0, 19, 20, 0, 0, 0, 0, 17, 23, 0, 16, 14, 0, 0, 15, 15, 0, 0, 0, 13, 0, 0, 11, 14, 0, 17, 0, 0, 17, 15, 17, 0, 0, 22, 22, 0, 14, 0, 0, 0, : 19, 20, 17, 23, 16, 14, 15, 15, 13, 11, 14, 17, 17, 15, 17, 22, 22, 14, 
199: 19, 15, 17, 14, 16, 0, 0, 17, 14, 15, 23, 0, 0, 16, 16, 0, 12, 0, 18, 19, 0, 0, 0, 15, 0, 0, 13, 17, 15, 0, 17, 0, 16, 0, 15, 13, 0, 0, 17, 17, : 19, 15, 17, 14, 16, 17, 14, 15, 23, 16, 16, 12, 18, 19, 15, 13, 17, 15, 17, 16, 15, 13, 17, 17, 
200: 15, 0, 0, 0, 0, 0, 17, 14, 17, 17, 13, 0, 0, 14, 0, 0, 0, 0, 0, 20, 16, 0, 13, 0, 12, 15, 0, 0, 0, 17, 0, 0, 12, 0, 17, 0, 0, 0, 15, 15, : 15, 17, 14, 17, 17, 13, 14, 20, 16, 13, 12, 15, 17, 12, 17, 15, 15, 
311: 0, 0, 18, 19, 0, 15, 14, 16, 16, 0, 0, 0, 15, 17, 0, 0, 0, 0, 20, 19, 0, 0, 0, 0, 0, 0, 0, 18, 19, 0, 0, 0, 18, 16, 0, 0, 16, 0, 0, 14, : 18, 19, 15, 14, 16, 16, 15, 17, 20, 19, 18, 19, 18, 16, 16, 14, 
211: 19, 0, 0, 0, 0, 0, 19, 0, 13, 0, 0, 21, 0, 0, 0, 12, 19, 19, 13, 0, 20, 19, 21, 10, 0, 0, 0, 0, 0, 15, 0, 14, 20, 0, 17, 18, 20, 18, 0, 20, : 19, 19, 13, 21, 12, 19, 19, 13, 20, 19, 21, 10, 15, 14, 20, 17, 18, 20, 18, 20, 
264: 14, 0, 17, 16, 14, 0, 17, 0, 0, 22, 11, 0, 0, 23, 0, 0, 18, 0, 0, 0, 15, 0, 0, 0, 0, 0, 0, 14, 0, 17, 0, 16, 22, 0, 0, 0, 0, 0, 15, 0, : 14, 17, 16, 14, 17, 22, 11, 23, 18, 15, 14, 17, 16, 22, 15, 
153: 0, 14, 0, 0, 19, 14, 0, 0, 0, 0, 0, 15, 0, 0, 0, 0, 14, 15, 0, 0, 18, 12, 13, 0, 16, 0, 0, 0, 18, 14, 16, 0, 0, 0, 0, 21, 0, 16, 19, 16, : 14, 19, 14, 15, 14, 15, 18, 12, 13, 16, 18, 14, 16, 21, 16, 19, 16, 
210: 17, 17, 0, 15, 15, 17, 20, 0, 16, 12, 13, 0, 23, 19, 15, 0, 0, 14, 18, 14, 0, 16, 21, 0, 20, 0, 0, 22, 0, 0, 0, 17, 17, 17, 11, 0, 0, 14, 13, 0, : 17, 17, 15, 15, 17, 20, 16, 12, 13, 23, 19, 15, 14, 18, 14, 16, 21, 20, 22, 17, 17, 17, 11, 14, 13, 
100: 0, 16, 0, 0, 18, 0, 0, 0, 0, 0, 15, 12, 10, 14, 12, 18, 17, 0, 0, 0, 0, 20, 0, 21, 0, 0, 19, 20, 19, 0, 20, 0, 16, 0, 0, 0, 0, 16, 19, 0, : 16, 18, 15, 12, 10, 14, 12, 18, 17, 20, 21, 19, 20, 19, 20, 16, 16, 19, 
143: 0, 17, 0, 20, 0, 19, 0, 0, 0, 0, 0, 0, 18, 0, 17, 13, 0, 17, 13, 0, 0, 0, 0, 0, 23, 24, 0, 0, 17, 0, 20, 18, 0, 14, 15, 0, 13, 15, 0, 0, : 17, 20, 19, 18, 17, 13, 17, 13, 23, 24, 17, 20, 18, 14, 15, 13, 15, 
342: 0, 18, 14, 19, 17, 0, 16, 0, 0, 13, 24, 0, 0, 0, 13, 22, 17, 0, 0, 0, 15, 21, 19, 0, 0, 23, 15, 14, 14, 0, 0, 13, 0, 0, 0, 0, 16, 13, 0, 15, : 18, 14, 19, 17, 16, 13, 24, 13, 22, 17, 15, 21, 19, 23, 15, 14, 14, 13, 16, 13, 15, 
144: 0, 0, 0, 0, 0, 0, 14, 18, 0, 0, 17, 0, 16, 0, 0, 19, 0, 17, 0, 0, 20, 0, 0, 0, 0, 20, 18, 12, 14, 17, 18, 0, 0, 13, 17, 20, 16, 0, 0, 0, : 14, 18, 17, 16, 19, 17, 20, 20, 18, 12, 14, 17, 18, 13, 17, 20, 16, 
4: 16, 19, 14, 0, 0, 19, 0, 20, 15, 16, 0, 23, 0, 17, 0, 18, 15, 0, 0, 0, 18, 0, 21, 23, 0, 14, 0, 0, 0, 19, 14, 17, 0, 20, 0, 13, 0, 0, 0, 14, : 16, 19, 14, 19, 20, 15, 16, 23, 17, 18, 15, 18, 21, 23, 14, 19, 14, 17, 20, 13, 14, 
226: 14, 0, 0, 0, 0, 17, 18, 17, 0, 0, 0, 19, 0, 16, 0, 0, 0, 0, 0, 16, 15, 0, 0, 0, 0, 0, 13, 0, 0, 19, 0, 0, 0, 17, 20, 20, 0, 0, 15, 18, : 14, 17, 18, 17, 19, 16, 16, 15, 13, 19, 17, 20, 20, 15, 18, 
166: 0, 0, 15, 16, 0, 0, 15, 14, 0, 0, 0, 0, 0, 0, 18, 17, 17, 17, 17, 0, 0, 17, 0, 17, 21, 11, 0, 0, 0, 0, 0, 0, 0, 18, 16, 16, 16, 20, 0, 0, : 15, 16, 15, 14, 18, 17, 17, 17, 17, 17, 17, 21, 11, 18, 16, 16, 16, 20, 
328: 17, 15, 0, 0, 0, 16, 0, 0, 0, 24, 0, 0, 21, 14, 0, 16, 0, 21, 0, 0, 13, 0, 0, 0, 0, 0, 24, 18, 17, 0, 0, 19, 0, 0, 0, 0, 21, 0, 16, 21, : 17, 15, 16, 24, 21, 14, 16, 21, 13, 24, 18, 17, 19, 21, 16, 21, 
258: 19, 0, 16, 13, 0, 15, 0, 0, 17, 14, 0, 11, 14, 0, 0, 0, 0, 0, 0, 20, 0, 13, 17, 0, 14, 0, 11, 0, 0, 0, 13, 0, 14, 13, 0, 0, 0, 18, 21, 0, : 19, 16, 13, 15, 17, 14, 11, 14, 20, 13, 17, 14, 11, 13, 14, 13, 18, 21, 
353: 0, 0, 0, 0, 15, 0, 0, 0, 19, 0, 18, 17, 0, 0, 0, 0, 0, 13, 13, 15, 0, 19, 14, 12, 10, 15, 13, 0, 0, 17, 0, 0, 15, 0, 0, 13, 0, 0, 0, 0, : 15, 19, 18, 17, 13, 13, 15, 19, 14, 12, 10, 15, 13, 17, 15, 13, 


19: 0, 0, 0, 16, 0, 15, 0, 0, 0, 21, 17, 0, 15, 0, 23, 15, 20, 0, 22, 0, 18, 0, 0, 13, 19, 18, 0, 14, 0, 0, 0, 13, 0, 11, 0, 0, 0, 0, 22, 13, : 16, 15, 21, 17, 15, 23, 15, 20, 22, 18, 13, 19, 18, 14, 13, 11, 22, 13, 
115: 21, 12, 15, 0, 0, 17, 0, 0, 0, 0, 0, 14, 14, 14, 0, 0, 0, 20, 15, 10, 19, 17, 0, 0, 0, 21, 16, 0, 0, 17, 17, 0, 16, 0, 21, 10, 0, 11, 0, 0, : 21, 12, 15, 17, 14, 14, 14, 20, 15, 10, 19, 17, 21, 16, 17, 17, 16, 21, 10, 11, 
25: 18, 0, 12, 14, 0, 0, 0, 0, 15, 0, 17, 21, 0, 0, 15, 0, 19, 12, 0, 17, 15, 0, 0, 0, 0, 15, 0, 0, 0, 14, 11, 15, 0, 20, 0, 0, 0, 20, 12, 0, : 18, 12, 14, 15, 17, 21, 15, 19, 12, 17, 15, 15, 14, 11, 15, 20, 20, 12, 
92: 0, 0, 14, 16, 0, 16, 15, 21, 0, 0, 0, 0, 12, 11, 0, 0, 15, 0, 0, 0, 0, 0, 0, 0, 0, 0, 0, 0, 16, 0, 17, 20, 0, 12, 18, 0, 12, 16, 0, 17, : 14, 16, 16, 15, 21, 12, 11, 15, 16, 17, 20, 12, 18, 12, 16, 17, 
312: 17, 17, 0, 17, 17, 0, 0, 0, 0, 0, 22, 0, 0, 0, 0, 0, 0, 16, 17, 0, 22, 17, 0, 19, 0, 13, 0, 14, 17, 0, 16, 0, 18, 0, 0, 0, 15, 0, 15, 0, : 17, 17, 17, 17, 22, 16, 17, 22, 17, 19, 13, 14, 17, 16, 18, 15, 15, 
70: 0, 0, 17, 0, 15, 0, 0, 18, 24, 0, 15, 22, 0, 0, 15, 0, 0, 0, 0, 15, 0, 13, 0, 15, 19, 14, 17, 0, 0, 0, 12, 0, 16, 18, 0, 11, 0, 0, 0, 0, : 17, 15, 18, 24, 15, 22, 15, 15, 13, 15, 19, 14, 17, 12, 16, 18, 11, 
325: 0, 21, 19, 0, 16, 0, 13, 15, 0, 16, 14, 0, 0, 0, 14, 19, 13, 16, 13, 18, 12, 16, 16, 15, 19, 15, 0, 17, 0, 0, 17, 0, 0, 0, 18, 0, 0, 23, 21, 0, : 21, 19, 16, 13, 15, 16, 14, 14, 19, 13, 16, 13, 18, 12, 16, 16, 15, 19, 15, 17, 17, 18, 23, 21, 
54: 14, 18, 0, 0, 0, 17, 21, 12, 0, 16, 0, 0, 0, 0, 0, 15, 0, 16, 16, 18, 0, 0, 15, 0, 16, 17, 15, 0, 0, 14, 0, 0, 0, 0, 0, 0, 19, 0, 19, 0, : 14, 18, 17, 21, 12, 16, 15, 16, 16, 18, 15, 16, 17, 15, 14, 19, 19, 
66: 0, 0, 0, 0, 20, 0, 0, 14, 19, 0, 0, 12, 0, 13, 0, 0, 0, 0, 0, 23, 14, 0, 22, 19, 0, 0, 0, 22, 14, 23, 0, 17, 17, 20, 13, 0, 0, 12, 0, 0, : 20, 14, 19, 12, 13, 23, 14, 22, 19, 22, 14, 23, 17, 17, 20, 13, 12, 
91: 0, 0, 0, 0, 0, 0, 0, 0, 0, 13, 0, 0, 0, 15, 0, 22, 0, 12, 18, 0, 15, 0, 0, 13, 16, 0, 23, 0, 0, 15, 23, 0, 0, 0, 0, 0, 0, 0, 0, 18, : 13, 15, 22, 12, 18, 15, 13, 16, 23, 15, 23, 18, 
334: 0, 16, 19, 19, 0, 0, 17, 17, 0, 17, 0, 0, 22, 0, 0, 0, 0, 0, 0, 0, 0, 18, 15, 0, 13, 0, 0, 0, 18, 0, 0, 23, 20, 0, 0, 21, 21, 12, 0, 17, : 16, 19, 19, 17, 17, 17, 22, 18, 15, 13, 18, 23, 20, 21, 21, 12, 17, 
188: 0, 14, 0, 0, 0, 0, 20, 0, 0, 0, 18, 16, 16, 15, 19, 20, 0, 21, 0, 14, 0, 0, 0, 0, 0, 17, 0, 0, 0, 0, 0, 0, 13, 0, 12, 0, 0, 0, 13, 16, : 14, 20, 18, 16, 16, 15, 19, 20, 21, 14, 17, 13, 12, 13, 16, 
394: 17, 0, 0, 0, 14, 13, 16, 15, 11, 12, 0, 16, 22, 21, 0, 0, 15, 18, 11, 0, 0, 13, 0, 0, 0, 0, 0, 14, 14, 0, 19, 15, 16, 20, 0, 22, 0, 0, 0, 13, : 17, 14, 13, 16, 15, 11, 12, 16, 22, 21, 15, 18, 11, 13, 14, 14, 19, 15, 16, 20, 22, 13, 
257: 18, 18, 0, 0, 19, 20, 0, 22, 14, 18, 0, 0, 15, 24, 20, 13, 16, 19, 0, 0, 18, 0, 19, 0, 0, 20, 0, 18, 0, 0, 18, 0, 0, 0, 16, 17, 13, 0, 0, 21, : 18, 18, 19, 20, 22, 14, 18, 15, 24, 20, 13, 16, 19, 18, 19, 20, 18, 18, 16, 17, 13, 21, 
373: 17, 0, 17, 17, 17, 0, 15, 0, 15, 14, 0, 20, 0, 0, 12, 17, 19, 0, 0, 15, 0, 22, 0, 16, 0, 0, 22, 16, 0, 0, 0, 21, 13, 0, 20, 19, 0, 0, 13, 20, : 17, 17, 17, 17, 15, 15, 14, 20, 12, 17, 19, 15, 22, 16, 22, 16, 21, 13, 20, 19, 13, 20, 
384: 16, 17, 20, 19, 19, 17, 18, 0, 15, 0, 13, 0, 0, 0, 0, 14, 0, 0, 17, 20, 0, 0, 0, 21, 13, 0, 15, 15, 22, 0, 0, 11, 0, 0, 22, 0, 16, 0, 19, 0, : 16, 17, 20, 19, 19, 17, 18, 15, 13, 14, 17, 20, 21, 13, 15, 15, 22, 11, 22, 16, 19, 
217: 0, 0, 0, 19, 0, 20, 0, 0, 21, 0, 0, 0, 20, 21, 0, 0, 17, 0, 0, 0, 17, 15, 13, 0, 0, 0, 0, 0, 13, 17, 0, 0, 0, 0, 10, 14, 21, 14, 16, 0, : 19, 20, 21, 20, 21, 17, 17, 15, 13, 13, 17, 10, 14, 21, 14, 16, 
313: 0, 0, 0, 13, 0, 0, 15, 0, 16, 0, 0, 0, 0, 0, 0, 0, 16, 0, 21, 0, 0, 0, 15, 0, 14, 0, 14, 0, 0, 17, 0, 0, 21, 19, 0, 18, 0, 21, 0, 15, : 13, 15, 16, 16, 21, 15, 14, 14, 17, 21, 19, 18, 21, 15, 
172: 12, 0, 0, 0, 0, 15, 0, 0, 0, 23, 21, 15, 14, 0, 18, 15, 0, 0, 0, 0, 0, 0, 19, 0, 0, 0, 14, 0, 19, 19, 0, 0, 0, 15, 0, 0, 21, 0, 0, 0, : 12, 15, 23, 21, 15, 14, 18, 15, 19, 14, 19, 19, 15, 21, 
274: 0, 17, 17, 0, 13, 0, 0, 16, 0, 0, 13, 14, 0, 16, 14, 0, 0, 0, 0, 0, 0, 19, 16, 19, 21, 0, 14, 20, 17, 14, 0, 15, 0, 15, 0, 18, 12, 21, 0, 0, : 17, 17, 13, 16, 13, 14, 16, 14, 19, 16, 19, 21, 14, 20, 17, 14, 15, 15, 18, 12, 21, 


101: 18, 13, 17, 17, 0, 14, 14, 20, 16, 0, 0, 16, 0, 14, 19, 0, 11, 0, 0, 0, 17, 11, 20, 0, 12, 17, 0, 0, 16, 0, 0, 18, 14, 0, 0, 14, 0, 15, 19, 0, : 18, 13, 17, 17, 14, 14, 20, 16, 16, 14, 19, 11, 17, 11, 20, 12, 17, 16, 18, 14, 14, 15, 19, 
184: 0, 0, 17, 15, 12, 17, 0, 14, 0, 12, 14, 13, 0, 0, 0, 0, 17, 0, 0, 0, 0, 0, 0, 0, 0, 0, 0, 0, 0, 0, 0, 13, 0, 17, 0, 17, 14, 0, 16, 15, : 17, 15, 12, 17, 14, 12, 14, 13, 17, 13, 17, 17, 14, 16, 15, 
85: 17, 0, 0, 0, 0, 0, 0, 13, 0, 0, 0, 0, 0, 0, 21, 17, 0, 0, 20, 0, 13, 0, 0, 12, 15, 17, 0, 12, 0, 19, 16, 14, 0, 0, 0, 0, 0, 0, 17, 15, : 17, 13, 21, 17, 20, 13, 12, 15, 17, 12, 19, 16, 14, 17, 15, 
139: 0, 0, 0, 15, 20, 19, 0, 0, 16, 0, 16, 0, 21, 10, 0, 0, 0, 15, 0, 20, 0, 18, 0, 0, 0, 0, 17, 0, 0, 0, 17, 0, 0, 12, 18, 0, 0, 20, 0, 0, : 15, 20, 19, 16, 16, 21, 10, 15, 20, 18, 17, 17, 12, 18, 20, 
171: 0, 18, 0, 0, 0, 0, 15, 18, 23, 14, 17, 19, 0, 0, 11, 0, 0, 0, 19, 12, 0, 0, 17, 0, 21, 16, 21, 17, 0, 17, 0, 18, 17, 13, 0, 0, 0, 19, 0, 0, : 18, 15, 18, 23, 14, 17, 19, 11, 19, 12, 17, 21, 16, 21, 17, 17, 18, 17, 13, 19, 
160: 19, 0, 13, 17, 0, 0, 16, 0, 0, 0, 0, 17, 16, 12, 0, 0, 16, 20, 14, 17, 12, 0, 0, 20, 0, 0, 0, 17, 0, 0, 19, 0, 0, 10, 0, 19, 17, 0, 0, 0, : 19, 13, 17, 16, 17, 16, 12, 16, 20, 14, 17, 12, 20, 17, 19, 10, 19, 17, 
343: 0, 14, 0, 0, 0, 0, 0, 0, 0, 17, 0, 0, 12, 21, 20, 0, 0, 14, 0, 0, 21, 12, 12, 0, 0, 0, 17, 20, 0, 0, 0, 0, 0, 19, 15, 0, 0, 16, 15, 18, : 14, 17, 12, 21, 20, 14, 21, 12, 12, 17, 20, 19, 15, 16, 15, 18, 
352: 0, 18, 16, 19, 0, 16, 16, 0, 0, 15, 15, 0, 0, 0, 0, 22, 0, 0, 0, 19, 19, 0, 0, 11, 21, 0, 0, 16, 0, 19, 15, 0, 0, 0, 0, 0, 0, 16, 0, 20, : 18, 16, 19, 16, 16, 15, 15, 22, 19, 19, 11, 21, 16, 19, 15, 16, 20, 
270: 14, 0, 24, 0, 18, 0, 0, 13, 0, 22, 0, 22, 22, 0, 0, 0, 0, 18, 15, 21, 0, 0, 18, 0, 0, 0, 19, 0, 20, 0, 13, 0, 20, 0, 21, 14, 16, 0, 17, 0, : 14, 24, 18, 13, 22, 22, 22, 18, 15, 21, 18, 19, 20, 13, 20, 21, 14, 16, 17, 
165: 18, 19, 0, 0, 22, 24, 0, 0, 0, 0, 14, 0, 13, 21, 0, 0, 17, 0, 21, 0, 0, 20, 12, 17, 0, 0, 15, 17, 13, 0, 0, 0, 0, 0, 20, 0, 0, 15, 0, 0, : 18, 19, 22, 24, 14, 13, 21, 17, 21, 20, 12, 17, 15, 17, 13, 20, 15, 
278: 21, 0, 0, 0, 0, 12, 13, 0, 18, 15, 0, 20, 0, 0, 0, 10, 0, 0, 16, 0, 0, 0, 0, 0, 18, 20, 0, 0, 15, 15, 17, 14, 19, 24, 0, 0, 17, 0, 0, 0, : 21, 12, 13, 18, 15, 20, 10, 16, 18, 20, 15, 15, 17, 14, 19, 24, 17, 
161: 0, 15, 0, 19, 0, 0, 18, 22, 19, 0, 24, 15, 0, 23, 22, 19, 0, 0, 0, 15, 0, 0, 0, 18, 0, 0, 0, 0, 18, 14, 0, 20, 11, 0, 12, 19, 20, 0, 17, 17, : 15, 19, 18, 22, 19, 24, 15, 23, 22, 19, 15, 18, 18, 14, 20, 11, 12, 19, 20, 17, 17, 
333: 0, 0, 0, 12, 14, 0, 0, 19, 0, 19, 13, 0, 21, 0, 13, 22, 21, 19, 0, 0, 0, 0, 14, 0, 0, 0, 16, 12, 13, 17, 0, 0, 16, 19, 18, 0, 0, 17, 20, 0, : 12, 14, 19, 19, 13, 21, 13, 22, 21, 19, 14, 16, 12, 13, 17, 16, 19, 18, 17, 20, 
99: 15, 0, 16, 0, 0, 0, 15, 15, 0, 0, 19, 0, 0, 0, 18, 15, 0, 12, 14, 0, 19, 0, 0, 18, 0, 21, 18, 0, 17, 16, 20, 21, 0, 0, 0, 17, 0, 0, 0, 19, : 15, 16, 15, 15, 19, 18, 15, 12, 14, 19, 18, 21, 18, 17, 16, 20, 21, 17, 19, 
32: 15, 15, 16, 0, 14, 0, 0, 16, 0, 0, 18, 13, 0, 20, 0, 18, 19, 0, 0, 0, 0, 15, 17, 0, 19, 15, 15, 21, 0, 18, 0, 14, 11, 0, 0, 0, 0, 17, 13, 12, : 15, 15, 16, 14, 16, 18, 13, 20, 18, 19, 15, 17, 19, 15, 15, 21, 18, 14, 11, 17, 13, 12, 
335: 0, 0, 15, 21, 14, 0, 21, 0, 13, 20, 0, 0, 0, 0, 0, 0, 0, 0, 0, 17, 0, 0, 0, 19, 14, 0, 12, 0, 0, 0, 0, 0, 0, 19, 0, 18, 15, 15, 0, 0, : 15, 21, 14, 21, 13, 20, 17, 19, 14, 12, 19, 18, 15, 15, 
61: 13, 23, 16, 0, 16, 21, 0, 0, 19, 0, 0, 0, 20, 12, 0, 0, 14, 0, 0, 0, 18, 19, 0, 0, 0, 0, 0, 0, 18, 15, 18, 0, 0, 0, 19, 14, 18, 0, 0, 16, : 13, 23, 16, 16, 21, 19, 20, 12, 14, 18, 19, 18, 15, 18, 19, 14, 18, 16, 
11: 0, 15, 0, 15, 0, 13, 22, 0, 14, 16, 0, 0, 12, 17, 14, 0, 20, 13, 0, 12, 11, 18, 18, 0, 0, 13, 0, 0, 20, 0, 0, 0, 24, 0, 14, 18, 18, 0, 0, 18, : 15, 15, 13, 22, 14, 16, 12, 17, 14, 20, 13, 12, 11, 18, 18, 13, 20, 24, 14, 18, 18, 18, 
307: 0, 0, 0, 0, 20, 0, 0, 0, 0, 0, 0, 15, 13, 0, 12, 13, 0, 17, 12, 0, 0, 16, 0, 22, 12, 11, 0, 0, 0, 0, 0, 0, 0, 17, 13, 0, 15, 0, 16, 0, : 20, 15, 13, 12, 13, 17, 12, 16, 22, 12, 11, 17, 13, 15, 16, 
192: 0, 0, 0, 0, 0, 14, 0, 0, 12, 0, 0, 0, 0, 0, 0, 14, 15, 22, 19, 17, 20, 21, 22, 13, 18, 20, 0, 18, 0, 0, 15, 18, 18, 0, 0, 0, 0, 0, 0, 0, : 14, 12, 14, 15, 22, 19, 17, 20, 21, 22, 13, 18, 20, 18, 15, 18, 18, 


15: 16, 0, 0, 16, 17, 0, 20, 0, 16, 0, 14, 0, 22, 16, 0, 0, 21, 0, 20, 0, 16, 10, 0, 18, 0, 18, 17, 12, 0, 19, 21, 17, 0, 0, 0, 0, 0, 19, 19, 14, : 16, 16, 17, 20, 16, 14, 22, 16, 21, 20, 16, 10, 18, 18, 17, 12, 19, 21, 17, 19, 19, 14, 
235: 16, 0, 17, 14, 0, 0, 19, 15, 0, 15, 0, 0, 0, 15, 22, 14, 23, 15, 0, 0, 0, 0, 0, 0, 16, 0, 0, 0, 0, 18, 0, 0, 16, 0, 19, 16, 20, 14, 0, 0, : 16, 17, 14, 19, 15, 15, 15, 22, 14, 23, 15, 16, 18, 16, 19, 16, 20, 14, 
382: 0, 0, 0, 0, 15, 22, 0, 17, 0, 16, 15, 0, 16, 21, 0, 0, 0, 0, 18, 0, 0, 0, 0, 20, 18, 14, 0, 0, 0, 0, 15, 0, 0, 15, 13, 0, 0, 0, 15, 0, : 15, 22, 17, 16, 15, 16, 21, 18, 20, 18, 14, 15, 15, 13, 15, 
69: 19, 0, 0, 24, 23, 0, 17, 0, 0, 0, 15, 0, 0, 0, 0, 0, 0, 12, 15, 16, 0, 17, 17, 15, 0, 0, 0, 0, 16, 0, 11, 12, 15, 0, 0, 0, 0, 0, 17, 18, : 19, 24, 23, 17, 15, 12, 15, 16, 17, 17, 15, 16, 11, 12, 15, 17, 18, 
111: 19, 16, 0, 0, 15, 0, 0, 12, 18, 0, 0, 17, 15, 0, 13, 0, 0, 22, 0, 16, 0, 17, 0, 0, 0, 0, 0, 13, 16, 0, 18, 15, 22, 0, 0, 14, 0, 0, 14, 19, : 19, 16, 15, 12, 18, 17, 15, 13, 22, 16, 17, 13, 16, 18, 15, 22, 14, 14, 19, 
149: 15, 15, 0, 0, 18, 19, 20, 0, 0, 15, 0, 0, 17, 0, 0, 22, 0, 0, 22, 20, 0, 17, 14, 20, 21, 18, 0, 0, 18, 0, 0, 0, 19, 16, 11, 19, 16, 16, 0, 0, : 15, 15, 18, 19, 20, 15, 17, 22, 22, 20, 17, 14, 20, 21, 18, 18, 19, 16, 11, 19, 16, 16, 
377: 0, 15, 16, 0, 16, 0, 18, 18, 16, 0, 17, 21, 13, 0, 0, 0, 0, 15, 0, 0, 22, 15, 0, 12, 19, 19, 0, 22, 0, 16, 0, 0, 0, 0, 0, 0, 17, 17, 15, 14, : 15, 16, 16, 18, 18, 16, 17, 21, 13, 15, 22, 15, 12, 19, 19, 22, 16, 17, 17, 15, 14, 
88: 16, 20, 15, 0, 0, 0, 15, 0, 0, 16, 0, 17, 0, 13, 0, 0, 0, 15, 0, 0, 0, 0, 17, 0, 0, 0, 0, 18, 0, 18, 15, 17, 0, 13, 0, 11, 17, 11, 0, 15, : 16, 20, 15, 15, 16, 17, 13, 15, 17, 18, 18, 15, 17, 13, 11, 17, 11, 15, 
148: 0, 0, 16, 0, 13, 15, 0, 18, 16, 17, 17, 13, 0, 20, 0, 0, 0, 0, 0, 0, 19, 0, 21, 0, 0, 0, 18, 0, 0, 0, 0, 0, 13, 21, 0, 20, 0, 0, 0, 0, : 16, 13, 15, 18, 16, 17, 17, 13, 20, 19, 21, 18, 13, 21, 20, 
338: 15, 0, 0, 0, 0, 0, 0, 16, 0, 15, 0, 18, 0, 0, 0, 23, 0, 0, 13, 17, 0, 0, 0, 0, 0, 0, 0, 16, 16, 0, 0, 15, 0, 14, 17, 0, 0, 0, 0, 16, : 15, 16, 15, 18, 23, 13, 17, 16, 16, 15, 14, 17, 16, 
179: 15, 0, 16, 0, 0, 15, 0, 0, 0, 0, 0, 16, 0, 0, 13, 0, 21, 0, 0, 0, 17, 21, 18, 0, 14, 21, 0, 17, 0, 15, 0, 0, 14, 15, 0, 0, 14, 22, 0, 24, : 15, 16, 15, 16, 13, 21, 17, 21, 18, 14, 21, 17, 15, 14, 15, 14, 22, 24, 
154: 0, 0, 0, 20, 0, 0, 0, 16, 0, 0, 16, 0, 15, 17, 17, 18, 15, 15, 0, 0, 0, 16, 0, 13, 17, 0, 0, 0, 14, 0, 0, 19, 0, 0, 0, 12, 12, 0, 12, 0, : 20, 16, 16, 15, 17, 17, 18, 15, 15, 16, 13, 17, 14, 19, 12, 12, 12, 
236: 0, 14, 23, 16, 17, 0, 15, 0, 17, 0, 17, 0, 0, 15, 15, 12, 0, 20, 0, 16, 16, 0, 0, 0, 0, 13, 0, 0, 19, 15, 19, 0, 0, 19, 20, 0, 16, 0, 18, 15, : 14, 23, 16, 17, 15, 17, 17, 15, 15, 12, 20, 16, 16, 13, 19, 15, 19, 19, 20, 16, 18, 15, 
58: 0, 0, 0, 0, 16, 0, 0, 0, 0, 0, 0, 16, 0, 0, 15, 19, 0, 0, 16, 0, 15, 22, 0, 19, 18, 0, 18, 19, 0, 0, 0, 18, 0, 18, 19, 0, 22, 0, 0, 15, : 16, 16, 15, 19, 16, 15, 22, 19, 18, 18, 19, 18, 18, 19, 22, 15, 
158: 0, 20, 0, 0, 0, 18, 0, 22, 15, 16, 0, 0, 0, 13, 18, 0, 15, 0, 0, 15, 11, 0, 15, 0, 0, 16, 21, 0, 14, 12, 0, 0, 0, 0, 14, 0, 0, 20, 23, 0, : 20, 18, 22, 15, 16, 13, 18, 15, 15, 11, 15, 16, 21, 14, 12, 14, 20, 23, 
204: 0, 0, 0, 14, 0, 17, 11, 0, 23, 0, 17, 16, 17, 0, 16, 14, 11, 0, 0, 0, 0, 0, 0, 17, 0, 16, 17, 0, 0, 0, 0, 0, 0, 19, 0, 16, 0, 0, 17, 0, : 14, 17, 11, 23, 17, 16, 17, 16, 14, 11, 17, 16, 17, 19, 16, 17, 
322: 0, 0, 13, 17, 0, 16, 0, 0, 16, 23, 0, 16, 0, 20, 0, 14, 13, 0, 16, 0, 18, 15, 17, 0, 0, 0, 13, 15, 0, 21, 17, 0, 0, 0, 22, 0, 0, 16, 0, 0, : 13, 17, 16, 16, 23, 16, 20, 14, 13, 16, 18, 15, 17, 13, 15, 21, 17, 22, 16, 
387: 0, 16, 14, 15, 0, 16, 0, 16, 0, 17, 22, 0, 16, 0, 21, 0, 17, 16, 0, 20, 16, 0, 12, 0, 0, 15, 19, 0, 16, 0, 16, 16, 17, 0, 0, 0, 0, 0, 0, 0, : 16, 14, 15, 16, 16, 17, 22, 16, 21, 17, 16, 20, 16, 12, 15, 19, 16, 16, 16, 17, 
124: 19, 18, 0, 0, 0, 0, 15, 0, 0, 0, 0, 0, 19, 0, 0, 0, 0, 0, 17, 18, 0, 0, 0, 16, 13, 0, 13, 0, 21, 0, 0, 0, 15, 0, 15, 22, 0, 15, 0, 0, : 19, 18, 15, 19, 17, 18, 16, 13, 13, 21, 15, 15, 22, 15, 
225: 0, 16, 20, 14, 0, 12, 0, 0, 13, 0, 0, 0, 0, 0, 0, 14, 14, 20, 13, 12, 0, 0, 19, 0, 14, 0, 14, 18, 0, 16, 18, 21, 19, 0, 0, 20, 16, 0, 0, 0, : 16, 20, 14, 12, 13, 14, 14, 20, 13, 12, 19, 14, 14, 18, 16, 18, 21, 19, 20, 16, 


16: 15, 0, 0, 0, 19, 19, 0, 0, 20, 0, 16, 0, 14, 0, 0, 0, 18, 0, 0, 18, 0, 0, 0, 0, 0, 18, 0, 17, 20, 13, 17, 0, 21, 13, 0, 0, 13, 0, 17, 18, : 15, 19, 19, 20, 16, 14, 18, 18, 18, 17, 20, 13, 17, 21, 13, 13, 17, 18, 
327: 0, 20, 0, 17, 0, 15, 15, 0, 0, 19, 0, 21, 0, 0, 0, 0, 0, 17, 19, 18, 0, 17, 17, 19, 20, 17, 19, 13, 0, 0, 20, 0, 0, 19, 18, 0, 0, 0, 0, 0, : 20, 17, 15, 15, 19, 21, 17, 19, 18, 17, 17, 19, 20, 17, 19, 13, 20, 19, 18, 
310: 0, 20, 0, 0, 17, 19, 0, 14, 0, 0, 0, 0, 17, 0, 20, 0, 15, 19, 18, 0, 0, 0, 20, 0, 0, 18, 0, 21, 17, 0, 0, 21, 0, 0, 22, 11, 0, 17, 0, 18, : 20, 17, 19, 14, 17, 20, 15, 19, 18, 20, 18, 21, 17, 21, 22, 11, 17, 18, 
356: 16, 0, 15, 20, 18, 0, 0, 0, 0, 0, 14, 16, 16, 12, 18, 0, 18, 0, 0, 18, 0, 0, 17, 0, 18, 12, 0, 0, 0, 19, 0, 0, 14, 0, 13, 0, 0, 0, 0, 15, : 16, 15, 20, 18, 14, 16, 16, 12, 18, 18, 18, 17, 18, 12, 19, 14, 13, 15, 
157: 18, 15, 0, 0, 0, 15, 18, 0, 16, 16, 0, 0, 20, 0, 0, 17, 0, 0, 0, 20, 0, 0, 15, 18, 0, 0, 15, 0, 0, 24, 0, 0, 22, 0, 0, 16, 20, 0, 17, 0, : 18, 15, 15, 18, 16, 16, 20, 17, 20, 15, 18, 15, 24, 22, 16, 20, 17, 
259: 19, 14, 0, 19, 20, 0, 0, 0, 15, 15, 19, 0, 0, 0, 0, 0, 0, 0, 0, 16, 0, 0, 0, 19, 20, 0, 0, 16, 13, 0, 18, 16, 0, 0, 19, 0, 0, 14, 0, 0, : 19, 14, 19, 20, 15, 15, 19, 16, 19, 20, 16, 13, 18, 16, 19, 14, 
10: 0, 0, 19, 19, 0, 17, 0, 0, 0, 21, 0, 0, 17, 0, 0, 17, 0, 0, 0, 13, 14, 18, 0, 12, 0, 0, 13, 0, 0, 19, 0, 20, 14, 0, 0, 0, 18, 0, 0, 0, : 19, 19, 17, 21, 17, 17, 13, 14, 18, 12, 13, 19, 20, 14, 18, 
316: 0, 0, 0, 0, 0, 0, 15, 16, 15, 15, 17, 16, 0, 15, 12, 12, 0, 12, 17, 0, 18, 12, 0, 0, 0, 0, 0, 14, 14, 18, 0, 18, 0, 0, 0, 20, 0, 18, 0, 0, : 15, 16, 15, 15, 17, 16, 15, 12, 12, 12, 17, 18, 12, 14, 14, 18, 18, 20, 18, 
232: 0, 19, 15, 0, 17, 0, 18, 19, 15, 0, 19, 0, 0, 15, 0, 17, 0, 0, 0, 0, 19, 15, 0, 0, 12, 0, 15, 19, 0, 0, 18, 0, 17, 15, 12, 19, 16, 16, 0, 0, : 19, 15, 17, 18, 19, 15, 19, 15, 17, 19, 15, 12, 15, 19, 18, 17, 15, 12, 19, 16, 16, 
74: 19, 16, 0, 0, 14, 0, 17, 17, 0, 0, 0, 0, 0, 0, 0, 0, 0, 18, 12, 0, 18, 0, 0, 12, 12, 0, 0, 0, 0, 0, 0, 0, 21, 13, 0, 21, 0, 20, 18, 17, : 19, 16, 14, 17, 17, 18, 12, 18, 12, 12, 21, 13, 21, 20, 18, 17, 
396: 18, 0, 10, 0, 17, 16, 0, 17, 15, 17, 0, 0, 0, 0, 0, 15, 15, 0, 17, 12, 18, 0, 18, 21, 0, 0, 17, 0, 0, 0, 0, 0, 0, 17, 14, 0, 0, 0, 16, 13, : 18, 10, 17, 16, 17, 15, 17, 15, 15, 17, 12, 18, 18, 21, 17, 17, 14, 16, 13, 
317: 0, 0, 22, 17, 15, 0, 0, 0, 0, 18, 0, 15, 0, 21, 0, 19, 0, 12, 16, 0, 0, 17, 20, 0, 18, 0, 18, 0, 20, 0, 12, 0, 0, 0, 0, 0, 18, 17, 0, 18, : 22, 17, 15, 18, 15, 21, 19, 12, 16, 17, 20, 18, 18, 20, 12, 18, 17, 18, 
383: 12, 0, 18, 0, 0, 0, 0, 19, 14, 0, 20, 14, 0, 20, 17, 0, 0, 0, 20, 16, 0, 15, 0, 17, 11, 0, 0, 14, 0, 11, 18, 17, 11, 15, 0, 0, 0, 0, 0, 0, : 12, 18, 19, 14, 20, 14, 20, 17, 20, 16, 15, 17, 11, 14, 11, 18, 17, 11, 15, 
381: 18, 17, 0, 0, 0, 18, 0, 0, 19, 14, 14, 20, 0, 18, 16, 17, 0, 16, 18, 19, 17, 19, 0, 12, 0, 0, 22, 0, 17, 14, 0, 0, 0, 0, 0, 17, 17, 15, 14, 0, : 18, 17, 18, 19, 14, 14, 20, 18, 16, 17, 16, 18, 19, 17, 19, 12, 22, 17, 14, 17, 17, 15, 14, 
103: 0, 10, 17, 15, 0, 14, 0, 17, 21, 0, 0, 0, 13, 0, 19, 0, 12, 19, 0, 0, 16, 17, 0, 0, 22, 0, 0, 0, 0, 0, 22, 0, 13, 21, 0, 15, 0, 0, 0, 0, : 10, 17, 15, 14, 17, 21, 13, 19, 12, 19, 16, 17, 22, 22, 13, 21, 15, 
370: 0, 0, 0, 0, 13, 0, 0, 0, 0, 0, 16, 14, 0, 0, 0, 0, 17, 0, 0, 0, 19, 0, 16, 0, 0, 21, 0, 0, 18, 18, 0, 0, 0, 0, 15, 0, 0, 0, 15, 19, : 13, 16, 14, 17, 19, 16, 21, 18, 18, 15, 15, 19, 
142: 0, 19, 15, 14, 0, 0, 18, 15, 0, 0, 0, 19, 20, 14, 15, 19, 19, 0, 13, 0, 0, 0, 14, 20, 0, 13, 13, 0, 0, 0, 0, 12, 17, 0, 0, 18, 14, 16, 20, 0, : 19, 15, 14, 18, 15, 19, 20, 14, 15, 19, 19, 13, 14, 20, 13, 13, 12, 17, 18, 14, 16, 20, 
197: 0, 0, 0, 12, 0, 17, 16, 16, 0, 15, 0, 0, 14, 0, 16, 17, 19, 16, 0, 0, 11, 0, 0, 0, 0, 17, 18, 20, 19, 0, 12, 23, 0, 15, 20, 13, 19, 0, 18, 0, : 12, 17, 16, 16, 15, 14, 16, 17, 19, 16, 11, 17, 18, 20, 19, 12, 23, 15, 20, 13, 19, 18, 
324: 15, 0, 0, 0, 0, 0, 16, 0, 0, 0, 15, 15, 0, 16, 17, 0, 0, 0, 0, 0, 0, 20, 0, 0, 0, 20, 0, 16, 0, 14, 0, 11, 0, 22, 0, 0, 15, 17, 15, 13, : 15, 16, 15, 15, 16, 17, 20, 20, 16, 14, 11, 22, 15, 17, 15, 13, 
271: 0, 0, 19, 17, 0, 0, 17, 0, 0, 0, 0, 0, 19, 19, 0, 0, 17, 21, 0, 0, 0, 0, 13, 0, 17, 14, 0, 0, 12, 0, 13, 12, 0, 0, 17, 0, 0, 0, 0, 19, : 19, 17, 17, 19, 19, 17, 21, 13, 17, 14, 12, 13, 12, 17, 19, 


118: 0, 0, 0, 13, 0, 0, 0, 15, 0, 0, 0, 0, 14, 0, 0, 0, 19, 0, 20, 0, 0, 18, 0, 14, 0, 0, 11, 11, 0, 20, 12, 18, 14, 16, 0, 0, 0, 15, 0, 0, : 13, 15, 14, 19, 20, 18, 14, 11, 11, 20, 12, 18, 14, 16, 15, 
122: 0, 0, 0, 18, 0, 17, 0, 15, 12, 0, 23, 16, 16, 10, 0, 19, 0, 0, 0, 18, 0, 0, 0, 15, 13, 0, 0, 0, 17, 0, 0, 0, 0, 16, 19, 0, 0, 18, 0, 0, : 18, 17, 15, 12, 23, 16, 16, 10, 19, 18, 15, 13, 17, 16, 19, 18, 
300: 0, 21, 18, 20, 0, 0, 0, 0, 14, 14, 0, 0, 16, 20, 16, 0, 21, 0, 17, 0, 0, 0, 19, 0, 20, 18, 13, 0, 14, 0, 0, 19, 0, 0, 0, 0, 13, 0, 0, 17, : 21, 18, 20, 14, 14, 16, 20, 16, 21, 17, 19, 20, 18, 13, 14, 19, 13, 17, 
193: 17, 16, 0, 0, 13, 0, 16, 16, 17, 0, 16, 19, 22, 0, 0, 0, 0, 15, 0, 0, 0, 0, 0, 0, 0, 0, 0, 17, 0, 19, 20, 15, 0, 12, 19, 20, 13, 0, 15, 0, : 17, 16, 13, 16, 16, 17, 16, 19, 22, 15, 17, 19, 20, 15, 12, 19, 20, 13, 15, 
176: 0, 12, 17, 17, 0, 0, 16, 17, 17, 16, 17, 0, 0, 0, 15, 0, 15, 15, 12, 0, 21, 18, 15, 18, 16, 0, 17, 0, 0, 0, 0, 13, 14, 0, 0, 17, 20, 0, 0, 0, : 12, 17, 17, 16, 17, 17, 16, 17, 15, 15, 15, 12, 21, 18, 15, 18, 16, 17, 13, 14, 17, 20, 
282: 15, 0, 20, 0, 19, 17, 0, 0, 0, 0, 11, 20, 0, 0, 18, 0, 20, 20, 0, 19, 0, 0, 0, 0, 19, 22, 17, 0, 22, 0, 17, 0, 0, 19, 20, 0, 0, 20, 16, 15, : 15, 20, 19, 17, 11, 20, 18, 20, 20, 19, 19, 22, 17, 22, 17, 19, 20, 20, 16, 15, 
164: 19, 0, 0, 16, 0, 18, 16, 16, 0, 0, 0, 10, 17, 16, 12, 0, 14, 0, 0, 15, 0, 0, 17, 0, 14, 18, 21, 0, 18, 0, 0, 0, 0, 17, 0, 0, 0, 16, 18, 0, : 19, 16, 18, 16, 16, 10, 17, 16, 12, 14, 15, 17, 14, 18, 21, 18, 17, 16, 18, 
97: 0, 17, 14, 0, 0, 0, 0, 0, 0, 18, 17, 0, 17, 0, 16, 13, 0, 0, 17, 14, 0, 0, 16, 0, 20, 16, 0, 0, 16, 0, 0, 0, 17, 13, 0, 0, 15, 13, 0, 0, : 17, 14, 18, 17, 17, 16, 13, 17, 14, 16, 20, 16, 16, 17, 13, 15, 13, 
256: 17, 17, 17, 20, 0, 18, 15, 0, 17, 0, 0, 0, 0, 15, 18, 0, 0, 0, 18, 0, 14, 19, 0, 21, 0, 21, 0, 0, 0, 0, 19, 0, 20, 20, 14, 0, 20, 0, 0, 0, : 17, 17, 17, 20, 18, 15, 17, 15, 18, 18, 14, 19, 21, 21, 19, 20, 20, 14, 20, 
385: 12, 19, 13, 0, 17, 16, 0, 0, 16, 0, 17, 17, 10, 0, 0, 0, 0, 0, 0, 0, 0, 0, 0, 18, 0, 11, 0, 0, 0, 15, 16, 18, 14, 19, 0, 21, 16, 0, 0, 16, : 12, 19, 13, 17, 16, 16, 17, 17, 10, 18, 11, 15, 16, 18, 14, 19, 21, 16, 16, 
20: 0, 16, 0, 0, 0, 18, 16, 0, 0, 0, 0, 23, 0, 17, 0, 0, 15, 19, 0, 20, 18, 14, 17, 0, 16, 15, 0, 14, 0, 18, 0, 0, 0, 0, 17, 13, 0, 0, 0, 0, : 16, 18, 16, 23, 17, 15, 19, 20, 18, 14, 17, 16, 15, 14, 18, 17, 13, 
107: 16, 0, 0, 0, 14, 0, 16, 0, 20, 13, 0, 0, 0, 0, 15, 0, 13, 0, 0, 0, 0, 12, 0, 0, 0, 0, 0, 0, 0, 0, 16, 0, 0, 0, 11, 12, 20, 14, 19, 0, : 16, 14, 16, 20, 13, 15, 13, 12, 16, 11, 12, 20, 14, 19, 
360: 17, 0, 0, 0, 15, 0, 14, 0, 0, 11, 0, 13, 0, 14, 0, 14, 0, 16, 0, 0, 0, 0, 0, 0, 0, 0, 15, 0, 0, 18, 0, 0, 0, 0, 18, 0, 0, 19, 19, 19, : 17, 15, 14, 11, 13, 14, 14, 16, 15, 18, 18, 19, 19, 19, 
354: 0, 0, 0, 0, 18, 0, 20, 0, 0, 16, 0, 16, 0, 0, 19, 19, 0, 0, 14, 0, 17, 20, 18, 0, 0, 0, 17, 18, 18, 16, 0, 0, 17, 0, 20, 0, 0, 0, 18, 16, : 18, 20, 16, 16, 19, 19, 14, 17, 20, 18, 17, 18, 18, 16, 17, 20, 18, 16, 
253: 19, 14, 0, 0, 21, 0, 0, 0, 0, 19, 0, 0, 20, 0, 21, 16, 15, 14, 0, 15, 12, 15, 18, 0, 0, 0, 0, 14, 0, 15, 0, 16, 0, 0, 0, 11, 19, 0, 0, 16, : 19, 14, 21, 19, 20, 21, 16, 15, 14, 15, 12, 15, 18, 14, 15, 16, 11, 19, 16, 
246: 0, 0, 23, 18, 16, 14, 0, 22, 0, 0, 0, 16, 18, 19, 0, 0, 0, 18, 0, 0, 21, 0, 12, 19, 0, 0, 0, 21, 19, 0, 0, 0, 15, 0, 0, 0, 0, 0, 0, 14, : 23, 18, 16, 14, 22, 16, 18, 19, 18, 21, 12, 19, 21, 19, 15, 14, 
247: 18, 18, 0, 12, 0, 0, 21, 13, 23, 0, 16, 0, 0, 0, 0, 17, 0, 20, 0, 16, 0, 0, 18, 12, 0, 0, 20, 18, 0, 0, 16, 16, 0, 0, 0, 0, 0, 0, 16, 0, : 18, 18, 12, 21, 13, 23, 16, 17, 20, 16, 18, 12, 20, 18, 16, 16, 16, 
95: 0, 0, 0, 16, 0, 15, 0, 16, 0, 19, 0, 0, 0, 0, 0, 15, 0, 0, 18, 19, 19, 20, 0, 17, 21, 11, 0, 16, 0, 0, 18, 20, 21, 18, 0, 21, 0, 0, 14, 19, : 16, 15, 16, 19, 15, 18, 19, 19, 20, 17, 21, 11, 16, 18, 20, 21, 18, 21, 14, 19, 
181: 0, 0, 16, 0, 17, 17, 0, 0, 0, 0, 20, 0, 0, 21, 0, 16, 0, 0, 17, 14, 13, 14, 0, 16, 0, 0, 19, 21, 10, 19, 0, 0, 18, 0, 0, 19, 14, 19, 15, 18, : 16, 17, 17, 20, 21, 16, 17, 14, 13, 14, 16, 19, 21, 10, 19, 18, 19, 14, 19, 15, 18, 
82: 0, 0, 12, 0, 0, 0, 0, 20, 14, 24, 13, 0, 0, 18, 0, 21, 18, 13, 17, 0, 15, 0, 0, 0, 11, 18, 0, 0, 16, 10, 16, 15, 0, 0, 12, 16, 0, 16, 0, 0, : 12, 20, 14, 24, 13, 18, 21, 18, 13, 17, 15, 11, 18, 16, 10, 16, 15, 12, 16, 16, 


374: 15, 0, 21, 0, 0, 0, 0, 0, 17, 16, 13, 0, 0, 0, 0, 18, 16, 0, 0, 0, 0, 0, 20, 0, 18, 22, 18, 0, 0, 0, 0, 0, 16, 0, 0, 18, 0, 0, 0, 0, : 15, 21, 17, 16, 13, 18, 16, 20, 18, 22, 18, 16, 18, 
314: 16, 18, 0, 15, 0, 22, 0, 0, 0, 0, 0, 0, 12, 13, 0, 0, 19, 19, 21, 0, 17, 0, 0, 10, 21, 16, 0, 15, 18, 17, 16, 0, 21, 13, 0, 0, 0, 22, 21, 0, : 16, 18, 15, 22, 12, 13, 19, 19, 21, 17, 10, 21, 16, 15, 18, 17, 16, 21, 13, 22, 21, 
146: 0, 19, 0, 0, 0, 0, 0, 18, 0, 17, 19, 0, 0, 0, 22, 18, 14, 12, 0, 0, 0, 16, 0, 0, 0, 0, 11, 0, 16, 0, 0, 0, 16, 0, 0, 0, 13, 0, 0, 0, : 19, 18, 17, 19, 22, 18, 14, 12, 16, 11, 16, 16, 13, 
1: 0, 0, 13, 0, 0, 0, 14, 16, 0, 22, 0, 12, 21, 0, 16, 0, 0, 0, 17, 17, 0, 14, 19, 0, 0, 0, 16, 19, 0, 19, 0, 16, 15, 0, 21, 0, 0, 0, 0, 13, : 13, 14, 16, 22, 12, 21, 16, 17, 17, 14, 19, 16, 19, 19, 16, 15, 21, 13, 
119: 17, 0, 0, 0, 16, 0, 0, 0, 15, 16, 14, 0, 0, 0, 13, 0, 0, 0, 0, 0, 20, 0, 0, 21, 0, 18, 0, 18, 0, 0, 16, 17, 20, 14, 0, 24, 0, 13, 0, 0, : 17, 16, 15, 16, 14, 13, 20, 21, 18, 18, 16, 17, 20, 14, 24, 13, 
344: 0, 18, 0, 21, 0, 0, 0, 0, 0, 0, 15, 20, 0, 17, 16, 0, 0, 0, 21, 0, 0, 0, 0, 19, 16, 10, 0, 0, 17, 0, 14, 16, 0, 0, 13, 14, 0, 17, 17, 16, : 18, 21, 15, 20, 17, 16, 21, 19, 16, 10, 17, 14, 16, 13, 14, 17, 17, 16, 
364: 18, 0, 13, 19, 0, 16, 0, 19, 0, 0, 0, 0, 15, 0, 0, 15, 0, 13, 0, 15, 14, 19, 0, 19, 0, 19, 0, 17, 0, 0, 19, 17, 0, 17, 0, 0, 15, 0, 0, 0, : 18, 13, 19, 16, 19, 15, 15, 13, 15, 14, 19, 19, 19, 17, 19, 17, 17, 15, 
212: 0, 14, 20, 0, 16, 0, 0, 0, 14, 0, 0, 19, 16, 0, 16, 0, 18, 16, 12, 0, 0, 17, 17, 14, 0, 13, 0, 0, 0, 0, 0, 18, 0, 0, 0, 0, 21, 0, 11, 0, : 14, 20, 16, 14, 19, 16, 16, 18, 16, 12, 17, 17, 14, 13, 18, 21, 11, 
86: 19, 0, 21, 15, 0, 14, 0, 14, 0, 0, 0, 0, 20, 0, 0, 0, 0, 0, 16, 0, 0, 19, 16, 17, 17, 0, 0, 0, 13, 0, 0, 15, 17, 0, 0, 14, 0, 18, 0, 0, : 19, 21, 15, 14, 14, 20, 16, 19, 16, 17, 17, 13, 15, 17, 14, 18, 
133: 0, 13, 0, 11, 14, 15, 21, 0, 17, 15, 0, 15, 0, 18, 0, 17, 0, 20, 0, 13, 18, 0, 11, 0, 14, 0, 0, 0, 0, 0, 15, 0, 0, 15, 14, 0, 16, 0, 20, 15, : 13, 11, 14, 15, 21, 17, 15, 15, 18, 17, 20, 13, 18, 11, 14, 15, 15, 14, 16, 20, 15, 
272: 0, 0, 0, 0, 22, 0, 19, 19, 15, 0, 0, 0, 0, 15, 0, 13, 15, 22, 0, 21, 0, 18, 0, 0, 21, 0, 15, 15, 20, 18, 17, 0, 0, 0, 0, 15, 0, 14, 14, 15, : 22, 19, 19, 15, 15, 13, 15, 22, 21, 18, 21, 15, 15, 20, 18, 17, 15, 14, 14, 15, 
294: 0, 0, 13, 15, 0, 18, 16, 0, 0, 14, 0, 23, 18, 18, 13, 0, 22, 16, 0, 11, 17, 17, 19, 0, 0, 15, 0, 0, 16, 0, 0, 0, 0, 20, 14, 0, 23, 0, 13, 0, : 13, 15, 18, 16, 14, 23, 18, 18, 13, 22, 16, 11, 17, 17, 19, 15, 16, 20, 14, 23, 13, 
296: 0, 0, 17, 0, 15, 16, 17, 17, 16, 14, 14, 0, 0, 16, 23, 0, 0, 0, 0, 0, 0, 0, 0, 0, 0, 16, 19, 12, 14, 16, 16, 0, 0, 18, 14, 0, 17, 13, 16, 0, : 17, 15, 16, 17, 17, 16, 14, 14, 16, 23, 16, 19, 12, 14, 16, 16, 18, 14, 17, 13, 16, 
260: 14, 15, 0, 0, 17, 0, 0, 0, 0, 0, 0, 16, 0, 0, 0, 11, 15, 0, 0, 0, 0, 0, 18, 15, 0, 0, 0, 18, 0, 12, 0, 13, 18, 0, 0, 13, 0, 21, 0, 13, : 14, 15, 17, 16, 11, 15, 18, 15, 18, 12, 13, 18, 13, 21, 13, 
230: 16, 15, 0, 0, 0, 16, 13, 0, 0, 17, 18, 0, 0, 0, 0, 0, 13, 15, 16, 0, 0, 18, 0, 0, 12, 0, 19, 18, 0, 0, 0, 0, 14, 0, 17, 0, 16, 16, 0, 21, : 16, 15, 16, 13, 17, 18, 13, 15, 16, 18, 12, 19, 18, 14, 17, 16, 16, 21, 
73: 0, 0, 0, 16, 19, 0, 19, 18, 0, 0, 16, 17, 0, 0, 0, 14, 0, 0, 17, 0, 11, 12, 16, 21, 0, 0, 15, 0, 0, 17, 0, 0, 0, 0, 0, 22, 0, 0, 17, 17, : 16, 19, 19, 18, 16, 17, 14, 17, 11, 12, 16, 21, 15, 17, 22, 17, 17, 
218: 0, 20, 15, 22, 21, 20, 16, 0, 20, 0, 0, 0, 19, 18, 0, 24, 0, 17, 0, 19, 0, 0, 0, 0, 21, 0, 16, 0, 0, 0, 21, 0, 0, 23, 0, 17, 15, 0, 21, 0, : 20, 15, 22, 21, 20, 16, 20, 19, 18, 24, 17, 19, 21, 16, 21, 23, 17, 15, 21, 
347: 0, 0, 17, 16, 0, 0, 15, 14, 18, 19, 18, 0, 0, 21, 0, 0, 0, 0, 18, 20, 14, 0, 14, 0, 0, 0, 0, 0, 17, 20, 0, 15, 13, 18, 18, 13, 0, 0, 0, 0, : 17, 16, 15, 14, 18, 19, 18, 21, 18, 20, 14, 14, 17, 20, 15, 13, 18, 18, 13, 
332: 15, 0, 0, 0, 10, 0, 0, 15, 0, 0, 0, 14, 12, 14, 14, 20, 0, 0, 0, 17, 20, 0, 0, 14, 10, 21, 21, 0, 0, 15, 16, 23, 0, 12, 16, 0, 0, 16, 0, 21, : 15, 10, 15, 14, 12, 14, 14, 20, 17, 20, 14, 10, 21, 21, 15, 16, 23, 12, 16, 16, 21, 
363: 20, 18, 0, 0, 0, 13, 0, 0, 18, 0, 23, 14, 17, 0, 17, 0, 18, 0, 12, 17, 19, 0, 0, 0, 0, 0, 0, 18, 19, 16, 0, 0, 0, 0, 23, 0, 14, 0, 0, 19, : 20, 18, 13, 18, 23, 14, 17, 17, 18, 12, 17, 19, 18, 19, 16, 23, 14, 19, 


125: 0, 14, 22, 0, 14, 0, 0, 13, 19, 22, 0, 15, 0, 0, 0, 0, 13, 0, 14, 0, 14, 20, 15, 15, 19, 0, 15, 0, 14, 16, 20, 0, 0, 19, 13, 0, 0, 0, 14, 18, : 14, 22, 14, 13, 19, 22, 15, 13, 14, 14, 20, 15, 15, 19, 15, 14, 16, 20, 19, 13, 14, 18, 
55: 16, 14, 11, 18, 18, 0, 17, 19, 0, 0, 0, 0, 21, 0, 0, 0, 0, 19, 0, 0, 0, 0, 15, 15, 14, 17, 0, 14, 0, 19, 0, 10, 0, 0, 16, 0, 19, 16, 20, 0, : 16, 14, 11, 18, 18, 17, 19, 21, 19, 15, 15, 14, 17, 14, 19, 10, 16, 19, 16, 20, 
80: 0, 0, 18, 0, 0, 15, 0, 13, 0, 0, 20, 0, 16, 0, 20, 0, 0, 0, 0, 18, 16, 21, 0, 0, 0, 20, 19, 0, 15, 15, 0, 16, 19, 14, 0, 0, 0, 14, 0, 14, : 18, 15, 13, 20, 16, 20, 18, 16, 21, 20, 19, 15, 15, 16, 19, 14, 14, 14, 
220: 0, 18, 19, 0, 18, 0, 14, 0, 18, 15, 0, 20, 0, 16, 0, 0, 0, 0, 0, 15, 13, 14, 17, 0, 15, 0, 15, 17, 0, 0, 0, 0, 0, 0, 0, 0, 0, 0, 0, 0, : 18, 19, 18, 14, 18, 15, 20, 16, 15, 13, 14, 17, 15, 15, 17, 
28: 16, 0, 0, 12, 21, 17, 0, 0, 0, 19, 0, 0, 0, 0, 0, 15, 23, 16, 21, 0, 20, 0, 0, 21, 0, 0, 0, 20, 18, 0, 0, 15, 14, 11, 0, 15, 16, 0, 19, 19, : 16, 12, 21, 17, 19, 15, 23, 16, 21, 20, 21, 20, 18, 15, 14, 11, 15, 16, 19, 19, 
331: 14, 0, 0, 18, 0, 13, 0, 19, 0, 20, 14, 0, 0, 15, 13, 16, 0, 0, 0, 0, 16, 0, 13, 0, 13, 15, 19, 18, 19, 16, 16, 20, 15, 0, 0, 0, 16, 0, 0, 17, : 14, 18, 13, 19, 20, 14, 15, 13, 16, 16, 13, 13, 15, 19, 18, 19, 16, 16, 20, 15, 16, 17, 
60: 14, 14, 0, 0, 15, 19, 17, 0, 17, 19, 0, 15, 0, 17, 0, 22, 0, 14, 0, 0, 0, 0, 0, 20, 0, 0, 0, 15, 17, 0, 0, 15, 0, 0, 0, 0, 16, 14, 0, 0, : 14, 14, 15, 19, 17, 17, 19, 15, 17, 22, 14, 20, 15, 17, 15, 16, 14, 
120: 20, 0, 0, 0, 0, 15, 0, 0, 0, 13, 16, 19, 0, 14, 22, 0, 0, 0, 13, 0, 0, 0, 0, 0, 19, 0, 14, 0, 0, 19, 16, 0, 0, 18, 0, 0, 0, 14, 14, 0, : 20, 15, 13, 16, 19, 14, 22, 13, 19, 14, 19, 16, 18, 14, 14, 
254: 0, 0, 0, 0, 0, 0, 20, 0, 0, 0, 21, 0, 20, 19, 17, 13, 0, 0, 19, 0, 0, 0, 0, 18, 0, 16, 0, 15, 16, 18, 16, 0, 22, 19, 11, 20, 15, 14, 0, 0, : 20, 21, 20, 19, 17, 13, 19, 18, 16, 15, 16, 18, 16, 22, 19, 11, 20, 15, 14, 
318: 0, 20, 0, 0, 0, 17, 19, 0, 19, 0, 0, 17, 0, 0, 15, 16, 0, 0, 14, 14, 0, 12, 0, 16, 18, 19, 17, 0, 20, 0, 0, 17, 21, 22, 19, 11, 12, 21, 0, 0, : 20, 17, 19, 19, 17, 15, 16, 14, 14, 12, 16, 18, 19, 17, 20, 17, 21, 22, 19, 11, 12, 21, 
140: 20, 0, 0, 17, 0, 14, 0, 19, 0, 0, 13, 14, 18, 17, 0, 0, 18, 0, 16, 0, 16, 19, 19, 0, 16, 17, 16, 17, 0, 13, 19, 22, 10, 0, 16, 0, 0, 0, 0, 0, : 20, 17, 14, 19, 13, 14, 18, 17, 18, 16, 16, 19, 19, 16, 17, 16, 17, 13, 19, 22, 10, 16, 
35: 0, 17, 16, 0, 0, 0, 16, 16, 0, 0, 0, 16, 0, 0, 0, 0, 16, 0, 19, 0, 0, 18, 0, 13, 0, 0, 0, 14, 17, 0, 15, 0, 17, 0, 17, 0, 0, 0, 14, 0, : 17, 16, 16, 16, 16, 16, 19, 18, 13, 14, 17, 15, 17, 17, 14, 
6: 0, 18, 14, 16, 13, 0, 0, 0, 0, 0, 14, 18, 16, 18, 0, 0, 10, 18, 0, 16, 0, 0, 13, 17, 16, 0, 0, 0, 0, 0, 18, 0, 0, 16, 0, 18, 0, 0, 0, 18, : 18, 14, 16, 13, 14, 18, 16, 18, 10, 18, 16, 13, 17, 16, 18, 16, 18, 18, 
127: 0, 0, 17, 14, 16, 0, 0, 17, 0, 0, 0, 0, 14, 0, 18, 24, 15, 15, 15, 21, 16, 0, 22, 15, 0, 0, 0, 20, 0, 18, 18, 19, 17, 0, 0, 17, 15, 0, 0, 19, : 17, 14, 16, 17, 14, 18, 24, 15, 15, 15, 21, 16, 22, 15, 20, 18, 18, 19, 17, 17, 15, 19, 
273: 0, 0, 0, 20, 0, 0, 19, 0, 14, 0, 0, 0, 14, 20, 0, 17, 16, 0, 19, 0, 0, 16, 0, 0, 20, 0, 15, 0, 14, 0, 0, 0, 0, 15, 0, 0, 21, 18, 0, 17, : 20, 19, 14, 14, 20, 17, 16, 19, 16, 20, 15, 14, 15, 21, 18, 17, 
177: 0, 15, 0, 18, 18, 0, 0, 0, 13, 16, 0, 0, 0, 0, 0, 0, 23, 22, 0, 0, 0, 0, 0, 0, 0, 0, 0, 0, 0, 0, 0, 16, 0, 0, 0, 18, 20, 0, 18, 0, : 15, 18, 18, 13, 16, 23, 22, 16, 18, 20, 18, 
7: 15, 0, 0, 17, 0, 0, 13, 14, 15, 12, 17, 0, 0, 0, 0, 0, 0, 0, 0, 14, 19, 13, 17, 0, 0, 17, 20, 0, 0, 0, 12, 0, 0, 0, 0, 0, 0, 0, 18, 0, : 15, 17, 13, 14, 15, 12, 17, 14, 19, 13, 17, 17, 20, 12, 18, 
269: 0, 0, 14, 0, 17, 19, 15, 0, 20, 14, 16, 0, 13, 14, 15, 16, 0, 11, 0, 21, 0, 0, 0, 0, 0, 16, 0, 0, 0, 16, 0, 0, 0, 0, 17, 15, 0, 20, 18, 15, : 14, 17, 19, 15, 20, 14, 16, 13, 14, 15, 16, 11, 21, 16, 16, 17, 15, 20, 18, 15, 
195: 17, 0, 19, 0, 0, 21, 0, 0, 0, 0, 19, 0, 0, 0, 13, 0, 0, 22, 0, 17, 0, 17, 0, 0, 0, 0, 0, 0, 0, 0, 0, 0, 15, 0, 20, 19, 0, 19, 0, 0, : 17, 19, 21, 19, 13, 22, 17, 17, 15, 20, 19, 19, 
87: 18, 20, 0, 0, 0, 0, 0, 20, 15, 0, 0, 16, 18, 0, 17, 11, 16, 13, 0, 14, 20, 0, 19, 0, 0, 13, 0, 0, 0, 0, 0, 0, 0, 16, 21, 17, 0, 0, 15, 13, : 18, 20, 20, 15, 16, 18, 17, 11, 16, 13, 14, 20, 19, 13, 16, 21, 17, 15, 13, 


169: 0, 0, 19, 0, 0, 0, 0, 17, 15, 0, 0, 17, 15, 19, 0, 0, 0, 0, 12, 13, 20, 18, 0, 0, 13, 14, 0, 16, 0, 19, 0, 13, 0, 11, 16, 17, 0, 17, 18, 0, : 19, 17, 15, 17, 15, 19, 12, 13, 20, 18, 13, 14, 16, 19, 13, 11, 16, 17, 17, 18, 
238: 0, 0, 0, 0, 18, 0, 17, 23, 0, 0, 15, 0, 0, 20, 14, 24, 19, 19, 0, 0, 18, 0, 16, 0, 0, 0, 0, 0, 15, 0, 0, 20, 15, 0, 18, 0, 0, 0, 18, 19, : 18, 17, 23, 15, 20, 14, 24, 19, 19, 18, 16, 15, 20, 15, 18, 18, 19, 
305: 19, 0, 10, 11, 0, 19, 22, 22, 13, 20, 0, 17, 17, 21, 17, 19, 0, 0, 0, 16, 0, 0, 0, 17, 21, 15, 0, 0, 0, 0, 13, 0, 0, 15, 0, 0, 12, 0, 19, 0, : 19, 10, 11, 19, 22, 22, 13, 20, 17, 17, 21, 17, 19, 16, 17, 21, 15, 13, 15, 12, 19, 
26: 0, 18, 0, 16, 0, 20, 0, 0, 19, 0, 0, 0, 0, 0, 16, 0, 16, 0, 0, 17, 0, 0, 0, 15, 0, 17, 0, 19, 21, 0, 0, 14, 0, 15, 0, 12, 0, 0, 13, 16, : 18, 16, 20, 19, 16, 16, 17, 15, 17, 19, 21, 14, 15, 12, 13, 16, 
130: 0, 20, 20, 12, 17, 0, 0, 0, 0, 18, 11, 17, 20, 0, 11, 15, 0, 0, 0, 0, 18, 17, 0, 0, 18, 0, 0, 0, 0, 0, 0, 0, 0, 0, 13, 0, 17, 0, 0, 0, : 20, 20, 12, 17, 18, 11, 17, 20, 11, 15, 18, 17, 18, 13, 17, 
109: 18, 0, 0, 0, 0, 0, 14, 0, 13, 16, 0, 0, 0, 0, 22, 0, 0, 0, 0, 0, 0, 0, 19, 13, 18, 0, 0, 0, 18, 0, 21, 12, 20, 0, 0, 17, 0, 0, 17, 0, : 18, 14, 13, 16, 22, 19, 13, 18, 18, 21, 12, 20, 17, 17, 
49: 0, 18, 0, 0, 0, 0, 18, 16, 0, 0, 0, 0, 18, 0, 0, 0, 15, 10, 20, 16, 0, 17, 18, 18, 0, 13, 16, 19, 0, 12, 0, 0, 16, 0, 19, 0, 12, 21, 0, 13, : 18, 18, 16, 18, 15, 10, 20, 16, 17, 18, 18, 13, 16, 19, 12, 16, 19, 12, 21, 13, 
369: 17, 20, 19, 0, 0, 21, 17, 0, 23, 19, 17, 0, 0, 18, 0, 0, 0, 0, 0, 15, 12, 0, 13, 0, 0, 20, 0, 20, 14, 13, 0, 0, 20, 19, 18, 19, 19, 14, 0, 18, : 17, 20, 19, 21, 17, 23, 19, 17, 18, 15, 12, 13, 20, 20, 14, 13, 20, 19, 18, 19, 19, 14, 18, 
391: 0, 0, 0, 12, 18, 0, 0, 0, 15, 0, 16, 0, 17, 0, 0, 0, 0, 0, 17, 0, 0, 0, 19, 0, 0, 14, 18, 0, 16, 0, 0, 0, 0, 0, 0, 18, 0, 19, 0, 16, : 12, 18, 15, 16, 17, 17, 19, 14, 18, 16, 18, 19, 16, 
56: 0, 0, 16, 0, 0, 16, 12, 0, 0, 0, 0, 11, 18, 13, 0, 16, 15, 0, 0, 0, 0, 0, 0, 18, 17, 0, 21, 0, 17, 19, 17, 0, 0, 0, 0, 19, 0, 0, 0, 0, : 16, 16, 12, 11, 18, 13, 16, 15, 18, 17, 21, 17, 19, 17, 19, 
50: 0, 0, 25, 19, 21, 14, 15, 12, 0, 0, 19, 0, 0, 0, 0, 0, 0, 13, 0, 0, 14, 0, 0, 18, 0, 0, 12, 17, 0, 19, 19, 20, 17, 20, 0, 11, 0, 0, 0, 0, : 25, 19, 21, 14, 15, 12, 19, 13, 14, 18, 12, 17, 19, 19, 20, 17, 20, 11, 
162: 0, 22, 0, 20, 0, 0, 0, 0, 21, 0, 18, 18, 0, 0, 0, 0, 0, 21, 11, 0, 0, 20, 0, 0, 0, 21, 0, 12, 17, 0, 0, 0, 15, 19, 18, 18, 0, 19, 15, 0, : 22, 20, 21, 18, 18, 21, 11, 20, 21, 12, 17, 15, 19, 18, 18, 19, 15, 
393: 13, 0, 12, 0, 13, 14, 0, 17, 0, 11, 18, 0, 16, 11, 18, 17, 0, 0, 22, 0, 19, 0, 17, 17, 18, 21, 17, 0, 0, 15, 11, 18, 17, 0, 0, 0, 18, 17, 0, 0, : 13, 12, 13, 14, 17, 11, 18, 16, 11, 18, 17, 22, 19, 17, 17, 18, 21, 17, 15, 11, 18, 17, 18, 17, 
368: 0, 10, 0, 0, 19, 0, 0, 0, 0, 0, 18, 18, 0, 14, 0, 14, 23, 15, 16, 0, 0, 17, 16, 0, 0, 0, 0, 0, 0, 0, 0, 0, 0, 0, 12, 0, 0, 14, 13, 21, : 10, 19, 18, 18, 14, 14, 23, 15, 16, 17, 16, 12, 14, 13, 21, 
23: 0, 0, 12, 0, 13, 0, 14, 0, 0, 0, 0, 17, 18, 0, 16, 19, 10, 18, 20, 0, 0, 13, 0, 0, 0, 15, 0, 12, 0, 0, 18, 20, 0, 0, 0, 0, 19, 17, 0, 0, : 12, 13, 14, 17, 18, 16, 19, 10, 18, 20, 13, 15, 12, 18, 20, 19, 17, 
81: 21, 0, 17, 17, 0, 12, 0, 12, 14, 13, 0, 0, 11, 18, 0, 0, 0, 19, 14, 19, 0, 18, 19, 21, 13, 0, 0, 16, 20, 14, 21, 0, 0, 0, 0, 0, 19, 12, 0, 12, : 21, 17, 17, 12, 12, 14, 13, 11, 18, 19, 14, 19, 18, 19, 21, 13, 16, 20, 14, 21, 19, 12, 12, 
303: 10, 0, 0, 20, 20, 18, 21, 0, 17, 15, 0, 0, 0, 0, 15, 0, 0, 19, 18, 19, 16, 13, 13, 13, 15, 0, 15, 0, 12, 22, 16, 0, 18, 16, 0, 0, 15, 0, 0, 18, : 10, 20, 20, 18, 21, 17, 15, 15, 19, 18, 19, 16, 13, 13, 13, 15, 15, 12, 22, 16, 18, 16, 15, 18, 
329: 15, 12, 0, 0, 0, 0, 0, 0, 0, 21, 0, 17, 0, 16, 21, 16, 16, 0, 0, 12, 0, 0, 0, 0, 0, 0, 17, 19, 0, 0, 0, 16, 0, 18, 18, 0, 0, 0, 17, 17, : 15, 12, 21, 17, 16, 21, 16, 16, 12, 17, 19, 16, 18, 18, 17, 17, 
389: 19, 12, 0, 23, 11, 0, 0, 17, 0, 17, 0, 18, 0, 0, 0, 0, 17, 16, 0, 23, 17, 17, 0, 0, 17, 0, 13, 0, 0, 17, 14, 17, 0, 17, 0, 0, 19, 0, 20, 0, : 19, 12, 23, 11, 17, 17, 18, 17, 16, 23, 17, 17, 17, 13, 17, 14, 17, 17, 19, 20, 
215: 18, 18, 0, 0, 0, 16, 0, 14, 0, 0, 18, 0, 0, 0, 0, 10, 19, 0, 0, 0, 16, 0, 0, 0, 0, 0, 21, 0, 0, 0, 0, 0, 12, 0, 18, 19, 0, 0, 0, 0, : 18, 18, 16, 14, 18, 10, 19, 16, 21, 12, 18, 19, 


287: 0, 12, 0, 0, 0, 0, 18, 21, 0, 0, 0, 0, 17, 0, 0, 0, 23, 23, 19, 16, 17, 0, 15, 0, 18, 0, 0, 0, 0, 23, 0, 14, 14, 0, 0, 20, 0, 13, 20, 0, : 12, 18, 21, 17, 23, 23, 19, 16, 17, 15, 18, 23, 14, 14, 20, 13, 20, 
62: 15, 16, 16, 17, 0, 17, 0, 0, 23, 0, 16, 16, 0, 0, 0, 0, 0, 0, 0, 13, 19, 0, 16, 0, 19, 0, 0, 18, 18, 0, 18, 0, 0, 16, 18, 14, 11, 20, 18, 15, : 15, 16, 16, 17, 17, 23, 16, 16, 13, 19, 16, 19, 18, 18, 18, 16, 18, 14, 11, 20, 18, 15, 
93: 0, 17, 17, 0, 17, 0, 17, 11, 21, 0, 0, 0, 15, 18, 14, 0, 15, 0, 0, 0, 14, 18, 0, 0, 0, 0, 0, 13, 0, 21, 11, 0, 0, 14, 13, 0, 12, 0, 0, 21, : 17, 17, 17, 17, 11, 21, 15, 18, 14, 15, 14, 18, 13, 21, 11, 14, 13, 12, 21, 
155: 13, 17, 0, 14, 0, 15, 14, 0, 17, 15, 0, 18, 0, 17, 0, 0, 0, 16, 14, 18, 21, 20, 13, 12, 0, 18, 0, 0, 0, 0, 12, 19, 0, 17, 14, 0, 0, 0, 0, 17, : 13, 17, 14, 15, 14, 17, 15, 18, 17, 16, 14, 18, 21, 20, 13, 12, 18, 12, 19, 17, 14, 17, 
51: 18, 0, 0, 0, 0, 0, 0, 0, 0, 0, 18, 13, 0, 0, 0, 14, 0, 0, 0, 0, 0, 0, 0, 0, 13, 13, 0, 16, 0, 15, 0, 17, 0, 19, 13, 0, 0, 0, 15, 16, : 18, 18, 13, 14, 13, 13, 16, 15, 17, 19, 13, 15, 16, 
156: 18, 19, 22, 22, 0, 0, 0, 0, 0, 0, 0, 17, 0, 0, 0, 12, 16, 16, 16, 0, 14, 18, 0, 0, 0, 19, 16, 17, 21, 0, 0, 0, 18, 0, 0, 0, 0, 0, 0, 0, : 18, 19, 22, 22, 17, 12, 16, 16, 16, 14, 18, 19, 16, 17, 21, 18, 
330: 0, 19, 15, 0, 16, 0, 0, 18, 14, 0, 17, 0, 0, 0, 0, 15, 0, 0, 17, 0, 0, 0, 20, 17, 0, 23, 0, 0, 19, 10, 0, 13, 0, 0, 10, 22, 0, 16, 10, 0, : 19, 15, 16, 18, 14, 17, 15, 17, 20, 17, 23, 19, 10, 13, 10, 22, 16, 10, 
242: 0, 0, 0, 0, 14, 21, 0, 0, 0, 15, 17, 0, 15, 16, 16, 21, 0, 0, 16, 16, 16, 0, 0, 0, 15, 0, 0, 0, 15, 13, 0, 19, 23, 0, 0, 0, 21, 0, 0, 0, : 14, 21, 15, 17, 15, 16, 16, 21, 16, 16, 16, 15, 15, 13, 19, 23, 21, 
349: 16, 16, 0, 0, 16, 0, 0, 17, 18, 0, 17, 18, 16, 0, 16, 13, 0, 0, 20, 19, 0, 0, 0, 0, 0, 0, 0, 0, 12, 15, 16, 0, 0, 0, 16, 14, 0, 0, 15, 17, : 16, 16, 16, 17, 18, 17, 18, 16, 16, 13, 20, 19, 12, 15, 16, 16, 14, 15, 17, 
77: 0, 0, 0, 17, 21, 14, 15, 21, 14, 17, 0, 0, 0, 14, 16, 19, 15, 10, 0, 0, 0, 15, 0, 20, 19, 11, 0, 20, 0, 19, 0, 15, 0, 0, 23, 24, 0, 17, 18, 19, : 17, 21, 14, 15, 21, 14, 17, 14, 16, 19, 15, 10, 15, 20, 19, 11, 20, 19, 15, 23, 24, 17, 18, 19, 
228: 0, 0, 16, 15, 0, 0, 0, 20, 0, 16, 0, 0, 19, 17, 0, 0, 0, 15, 0, 0, 14, 18, 0, 0, 13, 0, 11, 0, 0, 20, 21, 0, 19, 14, 0, 0, 23, 0, 0, 15, : 16, 15, 20, 16, 19, 17, 15, 14, 18, 13, 11, 20, 21, 19, 14, 23, 15, 
224: 17, 0, 18, 14, 0, 18, 18, 14, 14, 0, 19, 17, 20, 0, 0, 0, 0, 0, 20, 20, 0, 0, 0, 16, 0, 0, 13, 17, 0, 0, 0, 0, 15, 23, 0, 0, 17, 0, 0, 0, : 17, 18, 14, 18, 18, 14, 14, 19, 17, 20, 20, 20, 16, 13, 17, 15, 23, 17, 
34: 17, 0, 15, 0, 14, 17, 0, 0, 12, 19, 14, 15, 0, 17, 18, 19, 0, 0, 0, 0, 0, 0, 0, 19, 0, 15, 0, 14, 14, 0, 20, 16, 14, 0, 0, 0, 16, 10, 0, 11, : 17, 15, 14, 17, 12, 19, 14, 15, 17, 18, 19, 19, 15, 14, 14, 20, 16, 14, 16, 10, 11, 
194: 0, 0, 17, 0, 0, 15, 15, 0, 0, 0, 15, 0, 0, 0, 0, 0, 15, 0, 0, 0, 0, 17, 18, 0, 0, 0, 18, 13, 0, 0, 0, 15, 0, 0, 19, 0, 12, 0, 0, 0, : 17, 15, 15, 15, 15, 17, 18, 18, 13, 15, 19, 12, 
378: 0, 0, 0, 17, 0, 0, 0, 0, 0, 0, 17, 19, 0, 0, 14, 0, 19, 14, 16, 0, 0, 17, 16, 17, 20, 0, 24, 22, 0, 0, 0, 0, 17, 12, 0, 0, 17, 19, 0, 0, : 17, 17, 19, 14, 19, 14, 16, 17, 16, 17, 20, 24, 22, 17, 12, 17, 19, 
277: 0, 0, 0, 17, 18, 0, 20, 14, 17, 15, 0, 0, 15, 15, 21, 0, 10, 20, 0, 14, 0, 14, 17, 14, 18, 0, 18, 0, 0, 0, 0, 0, 0, 0, 0, 11, 0, 0, 17, 19, : 17, 18, 20, 14, 17, 15, 15, 15, 21, 10, 20, 14, 14, 17, 14, 18, 18, 11, 17, 19, 
33: 18, 0, 14, 0, 0, 16, 0, 14, 0, 22, 0, 0, 15, 0, 0, 21, 20, 0, 12, 0, 0, 0, 17, 0, 15, 13, 0, 0, 14, 14, 0, 0, 0, 0, 0, 14, 0, 20, 0, 0, : 18, 14, 16, 14, 22, 15, 21, 20, 12, 17, 15, 13, 14, 14, 14, 20, 
37: 18, 16, 0, 17, 16, 0, 18, 0, 0, 14, 0, 17, 18, 0, 21, 16, 0, 19, 0, 0, 19, 0, 0, 0, 0, 20, 13, 0, 0, 0, 23, 22, 17, 13, 0, 14, 0, 0, 0, 0, : 18, 16, 17, 16, 18, 14, 17, 18, 21, 16, 19, 19, 20, 13, 23, 22, 17, 13, 14, 
106: 0, 0, 0, 0, 0, 17, 15, 0, 0, 0, 0, 0, 0, 15, 0, 0, 17, 17, 0, 22, 16, 0, 18, 18, 0, 18, 19, 0, 16, 0, 13, 0, 0, 22, 0, 17, 21, 22, 21, 0, : 17, 15, 15, 17, 17, 22, 16, 18, 18, 18, 19, 16, 13, 22, 17, 21, 22, 21, 
222: 0, 18, 0, 0, 18, 0, 0, 0, 0, 17, 0, 0, 0, 21, 14, 0, 0, 0, 0, 12, 0, 13, 0, 17, 0, 0, 18, 0, 21, 0, 16, 0, 13, 0, 24, 0, 0, 13, 16, 0, : 18, 18, 17, 21, 14, 12, 13, 17, 18, 21, 16, 13, 24, 13, 16, 


173: 0, 11, 0, 0, 18, 17, 0, 0, 0, 0, 0, 18, 0, 0, 19, 21, 14, 14, 0, 0, 0, 0, 11, 0, 22, 0, 0, 0, 18, 0, 0, 0, 15, 15, 0, 16, 22, 20, 0, 0, : 11, 18, 17, 18, 19, 21, 14, 14, 11, 22, 18, 15, 15, 16, 22, 20, 
203: 18, 13, 15, 0, 18, 15, 20, 0, 0, 15, 16, 15, 0, 0, 0, 0, 0, 15, 0, 15, 0, 16, 14, 19, 0, 15, 14, 23, 19, 19, 14, 0, 0, 0, 0, 12, 13, 0, 17, 13, : 18, 13, 15, 18, 15, 20, 15, 16, 15, 15, 15, 16, 14, 19, 15, 14, 23, 19, 19, 14, 12, 13, 17, 13, 
170: 0, 0, 0, 0, 15, 0, 0, 16, 20, 0, 15, 0, 0, 0, 16, 14, 0, 24, 0, 23, 21, 0, 19, 18, 0, 0, 19, 0, 21, 0, 15, 0, 0, 0, 0, 0, 18, 0, 18, 0, : 15, 16, 20, 15, 16, 14, 24, 23, 21, 19, 18, 19, 21, 15, 18, 18, 
359: 19, 19, 15, 17, 16, 16, 16, 0, 0, 21, 0, 20, 0, 0, 0, 15, 18, 0, 0, 13, 0, 0, 0, 0, 14, 0, 0, 14, 0, 14, 0, 20, 0, 21, 21, 22, 0, 0, 14, 16, : 19, 19, 15, 17, 16, 16, 16, 21, 20, 15, 18, 13, 14, 14, 14, 20, 21, 21, 22, 14, 16, 
180: 0, 0, 18, 20, 0, 0, 16, 18, 15, 20, 17, 0, 0, 0, 0, 0, 0, 0, 0, 0, 0, 0, 0, 19, 0, 0, 0, 22, 17, 18, 0, 0, 0, 0, 13, 0, 0, 21, 0, 0, : 18, 20, 16, 18, 15, 20, 17, 19, 22, 17, 18, 13, 21, 
365: 12, 0, 10, 0, 0, 0, 16, 15, 0, 0, 0, 14, 14, 12, 12, 15, 0, 0, 25, 0, 13, 21, 0, 0, 14, 0, 16, 0, 0, 0, 17, 16, 0, 15, 0, 0, 0, 0, 20, 0, : 12, 10, 16, 15, 14, 14, 12, 12, 15, 25, 13, 21, 14, 16, 17, 16, 15, 20, 
45: 18, 18, 0, 0, 0, 21, 0, 0, 0, 17, 15, 0, 20, 0, 0, 14, 15, 15, 15, 0, 16, 17, 0, 0, 16, 22, 0, 0, 0, 0, 0, 0, 15, 0, 0, 0, 0, 0, 0, 0, : 18, 18, 21, 17, 15, 20, 14, 15, 15, 15, 16, 17, 16, 22, 15, 
116: 15, 15, 19, 0, 0, 0, 0, 14, 14, 0, 0, 13, 0, 0, 11, 0, 22, 15, 16, 16, 0, 0, 0, 17, 20, 0, 0, 16, 0, 0, 15, 15, 0, 20, 14, 13, 0, 0, 0, 24, : 15, 15, 19, 14, 14, 13, 11, 22, 15, 16, 16, 17, 20, 16, 15, 15, 20, 14, 13, 24, 
400: 0, 15, 0, 0, 0, 16, 17, 0, 0, 0, 20, 0, 15, 16, 20, 0, 16, 16, 0, 0, 20, 0, 0, 0, 0, 0, 10, 0, 0, 15, 20, 0, 20, 0, 12, 14, 0, 17, 0, 0, : 15, 16, 17, 20, 15, 16, 20, 16, 16, 20, 10, 15, 20, 20, 12, 14, 17, 
112: 14, 0, 0, 0, 0, 0, 22, 19, 20, 20, 0, 0, 25, 12, 19, 18, 0, 0, 0, 18, 0, 0, 19, 14, 0, 13, 0, 14, 11, 0, 0, 0, 0, 19, 0, 0, 17, 18, 15, 0, : 14, 22, 19, 20, 20, 25, 12, 19, 18, 18, 19, 14, 13, 14, 11, 19, 17, 18, 15, 
27: 0, 21, 19, 15, 20, 13, 0, 16, 0, 0, 17, 0, 14, 0, 0, 14, 0, 0, 14, 22, 0, 20, 17, 0, 0, 0, 22, 0, 17, 0, 13, 0, 19, 0, 0, 0, 21, 0, 0, 17, : 21, 19, 15, 20, 13, 16, 17, 14, 14, 14, 22, 20, 17, 22, 17, 13, 19, 21, 17, 
350: 0, 0, 0, 16, 0, 0, 17, 0, 18, 16, 20, 0, 0, 0, 0, 18, 0, 15, 14, 0, 16, 12, 19, 0, 0, 0, 0, 0, 0, 16, 0, 14, 18, 0, 0, 0, 0, 12, 0, 15, : 16, 17, 18, 16, 20, 18, 15, 14, 16, 12, 19, 16, 14, 18, 12, 15, 
134: 0, 21, 0, 16, 17, 0, 0, 0, 14, 14, 0, 15, 0, 12, 22, 0, 16, 14, 0, 15, 14, 0, 17, 0, 0, 15, 0, 0, 0, 0, 0, 0, 0, 0, 17, 0, 0, 19, 0, 11, : 21, 16, 17, 14, 14, 15, 12, 22, 16, 14, 15, 14, 17, 15, 17, 19, 11, 
337: 0, 0, 0, 19, 12, 0, 0, 0, 0, 12, 14, 16, 0, 20, 17, 0, 0, 0, 15, 0, 14, 0, 0, 15, 16, 0, 13, 10, 18, 0, 0, 16, 14, 15, 0, 0, 14, 0, 0, 15, : 19, 12, 12, 14, 16, 20, 17, 15, 14, 15, 16, 13, 10, 18, 16, 14, 15, 14, 15, 
366: 0, 0, 17, 0, 19, 0, 0, 0, 0, 0, 0, 0, 19, 21, 0, 0, 0, 0, 0, 15, 0, 16, 0, 16, 0, 20, 0, 0, 16, 14, 16, 17, 15, 13, 0, 23, 18, 11, 0, 0, : 17, 19, 19, 21, 15, 16, 16, 20, 16, 14, 16, 17, 15, 13, 23, 18, 11, 
42: 17, 17, 0, 0, 0, 15, 13, 0, 0, 15, 0, 0, 12, 18, 0, 0, 19, 0, 0, 0, 0, 0, 0, 0, 14, 17, 0, 14, 0, 0, 21, 0, 18, 0, 15, 15, 0, 16, 11, 0, : 17, 17, 15, 13, 15, 12, 18, 19, 14, 17, 14, 21, 18, 15, 15, 16, 11, 
223: 16, 0, 22, 11, 0, 16, 0, 20, 16, 0, 0, 20, 15, 0, 0, 0, 0, 0, 23, 0, 0, 13, 0, 0, 19, 12, 0, 18, 0, 19, 0, 21, 0, 0, 0, 0, 0, 0, 0, 21, : 16, 22, 11, 16, 20, 16, 20, 15, 23, 13, 19, 12, 18, 19, 21, 21, 
293: 0, 0, 15, 0, 0, 21, 0, 19, 13, 0, 16, 0, 16, 15, 0, 0, 15, 22, 13, 0, 0, 0, 0, 19, 0, 21, 13, 0, 13, 19, 0, 0, 16, 13, 20, 16, 16, 16, 23, 0, : 15, 21, 19, 13, 16, 16, 15, 15, 22, 13, 19, 21, 13, 13, 19, 16, 13, 20, 16, 16, 16, 23, 
355: 21, 0, 0, 17, 0, 0, 13, 0, 20, 0, 0, 19, 0, 24, 0, 0, 0, 0, 0, 0, 15, 16, 15, 13, 0, 0, 22, 19, 0, 16, 19, 18, 0, 19, 22, 19, 0, 0, 13, 18, : 21, 17, 13, 20, 19, 24, 15, 16, 15, 13, 22, 19, 16, 19, 18, 19, 22, 19, 13, 18, 
114: 0, 0, 0, 19, 15, 0, 0, 13, 0, 0, 0, 0, 0, 0, 14, 21, 15, 0, 15, 13, 21, 19, 19, 0, 15, 15, 21, 0, 0, 0, 0, 13, 0, 0, 16, 0, 11, 0, 19, 0, : 19, 15, 13, 14, 21, 15, 15, 13, 21, 19, 19, 15, 15, 21, 13, 16, 11, 19, 


249: 0, 0, 21, 0, 0, 16, 0, 0, 15, 15, 16, 0, 0, 0, 16, 0, 0, 0, 0, 11, 0, 0, 0, 17, 20, 0, 16, 13, 0, 0, 0, 0, 16, 0, 17, 0, 0, 0, 0, 22, : 21, 16, 15, 15, 16, 16, 11, 17, 20, 16, 13, 16, 17, 22, 
285: 0, 0, 0, 0, 21, 20, 0, 20, 0, 0, 0, 17, 0, 0, 16, 21, 0, 16, 16, 0, 17, 21, 0, 0, 0, 13, 0, 17, 0, 18, 0, 0, 16, 15, 0, 15, 15, 0, 15, 14, : 21, 20, 20, 17, 16, 21, 16, 16, 17, 21, 13, 17, 18, 16, 15, 15, 15, 15, 14, 
375: 17, 0, 16, 16, 0, 0, 18, 0, 0, 0, 19, 20, 11, 16, 15, 17, 0, 17, 16, 20, 19, 0, 10, 0, 0, 0, 0, 0, 14, 15, 0, 0, 0, 0, 0, 0, 15, 21, 0, 0, : 17, 16, 16, 18, 19, 20, 11, 16, 15, 17, 17, 16, 20, 19, 10, 14, 15, 15, 21, 
30: 0, 0, 15, 0, 0, 16, 0, 0, 0, 16, 0, 0, 0, 13, 20, 16, 0, 0, 14, 17, 0, 18, 22, 0, 0, 15, 0, 18, 18, 15, 17, 21, 0, 18, 19, 16, 0, 15, 18, 12, : 15, 16, 16, 13, 20, 16, 14, 17, 18, 22, 15, 18, 18, 15, 17, 21, 18, 19, 16, 15, 18, 12, 
283: 0, 0, 17, 22, 22, 0, 0, 18, 0, 0, 0, 22, 17, 0, 16, 16, 16, 15, 0, 14, 0, 0, 0, 15, 0, 0, 19, 18, 18, 0, 0, 0, 0, 0, 18, 14, 0, 14, 0, 0, : 17, 22, 22, 18, 22, 17, 16, 16, 16, 15, 14, 15, 19, 18, 18, 18, 14, 14, 
291: 0, 0, 15, 0, 15, 22, 0, 14, 0, 15, 0, 0, 16, 0, 0, 0, 0, 21, 16, 21, 0, 0, 0, 20, 0, 18, 15, 0, 0, 17, 16, 0, 19, 18, 14, 20, 21, 0, 19, 0, : 15, 15, 22, 14, 15, 16, 21, 16, 21, 20, 18, 15, 17, 16, 19, 18, 14, 20, 21, 19, 
202: 18, 21, 0, 0, 0, 0, 17, 0, 0, 0, 14, 0, 14, 17, 0, 0, 0, 16, 0, 0, 16, 0, 0, 16, 19, 19, 16, 0, 19, 0, 0, 19, 0, 0, 0, 18, 0, 0, 0, 0, : 18, 21, 17, 14, 14, 17, 16, 16, 16, 19, 19, 16, 19, 19, 18, 
44: 0, 0, 0, 0, 0, 0, 19, 17, 16, 15, 16, 0, 0, 19, 19, 0, 16, 18, 0, 0, 14, 15, 15, 0, 16, 0, 0, 0, 16, 0, 15, 16, 19, 0, 19, 0, 0, 0, 0, 13, : 19, 17, 16, 15, 16, 19, 19, 16, 18, 14, 15, 15, 16, 16, 15, 16, 19, 19, 13, 
2: 21, 15, 0, 17, 0, 0, 0, 0, 17, 0, 0, 0, 0, 0, 0, 13, 15, 18, 12, 14, 0, 0, 0, 0, 16, 16, 13, 15, 0, 16, 17, 18, 13, 17, 13, 0, 0, 0, 0, 18, : 21, 15, 17, 17, 13, 15, 18, 12, 14, 16, 16, 13, 15, 16, 17, 18, 13, 17, 13, 18, 
243: 14, 16, 0, 12, 0, 0, 15, 0, 0, 0, 0, 0, 15, 0, 0, 0, 18, 0, 21, 0, 21, 0, 0, 12, 15, 0, 0, 0, 0, 0, 0, 0, 0, 0, 0, 0, 17, 0, 15, 0, : 14, 16, 12, 15, 15, 18, 21, 21, 12, 15, 17, 15, 
234: 15, 18, 21, 19, 17, 0, 0, 0, 0, 16, 0, 13, 0, 0, 0, 0, 0, 0, 20, 15, 0, 0, 17, 0, 18, 18, 21, 0, 15, 17, 19, 16, 17, 0, 15, 0, 12, 13, 0, 0, : 15, 18, 21, 19, 17, 16, 13, 20, 15, 17, 18, 18, 21, 15, 17, 19, 16, 17, 15, 12, 13, 
319: 16, 14, 16, 0, 0, 15, 0, 0, 17, 0, 19, 0, 0, 0, 0, 0, 15, 0, 0, 0, 0, 0, 0, 21, 0, 19, 0, 0, 18, 0, 0, 15, 16, 0, 0, 19, 0, 0, 0, 21, : 16, 14, 16, 15, 17, 19, 15, 21, 19, 18, 15, 16, 19, 21, 
326: 0, 0, 0, 13, 13, 14, 12, 0, 14, 17, 16, 17, 20, 15, 0, 0, 0, 0, 0, 0, 0, 12, 22, 0, 0, 0, 18, 20, 18, 0, 0, 0, 0, 0, 0, 0, 0, 11, 21, 0, : 13, 13, 14, 12, 14, 17, 16, 17, 20, 15, 12, 22, 18, 20, 18, 11, 21, 
40: 15, 0, 0, 0, 0, 0, 20, 0, 18, 18, 17, 0, 16, 17, 0, 15, 0, 0, 21, 0, 18, 11, 0, 0, 0, 0, 0, 18, 14, 18, 18, 0, 0, 0, 0, 0, 17, 22, 14, 14, : 15, 20, 18, 18, 17, 16, 17, 15, 21, 18, 11, 18, 14, 18, 18, 17, 22, 14, 14, 
43: 0, 15, 0, 15, 11, 19, 0, 16, 0, 0, 15, 15, 0, 0, 17, 18, 17, 0, 0, 0, 0, 16, 0, 16, 16, 0, 0, 0, 0, 0, 0, 17, 0, 0, 17, 17, 0, 20, 0, 0, : 15, 15, 11, 19, 16, 15, 15, 17, 18, 17, 16, 16, 16, 17, 17, 17, 20, 
90: 0, 0, 0, 0, 17, 0, 19, 16, 0, 0, 0, 0, 20, 17, 18, 0, 20, 0, 14, 17, 15, 20, 17, 17, 17, 0, 16, 15, 0, 17, 0, 14, 0, 12, 0, 15, 0, 0, 22, 15, : 17, 19, 16, 20, 17, 18, 20, 14, 17, 15, 20, 17, 17, 17, 16, 15, 17, 14, 12, 15, 22, 15, 
31: 0, 19, 0, 19, 0, 15, 0, 13, 17, 21, 0, 13, 0, 0, 0, 0, 14, 14, 0, 0, 10, 18, 16, 0, 0, 16, 0, 0, 0, 0, 15, 14, 0, 18, 0, 0, 21, 14, 13, 0, : 19, 19, 15, 13, 17, 21, 13, 14, 14, 10, 18, 16, 16, 15, 14, 18, 21, 14, 13, 
281: 0, 17, 0, 0, 19, 13, 0, 0, 20, 0, 18, 0, 21, 15, 0, 17, 0, 0, 0, 21, 0, 19, 0, 0, 13, 0, 16, 0, 0, 17, 0, 0, 15, 20, 18, 0, 0, 20, 0, 21, : 17, 19, 13, 20, 18, 21, 15, 17, 21, 19, 13, 16, 17, 15, 20, 18, 20, 21, 
150: 15, 15, 15, 17, 15, 0, 17, 19, 0, 0, 0, 12, 0, 0, 0, 17, 19, 0, 0, 0, 20, 0, 16, 0, 0, 16, 0, 16, 0, 0, 18, 0, 0, 12, 0, 0, 19, 0, 13, 0, : 15, 15, 15, 17, 15, 17, 19, 12, 17, 19, 20, 16, 16, 16, 18, 12, 19, 13, 
113: 19, 0, 14, 0, 0, 0, 13, 17, 16, 17, 0, 21, 0, 21, 13, 0, 0, 15, 0, 0, 0, 0, 15, 16, 0, 0, 0, 0, 0, 0, 15, 0, 19, 20, 0, 16, 13, 0, 0, 0, : 19, 14, 13, 17, 16, 17, 21, 21, 13, 15, 15, 16, 15, 19, 20, 16, 13, 


367: 0, 0, 0, 0, 0, 18, 0, 0, 0, 0, 0, 0, 14, 0, 0, 14, 0, 17, 17, 15, 0, 0, 20, 0, 0, 0, 16, 0, 0, 16, 0, 0, 16, 0, 0, 0, 0, 0, 0, 14, : 18, 14, 14, 17, 17, 15, 20, 16, 16, 16, 14, 
208: 0, 20, 12, 19, 18, 0, 0, 16, 0, 0, 0, 14, 18, 0, 0, 0, 16, 17, 0, 0, 0, 0, 17, 15, 17, 0, 13, 0, 17, 18, 14, 0, 0, 0, 0, 0, 0, 0, 0, 17, : 20, 12, 19, 18, 16, 14, 18, 16, 17, 17, 15, 17, 13, 17, 18, 14, 17, 
201: 0, 18, 0, 0, 0, 15, 0, 0, 0, 0, 21, 19, 0, 0, 0, 18, 0, 20, 19, 18, 0, 18, 17, 0, 0, 0, 0, 0, 13, 17, 0, 0, 0, 0, 0, 16, 0, 16, 0, 0, : 18, 15, 21, 19, 18, 20, 19, 18, 18, 17, 13, 17, 16, 16, 
348: 0, 16, 0, 0, 0, 17, 18, 17, 0, 10, 16, 16, 0, 0, 0, 0, 0, 0, 0, 20, 18, 0, 0, 0, 15, 0, 0, 0, 0, 16, 0, 0, 0, 17, 18, 0, 0, 0, 0, 22, : 16, 17, 18, 17, 10, 16, 16, 20, 18, 15, 16, 17, 18, 22, 
341: 17, 17, 0, 0, 0, 0, 0, 11, 20, 0, 17, 0, 0, 15, 13, 0, 0, 0, 15, 0, 0, 0, 0, 0, 13, 0, 0, 0, 17, 0, 18, 0, 20, 15, 12, 0, 17, 0, 14, 0, : 17, 17, 11, 20, 17, 15, 13, 15, 13, 17, 18, 20, 15, 12, 17, 14, 
174: 20, 15, 0, 18, 16, 16, 15, 0, 0, 19, 0, 0, 18, 0, 15, 0, 16, 0, 0, 0, 13, 0, 0, 0, 19, 15, 16, 16, 0, 0, 0, 15, 0, 21, 0, 16, 21, 0, 15, 0, : 20, 15, 18, 16, 16, 15, 19, 18, 15, 16, 13, 19, 15, 16, 16, 15, 21, 16, 21, 15, 
388: 0, 16, 18, 0, 19, 0, 0, 19, 21, 0, 0, 17, 17, 0, 0, 0, 14, 0, 20, 19, 16, 0, 0, 16, 18, 14, 0, 13, 0, 0, 0, 0, 0, 0, 21, 0, 19, 0, 15, 15, : 16, 18, 19, 19, 21, 17, 17, 14, 20, 19, 16, 16, 18, 14, 13, 21, 19, 15, 15, 
96: 0, 0, 0, 0, 13, 0, 17, 0, 0, 22, 0, 0, 0, 0, 19, 0, 0, 0, 0, 0, 0, 16, 18, 17, 0, 19, 0, 0, 0, 20, 0, 23, 0, 0, 11, 0, 0, 0, 13, 15, : 13, 17, 22, 19, 16, 18, 17, 19, 20, 23, 11, 13, 15, 
295: 12, 0, 14, 0, 18, 0, 0, 0, 10, 21, 0, 0, 16, 13, 13, 0, 18, 15, 0, 20, 14, 20, 16, 14, 0, 13, 14, 0, 15, 0, 16, 16, 0, 0, 0, 20, 0, 16, 0, 0, : 12, 14, 18, 10, 21, 16, 13, 13, 18, 15, 20, 14, 20, 16, 14, 13, 14, 15, 16, 16, 20, 16, 
138: 17, 0, 20, 15, 17, 18, 0, 20, 17, 0, 14, 0, 0, 20, 20, 13, 0, 0, 0, 13, 0, 0, 0, 16, 0, 17, 19, 18, 0, 0, 16, 0, 24, 0, 19, 12, 22, 13, 22, 21, : 17, 20, 15, 17, 18, 20, 17, 14, 20, 20, 13, 13, 16, 17, 19, 18, 16, 24, 19, 12, 22, 13, 22, 21, 
372: 0, 0, 0, 0, 0, 0, 0, 15, 0, 15, 0, 19, 0, 19, 16, 0, 18, 0, 14, 0, 16, 15, 14, 0, 0, 18, 18, 15, 19, 0, 15, 0, 17, 14, 0, 12, 15, 14, 0, 0, : 15, 15, 19, 19, 16, 18, 14, 16, 15, 14, 18, 18, 15, 19, 15, 17, 14, 12, 15, 14, 
141: 16, 20, 12, 18, 0, 0, 0, 0, 16, 0, 10, 20, 0, 0, 0, 0, 16, 18, 20, 13, 19, 17, 0, 19, 0, 18, 0, 17, 0, 18, 21, 0, 0, 23, 0, 0, 0, 0, 0, 0, : 16, 20, 12, 18, 16, 10, 20, 16, 18, 20, 13, 19, 17, 19, 18, 17, 18, 21, 23, 
14: 0, 0, 19, 14, 15, 0, 17, 17, 15, 16, 0, 15, 18, 16, 15, 19, 0, 20, 0, 0, 0, 16, 0, 0, 17, 0, 0, 0, 21, 20, 0, 19, 0, 11, 18, 18, 12, 12, 17, 0, : 19, 14, 15, 17, 17, 15, 16, 15, 18, 16, 15, 19, 20, 16, 17, 21, 20, 19, 11, 18, 18, 12, 12, 17, 
187: 0, 18, 0, 0, 17, 0, 17, 16, 0, 0, 0, 0, 13, 14, 0, 0, 0, 0, 0, 0, 0, 0, 0, 0, 0, 0, 17, 14, 18, 0, 0, 0, 0, 21, 15, 0, 16, 22, 22, 13, : 18, 17, 17, 16, 13, 14, 17, 14, 18, 21, 15, 16, 22, 22, 13, 
76: 16, 0, 19, 0, 0, 0, 16, 19, 15, 0, 23, 0, 0, 0, 0, 16, 0, 14, 17, 0, 0, 18, 17, 0, 18, 0, 0, 0, 0, 0, 0, 18, 21, 0, 0, 21, 0, 22, 15, 0, : 16, 19, 16, 19, 15, 23, 16, 14, 17, 18, 17, 18, 18, 21, 21, 22, 15, 
306: 19, 0, 15, 13, 0, 19, 16, 0, 0, 0, 0, 12, 15, 0, 0, 0, 14, 0, 14, 16, 18, 0, 0, 0, 18, 18, 17, 17, 0, 0, 21, 20, 13, 0, 20, 0, 12, 0, 0, 17, : 19, 15, 13, 19, 16, 12, 15, 14, 14, 16, 18, 18, 18, 17, 17, 21, 20, 13, 20, 12, 17, 
379: 0, 0, 0, 15, 17, 0, 0, 0, 18, 18, 15, 18, 0, 16, 17, 20, 19, 0, 0, 0, 0, 17, 16, 17, 15, 0, 0, 19, 12, 13, 12, 14, 12, 17, 16, 20, 16, 19, 0, 0, : 15, 17, 18, 18, 15, 18, 16, 17, 20, 19, 17, 16, 17, 15, 19, 12, 13, 12, 14, 12, 17, 16, 20, 16, 19, 
89: 0, 10, 0, 20, 0, 17, 0, 0, 0, 13, 19, 0, 0, 0, 22, 16, 0, 0, 0, 0, 0, 0, 0, 18, 0, 0, 20, 21, 0, 12, 0, 11, 11, 11, 0, 15, 0, 0, 17, 16, : 10, 20, 17, 13, 19, 22, 16, 18, 20, 21, 12, 11, 11, 11, 15, 17, 16, 
108: 18, 0, 21, 18, 0, 16, 20, 0, 0, 16, 15, 0, 21, 20, 0, 18, 19, 15, 14, 16, 20, 0, 15, 18, 0, 0, 0, 0, 0, 0, 0, 14, 0, 0, 0, 0, 0, 0, 0, 0, : 18, 21, 18, 16, 20, 16, 15, 21, 20, 18, 19, 15, 14, 16, 20, 15, 18, 14, 
309: 15, 0, 0, 0, 0, 14, 14, 0, 18, 0, 0, 0, 0, 17, 0, 16, 0, 14, 0, 0, 16, 13, 0, 0, 0, 18, 0, 0, 18, 0, 17, 0, 16, 0, 0, 0, 0, 16, 0, 0, : 15, 14, 14, 18, 17, 16, 14, 16, 13, 18, 18, 17, 16, 16, 


52: 16, 17, 0, 0, 16, 0, 15, 0, 0, 21, 22, 19, 0, 16, 21, 0, 0, 16, 15, 0, 0, 0, 14, 18, 0, 0, 0, 0, 20, 17, 16, 15, 0, 0, 0, 0, 16, 18, 15, 0, : 16, 17, 16, 15, 21, 22, 19, 16, 21, 16, 15, 14, 18, 20, 17, 16, 15, 16, 18, 15, 
320: 20, 18, 17, 15, 0, 0, 16, 18, 0, 18, 17, 0, 0, 21, 0, 15, 16, 12, 0, 16, 16, 0, 0, 0, 0, 16, 15, 0, 14, 14, 0, 19, 18, 0, 0, 0, 0, 0, 0, 0, : 20, 18, 17, 15, 16, 18, 18, 17, 21, 15, 16, 12, 16, 16, 16, 15, 14, 14, 19, 18, 
231: 15, 0, 0, 20, 0, 0, 0, 0, 0, 0, 0, 0, 13, 0, 19, 19, 0, 0, 21, 16, 0, 0, 0, 17, 16, 16, 0, 0, 0, 0, 14, 0, 17, 0, 0, 0, 18, 0, 20, 0, : 15, 20, 13, 19, 19, 21, 16, 17, 16, 16, 14, 17, 18, 20, 
340: 20, 19, 0, 0, 15, 0, 21, 14, 0, 0, 22, 16, 19, 19, 0, 0, 0, 0, 0, 20, 0, 0, 0, 22, 18, 18, 0, 21, 14, 0, 19, 16, 0, 0, 0, 15, 0, 18, 0, 14, : 20, 19, 15, 21, 14, 22, 16, 19, 19, 20, 22, 18, 18, 21, 14, 19, 16, 15, 18, 14, 
275: 18, 0, 0, 16, 0, 0, 18, 19, 0, 0, 0, 16, 0, 0, 22, 0, 19, 0, 0, 20, 0, 15, 0, 0, 0, 0, 20, 13, 0, 0, 19, 18, 0, 0, 0, 0, 0, 20, 0, 17, : 18, 16, 18, 19, 16, 22, 19, 20, 15, 20, 13, 19, 18, 20, 17, 
205: 0, 0, 0, 16, 0, 0, 0, 0, 18, 23, 0, 18, 19, 0, 0, 0, 22, 15, 19, 18, 20, 0, 13, 0, 13, 0, 17, 13, 15, 19, 0, 17, 19, 21, 17, 19, 19, 17, 0, 23, : 16, 18, 23, 18, 19, 22, 15, 19, 18, 20, 13, 13, 17, 13, 15, 19, 17, 19, 21, 17, 19, 19, 17, 23, 
302: 0, 0, 0, 0, 0, 0, 15, 16, 0, 0, 0, 0, 0, 0, 10, 14, 14, 0, 18, 0, 13, 0, 0, 0, 0, 19, 0, 15, 15, 0, 19, 14, 15, 16, 18, 17, 0, 16, 19, 0, : 15, 16, 10, 14, 14, 18, 13, 19, 15, 15, 19, 14, 15, 16, 18, 17, 16, 19, 
263: 0, 0, 0, 0, 15, 0, 0, 0, 11, 15, 14, 0, 16, 16, 16, 19, 17, 16, 0, 14, 17, 0, 0, 12, 19, 0, 0, 0, 0, 20, 0, 18, 0, 15, 14, 0, 17, 0, 0, 0, : 15, 11, 15, 14, 16, 16, 16, 19, 17, 16, 14, 17, 12, 19, 20, 18, 15, 14, 17, 
371: 14, 0, 18, 17, 0, 0, 14, 0, 17, 11, 0, 0, 18, 0, 0, 23, 0, 16, 0, 0, 0, 0, 0, 16, 17, 0, 0, 0, 21, 0, 0, 0, 17, 0, 19, 17, 18, 0, 0, 0, : 14, 18, 17, 14, 17, 11, 18, 23, 16, 16, 17, 21, 17, 19, 17, 18, 
183: 14, 0, 0, 0, 22, 0, 22, 0, 0, 11, 19, 15, 15, 13, 17, 0, 14, 0, 15, 0, 0, 13, 0, 18, 16, 19, 16, 0, 0, 0, 0, 0, 14, 0, 0, 19, 0, 0, 17, 0, : 14, 22, 22, 11, 19, 15, 15, 13, 17, 14, 15, 13, 18, 16, 19, 16, 14, 19, 17, 
84: 0, 0, 0, 0, 0, 15, 0, 23, 0, 18, 0, 0, 0, 0, 0, 0, 15, 18, 0, 0, 0, 16, 16, 0, 0, 14, 13, 0, 14, 0, 0, 0, 16, 0, 19, 0, 15, 0, 16, 0, : 15, 23, 18, 15, 18, 16, 16, 14, 13, 14, 16, 19, 15, 16, 
308: 0, 16, 15, 0, 15, 19, 0, 0, 0, 0, 0, 17, 17, 17, 0, 12, 22, 0, 0, 0, 0, 13, 21, 15, 14, 15, 14, 14, 0, 14, 0, 0, 0, 19, 13, 15, 18, 0, 0, 15, : 16, 15, 15, 19, 17, 17, 17, 12, 22, 13, 21, 15, 14, 15, 14, 14, 14, 19, 13, 15, 18, 15, 
198: 15, 20, 0, 15, 0, 14, 0, 13, 0, 18, 14, 16, 0, 22, 0, 22, 0, 0, 16, 0, 15, 19, 20, 0, 0, 0, 21, 22, 0, 16, 14, 0, 0, 0, 0, 19, 0, 14, 16, 19, : 15, 20, 15, 14, 13, 18, 14, 16, 22, 22, 16, 15, 19, 20, 21, 22, 16, 14, 19, 14, 16, 19, 
255: 0, 0, 17, 0, 0, 15, 13, 0, 17, 0, 17, 0, 0, 0, 0, 0, 0, 21, 0, 19, 20, 0, 0, 15, 0, 0, 15, 15, 21, 19, 18, 20, 17, 0, 18, 0, 14, 15, 15, 0, : 17, 15, 13, 17, 17, 21, 19, 20, 15, 15, 15, 21, 19, 18, 20, 17, 18, 14, 15, 15, 
397: 0, 0, 0, 16, 18, 0, 0, 0, 14, 0, 13, 13, 14, 0, 11, 10, 0, 0, 16, 15, 0, 18, 0, 0, 0, 17, 0, 0, 0, 0, 0, 0, 0, 13, 0, 14, 0, 18, 0, 0, : 16, 18, 14, 13, 13, 14, 11, 10, 16, 15, 18, 17, 13, 14, 18, 
83: 0, 0, 14, 0, 16, 16, 0, 18, 0, 0, 12, 0, 19, 12, 0, 0, 0, 0, 0, 12, 14, 0, 20, 0, 0, 16, 0, 0, 0, 0, 0, 0, 0, 17, 15, 0, 0, 0, 0, 15, : 14, 16, 16, 18, 12, 19, 12, 12, 14, 20, 16, 17, 15, 15, 
65: 0, 14, 18, 18, 0, 23, 0, 14, 22, 0, 0, 20, 0, 0, 15, 16, 0, 20, 0, 0, 19, 16, 14, 0, 0, 0, 19, 16, 0, 13, 15, 0, 0, 0, 0, 15, 15, 0, 0, 14, : 14, 18, 18, 23, 14, 22, 20, 15, 16, 20, 19, 16, 14, 19, 16, 13, 15, 15, 15, 14, 
267: 0, 14, 14, 0, 0, 16, 0, 0, 19, 15, 0, 0, 0, 0, 19, 0, 0, 16, 12, 0, 16, 21, 15, 0, 17, 0, 0, 21, 0, 18, 0, 13, 0, 18, 0, 0, 0, 0, 17, 0, : 14, 14, 16, 19, 15, 19, 16, 12, 16, 21, 15, 17, 21, 18, 13, 18, 17, 
18: 18, 17, 19, 0, 16, 17, 0, 15, 21, 0, 0, 0, 0, 14, 0, 0, 0, 0, 18, 0, 0, 19, 0, 0, 20, 0, 0, 0, 16, 0, 16, 0, 0, 15, 0, 0, 0, 0, 15, 15, : 18, 17, 19, 16, 17, 15, 21, 14, 18, 19, 20, 16, 16, 15, 15, 15, 
121: 0, 15, 18, 17, 17, 15, 16, 0, 11, 0, 0, 0, 0, 0, 0, 0, 11, 0, 0, 0, 0, 0, 17, 17, 0, 0, 0, 0, 0, 0, 0, 0, 17, 16, 17, 0, 0, 14, 0, 18, : 15, 18, 17, 17, 15, 16, 11, 11, 17, 17, 17, 16, 17, 14, 18, 


336: 0, 13, 16, 0, 14, 0, 0, 0, 0, 16, 12, 21, 0, 0, 0, 0, 21, 0, 13, 16, 17, 17, 11, 0, 0, 0, 16, 22, 0, 0, 0, 0, 0, 17, 0, 0, 0, 0, 0, 14, : 13, 16, 14, 16, 12, 21, 21, 13, 16, 17, 17, 11, 16, 22, 17, 14, 
59: 13, 0, 0, 14, 14, 0, 19, 22, 18, 0, 15, 0, 0, 16, 0, 20, 17, 0, 19, 0, 0, 0, 16, 0, 15, 0, 0, 14, 0, 0, 0, 0, 0, 0, 0, 23, 17, 17, 23, 0, : 13, 14, 14, 19, 22, 18, 15, 16, 20, 17, 19, 16, 15, 14, 23, 17, 17, 23, 
399: 0, 14, 0, 0, 14, 14, 0, 13, 21, 11, 0, 0, 16, 0, 0, 10, 0, 12, 0, 0, 0, 0, 19, 17, 19, 17, 0, 16, 0, 20, 0, 11, 21, 0, 0, 0, 0, 13, 0, 0, : 14, 14, 14, 13, 21, 11, 16, 10, 12, 19, 17, 19, 17, 16, 20, 11, 21, 13, 
5: 18, 17, 0, 16, 0, 0, 0, 16, 21, 13, 0, 15, 0, 16, 0, 0, 20, 0, 17, 17, 0, 0, 16, 16, 0, 0, 0, 0, 0, 12, 0, 0, 0, 0, 24, 0, 20, 0, 0, 0, : 18, 17, 16, 16, 21, 13, 15, 16, 20, 17, 17, 16, 16, 12, 24, 20, 
13: 0, 0, 16, 0, 0, 0, 0, 0, 0, 17, 20, 0, 0, 0, 20, 0, 14, 12, 0, 18, 16, 18, 0, 0, 0, 12, 0, 0, 16, 0, 20, 19, 12, 12, 0, 0, 20, 10, 16, 0, : 16, 17, 20, 20, 14, 12, 18, 16, 18, 12, 16, 20, 19, 12, 12, 20, 10, 16, 
357: 15, 18, 13, 0, 14, 24, 0, 18, 0, 22, 0, 17, 0, 17, 0, 0, 18, 0, 0, 0, 14, 16, 0, 0, 17, 21, 0, 0, 0, 0, 14, 13, 0, 0, 0, 19, 12, 23, 0, 17, : 15, 18, 13, 14, 24, 18, 22, 17, 17, 18, 14, 16, 17, 21, 14, 13, 19, 12, 23, 17, 
104: 13, 0, 0, 0, 0, 17, 17, 0, 12, 21, 15, 19, 0, 0, 0, 18, 0, 0, 0, 16, 0, 0, 0, 17, 19, 0, 16, 0, 20, 0, 18, 0, 0, 0, 17, 0, 13, 0, 0, 21, : 13, 17, 17, 12, 21, 15, 19, 18, 16, 17, 19, 16, 20, 18, 17, 13, 21, 
12: 0, 18, 0, 15, 17, 0, 13, 0, 0, 0, 16, 0, 16, 0, 18, 0, 18, 0, 14, 0, 21, 17, 16, 15, 15, 0, 16, 0, 16, 0, 17, 19, 22, 0, 19, 0, 0, 0, 23, 14, : 18, 15, 17, 13, 16, 16, 18, 18, 14, 21, 17, 16, 15, 15, 16, 16, 17, 19, 22, 19, 23, 14, 
266: 0, 0, 0, 0, 0, 0, 12, 19, 11, 0, 0, 19, 0, 0, 17, 16, 0, 0, 0, 0, 0, 21, 18, 16, 0, 15, 0, 16, 0, 16, 0, 0, 16, 12, 0, 13, 12, 0, 0, 0, : 12, 19, 11, 19, 17, 16, 21, 18, 16, 15, 16, 16, 16, 12, 13, 12, 
279: 0, 16, 19, 22, 19, 20, 0, 21, 14, 16, 0, 0, 0, 17, 17, 20, 0, 0, 0, 0, 18, 16, 0, 20, 0, 23, 0, 0, 16, 0, 18, 0, 12, 19, 0, 0, 15, 19, 0, 14, : 16, 19, 22, 19, 20, 21, 14, 16, 17, 17, 20, 18, 16, 20, 23, 16, 18, 12, 19, 15, 19, 14, 
206: 0, 0, 0, 0, 18, 12, 0, 12, 0, 14, 0, 0, 21, 0, 0, 0, 0, 0, 0, 13, 0, 0, 18, 12, 0, 0, 22, 15, 13, 17, 0, 0, 12, 0, 13, 0, 0, 0, 11, 0, : 18, 12, 12, 14, 21, 13, 18, 12, 22, 15, 13, 17, 12, 13, 11, 
286: 0, 15, 0, 19, 0, 14, 0, 0, 0, 0, 0, 14, 19, 0, 0, 17, 0, 21, 21, 15, 0, 0, 0, 0, 0, 0, 0, 0, 21, 17, 16, 15, 0, 0, 0, 0, 0, 0, 14, 0, : 15, 19, 14, 14, 19, 17, 21, 21, 15, 21, 17, 16, 15, 14, 
126: 17, 0, 19, 17, 0, 0, 22, 0, 0, 0, 21, 12, 19, 18, 16, 0, 12, 16, 12, 0, 16, 0, 0, 0, 0, 15, 16, 16, 0, 16, 0, 0, 19, 0, 0, 12, 0, 0, 18, 0, : 17, 19, 17, 22, 21, 12, 19, 18, 16, 12, 16, 12, 16, 15, 16, 16, 16, 19, 12, 18, 
63: 0, 20, 0, 0, 0, 0, 16, 0, 0, 0, 0, 0, 15, 16, 17, 14, 0, 21, 21, 0, 0, 0, 0, 16, 22, 0, 0, 19, 12, 0, 22, 0, 0, 0, 14, 18, 0, 0, 0, 22, : 20, 16, 15, 16, 17, 14, 21, 21, 16, 22, 19, 12, 22, 14, 18, 22, 
147: 0, 0, 17, 15, 16, 0, 0, 0, 0, 0, 16, 16, 16, 0, 15, 0, 18, 17, 0, 19, 0, 17, 21, 21, 0, 17, 10, 0, 20, 13, 14, 0, 17, 20, 12, 17, 23, 0, 20, 22, : 17, 15, 16, 16, 16, 16, 15, 18, 17, 19, 17, 21, 21, 17, 10, 20, 13, 14, 17, 20, 12, 17, 23, 20, 22, 
137: 16, 0, 15, 0, 0, 20, 13, 0, 21, 0, 0, 0, 13, 15, 0, 0, 0, 13, 17, 0, 16, 14, 15, 0, 0, 15, 23, 0, 0, 19, 0, 0, 0, 24, 0, 16, 18, 17, 0, 0, : 16, 15, 20, 13, 21, 13, 15, 13, 17, 16, 14, 15, 15, 23, 19, 24, 16, 18, 17, 
395: 0, 0, 0, 0, 24, 14, 0, 12, 0, 0, 21, 17, 0, 16, 19, 19, 0, 0, 16, 15, 0, 14, 0, 0, 14, 0, 14, 0, 0, 20, 11, 19, 0, 0, 19, 16, 0, 0, 14, 10, : 24, 14, 12, 21, 17, 16, 19, 19, 16, 15, 14, 14, 14, 20, 11, 19, 19, 16, 14, 10, 
129: 19, 0, 0, 14, 0, 0, 22, 0, 13, 0, 14, 0, 15, 19, 11, 16, 12, 18, 0, 0, 15, 0, 0, 0, 15, 0, 17, 11, 0, 0, 0, 18, 0, 17, 16, 0, 0, 16, 0, 16, : 19, 14, 22, 13, 14, 15, 19, 11, 16, 12, 18, 15, 15, 17, 11, 18, 17, 16, 16, 16, 
214: 22, 19, 19, 18, 0, 15, 0, 17, 0, 0, 0, 0, 0, 0, 0, 0, 0, 20, 0, 21, 17, 0, 0, 0, 0, 0, 0, 0, 0, 0, 0, 15, 19, 13, 16, 16, 0, 12, 0, 0, : 22, 19, 19, 18, 15, 17, 20, 21, 17, 15, 19, 13, 16, 16, 12, 
186: 17, 0, 16, 0, 0, 0, 16, 0, 19, 20, 0, 0, 0, 0, 0, 0, 0, 0, 0, 0, 0, 0, 0, 0, 14, 15, 0, 21, 16, 0, 0, 21, 0, 16, 0, 0, 0, 23, 11, 0, : 17, 16, 16, 19, 20, 14, 15, 21, 16, 21, 16, 23, 11, 


78: 17, 0, 15, 0, 14, 22, 17, 12, 20, 0, 21, 0, 18, 0, 0, 16, 0, 0, 0, 17, 0, 19, 0, 0, 0, 0, 17, 17, 19, 0, 0, 14, 0, 0, 15, 18, 12, 15, 0, 0, : 17, 15, 14, 22, 17, 12, 20, 21, 18, 16, 17, 19, 17, 17, 19, 14, 15, 18, 12, 15, 
315: 19, 15, 19, 0, 0, 0, 20, 0, 0, 0, 13, 0, 13, 18, 18, 15, 0, 0, 0, 0, 0, 0, 0, 14, 0, 0, 18, 18, 15, 0, 17, 0, 0, 0, 22, 0, 0, 15, 17, 0, : 19, 15, 19, 20, 13, 13, 18, 18, 15, 14, 18, 18, 15, 17, 22, 15, 17, 
290: 0, 17, 0, 20, 20, 0, 16, 0, 16, 0, 0, 23, 0, 13, 17, 0, 18, 0, 0, 0, 14, 0, 19, 14, 0, 0, 0, 0, 0, 13, 0, 19, 0, 0, 0, 0, 19, 0, 0, 19, : 17, 20, 20, 16, 16, 23, 13, 17, 18, 14, 19, 14, 13, 19, 19, 19, 
17: 15, 0, 18, 0, 0, 0, 0, 14, 12, 0, 0, 0, 0, 20, 12, 15, 0, 10, 14, 14, 20, 0, 14, 21, 13, 13, 0, 0, 16, 0, 17, 19, 0, 17, 0, 18, 0, 16, 0, 0, : 15, 18, 14, 12, 20, 12, 15, 10, 14, 14, 20, 14, 21, 13, 13, 16, 17, 19, 17, 18, 16, 
299: 20, 0, 15, 13, 14, 0, 22, 0, 0, 10, 0, 12, 15, 0, 0, 0, 14, 0, 0, 0, 21, 0, 18, 0, 19, 0, 0, 0, 0, 16, 12, 13, 0, 0, 0, 0, 0, 0, 20, 0, : 20, 15, 13, 14, 22, 10, 12, 15, 14, 21, 18, 19, 16, 12, 13, 20, 
392: 0, 0, 18, 14, 20, 20, 0, 19, 0, 16, 17, 15, 0, 16, 0, 0, 15, 0, 16, 15, 21, 14, 0, 13, 0, 17, 0, 0, 0, 21, 0, 17, 16, 13, 0, 0, 0, 18, 14, 19, : 18, 14, 20, 20, 19, 16, 17, 15, 16, 15, 16, 15, 21, 14, 13, 17, 21, 17, 16, 13, 18, 14, 19, 
288: 14, 0, 0, 0, 12, 12, 0, 0, 16, 19, 0, 0, 13, 0, 17, 0, 0, 0, 18, 0, 19, 13, 20, 0, 0, 0, 0, 0, 0, 16, 22, 0, 18, 18, 13, 16, 16, 13, 17, 0, : 14, 12, 12, 16, 19, 13, 17, 18, 19, 13, 20, 16, 22, 18, 18, 13, 16, 16, 13, 17, 
189: 14, 18, 14, 0, 0, 0, 0, 17, 18, 0, 0, 17, 0, 19, 13, 15, 0, 20, 0, 21, 0, 0, 0, 19, 15, 0, 19, 0, 14, 0, 0, 22, 0, 14, 0, 0, 0, 19, 0, 0, : 14, 18, 14, 17, 18, 17, 19, 13, 15, 20, 21, 19, 15, 19, 14, 22, 14, 19, 
262: 16, 0, 0, 20, 18, 0, 14, 0, 0, 18, 18, 0, 0, 0, 0, 0, 0, 0, 19, 0, 15, 20, 20, 0, 18, 0, 20, 0, 0, 20, 13, 0, 14, 0, 0, 15, 0, 0, 14, 19, : 16, 20, 18, 14, 18, 18, 19, 15, 20, 20, 18, 20, 20, 13, 14, 15, 14, 19, 
323: 17, 16, 0, 0, 0, 15, 15, 0, 0, 16, 0, 0, 0, 16, 0, 0, 0, 14, 12, 20, 12, 0, 14, 16, 14, 0, 0, 18, 0, 12, 0, 0, 0, 21, 0, 11, 0, 19, 0, 0, : 17, 16, 15, 15, 16, 16, 14, 12, 20, 12, 14, 16, 14, 18, 12, 21, 11, 19, 
219: 0, 0, 0, 19, 0, 16, 0, 0, 14, 21, 10, 0, 0, 19, 19, 0, 16, 17, 0, 12, 0, 0, 0, 0, 0, 0, 0, 0, 13, 0, 13, 0, 21, 20, 0, 18, 0, 15, 0, 0, : 19, 16, 14, 21, 10, 19, 19, 16, 17, 12, 13, 13, 21, 20, 18, 15, 
292: 0, 0, 19, 0, 17, 18, 19, 0, 0, 0, 0, 0, 0, 0, 19, 17, 0, 0, 13, 18, 0, 20, 0, 20, 20, 20, 13, 0, 19, 0, 21, 0, 16, 12, 18, 13, 14, 0, 0, 0, : 19, 17, 18, 19, 19, 17, 13, 18, 20, 20, 20, 20, 13, 19, 21, 16, 12, 18, 13, 14, 
221: 0, 0, 0, 0, 0, 0, 0, 16, 0, 0, 0, 17, 18, 0, 0, 20, 15, 15, 22, 0, 15, 0, 0, 0, 0, 0, 0, 17, 0, 0, 0, 14, 0, 0, 18, 0, 0, 20, 0, 17, : 16, 17, 18, 20, 15, 15, 22, 15, 17, 14, 18, 20, 17, 
398: 0, 0, 0, 0, 19, 16, 16, 20, 17, 0, 18, 15, 0, 14, 0, 0, 23, 0, 0, 0, 0, 0, 11, 0, 15, 0, 15, 19, 19, 0, 20, 0, 0, 20, 16, 23, 17, 0, 0, 18, : 19, 16, 16, 20, 17, 18, 15, 14, 23, 11, 15, 15, 19, 19, 20, 20, 16, 23, 17, 18, 
38: 0, 20, 18, 19, 0, 0, 0, 16, 18, 0, 18, 0, 18, 0, 0, 20, 18, 18, 0, 20, 0, 13, 0, 13, 0, 17, 0, 21, 0, 22, 0, 0, 19, 0, 18, 0, 21, 0, 0, 16, : 20, 18, 19, 16, 18, 18, 18, 20, 18, 18, 20, 13, 13, 17, 21, 22, 19, 18, 21, 16, 
261: 18, 0, 0, 0, 0, 0, 0, 16, 0, 0, 0, 19, 0, 0, 21, 18, 12, 18, 0, 0, 13, 0, 0, 20, 19, 18, 19, 12, 0, 0, 15, 17, 14, 0, 0, 0, 0, 0, 19, 13, : 18, 16, 19, 21, 18, 12, 18, 13, 20, 19, 18, 19, 12, 15, 17, 14, 19, 13, 
117: 0, 18, 14, 12, 16, 0, 0, 0, 0, 0, 0, 0, 20, 0, 0, 0, 0, 0, 0, 13, 0, 21, 20, 0, 17, 15, 0, 13, 19, 0, 0, 15, 0, 0, 0, 0, 0, 0, 17, 15, : 18, 14, 12, 16, 20, 13, 21, 20, 17, 15, 13, 19, 15, 17, 15, 
227: 0, 14, 0, 16, 0, 0, 0, 20, 19, 19, 16, 0, 0, 0, 0, 0, 0, 24, 21, 0, 0, 18, 14, 0, 0, 15, 12, 15, 16, 12, 0, 0, 0, 0, 11, 18, 18, 0, 19, 14, : 14, 16, 20, 19, 19, 16, 24, 21, 18, 14, 15, 12, 15, 16, 12, 11, 18, 18, 19, 14, 
3: 0, 19, 0, 17, 0, 13, 11, 0, 0, 13, 19, 20, 21, 0, 0, 0, 19, 0, 15, 0, 0, 12, 0, 0, 0, 19, 0, 0, 0, 0, 0, 0, 20, 0, 0, 0, 16, 0, 0, 0, : 19, 17, 13, 11, 13, 19, 20, 21, 19, 15, 12, 19, 20, 16, 
163: 0, 13, 0, 0, 0, 18, 0, 0, 0, 18, 0, 12, 14, 15, 14, 14, 0, 14, 0, 0, 0, 0, 0, 0, 0, 16, 17, 0, 0, 18, 0, 0, 12, 15, 19, 0, 17, 0, 13, 0, : 13, 18, 18, 12, 14, 15, 14, 14, 14, 16, 17, 18, 12, 15, 19, 17, 13, 


351: 17, 0, 15, 0, 19, 21, 17, 0, 0, 15, 18, 0, 0, 15, 17, 0, 18, 14, 18, 18, 0, 20, 18, 17, 0, 0, 0, 0, 21, 0, 0, 22, 10, 0, 0, 0, 0, 17, 0, 0, : 17, 15, 19, 21, 17, 15, 18, 15, 17, 18, 14, 18, 18, 20, 18, 17, 21, 22, 10, 17, 
102: 0, 0, 0, 22, 15, 20, 17, 0, 0, 18, 0, 0, 18, 17, 14, 17, 0, 14, 20, 0, 0, 0, 0, 17, 18, 0, 0, 0, 0, 20, 19, 19, 20, 18, 14, 12, 13, 21, 15, 0, : 22, 15, 20, 17, 18, 18, 17, 14, 17, 14, 20, 17, 18, 20, 19, 19, 20, 18, 14, 12, 13, 21, 15, 
280: 0, 0, 0, 0, 0, 0, 0, 0, 18, 18, 0, 0, 0, 0, 0, 15, 18, 10, 10, 0, 12, 0, 0, 0, 0, 0, 0, 14, 0, 18, 0, 0, 0, 0, 18, 0, 18, 17, 0, 17, : 18, 18, 15, 18, 10, 10, 12, 14, 18, 18, 18, 17, 17, 
252: 16, 12, 21, 0, 0, 0, 11, 15, 0, 0, 0, 19, 0, 0, 0, 0, 0, 0, 0, 20, 0, 17, 14, 0, 16, 16, 15, 0, 10, 0, 18, 0, 12, 0, 0, 0, 12, 0, 0, 24, : 16, 12, 21, 11, 15, 19, 20, 17, 14, 16, 16, 15, 10, 18, 12, 12, 24, 
24: 0, 0, 0, 16, 0, 12, 0, 12, 13, 0, 0, 16, 17, 14, 0, 0, 14, 19, 14, 19, 0, 0, 0, 15, 18, 17, 0, 12, 0, 16, 19, 16, 16, 0, 16, 14, 0, 0, 0, 0, : 16, 12, 12, 13, 16, 17, 14, 14, 19, 14, 19, 15, 18, 17, 12, 16, 19, 16, 16, 16, 14, 
132: 13, 0, 17, 14, 12, 13, 0, 15, 13, 17, 21, 18, 18, 19, 0, 0, 20, 0, 0, 19, 21, 0, 0, 0, 20, 14, 21, 0, 0, 11, 0, 0, 0, 18, 19, 13, 15, 0, 15, 18, : 13, 17, 14, 12, 13, 15, 13, 17, 21, 18, 18, 19, 20, 19, 21, 20, 14, 21, 11, 18, 19, 13, 15, 15, 18, 
47: 0, 16, 0, 17, 0, 15, 20, 17, 18, 0, 13, 16, 0, 20, 0, 18, 0, 0, 18, 0, 0, 0, 0, 0, 0, 19, 0, 0, 20, 16, 18, 19, 0, 0, 0, 18, 0, 0, 0, 0, : 16, 17, 15, 20, 17, 18, 13, 16, 20, 18, 18, 19, 20, 16, 18, 19, 18, 
248: 16, 16, 12, 0, 0, 24, 0, 14, 0, 18, 0, 17, 16, 0, 0, 18, 17, 0, 0, 0, 0, 0, 17, 0, 0, 0, 15, 23, 0, 0, 0, 11, 0, 17, 0, 20, 0, 13, 17, 0, : 16, 16, 12, 24, 14, 18, 17, 16, 18, 17, 17, 15, 23, 11, 17, 20, 13, 17, 
135: 16, 0, 0, 0, 0, 17, 19, 17, 14, 0, 16, 16, 0, 17, 12, 0, 0, 19, 0, 11, 17, 19, 20, 0, 14, 16, 0, 19, 0, 0, 0, 0, 19, 20, 19, 20, 0, 19, 14, 19, : 16, 17, 19, 17, 14, 16, 16, 17, 12, 19, 11, 17, 19, 20, 14, 16, 19, 19, 20, 19, 20, 19, 14, 19, 
265: 18, 18, 0, 0, 0, 0, 22, 20, 0, 14, 15, 0, 0, 16, 16, 18, 0, 0, 0, 0, 0, 13, 0, 13, 17, 0, 16, 14, 13, 19, 0, 0, 19, 0, 0, 15, 14, 0, 20, 14, : 18, 18, 22, 20, 14, 15, 16, 16, 18, 13, 13, 17, 16, 14, 13, 19, 19, 15, 14, 20, 14, 
289: 0, 16, 0, 20, 13, 0, 0, 0, 22, 17, 0, 0, 0, 0, 0, 0, 18, 18, 0, 18, 0, 0, 13, 0, 15, 18, 0, 0, 15, 19, 0, 0, 24, 15, 0, 0, 20, 0, 15, 0, : 16, 20, 13, 22, 17, 18, 18, 18, 13, 15, 18, 15, 19, 24, 15, 20, 15, 
245: 0, 19, 0, 12, 20, 10, 0, 20, 18, 13, 17, 0, 13, 14, 0, 21, 16, 18, 14, 19, 0, 14, 20, 0, 0, 21, 24, 23, 15, 12, 12, 14, 0, 12, 0, 0, 22, 0, 0, 16, : 19, 12, 20, 10, 20, 18, 13, 17, 13, 14, 21, 16, 18, 14, 19, 14, 20, 21, 24, 23, 15, 12, 12, 14, 12, 22, 16, 
110: 0, 0, 17, 0, 24, 0, 0, 0, 0, 0, 0, 0, 0, 0, 0, 0, 0, 0, 0, 0, 0, 13, 16, 15, 17, 0, 19, 15, 0, 0, 12, 0, 0, 17, 15, 0, 0, 0, 0, 0, : 17, 24, 13, 16, 15, 17, 19, 15, 12, 17, 15, 
345: 0, 18, 0, 18, 0, 0, 0, 0, 0, 0, 14, 18, 18, 0, 17, 0, 0, 0, 0, 0, 18, 0, 0, 20, 0, 0, 0, 0, 0, 0, 0, 15, 0, 0, 0, 0, 19, 0, 0, 0, : 18, 18, 14, 18, 18, 17, 18, 20, 15, 19, 
39: 0, 16, 0, 0, 0, 0, 11, 0, 17, 0, 18, 0, 16, 0, 17, 0, 0, 18, 0, 13, 13, 20, 0, 20, 0, 17, 0, 20, 0, 19, 16, 14, 0, 14, 0, 0, 0, 0, 0, 15, : 16, 11, 17, 18, 16, 17, 18, 13, 13, 20, 20, 17, 20, 19, 16, 14, 14, 15, 
57: 19, 0, 16, 0, 15, 0, 0, 20, 0, 0, 18, 0, 0, 18, 21, 0, 18, 0, 20, 0, 13, 15, 17, 0, 0, 0, 10, 0, 0, 0, 0, 20, 14, 0, 0, 20, 17, 12, 24, 0, : 19, 16, 15, 20, 18, 18, 21, 18, 20, 13, 15, 17, 10, 20, 14, 20, 17, 12, 24, 
71: 0, 0, 16, 0, 14, 0, 0, 0, 0, 0, 0, 13, 0, 0, 20, 14, 0, 0, 18, 0, 17, 19, 0, 17, 15, 0, 0, 10, 12, 0, 18, 0, 0, 0, 12, 0, 0, 0, 0, 0, : 16, 14, 13, 20, 14, 18, 17, 19, 17, 15, 10, 12, 18, 12, 
240: 17, 0, 0, 0, 0, 0, 0, 0, 17, 0, 0, 0, 0, 0, 0, 0, 0, 0, 0, 0, 18, 0, 0, 0, 0, 0, 0, 0, 22, 0, 18, 0, 16, 0, 0, 18, 0, 22, 0, 15, : 17, 17, 18, 22, 18, 16, 18, 22, 15, 
362: 18, 19, 21, 16, 0, 18, 21, 0, 0, 0, 0, 0, 18, 0, 0, 14, 0, 0, 0, 13, 21, 0, 0, 16, 0, 0, 13, 0, 0, 0, 0, 0, 0, 19, 19, 0, 0, 16, 18, 0, : 18, 19, 21, 16, 18, 21, 18, 14, 13, 21, 16, 13, 19, 19, 16, 18, 
72: 0, 0, 15, 15, 18, 0, 12, 0, 0, 20, 0, 17, 16, 0, 16, 15, 11, 20, 18, 0, 0, 0, 15, 0, 0, 12, 17, 0, 22, 0, 0, 0, 0, 0, 18, 0, 0, 13, 12, 12, : 15, 15, 18, 12, 20, 17, 16, 16, 15, 11, 20, 18, 15, 12, 17, 22, 18, 13, 12, 12, 


