
20
300
150
15

72: 18, 13, 14, 13, 0, 17, 23, 0, 0, 0, 0, 0, 0, 0, 13, 0, 0, 16, 19, 21, : 18, 13, 14, 13, 17, 23, 13, 16, 19, 21, 
141: 21, 0, 17, 0, 0, 0, 22, 14, 15, 16, 0, 0, 0, 0, 0, 18, 0, 15, 16, 0, : 21, 17, 22, 14, 15, 16, 18, 15, 16, 
184: 0, 0, 18, 0, 19, 0, 0, 14, 0, 0, 17, 0, 0, 0, 15, 13, 0, 0, 0, 18, : 18, 19, 14, 17, 15, 13, 18, 
249: 19, 0, 0, 23, 0, 18, 21, 0, 0, 14, 0, 0, 0, 18, 0, 0, 0, 0, 0, 13, : 19, 23, 18, 21, 14, 18, 13, 
25: 0, 0, 0, 0, 13, 13, 0, 19, 17, 0, 0, 23, 16, 0, 20, 0, 0, 0, 0, 0, : 13, 13, 19, 17, 23, 16, 20, 
166: 12, 17, 0, 0, 0, 0, 12, 16, 0, 0, 0, 12, 0, 0, 11, 0, 0, 0, 15, 18, : 12, 17, 12, 16, 12, 11, 15, 18, 
258: 0, 14, 0, 0, 0, 21, 0, 20, 0, 0, 0, 0, 18, 14, 16, 14, 0, 22, 15, 0, : 14, 21, 20, 18, 14, 16, 14, 22, 15, 
32: 0, 0, 21, 22, 16, 0, 0, 0, 0, 17, 0, 18, 19, 18, 0, 0, 13, 0, 0, 0, : 21, 22, 16, 17, 18, 19, 18, 13, 
18: 17, 0, 15, 14, 15, 0, 16, 0, 18, 13, 20, 0, 0, 0, 19, 0, 0, 0, 20, 0, : 17, 15, 14, 15, 16, 18, 13, 20, 19, 20, 
132: 13, 18, 0, 15, 0, 16, 12, 13, 14, 0, 0, 22, 18, 0, 18, 17, 0, 0, 0, 0, : 13, 18, 15, 16, 12, 13, 14, 22, 18, 18, 17, 
129: 0, 0, 0, 0, 0, 0, 0, 0, 0, 17, 0, 19, 0, 11, 0, 17, 16, 0, 0, 22, : 17, 19, 11, 17, 16, 22, 
144: 14, 17, 18, 0, 0, 15, 0, 0, 22, 19, 0, 0, 19, 13, 0, 18, 22, 14, 20, 0, : 14, 17, 18, 15, 22, 19, 19, 13, 18, 22, 14, 20, 
190: 0, 0, 0, 14, 0, 16, 0, 15, 0, 0, 19, 0, 0, 22, 0, 0, 16, 21, 13, 14, : 14, 16, 15, 19, 22, 16, 21, 13, 14, 
73: 21, 13, 0, 11, 17, 0, 19, 0, 20, 19, 17, 0, 16, 0, 0, 19, 20, 18, 0, 12, : 21, 13, 11, 17, 19, 20, 19, 17, 16, 19, 20, 18, 12, 
17: 0, 0, 0, 0, 12, 17, 0, 0, 11, 0, 19, 12, 0, 0, 0, 0, 0, 18, 17, 0, : 12, 17, 11, 19, 12, 18, 17, 
116: 0, 0, 17, 0, 0, 0, 12, 19, 0, 20, 19, 0, 0, 0, 0, 0, 0, 16, 0, 17, : 17, 12, 19, 20, 19, 16, 17, 
272: 15, 0, 14, 0, 20, 0, 0, 0, 17, 0, 0, 0, 16, 0, 18, 0, 14, 0, 0, 0, : 15, 14, 20, 17, 16, 18, 14, 
54: 0, 18, 0, 21, 22, 0, 0, 20, 0, 15, 13, 20, 0, 19, 0, 19, 18, 0, 15, 15, : 18, 21, 22, 20, 15, 13, 20, 19, 19, 18, 15, 15, 
128: 0, 21, 0, 17, 0, 17, 0, 0, 16, 0, 13, 11, 15, 17, 20, 15, 17, 0, 0, 0, : 21, 17, 17, 16, 13, 11, 15, 17, 20, 15, 17, 
49: 0, 19, 16, 0, 16, 0, 13, 0, 0, 0, 13, 13, 13, 18, 0, 0, 14, 10, 0, 0, : 19, 16, 16, 13, 13, 13, 13, 18, 14, 10, 


137: 0, 16, 0, 0, 0, 16, 0, 0, 0, 13, 14, 11, 24, 0, 17, 0, 14, 12, 20, 0, : 16, 16, 13, 14, 11, 24, 17, 14, 12, 20, 
134: 20, 0, 18, 12, 0, 0, 0, 19, 17, 20, 17, 0, 0, 0, 15, 0, 0, 16, 22, 19, : 20, 18, 12, 19, 17, 20, 17, 15, 16, 22, 19, 
254: 0, 0, 10, 0, 0, 18, 20, 17, 19, 0, 0, 0, 15, 18, 11, 20, 19, 0, 0, 0, : 10, 18, 20, 17, 19, 15, 18, 11, 20, 19, 
262: 0, 0, 19, 0, 0, 16, 0, 19, 13, 0, 20, 0, 18, 13, 0, 11, 16, 0, 0, 20, : 19, 16, 19, 13, 20, 18, 13, 11, 16, 20, 
286: 13, 19, 0, 16, 0, 18, 0, 0, 13, 15, 0, 0, 0, 0, 0, 0, 0, 17, 18, 10, : 13, 19, 16, 18, 13, 15, 17, 18, 10, 
163: 14, 22, 0, 0, 17, 0, 0, 0, 0, 0, 0, 14, 0, 0, 24, 0, 14, 0, 0, 16, : 14, 22, 17, 14, 24, 14, 16, 
19: 18, 0, 17, 18, 17, 0, 17, 0, 0, 0, 0, 0, 0, 18, 17, 17, 0, 0, 0, 0, : 18, 17, 18, 17, 17, 18, 17, 17, 
168: 0, 0, 0, 17, 0, 0, 13, 0, 16, 17, 17, 0, 0, 0, 0, 15, 0, 22, 0, 0, : 17, 13, 16, 17, 17, 15, 22, 
5: 0, 0, 14, 19, 0, 16, 19, 20, 0, 0, 0, 0, 13, 18, 21, 16, 0, 0, 24, 0, : 14, 19, 16, 19, 20, 13, 18, 21, 16, 24, 
158: 21, 0, 22, 0, 0, 0, 16, 12, 19, 0, 16, 20, 0, 18, 0, 0, 0, 0, 0, 0, : 21, 22, 16, 12, 19, 16, 20, 18, 
193: 19, 17, 18, 0, 13, 0, 0, 13, 0, 13, 0, 14, 18, 0, 17, 0, 0, 0, 15, 15, : 19, 17, 18, 13, 13, 13, 14, 18, 17, 15, 15, 
62: 0, 0, 0, 0, 18, 17, 0, 0, 0, 0, 0, 24, 0, 16, 0, 0, 11, 13, 0, 0, : 18, 17, 24, 16, 11, 13, 
181: 16, 21, 0, 0, 0, 0, 15, 0, 0, 17, 14, 17, 20, 0, 0, 0, 0, 21, 0, 23, : 16, 21, 15, 17, 14, 17, 20, 21, 23, 
275: 0, 0, 0, 0, 14, 0, 16, 15, 0, 0, 0, 0, 20, 21, 11, 0, 0, 0, 12, 0, : 14, 16, 15, 20, 21, 11, 12, 
291: 0, 13, 0, 16, 20, 0, 17, 0, 0, 21, 11, 11, 0, 0, 0, 22, 0, 0, 11, 16, : 13, 16, 20, 17, 21, 11, 11, 22, 11, 16, 
11: 13, 0, 17, 0, 0, 19, 17, 0, 14, 0, 0, 0, 0, 0, 17, 19, 0, 0, 14, 14, : 13, 17, 19, 17, 14, 17, 19, 14, 14, 
78: 0, 12, 0, 19, 15, 16, 0, 18, 21, 0, 23, 18, 0, 0, 0, 15, 23, 16, 0, 0, : 12, 19, 15, 16, 18, 21, 23, 18, 15, 23, 16, 
214: 0, 0, 15, 13, 0, 0, 0, 17, 0, 16, 0, 21, 12, 18, 0, 15, 14, 0, 14, 17, : 15, 13, 17, 16, 21, 12, 18, 15, 14, 14, 17, 
199: 16, 16, 0, 20, 20, 14, 0, 0, 18, 0, 0, 0, 0, 10, 0, 0, 21, 21, 0, 0, : 16, 16, 20, 20, 14, 18, 10, 21, 21, 
221: 0, 14, 0, 0, 16, 0, 0, 0, 0, 18, 18, 0, 10, 0, 0, 0, 18, 12, 0, 0, : 14, 16, 18, 18, 10, 18, 12, 


253: 0, 0, 19, 0, 0, 0, 0, 0, 0, 0, 0, 15, 17, 0, 12, 0, 0, 20, 14, 0, : 19, 15, 17, 12, 20, 14, 
119: 15, 0, 0, 14, 19, 0, 0, 20, 15, 0, 19, 14, 0, 13, 15, 12, 0, 0, 0, 0, : 15, 14, 19, 20, 15, 19, 14, 13, 15, 12, 
178: 0, 20, 17, 18, 0, 10, 0, 0, 20, 0, 0, 0, 0, 0, 21, 0, 14, 13, 0, 19, : 20, 17, 18, 10, 20, 21, 14, 13, 19, 
147: 18, 20, 17, 12, 15, 0, 0, 0, 17, 13, 0, 20, 0, 0, 20, 15, 0, 0, 0, 0, : 18, 20, 17, 12, 15, 17, 13, 20, 20, 15, 
219: 16, 0, 0, 22, 0, 19, 0, 0, 0, 19, 13, 0, 0, 22, 0, 0, 18, 20, 0, 15, : 16, 22, 19, 19, 13, 22, 18, 20, 15, 
203: 0, 0, 0, 0, 0, 19, 0, 17, 0, 0, 16, 16, 14, 0, 0, 20, 23, 14, 15, 0, : 19, 17, 16, 16, 14, 20, 23, 14, 15, 
245: 0, 11, 10, 0, 0, 20, 18, 0, 0, 13, 20, 0, 0, 0, 0, 0, 0, 15, 0, 0, : 11, 10, 20, 18, 13, 20, 15, 
202: 0, 17, 0, 0, 0, 0, 0, 19, 0, 20, 0, 0, 17, 0, 12, 0, 14, 0, 20, 20, : 17, 19, 20, 17, 12, 14, 20, 20, 
189: 0, 0, 0, 0, 0, 0, 15, 0, 15, 0, 16, 0, 0, 0, 19, 0, 0, 0, 16, 19, : 15, 15, 16, 19, 16, 19, 
140: 0, 0, 18, 21, 18, 17, 16, 13, 0, 18, 0, 0, 16, 24, 0, 0, 12, 19, 0, 11, : 18, 21, 18, 17, 16, 13, 18, 16, 24, 12, 19, 11, 
89: 0, 0, 14, 17, 18, 15, 0, 15, 0, 0, 0, 0, 20, 0, 17, 21, 0, 0, 0, 17, : 14, 17, 18, 15, 15, 20, 17, 21, 17, 
39: 17, 0, 0, 0, 21, 0, 15, 17, 12, 0, 12, 0, 0, 15, 0, 0, 0, 21, 0, 0, : 17, 21, 15, 17, 12, 12, 15, 21, 
125: 18, 0, 17, 0, 12, 0, 16, 0, 0, 18, 0, 17, 15, 17, 0, 20, 16, 0, 0, 21, : 18, 17, 12, 16, 18, 17, 15, 17, 20, 16, 21, 
177: 15, 16, 20, 16, 19, 16, 14, 12, 0, 0, 20, 0, 0, 0, 0, 0, 0, 0, 21, 13, : 15, 16, 20, 16, 19, 16, 14, 12, 20, 21, 13, 
79: 0, 0, 0, 0, 0, 0, 20, 17, 0, 20, 0, 0, 16, 12, 21, 11, 0, 0, 17, 0, : 20, 17, 20, 16, 12, 21, 11, 17, 
236: 0, 20, 0, 0, 0, 18, 0, 0, 16, 17, 0, 0, 0, 20, 0, 20, 0, 17, 14, 0, : 20, 18, 16, 17, 20, 20, 17, 14, 
131: 0, 15, 0, 18, 0, 0, 22, 0, 0, 0, 19, 16, 0, 0, 13, 0, 15, 0, 0, 15, : 15, 18, 22, 19, 16, 13, 15, 15, 
28: 15, 18, 0, 0, 16, 16, 0, 20, 14, 12, 0, 18, 0, 11, 0, 18, 17, 11, 16, 0, : 15, 18, 16, 16, 20, 14, 12, 18, 11, 18, 17, 11, 16, 
164: 16, 13, 0, 0, 12, 0, 0, 0, 19, 0, 15, 18, 20, 0, 0, 13, 21, 0, 0, 0, : 16, 13, 12, 19, 15, 18, 20, 13, 21, 
40: 20, 0, 18, 12, 0, 0, 14, 0, 22, 0, 0, 16, 15, 16, 0, 0, 0, 0, 17, 0, : 20, 18, 12, 14, 22, 16, 15, 16, 17, 


288: 0, 0, 0, 0, 17, 15, 17, 13, 22, 0, 0, 0, 0, 13, 10, 12, 0, 0, 0, 0, : 17, 15, 17, 13, 22, 13, 10, 12, 
156: 0, 0, 13, 16, 0, 0, 15, 0, 0, 0, 0, 0, 16, 0, 0, 22, 0, 0, 16, 16, : 13, 16, 15, 16, 22, 16, 16, 
188: 14, 0, 13, 0, 0, 0, 15, 14, 16, 0, 17, 16, 0, 10, 0, 22, 11, 17, 17, 12, : 14, 13, 15, 14, 16, 17, 16, 10, 22, 11, 17, 17, 12, 
93: 0, 18, 0, 16, 18, 0, 0, 0, 0, 15, 22, 0, 0, 16, 0, 0, 23, 0, 14, 0, : 18, 16, 18, 15, 22, 16, 23, 14, 
63: 13, 22, 21, 0, 0, 17, 0, 19, 0, 0, 0, 0, 15, 24, 12, 13, 0, 19, 0, 16, : 13, 22, 21, 17, 19, 15, 24, 12, 13, 19, 16, 
172: 0, 15, 0, 15, 0, 15, 19, 0, 14, 19, 21, 18, 0, 0, 16, 0, 0, 18, 0, 23, : 15, 15, 15, 19, 14, 19, 21, 18, 16, 18, 23, 
281: 16, 0, 15, 14, 15, 0, 20, 17, 0, 0, 0, 16, 0, 0, 0, 0, 0, 16, 0, 0, : 16, 15, 14, 15, 20, 17, 16, 16, 
257: 0, 0, 0, 16, 16, 0, 0, 0, 0, 12, 12, 0, 0, 0, 0, 0, 0, 15, 0, 0, : 16, 16, 12, 12, 15, 
175: 16, 10, 0, 0, 17, 19, 0, 0, 19, 19, 18, 0, 0, 0, 15, 0, 0, 0, 18, 0, : 16, 10, 17, 19, 19, 19, 18, 15, 18, 
297: 18, 13, 0, 20, 0, 19, 16, 0, 0, 17, 19, 16, 12, 16, 0, 18, 16, 0, 16, 16, : 18, 13, 20, 19, 16, 17, 19, 16, 12, 16, 18, 16, 16, 16, 
42: 18, 0, 18, 0, 11, 0, 0, 25, 13, 0, 13, 0, 0, 0, 19, 0, 17, 0, 0, 0, : 18, 18, 11, 25, 13, 13, 19, 17, 
284: 0, 0, 19, 0, 0, 0, 18, 0, 0, 16, 0, 23, 0, 0, 0, 21, 0, 20, 17, 0, : 19, 18, 16, 23, 21, 20, 17, 
230: 23, 19, 0, 0, 0, 0, 0, 13, 0, 0, 0, 0, 17, 0, 0, 0, 0, 0, 0, 20, : 23, 19, 13, 17, 20, 
23: 0, 0, 19, 0, 0, 0, 0, 0, 16, 0, 15, 0, 16, 0, 14, 0, 18, 0, 11, 14, : 19, 16, 15, 16, 14, 18, 11, 14, 
81: 17, 17, 0, 0, 0, 21, 0, 0, 0, 15, 0, 18, 17, 19, 0, 16, 15, 17, 0, 0, : 17, 17, 21, 15, 18, 17, 19, 16, 15, 17, 
174: 0, 20, 0, 0, 0, 0, 13, 0, 15, 18, 0, 14, 0, 0, 0, 16, 12, 13, 0, 14, : 20, 13, 15, 18, 14, 16, 12, 13, 14, 
223: 15, 0, 15, 0, 17, 15, 0, 21, 18, 0, 0, 0, 19, 22, 23, 0, 21, 0, 0, 0, : 15, 15, 17, 15, 21, 18, 19, 22, 23, 21, 
204: 0, 16, 0, 23, 21, 15, 0, 11, 0, 0, 0, 0, 0, 16, 19, 0, 17, 15, 18, 0, : 16, 23, 21, 15, 11, 16, 19, 17, 15, 18, 
110: 0, 0, 17, 15, 18, 14, 0, 17, 0, 19, 13, 16, 19, 0, 22, 10, 0, 0, 0, 19, : 17, 15, 18, 14, 17, 19, 13, 16, 19, 22, 10, 19, 
10: 0, 0, 0, 15, 0, 0, 17, 0, 17, 0, 0, 13, 19, 14, 0, 0, 0, 0, 23, 0, : 15, 17, 17, 13, 19, 14, 23, 


153: 0, 17, 19, 0, 0, 11, 0, 0, 0, 16, 0, 15, 18, 0, 0, 0, 0, 0, 0, 0, : 17, 19, 11, 16, 15, 18, 
208: 18, 0, 0, 0, 14, 22, 0, 15, 0, 16, 0, 0, 0, 0, 0, 0, 0, 0, 0, 17, : 18, 14, 22, 15, 16, 17, 
8: 0, 0, 0, 20, 0, 23, 14, 16, 0, 21, 0, 0, 0, 0, 0, 18, 20, 0, 20, 0, : 20, 23, 14, 16, 21, 18, 20, 20, 
246: 0, 0, 0, 15, 0, 0, 17, 0, 0, 0, 20, 22, 0, 12, 15, 0, 0, 0, 0, 0, : 15, 17, 20, 22, 12, 15, 
120: 0, 0, 0, 0, 19, 13, 0, 18, 16, 18, 0, 20, 0, 0, 0, 0, 16, 20, 17, 0, : 19, 13, 18, 16, 18, 20, 16, 20, 17, 
57: 12, 0, 0, 20, 17, 0, 0, 17, 18, 0, 0, 18, 0, 0, 0, 0, 20, 10, 0, 14, : 12, 20, 17, 17, 18, 18, 20, 10, 14, 
228: 0, 0, 16, 0, 18, 0, 21, 0, 0, 18, 18, 0, 0, 17, 0, 0, 16, 0, 0, 23, : 16, 18, 21, 18, 18, 17, 16, 23, 
186: 12, 0, 0, 15, 0, 0, 0, 0, 0, 0, 0, 0, 23, 0, 13, 16, 0, 0, 0, 0, : 12, 15, 23, 13, 16, 
197: 0, 12, 17, 0, 0, 15, 19, 16, 0, 0, 0, 12, 0, 18, 0, 17, 16, 0, 16, 0, : 12, 17, 15, 19, 16, 12, 18, 17, 16, 16, 
122: 16, 17, 0, 18, 18, 0, 0, 0, 0, 12, 19, 0, 14, 18, 0, 0, 0, 18, 0, 12, : 16, 17, 18, 18, 12, 19, 14, 18, 18, 12, 
183: 20, 17, 0, 0, 17, 0, 22, 0, 14, 0, 0, 0, 0, 0, 21, 0, 0, 19, 21, 0, : 20, 17, 17, 22, 14, 21, 19, 21, 
43: 0, 22, 18, 0, 0, 12, 15, 15, 15, 0, 15, 0, 10, 0, 19, 17, 0, 20, 14, 0, : 22, 18, 12, 15, 15, 15, 15, 10, 19, 17, 20, 14, 
242: 19, 0, 18, 0, 0, 0, 12, 0, 0, 0, 17, 0, 11, 0, 0, 0, 12, 0, 16, 16, : 19, 18, 12, 17, 11, 12, 16, 16, 
218: 0, 0, 15, 16, 16, 20, 0, 17, 17, 0, 17, 0, 20, 19, 18, 14, 0, 13, 21, 12, : 15, 16, 16, 20, 17, 17, 17, 20, 19, 18, 14, 13, 21, 12, 
296: 17, 21, 0, 15, 0, 0, 0, 0, 16, 13, 0, 18, 0, 16, 20, 0, 16, 0, 0, 16, : 17, 21, 15, 16, 13, 18, 16, 20, 16, 16, 
105: 0, 11, 14, 15, 0, 18, 0, 19, 19, 0, 15, 0, 13, 0, 14, 21, 0, 20, 0, 18, : 11, 14, 15, 18, 19, 19, 15, 13, 14, 21, 20, 18, 
98: 21, 0, 14, 0, 16, 0, 13, 0, 0, 20, 14, 0, 0, 0, 13, 15, 13, 0, 11, 0, : 21, 14, 16, 13, 20, 14, 13, 15, 13, 11, 
227: 15, 17, 0, 16, 15, 0, 0, 0, 18, 16, 15, 13, 0, 12, 17, 18, 0, 0, 0, 22, : 15, 17, 16, 15, 18, 16, 15, 13, 12, 17, 18, 22, 
217: 0, 16, 0, 0, 0, 16, 0, 0, 0, 0, 0, 13, 23, 18, 0, 0, 21, 16, 0, 0, : 16, 16, 13, 23, 18, 21, 16, 
205: 0, 0, 19, 0, 0, 0, 17, 17, 17, 0, 0, 19, 18, 20, 0, 14, 0, 14, 14, 0, : 19, 17, 17, 17, 19, 18, 20, 14, 14, 14, 


277: 0, 10, 20, 0, 0, 0, 0, 19, 16, 0, 18, 0, 23, 0, 22, 16, 0, 13, 18, 0, : 10, 20, 19, 16, 18, 23, 22, 16, 13, 18, 
2: 0, 0, 15, 16, 10, 21, 0, 13, 0, 0, 14, 0, 12, 13, 15, 0, 23, 15, 0, 0, : 15, 16, 10, 21, 13, 14, 12, 13, 15, 23, 15, 
185: 17, 0, 16, 0, 0, 19, 19, 20, 19, 20, 0, 11, 0, 23, 0, 0, 0, 0, 19, 22, : 17, 16, 19, 19, 20, 19, 20, 11, 23, 19, 22, 
187: 0, 16, 19, 19, 0, 0, 17, 0, 0, 0, 0, 0, 0, 0, 0, 0, 0, 0, 0, 19, : 16, 19, 19, 17, 19, 
20: 18, 0, 0, 19, 0, 0, 21, 16, 20, 16, 0, 14, 0, 0, 18, 20, 0, 0, 0, 0, : 18, 19, 21, 16, 20, 16, 14, 18, 20, 
35: 0, 0, 19, 17, 15, 18, 0, 0, 0, 0, 0, 17, 13, 0, 0, 0, 14, 18, 15, 20, : 19, 17, 15, 18, 17, 13, 14, 18, 15, 20, 
15: 19, 0, 0, 0, 0, 20, 18, 15, 0, 0, 10, 20, 0, 0, 0, 21, 0, 0, 13, 0, : 19, 20, 18, 15, 10, 20, 21, 13, 
176: 16, 0, 0, 13, 14, 0, 0, 0, 0, 18, 20, 0, 0, 13, 15, 19, 23, 14, 12, 12, : 16, 13, 14, 18, 20, 13, 15, 19, 23, 14, 12, 12, 
91: 12, 16, 0, 0, 22, 13, 20, 0, 0, 0, 0, 19, 18, 0, 17, 0, 0, 0, 0, 0, : 12, 16, 22, 13, 20, 19, 18, 17, 
260: 0, 0, 0, 0, 0, 0, 13, 0, 0, 0, 18, 0, 0, 0, 0, 0, 11, 0, 0, 0, : 13, 18, 11, 
75: 0, 19, 0, 0, 0, 0, 0, 14, 13, 0, 19, 17, 17, 0, 0, 16, 12, 0, 19, 14, : 19, 14, 13, 19, 17, 17, 16, 12, 19, 14, 
151: 16, 11, 0, 18, 0, 0, 0, 20, 16, 17, 0, 20, 0, 18, 14, 11, 18, 20, 17, 0, : 16, 11, 18, 20, 16, 17, 20, 18, 14, 11, 18, 20, 17, 
133: 0, 17, 0, 0, 0, 0, 11, 16, 17, 0, 0, 0, 0, 0, 0, 0, 0, 14, 0, 0, : 17, 11, 16, 17, 14, 
243: 18, 23, 0, 0, 13, 0, 0, 0, 17, 0, 0, 19, 13, 16, 0, 12, 0, 0, 0, 19, : 18, 23, 13, 17, 19, 13, 16, 12, 19, 
64: 0, 0, 13, 0, 0, 0, 0, 0, 0, 18, 0, 0, 0, 18, 15, 20, 0, 12, 0, 0, : 13, 18, 18, 15, 20, 12, 
114: 17, 0, 18, 0, 0, 20, 0, 0, 13, 18, 20, 0, 17, 16, 17, 0, 0, 0, 22, 0, : 17, 18, 20, 13, 18, 20, 17, 16, 17, 22, 
66: 0, 21, 0, 22, 18, 12, 0, 0, 0, 16, 16, 0, 21, 0, 17, 0, 0, 23, 15, 0, : 21, 22, 18, 12, 16, 16, 21, 17, 23, 15, 
229: 17, 17, 20, 12, 21, 0, 0, 17, 0, 14, 0, 0, 16, 16, 0, 15, 11, 0, 0, 16, : 17, 17, 20, 12, 21, 17, 14, 16, 16, 15, 11, 16, 
103: 0, 0, 0, 0, 19, 13, 17, 0, 0, 0, 0, 13, 0, 0, 0, 0, 16, 21, 0, 12, : 19, 13, 17, 13, 16, 21, 12, 
300: 0, 0, 10, 14, 18, 14, 14, 0, 19, 13, 15, 0, 0, 17, 0, 0, 22, 0, 0, 16, : 10, 14, 18, 14, 14, 19, 13, 15, 17, 22, 16, 


293: 17, 0, 0, 15, 20, 16, 0, 16, 0, 0, 0, 0, 14, 15, 18, 15, 14, 14, 0, 0, : 17, 15, 20, 16, 16, 14, 15, 18, 15, 14, 14, 
160: 0, 0, 0, 0, 14, 0, 0, 0, 14, 0, 0, 19, 0, 0, 15, 0, 21, 22, 14, 0, : 14, 14, 19, 15, 21, 22, 14, 
289: 17, 21, 0, 0, 20, 0, 0, 0, 18, 17, 22, 14, 0, 17, 15, 21, 0, 15, 0, 18, : 17, 21, 20, 18, 17, 22, 14, 17, 15, 21, 15, 18, 
37: 21, 13, 18, 0, 18, 21, 0, 15, 0, 16, 0, 19, 22, 0, 17, 0, 16, 0, 0, 0, : 21, 13, 18, 18, 21, 15, 16, 19, 22, 17, 16, 
68: 0, 0, 0, 17, 0, 11, 13, 14, 0, 0, 17, 14, 0, 17, 0, 20, 17, 20, 0, 0, : 17, 11, 13, 14, 17, 14, 17, 20, 17, 20, 
271: 0, 0, 0, 17, 13, 0, 14, 17, 0, 0, 18, 0, 0, 0, 15, 14, 0, 16, 0, 12, : 17, 13, 14, 17, 18, 15, 14, 16, 12, 
87: 0, 0, 16, 15, 21, 17, 15, 19, 0, 20, 17, 15, 0, 0, 18, 0, 13, 0, 16, 22, : 16, 15, 21, 17, 15, 19, 20, 17, 15, 18, 13, 16, 22, 
210: 0, 19, 0, 0, 0, 11, 20, 0, 17, 0, 14, 0, 0, 0, 0, 0, 0, 0, 0, 0, : 19, 11, 20, 17, 14, 
95: 14, 0, 16, 0, 0, 0, 0, 12, 17, 0, 17, 0, 0, 14, 22, 0, 16, 0, 22, 0, : 14, 16, 12, 17, 17, 14, 22, 16, 22, 
244: 14, 0, 19, 0, 10, 0, 13, 18, 0, 18, 10, 21, 0, 0, 0, 0, 0, 0, 12, 0, : 14, 19, 10, 13, 18, 18, 10, 21, 12, 
100: 0, 0, 0, 0, 0, 21, 0, 22, 19, 0, 0, 0, 0, 0, 18, 0, 0, 0, 17, 15, : 21, 22, 19, 18, 17, 15, 
201: 19, 0, 0, 0, 0, 24, 0, 0, 0, 0, 0, 19, 18, 0, 0, 24, 21, 0, 21, 17, : 19, 24, 19, 18, 24, 21, 21, 17, 
216: 0, 13, 0, 0, 0, 16, 0, 0, 16, 19, 17, 0, 15, 0, 0, 0, 14, 14, 15, 16, : 13, 16, 16, 19, 17, 15, 14, 14, 15, 16, 
280: 0, 17, 16, 17, 0, 13, 17, 0, 14, 13, 0, 0, 0, 15, 0, 13, 0, 17, 17, 0, : 17, 16, 17, 13, 17, 14, 13, 15, 13, 17, 17, 
36: 0, 17, 15, 0, 0, 0, 0, 0, 0, 0, 0, 0, 14, 18, 0, 14, 0, 0, 0, 20, : 17, 15, 14, 18, 14, 20, 
1: 0, 0, 17, 0, 21, 0, 16, 0, 0, 0, 0, 15, 0, 13, 0, 0, 18, 0, 0, 0, : 17, 21, 16, 15, 13, 18, 
135: 0, 19, 19, 17, 13, 0, 0, 0, 0, 18, 0, 14, 15, 0, 0, 0, 0, 15, 0, 13, : 19, 19, 17, 13, 18, 14, 15, 15, 13, 
107: 18, 16, 0, 15, 0, 0, 0, 0, 0, 13, 0, 0, 13, 22, 12, 12, 0, 0, 16, 0, : 18, 16, 15, 13, 13, 22, 12, 12, 16, 
213: 13, 0, 0, 20, 0, 0, 22, 17, 18, 0, 0, 0, 20, 0, 0, 17, 0, 17, 0, 17, : 13, 20, 22, 17, 18, 20, 17, 17, 17, 
59: 17, 15, 14, 17, 0, 0, 20, 0, 17, 16, 18, 0, 19, 19, 0, 0, 0, 0, 0, 0, : 17, 15, 14, 17, 20, 17, 16, 18, 19, 19, 


88: 0, 0, 0, 0, 0, 18, 17, 15, 16, 10, 22, 0, 0, 0, 15, 0, 13, 0, 0, 17, : 18, 17, 15, 16, 10, 22, 15, 13, 17, 
294: 16, 23, 0, 0, 19, 19, 0, 17, 0, 0, 0, 0, 16, 0, 17, 0, 15, 0, 19, 0, : 16, 23, 19, 19, 17, 16, 17, 15, 19, 
259: 18, 0, 0, 0, 0, 13, 20, 0, 14, 23, 0, 0, 0, 19, 16, 14, 14, 0, 0, 0, : 18, 13, 20, 14, 23, 19, 16, 14, 14, 
295: 0, 11, 16, 15, 0, 0, 0, 20, 0, 23, 18, 0, 0, 0, 0, 0, 0, 16, 0, 0, : 11, 16, 15, 20, 23, 18, 16, 
238: 0, 13, 17, 17, 13, 0, 0, 0, 0, 12, 20, 15, 0, 0, 20, 0, 0, 0, 16, 0, : 13, 17, 17, 13, 12, 20, 15, 20, 16, 
127: 0, 0, 0, 0, 16, 0, 0, 0, 0, 0, 0, 15, 18, 18, 0, 16, 0, 0, 17, 0, : 16, 15, 18, 18, 16, 17, 
86: 0, 0, 0, 0, 0, 0, 0, 19, 19, 0, 12, 19, 15, 17, 0, 19, 18, 16, 0, 0, : 19, 19, 12, 19, 15, 17, 19, 18, 16, 
162: 0, 0, 18, 12, 14, 16, 0, 14, 16, 21, 0, 0, 0, 19, 13, 16, 0, 13, 0, 0, : 18, 12, 14, 16, 14, 16, 21, 19, 13, 16, 13, 
69: 18, 14, 0, 0, 0, 0, 0, 0, 13, 14, 0, 18, 20, 14, 0, 0, 16, 0, 0, 14, : 18, 14, 13, 14, 18, 20, 14, 16, 14, 
235: 0, 0, 14, 19, 14, 18, 0, 0, 12, 0, 0, 0, 15, 0, 0, 20, 0, 18, 0, 12, : 14, 19, 14, 18, 12, 15, 20, 18, 12, 
196: 15, 18, 21, 17, 0, 0, 0, 0, 0, 0, 0, 0, 14, 0, 0, 0, 0, 21, 14, 20, : 15, 18, 21, 17, 14, 21, 14, 20, 
241: 18, 0, 0, 0, 0, 17, 13, 19, 20, 0, 11, 0, 0, 18, 0, 16, 20, 13, 15, 0, : 18, 17, 13, 19, 20, 11, 18, 16, 20, 13, 15, 
237: 17, 0, 15, 20, 0, 0, 0, 0, 0, 0, 15, 16, 21, 15, 0, 0, 0, 17, 0, 0, : 17, 15, 20, 15, 16, 21, 15, 17, 
53: 0, 17, 0, 0, 18, 16, 0, 14, 21, 0, 19, 0, 0, 0, 0, 14, 17, 0, 14, 0, : 17, 18, 16, 14, 21, 19, 14, 17, 14, 
109: 0, 17, 13, 16, 17, 0, 16, 0, 0, 0, 0, 0, 0, 0, 16, 17, 0, 0, 0, 13, : 17, 13, 16, 17, 16, 16, 17, 13, 
182: 14, 17, 19, 16, 22, 15, 18, 0, 19, 12, 0, 17, 14, 0, 0, 0, 0, 0, 17, 21, : 14, 17, 19, 16, 22, 15, 18, 19, 12, 17, 14, 17, 21, 
159: 20, 20, 0, 18, 0, 0, 16, 17, 0, 21, 13, 17, 0, 11, 19, 18, 19, 15, 0, 0, : 20, 20, 18, 16, 17, 21, 13, 17, 11, 19, 18, 19, 15, 
233: 0, 0, 17, 0, 0, 0, 19, 0, 0, 0, 20, 14, 17, 0, 19, 0, 18, 0, 19, 14, : 17, 19, 20, 14, 17, 19, 18, 19, 14, 
34: 14, 0, 0, 0, 0, 18, 15, 0, 0, 14, 0, 19, 0, 19, 15, 0, 0, 0, 0, 20, : 14, 18, 15, 14, 19, 19, 15, 20, 
180: 0, 0, 0, 0, 17, 0, 16, 15, 0, 0, 0, 0, 0, 0, 0, 0, 0, 21, 19, 19, : 17, 16, 15, 21, 19, 19, 


148: 18, 17, 0, 18, 0, 13, 0, 11, 22, 0, 0, 0, 15, 13, 0, 15, 0, 0, 0, 0, : 18, 17, 18, 13, 11, 22, 15, 13, 15, 
239: 0, 0, 23, 0, 15, 0, 12, 0, 13, 18, 17, 0, 18, 0, 0, 0, 0, 15, 0, 0, : 23, 15, 12, 13, 18, 17, 18, 15, 
283: 0, 0, 0, 0, 15, 0, 0, 15, 17, 0, 0, 0, 0, 16, 14, 17, 0, 0, 0, 22, : 15, 15, 17, 16, 14, 17, 22, 
191: 0, 21, 12, 0, 0, 17, 0, 0, 0, 0, 0, 16, 17, 0, 0, 0, 14, 21, 0, 0, : 21, 12, 17, 16, 17, 14, 21, 
94: 0, 13, 0, 0, 18, 0, 21, 22, 18, 0, 17, 0, 0, 0, 0, 0, 13, 19, 22, 0, : 13, 18, 21, 22, 18, 17, 13, 19, 22, 
44: 16, 14, 19, 0, 16, 0, 17, 0, 0, 15, 0, 0, 17, 20, 13, 0, 17, 11, 12, 14, : 16, 14, 19, 16, 17, 15, 17, 20, 13, 17, 11, 12, 14, 
70: 0, 16, 0, 12, 0, 0, 0, 0, 0, 21, 15, 0, 19, 0, 17, 0, 0, 0, 16, 15, : 16, 12, 21, 15, 19, 17, 16, 15, 
255: 0, 0, 0, 0, 0, 16, 13, 0, 12, 14, 0, 20, 0, 0, 17, 0, 0, 18, 0, 0, : 16, 13, 12, 14, 20, 17, 18, 
224: 14, 0, 0, 14, 0, 20, 0, 0, 20, 0, 0, 0, 16, 0, 20, 15, 0, 22, 15, 14, : 14, 14, 20, 20, 16, 20, 15, 22, 15, 14, 
195: 16, 14, 15, 0, 0, 0, 20, 0, 0, 0, 22, 0, 0, 0, 13, 0, 19, 13, 18, 13, : 16, 14, 15, 20, 22, 13, 19, 13, 18, 13, 
58: 0, 0, 0, 0, 0, 14, 0, 0, 0, 20, 12, 16, 0, 15, 0, 15, 0, 0, 20, 15, : 14, 20, 12, 16, 15, 15, 20, 15, 
234: 17, 0, 13, 16, 21, 0, 13, 19, 0, 0, 0, 20, 19, 0, 0, 19, 0, 0, 0, 0, : 17, 13, 16, 21, 13, 19, 20, 19, 19, 
292: 18, 0, 19, 16, 0, 20, 0, 20, 0, 22, 17, 0, 0, 18, 17, 16, 21, 0, 0, 0, : 18, 19, 16, 20, 20, 22, 17, 18, 17, 16, 21, 
130: 18, 0, 0, 0, 14, 0, 18, 0, 21, 0, 0, 15, 0, 0, 0, 0, 18, 0, 0, 0, : 18, 14, 18, 21, 15, 18, 
170: 0, 15, 17, 21, 0, 20, 0, 15, 12, 14, 15, 13, 0, 18, 0, 0, 19, 0, 0, 0, : 15, 17, 21, 20, 15, 12, 14, 15, 13, 18, 19, 
45: 20, 0, 12, 24, 17, 0, 20, 0, 15, 13, 0, 15, 16, 0, 20, 18, 0, 0, 10, 20, : 20, 12, 24, 17, 20, 15, 13, 15, 16, 20, 18, 10, 20, 
85: 0, 15, 0, 0, 16, 13, 0, 17, 0, 0, 22, 0, 0, 12, 19, 16, 0, 13, 0, 0, : 15, 16, 13, 17, 22, 12, 19, 16, 13, 
71: 0, 0, 0, 13, 18, 0, 0, 15, 0, 0, 0, 17, 13, 21, 0, 0, 0, 0, 15, 15, : 13, 18, 15, 17, 13, 21, 15, 15, 
274: 0, 0, 20, 0, 0, 0, 16, 16, 0, 0, 13, 0, 0, 17, 0, 0, 11, 18, 22, 0, : 20, 16, 16, 13, 17, 11, 18, 22, 
126: 13, 25, 0, 16, 0, 17, 0, 0, 0, 13, 0, 18, 0, 0, 0, 19, 18, 0, 0, 22, : 13, 25, 16, 17, 13, 18, 19, 18, 22, 


206: 18, 17, 0, 18, 17, 0, 16, 0, 10, 0, 0, 23, 21, 0, 13, 19, 0, 0, 0, 0, : 18, 17, 18, 17, 16, 10, 23, 21, 13, 19, 
194: 0, 0, 15, 0, 0, 0, 0, 10, 0, 0, 0, 21, 0, 18, 0, 13, 0, 17, 16, 18, : 15, 10, 21, 18, 13, 17, 16, 18, 
61: 16, 14, 0, 0, 0, 16, 24, 16, 0, 0, 0, 13, 24, 0, 16, 0, 24, 0, 13, 18, : 16, 14, 16, 24, 16, 13, 24, 16, 24, 13, 18, 
41: 0, 22, 16, 15, 0, 19, 21, 0, 0, 0, 12, 0, 16, 20, 0, 0, 14, 19, 17, 0, : 22, 16, 15, 19, 21, 12, 16, 20, 14, 19, 17, 
247: 0, 0, 0, 0, 0, 14, 0, 0, 0, 0, 0, 14, 16, 0, 0, 0, 21, 18, 18, 20, : 14, 14, 16, 21, 18, 18, 20, 
65: 16, 13, 0, 0, 16, 0, 22, 0, 13, 0, 0, 14, 12, 0, 16, 16, 0, 0, 0, 0, : 16, 13, 16, 22, 13, 14, 12, 16, 16, 
118: 0, 0, 19, 0, 0, 17, 0, 0, 0, 16, 0, 19, 0, 11, 17, 13, 15, 0, 0, 0, : 19, 17, 16, 19, 11, 17, 13, 15, 
143: 0, 0, 0, 19, 14, 0, 0, 0, 20, 19, 13, 0, 0, 0, 0, 0, 19, 0, 0, 14, : 19, 14, 20, 19, 13, 19, 14, 
220: 20, 0, 0, 11, 22, 0, 0, 16, 18, 16, 15, 0, 0, 12, 0, 0, 21, 12, 17, 17, : 20, 11, 22, 16, 18, 16, 15, 12, 21, 12, 17, 17, 
33: 0, 0, 11, 0, 11, 22, 12, 22, 16, 18, 14, 17, 12, 18, 0, 14, 0, 0, 10, 15, : 11, 11, 22, 12, 22, 16, 18, 14, 17, 12, 18, 14, 10, 15, 
113: 0, 21, 22, 0, 0, 0, 0, 0, 18, 0, 0, 0, 22, 21, 0, 20, 12, 13, 0, 18, : 21, 22, 18, 22, 21, 20, 12, 13, 18, 
251: 15, 0, 19, 0, 18, 17, 0, 0, 0, 13, 0, 0, 0, 0, 0, 0, 0, 19, 0, 0, : 15, 19, 18, 17, 13, 19, 
139: 16, 0, 0, 15, 0, 21, 15, 15, 0, 22, 17, 0, 0, 0, 15, 0, 0, 15, 0, 0, : 16, 15, 21, 15, 15, 22, 17, 15, 15, 
149: 0, 16, 0, 19, 19, 0, 11, 14, 0, 0, 0, 0, 0, 0, 0, 0, 0, 0, 0, 0, : 16, 19, 19, 11, 14, 
12: 16, 0, 12, 0, 0, 0, 0, 0, 19, 0, 20, 0, 0, 0, 15, 0, 0, 16, 20, 0, : 16, 12, 19, 20, 15, 16, 20, 
48: 0, 0, 0, 17, 13, 10, 11, 0, 0, 13, 0, 0, 0, 21, 0, 22, 0, 0, 19, 0, : 17, 13, 10, 11, 13, 21, 22, 19, 
60: 0, 21, 0, 17, 0, 14, 0, 23, 0, 21, 21, 18, 0, 0, 24, 0, 0, 0, 20, 0, : 21, 17, 14, 23, 21, 21, 18, 24, 20, 
67: 15, 0, 19, 0, 20, 0, 0, 21, 18, 12, 14, 0, 10, 0, 17, 13, 11, 0, 0, 18, : 15, 19, 20, 21, 18, 12, 14, 10, 17, 13, 11, 18, 
99: 18, 11, 17, 19, 0, 0, 18, 13, 0, 0, 0, 0, 0, 15, 0, 0, 13, 0, 0, 0, : 18, 11, 17, 19, 18, 13, 15, 13, 
212: 0, 15, 0, 0, 0, 0, 0, 0, 18, 0, 24, 11, 17, 14, 17, 20, 0, 21, 0, 12, : 15, 18, 24, 11, 17, 14, 17, 20, 21, 12, 


124: 0, 13, 0, 0, 10, 15, 22, 16, 13, 0, 0, 0, 14, 0, 0, 0, 0, 0, 0, 24, : 13, 10, 15, 22, 16, 13, 14, 24, 
211: 19, 20, 0, 18, 0, 0, 0, 0, 0, 15, 18, 0, 18, 17, 0, 17, 0, 20, 0, 0, : 19, 20, 18, 15, 18, 18, 17, 17, 20, 
209: 0, 16, 0, 0, 0, 0, 0, 17, 14, 17, 15, 14, 13, 15, 16, 19, 20, 15, 14, 0, : 16, 17, 14, 17, 15, 14, 13, 15, 16, 19, 20, 15, 14, 
200: 25, 0, 13, 21, 0, 0, 12, 0, 0, 13, 0, 18, 0, 0, 0, 0, 15, 0, 0, 0, : 25, 13, 21, 12, 13, 18, 15, 
47: 0, 0, 0, 20, 15, 0, 0, 0, 12, 0, 13, 0, 0, 14, 0, 0, 16, 0, 12, 15, : 20, 15, 12, 13, 14, 16, 12, 15, 
267: 0, 0, 0, 10, 20, 0, 12, 0, 0, 16, 0, 14, 0, 0, 15, 0, 0, 0, 17, 0, : 10, 20, 12, 16, 14, 15, 17, 
52: 15, 0, 0, 0, 18, 0, 0, 14, 19, 0, 0, 0, 0, 0, 17, 0, 13, 0, 0, 0, : 15, 18, 14, 19, 17, 13, 
278: 13, 23, 18, 12, 0, 0, 16, 0, 19, 0, 0, 0, 14, 0, 13, 0, 0, 14, 0, 0, : 13, 23, 18, 12, 16, 19, 14, 13, 14, 
123: 14, 0, 0, 0, 0, 17, 17, 18, 0, 0, 0, 19, 23, 22, 0, 15, 16, 0, 18, 18, : 14, 17, 17, 18, 19, 23, 22, 15, 16, 18, 18, 
24: 0, 16, 18, 17, 14, 20, 18, 0, 0, 20, 14, 0, 16, 0, 17, 14, 20, 0, 19, 10, : 16, 18, 17, 14, 20, 18, 20, 14, 16, 17, 14, 20, 19, 10, 
80: 0, 0, 22, 0, 13, 22, 0, 0, 15, 20, 17, 15, 0, 0, 0, 18, 0, 17, 0, 17, : 22, 13, 22, 15, 20, 17, 15, 18, 17, 17, 
146: 0, 15, 16, 0, 0, 0, 0, 21, 0, 19, 17, 19, 0, 20, 0, 0, 0, 0, 11, 21, : 15, 16, 21, 19, 17, 19, 20, 11, 21, 
106: 0, 0, 19, 0, 18, 16, 16, 15, 20, 17, 0, 18, 17, 14, 0, 0, 14, 13, 0, 19, : 19, 18, 16, 16, 15, 20, 17, 18, 17, 14, 14, 13, 19, 
3: 0, 0, 11, 16, 0, 0, 16, 14, 0, 0, 0, 0, 0, 0, 15, 20, 0, 19, 0, 0, : 11, 16, 16, 14, 15, 20, 19, 
136: 14, 0, 17, 0, 0, 0, 0, 20, 0, 0, 20, 0, 0, 17, 0, 14, 0, 0, 21, 0, : 14, 17, 20, 20, 17, 14, 21, 
226: 0, 15, 0, 13, 0, 13, 0, 0, 0, 0, 23, 17, 0, 0, 17, 19, 18, 0, 0, 11, : 15, 13, 13, 23, 17, 17, 19, 18, 11, 
298: 13, 0, 0, 0, 0, 14, 21, 0, 16, 0, 0, 0, 12, 14, 0, 0, 18, 0, 18, 0, : 13, 14, 21, 16, 12, 14, 18, 18, 
102: 0, 15, 0, 0, 0, 0, 0, 15, 0, 0, 13, 0, 23, 0, 0, 14, 0, 13, 0, 0, : 15, 15, 13, 23, 14, 13, 
299: 17, 0, 0, 23, 20, 18, 0, 0, 22, 0, 0, 0, 0, 0, 18, 0, 0, 18, 20, 15, : 17, 23, 20, 18, 22, 18, 18, 20, 15, 
270: 20, 17, 16, 0, 22, 15, 0, 0, 0, 13, 0, 16, 0, 17, 22, 0, 0, 21, 0, 0, : 20, 17, 16, 22, 15, 13, 16, 17, 22, 21, 


256: 19, 0, 10, 0, 17, 21, 0, 0, 18, 0, 17, 22, 0, 0, 11, 22, 0, 0, 0, 0, : 19, 10, 17, 21, 18, 17, 22, 11, 22, 
27: 0, 0, 0, 12, 0, 0, 15, 18, 0, 17, 0, 0, 0, 0, 0, 19, 0, 0, 20, 15, : 12, 15, 18, 17, 19, 20, 15, 
250: 0, 10, 15, 11, 0, 19, 0, 0, 0, 0, 0, 11, 0, 0, 0, 0, 18, 12, 0, 11, : 10, 15, 11, 19, 11, 18, 12, 11, 
7: 17, 18, 0, 21, 0, 15, 19, 0, 0, 19, 0, 0, 12, 0, 0, 0, 0, 0, 0, 0, : 17, 18, 21, 15, 19, 19, 12, 
290: 0, 0, 0, 18, 14, 0, 0, 0, 13, 0, 12, 0, 20, 21, 23, 14, 13, 13, 0, 14, : 18, 14, 13, 12, 20, 21, 23, 14, 13, 13, 14, 
285: 18, 16, 24, 0, 17, 0, 17, 0, 0, 13, 16, 0, 0, 0, 0, 0, 15, 23, 0, 0, : 18, 16, 24, 17, 17, 13, 16, 15, 23, 
273: 18, 0, 0, 0, 0, 0, 0, 17, 14, 20, 20, 19, 0, 0, 0, 0, 12, 0, 0, 0, : 18, 17, 14, 20, 20, 19, 12, 
46: 0, 0, 0, 0, 0, 0, 22, 19, 0, 19, 0, 0, 20, 11, 0, 16, 0, 0, 0, 0, : 22, 19, 19, 20, 11, 16, 
232: 12, 18, 0, 0, 0, 0, 0, 13, 14, 0, 13, 0, 14, 22, 23, 12, 17, 0, 0, 0, : 12, 18, 13, 14, 13, 14, 22, 23, 12, 17, 
231: 0, 0, 17, 16, 13, 0, 11, 0, 14, 0, 17, 12, 0, 0, 17, 0, 0, 0, 15, 0, : 17, 16, 13, 11, 14, 17, 12, 17, 15, 
264: 0, 0, 15, 0, 20, 14, 0, 20, 19, 16, 19, 0, 19, 23, 0, 0, 14, 12, 16, 0, : 15, 20, 14, 20, 19, 16, 19, 19, 23, 14, 12, 16, 
121: 0, 0, 19, 0, 0, 0, 0, 13, 19, 0, 17, 20, 20, 0, 0, 18, 0, 0, 0, 0, : 19, 13, 19, 17, 20, 20, 18, 
282: 20, 13, 0, 0, 18, 18, 0, 0, 0, 17, 0, 0, 15, 18, 11, 0, 0, 0, 14, 16, : 20, 13, 18, 18, 17, 15, 18, 11, 14, 16, 
155: 0, 0, 18, 16, 0, 15, 19, 15, 0, 0, 0, 13, 11, 12, 0, 15, 14, 0, 16, 18, : 18, 16, 15, 19, 15, 13, 11, 12, 15, 14, 16, 18, 
269: 20, 0, 0, 19, 14, 0, 18, 20, 0, 0, 0, 0, 0, 12, 0, 0, 0, 0, 0, 21, : 20, 19, 14, 18, 20, 12, 21, 
167: 0, 19, 0, 20, 21, 22, 0, 0, 0, 16, 0, 19, 0, 15, 17, 0, 0, 22, 18, 16, : 19, 20, 21, 22, 16, 19, 15, 17, 22, 18, 16, 
207: 0, 25, 17, 17, 0, 0, 0, 0, 0, 0, 19, 0, 0, 16, 0, 0, 25, 16, 20, 0, : 25, 17, 17, 19, 16, 25, 16, 20, 
115: 0, 10, 0, 0, 0, 0, 17, 0, 17, 0, 0, 18, 19, 0, 17, 0, 0, 12, 11, 0, : 10, 17, 17, 18, 19, 17, 12, 11, 
56: 11, 0, 15, 0, 0, 10, 12, 0, 22, 13, 0, 0, 0, 0, 14, 17, 0, 18, 0, 17, : 11, 15, 10, 12, 22, 13, 14, 17, 18, 17, 
108: 15, 21, 0, 0, 16, 16, 0, 15, 0, 0, 0, 16, 0, 0, 17, 17, 22, 22, 20, 22, : 15, 21, 16, 16, 15, 16, 17, 17, 22, 22, 20, 22, 


55: 16, 0, 15, 0, 0, 13, 20, 14, 0, 0, 0, 15, 0, 0, 0, 17, 0, 0, 0, 17, : 16, 15, 13, 20, 14, 15, 17, 17, 
252: 0, 0, 17, 17, 21, 0, 19, 0, 0, 0, 21, 0, 0, 0, 0, 14, 12, 14, 16, 0, : 17, 17, 21, 19, 21, 14, 12, 14, 16, 
266: 17, 0, 0, 0, 0, 23, 17, 16, 19, 19, 14, 0, 18, 0, 20, 13, 0, 0, 20, 0, : 17, 23, 17, 16, 19, 19, 14, 18, 20, 13, 20, 
101: 0, 14, 17, 14, 0, 23, 15, 0, 0, 21, 0, 19, 0, 0, 0, 22, 0, 0, 0, 16, : 14, 17, 14, 23, 15, 21, 19, 22, 16, 
90: 0, 0, 18, 0, 0, 15, 0, 0, 0, 0, 14, 0, 0, 20, 14, 0, 0, 13, 0, 21, : 18, 15, 14, 20, 14, 13, 21, 
150: 0, 21, 16, 21, 20, 16, 0, 0, 12, 0, 18, 19, 12, 0, 21, 0, 20, 16, 14, 15, : 21, 16, 21, 20, 16, 12, 18, 19, 12, 21, 20, 16, 14, 15, 
215: 12, 10, 0, 17, 14, 0, 0, 0, 0, 0, 0, 13, 0, 16, 15, 18, 0, 0, 0, 15, : 12, 10, 17, 14, 13, 16, 15, 18, 15, 
51: 20, 20, 0, 16, 22, 0, 0, 20, 18, 15, 17, 18, 20, 0, 0, 0, 0, 0, 0, 0, : 20, 20, 16, 22, 20, 18, 15, 17, 18, 20, 
104: 11, 0, 0, 0, 0, 12, 0, 0, 14, 0, 0, 19, 15, 18, 0, 13, 18, 15, 20, 0, : 11, 12, 14, 19, 15, 18, 13, 18, 15, 20, 
13: 22, 0, 17, 0, 0, 0, 11, 21, 0, 0, 0, 16, 18, 13, 20, 18, 16, 14, 0, 0, : 22, 17, 11, 21, 16, 18, 13, 20, 18, 16, 14, 
225: 0, 0, 0, 17, 0, 12, 0, 13, 0, 0, 0, 11, 0, 0, 0, 0, 0, 0, 0, 0, : 17, 12, 13, 11, 
26: 16, 0, 21, 0, 16, 0, 0, 19, 0, 12, 0, 0, 0, 17, 0, 0, 16, 20, 18, 0, : 16, 21, 16, 19, 12, 17, 16, 20, 18, 
263: 0, 16, 0, 20, 0, 0, 20, 0, 20, 21, 0, 0, 0, 14, 0, 16, 20, 0, 0, 20, : 16, 20, 20, 20, 21, 14, 16, 20, 20, 
16: 0, 18, 0, 0, 0, 0, 13, 12, 19, 18, 17, 20, 20, 17, 0, 0, 0, 21, 14, 0, : 18, 13, 12, 19, 18, 17, 20, 20, 17, 21, 14, 
154: 0, 0, 0, 0, 16, 0, 0, 21, 0, 0, 0, 0, 21, 19, 14, 0, 0, 20, 15, 0, : 16, 21, 21, 19, 14, 20, 15, 
276: 0, 0, 0, 14, 10, 0, 14, 0, 17, 0, 15, 0, 0, 0, 16, 19, 16, 17, 0, 18, : 14, 10, 14, 17, 15, 16, 19, 16, 17, 18, 
29: 0, 0, 15, 14, 0, 0, 0, 0, 18, 0, 19, 0, 0, 0, 15, 0, 0, 0, 0, 16, : 15, 14, 18, 19, 15, 16, 
138: 0, 17, 14, 0, 0, 17, 21, 0, 0, 15, 0, 0, 12, 0, 15, 0, 16, 0, 15, 0, : 17, 14, 17, 21, 15, 12, 15, 16, 15, 
179: 17, 15, 0, 0, 16, 19, 0, 0, 13, 14, 0, 0, 0, 0, 0, 0, 0, 0, 0, 12, : 17, 15, 16, 19, 13, 14, 12, 
198: 19, 19, 0, 0, 15, 0, 0, 14, 0, 15, 15, 0, 14, 16, 0, 0, 16, 0, 18, 0, : 19, 19, 15, 14, 15, 15, 14, 16, 16, 18, 


83: 17, 0, 0, 17, 17, 0, 0, 0, 0, 0, 0, 0, 0, 0, 13, 0, 0, 0, 15, 16, : 17, 17, 17, 13, 15, 16, 
84: 19, 0, 0, 18, 0, 19, 14, 0, 0, 15, 0, 11, 19, 14, 0, 12, 0, 0, 0, 0, : 19, 18, 19, 14, 15, 11, 19, 14, 12, 
173: 16, 18, 16, 0, 0, 19, 0, 0, 0, 0, 12, 0, 20, 0, 14, 21, 0, 0, 14, 0, : 16, 18, 16, 19, 12, 20, 14, 21, 14, 
112: 0, 0, 0, 0, 0, 0, 23, 0, 15, 12, 0, 0, 0, 17, 0, 18, 0, 18, 0, 0, : 23, 15, 12, 17, 18, 18, 
76: 16, 20, 0, 12, 18, 16, 0, 18, 15, 0, 0, 0, 22, 0, 18, 17, 14, 0, 0, 17, : 16, 20, 12, 18, 16, 18, 15, 22, 18, 17, 14, 17, 
96: 0, 0, 0, 0, 0, 0, 0, 20, 0, 0, 19, 0, 0, 13, 0, 0, 18, 14, 15, 18, : 20, 19, 13, 18, 14, 15, 18, 
145: 0, 0, 0, 0, 21, 15, 17, 0, 18, 0, 13, 12, 0, 0, 0, 0, 0, 14, 0, 12, : 21, 15, 17, 18, 13, 12, 14, 12, 
97: 0, 15, 22, 0, 18, 14, 0, 18, 19, 0, 0, 15, 0, 15, 16, 0, 21, 0, 20, 0, : 15, 22, 18, 14, 18, 19, 15, 15, 16, 21, 20, 
287: 17, 16, 0, 0, 14, 0, 18, 15, 0, 0, 0, 0, 16, 0, 0, 10, 14, 19, 0, 0, : 17, 16, 14, 18, 15, 16, 10, 14, 19, 
92: 0, 0, 17, 16, 11, 15, 0, 25, 13, 0, 21, 14, 12, 0, 0, 18, 17, 0, 17, 0, : 17, 16, 11, 15, 25, 13, 21, 14, 12, 18, 17, 17, 
9: 15, 17, 15, 20, 0, 0, 0, 0, 0, 0, 0, 0, 16, 0, 15, 0, 0, 0, 18, 16, : 15, 17, 15, 20, 16, 15, 18, 16, 
248: 0, 0, 16, 0, 0, 0, 0, 0, 16, 24, 14, 0, 15, 23, 0, 16, 0, 21, 22, 0, : 16, 16, 24, 14, 15, 23, 16, 21, 22, 
21: 0, 0, 13, 0, 0, 0, 17, 0, 21, 18, 0, 19, 0, 0, 20, 0, 16, 0, 0, 25, : 13, 17, 21, 18, 19, 20, 16, 25, 
30: 17, 17, 0, 0, 14, 0, 0, 18, 15, 0, 17, 0, 0, 20, 0, 0, 19, 15, 16, 0, : 17, 17, 14, 18, 15, 17, 20, 19, 15, 16, 
50: 0, 15, 0, 12, 16, 22, 20, 11, 0, 22, 0, 22, 0, 16, 16, 0, 15, 0, 13, 17, : 15, 12, 16, 22, 20, 11, 22, 22, 16, 16, 15, 13, 17, 
4: 18, 16, 18, 0, 0, 0, 0, 0, 18, 19, 19, 21, 0, 16, 0, 0, 0, 15, 0, 17, : 18, 16, 18, 18, 19, 19, 21, 16, 15, 17, 
165: 0, 16, 16, 15, 0, 0, 0, 0, 0, 15, 18, 22, 0, 16, 0, 0, 0, 0, 0, 0, : 16, 16, 15, 15, 18, 22, 16, 
31: 0, 0, 17, 0, 0, 16, 11, 13, 0, 14, 0, 14, 0, 0, 23, 17, 0, 16, 0, 12, : 17, 16, 11, 13, 14, 14, 23, 17, 16, 12, 
22: 0, 0, 0, 22, 21, 14, 20, 12, 0, 0, 0, 0, 17, 0, 15, 0, 0, 18, 0, 0, : 22, 21, 14, 20, 12, 17, 15, 18, 
14: 15, 0, 0, 18, 0, 0, 10, 0, 0, 11, 17, 0, 13, 0, 0, 21, 16, 0, 0, 0, : 15, 18, 10, 11, 17, 13, 21, 16, 


171: 0, 20, 13, 0, 20, 0, 0, 0, 0, 0, 16, 0, 0, 17, 0, 0, 0, 17, 18, 0, : 20, 13, 20, 16, 17, 17, 18, 
74: 18, 17, 18, 18, 17, 12, 0, 22, 16, 0, 0, 16, 0, 0, 0, 0, 0, 0, 0, 0, : 18, 17, 18, 18, 17, 12, 22, 16, 16, 
169: 0, 0, 0, 17, 0, 0, 15, 0, 0, 17, 0, 0, 0, 11, 15, 18, 14, 19, 0, 0, : 17, 15, 17, 11, 15, 18, 14, 19, 
240: 17, 19, 14, 0, 0, 19, 13, 16, 0, 0, 0, 0, 14, 0, 15, 16, 0, 0, 16, 13, : 17, 19, 14, 19, 13, 16, 14, 15, 16, 16, 13, 
268: 15, 18, 0, 18, 0, 0, 0, 0, 21, 21, 17, 0, 16, 19, 0, 14, 12, 21, 0, 0, : 15, 18, 18, 21, 21, 17, 16, 19, 14, 12, 21, 
261: 0, 0, 16, 20, 0, 0, 0, 16, 0, 0, 18, 14, 0, 15, 0, 0, 18, 14, 0, 0, : 16, 20, 16, 18, 14, 15, 18, 14, 
82: 0, 0, 0, 0, 19, 0, 14, 0, 0, 21, 12, 0, 20, 0, 0, 18, 16, 23, 0, 21, : 19, 14, 21, 12, 20, 18, 16, 23, 21, 
38: 0, 0, 0, 15, 0, 0, 0, 0, 0, 14, 0, 22, 20, 0, 14, 18, 0, 0, 17, 17, : 15, 14, 22, 20, 14, 18, 17, 17, 
6: 0, 0, 18, 0, 0, 0, 0, 11, 11, 18, 17, 0, 0, 18, 0, 0, 0, 0, 0, 0, : 18, 11, 11, 18, 17, 18, 
222: 0, 12, 0, 0, 11, 22, 0, 0, 19, 0, 0, 0, 0, 0, 0, 21, 0, 0, 0, 0, : 12, 11, 22, 19, 21, 
161: 12, 0, 20, 0, 16, 13, 0, 15, 0, 0, 0, 19, 11, 22, 0, 0, 22, 0, 0, 0, : 12, 20, 16, 13, 15, 19, 11, 22, 22, 
117: 19, 0, 19, 0, 0, 16, 21, 22, 0, 0, 0, 0, 0, 18, 0, 0, 16, 0, 14, 0, : 19, 19, 16, 21, 22, 18, 16, 14, 
265: 0, 20, 0, 17, 0, 14, 0, 16, 13, 18, 0, 14, 21, 0, 18, 0, 0, 0, 0, 17, : 20, 17, 14, 16, 13, 18, 14, 21, 18, 17, 
77: 21, 0, 0, 0, 14, 0, 20, 12, 0, 0, 18, 0, 0, 0, 0, 19, 0, 17, 18, 18, : 21, 14, 20, 12, 18, 19, 17, 18, 18, 
111: 0, 0, 0, 0, 0, 22, 18, 0, 0, 18, 0, 16, 13, 18, 17, 13, 0, 13, 0, 15, : 22, 18, 18, 16, 13, 18, 17, 13, 13, 15, 
192: 18, 16, 0, 0, 17, 15, 18, 20, 17, 0, 0, 16, 0, 0, 0, 0, 21, 0, 17, 14, : 18, 16, 17, 15, 18, 20, 17, 16, 21, 17, 14, 
152: 0, 0, 18, 14, 0, 0, 0, 0, 18, 0, 13, 16, 0, 12, 18, 0, 12, 0, 10, 0, : 18, 14, 18, 13, 16, 12, 18, 12, 10, 
142: 10, 0, 0, 0, 17, 17, 14, 0, 0, 0, 19, 17, 16, 0, 17, 0, 0, 0, 0, 20, : 10, 17, 17, 14, 19, 17, 16, 17, 20, 
157: 20, 10, 14, 13, 0, 0, 0, 0, 22, 11, 0, 0, 19, 0, 15, 0, 19, 12, 20, 0, : 20, 10, 14, 13, 22, 11, 19, 15, 19, 12, 20, 
279: 0, 18, 0, 18, 19, 0, 17, 0, 13, 12, 20, 0, 0, 0, 21, 13, 0, 14, 20, 15, : 18, 18, 19, 17, 13, 12, 20, 21, 13, 14, 20, 15, 


