
20
200
150
10

86: 0, 12, 0, 0, 21, 0, 0, 0, 15, 0, 18, 0, 0, 18, 15, 20, 13, 13, 20, 21, : 12, 21, 15, 18, 18, 15, 20, 13, 13, 20, 21, 
62: 15, 0, 16, 0, 0, 23, 0, 0, 21, 13, 0, 0, 0, 0, 0, 16, 0, 0, 0, 0, : 15, 16, 23, 21, 13, 16, 
77: 0, 16, 13, 0, 0, 19, 17, 0, 15, 16, 0, 20, 0, 17, 0, 14, 0, 0, 18, 12, : 16, 13, 19, 17, 15, 16, 20, 17, 14, 18, 12, 
105: 17, 0, 10, 19, 15, 17, 16, 14, 0, 14, 15, 0, 0, 0, 0, 0, 13, 15, 11, 0, : 17, 10, 19, 15, 17, 16, 14, 14, 15, 13, 15, 11, 
199: 0, 0, 16, 17, 0, 0, 18, 0, 0, 0, 0, 0, 15, 21, 0, 0, 0, 0, 20, 0, : 16, 17, 18, 15, 21, 20, 
12: 20, 20, 0, 15, 0, 14, 0, 15, 12, 15, 0, 0, 15, 0, 0, 20, 0, 0, 16, 0, : 20, 20, 15, 14, 15, 12, 15, 15, 20, 16, 
186: 0, 0, 0, 18, 18, 17, 0, 0, 17, 0, 17, 18, 0, 0, 10, 0, 0, 0, 0, 0, : 18, 18, 17, 17, 17, 18, 10, 
168: 14, 15, 0, 13, 20, 14, 14, 15, 0, 0, 15, 16, 16, 17, 21, 0, 0, 14, 0, 0, : 14, 15, 13, 20, 14, 14, 15, 15, 16, 16, 17, 21, 14, 
115: 0, 22, 0, 0, 18, 0, 13, 0, 0, 18, 17, 16, 0, 11, 0, 16, 18, 0, 14, 16, : 22, 18, 13, 18, 17, 16, 11, 16, 18, 14, 16, 
22: 0, 24, 19, 0, 0, 0, 0, 0, 17, 19, 0, 0, 18, 0, 19, 18, 18, 0, 0, 15, : 24, 19, 17, 19, 18, 19, 18, 18, 15, 
111: 0, 0, 0, 0, 0, 0, 0, 21, 19, 24, 0, 16, 0, 17, 0, 10, 22, 17, 16, 14, : 21, 19, 24, 16, 17, 10, 22, 17, 16, 14, 
146: 20, 0, 15, 0, 0, 0, 0, 18, 0, 0, 13, 15, 18, 15, 19, 0, 19, 0, 0, 0, : 20, 15, 18, 13, 15, 18, 15, 19, 19, 
45: 19, 16, 16, 18, 15, 0, 19, 0, 0, 15, 20, 17, 0, 21, 18, 0, 15, 0, 13, 22, : 19, 16, 16, 18, 15, 19, 15, 20, 17, 21, 18, 15, 13, 22, 
53: 0, 0, 0, 20, 13, 0, 19, 0, 0, 0, 18, 0, 0, 0, 0, 0, 0, 0, 0, 0, : 20, 13, 19, 18, 
20: 13, 0, 22, 0, 16, 0, 0, 19, 0, 0, 0, 0, 18, 0, 0, 18, 0, 0, 0, 0, : 13, 22, 16, 19, 18, 18, 
103: 15, 0, 0, 0, 14, 13, 0, 16, 11, 16, 0, 0, 16, 0, 0, 0, 15, 14, 0, 16, : 15, 14, 13, 16, 11, 16, 16, 15, 14, 16, 
74: 0, 12, 0, 14, 0, 0, 0, 0, 0, 0, 0, 14, 0, 13, 16, 18, 0, 17, 0, 0, : 12, 14, 14, 13, 16, 18, 17, 
134: 0, 0, 23, 0, 0, 19, 20, 12, 23, 0, 0, 0, 0, 0, 0, 0, 0, 21, 22, 15, : 23, 19, 20, 12, 23, 21, 22, 15, 
97: 0, 13, 0, 16, 0, 14, 14, 0, 0, 0, 0, 0, 19, 0, 18, 0, 17, 20, 0, 19, : 13, 16, 14, 14, 19, 18, 17, 20, 19, 
127: 17, 0, 0, 0, 0, 0, 0, 20, 0, 0, 17, 18, 15, 0, 14, 0, 0, 19, 0, 0, : 17, 20, 17, 18, 15, 14, 19, 


161: 16, 0, 0, 11, 19, 19, 21, 18, 16, 0, 0, 0, 11, 0, 0, 0, 0, 0, 21, 16, : 16, 11, 19, 19, 21, 18, 16, 11, 21, 16, 
188: 0, 15, 13, 20, 20, 0, 0, 0, 0, 20, 0, 0, 19, 19, 0, 0, 14, 0, 0, 0, : 15, 13, 20, 20, 20, 19, 19, 14, 
69: 0, 20, 17, 0, 0, 17, 0, 18, 0, 12, 20, 0, 23, 0, 14, 20, 0, 18, 20, 0, : 20, 17, 17, 18, 12, 20, 23, 14, 20, 18, 20, 
65: 0, 0, 0, 16, 17, 0, 15, 0, 0, 17, 0, 23, 17, 0, 17, 0, 0, 24, 0, 0, : 16, 17, 15, 17, 23, 17, 17, 24, 
9: 19, 14, 0, 0, 0, 19, 0, 20, 0, 19, 14, 0, 0, 16, 22, 12, 15, 0, 0, 0, : 19, 14, 19, 20, 19, 14, 16, 22, 12, 15, 
141: 0, 0, 16, 19, 15, 0, 18, 0, 16, 0, 18, 16, 0, 23, 0, 15, 17, 20, 0, 17, : 16, 19, 15, 18, 16, 18, 16, 23, 15, 17, 20, 17, 
153: 0, 16, 0, 16, 0, 0, 22, 17, 17, 0, 0, 17, 0, 16, 0, 19, 15, 0, 0, 19, : 16, 16, 22, 17, 17, 17, 16, 19, 15, 19, 
94: 16, 0, 19, 18, 19, 20, 0, 0, 0, 0, 18, 0, 0, 0, 12, 0, 0, 0, 0, 0, : 16, 19, 18, 19, 20, 18, 12, 
124: 0, 0, 19, 0, 17, 19, 0, 0, 0, 0, 0, 17, 0, 0, 0, 0, 22, 0, 0, 0, : 19, 17, 19, 17, 22, 
154: 0, 16, 18, 0, 0, 0, 17, 0, 18, 16, 0, 0, 0, 0, 0, 17, 0, 18, 0, 12, : 16, 18, 17, 18, 16, 17, 18, 12, 
125: 0, 0, 13, 0, 0, 0, 0, 0, 0, 0, 22, 0, 0, 0, 16, 0, 24, 21, 16, 0, : 13, 22, 16, 24, 21, 16, 
100: 0, 0, 0, 0, 13, 13, 13, 13, 0, 22, 16, 0, 0, 11, 16, 0, 0, 0, 20, 0, : 13, 13, 13, 13, 22, 16, 11, 16, 20, 
155: 15, 0, 0, 0, 0, 0, 0, 15, 20, 0, 0, 0, 0, 13, 0, 0, 0, 16, 15, 20, : 15, 15, 20, 13, 16, 15, 20, 
130: 18, 0, 0, 18, 0, 11, 15, 15, 0, 0, 17, 16, 15, 12, 0, 15, 0, 11, 12, 0, : 18, 18, 11, 15, 15, 17, 16, 15, 12, 15, 11, 12, 
92: 16, 16, 0, 0, 0, 0, 0, 15, 13, 14, 0, 16, 24, 0, 14, 14, 16, 0, 15, 0, : 16, 16, 15, 13, 14, 16, 24, 14, 14, 16, 15, 
159: 16, 21, 20, 0, 0, 0, 12, 0, 13, 11, 0, 0, 14, 18, 0, 16, 0, 10, 0, 0, : 16, 21, 20, 12, 13, 11, 14, 18, 16, 10, 
166: 0, 0, 0, 13, 0, 0, 0, 0, 0, 0, 0, 17, 12, 0, 0, 0, 13, 0, 20, 19, : 13, 17, 12, 13, 20, 19, 
49: 0, 17, 15, 0, 11, 17, 0, 0, 17, 0, 12, 0, 0, 0, 0, 0, 14, 12, 11, 16, : 17, 15, 11, 17, 17, 12, 14, 12, 11, 16, 
57: 15, 15, 0, 0, 19, 0, 0, 19, 0, 19, 13, 15, 15, 0, 17, 0, 0, 0, 0, 15, : 15, 15, 19, 19, 19, 13, 15, 15, 17, 15, 
160: 19, 0, 0, 19, 0, 15, 17, 0, 20, 0, 0, 13, 0, 22, 22, 22, 0, 0, 0, 16, : 19, 19, 15, 17, 20, 13, 22, 22, 22, 16, 


173: 0, 16, 0, 20, 21, 0, 21, 0, 15, 0, 0, 16, 14, 0, 23, 0, 0, 19, 0, 20, : 16, 20, 21, 21, 15, 16, 14, 23, 19, 20, 
147: 16, 11, 22, 0, 0, 23, 0, 0, 16, 0, 20, 15, 14, 0, 21, 0, 14, 14, 18, 0, : 16, 11, 22, 23, 16, 20, 15, 14, 21, 14, 14, 18, 
126: 0, 17, 0, 21, 0, 0, 0, 0, 14, 16, 0, 0, 18, 14, 15, 17, 16, 0, 0, 0, : 17, 21, 14, 16, 18, 14, 15, 17, 16, 
108: 0, 20, 19, 15, 0, 0, 0, 0, 17, 0, 0, 0, 0, 18, 14, 0, 0, 0, 20, 16, : 20, 19, 15, 17, 18, 14, 20, 16, 
61: 11, 0, 0, 0, 0, 0, 0, 0, 0, 0, 0, 18, 16, 20, 0, 17, 0, 0, 0, 0, : 11, 18, 16, 20, 17, 
191: 0, 0, 18, 21, 14, 14, 13, 15, 0, 0, 0, 0, 0, 0, 0, 0, 12, 19, 0, 0, : 18, 21, 14, 14, 13, 15, 12, 19, 
8: 0, 14, 0, 17, 15, 18, 0, 19, 15, 0, 15, 14, 0, 0, 18, 17, 0, 0, 18, 0, : 14, 17, 15, 18, 19, 15, 15, 14, 18, 17, 18, 
136: 0, 0, 0, 0, 11, 0, 11, 13, 0, 13, 0, 0, 0, 0, 16, 0, 19, 0, 0, 0, : 11, 11, 13, 13, 16, 19, 
143: 0, 0, 14, 0, 22, 14, 0, 0, 20, 0, 19, 19, 15, 14, 0, 0, 0, 10, 10, 12, : 14, 22, 14, 20, 19, 19, 15, 14, 10, 10, 12, 
89: 0, 19, 10, 12, 0, 0, 16, 16, 0, 20, 0, 0, 0, 0, 0, 15, 0, 0, 19, 20, : 19, 10, 12, 16, 16, 20, 15, 19, 20, 
6: 17, 0, 0, 10, 0, 17, 0, 0, 0, 0, 0, 0, 0, 14, 0, 10, 0, 0, 0, 20, : 17, 10, 17, 14, 10, 20, 
139: 18, 0, 0, 14, 0, 0, 0, 0, 0, 19, 16, 0, 0, 0, 15, 0, 20, 0, 0, 18, : 18, 14, 19, 16, 15, 20, 18, 
157: 0, 0, 0, 0, 18, 0, 0, 17, 0, 0, 17, 16, 19, 16, 0, 0, 0, 0, 0, 0, : 18, 17, 17, 16, 19, 16, 
64: 16, 15, 17, 0, 16, 0, 0, 0, 0, 17, 20, 16, 0, 22, 0, 16, 0, 18, 20, 0, : 16, 15, 17, 16, 17, 20, 16, 22, 16, 18, 20, 
33: 0, 0, 0, 20, 0, 0, 16, 20, 20, 19, 0, 0, 18, 14, 0, 23, 21, 14, 0, 18, : 20, 16, 20, 20, 19, 18, 14, 23, 21, 14, 18, 
116: 20, 18, 16, 0, 0, 13, 18, 0, 0, 11, 0, 0, 0, 0, 0, 22, 0, 0, 0, 0, : 20, 18, 16, 13, 18, 11, 22, 
70: 18, 20, 15, 0, 16, 19, 0, 18, 21, 15, 0, 0, 0, 0, 0, 0, 21, 17, 12, 16, : 18, 20, 15, 16, 19, 18, 21, 15, 21, 17, 12, 16, 
189: 18, 0, 0, 0, 0, 17, 21, 15, 12, 0, 16, 21, 21, 0, 16, 13, 11, 19, 18, 0, : 18, 17, 21, 15, 12, 16, 21, 21, 16, 13, 11, 19, 18, 
99: 0, 0, 0, 0, 17, 0, 17, 17, 0, 20, 14, 0, 0, 18, 12, 0, 0, 0, 0, 0, : 17, 17, 17, 20, 14, 18, 12, 
101: 16, 0, 19, 0, 0, 15, 17, 0, 0, 0, 13, 15, 15, 0, 0, 0, 16, 20, 15, 10, : 16, 19, 15, 17, 13, 15, 15, 16, 20, 15, 10, 


19: 0, 0, 0, 0, 0, 0, 0, 0, 13, 0, 0, 0, 14, 17, 0, 0, 0, 17, 15, 0, : 13, 14, 17, 17, 15, 
71: 0, 18, 0, 0, 15, 0, 18, 0, 17, 22, 0, 0, 23, 0, 0, 0, 18, 15, 0, 20, : 18, 15, 18, 17, 22, 23, 18, 15, 20, 
83: 0, 14, 12, 18, 0, 19, 14, 0, 0, 0, 13, 0, 0, 20, 16, 24, 0, 0, 0, 21, : 14, 12, 18, 19, 14, 13, 20, 16, 24, 21, 
2: 0, 14, 19, 0, 19, 15, 14, 14, 18, 15, 0, 0, 0, 12, 19, 17, 14, 20, 0, 0, : 14, 19, 19, 15, 14, 14, 18, 15, 12, 19, 17, 14, 20, 
37: 0, 0, 0, 16, 16, 21, 0, 17, 0, 0, 0, 0, 0, 16, 0, 0, 20, 0, 0, 0, : 16, 16, 21, 17, 16, 20, 
4: 14, 16, 16, 0, 0, 12, 0, 0, 0, 16, 16, 0, 0, 0, 18, 15, 0, 0, 0, 15, : 14, 16, 16, 12, 16, 16, 18, 15, 15, 
133: 17, 17, 0, 0, 14, 0, 24, 18, 21, 0, 0, 18, 0, 21, 0, 13, 16, 0, 0, 12, : 17, 17, 14, 24, 18, 21, 18, 21, 13, 16, 12, 
175: 19, 0, 14, 20, 0, 0, 0, 0, 14, 18, 16, 16, 21, 0, 0, 15, 0, 0, 17, 0, : 19, 14, 20, 14, 18, 16, 16, 21, 15, 17, 
164: 16, 0, 0, 20, 11, 12, 0, 0, 14, 14, 0, 13, 16, 0, 13, 0, 0, 0, 17, 18, : 16, 20, 11, 12, 14, 14, 13, 16, 13, 17, 18, 
122: 18, 21, 0, 0, 18, 0, 0, 19, 17, 14, 0, 17, 0, 16, 20, 20, 0, 0, 20, 0, : 18, 21, 18, 19, 17, 14, 17, 16, 20, 20, 20, 
104: 0, 21, 21, 0, 0, 17, 0, 0, 0, 0, 0, 0, 17, 0, 0, 0, 15, 18, 13, 15, : 21, 21, 17, 17, 15, 18, 13, 15, 
30: 14, 0, 0, 14, 0, 0, 15, 0, 0, 0, 22, 11, 16, 0, 16, 14, 0, 14, 0, 13, : 14, 14, 15, 22, 11, 16, 16, 14, 14, 13, 
38: 22, 0, 0, 10, 0, 16, 11, 0, 0, 0, 20, 23, 0, 0, 0, 0, 17, 16, 17, 0, : 22, 10, 16, 11, 20, 23, 17, 16, 17, 
1: 0, 11, 18, 0, 0, 19, 0, 0, 23, 0, 13, 0, 17, 23, 0, 0, 0, 0, 0, 0, : 11, 18, 19, 23, 13, 17, 23, 
17: 16, 0, 18, 0, 0, 0, 0, 15, 0, 12, 14, 0, 0, 0, 20, 0, 21, 0, 20, 0, : 16, 18, 15, 12, 14, 20, 21, 20, 
135: 0, 0, 0, 12, 19, 0, 0, 18, 13, 0, 18, 0, 15, 0, 0, 0, 0, 15, 16, 0, : 12, 19, 18, 13, 18, 15, 15, 16, 
138: 0, 18, 0, 0, 0, 0, 14, 15, 0, 0, 0, 18, 0, 0, 0, 15, 0, 19, 0, 0, : 18, 14, 15, 18, 15, 19, 
46: 0, 0, 0, 24, 20, 19, 19, 16, 0, 22, 18, 0, 11, 0, 15, 17, 14, 0, 0, 0, : 24, 20, 19, 19, 16, 22, 18, 11, 15, 17, 14, 
40: 14, 0, 17, 0, 0, 0, 0, 0, 0, 0, 0, 18, 0, 12, 0, 0, 15, 0, 0, 15, : 14, 17, 18, 12, 15, 15, 
68: 0, 0, 15, 16, 18, 0, 21, 18, 0, 17, 0, 16, 0, 13, 13, 0, 0, 16, 15, 21, : 15, 16, 18, 21, 18, 17, 16, 13, 13, 16, 15, 21, 


107: 0, 0, 20, 17, 0, 0, 13, 0, 0, 0, 0, 0, 17, 18, 0, 0, 15, 19, 0, 16, : 20, 17, 13, 17, 18, 15, 19, 16, 
63: 13, 15, 0, 0, 0, 0, 0, 12, 21, 15, 0, 21, 17, 0, 0, 0, 17, 17, 0, 10, : 13, 15, 12, 21, 15, 21, 17, 17, 17, 10, 
110: 0, 0, 0, 14, 0, 25, 0, 12, 0, 0, 21, 12, 16, 0, 0, 17, 10, 0, 0, 20, : 14, 25, 12, 21, 12, 16, 17, 10, 20, 
177: 0, 0, 19, 0, 22, 12, 0, 0, 0, 0, 0, 0, 16, 17, 0, 0, 14, 17, 0, 21, : 19, 22, 12, 16, 17, 14, 17, 21, 
26: 13, 14, 0, 0, 0, 18, 11, 14, 0, 0, 12, 18, 18, 19, 17, 11, 0, 0, 0, 0, : 13, 14, 18, 11, 14, 12, 18, 18, 19, 17, 11, 
54: 0, 0, 20, 0, 14, 0, 0, 0, 0, 0, 17, 17, 0, 15, 16, 22, 17, 17, 0, 19, : 20, 14, 17, 17, 15, 16, 22, 17, 17, 19, 
59: 0, 16, 0, 0, 0, 0, 14, 0, 13, 0, 15, 0, 0, 0, 0, 16, 21, 0, 12, 12, : 16, 14, 13, 15, 16, 21, 12, 12, 
15: 21, 0, 0, 16, 0, 14, 17, 0, 0, 15, 11, 0, 0, 0, 16, 0, 0, 0, 12, 14, : 21, 16, 14, 17, 15, 11, 16, 12, 14, 
36: 18, 0, 15, 0, 14, 0, 0, 0, 15, 23, 18, 0, 0, 15, 12, 15, 0, 18, 0, 0, : 18, 15, 14, 15, 23, 18, 15, 12, 15, 18, 
197: 18, 17, 17, 19, 0, 0, 0, 0, 19, 15, 0, 0, 0, 16, 0, 0, 0, 0, 15, 0, : 18, 17, 17, 19, 19, 15, 16, 15, 
73: 0, 0, 0, 18, 16, 14, 0, 19, 17, 13, 0, 17, 15, 0, 18, 17, 0, 13, 23, 21, : 18, 16, 14, 19, 17, 13, 17, 15, 18, 17, 13, 23, 21, 
82: 16, 18, 0, 0, 0, 16, 20, 0, 0, 21, 0, 12, 18, 0, 0, 0, 0, 0, 20, 0, : 16, 18, 16, 20, 21, 12, 18, 20, 
52: 18, 24, 0, 14, 18, 0, 0, 0, 21, 0, 0, 18, 0, 0, 17, 18, 0, 0, 18, 0, : 18, 24, 14, 18, 21, 18, 17, 18, 18, 
79: 0, 0, 16, 16, 0, 0, 0, 15, 0, 0, 0, 0, 0, 0, 0, 0, 25, 17, 18, 0, : 16, 16, 15, 25, 17, 18, 
90: 0, 0, 0, 17, 16, 14, 0, 18, 10, 0, 23, 0, 13, 0, 19, 0, 0, 0, 0, 17, : 17, 16, 14, 18, 10, 23, 13, 19, 17, 
170: 17, 0, 16, 0, 17, 0, 0, 21, 13, 13, 0, 14, 0, 19, 19, 14, 0, 0, 0, 0, : 17, 16, 17, 21, 13, 13, 14, 19, 19, 14, 
193: 0, 0, 0, 19, 0, 0, 18, 21, 0, 0, 16, 0, 0, 0, 0, 0, 13, 16, 18, 0, : 19, 18, 21, 16, 13, 16, 18, 
145: 16, 13, 15, 0, 0, 0, 16, 0, 0, 17, 17, 21, 0, 18, 16, 0, 0, 0, 0, 0, : 16, 13, 15, 16, 17, 17, 21, 18, 16, 
87: 0, 16, 0, 0, 15, 20, 22, 0, 21, 0, 0, 0, 20, 13, 0, 20, 18, 0, 0, 0, : 16, 15, 20, 22, 21, 20, 13, 20, 18, 
48: 0, 17, 12, 0, 18, 17, 19, 18, 0, 18, 0, 0, 0, 0, 0, 0, 0, 16, 14, 0, : 17, 12, 18, 17, 19, 18, 18, 16, 14, 


41: 16, 0, 0, 0, 0, 16, 0, 15, 0, 0, 0, 0, 0, 20, 0, 12, 18, 0, 0, 0, : 16, 16, 15, 20, 12, 18, 
85: 12, 0, 18, 17, 14, 18, 0, 20, 14, 11, 0, 0, 21, 0, 0, 20, 22, 0, 0, 0, : 12, 18, 17, 14, 18, 20, 14, 11, 21, 20, 22, 
24: 0, 21, 14, 17, 0, 0, 0, 0, 18, 13, 0, 0, 15, 0, 18, 0, 0, 16, 0, 11, : 21, 14, 17, 18, 13, 15, 18, 16, 11, 
88: 15, 20, 0, 19, 0, 13, 0, 0, 0, 0, 20, 0, 18, 0, 0, 21, 11, 0, 0, 0, : 15, 20, 19, 13, 20, 18, 21, 11, 
34: 0, 0, 0, 21, 18, 0, 18, 0, 0, 0, 0, 15, 0, 0, 23, 15, 10, 0, 20, 0, : 21, 18, 18, 15, 23, 15, 10, 20, 
42: 0, 19, 0, 12, 0, 0, 16, 0, 0, 20, 17, 12, 14, 0, 0, 0, 0, 16, 21, 0, : 19, 12, 16, 20, 17, 12, 14, 16, 21, 
51: 0, 0, 18, 0, 19, 0, 18, 12, 20, 22, 0, 0, 18, 0, 18, 14, 0, 16, 0, 0, : 18, 19, 18, 12, 20, 22, 18, 18, 14, 16, 
174: 0, 0, 15, 0, 17, 19, 0, 0, 17, 0, 0, 0, 18, 0, 0, 0, 13, 0, 0, 19, : 15, 17, 19, 17, 18, 13, 19, 
81: 0, 15, 0, 0, 0, 15, 17, 13, 11, 0, 13, 0, 0, 19, 0, 13, 0, 22, 19, 14, : 15, 15, 17, 13, 11, 13, 19, 13, 22, 19, 14, 
176: 20, 0, 17, 0, 0, 0, 0, 0, 19, 0, 0, 18, 17, 0, 11, 0, 19, 16, 17, 0, : 20, 17, 19, 18, 17, 11, 19, 16, 17, 
162: 0, 12, 0, 0, 18, 0, 0, 0, 15, 19, 0, 17, 12, 12, 14, 0, 0, 10, 15, 0, : 12, 18, 15, 19, 17, 12, 12, 14, 10, 15, 
76: 14, 11, 0, 0, 16, 15, 14, 19, 0, 18, 0, 21, 0, 17, 0, 20, 18, 0, 18, 22, : 14, 11, 16, 15, 14, 19, 18, 21, 17, 20, 18, 18, 22, 
151: 0, 0, 16, 12, 14, 0, 0, 0, 0, 11, 12, 0, 0, 0, 16, 20, 0, 0, 0, 0, : 16, 12, 14, 11, 12, 16, 20, 
198: 19, 15, 0, 13, 0, 0, 18, 0, 0, 20, 0, 15, 0, 18, 0, 0, 25, 21, 0, 0, : 19, 15, 13, 18, 20, 15, 18, 25, 21, 
72: 18, 0, 20, 0, 0, 22, 0, 0, 20, 0, 21, 18, 0, 0, 0, 15, 0, 17, 14, 18, : 18, 20, 22, 20, 21, 18, 15, 17, 14, 18, 
128: 0, 19, 12, 0, 0, 0, 0, 20, 16, 0, 18, 0, 0, 19, 0, 0, 0, 16, 15, 23, : 19, 12, 20, 16, 18, 19, 16, 15, 23, 
39: 19, 0, 0, 21, 14, 15, 0, 0, 0, 0, 13, 14, 0, 0, 16, 0, 0, 0, 0, 15, : 19, 21, 14, 15, 13, 14, 16, 15, 
5: 17, 0, 20, 18, 20, 0, 13, 19, 0, 16, 22, 0, 0, 20, 20, 0, 0, 0, 0, 10, : 17, 20, 18, 20, 13, 19, 16, 22, 20, 20, 10, 
106: 0, 0, 0, 0, 0, 0, 17, 15, 0, 0, 0, 0, 0, 13, 0, 0, 0, 0, 0, 18, : 17, 15, 13, 18, 
56: 0, 18, 0, 0, 0, 17, 19, 17, 0, 0, 14, 20, 17, 12, 14, 0, 14, 0, 11, 0, : 18, 17, 19, 17, 14, 20, 17, 12, 14, 14, 11, 


98: 0, 0, 14, 15, 0, 0, 0, 12, 0, 0, 0, 15, 15, 16, 0, 0, 0, 0, 0, 0, : 14, 15, 12, 15, 15, 16, 
132: 0, 0, 0, 0, 0, 13, 14, 0, 12, 19, 10, 16, 15, 0, 19, 19, 13, 16, 14, 12, : 13, 14, 12, 19, 10, 16, 15, 19, 19, 13, 16, 14, 12, 
14: 0, 0, 19, 0, 0, 11, 22, 0, 0, 0, 0, 12, 0, 0, 0, 0, 15, 0, 17, 21, : 19, 11, 22, 12, 15, 17, 21, 
31: 17, 0, 17, 16, 15, 15, 0, 0, 15, 0, 16, 0, 0, 0, 0, 19, 0, 0, 0, 15, : 17, 17, 16, 15, 15, 15, 16, 19, 15, 
23: 0, 12, 19, 0, 14, 19, 19, 0, 0, 22, 16, 0, 0, 16, 0, 15, 18, 0, 0, 0, : 12, 19, 14, 19, 19, 22, 16, 16, 15, 18, 
16: 18, 0, 0, 0, 18, 0, 18, 19, 0, 0, 0, 18, 0, 0, 0, 16, 0, 15, 0, 0, : 18, 18, 18, 19, 18, 16, 15, 
28: 0, 18, 0, 20, 20, 18, 15, 15, 20, 0, 21, 0, 17, 15, 18, 0, 0, 0, 0, 0, : 18, 20, 20, 18, 15, 15, 20, 21, 17, 15, 18, 
185: 0, 14, 0, 15, 14, 17, 0, 13, 0, 12, 20, 15, 0, 0, 0, 0, 16, 14, 12, 0, : 14, 15, 14, 17, 13, 12, 20, 15, 16, 14, 12, 
183: 0, 15, 15, 0, 0, 0, 0, 18, 0, 0, 0, 19, 0, 0, 15, 0, 17, 0, 16, 0, : 15, 15, 18, 19, 15, 17, 16, 
27: 19, 0, 21, 0, 0, 0, 16, 0, 23, 16, 0, 0, 0, 15, 15, 0, 0, 22, 22, 0, : 19, 21, 16, 23, 16, 15, 15, 22, 22, 
55: 0, 21, 0, 0, 0, 21, 0, 0, 18, 0, 0, 0, 0, 21, 0, 0, 0, 21, 0, 11, : 21, 21, 18, 21, 21, 11, 
75: 15, 16, 0, 18, 0, 0, 0, 0, 18, 0, 0, 21, 15, 0, 0, 0, 0, 11, 22, 16, : 15, 16, 18, 18, 21, 15, 11, 22, 16, 
171: 16, 0, 17, 16, 12, 16, 17, 18, 0, 14, 0, 0, 0, 0, 0, 0, 14, 0, 0, 0, : 16, 17, 16, 12, 16, 17, 18, 14, 14, 
150: 16, 0, 15, 0, 0, 0, 14, 0, 0, 11, 17, 0, 21, 0, 19, 21, 21, 14, 11, 0, : 16, 15, 14, 11, 17, 21, 19, 21, 21, 14, 11, 
117: 18, 17, 13, 0, 0, 0, 0, 0, 13, 0, 19, 17, 0, 17, 16, 15, 0, 0, 0, 18, : 18, 17, 13, 13, 19, 17, 17, 16, 15, 18, 
184: 12, 0, 0, 16, 0, 0, 0, 0, 16, 0, 17, 0, 17, 0, 0, 0, 0, 0, 16, 17, : 12, 16, 16, 17, 17, 16, 17, 
187: 0, 0, 0, 14, 20, 20, 15, 17, 15, 18, 14, 17, 18, 0, 16, 16, 19, 0, 20, 0, : 14, 20, 20, 15, 17, 15, 18, 14, 17, 18, 16, 16, 19, 20, 
196: 0, 15, 0, 20, 17, 0, 0, 0, 0, 17, 0, 0, 17, 16, 16, 13, 17, 20, 0, 17, : 15, 20, 17, 17, 17, 16, 16, 13, 17, 20, 17, 
11: 0, 22, 0, 0, 20, 0, 0, 22, 0, 0, 0, 0, 0, 17, 0, 16, 0, 17, 0, 0, : 22, 20, 22, 17, 16, 17, 
142: 19, 0, 0, 0, 0, 0, 0, 16, 0, 21, 0, 0, 15, 17, 16, 0, 0, 0, 0, 23, : 19, 16, 21, 15, 17, 16, 23, 


179: 19, 21, 0, 0, 0, 0, 0, 0, 17, 16, 0, 0, 0, 0, 0, 0, 0, 0, 0, 0, : 19, 21, 17, 16, 
148: 0, 10, 16, 0, 0, 0, 0, 0, 0, 0, 0, 16, 13, 18, 0, 0, 0, 0, 12, 0, : 10, 16, 16, 13, 18, 12, 
7: 17, 0, 18, 17, 0, 20, 0, 17, 0, 15, 0, 0, 0, 16, 0, 0, 13, 15, 0, 12, : 17, 18, 17, 20, 17, 15, 16, 13, 15, 12, 
102: 17, 0, 0, 0, 0, 0, 22, 0, 17, 15, 15, 15, 0, 0, 0, 0, 18, 0, 0, 0, : 17, 22, 17, 15, 15, 15, 18, 
44: 14, 0, 14, 12, 0, 21, 0, 14, 0, 19, 17, 0, 0, 0, 17, 14, 0, 0, 0, 0, : 14, 14, 12, 21, 14, 19, 17, 17, 14, 
3: 0, 19, 16, 0, 20, 16, 0, 0, 20, 0, 18, 20, 18, 18, 0, 16, 0, 19, 14, 0, : 19, 16, 20, 16, 20, 18, 20, 18, 18, 16, 19, 14, 
67: 0, 0, 22, 17, 19, 0, 21, 0, 0, 0, 17, 0, 17, 17, 0, 22, 0, 19, 22, 19, : 22, 17, 19, 21, 17, 17, 17, 22, 19, 22, 19, 
167: 16, 0, 0, 0, 16, 0, 17, 10, 0, 17, 0, 15, 0, 0, 0, 0, 0, 15, 0, 0, : 16, 16, 17, 10, 17, 15, 15, 
137: 20, 0, 15, 16, 0, 18, 0, 22, 13, 0, 0, 18, 0, 14, 11, 0, 0, 0, 0, 0, : 20, 15, 16, 18, 22, 13, 18, 14, 11, 
21: 0, 15, 0, 14, 18, 16, 15, 0, 0, 15, 0, 18, 0, 19, 12, 0, 18, 18, 0, 0, : 15, 14, 18, 16, 15, 15, 18, 19, 12, 18, 18, 
120: 0, 0, 15, 0, 0, 0, 0, 0, 15, 0, 0, 0, 0, 0, 0, 17, 0, 21, 22, 16, : 15, 15, 17, 21, 22, 16, 
172: 0, 18, 0, 0, 0, 0, 12, 16, 0, 19, 16, 0, 18, 0, 18, 0, 15, 0, 18, 0, : 18, 12, 16, 19, 16, 18, 18, 15, 18, 
131: 0, 18, 18, 19, 0, 0, 16, 0, 19, 0, 16, 16, 0, 0, 0, 0, 0, 15, 14, 17, : 18, 18, 19, 16, 19, 16, 16, 15, 14, 17, 
158: 12, 0, 0, 0, 16, 16, 12, 19, 0, 0, 0, 15, 0, 10, 14, 16, 15, 0, 0, 11, : 12, 16, 16, 12, 19, 15, 10, 14, 16, 15, 11, 
91: 17, 17, 0, 15, 0, 14, 0, 12, 13, 18, 19, 0, 13, 0, 19, 14, 21, 0, 21, 19, : 17, 17, 15, 14, 12, 13, 18, 19, 13, 19, 14, 21, 21, 19, 
112: 0, 14, 0, 20, 0, 0, 0, 21, 22, 0, 0, 17, 20, 0, 16, 0, 0, 12, 10, 23, : 14, 20, 21, 22, 17, 20, 16, 12, 10, 23, 
43: 18, 0, 0, 0, 13, 17, 0, 19, 14, 0, 16, 0, 0, 14, 23, 17, 18, 0, 0, 15, : 18, 13, 17, 19, 14, 16, 14, 23, 17, 18, 15, 
93: 0, 0, 16, 0, 17, 0, 0, 0, 0, 0, 16, 0, 15, 24, 0, 15, 0, 16, 0, 0, : 16, 17, 16, 15, 24, 15, 16, 
181: 0, 0, 0, 0, 17, 12, 20, 0, 0, 0, 0, 0, 17, 0, 0, 0, 13, 0, 0, 0, : 17, 12, 20, 17, 13, 
129: 0, 18, 0, 20, 14, 0, 15, 0, 0, 16, 0, 0, 19, 0, 20, 19, 19, 0, 17, 18, : 18, 20, 14, 15, 16, 19, 20, 19, 19, 17, 18, 


119: 0, 0, 15, 0, 16, 0, 0, 14, 22, 12, 18, 15, 0, 0, 19, 0, 14, 17, 0, 17, : 15, 16, 14, 22, 12, 18, 15, 19, 14, 17, 17, 
47: 13, 24, 18, 17, 0, 12, 0, 0, 0, 12, 19, 0, 16, 11, 0, 0, 0, 0, 20, 23, : 13, 24, 18, 17, 12, 12, 19, 16, 11, 20, 23, 
178: 11, 13, 15, 0, 0, 0, 0, 17, 0, 0, 0, 0, 20, 0, 19, 0, 16, 0, 0, 0, : 11, 13, 15, 17, 20, 19, 16, 
29: 0, 18, 0, 0, 14, 19, 0, 24, 10, 17, 0, 18, 0, 0, 0, 0, 0, 0, 23, 0, : 18, 14, 19, 24, 10, 17, 18, 23, 
192: 14, 0, 17, 0, 0, 0, 16, 14, 0, 20, 0, 14, 0, 0, 10, 0, 0, 17, 0, 15, : 14, 17, 16, 14, 20, 14, 10, 17, 15, 
109: 0, 11, 16, 15, 14, 16, 0, 15, 0, 0, 0, 0, 17, 0, 0, 18, 0, 0, 0, 0, : 11, 16, 15, 14, 16, 15, 17, 18, 
80: 19, 14, 0, 14, 19, 0, 12, 20, 17, 0, 15, 0, 13, 14, 21, 0, 0, 0, 0, 19, : 19, 14, 14, 19, 12, 20, 17, 15, 13, 14, 21, 19, 
182: 15, 0, 20, 0, 0, 0, 13, 0, 17, 13, 0, 15, 0, 25, 0, 0, 14, 13, 13, 18, : 15, 20, 13, 17, 13, 15, 25, 14, 13, 13, 18, 
95: 0, 0, 0, 0, 18, 17, 21, 11, 0, 0, 15, 0, 0, 14, 13, 17, 0, 20, 19, 17, : 18, 17, 21, 11, 15, 14, 13, 17, 20, 19, 17, 
121: 0, 0, 0, 0, 0, 0, 13, 0, 20, 21, 0, 13, 0, 0, 0, 0, 13, 0, 16, 0, : 13, 20, 21, 13, 13, 16, 
149: 0, 0, 0, 0, 19, 0, 15, 0, 16, 23, 13, 20, 17, 24, 0, 0, 0, 21, 13, 15, : 19, 15, 16, 23, 13, 20, 17, 24, 21, 13, 15, 
113: 18, 0, 0, 17, 0, 15, 0, 0, 0, 0, 0, 22, 0, 0, 17, 16, 18, 18, 0, 0, : 18, 17, 15, 22, 17, 16, 18, 18, 
60: 21, 0, 21, 20, 0, 20, 0, 21, 13, 0, 17, 0, 0, 0, 16, 0, 0, 0, 16, 0, : 21, 21, 20, 20, 21, 13, 17, 16, 16, 
13: 21, 14, 0, 0, 20, 16, 23, 0, 0, 0, 18, 15, 0, 0, 0, 0, 0, 0, 0, 12, : 21, 14, 20, 16, 23, 18, 15, 12, 
66: 0, 20, 14, 0, 0, 0, 0, 14, 0, 0, 0, 0, 25, 19, 0, 12, 18, 17, 11, 14, : 20, 14, 14, 25, 19, 12, 18, 17, 11, 14, 
169: 18, 0, 0, 18, 18, 16, 0, 0, 15, 0, 0, 0, 18, 22, 0, 19, 0, 12, 0, 0, : 18, 18, 18, 16, 15, 18, 22, 19, 12, 
123: 0, 0, 0, 18, 0, 0, 18, 0, 0, 16, 0, 0, 0, 11, 0, 21, 0, 0, 0, 0, : 18, 18, 16, 11, 21, 
180: 0, 0, 14, 16, 0, 19, 0, 0, 0, 0, 17, 0, 0, 0, 20, 16, 18, 0, 19, 0, : 14, 16, 19, 17, 20, 16, 18, 19, 
140: 0, 18, 0, 0, 0, 0, 0, 0, 0, 16, 0, 18, 12, 0, 0, 15, 21, 0, 0, 0, : 18, 16, 18, 12, 15, 21, 
163: 0, 18, 0, 15, 12, 0, 19, 0, 20, 0, 18, 0, 12, 10, 15, 16, 18, 15, 0, 0, : 18, 15, 12, 19, 20, 18, 12, 10, 15, 16, 18, 15, 


78: 0, 0, 0, 16, 22, 0, 16, 18, 0, 13, 0, 17, 13, 19, 22, 22, 0, 0, 0, 0, : 16, 22, 16, 18, 13, 17, 13, 19, 22, 22, 
165: 18, 0, 0, 0, 0, 0, 0, 20, 19, 0, 21, 0, 0, 0, 15, 16, 17, 0, 0, 14, : 18, 20, 19, 21, 15, 16, 17, 14, 
18: 14, 19, 15, 17, 0, 19, 15, 12, 16, 14, 19, 16, 0, 19, 0, 0, 0, 0, 0, 17, : 14, 19, 15, 17, 19, 15, 12, 16, 14, 19, 16, 19, 17, 
58: 0, 0, 20, 0, 0, 16, 0, 0, 17, 0, 17, 0, 0, 0, 0, 16, 18, 0, 11, 22, : 20, 16, 17, 17, 16, 18, 11, 22, 
190: 19, 15, 16, 17, 15, 0, 0, 16, 0, 16, 0, 0, 0, 12, 19, 0, 14, 0, 20, 18, : 19, 15, 16, 17, 15, 16, 16, 12, 19, 14, 20, 18, 
50: 19, 0, 0, 0, 20, 0, 16, 0, 0, 17, 16, 18, 18, 0, 0, 0, 0, 0, 0, 0, : 19, 20, 16, 17, 16, 18, 18, 
84: 16, 0, 0, 0, 14, 0, 0, 17, 13, 17, 12, 0, 17, 0, 0, 0, 0, 24, 20, 0, : 16, 14, 17, 13, 17, 12, 17, 24, 20, 
152: 14, 20, 0, 0, 21, 0, 16, 17, 0, 0, 0, 15, 17, 0, 0, 0, 0, 19, 0, 18, : 14, 20, 21, 16, 17, 15, 17, 19, 18, 
35: 0, 16, 17, 0, 0, 17, 0, 0, 0, 20, 0, 0, 0, 0, 0, 0, 21, 21, 0, 10, : 16, 17, 17, 20, 21, 21, 10, 
10: 0, 15, 0, 14, 0, 0, 0, 0, 14, 0, 0, 20, 21, 14, 0, 16, 0, 14, 21, 0, : 15, 14, 14, 20, 21, 14, 16, 14, 21, 
144: 0, 15, 0, 0, 16, 0, 0, 25, 18, 15, 0, 0, 0, 16, 14, 12, 0, 0, 0, 17, : 15, 16, 25, 18, 15, 16, 14, 12, 17, 
200: 0, 16, 15, 17, 0, 22, 18, 12, 19, 0, 0, 16, 13, 21, 15, 0, 16, 11, 19, 0, : 16, 15, 17, 22, 18, 12, 19, 16, 13, 21, 15, 16, 11, 19, 
118: 0, 0, 17, 0, 14, 14, 13, 0, 0, 0, 0, 13, 0, 18, 12, 17, 18, 12, 15, 0, : 17, 14, 14, 13, 13, 18, 12, 17, 18, 12, 15, 
194: 0, 15, 17, 15, 0, 0, 0, 0, 0, 0, 16, 0, 0, 0, 13, 0, 0, 0, 17, 0, : 15, 17, 15, 16, 13, 17, 
25: 0, 0, 0, 11, 0, 15, 19, 0, 0, 22, 0, 0, 0, 0, 0, 0, 0, 21, 0, 19, : 11, 15, 19, 22, 21, 19, 
96: 21, 0, 17, 20, 12, 15, 17, 0, 0, 0, 24, 11, 20, 19, 0, 17, 14, 11, 12, 0, : 21, 17, 20, 12, 15, 17, 24, 11, 20, 19, 17, 14, 11, 12, 
156: 14, 0, 0, 0, 0, 0, 20, 0, 0, 0, 14, 24, 0, 12, 23, 0, 0, 0, 0, 0, : 14, 20, 14, 24, 12, 23, 
195: 15, 19, 16, 0, 0, 0, 0, 13, 15, 0, 0, 0, 0, 0, 0, 16, 19, 17, 15, 15, : 15, 19, 16, 13, 15, 16, 19, 17, 15, 15, 
32: 0, 0, 0, 0, 0, 12, 0, 0, 0, 16, 11, 0, 20, 0, 0, 0, 0, 0, 0, 0, : 12, 16, 11, 20, 
114: 0, 0, 0, 23, 16, 20, 0, 0, 19, 0, 0, 0, 11, 0, 17, 18, 13, 0, 0, 0, : 23, 16, 20, 19, 11, 17, 18, 13, 


