
20
20
150
1

18: 0, 0, 28, 0, 26, 0, 0, 0, 20, 0, 33, 0, 0, 0, 0, 0, 27, 0, 0, 0, : 28, 26, 20, 33, 27, 
8: 0, 24, 26, 0, 36, 0, 29, 27, 0, 0, 32, 0, 27, 0, 0, 0, 20, 0, 0, 19, : 24, 26, 36, 29, 27, 32, 27, 20, 19, 
5: 0, 0, 0, 10, 0, 0, 0, 0, 15, 14, 0, 0, 0, 0, 0, 27, 24, 26, 14, 0, : 10, 15, 14, 27, 24, 26, 14, 
12: 0, 0, 0, 26, 20, 24, 25, 0, 24, 0, 16, 0, 19, 0, 12, 0, 0, 0, 23, 0, : 26, 20, 24, 25, 24, 16, 19, 12, 23, 
15: 28, 0, 0, 0, 0, 14, 0, 0, 22, 0, 18, 0, 0, 23, 23, 0, 15, 0, 25, 14, : 28, 14, 22, 18, 23, 23, 15, 25, 14, 
10: 0, 17, 0, 0, 0, 23, 0, 0, 0, 27, 0, 14, 0, 0, 0, 0, 0, 0, 23, 0, : 17, 23, 27, 14, 23, 
4: 0, 20, 0, 29, 0, 23, 0, 25, 0, 18, 0, 26, 19, 0, 0, 24, 0, 19, 0, 0, : 20, 29, 23, 25, 18, 26, 19, 24, 19, 
14: 0, 0, 0, 0, 17, 27, 0, 0, 0, 32, 0, 22, 0, 0, 29, 0, 0, 0, 16, 0, : 17, 27, 32, 22, 29, 16, 
13: 0, 0, 15, 27, 0, 0, 0, 0, 19, 0, 0, 0, 19, 33, 0, 0, 24, 17, 0, 0, : 15, 27, 19, 19, 33, 24, 17, 
17: 14, 0, 0, 0, 0, 0, 0, 15, 0, 19, 0, 0, 0, 0, 0, 13, 23, 16, 0, 23, : 14, 15, 19, 13, 23, 16, 23, 
3: 0, 15, 0, 0, 0, 0, 24, 0, 0, 0, 0, 16, 0, 16, 0, 0, 17, 0, 0, 0, : 15, 24, 16, 16, 17, 
1: 23, 0, 0, 26, 0, 0, 0, 16, 0, 0, 21, 0, 0, 15, 15, 24, 0, 27, 0, 28, : 23, 26, 16, 21, 15, 15, 24, 27, 28, 
2: 22, 31, 26, 0, 10, 12, 0, 0, 0, 0, 0, 0, 0, 0, 0, 0, 0, 0, 0, 19, : 22, 31, 26, 10, 12, 19, 
11: 0, 0, 0, 0, 0, 0, 0, 0, 23, 0, 0, 0, 0, 0, 0, 23, 0, 0, 25, 28, : 23, 23, 25, 28, 
9: 0, 0, 0, 14, 0, 0, 15, 0, 0, 17, 15, 23, 19, 11, 27, 23, 0, 0, 24, 0, : 14, 15, 17, 15, 23, 19, 11, 27, 23, 24, 
16: 14, 23, 19, 18, 10, 0, 15, 23, 0, 23, 0, 0, 0, 0, 22, 0, 0, 0, 0, 0, : 14, 23, 19, 18, 10, 15, 23, 23, 22, 
6: 29, 0, 0, 0, 0, 0, 0, 21, 27, 0, 0, 20, 28, 22, 22, 16, 0, 0, 0, 19, : 29, 21, 27, 20, 28, 22, 22, 16, 19, 
20: 20, 0, 16, 0, 31, 0, 21, 0, 0, 0, 0, 29, 0, 0, 0, 0, 0, 22, 0, 0, : 20, 16, 31, 21, 29, 22, 
7: 0, 20, 0, 0, 0, 27, 0, 23, 0, 0, 15, 0, 0, 30, 0, 0, 0, 0, 0, 0, : 20, 27, 23, 15, 30, 
19: 0, 0, 20, 0, 0, 0, 21, 0, 0, 0, 0, 0, 19, 0, 0, 0, 0, 23, 0, 0, : 20, 21, 19, 23, 


