
20
20
150
1

8: 0, 22, 0, 0, 16, 29, 25, 0, 0, 0, 15, 0, 0, 29, 0, 0, 0, 0, 0, 11, : 22, 16, 29, 25, 15, 29, 11, 
14: 28, 0, 0, 18, 0, 0, 0, 0, 0, 0, 27, 0, 30, 0, 15, 0, 25, 0, 10, 0, : 28, 18, 27, 30, 15, 25, 10, 
16: 0, 16, 0, 27, 15, 13, 0, 23, 22, 28, 27, 22, 0, 0, 0, 20, 0, 0, 0, 0, : 16, 27, 15, 13, 23, 22, 28, 27, 22, 20, 
20: 19, 0, 0, 14, 0, 31, 0, 0, 15, 0, 0, 18, 0, 0, 20, 16, 16, 0, 0, 19, : 19, 14, 31, 15, 18, 20, 16, 16, 19, 
13: 0, 32, 0, 0, 0, 0, 0, 0, 0, 16, 0, 0, 10, 15, 0, 0, 0, 0, 0, 0, : 32, 16, 10, 15, 
6: 31, 28, 20, 27, 0, 16, 0, 0, 0, 31, 0, 19, 0, 13, 0, 0, 0, 14, 0, 18, : 31, 28, 20, 27, 16, 31, 19, 13, 14, 18, 
3: 0, 0, 0, 0, 0, 0, 0, 0, 17, 0, 0, 0, 21, 19, 14, 29, 0, 25, 29, 0, : 17, 21, 19, 14, 29, 25, 29, 
9: 0, 0, 0, 20, 0, 0, 0, 0, 0, 16, 0, 0, 0, 0, 0, 0, 0, 12, 34, 0, : 20, 16, 12, 34, 
2: 0, 14, 0, 0, 0, 0, 22, 0, 20, 0, 0, 0, 0, 0, 0, 0, 25, 0, 0, 32, : 14, 22, 20, 25, 32, 
19: 0, 0, 0, 0, 20, 0, 0, 22, 0, 0, 0, 21, 0, 0, 0, 24, 0, 0, 0, 0, : 20, 22, 21, 24, 
15: 22, 0, 0, 0, 0, 0, 0, 21, 0, 0, 20, 0, 13, 0, 0, 0, 0, 31, 0, 0, : 22, 21, 20, 13, 31, 
7: 0, 0, 0, 0, 13, 0, 0, 28, 0, 20, 0, 0, 0, 0, 28, 28, 0, 0, 20, 0, : 13, 28, 20, 28, 28, 20, 
18: 14, 0, 0, 26, 0, 20, 25, 12, 0, 0, 0, 0, 0, 30, 0, 0, 0, 0, 0, 0, : 14, 26, 20, 25, 12, 30, 
4: 0, 0, 11, 18, 0, 0, 14, 24, 0, 26, 0, 0, 0, 18, 0, 0, 0, 0, 17, 0, : 11, 18, 14, 24, 26, 18, 17, 
10: 0, 20, 27, 0, 23, 23, 0, 0, 0, 13, 23, 34, 0, 0, 0, 20, 26, 0, 11, 0, : 20, 27, 23, 23, 13, 23, 34, 20, 26, 11, 
11: 21, 0, 28, 0, 0, 0, 0, 0, 19, 0, 0, 12, 0, 0, 20, 0, 0, 0, 0, 0, : 21, 28, 19, 12, 20, 
17: 0, 0, 31, 0, 31, 0, 21, 0, 0, 0, 0, 0, 17, 0, 0, 0, 15, 0, 0, 24, : 31, 31, 21, 17, 15, 24, 
1: 0, 18, 19, 0, 0, 0, 20, 0, 27, 0, 21, 24, 0, 0, 0, 0, 23, 32, 0, 36, : 18, 19, 20, 27, 21, 24, 23, 32, 36, 
12: 0, 0, 14, 0, 32, 18, 0, 0, 0, 0, 0, 0, 30, 26, 28, 0, 20, 25, 29, 0, : 14, 32, 18, 30, 26, 28, 20, 25, 29, 
5: 15, 0, 0, 0, 0, 0, 23, 20, 30, 0, 17, 0, 29, 0, 25, 13, 0, 11, 0, 10, : 15, 23, 20, 30, 17, 29, 25, 13, 11, 10, 


