
20
20
150
1

16: 0, 0, 0, 0, 0, 0, 0, 0, 0, 28, 0, 0, 0, 0, 0, 0, 0, 15, 12, 17, : 28, 15, 12, 17, 
11: 0, 0, 0, 10, 0, 12, 12, 0, 0, 16, 0, 22, 0, 28, 0, 0, 0, 0, 0, 0, : 10, 12, 12, 16, 22, 28, 
13: 21, 33, 23, 0, 0, 0, 17, 0, 0, 21, 0, 0, 0, 0, 15, 0, 14, 0, 35, 30, : 21, 33, 23, 17, 21, 15, 14, 35, 30, 
20: 0, 0, 13, 0, 29, 0, 0, 0, 0, 0, 21, 19, 18, 18, 24, 26, 0, 24, 22, 0, : 13, 29, 21, 19, 18, 18, 24, 26, 24, 22, 
7: 26, 0, 0, 0, 17, 27, 0, 0, 36, 0, 25, 0, 0, 19, 0, 25, 22, 0, 0, 0, : 26, 17, 27, 36, 25, 19, 25, 22, 
19: 31, 0, 24, 0, 0, 0, 21, 14, 0, 0, 0, 0, 0, 0, 0, 0, 0, 21, 0, 0, : 31, 24, 21, 14, 21, 
3: 14, 0, 0, 0, 34, 23, 33, 0, 0, 15, 0, 17, 0, 0, 26, 0, 0, 0, 0, 0, : 14, 34, 23, 33, 15, 17, 26, 
15: 0, 0, 0, 24, 21, 0, 0, 0, 23, 14, 0, 20, 27, 20, 0, 14, 0, 0, 0, 14, : 24, 21, 23, 14, 20, 27, 20, 14, 14, 
9: 0, 12, 0, 24, 22, 0, 0, 0, 0, 0, 27, 0, 0, 0, 0, 0, 22, 0, 0, 22, : 12, 24, 22, 27, 22, 22, 
12: 0, 0, 0, 20, 0, 22, 0, 0, 16, 0, 0, 0, 0, 0, 0, 0, 25, 0, 29, 0, : 20, 22, 16, 25, 29, 
1: 0, 14, 18, 21, 0, 16, 0, 0, 24, 0, 0, 0, 0, 0, 19, 0, 0, 31, 0, 0, : 14, 18, 21, 16, 24, 19, 31, 
5: 0, 0, 23, 27, 0, 0, 0, 23, 0, 31, 0, 0, 16, 0, 0, 21, 0, 25, 17, 17, : 23, 27, 23, 31, 16, 21, 25, 17, 17, 
14: 0, 20, 0, 0, 0, 0, 0, 29, 24, 0, 0, 0, 21, 0, 0, 15, 0, 11, 0, 0, : 20, 29, 24, 21, 15, 11, 
6: 13, 0, 21, 24, 0, 30, 27, 0, 10, 0, 0, 25, 0, 0, 0, 0, 0, 0, 0, 0, : 13, 21, 24, 30, 27, 10, 25, 
2: 0, 0, 0, 0, 0, 0, 0, 34, 0, 0, 14, 0, 0, 25, 29, 0, 25, 0, 22, 0, : 34, 14, 25, 29, 25, 22, 
18: 17, 33, 0, 0, 12, 0, 17, 0, 0, 0, 27, 20, 21, 23, 0, 26, 30, 0, 13, 31, : 17, 33, 12, 17, 27, 20, 21, 23, 26, 30, 13, 31, 
17: 0, 14, 28, 0, 0, 0, 0, 11, 17, 0, 0, 0, 0, 17, 0, 0, 12, 23, 0, 19, : 14, 28, 11, 17, 17, 12, 23, 19, 
10: 0, 0, 0, 0, 15, 0, 0, 0, 0, 25, 15, 27, 0, 0, 0, 0, 0, 0, 0, 0, : 15, 25, 15, 27, 
4: 0, 24, 0, 0, 0, 20, 0, 20, 0, 0, 21, 0, 25, 0, 14, 23, 0, 0, 0, 0, : 24, 20, 20, 21, 25, 14, 23, 
8: 28, 0, 0, 0, 0, 0, 23, 19, 0, 0, 0, 0, 22, 0, 23, 0, 0, 0, 0, 0, : 28, 23, 19, 22, 23, 


