
40
20
150
1

11: 18, 19, 0, 19, 0, 15, 0, 0, 17, 0, 0, 14, 16, 19, 0, 0, 0, 0, 15, 0, 18, 14, 0, 0, 0, 21, 16, 15, 0, 15, 15, 0, 0, 16, 0, 0, 17, 0, 18, 16, : 18, 19, 19, 15, 17, 14, 16, 19, 15, 18, 14, 21, 16, 15, 15, 15, 16, 17, 18, 16, 
8: 17, 21, 12, 20, 17, 15, 23, 0, 0, 0, 0, 0, 0, 0, 0, 19, 16, 14, 20, 0, 0, 0, 24, 24, 12, 15, 0, 0, 0, 0, 0, 0, 0, 17, 14, 0, 13, 13, 0, 20, : 17, 21, 12, 20, 17, 15, 23, 19, 16, 14, 20, 24, 24, 12, 15, 17, 14, 13, 13, 20, 
6: 0, 0, 18, 0, 0, 0, 21, 0, 14, 0, 0, 0, 14, 0, 0, 15, 15, 0, 0, 18, 0, 0, 15, 0, 16, 0, 0, 14, 0, 22, 13, 17, 0, 19, 18, 19, 16, 0, 0, 20, : 18, 21, 14, 14, 15, 15, 18, 15, 16, 14, 22, 13, 17, 19, 18, 19, 16, 20, 
3: 22, 0, 14, 16, 18, 0, 14, 17, 0, 19, 0, 0, 0, 0, 18, 0, 0, 0, 20, 0, 0, 0, 0, 0, 0, 13, 0, 0, 0, 0, 0, 17, 0, 16, 0, 18, 0, 16, 12, 20, : 22, 14, 16, 18, 14, 17, 19, 18, 20, 13, 17, 16, 18, 16, 12, 20, 
15: 0, 0, 21, 23, 0, 0, 0, 0, 21, 0, 14, 16, 0, 0, 0, 0, 0, 17, 0, 17, 17, 0, 0, 16, 0, 0, 17, 0, 0, 18, 0, 20, 0, 0, 15, 0, 0, 0, 17, 0, : 21, 23, 21, 14, 16, 17, 17, 17, 16, 17, 18, 20, 15, 17, 
14: 0, 13, 0, 15, 19, 0, 14, 0, 0, 0, 0, 0, 22, 13, 13, 19, 19, 0, 0, 0, 17, 17, 15, 10, 0, 0, 0, 17, 17, 0, 0, 0, 19, 20, 14, 14, 16, 23, 0, 0, : 13, 15, 19, 14, 22, 13, 13, 19, 19, 17, 17, 15, 10, 17, 17, 19, 20, 14, 14, 16, 23, 
13: 13, 0, 0, 0, 20, 19, 0, 0, 0, 21, 0, 0, 0, 16, 0, 0, 16, 18, 18, 0, 21, 13, 16, 0, 0, 0, 16, 0, 0, 16, 0, 15, 14, 15, 0, 0, 0, 14, 0, 0, : 13, 20, 19, 21, 16, 16, 18, 18, 21, 13, 16, 16, 16, 15, 14, 15, 14, 
18: 0, 0, 15, 0, 0, 11, 13, 18, 0, 0, 0, 22, 0, 0, 15, 19, 0, 0, 0, 0, 0, 23, 17, 15, 0, 0, 16, 0, 13, 0, 17, 0, 0, 19, 0, 20, 0, 0, 20, 0, : 15, 11, 13, 18, 22, 15, 19, 23, 17, 15, 16, 13, 17, 19, 20, 20, 
1: 0, 16, 15, 0, 14, 19, 17, 0, 10, 0, 18, 13, 0, 17, 19, 18, 0, 15, 15, 16, 14, 19, 0, 0, 0, 0, 15, 22, 0, 18, 17, 0, 15, 0, 20, 0, 24, 15, 0, 0, : 16, 15, 14, 19, 17, 10, 18, 13, 17, 19, 18, 15, 15, 16, 14, 19, 15, 22, 18, 17, 15, 20, 24, 15, 
2: 19, 0, 16, 0, 0, 0, 0, 0, 15, 14, 15, 20, 0, 13, 18, 0, 13, 0, 17, 15, 11, 15, 0, 0, 0, 13, 20, 0, 17, 0, 0, 0, 0, 0, 0, 0, 0, 18, 0, 12, : 19, 16, 15, 14, 15, 20, 13, 18, 13, 17, 15, 11, 15, 13, 20, 17, 18, 12, 
5: 18, 0, 0, 0, 0, 0, 0, 0, 0, 0, 15, 0, 20, 0, 0, 0, 18, 15, 14, 0, 0, 0, 0, 0, 14, 0, 0, 0, 0, 13, 18, 13, 17, 0, 21, 0, 0, 0, 0, 14, : 18, 15, 20, 18, 15, 14, 14, 13, 18, 13, 17, 21, 14, 
4: 0, 14, 0, 0, 22, 0, 0, 14, 0, 12, 15, 14, 0, 0, 0, 0, 0, 0, 0, 0, 0, 0, 23, 0, 23, 15, 0, 0, 23, 0, 0, 0, 0, 0, 0, 19, 0, 0, 0, 16, : 14, 22, 14, 12, 15, 14, 23, 23, 15, 23, 19, 16, 
16: 13, 16, 0, 17, 11, 0, 0, 14, 0, 18, 0, 0, 0, 19, 15, 16, 0, 0, 0, 17, 0, 0, 0, 17, 13, 0, 0, 17, 0, 13, 0, 18, 17, 0, 15, 0, 16, 19, 16, 0, : 13, 16, 17, 11, 14, 18, 19, 15, 16, 17, 17, 13, 17, 13, 18, 17, 15, 16, 19, 16, 
17: 17, 0, 16, 11, 15, 18, 18, 0, 0, 0, 21, 0, 15, 0, 15, 0, 0, 0, 0, 17, 18, 0, 14, 0, 0, 16, 0, 15, 16, 18, 15, 0, 0, 0, 0, 0, 0, 0, 16, 0, : 17, 16, 11, 15, 18, 18, 21, 15, 15, 17, 18, 14, 16, 15, 16, 18, 15, 16, 
20: 0, 17, 23, 15, 0, 0, 12, 11, 0, 17, 16, 14, 0, 0, 0, 0, 0, 16, 17, 0, 17, 16, 12, 23, 16, 0, 14, 16, 12, 0, 0, 0, 14, 0, 18, 15, 16, 16, 0, 16, : 17, 23, 15, 12, 11, 17, 16, 14, 16, 17, 17, 16, 12, 23, 16, 14, 16, 12, 14, 18, 15, 16, 16, 16, 
19: 0, 0, 0, 0, 0, 0, 0, 22, 19, 0, 0, 0, 12, 0, 0, 12, 15, 15, 0, 0, 0, 16, 0, 16, 17, 0, 17, 18, 0, 17, 0, 16, 0, 14, 0, 16, 13, 0, 0, 0, : 22, 19, 12, 12, 15, 15, 16, 16, 17, 17, 18, 17, 16, 14, 16, 13, 
7: 0, 0, 0, 0, 0, 21, 0, 10, 22, 0, 0, 17, 0, 17, 19, 0, 18, 0, 0, 17, 0, 0, 0, 15, 0, 23, 0, 16, 0, 0, 18, 19, 15, 0, 15, 15, 0, 0, 21, 0, : 21, 10, 22, 17, 17, 19, 18, 17, 15, 23, 16, 18, 19, 15, 15, 15, 21, 
12: 13, 0, 0, 14, 0, 0, 0, 0, 13, 13, 18, 0, 20, 0, 0, 0, 20, 21, 0, 0, 0, 0, 14, 0, 19, 17, 0, 0, 18, 0, 0, 0, 0, 0, 0, 14, 0, 0, 0, 0, : 13, 14, 13, 13, 18, 20, 20, 21, 14, 19, 17, 18, 14, 
10: 0, 22, 0, 0, 0, 14, 0, 24, 0, 17, 18, 20, 16, 16, 18, 17, 0, 19, 0, 13, 0, 17, 0, 0, 20, 0, 19, 0, 16, 0, 19, 0, 19, 0, 0, 0, 0, 16, 15, 16, : 22, 14, 24, 17, 18, 20, 16, 16, 18, 17, 19, 13, 17, 20, 19, 16, 19, 19, 16, 15, 16, 
9: 0, 12, 0, 0, 14, 18, 18, 20, 19, 19, 0, 0, 15, 20, 0, 15, 0, 0, 14, 20, 17, 0, 0, 14, 0, 17, 0, 0, 18, 0, 18, 15, 20, 14, 0, 0, 19, 0, 15, 0, : 12, 14, 18, 18, 20, 19, 19, 15, 20, 15, 14, 20, 17, 14, 17, 18, 18, 15, 20, 14, 19, 15, 


