40
300
1: 2, 2, 1, 2, 1, 1, 2, 1, 1, 1, 1, 1, 0, 0, 0, 0, 0, 0, 0, 0, 0, 0, 0, 0, 0, 0, 0, 0, 0, 0, 0, 0, 0, 0, 0, 0, 0, 0, 0, 0, : 2, 2, 1, 2, 1, 1, 2, 1, 1, 1, 1, 1, 
2: 3, 2, 1, 1, 1, 1, 1, 1, 1, 1, 1, 1, 1, 3, 1, 2, 1, 3, 2, 3, 2, 1, 1, 2, 1, 1, 1, 0, 0, 0, 0, 0, 0, 0, 0, 0, 0, 0, 0, 0, : 3, 2, 1, 1, 1, 1, 1, 1, 1, 1, 1, 1, 1, 3, 1, 2, 1, 3, 2, 3, 2, 1, 1, 2, 1, 1, 1, 
3: 1, 1, 1, 2, 2, 1, 1, 2, 4, 4, 2, 1, 0, 0, 0, 0, 0, 0, 0, 0, 0, 0, 0, 0, 0, 0, 0, 0, 0, 0, 0, 0, 0, 0, 0, 0, 0, 0, 0, 0, : 1, 1, 1, 2, 2, 1, 1, 2, 4, 4, 2, 1, 
4: 8, 1, 1, 8, 1, 1, 1, 1, 1, 2, 0, 0, 0, 0, 0, 0, 0, 0, 0, 0, 0, 0, 0, 0, 0, 0, 0, 0, 0, 0, 0, 0, 0, 0, 0, 0, 0, 0, 0, 0, : 8, 1, 1, 8, 1, 1, 1, 1, 1, 2, 
5: 1, 1, 1, 1, 1, 1, 1, 4, 1, 2, 1, 2, 2, 2, 1, 1, 1, 1, 1, 1, 4, 2, 2, 1, 3, 1, 1, 0, 0, 0, 0, 0, 0, 0, 0, 0, 0, 0, 0, 0, : 1, 1, 1, 1, 1, 1, 1, 4, 1, 2, 1, 2, 2, 2, 1, 1, 1, 1, 1, 1, 4, 2, 2, 1, 3, 1, 1, 
6: 1, 1, 1, 2, 1, 1, 2, 1, 1, 2, 1, 1, 3, 2, 1, 1, 1, 1, 1, 1, 1, 1, 2, 0, 0, 0, 0, 0, 0, 0, 0, 0, 0, 0, 0, 0, 0, 0, 0, 0, : 1, 1, 1, 2, 1, 1, 2, 1, 1, 2, 1, 1, 3, 2, 1, 1, 1, 1, 1, 1, 1, 1, 2, 
7: 1, 2, 1, 2, 1, 2, 2, 1, 0, 0, 0, 0, 0, 0, 0, 0, 0, 0, 0, 0, 0, 0, 0, 0, 0, 0, 0, 0, 0, 0, 0, 0, 0, 0, 0, 0, 0, 0, 0, 0, : 1, 2, 1, 2, 1, 2, 2, 1, 
8: 5, 2, 3, 1, 1, 1, 1, 1, 1, 1, 2, 0, 0, 0, 0, 0, 0, 0, 0, 0, 0, 0, 0, 0, 0, 0, 0, 0, 0, 0, 0, 0, 0, 0, 0, 0, 0, 0, 0, 0, : 5, 2, 3, 1, 1, 1, 1, 1, 1, 1, 2, 
9: 1, 2, 1, 3, 2, 4, 1, 1, 1, 1, 1, 1, 0, 0, 0, 0, 0, 0, 0, 0, 0, 0, 0, 0, 0, 0, 0, 0, 0, 0, 0, 0, 0, 0, 0, 0, 0, 0, 0, 0, : 1, 2, 1, 3, 2, 4, 1, 1, 1, 1, 1, 1, 
10: 1, 8, 1, 2, 4, 1, 1, 1, 1, 1, 2, 1, 2, 1, 1, 5, 4, 1, 1, 3, 1, 1, 1, 1, 1, 1, 1, 1, 1, 1, 1, 1, 1, 1, 2, 2, 0, 0, 0, 0, : 1, 8, 1, 2, 4, 1, 1, 1, 1, 1, 2, 1, 2, 1, 1, 5, 4, 1, 1, 3, 1, 1, 1, 1, 1, 1, 1, 1, 1, 1, 1, 1, 1, 1, 2, 2, 
11: 1, 2, 1, 1, 1, 1, 2, 2, 2, 1, 1, 1, 1, 1, 1, 3, 1, 1, 1, 2, 0, 0, 0, 0, 0, 0, 0, 0, 0, 0, 0, 0, 0, 0, 0, 0, 0, 0, 0, 0, : 1, 2, 1, 1, 1, 1, 2, 2, 2, 1, 1, 1, 1, 1, 1, 3, 1, 1, 1, 2, 
12: 1, 1, 1, 2, 1, 1, 1, 1, 11, 1, 1, 2, 2, 1, 1, 1, 1, 1, 1, 5, 0, 0, 0, 0, 0, 0, 0, 0, 0, 0, 0, 0, 0, 0, 0, 0, 0, 0, 0, 0, : 1, 1, 1, 2, 1, 1, 1, 1, 11, 1, 1, 2, 2, 1, 1, 1, 1, 1, 1, 5, 
13: 1, 3, 1, 2, 3, 2, 2, 1, 1, 0, 0, 0, 0, 0, 0, 0, 0, 0, 0, 0, 0, 0, 0, 0, 0, 0, 0, 0, 0, 0, 0, 0, 0, 0, 0, 0, 0, 0, 0, 0, : 1, 3, 1, 2, 3, 2, 2, 1, 1, 
14: 2, 2, 1, 1, 2, 1, 2, 1, 2, 3, 1, 1, 1, 1, 1, 1, 1, 1, 1, 2, 1, 0, 0, 0, 0, 0, 0, 0, 0, 0, 0, 0, 0, 0, 0, 0, 0, 0, 0, 0, : 2, 2, 1, 1, 2, 1, 2, 1, 2, 3, 1, 1, 1, 1, 1, 1, 1, 1, 1, 2, 1, 
15: 1, 2, 1, 1, 1, 2, 3, 2, 2, 1, 1, 1, 1, 1, 0, 0, 0, 0, 0, 0, 0, 0, 0, 0, 0, 0, 0, 0, 0, 0, 0, 0, 0, 0, 0, 0, 0, 0, 0, 0, : 1, 2, 1, 1, 1, 2, 3, 2, 2, 1, 1, 1, 1, 1, 
16: 4, 1, 1, 1, 2, 0, 0, 0, 0, 0, 0, 0, 0, 0, 0, 0, 0, 0, 0, 0, 0, 0, 0, 0, 0, 0, 0, 0, 0, 0, 0, 0, 0, 0, 0, 0, 0, 0, 0, 0, : 4, 1, 1, 1, 2, 
17: 1, 2, 1, 2, 4, 3, 1, 0, 0, 0, 0, 0, 0, 0, 0, 0, 0, 0, 0, 0, 0, 0, 0, 0, 0, 0, 0, 0, 0, 0, 0, 0, 0, 0, 0, 0, 0, 0, 0, 0, : 1, 2, 1, 2, 4, 3, 1, 
18: 1, 1, 3, 1, 1, 1, 3, 1, 3, 1, 1, 2, 1, 1, 1, 1, 1, 1, 0, 0, 0, 0, 0, 0, 0, 0, 0, 0, 0, 0, 0, 0, 0, 0, 0, 0, 0, 0, 0, 0, : 1, 1, 3, 1, 1, 1, 3, 1, 3, 1, 1, 2, 1, 1, 1, 1, 1, 1, 
19: 1, 1, 3, 1, 6, 1, 1, 1, 1, 2, 1, 1, 1, 1, 5, 0, 0, 0, 0, 0, 0, 0, 0, 0, 0, 0, 0, 0, 0, 0, 0, 0, 0, 0, 0, 0, 0, 0, 0, 0, : 1, 1, 3, 1, 6, 1, 1, 1, 1, 2, 1, 1, 1, 1, 5, 
20: 2, 1, 1, 1, 1, 2, 1, 1, 1, 2, 2, 1, 1, 0, 0, 0, 0, 0, 0, 0, 0, 0, 0, 0, 0, 0, 0, 0, 0, 0, 0, 0, 0, 0, 0, 0, 0, 0, 0, 0, : 2, 1, 1, 1, 1, 2, 1, 1, 1, 2, 2, 1, 1, 
21: 2, 1, 2, 1, 2, 0, 0, 0, 0, 0, 0, 0, 0, 0, 0, 0, 0, 0, 0, 0, 0, 0, 0, 0, 0, 0, 0, 0, 0, 0, 0, 0, 0, 0, 0, 0, 0, 0, 0, 0, : 2, 1, 2, 1, 2, 
22: 1, 1, 3, 2, 1, 1, 1, 1, 1, 1, 2, 2, 2, 1, 1, 1, 2, 2, 2, 6, 0, 0, 0, 0, 0, 0, 0, 0, 0, 0, 0, 0, 0, 0, 0, 0, 0, 0, 0, 0, : 1, 1, 3, 2, 1, 1, 1, 1, 1, 1, 2, 2, 2, 1, 1, 1, 2, 2, 2, 6, 
23: 1, 2, 1, 1, 2, 1, 1, 1, 1, 1, 1, 1, 2, 1, 1, 1, 1, 1, 0, 0, 0, 0, 0, 0, 0, 0, 0, 0, 0, 0, 0, 0, 0, 0, 0, 0, 0, 0, 0, 0, : 1, 2, 1, 1, 2, 1, 1, 1, 1, 1, 1, 1, 2, 1, 1, 1, 1, 1, 
24: 1, 8, 1, 2, 1, 1, 2, 1, 2, 1, 2, 1, 0, 0, 0, 0, 0, 0, 0, 0, 0, 0, 0, 0, 0, 0, 0, 0, 0, 0, 0, 0, 0, 0, 0, 0, 0, 0, 0, 0, : 1, 8, 1, 2, 1, 1, 2, 1, 2, 1, 2, 1, 
25: 1, 1, 1, 1, 1, 2, 1, 1, 2, 1, 1, 1, 1, 0, 0, 0, 0, 0, 0, 0, 0, 0, 0, 0, 0, 0, 0, 0, 0, 0, 0, 0, 0, 0, 0, 0, 0, 0, 0, 0, : 1, 1, 1, 1, 1, 2, 1, 1, 2, 1, 1, 1, 1, 
26: 2, 2, 1, 1, 2, 1, 1, 1, 3, 2, 2, 5, 1, 1, 1, 2, 1, 3, 1, 1, 1, 0, 0, 0, 0, 0, 0, 0, 0, 0, 0, 0, 0, 0, 0, 0, 0, 0, 0, 0, : 2, 2, 1, 1, 2, 1, 1, 1, 3, 2, 2, 5, 1, 1, 1, 2, 1, 3, 1, 1, 1, 
27: 1, 1, 2, 2, 1, 3, 3, 1, 1, 1, 1, 1, 1, 1, 1, 1, 2, 1, 1, 3, 1, 1, 2, 2, 1, 1, 0, 0, 0, 0, 0, 0, 0, 0, 0, 0, 0, 0, 0, 0, : 1, 1, 2, 2, 1, 3, 3, 1, 1, 1, 1, 1, 1, 1, 1, 1, 2, 1, 1, 3, 1, 1, 2, 2, 1, 1, 
28: 1, 1, 2, 2, 1, 13, 1, 1, 1, 2, 1, 2, 1, 1, 1, 1, 1, 1, 1, 2, 0, 0, 0, 0, 0, 0, 0, 0, 0, 0, 0, 0, 0, 0, 0, 0, 0, 0, 0, 0, : 1, 1, 2, 2, 1, 13, 1, 1, 1, 2, 1, 2, 1, 1, 1, 1, 1, 1, 1, 2, 
29: 1, 1, 1, 1, 1, 0, 0, 0, 0, 0, 0, 0, 0, 0, 0, 0, 0, 0, 0, 0, 0, 0, 0, 0, 0, 0, 0, 0, 0, 0, 0, 0, 0, 0, 0, 0, 0, 0, 0, 0, : 1, 1, 1, 1, 1, 
30: 1, 1, 1, 2, 1, 1, 1, 1, 2, 4, 1, 1, 2, 2, 9, 2, 1, 1, 1, 2, 0, 0, 0, 0, 0, 0, 0, 0, 0, 0, 0, 0, 0, 0, 0, 0, 0, 0, 0, 0, : 1, 1, 1, 2, 1, 1, 1, 1, 2, 4, 1, 1, 2, 2, 9, 2, 1, 1, 1, 2, 
31: 1, 4, 1, 2, 1, 1, 1, 1, 4, 1, 1, 1, 1, 2, 2, 1, 2, 1, 0, 0, 0, 0, 0, 0, 0, 0, 0, 0, 0, 0, 0, 0, 0, 0, 0, 0, 0, 0, 0, 0, : 1, 4, 1, 2, 1, 1, 1, 1, 4, 1, 1, 1, 1, 2, 2, 1, 2, 1, 
32: 1, 1, 2, 1, 1, 2, 1, 2, 1, 1, 1, 0, 0, 0, 0, 0, 0, 0, 0, 0, 0, 0, 0, 0, 0, 0, 0, 0, 0, 0, 0, 0, 0, 0, 0, 0, 0, 0, 0, 0, : 1, 1, 2, 1, 1, 2, 1, 2, 1, 1, 1, 
33: 1, 1, 1, 3, 1, 1, 0, 0, 0, 0, 0, 0, 0, 0, 0, 0, 0, 0, 0, 0, 0, 0, 0, 0, 0, 0, 0, 0, 0, 0, 0, 0, 0, 0, 0, 0, 0, 0, 0, 0, : 1, 1, 1, 3, 1, 1, 
34: 1, 1, 1, 1, 1, 1, 2, 1, 0, 0, 0, 0, 0, 0, 0, 0, 0, 0, 0, 0, 0, 0, 0, 0, 0, 0, 0, 0, 0, 0, 0, 0, 0, 0, 0, 0, 0, 0, 0, 0, : 1, 1, 1, 1, 1, 1, 2, 1, 
35: 2, 2, 1, 1, 1, 1, 1, 0, 0, 0, 0, 0, 0, 0, 0, 0, 0, 0, 0, 0, 0, 0, 0, 0, 0, 0, 0, 0, 0, 0, 0, 0, 0, 0, 0, 0, 0, 0, 0, 0, : 2, 2, 1, 1, 1, 1, 1, 
36: 2, 1, 3, 1, 1, 4, 1, 0, 0, 0, 0, 0, 0, 0, 0, 0, 0, 0, 0, 0, 0, 0, 0, 0, 0, 0, 0, 0, 0, 0, 0, 0, 0, 0, 0, 0, 0, 0, 0, 0, : 2, 1, 3, 1, 1, 4, 1, 
37: 1, 1, 1, 1, 0, 0, 0, 0, 0, 0, 0, 0, 0, 0, 0, 0, 0, 0, 0, 0, 0, 0, 0, 0, 0, 0, 0, 0, 0, 0, 0, 0, 0, 0, 0, 0, 0, 0, 0, 0, : 1, 1, 1, 1, 
38: 2, 1, 1, 1, 1, 1, 2, 1, 0, 0, 0, 0, 0, 0, 0, 0, 0, 0, 0, 0, 0, 0, 0, 0, 0, 0, 0, 0, 0, 0, 0, 0, 0, 0, 0, 0, 0, 0, 0, 0, : 2, 1, 1, 1, 1, 1, 2, 1, 
39: 1, 1, 2, 1, 1, 1, 0, 0, 0, 0, 0, 0, 0, 0, 0, 0, 0, 0, 0, 0, 0, 0, 0, 0, 0, 0, 0, 0, 0, 0, 0, 0, 0, 0, 0, 0, 0, 0, 0, 0, : 1, 1, 2, 1, 1, 1, 
40: 3, 1, 2, 1, 3, 4, 9, 2, 2, 5, 5, 0, 0, 0, 0, 0, 0, 0, 0, 0, 0, 0, 0, 0, 0, 0, 0, 0, 0, 0, 0, 0, 0, 0, 0, 0, 0, 0, 0, 0, : 3, 1, 2, 1, 3, 4, 9, 2, 2, 5, 5, 
41: 1, 1, 1, 1, 1, 1, 4, 1, 0, 0, 0, 0, 0, 0, 0, 0, 0, 0, 0, 0, 0, 0, 0, 0, 0, 0, 0, 0, 0, 0, 0, 0, 0, 0, 0, 0, 0, 0, 0, 0, : 1, 1, 1, 1, 1, 1, 4, 1, 
42: 1, 1, 1, 1, 5, 1, 1, 1, 1, 1, 1, 1, 1, 1, 2, 1, 1, 1, 2, 1, 15, 1, 2, 1, 1, 0, 0, 0, 0, 0, 0, 0, 0, 0, 0, 0, 0, 0, 0, 0, : 1, 1, 1, 1, 5, 1, 1, 1, 1, 1, 1, 1, 1, 1, 2, 1, 1, 1, 2, 1, 15, 1, 2, 1, 1, 
43: 1, 1, 1, 0, 0, 0, 0, 0, 0, 0, 0, 0, 0, 0, 0, 0, 0, 0, 0, 0, 0, 0, 0, 0, 0, 0, 0, 0, 0, 0, 0, 0, 0, 0, 0, 0, 0, 0, 0, 0, : 1, 1, 1, 
44: 1, 1, 1, 1, 1, 1, 4, 2, 4, 2, 2, 5, 0, 0, 0, 0, 0, 0, 0, 0, 0, 0, 0, 0, 0, 0, 0, 0, 0, 0, 0, 0, 0, 0, 0, 0, 0, 0, 0, 0, : 1, 1, 1, 1, 1, 1, 4, 2, 4, 2, 2, 5, 
45: 2, 1, 1, 1, 2, 1, 1, 1, 1, 1, 1, 1, 0, 0, 0, 0, 0, 0, 0, 0, 0, 0, 0, 0, 0, 0, 0, 0, 0, 0, 0, 0, 0, 0, 0, 0, 0, 0, 0, 0, : 2, 1, 1, 1, 2, 1, 1, 1, 1, 1, 1, 1, 
46: 2, 2, 1, 1, 1, 1, 0, 0, 0, 0, 0, 0, 0, 0, 0, 0, 0, 0, 0, 0, 0, 0, 0, 0, 0, 0, 0, 0, 0, 0, 0, 0, 0, 0, 0, 0, 0, 0, 0, 0, : 2, 2, 1, 1, 1, 1, 
47: 1, 1, 1, 5, 1, 1, 2, 1, 1, 1, 2, 1, 1, 2, 0, 0, 0, 0, 0, 0, 0, 0, 0, 0, 0, 0, 0, 0, 0, 0, 0, 0, 0, 0, 0, 0, 0, 0, 0, 0, : 1, 1, 1, 5, 1, 1, 2, 1, 1, 1, 2, 1, 1, 2, 
48: 1, 1, 1, 1, 1, 1, 1, 1, 4, 1, 1, 2, 0, 0, 0, 0, 0, 0, 0, 0, 0, 0, 0, 0, 0, 0, 0, 0, 0, 0, 0, 0, 0, 0, 0, 0, 0, 0, 0, 0, : 1, 1, 1, 1, 1, 1, 1, 1, 4, 1, 1, 2, 
49: 2, 2, 3, 1, 1, 3, 1, 1, 2, 0, 0, 0, 0, 0, 0, 0, 0, 0, 0, 0, 0, 0, 0, 0, 0, 0, 0, 0, 0, 0, 0, 0, 0, 0, 0, 0, 0, 0, 0, 0, : 2, 2, 3, 1, 1, 3, 1, 1, 2, 
50: 1, 2, 1, 2, 1, 2, 1, 5, 1, 1, 1, 2, 1, 1, 1, 2, 1, 1, 8, 1, 2, 0, 0, 0, 0, 0, 0, 0, 0, 0, 0, 0, 0, 0, 0, 0, 0, 0, 0, 0, : 1, 2, 1, 2, 1, 2, 1, 5, 1, 1, 1, 2, 1, 1, 1, 2, 1, 1, 8, 1, 2, 
51: 1, 1, 1, 3, 1, 1, 1, 3, 0, 0, 0, 0, 0, 0, 0, 0, 0, 0, 0, 0, 0, 0, 0, 0, 0, 0, 0, 0, 0, 0, 0, 0, 0, 0, 0, 0, 0, 0, 0, 0, : 1, 1, 1, 3, 1, 1, 1, 3, 
52: 1, 1, 1, 1, 1, 2, 1, 1, 1, 2, 1, 1, 1, 3, 6, 0, 0, 0, 0, 0, 0, 0, 0, 0, 0, 0, 0, 0, 0, 0, 0, 0, 0, 0, 0, 0, 0, 0, 0, 0, : 1, 1, 1, 1, 1, 2, 1, 1, 1, 2, 1, 1, 1, 3, 6, 
53: 1, 1, 1, 1, 1, 1, 1, 1, 1, 2, 3, 0, 0, 0, 0, 0, 0, 0, 0, 0, 0, 0, 0, 0, 0, 0, 0, 0, 0, 0, 0, 0, 0, 0, 0, 0, 0, 0, 0, 0, : 1, 1, 1, 1, 1, 1, 1, 1, 1, 2, 3, 
54: 1, 1, 1, 2, 8, 1, 8, 1, 1, 0, 0, 0, 0, 0, 0, 0, 0, 0, 0, 0, 0, 0, 0, 0, 0, 0, 0, 0, 0, 0, 0, 0, 0, 0, 0, 0, 0, 0, 0, 0, : 1, 1, 1, 2, 8, 1, 8, 1, 1, 
55: 1, 1, 2, 2, 1, 1, 0, 0, 0, 0, 0, 0, 0, 0, 0, 0, 0, 0, 0, 0, 0, 0, 0, 0, 0, 0, 0, 0, 0, 0, 0, 0, 0, 0, 0, 0, 0, 0, 0, 0, : 1, 1, 2, 2, 1, 1, 
56: 1, 2, 1, 1, 1, 1, 1, 1, 1, 2, 3, 2, 1, 1, 1, 1, 1, 1, 2, 1, 1, 1, 1, 5, 2, 1, 1, 4, 1, 1, 3, 1, 1, 1, 1, 1, 0, 0, 0, 0, : 1, 2, 1, 1, 1, 1, 1, 1, 1, 2, 3, 2, 1, 1, 1, 1, 1, 1, 2, 1, 1, 1, 1, 5, 2, 1, 1, 4, 1, 1, 3, 1, 1, 1, 1, 1, 
57: 1, 1, 2, 1, 1, 1, 1, 5, 1, 1, 1, 1, 1, 2, 1, 1, 3, 1, 1, 1, 2, 1, 1, 1, 1, 1, 2, 1, 0, 0, 0, 0, 0, 0, 0, 0, 0, 0, 0, 0, : 1, 1, 2, 1, 1, 1, 1, 5, 1, 1, 1, 1, 1, 2, 1, 1, 3, 1, 1, 1, 2, 1, 1, 1, 1, 1, 2, 1, 
58: 1, 3, 1, 1, 1, 1, 1, 1, 2, 1, 1, 1, 2, 2, 1, 2, 1, 1, 2, 1, 1, 1, 2, 1, 1, 1, 1, 1, 3, 1, 1, 2, 1, 1, 1, 1, 0, 0, 0, 0, : 1, 3, 1, 1, 1, 1, 1, 1, 2, 1, 1, 1, 2, 2, 1, 2, 1, 1, 2, 1, 1, 1, 2, 1, 1, 1, 1, 1, 3, 1, 1, 2, 1, 1, 1, 1, 
59: 1, 1, 1, 3, 1, 2, 1, 1, 1, 1, 1, 1, 1, 4, 1, 1, 0, 0, 0, 0, 0, 0, 0, 0, 0, 0, 0, 0, 0, 0, 0, 0, 0, 0, 0, 0, 0, 0, 0, 0, : 1, 1, 1, 3, 1, 2, 1, 1, 1, 1, 1, 1, 1, 4, 1, 1, 
60: 3, 1, 1, 1, 1, 1, 1, 1, 1, 0, 0, 0, 0, 0, 0, 0, 0, 0, 0, 0, 0, 0, 0, 0, 0, 0, 0, 0, 0, 0, 0, 0, 0, 0, 0, 0, 0, 0, 0, 0, : 3, 1, 1, 1, 1, 1, 1, 1, 1, 
61: 1, 1, 1, 1, 1, 4, 1, 0, 0, 0, 0, 0, 0, 0, 0, 0, 0, 0, 0, 0, 0, 0, 0, 0, 0, 0, 0, 0, 0, 0, 0, 0, 0, 0, 0, 0, 0, 0, 0, 0, : 1, 1, 1, 1, 1, 4, 1, 
62: 1, 2, 1, 1, 2, 1, 1, 2, 1, 1, 1, 1, 2, 2, 3, 1, 2, 1, 3, 1, 0, 0, 0, 0, 0, 0, 0, 0, 0, 0, 0, 0, 0, 0, 0, 0, 0, 0, 0, 0, : 1, 2, 1, 1, 2, 1, 1, 2, 1, 1, 1, 1, 2, 2, 3, 1, 2, 1, 3, 1, 
63: 1, 1, 1, 4, 1, 1, 0, 0, 0, 0, 0, 0, 0, 0, 0, 0, 0, 0, 0, 0, 0, 0, 0, 0, 0, 0, 0, 0, 0, 0, 0, 0, 0, 0, 0, 0, 0, 0, 0, 0, : 1, 1, 1, 4, 1, 1, 
64: 1, 1, 1, 1, 1, 2, 1, 1, 1, 2, 2, 7, 2, 1, 1, 1, 0, 0, 0, 0, 0, 0, 0, 0, 0, 0, 0, 0, 0, 0, 0, 0, 0, 0, 0, 0, 0, 0, 0, 0, : 1, 1, 1, 1, 1, 2, 1, 1, 1, 2, 2, 7, 2, 1, 1, 1, 
65: 1, 1, 1, 1, 2, 1, 1, 1, 2, 1, 1, 1, 1, 0, 0, 0, 0, 0, 0, 0, 0, 0, 0, 0, 0, 0, 0, 0, 0, 0, 0, 0, 0, 0, 0, 0, 0, 0, 0, 0, : 1, 1, 1, 1, 2, 1, 1, 1, 2, 1, 1, 1, 1, 
66: 5, 2, 2, 1, 15, 1, 2, 4, 1, 6, 1, 1, 1, 1, 1, 1, 1, 2, 1, 1, 1, 1, 1, 1, 1, 0, 0, 0, 0, 0, 0, 0, 0, 0, 0, 0, 0, 0, 0, 0, : 5, 2, 2, 1, 15, 1, 2, 4, 1, 6, 1, 1, 1, 1, 1, 1, 1, 2, 1, 1, 1, 1, 1, 1, 1, 
67: 1, 1, 2, 1, 1, 1, 1, 0, 0, 0, 0, 0, 0, 0, 0, 0, 0, 0, 0, 0, 0, 0, 0, 0, 0, 0, 0, 0, 0, 0, 0, 0, 0, 0, 0, 0, 0, 0, 0, 0, : 1, 1, 2, 1, 1, 1, 1, 
68: 2, 1, 1, 1, 2, 5, 1, 3, 0, 0, 0, 0, 0, 0, 0, 0, 0, 0, 0, 0, 0, 0, 0, 0, 0, 0, 0, 0, 0, 0, 0, 0, 0, 0, 0, 0, 0, 0, 0, 0, : 2, 1, 1, 1, 2, 5, 1, 3, 
69: 2, 1, 1, 1, 1, 1, 1, 1, 1, 1, 8, 1, 2, 7, 1, 1, 1, 4, 4, 2, 0, 0, 0, 0, 0, 0, 0, 0, 0, 0, 0, 0, 0, 0, 0, 0, 0, 0, 0, 0, : 2, 1, 1, 1, 1, 1, 1, 1, 1, 1, 8, 1, 2, 7, 1, 1, 1, 4, 4, 2, 
70: 1, 1, 2, 3, 1, 2, 0, 0, 0, 0, 0, 0, 0, 0, 0, 0, 0, 0, 0, 0, 0, 0, 0, 0, 0, 0, 0, 0, 0, 0, 0, 0, 0, 0, 0, 0, 0, 0, 0, 0, : 1, 1, 2, 3, 1, 2, 
71: 1, 1, 2, 1, 1, 1, 1, 0, 0, 0, 0, 0, 0, 0, 0, 0, 0, 0, 0, 0, 0, 0, 0, 0, 0, 0, 0, 0, 0, 0, 0, 0, 0, 0, 0, 0, 0, 0, 0, 0, : 1, 1, 2, 1, 1, 1, 1, 
72: 2, 1, 1, 1, 1, 1, 2, 1, 1, 1, 8, 3, 5, 1, 2, 1, 3, 1, 1, 1, 1, 1, 2, 2, 1, 2, 5, 1, 1, 2, 1, 3, 1, 0, 0, 0, 0, 0, 0, 0, : 2, 1, 1, 1, 1, 1, 2, 1, 1, 1, 8, 3, 5, 1, 2, 1, 3, 1, 1, 1, 1, 1, 2, 2, 1, 2, 5, 1, 1, 2, 1, 3, 1, 
73: 1, 1, 1, 1, 1, 0, 0, 0, 0, 0, 0, 0, 0, 0, 0, 0, 0, 0, 0, 0, 0, 0, 0, 0, 0, 0, 0, 0, 0, 0, 0, 0, 0, 0, 0, 0, 0, 0, 0, 0, : 1, 1, 1, 1, 1, 
74: 1, 1, 2, 3, 1, 1, 2, 1, 1, 1, 1, 1, 0, 0, 0, 0, 0, 0, 0, 0, 0, 0, 0, 0, 0, 0, 0, 0, 0, 0, 0, 0, 0, 0, 0, 0, 0, 0, 0, 0, : 1, 1, 2, 3, 1, 1, 2, 1, 1, 1, 1, 1, 
75: 1, 3, 1, 1, 1, 1, 1, 1, 0, 0, 0, 0, 0, 0, 0, 0, 0, 0, 0, 0, 0, 0, 0, 0, 0, 0, 0, 0, 0, 0, 0, 0, 0, 0, 0, 0, 0, 0, 0, 0, : 1, 3, 1, 1, 1, 1, 1, 1, 
76: 1, 2, 1, 1, 1, 1, 1, 1, 1, 1, 0, 0, 0, 0, 0, 0, 0, 0, 0, 0, 0, 0, 0, 0, 0, 0, 0, 0, 0, 0, 0, 0, 0, 0, 0, 0, 0, 0, 0, 0, : 1, 2, 1, 1, 1, 1, 1, 1, 1, 1, 
77: 1, 1, 1, 1, 2, 1, 1, 2, 1, 1, 0, 0, 0, 0, 0, 0, 0, 0, 0, 0, 0, 0, 0, 0, 0, 0, 0, 0, 0, 0, 0, 0, 0, 0, 0, 0, 0, 0, 0, 0, : 1, 1, 1, 1, 2, 1, 1, 2, 1, 1, 
78: 2, 2, 1, 2, 1, 3, 1, 1, 0, 0, 0, 0, 0, 0, 0, 0, 0, 0, 0, 0, 0, 0, 0, 0, 0, 0, 0, 0, 0, 0, 0, 0, 0, 0, 0, 0, 0, 0, 0, 0, : 2, 2, 1, 2, 1, 3, 1, 1, 
79: 1, 1, 1, 1, 1, 1, 2, 2, 1, 1, 0, 0, 0, 0, 0, 0, 0, 0, 0, 0, 0, 0, 0, 0, 0, 0, 0, 0, 0, 0, 0, 0, 0, 0, 0, 0, 0, 0, 0, 0, : 1, 1, 1, 1, 1, 1, 2, 2, 1, 1, 
80: 1, 2, 1, 1, 1, 1, 1, 1, 1, 2, 3, 1, 4, 1, 2, 2, 1, 1, 1, 1, 2, 1, 1, 1, 2, 0, 0, 0, 0, 0, 0, 0, 0, 0, 0, 0, 0, 0, 0, 0, : 1, 2, 1, 1, 1, 1, 1, 1, 1, 2, 3, 1, 4, 1, 2, 2, 1, 1, 1, 1, 2, 1, 1, 1, 2, 
81: 2, 1, 4, 1, 1, 1, 2, 1, 1, 1, 1, 2, 1, 1, 0, 0, 0, 0, 0, 0, 0, 0, 0, 0, 0, 0, 0, 0, 0, 0, 0, 0, 0, 0, 0, 0, 0, 0, 0, 0, : 2, 1, 4, 1, 1, 1, 2, 1, 1, 1, 1, 2, 1, 1, 
82: 3, 4, 1, 1, 2, 1, 1, 1, 1, 1, 6, 1, 0, 0, 0, 0, 0, 0, 0, 0, 0, 0, 0, 0, 0, 0, 0, 0, 0, 0, 0, 0, 0, 0, 0, 0, 0, 0, 0, 0, : 3, 4, 1, 1, 2, 1, 1, 1, 1, 1, 6, 1, 
83: 1, 1, 2, 1, 2, 1, 0, 0, 0, 0, 0, 0, 0, 0, 0, 0, 0, 0, 0, 0, 0, 0, 0, 0, 0, 0, 0, 0, 0, 0, 0, 0, 0, 0, 0, 0, 0, 0, 0, 0, : 1, 1, 2, 1, 2, 1, 
84: 4, 1, 2, 1, 2, 1, 1, 2, 2, 1, 1, 1, 2, 1, 1, 1, 2, 1, 1, 1, 1, 1, 1, 1, 2, 1, 1, 0, 0, 0, 0, 0, 0, 0, 0, 0, 0, 0, 0, 0, : 4, 1, 2, 1, 2, 1, 1, 2, 2, 1, 1, 1, 2, 1, 1, 1, 2, 1, 1, 1, 1, 1, 1, 1, 2, 1, 1, 
85: 1, 1, 1, 2, 2, 1, 2, 1, 0, 0, 0, 0, 0, 0, 0, 0, 0, 0, 0, 0, 0, 0, 0, 0, 0, 0, 0, 0, 0, 0, 0, 0, 0, 0, 0, 0, 0, 0, 0, 0, : 1, 1, 1, 2, 2, 1, 2, 1, 
86: 1, 1, 1, 1, 1, 1, 4, 1, 1, 1, 1, 0, 0, 0, 0, 0, 0, 0, 0, 0, 0, 0, 0, 0, 0, 0, 0, 0, 0, 0, 0, 0, 0, 0, 0, 0, 0, 0, 0, 0, : 1, 1, 1, 1, 1, 1, 4, 1, 1, 1, 1, 
87: 1, 1, 1, 1, 1, 1, 1, 1, 1, 0, 0, 0, 0, 0, 0, 0, 0, 0, 0, 0, 0, 0, 0, 0, 0, 0, 0, 0, 0, 0, 0, 0, 0, 0, 0, 0, 0, 0, 0, 0, : 1, 1, 1, 1, 1, 1, 1, 1, 1, 
88: 1, 1, 1, 1, 1, 1, 7, 1, 0, 0, 0, 0, 0, 0, 0, 0, 0, 0, 0, 0, 0, 0, 0, 0, 0, 0, 0, 0, 0, 0, 0, 0, 0, 0, 0, 0, 0, 0, 0, 0, : 1, 1, 1, 1, 1, 1, 7, 1, 
89: 1, 1, 1, 1, 1, 9, 1, 0, 0, 0, 0, 0, 0, 0, 0, 0, 0, 0, 0, 0, 0, 0, 0, 0, 0, 0, 0, 0, 0, 0, 0, 0, 0, 0, 0, 0, 0, 0, 0, 0, : 1, 1, 1, 1, 1, 9, 1, 
90: 1, 3, 1, 4, 1, 1, 2, 1, 0, 0, 0, 0, 0, 0, 0, 0, 0, 0, 0, 0, 0, 0, 0, 0, 0, 0, 0, 0, 0, 0, 0, 0, 0, 0, 0, 0, 0, 0, 0, 0, : 1, 3, 1, 4, 1, 1, 2, 1, 
91: 1, 2, 1, 1, 1, 1, 1, 1, 2, 1, 1, 1, 0, 0, 0, 0, 0, 0, 0, 0, 0, 0, 0, 0, 0, 0, 0, 0, 0, 0, 0, 0, 0, 0, 0, 0, 0, 0, 0, 0, : 1, 2, 1, 1, 1, 1, 1, 1, 2, 1, 1, 1, 
92: 5, 1, 1, 1, 1, 1, 1, 1, 1, 1, 1, 2, 0, 0, 0, 0, 0, 0, 0, 0, 0, 0, 0, 0, 0, 0, 0, 0, 0, 0, 0, 0, 0, 0, 0, 0, 0, 0, 0, 0, : 5, 1, 1, 1, 1, 1, 1, 1, 1, 1, 1, 2, 
93: 1, 1, 1, 1, 3, 1, 1, 1, 1, 0, 0, 0, 0, 0, 0, 0, 0, 0, 0, 0, 0, 0, 0, 0, 0, 0, 0, 0, 0, 0, 0, 0, 0, 0, 0, 0, 0, 0, 0, 0, : 1, 1, 1, 1, 3, 1, 1, 1, 1, 
94: 2, 12, 1, 1, 2, 1, 0, 0, 0, 0, 0, 0, 0, 0, 0, 0, 0, 0, 0, 0, 0, 0, 0, 0, 0, 0, 0, 0, 0, 0, 0, 0, 0, 0, 0, 0, 0, 0, 0, 0, : 2, 12, 1, 1, 2, 1, 
95: 2, 2, 1, 1, 2, 1, 1, 1, 2, 0, 0, 0, 0, 0, 0, 0, 0, 0, 0, 0, 0, 0, 0, 0, 0, 0, 0, 0, 0, 0, 0, 0, 0, 0, 0, 0, 0, 0, 0, 0, : 2, 2, 1, 1, 2, 1, 1, 1, 2, 
96: 1, 1, 2, 1, 2, 1, 1, 1, 1, 0, 0, 0, 0, 0, 0, 0, 0, 0, 0, 0, 0, 0, 0, 0, 0, 0, 0, 0, 0, 0, 0, 0, 0, 0, 0, 0, 0, 0, 0, 0, : 1, 1, 2, 1, 2, 1, 1, 1, 1, 
97: 2, 1, 1, 1, 9, 2, 1, 1, 2, 1, 2, 1, 0, 0, 0, 0, 0, 0, 0, 0, 0, 0, 0, 0, 0, 0, 0, 0, 0, 0, 0, 0, 0, 0, 0, 0, 0, 0, 0, 0, : 2, 1, 1, 1, 9, 2, 1, 1, 2, 1, 2, 1, 
98: 1, 1, 1, 1, 1, 2, 1, 1, 1, 2, 0, 0, 0, 0, 0, 0, 0, 0, 0, 0, 0, 0, 0, 0, 0, 0, 0, 0, 0, 0, 0, 0, 0, 0, 0, 0, 0, 0, 0, 0, : 1, 1, 1, 1, 1, 2, 1, 1, 1, 2, 
99: 1, 1, 1, 1, 1, 1, 0, 0, 0, 0, 0, 0, 0, 0, 0, 0, 0, 0, 0, 0, 0, 0, 0, 0, 0, 0, 0, 0, 0, 0, 0, 0, 0, 0, 0, 0, 0, 0, 0, 0, : 1, 1, 1, 1, 1, 1, 
100: 1, 2, 1, 1, 1, 2, 0, 0, 0, 0, 0, 0, 0, 0, 0, 0, 0, 0, 0, 0, 0, 0, 0, 0, 0, 0, 0, 0, 0, 0, 0, 0, 0, 0, 0, 0, 0, 0, 0, 0, : 1, 2, 1, 1, 1, 2, 
101: 3, 2, 12, 1, 1, 1, 2, 1, 0, 0, 0, 0, 0, 0, 0, 0, 0, 0, 0, 0, 0, 0, 0, 0, 0, 0, 0, 0, 0, 0, 0, 0, 0, 0, 0, 0, 0, 0, 0, 0, : 3, 2, 12, 1, 1, 1, 2, 1, 
102: 5, 4, 3, 1, 0, 0, 0, 0, 0, 0, 0, 0, 0, 0, 0, 0, 0, 0, 0, 0, 0, 0, 0, 0, 0, 0, 0, 0, 0, 0, 0, 0, 0, 0, 0, 0, 0, 0, 0, 0, : 5, 4, 3, 1, 
103: 2, 1, 1, 1, 1, 2, 1, 1, 1, 0, 0, 0, 0, 0, 0, 0, 0, 0, 0, 0, 0, 0, 0, 0, 0, 0, 0, 0, 0, 0, 0, 0, 0, 0, 0, 0, 0, 0, 0, 0, : 2, 1, 1, 1, 1, 2, 1, 1, 1, 
104: 3, 1, 1, 6, 2, 1, 2, 1, 1, 1, 1, 1, 0, 0, 0, 0, 0, 0, 0, 0, 0, 0, 0, 0, 0, 0, 0, 0, 0, 0, 0, 0, 0, 0, 0, 0, 0, 0, 0, 0, : 3, 1, 1, 6, 2, 1, 2, 1, 1, 1, 1, 1, 
105: 3, 1, 2, 1, 1, 0, 0, 0, 0, 0, 0, 0, 0, 0, 0, 0, 0, 0, 0, 0, 0, 0, 0, 0, 0, 0, 0, 0, 0, 0, 0, 0, 0, 0, 0, 0, 0, 0, 0, 0, : 3, 1, 2, 1, 1, 
106: 1, 2, 1, 1, 1, 1, 1, 2, 0, 0, 0, 0, 0, 0, 0, 0, 0, 0, 0, 0, 0, 0, 0, 0, 0, 0, 0, 0, 0, 0, 0, 0, 0, 0, 0, 0, 0, 0, 0, 0, : 1, 2, 1, 1, 1, 1, 1, 2, 
107: 1, 1, 1, 1, 1, 2, 0, 0, 0, 0, 0, 0, 0, 0, 0, 0, 0, 0, 0, 0, 0, 0, 0, 0, 0, 0, 0, 0, 0, 0, 0, 0, 0, 0, 0, 0, 0, 0, 0, 0, : 1, 1, 1, 1, 1, 2, 
108: 2, 1, 1, 1, 1, 1, 1, 1, 2, 1, 4, 2, 1, 1, 1, 2, 1, 2, 3, 1, 1, 1, 1, 2, 1, 2, 1, 0, 0, 0, 0, 0, 0, 0, 0, 0, 0, 0, 0, 0, : 2, 1, 1, 1, 1, 1, 1, 1, 2, 1, 4, 2, 1, 1, 1, 2, 1, 2, 3, 1, 1, 1, 1, 2, 1, 2, 1, 
109: 3, 2, 2, 1, 2, 2, 2, 2, 2, 1, 4, 1, 0, 0, 0, 0, 0, 0, 0, 0, 0, 0, 0, 0, 0, 0, 0, 0, 0, 0, 0, 0, 0, 0, 0, 0, 0, 0, 0, 0, : 3, 2, 2, 1, 2, 2, 2, 2, 2, 1, 4, 1, 
110: 1, 1, 1, 1, 2, 1, 1, 1, 1, 0, 0, 0, 0, 0, 0, 0, 0, 0, 0, 0, 0, 0, 0, 0, 0, 0, 0, 0, 0, 0, 0, 0, 0, 0, 0, 0, 0, 0, 0, 0, : 1, 1, 1, 1, 2, 1, 1, 1, 1, 
111: 2, 1, 7, 2, 1, 2, 3, 1, 1, 1, 2, 1, 3, 1, 1, 1, 5, 1, 3, 1, 3, 0, 0, 0, 0, 0, 0, 0, 0, 0, 0, 0, 0, 0, 0, 0, 0, 0, 0, 0, : 2, 1, 7, 2, 1, 2, 3, 1, 1, 1, 2, 1, 3, 1, 1, 1, 5, 1, 3, 1, 3, 
112: 1, 1, 1, 1, 1, 1, 2, 9, 0, 0, 0, 0, 0, 0, 0, 0, 0, 0, 0, 0, 0, 0, 0, 0, 0, 0, 0, 0, 0, 0, 0, 0, 0, 0, 0, 0, 0, 0, 0, 0, : 1, 1, 1, 1, 1, 1, 2, 9, 
113: 1, 1, 1, 2, 1, 1, 1, 1, 6, 3, 1, 1, 1, 1, 0, 0, 0, 0, 0, 0, 0, 0, 0, 0, 0, 0, 0, 0, 0, 0, 0, 0, 0, 0, 0, 0, 0, 0, 0, 0, : 1, 1, 1, 2, 1, 1, 1, 1, 6, 3, 1, 1, 1, 1, 
114: 2, 1, 2, 3, 1, 1, 1, 1, 2, 1, 1, 3, 1, 2, 1, 3, 1, 0, 0, 0, 0, 0, 0, 0, 0, 0, 0, 0, 0, 0, 0, 0, 0, 0, 0, 0, 0, 0, 0, 0, : 2, 1, 2, 3, 1, 1, 1, 1, 2, 1, 1, 3, 1, 2, 1, 3, 1, 
115: 2, 2, 1, 1, 1, 1, 2, 1, 1, 0, 0, 0, 0, 0, 0, 0, 0, 0, 0, 0, 0, 0, 0, 0, 0, 0, 0, 0, 0, 0, 0, 0, 0, 0, 0, 0, 0, 0, 0, 0, : 2, 2, 1, 1, 1, 1, 2, 1, 1, 
116: 1, 2, 1, 2, 1, 2, 1, 3, 2, 1, 1, 1, 1, 1, 1, 1, 1, 4, 4, 0, 0, 0, 0, 0, 0, 0, 0, 0, 0, 0, 0, 0, 0, 0, 0, 0, 0, 0, 0, 0, : 1, 2, 1, 2, 1, 2, 1, 3, 2, 1, 1, 1, 1, 1, 1, 1, 1, 4, 4, 
117: 1, 1, 1, 3, 3, 1, 3, 1, 1, 1, 3, 3, 0, 0, 0, 0, 0, 0, 0, 0, 0, 0, 0, 0, 0, 0, 0, 0, 0, 0, 0, 0, 0, 0, 0, 0, 0, 0, 0, 0, : 1, 1, 1, 3, 3, 1, 3, 1, 1, 1, 3, 3, 
118: 1, 1, 1, 1, 4, 2, 1, 2, 1, 0, 0, 0, 0, 0, 0, 0, 0, 0, 0, 0, 0, 0, 0, 0, 0, 0, 0, 0, 0, 0, 0, 0, 0, 0, 0, 0, 0, 0, 0, 0, : 1, 1, 1, 1, 4, 2, 1, 2, 1, 
119: 1, 2, 1, 1, 1, 1, 0, 0, 0, 0, 0, 0, 0, 0, 0, 0, 0, 0, 0, 0, 0, 0, 0, 0, 0, 0, 0, 0, 0, 0, 0, 0, 0, 0, 0, 0, 0, 0, 0, 0, : 1, 2, 1, 1, 1, 1, 
120: 1, 2, 1, 1, 1, 1, 1, 0, 0, 0, 0, 0, 0, 0, 0, 0, 0, 0, 0, 0, 0, 0, 0, 0, 0, 0, 0, 0, 0, 0, 0, 0, 0, 0, 0, 0, 0, 0, 0, 0, : 1, 2, 1, 1, 1, 1, 1, 
121: 2, 2, 1, 1, 1, 1, 1, 1, 1, 1, 1, 4, 0, 0, 0, 0, 0, 0, 0, 0, 0, 0, 0, 0, 0, 0, 0, 0, 0, 0, 0, 0, 0, 0, 0, 0, 0, 0, 0, 0, : 2, 2, 1, 1, 1, 1, 1, 1, 1, 1, 1, 4, 
122: 1, 1, 1, 1, 1, 4, 1, 1, 1, 1, 1, 1, 1, 1, 9, 1, 1, 1, 1, 1, 1, 1, 1, 1, 1, 0, 0, 0, 0, 0, 0, 0, 0, 0, 0, 0, 0, 0, 0, 0, : 1, 1, 1, 1, 1, 4, 1, 1, 1, 1, 1, 1, 1, 1, 9, 1, 1, 1, 1, 1, 1, 1, 1, 1, 1, 
123: 3, 1, 1, 1, 2, 1, 1, 1, 0, 0, 0, 0, 0, 0, 0, 0, 0, 0, 0, 0, 0, 0, 0, 0, 0, 0, 0, 0, 0, 0, 0, 0, 0, 0, 0, 0, 0, 0, 0, 0, : 3, 1, 1, 1, 2, 1, 1, 1, 
124: 1, 1, 1, 1, 1, 3, 1, 0, 0, 0, 0, 0, 0, 0, 0, 0, 0, 0, 0, 0, 0, 0, 0, 0, 0, 0, 0, 0, 0, 0, 0, 0, 0, 0, 0, 0, 0, 0, 0, 0, : 1, 1, 1, 1, 1, 3, 1, 
125: 1, 1, 1, 1, 1, 1, 1, 1, 1, 3, 0, 0, 0, 0, 0, 0, 0, 0, 0, 0, 0, 0, 0, 0, 0, 0, 0, 0, 0, 0, 0, 0, 0, 0, 0, 0, 0, 0, 0, 0, : 1, 1, 1, 1, 1, 1, 1, 1, 1, 3, 
126: 1, 1, 1, 2, 1, 1, 1, 1, 1, 2, 0, 0, 0, 0, 0, 0, 0, 0, 0, 0, 0, 0, 0, 0, 0, 0, 0, 0, 0, 0, 0, 0, 0, 0, 0, 0, 0, 0, 0, 0, : 1, 1, 1, 2, 1, 1, 1, 1, 1, 2, 
127: 2, 1, 1, 1, 3, 2, 3, 1, 1, 5, 1, 4, 1, 1, 1, 2, 1, 1, 0, 0, 0, 0, 0, 0, 0, 0, 0, 0, 0, 0, 0, 0, 0, 0, 0, 0, 0, 0, 0, 0, : 2, 1, 1, 1, 3, 2, 3, 1, 1, 5, 1, 4, 1, 1, 1, 2, 1, 1, 
128: 1, 1, 1, 4, 1, 2, 1, 2, 0, 0, 0, 0, 0, 0, 0, 0, 0, 0, 0, 0, 0, 0, 0, 0, 0, 0, 0, 0, 0, 0, 0, 0, 0, 0, 0, 0, 0, 0, 0, 0, : 1, 1, 1, 4, 1, 2, 1, 2, 
129: 1, 1, 1, 1, 1, 1, 1, 1, 0, 0, 0, 0, 0, 0, 0, 0, 0, 0, 0, 0, 0, 0, 0, 0, 0, 0, 0, 0, 0, 0, 0, 0, 0, 0, 0, 0, 0, 0, 0, 0, : 1, 1, 1, 1, 1, 1, 1, 1, 
130: 1, 2, 1, 1, 0, 0, 0, 0, 0, 0, 0, 0, 0, 0, 0, 0, 0, 0, 0, 0, 0, 0, 0, 0, 0, 0, 0, 0, 0, 0, 0, 0, 0, 0, 0, 0, 0, 0, 0, 0, : 1, 2, 1, 1, 
131: 1, 8, 1, 1, 2, 1, 3, 1, 1, 1, 2, 1, 1, 1, 1, 0, 0, 0, 0, 0, 0, 0, 0, 0, 0, 0, 0, 0, 0, 0, 0, 0, 0, 0, 0, 0, 0, 0, 0, 0, : 1, 8, 1, 1, 2, 1, 3, 1, 1, 1, 2, 1, 1, 1, 1, 
132: 1, 1, 1, 1, 1, 1, 1, 1, 1, 0, 0, 0, 0, 0, 0, 0, 0, 0, 0, 0, 0, 0, 0, 0, 0, 0, 0, 0, 0, 0, 0, 0, 0, 0, 0, 0, 0, 0, 0, 0, : 1, 1, 1, 1, 1, 1, 1, 1, 1, 
133: 2, 3, 1, 1, 1, 1, 1, 2, 2, 1, 2, 1, 3, 2, 1, 1, 2, 1, 0, 0, 0, 0, 0, 0, 0, 0, 0, 0, 0, 0, 0, 0, 0, 0, 0, 0, 0, 0, 0, 0, : 2, 3, 1, 1, 1, 1, 1, 2, 2, 1, 2, 1, 3, 2, 1, 1, 2, 1, 
134: 3, 1, 2, 1, 1, 1, 3, 2, 1, 1, 0, 0, 0, 0, 0, 0, 0, 0, 0, 0, 0, 0, 0, 0, 0, 0, 0, 0, 0, 0, 0, 0, 0, 0, 0, 0, 0, 0, 0, 0, : 3, 1, 2, 1, 1, 1, 3, 2, 1, 1, 
135: 1, 1, 2, 1, 1, 1, 1, 1, 1, 3, 1, 1, 1, 1, 1, 1, 4, 1, 1, 2, 1, 1, 1, 1, 0, 0, 0, 0, 0, 0, 0, 0, 0, 0, 0, 0, 0, 0, 0, 0, : 1, 1, 2, 1, 1, 1, 1, 1, 1, 3, 1, 1, 1, 1, 1, 1, 4, 1, 1, 2, 1, 1, 1, 1, 
136: 1, 1, 1, 1, 1, 2, 1, 0, 0, 0, 0, 0, 0, 0, 0, 0, 0, 0, 0, 0, 0, 0, 0, 0, 0, 0, 0, 0, 0, 0, 0, 0, 0, 0, 0, 0, 0, 0, 0, 0, : 1, 1, 1, 1, 1, 2, 1, 
137: 2, 1, 5, 1, 1, 2, 1, 1, 1, 2, 1, 1, 1, 0, 0, 0, 0, 0, 0, 0, 0, 0, 0, 0, 0, 0, 0, 0, 0, 0, 0, 0, 0, 0, 0, 0, 0, 0, 0, 0, : 2, 1, 5, 1, 1, 2, 1, 1, 1, 2, 1, 1, 1, 
138: 2, 2, 1, 2, 2, 1, 1, 1, 2, 5, 1, 1, 1, 1, 2, 1, 0, 0, 0, 0, 0, 0, 0, 0, 0, 0, 0, 0, 0, 0, 0, 0, 0, 0, 0, 0, 0, 0, 0, 0, : 2, 2, 1, 2, 2, 1, 1, 1, 2, 5, 1, 1, 1, 1, 2, 1, 
139: 1, 1, 2, 1, 1, 2, 1, 1, 2, 2, 1, 1, 1, 1, 4, 1, 0, 0, 0, 0, 0, 0, 0, 0, 0, 0, 0, 0, 0, 0, 0, 0, 0, 0, 0, 0, 0, 0, 0, 0, : 1, 1, 2, 1, 1, 2, 1, 1, 2, 2, 1, 1, 1, 1, 4, 1, 
140: 1, 1, 1, 1, 1, 1, 2, 7, 1, 1, 1, 1, 2, 1, 1, 1, 0, 0, 0, 0, 0, 0, 0, 0, 0, 0, 0, 0, 0, 0, 0, 0, 0, 0, 0, 0, 0, 0, 0, 0, : 1, 1, 1, 1, 1, 1, 2, 7, 1, 1, 1, 1, 2, 1, 1, 1, 
141: 1, 1, 1, 1, 1, 1, 0, 0, 0, 0, 0, 0, 0, 0, 0, 0, 0, 0, 0, 0, 0, 0, 0, 0, 0, 0, 0, 0, 0, 0, 0, 0, 0, 0, 0, 0, 0, 0, 0, 0, : 1, 1, 1, 1, 1, 1, 
142: 2, 2, 1, 1, 1, 2, 1, 1, 1, 3, 1, 1, 1, 3, 1, 1, 1, 1, 1, 1, 1, 1, 1, 2, 1, 1, 2, 1, 1, 3, 1, 3, 2, 0, 0, 0, 0, 0, 0, 0, : 2, 2, 1, 1, 1, 2, 1, 1, 1, 3, 1, 1, 1, 3, 1, 1, 1, 1, 1, 1, 1, 1, 1, 2, 1, 1, 2, 1, 1, 3, 1, 3, 2, 
143: 2, 1, 2, 1, 1, 1, 1, 1, 1, 1, 7, 1, 0, 0, 0, 0, 0, 0, 0, 0, 0, 0, 0, 0, 0, 0, 0, 0, 0, 0, 0, 0, 0, 0, 0, 0, 0, 0, 0, 0, : 2, 1, 2, 1, 1, 1, 1, 1, 1, 1, 7, 1, 
144: 2, 1, 1, 3, 1, 1, 1, 0, 0, 0, 0, 0, 0, 0, 0, 0, 0, 0, 0, 0, 0, 0, 0, 0, 0, 0, 0, 0, 0, 0, 0, 0, 0, 0, 0, 0, 0, 0, 0, 0, : 2, 1, 1, 3, 1, 1, 1, 
145: 1, 1, 3, 1, 1, 1, 1, 1, 1, 0, 0, 0, 0, 0, 0, 0, 0, 0, 0, 0, 0, 0, 0, 0, 0, 0, 0, 0, 0, 0, 0, 0, 0, 0, 0, 0, 0, 0, 0, 0, : 1, 1, 3, 1, 1, 1, 1, 1, 1, 
146: 2, 1, 1, 2, 1, 1, 1, 1, 1, 1, 2, 2, 1, 2, 1, 1, 1, 1, 0, 0, 0, 0, 0, 0, 0, 0, 0, 0, 0, 0, 0, 0, 0, 0, 0, 0, 0, 0, 0, 0, : 2, 1, 1, 2, 1, 1, 1, 1, 1, 1, 2, 2, 1, 2, 1, 1, 1, 1, 
147: 1, 2, 1, 1, 1, 1, 2, 0, 0, 0, 0, 0, 0, 0, 0, 0, 0, 0, 0, 0, 0, 0, 0, 0, 0, 0, 0, 0, 0, 0, 0, 0, 0, 0, 0, 0, 0, 0, 0, 0, : 1, 2, 1, 1, 1, 1, 2, 
148: 2, 1, 1, 1, 2, 2, 1, 1, 1, 3, 1, 1, 0, 0, 0, 0, 0, 0, 0, 0, 0, 0, 0, 0, 0, 0, 0, 0, 0, 0, 0, 0, 0, 0, 0, 0, 0, 0, 0, 0, : 2, 1, 1, 1, 2, 2, 1, 1, 1, 3, 1, 1, 
149: 1, 1, 1, 1, 1, 1, 1, 1, 1, 1, 3, 1, 1, 3, 1, 1, 1, 2, 0, 0, 0, 0, 0, 0, 0, 0, 0, 0, 0, 0, 0, 0, 0, 0, 0, 0, 0, 0, 0, 0, : 1, 1, 1, 1, 1, 1, 1, 1, 1, 1, 3, 1, 1, 3, 1, 1, 1, 2, 
150: 1, 1, 1, 1, 1, 1, 1, 1, 1, 1, 1, 1, 1, 1, 1, 0, 0, 0, 0, 0, 0, 0, 0, 0, 0, 0, 0, 0, 0, 0, 0, 0, 0, 0, 0, 0, 0, 0, 0, 0, : 1, 1, 1, 1, 1, 1, 1, 1, 1, 1, 1, 1, 1, 1, 1, 
151: 2, 3, 2, 1, 1, 1, 1, 0, 0, 0, 0, 0, 0, 0, 0, 0, 0, 0, 0, 0, 0, 0, 0, 0, 0, 0, 0, 0, 0, 0, 0, 0, 0, 0, 0, 0, 0, 0, 0, 0, : 2, 3, 2, 1, 1, 1, 1, 
152: 1, 4, 1, 0, 0, 0, 0, 0, 0, 0, 0, 0, 0, 0, 0, 0, 0, 0, 0, 0, 0, 0, 0, 0, 0, 0, 0, 0, 0, 0, 0, 0, 0, 0, 0, 0, 0, 0, 0, 0, : 1, 4, 1, 
153: 1, 2, 1, 4, 2, 1, 0, 0, 0, 0, 0, 0, 0, 0, 0, 0, 0, 0, 0, 0, 0, 0, 0, 0, 0, 0, 0, 0, 0, 0, 0, 0, 0, 0, 0, 0, 0, 0, 0, 0, : 1, 2, 1, 4, 2, 1, 
154: 1, 6, 2, 1, 1, 1, 0, 0, 0, 0, 0, 0, 0, 0, 0, 0, 0, 0, 0, 0, 0, 0, 0, 0, 0, 0, 0, 0, 0, 0, 0, 0, 0, 0, 0, 0, 0, 0, 0, 0, : 1, 6, 2, 1, 1, 1, 
155: 1, 1, 2, 2, 1, 2, 1, 1, 1, 1, 3, 1, 0, 0, 0, 0, 0, 0, 0, 0, 0, 0, 0, 0, 0, 0, 0, 0, 0, 0, 0, 0, 0, 0, 0, 0, 0, 0, 0, 0, : 1, 1, 2, 2, 1, 2, 1, 1, 1, 1, 3, 1, 
156: 2, 1, 1, 2, 0, 0, 0, 0, 0, 0, 0, 0, 0, 0, 0, 0, 0, 0, 0, 0, 0, 0, 0, 0, 0, 0, 0, 0, 0, 0, 0, 0, 0, 0, 0, 0, 0, 0, 0, 0, : 2, 1, 1, 2, 
157: 3, 1, 2, 1, 1, 1, 1, 1, 1, 1, 0, 0, 0, 0, 0, 0, 0, 0, 0, 0, 0, 0, 0, 0, 0, 0, 0, 0, 0, 0, 0, 0, 0, 0, 0, 0, 0, 0, 0, 0, : 3, 1, 2, 1, 1, 1, 1, 1, 1, 1, 
158: 1, 1, 1, 1, 1, 2, 1, 1, 1, 1, 1, 1, 5, 0, 0, 0, 0, 0, 0, 0, 0, 0, 0, 0, 0, 0, 0, 0, 0, 0, 0, 0, 0, 0, 0, 0, 0, 0, 0, 0, : 1, 1, 1, 1, 1, 2, 1, 1, 1, 1, 1, 1, 5, 
159: 1, 2, 1, 1, 1, 2, 4, 1, 1, 1, 1, 1, 2, 1, 1, 1, 1, 0, 0, 0, 0, 0, 0, 0, 0, 0, 0, 0, 0, 0, 0, 0, 0, 0, 0, 0, 0, 0, 0, 0, : 1, 2, 1, 1, 1, 2, 4, 1, 1, 1, 1, 1, 2, 1, 1, 1, 1, 
160: 2, 1, 2, 1, 2, 0, 0, 0, 0, 0, 0, 0, 0, 0, 0, 0, 0, 0, 0, 0, 0, 0, 0, 0, 0, 0, 0, 0, 0, 0, 0, 0, 0, 0, 0, 0, 0, 0, 0, 0, : 2, 1, 2, 1, 2, 
161: 1, 2, 1, 1, 2, 3, 0, 0, 0, 0, 0, 0, 0, 0, 0, 0, 0, 0, 0, 0, 0, 0, 0, 0, 0, 0, 0, 0, 0, 0, 0, 0, 0, 0, 0, 0, 0, 0, 0, 0, : 1, 2, 1, 1, 2, 3, 
162: 1, 1, 1, 7, 1, 1, 0, 0, 0, 0, 0, 0, 0, 0, 0, 0, 0, 0, 0, 0, 0, 0, 0, 0, 0, 0, 0, 0, 0, 0, 0, 0, 0, 0, 0, 0, 0, 0, 0, 0, : 1, 1, 1, 7, 1, 1, 
163: 1, 3, 4, 1, 1, 1, 2, 1, 1, 1, 1, 2, 2, 0, 0, 0, 0, 0, 0, 0, 0, 0, 0, 0, 0, 0, 0, 0, 0, 0, 0, 0, 0, 0, 0, 0, 0, 0, 0, 0, : 1, 3, 4, 1, 1, 1, 2, 1, 1, 1, 1, 2, 2, 
164: 1, 1, 4, 1, 1, 1, 1, 1, 2, 1, 1, 1, 1, 1, 1, 1, 0, 0, 0, 0, 0, 0, 0, 0, 0, 0, 0, 0, 0, 0, 0, 0, 0, 0, 0, 0, 0, 0, 0, 0, : 1, 1, 4, 1, 1, 1, 1, 1, 2, 1, 1, 1, 1, 1, 1, 1, 
165: 2, 1, 1, 1, 2, 1, 2, 1, 3, 1, 1, 1, 1, 0, 0, 0, 0, 0, 0, 0, 0, 0, 0, 0, 0, 0, 0, 0, 0, 0, 0, 0, 0, 0, 0, 0, 0, 0, 0, 0, : 2, 1, 1, 1, 2, 1, 2, 1, 3, 1, 1, 1, 1, 
166: 2, 2, 2, 1, 2, 1, 1, 0, 0, 0, 0, 0, 0, 0, 0, 0, 0, 0, 0, 0, 0, 0, 0, 0, 0, 0, 0, 0, 0, 0, 0, 0, 0, 0, 0, 0, 0, 0, 0, 0, : 2, 2, 2, 1, 2, 1, 1, 
167: 3, 1, 1, 1, 1, 1, 2, 1, 4, 1, 2, 1, 1, 2, 0, 0, 0, 0, 0, 0, 0, 0, 0, 0, 0, 0, 0, 0, 0, 0, 0, 0, 0, 0, 0, 0, 0, 0, 0, 0, : 3, 1, 1, 1, 1, 1, 2, 1, 4, 1, 2, 1, 1, 2, 
168: 1, 3, 2, 1, 1, 1, 6, 1, 2, 2, 2, 1, 1, 1, 1, 1, 1, 1, 1, 1, 2, 0, 0, 0, 0, 0, 0, 0, 0, 0, 0, 0, 0, 0, 0, 0, 0, 0, 0, 0, : 1, 3, 2, 1, 1, 1, 6, 1, 2, 2, 2, 1, 1, 1, 1, 1, 1, 1, 1, 1, 2, 
169: 1, 1, 1, 1, 1, 0, 0, 0, 0, 0, 0, 0, 0, 0, 0, 0, 0, 0, 0, 0, 0, 0, 0, 0, 0, 0, 0, 0, 0, 0, 0, 0, 0, 0, 0, 0, 0, 0, 0, 0, : 1, 1, 1, 1, 1, 
170: 1, 1, 2, 1, 1, 9, 1, 8, 2, 3, 4, 1, 0, 0, 0, 0, 0, 0, 0, 0, 0, 0, 0, 0, 0, 0, 0, 0, 0, 0, 0, 0, 0, 0, 0, 0, 0, 0, 0, 0, : 1, 1, 2, 1, 1, 9, 1, 8, 2, 3, 4, 1, 
171: 1, 1, 1, 1, 0, 0, 0, 0, 0, 0, 0, 0, 0, 0, 0, 0, 0, 0, 0, 0, 0, 0, 0, 0, 0, 0, 0, 0, 0, 0, 0, 0, 0, 0, 0, 0, 0, 0, 0, 0, : 1, 1, 1, 1, 
172: 1, 1, 1, 1, 2, 2, 1, 1, 1, 1, 1, 1, 1, 1, 1, 0, 0, 0, 0, 0, 0, 0, 0, 0, 0, 0, 0, 0, 0, 0, 0, 0, 0, 0, 0, 0, 0, 0, 0, 0, : 1, 1, 1, 1, 2, 2, 1, 1, 1, 1, 1, 1, 1, 1, 1, 
173: 2, 1, 2, 1, 1, 1, 1, 1, 1, 1, 1, 2, 0, 0, 0, 0, 0, 0, 0, 0, 0, 0, 0, 0, 0, 0, 0, 0, 0, 0, 0, 0, 0, 0, 0, 0, 0, 0, 0, 0, : 2, 1, 2, 1, 1, 1, 1, 1, 1, 1, 1, 2, 
174: 1, 2, 2, 2, 2, 1, 1, 1, 2, 1, 1, 1, 2, 1, 1, 0, 0, 0, 0, 0, 0, 0, 0, 0, 0, 0, 0, 0, 0, 0, 0, 0, 0, 0, 0, 0, 0, 0, 0, 0, : 1, 2, 2, 2, 2, 1, 1, 1, 2, 1, 1, 1, 2, 1, 1, 
175: 1, 1, 1, 1, 2, 1, 1, 1, 3, 3, 1, 1, 4, 1, 2, 1, 0, 0, 0, 0, 0, 0, 0, 0, 0, 0, 0, 0, 0, 0, 0, 0, 0, 0, 0, 0, 0, 0, 0, 0, : 1, 1, 1, 1, 2, 1, 1, 1, 3, 3, 1, 1, 4, 1, 2, 1, 
176: 1, 1, 1, 3, 1, 1, 2, 1, 1, 2, 1, 0, 0, 0, 0, 0, 0, 0, 0, 0, 0, 0, 0, 0, 0, 0, 0, 0, 0, 0, 0, 0, 0, 0, 0, 0, 0, 0, 0, 0, : 1, 1, 1, 3, 1, 1, 2, 1, 1, 2, 1, 
177: 1, 1, 1, 2, 1, 1, 2, 1, 1, 1, 2, 1, 1, 0, 0, 0, 0, 0, 0, 0, 0, 0, 0, 0, 0, 0, 0, 0, 0, 0, 0, 0, 0, 0, 0, 0, 0, 0, 0, 0, : 1, 1, 1, 2, 1, 1, 2, 1, 1, 1, 2, 1, 1, 
178: 1, 1, 2, 1, 1, 2, 1, 0, 0, 0, 0, 0, 0, 0, 0, 0, 0, 0, 0, 0, 0, 0, 0, 0, 0, 0, 0, 0, 0, 0, 0, 0, 0, 0, 0, 0, 0, 0, 0, 0, : 1, 1, 2, 1, 1, 2, 1, 
179: 1, 1, 1, 1, 1, 1, 1, 0, 0, 0, 0, 0, 0, 0, 0, 0, 0, 0, 0, 0, 0, 0, 0, 0, 0, 0, 0, 0, 0, 0, 0, 0, 0, 0, 0, 0, 0, 0, 0, 0, : 1, 1, 1, 1, 1, 1, 1, 
180: 1, 1, 2, 2, 2, 1, 2, 13, 2, 6, 1, 1, 2, 1, 4, 1, 1, 2, 11, 0, 0, 0, 0, 0, 0, 0, 0, 0, 0, 0, 0, 0, 0, 0, 0, 0, 0, 0, 0, 0, : 1, 1, 2, 2, 2, 1, 2, 13, 2, 6, 1, 1, 2, 1, 4, 1, 1, 2, 11, 
181: 1, 1, 1, 1, 1, 3, 0, 0, 0, 0, 0, 0, 0, 0, 0, 0, 0, 0, 0, 0, 0, 0, 0, 0, 0, 0, 0, 0, 0, 0, 0, 0, 0, 0, 0, 0, 0, 0, 0, 0, : 1, 1, 1, 1, 1, 3, 
182: 3, 1, 1, 1, 6, 1, 1, 1, 4, 1, 2, 1, 4, 5, 1, 3, 2, 1, 1, 2, 1, 1, 1, 6, 1, 1, 1, 1, 0, 0, 0, 0, 0, 0, 0, 0, 0, 0, 0, 0, : 3, 1, 1, 1, 6, 1, 1, 1, 4, 1, 2, 1, 4, 5, 1, 3, 2, 1, 1, 2, 1, 1, 1, 6, 1, 1, 1, 1, 
183: 2, 1, 2, 1, 1, 1, 1, 2, 4, 1, 1, 1, 1, 0, 0, 0, 0, 0, 0, 0, 0, 0, 0, 0, 0, 0, 0, 0, 0, 0, 0, 0, 0, 0, 0, 0, 0, 0, 0, 0, : 2, 1, 2, 1, 1, 1, 1, 2, 4, 1, 1, 1, 1, 
184: 6, 1, 2, 1, 0, 0, 0, 0, 0, 0, 0, 0, 0, 0, 0, 0, 0, 0, 0, 0, 0, 0, 0, 0, 0, 0, 0, 0, 0, 0, 0, 0, 0, 0, 0, 0, 0, 0, 0, 0, : 6, 1, 2, 1, 
185: 1, 1, 1, 1, 3, 1, 1, 1, 1, 3, 1, 1, 6, 2, 1, 1, 2, 3, 1, 3, 2, 1, 1, 5, 1, 2, 1, 1, 1, 1, 1, 0, 0, 0, 0, 0, 0, 0, 0, 0, : 1, 1, 1, 1, 3, 1, 1, 1, 1, 3, 1, 1, 6, 2, 1, 1, 2, 3, 1, 3, 2, 1, 1, 5, 1, 2, 1, 1, 1, 1, 1, 
186: 1, 2, 1, 2, 1, 1, 1, 1, 0, 0, 0, 0, 0, 0, 0, 0, 0, 0, 0, 0, 0, 0, 0, 0, 0, 0, 0, 0, 0, 0, 0, 0, 0, 0, 0, 0, 0, 0, 0, 0, : 1, 2, 1, 2, 1, 1, 1, 1, 
187: 2, 1, 1, 1, 1, 2, 1, 1, 1, 2, 1, 1, 1, 8, 1, 1, 1, 1, 1, 1, 3, 1, 1, 0, 0, 0, 0, 0, 0, 0, 0, 0, 0, 0, 0, 0, 0, 0, 0, 0, : 2, 1, 1, 1, 1, 2, 1, 1, 1, 2, 1, 1, 1, 8, 1, 1, 1, 1, 1, 1, 3, 1, 1, 
188: 1, 3, 1, 1, 1, 2, 0, 0, 0, 0, 0, 0, 0, 0, 0, 0, 0, 0, 0, 0, 0, 0, 0, 0, 0, 0, 0, 0, 0, 0, 0, 0, 0, 0, 0, 0, 0, 0, 0, 0, : 1, 3, 1, 1, 1, 2, 
189: 1, 1, 2, 1, 1, 1, 1, 2, 1, 4, 1, 2, 1, 0, 0, 0, 0, 0, 0, 0, 0, 0, 0, 0, 0, 0, 0, 0, 0, 0, 0, 0, 0, 0, 0, 0, 0, 0, 0, 0, : 1, 1, 2, 1, 1, 1, 1, 2, 1, 4, 1, 2, 1, 
190: 2, 1, 1, 1, 4, 1, 2, 1, 1, 2, 1, 3, 0, 0, 0, 0, 0, 0, 0, 0, 0, 0, 0, 0, 0, 0, 0, 0, 0, 0, 0, 0, 0, 0, 0, 0, 0, 0, 0, 0, : 2, 1, 1, 1, 4, 1, 2, 1, 1, 2, 1, 3, 
191: 2, 2, 1, 1, 1, 0, 0, 0, 0, 0, 0, 0, 0, 0, 0, 0, 0, 0, 0, 0, 0, 0, 0, 0, 0, 0, 0, 0, 0, 0, 0, 0, 0, 0, 0, 0, 0, 0, 0, 0, : 2, 2, 1, 1, 1, 
192: 1, 1, 1, 1, 1, 1, 2, 2, 2, 1, 1, 3, 1, 1, 1, 1, 3, 3, 1, 2, 1, 1, 1, 1, 3, 0, 0, 0, 0, 0, 0, 0, 0, 0, 0, 0, 0, 0, 0, 0, : 1, 1, 1, 1, 1, 1, 2, 2, 2, 1, 1, 3, 1, 1, 1, 1, 3, 3, 1, 2, 1, 1, 1, 1, 3, 
193: 4, 1, 1, 1, 1, 2, 1, 1, 1, 1, 1, 1, 0, 0, 0, 0, 0, 0, 0, 0, 0, 0, 0, 0, 0, 0, 0, 0, 0, 0, 0, 0, 0, 0, 0, 0, 0, 0, 0, 0, : 4, 1, 1, 1, 1, 2, 1, 1, 1, 1, 1, 1, 
194: 1, 2, 1, 1, 1, 0, 0, 0, 0, 0, 0, 0, 0, 0, 0, 0, 0, 0, 0, 0, 0, 0, 0, 0, 0, 0, 0, 0, 0, 0, 0, 0, 0, 0, 0, 0, 0, 0, 0, 0, : 1, 2, 1, 1, 1, 
195: 1, 1, 1, 1, 3, 1, 1, 2, 2, 2, 0, 0, 0, 0, 0, 0, 0, 0, 0, 0, 0, 0, 0, 0, 0, 0, 0, 0, 0, 0, 0, 0, 0, 0, 0, 0, 0, 0, 0, 0, : 1, 1, 1, 1, 3, 1, 1, 2, 2, 2, 
196: 1, 1, 1, 1, 1, 1, 6, 0, 0, 0, 0, 0, 0, 0, 0, 0, 0, 0, 0, 0, 0, 0, 0, 0, 0, 0, 0, 0, 0, 0, 0, 0, 0, 0, 0, 0, 0, 0, 0, 0, : 1, 1, 1, 1, 1, 1, 6, 
197: 1, 1, 4, 1, 1, 1, 1, 2, 1, 1, 1, 1, 1, 1, 1, 1, 1, 1, 0, 0, 0, 0, 0, 0, 0, 0, 0, 0, 0, 0, 0, 0, 0, 0, 0, 0, 0, 0, 0, 0, : 1, 1, 4, 1, 1, 1, 1, 2, 1, 1, 1, 1, 1, 1, 1, 1, 1, 1, 
198: 1, 1, 1, 1, 0, 0, 0, 0, 0, 0, 0, 0, 0, 0, 0, 0, 0, 0, 0, 0, 0, 0, 0, 0, 0, 0, 0, 0, 0, 0, 0, 0, 0, 0, 0, 0, 0, 0, 0, 0, : 1, 1, 1, 1, 
199: 2, 1, 1, 0, 0, 0, 0, 0, 0, 0, 0, 0, 0, 0, 0, 0, 0, 0, 0, 0, 0, 0, 0, 0, 0, 0, 0, 0, 0, 0, 0, 0, 0, 0, 0, 0, 0, 0, 0, 0, : 2, 1, 1, 
200: 1, 1, 1, 1, 1, 1, 2, 1, 1, 0, 0, 0, 0, 0, 0, 0, 0, 0, 0, 0, 0, 0, 0, 0, 0, 0, 0, 0, 0, 0, 0, 0, 0, 0, 0, 0, 0, 0, 0, 0, : 1, 1, 1, 1, 1, 1, 2, 1, 1, 
201: 1, 1, 2, 2, 1, 1, 1, 2, 2, 1, 1, 1, 3, 0, 0, 0, 0, 0, 0, 0, 0, 0, 0, 0, 0, 0, 0, 0, 0, 0, 0, 0, 0, 0, 0, 0, 0, 0, 0, 0, : 1, 1, 2, 2, 1, 1, 1, 2, 2, 1, 1, 1, 3, 
202: 1, 1, 1, 3, 0, 0, 0, 0, 0, 0, 0, 0, 0, 0, 0, 0, 0, 0, 0, 0, 0, 0, 0, 0, 0, 0, 0, 0, 0, 0, 0, 0, 0, 0, 0, 0, 0, 0, 0, 0, : 1, 1, 1, 3, 
203: 1, 1, 2, 2, 1, 2, 1, 1, 1, 1, 3, 1, 4, 1, 1, 1, 2, 1, 1, 1, 0, 0, 0, 0, 0, 0, 0, 0, 0, 0, 0, 0, 0, 0, 0, 0, 0, 0, 0, 0, : 1, 1, 2, 2, 1, 2, 1, 1, 1, 1, 3, 1, 4, 1, 1, 1, 2, 1, 1, 1, 
204: 1, 3, 1, 1, 2, 1, 1, 1, 1, 1, 1, 3, 1, 2, 1, 1, 3, 0, 0, 0, 0, 0, 0, 0, 0, 0, 0, 0, 0, 0, 0, 0, 0, 0, 0, 0, 0, 0, 0, 0, : 1, 3, 1, 1, 2, 1, 1, 1, 1, 1, 1, 3, 1, 2, 1, 1, 3, 
205: 1, 4, 1, 1, 3, 1, 1, 1, 1, 0, 0, 0, 0, 0, 0, 0, 0, 0, 0, 0, 0, 0, 0, 0, 0, 0, 0, 0, 0, 0, 0, 0, 0, 0, 0, 0, 0, 0, 0, 0, : 1, 4, 1, 1, 3, 1, 1, 1, 1, 
206: 1, 1, 1, 2, 1, 1, 1, 1, 1, 1, 1, 1, 0, 0, 0, 0, 0, 0, 0, 0, 0, 0, 0, 0, 0, 0, 0, 0, 0, 0, 0, 0, 0, 0, 0, 0, 0, 0, 0, 0, : 1, 1, 1, 2, 1, 1, 1, 1, 1, 1, 1, 1, 
207: 3, 1, 1, 2, 1, 1, 1, 2, 1, 1, 1, 1, 0, 0, 0, 0, 0, 0, 0, 0, 0, 0, 0, 0, 0, 0, 0, 0, 0, 0, 0, 0, 0, 0, 0, 0, 0, 0, 0, 0, : 3, 1, 1, 2, 1, 1, 1, 2, 1, 1, 1, 1, 
208: 1, 3, 2, 1, 1, 1, 6, 1, 1, 4, 1, 1, 1, 0, 0, 0, 0, 0, 0, 0, 0, 0, 0, 0, 0, 0, 0, 0, 0, 0, 0, 0, 0, 0, 0, 0, 0, 0, 0, 0, : 1, 3, 2, 1, 1, 1, 6, 1, 1, 4, 1, 1, 1, 
209: 2, 1, 1, 1, 1, 3, 1, 2, 1, 1, 1, 2, 1, 2, 1, 0, 0, 0, 0, 0, 0, 0, 0, 0, 0, 0, 0, 0, 0, 0, 0, 0, 0, 0, 0, 0, 0, 0, 0, 0, : 2, 1, 1, 1, 1, 3, 1, 2, 1, 1, 1, 2, 1, 2, 1, 
210: 2, 2, 9, 2, 1, 2, 1, 2, 1, 1, 1, 1, 1, 2, 4, 0, 0, 0, 0, 0, 0, 0, 0, 0, 0, 0, 0, 0, 0, 0, 0, 0, 0, 0, 0, 0, 0, 0, 0, 0, : 2, 2, 9, 2, 1, 2, 1, 2, 1, 1, 1, 1, 1, 2, 4, 
211: 1, 2, 13, 1, 2, 1, 1, 1, 1, 0, 0, 0, 0, 0, 0, 0, 0, 0, 0, 0, 0, 0, 0, 0, 0, 0, 0, 0, 0, 0, 0, 0, 0, 0, 0, 0, 0, 0, 0, 0, : 1, 2, 13, 1, 2, 1, 1, 1, 1, 
212: 1, 1, 1, 1, 1, 1, 1, 0, 0, 0, 0, 0, 0, 0, 0, 0, 0, 0, 0, 0, 0, 0, 0, 0, 0, 0, 0, 0, 0, 0, 0, 0, 0, 0, 0, 0, 0, 0, 0, 0, : 1, 1, 1, 1, 1, 1, 1, 
213: 2, 1, 4, 1, 1, 1, 2, 1, 3, 1, 1, 1, 2, 1, 1, 1, 1, 1, 1, 1, 2, 1, 1, 3, 2, 1, 1, 1, 3, 1, 1, 1, 1, 2, 1, 1, 0, 0, 0, 0, : 2, 1, 4, 1, 1, 1, 2, 1, 3, 1, 1, 1, 2, 1, 1, 1, 1, 1, 1, 1, 2, 1, 1, 3, 2, 1, 1, 1, 3, 1, 1, 1, 1, 2, 1, 1, 
214: 1, 1, 1, 2, 1, 1, 1, 0, 0, 0, 0, 0, 0, 0, 0, 0, 0, 0, 0, 0, 0, 0, 0, 0, 0, 0, 0, 0, 0, 0, 0, 0, 0, 0, 0, 0, 0, 0, 0, 0, : 1, 1, 1, 2, 1, 1, 1, 
215: 1, 1, 5, 0, 0, 0, 0, 0, 0, 0, 0, 0, 0, 0, 0, 0, 0, 0, 0, 0, 0, 0, 0, 0, 0, 0, 0, 0, 0, 0, 0, 0, 0, 0, 0, 0, 0, 0, 0, 0, : 1, 1, 5, 
216: 1, 1, 4, 1, 1, 1, 0, 0, 0, 0, 0, 0, 0, 0, 0, 0, 0, 0, 0, 0, 0, 0, 0, 0, 0, 0, 0, 0, 0, 0, 0, 0, 0, 0, 0, 0, 0, 0, 0, 0, : 1, 1, 4, 1, 1, 1, 
217: 2, 1, 1, 1, 1, 4, 1, 1, 4, 1, 1, 1, 3, 3, 1, 1, 1, 2, 1, 1, 5, 1, 2, 1, 1, 2, 1, 0, 0, 0, 0, 0, 0, 0, 0, 0, 0, 0, 0, 0, : 2, 1, 1, 1, 1, 4, 1, 1, 4, 1, 1, 1, 3, 3, 1, 1, 1, 2, 1, 1, 5, 1, 2, 1, 1, 2, 1, 
218: 1, 2, 2, 1, 2, 4, 2, 1, 1, 2, 2, 1, 1, 1, 1, 1, 2, 1, 1, 1, 1, 1, 1, 1, 2, 2, 1, 1, 1, 1, 3, 1, 1, 2, 4, 2, 1, 2, 1, 0, : 1, 2, 2, 1, 2, 4, 2, 1, 1, 2, 2, 1, 1, 1, 1, 1, 2, 1, 1, 1, 1, 1, 1, 1, 2, 2, 1, 1, 1, 1, 3, 1, 1, 2, 4, 2, 1, 2, 1, 
219: 1, 1, 4, 2, 1, 1, 1, 2, 2, 1, 1, 1, 1, 1, 1, 0, 0, 0, 0, 0, 0, 0, 0, 0, 0, 0, 0, 0, 0, 0, 0, 0, 0, 0, 0, 0, 0, 0, 0, 0, : 1, 1, 4, 2, 1, 1, 1, 2, 2, 1, 1, 1, 1, 1, 1, 
220: 1, 1, 2, 1, 3, 1, 2, 1, 3, 1, 1, 1, 2, 0, 0, 0, 0, 0, 0, 0, 0, 0, 0, 0, 0, 0, 0, 0, 0, 0, 0, 0, 0, 0, 0, 0, 0, 0, 0, 0, : 1, 1, 2, 1, 3, 1, 2, 1, 3, 1, 1, 1, 2, 
221: 3, 1, 2, 2, 1, 1, 1, 3, 2, 3, 2, 1, 1, 1, 3, 1, 1, 1, 1, 3, 1, 1, 3, 1, 4, 0, 0, 0, 0, 0, 0, 0, 0, 0, 0, 0, 0, 0, 0, 0, : 3, 1, 2, 2, 1, 1, 1, 3, 2, 3, 2, 1, 1, 1, 3, 1, 1, 1, 1, 3, 1, 1, 3, 1, 4, 
222: 1, 1, 1, 2, 1, 3, 2, 1, 1, 0, 0, 0, 0, 0, 0, 0, 0, 0, 0, 0, 0, 0, 0, 0, 0, 0, 0, 0, 0, 0, 0, 0, 0, 0, 0, 0, 0, 0, 0, 0, : 1, 1, 1, 2, 1, 3, 2, 1, 1, 
223: 2, 1, 1, 1, 1, 1, 1, 1, 1, 1, 3, 1, 1, 0, 0, 0, 0, 0, 0, 0, 0, 0, 0, 0, 0, 0, 0, 0, 0, 0, 0, 0, 0, 0, 0, 0, 0, 0, 0, 0, : 2, 1, 1, 1, 1, 1, 1, 1, 1, 1, 3, 1, 1, 
224: 1, 1, 1, 2, 1, 1, 1, 2, 1, 5, 1, 1, 2, 1, 2, 2, 1, 1, 2, 2, 1, 1, 1, 1, 2, 1, 1, 2, 2, 1, 1, 1, 5, 0, 0, 0, 0, 0, 0, 0, : 1, 1, 1, 2, 1, 1, 1, 2, 1, 5, 1, 1, 2, 1, 2, 2, 1, 1, 2, 2, 1, 1, 1, 1, 2, 1, 1, 2, 2, 1, 1, 1, 5, 
225: 1, 1, 1, 1, 1, 1, 1, 1, 2, 0, 0, 0, 0, 0, 0, 0, 0, 0, 0, 0, 0, 0, 0, 0, 0, 0, 0, 0, 0, 0, 0, 0, 0, 0, 0, 0, 0, 0, 0, 0, : 1, 1, 1, 1, 1, 1, 1, 1, 2, 
226: 1, 1, 1, 2, 1, 1, 1, 0, 0, 0, 0, 0, 0, 0, 0, 0, 0, 0, 0, 0, 0, 0, 0, 0, 0, 0, 0, 0, 0, 0, 0, 0, 0, 0, 0, 0, 0, 0, 0, 0, : 1, 1, 1, 2, 1, 1, 1, 
227: 1, 1, 1, 1, 1, 1, 0, 0, 0, 0, 0, 0, 0, 0, 0, 0, 0, 0, 0, 0, 0, 0, 0, 0, 0, 0, 0, 0, 0, 0, 0, 0, 0, 0, 0, 0, 0, 0, 0, 0, : 1, 1, 1, 1, 1, 1, 
228: 1, 1, 1, 3, 1, 1, 1, 1, 1, 1, 2, 0, 0, 0, 0, 0, 0, 0, 0, 0, 0, 0, 0, 0, 0, 0, 0, 0, 0, 0, 0, 0, 0, 0, 0, 0, 0, 0, 0, 0, : 1, 1, 1, 3, 1, 1, 1, 1, 1, 1, 2, 
229: 1, 2, 1, 1, 1, 2, 2, 2, 4, 1, 1, 1, 1, 0, 0, 0, 0, 0, 0, 0, 0, 0, 0, 0, 0, 0, 0, 0, 0, 0, 0, 0, 0, 0, 0, 0, 0, 0, 0, 0, : 1, 2, 1, 1, 1, 2, 2, 2, 4, 1, 1, 1, 1, 
230: 3, 2, 1, 6, 1, 1, 1, 2, 4, 5, 3, 1, 3, 1, 1, 1, 0, 0, 0, 0, 0, 0, 0, 0, 0, 0, 0, 0, 0, 0, 0, 0, 0, 0, 0, 0, 0, 0, 0, 0, : 3, 2, 1, 6, 1, 1, 1, 2, 4, 5, 3, 1, 3, 1, 1, 1, 
231: 1, 1, 2, 2, 1, 0, 0, 0, 0, 0, 0, 0, 0, 0, 0, 0, 0, 0, 0, 0, 0, 0, 0, 0, 0, 0, 0, 0, 0, 0, 0, 0, 0, 0, 0, 0, 0, 0, 0, 0, : 1, 1, 2, 2, 1, 
232: 1, 1, 1, 1, 1, 1, 1, 1, 0, 0, 0, 0, 0, 0, 0, 0, 0, 0, 0, 0, 0, 0, 0, 0, 0, 0, 0, 0, 0, 0, 0, 0, 0, 0, 0, 0, 0, 0, 0, 0, : 1, 1, 1, 1, 1, 1, 1, 1, 
233: 1, 1, 1, 1, 1, 1, 1, 4, 1, 3, 1, 1, 1, 1, 1, 2, 3, 4, 3, 3, 1, 1, 2, 1, 1, 1, 1, 2, 2, 1, 2, 2, 2, 1, 1, 1, 0, 0, 0, 0, : 1, 1, 1, 1, 1, 1, 1, 4, 1, 3, 1, 1, 1, 1, 1, 2, 3, 4, 3, 3, 1, 1, 2, 1, 1, 1, 1, 2, 2, 1, 2, 2, 2, 1, 1, 1, 
234: 1, 2, 1, 1, 1, 1, 1, 3, 2, 1, 1, 2, 1, 1, 4, 1, 1, 3, 1, 1, 1, 1, 1, 6, 1, 1, 3, 1, 1, 1, 1, 0, 0, 0, 0, 0, 0, 0, 0, 0, : 1, 2, 1, 1, 1, 1, 1, 3, 2, 1, 1, 2, 1, 1, 4, 1, 1, 3, 1, 1, 1, 1, 1, 6, 1, 1, 3, 1, 1, 1, 1, 
235: 4, 1, 1, 1, 1, 12, 7, 1, 1, 1, 3, 1, 0, 0, 0, 0, 0, 0, 0, 0, 0, 0, 0, 0, 0, 0, 0, 0, 0, 0, 0, 0, 0, 0, 0, 0, 0, 0, 0, 0, : 4, 1, 1, 1, 1, 12, 7, 1, 1, 1, 3, 1, 
236: 1, 1, 2, 1, 4, 2, 1, 2, 1, 1, 1, 3, 1, 1, 2, 1, 2, 1, 1, 5, 1, 2, 0, 0, 0, 0, 0, 0, 0, 0, 0, 0, 0, 0, 0, 0, 0, 0, 0, 0, : 1, 1, 2, 1, 4, 2, 1, 2, 1, 1, 1, 3, 1, 1, 2, 1, 2, 1, 1, 5, 1, 2, 
237: 8, 1, 2, 1, 1, 1, 1, 1, 1, 1, 1, 1, 1, 1, 1, 1, 1, 1, 1, 1, 1, 1, 2, 1, 1, 1, 0, 0, 0, 0, 0, 0, 0, 0, 0, 0, 0, 0, 0, 0, : 8, 1, 2, 1, 1, 1, 1, 1, 1, 1, 1, 1, 1, 1, 1, 1, 1, 1, 1, 1, 1, 1, 2, 1, 1, 1, 
238: 1, 1, 1, 1, 4, 1, 1, 4, 1, 0, 0, 0, 0, 0, 0, 0, 0, 0, 0, 0, 0, 0, 0, 0, 0, 0, 0, 0, 0, 0, 0, 0, 0, 0, 0, 0, 0, 0, 0, 0, : 1, 1, 1, 1, 4, 1, 1, 4, 1, 
239: 1, 2, 2, 1, 1, 3, 1, 1, 2, 1, 0, 0, 0, 0, 0, 0, 0, 0, 0, 0, 0, 0, 0, 0, 0, 0, 0, 0, 0, 0, 0, 0, 0, 0, 0, 0, 0, 0, 0, 0, : 1, 2, 2, 1, 1, 3, 1, 1, 2, 1, 
240: 1, 1, 1, 1, 1, 1, 1, 2, 3, 1, 1, 2, 1, 1, 1, 1, 1, 1, 1, 2, 1, 1, 1, 1, 1, 0, 0, 0, 0, 0, 0, 0, 0, 0, 0, 0, 0, 0, 0, 0, : 1, 1, 1, 1, 1, 1, 1, 2, 3, 1, 1, 2, 1, 1, 1, 1, 1, 1, 1, 2, 1, 1, 1, 1, 1, 
241: 5, 1, 2, 2, 1, 1, 1, 1, 1, 1, 1, 1, 0, 0, 0, 0, 0, 0, 0, 0, 0, 0, 0, 0, 0, 0, 0, 0, 0, 0, 0, 0, 0, 0, 0, 0, 0, 0, 0, 0, : 5, 1, 2, 2, 1, 1, 1, 1, 1, 1, 1, 1, 
242: 2, 1, 1, 2, 4, 1, 1, 1, 1, 1, 1, 2, 2, 1, 1, 7, 1, 1, 1, 1, 1, 3, 1, 1, 6, 1, 2, 1, 0, 0, 0, 0, 0, 0, 0, 0, 0, 0, 0, 0, : 2, 1, 1, 2, 4, 1, 1, 1, 1, 1, 1, 2, 2, 1, 1, 7, 1, 1, 1, 1, 1, 3, 1, 1, 6, 1, 2, 1, 
243: 4, 1, 2, 1, 1, 1, 2, 1, 1, 1, 1, 1, 1, 1, 1, 0, 0, 0, 0, 0, 0, 0, 0, 0, 0, 0, 0, 0, 0, 0, 0, 0, 0, 0, 0, 0, 0, 0, 0, 0, : 4, 1, 2, 1, 1, 1, 2, 1, 1, 1, 1, 1, 1, 1, 1, 
244: 1, 1, 4, 1, 0, 0, 0, 0, 0, 0, 0, 0, 0, 0, 0, 0, 0, 0, 0, 0, 0, 0, 0, 0, 0, 0, 0, 0, 0, 0, 0, 0, 0, 0, 0, 0, 0, 0, 0, 0, : 1, 1, 4, 1, 
245: 1, 1, 1, 1, 1, 2, 1, 0, 0, 0, 0, 0, 0, 0, 0, 0, 0, 0, 0, 0, 0, 0, 0, 0, 0, 0, 0, 0, 0, 0, 0, 0, 0, 0, 0, 0, 0, 0, 0, 0, : 1, 1, 1, 1, 1, 2, 1, 
246: 1, 3, 2, 2, 1, 1, 1, 0, 0, 0, 0, 0, 0, 0, 0, 0, 0, 0, 0, 0, 0, 0, 0, 0, 0, 0, 0, 0, 0, 0, 0, 0, 0, 0, 0, 0, 0, 0, 0, 0, : 1, 3, 2, 2, 1, 1, 1, 
247: 2, 1, 1, 1, 1, 1, 1, 1, 0, 0, 0, 0, 0, 0, 0, 0, 0, 0, 0, 0, 0, 0, 0, 0, 0, 0, 0, 0, 0, 0, 0, 0, 0, 0, 0, 0, 0, 0, 0, 0, : 2, 1, 1, 1, 1, 1, 1, 1, 
248: 3, 1, 1, 1, 1, 1, 1, 1, 1, 1, 1, 1, 2, 0, 0, 0, 0, 0, 0, 0, 0, 0, 0, 0, 0, 0, 0, 0, 0, 0, 0, 0, 0, 0, 0, 0, 0, 0, 0, 0, : 3, 1, 1, 1, 1, 1, 1, 1, 1, 1, 1, 1, 2, 
249: 3, 1, 2, 1, 2, 1, 4, 0, 0, 0, 0, 0, 0, 0, 0, 0, 0, 0, 0, 0, 0, 0, 0, 0, 0, 0, 0, 0, 0, 0, 0, 0, 0, 0, 0, 0, 0, 0, 0, 0, : 3, 1, 2, 1, 2, 1, 4, 
250: 1, 3, 1, 1, 1, 1, 1, 1, 2, 1, 0, 0, 0, 0, 0, 0, 0, 0, 0, 0, 0, 0, 0, 0, 0, 0, 0, 0, 0, 0, 0, 0, 0, 0, 0, 0, 0, 0, 0, 0, : 1, 3, 1, 1, 1, 1, 1, 1, 2, 1, 
251: 1, 2, 1, 1, 1, 4, 1, 1, 1, 0, 0, 0, 0, 0, 0, 0, 0, 0, 0, 0, 0, 0, 0, 0, 0, 0, 0, 0, 0, 0, 0, 0, 0, 0, 0, 0, 0, 0, 0, 0, : 1, 2, 1, 1, 1, 4, 1, 1, 1, 
252: 2, 1, 1, 1, 1, 3, 2, 1, 1, 1, 1, 2, 1, 1, 1, 1, 3, 1, 2, 3, 0, 0, 0, 0, 0, 0, 0, 0, 0, 0, 0, 0, 0, 0, 0, 0, 0, 0, 0, 0, : 2, 1, 1, 1, 1, 3, 2, 1, 1, 1, 1, 2, 1, 1, 1, 1, 3, 1, 2, 3, 
253: 2, 2, 2, 7, 2, 1, 1, 1, 1, 1, 1, 1, 1, 0, 0, 0, 0, 0, 0, 0, 0, 0, 0, 0, 0, 0, 0, 0, 0, 0, 0, 0, 0, 0, 0, 0, 0, 0, 0, 0, : 2, 2, 2, 7, 2, 1, 1, 1, 1, 1, 1, 1, 1, 
254: 1, 2, 1, 1, 1, 1, 1, 1, 1, 1, 1, 1, 2, 8, 1, 1, 3, 1, 1, 1, 1, 2, 1, 1, 1, 1, 3, 1, 2, 2, 1, 0, 0, 0, 0, 0, 0, 0, 0, 0, : 1, 2, 1, 1, 1, 1, 1, 1, 1, 1, 1, 1, 2, 8, 1, 1, 3, 1, 1, 1, 1, 2, 1, 1, 1, 1, 3, 1, 2, 2, 1, 
255: 1, 1, 9, 1, 2, 2, 1, 1, 1, 1, 1, 1, 0, 0, 0, 0, 0, 0, 0, 0, 0, 0, 0, 0, 0, 0, 0, 0, 0, 0, 0, 0, 0, 0, 0, 0, 0, 0, 0, 0, : 1, 1, 9, 1, 2, 2, 1, 1, 1, 1, 1, 1, 
256: 2, 2, 2, 2, 2, 1, 1, 1, 1, 1, 2, 1, 1, 1, 1, 0, 0, 0, 0, 0, 0, 0, 0, 0, 0, 0, 0, 0, 0, 0, 0, 0, 0, 0, 0, 0, 0, 0, 0, 0, : 2, 2, 2, 2, 2, 1, 1, 1, 1, 1, 2, 1, 1, 1, 1, 
257: 1, 10, 1, 1, 1, 9, 0, 0, 0, 0, 0, 0, 0, 0, 0, 0, 0, 0, 0, 0, 0, 0, 0, 0, 0, 0, 0, 0, 0, 0, 0, 0, 0, 0, 0, 0, 0, 0, 0, 0, : 1, 10, 1, 1, 1, 9, 
258: 1, 1, 1, 1, 1, 1, 2, 1, 1, 1, 0, 0, 0, 0, 0, 0, 0, 0, 0, 0, 0, 0, 0, 0, 0, 0, 0, 0, 0, 0, 0, 0, 0, 0, 0, 0, 0, 0, 0, 0, : 1, 1, 1, 1, 1, 1, 2, 1, 1, 1, 
259: 1, 2, 1, 1, 2, 1, 2, 1, 1, 0, 0, 0, 0, 0, 0, 0, 0, 0, 0, 0, 0, 0, 0, 0, 0, 0, 0, 0, 0, 0, 0, 0, 0, 0, 0, 0, 0, 0, 0, 0, : 1, 2, 1, 1, 2, 1, 2, 1, 1, 
260: 3, 1, 1, 1, 1, 1, 1, 1, 1, 2, 2, 4, 2, 1, 1, 2, 0, 0, 0, 0, 0, 0, 0, 0, 0, 0, 0, 0, 0, 0, 0, 0, 0, 0, 0, 0, 0, 0, 0, 0, : 3, 1, 1, 1, 1, 1, 1, 1, 1, 2, 2, 4, 2, 1, 1, 2, 
261: 3, 1, 2, 3, 2, 1, 2, 1, 2, 1, 2, 1, 1, 2, 1, 2, 1, 2, 0, 0, 0, 0, 0, 0, 0, 0, 0, 0, 0, 0, 0, 0, 0, 0, 0, 0, 0, 0, 0, 0, : 3, 1, 2, 3, 2, 1, 2, 1, 2, 1, 2, 1, 1, 2, 1, 2, 1, 2, 
262: 1, 1, 1, 10, 1, 1, 1, 1, 2, 1, 1, 1, 1, 2, 1, 1, 0, 0, 0, 0, 0, 0, 0, 0, 0, 0, 0, 0, 0, 0, 0, 0, 0, 0, 0, 0, 0, 0, 0, 0, : 1, 1, 1, 10, 1, 1, 1, 1, 2, 1, 1, 1, 1, 2, 1, 1, 
263: 1, 1, 2, 1, 1, 2, 1, 1, 1, 1, 0, 0, 0, 0, 0, 0, 0, 0, 0, 0, 0, 0, 0, 0, 0, 0, 0, 0, 0, 0, 0, 0, 0, 0, 0, 0, 0, 0, 0, 0, : 1, 1, 2, 1, 1, 2, 1, 1, 1, 1, 
264: 1, 1, 2, 3, 1, 1, 1, 1, 1, 1, 1, 5, 0, 0, 0, 0, 0, 0, 0, 0, 0, 0, 0, 0, 0, 0, 0, 0, 0, 0, 0, 0, 0, 0, 0, 0, 0, 0, 0, 0, : 1, 1, 2, 3, 1, 1, 1, 1, 1, 1, 1, 5, 
265: 1, 1, 1, 2, 1, 2, 1, 1, 1, 1, 1, 1, 1, 3, 5, 3, 1, 0, 0, 0, 0, 0, 0, 0, 0, 0, 0, 0, 0, 0, 0, 0, 0, 0, 0, 0, 0, 0, 0, 0, : 1, 1, 1, 2, 1, 2, 1, 1, 1, 1, 1, 1, 1, 3, 5, 3, 1, 
266: 1, 1, 1, 1, 1, 1, 1, 3, 1, 0, 0, 0, 0, 0, 0, 0, 0, 0, 0, 0, 0, 0, 0, 0, 0, 0, 0, 0, 0, 0, 0, 0, 0, 0, 0, 0, 0, 0, 0, 0, : 1, 1, 1, 1, 1, 1, 1, 3, 1, 
267: 1, 1, 1, 1, 1, 1, 2, 1, 0, 0, 0, 0, 0, 0, 0, 0, 0, 0, 0, 0, 0, 0, 0, 0, 0, 0, 0, 0, 0, 0, 0, 0, 0, 0, 0, 0, 0, 0, 0, 0, : 1, 1, 1, 1, 1, 1, 2, 1, 
268: 1, 2, 1, 1, 1, 1, 5, 0, 0, 0, 0, 0, 0, 0, 0, 0, 0, 0, 0, 0, 0, 0, 0, 0, 0, 0, 0, 0, 0, 0, 0, 0, 0, 0, 0, 0, 0, 0, 0, 0, : 1, 2, 1, 1, 1, 1, 5, 
269: 1, 1, 1, 2, 1, 1, 1, 2, 1, 1, 0, 0, 0, 0, 0, 0, 0, 0, 0, 0, 0, 0, 0, 0, 0, 0, 0, 0, 0, 0, 0, 0, 0, 0, 0, 0, 0, 0, 0, 0, : 1, 1, 1, 2, 1, 1, 1, 2, 1, 1, 
270: 2, 1, 2, 1, 1, 1, 1, 0, 0, 0, 0, 0, 0, 0, 0, 0, 0, 0, 0, 0, 0, 0, 0, 0, 0, 0, 0, 0, 0, 0, 0, 0, 0, 0, 0, 0, 0, 0, 0, 0, : 2, 1, 2, 1, 1, 1, 1, 
271: 1, 1, 1, 1, 1, 1, 2, 1, 1, 1, 1, 1, 1, 1, 3, 1, 0, 0, 0, 0, 0, 0, 0, 0, 0, 0, 0, 0, 0, 0, 0, 0, 0, 0, 0, 0, 0, 0, 0, 0, : 1, 1, 1, 1, 1, 1, 2, 1, 1, 1, 1, 1, 1, 1, 3, 1, 
272: 1, 1, 1, 1, 2, 1, 1, 2, 1, 5, 1, 1, 2, 1, 1, 1, 1, 1, 1, 0, 0, 0, 0, 0, 0, 0, 0, 0, 0, 0, 0, 0, 0, 0, 0, 0, 0, 0, 0, 0, : 1, 1, 1, 1, 2, 1, 1, 2, 1, 5, 1, 1, 2, 1, 1, 1, 1, 1, 1, 
273: 1, 1, 1, 2, 1, 1, 0, 0, 0, 0, 0, 0, 0, 0, 0, 0, 0, 0, 0, 0, 0, 0, 0, 0, 0, 0, 0, 0, 0, 0, 0, 0, 0, 0, 0, 0, 0, 0, 0, 0, : 1, 1, 1, 2, 1, 1, 
274: 2, 1, 1, 3, 1, 1, 1, 1, 1, 1, 1, 1, 1, 2, 1, 4, 1, 1, 1, 1, 1, 1, 2, 2, 2, 1, 1, 1, 1, 1, 1, 1, 1, 0, 0, 0, 0, 0, 0, 0, : 2, 1, 1, 3, 1, 1, 1, 1, 1, 1, 1, 1, 1, 2, 1, 4, 1, 1, 1, 1, 1, 1, 2, 2, 2, 1, 1, 1, 1, 1, 1, 1, 1, 
275: 1, 1, 1, 3, 1, 10, 1, 1, 1, 0, 0, 0, 0, 0, 0, 0, 0, 0, 0, 0, 0, 0, 0, 0, 0, 0, 0, 0, 0, 0, 0, 0, 0, 0, 0, 0, 0, 0, 0, 0, : 1, 1, 1, 3, 1, 10, 1, 1, 1, 
276: 1, 6, 1, 1, 1, 1, 1, 1, 1, 5, 1, 1, 1, 0, 0, 0, 0, 0, 0, 0, 0, 0, 0, 0, 0, 0, 0, 0, 0, 0, 0, 0, 0, 0, 0, 0, 0, 0, 0, 0, : 1, 6, 1, 1, 1, 1, 1, 1, 1, 5, 1, 1, 1, 
277: 2, 2, 3, 1, 2, 1, 1, 1, 1, 0, 0, 0, 0, 0, 0, 0, 0, 0, 0, 0, 0, 0, 0, 0, 0, 0, 0, 0, 0, 0, 0, 0, 0, 0, 0, 0, 0, 0, 0, 0, : 2, 2, 3, 1, 2, 1, 1, 1, 1, 
278: 3, 1, 1, 1, 0, 0, 0, 0, 0, 0, 0, 0, 0, 0, 0, 0, 0, 0, 0, 0, 0, 0, 0, 0, 0, 0, 0, 0, 0, 0, 0, 0, 0, 0, 0, 0, 0, 0, 0, 0, : 3, 1, 1, 1, 
279: 1, 1, 3, 0, 0, 0, 0, 0, 0, 0, 0, 0, 0, 0, 0, 0, 0, 0, 0, 0, 0, 0, 0, 0, 0, 0, 0, 0, 0, 0, 0, 0, 0, 0, 0, 0, 0, 0, 0, 0, : 1, 1, 3, 
280: 1, 2, 1, 1, 1, 1, 1, 3, 0, 0, 0, 0, 0, 0, 0, 0, 0, 0, 0, 0, 0, 0, 0, 0, 0, 0, 0, 0, 0, 0, 0, 0, 0, 0, 0, 0, 0, 0, 0, 0, : 1, 2, 1, 1, 1, 1, 1, 3, 
281: 1, 1, 2, 1, 1, 1, 1, 1, 1, 3, 3, 5, 1, 0, 0, 0, 0, 0, 0, 0, 0, 0, 0, 0, 0, 0, 0, 0, 0, 0, 0, 0, 0, 0, 0, 0, 0, 0, 0, 0, : 1, 1, 2, 1, 1, 1, 1, 1, 1, 3, 3, 5, 1, 
282: 1, 2, 1, 1, 1, 1, 2, 1, 2, 1, 2, 1, 0, 0, 0, 0, 0, 0, 0, 0, 0, 0, 0, 0, 0, 0, 0, 0, 0, 0, 0, 0, 0, 0, 0, 0, 0, 0, 0, 0, : 1, 2, 1, 1, 1, 1, 2, 1, 2, 1, 2, 1, 
283: 2, 2, 1, 2, 1, 1, 3, 3, 2, 1, 1, 1, 1, 2, 1, 1, 9, 3, 0, 0, 0, 0, 0, 0, 0, 0, 0, 0, 0, 0, 0, 0, 0, 0, 0, 0, 0, 0, 0, 0, : 2, 2, 1, 2, 1, 1, 3, 3, 2, 1, 1, 1, 1, 2, 1, 1, 9, 3, 
284: 1, 1, 4, 1, 1, 1, 1, 0, 0, 0, 0, 0, 0, 0, 0, 0, 0, 0, 0, 0, 0, 0, 0, 0, 0, 0, 0, 0, 0, 0, 0, 0, 0, 0, 0, 0, 0, 0, 0, 0, : 1, 1, 4, 1, 1, 1, 1, 
285: 1, 2, 1, 2, 1, 3, 1, 2, 2, 1, 1, 1, 4, 1, 5, 1, 1, 2, 2, 2, 1, 1, 1, 1, 1, 1, 1, 13, 0, 0, 0, 0, 0, 0, 0, 0, 0, 0, 0, 0, : 1, 2, 1, 2, 1, 3, 1, 2, 2, 1, 1, 1, 4, 1, 5, 1, 1, 2, 2, 2, 1, 1, 1, 1, 1, 1, 1, 13, 
286: 1, 3, 2, 1, 1, 1, 1, 1, 2, 1, 2, 3, 1, 1, 1, 2, 0, 0, 0, 0, 0, 0, 0, 0, 0, 0, 0, 0, 0, 0, 0, 0, 0, 0, 0, 0, 0, 0, 0, 0, : 1, 3, 2, 1, 1, 1, 1, 1, 2, 1, 2, 3, 1, 1, 1, 2, 
287: 2, 1, 5, 1, 2, 1, 1, 1, 1, 1, 0, 0, 0, 0, 0, 0, 0, 0, 0, 0, 0, 0, 0, 0, 0, 0, 0, 0, 0, 0, 0, 0, 0, 0, 0, 0, 0, 0, 0, 0, : 2, 1, 5, 1, 2, 1, 1, 1, 1, 1, 
288: 1, 1, 9, 1, 1, 0, 0, 0, 0, 0, 0, 0, 0, 0, 0, 0, 0, 0, 0, 0, 0, 0, 0, 0, 0, 0, 0, 0, 0, 0, 0, 0, 0, 0, 0, 0, 0, 0, 0, 0, : 1, 1, 9, 1, 1, 
289: 1, 1, 3, 1, 1, 1, 1, 1, 1, 3, 2, 1, 1, 1, 1, 1, 3, 1, 2, 1, 1, 1, 3, 1, 3, 1, 1, 1, 1, 2, 1, 1, 1, 0, 0, 0, 0, 0, 0, 0, : 1, 1, 3, 1, 1, 1, 1, 1, 1, 3, 2, 1, 1, 1, 1, 1, 3, 1, 2, 1, 1, 1, 3, 1, 3, 1, 1, 1, 1, 2, 1, 1, 1, 
290: 3, 1, 1, 2, 1, 1, 2, 1, 1, 1, 1, 1, 1, 1, 1, 1, 2, 1, 1, 3, 1, 1, 1, 1, 0, 0, 0, 0, 0, 0, 0, 0, 0, 0, 0, 0, 0, 0, 0, 0, : 3, 1, 1, 2, 1, 1, 2, 1, 1, 1, 1, 1, 1, 1, 1, 1, 2, 1, 1, 3, 1, 1, 1, 1, 
291: 1, 1, 1, 1, 2, 1, 1, 1, 1, 1, 1, 3, 1, 1, 1, 5, 1, 0, 0, 0, 0, 0, 0, 0, 0, 0, 0, 0, 0, 0, 0, 0, 0, 0, 0, 0, 0, 0, 0, 0, : 1, 1, 1, 1, 2, 1, 1, 1, 1, 1, 1, 3, 1, 1, 1, 5, 1, 
292: 1, 3, 1, 1, 1, 7, 4, 1, 1, 1, 1, 1, 1, 1, 1, 1, 1, 7, 1, 1, 0, 0, 0, 0, 0, 0, 0, 0, 0, 0, 0, 0, 0, 0, 0, 0, 0, 0, 0, 0, : 1, 3, 1, 1, 1, 7, 4, 1, 1, 1, 1, 1, 1, 1, 1, 1, 1, 7, 1, 1, 
293: 1, 2, 1, 2, 1, 1, 1, 1, 1, 1, 2, 5, 1, 1, 2, 13, 1, 1, 1, 1, 1, 1, 2, 1, 1, 0, 0, 0, 0, 0, 0, 0, 0, 0, 0, 0, 0, 0, 0, 0, : 1, 2, 1, 2, 1, 1, 1, 1, 1, 1, 2, 5, 1, 1, 2, 13, 1, 1, 1, 1, 1, 1, 2, 1, 1, 
294: 1, 1, 2, 1, 1, 1, 1, 1, 2, 1, 0, 0, 0, 0, 0, 0, 0, 0, 0, 0, 0, 0, 0, 0, 0, 0, 0, 0, 0, 0, 0, 0, 0, 0, 0, 0, 0, 0, 0, 0, : 1, 1, 2, 1, 1, 1, 1, 1, 2, 1, 
295: 1, 1, 1, 3, 1, 8, 1, 1, 1, 1, 1, 1, 1, 1, 0, 0, 0, 0, 0, 0, 0, 0, 0, 0, 0, 0, 0, 0, 0, 0, 0, 0, 0, 0, 0, 0, 0, 0, 0, 0, : 1, 1, 1, 3, 1, 8, 1, 1, 1, 1, 1, 1, 1, 1, 
296: 1, 1, 1, 1, 2, 1, 1, 1, 2, 1, 1, 0, 0, 0, 0, 0, 0, 0, 0, 0, 0, 0, 0, 0, 0, 0, 0, 0, 0, 0, 0, 0, 0, 0, 0, 0, 0, 0, 0, 0, : 1, 1, 1, 1, 2, 1, 1, 1, 2, 1, 1, 
297: 1, 1, 4, 1, 2, 2, 4, 0, 0, 0, 0, 0, 0, 0, 0, 0, 0, 0, 0, 0, 0, 0, 0, 0, 0, 0, 0, 0, 0, 0, 0, 0, 0, 0, 0, 0, 0, 0, 0, 0, : 1, 1, 4, 1, 2, 2, 4, 
298: 2, 2, 2, 2, 1, 1, 1, 3, 3, 0, 0, 0, 0, 0, 0, 0, 0, 0, 0, 0, 0, 0, 0, 0, 0, 0, 0, 0, 0, 0, 0, 0, 0, 0, 0, 0, 0, 0, 0, 0, : 2, 2, 2, 2, 1, 1, 1, 3, 3, 
299: 1, 1, 1, 2, 1, 2, 1, 1, 1, 1, 2, 1, 2, 1, 1, 0, 0, 0, 0, 0, 0, 0, 0, 0, 0, 0, 0, 0, 0, 0, 0, 0, 0, 0, 0, 0, 0, 0, 0, 0, : 1, 1, 1, 2, 1, 2, 1, 1, 1, 1, 2, 1, 2, 1, 1, 
300: 15, 1, 1, 0, 0, 0, 0, 0, 0, 0, 0, 0, 0, 0, 0, 0, 0, 0, 0, 0, 0, 0, 0, 0, 0, 0, 0, 0, 0, 0, 0, 0, 0, 0, 0, 0, 0, 0, 0, 0, : 15, 1, 1, 


