
20
100
60
5

57: 0, 0, 4, 0, 4, 50, 0, 0, 0, 5, 0, 54, 0, 4, 0, 2, 0, 2, 3, 4, : 4, 4, 50, 5, 54, 4, 2, 2, 3, 4, 
60: 51, 0, 2, 0, 5, 0, 0, 0, 55, 0, 0, 0, 0, 0, 4, 2, 0, 2, 0, 4, : 51, 2, 5, 55, 4, 2, 2, 4, 
52: 0, 0, 5, 0, 2, 0, 1, 0, 0, 0, 0, 0, 0, 0, 0, 4, 0, 5, 0, 2, : 5, 2, 1, 4, 5, 2, 
47: 0, 4, 1, 0, 1, 0, 1, 0, 0, 0, 0, 1, 0, 0, 5, 7, 0, 2, 0, 3, : 4, 1, 1, 1, 1, 5, 7, 2, 3, 
100: 0, 51, 4, 0, 2, 0, 0, 0, 0, 3, 0, 1, 0, 0, 51, 4, 0, 5, 0, 1, : 51, 4, 2, 3, 1, 51, 4, 5, 1, 
94: 0, 0, 4, 0, 4, 0, 1, 4, 0, 0, 0, 0, 0, 51, 0, 2, 0, 2, 2, 1, : 4, 4, 1, 4, 51, 2, 2, 2, 1, 
99: 0, 0, 1, 0, 6, 0, 0, 52, 0, 0, 0, 0, 0, 0, 0, 3, 0, 2, 55, 1, : 1, 6, 52, 3, 2, 55, 1, 
30: 0, 0, 2, 50, 4, 0, 0, 0, 0, 0, 0, 0, 0, 0, 0, 4, 3, 1, 0, 5, : 2, 50, 4, 4, 3, 1, 5, 
90: 4, 0, 1, 0, 1, 0, 0, 0, 0, 0, 0, 0, 0, 0, 0, 5, 0, 2, 0, 1, : 4, 1, 1, 5, 2, 1, 
9: 1, 0, 4, 0, 1, 3, 0, 0, 0, 0, 0, 1, 0, 0, 0, 1, 0, 3, 0, 1, : 1, 4, 1, 3, 1, 1, 3, 1, 
83: 0, 0, 2, 2, 1, 2, 0, 0, 0, 0, 0, 0, 1, 0, 0, 1, 3, 3, 0, 4, : 2, 2, 1, 2, 1, 1, 3, 3, 4, 
78: 0, 5, 2, 0, 1, 0, 0, 1, 0, 0, 0, 0, 0, 0, 0, 4, 0, 5, 0, 5, : 5, 2, 1, 1, 4, 5, 5, 
58: 0, 0, 4, 0, 5, 0, 0, 0, 0, 0, 0, 3, 0, 0, 0, 2, 0, 4, 0, 1, : 4, 5, 3, 2, 4, 1, 
70: 0, 0, 3, 3, 4, 0, 0, 2, 2, 0, 0, 0, 52, 0, 0, 4, 53, 3, 0, 6, : 3, 3, 4, 2, 2, 52, 4, 53, 3, 6, 
97: 0, 0, 2, 0, 3, 0, 0, 0, 3, 0, 0, 0, 0, 0, 0, 4, 1, 2, 0, 6, : 2, 3, 3, 4, 1, 2, 6, 
76: 0, 0, 3, 0, 5, 5, 53, 0, 0, 0, 0, 0, 2, 3, 0, 1, 0, 1, 0, 1, : 3, 5, 5, 53, 2, 3, 1, 1, 1, 
35: 0, 0, 5, 0, 3, 0, 0, 0, 0, 51, 55, 0, 0, 0, 0, 2, 0, 6, 0, 2, : 5, 3, 51, 55, 2, 6, 2, 
44: 2, 0, 4, 0, 2, 0, 4, 0, 0, 0, 5, 0, 0, 2, 0, 5, 0, 3, 0, 5, : 2, 4, 2, 4, 5, 2, 5, 3, 5, 
73: 2, 0, 5, 0, 1, 0, 0, 0, 0, 0, 0, 0, 1, 0, 0, 1, 0, 5, 0, 3, : 2, 5, 1, 1, 1, 5, 3, 
36: 0, 0, 2, 5, 5, 0, 0, 1, 0, 1, 0, 0, 4, 0, 0, 2, 0, 2, 0, 4, : 2, 5, 5, 1, 1, 4, 2, 2, 4, 


84: 1, 0, 3, 0, 4, 0, 2, 0, 0, 2, 2, 0, 4, 3, 1, 0, 0, 0, 0, 0, : 1, 3, 4, 2, 2, 2, 4, 3, 1, 
42: 0, 2, 1, 0, 2, 0, 5, 0, 0, 3, 0, 0, 1, 5, 2, 1, 0, 0, 0, 0, : 2, 1, 2, 5, 3, 1, 5, 2, 1, 
27: 0, 0, 2, 0, 4, 0, 1, 0, 0, 2, 1, 0, 4, 1, 4, 1, 0, 0, 4, 3, : 2, 4, 1, 2, 1, 4, 1, 4, 1, 4, 3, 
96: 0, 0, 0, 0, 1, 0, 3, 2, 0, 5, 0, 0, 3, 5, 1, 0, 0, 0, 0, 0, : 1, 3, 2, 5, 3, 5, 1, 
39: 3, 0, 0, 0, 2, 50, 1, 0, 0, 5, 0, 0, 2, 0, 4, 53, 0, 0, 0, 0, : 3, 2, 50, 1, 5, 2, 4, 53, 
46: 0, 0, 0, 5, 1, 0, 5, 0, 0, 2, 1, 0, 1, 0, 4, 0, 0, 0, 0, 0, : 5, 1, 5, 2, 1, 1, 4, 
92: 0, 0, 51, 0, 3, 0, 4, 0, 0, 5, 0, 0, 1, 2, 2, 0, 0, 2, 0, 0, : 51, 3, 4, 5, 1, 2, 2, 2, 
51: 0, 0, 0, 53, 5, 2, 4, 0, 0, 4, 0, 0, 2, 3, 5, 0, 0, 0, 1, 0, : 53, 5, 2, 4, 4, 2, 3, 5, 1, 
32: 2, 0, 0, 0, 5, 0, 2, 0, 0, 1, 0, 0, 4, 3, 4, 0, 0, 0, 0, 0, : 2, 5, 2, 1, 4, 3, 4, 
7: 0, 3, 0, 0, 5, 0, 3, 53, 1, 1, 0, 0, 3, 0, 2, 0, 0, 2, 1, 1, : 3, 5, 3, 53, 1, 1, 3, 2, 2, 1, 1, 
77: 0, 0, 0, 0, 2, 0, 3, 0, 0, 5, 0, 5, 5, 5, 4, 0, 0, 54, 0, 0, : 2, 3, 5, 5, 5, 5, 4, 54, 
93: 3, 0, 0, 0, 3, 0, 3, 0, 0, 2, 0, 0, 5, 5, 2, 0, 0, 0, 0, 53, : 3, 3, 3, 2, 5, 5, 2, 53, 
48: 51, 0, 0, 1, 1, 2, 3, 0, 0, 4, 0, 1, 3, 3, 5, 0, 0, 0, 0, 0, : 51, 1, 1, 2, 3, 4, 1, 3, 3, 5, 
43: 0, 54, 0, 0, 5, 0, 3, 0, 1, 1, 2, 0, 3, 2, 1, 2, 0, 1, 0, 3, : 54, 5, 3, 1, 1, 2, 3, 2, 1, 2, 1, 3, 
1: 0, 0, 0, 0, 1, 0, 2, 1, 3, 5, 0, 0, 1, 3, 6, 2, 0, 0, 0, 0, : 1, 2, 1, 3, 5, 1, 3, 6, 2, 
65: 0, 0, 0, 0, 1, 5, 5, 0, 0, 1, 0, 50, 2, 2, 5, 0, 0, 0, 0, 0, : 1, 5, 5, 1, 50, 2, 2, 5, 
20: 0, 0, 3, 0, 4, 1, 3, 0, 50, 4, 4, 1, 4, 5, 1, 0, 0, 1, 0, 0, : 3, 4, 1, 3, 50, 4, 4, 1, 4, 5, 1, 1, 
3: 0, 0, 0, 0, 4, 0, 1, 0, 5, 2, 0, 3, 5, 4, 3, 0, 2, 0, 0, 0, : 4, 1, 5, 2, 3, 5, 4, 3, 2, 
67: 0, 0, 0, 1, 5, 0, 3, 0, 0, 2, 50, 0, 3, 5, 1, 0, 54, 0, 0, 0, : 1, 5, 3, 2, 50, 3, 5, 1, 54, 
28: 0, 1, 0, 0, 2, 0, 4, 4, 0, 4, 0, 0, 4, 4, 3, 1, 4, 0, 54, 0, : 1, 2, 4, 4, 4, 4, 4, 3, 1, 4, 54, 


13: 0, 2, 2, 0, 0, 0, 0, 0, 1, 4, 0, 1, 5, 2, 0, 4, 5, 4, 0, 0, : 2, 2, 1, 4, 1, 5, 2, 4, 5, 4, 
4: 2, 5, 1, 0, 0, 3, 0, 0, 2, 1, 0, 3, 5, 50, 0, 2, 0, 1, 0, 0, : 2, 5, 1, 3, 2, 1, 3, 5, 50, 2, 1, 
63: 0, 2, 4, 5, 0, 0, 0, 0, 3, 2, 55, 4, 3, 0, 0, 3, 0, 3, 4, 0, : 2, 4, 5, 3, 2, 55, 4, 3, 3, 3, 4, 
14: 0, 1, 3, 1, 55, 0, 0, 0, 5, 2, 0, 5, 4, 0, 1, 3, 0, 3, 0, 3, : 1, 3, 1, 55, 5, 2, 5, 4, 1, 3, 3, 3, 
11: 0, 2, 5, 0, 0, 1, 0, 0, 5, 1, 0, 2, 2, 0, 51, 4, 0, 3, 1, 0, : 2, 5, 1, 5, 1, 2, 2, 51, 4, 3, 1, 
88: 0, 3, 5, 0, 0, 2, 0, 0, 1, 4, 0, 3, 3, 0, 0, 5, 53, 5, 3, 0, : 3, 5, 2, 1, 4, 3, 3, 5, 53, 5, 3, 
2: 0, 4, 5, 54, 0, 0, 0, 0, 1, 5, 0, 3, 2, 4, 2, 1, 1, 2, 0, 0, : 4, 5, 54, 1, 5, 3, 2, 4, 2, 1, 1, 2, 
95: 0, 5, 2, 0, 0, 0, 1, 5, 4, 2, 0, 1, 4, 0, 0, 2, 0, 4, 0, 0, : 5, 2, 1, 5, 4, 2, 1, 4, 2, 4, 
21: 4, 5, 1, 0, 0, 0, 0, 4, 5, 4, 0, 1, 3, 0, 0, 4, 0, 1, 0, 0, : 4, 5, 1, 4, 5, 4, 1, 3, 4, 1, 
61: 0, 4, 5, 0, 0, 0, 0, 1, 3, 2, 0, 4, 5, 0, 0, 4, 0, 1, 0, 0, : 4, 5, 1, 3, 2, 4, 5, 4, 1, 
15: 0, 3, 4, 0, 0, 0, 0, 0, 1, 2, 0, 5, 3, 0, 0, 1, 0, 2, 0, 0, : 3, 4, 1, 2, 5, 3, 1, 2, 
10: 1, 2, 4, 0, 0, 0, 0, 0, 2, 7, 0, 1, 1, 0, 2, 1, 0, 2, 0, 0, : 1, 2, 4, 2, 7, 1, 1, 2, 1, 2, 
64: 0, 3, 2, 0, 0, 0, 0, 50, 3, 3, 0, 6, 3, 0, 0, 4, 0, 5, 0, 0, : 3, 2, 50, 3, 3, 6, 3, 4, 5, 
41: 0, 4, 2, 0, 0, 0, 54, 0, 5, 2, 0, 1, 0, 4, 0, 3, 0, 5, 0, 1, : 4, 2, 54, 5, 2, 1, 4, 3, 5, 1, 
56: 0, 4, 3, 0, 0, 0, 0, 0, 2, 2, 0, 5, 3, 0, 0, 3, 0, 2, 0, 50, : 4, 3, 2, 2, 5, 3, 3, 2, 50, 
53: 1, 1, 1, 0, 4, 0, 0, 0, 4, 1, 0, 4, 4, 0, 0, 4, 0, 5, 52, 0, : 1, 1, 1, 4, 4, 1, 4, 4, 4, 5, 52, 
5: 0, 2, 2, 0, 0, 0, 0, 0, 3, 5, 5, 5, 2, 0, 4, 5, 0, 4, 0, 0, : 2, 2, 3, 5, 5, 5, 2, 4, 5, 4, 
55: 0, 5, 2, 0, 0, 0, 0, 0, 5, 4, 0, 3, 5, 0, 0, 2, 0, 4, 0, 0, : 5, 2, 5, 4, 3, 5, 2, 4, 
75: 1, 0, 2, 0, 0, 0, 0, 0, 3, 4, 0, 1, 0, 0, 0, 4, 0, 3, 0, 2, : 1, 2, 3, 4, 1, 4, 3, 2, 
6: 51, 3, 5, 0, 1, 54, 5, 0, 2, 3, 0, 2, 3, 0, 0, 1, 1, 1, 0, 4, : 51, 3, 5, 1, 54, 5, 2, 3, 2, 3, 1, 1, 1, 4, 


29: 4, 0, 0, 0, 0, 0, 0, 0, 0, 0, 0, 0, 55, 0, 0, 2, 0, 3, 0, 0, : 4, 55, 2, 3, 
66: 1, 1, 0, 0, 0, 0, 52, 0, 0, 0, 0, 0, 0, 0, 0, 0, 2, 4, 0, 0, : 1, 1, 52, 2, 4, 
18: 0, 0, 0, 0, 0, 0, 0, 0, 0, 3, 51, 0, 0, 0, 1, 2, 0, 4, 0, 0, : 3, 51, 1, 2, 4, 
34: 0, 0, 0, 54, 0, 1, 0, 0, 0, 2, 0, 0, 0, 0, 50, 0, 0, 3, 1, 0, : 54, 1, 2, 50, 3, 1, 
23: 52, 0, 0, 0, 0, 1, 0, 0, 0, 1, 0, 0, 0, 1, 0, 2, 1, 3, 0, 1, : 52, 1, 1, 1, 2, 1, 3, 1, 
80: 0, 0, 0, 2, 1, 0, 0, 0, 0, 0, 0, 0, 0, 1, 0, 0, 0, 4, 0, 0, : 2, 1, 1, 4, 
54: 0, 0, 0, 0, 0, 0, 1, 0, 0, 0, 0, 0, 0, 0, 0, 53, 0, 3, 53, 0, : 1, 53, 3, 53, 
19: 0, 0, 4, 0, 1, 0, 0, 4, 1, 0, 0, 3, 2, 0, 0, 0, 2, 5, 0, 0, : 4, 1, 4, 1, 3, 2, 2, 5, 
50: 0, 0, 0, 0, 0, 0, 0, 55, 0, 0, 0, 0, 0, 1, 0, 0, 53, 2, 4, 1, : 55, 1, 53, 2, 4, 1, 
17: 0, 54, 3, 0, 0, 0, 0, 0, 0, 0, 3, 0, 0, 0, 0, 0, 0, 3, 0, 0, : 54, 3, 3, 3, 
59: 0, 0, 0, 0, 4, 0, 0, 0, 1, 0, 0, 5, 0, 51, 0, 0, 0, 5, 0, 3, : 4, 1, 5, 51, 5, 3, 
26: 0, 4, 0, 0, 0, 0, 0, 0, 0, 52, 4, 0, 0, 0, 0, 0, 0, 4, 0, 53, : 4, 52, 4, 4, 53, 
31: 0, 0, 0, 2, 0, 0, 0, 0, 0, 0, 0, 0, 0, 0, 1, 0, 0, 5, 0, 0, : 2, 1, 5, 
71: 3, 0, 51, 0, 0, 0, 4, 0, 1, 0, 0, 0, 0, 0, 0, 0, 0, 0, 1, 0, : 3, 51, 4, 1, 1, 
12: 0, 0, 0, 1, 0, 0, 0, 1, 53, 0, 1, 0, 0, 4, 0, 0, 0, 1, 0, 0, : 1, 1, 53, 1, 4, 1, 
86: 0, 0, 0, 1, 0, 0, 0, 0, 3, 0, 0, 0, 0, 0, 2, 1, 0, 0, 1, 0, : 1, 3, 2, 1, 1, 
37: 0, 0, 0, 0, 0, 55, 1, 0, 1, 0, 0, 0, 0, 0, 3, 0, 2, 3, 0, 1, : 55, 1, 1, 3, 2, 3, 1, 
8: 0, 0, 0, 0, 4, 0, 0, 0, 0, 1, 0, 0, 0, 2, 0, 0, 0, 4, 0, 0, : 4, 1, 2, 4, 
33: 0, 0, 2, 0, 0, 0, 2, 0, 0, 1, 0, 0, 0, 0, 3, 0, 0, 4, 0, 0, : 2, 2, 1, 3, 4, 
16: 0, 1, 0, 0, 50, 3, 0, 0, 0, 0, 1, 52, 3, 0, 0, 0, 0, 0, 0, 1, : 1, 50, 3, 1, 52, 3, 1, 


85: 0, 0, 0, 0, 3, 0, 3, 0, 5, 0, 53, 0, 5, 0, 0, 0, 0, 0, 4, 0, : 3, 3, 5, 53, 5, 4, 
82: 0, 0, 0, 1, 5, 53, 0, 0, 0, 0, 0, 0, 0, 0, 3, 0, 0, 0, 3, 0, : 1, 5, 53, 3, 3, 
74: 0, 0, 0, 0, 4, 0, 0, 0, 0, 0, 0, 0, 0, 0, 0, 0, 5, 0, 3, 0, : 4, 5, 3, 
87: 0, 0, 0, 0, 0, 0, 0, 5, 0, 0, 0, 0, 0, 0, 50, 2, 0, 0, 4, 0, : 5, 50, 2, 4, 
79: 0, 0, 0, 0, 3, 0, 3, 0, 0, 0, 0, 0, 2, 51, 0, 0, 0, 0, 3, 0, : 3, 3, 2, 51, 3, 
45: 5, 1, 0, 0, 5, 5, 0, 0, 0, 0, 3, 0, 0, 0, 0, 0, 0, 0, 2, 0, : 5, 1, 5, 5, 3, 2, 
91: 0, 0, 0, 55, 3, 2, 0, 0, 0, 0, 0, 0, 0, 3, 1, 0, 0, 0, 2, 0, : 55, 3, 2, 3, 1, 2, 
62: 0, 52, 1, 0, 4, 0, 0, 0, 0, 0, 0, 0, 0, 1, 0, 3, 0, 0, 1, 0, : 52, 1, 4, 1, 3, 1, 
25: 0, 0, 1, 0, 0, 0, 1, 0, 0, 54, 0, 0, 0, 0, 0, 0, 1, 3, 4, 0, : 1, 1, 54, 1, 3, 4, 
89: 53, 0, 0, 0, 5, 0, 0, 3, 0, 0, 2, 0, 0, 0, 0, 0, 0, 0, 1, 0, : 53, 5, 3, 2, 1, 
69: 0, 0, 0, 0, 1, 0, 0, 0, 0, 0, 0, 0, 0, 0, 1, 0, 0, 1, 4, 0, : 1, 1, 1, 4, 
22: 0, 0, 0, 0, 5, 0, 0, 0, 0, 0, 0, 2, 0, 0, 0, 0, 1, 0, 5, 0, : 5, 2, 1, 5, 
68: 1, 0, 0, 0, 4, 0, 0, 0, 51, 0, 0, 0, 51, 0, 2, 0, 0, 0, 1, 3, : 1, 4, 51, 51, 2, 1, 3, 
49: 0, 0, 0, 0, 5, 0, 0, 52, 0, 0, 0, 0, 0, 0, 0, 0, 1, 0, 2, 0, : 5, 52, 1, 2, 
81: 0, 3, 0, 4, 2, 0, 0, 0, 0, 5, 0, 5, 0, 0, 0, 3, 2, 0, 5, 5, : 3, 4, 2, 5, 5, 3, 2, 5, 5, 
40: 0, 4, 0, 0, 3, 0, 0, 0, 0, 0, 2, 53, 0, 0, 3, 0, 0, 0, 5, 1, : 4, 3, 2, 53, 3, 5, 1, 
98: 0, 0, 55, 0, 2, 0, 0, 0, 4, 0, 0, 0, 2, 0, 0, 52, 0, 0, 5, 0, : 55, 2, 4, 2, 52, 5, 
24: 0, 0, 3, 0, 0, 0, 53, 0, 0, 0, 0, 0, 0, 0, 0, 0, 50, 51, 1, 0, : 3, 53, 50, 51, 1, 
72: 0, 0, 0, 0, 3, 0, 0, 0, 0, 1, 0, 0, 0, 0, 0, 0, 0, 1, 4, 51, : 3, 1, 1, 4, 51, 
38: 1, 0, 0, 0, 3, 0, 0, 0, 0, 0, 0, 0, 0, 5, 0, 0, 0, 4, 1, 0, : 1, 3, 5, 4, 1, 


