
40
400
80
20

163: 2, 0, 8, 7, 4, 0, 0, 0, 0, 0, 0, 0, 2, 6, 2, 0, 9, 10, 5, 0, 2, 0, 0, 8, 7, 0, 5, 0, 6, 5, 9, 0, 7, 6, 10, 0, 10, 0, 9, 0, : 2, 8, 7, 4, 2, 6, 2, 9, 10, 5, 2, 8, 7, 5, 6, 5, 9, 7, 6, 10, 10, 9, 
271: 1, 0, 0, 3, 3, 2, 0, 1, 0, 0, 2, 0, 3, 3, 2, 3, 9, 6, 4, 0, 5, 0, 5, 0, 1, 8, 0, 7, 7, 0, 9, 0, 6, 2, 0, 0, 3, 0, 7, 0, : 1, 3, 3, 2, 1, 2, 3, 3, 2, 3, 9, 6, 4, 5, 5, 1, 8, 7, 7, 9, 6, 2, 3, 7, 
113: 3, 0, 9, 0, 5, 0, 9, 8, 1, 0, 5, 0, 0, 5, 2, 6, 0, 6, 0, 0, 3, 0, 7, 1, 0, 4, 0, 3, 10, 0, 3, 0, 2, 0, 0, 0, 7, 0, 7, 5, : 3, 9, 5, 9, 8, 1, 5, 5, 2, 6, 6, 3, 7, 1, 4, 3, 10, 3, 2, 7, 7, 5, 
253: 9, 0, 0, 6, 9, 0, 8, 6, 0, 0, 7, 1, 3, 0, 0, 9, 10, 0, 0, 0, 3, 0, 10, 6, 7, 0, 0, 5, 10, 0, 2, 3, 4, 68, 0, 0, 5, 0, 0, 0, : 9, 6, 9, 8, 6, 7, 1, 3, 9, 10, 3, 10, 6, 7, 5, 10, 2, 3, 4, 68, 5, 
206: 0, 0, 2, 9, 9, 0, 5, 10, 0, 0, 6, 0, 1, 4, 4, 4, 4, 5, 0, 0, 0, 0, 0, 8, 10, 0, 0, 1, 0, 7, 8, 0, 1, 0, 2, 0, 3, 0, 0, 61, : 2, 9, 9, 5, 10, 6, 1, 4, 4, 4, 4, 5, 8, 10, 1, 7, 8, 1, 2, 3, 61, 
72: 7, 0, 8, 1, 0, 0, 4, 8, 0, 0, 1, 6, 0, 5, 8, 5, 0, 0, 1, 0, 3, 0, 5, 0, 0, 0, 0, 6, 0, 0, 0, 0, 0, 0, 0, 0, 0, 0, 6, 0, : 7, 8, 1, 4, 8, 1, 6, 5, 8, 5, 1, 3, 5, 6, 6, 
47: 5, 0, 3, 0, 2, 0, 0, 10, 0, 0, 9, 7, 5, 6, 7, 0, 9, 7, 7, 0, 10, 8, 6, 0, 0, 0, 0, 1, 4, 0, 7, 0, 6, 0, 0, 0, 1, 0, 0, 0, : 5, 3, 2, 10, 9, 7, 5, 6, 7, 9, 7, 7, 10, 8, 6, 1, 4, 7, 6, 1, 
188: 3, 0, 5, 10, 7, 1, 0, 0, 0, 4, 1, 0, 0, 0, 8, 5, 0, 6, 1, 0, 2, 0, 0, 0, 2, 0, 9, 2, 3, 5, 0, 0, 0, 0, 64, 4, 0, 0, 2, 0, : 3, 5, 10, 7, 1, 4, 1, 8, 5, 6, 1, 2, 2, 9, 2, 3, 5, 64, 4, 2, 
55: 7, 10, 3, 0, 6, 0, 10, 9, 0, 0, 0, 0, 0, 5, 7, 3, 0, 8, 0, 0, 7, 0, 2, 6, 4, 0, 0, 5, 0, 0, 10, 68, 2, 0, 0, 68, 0, 0, 0, 0, : 7, 10, 3, 6, 10, 9, 5, 7, 3, 8, 7, 2, 6, 4, 5, 10, 68, 2, 68, 
209: 0, 0, 2, 0, 3, 0, 8, 2, 3, 0, 4, 0, 7, 0, 6, 5, 1, 10, 0, 10, 4, 0, 6, 8, 7, 63, 0, 5, 0, 0, 0, 0, 9, 0, 1, 5, 1, 0, 5, 0, : 2, 3, 8, 2, 3, 4, 7, 6, 5, 1, 10, 10, 4, 6, 8, 7, 63, 5, 9, 1, 5, 1, 5, 
151: 0, 4, 10, 10, 2, 7, 10, 1, 66, 0, 0, 0, 7, 0, 2, 5, 1, 3, 0, 0, 9, 0, 6, 5, 9, 0, 2, 6, 6, 0, 0, 0, 8, 0, 0, 0, 10, 70, 3, 0, : 4, 10, 10, 2, 7, 10, 1, 66, 7, 2, 5, 1, 3, 9, 6, 5, 9, 2, 6, 6, 8, 10, 70, 3, 
143: 4, 63, 1, 5, 8, 61, 5, 1, 0, 4, 7, 0, 7, 5, 0, 4, 2, 0, 0, 0, 4, 0, 0, 4, 0, 0, 0, 8, 2, 1, 4, 0, 1, 0, 0, 0, 8, 9, 0, 0, : 4, 63, 1, 5, 8, 61, 5, 1, 4, 7, 7, 5, 4, 2, 4, 4, 8, 2, 1, 4, 1, 8, 9, 
313: 0, 0, 0, 1, 1, 8, 1, 0, 0, 62, 5, 0, 10, 10, 0, 0, 7, 10, 0, 9, 4, 3, 3, 4, 2, 0, 0, 5, 5, 0, 0, 0, 4, 0, 0, 0, 0, 0, 10, 0, : 1, 1, 8, 1, 62, 5, 10, 10, 7, 10, 9, 4, 3, 3, 4, 2, 5, 5, 4, 10, 
352: 10, 0, 6, 2, 1, 0, 0, 5, 0, 0, 8, 0, 9, 8, 10, 8, 10, 4, 0, 0, 2, 67, 9, 2, 2, 0, 0, 5, 7, 1, 0, 0, 2, 3, 0, 0, 0, 0, 6, 0, : 10, 6, 2, 1, 5, 8, 9, 8, 10, 8, 10, 4, 2, 67, 9, 2, 2, 5, 7, 1, 2, 3, 6, 
344: 3, 3, 1, 4, 7, 0, 2, 0, 1, 0, 3, 0, 10, 9, 9, 2, 0, 0, 0, 61, 7, 0, 7, 2, 9, 0, 1, 0, 2, 0, 0, 0, 2, 0, 1, 1, 8, 0, 9, 0, : 3, 3, 1, 4, 7, 2, 1, 3, 10, 9, 9, 2, 61, 7, 7, 2, 9, 1, 2, 2, 1, 1, 8, 9, 
22: 4, 0, 8, 8, 6, 0, 10, 1, 0, 7, 7, 0, 2, 0, 0, 9, 10, 2, 0, 0, 5, 0, 0, 8, 6, 0, 0, 4, 2, 0, 6, 0, 4, 0, 0, 0, 3, 0, 0, 0, : 4, 8, 8, 6, 10, 1, 7, 7, 2, 9, 10, 2, 5, 8, 6, 4, 2, 6, 4, 3, 
148: 5, 0, 1, 0, 2, 0, 4, 9, 4, 0, 5, 0, 4, 8, 0, 1, 0, 0, 0, 0, 4, 0, 7, 7, 7, 4, 0, 0, 10, 0, 7, 0, 7, 0, 0, 2, 9, 1, 0, 4, : 5, 1, 2, 4, 9, 4, 5, 4, 8, 1, 4, 7, 7, 7, 4, 10, 7, 7, 2, 9, 1, 4, 
121: 4, 0, 0, 4, 1, 0, 2, 0, 0, 0, 6, 0, 7, 6, 10, 0, 0, 1, 62, 0, 0, 0, 3, 5, 0, 0, 1, 10, 0, 0, 3, 8, 1, 0, 2, 0, 9, 0, 7, 0, : 4, 4, 1, 2, 6, 7, 6, 10, 1, 62, 3, 5, 1, 10, 3, 8, 1, 2, 9, 7, 
149: 10, 0, 9, 0, 4, 1, 2, 4, 1, 0, 4, 66, 1, 0, 3, 10, 6, 2, 0, 0, 5, 2, 2, 0, 0, 0, 0, 2, 4, 60, 10, 0, 8, 1, 0, 0, 2, 0, 9, 10, : 10, 9, 4, 1, 2, 4, 1, 4, 66, 1, 3, 10, 6, 2, 5, 2, 2, 2, 4, 60, 10, 8, 1, 2, 9, 10, 
23: 3, 0, 4, 10, 0, 0, 0, 5, 4, 3, 0, 0, 2, 0, 0, 1, 2, 0, 0, 0, 1, 0, 2, 6, 7, 1, 62, 5, 2, 1, 2, 1, 6, 0, 0, 0, 1, 0, 0, 0, : 3, 4, 10, 5, 4, 3, 2, 1, 2, 1, 2, 6, 7, 1, 62, 5, 2, 1, 2, 1, 6, 1, 


182: 0, 0, 0, 0, 0, 4, 0, 0, 0, 0, 0, 6, 0, 3, 9, 0, 0, 0, 0, 7, 1, 0, 7, 0, 0, 4, 0, 9, 1, 9, 0, 1, 0, 0, 3, 2, 1, 60, 0, 0, : 4, 6, 3, 9, 7, 1, 7, 4, 9, 1, 9, 1, 3, 2, 1, 60, 
391: 2, 0, 0, 5, 1, 0, 5, 0, 0, 5, 0, 7, 5, 3, 2, 0, 0, 0, 60, 0, 6, 0, 0, 0, 0, 4, 1, 1, 0, 3, 7, 7, 0, 0, 0, 7, 0, 0, 0, 0, : 2, 5, 1, 5, 5, 7, 5, 3, 2, 60, 6, 4, 1, 1, 3, 7, 7, 7, 
95: 3, 0, 0, 0, 0, 5, 0, 0, 0, 0, 66, 1, 0, 0, 2, 0, 0, 1, 0, 0, 3, 0, 0, 0, 0, 5, 0, 8, 3, 0, 0, 4, 2, 0, 2, 6, 1, 0, 0, 0, : 3, 5, 66, 1, 2, 1, 3, 5, 8, 3, 4, 2, 2, 6, 1, 
91: 4, 0, 0, 0, 0, 1, 0, 0, 2, 1, 0, 1, 0, 5, 6, 0, 0, 0, 0, 0, 0, 61, 4, 0, 0, 8, 1, 0, 0, 4, 3, 1, 2, 9, 1, 4, 0, 0, 8, 0, : 4, 1, 2, 1, 1, 5, 6, 61, 4, 8, 1, 4, 3, 1, 2, 9, 1, 4, 8, 
144: 9, 10, 60, 0, 7, 2, 0, 63, 0, 0, 0, 0, 3, 2, 2, 0, 0, 0, 0, 4, 9, 0, 7, 0, 0, 4, 0, 5, 5, 9, 0, 7, 3, 0, 3, 1, 6, 0, 4, 1, : 9, 10, 60, 7, 2, 63, 3, 2, 2, 4, 9, 7, 4, 5, 5, 9, 7, 3, 3, 1, 6, 4, 1, 
346: 5, 0, 0, 0, 0, 0, 0, 3, 0, 0, 0, 6, 0, 0, 5, 0, 0, 3, 0, 0, 1, 0, 5, 0, 0, 9, 0, 2, 10, 5, 5, 2, 0, 0, 4, 1, 9, 0, 7, 3, : 5, 3, 6, 5, 3, 1, 5, 9, 2, 10, 5, 5, 2, 4, 1, 9, 7, 3, 
190: 0, 0, 0, 0, 62, 0, 0, 0, 0, 68, 1, 0, 5, 1, 0, 0, 0, 6, 3, 0, 4, 0, 9, 0, 0, 6, 0, 10, 6, 5, 0, 3, 0, 0, 3, 2, 7, 0, 0, 69, : 62, 68, 1, 5, 1, 6, 3, 4, 9, 6, 10, 6, 5, 3, 3, 2, 7, 69, 
142: 2, 3, 1, 0, 0, 0, 0, 0, 0, 0, 0, 0, 0, 5, 0, 0, 0, 0, 0, 0, 0, 6, 6, 62, 0, 5, 0, 7, 8, 0, 0, 4, 9, 6, 0, 6, 10, 0, 6, 0, : 2, 3, 1, 5, 6, 6, 62, 5, 7, 8, 4, 9, 6, 6, 10, 6, 
290: 5, 0, 3, 0, 0, 1, 8, 0, 0, 0, 0, 6, 0, 5, 10, 0, 0, 0, 1, 0, 4, 0, 8, 0, 0, 6, 65, 0, 0, 5, 10, 10, 4, 0, 2, 3, 2, 0, 8, 0, : 5, 3, 1, 8, 6, 5, 10, 1, 4, 8, 6, 65, 5, 10, 10, 4, 2, 3, 2, 8, 
355: 1, 2, 0, 0, 6, 0, 0, 1, 4, 0, 0, 6, 0, 0, 5, 0, 6, 0, 0, 0, 6, 0, 0, 0, 0, 6, 0, 7, 0, 10, 0, 7, 4, 0, 3, 3, 9, 0, 0, 0, : 1, 2, 6, 1, 4, 6, 5, 6, 6, 6, 7, 10, 7, 4, 3, 3, 9, 
5: 0, 1, 0, 2, 0, 0, 0, 0, 1, 0, 5, 0, 0, 2, 3, 0, 1, 0, 6, 0, 0, 0, 6, 0, 0, 1, 0, 0, 9, 3, 0, 3, 2, 0, 8, 5, 5, 0, 0, 0, : 1, 2, 1, 5, 2, 3, 1, 6, 6, 1, 9, 3, 3, 2, 8, 5, 5, 
199: 4, 0, 0, 0, 0, 0, 66, 0, 0, 0, 0, 3, 0, 9, 0, 0, 9, 0, 0, 0, 8, 3, 4, 1, 0, 1, 0, 0, 6, 0, 8, 4, 10, 0, 10, 2, 1, 10, 8, 0, : 4, 66, 3, 9, 9, 8, 3, 4, 1, 1, 6, 8, 4, 10, 10, 2, 1, 10, 8, 
8: 10, 60, 0, 1, 0, 0, 0, 0, 2, 0, 1, 9, 0, 5, 9, 0, 62, 0, 0, 0, 0, 3, 10, 0, 0, 1, 0, 1, 6, 2, 0, 1, 9, 0, 6, 7, 3, 0, 4, 7, : 10, 60, 1, 2, 1, 9, 5, 9, 62, 3, 10, 1, 1, 6, 2, 1, 9, 6, 7, 3, 4, 7, 
311: 8, 0, 0, 7, 2, 0, 0, 0, 0, 0, 0, 0, 2, 1, 4, 0, 0, 0, 10, 0, 0, 0, 6, 0, 6, 8, 0, 9, 7, 6, 9, 4, 6, 0, 8, 5, 6, 1, 10, 0, : 8, 7, 2, 2, 1, 4, 10, 6, 6, 8, 9, 7, 6, 9, 4, 6, 8, 5, 6, 1, 10, 
147: 7, 1, 6, 0, 0, 0, 0, 1, 0, 0, 0, 7, 0, 0, 10, 0, 0, 70, 0, 0, 8, 0, 0, 0, 0, 0, 0, 3, 4, 8, 7, 7, 8, 1, 6, 7, 6, 0, 10, 0, : 7, 1, 6, 1, 7, 10, 70, 8, 3, 4, 8, 7, 7, 8, 1, 6, 7, 6, 10, 
28: 1, 0, 0, 2, 0, 65, 0, 1, 0, 2, 1, 8, 0, 4, 0, 65, 2, 0, 0, 0, 0, 6, 2, 0, 69, 1, 4, 8, 8, 0, 9, 8, 0, 0, 8, 1, 4, 0, 8, 0, : 1, 2, 65, 1, 2, 1, 8, 4, 65, 2, 6, 2, 69, 1, 4, 8, 8, 9, 8, 8, 1, 4, 8, 
374: 7, 0, 0, 63, 2, 0, 0, 0, 0, 0, 0, 3, 0, 10, 4, 10, 0, 0, 0, 0, 10, 0, 6, 0, 0, 3, 3, 8, 0, 3, 9, 5, 6, 64, 2, 1, 3, 9, 0, 0, : 7, 63, 2, 3, 10, 4, 10, 10, 6, 3, 3, 8, 3, 9, 5, 6, 64, 2, 1, 3, 9, 
117: 9, 0, 1, 0, 0, 1, 1, 5, 10, 0, 0, 7, 0, 9, 9, 0, 0, 0, 0, 0, 7, 0, 0, 8, 0, 0, 6, 0, 2, 1, 3, 0, 4, 0, 6, 11, 0, 0, 0, 0, : 9, 1, 1, 1, 5, 10, 7, 9, 9, 7, 8, 6, 2, 1, 3, 4, 6, 11, 
101: 2, 0, 9, 0, 0, 0, 0, 6, 60, 0, 1, 1, 65, 7, 0, 0, 0, 0, 0, 0, 4, 0, 0, 9, 0, 2, 0, 2, 0, 0, 3, 0, 10, 0, 5, 1, 5, 0, 0, 0, : 2, 9, 6, 60, 1, 1, 65, 7, 4, 9, 2, 2, 3, 10, 5, 1, 5, 
310: 1, 3, 0, 0, 0, 1, 0, 0, 1, 4, 5, 9, 0, 9, 0, 5, 0, 0, 0, 69, 9, 1, 0, 0, 5, 6, 0, 0, 5, 7, 7, 2, 1, 0, 0, 5, 2, 0, 7, 0, : 1, 3, 1, 1, 4, 5, 9, 9, 5, 69, 9, 1, 5, 6, 5, 7, 7, 2, 1, 5, 2, 7, 


358: 0, 0, 1, 0, 0, 0, 0, 10, 1, 2, 10, 3, 0, 0, 1, 5, 4, 0, 0, 2, 0, 1, 0, 1, 0, 6, 3, 10, 0, 10, 2, 0, 0, 68, 0, 8, 5, 2, 2, 0, : 1, 10, 1, 2, 10, 3, 1, 5, 4, 2, 1, 1, 6, 3, 10, 10, 2, 68, 8, 5, 2, 2, 
322: 0, 0, 0, 0, 5, 5, 6, 1, 4, 0, 8, 0, 0, 0, 6, 0, 9, 7, 0, 2, 0, 7, 0, 7, 0, 9, 8, 0, 0, 4, 2, 0, 0, 0, 0, 1, 10, 4, 1, 0, : 5, 5, 6, 1, 4, 8, 6, 9, 7, 2, 7, 7, 9, 8, 4, 2, 1, 10, 4, 1, 
44: 0, 10, 0, 0, 1, 0, 0, 7, 8, 1, 6, 0, 0, 0, 0, 10, 1, 3, 0, 4, 0, 3, 60, 6, 0, 0, 2, 0, 2, 9, 6, 0, 0, 0, 2, 9, 2, 6, 5, 0, : 10, 1, 7, 8, 1, 6, 10, 1, 3, 4, 3, 60, 6, 2, 2, 9, 6, 2, 9, 2, 6, 5, 
280: 0, 0, 0, 0, 0, 0, 0, 0, 0, 8, 8, 69, 0, 0, 3, 0, 4, 10, 0, 1, 0, 9, 4, 6, 0, 5, 0, 0, 0, 0, 3, 0, 5, 0, 6, 0, 1, 1, 2, 0, : 8, 8, 69, 3, 4, 10, 1, 9, 4, 6, 5, 3, 5, 6, 1, 1, 2, 
336: 0, 0, 0, 0, 0, 0, 0, 0, 0, 0, 8, 1, 1, 0, 1, 3, 10, 0, 0, 1, 0, 2, 0, 3, 8, 0, 1, 7, 0, 2, 8, 0, 10, 0, 1, 9, 0, 3, 7, 0, : 8, 1, 1, 1, 3, 10, 1, 2, 3, 8, 1, 7, 2, 8, 10, 1, 9, 3, 7, 
324: 0, 0, 0, 0, 1, 10, 0, 8, 10, 0, 6, 0, 0, 0, 9, 0, 0, 2, 0, 5, 0, 1, 0, 6, 9, 0, 0, 62, 1, 0, 7, 0, 0, 0, 9, 0, 6, 0, 0, 1, : 1, 10, 8, 10, 6, 9, 2, 5, 1, 6, 9, 62, 1, 7, 9, 6, 1, 
174: 7, 0, 8, 5, 0, 0, 1, 2, 1, 0, 1, 1, 0, 3, 1, 0, 0, 10, 0, 2, 0, 5, 0, 1, 6, 8, 0, 0, 4, 0, 1, 0, 0, 1, 0, 0, 9, 3, 1, 0, : 7, 8, 5, 1, 2, 1, 1, 1, 3, 1, 10, 2, 5, 1, 6, 8, 4, 1, 1, 9, 3, 1, 
187: 0, 0, 0, 5, 0, 0, 0, 9, 3, 61, 8, 1, 0, 0, 9, 0, 6, 1, 64, 3, 0, 1, 2, 4, 1, 5, 0, 0, 0, 0, 7, 10, 60, 0, 3, 6, 5, 5, 1, 4, : 5, 9, 3, 61, 8, 1, 9, 6, 1, 64, 3, 1, 2, 4, 1, 5, 7, 10, 60, 3, 6, 5, 5, 1, 4, 
24: 0, 0, 0, 0, 1, 0, 0, 0, 0, 0, 0, 0, 0, 0, 1, 0, 7, 1, 0, 2, 0, 4, 0, 8, 10, 0, 66, 0, 7, 7, 10, 0, 0, 0, 0, 0, 3, 4, 6, 0, : 1, 1, 7, 1, 2, 4, 8, 10, 66, 7, 7, 10, 3, 4, 6, 
162: 0, 0, 2, 0, 0, 0, 0, 3, 1, 8, 8, 0, 0, 0, 1, 0, 0, 9, 0, 2, 7, 10, 0, 2, 6, 1, 0, 0, 0, 6, 4, 0, 0, 0, 9, 10, 4, 10, 4, 0, : 2, 3, 1, 8, 8, 1, 9, 2, 7, 10, 2, 6, 1, 6, 4, 9, 10, 4, 10, 4, 
56: 0, 62, 0, 0, 0, 0, 0, 0, 7, 0, 0, 0, 0, 6, 3, 0, 3, 8, 0, 2, 0, 8, 0, 0, 6, 9, 0, 0, 0, 3, 3, 0, 0, 0, 9, 3, 5, 6, 1, 0, : 62, 7, 6, 3, 3, 8, 2, 8, 6, 9, 3, 3, 9, 3, 5, 6, 1, 
287: 61, 0, 0, 0, 0, 0, 0, 2, 9, 0, 2, 0, 0, 7, 4, 61, 0, 1, 0, 8, 0, 2, 6, 1, 1, 0, 0, 0, 0, 4, 1, 60, 0, 10, 3, 9, 8, 10, 6, 0, : 61, 2, 9, 2, 7, 4, 61, 1, 8, 2, 6, 1, 1, 4, 1, 60, 10, 3, 9, 8, 10, 6, 
20: 0, 0, 0, 0, 0, 0, 2, 9, 5, 0, 8, 0, 6, 0, 8, 0, 3, 8, 8, 2, 0, 6, 0, 7, 8, 3, 0, 0, 0, 8, 1, 0, 0, 0, 5, 0, 3, 3, 4, 0, : 2, 9, 5, 8, 6, 8, 3, 8, 8, 2, 6, 7, 8, 3, 8, 1, 5, 3, 3, 4, 
114: 1, 0, 0, 5, 6, 60, 1, 3, 0, 0, 2, 0, 0, 0, 6, 0, 0, 1, 8, 7, 0, 6, 0, 2, 0, 7, 0, 1, 0, 9, 2, 0, 0, 0, 2, 0, 4, 7, 6, 1, : 1, 5, 6, 60, 1, 3, 2, 6, 1, 8, 7, 6, 2, 7, 1, 9, 2, 2, 4, 7, 6, 1, 
80: 5, 3, 0, 0, 0, 0, 0, 5, 4, 0, 1, 0, 3, 60, 0, 0, 7, 1, 0, 10, 4, 0, 0, 9, 1, 9, 0, 0, 0, 0, 3, 4, 4, 0, 1, 2, 4, 2, 4, 62, : 5, 3, 5, 4, 1, 3, 60, 7, 1, 10, 4, 9, 1, 9, 3, 4, 4, 1, 2, 4, 2, 4, 62, 
323: 0, 0, 0, 0, 60, 0, 5, 0, 9, 0, 0, 1, 1, 0, 2, 0, 8, 6, 0, 4, 7, 1, 0, 6, 3, 2, 0, 0, 4, 0, 0, 0, 0, 1, 2, 2, 2, 1, 4, 0, : 60, 5, 9, 1, 1, 2, 8, 6, 4, 7, 1, 6, 3, 2, 4, 1, 2, 2, 2, 1, 4, 
146: 0, 0, 66, 0, 0, 0, 0, 4, 5, 0, 4, 0, 69, 0, 8, 0, 8, 1, 0, 9, 62, 7, 6, 4, 0, 2, 0, 0, 0, 10, 2, 0, 1, 0, 10, 1, 3, 2, 10, 9, : 66, 4, 5, 4, 69, 8, 8, 1, 9, 62, 7, 6, 4, 2, 10, 2, 1, 10, 1, 3, 2, 10, 9, 
325: 0, 0, 0, 0, 6, 0, 65, 3, 5, 0, 0, 0, 0, 0, 5, 0, 0, 4, 0, 2, 0, 1, 2, 2, 7, 6, 0, 0, 0, 0, 9, 5, 0, 0, 0, 3, 1, 9, 9, 2, : 6, 65, 3, 5, 5, 4, 2, 1, 2, 2, 7, 6, 9, 5, 3, 1, 9, 9, 2, 
171: 6, 4, 0, 65, 0, 5, 0, 5, 8, 0, 0, 0, 0, 3, 3, 1, 10, 4, 0, 3, 0, 5, 0, 4, 5, 0, 0, 0, 0, 8, 0, 1, 0, 0, 8, 10, 1, 0, 2, 1, : 6, 4, 65, 5, 5, 8, 3, 3, 1, 10, 4, 3, 5, 4, 5, 8, 1, 8, 10, 1, 2, 1, 
379: 0, 1, 3, 0, 0, 0, 0, 9, 0, 0, 0, 4, 0, 1, 9, 0, 0, 3, 0, 9, 0, 1, 0, 1, 9, 8, 0, 0, 62, 0, 9, 0, 0, 0, 10, 7, 4, 2, 5, 0, : 1, 3, 9, 4, 1, 9, 3, 9, 1, 1, 9, 8, 62, 9, 10, 7, 4, 2, 5, 


297: 0, 0, 0, 1, 0, 0, 0, 3, 0, 1, 0, 0, 1, 0, 2, 2, 10, 6, 0, 8, 5, 0, 7, 2, 0, 0, 1, 0, 2, 8, 0, 0, 5, 2, 8, 0, 10, 0, 0, 0, : 1, 3, 1, 1, 2, 2, 10, 6, 8, 5, 7, 2, 1, 2, 8, 5, 2, 8, 10, 
242: 0, 7, 5, 3, 0, 0, 8, 0, 0, 0, 0, 0, 3, 0, 3, 0, 0, 9, 2, 0, 3, 3, 8, 1, 0, 0, 0, 0, 4, 9, 9, 0, 10, 0, 7, 0, 0, 0, 0, 1, : 7, 5, 3, 8, 3, 3, 9, 2, 3, 3, 8, 1, 4, 9, 9, 10, 7, 1, 
302: 0, 0, 0, 0, 3, 0, 0, 0, 10, 2, 3, 0, 0, 0, 2, 7, 1, 0, 0, 0, 5, 0, 0, 7, 0, 1, 5, 62, 4, 0, 0, 3, 6, 0, 8, 0, 1, 10, 2, 2, : 3, 10, 2, 3, 2, 7, 1, 5, 7, 1, 5, 62, 4, 3, 6, 8, 1, 10, 2, 2, 
295: 0, 8, 0, 8, 3, 10, 0, 9, 0, 7, 0, 0, 3, 0, 1, 0, 2, 1, 0, 0, 0, 0, 1, 0, 0, 0, 0, 0, 3, 2, 0, 0, 3, 5, 2, 0, 9, 62, 0, 8, : 8, 8, 3, 10, 9, 7, 3, 1, 2, 1, 1, 3, 2, 3, 5, 2, 9, 62, 8, 
78: 6, 0, 0, 6, 0, 0, 3, 7, 0, 10, 0, 0, 0, 0, 1, 5, 0, 6, 0, 4, 0, 0, 8, 2, 0, 0, 1, 0, 7, 1, 3, 0, 0, 1, 2, 0, 1, 1, 0, 0, : 6, 6, 3, 7, 10, 1, 5, 6, 4, 8, 2, 1, 7, 1, 3, 1, 2, 1, 1, 
79: 9, 10, 1, 0, 0, 0, 1, 9, 0, 7, 2, 0, 0, 0, 9, 10, 10, 5, 0, 6, 61, 0, 10, 6, 0, 0, 0, 1, 7, 8, 9, 0, 0, 0, 0, 0, 7, 0, 0, 0, : 9, 10, 1, 1, 9, 7, 2, 9, 10, 10, 5, 6, 61, 10, 6, 1, 7, 8, 9, 7, 
179: 4, 3, 2, 0, 0, 64, 3, 2, 0, 1, 60, 0, 0, 0, 9, 0, 0, 5, 0, 8, 0, 0, 0, 8, 0, 0, 0, 7, 1, 3, 0, 69, 3, 67, 0, 5, 4, 0, 0, 4, : 4, 3, 2, 64, 3, 2, 1, 60, 9, 5, 8, 8, 7, 1, 3, 69, 3, 67, 5, 4, 4, 
29: 6, 3, 0, 3, 0, 0, 4, 0, 0, 6, 10, 1, 0, 0, 5, 9, 0, 4, 0, 0, 0, 8, 5, 0, 3, 0, 0, 0, 9, 2, 6, 0, 0, 0, 3, 0, 10, 0, 0, 0, : 6, 3, 3, 4, 6, 10, 1, 5, 9, 4, 8, 5, 3, 9, 2, 6, 3, 10, 
88: 7, 8, 0, 4, 0, 0, 0, 4, 0, 0, 5, 0, 0, 8, 3, 8, 2, 0, 0, 9, 4, 1, 0, 3, 61, 0, 0, 1, 1, 4, 8, 0, 0, 0, 5, 2, 3, 0, 0, 10, : 7, 8, 4, 4, 5, 8, 3, 8, 2, 9, 4, 1, 3, 61, 1, 1, 4, 8, 5, 2, 3, 10, 
150: 1, 5, 0, 7, 0, 0, 0, 0, 0, 0, 0, 0, 2, 1, 2, 7, 9, 0, 0, 2, 0, 0, 0, 10, 0, 2, 0, 0, 9, 8, 0, 0, 6, 0, 1, 5, 9, 0, 9, 7, : 1, 5, 7, 2, 1, 2, 7, 9, 2, 10, 2, 9, 8, 6, 1, 5, 9, 9, 7, 
259: 5, 1, 0, 1, 1, 0, 0, 8, 0, 5, 0, 0, 0, 0, 5, 7, 1, 9, 0, 5, 0, 0, 1, 3, 1, 10, 0, 0, 0, 0, 3, 0, 10, 0, 4, 0, 0, 7, 0, 4, : 5, 1, 1, 1, 8, 5, 5, 7, 1, 9, 5, 1, 3, 1, 10, 3, 10, 4, 7, 4, 
64: 4, 5, 0, 4, 1, 0, 0, 1, 0, 4, 0, 6, 0, 4, 5, 3, 0, 9, 0, 9, 1, 0, 1, 5, 6, 60, 0, 0, 2, 1, 5, 0, 10, 3, 3, 0, 0, 0, 0, 0, : 4, 5, 4, 1, 1, 4, 6, 4, 5, 3, 9, 9, 1, 1, 5, 6, 60, 2, 1, 5, 10, 3, 3, 
99: 1, 1, 0, 7, 1, 0, 60, 7, 0, 2, 0, 0, 1, 0, 4, 3, 1, 7, 0, 5, 0, 1, 4, 8, 1, 0, 10, 0, 0, 4, 10, 3, 4, 0, 5, 0, 4, 0, 0, 6, : 1, 1, 7, 1, 60, 7, 2, 1, 4, 3, 1, 7, 5, 1, 4, 8, 1, 10, 4, 10, 3, 4, 5, 4, 6, 
235: 9, 3, 0, 6, 62, 0, 0, 2, 0, 3, 0, 0, 0, 0, 2, 6, 9, 1, 1, 6, 0, 0, 2, 0, 0, 0, 0, 7, 2, 10, 2, 0, 3, 0, 6, 1, 4, 0, 0, 7, : 9, 3, 6, 62, 2, 3, 2, 6, 9, 1, 1, 6, 2, 7, 2, 10, 2, 3, 6, 1, 4, 7, 
359: 0, 2, 0, 1, 3, 0, 0, 3, 6, 5, 0, 70, 0, 61, 3, 5, 5, 6, 6, 2, 0, 61, 6, 5, 0, 0, 1, 1, 2, 1, 0, 0, 3, 0, 5, 0, 9, 0, 0, 0, : 2, 1, 3, 3, 6, 5, 70, 61, 3, 5, 5, 6, 6, 2, 61, 6, 5, 1, 1, 2, 1, 3, 5, 9, 
398: 0, 5, 2, 8, 3, 0, 0, 0, 0, 3, 0, 0, 0, 6, 3, 3, 10, 3, 64, 0, 0, 0, 5, 0, 0, 0, 0, 1, 1, 9, 9, 0, 2, 1, 0, 0, 0, 0, 69, 1, : 5, 2, 8, 3, 3, 6, 3, 3, 10, 3, 64, 5, 1, 1, 9, 9, 2, 1, 69, 1, 
289: 10, 9, 65, 7, 0, 0, 1, 9, 0, 10, 0, 0, 0, 0, 7, 0, 9, 0, 0, 8, 0, 0, 1, 7, 3, 0, 60, 0, 2, 0, 0, 0, 6, 0, 8, 0, 0, 0, 0, 9, : 10, 9, 65, 7, 1, 9, 10, 7, 9, 8, 1, 7, 3, 60, 2, 6, 8, 9, 
363: 9, 0, 0, 1, 0, 5, 0, 2, 61, 5, 0, 3, 0, 0, 2, 4, 8, 9, 7, 2, 0, 6, 7, 7, 2, 0, 0, 0, 10, 5, 10, 0, 0, 0, 6, 62, 0, 0, 0, 8, : 9, 1, 5, 2, 61, 5, 3, 2, 4, 8, 9, 7, 2, 6, 7, 7, 2, 10, 5, 10, 6, 62, 8, 
339: 9, 2, 2, 4, 0, 0, 0, 9, 0, 8, 0, 0, 1, 0, 8, 0, 3, 0, 0, 6, 0, 0, 9, 0, 3, 0, 0, 0, 10, 3, 2, 0, 9, 1, 4, 5, 7, 0, 0, 10, : 9, 2, 2, 4, 9, 8, 1, 8, 3, 6, 9, 3, 10, 3, 2, 9, 1, 4, 5, 7, 10, 
329: 0, 8, 3, 9, 3, 1, 0, 5, 3, 1, 0, 0, 69, 0, 4, 1, 0, 0, 0, 0, 1, 0, 5, 6, 0, 7, 2, 0, 4, 2, 4, 5, 0, 0, 3, 0, 2, 0, 0, 3, : 8, 3, 9, 3, 1, 5, 3, 1, 69, 4, 1, 1, 5, 6, 7, 2, 4, 2, 4, 5, 3, 2, 3, 


134: 1, 0, 0, 1, 10, 0, 0, 1, 9, 2, 0, 0, 0, 5, 0, 0, 2, 0, 0, 0, 1, 10, 2, 7, 0, 0, 0, 0, 0, 0, 0, 10, 0, 0, 0, 4, 6, 0, 1, 0, : 1, 1, 10, 1, 9, 2, 5, 2, 1, 10, 2, 7, 10, 4, 6, 1, 
300: 4, 0, 0, 7, 6, 0, 0, 0, 8, 2, 2, 5, 0, 0, 0, 3, 0, 0, 0, 6, 0, 0, 10, 0, 9, 0, 62, 8, 0, 0, 0, 0, 0, 5, 0, 5, 9, 0, 5, 2, : 4, 7, 6, 8, 2, 2, 5, 3, 6, 10, 9, 62, 8, 5, 5, 9, 5, 2, 
60: 1, 9, 2, 4, 7, 0, 0, 1, 0, 7, 0, 6, 0, 0, 0, 0, 0, 5, 3, 10, 5, 0, 0, 5, 2, 60, 0, 0, 0, 0, 0, 61, 0, 0, 0, 1, 6, 3, 1, 0, : 1, 9, 2, 4, 7, 1, 7, 6, 5, 3, 10, 5, 5, 2, 60, 61, 1, 6, 3, 1, 
367: 6, 0, 8, 6, 0, 5, 0, 6, 9, 0, 61, 6, 70, 0, 0, 0, 3, 5, 2, 7, 5, 1, 0, 4, 8, 0, 0, 0, 9, 0, 0, 0, 1, 0, 0, 5, 9, 62, 2, 0, : 6, 8, 6, 5, 6, 9, 61, 6, 70, 3, 5, 2, 7, 5, 1, 4, 8, 9, 1, 5, 9, 62, 2, 
100: 4, 0, 0, 2, 0, 0, 0, 1, 0, 1, 0, 1, 0, 0, 0, 0, 8, 0, 0, 0, 8, 9, 0, 0, 3, 3, 2, 0, 0, 0, 0, 5, 4, 60, 0, 7, 2, 0, 10, 0, : 4, 2, 1, 1, 1, 8, 8, 9, 3, 3, 2, 5, 4, 60, 7, 2, 10, 
266: 9, 0, 8, 8, 0, 0, 0, 0, 5, 10, 0, 2, 0, 0, 0, 0, 0, 0, 8, 1, 4, 5, 4, 0, 10, 0, 0, 0, 0, 0, 5, 0, 0, 0, 3, 4, 4, 0, 5, 0, : 9, 8, 8, 5, 10, 2, 8, 1, 4, 5, 4, 10, 5, 3, 4, 4, 5, 
218: 2, 0, 0, 5, 0, 0, 0, 8, 0, 3, 0, 0, 0, 1, 0, 0, 10, 0, 0, 6, 0, 1, 5, 5, 0, 7, 0, 0, 0, 0, 0, 0, 67, 0, 0, 0, 6, 9, 0, 0, : 2, 5, 8, 3, 1, 10, 6, 1, 5, 5, 7, 67, 6, 9, 
128: 2, 0, 2, 7, 0, 0, 62, 10, 9, 1, 0, 1, 0, 0, 10, 0, 6, 0, 0, 6, 0, 7, 9, 0, 0, 0, 6, 0, 0, 2, 0, 0, 0, 0, 0, 5, 7, 0, 6, 0, : 2, 2, 7, 62, 10, 9, 1, 1, 10, 6, 6, 7, 9, 6, 2, 5, 7, 6, 
202: 7, 0, 4, 2, 4, 0, 0, 7, 8, 9, 8, 3, 0, 0, 6, 0, 4, 0, 66, 7, 1, 0, 1, 2, 6, 0, 0, 0, 0, 0, 0, 0, 0, 0, 0, 2, 5, 0, 9, 0, : 7, 4, 2, 4, 7, 8, 9, 8, 3, 6, 4, 66, 7, 1, 1, 2, 6, 2, 5, 9, 
48: 4, 0, 9, 8, 2, 0, 0, 4, 0, 8, 0, 1, 0, 60, 0, 1, 9, 0, 0, 1, 5, 0, 4, 7, 5, 0, 0, 1, 60, 0, 0, 0, 0, 0, 0, 1, 1, 0, 1, 69, : 4, 9, 8, 2, 4, 8, 1, 60, 1, 9, 1, 5, 4, 7, 5, 1, 60, 1, 1, 1, 69, 
315: 7, 0, 5, 3, 6, 61, 0, 7, 0, 4, 0, 0, 0, 0, 0, 10, 7, 0, 0, 3, 8, 8, 6, 1, 0, 0, 0, 0, 0, 68, 0, 3, 0, 0, 2, 0, 0, 0, 6, 0, : 7, 5, 3, 6, 61, 7, 4, 10, 7, 3, 8, 8, 6, 1, 68, 3, 2, 6, 
357: 1, 0, 4, 3, 0, 0, 7, 2, 0, 1, 1, 9, 1, 0, 63, 66, 6, 0, 0, 9, 2, 0, 0, 0, 0, 0, 0, 1, 0, 0, 0, 1, 0, 0, 0, 0, 10, 0, 6, 0, : 1, 4, 3, 7, 2, 1, 1, 9, 1, 63, 66, 6, 9, 2, 1, 1, 10, 6, 
66: 4, 0, 10, 0, 8, 0, 0, 1, 8, 6, 0, 10, 9, 4, 0, 0, 7, 70, 0, 5, 10, 0, 9, 0, 6, 0, 0, 0, 0, 4, 68, 0, 0, 0, 0, 0, 0, 0, 3, 0, : 4, 10, 8, 1, 8, 6, 10, 9, 4, 7, 70, 5, 10, 9, 6, 4, 68, 3, 
87: 4, 0, 7, 6, 0, 4, 0, 2, 0, 4, 0, 8, 0, 2, 0, 0, 1, 0, 0, 7, 2, 9, 10, 10, 2, 0, 0, 69, 0, 0, 0, 0, 0, 0, 0, 8, 4, 0, 2, 0, : 4, 7, 6, 4, 2, 4, 8, 2, 1, 7, 2, 9, 10, 10, 2, 69, 8, 4, 2, 
159: 2, 0, 0, 7, 5, 10, 0, 10, 0, 0, 0, 0, 0, 1, 0, 0, 0, 0, 0, 0, 9, 1, 1, 0, 9, 0, 2, 0, 5, 1, 1, 0, 0, 0, 2, 7, 0, 0, 6, 0, : 2, 7, 5, 10, 10, 1, 9, 1, 1, 9, 2, 5, 1, 1, 2, 7, 6, 
154: 5, 66, 0, 8, 10, 0, 0, 10, 9, 10, 0, 2, 0, 0, 0, 0, 10, 0, 0, 0, 0, 6, 1, 8, 3, 0, 3, 0, 0, 0, 2, 0, 1, 9, 0, 3, 1, 0, 3, 0, : 5, 66, 8, 10, 10, 9, 10, 2, 10, 6, 1, 8, 3, 3, 2, 1, 9, 3, 1, 3, 
304: 2, 0, 2, 0, 8, 0, 0, 3, 6, 6, 0, 6, 0, 0, 0, 0, 0, 0, 1, 1, 0, 6, 5, 7, 7, 0, 0, 0, 6, 0, 0, 0, 0, 2, 0, 9, 0, 5, 5, 0, : 2, 2, 8, 3, 6, 6, 6, 1, 1, 6, 5, 7, 7, 6, 2, 9, 5, 5, 
395: 4, 4, 9, 0, 10, 0, 10, 2, 3, 0, 0, 6, 0, 7, 0, 0, 0, 0, 0, 2, 4, 0, 0, 7, 1, 0, 0, 0, 0, 5, 0, 0, 7, 0, 64, 7, 3, 0, 2, 9, : 4, 4, 9, 10, 10, 2, 3, 6, 7, 2, 4, 7, 1, 5, 7, 64, 7, 3, 2, 9, 
33: 2, 1, 10, 3, 4, 0, 1, 2, 0, 6, 0, 8, 0, 0, 0, 0, 4, 0, 0, 4, 10, 8, 9, 10, 3, 0, 0, 0, 0, 0, 0, 0, 0, 0, 0, 9, 3, 0, 4, 0, : 2, 1, 10, 3, 4, 1, 2, 6, 8, 4, 4, 10, 8, 9, 10, 3, 9, 3, 4, 
123: 9, 0, 0, 0, 0, 0, 0, 3, 6, 0, 8, 6, 0, 0, 1, 0, 3, 0, 0, 5, 6, 9, 4, 7, 6, 10, 5, 1, 0, 0, 4, 0, 0, 4, 9, 3, 4, 1, 3, 0, : 9, 3, 6, 8, 6, 1, 3, 5, 6, 9, 4, 7, 6, 10, 5, 1, 4, 4, 9, 3, 4, 1, 3, 


71: 4, 0, 0, 0, 0, 0, 3, 1, 5, 4, 2, 0, 66, 4, 0, 0, 3, 3, 0, 10, 2, 0, 7, 1, 9, 9, 7, 0, 7, 3, 10, 1, 0, 0, 8, 9, 1, 0, 70, 1, : 4, 3, 1, 5, 4, 2, 66, 4, 3, 3, 10, 2, 7, 1, 9, 9, 7, 7, 3, 10, 1, 8, 9, 1, 70, 1, 
93: 3, 2, 1, 64, 6, 0, 6, 1, 0, 7, 4, 0, 0, 5, 0, 0, 7, 0, 10, 2, 4, 0, 6, 2, 4, 6, 1, 68, 2, 2, 5, 9, 0, 0, 2, 7, 2, 9, 0, 0, : 3, 2, 1, 64, 6, 6, 1, 7, 4, 5, 7, 10, 2, 4, 6, 2, 4, 6, 1, 68, 2, 2, 5, 9, 2, 7, 2, 9, 
331: 6, 0, 0, 4, 0, 0, 10, 10, 8, 0, 0, 67, 0, 4, 2, 0, 3, 0, 9, 10, 8, 1, 6, 3, 0, 3, 0, 0, 4, 3, 6, 8, 0, 1, 6, 4, 0, 0, 0, 63, : 6, 4, 10, 10, 8, 67, 4, 2, 3, 9, 10, 8, 1, 6, 3, 3, 4, 3, 6, 8, 1, 6, 4, 63, 
83: 10, 4, 0, 0, 0, 1, 9, 10, 3, 0, 0, 2, 0, 1, 0, 0, 9, 10, 4, 7, 6, 0, 1, 2, 2, 6, 7, 0, 2, 0, 1, 8, 5, 8, 0, 0, 0, 0, 10, 0, : 10, 4, 1, 9, 10, 3, 2, 1, 9, 10, 4, 7, 6, 1, 2, 2, 6, 7, 2, 1, 8, 5, 8, 10, 
50: 0, 0, 0, 0, 0, 4, 1, 2, 7, 0, 1, 0, 0, 7, 0, 0, 2, 7, 0, 4, 0, 0, 5, 6, 3, 5, 1, 0, 2, 0, 8, 0, 9, 61, 1, 9, 0, 0, 0, 0, : 4, 1, 2, 7, 1, 7, 2, 7, 4, 5, 6, 3, 5, 1, 2, 8, 9, 61, 1, 9, 
387: 8, 1, 0, 0, 5, 0, 0, 3, 9, 0, 0, 0, 1, 2, 0, 3, 2, 3, 1, 2, 1, 5, 0, 0, 0, 0, 7, 0, 4, 0, 3, 3, 3, 0, 3, 1, 0, 0, 0, 0, : 8, 1, 5, 3, 9, 1, 2, 3, 2, 3, 1, 2, 1, 5, 7, 4, 3, 3, 3, 3, 1, 
145: 4, 1, 0, 0, 0, 0, 3, 4, 1, 0, 0, 0, 0, 8, 1, 0, 10, 4, 0, 1, 0, 0, 4, 9, 8, 7, 8, 0, 7, 3, 6, 0, 6, 0, 3, 6, 0, 0, 0, 0, : 4, 1, 3, 4, 1, 8, 1, 10, 4, 1, 4, 9, 8, 7, 8, 7, 3, 6, 6, 3, 6, 
178: 3, 5, 0, 0, 0, 0, 0, 1, 5, 0, 1, 0, 0, 2, 3, 0, 1, 1, 2, 9, 8, 6, 1, 6, 9, 0, 6, 0, 3, 0, 1, 1, 0, 0, 5, 6, 0, 3, 0, 0, : 3, 5, 1, 5, 1, 2, 3, 1, 1, 2, 9, 8, 6, 1, 6, 9, 6, 3, 1, 1, 5, 6, 3, 
291: 2, 9, 9, 0, 0, 0, 10, 5, 6, 0, 0, 0, 0, 0, 0, 67, 1, 9, 4, 7, 7, 2, 6, 1, 5, 3, 0, 0, 4, 1, 9, 7, 8, 0, 1, 4, 0, 0, 0, 0, : 2, 9, 9, 10, 5, 6, 67, 1, 9, 4, 7, 7, 2, 6, 1, 5, 3, 4, 1, 9, 7, 8, 1, 4, 
369: 8, 5, 0, 0, 2, 7, 1, 1, 9, 0, 0, 0, 0, 4, 0, 0, 9, 9, 1, 0, 3, 0, 4, 4, 3, 6, 0, 0, 4, 0, 5, 7, 0, 0, 8, 0, 0, 1, 0, 0, : 8, 5, 2, 7, 1, 1, 9, 4, 9, 9, 1, 3, 4, 4, 3, 6, 4, 5, 7, 8, 1, 
94: 10, 9, 66, 0, 0, 0, 4, 0, 4, 0, 2, 0, 0, 4, 3, 0, 1, 7, 5, 0, 0, 0, 8, 9, 8, 7, 10, 0, 3, 0, 3, 4, 1, 0, 4, 0, 0, 0, 0, 0, : 10, 9, 66, 4, 4, 2, 4, 3, 1, 7, 5, 8, 9, 8, 7, 10, 3, 3, 4, 1, 4, 
284: 0, 10, 0, 1, 0, 0, 9, 7, 2, 3, 0, 2, 5, 1, 3, 0, 1, 0, 0, 2, 5, 0, 2, 0, 2, 3, 4, 0, 2, 0, 6, 3, 8, 2, 2, 4, 0, 1, 0, 0, : 10, 1, 9, 7, 2, 3, 2, 5, 1, 3, 1, 2, 5, 2, 2, 3, 4, 2, 6, 3, 8, 2, 2, 4, 1, 
70: 0, 0, 0, 0, 0, 0, 5, 1, 1, 0, 0, 0, 0, 10, 0, 0, 0, 8, 9, 1, 8, 0, 10, 6, 4, 6, 1, 0, 9, 68, 1, 4, 8, 0, 8, 3, 0, 2, 0, 0, : 5, 1, 1, 10, 8, 9, 1, 8, 10, 6, 4, 6, 1, 9, 68, 1, 4, 8, 8, 3, 2, 
273: 8, 4, 4, 0, 1, 3, 7, 0, 5, 1, 4, 0, 6, 5, 0, 0, 6, 0, 5, 3, 9, 0, 0, 8, 2, 1, 1, 6, 4, 0, 0, 9, 3, 7, 5, 0, 1, 0, 0, 10, : 8, 4, 4, 1, 3, 7, 5, 1, 4, 6, 5, 6, 5, 3, 9, 8, 2, 1, 1, 6, 4, 9, 3, 7, 5, 1, 10, 
76: 0, 4, 0, 0, 61, 60, 0, 7, 0, 0, 0, 3, 0, 3, 0, 0, 1, 5, 10, 10, 3, 0, 2, 2, 1, 1, 8, 0, 1, 0, 7, 0, 10, 0, 0, 0, 0, 0, 0, 5, : 4, 61, 60, 7, 3, 3, 1, 5, 10, 10, 3, 2, 2, 1, 1, 8, 1, 7, 10, 5, 
227: 1, 8, 0, 0, 3, 0, 0, 6, 4, 0, 66, 0, 0, 10, 0, 0, 8, 0, 0, 0, 1, 0, 4, 7, 10, 0, 2, 0, 0, 0, 0, 3, 9, 0, 0, 1, 0, 0, 0, 0, : 1, 8, 3, 6, 4, 66, 10, 8, 1, 4, 7, 10, 2, 3, 9, 1, 
214: 4, 2, 0, 10, 0, 0, 0, 6, 2, 0, 0, 6, 0, 9, 68, 0, 1, 0, 4, 2, 2, 0, 4, 0, 3, 2, 0, 0, 9, 0, 2, 3, 2, 0, 7, 5, 0, 0, 0, 0, : 4, 2, 10, 6, 2, 6, 9, 68, 1, 4, 2, 2, 4, 3, 2, 9, 2, 3, 2, 7, 5, 
307: 3, 2, 0, 0, 2, 0, 7, 7, 5, 1, 0, 0, 0, 1, 0, 0, 1, 10, 3, 8, 6, 66, 3, 2, 3, 3, 8, 6, 3, 0, 0, 0, 5, 1, 7, 10, 10, 0, 0, 1, : 3, 2, 2, 7, 7, 5, 1, 1, 1, 10, 3, 8, 6, 66, 3, 2, 3, 3, 8, 6, 3, 5, 1, 7, 10, 10, 1, 
252: 5, 9, 0, 1, 0, 5, 5, 0, 3, 0, 0, 0, 0, 0, 0, 0, 9, 0, 10, 0, 5, 0, 1, 6, 0, 9, 9, 0, 7, 0, 4, 8, 3, 0, 5, 9, 66, 64, 0, 0, : 5, 9, 1, 5, 5, 3, 9, 10, 5, 1, 6, 9, 9, 7, 4, 8, 3, 5, 9, 66, 64, 
229: 1, 5, 0, 0, 0, 0, 0, 8, 1, 64, 0, 0, 2, 0, 0, 10, 5, 4, 3, 2, 2, 0, 6, 6, 4, 3, 0, 0, 3, 0, 3, 2, 0, 0, 5, 2, 0, 0, 0, 0, : 1, 5, 8, 1, 64, 2, 10, 5, 4, 3, 2, 2, 6, 6, 4, 3, 3, 3, 2, 5, 2, 


293: 0, 1, 0, 7, 0, 3, 3, 1, 5, 0, 0, 0, 10, 0, 0, 8, 0, 1, 2, 0, 0, 4, 0, 0, 0, 2, 1, 0, 2, 0, 8, 0, 0, 6, 0, 5, 7, 0, 1, 4, : 1, 7, 3, 3, 1, 5, 10, 8, 1, 2, 4, 2, 1, 2, 8, 6, 5, 7, 1, 4, 
3: 0, 3, 70, 7, 0, 4, 3, 0, 10, 0, 0, 0, 5, 1, 6, 1, 0, 0, 1, 0, 0, 2, 0, 7, 6, 0, 3, 0, 4, 67, 7, 0, 0, 3, 0, 5, 7, 0, 5, 0, : 3, 70, 7, 4, 3, 10, 5, 1, 6, 1, 1, 2, 7, 6, 3, 4, 67, 7, 3, 5, 7, 5, 
312: 2, 2, 3, 10, 0, 5, 9, 0, 0, 0, 2, 0, 1, 0, 0, 1, 0, 0, 4, 0, 0, 0, 0, 4, 0, 0, 0, 0, 62, 0, 9, 8, 3, 0, 4, 1, 1, 0, 1, 9, : 2, 2, 3, 10, 5, 9, 2, 1, 1, 4, 4, 62, 9, 8, 3, 4, 1, 1, 1, 9, 
375: 6, 10, 0, 2, 0, 0, 7, 0, 9, 0, 0, 1, 7, 0, 0, 0, 0, 3, 9, 2, 0, 0, 0, 0, 60, 0, 0, 8, 0, 0, 4, 8, 0, 8, 0, 7, 5, 1, 0, 0, : 6, 10, 2, 7, 9, 1, 7, 3, 9, 2, 60, 8, 4, 8, 8, 7, 5, 1, 
105: 0, 0, 0, 10, 0, 7, 0, 1, 2, 1, 1, 0, 2, 0, 0, 0, 65, 5, 8, 1, 60, 0, 0, 4, 4, 9, 63, 0, 10, 4, 6, 0, 0, 2, 0, 6, 6, 0, 0, 4, : 10, 7, 1, 2, 1, 1, 2, 65, 5, 8, 1, 60, 4, 4, 9, 63, 10, 4, 6, 2, 6, 6, 4, 
220: 10, 0, 0, 8, 0, 0, 6, 0, 7, 0, 10, 1, 1, 0, 0, 60, 0, 5, 2, 0, 0, 0, 7, 1, 0, 0, 3, 1, 0, 0, 1, 0, 0, 8, 0, 1, 2, 0, 0, 0, : 10, 8, 6, 7, 10, 1, 1, 60, 5, 2, 7, 1, 3, 1, 1, 8, 1, 2, 
84: 6, 3, 0, 1, 6, 4, 3, 0, 3, 0, 1, 0, 0, 0, 0, 0, 0, 10, 0, 0, 0, 0, 0, 2, 0, 64, 0, 0, 0, 0, 3, 0, 0, 7, 0, 0, 8, 0, 1, 2, : 6, 3, 1, 6, 4, 3, 3, 1, 10, 2, 64, 3, 7, 8, 1, 2, 
282: 0, 0, 0, 1, 0, 4, 4, 1, 0, 0, 0, 0, 2, 8, 0, 0, 0, 0, 5, 3, 3, 0, 0, 5, 1, 0, 0, 4, 0, 0, 0, 3, 0, 8, 0, 5, 1, 0, 2, 3, : 1, 4, 4, 1, 2, 8, 5, 3, 3, 5, 1, 4, 3, 8, 5, 1, 2, 3, 
366: 1, 5, 0, 0, 66, 10, 1, 0, 9, 0, 2, 0, 3, 0, 9, 0, 7, 9, 4, 2, 7, 0, 0, 9, 0, 0, 7, 0, 1, 0, 7, 0, 0, 5, 6, 5, 1, 5, 7, 9, : 1, 5, 66, 10, 1, 9, 2, 3, 9, 7, 9, 4, 2, 7, 9, 7, 1, 7, 5, 6, 5, 1, 5, 7, 9, 
97: 8, 0, 7, 0, 0, 10, 0, 0, 0, 0, 10, 0, 1, 0, 0, 0, 0, 0, 9, 0, 1, 0, 0, 2, 0, 0, 0, 0, 0, 0, 2, 0, 0, 0, 0, 5, 2, 1, 1, 6, : 8, 7, 10, 10, 1, 9, 1, 2, 2, 5, 2, 1, 1, 6, 
59: 4, 5, 0, 1, 0, 0, 10, 0, 4, 0, 4, 9, 0, 69, 0, 3, 0, 6, 0, 1, 9, 6, 0, 2, 2, 0, 0, 0, 0, 0, 0, 0, 0, 4, 70, 3, 7, 0, 10, 0, : 4, 5, 1, 10, 4, 4, 9, 69, 3, 6, 1, 9, 6, 2, 2, 4, 70, 3, 7, 10, 
309: 6, 8, 0, 7, 2, 0, 6, 0, 1, 0, 8, 0, 4, 0, 0, 0, 0, 0, 0, 0, 0, 0, 68, 5, 1, 0, 0, 0, 0, 0, 3, 0, 4, 0, 0, 0, 2, 0, 7, 1, : 6, 8, 7, 2, 6, 1, 8, 4, 68, 5, 1, 3, 4, 2, 7, 1, 
15: 4, 8, 0, 0, 0, 10, 8, 8, 7, 5, 9, 0, 9, 0, 1, 2, 8, 5, 4, 0, 0, 0, 3, 5, 5, 0, 0, 0, 0, 9, 7, 0, 0, 8, 0, 8, 1, 10, 10, 10, : 4, 8, 10, 8, 8, 7, 5, 9, 9, 1, 2, 8, 5, 4, 3, 5, 5, 9, 7, 8, 8, 1, 10, 10, 10, 
27: 6, 8, 0, 1, 1, 0, 3, 1, 6, 0, 8, 0, 8, 1, 0, 0, 0, 8, 9, 67, 0, 64, 0, 0, 1, 0, 3, 3, 0, 0, 0, 61, 1, 8, 0, 2, 8, 0, 7, 9, : 6, 8, 1, 1, 3, 1, 6, 8, 8, 1, 8, 9, 67, 64, 1, 3, 3, 61, 1, 8, 2, 8, 7, 9, 
133: 8, 8, 0, 7, 0, 0, 0, 0, 6, 2, 4, 0, 10, 0, 0, 1, 0, 0, 0, 0, 0, 0, 0, 8, 0, 1, 0, 62, 0, 0, 9, 0, 5, 1, 0, 6, 5, 0, 9, 0, : 8, 8, 7, 6, 2, 4, 10, 1, 8, 1, 62, 9, 5, 1, 6, 5, 9, 
362: 7, 1, 0, 5, 1, 0, 8, 64, 3, 0, 8, 0, 4, 1, 0, 1, 0, 6, 7, 1, 0, 0, 0, 7, 0, 0, 0, 2, 0, 0, 0, 0, 1, 4, 0, 5, 8, 0, 3, 4, : 7, 1, 5, 1, 8, 64, 3, 8, 4, 1, 1, 6, 7, 1, 7, 2, 1, 4, 5, 8, 3, 4, 
26: 7, 6, 0, 10, 0, 0, 0, 4, 0, 67, 3, 66, 0, 0, 0, 0, 0, 7, 5, 3, 0, 0, 2, 4, 0, 0, 0, 0, 0, 0, 0, 0, 6, 6, 0, 1, 5, 63, 1, 9, : 7, 6, 10, 4, 67, 3, 66, 7, 5, 3, 2, 4, 6, 6, 1, 5, 63, 1, 9, 
389: 4, 0, 0, 2, 0, 4, 2, 0, 1, 1, 0, 0, 1, 0, 64, 0, 0, 5, 10, 0, 0, 0, 0, 0, 0, 4, 0, 0, 1, 0, 10, 0, 60, 1, 0, 7, 3, 0, 5, 0, : 4, 2, 4, 2, 1, 1, 1, 64, 5, 10, 4, 1, 10, 60, 1, 7, 3, 5, 
333: 1, 3, 0, 0, 4, 10, 7, 0, 0, 4, 10, 0, 8, 0, 0, 0, 0, 10, 0, 0, 0, 4, 0, 10, 0, 0, 0, 0, 0, 0, 4, 0, 0, 0, 0, 2, 1, 0, 5, 10, : 1, 3, 4, 10, 7, 4, 10, 8, 10, 4, 10, 4, 2, 1, 5, 10, 
189: 0, 9, 0, 1, 0, 9, 0, 0, 7, 0, 0, 3, 4, 0, 0, 3, 0, 0, 1, 0, 0, 0, 0, 5, 0, 0, 0, 0, 0, 0, 0, 0, 0, 1, 0, 6, 0, 0, 5, 0, : 9, 1, 9, 7, 3, 4, 3, 1, 5, 1, 6, 5, 


240: 4, 0, 0, 0, 0, 0, 7, 0, 3, 7, 2, 3, 4, 0, 3, 3, 0, 2, 0, 0, 7, 5, 0, 0, 10, 5, 0, 2, 0, 0, 0, 1, 8, 0, 0, 0, 7, 0, 0, 0, : 4, 7, 3, 7, 2, 3, 4, 3, 3, 2, 7, 5, 10, 5, 2, 1, 8, 7, 
390: 0, 0, 0, 0, 0, 0, 0, 0, 10, 0, 1, 0, 9, 5, 0, 1, 0, 7, 8, 0, 9, 0, 0, 9, 0, 0, 10, 1, 1, 0, 0, 8, 0, 5, 0, 0, 0, 1, 0, 0, : 10, 1, 9, 5, 1, 7, 8, 9, 9, 10, 1, 1, 8, 5, 1, 
232: 0, 0, 5, 2, 3, 0, 9, 0, 3, 0, 0, 0, 1, 9, 4, 2, 8, 0, 0, 0, 5, 1, 1, 0, 4, 0, 10, 0, 0, 7, 0, 0, 0, 8, 0, 0, 5, 0, 0, 0, : 5, 2, 3, 9, 3, 1, 9, 4, 2, 8, 5, 1, 1, 4, 10, 7, 8, 5, 
223: 0, 0, 0, 0, 61, 8, 1, 7, 0, 0, 5, 0, 4, 5, 0, 7, 0, 1, 10, 0, 0, 10, 0, 0, 5, 3, 6, 5, 0, 0, 0, 9, 0, 1, 0, 0, 6, 62, 0, 0, : 61, 8, 1, 7, 5, 4, 5, 7, 1, 10, 10, 5, 3, 6, 5, 9, 1, 6, 62, 
153: 1, 0, 0, 0, 0, 0, 2, 6, 10, 6, 1, 4, 9, 10, 3, 10, 0, 3, 1, 0, 0, 1, 0, 0, 0, 10, 2, 1, 69, 5, 0, 4, 62, 0, 0, 1, 2, 0, 0, 0, : 1, 2, 6, 10, 6, 1, 4, 9, 10, 3, 10, 3, 1, 1, 10, 2, 1, 69, 5, 4, 62, 1, 2, 
173: 0, 0, 0, 0, 10, 0, 7, 0, 4, 1, 0, 0, 3, 1, 1, 8, 0, 4, 2, 8, 0, 6, 0, 0, 3, 7, 6, 4, 0, 0, 0, 4, 6, 0, 70, 0, 5, 0, 0, 0, : 10, 7, 4, 1, 3, 1, 1, 8, 4, 2, 8, 6, 3, 7, 6, 4, 4, 6, 70, 5, 
396: 5, 1, 0, 0, 0, 0, 10, 0, 4, 1, 9, 0, 1, 1, 0, 2, 0, 7, 10, 0, 2, 2, 0, 0, 1, 3, 6, 0, 0, 5, 2, 6, 0, 3, 0, 0, 9, 0, 0, 0, : 5, 1, 10, 4, 1, 9, 1, 1, 2, 7, 10, 2, 2, 1, 3, 6, 5, 2, 6, 3, 9, 
25: 10, 4, 0, 62, 0, 61, 3, 1, 4, 9, 10, 0, 0, 9, 0, 2, 0, 0, 4, 0, 9, 0, 0, 0, 0, 0, 0, 3, 0, 63, 0, 9, 0, 4, 0, 0, 0, 0, 8, 0, : 10, 4, 62, 61, 3, 1, 4, 9, 10, 9, 2, 4, 9, 3, 63, 9, 4, 8, 
263: 0, 0, 0, 6, 0, 0, 8, 0, 5, 6, 7, 0, 1, 2, 7, 3, 0, 0, 7, 1, 4, 8, 0, 66, 8, 7, 0, 3, 0, 0, 0, 4, 0, 8, 0, 2, 8, 0, 0, 9, : 6, 8, 5, 6, 7, 1, 2, 7, 3, 7, 1, 4, 8, 66, 8, 7, 3, 4, 8, 2, 8, 9, 
37: 7, 0, 0, 0, 1, 0, 4, 0, 0, 10, 2, 0, 2, 1, 0, 8, 0, 5, 0, 0, 0, 3, 1, 4, 9, 10, 8, 8, 0, 0, 69, 4, 0, 9, 9, 6, 8, 0, 0, 67, : 7, 1, 4, 10, 2, 2, 1, 8, 5, 3, 1, 4, 9, 10, 8, 8, 69, 4, 9, 9, 6, 8, 67, 
203: 8, 0, 0, 0, 0, 3, 8, 0, 5, 0, 10, 67, 3, 0, 10, 6, 0, 9, 9, 0, 10, 0, 0, 0, 0, 0, 1, 8, 0, 0, 0, 0, 0, 4, 0, 8, 2, 0, 0, 0, : 8, 3, 8, 5, 10, 67, 3, 10, 6, 9, 9, 10, 1, 8, 4, 8, 2, 
330: 8, 0, 0, 0, 0, 0, 1, 0, 1, 3, 0, 0, 7, 7, 9, 4, 1, 2, 1, 0, 8, 10, 3, 0, 2, 9, 10, 2, 0, 0, 0, 2, 3, 2, 0, 0, 2, 4, 6, 2, : 8, 1, 1, 3, 7, 7, 9, 4, 1, 2, 1, 8, 10, 3, 2, 9, 10, 2, 2, 3, 2, 2, 4, 6, 2, 
337: 0, 1, 0, 0, 0, 0, 0, 0, 0, 8, 1, 6, 1, 10, 8, 2, 3, 0, 0, 0, 3, 2, 0, 0, 0, 3, 0, 0, 0, 0, 2, 1, 0, 10, 0, 0, 10, 1, 0, 0, : 1, 8, 1, 6, 1, 10, 8, 2, 3, 3, 2, 3, 2, 1, 10, 10, 1, 
169: 5, 0, 10, 0, 5, 0, 0, 0, 1, 10, 0, 0, 3, 0, 5, 2, 0, 1, 0, 0, 7, 10, 70, 0, 6, 1, 1, 5, 0, 0, 0, 5, 0, 0, 1, 3, 0, 0, 0, 0, : 5, 10, 5, 1, 10, 3, 5, 2, 1, 7, 10, 70, 6, 1, 1, 5, 5, 1, 3, 
233: 10, 2, 0, 10, 0, 6, 0, 0, 2, 2, 9, 0, 1, 7, 0, 3, 68, 9, 6, 0, 0, 0, 0, 0, 8, 7, 5, 10, 3, 0, 5, 7, 0, 2, 0, 0, 4, 8, 0, 2, : 10, 2, 10, 6, 2, 2, 9, 1, 7, 3, 68, 9, 6, 8, 7, 5, 10, 3, 5, 7, 2, 4, 8, 2, 
316: 2, 5, 62, 0, 0, 0, 0, 0, 10, 5, 1, 0, 7, 0, 0, 5, 0, 6, 9, 0, 0, 4, 0, 0, 5, 0, 1, 5, 0, 0, 0, 8, 0, 5, 0, 0, 2, 4, 0, 0, : 2, 5, 62, 10, 5, 1, 7, 5, 6, 9, 4, 5, 1, 5, 8, 5, 2, 4, 
122: 10, 0, 0, 0, 0, 0, 5, 0, 2, 2, 5, 0, 4, 0, 8, 2, 0, 10, 5, 0, 0, 3, 0, 1, 10, 9, 3, 10, 0, 0, 0, 2, 0, 3, 0, 0, 2, 0, 0, 0, : 10, 5, 2, 2, 5, 4, 8, 2, 10, 5, 3, 1, 10, 9, 3, 10, 2, 3, 2, 
200: 1, 0, 0, 0, 0, 0, 5, 0, 7, 0, 10, 0, 4, 1, 8, 1, 0, 7, 8, 69, 1, 8, 0, 0, 1, 1, 0, 2, 0, 0, 0, 1, 1, 3, 0, 0, 6, 0, 66, 0, : 1, 5, 7, 10, 4, 1, 8, 1, 7, 8, 69, 1, 8, 1, 1, 2, 1, 1, 3, 6, 66, 
277: 1, 3, 0, 0, 0, 0, 4, 62, 9, 10, 6, 0, 6, 7, 8, 1, 0, 4, 0, 0, 9, 0, 5, 0, 8, 4, 7, 1, 7, 0, 0, 5, 0, 5, 0, 60, 1, 0, 0, 0, : 1, 3, 4, 62, 9, 10, 6, 6, 7, 8, 1, 4, 9, 5, 8, 4, 7, 1, 7, 5, 5, 60, 1, 
132: 8, 64, 3, 0, 0, 2, 6, 4, 0, 0, 1, 0, 10, 5, 6, 8, 0, 3, 0, 2, 6, 7, 0, 0, 0, 1, 4, 10, 0, 0, 2, 0, 0, 8, 0, 0, 1, 0, 0, 0, : 8, 64, 3, 2, 6, 4, 1, 10, 5, 6, 8, 3, 2, 6, 7, 1, 4, 10, 2, 8, 1, 


43: 0, 0, 0, 9, 0, 0, 0, 5, 0, 0, 62, 8, 1, 0, 1, 0, 5, 1, 0, 0, 0, 66, 5, 0, 0, 0, 0, 3, 0, 2, 0, 7, 3, 2, 0, 0, 0, 0, 8, 0, : 9, 5, 62, 8, 1, 1, 5, 1, 66, 5, 3, 2, 7, 3, 2, 8, 
192: 0, 0, 0, 0, 0, 0, 0, 6, 0, 0, 1, 1, 9, 0, 5, 2, 4, 0, 0, 10, 0, 0, 6, 1, 3, 0, 0, 3, 0, 0, 0, 7, 3, 0, 0, 0, 0, 0, 8, 6, : 6, 1, 1, 9, 5, 2, 4, 10, 6, 1, 3, 3, 7, 3, 8, 6, 
283: 2, 0, 0, 7, 0, 0, 0, 9, 0, 0, 0, 1, 8, 2, 9, 0, 10, 0, 0, 0, 0, 0, 6, 0, 0, 60, 0, 1, 0, 0, 0, 8, 6, 5, 0, 0, 0, 0, 6, 0, : 2, 7, 9, 1, 8, 2, 9, 10, 6, 60, 1, 8, 6, 5, 6, 
129: 0, 10, 0, 5, 0, 0, 0, 5, 0, 0, 0, 10, 6, 0, 6, 0, 10, 8, 0, 60, 0, 0, 7, 0, 0, 0, 1, 0, 60, 0, 0, 7, 8, 0, 0, 0, 0, 0, 0, 0, : 10, 5, 5, 10, 6, 6, 10, 8, 60, 7, 1, 60, 7, 8, 
98: 0, 0, 0, 2, 0, 2, 4, 0, 0, 9, 0, 10, 5, 9, 0, 0, 0, 0, 0, 0, 10, 10, 9, 0, 0, 3, 0, 0, 0, 0, 0, 10, 0, 62, 0, 0, 0, 10, 3, 65, : 2, 2, 4, 9, 10, 5, 9, 10, 10, 9, 3, 10, 62, 10, 3, 65, 
137: 0, 0, 0, 0, 0, 0, 0, 5, 0, 0, 0, 0, 5, 5, 0, 0, 6, 0, 9, 0, 3, 3, 0, 4, 9, 1, 0, 9, 5, 0, 0, 1, 0, 0, 0, 3, 3, 0, 7, 0, : 5, 5, 5, 6, 9, 3, 3, 4, 9, 1, 9, 5, 1, 3, 3, 7, 
388: 0, 70, 0, 10, 0, 4, 3, 7, 10, 9, 0, 6, 1, 0, 2, 0, 7, 0, 0, 0, 0, 0, 3, 0, 0, 0, 0, 0, 0, 0, 2, 2, 3, 2, 0, 0, 0, 0, 2, 1, : 70, 10, 4, 3, 7, 10, 9, 6, 1, 2, 7, 3, 2, 2, 3, 2, 2, 1, 
45: 0, 0, 10, 6, 0, 0, 0, 7, 0, 0, 0, 5, 7, 2, 1, 7, 0, 1, 0, 0, 5, 0, 4, 4, 4, 0, 0, 8, 0, 0, 0, 3, 9, 0, 3, 1, 0, 0, 3, 0, : 10, 6, 7, 5, 7, 2, 1, 7, 1, 5, 4, 4, 4, 8, 3, 9, 3, 1, 3, 
62: 0, 0, 0, 4, 0, 7, 63, 0, 0, 0, 0, 8, 1, 3, 5, 0, 0, 0, 0, 0, 0, 0, 0, 5, 1, 0, 0, 1, 0, 0, 0, 0, 10, 0, 0, 0, 0, 0, 2, 0, : 4, 7, 63, 8, 1, 3, 5, 5, 1, 1, 10, 2, 
348: 0, 0, 0, 0, 3, 0, 0, 4, 1, 0, 1, 0, 3, 9, 7, 0, 0, 0, 0, 0, 61, 0, 1, 0, 0, 0, 0, 3, 0, 0, 0, 1, 5, 0, 9, 0, 9, 60, 8, 0, : 3, 4, 1, 1, 3, 9, 7, 61, 1, 3, 1, 5, 9, 9, 60, 8, 
261: 1, 0, 0, 0, 0, 0, 0, 0, 0, 0, 0, 8, 1, 1, 1, 0, 7, 62, 0, 0, 0, 0, 1, 61, 0, 0, 0, 6, 0, 5, 3, 0, 3, 0, 62, 0, 0, 0, 1, 3, : 1, 8, 1, 1, 1, 7, 62, 1, 61, 6, 5, 3, 3, 62, 1, 3, 
353: 0, 0, 70, 8, 66, 0, 1, 8, 0, 0, 0, 2, 4, 9, 0, 7, 2, 0, 0, 0, 0, 0, 3, 0, 0, 0, 2, 5, 0, 0, 9, 4, 0, 0, 0, 0, 0, 0, 10, 0, : 70, 8, 66, 1, 8, 2, 4, 9, 7, 2, 3, 2, 5, 9, 4, 10, 
305: 0, 0, 0, 8, 2, 0, 0, 0, 0, 61, 0, 1, 2, 3, 3, 1, 1, 0, 0, 10, 0, 0, 0, 0, 0, 5, 60, 0, 0, 6, 65, 1, 2, 0, 4, 0, 0, 0, 3, 5, : 8, 2, 61, 1, 2, 3, 3, 1, 1, 10, 5, 60, 6, 65, 1, 2, 4, 3, 5, 
210: 0, 0, 0, 0, 2, 60, 0, 0, 0, 0, 0, 2, 10, 10, 3, 2, 0, 0, 0, 0, 1, 1, 9, 0, 1, 10, 0, 3, 0, 0, 1, 4, 0, 0, 0, 0, 0, 0, 2, 0, : 2, 60, 2, 10, 10, 3, 2, 1, 1, 9, 1, 10, 3, 1, 4, 2, 
228: 6, 0, 0, 0, 3, 0, 0, 6, 0, 0, 7, 1, 2, 8, 8, 0, 1, 2, 0, 0, 0, 0, 5, 0, 0, 1, 0, 4, 3, 65, 0, 8, 0, 0, 2, 0, 0, 2, 1, 0, : 6, 3, 6, 7, 1, 2, 8, 8, 1, 2, 5, 1, 4, 3, 65, 8, 2, 2, 1, 
288: 0, 0, 0, 7, 2, 5, 6, 9, 0, 0, 3, 0, 1, 0, 9, 0, 7, 0, 0, 0, 0, 0, 3, 0, 0, 0, 9, 0, 0, 0, 0, 8, 6, 0, 0, 68, 61, 0, 6, 0, : 7, 2, 5, 6, 9, 3, 1, 9, 7, 3, 9, 8, 6, 68, 61, 6, 
317: 0, 0, 0, 6, 0, 0, 0, 0, 69, 0, 5, 2, 8, 6, 9, 1, 0, 6, 1, 0, 0, 0, 2, 0, 0, 0, 0, 6, 6, 0, 0, 4, 7, 0, 0, 0, 2, 0, 0, 0, : 6, 69, 5, 2, 8, 6, 9, 1, 6, 1, 2, 6, 6, 4, 7, 2, 
320: 3, 0, 0, 8, 2, 2, 0, 0, 0, 1, 1, 0, 3, 6, 9, 0, 8, 0, 68, 0, 0, 0, 4, 5, 0, 0, 0, 10, 3, 0, 0, 4, 6, 0, 0, 8, 0, 0, 8, 0, : 3, 8, 2, 2, 1, 1, 3, 6, 9, 8, 68, 4, 5, 10, 3, 4, 6, 8, 8, 
41: 63, 0, 0, 0, 0, 0, 0, 0, 0, 0, 0, 5, 2, 0, 0, 0, 9, 0, 0, 0, 0, 0, 2, 0, 0, 0, 6, 10, 3, 2, 0, 1, 9, 0, 0, 0, 0, 8, 2, 0, : 63, 5, 2, 9, 2, 6, 10, 3, 2, 1, 9, 8, 2, 
136: 5, 0, 0, 0, 0, 0, 3, 9, 0, 0, 0, 10, 1, 7, 2, 60, 3, 0, 2, 0, 0, 0, 10, 0, 62, 0, 2, 8, 0, 0, 0, 0, 0, 9, 0, 0, 5, 0, 0, 0, : 5, 3, 9, 10, 1, 7, 2, 60, 3, 2, 10, 62, 2, 8, 9, 5, 


102: 0, 0, 0, 0, 0, 8, 8, 0, 0, 0, 0, 2, 10, 1, 0, 4, 0, 0, 0, 8, 6, 1, 0, 0, 0, 10, 3, 6, 4, 0, 0, 8, 0, 3, 1, 0, 1, 0, 0, 7, : 8, 8, 2, 10, 1, 4, 8, 6, 1, 10, 3, 6, 4, 8, 3, 1, 1, 7, 
247: 0, 0, 0, 0, 0, 0, 1, 0, 1, 0, 7, 67, 1, 7, 0, 0, 0, 3, 9, 10, 1, 4, 0, 64, 8, 1, 5, 3, 8, 60, 7, 1, 2, 0, 0, 69, 0, 2, 4, 0, : 1, 1, 7, 67, 1, 7, 3, 9, 10, 1, 4, 64, 8, 1, 5, 3, 8, 60, 7, 1, 2, 69, 2, 4, 
294: 0, 0, 0, 1, 0, 1, 5, 0, 3, 0, 62, 0, 0, 3, 0, 1, 0, 0, 10, 0, 10, 6, 0, 9, 1, 4, 7, 7, 3, 0, 6, 0, 5, 0, 0, 0, 0, 0, 0, 10, : 1, 1, 5, 3, 62, 3, 1, 10, 10, 6, 9, 1, 4, 7, 7, 3, 6, 5, 10, 
110: 2, 0, 0, 0, 0, 6, 3, 0, 0, 0, 4, 0, 0, 3, 0, 2, 68, 0, 0, 4, 1, 4, 0, 0, 2, 10, 0, 3, 0, 0, 6, 6, 0, 9, 0, 0, 6, 0, 0, 60, : 2, 6, 3, 4, 3, 2, 68, 4, 1, 4, 2, 10, 3, 6, 6, 9, 6, 60, 
382: 0, 62, 0, 4, 5, 2, 6, 68, 0, 0, 0, 0, 2, 2, 0, 9, 0, 7, 5, 2, 2, 6, 0, 1, 0, 10, 5, 5, 9, 0, 3, 2, 0, 0, 0, 0, 0, 6, 0, 0, : 62, 4, 5, 2, 6, 68, 2, 2, 9, 7, 5, 2, 2, 6, 1, 10, 5, 5, 9, 3, 2, 6, 
219: 0, 2, 3, 66, 61, 2, 0, 0, 10, 0, 0, 0, 7, 0, 0, 6, 3, 0, 2, 1, 6, 9, 0, 0, 4, 3, 1, 1, 0, 0, 5, 5, 0, 0, 0, 0, 0, 0, 0, 0, : 2, 3, 66, 61, 2, 10, 7, 6, 3, 2, 1, 6, 9, 4, 3, 1, 1, 5, 5, 
46: 0, 10, 0, 0, 0, 0, 1, 1, 9, 0, 0, 0, 8, 0, 65, 0, 2, 0, 8, 0, 0, 7, 0, 0, 0, 5, 6, 2, 0, 0, 5, 0, 0, 0, 0, 0, 0, 0, 0, 0, : 10, 1, 1, 9, 8, 65, 2, 8, 7, 5, 6, 2, 5, 
85: 0, 0, 3, 0, 0, 4, 6, 5, 0, 7, 0, 0, 8, 1, 0, 8, 0, 0, 10, 3, 0, 0, 0, 0, 0, 2, 6, 2, 0, 10, 3, 7, 0, 0, 0, 9, 0, 0, 0, 0, : 3, 4, 6, 5, 7, 8, 1, 8, 10, 3, 2, 6, 2, 10, 3, 7, 9, 
361: 0, 5, 5, 2, 1, 7, 3, 0, 9, 0, 0, 0, 3, 9, 0, 4, 1, 2, 2, 9, 7, 2, 0, 0, 0, 8, 0, 4, 7, 0, 0, 5, 0, 1, 0, 2, 0, 0, 1, 1, : 5, 5, 2, 1, 7, 3, 9, 3, 9, 4, 1, 2, 2, 9, 7, 2, 8, 4, 7, 5, 1, 2, 1, 1, 
9: 10, 0, 0, 0, 2, 4, 0, 0, 6, 0, 0, 0, 1, 5, 0, 9, 0, 64, 0, 8, 10, 5, 0, 0, 0, 0, 2, 3, 2, 1, 0, 0, 6, 0, 60, 0, 0, 0, 64, 0, : 10, 2, 4, 6, 1, 5, 9, 64, 8, 10, 5, 2, 3, 2, 1, 6, 60, 64, 
270: 0, 0, 2, 0, 0, 1, 2, 0, 8, 0, 0, 0, 4, 10, 0, 2, 0, 3, 9, 1, 7, 3, 4, 0, 0, 0, 9, 10, 6, 0, 3, 0, 0, 66, 6, 0, 5, 7, 0, 0, : 2, 1, 2, 8, 4, 10, 2, 3, 9, 1, 7, 3, 4, 9, 10, 6, 3, 66, 6, 5, 7, 
176: 2, 0, 0, 0, 0, 2, 9, 0, 2, 0, 0, 0, 10, 9, 7, 4, 5, 0, 6, 0, 3, 3, 0, 0, 0, 1, 8, 5, 10, 0, 10, 7, 0, 0, 0, 0, 0, 1, 0, 0, : 2, 2, 9, 2, 10, 9, 7, 4, 5, 6, 3, 3, 1, 8, 5, 10, 10, 7, 1, 
249: 0, 0, 0, 0, 0, 7, 10, 0, 9, 3, 0, 4, 0, 3, 3, 9, 1, 0, 7, 0, 6, 3, 2, 1, 60, 2, 1, 2, 0, 0, 2, 0, 0, 0, 3, 0, 0, 0, 0, 0, : 7, 10, 9, 3, 4, 3, 3, 9, 1, 7, 6, 3, 2, 1, 60, 2, 1, 2, 2, 3, 
168: 0, 0, 61, 4, 0, 5, 2, 0, 4, 0, 0, 0, 1, 5, 0, 0, 0, 0, 7, 10, 4, 8, 0, 0, 0, 5, 7, 3, 1, 0, 0, 1, 0, 0, 1, 0, 0, 61, 1, 0, : 61, 4, 5, 2, 4, 1, 5, 7, 10, 4, 8, 5, 7, 3, 1, 1, 1, 61, 1, 
268: 0, 0, 0, 0, 0, 6, 2, 6, 0, 8, 4, 0, 4, 8, 0, 0, 0, 0, 0, 1, 1, 4, 2, 0, 0, 7, 8, 5, 9, 0, 9, 6, 4, 0, 4, 0, 1, 0, 2, 0, : 6, 2, 6, 8, 4, 4, 8, 1, 1, 4, 2, 7, 8, 5, 9, 9, 6, 4, 4, 1, 2, 
360: 2, 0, 0, 0, 2, 9, 6, 0, 8, 0, 0, 6, 1, 1, 5, 6, 0, 0, 1, 0, 0, 6, 0, 0, 0, 8, 1, 2, 1, 0, 0, 10, 0, 0, 0, 0, 0, 0, 0, 0, : 2, 2, 9, 6, 8, 6, 1, 1, 5, 6, 1, 6, 8, 1, 2, 1, 10, 
57: 0, 0, 0, 0, 7, 1, 3, 0, 1, 60, 0, 0, 7, 0, 0, 0, 0, 1, 1, 3, 4, 3, 0, 0, 0, 0, 0, 2, 9, 0, 8, 0, 0, 0, 0, 0, 5, 0, 0, 0, : 7, 1, 3, 1, 60, 7, 1, 1, 3, 4, 3, 2, 9, 8, 5, 
254: 0, 0, 6, 3, 1, 2, 6, 0, 0, 0, 0, 0, 8, 7, 0, 9, 0, 0, 0, 3, 3, 0, 63, 3, 0, 4, 1, 5, 0, 0, 9, 10, 0, 1, 0, 0, 61, 3, 0, 0, : 6, 3, 1, 2, 6, 8, 7, 9, 3, 3, 63, 3, 4, 1, 5, 9, 10, 1, 61, 3, 
10: 61, 0, 0, 0, 0, 5, 1, 0, 0, 2, 0, 1, 5, 0, 0, 7, 0, 0, 3, 7, 2, 2, 9, 0, 5, 0, 2, 3, 6, 0, 4, 4, 0, 0, 3, 0, 0, 0, 0, 0, : 61, 5, 1, 2, 1, 5, 7, 3, 7, 2, 2, 9, 5, 2, 3, 6, 4, 4, 3, 
135: 3, 1, 0, 0, 1, 8, 6, 0, 10, 0, 3, 0, 0, 6, 0, 0, 0, 0, 0, 10, 7, 4, 0, 2, 0, 0, 8, 7, 5, 9, 0, 8, 63, 0, 2, 0, 1, 0, 8, 2, : 3, 1, 1, 8, 6, 10, 3, 6, 10, 7, 4, 2, 8, 7, 5, 9, 8, 63, 2, 1, 8, 2, 


61: 0, 0, 1, 0, 9, 0, 61, 3, 10, 0, 3, 3, 0, 4, 4, 0, 3, 5, 8, 0, 5, 9, 1, 0, 5, 0, 0, 1, 7, 6, 0, 8, 7, 2, 1, 3, 5, 0, 2, 5, : 1, 9, 61, 3, 10, 3, 3, 4, 4, 3, 5, 8, 5, 9, 1, 5, 1, 7, 6, 8, 7, 2, 1, 3, 5, 2, 5, 
226: 68, 0, 2, 1, 0, 0, 0, 0, 6, 0, 0, 5, 1, 0, 1, 0, 10, 1, 0, 0, 1, 2, 0, 3, 0, 0, 0, 5, 0, 7, 0, 0, 1, 2, 5, 7, 0, 8, 7, 7, : 68, 2, 1, 6, 5, 1, 1, 10, 1, 1, 2, 3, 5, 7, 1, 2, 5, 7, 8, 7, 7, 
160: 0, 0, 0, 0, 4, 0, 0, 7, 9, 0, 62, 9, 1, 6, 10, 0, 7, 6, 0, 1, 1, 0, 0, 6, 0, 0, 0, 4, 5, 5, 7, 1, 0, 1, 2, 5, 8, 0, 0, 2, : 4, 7, 9, 62, 9, 1, 6, 10, 7, 6, 1, 1, 6, 4, 5, 5, 7, 1, 1, 2, 5, 8, 2, 
75: 0, 6, 8, 0, 7, 0, 0, 0, 6, 5, 0, 7, 5, 4, 0, 0, 0, 2, 0, 0, 0, 0, 0, 8, 5, 1, 1, 0, 0, 9, 0, 7, 1, 6, 0, 6, 0, 4, 0, 0, : 6, 8, 7, 6, 5, 7, 5, 4, 2, 8, 5, 1, 1, 9, 7, 1, 6, 6, 4, 
321: 0, 7, 0, 0, 0, 0, 0, 2, 7, 0, 0, 4, 1, 0, 1, 0, 1, 10, 2, 0, 10, 5, 0, 9, 0, 0, 0, 7, 2, 0, 3, 3, 10, 1, 1, 0, 1, 8, 6, 0, : 7, 2, 7, 4, 1, 1, 1, 10, 2, 10, 5, 9, 7, 2, 3, 3, 10, 1, 1, 1, 8, 6, 
347: 0, 0, 8, 0, 5, 0, 0, 3, 1, 1, 0, 6, 1, 2, 0, 0, 0, 8, 0, 70, 7, 7, 0, 10, 0, 0, 0, 7, 9, 6, 0, 5, 10, 8, 8, 0, 8, 0, 0, 0, : 8, 5, 3, 1, 1, 6, 1, 2, 8, 70, 7, 7, 10, 7, 9, 6, 5, 10, 8, 8, 8, 
156: 0, 0, 0, 0, 9, 1, 0, 0, 4, 6, 0, 2, 8, 8, 1, 0, 5, 1, 1, 0, 4, 10, 0, 2, 1, 0, 0, 6, 7, 0, 0, 2, 0, 2, 9, 4, 10, 8, 2, 4, : 9, 1, 4, 6, 2, 8, 8, 1, 5, 1, 1, 4, 10, 2, 1, 6, 7, 2, 2, 9, 4, 10, 8, 2, 4, 
349: 0, 0, 7, 65, 3, 3, 0, 10, 7, 0, 0, 1, 3, 0, 4, 9, 10, 0, 1, 3, 0, 6, 0, 2, 0, 0, 0, 4, 4, 5, 0, 10, 9, 4, 5, 8, 3, 5, 0, 0, : 7, 65, 3, 3, 10, 7, 1, 3, 4, 9, 10, 1, 3, 6, 2, 4, 4, 5, 10, 9, 4, 5, 8, 3, 5, 
351: 0, 1, 9, 0, 0, 0, 0, 9, 1, 0, 0, 2, 3, 9, 5, 0, 3, 7, 0, 0, 2, 2, 0, 7, 4, 0, 0, 1, 2, 0, 0, 3, 9, 0, 4, 9, 9, 0, 4, 10, : 1, 9, 9, 1, 2, 3, 9, 5, 3, 7, 2, 2, 7, 4, 1, 2, 3, 9, 4, 9, 9, 4, 10, 
301: 5, 0, 0, 0, 0, 0, 0, 1, 0, 0, 0, 4, 9, 8, 9, 61, 0, 3, 0, 0, 9, 3, 1, 0, 0, 0, 0, 10, 7, 7, 0, 9, 0, 0, 4, 0, 1, 9, 6, 10, : 5, 1, 4, 9, 8, 9, 61, 3, 9, 3, 1, 10, 7, 7, 9, 4, 1, 9, 6, 10, 
364: 0, 0, 0, 0, 9, 0, 0, 1, 3, 0, 0, 0, 5, 10, 5, 0, 5, 0, 0, 0, 1, 4, 8, 5, 0, 0, 0, 9, 8, 10, 1, 1, 0, 9, 4, 2, 4, 10, 8, 3, : 9, 1, 3, 5, 10, 5, 5, 1, 4, 8, 5, 9, 8, 10, 1, 1, 9, 4, 2, 4, 10, 8, 3, 
119: 0, 0, 6, 0, 0, 0, 1, 10, 8, 0, 0, 0, 6, 8, 2, 1, 9, 6, 0, 0, 2, 3, 0, 5, 61, 2, 0, 8, 1, 4, 0, 0, 6, 10, 4, 7, 0, 0, 6, 7, : 6, 1, 10, 8, 6, 8, 2, 1, 9, 6, 2, 3, 5, 61, 2, 8, 1, 4, 6, 10, 4, 7, 6, 7, 
299: 0, 0, 0, 0, 0, 7, 9, 5, 0, 0, 0, 3, 9, 0, 6, 2, 2, 2, 1, 1, 3, 3, 0, 6, 0, 67, 0, 2, 1, 0, 0, 2, 0, 2, 7, 8, 4, 9, 2, 7, : 7, 9, 5, 3, 9, 6, 2, 2, 2, 1, 1, 3, 3, 6, 67, 2, 1, 2, 2, 7, 8, 4, 9, 2, 7, 
371: 7, 0, 4, 4, 0, 0, 1, 8, 0, 0, 0, 9, 1, 0, 3, 7, 0, 8, 67, 0, 7, 8, 0, 6, 0, 0, 5, 4, 1, 4, 0, 5, 4, 0, 3, 3, 9, 4, 0, 9, : 7, 4, 4, 1, 8, 9, 1, 3, 7, 8, 67, 7, 8, 6, 5, 4, 1, 4, 5, 4, 3, 3, 9, 4, 9, 
13: 0, 0, 8, 4, 10, 0, 3, 1, 5, 67, 0, 7, 4, 7, 3, 0, 0, 7, 0, 0, 8, 2, 0, 0, 0, 4, 4, 0, 0, 0, 67, 8, 0, 3, 8, 2, 8, 1, 6, 0, : 8, 4, 10, 3, 1, 5, 67, 7, 4, 7, 3, 7, 8, 2, 4, 4, 67, 8, 3, 8, 2, 8, 1, 6, 
126: 0, 0, 9, 0, 4, 0, 0, 0, 1, 0, 0, 1, 9, 6, 2, 0, 2, 0, 0, 5, 0, 8, 4, 0, 0, 6, 70, 3, 9, 8, 0, 4, 2, 9, 0, 0, 0, 0, 8, 9, : 9, 4, 1, 1, 9, 6, 2, 2, 5, 8, 4, 6, 70, 3, 9, 8, 4, 2, 9, 8, 9, 
185: 0, 4, 1, 1, 0, 0, 0, 2, 3, 0, 9, 0, 2, 0, 6, 0, 6, 0, 0, 0, 1, 0, 0, 4, 0, 0, 0, 1, 2, 0, 0, 0, 10, 6, 6, 0, 0, 6, 4, 0, : 4, 1, 1, 2, 3, 9, 2, 6, 6, 1, 4, 1, 2, 10, 6, 6, 6, 4, 
140: 0, 0, 7, 0, 5, 7, 3, 10, 0, 0, 0, 8, 3, 2, 6, 0, 7, 5, 0, 0, 10, 2, 65, 7, 0, 0, 0, 0, 0, 0, 0, 6, 0, 4, 0, 6, 6, 8, 4, 0, : 7, 5, 7, 3, 10, 8, 3, 2, 6, 7, 5, 10, 2, 65, 7, 6, 4, 6, 6, 8, 4, 
221: 0, 62, 10, 5, 10, 0, 0, 8, 4, 0, 6, 1, 0, 2, 6, 0, 2, 9, 0, 0, 0, 1, 0, 0, 0, 0, 0, 8, 7, 1, 2, 0, 9, 10, 2, 0, 1, 0, 6, 4, : 62, 10, 5, 10, 8, 4, 6, 1, 2, 6, 2, 9, 1, 8, 7, 1, 2, 9, 10, 2, 1, 6, 4, 
161: 0, 0, 0, 0, 5, 62, 2, 0, 5, 1, 0, 8, 9, 4, 6, 0, 8, 0, 0, 0, 9, 5, 1, 0, 4, 0, 0, 0, 8, 8, 0, 6, 2, 1, 7, 10, 3, 0, 9, 3, : 5, 62, 2, 5, 1, 8, 9, 4, 6, 8, 9, 5, 1, 4, 8, 8, 6, 2, 1, 7, 10, 3, 9, 3, 


12: 0, 3, 7, 3, 0, 10, 0, 0, 1, 6, 0, 0, 1, 2, 0, 5, 1, 0, 8, 4, 0, 8, 0, 2, 0, 0, 7, 0, 0, 0, 8, 5, 0, 0, 0, 0, 1, 0, 0, 0, : 3, 7, 3, 10, 1, 6, 1, 2, 5, 1, 8, 4, 8, 2, 7, 8, 5, 1, 
96: 0, 9, 8, 7, 0, 0, 7, 0, 0, 7, 0, 0, 0, 2, 4, 0, 2, 4, 9, 8, 0, 1, 0, 6, 1, 68, 0, 1, 10, 1, 2, 6, 1, 0, 0, 0, 0, 65, 0, 0, : 9, 8, 7, 7, 7, 2, 4, 2, 4, 9, 8, 1, 6, 1, 68, 1, 10, 1, 2, 6, 1, 65, 
42: 0, 7, 2, 0, 9, 1, 0, 0, 1, 63, 9, 2, 0, 0, 5, 0, 1, 0, 6, 7, 0, 5, 0, 1, 0, 0, 0, 0, 5, 2, 0, 9, 1, 0, 0, 0, 0, 3, 0, 0, : 7, 2, 9, 1, 1, 63, 9, 2, 5, 1, 6, 7, 5, 1, 5, 2, 9, 1, 3, 
258: 65, 1, 1, 0, 0, 7, 0, 0, 2, 0, 5, 0, 9, 5, 8, 0, 7, 0, 10, 4, 0, 8, 0, 1, 2, 0, 0, 1, 3, 0, 0, 5, 0, 5, 0, 5, 0, 9, 0, 8, : 65, 1, 1, 7, 2, 5, 9, 5, 8, 7, 10, 4, 8, 1, 2, 1, 3, 5, 5, 5, 9, 8, 
67: 0, 2, 2, 0, 6, 0, 0, 1, 6, 0, 8, 10, 0, 3, 5, 0, 1, 0, 9, 0, 2, 8, 0, 1, 0, 0, 62, 0, 9, 0, 0, 8, 7, 0, 0, 9, 0, 0, 65, 1, : 2, 2, 6, 1, 6, 8, 10, 3, 5, 1, 9, 2, 8, 1, 62, 9, 8, 7, 9, 65, 1, 
314: 0, 0, 4, 0, 0, 7, 6, 8, 1, 0, 1, 9, 0, 9, 4, 0, 5, 6, 5, 0, 0, 2, 1, 5, 0, 0, 0, 66, 5, 7, 1, 1, 8, 0, 0, 0, 5, 0, 0, 3, : 4, 7, 6, 8, 1, 1, 9, 9, 4, 5, 6, 5, 2, 1, 5, 66, 5, 7, 1, 1, 8, 5, 3, 
341: 0, 1, 1, 4, 0, 4, 0, 0, 5, 2, 8, 8, 0, 2, 10, 0, 5, 0, 0, 0, 67, 3, 0, 2, 4, 0, 0, 0, 6, 4, 2, 2, 0, 4, 0, 0, 0, 0, 0, 64, : 1, 1, 4, 4, 5, 2, 8, 8, 2, 10, 5, 67, 3, 2, 4, 6, 4, 2, 2, 4, 64, 
16: 1, 0, 1, 0, 61, 7, 0, 0, 1, 0, 10, 4, 0, 8, 5, 0, 3, 0, 0, 5, 0, 7, 0, 3, 0, 1, 0, 0, 9, 0, 0, 2, 9, 0, 0, 0, 0, 0, 0, 0, : 1, 1, 61, 7, 1, 10, 4, 8, 5, 3, 5, 7, 3, 1, 9, 2, 9, 
115: 2, 0, 7, 0, 0, 0, 0, 66, 9, 0, 1, 5, 0, 2, 8, 2, 7, 0, 7, 0, 0, 4, 10, 7, 4, 0, 0, 0, 4, 0, 4, 0, 5, 1, 9, 0, 0, 0, 0, 0, : 2, 7, 66, 9, 1, 5, 2, 8, 2, 7, 7, 4, 10, 7, 4, 4, 4, 5, 1, 9, 
222: 0, 0, 6, 65, 0, 0, 0, 4, 3, 0, 10, 4, 9, 0, 0, 0, 3, 0, 4, 9, 0, 0, 0, 6, 0, 0, 1, 0, 3, 0, 9, 8, 8, 0, 0, 0, 0, 0, 0, 0, : 6, 65, 4, 3, 10, 4, 9, 3, 4, 9, 6, 1, 3, 9, 8, 8, 
39: 1, 10, 2, 0, 1, 8, 0, 1, 4, 0, 3, 5, 0, 1, 7, 64, 1, 0, 3, 7, 8, 5, 0, 5, 5, 0, 0, 0, 2, 0, 3, 7, 2, 0, 0, 0, 0, 0, 4, 0, : 1, 10, 2, 1, 8, 1, 4, 3, 5, 1, 7, 64, 1, 3, 7, 8, 5, 5, 5, 2, 3, 7, 2, 4, 
260: 0, 5, 0, 1, 0, 0, 0, 0, 5, 0, 0, 7, 0, 10, 0, 0, 2, 4, 1, 0, 3, 1, 4, 3, 1, 7, 0, 0, 4, 0, 1, 3, 1, 4, 4, 0, 6, 0, 5, 0, : 5, 1, 5, 7, 10, 2, 4, 1, 3, 1, 4, 3, 1, 7, 4, 1, 3, 1, 4, 4, 6, 5, 
51: 0, 0, 2, 0, 3, 6, 0, 0, 9, 0, 3, 0, 0, 10, 3, 0, 8, 0, 6, 0, 0, 3, 0, 6, 0, 0, 0, 0, 6, 0, 10, 4, 0, 3, 0, 0, 68, 0, 5, 1, : 2, 3, 6, 9, 3, 10, 3, 8, 6, 3, 6, 6, 10, 4, 3, 68, 5, 1, 
193: 0, 8, 9, 0, 0, 9, 0, 0, 1, 1, 2, 0, 0, 3, 1, 0, 5, 0, 0, 5, 0, 0, 0, 2, 0, 2, 4, 0, 6, 62, 2, 5, 10, 0, 0, 1, 0, 0, 0, 0, : 8, 9, 9, 1, 1, 2, 3, 1, 5, 5, 2, 2, 4, 6, 62, 2, 5, 10, 1, 
125: 1, 4, 6, 0, 0, 0, 0, 0, 7, 0, 9, 8, 0, 7, 4, 0, 3, 0, 0, 0, 0, 2, 0, 5, 63, 1, 0, 0, 2, 0, 0, 0, 3, 3, 0, 0, 0, 3, 0, 1, : 1, 4, 6, 7, 9, 8, 7, 4, 3, 2, 5, 63, 1, 2, 3, 3, 3, 1, 
184: 1, 7, 4, 0, 0, 4, 1, 0, 6, 0, 5, 0, 0, 8, 4, 0, 2, 0, 0, 10, 0, 8, 0, 7, 0, 0, 0, 2, 0, 2, 10, 0, 4, 0, 67, 0, 0, 0, 0, 0, : 1, 7, 4, 4, 1, 6, 5, 8, 4, 2, 10, 8, 7, 2, 2, 10, 4, 67, 
191: 2, 6, 4, 0, 0, 7, 0, 0, 5, 1, 0, 5, 0, 0, 9, 1, 6, 0, 2, 0, 0, 5, 4, 1, 0, 1, 4, 2, 2, 0, 0, 7, 8, 0, 0, 0, 0, 0, 0, 0, : 2, 6, 4, 7, 5, 1, 5, 9, 1, 6, 2, 5, 4, 1, 1, 4, 2, 2, 7, 8, 
237: 0, 2, 7, 0, 0, 0, 62, 0, 5, 0, 0, 5, 0, 1, 3, 3, 8, 0, 0, 2, 0, 1, 0, 6, 0, 0, 2, 0, 0, 0, 10, 3, 0, 0, 0, 3, 0, 0, 1, 2, : 2, 7, 62, 5, 5, 1, 3, 3, 8, 2, 1, 6, 2, 10, 3, 3, 1, 2, 
239: 0, 7, 0, 0, 0, 10, 0, 0, 3, 0, 2, 8, 0, 0, 0, 5, 7, 0, 0, 10, 0, 1, 0, 1, 0, 0, 0, 8, 4, 0, 10, 4, 8, 0, 0, 61, 0, 0, 0, 0, : 7, 10, 3, 2, 8, 5, 7, 10, 1, 1, 8, 4, 10, 4, 8, 61, 
343: 7, 8, 7, 0, 0, 0, 4, 0, 6, 0, 4, 0, 61, 7, 0, 0, 3, 66, 10, 9, 0, 8, 61, 10, 0, 0, 0, 0, 0, 2, 8, 1, 5, 60, 0, 1, 0, 0, 0, 0, : 7, 8, 7, 4, 6, 4, 61, 7, 3, 66, 10, 9, 8, 61, 10, 2, 8, 1, 5, 60, 1, 


211: 0, 0, 5, 63, 3, 2, 0, 1, 6, 10, 1, 9, 9, 6, 3, 0, 0, 0, 5, 8, 2, 1, 2, 0, 1, 8, 9, 6, 3, 5, 0, 6, 0, 1, 0, 0, 6, 10, 61, 0, : 5, 63, 3, 2, 1, 6, 10, 1, 9, 9, 6, 3, 5, 8, 2, 1, 2, 1, 8, 9, 6, 3, 5, 6, 1, 6, 10, 61, 
68: 2, 1, 1, 0, 0, 0, 7, 1, 7, 2, 6, 6, 7, 9, 8, 0, 4, 5, 0, 6, 0, 6, 0, 0, 1, 0, 6, 8, 3, 2, 0, 2, 0, 8, 0, 0, 3, 0, 1, 0, : 2, 1, 1, 7, 1, 7, 2, 6, 6, 7, 9, 8, 4, 5, 6, 6, 1, 6, 8, 3, 2, 2, 8, 3, 1, 
116: 0, 0, 0, 0, 8, 0, 5, 0, 65, 4, 6, 4, 9, 0, 0, 0, 0, 0, 2, 7, 8, 1, 1, 0, 0, 1, 0, 0, 3, 9, 0, 1, 0, 2, 1, 0, 8, 4, 0, 9, : 8, 5, 65, 4, 6, 4, 9, 2, 7, 8, 1, 1, 1, 3, 9, 1, 2, 1, 8, 4, 9, 
236: 0, 0, 0, 0, 0, 0, 7, 0, 0, 0, 8, 1, 4, 5, 6, 0, 3, 0, 6, 4, 0, 3, 5, 0, 6, 1, 0, 1, 1, 0, 64, 0, 0, 2, 0, 4, 9, 5, 6, 8, : 7, 8, 1, 4, 5, 6, 3, 6, 4, 3, 5, 6, 1, 1, 1, 64, 2, 4, 9, 5, 6, 8, 
19: 8, 61, 3, 10, 6, 68, 7, 3, 0, 2, 4, 0, 0, 0, 6, 0, 4, 0, 4, 9, 0, 3, 1, 0, 3, 8, 0, 6, 1, 6, 0, 4, 2, 0, 0, 0, 4, 0, 0, 7, : 8, 61, 3, 10, 6, 68, 7, 3, 2, 4, 6, 4, 4, 9, 3, 1, 3, 8, 6, 1, 6, 4, 2, 4, 7, 
2: 2, 1, 1, 0, 3, 0, 10, 0, 0, 3, 4, 10, 5, 0, 0, 0, 7, 0, 9, 2, 9, 5, 9, 0, 8, 4, 5, 6, 3, 6, 0, 4, 0, 0, 0, 0, 10, 4, 0, 0, : 2, 1, 1, 3, 10, 3, 4, 10, 5, 7, 9, 2, 9, 5, 9, 8, 4, 5, 6, 3, 6, 4, 10, 4, 
36: 0, 0, 0, 0, 7, 0, 9, 9, 0, 2, 1, 5, 8, 0, 1, 0, 8, 0, 5, 2, 10, 0, 8, 0, 1, 3, 1, 10, 10, 6, 0, 4, 4, 9, 3, 8, 0, 1, 0, 9, : 7, 9, 9, 2, 1, 5, 8, 1, 8, 5, 2, 10, 8, 1, 3, 1, 10, 10, 6, 4, 4, 9, 3, 8, 1, 9, 
400: 0, 0, 0, 0, 9, 0, 3, 2, 2, 7, 0, 10, 1, 3, 1, 0, 6, 0, 3, 1, 0, 6, 10, 0, 7, 10, 0, 2, 1, 10, 10, 0, 0, 6, 0, 0, 0, 0, 1, 9, : 9, 3, 2, 2, 7, 10, 1, 3, 1, 6, 3, 1, 6, 10, 7, 10, 2, 1, 10, 10, 6, 1, 9, 
172: 64, 1, 0, 0, 8, 3, 1, 5, 0, 0, 8, 5, 5, 0, 10, 0, 9, 0, 5, 2, 6, 1, 1, 0, 10, 7, 9, 0, 5, 0, 0, 6, 66, 2, 0, 0, 2, 1, 0, 0, : 64, 1, 8, 3, 1, 5, 8, 5, 5, 10, 9, 5, 2, 6, 1, 1, 10, 7, 9, 5, 6, 66, 2, 2, 1, 
86: 0, 4, 0, 0, 9, 0, 3, 9, 0, 0, 1, 0, 0, 3, 0, 9, 7, 0, 5, 2, 0, 6, 2, 0, 2, 6, 3, 6, 1, 5, 6, 2, 0, 10, 0, 0, 8, 1, 1, 0, : 4, 9, 3, 9, 1, 3, 9, 7, 5, 2, 6, 2, 2, 6, 3, 6, 1, 5, 6, 2, 10, 8, 1, 1, 
234: 0, 0, 2, 0, 0, 3, 6, 7, 0, 10, 5, 0, 9, 6, 4, 0, 9, 0, 4, 1, 5, 1, 7, 0, 9, 2, 4, 1, 9, 0, 0, 9, 0, 3, 0, 0, 0, 7, 0, 0, : 2, 3, 6, 7, 10, 5, 9, 6, 4, 9, 4, 1, 5, 1, 7, 9, 2, 4, 1, 9, 9, 3, 7, 
399: 0, 7, 0, 0, 0, 0, 1, 0, 0, 4, 7, 1, 3, 5, 7, 0, 1, 6, 1, 3, 2, 5, 0, 2, 0, 4, 7, 3, 2, 8, 0, 0, 0, 8, 3, 2, 7, 5, 8, 5, : 7, 1, 4, 7, 1, 3, 5, 7, 1, 6, 1, 3, 2, 5, 2, 4, 7, 3, 2, 8, 8, 3, 2, 7, 5, 8, 5, 
158: 0, 5, 7, 0, 10, 0, 7, 0, 0, 3, 2, 10, 0, 7, 4, 0, 4, 0, 8, 10, 1, 5, 0, 0, 8, 8, 4, 8, 6, 5, 0, 9, 0, 3, 7, 1, 0, 0, 0, 4, : 5, 7, 10, 7, 3, 2, 10, 7, 4, 4, 8, 10, 1, 5, 8, 8, 4, 8, 6, 5, 9, 3, 7, 1, 4, 
278: 0, 0, 1, 0, 0, 0, 1, 5, 0, 8, 1, 0, 1, 9, 2, 3, 0, 65, 1, 1, 5, 7, 0, 0, 4, 0, 0, 5, 8, 9, 0, 6, 3, 0, 0, 0, 6, 1, 0, 0, : 1, 1, 5, 8, 1, 1, 9, 2, 3, 65, 1, 1, 5, 7, 4, 5, 8, 9, 6, 3, 6, 1, 
272: 0, 0, 0, 0, 1, 0, 6, 10, 0, 7, 0, 1, 2, 5, 7, 0, 0, 0, 2, 1, 8, 4, 9, 69, 5, 0, 5, 6, 6, 0, 0, 8, 5, 1, 0, 0, 9, 8, 0, 8, : 1, 6, 10, 7, 1, 2, 5, 7, 2, 1, 8, 4, 9, 69, 5, 5, 6, 6, 8, 5, 1, 9, 8, 8, 
112: 4, 0, 0, 7, 1, 0, 2, 5, 0, 7, 4, 0, 7, 9, 4, 1, 3, 4, 2, 2, 1, 9, 5, 9, 2, 9, 5, 0, 2, 3, 0, 1, 0, 9, 0, 0, 6, 10, 0, 0, : 4, 7, 1, 2, 5, 7, 4, 7, 9, 4, 1, 3, 4, 2, 2, 1, 9, 5, 9, 2, 9, 5, 2, 3, 1, 9, 6, 10, 
292: 0, 0, 0, 0, 8, 0, 0, 2, 0, 5, 7, 9, 7, 2, 1, 61, 0, 0, 4, 5, 8, 7, 8, 0, 0, 0, 10, 0, 1, 0, 0, 7, 0, 10, 66, 62, 1, 5, 2, 0, : 8, 2, 5, 7, 9, 7, 2, 1, 61, 4, 5, 8, 7, 8, 10, 1, 7, 10, 66, 62, 1, 5, 2, 
335: 0, 0, 0, 0, 7, 4, 1, 10, 0, 1, 0, 9, 0, 2, 6, 0, 10, 0, 1, 2, 8, 1, 0, 0, 2, 0, 6, 1, 3, 3, 0, 0, 0, 2, 0, 3, 1, 9, 0, 6, : 7, 4, 1, 10, 1, 9, 2, 6, 10, 1, 2, 8, 1, 2, 6, 1, 3, 3, 2, 3, 1, 9, 6, 
7: 0, 0, 0, 0, 0, 0, 4, 3, 0, 0, 8, 0, 2, 0, 2, 0, 4, 0, 6, 7, 4, 5, 10, 0, 6, 6, 1, 1, 5, 2, 0, 6, 0, 3, 0, 0, 0, 1, 0, 5, : 4, 3, 8, 2, 2, 4, 6, 7, 4, 5, 10, 6, 6, 1, 1, 5, 2, 6, 3, 1, 5, 
215: 0, 0, 60, 0, 0, 0, 0, 8, 0, 5, 7, 0, 1, 9, 8, 6, 1, 0, 7, 5, 3, 4, 2, 0, 5, 3, 5, 10, 7, 1, 0, 5, 0, 1, 0, 0, 0, 8, 0, 10, : 60, 8, 5, 7, 1, 9, 8, 6, 1, 7, 5, 3, 4, 2, 5, 3, 5, 10, 7, 1, 5, 1, 8, 10, 


318: 6, 6, 0, 10, 0, 0, 70, 0, 0, 4, 7, 0, 0, 0, 0, 0, 2, 64, 0, 0, 0, 8, 9, 0, 0, 4, 10, 3, 2, 5, 0, 10, 0, 2, 4, 3, 3, 0, 0, 0, : 6, 6, 10, 70, 4, 7, 2, 64, 8, 9, 4, 10, 3, 2, 5, 10, 2, 4, 3, 3, 
108: 2, 4, 0, 4, 0, 0, 0, 4, 3, 4, 1, 1, 4, 0, 0, 4, 5, 0, 0, 8, 0, 0, 2, 0, 1, 9, 0, 0, 8, 0, 0, 2, 5, 0, 8, 0, 6, 0, 0, 8, : 2, 4, 4, 4, 3, 4, 1, 1, 4, 4, 5, 8, 2, 1, 9, 8, 2, 5, 8, 6, 8, 
166: 8, 4, 1, 9, 0, 0, 0, 0, 1, 3, 7, 6, 1, 0, 0, 1, 9, 0, 0, 9, 0, 5, 2, 4, 0, 3, 2, 1, 11, 1, 0, 7, 5, 0, 7, 0, 3, 0, 0, 0, : 8, 4, 1, 9, 1, 3, 7, 6, 1, 1, 9, 9, 5, 2, 4, 3, 2, 1, 11, 1, 7, 5, 7, 3, 
30: 5, 0, 0, 6, 0, 0, 9, 0, 0, 4, 4, 69, 1, 0, 8, 8, 1, 0, 0, 0, 0, 0, 8, 8, 0, 5, 10, 0, 7, 1, 0, 2, 6, 8, 4, 0, 0, 0, 0, 0, : 5, 6, 9, 4, 4, 69, 1, 8, 8, 1, 8, 8, 5, 10, 7, 1, 2, 6, 8, 4, 
157: 2, 4, 0, 0, 0, 2, 0, 0, 0, 1, 0, 0, 0, 0, 0, 9, 9, 8, 2, 0, 0, 0, 10, 0, 3, 6, 6, 0, 1, 2, 0, 4, 2, 0, 3, 0, 1, 0, 68, 0, : 2, 4, 2, 1, 9, 9, 8, 2, 10, 3, 6, 6, 1, 2, 4, 2, 3, 1, 68, 
392: 0, 5, 0, 6, 0, 0, 0, 0, 0, 1, 0, 0, 7, 0, 0, 6, 8, 0, 0, 0, 8, 0, 5, 7, 10, 1, 4, 0, 7, 9, 0, 1, 1, 60, 1, 0, 10, 0, 0, 0, : 5, 6, 1, 7, 6, 8, 8, 5, 7, 10, 1, 4, 7, 9, 1, 1, 60, 1, 10, 
306: 1, 9, 0, 8, 1, 0, 0, 67, 0, 5, 0, 0, 3, 0, 0, 0, 0, 0, 1, 0, 9, 0, 0, 4, 0, 1, 6, 2, 1, 0, 0, 0, 7, 0, 6, 1, 6, 0, 9, 0, : 1, 9, 8, 1, 67, 5, 3, 1, 9, 4, 1, 6, 2, 1, 7, 6, 1, 6, 9, 
303: 5, 0, 0, 3, 0, 0, 0, 0, 0, 6, 8, 0, 2, 2, 0, 9, 4, 0, 0, 62, 0, 0, 0, 5, 0, 7, 6, 63, 2, 8, 1, 8, 8, 0, 2, 3, 0, 0, 0, 0, : 5, 3, 6, 8, 2, 2, 9, 4, 62, 5, 7, 6, 63, 2, 8, 1, 8, 8, 2, 3, 
208: 1, 2, 0, 2, 0, 67, 0, 0, 60, 1, 3, 3, 8, 8, 1, 4, 2, 0, 0, 1, 0, 5, 1, 0, 0, 1, 0, 0, 1, 10, 0, 1, 5, 0, 9, 0, 0, 3, 0, 69, : 1, 2, 2, 67, 60, 1, 3, 3, 8, 8, 1, 4, 2, 1, 5, 1, 1, 1, 10, 1, 5, 9, 3, 69, 
31: 3, 0, 63, 0, 0, 0, 1, 0, 0, 3, 8, 1, 9, 2, 0, 2, 7, 0, 0, 0, 0, 0, 6, 9, 66, 2, 4, 0, 2, 6, 1, 3, 10, 0, 9, 1, 4, 0, 0, 0, : 3, 63, 1, 3, 8, 1, 9, 2, 2, 7, 6, 9, 66, 2, 4, 2, 6, 1, 3, 10, 9, 1, 4, 
373: 0, 3, 0, 8, 8, 0, 0, 0, 0, 6, 1, 0, 0, 2, 0, 2, 0, 0, 0, 0, 0, 0, 0, 9, 0, 2, 8, 0, 10, 7, 60, 1, 0, 0, 0, 0, 5, 0, 0, 0, : 3, 8, 8, 6, 1, 2, 2, 9, 2, 8, 10, 7, 60, 1, 5, 
376: 8, 9, 0, 0, 0, 5, 0, 2, 6, 1, 4, 0, 6, 65, 0, 1, 9, 5, 3, 0, 1, 0, 0, 9, 0, 5, 0, 3, 9, 0, 0, 4, 9, 1, 0, 6, 9, 0, 0, 0, : 8, 9, 5, 2, 6, 1, 4, 6, 65, 1, 9, 5, 3, 1, 9, 5, 3, 9, 4, 9, 1, 6, 9, 
32: 9, 10, 0, 8, 0, 4, 0, 0, 0, 1, 0, 0, 9, 0, 0, 5, 0, 0, 0, 0, 0, 0, 8, 0, 0, 5, 5, 0, 3, 4, 0, 8, 8, 0, 8, 0, 8, 8, 0, 0, : 9, 10, 8, 4, 1, 9, 5, 8, 5, 5, 3, 4, 8, 8, 8, 8, 8, 
165: 5, 10, 8, 0, 1, 0, 0, 1, 0, 5, 1, 0, 10, 0, 1, 3, 0, 0, 0, 0, 0, 0, 10, 0, 0, 5, 3, 0, 1, 2, 7, 9, 1, 0, 0, 1, 4, 7, 0, 0, : 5, 10, 8, 1, 1, 5, 1, 10, 1, 3, 10, 5, 3, 1, 2, 7, 9, 1, 1, 4, 7, 
164: 7, 3, 0, 2, 3, 0, 0, 0, 9, 8, 10, 0, 0, 0, 4, 6, 0, 0, 0, 0, 0, 62, 9, 9, 0, 9, 8, 1, 1, 10, 2, 0, 0, 0, 0, 60, 7, 0, 0, 0, : 7, 3, 2, 3, 9, 8, 10, 4, 6, 62, 9, 9, 9, 8, 1, 1, 10, 2, 60, 7, 
89: 7, 2, 0, 2, 0, 0, 0, 0, 0, 7, 5, 0, 0, 1, 0, 5, 9, 0, 0, 0, 0, 0, 9, 2, 0, 2, 1, 0, 4, 0, 6, 2, 1, 9, 0, 2, 7, 0, 0, 0, : 7, 2, 2, 7, 5, 1, 5, 9, 9, 2, 2, 1, 4, 6, 2, 1, 9, 2, 7, 
197: 0, 5, 0, 0, 0, 0, 0, 6, 1, 7, 2, 0, 9, 0, 1, 1, 6, 0, 0, 0, 62, 0, 0, 0, 0, 3, 0, 3, 3, 0, 0, 9, 8, 0, 7, 0, 3, 1, 0, 0, : 5, 6, 1, 7, 2, 9, 1, 1, 6, 62, 3, 3, 3, 9, 8, 7, 3, 1, 
250: 7, 4, 0, 0, 6, 0, 0, 0, 0, 7, 7, 0, 7, 0, 3, 4, 9, 3, 4, 0, 0, 0, 1, 9, 0, 5, 7, 0, 1, 8, 0, 5, 1, 0, 0, 3, 3, 0, 0, 0, : 7, 4, 6, 7, 7, 7, 3, 4, 9, 3, 4, 1, 9, 5, 7, 1, 8, 5, 1, 3, 3, 
77: 4, 0, 8, 2, 61, 2, 0, 0, 0, 2, 4, 0, 1, 0, 0, 10, 0, 0, 0, 0, 0, 0, 0, 0, 0, 4, 0, 4, 3, 5, 0, 1, 3, 0, 2, 0, 1, 0, 3, 3, : 4, 8, 2, 61, 2, 2, 4, 1, 10, 4, 4, 3, 5, 1, 3, 2, 1, 3, 3, 
152: 0, 0, 0, 10, 0, 0, 0, 0, 0, 4, 8, 0, 3, 0, 62, 0, 0, 0, 70, 0, 0, 0, 0, 5, 0, 1, 0, 0, 3, 2, 3, 3, 0, 0, 10, 0, 0, 61, 0, 0, : 10, 4, 8, 3, 62, 70, 5, 1, 3, 2, 3, 3, 10, 61, 


257: 0, 0, 0, 4, 2, 0, 0, 0, 9, 3, 0, 1, 5, 0, 0, 1, 0, 1, 0, 0, 0, 6, 0, 0, 1, 1, 0, 10, 0, 0, 0, 6, 0, 0, 0, 0, 0, 7, 0, 7, : 4, 2, 9, 3, 1, 5, 1, 1, 6, 1, 1, 10, 6, 7, 7, 
356: 0, 0, 0, 1, 3, 0, 1, 2, 0, 0, 62, 0, 10, 0, 0, 0, 0, 0, 0, 0, 0, 0, 0, 5, 2, 6, 0, 0, 0, 0, 0, 1, 9, 0, 0, 0, 2, 0, 1, 5, : 1, 3, 1, 2, 62, 10, 5, 2, 6, 1, 9, 2, 1, 5, 
181: 0, 0, 0, 1, 8, 0, 0, 9, 0, 0, 0, 1, 6, 0, 0, 0, 4, 9, 0, 2, 0, 3, 0, 9, 0, 1, 0, 7, 0, 0, 0, 3, 7, 3, 2, 0, 7, 0, 3, 5, : 1, 8, 9, 1, 6, 4, 9, 2, 3, 9, 1, 7, 3, 7, 3, 2, 7, 3, 5, 
111: 0, 0, 0, 6, 8, 0, 3, 3, 4, 0, 0, 2, 8, 2, 4, 3, 0, 7, 1, 0, 0, 0, 0, 1, 0, 6, 0, 5, 0, 0, 0, 1, 0, 0, 0, 0, 0, 0, 0, 3, : 6, 8, 3, 3, 4, 2, 8, 2, 4, 3, 7, 1, 1, 6, 5, 1, 3, 
256: 0, 0, 0, 4, 7, 0, 0, 0, 8, 0, 0, 0, 4, 6, 0, 5, 0, 0, 0, 5, 2, 0, 0, 7, 2, 10, 69, 0, 0, 67, 5, 4, 1, 0, 0, 7, 0, 0, 0, 2, : 4, 7, 8, 4, 6, 5, 5, 2, 7, 2, 10, 69, 67, 5, 4, 1, 7, 2, 
131: 67, 0, 0, 5, 1, 5, 0, 8, 4, 5, 0, 0, 2, 7, 0, 5, 0, 0, 0, 0, 0, 0, 0, 1, 0, 0, 0, 0, 0, 0, 0, 5, 8, 8, 0, 0, 0, 0, 0, 1, : 67, 5, 1, 5, 8, 4, 5, 2, 7, 5, 1, 5, 8, 8, 1, 
262: 0, 10, 0, 4, 7, 0, 64, 1, 10, 0, 0, 0, 2, 10, 0, 10, 0, 1, 1, 0, 0, 0, 0, 8, 9, 3, 0, 1, 0, 6, 0, 5, 3, 0, 0, 0, 0, 0, 0, 2, : 10, 4, 7, 64, 1, 10, 2, 10, 10, 1, 1, 8, 9, 3, 1, 6, 5, 3, 2, 
386: 0, 0, 0, 3, 9, 3, 4, 0, 2, 0, 0, 0, 1, 7, 0, 6, 0, 60, 0, 0, 0, 0, 5, 0, 3, 1, 0, 0, 0, 0, 0, 4, 8, 0, 0, 0, 0, 0, 6, 3, : 3, 9, 3, 4, 2, 1, 7, 6, 60, 5, 3, 1, 4, 8, 6, 3, 
54: 1, 0, 9, 5, 7, 1, 0, 10, 3, 61, 0, 0, 1, 0, 1, 8, 0, 0, 8, 0, 0, 5, 0, 3, 0, 7, 0, 4, 0, 0, 0, 5, 0, 0, 0, 7, 0, 1, 0, 0, : 1, 9, 5, 7, 1, 10, 3, 61, 1, 1, 8, 8, 5, 3, 7, 4, 5, 7, 1, 
380: 0, 0, 0, 7, 1, 0, 0, 5, 8, 0, 9, 2, 4, 7, 0, 6, 1, 0, 0, 62, 0, 0, 0, 7, 9, 1, 0, 5, 8, 2, 2, 4, 0, 61, 1, 0, 0, 0, 0, 5, : 7, 1, 5, 8, 9, 2, 4, 7, 6, 1, 62, 7, 9, 1, 5, 8, 2, 2, 4, 61, 1, 5, 
198: 1, 0, 0, 2, 2, 0, 0, 5, 6, 0, 2, 0, 0, 0, 66, 1, 0, 2, 7, 2, 0, 0, 3, 3, 4, 2, 0, 7, 1, 0, 1, 2, 0, 0, 0, 0, 1, 0, 0, 2, : 1, 2, 2, 5, 6, 2, 66, 1, 2, 7, 2, 3, 3, 4, 2, 7, 1, 1, 2, 1, 2, 
251: 0, 1, 65, 9, 0, 0, 0, 10, 0, 0, 0, 5, 1, 9, 2, 3, 0, 0, 0, 0, 2, 0, 0, 8, 10, 4, 0, 2, 0, 0, 0, 4, 5, 0, 0, 0, 0, 0, 0, 0, : 1, 65, 9, 10, 5, 1, 9, 2, 3, 2, 8, 10, 4, 2, 4, 5, 
385: 0, 0, 0, 0, 7, 0, 0, 8, 0, 5, 7, 63, 0, 1, 0, 3, 70, 0, 0, 0, 0, 0, 0, 9, 8, 3, 5, 0, 0, 2, 1, 5, 10, 1, 1, 0, 1, 0, 0, 6, : 7, 8, 5, 7, 63, 1, 3, 70, 9, 8, 3, 5, 2, 1, 5, 10, 1, 1, 1, 6, 
265: 0, 0, 0, 10, 8, 63, 0, 10, 2, 0, 0, 0, 7, 4, 2, 8, 3, 0, 0, 0, 67, 0, 61, 5, 8, 9, 0, 9, 2, 0, 0, 2, 1, 4, 4, 0, 0, 0, 0, 2, : 10, 8, 63, 10, 2, 7, 4, 2, 8, 3, 67, 61, 5, 8, 9, 9, 2, 2, 1, 4, 4, 2, 
394: 0, 1, 5, 9, 1, 0, 1, 0, 0, 0, 0, 0, 3, 0, 1, 0, 1, 0, 0, 1, 0, 0, 0, 0, 0, 10, 0, 4, 0, 0, 70, 1, 3, 0, 0, 0, 0, 0, 0, 9, : 1, 5, 9, 1, 1, 3, 1, 1, 1, 10, 4, 70, 1, 3, 9, 
274: 0, 0, 0, 4, 3, 0, 0, 1, 5, 0, 0, 0, 5, 2, 0, 1, 0, 0, 0, 0, 0, 60, 0, 2, 0, 6, 6, 7, 0, 0, 0, 3, 0, 0, 0, 0, 0, 9, 0, 8, : 4, 3, 1, 5, 5, 2, 1, 60, 2, 6, 6, 7, 3, 9, 8, 
139: 3, 0, 0, 0, 4, 0, 6, 0, 3, 0, 0, 0, 10, 8, 0, 6, 0, 0, 0, 8, 0, 2, 0, 2, 8, 10, 0, 6, 0, 0, 1, 10, 7, 0, 0, 0, 0, 0, 8, 5, : 3, 4, 6, 3, 10, 8, 6, 8, 2, 2, 8, 10, 6, 1, 10, 7, 8, 5, 
217: 0, 68, 1, 4, 1, 0, 0, 0, 9, 0, 0, 6, 0, 9, 0, 2, 0, 0, 0, 0, 2, 2, 4, 1, 8, 0, 0, 10, 0, 0, 0, 6, 0, 0, 8, 0, 5, 2, 0, 0, : 68, 1, 4, 1, 9, 6, 9, 2, 2, 2, 4, 1, 8, 10, 6, 8, 5, 2, 
255: 0, 0, 0, 0, 1, 0, 0, 6, 0, 6, 0, 0, 6, 8, 0, 4, 0, 0, 0, 0, 7, 0, 0, 8, 6, 0, 0, 0, 2, 0, 0, 6, 9, 0, 64, 66, 64, 61, 0, 10, : 1, 6, 6, 6, 8, 4, 7, 8, 6, 2, 6, 9, 64, 66, 64, 61, 10, 
103: 8, 0, 0, 2, 0, 8, 1, 2, 7, 0, 0, 0, 5, 0, 4, 8, 1, 0, 63, 0, 0, 2, 7, 1, 2, 0, 0, 3, 67, 3, 0, 3, 9, 3, 0, 0, 0, 0, 62, 5, : 8, 2, 8, 1, 2, 7, 5, 4, 8, 1, 63, 2, 7, 1, 2, 3, 67, 3, 3, 9, 3, 62, 5, 


372: 4, 6, 8, 0, 0, 0, 8, 1, 0, 1, 4, 0, 0, 0, 8, 9, 0, 6, 0, 1, 3, 6, 10, 3, 2, 10, 0, 0, 0, 0, 2, 0, 60, 2, 9, 4, 0, 0, 4, 6, : 4, 6, 8, 8, 1, 1, 4, 8, 9, 6, 1, 3, 6, 10, 3, 2, 10, 2, 60, 2, 9, 4, 4, 6, 
170: 0, 6, 1, 0, 0, 0, 2, 0, 0, 7, 7, 0, 1, 1, 3, 4, 2, 0, 6, 8, 0, 0, 4, 3, 3, 5, 0, 0, 0, 0, 2, 9, 0, 2, 10, 1, 10, 2, 9, 10, : 6, 1, 2, 7, 7, 1, 1, 3, 4, 2, 6, 8, 4, 3, 3, 5, 2, 9, 2, 10, 1, 10, 2, 9, 10, 
354: 0, 3, 10, 0, 0, 0, 8, 10, 0, 4, 0, 0, 1, 1, 1, 5, 0, 0, 1, 0, 0, 0, 1, 9, 7, 5, 0, 0, 0, 0, 2, 1, 0, 9, 2, 6, 4, 3, 6, 7, : 3, 10, 8, 10, 4, 1, 1, 1, 5, 1, 1, 9, 7, 5, 2, 1, 9, 2, 6, 4, 3, 6, 7, 
350: 0, 1, 6, 0, 0, 7, 0, 1, 3, 5, 0, 0, 0, 0, 2, 3, 0, 0, 3, 0, 0, 0, 5, 10, 2, 0, 3, 0, 8, 6, 5, 0, 0, 1, 0, 3, 2, 3, 1, 1, : 1, 6, 7, 1, 3, 5, 2, 3, 3, 5, 10, 2, 3, 8, 6, 5, 1, 3, 2, 3, 1, 1, 
230: 0, 0, 3, 0, 0, 0, 0, 0, 7, 10, 0, 6, 4, 10, 8, 1, 0, 3, 1, 5, 0, 1, 4, 1, 0, 5, 2, 0, 0, 0, 7, 0, 0, 2, 7, 7, 0, 5, 2, 0, : 3, 7, 10, 6, 4, 10, 8, 1, 3, 1, 5, 1, 4, 1, 5, 2, 7, 2, 7, 7, 5, 2, 
180: 1, 1, 0, 0, 8, 0, 6, 1, 8, 5, 5, 2, 0, 0, 4, 8, 7, 62, 2, 9, 3, 5, 1, 5, 0, 3, 0, 1, 9, 0, 0, 0, 6, 1, 1, 1, 7, 7, 6, 2, : 1, 1, 8, 6, 1, 8, 5, 5, 2, 4, 8, 7, 62, 2, 9, 3, 5, 1, 5, 3, 1, 9, 6, 1, 1, 1, 7, 7, 6, 2, 
138: 6, 8, 3, 0, 0, 0, 0, 8, 0, 1, 1, 0, 0, 0, 3, 5, 0, 1, 5, 3, 4, 0, 1, 7, 0, 0, 0, 0, 0, 5, 0, 0, 0, 6, 2, 7, 4, 2, 3, 0, : 6, 8, 3, 8, 1, 1, 3, 5, 1, 5, 3, 4, 1, 7, 5, 6, 2, 7, 4, 2, 3, 
225: 0, 0, 6, 60, 0, 0, 9, 4, 4, 1, 0, 0, 0, 6, 0, 0, 3, 0, 6, 3, 0, 63, 8, 0, 0, 1, 0, 5, 0, 4, 0, 0, 0, 2, 3, 3, 6, 0, 4, 0, : 6, 60, 9, 4, 4, 1, 6, 3, 6, 3, 63, 8, 1, 5, 4, 2, 3, 3, 6, 4, 
241: 0, 3, 7, 8, 0, 66, 6, 6, 5, 1, 0, 0, 0, 7, 2, 5, 0, 0, 7, 10, 0, 0, 2, 5, 0, 10, 0, 1, 0, 0, 5, 0, 0, 7, 4, 0, 0, 0, 3, 1, : 3, 7, 8, 66, 6, 6, 5, 1, 7, 2, 5, 7, 10, 2, 5, 10, 1, 5, 7, 4, 3, 1, 
368: 2, 7, 3, 7, 0, 3, 1, 2, 0, 0, 0, 0, 1, 4, 10, 8, 4, 0, 3, 9, 0, 5, 1, 1, 0, 0, 0, 0, 62, 0, 1, 0, 0, 7, 10, 9, 9, 6, 8, 4, : 2, 7, 3, 7, 3, 1, 2, 1, 4, 10, 8, 4, 3, 9, 5, 1, 1, 62, 1, 7, 10, 9, 9, 6, 8, 4, 
224: 1, 8, 1, 0, 0, 0, 0, 5, 6, 10, 0, 0, 3, 0, 1, 0, 0, 2, 0, 0, 0, 0, 1, 1, 62, 5, 0, 0, 0, 0, 0, 0, 5, 4, 5, 6, 5, 0, 3, 2, : 1, 8, 1, 5, 6, 10, 3, 1, 2, 1, 1, 62, 5, 5, 4, 5, 6, 5, 3, 2, 
104: 0, 7, 1, 0, 0, 0, 7, 9, 1, 6, 0, 63, 0, 0, 7, 2, 0, 0, 7, 2, 0, 0, 5, 1, 0, 0, 69, 0, 0, 0, 6, 0, 0, 5, 1, 7, 4, 0, 4, 8, : 7, 1, 7, 9, 1, 6, 63, 7, 2, 7, 2, 5, 1, 69, 6, 5, 1, 7, 4, 4, 8, 
243: 0, 7, 10, 0, 0, 4, 4, 3, 3, 0, 0, 0, 0, 8, 0, 0, 1, 0, 5, 6, 0, 0, 2, 6, 0, 4, 0, 0, 0, 0, 10, 9, 0, 2, 0, 6, 4, 8, 6, 8, : 7, 10, 4, 4, 3, 3, 8, 1, 5, 6, 2, 6, 4, 10, 9, 2, 6, 4, 8, 6, 8, 
155: 0, 7, 8, 2, 0, 0, 0, 7, 5, 5, 0, 0, 0, 0, 1, 10, 0, 0, 4, 5, 70, 0, 3, 2, 0, 4, 1, 10, 1, 0, 8, 60, 2, 6, 7, 6, 9, 6, 0, 1, : 7, 8, 2, 7, 5, 5, 1, 10, 4, 5, 70, 3, 2, 4, 1, 10, 1, 8, 60, 2, 6, 7, 6, 9, 6, 1, 
58: 3, 0, 0, 0, 0, 0, 10, 0, 7, 7, 63, 0, 9, 9, 8, 1, 0, 1, 9, 9, 0, 0, 1, 1, 0, 0, 5, 0, 0, 0, 6, 1, 7, 8, 3, 5, 0, 9, 2, 5, : 3, 10, 7, 7, 63, 9, 9, 8, 1, 1, 9, 9, 1, 1, 5, 6, 1, 7, 8, 3, 5, 9, 2, 5, 
334: 0, 0, 3, 0, 1, 0, 10, 7, 7, 2, 0, 9, 0, 9, 2, 0, 0, 3, 0, 4, 0, 0, 9, 3, 0, 1, 0, 0, 0, 0, 2, 0, 0, 7, 5, 5, 5, 5, 4, 0, : 3, 1, 10, 7, 7, 2, 9, 9, 2, 3, 4, 9, 3, 1, 2, 7, 5, 5, 5, 5, 4, 
279: 0, 10, 0, 3, 5, 0, 4, 0, 8, 0, 0, 0, 0, 5, 9, 8, 0, 0, 3, 3, 0, 0, 3, 5, 1, 10, 0, 0, 0, 0, 8, 0, 0, 2, 8, 0, 0, 8, 3, 0, : 10, 3, 5, 4, 8, 5, 9, 8, 3, 3, 3, 5, 1, 10, 8, 2, 8, 8, 3, 
186: 1, 4, 0, 0, 0, 0, 0, 10, 10, 5, 0, 0, 61, 10, 0, 6, 63, 1, 0, 3, 0, 0, 3, 4, 2, 8, 0, 3, 0, 0, 8, 0, 0, 2, 0, 3, 10, 2, 1, 9, : 1, 4, 10, 10, 5, 61, 10, 6, 63, 1, 3, 3, 4, 2, 8, 3, 8, 2, 3, 10, 2, 1, 9, 
244: 62, 2, 8, 0, 62, 0, 0, 1, 6, 3, 0, 0, 0, 6, 1, 1, 0, 0, 8, 0, 0, 0, 8, 5, 0, 8, 0, 0, 0, 65, 8, 0, 0, 1, 3, 0, 1, 6, 10, 6, : 62, 2, 8, 62, 1, 6, 3, 6, 1, 1, 8, 8, 5, 8, 65, 8, 1, 3, 1, 6, 10, 6, 
207: 0, 0, 2, 0, 4, 0, 5, 5, 0, 7, 0, 0, 0, 4, 10, 4, 0, 1, 10, 0, 0, 0, 8, 8, 1, 1, 0, 60, 0, 0, 0, 0, 0, 4, 0, 1, 0, 8, 1, 10, : 2, 4, 5, 5, 7, 4, 10, 4, 1, 10, 8, 8, 1, 1, 60, 4, 1, 8, 1, 10, 


106: 9, 0, 0, 0, 0, 9, 0, 10, 5, 6, 0, 0, 0, 0, 0, 1, 0, 0, 0, 5, 0, 0, 8, 6, 2, 0, 1, 60, 0, 0, 0, 0, 2, 0, 0, 0, 0, 0, 0, 0, : 9, 9, 10, 5, 6, 1, 5, 8, 6, 2, 1, 60, 2, 
65: 2, 0, 0, 0, 0, 9, 0, 0, 0, 1, 0, 0, 0, 0, 0, 0, 0, 2, 0, 10, 6, 0, 2, 0, 1, 0, 3, 0, 0, 1, 6, 0, 9, 0, 0, 1, 0, 10, 0, 0, : 2, 9, 1, 2, 10, 6, 2, 1, 3, 1, 6, 9, 1, 10, 
264: 8, 0, 0, 0, 0, 3, 0, 9, 0, 10, 0, 0, 8, 0, 6, 0, 0, 7, 0, 2, 0, 0, 9, 0, 5, 3, 3, 0, 69, 69, 8, 0, 0, 0, 0, 0, 0, 10, 0, 0, : 8, 3, 9, 10, 8, 6, 7, 2, 9, 5, 3, 3, 69, 69, 8, 10, 
118: 0, 0, 0, 0, 0, 2, 0, 0, 0, 2, 8, 1, 0, 4, 0, 0, 0, 10, 9, 8, 0, 0, 0, 0, 0, 62, 1, 7, 0, 0, 9, 3, 0, 0, 0, 0, 0, 2, 5, 0, : 2, 2, 8, 1, 4, 10, 9, 8, 62, 1, 7, 9, 3, 2, 5, 
245: 0, 0, 0, 0, 0, 0, 0, 2, 0, 2, 0, 64, 0, 0, 0, 0, 0, 5, 0, 6, 0, 0, 4, 0, 0, 0, 3, 0, 0, 0, 0, 7, 62, 0, 0, 0, 0, 9, 0, 0, : 2, 2, 64, 5, 6, 4, 3, 7, 62, 9, 
34: 1, 0, 0, 0, 0, 4, 2, 7, 0, 6, 0, 0, 0, 0, 3, 3, 0, 7, 0, 0, 0, 0, 1, 0, 6, 1, 6, 0, 0, 0, 8, 4, 0, 0, 0, 0, 0, 0, 0, 0, : 1, 4, 2, 7, 6, 3, 3, 7, 1, 6, 1, 6, 8, 4, 
63: 0, 7, 66, 0, 7, 3, 0, 0, 0, 1, 0, 0, 0, 1, 0, 0, 0, 4, 0, 2, 0, 0, 0, 0, 1, 2, 3, 0, 0, 0, 4, 0, 0, 0, 4, 0, 2, 4, 0, 6, : 7, 66, 7, 3, 1, 1, 4, 2, 1, 2, 3, 4, 4, 2, 4, 6, 
246: 2, 0, 0, 3, 4, 0, 1, 0, 7, 6, 0, 6, 0, 0, 0, 7, 8, 0, 0, 0, 3, 0, 0, 0, 2, 0, 9, 3, 0, 0, 7, 0, 5, 0, 0, 1, 0, 4, 0, 3, : 2, 3, 4, 1, 7, 6, 6, 7, 8, 3, 2, 9, 3, 7, 5, 1, 4, 3, 
40: 9, 4, 0, 1, 63, 1, 62, 2, 0, 4, 0, 0, 0, 0, 0, 0, 1, 2, 0, 5, 0, 0, 1, 0, 0, 0, 8, 0, 0, 0, 0, 0, 0, 3, 0, 0, 0, 2, 0, 0, : 9, 4, 1, 63, 1, 62, 2, 4, 1, 2, 5, 1, 8, 3, 2, 
130: 1, 0, 3, 0, 0, 7, 0, 5, 0, 1, 68, 1, 0, 0, 0, 0, 0, 6, 0, 10, 0, 0, 7, 0, 1, 0, 9, 0, 0, 0, 2, 0, 0, 0, 0, 1, 0, 0, 69, 3, : 1, 3, 7, 5, 1, 68, 1, 6, 10, 7, 1, 9, 2, 1, 69, 3, 
296: 5, 0, 1, 0, 0, 7, 0, 1, 0, 4, 0, 0, 0, 0, 0, 2, 61, 10, 9, 8, 0, 0, 4, 0, 8, 0, 1, 0, 0, 0, 0, 1, 1, 5, 0, 1, 0, 10, 4, 60, : 5, 1, 7, 1, 4, 2, 61, 10, 9, 8, 4, 8, 1, 1, 1, 5, 1, 10, 4, 60, 
167: 5, 4, 0, 0, 0, 0, 0, 1, 2, 7, 0, 0, 0, 0, 4, 0, 0, 3, 62, 0, 0, 0, 0, 8, 5, 0, 2, 0, 0, 10, 10, 0, 0, 0, 0, 0, 0, 7, 2, 0, : 5, 4, 1, 2, 7, 4, 3, 62, 8, 5, 2, 10, 10, 7, 2, 
4: 3, 0, 0, 0, 0, 9, 0, 6, 0, 5, 0, 1, 0, 0, 0, 0, 9, 3, 0, 0, 9, 10, 6, 0, 1, 0, 3, 0, 10, 0, 1, 0, 0, 0, 2, 67, 0, 8, 0, 1, : 3, 9, 6, 5, 1, 9, 3, 9, 10, 6, 1, 3, 10, 1, 2, 67, 8, 1, 
216: 0, 2, 0, 0, 0, 9, 1, 8, 0, 1, 0, 0, 70, 0, 0, 0, 0, 2, 0, 3, 0, 0, 8, 0, 2, 1, 4, 6, 0, 0, 0, 0, 1, 9, 0, 0, 0, 0, 0, 0, : 2, 9, 1, 8, 1, 70, 2, 3, 8, 2, 1, 4, 6, 1, 9, 
285: 0, 0, 0, 8, 0, 0, 0, 7, 0, 1, 0, 0, 0, 0, 0, 0, 0, 4, 0, 9, 61, 0, 3, 0, 8, 0, 9, 0, 0, 0, 0, 0, 0, 0, 0, 0, 0, 1, 0, 0, : 8, 7, 1, 4, 9, 61, 3, 8, 9, 1, 
35: 4, 60, 0, 0, 0, 0, 6, 3, 0, 1, 4, 0, 0, 65, 5, 0, 0, 5, 0, 0, 1, 70, 6, 0, 8, 0, 2, 4, 1, 0, 7, 0, 0, 0, 0, 8, 10, 6, 0, 0, : 4, 60, 6, 3, 1, 4, 65, 5, 5, 1, 70, 6, 8, 2, 4, 1, 7, 8, 10, 6, 
195: 5, 2, 0, 0, 1, 9, 0, 9, 0, 7, 0, 0, 0, 9, 61, 1, 1, 2, 0, 1, 0, 0, 0, 0, 7, 9, 6, 0, 0, 0, 5, 0, 0, 0, 0, 0, 0, 1, 0, 0, : 5, 2, 1, 9, 9, 7, 9, 61, 1, 1, 2, 1, 7, 9, 6, 5, 1, 
127: 8, 0, 10, 0, 1, 1, 0, 5, 61, 2, 0, 0, 0, 1, 0, 0, 0, 0, 0, 4, 0, 0, 9, 0, 6, 0, 4, 0, 0, 0, 8, 2, 0, 63, 6, 1, 61, 4, 0, 0, : 8, 10, 1, 1, 5, 61, 2, 1, 4, 9, 6, 4, 8, 2, 63, 6, 1, 61, 4, 
328: 10, 1, 0, 68, 1, 0, 8, 5, 0, 7, 0, 0, 0, 0, 0, 0, 0, 8, 0, 4, 0, 0, 6, 2, 7, 2, 2, 0, 0, 0, 4, 0, 0, 0, 68, 0, 7, 2, 0, 7, : 10, 1, 68, 1, 8, 5, 7, 8, 4, 6, 2, 7, 2, 2, 4, 68, 7, 2, 7, 
332: 8, 0, 0, 0, 3, 7, 0, 0, 5, 6, 0, 7, 2, 0, 1, 66, 0, 0, 0, 3, 0, 0, 6, 64, 10, 0, 1, 0, 0, 0, 1, 63, 0, 0, 0, 0, 0, 0, 0, 0, : 8, 3, 7, 5, 6, 7, 2, 1, 66, 3, 6, 64, 10, 1, 1, 63, 


124: 0, 0, 0, 4, 1, 9, 0, 0, 7, 3, 2, 3, 0, 5, 6, 10, 0, 4, 0, 0, 4, 0, 0, 0, 0, 0, 0, 8, 1, 1, 60, 2, 0, 9, 0, 0, 2, 0, 2, 5, : 4, 1, 9, 7, 3, 2, 3, 5, 6, 10, 4, 4, 8, 1, 1, 60, 2, 9, 2, 2, 5, 
327: 0, 0, 9, 0, 0, 0, 0, 0, 0, 7, 0, 6, 0, 4, 1, 0, 0, 2, 7, 0, 9, 0, 6, 0, 2, 0, 0, 0, 7, 3, 0, 1, 0, 0, 0, 0, 9, 0, 0, 2, : 9, 7, 6, 4, 1, 2, 7, 9, 6, 2, 7, 3, 1, 9, 2, 
141: 0, 0, 5, 7, 0, 10, 0, 1, 0, 0, 0, 9, 0, 5, 0, 0, 0, 7, 0, 5, 7, 60, 10, 8, 0, 0, 0, 0, 6, 0, 0, 3, 0, 65, 9, 1, 4, 0, 5, 9, : 5, 7, 10, 1, 9, 5, 7, 5, 7, 60, 10, 8, 6, 3, 65, 9, 1, 4, 5, 9, 
269: 0, 0, 9, 2, 1, 9, 0, 0, 9, 0, 0, 5, 0, 1, 10, 3, 0, 1, 10, 68, 3, 1, 1, 0, 0, 0, 0, 1, 7, 61, 9, 0, 1, 0, 0, 2, 2, 1, 7, 0, : 9, 2, 1, 9, 9, 5, 1, 10, 3, 1, 10, 68, 3, 1, 1, 1, 7, 61, 9, 1, 2, 2, 1, 7, 
308: 5, 67, 0, 10, 0, 10, 0, 0, 9, 0, 6, 3, 0, 3, 5, 10, 0, 1, 10, 0, 0, 0, 0, 0, 0, 0, 1, 0, 1, 0, 0, 2, 0, 3, 0, 0, 0, 0, 10, 4, : 5, 67, 10, 10, 9, 6, 3, 3, 5, 10, 1, 10, 1, 1, 2, 3, 10, 4, 
231: 0, 0, 9, 8, 4, 3, 0, 0, 0, 6, 0, 0, 9, 5, 5, 0, 0, 3, 10, 0, 1, 0, 0, 0, 0, 1, 0, 0, 1, 3, 6, 0, 0, 0, 0, 0, 8, 0, 1, 8, : 9, 8, 4, 3, 6, 9, 5, 5, 3, 10, 1, 1, 1, 3, 6, 8, 1, 8, 
213: 0, 1, 5, 3, 0, 6, 10, 0, 0, 4, 9, 2, 0, 1, 1, 8, 0, 8, 0, 0, 8, 1, 0, 0, 0, 0, 0, 0, 0, 1, 0, 0, 0, 0, 0, 0, 0, 66, 0, 5, : 1, 5, 3, 6, 10, 4, 9, 2, 1, 1, 8, 8, 8, 1, 1, 66, 5, 
49: 0, 0, 3, 4, 0, 0, 3, 0, 1, 3, 2, 9, 0, 7, 10, 0, 0, 8, 0, 0, 8, 0, 3, 3, 4, 0, 0, 2, 1, 0, 0, 61, 3, 0, 5, 6, 6, 0, 3, 6, : 3, 4, 3, 1, 3, 2, 9, 7, 10, 8, 8, 3, 3, 4, 2, 1, 61, 3, 5, 6, 6, 3, 6, 
342: 0, 0, 9, 9, 0, 1, 0, 0, 4, 0, 8, 1, 0, 6, 0, 0, 0, 0, 0, 5, 0, 0, 0, 1, 0, 0, 0, 9, 5, 2, 0, 0, 2, 1, 0, 0, 0, 0, 5, 6, : 9, 9, 1, 4, 8, 1, 6, 5, 1, 9, 5, 2, 2, 1, 5, 6, 
14: 6, 8, 2, 0, 1, 2, 65, 0, 2, 2, 10, 5, 0, 5, 6, 6, 0, 6, 0, 1, 7, 0, 0, 0, 0, 0, 0, 0, 6, 0, 0, 0, 4, 0, 0, 0, 9, 0, 9, 0, : 6, 8, 2, 1, 2, 65, 2, 2, 10, 5, 5, 6, 6, 6, 1, 7, 6, 4, 9, 9, 
90: 63, 0, 0, 10, 0, 1, 0, 0, 0, 9, 5, 10, 0, 10, 9, 8, 67, 3, 4, 1, 1, 0, 7, 0, 0, 0, 0, 0, 0, 0, 0, 0, 62, 0, 0, 0, 6, 0, 1, 6, : 63, 10, 1, 9, 5, 10, 10, 9, 8, 67, 3, 4, 1, 1, 7, 62, 6, 1, 6, 
370: 0, 0, 0, 0, 0, 3, 0, 7, 9, 5, 1, 1, 0, 1, 0, 0, 0, 3, 3, 0, 6, 0, 0, 0, 0, 0, 0, 60, 8, 0, 0, 0, 0, 0, 62, 0, 9, 0, 6, 1, : 3, 7, 9, 5, 1, 1, 1, 3, 3, 6, 60, 8, 62, 9, 6, 1, 
73: 6, 0, 9, 1, 0, 6, 0, 0, 4, 7, 1, 2, 0, 2, 10, 7, 0, 5, 0, 0, 2, 0, 9, 7, 0, 0, 0, 0, 1, 8, 3, 1, 2, 0, 0, 7, 3, 5, 1, 0, : 6, 9, 1, 6, 4, 7, 1, 2, 2, 10, 7, 5, 2, 9, 7, 1, 8, 3, 1, 2, 7, 3, 5, 1, 
340: 0, 0, 7, 4, 67, 0, 0, 0, 4, 2, 10, 10, 0, 8, 0, 1, 0, 1, 0, 0, 1, 0, 7, 0, 1, 9, 0, 0, 9, 0, 0, 0, 0, 0, 0, 0, 8, 0, 0, 10, : 7, 4, 67, 4, 2, 10, 10, 8, 1, 1, 1, 7, 1, 9, 9, 8, 10, 
397: 0, 0, 0, 0, 0, 0, 0, 1, 2, 0, 7, 0, 63, 3, 0, 10, 5, 0, 10, 0, 6, 5, 9, 0, 4, 0, 0, 0, 8, 0, 0, 0, 0, 1, 0, 0, 1, 2, 8, 5, : 1, 2, 7, 63, 3, 10, 5, 10, 6, 5, 9, 4, 8, 1, 1, 2, 8, 5, 
81: 0, 0, 0, 1, 0, 1, 0, 61, 10, 10, 6, 2, 0, 1, 0, 10, 0, 8, 10, 0, 0, 5, 10, 0, 0, 67, 2, 0, 9, 0, 0, 0, 0, 1, 0, 0, 6, 0, 3, 2, : 1, 1, 61, 10, 10, 6, 2, 1, 10, 8, 10, 5, 10, 67, 2, 9, 1, 6, 3, 2, 
92: 0, 0, 2, 6, 6, 0, 2, 0, 10, 5, 3, 3, 8, 2, 9, 0, 0, 5, 0, 0, 3, 1, 10, 0, 0, 0, 6, 0, 0, 0, 0, 3, 0, 0, 0, 0, 2, 2, 2, 3, : 2, 6, 6, 2, 10, 5, 3, 3, 8, 2, 9, 5, 3, 1, 10, 6, 3, 2, 2, 2, 3, 
248: 0, 0, 0, 9, 0, 5, 0, 0, 3, 4, 8, 4, 0, 4, 3, 5, 8, 10, 5, 0, 7, 7, 1, 0, 67, 2, 70, 0, 10, 1, 0, 7, 0, 0, 0, 3, 1, 0, 1, 4, : 9, 5, 3, 4, 8, 4, 4, 3, 5, 8, 10, 5, 7, 7, 1, 67, 2, 70, 10, 1, 7, 3, 1, 1, 4, 
196: 0, 4, 7, 0, 0, 10, 0, 10, 6, 10, 0, 1, 0, 5, 0, 1, 0, 3, 9, 0, 7, 0, 7, 0, 0, 1, 1, 0, 0, 0, 0, 0, 0, 0, 4, 61, 4, 0, 9, 2, : 4, 7, 10, 10, 6, 10, 1, 5, 1, 3, 9, 7, 7, 1, 1, 4, 61, 4, 9, 2, 
378: 0, 0, 4, 2, 0, 4, 0, 0, 0, 3, 2, 4, 0, 2, 5, 1, 0, 2, 2, 0, 0, 0, 0, 61, 2, 0, 0, 0, 0, 0, 2, 0, 6, 0, 0, 0, 0, 4, 7, 2, : 4, 2, 4, 3, 2, 4, 2, 5, 1, 2, 2, 61, 2, 2, 6, 4, 7, 2, 


18: 0, 0, 0, 1, 0, 0, 0, 3, 2, 0, 3, 0, 0, 4, 0, 0, 3, 8, 8, 9, 3, 1, 0, 62, 0, 64, 0, 0, 6, 3, 0, 0, 0, 1, 1, 0, 10, 8, 0, 1, : 1, 3, 2, 3, 4, 3, 8, 8, 9, 3, 1, 62, 64, 6, 3, 1, 1, 10, 8, 1, 
6: 0, 10, 0, 10, 0, 0, 0, 8, 2, 0, 0, 0, 9, 1, 6, 0, 8, 0, 0, 1, 0, 2, 8, 0, 1, 5, 0, 0, 7, 0, 0, 0, 10, 0, 8, 5, 3, 10, 0, 3, : 10, 10, 8, 2, 9, 1, 6, 8, 1, 2, 8, 1, 5, 7, 10, 8, 5, 3, 10, 3, 
377: 0, 4, 0, 0, 0, 0, 0, 0, 0, 0, 6, 0, 6, 5, 1, 0, 4, 6, 0, 10, 0, 3, 0, 4, 0, 0, 0, 8, 4, 0, 0, 1, 8, 10, 1, 0, 7, 10, 0, 0, : 4, 6, 6, 5, 1, 4, 6, 10, 3, 4, 8, 4, 1, 8, 10, 1, 7, 10, 
298: 0, 4, 2, 2, 0, 0, 0, 4, 64, 0, 0, 0, 2, 10, 9, 0, 3, 6, 1, 6, 6, 3, 0, 0, 9, 0, 0, 0, 0, 0, 1, 7, 8, 7, 0, 3, 8, 5, 0, 0, : 4, 2, 2, 4, 64, 2, 10, 9, 3, 6, 1, 6, 6, 3, 9, 1, 7, 8, 7, 3, 8, 5, 
175: 5, 8, 0, 0, 0, 0, 0, 7, 0, 3, 0, 5, 4, 5, 0, 0, 0, 8, 7, 9, 64, 10, 0, 0, 10, 0, 0, 62, 0, 64, 0, 0, 4, 10, 4, 1, 4, 4, 61, 0, : 5, 8, 7, 3, 5, 4, 5, 8, 7, 9, 64, 10, 10, 62, 64, 4, 10, 4, 1, 4, 4, 61, 
107: 0, 0, 0, 4, 0, 9, 3, 4, 0, 0, 6, 0, 5, 6, 0, 0, 6, 1, 6, 1, 0, 1, 0, 0, 3, 0, 9, 0, 3, 3, 0, 0, 0, 8, 0, 62, 1, 0, 0, 0, : 4, 9, 3, 4, 6, 5, 6, 6, 1, 6, 1, 1, 3, 9, 3, 3, 8, 62, 1, 
177: 0, 3, 0, 10, 0, 10, 0, 5, 0, 0, 0, 61, 8, 0, 9, 0, 2, 3, 4, 1, 0, 1, 62, 2, 9, 0, 0, 0, 5, 0, 0, 0, 4, 10, 3, 0, 0, 0, 5, 0, : 3, 10, 10, 5, 61, 8, 9, 2, 3, 4, 1, 1, 62, 2, 9, 5, 4, 10, 3, 5, 
319: 0, 1, 0, 0, 9, 0, 0, 1, 0, 0, 0, 0, 0, 1, 6, 0, 4, 2, 0, 0, 0, 1, 0, 0, 0, 0, 0, 0, 6, 0, 0, 0, 0, 0, 4, 0, 6, 0, 0, 10, : 1, 9, 1, 1, 6, 4, 2, 1, 6, 4, 6, 10, 
238: 0, 1, 67, 2, 0, 61, 0, 1, 0, 10, 1, 3, 0, 10, 3, 0, 8, 0, 10, 0, 0, 8, 0, 6, 1, 0, 0, 0, 7, 0, 0, 0, 0, 5, 7, 1, 2, 10, 0, 0, : 1, 67, 2, 61, 1, 10, 1, 3, 10, 3, 8, 10, 8, 6, 1, 7, 5, 7, 1, 2, 10, 
120: 0, 7, 0, 5, 0, 0, 0, 9, 0, 0, 0, 0, 2, 0, 8, 0, 0, 4, 10, 1, 5, 4, 0, 5, 6, 0, 0, 0, 1, 4, 0, 0, 9, 1, 7, 0, 1, 9, 0, 2, : 7, 5, 9, 2, 8, 4, 10, 1, 5, 4, 5, 6, 1, 4, 9, 1, 7, 1, 9, 2, 
205: 0, 0, 0, 7, 6, 0, 0, 0, 1, 0, 0, 5, 10, 0, 2, 0, 10, 7, 6, 10, 0, 0, 5, 0, 8, 5, 0, 0, 8, 0, 0, 0, 0, 0, 1, 0, 0, 0, 4, 0, : 7, 6, 1, 5, 10, 2, 10, 7, 6, 10, 5, 8, 5, 8, 1, 4, 
17: 0, 5, 6, 2, 60, 0, 62, 1, 0, 0, 0, 5, 9, 1, 8, 10, 10, 0, 5, 1, 0, 1, 0, 0, 1, 0, 0, 1, 1, 0, 0, 0, 4, 8, 7, 0, 7, 6, 0, 63, : 5, 6, 2, 60, 62, 1, 5, 9, 1, 8, 10, 10, 5, 1, 1, 1, 1, 1, 4, 8, 7, 7, 6, 63, 
276: 0, 7, 4, 9, 1, 0, 1, 0, 0, 0, 0, 0, 0, 0, 0, 0, 0, 10, 1, 9, 0, 5, 0, 0, 5, 0, 0, 0, 1, 0, 0, 65, 8, 0, 0, 0, 2, 0, 0, 0, : 7, 4, 9, 1, 1, 10, 1, 9, 5, 5, 1, 65, 8, 2, 
69: 2, 10, 0, 3, 0, 0, 7, 2, 0, 0, 0, 0, 9, 3, 0, 1, 9, 3, 1, 3, 0, 8, 0, 0, 0, 0, 5, 0, 8, 0, 0, 0, 9, 1, 9, 0, 1, 6, 0, 0, : 2, 10, 3, 7, 2, 9, 3, 1, 9, 3, 1, 3, 8, 5, 8, 9, 1, 9, 1, 6, 
365: 0, 7, 0, 0, 4, 0, 0, 5, 5, 1, 0, 1, 10, 8, 1, 0, 0, 0, 1, 10, 0, 3, 3, 1, 6, 0, 0, 9, 8, 0, 70, 0, 0, 3, 4, 0, 0, 0, 2, 0, : 7, 4, 5, 5, 1, 1, 10, 8, 1, 1, 10, 3, 3, 1, 6, 9, 8, 70, 3, 4, 2, 
281: 7, 0, 1, 10, 0, 0, 5, 8, 1, 0, 0, 0, 0, 5, 9, 0, 3, 0, 0, 0, 0, 8, 2, 0, 3, 0, 66, 0, 3, 0, 2, 0, 6, 7, 4, 0, 7, 6, 1, 0, : 7, 1, 10, 5, 8, 1, 5, 9, 3, 8, 2, 3, 66, 3, 2, 6, 7, 4, 7, 6, 1, 
53: 66, 0, 0, 4, 0, 0, 2, 6, 0, 0, 0, 0, 3, 2, 1, 69, 0, 10, 4, 3, 1, 5, 0, 0, 5, 0, 0, 0, 9, 0, 0, 0, 0, 1, 6, 0, 5, 6, 0, 1, : 66, 4, 2, 6, 3, 2, 1, 69, 10, 4, 3, 1, 5, 5, 9, 1, 6, 5, 6, 1, 
52: 0, 9, 0, 7, 0, 0, 0, 6, 2, 0, 3, 0, 0, 7, 3, 0, 3, 1, 2, 6, 1, 3, 0, 0, 5, 0, 0, 0, 0, 0, 1, 7, 2, 4, 7, 3, 10, 0, 7, 0, : 9, 7, 6, 2, 3, 7, 3, 3, 1, 2, 6, 1, 3, 5, 1, 7, 2, 4, 7, 3, 10, 7, 
381: 0, 4, 0, 4, 0, 0, 0, 3, 0, 0, 0, 0, 3, 7, 6, 0, 5, 5, 8, 0, 0, 5, 0, 0, 6, 6, 0, 0, 0, 6, 0, 0, 6, 4, 7, 4, 2, 0, 0, 0, : 4, 4, 3, 3, 7, 6, 5, 5, 8, 5, 6, 6, 6, 6, 4, 7, 4, 2, 
275: 0, 0, 0, 0, 0, 0, 0, 7, 3, 66, 61, 0, 0, 5, 8, 0, 2, 6, 6, 0, 0, 8, 0, 0, 2, 0, 0, 0, 3, 0, 6, 0, 2, 0, 0, 1, 4, 0, 0, 0, : 7, 3, 66, 61, 5, 8, 2, 6, 6, 8, 2, 3, 6, 2, 1, 4, 


21: 0, 0, 9, 0, 0, 8, 4, 4, 0, 0, 1, 0, 0, 0, 0, 0, 2, 0, 0, 0, 3, 0, 3, 2, 1, 10, 0, 0, 0, 9, 0, 0, 9, 0, 0, 0, 3, 0, 0, 6, : 9, 8, 4, 4, 1, 2, 3, 3, 2, 1, 10, 9, 9, 3, 6, 
11: 0, 0, 0, 9, 8, 2, 7, 2, 0, 2, 0, 2, 0, 0, 8, 0, 1, 0, 0, 2, 0, 2, 4, 5, 7, 10, 6, 0, 1, 63, 65, 0, 0, 0, 0, 0, 3, 1, 1, 0, : 9, 8, 2, 7, 2, 2, 2, 8, 1, 2, 2, 4, 5, 7, 10, 6, 1, 63, 65, 3, 1, 1, 
286: 0, 0, 10, 0, 0, 6, 0, 5, 0, 0, 2, 0, 0, 7, 5, 0, 2, 2, 4, 1, 0, 5, 1, 0, 1, 1, 1, 0, 0, 0, 0, 0, 0, 66, 4, 0, 1, 2, 9, 0, : 10, 6, 5, 2, 7, 5, 2, 2, 4, 1, 5, 1, 1, 1, 1, 66, 4, 1, 2, 9, 
183: 7, 0, 0, 0, 0, 1, 0, 6, 8, 0, 9, 0, 0, 3, 2, 4, 0, 6, 0, 0, 0, 9, 3, 9, 2, 7, 0, 4, 0, 6, 0, 0, 4, 0, 0, 0, 6, 1, 10, 0, : 7, 1, 6, 8, 9, 3, 2, 4, 6, 9, 3, 9, 2, 7, 4, 6, 4, 6, 1, 10, 
383: 0, 0, 9, 0, 0, 2, 0, 7, 0, 0, 1, 0, 5, 0, 7, 0, 4, 0, 8, 5, 0, 0, 4, 1, 0, 2, 0, 0, 0, 0, 0, 0, 2, 0, 6, 0, 10, 5, 5, 5, : 9, 2, 7, 1, 5, 7, 4, 8, 5, 4, 1, 2, 2, 6, 10, 5, 5, 5, 
326: 0, 7, 2, 0, 0, 10, 0, 0, 0, 0, 0, 0, 0, 6, 2, 0, 8, 2, 7, 10, 0, 10, 0, 0, 4, 8, 0, 1, 0, 0, 0, 0, 4, 0, 0, 0, 2, 3, 8, 9, : 7, 2, 10, 6, 2, 8, 2, 7, 10, 10, 4, 8, 1, 4, 2, 3, 8, 9, 
393: 0, 0, 0, 0, 0, 0, 1, 6, 0, 65, 4, 0, 10, 2, 6, 0, 2, 0, 2, 7, 0, 9, 9, 8, 2, 2, 0, 3, 3, 0, 1, 0, 3, 0, 7, 0, 9, 0, 8, 2, : 1, 6, 65, 4, 10, 2, 6, 2, 2, 7, 9, 9, 8, 2, 2, 3, 3, 1, 3, 7, 9, 8, 2, 
201: 0, 0, 10, 0, 0, 9, 0, 1, 4, 0, 3, 0, 0, 3, 2, 0, 2, 1, 0, 1, 0, 3, 9, 10, 0, 0, 0, 0, 0, 0, 0, 0, 5, 0, 2, 1, 0, 0, 1, 6, : 10, 9, 1, 4, 3, 3, 2, 2, 1, 1, 3, 9, 10, 5, 2, 1, 1, 6, 
38: 0, 0, 6, 0, 6, 3, 0, 1, 0, 0, 5, 0, 5, 2, 8, 0, 8, 0, 9, 8, 0, 2, 5, 0, 1, 7, 63, 0, 3, 0, 0, 7, 0, 0, 7, 4, 4, 0, 3, 7, : 6, 6, 3, 1, 5, 5, 2, 8, 8, 9, 8, 2, 5, 1, 7, 63, 3, 7, 7, 4, 4, 3, 7, 
338: 1, 67, 0, 69, 0, 6, 0, 7, 0, 1, 6, 60, 0, 4, 6, 0, 0, 0, 5, 8, 0, 1, 5, 3, 0, 0, 0, 0, 0, 0, 0, 0, 10, 0, 10, 0, 1, 0, 1, 10, : 1, 67, 69, 6, 7, 1, 6, 60, 4, 6, 5, 8, 1, 5, 3, 10, 10, 1, 1, 10, 
345: 0, 0, 0, 2, 0, 7, 1, 8, 0, 0, 7, 0, 0, 10, 0, 8, 8, 0, 1, 7, 7, 8, 1, 7, 0, 7, 0, 0, 0, 0, 1, 2, 7, 0, 1, 0, 8, 0, 0, 0, : 2, 7, 1, 8, 7, 10, 8, 8, 1, 7, 7, 8, 1, 7, 7, 1, 2, 7, 1, 8, 
384: 0, 0, 4, 0, 0, 3, 0, 7, 0, 7, 3, 0, 0, 5, 6, 0, 0, 1, 8, 2, 0, 3, 0, 2, 0, 2, 0, 0, 0, 0, 0, 0, 3, 0, 0, 2, 4, 1, 7, 5, : 4, 3, 7, 7, 3, 5, 6, 1, 8, 2, 3, 2, 2, 3, 2, 4, 1, 7, 5, 
212: 6, 0, 10, 0, 0, 2, 0, 2, 0, 5, 9, 0, 60, 7, 0, 0, 9, 0, 6, 0, 0, 2, 9, 1, 0, 0, 0, 8, 3, 0, 0, 0, 3, 0, 0, 0, 1, 1, 1, 4, : 6, 10, 2, 2, 5, 9, 60, 7, 9, 6, 2, 9, 1, 8, 3, 3, 1, 1, 1, 4, 
1: 0, 0, 0, 0, 0, 7, 0, 4, 0, 0, 9, 2, 0, 0, 2, 0, 6, 0, 4, 0, 0, 0, 0, 7, 0, 9, 0, 0, 0, 0, 0, 0, 4, 0, 7, 5, 3, 0, 6, 3, : 7, 4, 9, 2, 2, 6, 4, 7, 9, 4, 7, 5, 3, 6, 3, 
109: 0, 6, 6, 0, 65, 3, 60, 3, 68, 0, 0, 5, 0, 4, 0, 0, 10, 0, 4, 0, 0, 4, 7, 1, 1, 0, 0, 0, 10, 0, 0, 0, 7, 0, 9, 68, 4, 0, 10, 0, : 6, 6, 65, 3, 60, 3, 68, 5, 4, 10, 4, 4, 7, 1, 1, 10, 7, 9, 68, 4, 10, 
204: 0, 0, 0, 0, 0, 0, 0, 8, 0, 0, 7, 0, 0, 0, 5, 68, 9, 63, 9, 8, 0, 0, 4, 1, 0, 0, 1, 61, 0, 0, 3, 0, 0, 0, 10, 0, 6, 0, 1, 0, : 8, 7, 5, 68, 9, 63, 9, 8, 4, 1, 1, 61, 3, 10, 6, 1, 
194: 66, 0, 5, 0, 0, 0, 6, 0, 0, 0, 4, 0, 0, 9, 3, 0, 5, 1, 0, 5, 62, 8, 5, 6, 0, 8, 9, 0, 0, 2, 1, 8, 5, 0, 0, 0, 5, 66, 2, 6, : 66, 5, 6, 4, 9, 3, 5, 1, 5, 62, 8, 5, 6, 8, 9, 2, 1, 8, 5, 5, 66, 2, 6, 
74: 0, 0, 5, 0, 1, 4, 0, 9, 0, 0, 10, 0, 0, 0, 8, 0, 0, 0, 6, 6, 8, 0, 0, 5, 0, 0, 0, 0, 60, 0, 9, 0, 2, 7, 3, 0, 5, 0, 6, 7, : 5, 1, 4, 9, 10, 8, 6, 6, 8, 5, 60, 9, 2, 7, 3, 5, 6, 7, 
267: 0, 0, 0, 0, 0, 7, 1, 0, 0, 0, 0, 9, 0, 9, 10, 0, 3, 4, 5, 6, 0, 10, 10, 7, 61, 0, 0, 3, 0, 0, 0, 1, 6, 7, 9, 0, 2, 0, 1, 10, : 7, 1, 9, 9, 10, 3, 4, 5, 6, 10, 10, 7, 61, 3, 1, 6, 7, 9, 2, 1, 10, 
82: 0, 0, 4, 0, 0, 0, 0, 0, 0, 0, 0, 2, 0, 9, 0, 0, 1, 0, 2, 4, 0, 4, 1, 5, 0, 7, 0, 0, 0, 0, 0, 62, 6, 0, 5, 0, 3, 0, 0, 0, : 4, 2, 9, 1, 2, 4, 4, 1, 5, 7, 62, 6, 5, 3, 


