
20
20
60
1

12: 0, 0, 52, 0, 4, 0, 2, 53, 0, 4, 0, 2, 0, 55, 3, 0, 0, 0, 0, 3, : 52, 4, 2, 53, 4, 2, 55, 3, 3, 
9: 2, 1, 0, 0, 0, 54, 7, 0, 0, 4, 0, 1, 0, 0, 1, 0, 0, 0, 54, 2, : 2, 1, 54, 7, 4, 1, 1, 54, 2, 
3: 0, 0, 0, 0, 1, 0, 3, 0, 0, 2, 5, 1, 4, 0, 0, 4, 0, 0, 0, 3, : 1, 3, 2, 5, 1, 4, 4, 3, 
17: 0, 0, 0, 1, 5, 2, 1, 0, 0, 4, 5, 0, 0, 0, 0, 0, 4, 1, 0, 2, : 1, 5, 2, 1, 4, 5, 4, 1, 2, 
11: 0, 0, 0, 0, 1, 0, 3, 0, 0, 2, 0, 55, 0, 0, 0, 0, 1, 0, 0, 4, : 1, 3, 2, 55, 1, 4, 
7: 5, 0, 2, 1, 4, 0, 4, 1, 0, 1, 0, 0, 2, 0, 52, 0, 0, 0, 0, 4, : 5, 2, 1, 4, 4, 1, 1, 2, 52, 4, 
2: 0, 2, 4, 0, 2, 0, 4, 0, 0, 3, 0, 0, 0, 0, 0, 0, 0, 0, 0, 1, : 2, 4, 2, 4, 3, 1, 
16: 0, 1, 0, 0, 4, 0, 3, 0, 0, 1, 0, 0, 0, 0, 0, 0, 0, 2, 0, 2, : 1, 4, 3, 1, 2, 2, 
5: 50, 0, 0, 0, 2, 0, 1, 0, 0, 2, 50, 1, 0, 1, 0, 0, 0, 0, 0, 2, : 50, 2, 1, 2, 50, 1, 1, 2, 
18: 0, 1, 1, 54, 3, 0, 1, 0, 0, 4, 0, 0, 3, 0, 0, 0, 0, 0, 0, 4, : 1, 1, 54, 3, 1, 4, 3, 4, 
15: 1, 0, 0, 0, 2, 0, 5, 0, 5, 1, 0, 0, 0, 0, 0, 1, 0, 0, 0, 2, : 1, 2, 5, 5, 1, 1, 2, 
20: 0, 0, 0, 0, 3, 0, 1, 0, 0, 3, 0, 0, 0, 0, 0, 0, 51, 0, 0, 4, : 3, 1, 3, 51, 4, 
13: 0, 0, 0, 0, 5, 0, 2, 0, 0, 4, 0, 0, 0, 0, 0, 0, 3, 2, 0, 3, : 5, 2, 4, 3, 2, 3, 
10: 0, 0, 0, 4, 4, 0, 4, 0, 0, 3, 0, 0, 0, 0, 2, 0, 0, 1, 2, 3, : 4, 4, 4, 3, 2, 1, 2, 3, 
19: 0, 55, 0, 0, 2, 0, 5, 2, 0, 3, 0, 0, 0, 0, 0, 0, 0, 0, 0, 4, : 55, 2, 5, 2, 3, 4, 
8: 0, 0, 0, 0, 5, 0, 4, 0, 0, 3, 0, 0, 0, 0, 0, 0, 0, 0, 0, 5, : 5, 4, 3, 5, 
14: 0, 0, 1, 0, 1, 0, 2, 0, 0, 5, 0, 0, 51, 4, 1, 5, 0, 0, 3, 2, : 1, 1, 2, 5, 51, 4, 1, 5, 3, 2, 
1: 0, 0, 0, 0, 5, 4, 3, 0, 0, 5, 0, 0, 0, 0, 1, 0, 1, 0, 1, 4, : 5, 4, 3, 5, 1, 1, 1, 4, 
6: 0, 0, 0, 0, 2, 0, 4, 4, 0, 5, 0, 0, 0, 0, 0, 0, 0, 54, 0, 1, : 2, 4, 4, 5, 54, 1, 
4: 2, 0, 0, 0, 5, 0, 1, 0, 55, 1, 0, 0, 0, 0, 0, 50, 0, 0, 0, 5, : 2, 5, 1, 55, 1, 50, 5, 


