
20
40
60
2

25: 0, 5, 0, 4, 0, 0, 0, 0, 5, 0, 0, 5, 0, 0, 4, 0, 4, 2, 0, 1, : 5, 4, 5, 5, 4, 4, 2, 1, 
1: 5, 5, 0, 1, 1, 0, 0, 0, 5, 0, 50, 2, 0, 0, 1, 0, 2, 1, 0, 5, : 5, 5, 1, 1, 5, 50, 2, 1, 2, 1, 5, 
7: 0, 4, 0, 0, 0, 0, 2, 0, 3, 0, 0, 1, 0, 0, 1, 0, 0, 4, 0, 1, : 4, 2, 3, 1, 1, 4, 1, 
4: 50, 5, 0, 53, 0, 0, 0, 0, 5, 0, 0, 5, 1, 0, 2, 0, 3, 5, 1, 4, : 50, 5, 53, 5, 5, 1, 2, 3, 5, 1, 4, 
34: 0, 0, 53, 1, 3, 0, 0, 53, 4, 0, 0, 1, 0, 0, 2, 2, 5, 5, 0, 4, : 53, 1, 3, 53, 4, 1, 2, 2, 5, 5, 4, 
21: 0, 1, 0, 0, 0, 55, 0, 0, 1, 54, 0, 2, 0, 5, 4, 1, 1, 2, 0, 4, : 1, 55, 1, 54, 2, 5, 4, 1, 1, 2, 4, 
38: 0, 1, 0, 0, 0, 0, 0, 1, 3, 0, 0, 0, 51, 0, 1, 0, 5, 2, 0, 3, : 1, 1, 3, 51, 1, 5, 2, 3, 
32: 0, 5, 0, 0, 0, 3, 0, 1, 2, 3, 0, 5, 0, 0, 6, 50, 5, 2, 0, 1, : 5, 3, 1, 2, 3, 5, 6, 50, 5, 2, 1, 
35: 0, 3, 0, 0, 0, 0, 0, 4, 1, 0, 0, 4, 0, 0, 5, 0, 4, 6, 0, 4, : 3, 4, 1, 4, 5, 4, 6, 4, 
11: 0, 3, 0, 0, 0, 0, 0, 0, 3, 2, 4, 3, 2, 0, 3, 0, 0, 4, 1, 2, : 3, 3, 2, 4, 3, 2, 3, 4, 1, 2, 
19: 0, 5, 0, 0, 0, 0, 4, 0, 3, 0, 0, 1, 2, 50, 4, 0, 5, 2, 0, 4, : 5, 4, 3, 1, 2, 50, 4, 5, 2, 4, 
13: 0, 4, 5, 0, 0, 0, 52, 0, 1, 0, 0, 3, 1, 0, 1, 2, 4, 4, 0, 3, : 4, 5, 52, 1, 3, 1, 1, 2, 4, 4, 3, 
17: 0, 1, 0, 0, 55, 0, 0, 1, 6, 0, 0, 1, 1, 0, 3, 0, 1, 2, 5, 2, : 1, 55, 1, 6, 1, 1, 3, 1, 2, 5, 2, 
36: 0, 0, 2, 0, 1, 1, 0, 0, 2, 0, 0, 5, 0, 0, 5, 1, 0, 3, 0, 3, : 2, 1, 1, 2, 5, 5, 1, 3, 3, 
27: 0, 5, 0, 0, 0, 0, 2, 0, 1, 0, 0, 2, 0, 0, 5, 0, 2, 4, 51, 5, : 5, 2, 1, 2, 5, 2, 4, 51, 5, 
26: 0, 3, 0, 0, 0, 0, 0, 0, 7, 0, 0, 3, 0, 0, 3, 0, 5, 1, 0, 3, : 3, 7, 3, 3, 5, 1, 3, 
23: 0, 5, 0, 0, 0, 0, 0, 0, 1, 0, 5, 5, 2, 0, 2, 3, 3, 4, 0, 2, : 5, 1, 5, 5, 2, 2, 3, 3, 4, 2, 
9: 0, 0, 0, 0, 0, 0, 0, 0, 1, 1, 1, 3, 0, 5, 3, 0, 2, 4, 0, 3, : 1, 1, 1, 3, 5, 3, 2, 4, 3, 
31: 2, 2, 0, 0, 0, 0, 0, 0, 4, 0, 0, 4, 0, 0, 1, 1, 5, 1, 2, 4, : 2, 2, 4, 4, 1, 1, 5, 1, 2, 4, 
28: 3, 3, 0, 1, 0, 1, 0, 0, 2, 0, 0, 5, 0, 0, 4, 0, 4, 2, 0, 2, : 3, 3, 1, 1, 2, 5, 4, 4, 2, 2, 


20: 2, 0, 0, 3, 0, 0, 0, 4, 0, 1, 4, 54, 0, 0, 0, 0, 0, 0, 0, 0, : 2, 3, 4, 1, 4, 54, 
14: 0, 0, 0, 50, 0, 0, 0, 1, 0, 0, 3, 0, 4, 0, 55, 4, 0, 0, 0, 0, : 50, 1, 3, 4, 55, 4, 
40: 0, 3, 52, 0, 0, 0, 0, 1, 0, 0, 3, 0, 51, 0, 0, 1, 0, 0, 0, 0, : 3, 52, 1, 3, 51, 1, 
37: 0, 1, 0, 0, 0, 0, 3, 1, 0, 0, 2, 0, 0, 0, 0, 0, 0, 0, 0, 0, : 1, 3, 1, 2, 
2: 52, 0, 0, 0, 0, 0, 0, 3, 0, 0, 3, 0, 0, 53, 0, 0, 0, 3, 0, 0, : 52, 3, 3, 53, 3, 
15: 0, 0, 0, 0, 0, 3, 0, 5, 0, 0, 6, 0, 0, 4, 3, 0, 0, 0, 0, 53, : 3, 5, 6, 4, 3, 53, 
33: 0, 4, 0, 0, 0, 0, 1, 3, 54, 0, 2, 0, 0, 0, 1, 0, 4, 0, 0, 0, : 4, 1, 3, 54, 2, 1, 4, 
5: 1, 0, 0, 4, 52, 0, 0, 3, 2, 0, 3, 0, 0, 0, 0, 0, 0, 50, 0, 2, : 1, 4, 52, 3, 2, 3, 50, 2, 
10: 0, 0, 0, 0, 2, 0, 0, 1, 2, 0, 4, 0, 0, 0, 0, 0, 1, 0, 54, 0, : 2, 1, 2, 4, 1, 54, 
22: 0, 0, 0, 0, 0, 52, 55, 7, 0, 4, 2, 0, 0, 0, 0, 0, 0, 0, 0, 0, : 52, 55, 7, 4, 2, 
18: 0, 0, 0, 0, 5, 0, 1, 4, 0, 0, 1, 0, 5, 0, 0, 0, 0, 0, 0, 0, : 5, 1, 4, 1, 5, 
8: 0, 2, 0, 0, 0, 0, 0, 3, 0, 0, 2, 1, 0, 0, 0, 0, 0, 0, 0, 0, : 2, 3, 2, 1, 
29: 0, 0, 5, 0, 0, 0, 0, 7, 0, 0, 5, 0, 0, 0, 1, 0, 0, 2, 0, 0, : 5, 7, 5, 1, 2, 
16: 0, 0, 1, 0, 0, 0, 0, 3, 0, 50, 3, 0, 0, 0, 0, 0, 0, 4, 0, 0, : 1, 3, 50, 3, 4, 
39: 0, 0, 0, 1, 0, 0, 0, 2, 2, 4, 3, 2, 0, 0, 0, 0, 0, 0, 5, 0, : 1, 2, 2, 4, 3, 2, 5, 
30: 0, 50, 0, 1, 0, 0, 0, 1, 0, 0, 2, 0, 0, 0, 0, 0, 0, 1, 0, 2, : 50, 1, 1, 2, 1, 2, 
24: 0, 0, 2, 1, 0, 0, 0, 4, 0, 0, 5, 0, 0, 3, 0, 0, 0, 0, 0, 0, : 2, 1, 4, 5, 3, 
3: 5, 0, 0, 0, 0, 5, 0, 1, 0, 0, 2, 3, 0, 0, 0, 53, 55, 0, 1, 3, : 5, 5, 1, 2, 3, 53, 55, 1, 3, 
12: 0, 0, 0, 0, 1, 0, 0, 5, 0, 0, 3, 0, 0, 0, 0, 0, 0, 0, 0, 0, : 1, 5, 3, 
6: 0, 0, 0, 0, 0, 0, 0, 1, 0, 1, 2, 0, 0, 0, 0, 2, 0, 0, 0, 0, : 1, 1, 2, 2, 


