
100
200
80
10

147: 9, 0, 0, 0, 2, 0, 9, 0, 1, 0, 0, 0, 0, 0, 0, 0, 0, 0, 0, 0, 0, 0, 0, 60, 6, 0, 2, 0, 0, 9, 0, 4, 5, 0, 8, 2, 3, 0, 0, 0, 4, 0, 0, 0, 9, 0, 0, 0, 5, 4, 0, 60, 0, 9, 10, 0, 0, 9, 9, 1, 0, 0, 3, 1, 4, 0, 5, 1, 2, 3, 10, 5, 0, 9, 0, 0, 0, 7, 2, 0, 5, 0, 0, 3, 0, 0, 5, 0, 0, 0, 1, 1, 7, 5, 6, 0, 4, 8, 2, 0, : 9, 2, 9, 1, 60, 6, 2, 9, 4, 5, 8, 2, 3, 4, 9, 5, 4, 60, 9, 10, 9, 9, 1, 3, 1, 4, 5, 1, 2, 3, 10, 5, 9, 7, 2, 5, 3, 5, 1, 1, 7, 5, 6, 4, 8, 2, 
111: 6, 2, 2, 4, 0, 0, 6, 0, 0, 0, 0, 0, 0, 0, 5, 0, 0, 0, 61, 6, 0, 2, 0, 0, 0, 9, 7, 0, 0, 8, 0, 5, 10, 3, 7, 6, 5, 0, 1, 0, 0, 9, 2, 10, 6, 0, 0, 0, 10, 0, 0, 0, 0, 0, 6, 0, 0, 2, 8, 4, 0, 0, 5, 10, 8, 0, 6, 0, 0, 6, 5, 1, 0, 5, 0, 0, 9, 0, 0, 67, 0, 0, 0, 8, 0, 62, 4, 5, 0, 0, 7, 4, 0, 9, 0, 0, 6, 6, 7, 0, : 6, 2, 2, 4, 6, 5, 61, 6, 2, 9, 7, 8, 5, 10, 3, 7, 6, 5, 1, 9, 2, 10, 6, 10, 6, 2, 8, 4, 5, 10, 8, 6, 6, 5, 1, 5, 9, 67, 8, 62, 4, 5, 7, 4, 9, 6, 6, 7, 
185: 0, 1, 5, 66, 0, 0, 3, 0, 6, 5, 4, 0, 2, 0, 5, 0, 0, 2, 0, 0, 0, 0, 2, 0, 7, 4, 3, 0, 7, 2, 1, 0, 2, 0, 10, 10, 4, 2, 0, 2, 7, 0, 7, 0, 0, 0, 0, 0, 1, 0, 0, 0, 0, 4, 8, 0, 0, 10, 0, 5, 9, 0, 7, 0, 3, 2, 9, 0, 0, 0, 2, 2, 61, 2, 1, 1, 0, 0, 0, 4, 0, 0, 0, 1, 0, 2, 0, 1, 10, 0, 0, 3, 6, 10, 0, 0, 0, 1, 1, 0, : 1, 5, 66, 3, 6, 5, 4, 2, 5, 2, 2, 7, 4, 3, 7, 2, 1, 2, 10, 10, 4, 2, 2, 7, 7, 1, 4, 8, 10, 5, 9, 7, 3, 2, 9, 2, 2, 61, 2, 1, 1, 4, 1, 2, 1, 10, 3, 6, 10, 1, 1, 
2: 0, 8, 10, 0, 0, 0, 0, 2, 5, 0, 0, 0, 0, 0, 0, 0, 0, 0, 0, 10, 60, 5, 0, 0, 3, 1, 7, 2, 7, 4, 5, 0, 6, 0, 5, 0, 6, 0, 8, 0, 1, 0, 8, 9, 9, 0, 7, 0, 10, 1, 9, 0, 0, 3, 1, 0, 0, 0, 0, 0, 1, 0, 0, 2, 1, 66, 7, 0, 5, 8, 1, 7, 0, 8, 0, 10, 10, 0, 9, 0, 4, 0, 0, 6, 0, 0, 1, 4, 0, 0, 0, 10, 5, 0, 0, 0, 2, 10, 6, 0, : 8, 10, 2, 5, 10, 60, 5, 3, 1, 7, 2, 7, 4, 5, 6, 5, 6, 8, 1, 8, 9, 9, 7, 10, 1, 9, 3, 1, 1, 2, 1, 66, 7, 5, 8, 1, 7, 8, 10, 10, 9, 4, 6, 1, 4, 10, 5, 2, 10, 6, 
163: 0, 0, 0, 2, 0, 0, 1, 0, 0, 0, 63, 0, 0, 0, 5, 0, 1, 2, 0, 3, 3, 0, 0, 1, 10, 2, 6, 0, 0, 1, 1, 0, 3, 62, 0, 2, 6, 0, 0, 0, 6, 9, 3, 10, 0, 0, 2, 1, 3, 0, 2, 0, 0, 3, 0, 0, 6, 7, 10, 3, 0, 0, 1, 4, 10, 2, 5, 0, 0, 9, 0, 3, 7, 9, 1, 1, 3, 4, 1, 1, 0, 0, 0, 10, 5, 7, 8, 1, 0, 3, 10, 3, 7, 4, 0, 0, 5, 0, 0, 0, : 2, 1, 63, 5, 1, 2, 3, 3, 1, 10, 2, 6, 1, 1, 3, 62, 2, 6, 6, 9, 3, 10, 2, 1, 3, 2, 3, 6, 7, 10, 3, 1, 4, 10, 2, 5, 9, 3, 7, 9, 1, 1, 3, 4, 1, 1, 10, 5, 7, 8, 1, 3, 10, 3, 7, 4, 5, 
44: 7, 0, 10, 0, 0, 0, 1, 0, 0, 0, 1, 0, 4, 0, 4, 0, 0, 65, 0, 9, 0, 3, 0, 0, 0, 2, 4, 0, 0, 5, 1, 0, 0, 0, 0, 5, 8, 60, 0, 0, 0, 0, 5, 0, 4, 2, 0, 0, 3, 0, 0, 0, 7, 8, 2, 7, 0, 2, 0, 0, 3, 0, 0, 10, 5, 0, 1, 0, 0, 2, 7, 8, 0, 2, 0, 3, 10, 0, 0, 0, 5, 0, 67, 3, 0, 7, 0, 10, 0, 0, 10, 2, 1, 5, 5, 0, 4, 10, 2, 2, : 7, 10, 1, 1, 4, 4, 65, 9, 3, 2, 4, 5, 1, 5, 8, 60, 5, 4, 2, 3, 7, 8, 2, 7, 2, 3, 10, 5, 1, 2, 7, 8, 2, 3, 10, 5, 67, 3, 7, 10, 10, 2, 1, 5, 5, 4, 10, 2, 2, 
192: 0, 0, 10, 0, 0, 0, 3, 0, 0, 1, 0, 0, 0, 0, 1, 6, 0, 0, 8, 10, 8, 8, 1, 0, 2, 2, 3, 5, 10, 8, 0, 0, 6, 0, 10, 9, 4, 1, 0, 3, 0, 0, 0, 1, 1, 0, 0, 8, 2, 0, 64, 7, 0, 6, 0, 0, 0, 7, 9, 0, 0, 0, 0, 0, 1, 0, 6, 0, 7, 8, 6, 1, 0, 4, 6, 3, 0, 0, 0, 1, 0, 0, 2, 3, 0, 0, 4, 3, 0, 0, 0, 7, 9, 9, 1, 0, 5, 0, 5, 0, : 10, 3, 1, 1, 6, 8, 10, 8, 8, 1, 2, 2, 3, 5, 10, 8, 6, 10, 9, 4, 1, 3, 1, 1, 8, 2, 64, 7, 6, 7, 9, 1, 6, 7, 8, 6, 1, 4, 6, 3, 1, 2, 3, 4, 3, 7, 9, 9, 1, 5, 5, 
148: 4, 0, 0, 0, 0, 0, 9, 0, 0, 0, 0, 0, 69, 6, 2, 0, 0, 0, 0, 4, 0, 0, 0, 0, 2, 6, 7, 0, 0, 7, 6, 0, 10, 0, 2, 1, 2, 0, 2, 0, 6, 7, 0, 7, 5, 0, 0, 60, 1, 3, 0, 0, 4, 8, 0, 62, 0, 0, 1, 0, 0, 10, 7, 1, 0, 0, 1, 1, 0, 4, 8, 8, 0, 7, 0, 10, 1, 1, 9, 0, 0, 0, 0, 10, 0, 1, 6, 6, 0, 0, 7, 2, 5, 1, 63, 0, 9, 1, 2, 9, : 4, 9, 69, 6, 2, 4, 2, 6, 7, 7, 6, 10, 2, 1, 2, 2, 6, 7, 7, 5, 60, 1, 3, 4, 8, 62, 1, 10, 7, 1, 1, 1, 4, 8, 8, 7, 10, 1, 1, 9, 10, 1, 6, 6, 7, 2, 5, 1, 63, 9, 1, 2, 9, 
25: 6, 0, 5, 0, 4, 7, 9, 63, 0, 0, 0, 0, 0, 0, 10, 65, 0, 0, 5, 1, 0, 10, 6, 2, 6, 7, 5, 2, 0, 1, 10, 6, 2, 0, 2, 0, 4, 0, 0, 70, 6, 8, 7, 1, 3, 7, 0, 0, 2, 0, 0, 0, 0, 0, 0, 0, 5, 0, 0, 0, 0, 0, 0, 9, 7, 0, 5, 0, 0, 8, 2, 3, 0, 1, 0, 2, 3, 0, 6, 0, 3, 60, 0, 1, 0, 0, 0, 1, 0, 1, 10, 2, 8, 0, 0, 4, 0, 0, 5, 0, : 6, 5, 4, 7, 9, 63, 10, 65, 5, 1, 10, 6, 2, 6, 7, 5, 2, 1, 10, 6, 2, 2, 4, 70, 6, 8, 7, 1, 3, 7, 2, 5, 9, 7, 5, 8, 2, 3, 1, 2, 3, 6, 3, 60, 1, 1, 1, 10, 2, 8, 4, 5, 
1: 1, 0, 2, 0, 2, 0, 0, 7, 0, 0, 4, 0, 0, 2, 2, 3, 0, 0, 0, 0, 0, 0, 0, 0, 0, 4, 6, 0, 10, 6, 2, 63, 1, 1, 10, 5, 4, 0, 1, 5, 10, 2, 5, 7, 7, 64, 62, 1, 7, 3, 0, 0, 0, 0, 8, 0, 6, 0, 5, 0, 0, 0, 3, 9, 10, 0, 0, 0, 0, 0, 6, 1, 7, 3, 0, 7, 4, 0, 5, 1, 0, 0, 0, 5, 0, 0, 0, 7, 0, 0, 1, 9, 3, 0, 0, 0, 9, 0, 9, 0, : 1, 2, 2, 7, 4, 2, 2, 3, 4, 6, 10, 6, 2, 63, 1, 1, 10, 5, 4, 1, 5, 10, 2, 5, 7, 7, 64, 62, 1, 7, 3, 8, 6, 5, 3, 9, 10, 6, 1, 7, 3, 7, 4, 5, 1, 5, 7, 1, 9, 3, 9, 9, 
34: 1, 0, 5, 0, 65, 4, 7, 0, 0, 0, 0, 0, 0, 0, 1, 4, 0, 0, 0, 6, 0, 10, 0, 0, 0, 1, 1, 69, 7, 4, 1, 0, 3, 4, 7, 5, 2, 9, 65, 0, 1, 6, 4, 3, 5, 0, 4, 1, 2, 0, 5, 5, 0, 0, 0, 0, 0, 8, 1, 0, 60, 0, 0, 0, 0, 0, 0, 0, 0, 1, 2, 2, 0, 10, 0, 5, 9, 0, 7, 0, 2, 0, 0, 4, 61, 0, 4, 4, 63, 0, 0, 1, 0, 5, 0, 0, 0, 8, 7, 0, : 1, 5, 65, 4, 7, 1, 4, 6, 10, 1, 1, 69, 7, 4, 1, 3, 4, 7, 5, 2, 9, 65, 1, 6, 4, 3, 5, 4, 1, 2, 5, 5, 8, 1, 60, 1, 2, 2, 10, 5, 9, 7, 2, 4, 61, 4, 4, 63, 1, 5, 8, 7, 
10: 10, 0, 1, 8, 5, 62, 0, 0, 0, 7, 0, 0, 0, 6, 9, 0, 0, 9, 0, 0, 0, 9, 0, 0, 8, 3, 1, 0, 2, 0, 0, 0, 1, 5, 0, 3, 4, 0, 0, 0, 0, 0, 8, 0, 4, 7, 0, 0, 2, 0, 0, 0, 0, 1, 9, 3, 0, 0, 9, 5, 2, 63, 0, 0, 5, 0, 7, 0, 0, 5, 0, 4, 0, 0, 0, 4, 7, 0, 1, 6, 0, 0, 0, 6, 0, 0, 9, 8, 0, 5, 0, 1, 2, 0, 0, 0, 9, 4, 0, 0, : 10, 1, 8, 5, 62, 7, 6, 9, 9, 9, 8, 3, 1, 2, 1, 5, 3, 4, 8, 4, 7, 2, 1, 9, 3, 9, 5, 2, 63, 5, 7, 5, 4, 4, 7, 1, 6, 6, 9, 8, 5, 1, 2, 9, 4, 
194: 1, 0, 7, 0, 0, 0, 0, 0, 0, 0, 0, 0, 0, 0, 2, 0, 67, 0, 0, 7, 0, 2, 0, 9, 9, 7, 4, 0, 4, 3, 5, 1, 1, 0, 2, 9, 4, 0, 0, 0, 7, 5, 8, 10, 0, 0, 0, 0, 1, 0, 0, 0, 0, 1, 1, 0, 1, 9, 0, 0, 0, 0, 8, 10, 10, 0, 4, 0, 0, 0, 3, 2, 0, 3, 0, 2, 0, 1, 8, 0, 0, 0, 0, 2, 8, 0, 8, 1, 0, 0, 1, 6, 0, 2, 0, 0, 1, 4, 7, 0, : 1, 7, 2, 67, 7, 2, 9, 9, 7, 4, 4, 3, 5, 1, 1, 2, 9, 4, 7, 5, 8, 10, 1, 1, 1, 1, 9, 8, 10, 10, 4, 3, 2, 3, 2, 1, 8, 2, 8, 8, 1, 1, 6, 2, 1, 4, 7, 
59: 8, 0, 0, 0, 0, 0, 10, 0, 0, 0, 0, 1, 0, 1, 1, 0, 0, 0, 0, 0, 0, 1, 0, 0, 4, 4, 5, 0, 8, 2, 6, 0, 5, 0, 0, 5, 5, 0, 0, 0, 0, 0, 10, 5, 4, 0, 0, 0, 2, 0, 0, 0, 0, 4, 6, 0, 0, 4, 2, 0, 0, 0, 10, 10, 0, 0, 3, 0, 3, 0, 2, 3, 1, 2, 67, 5, 3, 0, 2, 0, 0, 0, 0, 1, 2, 0, 5, 0, 0, 0, 10, 4, 0, 3, 0, 65, 5, 10, 4, 0, : 8, 10, 1, 1, 1, 1, 4, 4, 5, 8, 2, 6, 5, 5, 5, 10, 5, 4, 2, 4, 6, 4, 2, 10, 10, 3, 3, 2, 3, 1, 2, 67, 5, 3, 2, 1, 2, 5, 10, 4, 3, 65, 5, 10, 4, 
138: 7, 0, 9, 0, 0, 0, 0, 0, 0, 65, 6, 10, 0, 65, 7, 0, 0, 2, 1, 4, 0, 0, 0, 0, 5, 3, 1, 0, 0, 10, 4, 0, 2, 0, 0, 3, 2, 0, 3, 0, 4, 10, 2, 1, 8, 0, 5, 0, 5, 68, 0, 0, 0, 10, 6, 2, 0, 9, 0, 0, 0, 0, 5, 0, 1, 0, 7, 70, 0, 7, 6, 9, 3, 0, 0, 2, 2, 0, 10, 0, 0, 0, 0, 3, 4, 0, 9, 9, 0, 0, 2, 5, 0, 8, 0, 0, 6, 1, 7, 1, : 7, 9, 65, 6, 10, 65, 7, 2, 1, 4, 5, 3, 1, 10, 4, 2, 3, 2, 3, 4, 10, 2, 1, 8, 5, 5, 68, 10, 6, 2, 9, 5, 1, 7, 70, 7, 6, 9, 3, 2, 2, 10, 3, 4, 9, 9, 2, 5, 8, 6, 1, 7, 1, 
199: 4, 0, 0, 0, 0, 0, 5, 8, 0, 0, 0, 1, 1, 0, 10, 2, 5, 0, 0, 0, 0, 10, 66, 5, 4, 10, 4, 2, 7, 1, 10, 0, 9, 0, 0, 5, 1, 8, 0, 0, 8, 9, 0, 3, 3, 0, 0, 0, 2, 1, 0, 0, 0, 4, 5, 4, 62, 1, 0, 0, 5, 0, 4, 0, 1, 5, 5, 1, 0, 0, 8, 3, 0, 7, 1, 0, 0, 3, 0, 0, 0, 10, 0, 2, 0, 0, 7, 3, 0, 70, 8, 0, 10, 3, 5, 0, 2, 0, 0, 0, : 4, 5, 8, 1, 1, 10, 2, 5, 10, 66, 5, 4, 10, 4, 2, 7, 1, 10, 9, 5, 1, 8, 8, 9, 3, 3, 2, 1, 4, 5, 4, 62, 1, 5, 4, 1, 5, 5, 1, 8, 3, 7, 1, 3, 10, 2, 7, 3, 70, 8, 10, 3, 5, 2, 
197: 0, 3, 0, 0, 0, 0, 8, 0, 68, 2, 2, 0, 0, 0, 5, 0, 6, 0, 0, 0, 0, 0, 5, 0, 0, 0, 1, 0, 0, 3, 10, 0, 3, 1, 6, 1, 0, 0, 0, 0, 6, 7, 5, 10, 9, 0, 0, 0, 5, 0, 0, 0, 0, 0, 7, 0, 0, 1, 4, 0, 0, 0, 10, 0, 1, 0, 0, 0, 0, 8, 0, 3, 0, 2, 0, 7, 8, 0, 4, 0, 1, 0, 0, 0, 0, 0, 0, 7, 7, 0, 0, 0, 9, 3, 0, 0, 2, 0, 1, 0, : 3, 8, 68, 2, 2, 5, 6, 5, 1, 3, 10, 3, 1, 6, 1, 6, 7, 5, 10, 9, 5, 7, 1, 4, 10, 1, 8, 3, 2, 7, 8, 4, 1, 7, 7, 9, 3, 2, 1, 
133: 6, 66, 0, 0, 0, 0, 9, 0, 0, 0, 0, 0, 0, 0, 7, 0, 0, 0, 0, 10, 0, 10, 0, 3, 3, 8, 6, 0, 0, 1, 8, 0, 1, 0, 0, 4, 0, 0, 0, 0, 6, 8, 1, 1, 0, 0, 0, 9, 8, 0, 0, 0, 0, 10, 0, 2, 0, 5, 10, 0, 0, 7, 8, 1, 1, 3, 5, 7, 63, 7, 0, 6, 0, 2, 4, 6, 1, 0, 10, 0, 0, 0, 0, 10, 0, 0, 5, 3, 0, 1, 7, 8, 0, 7, 0, 0, 8, 9, 8, 2, : 6, 66, 9, 7, 10, 10, 3, 3, 8, 6, 1, 8, 1, 4, 6, 8, 1, 1, 9, 8, 10, 2, 5, 10, 7, 8, 1, 1, 3, 5, 7, 63, 7, 6, 2, 4, 6, 1, 10, 10, 5, 3, 1, 7, 8, 7, 8, 9, 8, 2, 
146: 8, 0, 5, 0, 2, 0, 0, 0, 0, 0, 0, 0, 4, 0, 2, 0, 0, 0, 5, 10, 9, 10, 0, 0, 2, 3, 3, 0, 9, 2, 2, 1, 6, 4, 1, 4, 7, 0, 0, 0, 7, 0, 1, 2, 2, 0, 0, 0, 5, 0, 0, 8, 0, 7, 5, 0, 0, 1, 10, 62, 0, 0, 9, 7, 4, 2, 0, 0, 0, 3, 4, 6, 0, 1, 0, 7, 0, 0, 6, 0, 0, 10, 4, 0, 0, 0, 5, 0, 0, 0, 0, 2, 8, 0, 0, 1, 3, 3, 4, 0, : 8, 5, 2, 4, 2, 5, 10, 9, 10, 2, 3, 3, 9, 2, 2, 1, 6, 4, 1, 4, 7, 7, 1, 2, 2, 5, 8, 7, 5, 1, 10, 62, 9, 7, 4, 2, 3, 4, 6, 1, 7, 6, 10, 4, 5, 2, 8, 1, 3, 3, 4, 
145: 2, 0, 9, 0, 0, 7, 0, 0, 0, 0, 0, 68, 0, 0, 2, 0, 1, 0, 0, 0, 0, 0, 0, 0, 9, 4, 4, 0, 9, 3, 8, 0, 4, 0, 10, 1, 9, 0, 0, 0, 1, 0, 4, 0, 1, 0, 0, 0, 4, 0, 0, 0, 69, 2, 6, 0, 0, 5, 2, 0, 0, 0, 0, 6, 8, 0, 4, 0, 0, 1, 8, 3, 1, 3, 0, 5, 10, 64, 0, 0, 60, 0, 7, 2, 0, 1, 0, 7, 0, 0, 6, 10, 0, 6, 0, 10, 0, 5, 3, 66, : 2, 9, 7, 68, 2, 1, 9, 4, 4, 9, 3, 8, 4, 10, 1, 9, 1, 4, 1, 4, 69, 2, 6, 5, 2, 6, 8, 4, 1, 8, 3, 1, 3, 5, 10, 64, 60, 7, 2, 1, 7, 6, 10, 6, 10, 5, 3, 66, 


18: 5, 0, 0, 0, 0, 0, 1, 0, 0, 0, 0, 0, 4, 2, 1, 1, 0, 0, 0, 0, 0, 1, 0, 0, 0, 0, 0, 0, 0, 0, 6, 1, 0, 0, 5, 5, 0, 0, 0, 9, 4, 5, 2, 1, 1, 66, 0, 6, 0, 10, 0, 2, 3, 0, 0, 4, 3, 0, 0, 8, 7, 0, 6, 0, 0, 0, 5, 2, 0, 9, 0, 7, 10, 0, 0, 0, 0, 10, 0, 7, 1, 6, 2, 65, 0, 0, 0, 6, 2, 7, 0, 4, 7, 8, 7, 0, 0, 4, 0, 0, : 5, 1, 4, 2, 1, 1, 1, 6, 1, 5, 5, 9, 4, 5, 2, 1, 1, 66, 6, 10, 2, 3, 4, 3, 8, 7, 6, 5, 2, 9, 7, 10, 10, 7, 1, 6, 2, 65, 6, 2, 7, 4, 7, 8, 7, 4, 
151: 1, 67, 0, 7, 2, 0, 0, 2, 0, 63, 0, 0, 0, 0, 2, 2, 0, 0, 2, 0, 0, 1, 0, 0, 0, 0, 9, 0, 6, 0, 0, 0, 0, 0, 2, 6, 0, 0, 1, 1, 6, 7, 0, 2, 1, 0, 2, 2, 0, 8, 0, 0, 1, 0, 2, 0, 0, 0, 5, 2, 0, 0, 10, 0, 8, 0, 1, 5, 7, 7, 0, 6, 0, 0, 2, 63, 5, 9, 0, 0, 7, 9, 10, 1, 0, 0, 0, 5, 6, 9, 60, 0, 2, 1, 5, 0, 0, 0, 0, 0, : 1, 67, 7, 2, 2, 63, 2, 2, 2, 1, 9, 6, 2, 6, 1, 1, 6, 7, 2, 1, 2, 2, 8, 1, 2, 5, 2, 10, 8, 1, 5, 7, 7, 6, 2, 63, 5, 9, 7, 9, 10, 1, 5, 6, 9, 60, 2, 1, 5, 
112: 3, 0, 0, 0, 2, 0, 3, 0, 0, 0, 0, 0, 2, 68, 5, 9, 0, 0, 3, 0, 10, 7, 0, 10, 0, 0, 0, 0, 0, 0, 1, 1, 0, 0, 5, 4, 2, 0, 3, 1, 0, 3, 0, 7, 0, 0, 2, 10, 0, 10, 4, 65, 3, 0, 0, 1, 10, 10, 1, 3, 0, 6, 3, 0, 2, 1, 4, 0, 0, 2, 6, 1, 3, 7, 0, 0, 0, 8, 0, 65, 0, 3, 9, 0, 0, 7, 0, 0, 3, 10, 0, 0, 2, 2, 2, 0, 9, 0, 0, 5, : 3, 2, 3, 2, 68, 5, 9, 3, 10, 7, 10, 1, 1, 5, 4, 2, 3, 1, 3, 7, 2, 10, 10, 4, 65, 3, 1, 10, 10, 1, 3, 6, 3, 2, 1, 4, 2, 6, 1, 3, 7, 8, 65, 3, 9, 7, 3, 10, 2, 2, 2, 9, 5, 
184: 8, 0, 9, 0, 0, 0, 0, 0, 0, 0, 70, 0, 5, 0, 0, 4, 0, 0, 0, 0, 4, 6, 0, 0, 0, 0, 0, 0, 0, 4, 0, 2, 62, 0, 6, 3, 6, 0, 0, 0, 0, 0, 0, 1, 4, 3, 0, 0, 0, 8, 7, 0, 0, 0, 2, 0, 4, 0, 10, 7, 0, 0, 4, 0, 0, 10, 10, 10, 0, 8, 0, 0, 9, 0, 0, 4, 3, 0, 1, 0, 0, 2, 3, 4, 0, 62, 0, 0, 3, 8, 0, 0, 0, 9, 0, 0, 0, 2, 0, 10, : 8, 9, 70, 5, 4, 4, 6, 4, 2, 62, 6, 3, 6, 1, 4, 3, 8, 7, 2, 4, 10, 7, 4, 10, 10, 10, 8, 9, 4, 3, 1, 2, 3, 4, 62, 3, 8, 9, 2, 10, 
173: 7, 0, 60, 0, 5, 0, 3, 0, 0, 2, 0, 7, 5, 0, 9, 4, 0, 0, 9, 0, 3, 0, 0, 5, 0, 0, 0, 0, 0, 62, 0, 1, 1, 5, 7, 9, 0, 0, 10, 8, 5, 1, 0, 4, 6, 0, 1, 4, 0, 7, 0, 0, 7, 0, 0, 7, 7, 0, 6, 2, 0, 0, 4, 0, 0, 61, 3, 2, 3, 9, 0, 10, 0, 66, 8, 0, 1, 0, 0, 0, 2, 3, 1, 0, 0, 0, 0, 0, 3, 0, 0, 69, 0, 2, 6, 0, 0, 3, 69, 9, : 7, 60, 5, 3, 2, 7, 5, 9, 4, 9, 3, 5, 62, 1, 1, 5, 7, 9, 10, 8, 5, 1, 4, 6, 1, 4, 7, 7, 7, 7, 6, 2, 4, 61, 3, 2, 3, 9, 10, 66, 8, 1, 2, 3, 1, 3, 69, 2, 6, 3, 69, 9, 
13: 4, 0, 0, 0, 4, 8, 0, 0, 0, 0, 0, 70, 5, 0, 7, 0, 0, 0, 10, 0, 8, 4, 0, 9, 9, 0, 1, 0, 0, 0, 8, 1, 0, 0, 1, 3, 61, 0, 4, 9, 0, 0, 2, 1, 3, 0, 4, 8, 60, 3, 0, 0, 0, 0, 6, 3, 2, 0, 10, 0, 0, 1, 10, 0, 0, 1, 8, 9, 0, 0, 0, 0, 1, 5, 0, 0, 0, 3, 7, 0, 7, 10, 0, 7, 0, 0, 0, 9, 4, 0, 0, 0, 0, 3, 0, 0, 0, 0, 4, 6, : 4, 4, 8, 70, 5, 7, 10, 8, 4, 9, 9, 1, 8, 1, 1, 3, 61, 4, 9, 2, 1, 3, 4, 8, 60, 3, 6, 3, 2, 10, 1, 10, 1, 8, 9, 1, 5, 3, 7, 7, 10, 7, 9, 4, 3, 4, 6, 
170: 6, 0, 0, 0, 10, 0, 0, 0, 0, 0, 0, 0, 2, 8, 0, 7, 70, 0, 1, 0, 6, 9, 0, 0, 1, 0, 0, 0, 2, 1, 10, 6, 0, 60, 3, 0, 0, 0, 0, 1, 10, 5, 0, 6, 3, 1, 0, 2, 0, 0, 0, 2, 3, 0, 0, 60, 0, 0, 10, 4, 0, 0, 0, 0, 0, 6, 0, 2, 0, 0, 0, 0, 9, 0, 0, 0, 1, 9, 0, 0, 9, 5, 1, 0, 0, 0, 0, 7, 1, 8, 0, 0, 1, 1, 7, 0, 0, 5, 1, 3, : 6, 10, 2, 8, 7, 70, 1, 6, 9, 1, 2, 1, 10, 6, 60, 3, 1, 10, 5, 6, 3, 1, 2, 2, 3, 60, 10, 4, 6, 2, 9, 1, 9, 9, 5, 1, 7, 1, 8, 1, 1, 7, 5, 1, 3, 
195: 4, 0, 0, 0, 3, 0, 0, 1, 0, 0, 0, 0, 9, 0, 1, 5, 0, 68, 8, 9, 5, 8, 0, 0, 0, 0, 70, 68, 1, 0, 0, 3, 0, 0, 2, 0, 0, 0, 0, 5, 2, 1, 0, 2, 0, 0, 0, 8, 0, 7, 0, 0, 0, 5, 0, 1, 0, 0, 7, 3, 61, 0, 0, 0, 64, 0, 1, 3, 0, 5, 0, 0, 0, 0, 0, 0, 0, 2, 1, 0, 9, 4, 6, 0, 0, 0, 0, 10, 9, 8, 0, 0, 0, 3, 10, 10, 67, 0, 0, 1, : 4, 3, 1, 9, 1, 5, 68, 8, 9, 5, 8, 70, 68, 1, 3, 2, 5, 2, 1, 2, 8, 7, 5, 1, 7, 3, 61, 64, 1, 3, 5, 2, 1, 9, 4, 6, 10, 9, 8, 3, 10, 10, 67, 1, 
154: 1, 3, 1, 0, 8, 0, 0, 2, 0, 0, 0, 0, 1, 0, 10, 0, 0, 0, 4, 1, 3, 1, 0, 0, 0, 2, 0, 0, 0, 0, 10, 10, 0, 0, 3, 9, 0, 0, 0, 0, 1, 8, 0, 2, 6, 0, 0, 3, 0, 1, 0, 0, 7, 4, 0, 0, 8, 0, 1, 4, 0, 0, 0, 0, 0, 0, 5, 8, 4, 5, 0, 6, 2, 0, 0, 3, 0, 4, 0, 0, 4, 10, 8, 0, 1, 0, 1, 0, 1, 1, 0, 0, 0, 1, 0, 0, 0, 0, 0, 0, : 1, 3, 1, 8, 2, 1, 10, 4, 1, 3, 1, 2, 10, 10, 3, 9, 1, 8, 2, 6, 3, 1, 7, 4, 8, 1, 4, 5, 8, 4, 5, 6, 2, 3, 4, 4, 10, 8, 1, 1, 1, 1, 1, 
178: 8, 0, 0, 0, 3, 0, 0, 1, 3, 4, 0, 0, 5, 0, 7, 0, 0, 0, 5, 0, 9, 8, 0, 7, 0, 0, 0, 0, 1, 0, 0, 1, 0, 0, 0, 0, 0, 0, 0, 0, 2, 9, 62, 10, 3, 0, 10, 4, 3, 5, 7, 0, 6, 0, 0, 0, 0, 2, 2, 10, 0, 0, 0, 9, 0, 0, 0, 9, 0, 0, 0, 8, 0, 0, 0, 0, 6, 2, 1, 4, 5, 1, 3, 0, 0, 0, 3, 5, 1, 0, 7, 0, 0, 7, 0, 0, 0, 5, 0, 0, : 8, 3, 1, 3, 4, 5, 7, 5, 9, 8, 7, 1, 1, 2, 9, 62, 10, 3, 10, 4, 3, 5, 7, 6, 2, 2, 10, 9, 9, 8, 6, 2, 1, 4, 5, 1, 3, 3, 5, 1, 7, 7, 5, 
128: 5, 0, 0, 0, 2, 0, 0, 0, 0, 0, 9, 2, 0, 0, 7, 4, 0, 0, 8, 0, 5, 0, 9, 0, 0, 0, 0, 0, 0, 0, 5, 1, 0, 5, 0, 0, 4, 0, 0, 1, 7, 3, 0, 7, 7, 0, 1, 0, 10, 0, 0, 1, 8, 0, 0, 0, 9, 0, 2, 2, 0, 9, 5, 0, 0, 0, 4, 3, 1, 0, 1, 1, 10, 0, 0, 0, 0, 5, 0, 0, 10, 0, 0, 1, 1, 0, 0, 1, 2, 1, 0, 0, 0, 6, 0, 2, 0, 60, 0, 8, : 5, 2, 9, 2, 7, 4, 8, 5, 9, 5, 1, 5, 4, 1, 7, 3, 7, 7, 1, 10, 1, 8, 9, 2, 2, 9, 5, 4, 3, 1, 1, 1, 10, 5, 10, 1, 1, 1, 2, 1, 6, 2, 60, 8, 
120: 0, 0, 0, 4, 6, 69, 0, 61, 0, 8, 1, 0, 0, 0, 3, 6, 0, 0, 0, 70, 9, 10, 0, 10, 9, 0, 0, 1, 2, 0, 6, 8, 0, 0, 8, 0, 0, 5, 0, 0, 0, 5, 0, 6, 10, 1, 9, 7, 0, 10, 62, 0, 9, 0, 1, 0, 7, 0, 10, 9, 0, 0, 5, 0, 0, 0, 0, 1, 0, 10, 0, 0, 10, 2, 0, 0, 0, 0, 66, 0, 0, 5, 0, 0, 0, 0, 0, 2, 3, 2, 0, 0, 0, 6, 9, 0, 0, 0, 3, 9, : 4, 6, 69, 61, 8, 1, 3, 6, 70, 9, 10, 10, 9, 1, 2, 6, 8, 8, 5, 5, 6, 10, 1, 9, 7, 10, 62, 9, 1, 7, 10, 9, 5, 1, 10, 10, 2, 66, 5, 2, 3, 2, 6, 9, 3, 9, 
144: 2, 3, 0, 0, 1, 0, 0, 0, 69, 0, 0, 0, 10, 0, 10, 9, 0, 0, 4, 0, 2, 0, 70, 10, 0, 0, 0, 0, 0, 9, 1, 8, 0, 3, 9, 3, 0, 0, 0, 9, 10, 8, 0, 6, 5, 0, 9, 6, 2, 0, 0, 2, 1, 1, 0, 0, 5, 0, 9, 0, 8, 2, 0, 0, 0, 0, 8, 1, 0, 1, 0, 8, 0, 0, 0, 0, 1, 6, 0, 0, 0, 0, 6, 0, 10, 2, 0, 9, 4, 5, 0, 0, 0, 2, 0, 0, 0, 0, 1, 8, : 2, 3, 1, 69, 10, 10, 9, 4, 2, 70, 10, 9, 1, 8, 3, 9, 3, 9, 10, 8, 6, 5, 9, 6, 2, 2, 1, 1, 5, 9, 8, 2, 8, 1, 1, 8, 1, 6, 6, 10, 2, 9, 4, 5, 2, 1, 8, 
65: 1, 0, 0, 62, 0, 0, 0, 0, 5, 1, 0, 1, 0, 2, 9, 0, 0, 9, 0, 0, 0, 0, 0, 8, 0, 6, 0, 5, 0, 0, 1, 7, 1, 6, 7, 8, 0, 64, 0, 8, 8, 4, 9, 2, 9, 0, 10, 2, 0, 0, 0, 0, 0, 0, 0, 1, 5, 60, 0, 2, 0, 0, 2, 0, 0, 1, 0, 2, 0, 0, 3, 1, 0, 0, 0, 0, 0, 6, 0, 0, 3, 5, 0, 0, 1, 0, 0, 10, 1, 0, 5, 0, 3, 1, 8, 0, 0, 0, 0, 4, : 1, 62, 5, 1, 1, 2, 9, 9, 8, 6, 5, 1, 7, 1, 6, 7, 8, 64, 8, 8, 4, 9, 2, 9, 10, 2, 1, 5, 60, 2, 2, 1, 2, 3, 1, 6, 3, 5, 1, 10, 1, 5, 3, 1, 8, 4, 
30: 0, 0, 9, 0, 7, 3, 0, 7, 0, 0, 0, 0, 6, 0, 1, 9, 2, 1, 0, 0, 6, 8, 0, 10, 61, 1, 0, 0, 0, 2, 5, 5, 0, 0, 7, 6, 0, 0, 0, 7, 6, 2, 0, 2, 5, 9, 7, 0, 0, 6, 0, 0, 5, 0, 68, 2, 1, 0, 0, 10, 0, 0, 10, 7, 0, 0, 6, 7, 0, 8, 2, 2, 8, 0, 0, 5, 63, 8, 0, 4, 5, 8, 9, 0, 67, 0, 69, 2, 6, 6, 0, 0, 0, 0, 6, 0, 0, 0, 0, 5, : 9, 7, 3, 7, 6, 1, 9, 2, 1, 6, 8, 10, 61, 1, 2, 5, 5, 7, 6, 7, 6, 2, 2, 5, 9, 7, 6, 5, 68, 2, 1, 10, 10, 7, 6, 7, 8, 2, 2, 8, 5, 63, 8, 4, 5, 8, 9, 67, 69, 2, 6, 6, 6, 5, 
24: 0, 4, 0, 0, 8, 0, 0, 0, 0, 0, 0, 0, 8, 0, 2, 7, 0, 0, 0, 0, 0, 8, 0, 6, 0, 0, 0, 0, 0, 0, 10, 9, 0, 0, 0, 10, 0, 1, 0, 2, 3, 5, 0, 4, 0, 0, 9, 7, 0, 0, 0, 0, 10, 60, 1, 0, 8, 0, 0, 1, 4, 62, 2, 63, 0, 0, 2, 1, 5, 0, 0, 0, 0, 0, 6, 0, 0, 2, 0, 0, 0, 0, 0, 0, 0, 1, 0, 0, 3, 8, 0, 0, 0, 1, 7, 0, 1, 0, 0, 0, : 4, 8, 8, 2, 7, 8, 6, 10, 9, 10, 1, 2, 3, 5, 4, 9, 7, 10, 60, 1, 8, 1, 4, 62, 2, 63, 2, 1, 5, 6, 2, 1, 3, 8, 1, 7, 1, 
157: 9, 3, 0, 7, 5, 0, 0, 0, 3, 0, 0, 0, 0, 0, 0, 10, 0, 0, 9, 0, 7, 0, 0, 1, 0, 67, 0, 0, 1, 0, 5, 6, 3, 0, 1, 4, 0, 0, 0, 3, 10, 8, 5, 10, 0, 0, 1, 3, 0, 0, 0, 7, 7, 10, 0, 0, 7, 8, 0, 3, 0, 0, 3, 0, 0, 0, 9, 6, 0, 6, 0, 6, 0, 0, 0, 5, 0, 0, 0, 0, 3, 5, 8, 0, 0, 0, 7, 0, 5, 1, 0, 1, 60, 10, 10, 0, 0, 0, 0, 8, : 9, 3, 7, 5, 3, 10, 9, 7, 1, 67, 1, 5, 6, 3, 1, 4, 3, 10, 8, 5, 10, 1, 3, 7, 7, 10, 7, 8, 3, 3, 9, 6, 6, 6, 5, 3, 5, 8, 7, 5, 1, 1, 60, 10, 10, 8, 
51: 7, 0, 0, 0, 1, 0, 10, 0, 0, 0, 0, 0, 8, 0, 2, 0, 0, 0, 10, 0, 1, 1, 1, 0, 0, 4, 0, 0, 0, 2, 4, 3, 0, 0, 3, 0, 7, 0, 62, 6, 6, 5, 0, 1, 8, 0, 0, 7, 3, 0, 0, 1, 0, 0, 0, 0, 0, 0, 4, 4, 0, 0, 0, 0, 6, 0, 10, 0, 0, 0, 63, 9, 8, 0, 0, 0, 0, 5, 3, 0, 8, 0, 7, 0, 0, 8, 0, 3, 10, 0, 8, 6, 5, 3, 3, 4, 3, 1, 2, 2, : 7, 1, 10, 8, 2, 10, 1, 1, 1, 4, 2, 4, 3, 3, 7, 62, 6, 6, 5, 1, 8, 7, 3, 1, 4, 4, 6, 10, 63, 9, 8, 5, 3, 8, 7, 8, 3, 10, 8, 6, 5, 3, 3, 4, 3, 1, 2, 2, 
93: 9, 0, 0, 0, 6, 0, 0, 0, 0, 2, 0, 0, 0, 0, 3, 2, 8, 2, 2, 0, 1, 0, 0, 4, 0, 0, 0, 3, 62, 0, 5, 5, 7, 1, 8, 0, 0, 10, 0, 10, 0, 0, 0, 4, 0, 0, 9, 1, 2, 5, 0, 0, 5, 0, 0, 0, 4, 0, 3, 1, 0, 0, 8, 0, 0, 0, 1, 4, 60, 0, 5, 7, 3, 0, 0, 0, 0, 0, 1, 0, 7, 0, 6, 2, 0, 0, 0, 4, 7, 4, 0, 0, 0, 5, 0, 64, 0, 0, 0, 0, : 9, 6, 2, 3, 2, 8, 2, 2, 1, 4, 3, 62, 5, 5, 7, 1, 8, 10, 10, 4, 9, 1, 2, 5, 5, 4, 3, 1, 8, 1, 4, 60, 5, 7, 3, 1, 7, 6, 2, 4, 7, 4, 5, 64, 
142: 0, 0, 1, 0, 7, 0, 63, 6, 0, 0, 0, 0, 10, 0, 1, 1, 0, 0, 5, 0, 1, 8, 0, 0, 0, 0, 0, 3, 5, 0, 3, 2, 6, 0, 3, 10, 0, 0, 0, 0, 0, 1, 0, 2, 9, 0, 6, 0, 0, 0, 0, 0, 5, 0, 0, 1, 0, 0, 0, 5, 0, 0, 8, 1, 0, 0, 3, 5, 0, 10, 0, 8, 7, 0, 64, 0, 0, 1, 0, 0, 0, 4, 1, 0, 0, 0, 0, 7, 6, 2, 0, 0, 0, 9, 0, 0, 0, 0, 0, 2, : 1, 7, 63, 6, 10, 1, 1, 5, 1, 8, 3, 5, 3, 2, 6, 3, 10, 1, 2, 9, 6, 5, 1, 5, 8, 1, 3, 5, 10, 8, 7, 64, 1, 4, 1, 7, 6, 2, 9, 2, 


117: 3, 0, 1, 0, 0, 8, 6, 2, 0, 0, 0, 0, 0, 6, 0, 6, 10, 2, 0, 0, 10, 0, 0, 1, 0, 5, 0, 6, 1, 1, 3, 0, 0, 9, 0, 60, 2, 0, 0, 7, 0, 2, 10, 0, 5, 5, 0, 8, 0, 0, 10, 2, 3, 10, 5, 10, 7, 1, 0, 2, 0, 0, 0, 10, 0, 1, 0, 5, 0, 0, 4, 0, 0, 6, 0, 0, 0, 0, 0, 61, 0, 0, 0, 7, 9, 2, 0, 5, 4, 0, 5, 6, 0, 64, 4, 0, 1, 0, 10, 10, : 3, 1, 8, 6, 2, 6, 6, 10, 2, 10, 1, 5, 6, 1, 1, 3, 9, 60, 2, 7, 2, 10, 5, 5, 8, 10, 2, 3, 10, 5, 10, 7, 1, 2, 10, 1, 5, 4, 6, 61, 7, 9, 2, 5, 4, 5, 6, 64, 4, 1, 10, 10, 
40: 0, 0, 0, 0, 0, 0, 1, 0, 0, 0, 2, 0, 2, 2, 67, 4, 6, 4, 4, 0, 0, 10, 0, 5, 69, 0, 1, 0, 0, 5, 7, 3, 4, 1, 1, 5, 0, 0, 62, 5, 0, 7, 0, 0, 9, 2, 0, 4, 0, 0, 0, 7, 0, 0, 5, 2, 1, 0, 0, 6, 0, 0, 10, 0, 66, 6, 0, 0, 0, 66, 0, 0, 0, 5, 4, 9, 0, 0, 0, 4, 0, 0, 0, 1, 0, 7, 0, 0, 5, 9, 0, 8, 4, 7, 4, 10, 0, 0, 8, 6, : 1, 2, 2, 2, 67, 4, 6, 4, 4, 10, 5, 69, 1, 5, 7, 3, 4, 1, 1, 5, 62, 5, 7, 9, 2, 4, 7, 5, 2, 1, 6, 10, 66, 6, 66, 5, 4, 9, 4, 1, 7, 5, 9, 8, 4, 7, 4, 10, 8, 6, 
87: 1, 0, 0, 0, 0, 0, 3, 0, 9, 0, 0, 1, 0, 8, 0, 4, 5, 4, 0, 0, 9, 5, 0, 0, 0, 3, 0, 0, 0, 5, 8, 2, 10, 0, 8, 0, 3, 3, 4, 7, 0, 4, 0, 0, 1, 7, 0, 1, 0, 0, 1, 10, 0, 9, 6, 3, 0, 2, 1, 9, 0, 2, 2, 9, 0, 4, 0, 3, 2, 0, 0, 2, 10, 2, 5, 6, 5, 0, 0, 0, 0, 0, 0, 5, 8, 0, 0, 7, 0, 3, 2, 8, 0, 0, 6, 3, 0, 9, 6, 6, : 1, 3, 9, 1, 8, 4, 5, 4, 9, 5, 3, 5, 8, 2, 10, 8, 3, 3, 4, 7, 4, 1, 7, 1, 1, 10, 9, 6, 3, 2, 1, 9, 2, 2, 9, 4, 3, 2, 2, 10, 2, 5, 6, 5, 5, 8, 7, 3, 2, 8, 6, 3, 9, 6, 6, 
62: 4, 0, 0, 0, 0, 0, 3, 0, 0, 0, 0, 0, 0, 3, 0, 3, 1, 1, 0, 7, 0, 10, 6, 10, 0, 5, 0, 1, 0, 0, 10, 10, 10, 2, 2, 0, 0, 0, 0, 2, 0, 7, 0, 0, 6, 10, 10, 6, 0, 69, 4, 6, 0, 9, 7, 0, 0, 0, 0, 9, 0, 3, 8, 8, 1, 9, 66, 0, 8, 1, 3, 0, 3, 10, 0, 9, 0, 5, 3, 4, 8, 0, 64, 1, 9, 0, 0, 0, 9, 4, 5, 8, 0, 0, 2, 5, 0, 0, 0, 1, : 4, 3, 3, 3, 1, 1, 7, 10, 6, 10, 5, 1, 10, 10, 10, 2, 2, 2, 7, 6, 10, 10, 6, 69, 4, 6, 9, 7, 9, 3, 8, 8, 1, 9, 66, 8, 1, 3, 3, 10, 9, 5, 3, 4, 8, 64, 1, 9, 9, 4, 5, 8, 2, 5, 1, 
187: 5, 68, 0, 0, 0, 0, 6, 0, 0, 2, 9, 0, 0, 10, 0, 9, 3, 5, 61, 0, 1, 0, 5, 3, 0, 3, 10, 0, 0, 10, 3, 0, 0, 1, 7, 0, 1, 0, 0, 9, 7, 6, 0, 2, 2, 4, 70, 6, 10, 0, 0, 1, 0, 0, 10, 1, 9, 1, 0, 2, 0, 2, 6, 0, 5, 0, 0, 0, 9, 5, 7, 66, 1, 4, 63, 6, 0, 0, 3, 0, 1, 1, 5, 3, 2, 3, 0, 5, 3, 4, 4, 7, 1, 0, 5, 0, 0, 0, 0, 10, : 5, 68, 6, 2, 9, 10, 9, 3, 5, 61, 1, 5, 3, 3, 10, 10, 3, 1, 7, 1, 9, 7, 6, 2, 2, 4, 70, 6, 10, 1, 10, 1, 9, 1, 2, 2, 6, 5, 9, 5, 7, 66, 1, 4, 63, 6, 3, 1, 1, 5, 3, 2, 3, 5, 3, 4, 4, 7, 1, 5, 10, 
200: 4, 0, 0, 62, 0, 0, 6, 0, 0, 0, 0, 0, 67, 0, 0, 2, 2, 10, 0, 9, 5, 3, 0, 1, 0, 3, 0, 0, 0, 1, 9, 10, 0, 0, 9, 0, 0, 0, 0, 0, 0, 2, 0, 0, 8, 0, 0, 0, 7, 0, 1, 4, 0, 2, 0, 3, 9, 0, 0, 2, 70, 6, 2, 0, 0, 1, 1, 7, 7, 5, 4, 1, 0, 0, 0, 0, 0, 0, 0, 0, 0, 0, 0, 0, 4, 0, 0, 1, 4, 9, 5, 1, 0, 1, 4, 0, 7, 0, 5, 0, : 4, 62, 6, 67, 2, 2, 10, 9, 5, 3, 1, 3, 1, 9, 10, 9, 2, 8, 7, 1, 4, 2, 3, 9, 2, 70, 6, 2, 1, 1, 7, 7, 5, 4, 1, 4, 1, 4, 9, 5, 1, 1, 4, 7, 5, 
174: 10, 0, 8, 0, 0, 0, 7, 7, 0, 5, 0, 1, 0, 8, 10, 10, 0, 0, 0, 10, 8, 6, 0, 0, 8, 8, 0, 2, 0, 4, 1, 8, 3, 3, 3, 0, 1, 0, 0, 9, 0, 0, 0, 0, 9, 0, 0, 4, 7, 5, 5, 7, 10, 0, 2, 0, 1, 0, 0, 3, 0, 0, 0, 4, 1, 1, 0, 0, 1, 0, 0, 0, 5, 0, 1, 4, 7, 1, 0, 0, 0, 0, 1, 3, 0, 9, 3, 4, 10, 10, 1, 0, 0, 1, 10, 8, 0, 0, 8, 0, : 10, 8, 7, 7, 5, 1, 8, 10, 10, 10, 8, 6, 8, 8, 2, 4, 1, 8, 3, 3, 3, 1, 9, 9, 4, 7, 5, 5, 7, 10, 2, 1, 3, 4, 1, 1, 1, 5, 1, 4, 7, 1, 1, 3, 9, 3, 4, 10, 10, 1, 1, 10, 8, 8, 
159: 2, 0, 5, 0, 5, 0, 0, 0, 0, 65, 0, 0, 0, 0, 0, 5, 5, 6, 0, 4, 0, 7, 1, 9, 0, 1, 0, 0, 0, 7, 6, 5, 8, 1, 6, 0, 10, 0, 0, 0, 0, 3, 4, 3, 1, 1, 0, 9, 0, 0, 3, 1, 0, 0, 0, 0, 9, 0, 61, 3, 0, 0, 8, 0, 0, 9, 0, 5, 1, 1, 3, 0, 10, 0, 0, 2, 0, 0, 9, 0, 0, 0, 0, 7, 5, 8, 0, 2, 1, 0, 0, 7, 66, 0, 1, 0, 5, 0, 0, 0, : 2, 5, 5, 65, 5, 5, 6, 4, 7, 1, 9, 1, 7, 6, 5, 8, 1, 6, 10, 3, 4, 3, 1, 1, 9, 3, 1, 9, 61, 3, 8, 9, 5, 1, 1, 3, 10, 2, 9, 7, 5, 8, 2, 1, 7, 66, 1, 5, 
181: 6, 1, 0, 0, 8, 0, 0, 0, 3, 0, 0, 0, 0, 2, 1, 2, 4, 0, 0, 1, 3, 8, 0, 9, 0, 10, 0, 0, 1, 0, 10, 0, 0, 10, 1, 9, 9, 63, 0, 8, 0, 2, 0, 6, 7, 4, 0, 8, 6, 3, 2, 10, 66, 3, 0, 7, 8, 0, 4, 2, 0, 0, 9, 7, 0, 5, 0, 1, 2, 0, 10, 0, 0, 0, 0, 5, 0, 0, 0, 0, 0, 0, 0, 8, 0, 1, 0, 6, 4, 7, 0, 6, 1, 0, 0, 4, 1, 0, 0, 6, : 6, 1, 8, 3, 2, 1, 2, 4, 1, 3, 8, 9, 10, 1, 10, 10, 1, 9, 9, 63, 8, 2, 6, 7, 4, 8, 6, 3, 2, 10, 66, 3, 7, 8, 4, 2, 9, 7, 5, 1, 2, 10, 5, 8, 1, 6, 4, 7, 6, 1, 4, 1, 6, 
86: 10, 0, 0, 0, 63, 0, 0, 0, 0, 0, 0, 67, 0, 0, 0, 1, 7, 10, 0, 0, 5, 4, 2, 2, 0, 4, 0, 0, 0, 10, 0, 6, 0, 8, 2, 1, 10, 0, 0, 10, 0, 9, 0, 0, 5, 3, 0, 0, 8, 0, 0, 3, 0, 1, 1, 8, 0, 0, 0, 2, 0, 0, 0, 0, 0, 0, 0, 10, 9, 0, 2, 0, 3, 9, 2, 2, 0, 5, 0, 0, 0, 1, 0, 3, 5, 2, 0, 4, 2, 10, 4, 0, 1, 0, 10, 4, 0, 1, 8, 3, : 10, 63, 67, 1, 7, 10, 5, 4, 2, 2, 4, 10, 6, 8, 2, 1, 10, 10, 9, 5, 3, 8, 3, 1, 1, 8, 2, 10, 9, 2, 3, 9, 2, 2, 5, 1, 3, 5, 2, 4, 2, 10, 4, 1, 10, 4, 1, 8, 3, 
23: 0, 0, 0, 2, 0, 0, 0, 0, 0, 0, 0, 2, 0, 0, 2, 7, 1, 7, 0, 7, 0, 2, 0, 0, 0, 0, 0, 1, 0, 9, 0, 1, 4, 8, 6, 0, 0, 0, 8, 4, 62, 0, 0, 0, 5, 4, 0, 8, 3, 0, 7, 7, 0, 8, 10, 3, 10, 65, 8, 0, 0, 65, 7, 6, 0, 6, 5, 3, 0, 0, 7, 0, 9, 3, 0, 9, 0, 0, 0, 5, 2, 0, 0, 9, 0, 2, 0, 1, 3, 0, 2, 0, 0, 0, 3, 0, 0, 0, 8, 6, : 2, 2, 2, 7, 1, 7, 7, 2, 1, 9, 1, 4, 8, 6, 8, 4, 62, 5, 4, 8, 3, 7, 7, 8, 10, 3, 10, 65, 8, 65, 7, 6, 6, 5, 3, 7, 9, 3, 9, 5, 2, 9, 2, 1, 3, 2, 3, 8, 6, 
189: 0, 0, 0, 3, 0, 0, 5, 0, 0, 0, 2, 0, 3, 6, 0, 6, 3, 0, 2, 10, 10, 9, 0, 5, 0, 6, 0, 67, 0, 3, 0, 3, 4, 0, 0, 0, 8, 0, 0, 6, 0, 1, 60, 0, 7, 10, 0, 0, 1, 0, 4, 3, 0, 10, 6, 3, 9, 0, 0, 0, 0, 0, 0, 10, 0, 4, 0, 9, 10, 0, 4, 2, 8, 0, 0, 0, 1, 0, 0, 0, 0, 0, 0, 10, 8, 7, 64, 9, 0, 4, 2, 0, 0, 1, 0, 6, 0, 0, 0, 0, : 3, 5, 2, 3, 6, 6, 3, 2, 10, 10, 9, 5, 6, 67, 3, 3, 4, 8, 6, 1, 60, 7, 10, 1, 4, 3, 10, 6, 3, 9, 10, 4, 9, 10, 4, 2, 8, 1, 10, 8, 7, 64, 9, 4, 2, 1, 6, 
72: 7, 10, 0, 4, 2, 0, 2, 0, 62, 0, 0, 0, 0, 7, 0, 4, 0, 0, 6, 8, 0, 0, 0, 5, 0, 5, 3, 0, 0, 9, 0, 0, 0, 5, 4, 0, 1, 0, 0, 7, 0, 6, 3, 60, 8, 5, 0, 2, 5, 0, 9, 10, 0, 0, 2, 6, 0, 0, 0, 8, 0, 2, 1, 0, 0, 7, 3, 8, 1, 0, 10, 0, 3, 8, 1, 1, 66, 0, 0, 0, 0, 0, 0, 2, 0, 10, 0, 1, 6, 4, 6, 1, 0, 0, 6, 0, 2, 6, 7, 0, : 7, 10, 4, 2, 2, 62, 7, 4, 6, 8, 5, 5, 3, 9, 5, 4, 1, 7, 6, 3, 60, 8, 5, 2, 5, 9, 10, 2, 6, 8, 2, 1, 7, 3, 8, 1, 10, 3, 8, 1, 1, 66, 2, 10, 1, 6, 4, 6, 1, 6, 2, 6, 7, 
55: 0, 0, 0, 0, 0, 0, 0, 0, 0, 0, 0, 0, 0, 3, 0, 1, 2, 7, 0, 0, 4, 7, 65, 0, 0, 0, 0, 0, 1, 1, 0, 9, 9, 7, 2, 5, 4, 0, 5, 1, 0, 4, 0, 0, 1, 0, 0, 10, 0, 0, 5, 1, 0, 8, 6, 9, 0, 0, 0, 7, 0, 0, 9, 0, 0, 0, 0, 5, 6, 0, 3, 5, 0, 5, 4, 7, 0, 0, 0, 0, 0, 0, 0, 0, 10, 2, 6, 8, 0, 0, 1, 1, 0, 0, 5, 10, 0, 0, 1, 0, : 3, 1, 2, 7, 4, 7, 65, 1, 1, 9, 9, 7, 2, 5, 4, 5, 1, 4, 1, 10, 5, 1, 8, 6, 9, 7, 9, 5, 6, 3, 5, 5, 4, 7, 10, 2, 6, 8, 1, 1, 5, 10, 1, 
130: 4, 0, 0, 0, 0, 0, 10, 65, 6, 7, 0, 0, 0, 8, 0, 6, 3, 0, 0, 0, 8, 0, 0, 10, 1, 8, 0, 0, 10, 1, 4, 0, 8, 9, 0, 0, 8, 0, 0, 1, 3, 8, 0, 8, 0, 1, 0, 0, 0, 0, 6, 1, 0, 0, 10, 8, 0, 3, 0, 1, 0, 0, 8, 0, 3, 9, 4, 1, 7, 0, 5, 4, 5, 0, 0, 3, 0, 2, 0, 0, 3, 0, 0, 4, 3, 7, 0, 8, 4, 4, 10, 0, 0, 0, 7, 1, 0, 0, 6, 9, : 4, 10, 65, 6, 7, 8, 6, 3, 8, 10, 1, 8, 10, 1, 4, 8, 9, 8, 1, 3, 8, 8, 1, 6, 1, 10, 8, 3, 1, 8, 3, 9, 4, 1, 7, 5, 4, 5, 3, 2, 3, 4, 3, 7, 8, 4, 4, 10, 7, 1, 6, 9, 
153: 3, 1, 0, 7, 2, 0, 6, 2, 0, 0, 0, 1, 8, 0, 0, 0, 2, 4, 0, 9, 1, 0, 0, 10, 0, 4, 66, 0, 2, 4, 10, 8, 7, 2, 6, 0, 9, 0, 0, 1, 3, 6, 3, 0, 0, 1, 0, 2, 9, 0, 9, 0, 0, 0, 2, 2, 10, 0, 0, 0, 0, 0, 0, 10, 0, 0, 0, 3, 5, 0, 10, 0, 3, 6, 0, 6, 1, 7, 0, 6, 0, 0, 0, 3, 0, 1, 0, 7, 2, 6, 1, 10, 0, 0, 0, 0, 64, 0, 2, 5, : 3, 1, 7, 2, 6, 2, 1, 8, 2, 4, 9, 1, 10, 4, 66, 2, 4, 10, 8, 7, 2, 6, 9, 1, 3, 6, 3, 1, 2, 9, 9, 2, 2, 10, 10, 3, 5, 10, 3, 6, 6, 1, 7, 6, 3, 1, 7, 2, 6, 1, 10, 64, 2, 5, 
36: 6, 0, 4, 0, 0, 0, 10, 0, 0, 0, 66, 8, 0, 2, 0, 1, 2, 0, 0, 10, 1, 0, 1, 5, 0, 4, 0, 0, 65, 10, 0, 4, 1, 6, 0, 0, 3, 0, 1, 0, 0, 7, 0, 0, 1, 2, 0, 9, 10, 0, 1, 0, 0, 9, 0, 3, 0, 7, 6, 3, 4, 0, 2, 3, 2, 8, 1, 5, 0, 2, 6, 0, 3, 9, 0, 0, 0, 0, 0, 0, 66, 8, 0, 1, 3, 2, 0, 0, 10, 6, 9, 0, 5, 0, 4, 9, 0, 1, 4, 2, : 6, 4, 10, 66, 8, 2, 1, 2, 10, 1, 1, 5, 4, 65, 10, 4, 1, 6, 3, 1, 7, 1, 2, 9, 10, 1, 9, 3, 7, 6, 3, 4, 2, 3, 2, 8, 1, 5, 2, 6, 3, 9, 66, 8, 1, 3, 2, 10, 6, 9, 5, 4, 9, 1, 4, 2, 
68: 6, 0, 0, 0, 0, 62, 4, 0, 0, 0, 0, 0, 0, 5, 0, 3, 8, 0, 4, 0, 10, 7, 0, 4, 0, 2, 0, 0, 0, 0, 3, 4, 5, 0, 6, 0, 2, 7, 0, 1, 1, 2, 0, 0, 0, 10, 0, 3, 10, 0, 4, 3, 0, 7, 3, 2, 4, 0, 0, 6, 0, 0, 1, 5, 2, 7, 0, 9, 6, 0, 1, 0, 9, 10, 0, 3, 0, 0, 0, 0, 0, 61, 8, 3, 7, 8, 6, 9, 1, 0, 10, 0, 0, 2, 9, 6, 0, 60, 2, 5, : 6, 62, 4, 5, 3, 8, 4, 10, 7, 4, 2, 3, 4, 5, 6, 2, 7, 1, 1, 2, 10, 3, 10, 4, 3, 7, 3, 2, 4, 6, 1, 5, 2, 7, 9, 6, 1, 9, 10, 3, 61, 8, 3, 7, 8, 6, 9, 1, 10, 2, 9, 6, 60, 2, 5, 
188: 1, 0, 0, 0, 0, 10, 8, 3, 0, 0, 0, 0, 0, 1, 0, 0, 6, 10, 3, 5, 4, 2, 0, 1, 2, 3, 0, 0, 0, 0, 4, 4, 6, 1, 7, 0, 0, 7, 0, 2, 4, 2, 0, 1, 1, 6, 0, 0, 0, 3, 5, 1, 0, 0, 1, 9, 3, 0, 0, 8, 6, 0, 4, 1, 0, 0, 0, 4, 5, 0, 0, 0, 0, 0, 0, 2, 0, 60, 2, 0, 0, 8, 2, 9, 3, 3, 0, 3, 8, 0, 3, 10, 0, 0, 0, 9, 0, 0, 5, 7, : 1, 10, 8, 3, 1, 6, 10, 3, 5, 4, 2, 1, 2, 3, 4, 4, 6, 1, 7, 7, 2, 4, 2, 1, 1, 6, 3, 5, 1, 1, 9, 3, 8, 6, 4, 1, 4, 5, 2, 60, 2, 8, 2, 9, 3, 3, 3, 8, 3, 10, 9, 5, 7, 
97: 8, 0, 62, 2, 0, 0, 3, 1, 0, 1, 1, 0, 0, 9, 0, 6, 10, 10, 0, 0, 1, 0, 0, 0, 0, 6, 0, 3, 0, 0, 2, 3, 1, 7, 10, 0, 9, 0, 0, 0, 0, 2, 0, 0, 4, 5, 0, 0, 4, 0, 4, 3, 1, 4, 4, 1, 0, 1, 0, 7, 0, 0, 3, 7, 0, 3, 0, 2, 1, 0, 1, 0, 8, 3, 0, 6, 0, 0, 63, 0, 0, 1, 0, 1, 4, 6, 1, 0, 4, 0, 10, 7, 2, 4, 0, 5, 0, 3, 0, 4, : 8, 62, 2, 3, 1, 1, 1, 9, 6, 10, 10, 1, 6, 3, 2, 3, 1, 7, 10, 9, 2, 4, 5, 4, 4, 3, 1, 4, 4, 1, 1, 7, 3, 7, 3, 2, 1, 1, 8, 3, 6, 63, 1, 1, 4, 6, 1, 4, 10, 7, 2, 4, 5, 3, 4, 


60: 2, 5, 0, 0, 0, 10, 0, 1, 0, 3, 0, 0, 3, 0, 65, 0, 0, 0, 8, 0, 10, 5, 4, 6, 0, 1, 0, 0, 0, 0, 0, 0, 5, 5, 0, 7, 1, 9, 1, 0, 0, 0, 3, 5, 9, 0, 7, 0, 0, 5, 0, 0, 1, 0, 0, 0, 6, 3, 0, 64, 0, 7, 65, 0, 9, 0, 6, 0, 0, 3, 1, 5, 0, 0, 0, 5, 60, 0, 0, 69, 3, 9, 0, 2, 9, 6, 0, 9, 6, 0, 0, 0, 0, 9, 5, 0, 4, 0, 6, 5, : 2, 5, 10, 1, 3, 3, 65, 8, 10, 5, 4, 6, 1, 5, 5, 7, 1, 9, 1, 3, 5, 9, 7, 5, 1, 6, 3, 64, 7, 65, 9, 6, 3, 1, 5, 5, 60, 69, 3, 9, 2, 9, 6, 9, 6, 9, 5, 4, 6, 5, 
6: 3, 1, 0, 0, 0, 0, 0, 0, 0, 0, 0, 0, 0, 0, 0, 0, 0, 0, 0, 0, 4, 8, 1, 0, 60, 0, 0, 0, 0, 0, 0, 0, 7, 0, 0, 0, 3, 6, 8, 0, 8, 4, 3, 3, 0, 0, 2, 0, 0, 1, 2, 0, 0, 70, 0, 0, 0, 0, 2, 0, 0, 9, 0, 0, 0, 0, 6, 0, 0, 0, 1, 4, 4, 0, 0, 10, 0, 2, 0, 0, 9, 4, 1, 0, 8, 8, 3, 10, 8, 0, 0, 0, 0, 3, 9, 0, 8, 0, 1, 5, : 3, 1, 4, 8, 1, 60, 7, 3, 6, 8, 8, 4, 3, 3, 2, 1, 2, 70, 2, 9, 6, 1, 4, 4, 10, 2, 9, 4, 1, 8, 8, 3, 10, 8, 3, 9, 8, 1, 5, 
69: 9, 4, 0, 2, 0, 5, 0, 2, 4, 4, 1, 10, 1, 0, 0, 0, 0, 0, 10, 0, 10, 9, 3, 0, 0, 0, 0, 0, 0, 0, 65, 0, 0, 3, 4, 0, 3, 2, 3, 0, 0, 0, 5, 0, 0, 2, 0, 0, 0, 1, 1, 67, 0, 2, 5, 0, 0, 0, 2, 0, 0, 0, 0, 0, 8, 0, 0, 61, 0, 4, 7, 9, 6, 0, 0, 0, 0, 69, 1, 0, 10, 1, 0, 65, 10, 5, 60, 0, 0, 0, 0, 0, 0, 9, 0, 0, 0, 0, 10, 3, : 9, 4, 2, 5, 2, 4, 4, 1, 10, 1, 10, 10, 9, 3, 65, 3, 4, 3, 2, 3, 5, 2, 1, 1, 67, 2, 5, 2, 8, 61, 4, 7, 9, 6, 69, 1, 10, 1, 65, 10, 5, 60, 9, 10, 3, 
158: 1, 0, 0, 0, 0, 4, 0, 10, 0, 0, 0, 0, 7, 0, 0, 0, 2, 0, 0, 0, 1, 0, 10, 0, 0, 0, 0, 2, 3, 0, 7, 0, 0, 0, 65, 0, 0, 10, 0, 0, 0, 0, 3, 6, 0, 1, 3, 0, 0, 7, 2, 0, 2, 0, 0, 0, 0, 10, 7, 3, 0, 3, 0, 0, 2, 0, 6, 0, 0, 2, 8, 3, 2, 9, 0, 0, 0, 0, 0, 0, 0, 6, 1, 0, 0, 1, 0, 8, 5, 6, 0, 8, 0, 5, 5, 0, 7, 0, 8, 1, : 1, 4, 10, 7, 2, 1, 10, 2, 3, 7, 65, 10, 3, 6, 1, 3, 7, 2, 2, 10, 7, 3, 3, 2, 6, 2, 8, 3, 2, 9, 6, 1, 1, 8, 5, 6, 8, 5, 5, 7, 8, 1, 
113: 10, 7, 3, 0, 8, 1, 0, 7, 0, 3, 0, 60, 7, 0, 0, 0, 0, 1, 5, 70, 5, 0, 0, 0, 3, 3, 1, 0, 8, 2, 0, 0, 8, 0, 0, 8, 10, 0, 1, 10, 0, 0, 9, 10, 2, 0, 0, 0, 0, 6, 5, 9, 7, 4, 0, 0, 0, 3, 6, 0, 2, 0, 0, 0, 6, 2, 4, 4, 8, 7, 3, 9, 9, 0, 0, 10, 0, 0, 3, 0, 3, 1, 0, 0, 0, 6, 0, 1, 6, 0, 0, 0, 70, 3, 9, 0, 0, 0, 0, 8, : 10, 7, 3, 8, 1, 7, 3, 60, 7, 1, 5, 70, 5, 3, 3, 1, 8, 2, 8, 8, 10, 1, 10, 9, 10, 2, 6, 5, 9, 7, 4, 3, 6, 2, 6, 2, 4, 4, 8, 7, 3, 9, 9, 10, 3, 3, 1, 6, 1, 6, 70, 3, 9, 8, 
56: 8, 8, 0, 0, 2, 1, 70, 3, 3, 10, 0, 0, 8, 67, 0, 0, 3, 0, 6, 0, 0, 3, 0, 1, 0, 0, 10, 0, 0, 1, 0, 69, 3, 0, 0, 0, 9, 2, 5, 0, 2, 1, 0, 0, 3, 0, 4, 0, 0, 10, 0, 0, 2, 0, 0, 0, 0, 5, 0, 0, 0, 2, 7, 64, 4, 0, 0, 10, 1, 5, 9, 0, 1, 0, 0, 1, 0, 0, 2, 0, 0, 5, 0, 0, 0, 8, 1, 2, 2, 0, 0, 0, 0, 0, 3, 1, 5, 0, 7, 10, : 8, 8, 2, 1, 70, 3, 3, 10, 8, 67, 3, 6, 3, 1, 10, 1, 69, 3, 9, 2, 5, 2, 1, 3, 4, 10, 2, 5, 2, 7, 64, 4, 10, 1, 5, 9, 1, 1, 2, 5, 8, 1, 2, 2, 3, 1, 5, 7, 10, 
88: 1, 0, 4, 0, 0, 9, 1, 5, 0, 6, 0, 0, 7, 1, 0, 0, 0, 2, 0, 0, 7, 10, 1, 1, 1, 3, 1, 0, 1, 0, 0, 0, 7, 0, 2, 10, 3, 6, 6, 4, 61, 0, 4, 1, 0, 0, 5, 0, 0, 10, 4, 0, 9, 0, 0, 0, 6, 2, 3, 4, 0, 8, 2, 0, 7, 0, 3, 1, 0, 6, 1, 0, 2, 0, 0, 0, 0, 0, 0, 0, 3, 1, 0, 3, 2, 6, 0, 7, 8, 0, 1, 2, 0, 0, 4, 0, 1, 10, 0, 3, : 1, 4, 9, 1, 5, 6, 7, 1, 2, 7, 10, 1, 1, 1, 3, 1, 1, 7, 2, 10, 3, 6, 6, 4, 61, 4, 1, 5, 10, 4, 9, 6, 2, 3, 4, 8, 2, 7, 3, 1, 6, 1, 2, 3, 1, 3, 2, 6, 7, 8, 1, 2, 4, 1, 10, 3, 
96: 2, 6, 0, 70, 0, 8, 0, 4, 0, 4, 0, 0, 6, 0, 0, 0, 0, 8, 0, 2, 9, 9, 10, 0, 7, 0, 0, 0, 9, 0, 1, 0, 7, 0, 0, 6, 0, 1, 4, 0, 0, 0, 0, 4, 0, 0, 5, 8, 1, 1, 8, 0, 9, 0, 0, 65, 61, 4, 0, 0, 0, 6, 0, 0, 5, 0, 7, 0, 0, 8, 0, 5, 5, 0, 0, 7, 0, 0, 0, 0, 0, 0, 0, 0, 0, 1, 6, 0, 9, 0, 1, 0, 0, 7, 0, 64, 10, 0, 2, 1, : 2, 6, 70, 8, 4, 4, 6, 8, 2, 9, 9, 10, 7, 9, 1, 7, 6, 1, 4, 4, 5, 8, 1, 1, 8, 9, 65, 61, 4, 6, 5, 7, 8, 5, 5, 7, 1, 6, 9, 1, 7, 64, 10, 2, 1, 
35: 5, 0, 0, 0, 0, 1, 0, 0, 0, 1, 0, 0, 0, 0, 0, 0, 0, 0, 5, 0, 1, 0, 5, 0, 0, 5, 1, 64, 0, 0, 0, 0, 3, 0, 0, 0, 3, 0, 2, 1, 7, 61, 4, 9, 0, 0, 10, 0, 0, 1, 8, 1, 7, 0, 0, 0, 0, 5, 5, 1, 0, 5, 1, 0, 2, 6, 0, 0, 0, 2, 7, 9, 7, 0, 0, 3, 0, 0, 3, 0, 7, 2, 2, 2, 4, 1, 7, 2, 3, 5, 7, 0, 0, 6, 3, 0, 1, 0, 3, 1, : 5, 1, 1, 5, 1, 5, 5, 1, 64, 3, 3, 2, 1, 7, 61, 4, 9, 10, 1, 8, 1, 7, 5, 5, 1, 5, 1, 2, 6, 2, 7, 9, 7, 3, 3, 7, 2, 2, 2, 4, 1, 7, 2, 3, 5, 7, 6, 3, 1, 3, 1, 
110: 3, 6, 0, 0, 0, 0, 0, 5, 0, 5, 0, 0, 7, 0, 0, 0, 0, 0, 6, 0, 6, 0, 5, 0, 0, 0, 0, 10, 4, 0, 0, 0, 8, 4, 0, 10, 6, 2, 9, 0, 0, 7, 3, 3, 0, 1, 6, 0, 0, 2, 4, 0, 6, 0, 0, 0, 0, 4, 0, 0, 4, 1, 3, 2, 0, 1, 9, 0, 0, 5, 6, 2, 0, 0, 0, 8, 0, 0, 0, 0, 8, 2, 0, 0, 9, 6, 0, 2, 1, 0, 0, 0, 0, 8, 3, 5, 8, 0, 10, 6, : 3, 6, 5, 5, 7, 6, 6, 5, 10, 4, 8, 4, 10, 6, 2, 9, 7, 3, 3, 1, 6, 2, 4, 6, 4, 4, 1, 3, 2, 1, 9, 5, 6, 2, 8, 8, 2, 9, 6, 2, 1, 8, 3, 5, 8, 10, 6, 
20: 3, 5, 0, 1, 0, 8, 0, 4, 0, 9, 0, 0, 0, 0, 0, 0, 0, 6, 0, 0, 0, 0, 8, 9, 0, 6, 0, 0, 0, 0, 0, 2, 0, 0, 0, 8, 0, 4, 1, 0, 0, 0, 3, 9, 0, 0, 0, 70, 2, 8, 7, 0, 10, 0, 5, 0, 2, 1, 6, 3, 7, 3, 0, 3, 10, 0, 0, 0, 0, 0, 1, 10, 0, 0, 1, 9, 0, 0, 0, 1, 4, 10, 70, 0, 10, 4, 2, 5, 1, 0, 0, 0, 0, 6, 6, 10, 9, 0, 0, 6, : 3, 5, 1, 8, 4, 9, 6, 8, 9, 6, 2, 8, 4, 1, 3, 9, 70, 2, 8, 7, 10, 5, 2, 1, 6, 3, 7, 3, 3, 10, 1, 10, 1, 9, 1, 4, 10, 70, 10, 4, 2, 5, 1, 6, 6, 10, 9, 6, 
29: 4, 5, 0, 0, 0, 1, 0, 4, 4, 1, 0, 0, 0, 0, 9, 70, 1, 0, 0, 0, 3, 8, 4, 0, 0, 8, 65, 0, 6, 0, 0, 5, 5, 2, 0, 10, 0, 1, 1, 0, 2, 0, 9, 1, 6, 1, 4, 0, 3, 1, 2, 3, 6, 4, 0, 3, 0, 9, 0, 0, 0, 9, 1, 7, 6, 0, 0, 0, 0, 1, 0, 0, 1, 0, 0, 0, 0, 0, 0, 0, 0, 3, 6, 1, 8, 1, 0, 0, 0, 0, 63, 0, 0, 0, 5, 0, 0, 0, 1, 6, : 4, 5, 1, 4, 4, 1, 9, 70, 1, 3, 8, 4, 8, 65, 6, 5, 5, 2, 10, 1, 1, 2, 9, 1, 6, 1, 4, 3, 1, 2, 3, 6, 4, 3, 9, 9, 1, 7, 6, 1, 1, 3, 6, 1, 8, 1, 63, 5, 1, 6, 
37: 2, 3, 0, 0, 0, 10, 9, 6, 1, 7, 0, 0, 4, 5, 0, 0, 67, 0, 8, 0, 2, 0, 6, 1, 0, 10, 0, 0, 6, 0, 0, 0, 9, 0, 0, 0, 9, 1, 5, 0, 0, 1, 0, 4, 0, 0, 3, 0, 0, 4, 2, 0, 7, 0, 68, 0, 0, 6, 9, 0, 0, 6, 0, 1, 0, 0, 4, 0, 0, 9, 1, 0, 3, 68, 0, 0, 5, 0, 66, 0, 8, 0, 0, 0, 4, 1, 0, 10, 0, 0, 0, 0, 0, 6, 9, 0, 9, 9, 0, 2, : 2, 3, 10, 9, 6, 1, 7, 4, 5, 67, 8, 2, 6, 1, 10, 6, 9, 9, 1, 5, 1, 4, 3, 4, 2, 7, 68, 6, 9, 6, 1, 4, 9, 1, 3, 68, 5, 66, 8, 4, 1, 10, 6, 9, 9, 9, 2, 
3: 1, 2, 0, 6, 10, 9, 0, 0, 0, 9, 0, 2, 8, 0, 0, 0, 0, 63, 4, 8, 2, 0, 10, 0, 9, 6, 2, 2, 7, 7, 2, 0, 7, 0, 0, 5, 0, 7, 5, 0, 0, 0, 10, 0, 0, 1, 9, 0, 0, 0, 6, 0, 0, 0, 1, 0, 0, 5, 10, 3, 0, 0, 1, 0, 9, 61, 5, 2, 0, 4, 1, 7, 7, 0, 0, 5, 3, 0, 0, 10, 0, 8, 0, 0, 0, 7, 0, 2, 7, 6, 0, 2, 0, 4, 8, 0, 7, 0, 0, 0, : 1, 2, 6, 10, 9, 9, 2, 8, 63, 4, 8, 2, 10, 9, 6, 2, 2, 7, 7, 2, 7, 5, 7, 5, 10, 1, 9, 6, 1, 5, 10, 3, 1, 9, 61, 5, 2, 4, 1, 7, 7, 5, 3, 10, 8, 7, 2, 7, 6, 2, 4, 8, 7, 
11: 4, 10, 0, 0, 0, 0, 0, 3, 0, 0, 2, 0, 1, 0, 0, 0, 0, 0, 7, 0, 4, 9, 7, 0, 0, 10, 0, 0, 9, 70, 1, 0, 0, 1, 1, 5, 0, 2, 0, 62, 0, 0, 8, 8, 0, 0, 4, 0, 0, 6, 7, 0, 3, 0, 1, 0, 0, 1, 9, 0, 62, 0, 0, 0, 1, 0, 1, 0, 0, 3, 4, 0, 4, 0, 1, 0, 8, 0, 0, 0, 0, 9, 0, 1, 7, 1, 0, 3, 0, 0, 0, 68, 0, 2, 5, 0, 3, 0, 5, 1, : 4, 10, 3, 2, 1, 7, 4, 9, 7, 10, 9, 70, 1, 1, 1, 5, 2, 62, 8, 8, 4, 6, 7, 3, 1, 1, 9, 62, 1, 1, 3, 4, 4, 1, 8, 9, 1, 7, 1, 3, 68, 2, 5, 3, 5, 1, 
118: 8, 7, 0, 0, 0, 3, 0, 8, 68, 0, 0, 5, 0, 0, 0, 0, 0, 0, 4, 0, 0, 3, 0, 61, 0, 5, 0, 2, 7, 0, 2, 0, 0, 0, 0, 0, 4, 7, 9, 0, 0, 0, 0, 7, 0, 0, 1, 1, 0, 7, 8, 0, 5, 0, 0, 0, 0, 1, 4, 0, 0, 10, 0, 0, 0, 4, 0, 0, 1, 3, 7, 5, 4, 3, 0, 1, 4, 0, 0, 0, 5, 9, 0, 0, 0, 2, 0, 10, 8, 0, 0, 0, 9, 10, 0, 0, 2, 0, 0, 9, : 8, 7, 3, 8, 68, 5, 4, 3, 61, 5, 2, 7, 2, 4, 7, 9, 7, 1, 1, 7, 8, 5, 1, 4, 10, 4, 1, 3, 7, 5, 4, 3, 1, 4, 5, 9, 2, 10, 8, 9, 10, 2, 9, 
95: 9, 8, 3, 0, 0, 4, 0, 1, 0, 6, 1, 0, 9, 0, 0, 0, 0, 0, 5, 0, 5, 4, 1, 1, 0, 6, 0, 0, 9, 0, 0, 0, 5, 0, 0, 9, 9, 8, 9, 0, 0, 4, 0, 7, 0, 67, 10, 1, 6, 1, 6, 0, 0, 0, 0, 0, 3, 10, 6, 0, 0, 3, 0, 3, 4, 0, 6, 0, 9, 4, 9, 1, 7, 0, 0, 8, 0, 9, 0, 0, 4, 0, 0, 6, 9, 8, 1, 4, 6, 0, 0, 0, 0, 0, 1, 0, 0, 0, 9, 5, : 9, 8, 3, 4, 1, 6, 1, 9, 5, 5, 4, 1, 1, 6, 9, 5, 9, 9, 8, 9, 4, 7, 67, 10, 1, 6, 1, 6, 3, 10, 6, 3, 3, 4, 6, 9, 4, 9, 1, 7, 8, 9, 4, 6, 9, 8, 1, 4, 6, 1, 9, 5, 
135: 0, 0, 0, 1, 60, 0, 0, 6, 0, 0, 0, 0, 0, 0, 0, 10, 7, 0, 5, 0, 8, 9, 1, 0, 0, 0, 0, 0, 3, 0, 0, 0, 3, 0, 8, 2, 5, 4, 4, 1, 0, 2, 7, 2, 0, 2, 5, 0, 0, 3, 6, 0, 4, 0, 0, 0, 0, 7, 0, 0, 5, 2, 0, 0, 0, 0, 5, 0, 61, 6, 10, 5, 6, 0, 68, 3, 0, 0, 3, 0, 10, 7, 0, 0, 0, 1, 0, 0, 0, 0, 0, 0, 0, 1, 1, 0, 0, 61, 0, 2, : 1, 60, 6, 10, 7, 5, 8, 9, 1, 3, 3, 8, 2, 5, 4, 4, 1, 2, 7, 2, 2, 5, 3, 6, 4, 7, 5, 2, 5, 61, 6, 10, 5, 6, 68, 3, 3, 10, 7, 1, 1, 1, 61, 2, 
75: 1, 3, 1, 0, 0, 3, 0, 6, 0, 3, 8, 3, 8, 7, 0, 0, 0, 0, 7, 0, 2, 3, 2, 0, 0, 10, 0, 0, 4, 0, 0, 4, 2, 0, 0, 0, 5, 8, 7, 1, 0, 0, 9, 0, 0, 5, 0, 0, 0, 4, 0, 0, 0, 0, 0, 6, 2, 0, 9, 0, 0, 6, 0, 0, 2, 6, 9, 2, 0, 3, 3, 0, 2, 0, 10, 10, 0, 0, 0, 0, 0, 0, 0, 0, 0, 6, 0, 5, 8, 0, 8, 0, 0, 0, 2, 0, 6, 0, 9, 0, : 1, 3, 1, 3, 6, 3, 8, 3, 8, 7, 7, 2, 3, 2, 10, 4, 4, 2, 5, 8, 7, 1, 9, 5, 4, 6, 2, 9, 6, 2, 6, 9, 2, 3, 3, 2, 10, 10, 6, 5, 8, 8, 2, 6, 9, 
76: 4, 0, 69, 0, 0, 3, 0, 5, 0, 9, 68, 0, 4, 0, 6, 0, 0, 0, 0, 0, 1, 0, 2, 0, 0, 7, 0, 0, 4, 0, 2, 0, 1, 65, 0, 0, 10, 0, 0, 1, 0, 0, 0, 1, 60, 0, 2, 0, 68, 2, 2, 0, 2, 0, 0, 6, 0, 4, 2, 2, 0, 0, 0, 0, 5, 0, 9, 0, 0, 5, 1, 6, 10, 0, 0, 0, 0, 0, 2, 0, 6, 3, 0, 0, 0, 1, 0, 0, 2, 63, 0, 0, 1, 1, 2, 0, 0, 0, 9, 6, : 4, 69, 3, 5, 9, 68, 4, 6, 1, 2, 7, 4, 2, 1, 65, 10, 1, 1, 60, 2, 68, 2, 2, 2, 6, 4, 2, 2, 5, 9, 5, 1, 6, 10, 2, 6, 3, 1, 2, 63, 1, 1, 2, 9, 6, 


52: 9, 0, 4, 0, 10, 1, 0, 0, 7, 0, 1, 0, 4, 0, 1, 0, 3, 10, 0, 0, 7, 0, 0, 0, 0, 2, 0, 0, 0, 0, 0, 0, 0, 0, 0, 0, 2, 0, 69, 0, 10, 0, 8, 0, 8, 0, 10, 0, 0, 0, 0, 5, 3, 0, 0, 4, 0, 0, 7, 1, 67, 0, 8, 0, 0, 3, 63, 0, 3, 0, 5, 0, 0, 2, 0, 3, 6, 8, 0, 1, 4, 0, 0, 0, 7, 0, 2, 1, 0, 9, 0, 67, 0, 0, 0, 5, 0, 8, 0, 65, : 9, 4, 10, 1, 7, 1, 4, 1, 3, 10, 7, 2, 2, 69, 10, 8, 8, 10, 5, 3, 4, 7, 1, 67, 8, 3, 63, 3, 5, 2, 3, 6, 8, 1, 4, 7, 2, 1, 9, 67, 5, 8, 65, 
47: 10, 1, 1, 0, 1, 0, 6, 1, 0, 1, 1, 0, 4, 0, 2, 7, 1, 60, 0, 0, 0, 0, 10, 10, 2, 0, 0, 9, 0, 0, 0, 2, 1, 60, 0, 0, 6, 4, 0, 8, 8, 9, 0, 3, 0, 0, 0, 6, 0, 0, 63, 1, 9, 9, 0, 8, 0, 2, 2, 0, 0, 7, 3, 0, 5, 0, 0, 9, 6, 0, 3, 0, 8, 60, 1, 4, 0, 10, 10, 3, 5, 0, 6, 0, 7, 0, 9, 0, 9, 0, 62, 0, 0, 5, 4, 0, 0, 4, 4, 0, : 10, 1, 1, 1, 6, 1, 1, 1, 4, 2, 7, 1, 60, 10, 10, 2, 9, 2, 1, 60, 6, 4, 8, 8, 9, 3, 6, 63, 1, 9, 9, 8, 2, 2, 7, 3, 5, 9, 6, 3, 8, 60, 1, 4, 10, 10, 3, 5, 6, 7, 9, 9, 62, 5, 4, 4, 4, 
132: 0, 6, 0, 0, 2, 0, 9, 3, 7, 0, 9, 0, 8, 0, 1, 1, 0, 0, 0, 6, 0, 1, 3, 60, 1, 0, 7, 10, 69, 0, 0, 2, 0, 7, 0, 0, 5, 4, 0, 0, 4, 0, 0, 0, 0, 0, 2, 0, 0, 0, 0, 3, 0, 10, 0, 4, 0, 0, 1, 0, 0, 5, 4, 1, 5, 0, 0, 4, 0, 0, 2, 0, 0, 0, 3, 4, 0, 1, 6, 0, 0, 0, 0, 0, 1, 1, 2, 0, 0, 1, 1, 0, 0, 8, 61, 61, 0, 3, 4, 0, : 6, 2, 9, 3, 7, 9, 8, 1, 1, 6, 1, 3, 60, 1, 7, 10, 69, 2, 7, 5, 4, 4, 2, 3, 10, 4, 1, 5, 4, 1, 5, 4, 2, 3, 4, 1, 6, 1, 1, 2, 1, 1, 8, 61, 61, 3, 4, 
155: 0, 1, 0, 3, 3, 0, 0, 0, 6, 0, 0, 0, 9, 0, 4, 6, 5, 0, 0, 10, 9, 2, 7, 0, 0, 0, 2, 0, 0, 65, 5, 3, 9, 0, 0, 0, 10, 6, 0, 9, 10, 6, 1, 69, 0, 5, 0, 1, 10, 0, 0, 8, 0, 6, 0, 2, 0, 0, 9, 0, 0, 6, 8, 1, 10, 62, 0, 0, 7, 1, 0, 0, 0, 0, 1, 10, 0, 0, 3, 0, 0, 0, 0, 0, 3, 0, 2, 0, 10, 9, 0, 0, 4, 0, 0, 7, 0, 6, 1, 0, : 1, 3, 3, 6, 9, 4, 6, 5, 10, 9, 2, 7, 2, 65, 5, 3, 9, 10, 6, 9, 10, 6, 1, 69, 5, 1, 10, 8, 6, 2, 9, 6, 8, 1, 10, 62, 7, 1, 1, 10, 3, 3, 2, 10, 9, 4, 7, 6, 1, 
176: 2, 1, 0, 0, 1, 0, 10, 10, 10, 0, 9, 0, 1, 0, 5, 0, 10, 0, 0, 10, 1, 0, 9, 0, 0, 61, 3, 0, 0, 0, 0, 0, 0, 0, 1, 0, 7, 6, 0, 1, 6, 0, 4, 2, 0, 5, 0, 0, 0, 3, 0, 2, 0, 1, 0, 1, 0, 1, 2, 68, 0, 4, 0, 1, 3, 0, 3, 7, 8, 0, 0, 0, 0, 0, 0, 3, 0, 7, 9, 7, 7, 0, 4, 0, 2, 8, 0, 0, 2, 2, 0, 0, 0, 0, 0, 0, 0, 9, 8, 0, : 2, 1, 1, 10, 10, 10, 9, 1, 5, 10, 10, 1, 9, 61, 3, 1, 7, 6, 1, 6, 4, 2, 5, 3, 2, 1, 1, 1, 2, 68, 4, 1, 3, 3, 7, 8, 3, 7, 9, 7, 7, 4, 2, 8, 2, 2, 9, 8, 
74: 2, 0, 0, 9, 1, 4, 7, 8, 6, 6, 8, 0, 3, 6, 9, 4, 0, 0, 0, 0, 10, 0, 5, 0, 0, 0, 2, 7, 0, 0, 0, 2, 3, 0, 0, 0, 6, 9, 0, 0, 4, 0, 4, 0, 0, 5, 0, 0, 0, 0, 3, 6, 8, 0, 0, 0, 0, 2, 4, 0, 3, 9, 6, 0, 10, 0, 0, 10, 0, 0, 0, 0, 0, 0, 7, 0, 0, 0, 5, 0, 0, 0, 0, 7, 0, 2, 10, 4, 0, 0, 0, 9, 2, 0, 0, 0, 0, 0, 1, 0, : 2, 9, 1, 4, 7, 8, 6, 6, 8, 3, 6, 9, 4, 10, 5, 2, 7, 2, 3, 6, 9, 4, 4, 5, 3, 6, 8, 2, 4, 3, 9, 6, 10, 10, 7, 5, 7, 2, 10, 4, 9, 2, 1, 
66: 0, 2, 0, 6, 9, 67, 7, 6, 4, 2, 0, 0, 2, 0, 1, 0, 1, 0, 2, 1, 2, 0, 0, 8, 0, 0, 2, 1, 0, 0, 0, 6, 0, 0, 5, 0, 0, 0, 0, 0, 2, 7, 0, 0, 2, 5, 0, 4, 0, 1, 3, 0, 0, 1, 5, 6, 62, 0, 1, 0, 0, 0, 6, 0, 7, 2, 0, 0, 0, 0, 0, 0, 0, 7, 0, 1, 0, 9, 3, 66, 0, 64, 0, 0, 8, 3, 0, 1, 6, 7, 6, 0, 0, 0, 0, 0, 0, 6, 2, 0, : 2, 6, 9, 67, 7, 6, 4, 2, 2, 1, 1, 2, 1, 2, 8, 2, 1, 6, 5, 2, 7, 2, 5, 4, 1, 3, 1, 5, 6, 62, 1, 6, 7, 2, 7, 1, 9, 3, 66, 64, 8, 3, 1, 6, 7, 6, 6, 2, 
53: 9, 2, 0, 7, 5, 0, 8, 0, 1, 0, 8, 0, 8, 0, 10, 0, 8, 1, 0, 2, 3, 5, 6, 1, 4, 0, 0, 0, 0, 0, 0, 4, 0, 0, 9, 0, 5, 7, 0, 5, 9, 2, 0, 0, 0, 8, 0, 0, 0, 0, 8, 6, 0, 9, 0, 3, 0, 0, 8, 4, 0, 10, 0, 0, 4, 5, 2, 7, 8, 0, 0, 0, 0, 5, 0, 1, 0, 1, 1, 0, 4, 0, 0, 0, 4, 0, 0, 0, 10, 0, 0, 1, 0, 0, 0, 0, 0, 0, 2, 0, : 9, 2, 7, 5, 8, 1, 8, 8, 10, 8, 1, 2, 3, 5, 6, 1, 4, 4, 9, 5, 7, 5, 9, 2, 8, 8, 6, 9, 3, 8, 4, 10, 4, 5, 2, 7, 8, 5, 1, 1, 1, 4, 4, 10, 1, 2, 
182: 6, 0, 0, 7, 7, 7, 4, 5, 4, 69, 1, 64, 1, 0, 5, 9, 0, 0, 0, 9, 8, 0, 3, 0, 3, 0, 60, 0, 0, 0, 0, 4, 0, 0, 0, 0, 8, 7, 0, 8, 0, 3, 0, 0, 0, 9, 4, 0, 0, 1, 0, 3, 0, 8, 0, 4, 0, 3, 9, 0, 2, 5, 2, 0, 1, 1, 5, 10, 5, 0, 6, 0, 7, 0, 0, 4, 0, 9, 0, 0, 4, 0, 61, 3, 7, 0, 9, 0, 0, 4, 0, 0, 1, 0, 0, 2, 5, 2, 4, 0, : 6, 7, 7, 7, 4, 5, 4, 69, 1, 64, 1, 5, 9, 9, 8, 3, 3, 60, 4, 8, 7, 8, 3, 9, 4, 1, 3, 8, 4, 3, 9, 2, 5, 2, 1, 1, 5, 10, 5, 6, 7, 4, 9, 4, 61, 3, 7, 9, 4, 1, 2, 5, 2, 4, 
175: 7, 7, 10, 5, 7, 0, 0, 10, 4, 0, 10, 6, 0, 2, 1, 0, 9, 0, 5, 0, 0, 0, 1, 0, 0, 0, 0, 7, 0, 0, 9, 8, 0, 0, 0, 68, 1, 2, 0, 10, 4, 3, 0, 0, 4, 7, 0, 66, 0, 0, 0, 4, 8, 0, 0, 8, 0, 0, 1, 0, 0, 10, 9, 0, 10, 0, 0, 0, 0, 0, 0, 0, 1, 0, 0, 3, 0, 1, 7, 0, 9, 2, 0, 0, 4, 0, 0, 0, 10, 8, 0, 0, 0, 62, 0, 1, 2, 6, 4, 0, : 7, 7, 10, 5, 7, 10, 4, 10, 6, 2, 1, 9, 5, 1, 7, 9, 8, 68, 1, 2, 10, 4, 3, 4, 7, 66, 4, 8, 8, 1, 10, 9, 10, 1, 3, 1, 7, 9, 2, 4, 10, 8, 62, 1, 2, 6, 4, 
19: 6, 1, 0, 2, 4, 0, 7, 0, 2, 0, 3, 0, 5, 0, 9, 0, 4, 1, 0, 8, 0, 67, 0, 0, 0, 0, 0, 2, 0, 0, 0, 9, 0, 0, 63, 0, 4, 8, 5, 5, 0, 8, 0, 0, 64, 0, 0, 0, 0, 5, 0, 2, 0, 9, 0, 8, 4, 63, 6, 0, 0, 10, 0, 63, 0, 0, 0, 6, 7, 0, 7, 7, 0, 0, 0, 9, 0, 6, 0, 0, 8, 0, 2, 0, 10, 0, 1, 0, 1, 9, 0, 1, 0, 0, 7, 0, 64, 0, 0, 8, : 6, 1, 2, 4, 7, 2, 3, 5, 9, 4, 1, 8, 67, 2, 9, 63, 4, 8, 5, 5, 8, 64, 5, 2, 9, 8, 4, 63, 6, 10, 63, 6, 7, 7, 7, 9, 6, 8, 2, 10, 1, 1, 9, 1, 7, 64, 8, 
12: 6, 8, 61, 0, 1, 0, 8, 7, 9, 0, 10, 0, 8, 0, 2, 5, 9, 0, 0, 7, 1, 0, 5, 0, 0, 0, 0, 0, 0, 0, 0, 10, 0, 0, 0, 0, 4, 5, 0, 0, 7, 2, 0, 0, 0, 3, 0, 0, 0, 0, 0, 4, 0, 1, 5, 5, 0, 1, 3, 0, 0, 0, 1, 0, 2, 0, 0, 0, 7, 0, 7, 1, 0, 0, 6, 0, 69, 1, 3, 0, 10, 0, 0, 0, 1, 65, 5, 5, 0, 4, 0, 0, 0, 1, 0, 0, 0, 1, 2, 0, : 6, 8, 61, 1, 8, 7, 9, 10, 8, 2, 5, 9, 7, 1, 5, 10, 4, 5, 7, 2, 3, 4, 1, 5, 5, 1, 3, 1, 2, 7, 7, 1, 6, 69, 1, 3, 10, 1, 65, 5, 5, 4, 1, 1, 2, 
8: 8, 0, 0, 0, 3, 0, 1, 0, 0, 0, 5, 0, 4, 0, 9, 8, 0, 0, 0, 1, 3, 0, 3, 0, 2, 9, 0, 10, 1, 0, 6, 10, 60, 0, 0, 0, 0, 0, 0, 4, 0, 0, 0, 0, 0, 0, 0, 0, 0, 0, 1, 9, 1, 0, 0, 0, 8, 0, 2, 0, 0, 2, 10, 0, 0, 6, 0, 5, 3, 0, 4, 0, 3, 0, 0, 8, 0, 3, 1, 0, 9, 0, 5, 0, 0, 0, 10, 6, 0, 2, 0, 0, 8, 4, 7, 0, 0, 6, 1, 0, : 8, 3, 1, 5, 4, 9, 8, 1, 3, 3, 2, 9, 10, 1, 6, 10, 60, 4, 1, 9, 1, 8, 2, 2, 10, 6, 5, 3, 4, 3, 8, 3, 1, 9, 5, 10, 6, 2, 8, 4, 7, 6, 1, 
198: 0, 8, 0, 4, 2, 1, 5, 0, 0, 2, 8, 0, 0, 0, 2, 9, 0, 0, 0, 3, 3, 0, 9, 0, 0, 0, 0, 3, 0, 5, 0, 9, 0, 0, 0, 1, 6, 4, 0, 0, 0, 9, 0, 0, 0, 4, 0, 3, 0, 0, 0, 8, 8, 8, 3, 8, 3, 0, 7, 0, 0, 0, 7, 0, 6, 0, 0, 5, 0, 0, 5, 0, 0, 0, 60, 2, 0, 3, 9, 0, 7, 0, 0, 0, 8, 0, 8, 0, 7, 0, 9, 1, 60, 0, 1, 0, 7, 0, 8, 0, : 8, 4, 2, 1, 5, 2, 8, 2, 9, 3, 3, 9, 3, 5, 9, 1, 6, 4, 9, 4, 3, 8, 8, 8, 3, 8, 3, 7, 7, 6, 5, 5, 60, 2, 3, 9, 7, 8, 8, 7, 9, 1, 60, 1, 7, 8, 
42: 5, 8, 0, 2, 4, 0, 0, 8, 0, 0, 1, 0, 0, 9, 3, 3, 9, 1, 1, 5, 1, 0, 0, 1, 0, 0, 0, 10, 0, 4, 0, 1, 0, 1, 1, 0, 0, 4, 3, 4, 0, 0, 0, 0, 2, 5, 0, 0, 1, 0, 0, 5, 8, 7, 63, 5, 3, 0, 1, 0, 0, 1, 0, 0, 5, 0, 2, 0, 8, 0, 9, 10, 61, 0, 0, 8, 2, 0, 3, 0, 4, 0, 0, 0, 1, 0, 3, 1, 0, 4, 2, 0, 0, 0, 0, 1, 0, 2, 10, 0, : 5, 8, 2, 4, 8, 1, 9, 3, 3, 9, 1, 1, 5, 1, 1, 10, 4, 1, 1, 1, 4, 3, 4, 2, 5, 1, 5, 8, 7, 63, 5, 3, 1, 1, 5, 2, 8, 9, 10, 61, 8, 2, 3, 4, 1, 3, 1, 4, 2, 1, 2, 10, 
143: 0, 7, 0, 5, 2, 0, 0, 0, 2, 0, 0, 0, 10, 61, 0, 4, 6, 0, 69, 0, 7, 5, 2, 0, 0, 0, 3, 6, 10, 5, 0, 6, 3, 0, 0, 0, 1, 0, 0, 5, 8, 5, 0, 0, 0, 0, 0, 0, 0, 4, 0, 5, 2, 0, 0, 0, 0, 2, 3, 0, 5, 4, 4, 5, 3, 0, 0, 2, 0, 10, 9, 0, 0, 0, 0, 10, 0, 0, 7, 3, 4, 0, 0, 0, 3, 0, 4, 0, 9, 7, 0, 0, 0, 0, 0, 0, 0, 5, 1, 7, : 7, 5, 2, 2, 10, 61, 4, 6, 69, 7, 5, 2, 3, 6, 10, 5, 6, 3, 1, 5, 8, 5, 4, 5, 2, 2, 3, 5, 4, 4, 5, 3, 2, 10, 9, 10, 7, 3, 4, 3, 4, 9, 7, 5, 1, 7, 
27: 0, 3, 0, 9, 6, 0, 0, 8, 5, 0, 6, 10, 4, 0, 2, 4, 10, 0, 0, 1, 1, 0, 7, 0, 68, 3, 0, 0, 0, 0, 0, 0, 0, 0, 0, 0, 0, 7, 0, 2, 2, 7, 0, 0, 0, 7, 2, 0, 2, 0, 2, 0, 8, 9, 0, 0, 0, 3, 4, 0, 0, 2, 0, 0, 6, 1, 3, 9, 0, 0, 1, 0, 0, 0, 0, 1, 0, 4, 1, 0, 1, 5, 0, 67, 7, 1, 0, 62, 5, 0, 0, 0, 4, 0, 0, 1, 2, 3, 7, 0, : 3, 9, 6, 8, 5, 6, 10, 4, 2, 4, 10, 1, 1, 7, 68, 3, 7, 2, 2, 7, 7, 2, 2, 2, 8, 9, 3, 4, 2, 6, 1, 3, 9, 1, 1, 4, 1, 1, 5, 67, 7, 1, 62, 5, 4, 1, 2, 3, 7, 
116: 0, 7, 0, 5, 2, 0, 0, 6, 4, 0, 0, 0, 5, 0, 8, 8, 5, 6, 0, 0, 5, 0, 2, 0, 0, 0, 1, 8, 0, 0, 0, 1, 4, 0, 0, 1, 5, 6, 3, 9, 0, 7, 0, 6, 0, 3, 1, 0, 1, 0, 0, 0, 9, 1, 0, 6, 0, 0, 3, 0, 0, 4, 1, 9, 3, 0, 2, 0, 10, 0, 7, 62, 0, 6, 0, 1, 3, 7, 8, 0, 0, 0, 0, 0, 0, 0, 2, 0, 3, 1, 0, 1, 0, 0, 0, 2, 0, 0, 10, 0, : 7, 5, 2, 6, 4, 5, 8, 8, 5, 6, 5, 2, 1, 8, 1, 4, 1, 5, 6, 3, 9, 7, 6, 3, 1, 1, 9, 1, 6, 3, 4, 1, 9, 3, 2, 10, 7, 62, 6, 1, 3, 7, 8, 2, 3, 1, 1, 2, 10, 
45: 9, 10, 4, 7, 3, 0, 0, 8, 5, 0, 0, 0, 3, 0, 6, 5, 0, 0, 3, 9, 10, 0, 8, 0, 0, 5, 0, 1, 0, 1, 60, 1, 0, 6, 1, 0, 9, 0, 0, 2, 6, 3, 1, 0, 0, 5, 0, 0, 0, 66, 0, 0, 10, 1, 4, 0, 0, 3, 1, 0, 3, 0, 9, 0, 0, 0, 0, 6, 5, 69, 8, 0, 0, 0, 2, 2, 0, 6, 4, 0, 4, 0, 0, 3, 0, 0, 7, 0, 0, 8, 0, 0, 1, 0, 0, 0, 0, 9, 9, 0, : 9, 10, 4, 7, 3, 8, 5, 3, 6, 5, 3, 9, 10, 8, 5, 1, 1, 60, 1, 6, 1, 9, 2, 6, 3, 1, 5, 66, 10, 1, 4, 3, 1, 3, 9, 6, 5, 69, 8, 2, 2, 6, 4, 4, 3, 7, 8, 1, 9, 9, 
140: 1, 8, 0, 9, 7, 0, 8, 0, 4, 0, 0, 0, 1, 2, 0, 7, 0, 1, 0, 8, 9, 0, 0, 0, 0, 0, 0, 6, 0, 0, 0, 2, 0, 6, 0, 10, 1, 1, 0, 8, 0, 9, 62, 0, 0, 9, 61, 0, 66, 0, 0, 9, 6, 0, 0, 8, 0, 0, 6, 7, 0, 1, 2, 0, 0, 0, 0, 0, 3, 0, 7, 0, 0, 0, 0, 6, 0, 4, 0, 0, 0, 9, 2, 0, 7, 0, 6, 0, 8, 5, 0, 0, 0, 0, 0, 0, 0, 10, 2, 0, : 1, 8, 9, 7, 8, 4, 1, 2, 7, 1, 8, 9, 6, 2, 6, 10, 1, 1, 8, 9, 62, 9, 61, 66, 9, 6, 8, 6, 7, 1, 2, 3, 7, 6, 4, 9, 2, 7, 6, 8, 5, 10, 2, 


114: 0, 0, 3, 2, 0, 5, 10, 0, 5, 1, 0, 0, 2, 0, 2, 0, 0, 0, 4, 2, 2, 10, 4, 0, 0, 7, 0, 4, 0, 1, 0, 1, 1, 2, 1, 4, 1, 2, 6, 0, 7, 8, 9, 7, 0, 0, 3, 7, 1, 2, 4, 1, 0, 0, 0, 0, 0, 0, 0, 65, 0, 9, 9, 0, 1, 4, 6, 0, 3, 0, 7, 2, 0, 0, 5, 9, 0, 0, 2, 5, 3, 0, 0, 3, 7, 10, 0, 0, 2, 70, 0, 9, 0, 0, 0, 0, 68, 1, 3, 4, : 3, 2, 5, 10, 5, 1, 2, 2, 4, 2, 2, 10, 4, 7, 4, 1, 1, 1, 2, 1, 4, 1, 2, 6, 7, 8, 9, 7, 3, 7, 1, 2, 4, 1, 65, 9, 9, 1, 4, 6, 3, 7, 2, 5, 9, 2, 5, 3, 3, 7, 10, 2, 70, 9, 68, 1, 3, 4, 
21: 1, 5, 2, 1, 0, 3, 0, 0, 4, 0, 0, 4, 0, 0, 4, 0, 2, 0, 9, 0, 8, 4, 4, 1, 6, 0, 1, 2, 2, 0, 0, 0, 0, 0, 0, 4, 2, 0, 60, 0, 1, 0, 0, 2, 0, 0, 0, 2, 0, 0, 9, 0, 0, 0, 0, 6, 0, 1, 0, 0, 0, 6, 0, 2, 0, 3, 8, 6, 2, 0, 0, 3, 0, 0, 8, 0, 0, 0, 1, 9, 0, 5, 2, 2, 0, 0, 9, 0, 61, 0, 0, 0, 0, 1, 0, 0, 0, 0, 10, 1, : 1, 5, 2, 1, 3, 4, 4, 4, 2, 9, 8, 4, 4, 1, 6, 1, 2, 2, 4, 2, 60, 1, 2, 2, 9, 6, 1, 6, 2, 3, 8, 6, 2, 3, 8, 1, 9, 5, 2, 2, 9, 61, 1, 10, 1, 
63: 7, 3, 8, 0, 0, 0, 10, 0, 2, 7, 5, 1, 2, 0, 10, 0, 0, 0, 9, 0, 1, 5, 10, 0, 5, 0, 67, 4, 2, 0, 0, 0, 0, 0, 6, 3, 6, 0, 2, 0, 0, 9, 8, 1, 7, 2, 4, 8, 3, 0, 8, 1, 0, 0, 1, 5, 0, 0, 0, 0, 1, 9, 0, 0, 1, 2, 3, 0, 1, 0, 1, 5, 0, 0, 5, 8, 0, 0, 2, 10, 0, 7, 0, 0, 0, 0, 2, 60, 4, 0, 1, 0, 0, 8, 1, 0, 1, 0, 0, 1, : 7, 3, 8, 10, 2, 7, 5, 1, 2, 10, 9, 1, 5, 10, 5, 67, 4, 2, 6, 3, 6, 2, 9, 8, 1, 7, 2, 4, 8, 3, 8, 1, 1, 5, 1, 9, 1, 2, 3, 1, 1, 5, 5, 8, 2, 10, 7, 2, 60, 4, 1, 8, 1, 1, 1, 
121: 0, 0, 0, 5, 8, 4, 9, 7, 0, 0, 0, 0, 0, 1, 2, 0, 67, 0, 0, 4, 5, 10, 5, 0, 0, 0, 0, 0, 10, 0, 9, 1, 0, 0, 0, 0, 1, 0, 1, 0, 3, 2, 10, 8, 4, 0, 0, 1, 7, 0, 6, 0, 65, 3, 0, 8, 0, 0, 0, 4, 0, 2, 9, 0, 0, 5, 1, 0, 5, 0, 0, 3, 0, 9, 1, 3, 2, 0, 9, 0, 1, 0, 0, 0, 3, 0, 0, 0, 0, 0, 0, 1, 0, 1, 0, 7, 0, 0, 1, 1, : 5, 8, 4, 9, 7, 1, 2, 67, 4, 5, 10, 5, 10, 9, 1, 1, 1, 3, 2, 10, 8, 4, 1, 7, 6, 65, 3, 8, 4, 2, 9, 5, 1, 5, 3, 9, 1, 3, 2, 9, 1, 3, 1, 1, 7, 1, 1, 
43: 0, 0, 3, 2, 62, 6, 5, 0, 5, 6, 0, 1, 9, 0, 4, 0, 0, 0, 0, 0, 4, 7, 1, 2, 1, 0, 0, 0, 0, 60, 0, 0, 0, 0, 1, 0, 6, 0, 0, 4, 8, 0, 6, 2, 0, 0, 0, 1, 5, 5, 0, 1, 2, 0, 1, 0, 0, 0, 0, 0, 0, 4, 9, 0, 10, 4, 1, 1, 8, 0, 2, 8, 0, 0, 2, 1, 0, 8, 1, 2, 0, 63, 0, 6, 6, 1, 2, 7, 1, 0, 67, 0, 0, 0, 0, 0, 0, 0, 5, 0, : 3, 2, 62, 6, 5, 5, 6, 1, 9, 4, 4, 7, 1, 2, 1, 60, 1, 6, 4, 8, 6, 2, 1, 5, 5, 1, 2, 1, 4, 9, 10, 4, 1, 1, 8, 2, 8, 2, 1, 8, 1, 2, 63, 6, 6, 1, 2, 7, 1, 67, 5, 
172: 60, 0, 8, 1, 1, 0, 7, 0, 7, 5, 1, 1, 2, 0, 0, 0, 0, 0, 6, 0, 10, 0, 0, 0, 10, 0, 0, 10, 9, 0, 1, 0, 0, 7, 0, 2, 1, 0, 0, 0, 1, 0, 9, 3, 0, 8, 1, 8, 4, 0, 2, 0, 3, 0, 0, 8, 0, 0, 6, 0, 0, 5, 0, 0, 0, 6, 1, 0, 2, 0, 0, 7, 0, 0, 0, 0, 8, 0, 9, 3, 1, 2, 0, 0, 4, 0, 3, 0, 0, 0, 0, 4, 0, 5, 0, 66, 0, 0, 7, 0, : 60, 8, 1, 1, 7, 7, 5, 1, 1, 2, 6, 10, 10, 10, 9, 1, 7, 2, 1, 1, 9, 3, 8, 1, 8, 4, 2, 3, 8, 6, 5, 6, 1, 2, 7, 8, 9, 3, 1, 2, 4, 3, 4, 5, 66, 7, 
77: 0, 0, 8, 3, 0, 9, 5, 7, 1, 6, 0, 65, 7, 0, 10, 0, 0, 0, 0, 0, 1, 0, 7, 61, 0, 0, 0, 0, 2, 0, 0, 0, 0, 0, 0, 2, 7, 6, 1, 0, 6, 0, 0, 0, 0, 0, 0, 1, 0, 0, 10, 9, 0, 0, 0, 10, 0, 0, 0, 0, 0, 4, 9, 0, 0, 6, 7, 0, 2, 1, 4, 1, 68, 1, 1, 4, 0, 0, 8, 8, 0, 0, 1, 8, 7, 0, 0, 0, 0, 6, 2, 5, 0, 10, 1, 0, 5, 0, 10, 0, : 8, 3, 9, 5, 7, 1, 6, 65, 7, 10, 1, 7, 61, 2, 2, 7, 6, 1, 6, 1, 10, 9, 10, 4, 9, 6, 7, 2, 1, 4, 1, 68, 1, 1, 4, 8, 8, 1, 8, 7, 6, 2, 5, 10, 1, 5, 10, 
41: 0, 0, 2, 0, 0, 6, 0, 0, 0, 2, 0, 0, 1, 0, 0, 0, 0, 1, 8, 2, 1, 1, 0, 7, 1, 0, 0, 10, 2, 0, 0, 0, 0, 0, 0, 8, 7, 2, 0, 0, 0, 10, 1, 2, 0, 67, 1, 1, 1, 1, 2, 2, 0, 66, 0, 0, 1, 1, 0, 0, 0, 1, 2, 0, 0, 7, 1, 2, 1, 0, 0, 3, 0, 0, 4, 0, 0, 0, 7, 6, 1, 0, 0, 8, 4, 0, 8, 0, 0, 3, 0, 0, 1, 2, 0, 0, 0, 0, 4, 0, : 2, 6, 2, 1, 1, 8, 2, 1, 1, 7, 1, 10, 2, 8, 7, 2, 10, 1, 2, 67, 1, 1, 1, 1, 2, 2, 66, 1, 1, 1, 2, 7, 1, 2, 1, 3, 4, 7, 6, 1, 8, 4, 8, 3, 1, 2, 4, 
67: 0, 0, 3, 5, 0, 4, 1, 0, 0, 6, 0, 0, 5, 0, 6, 0, 0, 0, 10, 0, 7, 3, 4, 2, 10, 4, 0, 0, 2, 10, 2, 64, 8, 68, 1, 2, 5, 0, 0, 7, 8, 1, 0, 0, 0, 0, 2, 7, 0, 6, 0, 0, 1, 0, 1, 4, 0, 1, 0, 2, 0, 4, 1, 61, 7, 6, 10, 0, 4, 0, 0, 7, 2, 0, 8, 3, 5, 68, 0, 3, 0, 0, 0, 10, 8, 0, 6, 1, 0, 0, 1, 7, 3, 7, 0, 0, 0, 60, 2, 0, : 3, 5, 4, 1, 6, 5, 6, 10, 7, 3, 4, 2, 10, 4, 2, 10, 2, 64, 8, 68, 1, 2, 5, 7, 8, 1, 2, 7, 6, 1, 1, 4, 1, 2, 4, 1, 61, 7, 6, 10, 4, 7, 2, 8, 3, 5, 68, 3, 10, 8, 6, 1, 1, 7, 3, 7, 60, 2, 
126: 0, 0, 6, 4, 0, 3, 8, 0, 3, 1, 9, 7, 6, 0, 7, 0, 0, 5, 2, 0, 1, 2, 10, 0, 6, 0, 0, 10, 6, 0, 0, 0, 0, 0, 0, 3, 1, 0, 0, 0, 0, 5, 2, 4, 0, 0, 0, 5, 9, 0, 2, 0, 9, 1, 0, 3, 6, 0, 0, 0, 7, 4, 1, 0, 0, 6, 5, 0, 1, 7, 1, 9, 0, 0, 7, 2, 0, 0, 3, 1, 2, 0, 0, 2, 9, 3, 9, 0, 0, 0, 0, 10, 0, 8, 9, 0, 5, 4, 0, 60, : 6, 4, 3, 8, 3, 1, 9, 7, 6, 7, 5, 2, 1, 2, 10, 6, 10, 6, 3, 1, 5, 2, 4, 5, 9, 2, 9, 1, 3, 6, 7, 4, 1, 6, 5, 1, 7, 1, 9, 7, 2, 3, 1, 2, 2, 9, 3, 9, 10, 8, 9, 5, 4, 60, 
162: 0, 0, 1, 9, 0, 8, 0, 0, 9, 6, 0, 0, 10, 4, 0, 0, 0, 0, 2, 0, 3, 6, 7, 7, 0, 0, 6, 5, 4, 0, 5, 0, 0, 2, 0, 9, 1, 0, 0, 2, 4, 3, 1, 9, 0, 1, 9, 3, 8, 61, 9, 1, 0, 0, 0, 6, 0, 10, 0, 0, 0, 5, 6, 0, 0, 2, 2, 0, 1, 0, 0, 0, 6, 0, 0, 4, 1, 0, 6, 3, 64, 1, 62, 1, 2, 0, 3, 0, 0, 0, 0, 0, 0, 1, 5, 2, 0, 5, 0, 0, : 1, 9, 8, 9, 6, 10, 4, 2, 3, 6, 7, 7, 6, 5, 4, 5, 2, 9, 1, 2, 4, 3, 1, 9, 1, 9, 3, 8, 61, 9, 1, 6, 10, 5, 6, 2, 2, 1, 6, 4, 1, 6, 3, 64, 1, 62, 1, 2, 3, 1, 5, 2, 5, 
15: 0, 63, 3, 8, 0, 0, 5, 0, 0, 8, 0, 0, 0, 5, 0, 0, 1, 0, 0, 60, 2, 0, 9, 0, 0, 6, 0, 7, 3, 6, 0, 0, 0, 0, 0, 4, 2, 0, 0, 2, 9, 10, 4, 0, 0, 0, 0, 3, 8, 0, 4, 65, 0, 1, 0, 4, 0, 0, 0, 0, 0, 0, 10, 8, 0, 2, 1, 0, 6, 3, 0, 6, 0, 6, 6, 0, 0, 0, 0, 0, 0, 0, 0, 8, 1, 0, 6, 1, 0, 0, 0, 6, 70, 0, 2, 0, 0, 0, 8, 0, : 63, 3, 8, 5, 8, 5, 1, 60, 2, 9, 6, 7, 3, 6, 4, 2, 2, 9, 10, 4, 3, 8, 4, 65, 1, 4, 10, 8, 2, 1, 6, 3, 6, 6, 6, 8, 1, 6, 1, 6, 70, 2, 8, 
177: 9, 0, 4, 2, 0, 3, 1, 0, 7, 7, 0, 0, 1, 0, 3, 0, 0, 0, 5, 0, 8, 3, 0, 0, 2, 0, 0, 5, 0, 1, 0, 1, 0, 1, 7, 8, 10, 0, 0, 0, 10, 2, 1, 0, 1, 0, 0, 5, 8, 0, 8, 0, 0, 0, 67, 1, 0, 0, 68, 6, 0, 2, 1, 3, 0, 0, 7, 0, 6, 0, 0, 0, 0, 0, 3, 3, 0, 0, 1, 2, 0, 0, 0, 3, 0, 2, 0, 0, 0, 0, 0, 9, 2, 2, 0, 5, 0, 0, 6, 0, : 9, 4, 2, 3, 1, 7, 7, 1, 3, 5, 8, 3, 2, 5, 1, 1, 1, 7, 8, 10, 10, 2, 1, 1, 5, 8, 8, 67, 1, 68, 6, 2, 1, 3, 7, 6, 3, 3, 1, 2, 3, 2, 9, 2, 2, 5, 6, 
179: 0, 0, 0, 0, 0, 8, 2, 0, 9, 2, 0, 0, 6, 69, 1, 7, 0, 3, 5, 0, 4, 8, 2, 0, 7, 1, 0, 0, 5, 0, 0, 9, 0, 0, 0, 8, 4, 0, 0, 0, 2, 4, 6, 5, 0, 0, 0, 1, 8, 0, 0, 0, 0, 0, 0, 5, 0, 0, 0, 0, 0, 10, 4, 0, 0, 2, 5, 1, 9, 0, 1, 3, 0, 0, 7, 7, 63, 0, 1, 0, 0, 0, 0, 5, 7, 1, 7, 0, 1, 1, 0, 0, 2, 9, 60, 0, 0, 0, 0, 1, : 8, 2, 9, 2, 6, 69, 1, 7, 3, 5, 4, 8, 2, 7, 1, 5, 9, 8, 4, 2, 4, 6, 5, 1, 8, 5, 10, 4, 2, 5, 1, 9, 1, 3, 7, 7, 63, 1, 5, 7, 1, 7, 1, 1, 2, 9, 60, 1, 
83: 0, 0, 2, 7, 4, 7, 6, 66, 3, 9, 1, 0, 2, 0, 7, 0, 0, 1, 3, 0, 4, 0, 0, 0, 0, 0, 0, 4, 5, 0, 0, 4, 0, 0, 0, 5, 1, 0, 5, 0, 5, 4, 2, 10, 0, 1, 60, 1, 3, 0, 0, 0, 0, 0, 0, 3, 0, 67, 0, 0, 0, 5, 1, 0, 0, 8, 0, 60, 10, 66, 0, 0, 4, 2, 6, 6, 0, 0, 2, 5, 0, 0, 0, 5, 4, 62, 0, 2, 3, 0, 0, 4, 0, 10, 0, 0, 0, 0, 6, 5, : 2, 7, 4, 7, 6, 66, 3, 9, 1, 2, 7, 1, 3, 4, 4, 5, 4, 5, 1, 5, 5, 4, 2, 10, 1, 60, 1, 3, 3, 67, 5, 1, 8, 60, 10, 66, 4, 2, 6, 6, 2, 5, 5, 4, 62, 2, 3, 4, 10, 6, 5, 
137: 0, 0, 3, 7, 0, 4, 2, 0, 9, 5, 64, 1, 4, 0, 1, 0, 0, 1, 3, 5, 2, 3, 2, 0, 8, 0, 0, 3, 7, 0, 63, 0, 0, 0, 0, 0, 10, 61, 0, 61, 0, 6, 1, 5, 60, 0, 0, 10, 2, 0, 1, 0, 0, 5, 0, 3, 0, 0, 6, 2, 0, 1, 0, 0, 0, 3, 8, 10, 5, 0, 62, 2, 0, 0, 3, 10, 1, 0, 10, 9, 0, 1, 3, 3, 2, 0, 2, 6, 2, 0, 0, 2, 0, 10, 0, 0, 0, 0, 3, 0, : 3, 7, 4, 2, 9, 5, 64, 1, 4, 1, 1, 3, 5, 2, 3, 2, 8, 3, 7, 63, 10, 61, 61, 6, 1, 5, 60, 10, 2, 1, 5, 3, 6, 2, 1, 3, 8, 10, 5, 62, 2, 3, 10, 1, 10, 9, 1, 3, 3, 2, 2, 6, 2, 2, 10, 3, 
7: 3, 0, 0, 5, 0, 0, 0, 0, 6, 2, 0, 0, 10, 1, 7, 2, 0, 2, 0, 0, 5, 7, 10, 0, 9, 0, 1, 9, 8, 0, 0, 0, 0, 0, 0, 6, 4, 8, 0, 4, 4, 1, 8, 10, 0, 0, 0, 2, 5, 0, 8, 0, 0, 0, 0, 4, 64, 0, 0, 0, 68, 3, 2, 0, 61, 1, 2, 0, 0, 2, 0, 5, 0, 0, 8, 1, 0, 0, 6, 4, 0, 1, 5, 2, 6, 0, 10, 0, 0, 0, 0, 0, 0, 0, 1, 0, 0, 9, 4, 0, : 3, 5, 6, 2, 10, 1, 7, 2, 2, 5, 7, 10, 9, 1, 9, 8, 6, 4, 8, 4, 4, 1, 8, 10, 2, 5, 8, 4, 64, 68, 3, 2, 61, 1, 2, 2, 5, 8, 1, 6, 4, 1, 5, 2, 6, 10, 1, 9, 4, 
122: 0, 9, 9, 3, 0, 10, 0, 0, 1, 2, 0, 0, 6, 0, 9, 70, 0, 0, 8, 7, 3, 1, 0, 0, 0, 0, 4, 1, 4, 0, 0, 0, 10, 0, 64, 9, 7, 1, 0, 0, 0, 10, 6, 1, 0, 0, 0, 1, 1, 5, 6, 0, 0, 0, 0, 2, 1, 0, 0, 1, 0, 3, 6, 2, 0, 4, 2, 0, 6, 0, 0, 9, 0, 0, 3, 6, 0, 0, 10, 0, 5, 0, 7, 0, 0, 0, 2, 3, 0, 0, 4, 10, 2, 0, 0, 0, 0, 1, 0, 0, : 9, 9, 3, 10, 1, 2, 6, 9, 70, 8, 7, 3, 1, 4, 1, 4, 10, 64, 9, 7, 1, 10, 6, 1, 1, 1, 5, 6, 2, 1, 1, 3, 6, 2, 4, 2, 6, 9, 3, 6, 10, 5, 7, 2, 3, 4, 10, 2, 1, 
150: 0, 0, 7, 10, 5, 0, 9, 0, 9, 5, 0, 0, 5, 0, 5, 1, 0, 67, 0, 0, 5, 4, 0, 0, 10, 0, 1, 6, 4, 2, 0, 0, 61, 0, 0, 3, 3, 0, 3, 0, 5, 3, 0, 8, 0, 1, 0, 10, 3, 0, 1, 0, 0, 4, 10, 6, 8, 0, 0, 0, 0, 1, 0, 0, 0, 3, 1, 0, 4, 0, 1, 1, 0, 0, 0, 7, 0, 0, 0, 3, 3, 0, 0, 9, 10, 1, 6, 0, 0, 0, 5, 4, 0, 0, 1, 0, 0, 0, 7, 0, : 7, 10, 5, 9, 9, 5, 5, 5, 1, 67, 5, 4, 10, 1, 6, 4, 2, 61, 3, 3, 3, 5, 3, 8, 1, 10, 3, 1, 4, 10, 6, 8, 1, 3, 1, 4, 1, 1, 7, 3, 3, 9, 10, 1, 6, 5, 4, 1, 7, 
80: 0, 0, 8, 6, 0, 0, 0, 0, 0, 0, 0, 0, 2, 0, 2, 0, 10, 0, 6, 0, 4, 6, 5, 0, 5, 62, 0, 0, 5, 0, 0, 0, 0, 0, 0, 0, 1, 0, 2, 0, 7, 2, 6, 3, 8, 0, 0, 3, 4, 0, 0, 0, 0, 0, 0, 2, 0, 0, 0, 0, 4, 2, 10, 4, 0, 6, 9, 0, 4, 1, 1, 6, 0, 62, 3, 6, 0, 4, 2, 7, 0, 0, 0, 5, 0, 0, 5, 0, 6, 0, 0, 9, 0, 6, 0, 0, 1, 0, 4, 7, : 8, 6, 2, 2, 10, 6, 4, 6, 5, 5, 62, 5, 1, 2, 7, 2, 6, 3, 8, 3, 4, 2, 4, 2, 10, 4, 6, 9, 4, 1, 1, 6, 62, 3, 6, 4, 2, 7, 5, 5, 6, 9, 6, 1, 4, 7, 


186: 0, 9, 5, 9, 3, 10, 0, 3, 4, 3, 0, 8, 0, 0, 1, 0, 7, 6, 0, 0, 2, 1, 6, 5, 4, 1, 3, 0, 0, 0, 0, 2, 0, 5, 1, 0, 0, 2, 5, 0, 8, 3, 0, 0, 3, 2, 7, 0, 2, 6, 60, 10, 8, 9, 0, 65, 10, 0, 7, 8, 0, 1, 0, 0, 8, 0, 0, 2, 0, 0, 0, 0, 0, 3, 1, 9, 1, 5, 0, 7, 0, 0, 0, 10, 1, 8, 5, 3, 9, 2, 0, 2, 0, 10, 2, 0, 0, 0, 0, 0, : 9, 5, 9, 3, 10, 3, 4, 3, 8, 1, 7, 6, 2, 1, 6, 5, 4, 1, 3, 2, 5, 1, 2, 5, 8, 3, 3, 2, 7, 2, 6, 60, 10, 8, 9, 65, 10, 7, 8, 1, 8, 2, 3, 1, 9, 1, 5, 7, 10, 1, 8, 5, 3, 9, 2, 2, 10, 2, 
131: 70, 3, 7, 9, 4, 0, 0, 61, 2, 0, 0, 0, 2, 10, 9, 0, 6, 1, 0, 0, 7, 0, 7, 0, 4, 2, 0, 10, 5, 0, 0, 10, 0, 10, 6, 0, 0, 5, 4, 1, 1, 2, 0, 0, 0, 1, 2, 0, 6, 0, 0, 0, 8, 0, 68, 0, 2, 3, 0, 0, 0, 3, 0, 3, 1, 3, 0, 1, 0, 3, 0, 2, 0, 7, 1, 0, 0, 2, 2, 0, 0, 10, 0, 0, 7, 9, 0, 0, 7, 0, 0, 10, 10, 0, 0, 0, 0, 0, 0, 0, : 70, 3, 7, 9, 4, 61, 2, 2, 10, 9, 6, 1, 7, 7, 4, 2, 10, 5, 10, 10, 6, 5, 4, 1, 1, 2, 1, 2, 6, 8, 68, 2, 3, 3, 3, 1, 3, 1, 3, 2, 7, 1, 2, 2, 10, 7, 9, 7, 10, 10, 
32: 0, 2, 6, 7, 9, 10, 0, 0, 3, 0, 6, 5, 0, 0, 4, 0, 0, 2, 0, 0, 6, 0, 5, 1, 4, 8, 0, 5, 1, 0, 0, 0, 0, 10, 9, 0, 9, 0, 1, 0, 0, 0, 0, 0, 5, 1, 1, 0, 1, 5, 0, 6, 1, 0, 0, 0, 0, 2, 0, 2, 0, 9, 0, 8, 0, 0, 0, 5, 0, 0, 0, 0, 0, 0, 7, 0, 10, 10, 0, 3, 0, 0, 0, 6, 0, 1, 0, 5, 5, 0, 0, 0, 0, 0, 0, 0, 64, 9, 0, 0, : 2, 6, 7, 9, 10, 3, 6, 5, 4, 2, 6, 5, 1, 4, 8, 5, 1, 10, 9, 9, 1, 5, 1, 1, 1, 5, 6, 1, 2, 2, 9, 8, 5, 7, 10, 10, 3, 6, 1, 5, 5, 64, 9, 
39: 0, 0, 0, 0, 5, 1, 0, 0, 10, 0, 0, 6, 0, 0, 1, 0, 6, 1, 0, 2, 9, 0, 6, 0, 0, 0, 0, 1, 0, 62, 9, 1, 2, 0, 8, 0, 7, 0, 0, 1, 0, 0, 1, 0, 5, 6, 5, 3, 8, 4, 0, 0, 3, 0, 0, 0, 0, 1, 8, 0, 0, 0, 10, 7, 0, 0, 0, 2, 0, 2, 0, 0, 0, 1, 2, 0, 0, 5, 0, 3, 2, 0, 0, 3, 0, 0, 8, 1, 5, 64, 0, 7, 0, 0, 0, 67, 0, 1, 63, 3, : 5, 1, 10, 6, 1, 6, 1, 2, 9, 6, 1, 62, 9, 1, 2, 8, 7, 1, 1, 5, 6, 5, 3, 8, 4, 3, 1, 8, 10, 7, 2, 2, 1, 2, 5, 3, 2, 3, 8, 1, 5, 64, 7, 67, 1, 63, 3, 
165: 0, 8, 1, 9, 5, 10, 0, 0, 0, 0, 0, 9, 6, 1, 0, 0, 4, 0, 0, 0, 10, 61, 6, 0, 0, 6, 0, 1, 0, 0, 0, 4, 0, 7, 2, 0, 10, 0, 7, 67, 0, 0, 64, 1, 8, 5, 3, 0, 1, 8, 0, 2, 0, 0, 0, 0, 0, 7, 1, 0, 0, 7, 4, 5, 0, 0, 0, 7, 2, 0, 0, 9, 2, 5, 9, 0, 60, 1, 0, 1, 5, 3, 10, 4, 0, 5, 0, 10, 1, 0, 1, 7, 0, 0, 0, 0, 0, 10, 0, 0, : 8, 1, 9, 5, 10, 9, 6, 1, 4, 10, 61, 6, 6, 1, 4, 7, 2, 10, 7, 67, 64, 1, 8, 5, 3, 1, 8, 2, 7, 1, 7, 4, 5, 7, 2, 9, 2, 5, 9, 60, 1, 1, 5, 3, 10, 4, 5, 10, 1, 1, 7, 10, 
84: 0, 1, 7, 6, 0, 4, 0, 0, 7, 0, 4, 4, 0, 1, 3, 60, 9, 2, 0, 0, 0, 0, 2, 0, 0, 1, 0, 0, 0, 0, 0, 8, 3, 0, 1, 4, 0, 2, 6, 2, 6, 0, 0, 6, 1, 4, 4, 0, 9, 5, 0, 0, 0, 1, 0, 0, 2, 0, 1, 0, 0, 3, 5, 9, 0, 4, 0, 0, 10, 0, 0, 0, 0, 3, 1, 0, 0, 1, 0, 8, 0, 0, 68, 2, 0, 6, 0, 4, 5, 0, 0, 0, 0, 9, 0, 0, 0, 2, 0, 66, : 1, 7, 6, 4, 7, 4, 4, 1, 3, 60, 9, 2, 2, 1, 8, 3, 1, 4, 2, 6, 2, 6, 6, 1, 4, 4, 9, 5, 1, 2, 1, 3, 5, 9, 4, 10, 3, 1, 1, 8, 68, 2, 6, 4, 5, 9, 2, 66, 
85: 0, 10, 10, 0, 0, 4, 0, 0, 0, 0, 0, 3, 0, 1, 2, 0, 0, 6, 0, 0, 10, 3, 7, 0, 0, 6, 5, 0, 0, 5, 61, 1, 0, 4, 8, 0, 7, 0, 3, 3, 9, 9, 1, 0, 0, 2, 7, 0, 9, 5, 0, 3, 6, 0, 0, 0, 9, 8, 5, 0, 7, 4, 0, 0, 0, 7, 0, 7, 0, 0, 0, 0, 68, 0, 1, 0, 0, 1, 3, 8, 0, 60, 0, 6, 0, 3, 0, 5, 0, 4, 0, 3, 5, 7, 1, 0, 2, 6, 3, 0, : 10, 10, 4, 3, 1, 2, 6, 10, 3, 7, 6, 5, 5, 61, 1, 4, 8, 7, 3, 3, 9, 9, 1, 2, 7, 9, 5, 3, 6, 9, 8, 5, 7, 4, 7, 7, 68, 1, 1, 3, 8, 60, 6, 3, 5, 4, 3, 5, 7, 1, 2, 6, 3, 
104: 0, 3, 8, 3, 1, 0, 0, 0, 0, 0, 0, 10, 0, 0, 3, 10, 4, 0, 4, 2, 0, 0, 1, 0, 8, 2, 0, 6, 0, 0, 0, 3, 0, 7, 5, 8, 0, 0, 1, 0, 7, 0, 3, 60, 3, 8, 4, 0, 7, 5, 6, 3, 9, 0, 2, 5, 9, 8, 5, 0, 0, 0, 5, 6, 0, 0, 0, 5, 0, 0, 0, 0, 0, 3, 2, 0, 9, 1, 0, 5, 0, 0, 0, 6, 0, 2, 0, 9, 0, 0, 0, 0, 60, 10, 6, 0, 1, 10, 0, 0, : 3, 8, 3, 1, 10, 3, 10, 4, 4, 2, 1, 8, 2, 6, 3, 7, 5, 8, 1, 7, 3, 60, 3, 8, 4, 7, 5, 6, 3, 9, 2, 5, 9, 8, 5, 5, 6, 5, 3, 2, 9, 1, 5, 6, 2, 9, 60, 10, 6, 1, 10, 
79: 2, 3, 8, 10, 1, 8, 0, 0, 6, 0, 0, 0, 63, 0, 8, 0, 2, 7, 0, 0, 3, 0, 0, 3, 2, 0, 0, 6, 0, 0, 0, 4, 0, 10, 7, 0, 9, 0, 2, 0, 1, 0, 0, 0, 8, 10, 1, 64, 3, 0, 0, 0, 0, 0, 0, 0, 8, 0, 0, 0, 0, 6, 9, 4, 65, 60, 0, 0, 0, 0, 6, 0, 0, 6, 10, 0, 0, 9, 0, 7, 0, 0, 0, 0, 1, 3, 2, 9, 0, 0, 4, 10, 2, 7, 2, 0, 6, 0, 0, 9, : 2, 3, 8, 10, 1, 8, 6, 63, 8, 2, 7, 3, 3, 2, 6, 4, 10, 7, 9, 2, 1, 8, 10, 1, 64, 3, 8, 6, 9, 4, 65, 60, 6, 6, 10, 9, 7, 1, 3, 2, 9, 4, 10, 2, 7, 2, 6, 9, 
82: 0, 2, 0, 0, 0, 0, 4, 0, 3, 0, 0, 4, 0, 0, 4, 2, 10, 10, 0, 68, 0, 0, 10, 0, 3, 5, 0, 1, 0, 0, 0, 1, 0, 1, 2, 0, 0, 0, 5, 0, 9, 0, 0, 0, 4, 3, 3, 0, 0, 9, 0, 10, 1, 5, 0, 0, 6, 10, 3, 1, 0, 0, 10, 0, 6, 0, 1, 10, 0, 0, 0, 0, 1, 0, 4, 0, 0, 2, 64, 5, 5, 0, 0, 7, 0, 4, 0, 0, 7, 0, 0, 3, 0, 6, 3, 0, 0, 0, 0, 0, : 2, 4, 3, 4, 4, 2, 10, 10, 68, 10, 3, 5, 1, 1, 1, 2, 5, 9, 4, 3, 3, 9, 10, 1, 5, 6, 10, 3, 1, 10, 6, 1, 10, 1, 4, 2, 64, 5, 5, 7, 4, 7, 3, 6, 3, 
161: 0, 7, 2, 10, 7, 0, 0, 4, 10, 0, 0, 0, 0, 64, 0, 1, 1, 7, 0, 0, 4, 1, 0, 0, 0, 9, 0, 8, 0, 2, 5, 7, 0, 5, 0, 0, 10, 0, 2, 0, 7, 0, 0, 0, 1, 5, 6, 0, 6, 5, 0, 2, 0, 0, 0, 10, 6, 8, 8, 0, 0, 3, 0, 3, 0, 0, 0, 0, 1, 0, 0, 0, 0, 8, 3, 0, 0, 6, 0, 4, 60, 0, 0, 6, 0, 1, 60, 0, 9, 0, 0, 4, 0, 8, 0, 0, 0, 7, 0, 0, : 7, 2, 10, 7, 4, 10, 64, 1, 1, 7, 4, 1, 9, 8, 2, 5, 7, 5, 10, 2, 7, 1, 5, 6, 6, 5, 2, 10, 6, 8, 8, 3, 3, 1, 8, 3, 6, 4, 60, 6, 1, 60, 9, 4, 8, 7, 
149: 0, 8, 0, 0, 4, 9, 0, 6, 1, 0, 0, 0, 1, 0, 10, 6, 2, 4, 0, 0, 10, 0, 0, 67, 0, 5, 0, 4, 66, 0, 0, 2, 0, 1, 5, 0, 0, 0, 9, 2, 0, 60, 5, 2, 6, 2, 7, 0, 7, 2, 0, 10, 10, 0, 0, 0, 1, 0, 7, 0, 0, 8, 0, 5, 0, 0, 0, 2, 0, 0, 3, 0, 7, 8, 0, 0, 0, 2, 4, 0, 0, 0, 0, 4, 0, 4, 0, 10, 1, 1, 0, 0, 0, 5, 0, 0, 0, 0, 0, 0, : 8, 4, 9, 6, 1, 1, 10, 6, 2, 4, 10, 67, 5, 4, 66, 2, 1, 5, 9, 2, 60, 5, 2, 6, 2, 7, 7, 2, 10, 10, 1, 7, 8, 5, 2, 3, 7, 8, 2, 4, 4, 4, 10, 1, 1, 5, 
61: 0, 1, 3, 3, 0, 4, 10, 0, 1, 64, 0, 0, 3, 0, 7, 0, 3, 8, 3, 0, 9, 0, 5, 0, 6, 2, 70, 7, 0, 0, 0, 9, 0, 0, 4, 0, 5, 0, 6, 0, 5, 0, 2, 0, 3, 6, 3, 5, 4, 4, 0, 10, 4, 0, 0, 0, 1, 0, 3, 62, 0, 0, 4, 0, 0, 0, 0, 7, 62, 0, 2, 66, 0, 2, 6, 60, 0, 2, 0, 0, 0, 0, 0, 8, 0, 5, 0, 5, 7, 0, 0, 2, 0, 1, 0, 0, 0, 7, 1, 0, : 1, 3, 3, 4, 10, 1, 64, 3, 7, 3, 8, 3, 9, 5, 6, 2, 70, 7, 9, 4, 5, 6, 5, 2, 3, 6, 3, 5, 4, 4, 10, 4, 1, 3, 62, 4, 7, 62, 2, 66, 2, 6, 60, 2, 8, 5, 5, 7, 2, 1, 7, 1, 
169: 0, 2, 8, 2, 9, 0, 66, 0, 0, 8, 0, 0, 1, 0, 2, 0, 2, 3, 0, 5, 0, 0, 0, 0, 3, 9, 0, 5, 0, 0, 2, 5, 8, 8, 9, 1, 0, 0, 1, 0, 4, 0, 2, 0, 6, 3, 7, 0, 1, 3, 4, 4, 6, 0, 0, 0, 0, 10, 10, 0, 0, 6, 5, 2, 0, 0, 9, 0, 0, 0, 0, 0, 0, 4, 1, 0, 0, 6, 0, 1, 0, 0, 0, 0, 67, 7, 0, 5, 4, 0, 68, 3, 0, 6, 0, 0, 7, 8, 0, 0, : 2, 8, 2, 9, 66, 8, 1, 2, 2, 3, 5, 3, 9, 5, 2, 5, 8, 8, 9, 1, 1, 4, 2, 6, 3, 7, 1, 3, 4, 4, 6, 10, 10, 6, 5, 2, 9, 4, 1, 6, 1, 67, 7, 5, 4, 68, 3, 6, 7, 8, 
78: 0, 4, 0, 0, 2, 1, 0, 0, 5, 0, 0, 0, 0, 0, 1, 0, 4, 5, 2, 0, 5, 0, 0, 4, 6, 5, 0, 4, 0, 2, 0, 6, 0, 4, 4, 0, 0, 2, 4, 0, 7, 0, 0, 0, 8, 2, 6, 0, 2, 0, 0, 5, 0, 0, 0, 0, 3, 0, 6, 0, 1, 9, 3, 8, 0, 4, 0, 9, 0, 8, 2, 3, 2, 4, 3, 1, 0, 1, 0, 10, 0, 0, 0, 0, 0, 1, 0, 5, 1, 9, 0, 1, 2, 0, 0, 3, 0, 1, 0, 2, : 4, 2, 1, 5, 1, 4, 5, 2, 5, 4, 6, 5, 4, 2, 6, 4, 4, 2, 4, 7, 8, 2, 6, 2, 5, 3, 6, 1, 9, 3, 8, 4, 9, 8, 2, 3, 2, 4, 3, 1, 1, 10, 1, 5, 1, 9, 1, 2, 3, 1, 2, 
164: 0, 5, 8, 10, 0, 1, 0, 0, 4, 4, 0, 5, 3, 3, 5, 0, 7, 3, 0, 1, 0, 0, 8, 0, 9, 5, 0, 4, 8, 0, 0, 5, 0, 3, 5, 64, 8, 61, 7, 3, 0, 6, 0, 0, 9, 2, 0, 4, 3, 7, 0, 0, 0, 60, 0, 0, 9, 5, 2, 0, 6, 2, 9, 3, 0, 1, 8, 0, 5, 0, 0, 0, 0, 1, 10, 0, 0, 0, 0, 3, 0, 0, 1, 0, 0, 3, 0, 2, 2, 0, 0, 3, 0, 3, 0, 0, 0, 4, 3, 0, : 5, 8, 10, 1, 4, 4, 5, 3, 3, 5, 7, 3, 1, 8, 9, 5, 4, 8, 5, 3, 5, 64, 8, 61, 7, 3, 6, 9, 2, 4, 3, 7, 60, 9, 5, 2, 6, 2, 9, 3, 1, 8, 5, 1, 10, 3, 1, 3, 2, 2, 3, 3, 4, 3, 
14: 0, 5, 0, 1, 9, 2, 0, 0, 2, 0, 0, 6, 0, 0, 0, 1, 0, 1, 0, 0, 0, 0, 6, 0, 9, 6, 2, 10, 0, 8, 1, 3, 0, 3, 0, 0, 1, 0, 3, 0, 4, 0, 0, 8, 0, 1, 0, 0, 1, 0, 0, 7, 5, 0, 10, 0, 4, 4, 2, 6, 66, 10, 9, 9, 0, 0, 0, 8, 0, 67, 0, 0, 0, 8, 5, 10, 0, 9, 7, 7, 0, 0, 1, 8, 0, 0, 0, 0, 7, 0, 0, 10, 0, 0, 0, 0, 0, 0, 9, 0, : 5, 1, 9, 2, 2, 6, 1, 1, 6, 9, 6, 2, 10, 8, 1, 3, 3, 1, 3, 4, 8, 1, 1, 7, 5, 10, 4, 4, 2, 6, 66, 10, 9, 9, 8, 67, 8, 5, 10, 9, 7, 7, 1, 8, 7, 10, 9, 
191: 1, 1, 2, 1, 9, 0, 0, 6, 8, 0, 0, 3, 0, 0, 2, 0, 10, 1, 7, 0, 3, 0, 1, 0, 4, 4, 0, 7, 0, 0, 0, 0, 67, 1, 2, 0, 2, 0, 8, 1, 0, 0, 0, 3, 3, 3, 1, 0, 0, 8, 0, 1, 0, 5, 0, 0, 10, 5, 0, 0, 0, 3, 3, 0, 0, 0, 0, 0, 0, 0, 0, 0, 0, 10, 4, 0, 0, 8, 0, 6, 0, 6, 0, 6, 0, 10, 0, 5, 0, 0, 0, 9, 1, 0, 66, 9, 0, 6, 0, 0, : 1, 1, 2, 1, 9, 6, 8, 3, 2, 10, 1, 7, 3, 1, 4, 4, 7, 67, 1, 2, 2, 8, 1, 3, 3, 3, 1, 8, 1, 5, 10, 5, 3, 3, 10, 4, 8, 6, 6, 6, 10, 5, 9, 1, 66, 9, 6, 
16: 0, 4, 2, 0, 2, 6, 0, 0, 7, 0, 70, 8, 1, 0, 10, 0, 0, 3, 64, 0, 2, 4, 0, 0, 9, 4, 0, 0, 0, 0, 2, 0, 0, 0, 2, 0, 4, 8, 2, 0, 8, 0, 2, 0, 4, 7, 8, 0, 8, 4, 10, 0, 9, 0, 0, 0, 0, 2, 6, 1, 0, 4, 0, 4, 0, 0, 0, 6, 0, 0, 0, 0, 0, 2, 0, 0, 0, 9, 0, 0, 8, 1, 0, 4, 4, 0, 5, 2, 4, 0, 0, 5, 0, 7, 0, 1, 0, 5, 0, 0, : 4, 2, 2, 6, 7, 70, 8, 1, 10, 3, 64, 2, 4, 9, 4, 2, 2, 4, 8, 2, 8, 2, 4, 7, 8, 8, 4, 10, 9, 2, 6, 1, 4, 4, 6, 2, 9, 8, 1, 4, 4, 5, 2, 4, 5, 7, 1, 5, 
123: 7, 2, 3, 0, 10, 10, 0, 0, 7, 1, 0, 9, 0, 0, 8, 0, 3, 10, 0, 2, 0, 10, 10, 0, 9, 0, 0, 1, 0, 1, 0, 9, 0, 1, 0, 3, 8, 0, 4, 0, 4, 0, 0, 0, 3, 7, 5, 4, 2, 0, 0, 7, 10, 0, 0, 0, 0, 7, 6, 0, 0, 2, 4, 4, 0, 1, 62, 9, 0, 0, 67, 0, 0, 5, 10, 0, 0, 0, 0, 2, 0, 0, 0, 0, 0, 8, 0, 0, 6, 0, 7, 1, 0, 1, 0, 0, 0, 4, 1, 0, : 7, 2, 3, 10, 10, 7, 1, 9, 8, 3, 10, 2, 10, 10, 9, 1, 1, 9, 1, 3, 8, 4, 4, 3, 7, 5, 4, 2, 7, 10, 7, 6, 2, 4, 4, 1, 62, 9, 67, 5, 10, 2, 8, 6, 7, 1, 1, 4, 1, 


190: 7, 0, 0, 0, 0, 10, 1, 0, 5, 4, 0, 4, 6, 0, 0, 65, 7, 0, 7, 0, 0, 5, 7, 0, 4, 0, 0, 3, 3, 6, 3, 0, 5, 10, 10, 7, 6, 8, 0, 0, 8, 0, 0, 9, 8, 0, 0, 1, 2, 0, 0, 3, 3, 1, 63, 0, 0, 0, 0, 3, 5, 0, 0, 6, 1, 0, 0, 4, 1, 5, 0, 0, 0, 9, 0, 0, 7, 9, 2, 0, 4, 0, 0, 2, 10, 1, 9, 7, 0, 4, 5, 4, 1, 0, 3, 0, 6, 0, 2, 0, : 7, 10, 1, 5, 4, 4, 6, 65, 7, 7, 5, 7, 4, 3, 3, 6, 3, 5, 10, 10, 7, 6, 8, 8, 9, 8, 1, 2, 3, 3, 1, 63, 3, 5, 6, 1, 4, 1, 5, 9, 7, 9, 2, 4, 2, 10, 1, 9, 7, 4, 5, 4, 1, 3, 6, 2, 
46: 1, 0, 0, 6, 5, 3, 8, 0, 3, 2, 0, 8, 2, 5, 5, 0, 0, 0, 1, 0, 1, 9, 6, 0, 0, 0, 0, 1, 0, 3, 5, 0, 7, 5, 10, 0, 1, 10, 0, 0, 10, 0, 7, 4, 0, 0, 0, 0, 3, 0, 0, 1, 2, 9, 0, 0, 0, 0, 0, 0, 0, 0, 0, 10, 0, 4, 0, 1, 0, 0, 2, 0, 0, 5, 8, 0, 9, 5, 2, 6, 0, 0, 64, 7, 3, 8, 3, 0, 0, 0, 1, 0, 2, 63, 0, 6, 1, 2, 8, 0, : 1, 6, 5, 3, 8, 3, 2, 8, 2, 5, 5, 1, 1, 9, 6, 1, 3, 5, 7, 5, 10, 1, 10, 10, 7, 4, 3, 1, 2, 9, 10, 4, 1, 2, 5, 8, 9, 5, 2, 6, 64, 7, 3, 8, 3, 1, 2, 63, 6, 1, 2, 8, 
139: 6, 0, 2, 5, 2, 5, 7, 64, 8, 2, 0, 6, 4, 2, 0, 0, 0, 63, 10, 0, 3, 0, 6, 1, 8, 1, 8, 10, 6, 8, 4, 0, 4, 10, 6, 1, 8, 1, 0, 0, 2, 3, 3, 0, 0, 4, 0, 0, 10, 0, 62, 5, 4, 10, 0, 0, 4, 0, 2, 0, 8, 0, 1, 9, 0, 0, 1, 8, 6, 4, 0, 0, 0, 1, 0, 0, 6, 2, 3, 0, 0, 1, 0, 6, 4, 0, 0, 8, 0, 8, 6, 0, 6, 4, 7, 4, 8, 0, 10, 0, : 6, 2, 5, 2, 5, 7, 64, 8, 2, 6, 4, 2, 63, 10, 3, 6, 1, 8, 1, 8, 10, 6, 8, 4, 4, 10, 6, 1, 8, 1, 2, 3, 3, 4, 10, 62, 5, 4, 10, 4, 2, 8, 1, 9, 1, 8, 6, 4, 1, 6, 2, 3, 1, 6, 4, 8, 8, 6, 6, 4, 7, 4, 8, 10, 
73: 6, 0, 0, 0, 0, 3, 6, 0, 2, 0, 0, 2, 0, 0, 0, 0, 8, 6, 4, 0, 6, 0, 7, 0, 1, 0, 0, 3, 9, 6, 0, 0, 10, 4, 3, 0, 0, 3, 0, 10, 1, 10, 4, 4, 0, 0, 7, 0, 5, 0, 0, 0, 3, 0, 0, 1, 0, 4, 0, 0, 5, 0, 6, 2, 0, 0, 0, 5, 0, 8, 65, 0, 0, 0, 0, 0, 3, 9, 2, 4, 0, 9, 0, 1, 9, 0, 0, 0, 0, 0, 0, 0, 0, 8, 6, 4, 8, 68, 6, 0, : 6, 3, 6, 2, 2, 8, 6, 4, 6, 7, 1, 3, 9, 6, 10, 4, 3, 3, 10, 1, 10, 4, 4, 7, 5, 3, 1, 4, 5, 6, 2, 5, 8, 65, 3, 9, 2, 4, 9, 1, 9, 8, 6, 4, 8, 68, 6, 
152: 0, 0, 0, 0, 0, 0, 3, 0, 1, 10, 0, 7, 9, 61, 2, 3, 6, 0, 6, 0, 0, 0, 0, 0, 4, 0, 0, 10, 4, 1, 7, 0, 2, 4, 4, 10, 0, 7, 0, 3, 9, 0, 7, 4, 67, 0, 0, 0, 1, 0, 0, 3, 9, 1, 6, 3, 0, 0, 0, 68, 5, 0, 0, 9, 0, 0, 0, 1, 0, 5, 1, 0, 0, 6, 0, 0, 5, 4, 3, 10, 0, 62, 5, 0, 0, 0, 9, 7, 0, 0, 9, 4, 1, 0, 5, 0, 5, 0, 4, 0, : 3, 1, 10, 7, 9, 61, 2, 3, 6, 6, 4, 10, 4, 1, 7, 2, 4, 4, 10, 7, 3, 9, 7, 4, 67, 1, 3, 9, 1, 6, 3, 68, 5, 9, 1, 5, 1, 6, 5, 4, 3, 10, 62, 5, 9, 7, 9, 4, 1, 5, 5, 4, 
54: 0, 0, 0, 0, 0, 5, 2, 2, 6, 0, 8, 0, 0, 0, 0, 0, 1, 0, 3, 0, 6, 0, 7, 67, 1, 0, 0, 5, 0, 6, 9, 5, 3, 0, 0, 1, 0, 8, 0, 0, 1, 0, 8, 1, 3, 0, 5, 3, 10, 0, 0, 0, 6, 1, 0, 0, 0, 0, 0, 0, 8, 0, 70, 0, 0, 5, 0, 2, 0, 5, 0, 0, 0, 4, 0, 0, 0, 5, 0, 1, 0, 0, 0, 8, 0, 0, 2, 4, 0, 0, 1, 9, 9, 2, 5, 0, 7, 0, 6, 0, : 5, 2, 2, 6, 8, 1, 3, 6, 7, 67, 1, 5, 6, 9, 5, 3, 1, 8, 1, 8, 1, 3, 5, 3, 10, 6, 1, 8, 70, 5, 2, 5, 4, 5, 1, 8, 2, 4, 1, 9, 9, 2, 5, 7, 6, 
49: 8, 2, 0, 0, 0, 0, 0, 0, 10, 4, 0, 6, 0, 0, 0, 0, 8, 0, 9, 0, 0, 1, 0, 0, 7, 0, 9, 4, 7, 5, 2, 5, 2, 3, 4, 8, 8, 0, 0, 0, 3, 2, 1, 3, 0, 0, 0, 0, 1, 0, 1, 2, 0, 2, 0, 2, 0, 2, 0, 1, 1, 2, 0, 4, 0, 0, 0, 3, 0, 10, 0, 0, 0, 2, 0, 0, 4, 0, 8, 6, 5, 0, 1, 5, 0, 0, 9, 6, 0, 0, 4, 10, 10, 0, 8, 0, 1, 5, 3, 0, : 8, 2, 10, 4, 6, 8, 9, 1, 7, 9, 4, 7, 5, 2, 5, 2, 3, 4, 8, 8, 3, 2, 1, 3, 1, 1, 2, 2, 2, 2, 1, 1, 2, 4, 3, 10, 2, 4, 8, 6, 5, 1, 5, 9, 6, 4, 10, 10, 8, 1, 5, 3, 
38: 1, 10, 1, 0, 0, 6, 0, 2, 10, 6, 0, 0, 1, 0, 0, 0, 7, 0, 3, 60, 2, 5, 0, 3, 0, 5, 0, 1, 0, 0, 6, 0, 4, 3, 9, 6, 1, 2, 0, 0, 5, 8, 7, 10, 0, 0, 0, 0, 2, 0, 0, 0, 2, 1, 0, 64, 0, 0, 2, 0, 0, 0, 0, 3, 0, 0, 0, 9, 0, 1, 0, 6, 0, 3, 0, 2, 10, 8, 10, 9, 0, 0, 0, 4, 0, 0, 0, 4, 0, 0, 0, 0, 1, 0, 10, 10, 6, 0, 6, 0, : 1, 10, 1, 6, 2, 10, 6, 1, 7, 3, 60, 2, 5, 3, 5, 1, 6, 4, 3, 9, 6, 1, 2, 5, 8, 7, 10, 2, 2, 1, 64, 2, 3, 9, 1, 6, 3, 2, 10, 8, 10, 9, 4, 4, 1, 10, 10, 6, 6, 
168: 9, 0, 0, 0, 66, 8, 1, 9, 0, 10, 0, 3, 9, 3, 0, 2, 9, 0, 4, 2, 9, 3, 2, 0, 4, 2, 63, 0, 10, 2, 4, 0, 8, 9, 4, 1, 0, 2, 8, 2, 4, 3, 4, 0, 0, 0, 0, 0, 0, 0, 0, 9, 0, 1, 0, 2, 3, 0, 3, 8, 2, 3, 0, 2, 1, 0, 0, 4, 0, 2, 0, 0, 0, 4, 2, 9, 0, 7, 5, 6, 0, 0, 0, 1, 8, 0, 0, 6, 8, 60, 1, 0, 0, 0, 7, 8, 1, 2, 10, 0, : 9, 66, 8, 1, 9, 10, 3, 9, 3, 2, 9, 4, 2, 9, 3, 2, 4, 2, 63, 10, 2, 4, 8, 9, 4, 1, 2, 8, 2, 4, 3, 4, 9, 1, 2, 3, 3, 8, 2, 3, 2, 1, 4, 2, 4, 2, 9, 7, 5, 6, 1, 8, 6, 8, 60, 1, 7, 8, 1, 2, 10, 
89: 10, 0, 0, 0, 0, 1, 9, 0, 4, 10, 61, 2, 4, 0, 0, 0, 8, 0, 7, 0, 5, 2, 10, 7, 6, 0, 0, 5, 7, 3, 4, 0, 3, 8, 2, 0, 0, 7, 0, 0, 0, 0, 8, 9, 0, 0, 67, 0, 3, 1, 0, 10, 0, 6, 0, 0, 0, 68, 0, 0, 0, 0, 0, 2, 8, 0, 8, 5, 0, 3, 0, 4, 0, 7, 0, 0, 0, 0, 1, 8, 0, 0, 0, 4, 10, 0, 6, 0, 0, 2, 3, 10, 5, 0, 10, 0, 5, 0, 0, 5, : 10, 1, 9, 4, 10, 61, 2, 4, 8, 7, 5, 2, 10, 7, 6, 5, 7, 3, 4, 3, 8, 2, 7, 8, 9, 67, 3, 1, 10, 6, 68, 2, 8, 8, 5, 3, 4, 7, 1, 8, 4, 10, 6, 2, 3, 10, 5, 10, 5, 5, 
125: 4, 0, 63, 0, 0, 7, 0, 2, 7, 9, 0, 1, 3, 0, 0, 0, 5, 0, 0, 0, 10, 6, 0, 0, 1, 9, 0, 6, 7, 1, 6, 61, 4, 5, 2, 0, 10, 0, 0, 0, 5, 4, 0, 5, 0, 0, 0, 0, 7, 0, 0, 8, 3, 4, 0, 2, 6, 0, 0, 0, 0, 1, 0, 1, 0, 4, 0, 4, 0, 7, 0, 70, 1, 1, 0, 2, 0, 10, 3, 2, 7, 0, 0, 2, 3, 0, 8, 4, 8, 0, 10, 4, 10, 0, 1, 1, 0, 2, 0, 0, : 4, 63, 7, 2, 7, 9, 1, 3, 5, 10, 6, 1, 9, 6, 7, 1, 6, 61, 4, 5, 2, 10, 5, 4, 5, 7, 8, 3, 4, 2, 6, 1, 1, 4, 4, 7, 70, 1, 1, 2, 10, 3, 2, 7, 2, 3, 8, 4, 8, 10, 4, 10, 1, 1, 2, 
136: 0, 0, 0, 0, 0, 9, 3, 1, 5, 2, 0, 2, 1, 1, 0, 0, 10, 0, 0, 0, 3, 8, 3, 0, 7, 62, 0, 1, 0, 6, 7, 0, 1, 2, 5, 1, 0, 1, 0, 0, 6, 10, 5, 6, 0, 0, 1, 0, 9, 1, 0, 5, 6, 1, 0, 0, 0, 5, 0, 0, 2, 0, 0, 2, 0, 0, 0, 2, 0, 1, 5, 0, 0, 3, 0, 0, 7, 3, 6, 9, 0, 0, 0, 9, 1, 0, 5, 0, 62, 0, 2, 10, 0, 0, 0, 0, 10, 0, 0, 60, : 9, 3, 1, 5, 2, 2, 1, 1, 10, 3, 8, 3, 7, 62, 1, 6, 7, 1, 2, 5, 1, 1, 6, 10, 5, 6, 1, 9, 1, 5, 6, 1, 5, 2, 2, 2, 1, 5, 3, 7, 3, 6, 9, 9, 1, 5, 62, 2, 10, 10, 60, 
90: 0, 0, 8, 0, 0, 0, 8, 0, 4, 0, 0, 7, 5, 0, 0, 0, 1, 0, 0, 0, 10, 6, 8, 0, 1, 0, 0, 2, 9, 4, 0, 0, 2, 0, 4, 2, 6, 0, 0, 0, 5, 2, 9, 0, 0, 0, 0, 9, 3, 0, 0, 3, 2, 8, 7, 1, 1, 0, 0, 0, 4, 3, 0, 4, 5, 0, 0, 3, 2, 0, 0, 0, 9, 2, 66, 0, 0, 0, 3, 0, 0, 0, 1, 5, 4, 2, 8, 5, 1, 0, 10, 4, 9, 0, 9, 4, 2, 0, 7, 3, : 8, 8, 4, 7, 5, 1, 10, 6, 8, 1, 2, 9, 4, 2, 4, 2, 6, 5, 2, 9, 9, 3, 3, 2, 8, 7, 1, 1, 4, 3, 4, 5, 3, 2, 9, 2, 66, 3, 1, 5, 4, 2, 8, 5, 1, 10, 4, 9, 9, 4, 2, 7, 3, 
160: 1, 0, 0, 0, 0, 6, 0, 0, 2, 9, 0, 6, 6, 0, 0, 0, 1, 0, 7, 6, 9, 4, 0, 0, 4, 0, 0, 6, 1, 5, 2, 0, 1, 0, 4, 7, 8, 0, 0, 65, 0, 5, 7, 0, 1, 67, 0, 0, 5, 0, 0, 9, 10, 8, 2, 0, 1, 0, 0, 0, 10, 0, 1, 0, 0, 0, 6, 0, 0, 10, 0, 0, 66, 0, 0, 1, 3, 4, 4, 9, 0, 1, 9, 5, 5, 0, 7, 7, 0, 0, 4, 7, 7, 0, 2, 6, 0, 0, 4, 0, : 1, 6, 2, 9, 6, 6, 1, 7, 6, 9, 4, 4, 6, 1, 5, 2, 1, 4, 7, 8, 65, 5, 7, 1, 67, 5, 9, 10, 8, 2, 1, 10, 1, 6, 10, 66, 1, 3, 4, 4, 9, 1, 9, 5, 5, 7, 7, 4, 7, 7, 2, 6, 4, 
101: 0, 0, 0, 0, 0, 0, 0, 0, 6, 0, 4, 3, 1, 0, 0, 0, 5, 0, 3, 0, 4, 10, 9, 2, 1, 0, 0, 0, 10, 10, 2, 0, 4, 2, 1, 10, 6, 2, 4, 0, 8, 8, 4, 5, 0, 0, 0, 4, 8, 63, 6, 1, 10, 1, 0, 0, 0, 0, 0, 0, 1, 0, 2, 5, 0, 0, 1, 10, 0, 1, 0, 0, 0, 9, 0, 66, 10, 0, 3, 3, 0, 0, 0, 0, 0, 69, 4, 2, 0, 0, 10, 2, 1, 0, 3, 0, 5, 0, 2, 0, : 6, 4, 3, 1, 5, 3, 4, 10, 9, 2, 1, 10, 10, 2, 4, 2, 1, 10, 6, 2, 4, 8, 8, 4, 5, 4, 8, 63, 6, 1, 10, 1, 1, 2, 5, 1, 10, 1, 9, 66, 10, 3, 3, 69, 4, 2, 10, 2, 1, 3, 5, 2, 
115: 1, 0, 3, 0, 0, 3, 10, 0, 1, 0, 0, 3, 7, 5, 3, 0, 1, 10, 6, 10, 2, 0, 8, 0, 9, 0, 0, 9, 1, 0, 8, 5, 2, 7, 10, 10, 10, 4, 0, 0, 7, 6, 6, 1, 0, 0, 0, 61, 2, 0, 1, 5, 2, 8, 0, 1, 0, 0, 3, 0, 8, 0, 0, 10, 0, 0, 3, 6, 1, 0, 7, 0, 0, 7, 0, 0, 0, 0, 1, 1, 0, 5, 0, 0, 6, 0, 2, 6, 1, 0, 4, 6, 8, 0, 0, 7, 3, 0, 7, 0, : 1, 3, 3, 10, 1, 3, 7, 5, 3, 1, 10, 6, 10, 2, 8, 9, 9, 1, 8, 5, 2, 7, 10, 10, 10, 4, 7, 6, 6, 1, 61, 2, 1, 5, 2, 8, 1, 3, 8, 10, 3, 6, 1, 7, 7, 1, 1, 5, 6, 2, 6, 1, 4, 6, 8, 7, 3, 7, 
124: 9, 0, 0, 0, 0, 0, 8, 0, 0, 3, 0, 8, 7, 0, 0, 0, 2, 0, 0, 1, 0, 0, 0, 0, 10, 0, 0, 1, 4, 8, 3, 0, 6, 2, 2, 3, 1, 3, 0, 0, 0, 9, 0, 10, 1, 0, 0, 2, 0, 0, 10, 7, 0, 4, 0, 1, 0, 0, 0, 0, 5, 4, 0, 4, 0, 0, 0, 5, 8, 6, 0, 0, 1, 8, 0, 0, 4, 2, 7, 2, 0, 0, 0, 4, 3, 0, 0, 0, 0, 4, 6, 0, 1, 0, 0, 9, 7, 0, 3, 0, : 9, 8, 3, 8, 7, 2, 1, 10, 1, 4, 8, 3, 6, 2, 2, 3, 1, 3, 9, 10, 1, 2, 10, 7, 4, 1, 5, 4, 4, 5, 8, 6, 1, 8, 4, 2, 7, 2, 4, 3, 4, 6, 1, 9, 7, 3, 
100: 9, 0, 3, 69, 0, 3, 0, 0, 3, 3, 0, 1, 5, 3, 0, 10, 0, 1, 0, 1, 0, 9, 0, 0, 2, 0, 0, 6, 0, 2, 8, 4, 4, 0, 0, 0, 0, 4, 66, 0, 1, 0, 0, 9, 0, 9, 0, 0, 2, 8, 0, 3, 8, 7, 0, 2, 0, 0, 7, 0, 6, 0, 0, 0, 0, 5, 61, 2, 0, 3, 0, 0, 1, 6, 0, 0, 6, 0, 9, 0, 0, 0, 0, 4, 4, 0, 8, 0, 0, 2, 0, 0, 0, 0, 0, 6, 3, 0, 0, 10, : 9, 3, 69, 3, 3, 3, 1, 5, 3, 10, 1, 1, 9, 2, 6, 2, 8, 4, 4, 4, 66, 1, 9, 9, 2, 8, 3, 8, 7, 2, 7, 6, 5, 61, 2, 3, 1, 6, 6, 9, 4, 4, 8, 2, 6, 3, 10, 
22: 4, 0, 0, 0, 0, 3, 5, 0, 1, 6, 7, 9, 1, 0, 66, 0, 0, 0, 7, 0, 6, 2, 7, 0, 0, 0, 0, 0, 2, 2, 0, 0, 6, 0, 0, 6, 10, 9, 1, 0, 0, 6, 0, 0, 0, 0, 0, 0, 1, 0, 0, 2, 10, 6, 2, 0, 60, 0, 63, 0, 1, 67, 0, 6, 0, 0, 0, 4, 0, 2, 0, 0, 0, 3, 3, 0, 1, 10, 0, 1, 64, 0, 0, 8, 9, 0, 0, 7, 0, 0, 1, 10, 9, 0, 0, 7, 0, 0, 0, 0, : 4, 3, 5, 1, 6, 7, 9, 1, 66, 7, 6, 2, 7, 2, 2, 6, 6, 10, 9, 1, 6, 1, 2, 10, 6, 2, 60, 63, 1, 67, 6, 4, 2, 3, 3, 1, 10, 1, 64, 8, 9, 7, 1, 10, 9, 7, 
141: 4, 68, 0, 0, 7, 8, 9, 0, 2, 0, 0, 2, 9, 0, 4, 0, 1, 0, 3, 0, 4, 10, 0, 0, 10, 1, 0, 7, 0, 2, 0, 0, 2, 6, 0, 7, 5, 9, 1, 0, 5, 4, 0, 0, 0, 0, 0, 0, 6, 7, 0, 4, 0, 1, 0, 1, 5, 1, 0, 0, 9, 0, 0, 1, 65, 62, 0, 2, 62, 7, 0, 0, 2, 0, 1, 0, 5, 2, 8, 3, 0, 2, 0, 5, 1, 0, 0, 7, 0, 0, 3, 0, 0, 3, 4, 8, 2, 1, 2, 2, : 4, 68, 7, 8, 9, 2, 2, 9, 4, 1, 3, 4, 10, 10, 1, 7, 2, 2, 6, 7, 5, 9, 1, 5, 4, 6, 7, 4, 1, 1, 5, 1, 9, 1, 65, 62, 2, 62, 7, 2, 1, 5, 2, 8, 3, 2, 5, 1, 7, 3, 3, 4, 8, 2, 1, 2, 2, 


58: 0, 4, 0, 0, 5, 9, 3, 5, 0, 2, 0, 0, 2, 10, 2, 0, 0, 0, 2, 2, 4, 8, 1, 0, 8, 0, 6, 1, 9, 3, 1, 4, 0, 10, 8, 6, 0, 7, 9, 9, 10, 0, 2, 0, 0, 1, 8, 7, 5, 0, 0, 1, 0, 0, 3, 0, 4, 1, 1, 6, 0, 0, 0, 0, 0, 6, 0, 5, 1, 0, 3, 4, 0, 7, 0, 0, 2, 0, 9, 4, 7, 2, 4, 9, 2, 0, 9, 0, 0, 1, 6, 8, 7, 5, 0, 2, 0, 2, 0, 5, : 4, 5, 9, 3, 5, 2, 2, 10, 2, 2, 2, 4, 8, 1, 8, 6, 1, 9, 3, 1, 4, 10, 8, 6, 7, 9, 9, 10, 2, 1, 8, 7, 5, 1, 3, 4, 1, 1, 6, 6, 5, 1, 3, 4, 7, 2, 9, 4, 7, 2, 4, 9, 2, 9, 1, 6, 8, 7, 5, 2, 2, 5, 
28: 67, 7, 0, 61, 0, 7, 10, 8, 0, 1, 0, 0, 0, 0, 7, 0, 0, 0, 8, 9, 9, 0, 0, 0, 6, 0, 0, 2, 8, 0, 2, 9, 7, 0, 0, 2, 0, 10, 0, 0, 6, 0, 3, 0, 0, 6, 0, 0, 1, 0, 0, 0, 0, 9, 0, 0, 1, 8, 9, 70, 0, 69, 0, 0, 5, 0, 6, 0, 10, 0, 8, 10, 2, 9, 0, 2, 6, 5, 2, 0, 6, 0, 1, 8, 0, 0, 2, 0, 1, 7, 0, 7, 10, 10, 0, 0, 4, 1, 69, 7, : 67, 7, 61, 7, 10, 8, 1, 7, 8, 9, 9, 6, 2, 8, 2, 9, 7, 2, 10, 6, 3, 6, 1, 9, 1, 8, 9, 70, 69, 5, 6, 10, 8, 10, 2, 9, 2, 6, 5, 2, 6, 1, 8, 2, 1, 7, 7, 10, 10, 4, 1, 69, 7, 
166: 0, 10, 8, 0, 8, 1, 6, 9, 0, 0, 0, 0, 3, 0, 2, 0, 0, 0, 64, 5, 7, 0, 6, 0, 9, 1, 8, 1, 0, 0, 0, 7, 0, 3, 0, 4, 0, 10, 0, 0, 0, 0, 0, 0, 0, 0, 0, 1, 8, 0, 0, 6, 0, 0, 5, 0, 7, 8, 4, 0, 4, 0, 0, 0, 0, 0, 2, 61, 9, 3, 0, 7, 0, 5, 0, 0, 5, 2, 0, 0, 0, 7, 0, 5, 1, 0, 10, 0, 3, 1, 0, 2, 0, 1, 0, 0, 0, 0, 0, 5, : 10, 8, 8, 1, 6, 9, 3, 2, 64, 5, 7, 6, 9, 1, 8, 1, 7, 3, 4, 10, 1, 8, 6, 5, 7, 8, 4, 4, 2, 61, 9, 3, 7, 5, 5, 2, 7, 5, 1, 10, 3, 1, 2, 1, 5, 
183: 0, 2, 2, 0, 2, 0, 1, 6, 0, 0, 1, 0, 3, 3, 3, 0, 0, 2, 0, 4, 7, 7, 10, 0, 10, 0, 0, 4, 10, 2, 3, 10, 0, 5, 60, 0, 0, 8, 0, 0, 0, 0, 7, 0, 0, 0, 8, 0, 4, 0, 2, 9, 1, 1, 7, 0, 0, 0, 7, 0, 0, 0, 0, 1, 0, 0, 7, 0, 1, 0, 1, 0, 9, 10, 0, 0, 4, 4, 7, 4, 8, 6, 0, 2, 0, 0, 1, 0, 2, 7, 0, 1, 0, 0, 0, 0, 0, 9, 9, 0, : 2, 2, 2, 1, 6, 1, 3, 3, 3, 2, 4, 7, 7, 10, 10, 4, 10, 2, 3, 10, 5, 60, 8, 7, 8, 4, 2, 9, 1, 1, 7, 7, 1, 7, 1, 1, 9, 10, 4, 4, 7, 4, 8, 6, 2, 1, 2, 7, 1, 9, 9, 
81: 0, 0, 3, 0, 4, 9, 7, 0, 0, 0, 0, 0, 10, 7, 0, 0, 0, 0, 1, 9, 6, 2, 2, 0, 0, 0, 0, 2, 10, 1, 0, 0, 0, 0, 0, 1, 0, 2, 0, 0, 0, 0, 0, 65, 0, 7, 60, 2, 7, 0, 0, 10, 10, 7, 3, 67, 0, 9, 3, 0, 0, 3, 0, 0, 0, 0, 0, 0, 8, 0, 6, 0, 0, 4, 0, 0, 5, 4, 0, 67, 0, 1, 6, 2, 9, 0, 4, 0, 0, 2, 0, 0, 0, 4, 10, 0, 0, 7, 0, 3, : 3, 4, 9, 7, 10, 7, 1, 9, 6, 2, 2, 2, 10, 1, 1, 2, 65, 7, 60, 2, 7, 10, 10, 7, 3, 67, 9, 3, 3, 8, 6, 4, 5, 4, 67, 1, 6, 2, 9, 4, 2, 4, 10, 7, 3, 
9: 0, 1, 4, 0, 0, 0, 3, 5, 6, 2, 9, 0, 9, 7, 0, 3, 0, 0, 0, 1, 8, 5, 2, 1, 8, 0, 4, 1, 1, 0, 10, 6, 0, 6, 4, 0, 0, 6, 0, 6, 1, 0, 7, 10, 0, 0, 0, 8, 0, 0, 0, 9, 9, 6, 8, 5, 8, 10, 0, 0, 0, 0, 0, 0, 6, 0, 0, 0, 3, 10, 8, 0, 1, 0, 0, 0, 0, 7, 0, 0, 2, 4, 0, 3, 7, 10, 0, 0, 0, 0, 0, 0, 0, 3, 0, 5, 0, 9, 0, 6, : 1, 4, 3, 5, 6, 2, 9, 9, 7, 3, 1, 8, 5, 2, 1, 8, 4, 1, 1, 10, 6, 6, 4, 6, 6, 1, 7, 10, 8, 9, 9, 6, 8, 5, 8, 10, 6, 3, 10, 8, 1, 7, 2, 4, 3, 7, 10, 3, 5, 9, 6, 
98: 0, 2, 5, 0, 2, 10, 5, 0, 0, 0, 0, 2, 7, 2, 3, 5, 0, 60, 0, 3, 0, 4, 8, 5, 1, 0, 1, 8, 3, 0, 10, 2, 3, 8, 0, 10, 0, 3, 3, 2, 0, 0, 10, 0, 5, 1, 0, 10, 6, 0, 0, 9, 2, 3, 0, 0, 8, 0, 0, 0, 0, 0, 0, 6, 0, 0, 5, 2, 1, 0, 7, 0, 0, 0, 0, 0, 9, 2, 0, 1, 5, 3, 4, 4, 8, 0, 0, 0, 0, 7, 0, 0, 9, 6, 0, 0, 69, 0, 0, 5, : 2, 5, 2, 10, 5, 2, 7, 2, 3, 5, 60, 3, 4, 8, 5, 1, 1, 8, 3, 10, 2, 3, 8, 10, 3, 3, 2, 10, 5, 1, 10, 6, 9, 2, 3, 8, 6, 5, 2, 1, 7, 9, 2, 1, 5, 3, 4, 4, 8, 7, 9, 6, 69, 5, 
134: 0, 7, 1, 0, 2, 0, 5, 3, 0, 0, 0, 0, 1, 8, 10, 0, 0, 0, 0, 8, 8, 9, 8, 0, 1, 0, 0, 2, 0, 0, 8, 0, 0, 0, 0, 9, 0, 6, 0, 2, 5, 0, 2, 0, 0, 9, 1, 6, 0, 0, 0, 9, 4, 3, 0, 0, 4, 10, 9, 0, 10, 0, 0, 0, 0, 0, 7, 0, 2, 0, 0, 7, 0, 4, 10, 0, 0, 0, 0, 0, 8, 0, 6, 4, 4, 0, 5, 0, 0, 7, 0, 9, 0, 7, 0, 0, 0, 2, 1, 0, : 7, 1, 2, 5, 3, 1, 8, 10, 8, 8, 9, 8, 1, 2, 8, 9, 6, 2, 5, 2, 9, 1, 6, 9, 4, 3, 4, 10, 9, 10, 7, 2, 7, 4, 10, 8, 6, 4, 4, 5, 7, 9, 7, 2, 1, 
167: 0, 0, 6, 10, 10, 2, 0, 2, 63, 0, 0, 0, 4, 0, 6, 64, 0, 0, 0, 5, 6, 7, 5, 0, 0, 0, 0, 6, 8, 0, 0, 9, 0, 10, 0, 7, 62, 0, 0, 0, 8, 3, 0, 0, 4, 0, 0, 9, 0, 7, 0, 2, 7, 0, 1, 0, 0, 6, 6, 3, 0, 0, 4, 7, 0, 0, 7, 0, 7, 0, 7, 9, 0, 0, 0, 6, 0, 7, 7, 0, 2, 2, 0, 0, 8, 0, 3, 0, 0, 0, 0, 0, 10, 0, 0, 67, 0, 0, 0, 9, : 6, 10, 10, 2, 2, 63, 4, 6, 64, 5, 6, 7, 5, 6, 8, 9, 10, 7, 62, 8, 3, 4, 9, 7, 2, 7, 1, 6, 6, 3, 4, 7, 7, 7, 7, 9, 6, 7, 7, 2, 2, 8, 3, 10, 67, 9, 
33: 0, 1, 6, 0, 0, 5, 0, 10, 1, 6, 0, 0, 0, 1, 10, 0, 0, 0, 0, 3, 2, 0, 3, 0, 0, 0, 6, 8, 0, 4, 5, 2, 0, 9, 0, 2, 0, 0, 0, 0, 2, 3, 3, 0, 1, 6, 0, 9, 2, 0, 68, 0, 3, 1, 2, 2, 8, 0, 7, 0, 0, 0, 0, 0, 0, 0, 10, 0, 4, 0, 0, 0, 0, 6, 0, 0, 7, 3, 3, 0, 4, 3, 5, 0, 9, 0, 0, 0, 0, 8, 0, 0, 9, 2, 0, 0, 0, 0, 0, 3, : 1, 6, 5, 10, 1, 6, 1, 10, 3, 2, 3, 6, 8, 4, 5, 2, 9, 2, 2, 3, 3, 1, 6, 9, 2, 68, 3, 1, 2, 2, 8, 7, 10, 4, 6, 7, 3, 3, 4, 3, 5, 9, 8, 9, 2, 3, 
5: 0, 4, 4, 5, 0, 6, 10, 5, 0, 0, 0, 6, 8, 2, 3, 0, 60, 0, 0, 4, 1, 0, 4, 6, 2, 3, 0, 4, 3, 0, 5, 1, 0, 1, 0, 0, 4, 7, 0, 0, 0, 0, 9, 0, 0, 3, 0, 5, 7, 0, 3, 0, 8, 10, 8, 1, 9, 0, 0, 0, 65, 0, 0, 62, 60, 0, 3, 0, 3, 0, 7, 8, 4, 7, 0, 3, 2, 7, 3, 0, 4, 2, 10, 0, 9, 0, 8, 0, 61, 5, 0, 7, 1, 0, 0, 0, 4, 3, 0, 5, : 4, 4, 5, 6, 10, 5, 6, 8, 2, 3, 60, 4, 1, 4, 6, 2, 3, 4, 3, 5, 1, 1, 4, 7, 9, 3, 5, 7, 3, 8, 10, 8, 1, 9, 65, 62, 60, 3, 3, 7, 8, 4, 7, 3, 2, 7, 3, 4, 2, 10, 9, 8, 61, 5, 7, 1, 4, 3, 5, 
105: 0, 7, 9, 0, 6, 10, 9, 3, 0, 0, 64, 0, 2, 1, 4, 0, 7, 8, 0, 1, 0, 0, 7, 0, 5, 0, 1, 1, 0, 0, 3, 2, 0, 0, 0, 9, 0, 0, 0, 0, 10, 6, 8, 0, 0, 1, 0, 5, 0, 0, 0, 5, 1, 0, 0, 0, 7, 8, 7, 0, 0, 0, 0, 0, 0, 0, 2, 0, 9, 0, 0, 8, 0, 7, 0, 0, 4, 8, 0, 0, 8, 1, 0, 5, 2, 65, 0, 69, 0, 7, 0, 5, 0, 6, 0, 0, 0, 1, 0, 7, : 7, 9, 6, 10, 9, 3, 64, 2, 1, 4, 7, 8, 1, 7, 5, 1, 1, 3, 2, 9, 10, 6, 8, 1, 5, 5, 1, 7, 8, 7, 2, 9, 8, 7, 4, 8, 8, 1, 5, 2, 65, 69, 7, 5, 6, 1, 7, 
106: 0, 1, 5, 0, 0, 0, 0, 5, 1, 0, 0, 0, 6, 2, 0, 8, 0, 0, 5, 6, 3, 0, 0, 60, 2, 5, 7, 6, 0, 64, 7, 0, 0, 1, 8, 4, 0, 4, 0, 0, 10, 0, 0, 3, 3, 1, 0, 5, 10, 0, 1, 3, 9, 6, 7, 0, 0, 0, 0, 0, 0, 8, 0, 0, 0, 67, 2, 0, 1, 0, 1, 1, 61, 0, 61, 67, 10, 9, 10, 0, 1, 7, 5, 10, 9, 0, 3, 0, 0, 8, 0, 0, 9, 5, 0, 0, 0, 0, 0, 0, : 1, 5, 5, 1, 6, 2, 8, 5, 6, 3, 60, 2, 5, 7, 6, 64, 7, 1, 8, 4, 4, 10, 3, 3, 1, 5, 10, 1, 3, 9, 6, 7, 8, 67, 2, 1, 1, 1, 61, 61, 67, 10, 9, 10, 1, 7, 5, 10, 9, 3, 8, 9, 5, 
57: 0, 5, 1, 0, 5, 7, 5, 6, 0, 3, 0, 5, 7, 2, 7, 0, 0, 9, 0, 1, 1, 8, 6, 0, 0, 4, 10, 8, 3, 0, 0, 4, 0, 0, 0, 2, 0, 1, 65, 0, 3, 0, 3, 0, 0, 8, 0, 3, 8, 0, 0, 4, 8, 0, 0, 0, 0, 2, 0, 0, 0, 0, 6, 0, 0, 0, 4, 6, 1, 67, 1, 0, 0, 0, 0, 0, 6, 0, 0, 0, 5, 10, 0, 0, 2, 0, 0, 3, 0, 2, 0, 0, 8, 4, 1, 0, 0, 9, 0, 4, : 5, 1, 5, 7, 5, 6, 3, 5, 7, 2, 7, 9, 1, 1, 8, 6, 4, 10, 8, 3, 4, 2, 1, 65, 3, 3, 8, 3, 8, 4, 8, 2, 6, 4, 6, 1, 67, 1, 6, 5, 10, 2, 3, 2, 8, 4, 1, 9, 4, 
196: 7, 0, 10, 3, 4, 0, 0, 2, 0, 3, 0, 0, 4, 9, 0, 0, 2, 0, 0, 4, 0, 3, 0, 0, 8, 0, 6, 7, 6, 0, 5, 8, 0, 5, 0, 5, 7, 6, 3, 60, 4, 67, 4, 1, 67, 8, 0, 0, 2, 65, 0, 1, 5, 5, 0, 5, 0, 5, 0, 0, 0, 0, 0, 0, 3, 0, 5, 0, 9, 0, 7, 10, 0, 6, 9, 0, 7, 3, 8, 0, 2, 2, 8, 8, 3, 1, 7, 6, 0, 6, 7, 10, 0, 4, 0, 0, 0, 8, 0, 3, : 7, 10, 3, 4, 2, 3, 4, 9, 2, 4, 3, 8, 6, 7, 6, 5, 8, 5, 5, 7, 6, 3, 60, 4, 67, 4, 1, 67, 8, 2, 65, 1, 5, 5, 5, 5, 3, 5, 9, 7, 10, 6, 9, 7, 3, 8, 2, 2, 8, 8, 3, 1, 7, 6, 6, 7, 10, 4, 8, 3, 
91: 0, 4, 0, 0, 10, 0, 0, 0, 0, 2, 0, 0, 2, 10, 3, 0, 1, 0, 0, 5, 1, 10, 1, 0, 0, 0, 7, 4, 9, 0, 4, 1, 0, 9, 0, 8, 0, 0, 0, 0, 3, 0, 0, 0, 0, 5, 2, 0, 3, 0, 0, 4, 0, 2, 9, 0, 9, 7, 5, 0, 0, 0, 0, 0, 0, 7, 8, 0, 1, 0, 6, 9, 0, 7, 0, 0, 2, 2, 0, 0, 0, 9, 4, 8, 0, 0, 0, 2, 0, 1, 67, 9, 10, 1, 0, 0, 3, 6, 0, 5, : 4, 10, 2, 2, 10, 3, 1, 5, 1, 10, 1, 7, 4, 9, 4, 1, 9, 8, 3, 5, 2, 3, 4, 2, 9, 9, 7, 5, 7, 8, 1, 6, 9, 7, 2, 2, 9, 4, 8, 2, 1, 67, 9, 10, 1, 3, 6, 5, 
4: 0, 10, 2, 0, 7, 0, 8, 2, 8, 61, 6, 64, 3, 9, 4, 0, 0, 1, 0, 1, 8, 3, 4, 5, 0, 2, 8, 9, 3, 2, 0, 6, 70, 2, 0, 1, 4, 6, 0, 0, 9, 1, 4, 0, 0, 10, 1, 2, 5, 0, 0, 6, 9, 6, 10, 0, 6, 4, 3, 0, 1, 0, 61, 0, 0, 0, 0, 0, 4, 0, 2, 0, 3, 0, 0, 0, 0, 10, 6, 0, 0, 9, 7, 5, 0, 0, 10, 0, 0, 7, 0, 9, 1, 9, 0, 0, 0, 7, 1, 8, : 10, 2, 7, 8, 2, 8, 61, 6, 64, 3, 9, 4, 1, 1, 8, 3, 4, 5, 2, 8, 9, 3, 2, 6, 70, 2, 1, 4, 6, 9, 1, 4, 10, 1, 2, 5, 6, 9, 6, 10, 6, 4, 3, 1, 61, 4, 2, 3, 10, 6, 9, 7, 5, 10, 7, 9, 1, 9, 7, 1, 8, 
92: 0, 7, 0, 0, 9, 8, 8, 0, 0, 0, 0, 0, 0, 7, 6, 0, 0, 0, 0, 0, 1, 8, 5, 0, 9, 65, 8, 1, 0, 0, 10, 4, 0, 7, 0, 10, 0, 2, 0, 0, 0, 0, 8, 1, 0, 4, 0, 5, 2, 0, 4, 0, 0, 7, 6, 0, 2, 2, 6, 0, 0, 0, 7, 0, 6, 0, 8, 0, 5, 0, 3, 7, 0, 8, 0, 0, 2, 5, 6, 0, 10, 8, 10, 0, 3, 0, 10, 0, 6, 3, 0, 6, 2, 7, 69, 2, 0, 6, 0, 1, : 7, 9, 8, 8, 7, 6, 1, 8, 5, 9, 65, 8, 1, 10, 4, 7, 10, 2, 8, 1, 4, 5, 2, 4, 7, 6, 2, 2, 6, 7, 6, 8, 5, 3, 7, 8, 2, 5, 6, 10, 8, 10, 3, 10, 6, 3, 6, 2, 7, 69, 2, 6, 1, 
31: 6, 5, 7, 0, 0, 5, 0, 2, 0, 0, 0, 3, 0, 0, 0, 0, 0, 0, 0, 0, 0, 6, 0, 0, 4, 0, 3, 2, 0, 0, 0, 4, 0, 4, 0, 0, 3, 2, 0, 0, 9, 0, 10, 0, 0, 8, 0, 3, 3, 8, 2, 0, 1, 8, 8, 0, 7, 0, 4, 1, 0, 0, 0, 0, 0, 0, 4, 0, 1, 0, 3, 0, 0, 0, 0, 2, 0, 2, 9, 4, 1, 1, 0, 3, 1, 0, 0, 0, 0, 0, 0, 5, 0, 3, 0, 0, 0, 7, 0, 0, : 6, 5, 7, 5, 2, 3, 6, 4, 3, 2, 4, 4, 3, 2, 9, 10, 8, 3, 3, 8, 2, 1, 8, 8, 7, 4, 1, 4, 1, 3, 2, 2, 9, 4, 1, 1, 3, 1, 5, 3, 7, 
156: 0, 3, 7, 1, 6, 1, 0, 7, 1, 0, 0, 0, 9, 0, 10, 0, 10, 0, 0, 9, 8, 0, 8, 3, 7, 0, 5, 3, 7, 4, 7, 1, 0, 0, 0, 0, 0, 0, 0, 1, 0, 0, 0, 0, 0, 2, 0, 0, 7, 0, 0, 2, 3, 6, 3, 0, 0, 0, 9, 0, 0, 0, 2, 4, 0, 0, 0, 6, 0, 0, 10, 0, 0, 0, 0, 0, 9, 0, 10, 0, 7, 3, 10, 4, 3, 4, 8, 0, 7, 1, 0, 2, 4, 3, 0, 4, 0, 3, 0, 4, : 3, 7, 1, 6, 1, 7, 1, 9, 10, 10, 9, 8, 8, 3, 7, 5, 3, 7, 4, 7, 1, 1, 2, 7, 2, 3, 6, 3, 9, 2, 4, 6, 10, 9, 10, 7, 3, 10, 4, 3, 4, 8, 7, 1, 2, 4, 3, 4, 3, 4, 


180: 5, 0, 1, 1, 0, 0, 0, 0, 2, 0, 0, 4, 6, 0, 0, 4, 0, 3, 3, 0, 1, 5, 0, 3, 0, 0, 0, 0, 9, 9, 0, 9, 3, 1, 0, 0, 60, 5, 10, 7, 0, 2, 0, 1, 0, 3, 0, 0, 0, 0, 0, 0, 0, 4, 0, 0, 64, 0, 0, 6, 0, 0, 5, 0, 0, 1, 1, 0, 0, 0, 0, 62, 5, 0, 8, 0, 0, 10, 10, 0, 5, 0, 7, 0, 7, 3, 9, 2, 0, 6, 0, 0, 6, 7, 2, 0, 0, 2, 7, 3, : 5, 1, 1, 2, 4, 6, 4, 3, 3, 1, 5, 3, 9, 9, 9, 3, 1, 60, 5, 10, 7, 2, 1, 3, 4, 64, 6, 5, 1, 1, 62, 5, 8, 10, 10, 5, 7, 7, 3, 9, 2, 6, 6, 7, 2, 2, 7, 3, 
109: 0, 0, 0, 0, 8, 10, 0, 7, 7, 7, 0, 8, 0, 8, 9, 7, 0, 10, 0, 0, 0, 0, 0, 1, 5, 0, 0, 6, 5, 2, 0, 1, 10, 0, 1, 1, 0, 1, 0, 1, 0, 1, 0, 4, 0, 0, 7, 0, 0, 0, 7, 0, 3, 1, 0, 0, 0, 0, 0, 9, 4, 3, 8, 4, 0, 0, 9, 0, 0, 7, 0, 0, 3, 67, 0, 2, 0, 8, 0, 9, 10, 0, 4, 0, 0, 2, 0, 5, 0, 0, 0, 7, 9, 3, 0, 0, 0, 0, 0, 10, : 8, 10, 7, 7, 7, 8, 8, 9, 7, 10, 1, 5, 6, 5, 2, 1, 10, 1, 1, 1, 1, 1, 4, 7, 7, 3, 1, 9, 4, 3, 8, 4, 9, 7, 3, 67, 2, 8, 9, 10, 4, 2, 5, 7, 9, 3, 10, 
64: 0, 5, 8, 0, 0, 0, 61, 0, 9, 6, 0, 7, 9, 0, 5, 0, 0, 5, 3, 0, 5, 0, 1, 9, 3, 0, 0, 0, 1, 9, 0, 5, 10, 0, 10, 1, 1, 5, 0, 0, 64, 0, 0, 0, 0, 4, 4, 0, 0, 0, 10, 0, 0, 3, 0, 0, 0, 0, 0, 5, 6, 4, 5, 9, 0, 0, 2, 0, 0, 3, 61, 8, 10, 0, 0, 0, 0, 1, 0, 67, 0, 0, 5, 0, 0, 5, 2, 1, 0, 0, 0, 0, 0, 0, 0, 0, 0, 1, 9, 4, : 5, 8, 61, 9, 6, 7, 9, 5, 5, 3, 5, 1, 9, 3, 1, 9, 5, 10, 10, 1, 1, 5, 64, 4, 4, 10, 3, 5, 6, 4, 5, 9, 2, 3, 61, 8, 10, 1, 67, 5, 5, 2, 1, 1, 9, 4, 
71: 2, 0, 0, 0, 1, 6, 0, 4, 1, 0, 5, 3, 0, 8, 8, 3, 0, 0, 2, 0, 1, 0, 0, 0, 8, 0, 9, 10, 7, 1, 4, 4, 5, 0, 0, 5, 0, 2, 0, 0, 0, 9, 7, 2, 0, 0, 10, 0, 0, 0, 5, 8, 66, 0, 0, 0, 0, 0, 0, 8, 9, 0, 0, 7, 0, 3, 1, 0, 0, 0, 0, 0, 0, 1, 5, 0, 61, 4, 1, 0, 5, 0, 5, 0, 0, 8, 10, 4, 63, 2, 3, 0, 8, 0, 4, 0, 0, 9, 8, 9, : 2, 1, 6, 4, 1, 5, 3, 8, 8, 3, 2, 1, 8, 9, 10, 7, 1, 4, 4, 5, 5, 2, 9, 7, 2, 10, 5, 8, 66, 8, 9, 7, 3, 1, 1, 5, 61, 4, 1, 5, 5, 8, 10, 4, 63, 2, 3, 8, 4, 9, 8, 9, 
48: 62, 8, 5, 7, 1, 2, 0, 0, 5, 1, 0, 1, 1, 4, 1, 5, 0, 5, 6, 64, 9, 61, 0, 4, 1, 0, 0, 5, 1, 2, 0, 2, 2, 0, 4, 10, 2, 2, 0, 2, 0, 1, 0, 3, 62, 0, 0, 9, 0, 0, 6, 0, 0, 8, 0, 0, 0, 4, 0, 4, 8, 0, 7, 7, 1, 0, 0, 60, 6, 4, 2, 0, 4, 0, 5, 0, 0, 7, 0, 0, 1, 0, 10, 0, 0, 1, 0, 7, 0, 2, 0, 0, 2, 9, 3, 0, 6, 8, 0, 9, : 62, 8, 5, 7, 1, 2, 5, 1, 1, 1, 4, 1, 5, 5, 6, 64, 9, 61, 4, 1, 5, 1, 2, 2, 2, 4, 10, 2, 2, 2, 1, 3, 62, 9, 6, 8, 4, 4, 8, 7, 7, 1, 60, 6, 4, 2, 4, 5, 7, 1, 10, 1, 7, 2, 2, 9, 3, 6, 8, 9, 
171: 0, 5, 5, 0, 0, 4, 0, 0, 10, 2, 0, 9, 7, 5, 9, 8, 6, 1, 8, 0, 8, 0, 0, 8, 9, 0, 0, 7, 8, 6, 0, 0, 6, 67, 6, 0, 1, 0, 0, 0, 0, 5, 0, 5, 2, 0, 0, 68, 4, 0, 7, 0, 0, 1, 6, 0, 0, 0, 0, 2, 3, 3, 0, 10, 0, 3, 1, 0, 3, 2, 0, 0, 0, 0, 0, 0, 0, 3, 1, 0, 0, 0, 9, 6, 0, 3, 6, 7, 5, 0, 0, 0, 6, 9, 7, 0, 2, 5, 9, 3, : 5, 5, 4, 10, 2, 9, 7, 5, 9, 8, 6, 1, 8, 8, 8, 9, 7, 8, 6, 6, 67, 6, 1, 5, 5, 2, 68, 4, 7, 1, 6, 2, 3, 3, 10, 3, 1, 3, 2, 3, 1, 9, 6, 3, 6, 7, 5, 6, 9, 7, 2, 5, 9, 3, 
102: 0, 2, 0, 0, 6, 6, 3, 7, 9, 9, 65, 2, 10, 0, 8, 0, 0, 0, 2, 0, 5, 0, 0, 4, 6, 0, 0, 8, 0, 6, 0, 6, 0, 0, 0, 0, 0, 2, 2, 3, 2, 4, 0, 3, 0, 0, 9, 0, 0, 0, 7, 0, 5, 5, 0, 0, 0, 0, 60, 5, 4, 10, 0, 6, 0, 10, 1, 0, 61, 10, 0, 0, 0, 0, 10, 0, 0, 10, 8, 2, 10, 0, 1, 4, 68, 6, 7, 8, 4, 0, 0, 0, 8, 0, 9, 0, 0, 0, 6, 9, : 2, 6, 6, 3, 7, 9, 9, 65, 2, 10, 8, 2, 5, 4, 6, 8, 6, 6, 2, 2, 3, 2, 4, 3, 9, 7, 5, 5, 60, 5, 4, 10, 6, 10, 1, 61, 10, 10, 10, 8, 2, 10, 1, 4, 68, 6, 7, 8, 4, 8, 9, 6, 9, 
127: 0, 10, 5, 3, 5, 3, 0, 0, 10, 1, 0, 0, 0, 0, 0, 0, 0, 0, 9, 0, 8, 0, 60, 2, 6, 1, 1, 6, 0, 9, 8, 5, 10, 2, 7, 0, 0, 1, 0, 0, 0, 3, 4, 8, 0, 0, 1, 0, 4, 0, 0, 0, 0, 10, 63, 67, 0, 0, 0, 9, 2, 2, 3, 8, 1, 0, 10, 0, 0, 0, 1, 0, 3, 8, 2, 1, 10, 6, 8, 0, 0, 61, 2, 0, 0, 4, 0, 0, 1, 0, 2, 0, 0, 3, 9, 0, 0, 3, 4, 5, : 10, 5, 3, 5, 3, 10, 1, 9, 8, 60, 2, 6, 1, 1, 6, 9, 8, 5, 10, 2, 7, 1, 3, 4, 8, 1, 4, 10, 63, 67, 9, 2, 2, 3, 8, 1, 10, 1, 3, 8, 2, 1, 10, 6, 8, 61, 2, 4, 1, 2, 3, 9, 3, 4, 5, 
70: 0, 0, 9, 61, 5, 3, 0, 2, 2, 9, 0, 2, 2, 5, 7, 7, 0, 7, 2, 3, 1, 0, 0, 8, 3, 0, 0, 2, 9, 1, 0, 0, 5, 0, 10, 4, 0, 6, 0, 0, 0, 9, 0, 2, 1, 0, 0, 0, 0, 69, 0, 0, 0, 2, 0, 5, 0, 0, 0, 5, 1, 6, 7, 0, 0, 7, 3, 0, 0, 0, 0, 0, 7, 0, 0, 2, 2, 0, 5, 0, 0, 0, 2, 0, 0, 0, 5, 1, 0, 0, 0, 0, 6, 0, 1, 0, 69, 1, 9, 1, : 9, 61, 5, 3, 2, 2, 9, 2, 2, 5, 7, 7, 7, 2, 3, 1, 8, 3, 2, 9, 1, 5, 10, 4, 6, 9, 2, 1, 69, 2, 5, 5, 1, 6, 7, 7, 3, 7, 2, 2, 5, 2, 5, 1, 6, 1, 69, 1, 9, 1, 
107: 0, 5, 9, 0, 8, 3, 0, 6, 0, 6, 0, 8, 0, 8, 2, 7, 0, 4, 0, 0, 4, 0, 0, 0, 2, 0, 0, 0, 6, 8, 0, 10, 1, 0, 1, 6, 0, 2, 0, 0, 0, 3, 0, 6, 5, 0, 3, 0, 0, 2, 0, 0, 0, 2, 0, 0, 0, 0, 0, 0, 7, 10, 7, 0, 3, 5, 1, 2, 0, 7, 0, 0, 8, 0, 4, 3, 2, 10, 9, 0, 8, 0, 4, 0, 1, 3, 5, 7, 3, 0, 0, 0, 7, 0, 3, 0, 0, 2, 1, 1, : 5, 9, 8, 3, 6, 6, 8, 8, 2, 7, 4, 4, 2, 6, 8, 10, 1, 1, 6, 2, 3, 6, 5, 3, 2, 2, 7, 10, 7, 3, 5, 1, 2, 7, 8, 4, 3, 2, 10, 9, 8, 4, 1, 3, 5, 7, 3, 7, 3, 2, 1, 1, 
119: 0, 2, 0, 0, 10, 7, 0, 9, 1, 4, 0, 0, 5, 6, 0, 6, 1, 4, 4, 0, 5, 0, 9, 8, 1, 0, 10, 3, 1, 0, 0, 1, 7, 0, 0, 9, 0, 2, 0, 0, 0, 2, 0, 0, 0, 0, 2, 0, 4, 0, 0, 66, 0, 10, 1, 5, 6, 0, 5, 3, 10, 8, 0, 8, 0, 0, 1, 0, 0, 5, 1, 0, 9, 0, 7, 0, 0, 2, 0, 0, 6, 9, 0, 5, 2, 7, 0, 6, 0, 6, 0, 0, 1, 2, 1, 0, 0, 0, 0, 5, : 2, 10, 7, 9, 1, 4, 5, 6, 6, 1, 4, 4, 5, 9, 8, 1, 10, 3, 1, 1, 7, 9, 2, 2, 2, 4, 66, 10, 1, 5, 6, 5, 3, 10, 8, 8, 1, 5, 1, 9, 7, 2, 6, 9, 5, 2, 7, 6, 6, 1, 2, 1, 5, 
99: 0, 8, 7, 5, 1, 1, 0, 8, 5, 1, 0, 0, 5, 5, 7, 1, 0, 1, 7, 0, 5, 0, 0, 0, 1, 9, 0, 3, 8, 0, 0, 4, 5, 0, 10, 6, 0, 1, 68, 0, 1, 5, 0, 2, 5, 1, 8, 0, 0, 0, 6, 0, 0, 4, 10, 0, 0, 0, 1, 2, 3, 0, 0, 6, 0, 7, 7, 8, 0, 9, 0, 10, 0, 0, 2, 0, 0, 0, 4, 0, 0, 0, 5, 0, 0, 4, 10, 0, 0, 1, 0, 0, 8, 6, 7, 70, 0, 1, 8, 1, : 8, 7, 5, 1, 1, 8, 5, 1, 5, 5, 7, 1, 1, 7, 5, 1, 9, 3, 8, 4, 5, 10, 6, 1, 68, 1, 5, 2, 5, 1, 8, 6, 4, 10, 1, 2, 3, 6, 7, 7, 8, 9, 10, 2, 4, 5, 4, 10, 1, 8, 6, 7, 70, 1, 8, 1, 
103: 0, 7, 6, 3, 2, 1, 0, 6, 2, 1, 0, 3, 4, 1, 0, 2, 0, 2, 3, 0, 2, 0, 2, 10, 8, 0, 60, 8, 1, 3, 0, 0, 2, 0, 0, 0, 0, 8, 0, 1, 0, 8, 0, 7, 1, 0, 0, 0, 0, 0, 10, 1, 1, 0, 0, 0, 0, 0, 3, 4, 1, 5, 2, 0, 1, 0, 3, 10, 0, 1, 0, 0, 8, 1, 8, 2, 0, 1, 0, 0, 0, 0, 0, 0, 0, 2, 8, 2, 0, 0, 67, 0, 1, 9, 9, 0, 0, 5, 6, 1, : 7, 6, 3, 2, 1, 6, 2, 1, 3, 4, 1, 2, 2, 3, 2, 2, 10, 8, 60, 8, 1, 3, 2, 8, 1, 8, 7, 1, 10, 1, 1, 3, 4, 1, 5, 2, 1, 3, 10, 1, 8, 1, 8, 2, 1, 2, 8, 2, 67, 1, 9, 9, 5, 6, 1, 
94: 0, 3, 3, 0, 8, 8, 0, 1, 2, 10, 0, 5, 10, 2, 2, 10, 0, 8, 0, 0, 9, 0, 0, 0, 4, 0, 0, 4, 0, 4, 0, 9, 1, 0, 5, 7, 0, 0, 0, 0, 10, 8, 8, 10, 0, 69, 9, 0, 0, 7, 4, 0, 0, 4, 0, 0, 0, 0, 1, 0, 7, 7, 4, 0, 0, 10, 3, 0, 0, 1, 6, 0, 2, 0, 0, 0, 0, 8, 10, 0, 1, 0, 0, 1, 0, 8, 0, 8, 1, 0, 1, 4, 0, 0, 0, 4, 0, 9, 0, 4, : 3, 3, 8, 8, 1, 2, 10, 5, 10, 2, 2, 10, 8, 9, 4, 4, 4, 9, 1, 5, 7, 10, 8, 8, 10, 69, 9, 7, 4, 4, 1, 7, 7, 4, 10, 3, 1, 6, 2, 8, 10, 1, 1, 8, 8, 1, 1, 4, 4, 9, 4, 
129: 0, 5, 0, 0, 1, 3, 0, 4, 0, 0, 0, 5, 0, 6, 0, 9, 0, 0, 0, 0, 0, 0, 0, 0, 2, 0, 0, 1, 2, 1, 60, 1, 2, 0, 3, 9, 10, 10, 0, 0, 0, 8, 0, 0, 4, 0, 10, 2, 0, 0, 8, 0, 5, 6, 0, 0, 0, 69, 0, 6, 8, 5, 0, 0, 2, 1, 10, 0, 0, 0, 1, 0, 0, 1, 9, 0, 0, 1, 7, 0, 0, 0, 8, 0, 0, 2, 5, 0, 0, 0, 0, 0, 1, 0, 3, 0, 0, 10, 3, 4, : 5, 1, 3, 4, 5, 6, 9, 2, 1, 2, 1, 60, 1, 2, 3, 9, 10, 10, 8, 4, 10, 2, 8, 5, 6, 69, 6, 8, 5, 2, 1, 10, 1, 1, 9, 1, 7, 8, 2, 5, 1, 3, 10, 3, 4, 
17: 4, 0, 5, 0, 3, 3, 0, 5, 0, 10, 0, 10, 7, 0, 3, 1, 60, 6, 9, 3, 9, 0, 0, 1, 4, 64, 0, 9, 0, 0, 8, 0, 5, 0, 1, 8, 0, 5, 0, 0, 0, 0, 0, 3, 0, 2, 0, 0, 0, 0, 8, 0, 0, 0, 0, 0, 0, 2, 0, 4, 2, 2, 8, 5, 64, 2, 10, 0, 9, 0, 0, 0, 3, 0, 2, 0, 5, 0, 3, 0, 8, 0, 9, 63, 0, 6, 4, 5, 0, 60, 0, 2, 1, 6, 0, 0, 3, 3, 0, 2, : 4, 5, 3, 3, 5, 10, 10, 7, 3, 1, 60, 6, 9, 3, 9, 1, 4, 64, 9, 8, 5, 1, 8, 5, 3, 2, 8, 2, 4, 2, 2, 8, 5, 64, 2, 10, 9, 3, 2, 5, 3, 8, 9, 63, 6, 4, 5, 60, 2, 1, 6, 3, 3, 2, 
193: 0, 3, 6, 0, 5, 0, 0, 10, 2, 0, 0, 1, 5, 10, 5, 0, 4, 8, 9, 0, 0, 0, 4, 8, 4, 0, 0, 0, 3, 6, 0, 8, 0, 0, 2, 9, 0, 5, 0, 65, 0, 7, 0, 10, 0, 0, 1, 0, 0, 0, 1, 0, 0, 8, 0, 1, 7, 5, 0, 1, 0, 1, 8, 6, 8, 10, 1, 0, 0, 10, 0, 0, 8, 0, 4, 0, 0, 0, 8, 0, 10, 0, 0, 0, 0, 8, 2, 2, 0, 2, 0, 63, 9, 8, 10, 0, 0, 8, 10, 1, : 3, 6, 5, 10, 2, 1, 5, 10, 5, 4, 8, 9, 4, 8, 4, 3, 6, 8, 2, 9, 5, 65, 7, 10, 1, 1, 8, 1, 7, 5, 1, 1, 8, 6, 8, 10, 1, 10, 8, 4, 8, 10, 8, 2, 2, 2, 63, 9, 8, 10, 8, 10, 1, 
26: 0, 6, 0, 0, 0, 5, 0, 6, 0, 5, 8, 0, 5, 0, 9, 4, 9, 2, 8, 6, 2, 9, 0, 0, 8, 0, 0, 1, 4, 7, 0, 6, 6, 5, 10, 0, 6, 10, 0, 1, 3, 5, 61, 3, 0, 0, 8, 1, 0, 0, 0, 3, 0, 6, 0, 2, 0, 0, 10, 7, 0, 7, 0, 1, 0, 8, 7, 0, 0, 8, 0, 0, 0, 0, 5, 0, 0, 1, 3, 0, 2, 4, 3, 0, 2, 1, 7, 0, 0, 1, 1, 4, 6, 9, 0, 6, 0, 0, 0, 2, : 6, 5, 6, 5, 8, 5, 9, 4, 9, 2, 8, 6, 2, 9, 8, 1, 4, 7, 6, 6, 5, 10, 6, 10, 1, 3, 5, 61, 3, 8, 1, 3, 6, 2, 10, 7, 7, 1, 8, 7, 8, 5, 1, 3, 2, 4, 3, 2, 1, 7, 1, 1, 4, 6, 9, 6, 2, 
50: 0, 9, 8, 0, 8, 9, 6, 1, 10, 5, 2, 5, 0, 4, 5, 5, 0, 10, 4, 0, 6, 0, 4, 10, 0, 3, 0, 5, 10, 5, 0, 0, 0, 5, 2, 2, 0, 8, 0, 0, 0, 0, 0, 3, 0, 1, 3, 0, 0, 0, 1, 2, 0, 5, 0, 0, 3, 0, 0, 0, 4, 6, 8, 1, 0, 5, 1, 0, 1, 6, 8, 0, 0, 2, 2, 7, 0, 6, 0, 0, 4, 0, 5, 1, 0, 2, 0, 8, 3, 0, 6, 0, 1, 9, 5, 0, 0, 9, 0, 2, : 9, 8, 8, 9, 6, 1, 10, 5, 2, 5, 4, 5, 5, 10, 4, 6, 4, 10, 3, 5, 10, 5, 5, 2, 2, 8, 3, 1, 3, 1, 2, 5, 3, 4, 6, 8, 1, 5, 1, 1, 6, 8, 2, 2, 7, 6, 4, 5, 1, 2, 8, 3, 6, 1, 9, 5, 9, 2, 
108: 7, 2, 3, 0, 8, 6, 10, 4, 3, 3, 0, 7, 4, 8, 0, 1, 0, 4, 1, 4, 0, 5, 0, 4, 5, 3, 0, 2, 5, 1, 0, 9, 0, 0, 8, 3, 0, 5, 0, 0, 0, 0, 0, 8, 0, 0, 5, 0, 68, 2, 0, 0, 0, 1, 0, 0, 0, 0, 0, 0, 1, 1, 8, 2, 0, 8, 8, 0, 0, 7, 0, 0, 10, 0, 7, 63, 0, 2, 3, 2, 10, 6, 1, 0, 0, 5, 0, 7, 0, 0, 0, 0, 0, 0, 7, 0, 0, 4, 0, 4, : 7, 2, 3, 8, 6, 10, 4, 3, 3, 7, 4, 8, 1, 4, 1, 4, 5, 4, 5, 3, 2, 5, 1, 9, 8, 3, 5, 8, 5, 68, 2, 1, 1, 1, 8, 2, 8, 8, 7, 10, 7, 63, 2, 3, 2, 10, 6, 1, 5, 7, 7, 4, 4, 


