
40
200
60
10

13: 0, 0, 1, 0, 0, 1, 52, 2, 0, 0, 0, 0, 0, 0, 0, 0, 5, 3, 0, 5, 0, 0, 0, 0, 2, 1, 5, 0, 0, 0, 0, 4, 3, 0, 0, 0, 0, 0, 0, 0, : 1, 1, 52, 2, 5, 3, 5, 2, 1, 5, 4, 3, 
117: 0, 52, 0, 5, 0, 0, 0, 0, 3, 0, 0, 2, 2, 0, 0, 0, 2, 0, 2, 3, 0, 0, 1, 1, 1, 0, 1, 0, 0, 0, 1, 6, 1, 1, 1, 0, 0, 0, 0, 0, : 52, 5, 3, 2, 2, 2, 2, 3, 1, 1, 1, 1, 1, 6, 1, 1, 1, 
18: 1, 0, 5, 0, 0, 0, 0, 0, 0, 0, 0, 0, 0, 0, 0, 0, 1, 0, 1, 1, 0, 0, 0, 0, 3, 0, 3, 50, 0, 50, 4, 1, 4, 4, 0, 0, 0, 0, 4, 3, : 1, 5, 1, 1, 1, 3, 3, 50, 50, 4, 1, 4, 4, 4, 3, 
53: 0, 0, 51, 0, 0, 0, 0, 1, 5, 0, 0, 0, 0, 0, 0, 0, 0, 0, 0, 4, 0, 0, 0, 0, 1, 0, 2, 0, 0, 0, 0, 2, 2, 0, 0, 0, 0, 51, 0, 0, : 51, 1, 5, 4, 1, 2, 2, 2, 51, 
148: 0, 0, 0, 0, 1, 0, 3, 1, 0, 0, 0, 0, 0, 1, 0, 0, 5, 0, 0, 3, 5, 0, 50, 0, 0, 0, 5, 0, 5, 0, 0, 3, 3, 0, 0, 0, 3, 0, 0, 54, : 1, 3, 1, 1, 5, 3, 5, 50, 5, 5, 3, 3, 3, 54, 
96: 0, 0, 0, 0, 4, 0, 0, 0, 0, 5, 0, 0, 4, 0, 0, 0, 2, 0, 0, 5, 0, 0, 0, 2, 0, 52, 3, 1, 0, 0, 0, 3, 1, 0, 0, 0, 0, 0, 0, 0, : 4, 5, 4, 2, 5, 2, 52, 3, 1, 3, 1, 
127: 0, 1, 0, 0, 0, 0, 0, 0, 0, 0, 50, 0, 0, 4, 0, 0, 5, 0, 0, 5, 0, 1, 1, 0, 0, 1, 5, 0, 0, 5, 0, 3, 2, 3, 0, 0, 0, 0, 0, 0, : 1, 50, 4, 5, 5, 1, 1, 1, 5, 5, 3, 2, 3, 
144: 52, 0, 0, 0, 0, 0, 0, 0, 0, 0, 0, 0, 0, 5, 0, 0, 2, 5, 2, 5, 0, 1, 0, 0, 0, 0, 3, 0, 0, 0, 0, 4, 5, 0, 0, 0, 0, 4, 0, 0, : 52, 5, 2, 5, 2, 5, 1, 3, 4, 5, 4, 
40: 0, 0, 0, 0, 0, 0, 2, 0, 0, 0, 0, 0, 0, 0, 0, 0, 1, 50, 51, 3, 0, 2, 0, 0, 50, 0, 3, 1, 0, 0, 0, 5, 4, 1, 0, 0, 3, 0, 0, 0, : 2, 1, 50, 51, 3, 2, 50, 3, 1, 5, 4, 1, 3, 
101: 5, 0, 0, 0, 0, 0, 0, 0, 0, 2, 0, 3, 0, 0, 0, 0, 4, 1, 0, 1, 0, 0, 0, 4, 0, 0, 5, 0, 0, 0, 0, 2, 3, 0, 3, 54, 0, 0, 0, 1, : 5, 2, 3, 4, 1, 1, 4, 5, 2, 3, 3, 54, 1, 
158: 0, 0, 0, 3, 0, 0, 0, 0, 0, 0, 0, 0, 0, 0, 4, 54, 3, 0, 1, 2, 0, 0, 0, 0, 0, 1, 3, 0, 0, 0, 0, 2, 4, 0, 0, 0, 0, 0, 0, 0, : 3, 4, 54, 3, 1, 2, 1, 3, 2, 4, 
78: 0, 1, 0, 51, 0, 0, 0, 1, 0, 0, 0, 0, 0, 0, 0, 1, 4, 0, 0, 1, 50, 0, 2, 0, 1, 0, 3, 0, 0, 0, 50, 5, 4, 0, 50, 0, 0, 0, 1, 0, : 1, 51, 1, 1, 4, 1, 50, 2, 1, 3, 50, 5, 4, 50, 1, 
190: 2, 0, 0, 0, 0, 0, 2, 0, 0, 51, 5, 0, 0, 0, 0, 0, 2, 0, 0, 5, 0, 0, 0, 0, 0, 0, 5, 0, 0, 0, 0, 1, 5, 51, 2, 0, 0, 0, 0, 0, : 2, 2, 51, 5, 2, 5, 5, 1, 5, 51, 2, 
70: 0, 0, 0, 0, 0, 2, 1, 2, 0, 0, 0, 0, 0, 0, 0, 0, 0, 0, 0, 3, 5, 0, 4, 53, 0, 5, 2, 0, 0, 0, 0, 4, 3, 0, 0, 3, 0, 5, 0, 0, : 2, 1, 2, 3, 5, 4, 53, 5, 2, 4, 3, 3, 5, 
198: 0, 0, 0, 1, 51, 4, 0, 0, 0, 0, 0, 0, 0, 0, 0, 0, 4, 1, 3, 2, 0, 0, 0, 0, 0, 0, 1, 3, 50, 2, 0, 4, 8, 0, 1, 0, 0, 0, 0, 0, : 1, 51, 4, 4, 1, 3, 2, 1, 3, 50, 2, 4, 8, 1, 
28: 0, 0, 0, 0, 0, 0, 0, 0, 0, 0, 2, 0, 0, 0, 2, 0, 5, 0, 0, 3, 0, 53, 0, 0, 2, 0, 4, 1, 5, 0, 0, 2, 1, 0, 0, 0, 0, 0, 0, 0, : 2, 2, 5, 3, 53, 2, 4, 1, 5, 2, 1, 
84: 0, 0, 0, 0, 0, 0, 0, 52, 0, 0, 3, 0, 0, 0, 0, 0, 4, 0, 0, 1, 0, 0, 0, 0, 0, 0, 2, 0, 0, 0, 5, 3, 2, 0, 3, 0, 54, 0, 0, 0, : 52, 3, 4, 1, 2, 5, 3, 2, 3, 54, 
104: 0, 5, 0, 0, 4, 50, 0, 0, 0, 2, 0, 0, 0, 0, 54, 5, 4, 0, 0, 2, 0, 3, 0, 0, 0, 0, 1, 0, 0, 0, 0, 3, 2, 0, 0, 3, 0, 0, 0, 0, : 5, 4, 50, 2, 54, 5, 4, 2, 3, 1, 3, 2, 3, 
146: 0, 0, 0, 0, 0, 3, 0, 1, 0, 0, 0, 55, 54, 50, 0, 0, 2, 0, 0, 3, 0, 0, 2, 0, 0, 0, 3, 4, 0, 3, 0, 1, 1, 0, 0, 0, 0, 0, 53, 0, : 3, 1, 55, 54, 50, 2, 3, 2, 3, 4, 3, 1, 1, 53, 
199: 0, 1, 3, 0, 0, 0, 0, 0, 52, 0, 0, 0, 0, 0, 0, 0, 5, 0, 0, 3, 0, 0, 0, 0, 0, 0, 1, 0, 0, 0, 0, 2, 2, 0, 0, 0, 0, 0, 2, 2, : 1, 3, 52, 5, 3, 1, 2, 2, 2, 2, 


2: 0, 1, 0, 0, 3, 0, 1, 5, 0, 0, 4, 0, 2, 0, 4, 1, 0, 0, 0, 3, 0, 0, 0, 0, 0, 1, 0, 0, 0, 0, 0, 0, 0, 0, 0, 0, 1, 0, 0, 0, : 1, 3, 1, 5, 4, 2, 4, 1, 3, 1, 1, 
102: 0, 0, 0, 5, 0, 0, 0, 0, 0, 0, 5, 0, 4, 2, 3, 5, 1, 2, 0, 4, 1, 0, 0, 0, 0, 0, 0, 0, 0, 0, 0, 0, 0, 0, 0, 0, 0, 4, 0, 0, : 5, 5, 4, 2, 3, 5, 1, 2, 4, 1, 4, 
160: 1, 3, 0, 0, 0, 0, 0, 0, 0, 1, 4, 0, 9, 0, 1, 3, 0, 0, 0, 4, 0, 0, 2, 0, 0, 0, 0, 3, 0, 0, 0, 0, 0, 0, 0, 5, 0, 1, 0, 0, : 1, 3, 1, 4, 9, 1, 3, 4, 2, 3, 5, 1, 
60: 1, 0, 1, 0, 0, 0, 0, 0, 0, 0, 5, 0, 4, 0, 2, 5, 0, 0, 0, 3, 0, 0, 0, 0, 53, 0, 0, 0, 0, 51, 0, 0, 0, 0, 0, 0, 0, 0, 51, 0, : 1, 1, 5, 4, 2, 5, 3, 53, 51, 51, 
77: 1, 0, 0, 0, 0, 1, 0, 0, 0, 3, 1, 0, 4, 50, 5, 2, 0, 0, 0, 4, 52, 0, 0, 0, 0, 0, 0, 53, 0, 3, 3, 0, 0, 0, 0, 1, 0, 0, 0, 0, : 1, 1, 3, 1, 4, 50, 5, 2, 4, 52, 53, 3, 3, 1, 
161: 0, 0, 0, 0, 0, 1, 0, 0, 1, 53, 4, 0, 6, 3, 3, 1, 2, 0, 50, 1, 0, 0, 0, 1, 0, 0, 0, 0, 0, 0, 0, 0, 5, 0, 54, 0, 0, 0, 0, 0, : 1, 1, 53, 4, 6, 3, 3, 1, 2, 50, 1, 1, 5, 54, 
138: 51, 0, 3, 0, 1, 0, 50, 0, 2, 0, 5, 0, 3, 2, 4, 2, 0, 0, 0, 4, 3, 0, 0, 0, 0, 0, 0, 0, 0, 0, 0, 0, 0, 0, 0, 0, 5, 0, 0, 0, : 51, 3, 1, 50, 2, 5, 3, 2, 4, 2, 4, 3, 5, 
65: 0, 50, 0, 1, 0, 0, 0, 53, 0, 0, 1, 1, 4, 0, 3, 1, 3, 0, 0, 4, 2, 0, 0, 0, 0, 2, 1, 0, 2, 0, 0, 0, 0, 1, 0, 0, 0, 0, 0, 0, : 50, 1, 53, 1, 1, 4, 3, 1, 3, 4, 2, 2, 1, 2, 1, 
155: 0, 1, 0, 0, 0, 0, 0, 0, 0, 0, 0, 2, 3, 0, 4, 1, 2, 0, 1, 2, 0, 0, 0, 0, 4, 0, 54, 1, 0, 0, 0, 0, 50, 0, 5, 0, 0, 0, 0, 0, : 1, 2, 3, 4, 1, 2, 1, 2, 4, 54, 1, 50, 5, 
59: 0, 0, 0, 2, 0, 0, 0, 0, 0, 0, 2, 2, 1, 0, 2, 5, 0, 0, 1, 4, 0, 0, 0, 0, 0, 2, 0, 0, 0, 0, 0, 55, 0, 55, 0, 0, 0, 55, 0, 0, : 2, 2, 2, 1, 2, 5, 1, 4, 2, 55, 55, 55, 
145: 0, 0, 1, 0, 2, 0, 0, 0, 0, 0, 3, 0, 2, 0, 4, 4, 0, 0, 0, 1, 0, 0, 0, 0, 0, 0, 0, 0, 0, 4, 0, 0, 0, 1, 0, 52, 51, 0, 1, 0, : 1, 2, 3, 2, 4, 4, 1, 4, 1, 52, 51, 1, 
164: 0, 0, 0, 0, 0, 2, 0, 0, 2, 0, 2, 0, 2, 1, 2, 4, 0, 0, 3, 1, 0, 0, 0, 3, 0, 0, 0, 2, 4, 2, 0, 0, 0, 0, 0, 0, 0, 0, 4, 0, : 2, 2, 2, 2, 1, 2, 4, 3, 1, 3, 2, 4, 2, 4, 
149: 5, 0, 0, 0, 0, 0, 0, 0, 1, 0, 3, 0, 2, 0, 4, 5, 0, 0, 0, 3, 0, 0, 0, 4, 0, 0, 0, 0, 0, 0, 0, 0, 0, 0, 0, 0, 0, 0, 0, 4, : 5, 1, 3, 2, 4, 5, 3, 4, 4, 
93: 0, 2, 0, 0, 0, 0, 3, 0, 4, 3, 2, 0, 1, 2, 2, 4, 0, 0, 2, 1, 2, 0, 0, 52, 0, 0, 1, 0, 3, 0, 0, 2, 0, 0, 0, 0, 0, 0, 0, 0, : 2, 3, 4, 3, 2, 1, 2, 2, 4, 2, 1, 2, 52, 1, 3, 2, 
103: 0, 0, 55, 0, 0, 0, 0, 0, 0, 0, 1, 0, 1, 0, 1, 5, 0, 0, 0, 5, 0, 5, 2, 0, 0, 0, 0, 0, 0, 0, 0, 3, 1, 0, 0, 0, 0, 0, 0, 0, : 55, 1, 1, 1, 5, 5, 5, 2, 3, 1, 
3: 0, 1, 0, 0, 0, 0, 0, 0, 0, 0, 5, 2, 3, 0, 5, 1, 52, 5, 2, 3, 0, 0, 50, 0, 0, 54, 0, 1, 0, 0, 0, 0, 0, 0, 1, 0, 2, 0, 0, 50, : 1, 5, 2, 3, 5, 1, 52, 5, 2, 3, 50, 54, 1, 1, 2, 50, 
4: 0, 1, 0, 0, 53, 0, 0, 0, 0, 0, 3, 53, 4, 0, 1, 1, 0, 0, 0, 4, 0, 0, 3, 0, 1, 0, 4, 0, 0, 0, 5, 0, 1, 0, 0, 0, 1, 0, 0, 4, : 1, 53, 3, 53, 4, 1, 1, 4, 3, 1, 4, 5, 1, 1, 4, 
61: 1, 1, 0, 0, 1, 0, 1, 2, 0, 0, 5, 0, 1, 0, 0, 4, 0, 0, 1, 5, 0, 0, 0, 0, 2, 1, 0, 0, 0, 0, 0, 0, 3, 0, 0, 0, 0, 0, 0, 0, : 1, 1, 1, 1, 2, 5, 1, 4, 1, 5, 2, 1, 3, 
24: 0, 0, 0, 52, 0, 53, 5, 0, 50, 0, 5, 0, 2, 0, 5, 5, 0, 0, 0, 4, 0, 0, 3, 0, 0, 0, 0, 0, 0, 0, 51, 0, 0, 0, 0, 0, 0, 0, 4, 0, : 52, 53, 5, 50, 5, 2, 5, 5, 4, 3, 51, 4, 
139: 0, 0, 0, 0, 0, 3, 0, 0, 0, 0, 0, 0, 2, 0, 5, 1, 0, 53, 0, 0, 0, 55, 0, 0, 0, 0, 0, 0, 51, 0, 1, 0, 0, 3, 0, 2, 0, 0, 0, 2, : 3, 2, 5, 1, 53, 55, 51, 1, 3, 2, 2, 


119: 0, 2, 0, 3, 3, 0, 1, 5, 0, 0, 0, 0, 5, 0, 0, 1, 0, 0, 4, 4, 5, 3, 4, 1, 5, 1, 5, 0, 4, 0, 4, 2, 4, 5, 1, 0, 1, 2, 5, 2, : 2, 3, 3, 1, 5, 5, 1, 4, 4, 5, 3, 4, 1, 5, 1, 5, 4, 4, 2, 4, 5, 1, 1, 2, 5, 2, 
124: 0, 1, 0, 2, 1, 0, 4, 0, 50, 0, 0, 0, 4, 2, 0, 1, 0, 0, 0, 0, 1, 5, 2, 0, 0, 0, 3, 0, 5, 0, 0, 2, 0, 0, 5, 51, 1, 0, 1, 5, : 1, 2, 1, 4, 50, 4, 2, 1, 1, 5, 2, 3, 5, 2, 5, 51, 1, 1, 5, 
45: 0, 3, 0, 4, 5, 0, 55, 2, 1, 0, 0, 0, 4, 5, 0, 0, 5, 0, 4, 0, 4, 3, 2, 0, 2, 0, 9, 0, 1, 0, 0, 5, 0, 0, 2, 0, 4, 5, 5, 4, : 3, 4, 5, 55, 2, 1, 4, 5, 5, 4, 4, 3, 2, 2, 9, 1, 5, 2, 4, 5, 5, 4, 
186: 0, 5, 52, 1, 1, 1, 0, 1, 0, 0, 0, 0, 4, 0, 0, 0, 0, 0, 0, 0, 5, 4, 1, 0, 0, 0, 2, 0, 1, 0, 1, 2, 0, 0, 2, 0, 2, 0, 3, 1, : 5, 52, 1, 1, 1, 1, 4, 5, 4, 1, 2, 1, 1, 2, 2, 2, 3, 1, 
74: 52, 2, 0, 3, 2, 0, 0, 5, 0, 0, 0, 0, 2, 1, 0, 0, 0, 0, 0, 0, 4, 1, 5, 0, 0, 0, 3, 0, 3, 1, 0, 5, 0, 0, 3, 3, 3, 0, 2, 1, : 52, 2, 3, 2, 5, 2, 1, 4, 1, 5, 3, 3, 1, 5, 3, 3, 3, 2, 1, 
29: 0, 3, 0, 4, 1, 1, 0, 3, 0, 0, 0, 0, 5, 1, 0, 0, 0, 0, 50, 0, 5, 5, 5, 4, 0, 0, 1, 0, 1, 0, 0, 3, 0, 0, 1, 0, 2, 0, 2, 4, : 3, 4, 1, 1, 3, 5, 1, 50, 5, 5, 5, 4, 1, 1, 3, 1, 2, 2, 4, 
69: 0, 3, 0, 4, 2, 0, 0, 2, 0, 0, 4, 0, 1, 5, 0, 0, 0, 0, 0, 0, 2, 0, 3, 0, 0, 0, 3, 0, 4, 0, 0, 4, 51, 0, 2, 0, 3, 0, 1, 1, : 3, 4, 2, 2, 4, 1, 5, 2, 3, 3, 4, 4, 51, 2, 3, 1, 1, 
46: 0, 4, 0, 1, 2, 0, 0, 1, 0, 0, 0, 0, 4, 5, 0, 0, 55, 0, 0, 54, 3, 2, 2, 0, 0, 0, 1, 55, 2, 0, 50, 3, 4, 50, 6, 3, 3, 0, 5, 4, : 4, 1, 2, 1, 4, 5, 55, 54, 3, 2, 2, 1, 55, 2, 50, 3, 4, 50, 6, 3, 3, 5, 4, 
72: 2, 3, 0, 5, 5, 0, 0, 4, 0, 0, 0, 0, 2, 5, 4, 0, 0, 1, 0, 0, 1, 0, 5, 0, 0, 1, 1, 0, 4, 0, 0, 3, 0, 0, 7, 0, 3, 0, 1, 2, : 2, 3, 5, 5, 4, 2, 5, 4, 1, 1, 5, 1, 1, 4, 3, 7, 3, 1, 2, 
58: 1, 1, 0, 1, 3, 1, 0, 2, 0, 0, 0, 1, 2, 5, 0, 0, 0, 0, 0, 0, 5, 1, 5, 55, 0, 0, 2, 0, 5, 0, 0, 1, 0, 0, 4, 0, 5, 0, 1, 5, : 1, 1, 1, 3, 1, 2, 1, 2, 5, 5, 1, 5, 55, 2, 5, 1, 4, 5, 1, 5, 
121: 0, 1, 0, 5, 3, 0, 0, 4, 0, 0, 0, 4, 1, 3, 0, 0, 0, 0, 0, 0, 2, 5, 4, 0, 0, 0, 2, 0, 1, 0, 0, 5, 0, 0, 2, 0, 4, 0, 4, 3, : 1, 5, 3, 4, 4, 1, 3, 2, 5, 4, 2, 1, 5, 2, 4, 4, 3, 
36: 0, 4, 0, 1, 1, 0, 0, 2, 0, 0, 0, 52, 1, 4, 0, 5, 0, 0, 0, 0, 3, 4, 5, 0, 0, 0, 4, 5, 3, 0, 0, 3, 0, 0, 5, 0, 3, 0, 1, 4, : 4, 1, 1, 2, 52, 1, 4, 5, 3, 4, 5, 4, 5, 3, 3, 5, 3, 1, 4, 
163: 0, 4, 0, 3, 1, 0, 0, 1, 0, 0, 0, 0, 2, 3, 1, 0, 0, 0, 0, 0, 4, 4, 2, 0, 0, 0, 4, 0, 1, 0, 0, 5, 1, 0, 1, 0, 1, 0, 5, 1, : 4, 3, 1, 1, 2, 3, 1, 4, 4, 2, 4, 1, 5, 1, 1, 1, 5, 1, 
120: 1, 2, 0, 5, 7, 0, 0, 5, 1, 54, 0, 0, 5, 4, 0, 0, 0, 3, 0, 0, 0, 5, 1, 0, 0, 0, 1, 0, 2, 0, 0, 1, 0, 5, 2, 0, 4, 53, 1, 4, : 1, 2, 5, 7, 5, 1, 54, 5, 4, 3, 5, 1, 1, 2, 1, 5, 2, 4, 53, 1, 4, 
111: 0, 6, 0, 4, 5, 5, 0, 2, 4, 1, 0, 0, 3, 0, 0, 1, 0, 3, 0, 0, 3, 2, 4, 0, 52, 0, 4, 0, 6, 5, 0, 2, 0, 0, 1, 0, 5, 0, 5, 0, : 6, 4, 5, 5, 2, 4, 1, 3, 1, 3, 3, 2, 4, 52, 4, 6, 5, 2, 1, 5, 5, 
8: 4, 1, 0, 1, 5, 0, 0, 4, 0, 0, 5, 0, 1, 5, 53, 52, 0, 0, 2, 2, 3, 3, 4, 0, 0, 0, 4, 0, 8, 0, 0, 1, 0, 0, 1, 1, 1, 0, 1, 3, : 4, 1, 1, 5, 4, 5, 1, 5, 53, 52, 2, 2, 3, 3, 4, 4, 8, 1, 1, 1, 1, 1, 3, 
38: 0, 4, 3, 1, 2, 0, 0, 3, 3, 0, 0, 0, 3, 3, 0, 0, 0, 0, 0, 0, 3, 1, 1, 0, 1, 54, 1, 0, 2, 54, 1, 1, 0, 0, 6, 0, 3, 0, 5, 3, : 4, 3, 1, 2, 3, 3, 3, 3, 3, 1, 1, 1, 54, 1, 2, 54, 1, 1, 6, 3, 5, 3, 
189: 0, 5, 0, 1, 2, 1, 0, 5, 0, 5, 0, 0, 5, 5, 1, 0, 0, 50, 0, 0, 2, 5, 2, 0, 0, 0, 2, 0, 2, 0, 4, 5, 0, 0, 4, 0, 2, 0, 5, 5, : 5, 1, 2, 1, 5, 5, 5, 5, 1, 50, 2, 5, 2, 2, 2, 4, 5, 4, 2, 5, 5, 
109: 0, 1, 0, 8, 4, 51, 0, 4, 1, 0, 51, 3, 2, 0, 0, 0, 0, 0, 0, 0, 2, 4, 0, 0, 0, 0, 7, 0, 3, 0, 0, 4, 0, 0, 1, 0, 8, 0, 3, 5, : 1, 8, 4, 51, 4, 1, 51, 3, 2, 2, 4, 7, 3, 4, 1, 8, 3, 5, 
56: 0, 5, 5, 3, 5, 0, 0, 5, 0, 0, 0, 0, 4, 4, 1, 0, 0, 3, 0, 0, 3, 3, 3, 0, 0, 4, 1, 0, 2, 0, 0, 3, 0, 0, 4, 2, 2, 0, 4, 3, : 5, 5, 3, 5, 5, 4, 4, 1, 3, 3, 3, 3, 4, 1, 2, 3, 4, 2, 2, 4, 3, 


66: 0, 0, 5, 0, 0, 53, 2, 50, 51, 0, 0, 1, 0, 1, 4, 0, 0, 0, 0, 0, 0, 0, 0, 0, 51, 0, 4, 0, 0, 0, 0, 1, 0, 0, 2, 0, 0, 0, 0, 4, : 5, 53, 2, 50, 51, 1, 1, 4, 51, 4, 1, 2, 4, 
43: 0, 0, 0, 0, 0, 0, 3, 0, 0, 0, 0, 0, 0, 2, 7, 1, 0, 0, 0, 0, 1, 1, 54, 0, 0, 0, 4, 0, 53, 0, 0, 2, 0, 0, 1, 0, 0, 3, 0, 0, : 3, 2, 7, 1, 1, 1, 54, 4, 53, 2, 1, 3, 
91: 0, 0, 4, 4, 2, 0, 2, 0, 4, 1, 0, 0, 1, 4, 1, 4, 0, 0, 0, 51, 0, 0, 0, 0, 0, 0, 1, 0, 0, 0, 0, 2, 0, 0, 3, 1, 0, 0, 1, 0, : 4, 4, 2, 2, 4, 1, 1, 4, 1, 4, 51, 1, 2, 3, 1, 1, 
57: 1, 0, 0, 0, 0, 0, 2, 0, 0, 0, 0, 0, 0, 3, 3, 0, 1, 0, 3, 0, 0, 0, 0, 0, 3, 0, 4, 0, 0, 0, 0, 2, 0, 0, 3, 0, 0, 1, 0, 0, : 1, 2, 3, 3, 1, 3, 3, 4, 2, 3, 1, 
50: 3, 5, 0, 0, 0, 0, 3, 5, 0, 0, 0, 0, 0, 1, 1, 0, 2, 0, 0, 0, 0, 0, 0, 53, 1, 0, 1, 0, 1, 0, 0, 2, 0, 0, 1, 0, 0, 1, 0, 0, : 3, 5, 3, 5, 1, 1, 2, 53, 1, 1, 1, 2, 1, 1, 
99: 2, 0, 5, 0, 3, 0, 9, 0, 0, 0, 0, 1, 0, 1, 5, 53, 1, 5, 0, 0, 0, 52, 0, 0, 0, 51, 5, 0, 0, 0, 0, 1, 0, 0, 4, 0, 3, 0, 1, 0, : 2, 5, 3, 9, 1, 1, 5, 53, 1, 5, 52, 51, 5, 1, 4, 3, 1, 
130: 0, 0, 1, 0, 0, 0, 1, 5, 1, 0, 0, 0, 2, 2, 2, 0, 0, 0, 0, 0, 0, 0, 0, 0, 0, 0, 2, 0, 0, 0, 0, 3, 0, 51, 3, 0, 0, 0, 0, 0, : 1, 1, 5, 1, 2, 2, 2, 2, 3, 51, 3, 
113: 0, 0, 3, 0, 0, 0, 3, 0, 0, 0, 52, 2, 0, 2, 2, 1, 0, 0, 2, 0, 0, 4, 1, 2, 3, 0, 4, 2, 0, 2, 0, 3, 0, 0, 2, 1, 0, 0, 53, 4, : 3, 3, 52, 2, 2, 2, 1, 2, 4, 1, 2, 3, 4, 2, 2, 3, 2, 1, 53, 4, 
131: 0, 0, 5, 0, 0, 0, 3, 0, 0, 0, 0, 51, 52, 3, 2, 0, 0, 0, 0, 3, 2, 0, 0, 0, 1, 0, 4, 0, 0, 0, 0, 5, 1, 1, 4, 0, 0, 0, 0, 0, : 5, 3, 51, 52, 3, 2, 3, 2, 1, 4, 5, 1, 1, 4, 
133: 0, 0, 2, 0, 50, 0, 4, 0, 0, 1, 0, 0, 0, 3, 2, 0, 0, 0, 1, 0, 0, 0, 4, 0, 0, 1, 1, 2, 0, 0, 0, 3, 1, 3, 5, 0, 0, 0, 0, 0, : 2, 50, 4, 1, 3, 2, 1, 4, 1, 1, 2, 3, 1, 3, 5, 
177: 0, 0, 2, 55, 0, 0, 1, 0, 0, 0, 0, 1, 0, 3, 5, 0, 1, 0, 53, 0, 51, 0, 0, 1, 1, 1, 1, 0, 0, 5, 0, 1, 0, 0, 1, 0, 0, 1, 1, 0, : 2, 55, 1, 1, 3, 5, 1, 53, 51, 1, 1, 1, 1, 5, 1, 1, 1, 1, 
55: 0, 0, 5, 0, 3, 0, 6, 0, 0, 0, 3, 0, 0, 5, 5, 0, 0, 0, 1, 0, 0, 0, 0, 0, 0, 0, 5, 0, 3, 0, 0, 1, 0, 0, 2, 1, 0, 1, 0, 52, : 5, 3, 6, 3, 5, 5, 1, 5, 3, 1, 2, 1, 1, 52, 
54: 2, 2, 3, 0, 0, 0, 3, 0, 0, 0, 0, 0, 0, 9, 3, 0, 53, 50, 0, 0, 0, 0, 0, 0, 0, 0, 3, 0, 0, 0, 0, 8, 2, 0, 4, 1, 54, 51, 3, 0, : 2, 2, 3, 3, 9, 3, 53, 50, 3, 8, 2, 4, 1, 54, 51, 3, 
73: 0, 1, 5, 0, 1, 4, 5, 0, 0, 0, 0, 1, 0, 1, 1, 0, 0, 0, 0, 0, 1, 0, 0, 0, 0, 0, 4, 0, 2, 0, 0, 2, 0, 1, 5, 1, 3, 2, 0, 0, : 1, 5, 1, 4, 5, 1, 1, 1, 1, 4, 2, 2, 1, 5, 1, 3, 2, 
169: 0, 0, 3, 0, 0, 1, 1, 0, 2, 0, 0, 0, 4, 1, 2, 0, 2, 3, 0, 0, 3, 0, 0, 0, 0, 0, 4, 5, 0, 0, 0, 4, 1, 0, 6, 0, 0, 0, 1, 0, : 3, 1, 1, 2, 4, 1, 2, 2, 3, 3, 4, 5, 4, 1, 6, 1, 
63: 0, 0, 4, 0, 0, 0, 4, 0, 0, 4, 0, 3, 1, 3, 3, 1, 0, 0, 0, 5, 0, 0, 0, 0, 0, 0, 2, 51, 1, 0, 0, 2, 0, 4, 4, 0, 0, 0, 0, 0, : 4, 4, 4, 3, 1, 3, 3, 1, 5, 2, 51, 1, 2, 4, 4, 
184: 0, 0, 5, 0, 1, 0, 3, 0, 2, 0, 0, 0, 0, 2, 5, 0, 0, 0, 0, 0, 0, 0, 1, 4, 0, 0, 5, 0, 0, 0, 54, 4, 0, 0, 4, 5, 0, 0, 0, 0, : 5, 1, 3, 2, 2, 5, 1, 4, 5, 54, 4, 4, 5, 
134: 52, 0, 5, 0, 0, 1, 1, 0, 0, 54, 0, 0, 0, 1, 5, 0, 0, 0, 0, 1, 0, 3, 0, 0, 0, 0, 0, 0, 0, 0, 1, 2, 0, 0, 2, 0, 0, 0, 0, 0, : 52, 5, 1, 1, 54, 1, 5, 1, 3, 1, 2, 2, 
76: 0, 0, 3, 1, 0, 0, 3, 0, 0, 0, 5, 0, 0, 3, 1, 0, 0, 2, 0, 0, 1, 0, 0, 0, 0, 3, 3, 0, 0, 53, 5, 9, 53, 0, 2, 0, 0, 0, 0, 0, : 3, 1, 3, 5, 3, 1, 2, 1, 3, 3, 53, 5, 9, 53, 2, 
5: 0, 52, 0, 0, 0, 1, 1, 0, 0, 0, 0, 0, 0, 10, 1, 0, 0, 0, 0, 0, 1, 0, 0, 0, 0, 4, 3, 0, 0, 0, 0, 3, 2, 0, 2, 50, 0, 0, 0, 0, : 52, 1, 1, 10, 1, 1, 4, 3, 3, 2, 2, 50, 


106: 0, 0, 0, 1, 2, 0, 0, 0, 0, 1, 0, 4, 0, 1, 0, 0, 5, 0, 0, 0, 0, 0, 0, 0, 2, 0, 0, 0, 0, 0, 5, 4, 0, 1, 0, 0, 2, 53, 0, 0, : 1, 2, 1, 4, 1, 5, 2, 5, 4, 1, 2, 53, 
153: 0, 0, 0, 3, 51, 0, 0, 0, 0, 0, 0, 1, 0, 1, 0, 0, 0, 0, 0, 0, 5, 0, 5, 0, 3, 4, 3, 1, 0, 0, 5, 0, 0, 0, 0, 0, 4, 0, 2, 1, : 3, 51, 1, 1, 5, 5, 3, 4, 3, 1, 5, 4, 2, 1, 
165: 1, 0, 53, 2, 0, 0, 50, 0, 3, 4, 1, 3, 0, 0, 0, 0, 0, 0, 0, 5, 0, 0, 0, 0, 5, 0, 0, 4, 54, 0, 2, 0, 0, 0, 0, 0, 5, 1, 0, 0, : 1, 53, 2, 50, 3, 4, 1, 3, 5, 5, 4, 54, 2, 5, 1, 
7: 0, 0, 0, 1, 0, 0, 0, 0, 0, 0, 5, 1, 0, 0, 4, 1, 0, 51, 0, 0, 0, 0, 0, 0, 1, 0, 4, 5, 0, 0, 3, 0, 1, 0, 5, 53, 3, 0, 0, 0, : 1, 5, 1, 4, 1, 51, 1, 4, 5, 3, 1, 5, 53, 3, 
51: 2, 0, 0, 4, 0, 0, 2, 0, 0, 0, 1, 1, 0, 1, 0, 0, 0, 0, 0, 1, 0, 0, 0, 0, 4, 0, 0, 5, 0, 0, 0, 0, 0, 0, 0, 0, 4, 0, 0, 0, : 2, 4, 2, 1, 1, 1, 1, 4, 5, 4, 
25: 0, 0, 0, 5, 0, 0, 3, 0, 0, 0, 0, 4, 52, 0, 0, 3, 0, 0, 0, 0, 50, 0, 0, 52, 1, 0, 0, 3, 0, 1, 3, 0, 0, 0, 0, 0, 2, 0, 0, 0, : 5, 3, 4, 52, 3, 50, 52, 1, 3, 1, 3, 2, 
154: 1, 2, 0, 5, 0, 0, 0, 0, 50, 0, 1, 1, 0, 0, 5, 0, 0, 0, 0, 0, 0, 0, 0, 0, 5, 0, 0, 2, 0, 0, 5, 0, 0, 0, 0, 0, 3, 0, 0, 0, : 1, 2, 5, 50, 1, 1, 5, 5, 2, 5, 3, 
157: 0, 0, 0, 2, 0, 0, 0, 0, 0, 0, 0, 4, 0, 0, 0, 0, 0, 0, 1, 0, 0, 0, 0, 0, 5, 0, 1, 5, 0, 2, 2, 1, 0, 0, 0, 0, 1, 0, 54, 0, : 2, 4, 1, 5, 1, 5, 2, 2, 1, 1, 54, 
150: 0, 0, 1, 1, 0, 5, 0, 0, 0, 0, 0, 3, 3, 0, 0, 52, 0, 0, 0, 1, 0, 0, 0, 0, 4, 0, 0, 3, 0, 0, 3, 3, 1, 0, 0, 0, 4, 0, 1, 4, : 1, 1, 5, 3, 3, 52, 1, 4, 3, 3, 3, 1, 4, 1, 4, 
180: 1, 0, 1, 4, 0, 0, 0, 51, 0, 0, 0, 3, 0, 0, 50, 0, 5, 3, 5, 0, 0, 0, 0, 0, 1, 0, 1, 2, 0, 1, 4, 0, 5, 53, 0, 0, 0, 0, 3, 0, : 1, 1, 4, 51, 3, 50, 5, 3, 5, 1, 1, 2, 1, 4, 5, 53, 3, 
185: 0, 5, 0, 5, 0, 0, 0, 0, 0, 1, 0, 2, 2, 0, 0, 0, 0, 1, 0, 0, 0, 2, 0, 0, 4, 4, 0, 3, 0, 53, 5, 0, 1, 0, 52, 0, 2, 0, 0, 0, : 5, 5, 1, 2, 2, 1, 2, 4, 4, 3, 53, 5, 1, 52, 2, 
173: 0, 0, 0, 1, 0, 0, 0, 1, 3, 0, 0, 2, 0, 55, 0, 0, 0, 0, 0, 51, 0, 2, 4, 3, 1, 0, 0, 2, 0, 0, 2, 0, 0, 0, 2, 1, 4, 0, 0, 1, : 1, 1, 3, 2, 55, 51, 2, 4, 3, 1, 2, 2, 2, 1, 4, 1, 
100: 1, 0, 0, 4, 0, 1, 2, 5, 4, 1, 0, 5, 1, 0, 0, 2, 0, 0, 0, 2, 0, 53, 0, 2, 2, 0, 0, 2, 4, 0, 2, 0, 0, 0, 0, 2, 4, 0, 0, 0, : 1, 4, 1, 2, 5, 4, 1, 5, 1, 2, 2, 53, 2, 2, 2, 4, 2, 2, 4, 
191: 0, 1, 0, 1, 0, 0, 0, 0, 0, 0, 0, 5, 0, 0, 0, 0, 0, 0, 0, 0, 0, 1, 0, 0, 1, 0, 0, 4, 0, 1, 2, 0, 0, 0, 0, 0, 4, 1, 0, 0, : 1, 1, 5, 1, 1, 4, 1, 2, 4, 1, 
22: 0, 0, 5, 2, 0, 0, 3, 0, 0, 50, 1, 1, 0, 0, 0, 0, 0, 0, 0, 0, 0, 1, 0, 0, 4, 0, 0, 1, 0, 0, 2, 0, 52, 0, 0, 0, 1, 0, 0, 50, : 5, 2, 3, 50, 1, 1, 1, 4, 1, 2, 52, 1, 50, 
89: 0, 51, 0, 3, 5, 0, 0, 0, 0, 1, 0, 5, 0, 1, 0, 0, 50, 0, 0, 0, 0, 0, 50, 0, 2, 52, 0, 2, 0, 0, 5, 0, 0, 0, 0, 0, 5, 0, 0, 0, : 51, 3, 5, 1, 5, 1, 50, 50, 2, 52, 2, 5, 5, 
196: 53, 0, 0, 4, 2, 50, 0, 0, 0, 2, 0, 4, 2, 0, 1, 0, 0, 0, 0, 0, 2, 1, 0, 0, 1, 0, 51, 3, 0, 0, 1, 1, 0, 0, 0, 4, 2, 0, 0, 0, : 53, 4, 2, 50, 2, 4, 2, 1, 2, 1, 1, 51, 3, 1, 1, 4, 2, 
143: 1, 1, 0, 2, 0, 4, 0, 0, 0, 0, 0, 5, 0, 0, 0, 0, 0, 0, 0, 0, 0, 0, 0, 3, 2, 0, 0, 5, 1, 0, 1, 0, 0, 0, 0, 0, 5, 5, 0, 3, : 1, 1, 2, 4, 5, 3, 2, 5, 1, 1, 5, 5, 3, 
92: 0, 0, 0, 1, 0, 0, 0, 3, 0, 0, 0, 2, 0, 0, 0, 2, 0, 0, 0, 0, 3, 0, 0, 0, 8, 0, 0, 5, 1, 2, 3, 0, 0, 5, 1, 0, 3, 0, 0, 1, : 1, 3, 2, 2, 3, 8, 5, 1, 2, 3, 5, 1, 3, 1, 
48: 0, 0, 0, 9, 0, 0, 0, 0, 0, 0, 51, 4, 0, 1, 0, 0, 0, 5, 54, 0, 0, 0, 1, 0, 4, 0, 0, 3, 0, 0, 5, 51, 0, 1, 0, 0, 2, 0, 0, 0, : 9, 51, 4, 1, 5, 54, 1, 4, 3, 5, 51, 1, 2, 


128: 0, 3, 5, 0, 0, 0, 0, 0, 3, 0, 0, 0, 0, 0, 2, 0, 4, 0, 3, 0, 0, 5, 1, 0, 0, 0, 0, 4, 51, 0, 1, 4, 0, 2, 0, 1, 0, 3, 2, 0, : 3, 5, 3, 2, 4, 3, 5, 1, 4, 51, 1, 4, 2, 1, 3, 2, 
167: 0, 3, 0, 2, 1, 0, 0, 50, 1, 0, 0, 0, 0, 0, 6, 0, 1, 5, 0, 0, 0, 3, 4, 0, 0, 0, 0, 0, 0, 1, 0, 4, 0, 5, 0, 0, 0, 55, 0, 0, : 3, 2, 1, 50, 1, 6, 1, 5, 3, 4, 1, 4, 5, 55, 
166: 2, 5, 0, 0, 0, 0, 0, 0, 2, 0, 0, 0, 0, 3, 3, 0, 3, 0, 4, 0, 0, 4, 5, 0, 0, 0, 5, 0, 0, 0, 0, 5, 3, 4, 1, 0, 3, 0, 1, 1, : 2, 5, 2, 3, 3, 3, 4, 4, 5, 5, 5, 3, 4, 1, 3, 1, 1, 
140: 54, 5, 0, 0, 0, 1, 4, 0, 2, 0, 2, 0, 52, 0, 3, 0, 5, 0, 51, 3, 0, 3, 2, 5, 0, 0, 0, 0, 0, 0, 0, 8, 0, 5, 0, 4, 2, 0, 0, 0, : 54, 5, 1, 4, 2, 2, 52, 3, 5, 51, 3, 3, 2, 5, 8, 5, 4, 2, 
17: 1, 3, 0, 0, 0, 0, 0, 0, 1, 0, 1, 0, 0, 0, 2, 0, 4, 0, 0, 50, 0, 5, 4, 0, 4, 4, 0, 0, 0, 0, 0, 2, 1, 2, 0, 54, 0, 0, 5, 0, : 1, 3, 1, 1, 2, 4, 50, 5, 4, 4, 4, 2, 1, 2, 54, 5, 
81: 0, 4, 0, 0, 0, 0, 0, 0, 0, 0, 50, 50, 0, 0, 4, 53, 3, 0, 0, 0, 0, 4, 4, 0, 50, 0, 0, 0, 0, 1, 0, 1, 0, 3, 1, 0, 0, 0, 0, 0, : 4, 50, 50, 4, 53, 3, 4, 4, 50, 1, 1, 3, 1, 
1: 0, 1, 1, 0, 1, 51, 0, 0, 4, 2, 0, 0, 0, 0, 3, 0, 1, 0, 0, 0, 0, 4, 5, 51, 3, 0, 0, 2, 2, 0, 0, 2, 0, 4, 0, 1, 0, 0, 0, 50, : 1, 1, 1, 51, 4, 2, 3, 1, 4, 5, 51, 3, 2, 2, 2, 4, 1, 50, 
126: 0, 4, 0, 1, 52, 0, 0, 3, 4, 0, 2, 0, 2, 0, 2, 5, 3, 0, 0, 3, 0, 5, 4, 0, 0, 0, 0, 0, 0, 2, 0, 2, 50, 1, 53, 0, 0, 0, 0, 3, : 4, 1, 52, 3, 4, 2, 2, 2, 5, 3, 3, 5, 4, 2, 2, 50, 1, 53, 3, 
41: 0, 0, 0, 3, 1, 0, 0, 0, 5, 0, 0, 0, 0, 1, 1, 0, 5, 55, 0, 0, 0, 2, 3, 1, 0, 0, 0, 0, 0, 0, 2, 1, 0, 2, 1, 0, 0, 0, 0, 0, : 3, 1, 5, 1, 1, 5, 55, 2, 3, 1, 2, 1, 2, 1, 
20: 0, 5, 0, 0, 0, 0, 0, 0, 5, 0, 0, 0, 0, 0, 1, 0, 3, 0, 0, 0, 0, 0, 3, 0, 3, 0, 54, 0, 0, 0, 4, 2, 0, 5, 0, 0, 0, 2, 0, 0, : 5, 5, 1, 3, 3, 3, 54, 4, 2, 5, 2, 
82: 0, 1, 51, 0, 0, 0, 0, 3, 5, 0, 0, 0, 0, 0, 2, 0, 5, 0, 0, 4, 1, 2, 1, 0, 0, 0, 0, 0, 0, 0, 51, 7, 0, 1, 0, 0, 0, 0, 0, 0, : 1, 51, 3, 5, 2, 5, 4, 1, 2, 1, 51, 7, 1, 
9: 0, 1, 0, 0, 0, 0, 0, 0, 3, 0, 1, 0, 5, 1, 5, 0, 2, 0, 0, 0, 0, 0, 3, 0, 0, 0, 0, 0, 0, 55, 0, 5, 0, 1, 0, 0, 2, 0, 0, 3, : 1, 3, 1, 5, 1, 5, 2, 3, 55, 5, 1, 2, 3, 
179: 0, 4, 0, 54, 0, 0, 0, 0, 4, 3, 0, 0, 0, 0, 1, 0, 1, 0, 0, 0, 0, 1, 5, 1, 0, 0, 1, 54, 0, 0, 2, 3, 0, 3, 0, 0, 1, 0, 0, 0, : 4, 54, 4, 3, 1, 1, 1, 5, 1, 1, 54, 2, 3, 3, 1, 
118: 0, 3, 3, 0, 0, 0, 0, 0, 1, 53, 0, 0, 0, 0, 5, 2, 3, 0, 0, 0, 4, 5, 1, 0, 0, 55, 0, 0, 0, 0, 0, 4, 3, 5, 0, 0, 0, 0, 0, 0, : 3, 3, 1, 53, 5, 2, 3, 4, 5, 1, 55, 4, 3, 5, 
162: 0, 1, 0, 0, 0, 3, 5, 1, 2, 2, 3, 0, 1, 0, 7, 0, 2, 0, 0, 0, 0, 1, 3, 0, 0, 0, 0, 0, 0, 1, 0, 1, 0, 1, 1, 0, 0, 0, 0, 0, : 1, 3, 5, 1, 2, 2, 3, 1, 7, 2, 1, 3, 1, 1, 1, 1, 
98: 0, 5, 0, 0, 0, 0, 0, 0, 5, 0, 0, 5, 0, 0, 5, 0, 4, 0, 2, 0, 0, 4, 1, 2, 0, 0, 0, 0, 0, 0, 0, 1, 0, 5, 2, 0, 0, 0, 50, 0, : 5, 5, 5, 5, 4, 2, 4, 1, 2, 1, 5, 2, 50, 
123: 1, 4, 0, 0, 0, 0, 0, 1, 4, 0, 1, 0, 0, 55, 1, 0, 5, 0, 0, 0, 55, 4, 3, 0, 0, 0, 0, 0, 5, 0, 0, 1, 0, 3, 0, 0, 0, 0, 0, 1, : 1, 4, 1, 4, 1, 55, 1, 5, 55, 4, 3, 5, 1, 3, 1, 
107: 2, 2, 0, 0, 0, 5, 51, 0, 2, 0, 0, 5, 0, 0, 2, 0, 3, 0, 0, 0, 0, 1, 5, 0, 0, 0, 0, 0, 1, 0, 0, 1, 0, 4, 0, 0, 0, 0, 0, 2, : 2, 2, 5, 51, 2, 5, 2, 3, 1, 5, 1, 1, 4, 2, 
108: 0, 2, 0, 0, 5, 0, 0, 0, 3, 0, 0, 0, 0, 0, 3, 0, 1, 0, 0, 0, 0, 2, 1, 0, 0, 1, 0, 0, 1, 0, 0, 2, 3, 3, 0, 0, 52, 0, 0, 0, : 2, 5, 3, 3, 1, 2, 1, 1, 1, 2, 3, 3, 52, 
32: 0, 4, 0, 0, 0, 0, 0, 2, 4, 0, 0, 0, 0, 0, 2, 0, 2, 0, 0, 0, 0, 5, 2, 0, 0, 0, 0, 0, 0, 0, 0, 4, 0, 1, 1, 0, 0, 0, 2, 0, : 4, 2, 4, 2, 2, 5, 2, 4, 1, 1, 2, 


97: 0, 0, 0, 0, 0, 2, 0, 0, 0, 0, 0, 5, 0, 4, 1, 1, 0, 0, 0, 0, 5, 53, 0, 0, 5, 0, 0, 0, 2, 0, 0, 2, 4, 0, 1, 0, 0, 0, 3, 0, : 2, 5, 4, 1, 1, 5, 53, 5, 2, 2, 4, 1, 3, 
26: 0, 0, 0, 0, 0, 55, 0, 0, 4, 0, 0, 0, 0, 4, 5, 4, 0, 0, 0, 0, 3, 0, 0, 0, 2, 3, 0, 3, 0, 0, 0, 3, 0, 5, 0, 0, 0, 0, 3, 0, : 55, 4, 4, 5, 4, 3, 2, 3, 3, 3, 5, 3, 
64: 0, 0, 0, 0, 0, 0, 0, 0, 0, 0, 0, 54, 0, 1, 2, 1, 0, 0, 0, 0, 5, 0, 0, 0, 1, 4, 0, 0, 0, 1, 4, 0, 0, 0, 5, 0, 1, 0, 2, 0, : 54, 1, 2, 1, 5, 1, 4, 1, 4, 5, 1, 2, 
195: 0, 0, 0, 0, 0, 0, 0, 0, 0, 0, 0, 0, 0, 2, 5, 2, 2, 0, 0, 0, 1, 0, 1, 0, 1, 2, 0, 1, 0, 53, 0, 1, 0, 0, 0, 0, 0, 2, 2, 2, : 2, 5, 2, 2, 1, 1, 1, 2, 1, 53, 1, 2, 2, 2, 
156: 5, 0, 54, 0, 0, 0, 0, 0, 0, 0, 0, 0, 0, 1, 2, 5, 1, 2, 0, 0, 5, 0, 2, 0, 2, 3, 1, 0, 0, 2, 0, 0, 0, 5, 0, 0, 0, 0, 4, 0, : 5, 54, 1, 2, 5, 1, 2, 5, 2, 2, 3, 1, 2, 5, 4, 
174: 0, 0, 0, 1, 0, 0, 0, 0, 0, 0, 0, 1, 4, 5, 5, 5, 0, 0, 1, 0, 5, 0, 0, 0, 5, 3, 51, 0, 0, 0, 0, 0, 50, 0, 0, 51, 0, 5, 2, 0, : 1, 1, 4, 5, 5, 5, 1, 5, 5, 3, 51, 50, 51, 5, 2, 
42: 0, 0, 1, 0, 1, 0, 0, 1, 0, 0, 0, 0, 3, 3, 5, 4, 0, 0, 4, 3, 1, 0, 0, 0, 1, 1, 0, 0, 0, 0, 0, 0, 0, 0, 0, 0, 50, 0, 4, 0, : 1, 1, 1, 3, 3, 5, 4, 4, 3, 1, 1, 1, 50, 4, 
19: 0, 0, 0, 0, 0, 0, 2, 52, 0, 0, 3, 0, 0, 6, 3, 3, 0, 1, 0, 2, 2, 0, 2, 0, 1, 5, 0, 53, 5, 0, 0, 54, 0, 0, 0, 0, 0, 0, 4, 0, : 2, 52, 3, 6, 3, 3, 1, 2, 2, 2, 1, 5, 53, 5, 54, 4, 
11: 0, 4, 0, 0, 0, 0, 2, 2, 4, 0, 0, 0, 0, 3, 3, 3, 0, 54, 0, 0, 1, 0, 0, 53, 4, 3, 0, 2, 0, 0, 0, 0, 0, 0, 1, 0, 0, 0, 2, 0, : 4, 2, 2, 4, 3, 3, 3, 54, 1, 53, 4, 3, 2, 1, 2, 
39: 0, 0, 0, 0, 2, 0, 1, 0, 0, 1, 0, 0, 51, 1, 1, 3, 0, 1, 0, 0, 1, 0, 0, 3, 4, 1, 0, 0, 51, 0, 0, 0, 1, 0, 0, 0, 0, 2, 4, 0, : 2, 1, 1, 51, 1, 1, 3, 1, 1, 3, 4, 1, 51, 1, 2, 4, 
112: 0, 3, 0, 0, 5, 0, 0, 0, 0, 0, 2, 0, 0, 5, 1, 4, 0, 2, 52, 0, 1, 0, 0, 0, 5, 5, 0, 0, 0, 0, 0, 0, 4, 0, 3, 4, 0, 0, 4, 0, : 3, 5, 2, 5, 1, 4, 2, 52, 1, 5, 5, 4, 3, 4, 4, 
75: 0, 1, 0, 0, 0, 2, 0, 0, 0, 0, 1, 0, 0, 1, 5, 5, 0, 0, 1, 0, 2, 0, 0, 0, 5, 1, 0, 0, 0, 0, 5, 0, 0, 0, 50, 0, 1, 0, 5, 53, : 1, 2, 1, 1, 5, 5, 1, 2, 5, 1, 5, 50, 1, 5, 53, 
33: 0, 0, 4, 0, 0, 0, 0, 4, 2, 0, 0, 0, 0, 1, 5, 1, 52, 0, 0, 1, 5, 0, 0, 0, 5, 5, 3, 0, 2, 0, 0, 0, 0, 50, 0, 0, 0, 0, 5, 0, : 4, 4, 2, 1, 5, 1, 52, 1, 5, 5, 5, 3, 2, 50, 5, 
175: 52, 0, 0, 0, 0, 0, 0, 0, 0, 5, 0, 0, 0, 3, 5, 2, 0, 0, 0, 52, 1, 1, 55, 0, 1, 5, 0, 0, 0, 0, 0, 0, 0, 0, 0, 0, 0, 51, 2, 0, : 52, 5, 3, 5, 2, 52, 1, 1, 55, 1, 5, 51, 2, 
12: 0, 1, 0, 0, 0, 1, 0, 0, 50, 0, 0, 0, 0, 5, 0, 3, 0, 0, 0, 2, 5, 0, 0, 0, 1, 1, 0, 0, 0, 0, 0, 0, 0, 0, 0, 0, 0, 0, 2, 0, : 1, 1, 50, 5, 3, 2, 5, 1, 1, 2, 
30: 0, 51, 0, 55, 0, 0, 0, 0, 0, 4, 0, 0, 0, 1, 3, 3, 0, 0, 0, 0, 4, 1, 0, 1, 4, 5, 0, 0, 0, 0, 0, 0, 0, 0, 0, 3, 0, 0, 1, 1, : 51, 55, 4, 1, 3, 3, 4, 1, 1, 4, 5, 3, 1, 1, 
116: 3, 0, 0, 0, 0, 0, 54, 0, 0, 0, 54, 0, 0, 2, 3, 4, 2, 0, 0, 0, 2, 0, 0, 0, 2, 4, 0, 0, 0, 4, 1, 0, 0, 0, 0, 0, 0, 0, 4, 0, : 3, 54, 54, 2, 3, 4, 2, 2, 2, 4, 4, 1, 4, 
142: 0, 0, 1, 0, 1, 0, 0, 1, 0, 0, 0, 0, 0, 2, 3, 3, 0, 0, 2, 0, 3, 0, 0, 0, 4, 4, 5, 1, 0, 0, 0, 0, 0, 0, 0, 0, 4, 0, 2, 4, : 1, 1, 1, 2, 3, 3, 2, 3, 4, 4, 5, 1, 4, 2, 4, 
80: 0, 0, 0, 0, 50, 0, 0, 0, 0, 50, 0, 0, 2, 5, 2, 1, 2, 0, 0, 0, 3, 5, 0, 0, 2, 2, 0, 0, 0, 0, 50, 0, 0, 0, 0, 0, 4, 0, 1, 0, : 50, 50, 2, 5, 2, 1, 2, 3, 5, 2, 2, 50, 4, 1, 
129: 0, 0, 0, 4, 1, 0, 1, 0, 0, 0, 0, 0, 0, 5, 1, 3, 1, 0, 0, 0, 5, 0, 0, 3, 5, 3, 0, 0, 0, 0, 0, 0, 1, 0, 0, 2, 0, 0, 4, 0, : 4, 1, 1, 5, 1, 3, 1, 5, 3, 5, 3, 1, 2, 4, 


88: 0, 0, 3, 1, 0, 1, 0, 2, 0, 0, 0, 1, 3, 1, 4, 0, 4, 3, 0, 0, 50, 3, 0, 0, 0, 1, 0, 2, 0, 5, 0, 1, 0, 0, 1, 0, 0, 0, 0, 5, : 3, 1, 1, 2, 1, 3, 1, 4, 4, 3, 50, 3, 1, 2, 5, 1, 1, 5, 
27: 0, 0, 1, 51, 2, 3, 0, 0, 0, 1, 0, 5, 3, 5, 4, 0, 2, 5, 0, 0, 0, 4, 0, 0, 0, 54, 2, 0, 0, 3, 0, 4, 4, 0, 3, 0, 0, 0, 0, 0, : 1, 51, 2, 3, 1, 5, 3, 5, 4, 2, 5, 4, 54, 2, 3, 4, 4, 3, 
194: 2, 2, 5, 0, 53, 5, 0, 0, 1, 0, 0, 1, 2, 4, 4, 0, 5, 1, 0, 5, 0, 1, 0, 0, 1, 0, 0, 0, 0, 0, 0, 4, 0, 0, 5, 0, 0, 4, 0, 0, : 2, 2, 5, 53, 5, 1, 1, 2, 4, 4, 5, 1, 5, 1, 1, 4, 5, 4, 
44: 0, 3, 4, 3, 0, 3, 0, 0, 2, 52, 0, 3, 1, 3, 1, 50, 4, 5, 0, 1, 0, 4, 0, 0, 0, 0, 0, 0, 2, 0, 0, 3, 0, 0, 5, 0, 0, 0, 0, 0, : 3, 4, 3, 3, 2, 52, 3, 1, 3, 1, 50, 4, 5, 1, 4, 2, 3, 5, 
183: 0, 1, 3, 1, 0, 4, 0, 0, 0, 0, 51, 2, 1, 3, 3, 4, 4, 2, 0, 0, 0, 3, 0, 0, 0, 0, 0, 0, 51, 0, 2, 4, 0, 0, 4, 0, 0, 2, 0, 0, : 1, 3, 1, 4, 51, 2, 1, 3, 3, 4, 4, 2, 3, 51, 2, 4, 4, 2, 
188: 51, 0, 2, 4, 0, 5, 1, 0, 0, 0, 0, 2, 5, 2, 3, 0, 7, 3, 0, 0, 5, 3, 0, 0, 0, 0, 0, 0, 0, 0, 5, 1, 50, 0, 2, 0, 0, 0, 0, 0, : 51, 2, 4, 5, 1, 2, 5, 2, 3, 7, 3, 5, 3, 5, 1, 50, 2, 
135: 1, 0, 1, 0, 3, 4, 0, 0, 0, 1, 0, 5, 3, 5, 1, 0, 1, 0, 0, 0, 1, 3, 0, 0, 0, 2, 0, 51, 0, 0, 0, 4, 0, 0, 1, 0, 5, 52, 0, 50, : 1, 1, 3, 4, 1, 5, 3, 5, 1, 1, 1, 3, 2, 51, 4, 1, 5, 52, 50, 
159: 0, 0, 5, 0, 0, 2, 0, 53, 0, 4, 0, 3, 3, 5, 3, 0, 1, 3, 0, 0, 0, 4, 0, 3, 0, 0, 4, 2, 1, 0, 0, 2, 0, 0, 5, 0, 1, 0, 0, 1, : 5, 2, 53, 4, 3, 3, 5, 3, 1, 3, 4, 3, 4, 2, 1, 2, 5, 1, 1, 
151: 1, 0, 1, 0, 0, 1, 5, 0, 0, 0, 2, 1, 3, 2, 1, 0, 1, 2, 0, 0, 0, 5, 0, 0, 0, 0, 0, 0, 0, 0, 0, 5, 0, 0, 8, 3, 0, 0, 51, 0, : 1, 1, 1, 5, 2, 1, 3, 2, 1, 1, 2, 5, 5, 8, 3, 51, 
37: 0, 0, 3, 0, 0, 1, 0, 0, 0, 0, 0, 5, 2, 2, 3, 0, 3, 4, 0, 0, 0, 1, 0, 0, 0, 0, 3, 0, 0, 1, 0, 3, 1, 0, 4, 0, 51, 2, 0, 0, : 3, 1, 5, 2, 2, 3, 3, 4, 1, 3, 1, 3, 1, 4, 51, 2, 
10: 0, 0, 2, 0, 0, 2, 0, 0, 0, 0, 0, 5, 2, 6, 5, 0, 2, 3, 0, 0, 0, 4, 0, 50, 0, 0, 0, 0, 0, 0, 0, 1, 0, 0, 2, 1, 0, 0, 0, 0, : 2, 2, 5, 2, 6, 5, 2, 3, 4, 50, 1, 2, 1, 
152: 0, 0, 5, 0, 0, 2, 0, 0, 0, 0, 1, 3, 3, 4, 2, 0, 2, 3, 51, 0, 4, 5, 4, 5, 0, 0, 0, 0, 1, 0, 1, 3, 0, 0, 3, 4, 2, 0, 0, 0, : 5, 2, 1, 3, 3, 4, 2, 2, 3, 51, 4, 5, 4, 5, 1, 1, 3, 3, 4, 2, 
67: 0, 1, 4, 0, 0, 4, 53, 0, 0, 1, 3, 3, 5, 1, 1, 0, 2, 5, 0, 0, 0, 1, 51, 0, 0, 0, 0, 0, 0, 0, 0, 4, 1, 0, 2, 0, 0, 0, 1, 0, : 1, 4, 4, 53, 1, 3, 3, 5, 1, 1, 2, 5, 1, 51, 4, 1, 2, 1, 
200: 1, 0, 5, 0, 0, 2, 0, 0, 0, 0, 0, 2, 1, 2, 5, 0, 5, 2, 0, 0, 0, 5, 0, 0, 0, 0, 0, 0, 0, 0, 0, 2, 0, 55, 2, 0, 0, 0, 2, 0, : 1, 5, 2, 2, 1, 2, 5, 5, 2, 5, 2, 55, 2, 2, 
35: 0, 0, 2, 0, 0, 5, 0, 0, 0, 0, 0, 4, 5, 1, 4, 0, 4, 4, 0, 0, 0, 4, 0, 0, 0, 1, 0, 0, 0, 51, 0, 3, 2, 0, 3, 1, 0, 0, 3, 0, : 2, 5, 4, 5, 1, 4, 4, 4, 4, 1, 51, 3, 2, 3, 1, 3, 
52: 1, 53, 3, 0, 0, 3, 0, 3, 0, 0, 0, 3, 1, 1, 1, 2, 2, 2, 5, 53, 0, 1, 0, 0, 4, 0, 0, 0, 0, 0, 50, 3, 2, 0, 1, 50, 0, 0, 0, 0, : 1, 53, 3, 3, 3, 3, 1, 1, 1, 2, 2, 2, 5, 53, 1, 4, 50, 3, 2, 1, 50, 
34: 3, 0, 1, 0, 0, 5, 1, 0, 0, 0, 3, 1, 5, 1, 4, 0, 2, 4, 3, 1, 0, 3, 0, 0, 55, 0, 0, 0, 2, 0, 1, 2, 0, 5, 1, 0, 0, 0, 0, 0, : 3, 1, 5, 1, 3, 1, 5, 1, 4, 2, 4, 3, 1, 3, 55, 2, 1, 2, 5, 1, 
170: 0, 0, 4, 0, 2, 1, 0, 0, 0, 0, 0, 2, 5, 2, 3, 4, 4, 2, 1, 0, 0, 1, 5, 2, 0, 2, 0, 0, 0, 0, 1, 4, 0, 0, 1, 0, 1, 0, 3, 0, : 4, 2, 1, 2, 5, 2, 3, 4, 4, 2, 1, 1, 5, 2, 2, 1, 4, 1, 1, 3, 
182: 0, 0, 2, 0, 0, 2, 0, 0, 3, 0, 0, 5, 3, 8, 5, 0, 4, 3, 0, 0, 0, 1, 0, 0, 0, 0, 0, 5, 3, 0, 0, 1, 0, 0, 3, 0, 0, 0, 0, 0, : 2, 2, 3, 5, 3, 8, 5, 4, 3, 1, 5, 3, 1, 3, 
147: 0, 0, 4, 0, 0, 5, 0, 2, 54, 1, 0, 4, 4, 2, 3, 0, 1, 4, 0, 0, 0, 4, 0, 0, 0, 0, 51, 0, 0, 0, 0, 6, 0, 0, 4, 1, 0, 0, 0, 4, : 4, 5, 2, 54, 1, 4, 4, 2, 3, 1, 4, 4, 51, 6, 4, 1, 4, 


171: 0, 2, 0, 4, 5, 5, 0, 0, 0, 0, 5, 0, 0, 5, 0, 0, 0, 0, 1, 4, 1, 3, 0, 0, 0, 0, 2, 0, 3, 0, 0, 0, 0, 5, 2, 0, 4, 0, 2, 2, : 2, 4, 5, 5, 5, 5, 1, 4, 1, 3, 2, 3, 5, 2, 4, 2, 2, 
21: 0, 0, 0, 3, 0, 4, 0, 0, 0, 1, 2, 0, 2, 4, 0, 2, 0, 1, 1, 0, 3, 0, 0, 1, 0, 5, 0, 0, 2, 0, 0, 0, 0, 1, 3, 0, 0, 1, 0, 1, : 3, 4, 1, 2, 2, 4, 2, 1, 1, 3, 1, 5, 2, 1, 3, 1, 1, 
141: 0, 0, 0, 5, 0, 4, 0, 1, 0, 0, 5, 0, 1, 5, 2, 0, 0, 1, 5, 0, 1, 0, 0, 0, 0, 0, 0, 0, 5, 0, 4, 0, 0, 0, 4, 0, 0, 0, 0, 0, : 5, 4, 1, 5, 1, 5, 2, 1, 5, 1, 5, 4, 4, 
110: 0, 0, 0, 5, 0, 2, 0, 0, 3, 0, 2, 0, 0, 5, 0, 0, 0, 0, 4, 0, 1, 0, 1, 0, 0, 0, 0, 0, 1, 1, 0, 0, 4, 0, 4, 0, 0, 0, 0, 0, : 5, 2, 3, 2, 5, 4, 1, 1, 1, 1, 4, 4, 
168: 0, 0, 3, 4, 0, 2, 0, 0, 0, 50, 5, 4, 0, 3, 0, 0, 0, 0, 2, 0, 3, 0, 0, 0, 0, 2, 2, 53, 1, 0, 0, 0, 0, 0, 3, 0, 0, 0, 0, 0, : 3, 4, 2, 50, 5, 4, 3, 2, 3, 2, 2, 53, 1, 3, 
14: 0, 0, 0, 4, 0, 2, 0, 0, 1, 1, 0, 0, 3, 1, 1, 0, 55, 0, 1, 0, 2, 0, 0, 55, 0, 0, 0, 0, 2, 0, 0, 0, 0, 0, 3, 0, 0, 0, 1, 0, : 4, 2, 1, 1, 3, 1, 1, 55, 1, 2, 55, 2, 3, 1, 
94: 5, 0, 0, 3, 0, 5, 55, 0, 0, 0, 2, 0, 0, 1, 0, 0, 0, 1, 3, 0, 1, 0, 55, 0, 0, 0, 0, 0, 3, 0, 0, 0, 1, 0, 2, 0, 0, 0, 0, 0, : 5, 3, 5, 55, 2, 1, 1, 3, 1, 55, 3, 1, 2, 
79: 0, 3, 0, 3, 0, 1, 0, 0, 50, 0, 3, 52, 0, 5, 0, 0, 0, 0, 3, 0, 5, 0, 0, 0, 1, 0, 0, 0, 4, 4, 0, 0, 0, 0, 4, 0, 1, 0, 0, 0, : 3, 3, 1, 50, 3, 52, 5, 3, 5, 1, 4, 4, 4, 1, 
181: 0, 0, 3, 3, 0, 1, 0, 0, 2, 0, 5, 0, 0, 4, 1, 0, 0, 1, 4, 0, 2, 0, 0, 0, 0, 50, 0, 0, 1, 3, 0, 0, 1, 0, 3, 0, 0, 0, 0, 0, : 3, 3, 1, 2, 5, 4, 1, 1, 4, 2, 50, 1, 3, 1, 3, 
125: 0, 0, 0, 1, 0, 5, 0, 0, 0, 0, 1, 0, 0, 3, 50, 0, 0, 0, 3, 0, 5, 0, 0, 0, 0, 0, 0, 0, 1, 0, 0, 5, 0, 1, 4, 0, 0, 0, 0, 0, : 1, 5, 1, 3, 50, 3, 5, 1, 5, 1, 4, 
176: 0, 0, 0, 0, 0, 3, 0, 50, 0, 0, 2, 0, 0, 2, 0, 0, 1, 4, 1, 0, 4, 0, 0, 0, 0, 0, 0, 0, 5, 0, 0, 0, 1, 0, 5, 0, 0, 0, 0, 0, : 3, 50, 2, 2, 1, 4, 1, 4, 5, 1, 5, 
62: 0, 0, 0, 3, 0, 5, 2, 0, 0, 0, 5, 0, 0, 2, 0, 1, 0, 0, 1, 0, 4, 0, 0, 0, 0, 1, 0, 1, 2, 0, 5, 0, 0, 0, 1, 55, 0, 55, 0, 0, : 3, 5, 2, 5, 2, 1, 1, 4, 1, 1, 2, 5, 1, 55, 55, 
90: 53, 0, 0, 3, 51, 2, 0, 0, 0, 0, 4, 0, 0, 3, 0, 0, 0, 0, 4, 4, 5, 0, 0, 4, 4, 0, 0, 0, 4, 0, 0, 0, 0, 0, 2, 0, 0, 0, 0, 0, : 53, 3, 51, 2, 4, 3, 4, 4, 5, 4, 4, 4, 2, 
197: 0, 2, 0, 1, 0, 3, 0, 0, 3, 5, 3, 0, 0, 1, 0, 0, 1, 0, 3, 52, 2, 0, 0, 0, 5, 0, 0, 5, 3, 0, 0, 0, 2, 52, 0, 0, 0, 4, 0, 0, : 2, 1, 3, 3, 5, 3, 1, 1, 3, 52, 2, 5, 5, 3, 2, 52, 4, 
187: 1, 0, 0, 4, 3, 4, 0, 5, 0, 0, 3, 0, 0, 2, 0, 3, 0, 0, 4, 0, 3, 0, 4, 0, 0, 0, 0, 0, 4, 0, 0, 0, 0, 0, 1, 0, 0, 0, 0, 0, : 1, 4, 3, 4, 5, 3, 2, 3, 4, 3, 4, 4, 1, 
47: 1, 0, 54, 5, 1, 1, 0, 0, 0, 0, 0, 0, 0, 3, 2, 0, 0, 0, 4, 0, 1, 0, 0, 0, 0, 0, 4, 0, 1, 0, 51, 0, 51, 0, 3, 0, 0, 0, 0, 0, : 1, 54, 5, 1, 1, 3, 2, 4, 1, 4, 1, 51, 51, 3, 
6: 0, 53, 0, 3, 0, 3, 0, 0, 0, 0, 4, 3, 0, 5, 0, 0, 3, 0, 5, 0, 8, 3, 0, 0, 0, 0, 0, 0, 8, 52, 0, 55, 0, 0, 4, 5, 53, 0, 52, 3, : 53, 3, 3, 4, 3, 5, 3, 5, 8, 3, 8, 52, 55, 4, 5, 53, 52, 3, 
86: 0, 0, 0, 1, 0, 2, 0, 4, 0, 3, 3, 1, 0, 3, 0, 0, 0, 0, 4, 0, 4, 0, 0, 0, 0, 2, 0, 0, 5, 0, 0, 0, 0, 1, 3, 0, 0, 0, 5, 54, : 1, 2, 4, 3, 3, 1, 3, 4, 4, 2, 5, 1, 3, 5, 54, 
15: 0, 0, 0, 3, 0, 2, 3, 0, 1, 0, 5, 0, 2, 1, 3, 0, 0, 0, 2, 0, 4, 4, 0, 0, 0, 0, 51, 0, 3, 0, 0, 0, 0, 0, 5, 0, 2, 0, 0, 0, : 3, 2, 3, 1, 5, 2, 1, 3, 2, 4, 4, 51, 3, 5, 2, 
68: 0, 0, 0, 2, 0, 4, 0, 0, 0, 0, 1, 0, 52, 2, 1, 54, 0, 52, 5, 0, 1, 50, 0, 0, 50, 0, 1, 1, 2, 0, 0, 0, 0, 0, 4, 0, 0, 0, 0, 0, : 2, 4, 1, 52, 2, 1, 54, 52, 5, 1, 50, 50, 1, 1, 2, 4, 


136: 3, 0, 0, 0, 51, 0, 0, 0, 54, 0, 0, 1, 2, 0, 50, 0, 0, 0, 4, 0, 0, 0, 0, 2, 0, 0, 0, 0, 0, 0, 0, 4, 0, 0, 4, 0, 3, 2, 0, 0, : 3, 51, 54, 1, 2, 50, 4, 2, 4, 4, 3, 2, 
115: 1, 0, 5, 52, 0, 0, 0, 54, 0, 50, 0, 4, 4, 0, 2, 55, 0, 0, 0, 0, 0, 5, 4, 2, 0, 0, 0, 2, 1, 0, 0, 5, 0, 0, 1, 0, 3, 0, 0, 50, : 1, 5, 52, 54, 50, 4, 4, 2, 55, 5, 4, 2, 2, 1, 5, 1, 3, 50, 
193: 1, 0, 1, 2, 3, 0, 50, 0, 0, 0, 0, 2, 2, 0, 0, 2, 0, 0, 2, 0, 0, 0, 0, 1, 0, 0, 0, 0, 1, 0, 3, 4, 1, 2, 5, 0, 4, 0, 0, 0, : 1, 1, 2, 3, 50, 2, 2, 2, 2, 1, 1, 3, 4, 1, 2, 5, 4, 
83: 3, 0, 0, 0, 0, 0, 0, 0, 0, 0, 1, 4, 1, 0, 0, 0, 54, 53, 0, 0, 1, 0, 50, 4, 0, 1, 1, 0, 0, 0, 1, 5, 1, 0, 1, 0, 4, 0, 0, 0, : 3, 1, 4, 1, 54, 53, 1, 50, 4, 1, 1, 1, 5, 1, 1, 4, 
114: 2, 0, 0, 0, 0, 0, 0, 0, 0, 0, 1, 4, 3, 0, 0, 0, 0, 0, 0, 0, 52, 0, 0, 1, 0, 0, 0, 2, 3, 0, 0, 4, 0, 0, 1, 2, 2, 0, 3, 0, : 2, 1, 4, 3, 52, 1, 2, 3, 4, 1, 2, 2, 3, 
49: 3, 2, 0, 0, 4, 0, 0, 0, 0, 0, 0, 5, 2, 0, 0, 0, 0, 0, 0, 0, 0, 0, 0, 5, 0, 3, 0, 0, 0, 0, 0, 5, 0, 0, 2, 0, 4, 0, 55, 0, : 3, 2, 4, 5, 2, 5, 3, 5, 2, 4, 55, 
192: 5, 0, 0, 1, 0, 0, 0, 0, 0, 0, 0, 3, 3, 0, 0, 0, 0, 0, 0, 0, 0, 0, 0, 2, 0, 0, 1, 4, 0, 0, 4, 5, 1, 0, 3, 0, 4, 0, 0, 1, : 5, 1, 3, 3, 2, 1, 4, 4, 5, 1, 3, 4, 1, 
31: 4, 55, 0, 0, 0, 0, 3, 0, 2, 0, 0, 5, 4, 0, 0, 0, 0, 0, 53, 0, 0, 0, 1, 4, 0, 0, 0, 1, 0, 0, 0, 2, 0, 0, 5, 0, 4, 0, 0, 2, : 4, 55, 3, 2, 5, 4, 53, 1, 4, 1, 2, 5, 4, 2, 
87: 2, 3, 0, 0, 0, 0, 0, 0, 4, 0, 52, 4, 8, 0, 0, 0, 3, 0, 0, 3, 0, 0, 0, 2, 0, 0, 0, 0, 0, 0, 1, 2, 0, 0, 2, 52, 3, 0, 0, 0, : 2, 3, 4, 52, 4, 8, 3, 3, 2, 1, 2, 2, 52, 3, 
23: 2, 0, 1, 0, 0, 54, 1, 0, 0, 0, 0, 2, 1, 0, 2, 0, 0, 4, 0, 0, 0, 0, 0, 1, 0, 2, 0, 0, 0, 0, 0, 1, 0, 3, 1, 0, 4, 0, 0, 0, : 2, 1, 54, 1, 2, 1, 2, 4, 1, 2, 1, 3, 1, 4, 
178: 5, 0, 0, 0, 0, 0, 0, 0, 0, 5, 0, 5, 1, 4, 0, 3, 0, 0, 0, 0, 0, 0, 0, 5, 0, 0, 51, 0, 0, 51, 0, 6, 1, 0, 4, 0, 1, 0, 0, 0, : 5, 5, 5, 1, 4, 3, 5, 51, 51, 6, 1, 4, 1, 
122: 5, 0, 0, 3, 0, 0, 0, 0, 0, 0, 0, 1, 1, 0, 0, 0, 0, 0, 0, 0, 1, 0, 0, 4, 0, 0, 0, 0, 0, 0, 50, 3, 0, 53, 2, 0, 2, 0, 0, 2, : 5, 3, 1, 1, 1, 4, 50, 3, 53, 2, 2, 2, 
132: 4, 0, 0, 0, 0, 0, 1, 0, 0, 0, 2, 2, 3, 2, 0, 0, 1, 3, 0, 1, 0, 0, 0, 2, 0, 0, 0, 1, 0, 0, 0, 2, 0, 0, 5, 4, 4, 0, 0, 0, : 4, 1, 2, 2, 3, 2, 1, 3, 1, 2, 1, 2, 5, 4, 4, 
95: 3, 0, 0, 0, 0, 0, 0, 0, 0, 0, 0, 3, 1, 0, 0, 0, 0, 0, 0, 0, 2, 0, 0, 3, 0, 0, 3, 0, 0, 0, 0, 1, 0, 2, 3, 0, 2, 0, 0, 0, : 3, 3, 1, 2, 3, 3, 1, 2, 3, 2, 
85: 2, 0, 0, 0, 0, 0, 0, 2, 0, 0, 0, 5, 3, 0, 1, 0, 0, 0, 0, 0, 0, 0, 0, 2, 54, 0, 0, 50, 0, 2, 0, 1, 0, 0, 4, 0, 2, 3, 2, 0, : 2, 2, 5, 3, 1, 2, 54, 50, 2, 1, 4, 2, 3, 2, 
71: 2, 0, 0, 0, 0, 0, 0, 4, 0, 0, 0, 1, 3, 3, 0, 0, 1, 0, 0, 0, 0, 4, 0, 4, 0, 0, 1, 0, 0, 3, 0, 2, 0, 0, 4, 1, 3, 0, 0, 0, : 2, 4, 1, 3, 3, 1, 4, 4, 1, 3, 2, 4, 1, 3, 
137: 4, 0, 51, 0, 0, 2, 0, 0, 0, 0, 0, 4, 6, 0, 3, 0, 0, 0, 0, 0, 0, 0, 0, 2, 0, 0, 0, 0, 0, 4, 1, 1, 0, 0, 4, 1, 3, 50, 0, 0, : 4, 51, 2, 4, 6, 3, 2, 4, 1, 1, 4, 1, 3, 50, 
105: 2, 0, 2, 2, 0, 4, 2, 0, 0, 0, 0, 2, 8, 1, 0, 0, 1, 0, 0, 0, 1, 51, 5, 5, 5, 0, 3, 0, 4, 0, 0, 3, 0, 0, 3, 0, 3, 0, 0, 5, : 2, 2, 2, 4, 2, 2, 8, 1, 1, 1, 51, 5, 5, 5, 3, 4, 3, 3, 3, 5, 
172: 4, 0, 0, 0, 0, 0, 0, 0, 0, 5, 4, 1, 3, 0, 0, 0, 0, 0, 0, 5, 0, 0, 0, 5, 0, 0, 0, 0, 51, 0, 0, 2, 55, 0, 2, 0, 3, 5, 0, 0, : 4, 5, 4, 1, 3, 5, 5, 51, 2, 55, 2, 3, 5, 
16: 3, 0, 0, 0, 2, 0, 3, 0, 0, 0, 0, 2, 1, 50, 2, 0, 0, 0, 1, 51, 3, 0, 0, 4, 1, 54, 0, 0, 0, 0, 0, 2, 1, 0, 4, 0, 2, 0, 0, 0, : 3, 2, 3, 2, 1, 50, 2, 1, 51, 3, 4, 1, 54, 2, 1, 4, 2, 


