
40
20
60
1

13: 0, 0, 0, 0, 0, 0, 0, 5, 0, 9, 3, 3, 0, 0, 0, 0, 3, 1, 0, 0, 1, 0, 3, 53, 0, 0, 1, 0, 0, 5, 0, 0, 1, 0, 2, 51, 0, 1, 2, 4, : 5, 9, 3, 3, 3, 1, 1, 3, 53, 1, 5, 1, 2, 51, 1, 2, 4, 
8: 0, 0, 0, 0, 0, 0, 0, 3, 0, 1, 6, 0, 0, 0, 4, 5, 0, 5, 0, 0, 0, 0, 3, 0, 0, 0, 4, 0, 0, 3, 0, 0, 0, 1, 5, 0, 0, 0, 4, 0, : 3, 1, 6, 4, 5, 5, 3, 4, 3, 1, 5, 4, 
1: 3, 0, 0, 0, 5, 0, 0, 1, 0, 3, 4, 0, 4, 0, 1, 52, 0, 5, 0, 0, 0, 3, 0, 0, 5, 0, 2, 0, 0, 2, 0, 0, 0, 0, 4, 0, 0, 0, 4, 0, : 3, 5, 1, 3, 4, 4, 1, 52, 5, 3, 5, 2, 2, 4, 4, 
10: 0, 0, 0, 0, 0, 0, 1, 2, 1, 5, 3, 0, 1, 0, 5, 0, 0, 5, 0, 0, 0, 2, 2, 0, 0, 0, 3, 0, 0, 1, 3, 0, 0, 0, 0, 0, 0, 0, 5, 5, : 1, 2, 1, 5, 3, 1, 5, 5, 2, 2, 3, 1, 3, 5, 5, 
9: 0, 0, 0, 0, 0, 3, 0, 4, 0, 6, 4, 0, 0, 0, 5, 2, 0, 2, 0, 5, 0, 0, 1, 0, 0, 53, 2, 2, 0, 3, 0, 0, 0, 1, 5, 1, 0, 0, 2, 0, : 3, 4, 6, 4, 5, 2, 2, 5, 1, 53, 2, 2, 3, 1, 5, 1, 2, 
4: 0, 3, 0, 0, 0, 0, 0, 1, 0, 1, 1, 0, 0, 1, 1, 0, 0, 1, 0, 0, 0, 0, 5, 1, 4, 1, 4, 0, 2, 3, 0, 0, 0, 0, 2, 0, 0, 0, 4, 0, : 3, 1, 1, 1, 1, 1, 1, 5, 1, 4, 1, 4, 2, 3, 2, 4, 
14: 2, 53, 0, 0, 0, 54, 0, 4, 4, 7, 4, 0, 1, 0, 3, 0, 0, 2, 0, 0, 0, 0, 5, 0, 0, 0, 4, 1, 0, 0, 0, 0, 0, 3, 3, 1, 0, 5, 3, 0, : 2, 53, 54, 4, 4, 7, 4, 1, 3, 2, 5, 4, 1, 3, 3, 1, 5, 3, 
18: 0, 0, 55, 0, 0, 0, 2, 5, 0, 2, 1, 0, 0, 0, 0, 0, 0, 4, 2, 0, 2, 0, 4, 0, 0, 0, 3, 0, 0, 5, 0, 0, 53, 0, 1, 1, 1, 0, 4, 0, : 55, 2, 5, 2, 1, 4, 2, 2, 4, 3, 5, 53, 1, 1, 1, 4, 
20: 0, 0, 0, 53, 0, 0, 55, 1, 0, 5, 1, 0, 0, 0, 3, 0, 0, 1, 0, 50, 0, 0, 1, 0, 0, 0, 5, 0, 0, 5, 0, 0, 0, 0, 5, 0, 0, 0, 3, 0, : 53, 55, 1, 5, 1, 3, 1, 50, 1, 5, 5, 5, 3, 
5: 0, 1, 0, 0, 0, 0, 0, 3, 3, 3, 3, 0, 0, 0, 5, 0, 0, 1, 3, 0, 0, 0, 4, 4, 0, 2, 3, 0, 0, 3, 0, 0, 0, 0, 2, 0, 0, 0, 5, 0, : 1, 3, 3, 3, 3, 5, 1, 3, 4, 4, 2, 3, 3, 2, 5, 
12: 0, 0, 5, 0, 52, 0, 0, 2, 0, 1, 2, 0, 0, 0, 2, 0, 55, 5, 0, 0, 0, 0, 5, 0, 0, 0, 2, 3, 3, 0, 0, 0, 0, 0, 3, 0, 0, 50, 3, 0, : 5, 52, 2, 1, 2, 2, 55, 5, 5, 2, 3, 3, 3, 50, 3, 
19: 0, 0, 0, 2, 0, 2, 0, 5, 0, 1, 3, 5, 0, 0, 5, 0, 0, 4, 0, 0, 0, 51, 3, 0, 0, 0, 3, 0, 3, 5, 52, 0, 2, 0, 5, 0, 0, 0, 5, 0, : 2, 2, 5, 1, 3, 5, 5, 4, 51, 3, 3, 3, 5, 52, 2, 5, 5, 
6: 0, 0, 0, 0, 0, 1, 0, 2, 0, 3, 1, 0, 0, 0, 2, 0, 0, 2, 0, 0, 1, 0, 2, 0, 0, 0, 2, 0, 0, 3, 1, 0, 0, 0, 3, 0, 0, 0, 2, 0, : 1, 2, 3, 1, 2, 2, 1, 2, 2, 3, 1, 3, 2, 
11: 55, 0, 0, 5, 0, 0, 0, 3, 50, 2, 2, 0, 0, 0, 0, 0, 1, 4, 0, 3, 50, 0, 3, 0, 0, 0, 1, 3, 0, 3, 0, 5, 0, 0, 4, 0, 1, 0, 0, 0, : 55, 5, 3, 50, 2, 2, 1, 4, 3, 50, 3, 1, 3, 3, 5, 4, 1, 
16: 0, 0, 0, 0, 0, 0, 0, 4, 0, 3, 5, 0, 0, 3, 5, 0, 0, 2, 0, 0, 0, 0, 0, 2, 1, 0, 2, 0, 52, 2, 0, 0, 4, 0, 4, 0, 0, 0, 0, 0, : 4, 3, 5, 3, 5, 2, 2, 1, 2, 52, 2, 4, 4, 
7: 0, 0, 0, 0, 3, 0, 0, 3, 0, 2, 4, 0, 54, 0, 2, 0, 0, 3, 5, 0, 0, 0, 4, 0, 0, 0, 3, 0, 0, 4, 0, 0, 0, 2, 1, 5, 51, 0, 5, 50, : 3, 3, 2, 4, 54, 2, 3, 5, 4, 3, 4, 2, 1, 5, 51, 5, 50, 
2: 0, 0, 0, 0, 0, 0, 0, 3, 0, 1, 3, 0, 0, 3, 2, 0, 0, 2, 0, 0, 0, 4, 3, 0, 0, 4, 3, 0, 0, 0, 0, 5, 0, 0, 5, 0, 4, 0, 2, 1, : 3, 1, 3, 3, 2, 2, 4, 3, 4, 3, 5, 5, 4, 2, 1, 
15: 0, 0, 0, 0, 0, 0, 2, 2, 1, 3, 3, 0, 0, 0, 5, 0, 0, 3, 50, 2, 3, 0, 5, 0, 50, 0, 5, 0, 0, 4, 4, 0, 0, 53, 3, 0, 3, 0, 3, 0, : 2, 2, 1, 3, 3, 5, 3, 50, 2, 3, 5, 50, 5, 4, 4, 53, 3, 3, 3, 
3: 0, 0, 0, 0, 0, 0, 0, 4, 1, 1, 4, 0, 0, 0, 5, 0, 1, 5, 0, 0, 1, 0, 5, 0, 0, 0, 4, 0, 0, 4, 0, 0, 0, 0, 2, 1, 0, 0, 2, 0, : 4, 1, 1, 4, 5, 1, 5, 1, 5, 4, 4, 2, 1, 2, 
17: 0, 3, 0, 0, 0, 0, 0, 3, 0, 1, 3, 52, 0, 53, 5, 1, 0, 3, 0, 0, 2, 0, 2, 0, 0, 0, 4, 51, 0, 5, 0, 50, 0, 0, 1, 0, 0, 4, 2, 0, : 3, 3, 1, 3, 52, 53, 5, 1, 3, 2, 2, 4, 51, 5, 50, 1, 4, 2, 


