
20
200
60
10

48: 0, 0, 0, 0, 0, 0, 0, 0, 0, 0, 5, 0, 55, 0, 3, 0, 1, 0, 4, 5, : 5, 55, 3, 1, 4, 5, 
143: 0, 1, 0, 1, 0, 0, 0, 0, 2, 0, 4, 3, 0, 0, 4, 0, 4, 0, 5, 3, : 1, 1, 2, 4, 3, 4, 4, 5, 3, 
121: 0, 0, 0, 0, 1, 0, 0, 3, 0, 0, 1, 3, 0, 0, 0, 4, 2, 0, 5, 2, : 1, 3, 1, 3, 4, 2, 5, 2, 
61: 0, 0, 3, 0, 0, 0, 0, 0, 0, 0, 1, 0, 0, 3, 1, 0, 3, 5, 2, 4, : 3, 1, 3, 1, 3, 5, 2, 4, 
161: 0, 0, 2, 0, 0, 0, 1, 0, 0, 0, 5, 0, 0, 0, 0, 0, 3, 0, 5, 2, : 2, 1, 5, 3, 5, 2, 
123: 0, 0, 0, 0, 0, 1, 0, 53, 0, 0, 5, 0, 0, 0, 0, 0, 2, 3, 5, 1, : 1, 53, 5, 2, 3, 5, 1, 
107: 0, 0, 0, 0, 0, 0, 5, 0, 0, 0, 2, 0, 0, 0, 0, 0, 4, 0, 1, 2, : 5, 2, 4, 1, 2, 
106: 0, 0, 0, 0, 0, 4, 0, 0, 1, 0, 1, 0, 0, 0, 52, 0, 4, 0, 3, 3, : 4, 1, 1, 52, 4, 3, 3, 
87: 2, 52, 0, 0, 0, 0, 0, 0, 0, 0, 1, 0, 0, 0, 0, 50, 4, 0, 1, 3, : 2, 52, 1, 50, 4, 1, 3, 
125: 0, 0, 0, 0, 0, 0, 50, 0, 0, 0, 1, 0, 0, 0, 0, 5, 1, 0, 1, 1, : 50, 1, 5, 1, 1, 1, 
162: 53, 0, 51, 55, 51, 0, 3, 1, 52, 4, 5, 0, 0, 0, 0, 0, 4, 0, 3, 2, : 53, 51, 55, 51, 3, 1, 52, 4, 5, 4, 3, 2, 
51: 0, 0, 0, 1, 0, 0, 1, 0, 0, 3, 4, 0, 0, 0, 0, 0, 3, 50, 3, 5, : 1, 1, 3, 4, 3, 50, 3, 5, 
122: 0, 0, 2, 0, 0, 0, 0, 0, 1, 0, 4, 0, 1, 0, 0, 0, 3, 0, 2, 4, : 2, 1, 4, 1, 3, 2, 4, 
159: 0, 4, 0, 0, 0, 0, 0, 0, 0, 0, 2, 0, 0, 1, 0, 1, 1, 0, 4, 4, : 4, 2, 1, 1, 1, 4, 4, 
99: 1, 0, 2, 0, 0, 0, 0, 0, 0, 53, 4, 54, 0, 4, 0, 0, 1, 0, 1, 4, : 1, 2, 53, 4, 54, 4, 1, 1, 4, 
183: 0, 0, 0, 0, 1, 0, 0, 0, 0, 0, 5, 0, 0, 0, 0, 0, 1, 0, 5, 3, : 1, 5, 1, 5, 3, 
168: 0, 0, 0, 0, 0, 0, 0, 0, 0, 0, 1, 0, 0, 0, 0, 0, 4, 0, 1, 1, : 1, 4, 1, 1, 
52: 4, 2, 0, 0, 5, 0, 0, 2, 4, 0, 2, 0, 0, 0, 0, 0, 6, 0, 5, 3, : 4, 2, 5, 2, 4, 2, 6, 5, 3, 
64: 0, 1, 0, 0, 2, 53, 0, 1, 0, 0, 4, 0, 4, 52, 0, 0, 4, 0, 2, 5, : 1, 2, 53, 1, 4, 4, 52, 4, 2, 5, 
133: 0, 0, 0, 3, 0, 2, 0, 0, 0, 0, 3, 0, 0, 0, 0, 0, 5, 2, 2, 3, : 3, 2, 3, 5, 2, 2, 3, 


194: 0, 4, 1, 0, 0, 0, 0, 0, 0, 0, 0, 0, 0, 0, 0, 3, 3, 0, 5, 0, : 4, 1, 3, 3, 5, 
14: 0, 0, 5, 0, 0, 0, 0, 0, 0, 0, 0, 0, 0, 0, 5, 2, 4, 0, 4, 0, : 5, 5, 2, 4, 4, 
71: 0, 0, 1, 0, 0, 0, 5, 0, 0, 0, 0, 0, 0, 0, 0, 1, 4, 52, 5, 0, : 1, 5, 1, 4, 52, 5, 
150: 0, 0, 5, 0, 0, 5, 0, 0, 0, 0, 0, 0, 2, 0, 1, 0, 1, 0, 0, 0, : 5, 5, 2, 1, 1, 
184: 5, 0, 1, 0, 0, 0, 0, 0, 1, 0, 0, 50, 0, 0, 0, 5, 2, 0, 1, 2, : 5, 1, 1, 50, 5, 2, 1, 2, 
185: 0, 50, 4, 0, 0, 0, 0, 0, 0, 0, 0, 0, 0, 0, 3, 5, 4, 0, 5, 0, : 50, 4, 3, 5, 4, 5, 
72: 0, 2, 1, 0, 4, 51, 4, 3, 3, 0, 1, 0, 0, 54, 0, 4, 5, 0, 1, 0, : 2, 1, 4, 51, 4, 3, 3, 1, 54, 4, 5, 1, 
83: 0, 0, 3, 0, 0, 0, 0, 0, 51, 0, 2, 0, 0, 0, 0, 4, 4, 0, 5, 54, : 3, 51, 2, 4, 4, 5, 54, 
197: 0, 0, 4, 0, 0, 0, 0, 0, 0, 0, 0, 0, 0, 0, 0, 2, 2, 0, 5, 0, : 4, 2, 2, 5, 
18: 0, 0, 2, 0, 0, 0, 1, 55, 0, 1, 1, 0, 54, 5, 0, 0, 1, 0, 1, 0, : 2, 1, 55, 1, 1, 54, 5, 1, 1, 
141: 0, 0, 5, 0, 0, 4, 0, 0, 0, 0, 1, 0, 0, 1, 0, 4, 2, 0, 1, 0, : 5, 4, 1, 1, 4, 2, 1, 
82: 0, 0, 0, 1, 50, 0, 0, 0, 0, 0, 0, 2, 0, 0, 0, 0, 2, 0, 5, 0, : 1, 50, 2, 2, 5, 
153: 0, 0, 2, 0, 0, 0, 0, 2, 0, 0, 1, 1, 0, 0, 0, 5, 2, 0, 4, 0, : 2, 2, 1, 1, 5, 2, 4, 
192: 0, 0, 4, 0, 0, 0, 50, 0, 4, 0, 54, 0, 1, 0, 0, 5, 3, 0, 5, 3, : 4, 50, 4, 54, 1, 5, 3, 5, 3, 
78: 0, 0, 4, 0, 5, 0, 0, 0, 0, 54, 0, 0, 3, 0, 0, 5, 2, 0, 1, 0, : 4, 5, 54, 3, 5, 2, 1, 
57: 0, 0, 4, 50, 0, 0, 0, 0, 0, 0, 0, 0, 0, 0, 0, 3, 6, 5, 5, 0, : 4, 50, 3, 6, 5, 5, 
198: 0, 0, 1, 1, 1, 0, 0, 0, 0, 0, 0, 0, 0, 0, 0, 5, 3, 3, 2, 0, : 1, 1, 1, 5, 3, 3, 2, 
56: 55, 0, 5, 0, 0, 0, 0, 0, 1, 0, 0, 4, 0, 0, 0, 2, 3, 0, 2, 0, : 55, 5, 1, 4, 2, 3, 2, 
1: 0, 4, 5, 5, 0, 0, 0, 0, 0, 5, 0, 3, 0, 0, 0, 5, 2, 0, 1, 0, : 4, 5, 5, 5, 3, 5, 2, 1, 
129: 0, 0, 3, 3, 0, 0, 0, 0, 0, 0, 0, 0, 0, 0, 51, 0, 5, 0, 2, 1, : 3, 3, 51, 5, 2, 1, 


134: 3, 0, 3, 5, 0, 0, 1, 0, 0, 4, 0, 0, 0, 1, 4, 0, 0, 0, 4, 1, : 3, 3, 5, 1, 4, 1, 4, 4, 1, 
175: 2, 0, 3, 0, 0, 0, 0, 0, 0, 4, 0, 0, 0, 0, 0, 0, 0, 0, 3, 2, : 2, 3, 4, 3, 2, 
108: 5, 0, 4, 0, 0, 1, 0, 0, 0, 4, 0, 0, 0, 0, 0, 3, 0, 0, 4, 2, : 5, 4, 1, 4, 3, 4, 2, 
199: 3, 0, 2, 0, 0, 0, 0, 0, 0, 1, 4, 0, 0, 0, 0, 0, 2, 1, 2, 5, : 3, 2, 1, 4, 2, 1, 2, 5, 
139: 5, 0, 4, 0, 0, 0, 0, 0, 0, 3, 0, 0, 0, 0, 0, 0, 0, 0, 1, 2, : 5, 4, 3, 1, 2, 
54: 2, 0, 1, 0, 0, 0, 5, 0, 0, 2, 0, 0, 0, 0, 0, 0, 0, 0, 1, 5, : 2, 1, 5, 2, 1, 5, 
65: 4, 0, 4, 3, 4, 0, 0, 0, 0, 3, 0, 1, 0, 0, 0, 0, 0, 0, 4, 4, : 4, 4, 3, 4, 3, 1, 4, 4, 
144: 2, 51, 2, 0, 0, 0, 51, 50, 4, 5, 0, 0, 53, 3, 1, 1, 0, 0, 2, 4, : 2, 51, 2, 51, 50, 4, 5, 53, 3, 1, 1, 2, 4, 
89: 5, 0, 5, 0, 0, 0, 0, 3, 0, 0, 0, 50, 0, 1, 0, 0, 0, 0, 4, 2, : 5, 5, 3, 50, 1, 4, 2, 
98: 0, 0, 2, 0, 0, 53, 3, 0, 54, 3, 0, 0, 0, 50, 50, 0, 1, 0, 0, 5, : 2, 53, 3, 54, 3, 50, 50, 1, 5, 
182: 0, 1, 1, 0, 0, 5, 0, 0, 0, 5, 0, 0, 3, 0, 0, 0, 0, 0, 5, 1, : 1, 1, 5, 5, 3, 5, 1, 
66: 5, 0, 3, 0, 0, 0, 0, 0, 0, 2, 5, 3, 0, 0, 5, 0, 0, 0, 0, 2, : 5, 3, 2, 5, 3, 5, 2, 
25: 4, 0, 2, 52, 3, 0, 0, 0, 0, 5, 50, 0, 0, 0, 0, 2, 0, 0, 5, 2, : 4, 2, 52, 3, 5, 50, 2, 5, 2, 
37: 4, 0, 4, 0, 0, 0, 0, 0, 0, 2, 0, 0, 0, 0, 0, 0, 54, 0, 5, 3, : 4, 4, 2, 54, 5, 3, 
174: 2, 4, 4, 0, 0, 0, 0, 5, 0, 5, 0, 0, 0, 0, 0, 0, 1, 0, 5, 1, : 2, 4, 4, 5, 5, 1, 5, 1, 
128: 2, 4, 5, 0, 53, 0, 0, 0, 1, 2, 0, 0, 0, 5, 0, 0, 0, 4, 4, 3, : 2, 4, 5, 53, 1, 2, 5, 4, 4, 3, 
140: 2, 0, 3, 0, 0, 0, 0, 0, 0, 0, 0, 0, 3, 0, 0, 54, 0, 0, 4, 1, : 2, 3, 3, 54, 4, 1, 
97: 3, 0, 1, 0, 0, 1, 0, 0, 1, 4, 0, 1, 0, 0, 0, 0, 0, 0, 3, 5, : 3, 1, 1, 1, 4, 1, 3, 5, 
9: 2, 0, 3, 0, 0, 0, 0, 0, 0, 2, 1, 5, 0, 0, 0, 0, 2, 0, 0, 5, : 2, 3, 2, 1, 5, 2, 5, 
96: 5, 0, 4, 0, 0, 0, 0, 2, 0, 4, 0, 0, 1, 0, 0, 0, 0, 55, 4, 5, : 5, 4, 2, 4, 1, 55, 4, 5, 


179: 0, 4, 3, 6, 0, 4, 5, 54, 0, 1, 0, 0, 0, 0, 0, 0, 0, 0, 1, 0, : 4, 3, 6, 4, 5, 54, 1, 1, 
30: 1, 4, 4, 1, 0, 2, 5, 0, 1, 0, 1, 0, 0, 1, 3, 0, 1, 0, 1, 0, : 1, 4, 4, 1, 2, 5, 1, 1, 1, 3, 1, 1, 
29: 50, 1, 1, 1, 0, 5, 4, 1, 0, 0, 0, 0, 0, 0, 0, 0, 54, 0, 0, 0, : 50, 1, 1, 1, 5, 4, 1, 54, 
95: 0, 2, 2, 1, 0, 3, 2, 0, 0, 0, 0, 0, 0, 0, 0, 0, 0, 0, 0, 0, : 2, 2, 1, 3, 2, 
173: 2, 2, 4, 3, 0, 2, 1, 0, 0, 0, 3, 0, 0, 0, 3, 0, 0, 0, 0, 2, : 2, 2, 4, 3, 2, 1, 3, 3, 2, 
50: 0, 5, 5, 4, 51, 5, 2, 0, 52, 0, 0, 0, 0, 0, 0, 0, 0, 1, 3, 1, : 5, 5, 4, 51, 5, 2, 52, 1, 3, 1, 
112: 0, 2, 5, 2, 0, 0, 1, 0, 1, 0, 54, 0, 0, 1, 54, 0, 1, 0, 0, 0, : 2, 5, 2, 1, 1, 54, 1, 54, 1, 
90: 0, 3, 5, 5, 0, 1, 4, 0, 5, 0, 0, 55, 0, 0, 0, 0, 0, 0, 0, 0, : 3, 5, 5, 1, 4, 5, 55, 
178: 0, 3, 2, 3, 0, 4, 4, 0, 0, 0, 0, 0, 1, 0, 0, 0, 4, 5, 0, 0, : 3, 2, 3, 4, 4, 1, 4, 5, 
27: 0, 4, 0, 1, 0, 4, 5, 0, 0, 0, 0, 0, 3, 0, 0, 0, 0, 50, 3, 0, : 4, 1, 4, 5, 3, 50, 3, 
113: 0, 1, 5, 3, 0, 4, 1, 4, 0, 0, 0, 5, 0, 4, 0, 4, 0, 0, 0, 0, : 1, 5, 3, 4, 1, 4, 5, 4, 4, 
74: 0, 3, 5, 3, 0, 4, 1, 0, 0, 0, 0, 0, 0, 0, 0, 1, 0, 0, 0, 51, : 3, 5, 3, 4, 1, 1, 51, 
117: 0, 2, 4, 1, 5, 5, 0, 0, 0, 0, 0, 0, 0, 1, 0, 1, 0, 0, 0, 2, : 2, 4, 1, 5, 5, 1, 1, 2, 
137: 1, 1, 5, 5, 0, 3, 4, 0, 0, 1, 0, 0, 0, 0, 0, 0, 0, 0, 0, 0, : 1, 1, 5, 5, 3, 4, 1, 
154: 0, 5, 4, 5, 0, 3, 2, 0, 0, 0, 0, 0, 0, 0, 0, 0, 0, 0, 1, 1, : 5, 4, 5, 3, 2, 1, 1, 
138: 0, 4, 3, 5, 0, 0, 5, 1, 0, 53, 0, 0, 1, 0, 0, 0, 0, 0, 0, 0, : 4, 3, 5, 5, 1, 53, 1, 
158: 0, 5, 0, 2, 0, 2, 5, 0, 1, 0, 1, 0, 0, 53, 0, 0, 0, 0, 0, 0, : 5, 2, 2, 5, 1, 1, 53, 
21: 0, 2, 2, 5, 0, 3, 3, 0, 0, 5, 0, 0, 51, 0, 0, 1, 0, 4, 0, 0, : 2, 2, 5, 3, 3, 5, 51, 1, 4, 
24: 2, 3, 1, 1, 3, 1, 3, 0, 0, 0, 0, 0, 0, 0, 0, 50, 0, 0, 0, 2, : 2, 3, 1, 1, 3, 1, 3, 50, 2, 
166: 4, 4, 0, 3, 1, 5, 3, 0, 0, 0, 1, 0, 4, 0, 0, 3, 0, 0, 51, 1, : 4, 4, 3, 1, 5, 3, 1, 4, 3, 51, 1, 


93: 0, 2, 0, 0, 0, 0, 3, 0, 4, 0, 2, 2, 2, 0, 0, 4, 0, 2, 0, 4, : 2, 3, 4, 2, 2, 2, 4, 2, 4, 
131: 0, 3, 0, 1, 50, 0, 0, 0, 4, 1, 2, 5, 5, 50, 0, 0, 0, 2, 0, 4, : 3, 1, 50, 4, 1, 2, 5, 5, 50, 2, 4, 
136: 0, 2, 0, 55, 0, 1, 1, 0, 1, 0, 1, 2, 0, 0, 0, 1, 0, 1, 0, 4, : 2, 55, 1, 1, 1, 1, 2, 1, 1, 4, 
165: 51, 1, 55, 1, 0, 51, 0, 0, 2, 4, 3, 1, 4, 0, 0, 5, 0, 5, 0, 3, : 51, 1, 55, 1, 51, 2, 4, 3, 1, 4, 5, 5, 3, 
172: 0, 2, 0, 0, 4, 0, 0, 0, 1, 0, 2, 4, 3, 0, 0, 2, 0, 5, 3, 5, : 2, 4, 1, 2, 4, 3, 2, 5, 3, 5, 
47: 0, 5, 0, 0, 3, 5, 0, 0, 5, 0, 2, 5, 4, 5, 3, 3, 0, 1, 0, 3, : 5, 3, 5, 5, 2, 5, 4, 5, 3, 3, 1, 3, 
193: 4, 5, 0, 0, 0, 0, 0, 0, 5, 0, 3, 4, 4, 4, 0, 4, 0, 1, 0, 2, : 4, 5, 5, 3, 4, 4, 4, 4, 1, 2, 
103: 0, 1, 0, 0, 0, 0, 0, 0, 3, 0, 5, 3, 5, 0, 0, 5, 0, 1, 0, 2, : 1, 3, 5, 3, 5, 5, 1, 2, 
84: 0, 4, 0, 0, 0, 0, 1, 0, 1, 4, 2, 3, 5, 0, 0, 4, 0, 1, 0, 5, : 4, 1, 1, 4, 2, 3, 5, 4, 1, 5, 
126: 0, 2, 0, 0, 0, 0, 0, 0, 3, 0, 5, 3, 4, 1, 0, 3, 0, 3, 0, 3, : 2, 3, 5, 3, 4, 1, 3, 3, 3, 
176: 0, 1, 2, 0, 0, 0, 0, 53, 4, 0, 5, 1, 5, 0, 0, 1, 0, 5, 0, 1, : 1, 2, 53, 4, 5, 1, 5, 1, 5, 1, 
149: 0, 4, 3, 0, 0, 0, 0, 2, 5, 50, 1, 5, 4, 0, 1, 2, 0, 5, 0, 3, : 4, 3, 2, 5, 50, 1, 5, 4, 1, 2, 5, 3, 
63: 1, 4, 0, 1, 0, 0, 0, 1, 1, 1, 2, 2, 0, 0, 53, 2, 0, 1, 0, 4, : 1, 4, 1, 1, 1, 1, 2, 2, 53, 2, 1, 4, 
23: 0, 1, 0, 0, 0, 0, 0, 0, 2, 0, 2, 5, 1, 0, 1, 5, 0, 5, 54, 2, : 1, 2, 2, 5, 1, 1, 5, 5, 54, 2, 
180: 2, 5, 0, 0, 2, 3, 51, 3, 1, 0, 4, 1, 0, 0, 0, 3, 2, 5, 1, 5, : 2, 5, 2, 3, 51, 3, 1, 4, 1, 3, 2, 5, 1, 5, 
163: 0, 4, 0, 2, 0, 0, 4, 0, 5, 0, 4, 3, 0, 0, 0, 1, 4, 2, 2, 1, : 4, 2, 4, 5, 4, 3, 1, 4, 2, 2, 1, 
16: 0, 5, 0, 0, 1, 0, 0, 1, 4, 0, 8, 5, 4, 0, 0, 5, 2, 1, 0, 5, : 5, 1, 1, 4, 8, 5, 4, 5, 2, 1, 5, 
130: 0, 1, 0, 0, 0, 0, 0, 0, 2, 0, 1, 1, 4, 0, 0, 1, 0, 7, 0, 1, : 1, 2, 1, 1, 4, 1, 7, 1, 
33: 0, 4, 0, 0, 0, 0, 0, 0, 2, 0, 5, 1, 3, 0, 0, 4, 0, 3, 0, 3, : 4, 2, 5, 1, 3, 4, 3, 3, 
81: 2, 4, 0, 0, 0, 0, 0, 0, 5, 0, 1, 4, 3, 0, 2, 5, 52, 4, 0, 0, : 2, 4, 5, 1, 4, 3, 2, 5, 52, 4, 


32: 0, 5, 2, 3, 4, 1, 4, 0, 3, 0, 5, 0, 0, 0, 5, 2, 1, 0, 0, 0, : 5, 2, 3, 4, 1, 4, 3, 5, 5, 2, 1, 
38: 0, 0, 2, 0, 3, 3, 0, 0, 3, 0, 2, 53, 0, 1, 0, 3, 3, 0, 0, 0, : 2, 3, 3, 3, 2, 53, 1, 3, 3, 
10: 0, 1, 0, 0, 2, 5, 0, 0, 3, 0, 4, 0, 0, 0, 0, 0, 2, 0, 0, 0, : 1, 2, 5, 3, 4, 2, 
170: 0, 5, 0, 0, 5, 5, 0, 1, 3, 0, 3, 0, 0, 3, 0, 5, 1, 2, 0, 54, : 5, 5, 5, 1, 3, 3, 3, 5, 1, 2, 54, 
7: 2, 4, 0, 2, 4, 5, 53, 0, 1, 0, 3, 0, 0, 0, 50, 5, 5, 0, 0, 0, : 2, 4, 2, 4, 5, 53, 1, 3, 50, 5, 5, 
142: 0, 1, 51, 0, 4, 4, 0, 0, 4, 0, 3, 0, 0, 0, 1, 3, 4, 1, 0, 0, : 1, 51, 4, 4, 4, 3, 1, 3, 4, 1, 
17: 0, 5, 0, 51, 2, 4, 0, 3, 2, 0, 5, 0, 0, 0, 0, 4, 2, 0, 54, 0, : 5, 51, 2, 4, 3, 2, 5, 4, 2, 54, 
167: 0, 3, 0, 0, 5, 1, 0, 0, 3, 50, 2, 2, 0, 0, 0, 3, 5, 0, 0, 0, : 3, 5, 1, 3, 50, 2, 2, 3, 5, 
190: 0, 2, 2, 0, 4, 4, 0, 2, 4, 0, 4, 3, 5, 52, 0, 3, 5, 0, 1, 0, : 2, 2, 4, 4, 2, 4, 4, 3, 5, 52, 3, 5, 1, 
88: 0, 4, 0, 0, 1, 2, 0, 0, 1, 0, 2, 0, 55, 0, 0, 2, 2, 0, 1, 0, : 4, 1, 2, 1, 2, 55, 2, 2, 1, 
53: 0, 5, 3, 1, 1, 1, 1, 0, 2, 0, 3, 0, 0, 2, 0, 4, 5, 0, 0, 0, : 5, 3, 1, 1, 1, 1, 2, 3, 2, 4, 5, 
105: 0, 2, 0, 0, 4, 4, 2, 0, 5, 0, 3, 0, 0, 0, 0, 1, 1, 2, 0, 0, : 2, 4, 4, 2, 5, 3, 1, 1, 2, 
15: 5, 4, 0, 2, 3, 1, 0, 0, 3, 0, 3, 0, 0, 0, 0, 4, 1, 3, 4, 0, : 5, 4, 2, 3, 1, 3, 3, 4, 1, 3, 4, 
69: 0, 4, 0, 0, 2, 5, 0, 54, 4, 0, 1, 1, 0, 0, 4, 3, 3, 2, 0, 0, : 4, 2, 5, 54, 4, 1, 1, 4, 3, 3, 2, 
189: 0, 1, 0, 0, 3, 0, 0, 0, 2, 0, 5, 0, 0, 2, 0, 3, 5, 0, 0, 0, : 1, 3, 2, 5, 2, 3, 5, 
186: 52, 2, 0, 0, 1, 1, 0, 0, 2, 0, 1, 1, 0, 0, 0, 2, 4, 0, 0, 0, : 52, 2, 1, 1, 2, 1, 1, 2, 4, 
3: 0, 4, 0, 0, 5, 2, 0, 0, 3, 0, 1, 0, 0, 0, 0, 2, 5, 0, 0, 5, : 4, 5, 2, 3, 1, 2, 5, 5, 
200: 0, 4, 0, 1, 2, 3, 0, 0, 3, 0, 3, 0, 0, 0, 0, 5, 1, 0, 0, 0, : 4, 1, 2, 3, 3, 3, 5, 1, 
116: 1, 2, 0, 0, 3, 4, 0, 0, 4, 5, 3, 0, 0, 0, 0, 4, 3, 50, 0, 0, : 1, 2, 3, 4, 4, 5, 3, 4, 3, 50, 
4: 0, 2, 0, 0, 2, 5, 0, 0, 5, 5, 4, 0, 0, 0, 0, 2, 2, 0, 0, 1, : 2, 2, 5, 5, 5, 4, 2, 2, 1, 


195: 0, 0, 1, 0, 5, 0, 0, 0, 0, 1, 0, 0, 0, 3, 0, 0, 1, 3, 0, 2, : 1, 5, 1, 3, 1, 3, 2, 
67: 3, 4, 0, 0, 4, 0, 0, 0, 2, 1, 0, 0, 2, 4, 0, 0, 4, 4, 0, 0, : 3, 4, 4, 2, 1, 2, 4, 4, 4, 
111: 1, 0, 0, 5, 1, 0, 0, 0, 0, 4, 0, 0, 0, 4, 0, 0, 5, 3, 0, 2, : 1, 5, 1, 4, 4, 5, 3, 2, 
118: 0, 0, 54, 1, 3, 0, 0, 0, 0, 2, 0, 0, 2, 5, 0, 1, 5, 2, 0, 0, : 54, 1, 3, 2, 2, 5, 1, 5, 2, 
135: 0, 0, 0, 0, 3, 51, 0, 0, 0, 7, 0, 0, 0, 5, 0, 0, 4, 3, 4, 0, : 3, 51, 7, 5, 4, 3, 4, 
39: 1, 0, 0, 0, 2, 4, 0, 0, 0, 4, 0, 54, 0, 4, 0, 0, 4, 0, 0, 2, : 1, 2, 4, 4, 54, 4, 4, 2, 
157: 0, 0, 0, 0, 4, 2, 0, 50, 0, 2, 2, 0, 0, 2, 55, 0, 2, 2, 0, 0, : 4, 2, 50, 2, 2, 2, 55, 2, 2, 
188: 50, 0, 0, 0, 4, 0, 0, 0, 0, 5, 0, 3, 0, 1, 0, 54, 5, 4, 0, 0, : 50, 4, 5, 3, 1, 54, 5, 4, 
132: 0, 0, 0, 0, 1, 1, 5, 0, 0, 3, 0, 0, 0, 3, 0, 2, 0, 3, 0, 0, : 1, 1, 5, 3, 3, 2, 3, 
36: 3, 0, 0, 0, 4, 0, 0, 4, 0, 1, 0, 0, 0, 4, 0, 0, 5, 5, 0, 0, : 3, 4, 4, 1, 4, 5, 5, 
79: 0, 0, 0, 0, 6, 0, 0, 0, 51, 2, 0, 0, 54, 2, 1, 0, 5, 1, 4, 0, : 6, 51, 2, 54, 2, 1, 5, 1, 4, 
77: 0, 0, 1, 1, 6, 0, 53, 0, 0, 1, 0, 0, 0, 5, 0, 0, 0, 1, 52, 0, : 1, 1, 6, 53, 1, 5, 1, 52, 
13: 0, 55, 0, 0, 1, 0, 0, 2, 0, 5, 0, 0, 0, 1, 3, 0, 1, 4, 0, 0, : 55, 1, 2, 5, 1, 3, 1, 4, 
44: 1, 0, 0, 0, 2, 0, 0, 4, 0, 4, 0, 0, 1, 5, 1, 3, 4, 4, 0, 0, : 1, 2, 4, 4, 1, 5, 1, 3, 4, 4, 
59: 0, 0, 0, 3, 1, 0, 0, 0, 3, 5, 2, 0, 0, 5, 0, 0, 3, 2, 0, 0, : 3, 1, 3, 5, 2, 5, 3, 2, 
146: 0, 0, 0, 0, 3, 2, 1, 0, 0, 4, 51, 0, 1, 0, 0, 0, 4, 4, 0, 0, : 3, 2, 1, 4, 51, 1, 4, 4, 
62: 0, 1, 0, 50, 2, 0, 0, 0, 0, 3, 0, 3, 0, 2, 0, 0, 1, 5, 0, 0, : 1, 50, 2, 3, 3, 2, 1, 5, 
177: 1, 0, 1, 0, 2, 0, 0, 0, 4, 2, 5, 0, 0, 3, 0, 0, 2, 5, 0, 0, : 1, 1, 2, 4, 2, 5, 3, 2, 5, 
187: 0, 0, 3, 0, 4, 0, 0, 0, 0, 3, 0, 0, 0, 2, 0, 0, 4, 0, 0, 1, : 3, 4, 3, 2, 4, 1, 
101: 0, 0, 0, 0, 2, 0, 1, 0, 0, 1, 0, 0, 0, 0, 0, 0, 1, 5, 0, 53, : 2, 1, 1, 1, 5, 53, 


110: 0, 1, 0, 5, 0, 0, 4, 0, 0, 5, 0, 51, 0, 0, 0, 5, 1, 5, 51, 0, : 1, 5, 4, 5, 51, 5, 1, 5, 51, 
49: 0, 4, 1, 0, 0, 50, 3, 0, 0, 4, 0, 0, 0, 0, 0, 4, 2, 2, 0, 0, : 4, 1, 50, 3, 4, 4, 2, 2, 
6: 1, 5, 0, 0, 5, 0, 5, 0, 0, 0, 0, 0, 0, 2, 1, 0, 4, 2, 0, 0, : 1, 5, 5, 5, 2, 1, 4, 2, 
85: 0, 4, 0, 0, 51, 0, 5, 1, 0, 3, 0, 0, 0, 0, 0, 5, 4, 5, 0, 0, : 4, 51, 5, 1, 3, 5, 4, 5, 
19: 0, 5, 0, 0, 3, 1, 1, 0, 0, 4, 1, 0, 53, 0, 0, 2, 1, 5, 0, 0, : 5, 3, 1, 1, 4, 1, 53, 2, 1, 5, 
181: 1, 5, 0, 2, 0, 0, 1, 51, 0, 5, 5, 0, 0, 0, 0, 3, 2, 5, 0, 0, : 1, 5, 2, 1, 51, 5, 5, 3, 2, 5, 
160: 0, 2, 0, 0, 0, 0, 1, 0, 1, 3, 0, 0, 0, 0, 0, 1, 5, 3, 1, 2, : 2, 1, 1, 3, 1, 5, 3, 1, 2, 
28: 0, 5, 0, 0, 0, 0, 1, 0, 5, 5, 0, 0, 1, 50, 0, 5, 3, 0, 0, 0, : 5, 1, 5, 5, 1, 50, 5, 3, 
91: 0, 3, 0, 0, 0, 0, 1, 1, 50, 3, 0, 1, 0, 0, 0, 2, 4, 5, 0, 0, : 3, 1, 1, 50, 3, 1, 2, 4, 5, 
73: 0, 4, 0, 0, 0, 0, 2, 0, 0, 4, 0, 4, 3, 0, 4, 4, 1, 2, 0, 0, : 4, 2, 4, 4, 3, 4, 4, 1, 2, 
114: 0, 0, 1, 2, 0, 0, 4, 0, 0, 5, 52, 0, 2, 0, 0, 4, 3, 3, 0, 0, : 1, 2, 4, 5, 52, 2, 4, 3, 3, 
156: 0, 2, 0, 0, 0, 4, 4, 0, 1, 1, 0, 0, 0, 0, 0, 3, 5, 3, 5, 0, : 2, 4, 4, 1, 1, 3, 5, 3, 5, 
43: 0, 3, 52, 0, 0, 0, 5, 4, 0, 3, 1, 0, 0, 0, 0, 3, 1, 5, 0, 0, : 3, 52, 5, 4, 3, 1, 3, 1, 5, 
34: 0, 2, 0, 0, 0, 2, 4, 0, 0, 3, 0, 0, 0, 0, 4, 4, 5, 4, 0, 0, : 2, 2, 4, 3, 4, 4, 5, 4, 
94: 0, 0, 2, 0, 0, 3, 4, 1, 0, 1, 0, 0, 1, 0, 0, 2, 5, 2, 1, 1, : 2, 3, 4, 1, 1, 1, 2, 5, 2, 1, 1, 
120: 3, 2, 0, 0, 0, 0, 2, 0, 1, 1, 0, 0, 0, 5, 51, 2, 3, 2, 0, 4, : 3, 2, 2, 1, 1, 5, 51, 2, 3, 2, 4, 
171: 53, 3, 0, 51, 1, 0, 4, 0, 0, 2, 0, 4, 0, 0, 0, 0, 3, 1, 2, 0, : 53, 3, 51, 1, 4, 2, 4, 3, 1, 2, 
147: 0, 2, 4, 0, 0, 0, 2, 1, 0, 3, 1, 0, 0, 0, 0, 4, 4, 1, 0, 51, : 2, 4, 2, 1, 3, 1, 4, 4, 1, 51, 
155: 0, 5, 0, 0, 0, 0, 3, 1, 0, 3, 0, 0, 0, 0, 0, 5, 2, 4, 0, 2, : 5, 3, 1, 3, 5, 2, 4, 2, 
191: 2, 3, 0, 0, 0, 0, 4, 0, 2, 2, 0, 0, 0, 3, 0, 2, 2, 1, 0, 0, : 2, 3, 4, 2, 2, 3, 2, 2, 1, 


20: 0, 0, 2, 3, 0, 0, 0, 1, 0, 0, 0, 1, 0, 53, 2, 0, 1, 0, 4, 0, : 2, 3, 1, 1, 53, 2, 1, 4, 
40: 0, 1, 0, 2, 0, 0, 0, 0, 0, 0, 0, 5, 0, 0, 5, 0, 0, 0, 4, 0, : 1, 2, 5, 5, 4, 
100: 0, 0, 0, 4, 0, 0, 0, 0, 0, 0, 0, 2, 0, 0, 2, 0, 0, 0, 4, 2, : 4, 2, 2, 4, 2, 
22: 50, 0, 0, 1, 0, 0, 0, 5, 0, 0, 0, 1, 0, 0, 2, 0, 0, 0, 1, 0, : 50, 1, 5, 1, 2, 1, 
12: 0, 0, 3, 2, 0, 0, 2, 0, 0, 0, 0, 5, 0, 0, 4, 0, 0, 0, 1, 0, : 3, 2, 2, 5, 4, 1, 
164: 0, 0, 0, 1, 0, 0, 0, 0, 0, 1, 0, 1, 0, 0, 2, 0, 0, 0, 5, 0, : 1, 1, 1, 2, 5, 
152: 0, 0, 0, 5, 0, 0, 54, 0, 0, 2, 0, 2, 0, 0, 5, 0, 50, 0, 1, 0, : 5, 54, 2, 2, 5, 50, 1, 
2: 0, 0, 0, 4, 0, 0, 0, 0, 0, 1, 0, 3, 50, 0, 4, 0, 0, 0, 5, 0, : 4, 1, 3, 50, 4, 5, 
55: 0, 0, 0, 3, 0, 0, 0, 0, 53, 0, 0, 4, 0, 5, 3, 2, 3, 0, 2, 3, : 3, 53, 4, 5, 3, 2, 3, 2, 3, 
169: 0, 0, 1, 3, 0, 0, 0, 0, 1, 0, 0, 5, 3, 2, 3, 0, 1, 1, 1, 0, : 1, 3, 1, 5, 3, 2, 3, 1, 1, 1, 
145: 0, 0, 0, 2, 0, 53, 1, 0, 1, 0, 0, 1, 5, 0, 5, 0, 5, 0, 5, 0, : 2, 53, 1, 1, 1, 5, 5, 5, 5, 
46: 0, 1, 0, 5, 50, 0, 0, 0, 5, 53, 0, 5, 0, 0, 5, 0, 0, 0, 3, 0, : 1, 5, 50, 5, 53, 5, 5, 3, 
8: 4, 53, 50, 2, 0, 0, 2, 52, 0, 0, 0, 1, 0, 0, 5, 55, 0, 0, 1, 0, : 4, 53, 50, 2, 2, 52, 1, 5, 55, 1, 
196: 0, 0, 0, 3, 0, 0, 0, 0, 0, 1, 0, 5, 2, 0, 1, 0, 0, 0, 4, 0, : 3, 1, 5, 2, 1, 4, 
80: 2, 0, 1, 4, 3, 0, 0, 0, 0, 1, 0, 4, 0, 0, 1, 0, 0, 0, 5, 0, : 2, 1, 4, 3, 1, 4, 1, 5, 
92: 3, 0, 3, 4, 2, 0, 0, 2, 0, 0, 0, 4, 0, 0, 2, 0, 0, 1, 2, 0, : 3, 3, 4, 2, 2, 4, 2, 1, 2, 
119: 0, 0, 0, 1, 0, 1, 0, 0, 0, 1, 0, 2, 0, 0, 3, 0, 0, 3, 5, 0, : 1, 1, 1, 2, 3, 3, 5, 
35: 1, 0, 0, 4, 4, 5, 0, 0, 0, 0, 55, 5, 0, 0, 1, 3, 0, 0, 4, 55, : 1, 4, 4, 5, 55, 5, 1, 3, 4, 55, 
76: 0, 0, 0, 2, 1, 1, 0, 0, 0, 0, 0, 3, 0, 0, 3, 0, 0, 0, 2, 0, : 2, 1, 1, 3, 3, 2, 
75: 0, 5, 0, 5, 0, 0, 1, 0, 0, 0, 5, 1, 0, 0, 2, 0, 0, 55, 1, 0, : 5, 5, 1, 5, 1, 2, 55, 1, 


151: 2, 0, 0, 0, 0, 0, 1, 5, 0, 0, 0, 0, 0, 0, 0, 0, 5, 1, 5, 0, : 2, 1, 5, 5, 1, 5, 
31: 2, 0, 0, 0, 0, 0, 1, 0, 0, 0, 0, 0, 0, 0, 0, 0, 0, 50, 0, 0, : 2, 1, 50, 
60: 1, 53, 0, 0, 0, 0, 4, 0, 0, 5, 0, 0, 0, 1, 0, 0, 4, 0, 0, 0, : 1, 53, 4, 5, 1, 4, 
68: 1, 0, 0, 5, 0, 0, 3, 0, 2, 0, 0, 0, 51, 0, 0, 0, 5, 0, 0, 0, : 1, 5, 3, 2, 51, 5, 
148: 3, 4, 0, 0, 0, 0, 1, 0, 0, 0, 0, 0, 0, 0, 1, 1, 0, 0, 0, 0, : 3, 4, 1, 1, 1, 
127: 5, 0, 2, 1, 0, 3, 1, 2, 5, 0, 0, 0, 0, 0, 0, 0, 5, 0, 0, 53, : 5, 2, 1, 3, 1, 2, 5, 5, 53, 
70: 2, 0, 0, 2, 0, 54, 5, 1, 0, 0, 5, 0, 0, 2, 0, 4, 5, 0, 0, 1, : 2, 2, 54, 5, 1, 5, 2, 4, 5, 1, 
104: 4, 0, 51, 0, 0, 0, 3, 0, 0, 0, 3, 0, 3, 53, 0, 0, 3, 3, 0, 0, : 4, 51, 3, 3, 3, 53, 3, 3, 
58: 2, 0, 0, 0, 0, 0, 4, 0, 0, 54, 1, 0, 0, 0, 0, 0, 2, 5, 0, 0, : 2, 4, 54, 1, 2, 5, 
109: 2, 0, 0, 50, 0, 0, 4, 0, 0, 0, 0, 0, 0, 2, 0, 0, 1, 0, 0, 0, : 2, 50, 4, 2, 1, 
45: 5, 2, 1, 0, 0, 0, 5, 0, 0, 0, 0, 0, 0, 0, 0, 50, 5, 0, 0, 0, : 5, 2, 1, 5, 50, 5, 
124: 5, 0, 1, 0, 3, 0, 5, 0, 0, 0, 50, 1, 0, 0, 0, 0, 4, 1, 0, 1, : 5, 1, 3, 5, 50, 1, 4, 1, 1, 
5: 2, 0, 0, 0, 0, 0, 1, 0, 0, 1, 0, 0, 0, 1, 0, 0, 2, 0, 0, 3, : 2, 1, 1, 1, 2, 3, 
11: 3, 0, 1, 1, 1, 0, 3, 0, 0, 0, 0, 1, 1, 0, 0, 0, 1, 0, 0, 0, : 3, 1, 1, 1, 3, 1, 1, 1, 
26: 5, 1, 3, 0, 0, 0, 5, 0, 0, 0, 0, 0, 5, 0, 1, 5, 5, 0, 0, 0, : 5, 1, 3, 5, 5, 1, 5, 5, 
115: 4, 0, 0, 0, 1, 0, 3, 0, 53, 0, 0, 2, 0, 0, 0, 0, 3, 0, 0, 0, : 4, 1, 3, 53, 2, 3, 
42: 4, 0, 0, 0, 0, 0, 1, 0, 0, 0, 0, 0, 0, 0, 3, 0, 5, 0, 0, 0, : 4, 1, 3, 5, 
41: 2, 0, 0, 0, 5, 3, 1, 52, 0, 0, 0, 54, 0, 1, 0, 0, 2, 0, 0, 0, : 2, 5, 3, 1, 52, 54, 1, 2, 
86: 2, 0, 1, 1, 0, 0, 4, 0, 0, 0, 0, 2, 0, 0, 55, 0, 0, 0, 55, 0, : 2, 1, 1, 4, 2, 55, 55, 
102: 4, 0, 0, 0, 50, 0, 5, 0, 0, 0, 1, 0, 0, 0, 0, 0, 3, 0, 0, 2, : 4, 50, 5, 1, 3, 2, 


