
40
40
80
2

33: 0, 0, 1, 0, 7, 0, 4, 0, 0, 5, 0, 0, 0, 1, 8, 0, 8, 0, 0, 5, 0, 0, 0, 5, 5, 0, 4, 2, 10, 0, 0, 4, 7, 0, 0, 0, 3, 6, 1, 0, : 1, 7, 4, 5, 1, 8, 8, 5, 5, 5, 4, 2, 10, 4, 7, 3, 6, 1, 
1: 0, 5, 10, 3, 10, 1, 0, 0, 4, 4, 0, 6, 0, 0, 10, 6, 6, 0, 10, 2, 0, 1, 4, 0, 6, 7, 1, 10, 5, 7, 62, 0, 1, 0, 0, 0, 4, 3, 0, 6, : 5, 10, 3, 10, 1, 4, 4, 6, 10, 6, 6, 10, 2, 1, 4, 6, 7, 1, 10, 5, 7, 62, 1, 4, 3, 6, 
3: 0, 0, 0, 7, 6, 2, 0, 0, 0, 5, 0, 0, 0, 0, 0, 5, 9, 63, 0, 0, 0, 10, 0, 0, 7, 0, 10, 0, 0, 6, 0, 0, 0, 0, 0, 0, 0, 9, 0, 6, : 7, 6, 2, 5, 5, 9, 63, 10, 7, 10, 6, 9, 6, 
34: 0, 4, 0, 10, 0, 0, 0, 0, 9, 7, 0, 6, 0, 0, 4, 1, 0, 0, 0, 6, 0, 0, 0, 0, 5, 9, 6, 0, 1, 0, 0, 0, 9, 0, 6, 0, 7, 0, 2, 0, : 4, 10, 9, 7, 6, 4, 1, 6, 5, 9, 6, 1, 9, 6, 7, 2, 
19: 0, 0, 0, 0, 0, 0, 0, 0, 0, 3, 0, 0, 0, 1, 0, 0, 0, 0, 0, 7, 0, 0, 0, 0, 9, 1, 0, 0, 2, 9, 7, 0, 4, 0, 0, 0, 7, 5, 0, 5, : 3, 1, 7, 9, 1, 2, 9, 7, 4, 7, 5, 5, 
20: 0, 0, 0, 0, 0, 0, 0, 0, 62, 6, 0, 8, 0, 4, 2, 6, 1, 0, 0, 4, 0, 0, 0, 0, 7, 1, 9, 0, 8, 0, 0, 0, 8, 0, 0, 0, 1, 3, 8, 6, : 62, 6, 8, 4, 2, 6, 1, 4, 7, 1, 9, 8, 8, 1, 3, 8, 6, 
13: 0, 60, 65, 5, 1, 0, 61, 61, 2, 5, 0, 8, 8, 0, 7, 2, 0, 0, 0, 10, 0, 0, 60, 0, 0, 8, 1, 0, 0, 0, 0, 0, 9, 0, 0, 0, 0, 2, 0, 10, : 60, 65, 5, 1, 61, 61, 2, 5, 8, 8, 7, 2, 10, 60, 8, 1, 9, 2, 10, 
5: 0, 0, 0, 8, 6, 0, 0, 3, 0, 5, 63, 7, 0, 0, 9, 4, 7, 10, 0, 2, 0, 0, 0, 0, 2, 3, 1, 6, 5, 7, 0, 5, 3, 0, 4, 4, 0, 3, 0, 7, : 8, 6, 3, 5, 63, 7, 9, 4, 7, 10, 2, 2, 3, 1, 6, 5, 7, 5, 3, 4, 4, 3, 7, 
17: 6, 10, 0, 6, 2, 0, 0, 10, 0, 1, 0, 0, 0, 0, 0, 0, 0, 0, 0, 9, 0, 0, 1, 5, 0, 1, 8, 0, 2, 8, 0, 2, 0, 4, 0, 0, 9, 8, 66, 0, : 6, 10, 6, 2, 10, 1, 9, 1, 5, 1, 8, 2, 8, 2, 4, 9, 8, 66, 
29: 0, 0, 0, 9, 4, 0, 0, 0, 0, 3, 0, 6, 1, 0, 2, 7, 3, 0, 0, 7, 0, 0, 4, 1, 0, 9, 4, 0, 4, 2, 0, 3, 3, 4, 0, 0, 6, 4, 0, 1, : 9, 4, 3, 6, 1, 2, 7, 3, 7, 4, 1, 9, 4, 4, 2, 3, 3, 4, 6, 4, 1, 
30: 0, 0, 1, 0, 7, 0, 5, 0, 0, 0, 4, 3, 0, 0, 0, 1, 8, 0, 0, 7, 0, 1, 0, 0, 5, 5, 4, 0, 7, 5, 0, 0, 2, 9, 0, 0, 2, 7, 1, 5, : 1, 7, 5, 4, 3, 1, 8, 7, 1, 5, 5, 4, 7, 5, 2, 9, 2, 7, 1, 5, 
16: 5, 0, 2, 9, 9, 0, 0, 0, 0, 10, 0, 10, 0, 0, 8, 8, 7, 0, 0, 0, 2, 1, 0, 0, 5, 8, 2, 0, 0, 9, 0, 0, 4, 0, 1, 7, 1, 6, 1, 0, : 5, 2, 9, 9, 10, 10, 8, 8, 7, 2, 1, 5, 8, 2, 9, 4, 1, 7, 1, 6, 1, 
18: 63, 0, 0, 8, 6, 8, 6, 0, 0, 9, 0, 5, 61, 0, 9, 3, 5, 4, 0, 8, 0, 67, 0, 2, 9, 9, 1, 61, 10, 10, 10, 0, 1, 0, 0, 0, 9, 2, 0, 1, : 63, 8, 6, 8, 6, 9, 5, 61, 9, 3, 5, 4, 8, 67, 2, 9, 9, 1, 61, 10, 10, 10, 1, 9, 2, 1, 
24: 0, 0, 0, 4, 0, 0, 0, 0, 0, 6, 7, 0, 1, 0, 2, 0, 6, 1, 0, 1, 0, 0, 7, 0, 7, 0, 1, 0, 1, 0, 0, 0, 2, 0, 5, 67, 8, 5, 0, 8, : 4, 6, 7, 1, 2, 6, 1, 1, 7, 7, 1, 1, 2, 5, 67, 8, 5, 8, 
8: 0, 0, 0, 0, 5, 0, 0, 0, 0, 1, 1, 5, 0, 6, 0, 8, 0, 0, 0, 1, 7, 0, 4, 62, 0, 0, 2, 1, 5, 1, 0, 0, 5, 2, 0, 0, 1, 3, 0, 0, : 5, 1, 1, 5, 6, 8, 1, 7, 4, 62, 2, 1, 5, 1, 5, 2, 1, 3, 
32: 0, 0, 0, 2, 5, 0, 4, 0, 1, 3, 1, 0, 0, 0, 8, 4, 8, 0, 0, 1, 0, 0, 0, 1, 2, 0, 10, 0, 7, 3, 0, 2, 1, 61, 0, 1, 0, 0, 0, 2, : 2, 5, 4, 1, 3, 1, 8, 4, 8, 1, 1, 2, 10, 7, 3, 2, 1, 61, 1, 2, 
14: 3, 1, 0, 0, 1, 0, 0, 0, 0, 4, 0, 0, 9, 8, 2, 4, 10, 2, 70, 0, 9, 0, 0, 0, 1, 6, 5, 0, 2, 0, 0, 61, 8, 0, 0, 0, 9, 3, 0, 6, : 3, 1, 1, 4, 9, 8, 2, 4, 10, 2, 70, 9, 1, 6, 5, 2, 61, 8, 9, 3, 6, 
26: 3, 0, 1, 2, 2, 65, 0, 0, 0, 2, 0, 2, 0, 0, 0, 10, 0, 0, 0, 1, 0, 0, 0, 2, 7, 6, 1, 0, 3, 9, 0, 0, 2, 0, 0, 0, 3, 5, 1, 7, : 3, 1, 2, 2, 65, 2, 2, 10, 1, 2, 7, 6, 1, 3, 9, 2, 3, 5, 1, 7, 
10: 0, 0, 0, 4, 7, 0, 0, 0, 0, 0, 0, 7, 0, 60, 9, 1, 1, 0, 0, 9, 62, 0, 0, 0, 3, 4, 1, 0, 8, 0, 0, 2, 3, 0, 64, 1, 10, 4, 0, 10, : 4, 7, 7, 60, 9, 1, 1, 9, 62, 3, 4, 1, 8, 2, 3, 64, 1, 10, 4, 10, 
39: 0, 0, 0, 3, 2, 4, 0, 6, 2, 1, 4, 7, 0, 0, 0, 10, 1, 0, 0, 0, 0, 0, 0, 2, 0, 3, 9, 0, 0, 4, 1, 1, 8, 0, 0, 0, 0, 2, 0, 0, : 3, 2, 4, 6, 2, 1, 4, 7, 10, 1, 2, 3, 9, 4, 1, 1, 8, 2, 


37: 0, 4, 3, 0, 0, 2, 0, 5, 0, 4, 0, 6, 0, 0, 0, 0, 2, 9, 0, 0, 5, 0, 5, 5, 3, 6, 0, 1, 5, 3, 0, 0, 0, 5, 0, 0, 0, 0, 0, 9, : 4, 3, 2, 5, 4, 6, 2, 9, 5, 5, 5, 3, 6, 1, 5, 3, 5, 9, 
12: 0, 6, 10, 0, 0, 0, 1, 1, 70, 5, 0, 1, 0, 0, 2, 0, 6, 6, 0, 9, 0, 0, 4, 0, 9, 0, 0, 1, 0, 0, 68, 0, 0, 10, 0, 0, 0, 0, 0, 3, : 6, 10, 1, 1, 70, 5, 1, 2, 6, 6, 9, 4, 9, 1, 68, 10, 3, 
6: 0, 7, 1, 0, 1, 3, 0, 1, 0, 3, 0, 6, 0, 0, 1, 0, 9, 9, 0, 0, 1, 0, 0, 0, 4, 5, 0, 4, 0, 0, 0, 0, 0, 7, 0, 3, 1, 0, 0, 0, : 7, 1, 1, 3, 1, 3, 6, 1, 9, 9, 1, 4, 5, 4, 7, 3, 1, 
7: 4, 8, 2, 0, 3, 0, 7, 10, 0, 1, 0, 5, 0, 0, 0, 0, 5, 6, 0, 0, 5, 0, 9, 0, 0, 0, 0, 0, 1, 0, 0, 0, 1, 1, 0, 61, 0, 0, 0, 4, : 4, 8, 2, 3, 7, 10, 1, 5, 5, 6, 5, 9, 1, 1, 1, 61, 4, 
36: 0, 3, 10, 5, 0, 0, 0, 0, 0, 9, 0, 0, 0, 0, 0, 0, 2, 3, 0, 0, 10, 3, 0, 0, 5, 0, 0, 7, 0, 2, 0, 0, 1, 0, 0, 6, 0, 0, 0, 8, : 3, 10, 5, 9, 2, 3, 10, 3, 5, 7, 2, 1, 6, 8, 
21: 0, 1, 0, 2, 0, 0, 6, 10, 0, 1, 0, 2, 61, 0, 6, 60, 2, 2, 0, 0, 7, 0, 5, 0, 0, 7, 0, 6, 65, 0, 0, 0, 0, 8, 0, 0, 1, 2, 0, 1, : 1, 2, 6, 10, 1, 2, 61, 6, 60, 2, 2, 7, 5, 7, 6, 65, 8, 1, 2, 1, 
23: 0, 2, 5, 0, 0, 0, 7, 9, 0, 10, 0, 10, 9, 0, 0, 7, 10, 5, 0, 0, 4, 0, 7, 67, 9, 1, 0, 0, 0, 0, 0, 8, 0, 1, 5, 0, 0, 64, 0, 0, : 2, 5, 7, 9, 10, 10, 9, 7, 10, 5, 4, 7, 67, 9, 1, 8, 1, 5, 64, 
9: 0, 7, 1, 2, 0, 5, 6, 0, 0, 3, 5, 8, 0, 0, 0, 0, 1, 2, 0, 0, 0, 0, 0, 0, 0, 1, 0, 0, 0, 4, 0, 0, 0, 1, 0, 0, 0, 0, 5, 2, : 7, 1, 2, 5, 6, 3, 5, 8, 1, 2, 1, 4, 1, 5, 2, 
15: 5, 3, 6, 0, 1, 1, 0, 5, 4, 1, 64, 0, 0, 0, 1, 0, 2, 5, 0, 0, 0, 0, 1, 0, 0, 9, 68, 8, 0, 0, 0, 0, 0, 9, 0, 0, 8, 4, 0, 0, : 5, 3, 6, 1, 1, 5, 4, 1, 64, 1, 2, 5, 1, 9, 68, 8, 9, 8, 4, 
38: 0, 1, 5, 0, 0, 0, 4, 7, 5, 3, 7, 6, 0, 10, 1, 0, 1, 1, 0, 0, 8, 1, 0, 6, 6, 7, 9, 0, 0, 0, 0, 1, 0, 0, 1, 0, 69, 0, 0, 5, : 1, 5, 4, 7, 5, 3, 7, 6, 10, 1, 1, 1, 8, 1, 6, 6, 7, 9, 1, 1, 69, 5, 
25: 0, 1, 7, 62, 0, 64, 6, 1, 0, 3, 1, 4, 3, 0, 0, 2, 2, 1, 2, 0, 5, 7, 0, 0, 0, 3, 0, 3, 9, 4, 0, 0, 62, 8, 0, 0, 0, 0, 7, 0, : 1, 7, 62, 64, 6, 1, 3, 1, 4, 3, 2, 2, 1, 2, 5, 7, 3, 3, 9, 4, 62, 8, 7, 
22: 61, 6, 8, 0, 0, 0, 1, 0, 1, 4, 0, 1, 0, 60, 0, 0, 9, 9, 7, 0, 5, 0, 7, 0, 1, 2, 3, 1, 0, 0, 0, 7, 6, 10, 67, 0, 0, 7, 0, 8, : 61, 6, 8, 1, 1, 4, 1, 60, 9, 9, 7, 5, 7, 1, 2, 3, 1, 7, 6, 10, 67, 7, 8, 
31: 0, 9, 8, 0, 9, 1, 9, 0, 0, 3, 3, 2, 0, 0, 0, 0, 8, 0, 0, 8, 2, 0, 10, 0, 10, 5, 0, 0, 0, 0, 0, 0, 6, 10, 0, 0, 0, 1, 63, 3, : 9, 8, 9, 1, 9, 3, 3, 2, 8, 8, 2, 10, 10, 5, 6, 10, 1, 63, 3, 
40: 0, 3, 0, 9, 61, 0, 0, 2, 0, 4, 0, 1, 0, 0, 0, 0, 5, 3, 1, 0, 6, 3, 8, 0, 0, 8, 0, 5, 0, 0, 0, 0, 0, 0, 0, 1, 0, 0, 2, 1, : 3, 9, 61, 2, 4, 1, 5, 3, 1, 6, 3, 8, 8, 5, 1, 2, 1, 
4: 0, 2, 0, 0, 0, 0, 9, 4, 0, 4, 0, 0, 0, 0, 1, 0, 8, 0, 60, 0, 4, 0, 8, 2, 2, 1, 0, 9, 0, 0, 0, 0, 0, 0, 0, 0, 0, 0, 0, 9, : 2, 9, 4, 4, 1, 8, 60, 4, 8, 2, 2, 1, 9, 9, 
11: 0, 1, 6, 0, 0, 3, 6, 6, 0, 7, 0, 0, 0, 10, 61, 0, 2, 8, 0, 0, 0, 0, 10, 0, 10, 5, 0, 10, 0, 0, 8, 0, 0, 0, 0, 0, 0, 1, 0, 6, : 1, 6, 3, 6, 6, 7, 10, 61, 2, 8, 10, 10, 5, 10, 8, 1, 6, 
28: 0, 2, 6, 0, 5, 1, 2, 2, 0, 1, 0, 7, 0, 0, 7, 0, 2, 0, 0, 62, 8, 0, 6, 0, 2, 0, 0, 2, 0, 0, 0, 0, 2, 1, 0, 0, 0, 0, 0, 10, : 2, 6, 5, 1, 2, 2, 1, 7, 7, 2, 62, 8, 6, 2, 2, 2, 1, 10, 
27: 7, 3, 1, 0, 0, 0, 5, 9, 0, 8, 0, 2, 0, 0, 0, 0, 1, 5, 0, 0, 1, 66, 0, 0, 7, 10, 0, 3, 0, 0, 4, 0, 0, 7, 7, 0, 1, 0, 1, 6, : 7, 3, 1, 5, 9, 8, 2, 1, 5, 1, 66, 7, 10, 3, 4, 7, 7, 1, 1, 6, 
35: 3, 7, 1, 0, 0, 0, 3, 8, 0, 4, 0, 9, 0, 0, 0, 1, 0, 3, 8, 0, 9, 0, 0, 0, 6, 10, 0, 10, 0, 67, 0, 0, 0, 2, 0, 1, 0, 0, 0, 0, : 3, 7, 1, 3, 8, 4, 9, 1, 3, 8, 9, 6, 10, 10, 67, 2, 1, 
2: 0, 4, 0, 0, 0, 0, 8, 0, 0, 2, 0, 10, 7, 0, 0, 10, 3, 3, 2, 1, 0, 0, 0, 0, 6, 0, 0, 10, 0, 0, 0, 64, 2, 0, 0, 8, 0, 1, 2, 5, : 4, 8, 2, 10, 7, 10, 3, 3, 2, 1, 6, 10, 64, 2, 8, 1, 2, 5, 


