
40
400
80
20

103: 4, 3, 0, 0, 4, 1, 4, 0, 3, 0, 2, 0, 5, 0, 4, 0, 0, 0, 6, 5, 0, 9, 0, 9, 0, 0, 4, 0, 0, 10, 0, 0, 4, 1, 5, 2, 0, 8, 0, 2, : 4, 3, 4, 1, 4, 3, 2, 5, 4, 6, 5, 9, 9, 4, 10, 4, 1, 5, 2, 8, 2, 
273: 0, 9, 0, 0, 1, 0, 0, 0, 1, 0, 0, 7, 1, 66, 0, 1, 4, 0, 6, 5, 0, 6, 3, 1, 10, 0, 7, 0, 10, 0, 0, 1, 0, 2, 8, 0, 0, 7, 0, 5, : 9, 1, 1, 7, 1, 66, 1, 4, 6, 5, 6, 3, 1, 10, 7, 10, 1, 2, 8, 7, 5, 
385: 2, 0, 0, 0, 8, 0, 65, 0, 4, 5, 65, 0, 1, 0, 0, 4, 4, 0, 5, 0, 0, 3, 8, 0, 0, 0, 0, 0, 1, 0, 9, 0, 0, 1, 1, 2, 0, 0, 0, 6, : 2, 8, 65, 4, 5, 65, 1, 4, 4, 5, 3, 8, 1, 9, 1, 1, 2, 6, 
22: 8, 0, 0, 3, 8, 8, 0, 0, 2, 0, 0, 0, 3, 0, 0, 0, 7, 0, 6, 0, 0, 0, 9, 2, 7, 0, 0, 0, 1, 0, 3, 0, 0, 10, 7, 1, 0, 4, 3, 3, : 8, 3, 8, 8, 2, 3, 7, 6, 9, 2, 7, 1, 3, 10, 7, 1, 4, 3, 3, 
73: 0, 0, 0, 0, 0, 0, 0, 0, 8, 0, 0, 0, 2, 0, 3, 0, 0, 0, 0, 60, 0, 10, 0, 0, 6, 3, 0, 7, 0, 64, 64, 0, 0, 8, 10, 60, 0, 0, 4, 3, : 8, 2, 3, 60, 10, 6, 3, 7, 64, 64, 8, 10, 60, 4, 3, 
6: 6, 0, 0, 1, 0, 0, 0, 0, 8, 0, 0, 0, 8, 0, 0, 0, 4, 63, 2, 0, 0, 9, 8, 0, 1, 0, 0, 0, 9, 0, 0, 62, 1, 3, 0, 0, 0, 4, 0, 0, : 6, 1, 8, 8, 4, 63, 2, 9, 8, 1, 9, 62, 1, 3, 4, 
356: 3, 0, 4, 0, 7, 8, 0, 0, 1, 0, 0, 10, 8, 0, 4, 1, 3, 5, 0, 8, 0, 3, 0, 7, 4, 5, 0, 0, 4, 0, 0, 0, 0, 5, 7, 0, 0, 3, 0, 10, : 3, 4, 7, 8, 1, 10, 8, 4, 1, 3, 5, 8, 3, 7, 4, 5, 4, 5, 7, 3, 10, 
188: 6, 2, 0, 61, 0, 62, 3, 0, 4, 65, 0, 0, 1, 7, 0, 0, 0, 0, 6, 0, 0, 5, 7, 0, 4, 0, 7, 0, 8, 0, 0, 3, 0, 1, 1, 2, 0, 6, 63, 10, : 6, 2, 61, 62, 3, 4, 65, 1, 7, 6, 5, 7, 4, 7, 8, 3, 1, 1, 2, 6, 63, 10, 
37: 10, 0, 0, 1, 9, 0, 0, 0, 1, 0, 0, 0, 9, 0, 0, 3, 0, 0, 7, 0, 4, 2, 0, 8, 5, 0, 10, 0, 0, 0, 0, 1, 0, 7, 3, 8, 0, 0, 0, 0, : 10, 1, 9, 1, 9, 3, 7, 4, 2, 8, 5, 10, 1, 7, 3, 8, 
317: 1, 0, 0, 9, 3, 0, 0, 0, 3, 0, 0, 0, 1, 0, 0, 0, 4, 0, 3, 0, 0, 3, 4, 1, 10, 0, 6, 0, 3, 0, 0, 0, 0, 1, 0, 0, 0, 0, 0, 9, : 1, 9, 3, 3, 1, 4, 3, 3, 4, 1, 10, 6, 3, 1, 9, 
159: 4, 10, 0, 0, 0, 0, 0, 0, 1, 0, 0, 0, 9, 0, 0, 2, 8, 0, 6, 0, 0, 0, 0, 8, 0, 4, 5, 9, 0, 0, 0, 0, 0, 8, 0, 0, 0, 9, 0, 9, : 4, 10, 1, 9, 2, 8, 6, 8, 4, 5, 9, 8, 9, 9, 
265: 3, 4, 0, 1, 1, 0, 6, 69, 4, 1, 0, 0, 1, 7, 4, 0, 1, 4, 6, 0, 60, 10, 0, 8, 7, 0, 0, 0, 7, 0, 1, 0, 70, 4, 8, 0, 68, 6, 6, 5, : 3, 4, 1, 1, 6, 69, 4, 1, 1, 7, 4, 1, 4, 6, 60, 10, 8, 7, 7, 1, 70, 4, 8, 68, 6, 6, 5, 
288: 8, 0, 0, 0, 8, 0, 0, 7, 7, 6, 1, 1, 2, 0, 0, 60, 9, 2, 9, 1, 0, 3, 1, 0, 8, 4, 3, 0, 7, 0, 0, 0, 3, 2, 0, 0, 5, 9, 0, 1, : 8, 8, 7, 7, 6, 1, 1, 2, 60, 9, 2, 9, 1, 3, 1, 8, 4, 3, 7, 3, 2, 5, 9, 1, 
38: 10, 9, 2, 0, 0, 0, 0, 0, 4, 0, 0, 2, 10, 0, 0, 6, 3, 0, 2, 0, 1, 4, 2, 0, 0, 0, 3, 0, 0, 0, 0, 0, 0, 4, 6, 0, 7, 4, 0, 10, : 10, 9, 2, 4, 2, 10, 6, 3, 2, 1, 4, 2, 3, 4, 6, 7, 4, 10, 
139: 0, 3, 7, 0, 6, 1, 0, 0, 8, 0, 6, 0, 6, 0, 60, 3, 3, 0, 1, 0, 2, 2, 3, 0, 4, 0, 3, 60, 3, 0, 0, 0, 0, 7, 3, 0, 0, 1, 0, 0, : 3, 7, 6, 1, 8, 6, 6, 60, 3, 3, 1, 2, 2, 3, 4, 3, 60, 3, 7, 3, 1, 
338: 0, 10, 61, 0, 8, 0, 2, 0, 7, 0, 0, 60, 0, 0, 5, 0, 2, 0, 1, 0, 0, 1, 6, 8, 0, 0, 3, 0, 5, 6, 0, 9, 0, 3, 1, 5, 0, 9, 0, 0, : 10, 61, 8, 2, 7, 60, 5, 2, 1, 1, 6, 8, 3, 5, 6, 9, 3, 1, 5, 9, 
323: 5, 10, 0, 0, 7, 0, 0, 0, 1, 0, 4, 0, 2, 0, 0, 0, 5, 0, 3, 0, 1, 2, 5, 0, 0, 0, 4, 0, 7, 0, 0, 0, 0, 3, 0, 0, 0, 1, 0, 0, : 5, 10, 7, 1, 4, 2, 5, 3, 1, 2, 5, 4, 7, 3, 1, 
99: 3, 4, 0, 4, 0, 0, 0, 0, 4, 3, 2, 0, 0, 0, 0, 0, 10, 0, 3, 0, 9, 0, 7, 8, 6, 0, 6, 4, 9, 0, 0, 4, 0, 3, 7, 0, 0, 0, 0, 0, : 3, 4, 4, 4, 3, 2, 10, 3, 9, 7, 8, 6, 6, 4, 9, 4, 3, 7, 
185: 1, 7, 6, 0, 10, 0, 0, 0, 1, 0, 0, 0, 9, 0, 0, 0, 3, 6, 0, 0, 1, 4, 9, 10, 8, 0, 10, 0, 5, 0, 3, 0, 2, 3, 7, 0, 0, 4, 4, 7, : 1, 7, 6, 10, 1, 9, 3, 6, 1, 4, 9, 10, 8, 10, 5, 3, 2, 3, 7, 4, 4, 7, 
354: 6, 9, 0, 0, 0, 0, 0, 4, 8, 0, 0, 0, 2, 0, 0, 0, 10, 0, 8, 1, 2, 4, 8, 10, 0, 64, 9, 0, 1, 0, 0, 0, 0, 4, 6, 0, 0, 5, 0, 0, : 6, 9, 4, 8, 2, 10, 8, 1, 2, 4, 8, 10, 64, 9, 1, 4, 6, 5, 


15: 0, 0, 0, 0, 4, 0, 0, 5, 3, 9, 0, 2, 7, 0, 0, 0, 1, 0, 0, 5, 9, 8, 5, 10, 0, 10, 8, 3, 0, 0, 0, 3, 0, 0, 3, 0, 0, 3, 61, 0, : 4, 5, 3, 9, 2, 7, 1, 5, 9, 8, 5, 10, 10, 8, 3, 3, 3, 3, 61, 
341: 0, 0, 0, 10, 0, 8, 0, 0, 0, 5, 1, 4, 0, 10, 0, 6, 8, 0, 0, 0, 0, 2, 0, 0, 0, 7, 9, 0, 10, 0, 0, 2, 0, 5, 3, 0, 0, 8, 1, 1, : 10, 8, 5, 1, 4, 10, 6, 8, 2, 7, 9, 10, 2, 5, 3, 8, 1, 1, 
251: 0, 8, 0, 0, 3, 0, 0, 0, 0, 10, 0, 0, 5, 0, 0, 0, 0, 1, 3, 0, 0, 0, 1, 0, 0, 7, 0, 0, 2, 0, 0, 1, 2, 6, 5, 0, 0, 8, 0, 0, : 8, 3, 10, 5, 1, 3, 1, 7, 2, 1, 2, 6, 5, 8, 
107: 0, 0, 0, 3, 7, 1, 8, 6, 0, 2, 0, 3, 10, 0, 0, 2, 5, 0, 0, 10, 4, 61, 0, 0, 0, 2, 0, 0, 0, 3, 0, 10, 4, 3, 2, 0, 0, 6, 0, 0, : 3, 7, 1, 8, 6, 2, 3, 10, 2, 5, 10, 4, 61, 2, 3, 10, 4, 3, 2, 6, 
328: 0, 1, 0, 2, 1, 4, 0, 1, 0, 7, 2, 10, 0, 0, 0, 0, 7, 0, 0, 0, 3, 1, 0, 0, 0, 1, 3, 1, 0, 0, 0, 0, 0, 0, 7, 69, 0, 3, 0, 0, : 1, 2, 1, 4, 1, 7, 2, 10, 7, 3, 1, 1, 3, 1, 7, 69, 3, 
202: 0, 0, 0, 3, 10, 1, 0, 9, 0, 0, 0, 2, 0, 0, 0, 0, 7, 0, 0, 0, 4, 0, 0, 0, 0, 2, 3, 7, 0, 0, 0, 9, 0, 64, 10, 0, 64, 3, 0, 0, : 3, 10, 1, 9, 2, 7, 4, 2, 3, 7, 9, 64, 10, 64, 3, 
333: 0, 0, 0, 8, 10, 4, 0, 2, 0, 0, 1, 2, 0, 0, 0, 0, 0, 0, 0, 0, 10, 0, 0, 0, 0, 3, 8, 8, 0, 3, 1, 5, 7, 0, 0, 0, 0, 0, 0, 0, : 8, 10, 4, 2, 1, 2, 10, 3, 8, 8, 3, 1, 5, 7, 
124: 0, 0, 0, 1, 6, 1, 0, 5, 5, 0, 0, 10, 4, 0, 0, 0, 10, 0, 60, 0, 10, 0, 0, 0, 0, 2, 10, 0, 0, 0, 0, 1, 0, 0, 2, 9, 0, 3, 0, 0, : 1, 6, 1, 5, 5, 10, 4, 10, 60, 10, 2, 10, 1, 2, 9, 3, 
98: 0, 0, 0, 5, 5, 1, 0, 9, 2, 8, 0, 4, 0, 3, 2, 67, 9, 0, 9, 0, 0, 2, 0, 0, 0, 3, 7, 0, 60, 0, 0, 2, 6, 0, 3, 2, 10, 8, 1, 0, : 5, 5, 1, 9, 2, 8, 4, 3, 2, 67, 9, 9, 2, 3, 7, 60, 2, 6, 3, 2, 10, 8, 1, 
88: 4, 0, 6, 2, 5, 5, 0, 0, 0, 1, 0, 5, 0, 4, 0, 1, 3, 5, 0, 0, 0, 2, 0, 2, 0, 3, 7, 3, 0, 0, 0, 2, 5, 0, 8, 0, 0, 1, 0, 0, : 4, 6, 2, 5, 5, 1, 5, 4, 1, 3, 5, 2, 2, 3, 7, 3, 2, 5, 8, 1, 
231: 0, 0, 8, 0, 0, 7, 0, 1, 0, 7, 1, 5, 0, 1, 9, 0, 0, 0, 0, 0, 2, 0, 1, 0, 0, 4, 0, 0, 0, 0, 0, 6, 0, 0, 8, 0, 1, 10, 0, 0, : 8, 7, 1, 7, 1, 5, 1, 9, 2, 1, 4, 6, 8, 1, 10, 
285: 0, 0, 0, 9, 0, 1, 0, 0, 0, 3, 0, 1, 4, 0, 0, 3, 1, 3, 0, 4, 0, 0, 5, 68, 6, 1, 6, 3, 0, 0, 0, 7, 2, 0, 2, 0, 0, 8, 4, 0, : 9, 1, 3, 1, 4, 3, 1, 3, 4, 5, 68, 6, 1, 6, 3, 7, 2, 2, 8, 4, 
109: 0, 0, 0, 0, 6, 9, 70, 1, 5, 3, 0, 10, 8, 0, 65, 0, 3, 0, 7, 0, 0, 0, 0, 0, 62, 1, 2, 0, 0, 0, 5, 6, 9, 0, 0, 0, 0, 2, 0, 66, : 6, 9, 70, 1, 5, 3, 10, 8, 65, 3, 7, 62, 1, 2, 5, 6, 9, 2, 66, 
31: 66, 0, 0, 4, 9, 9, 0, 8, 0, 8, 0, 1, 1, 0, 3, 0, 1, 0, 0, 60, 0, 0, 63, 0, 0, 8, 6, 9, 0, 6, 65, 1, 10, 0, 3, 0, 2, 2, 0, 0, : 66, 4, 9, 9, 8, 8, 1, 1, 3, 1, 60, 63, 8, 6, 9, 6, 65, 1, 10, 3, 2, 2, 
145: 5, 0, 0, 4, 1, 0, 0, 8, 0, 0, 0, 1, 9, 0, 1, 0, 4, 0, 0, 0, 6, 0, 0, 0, 2, 0, 2, 8, 0, 68, 0, 6, 10, 0, 1, 0, 0, 1, 0, 0, : 5, 4, 1, 8, 1, 9, 1, 4, 6, 2, 2, 8, 68, 6, 10, 1, 1, 
375: 0, 9, 0, 6, 4, 2, 1, 0, 0, 1, 8, 9, 7, 0, 0, 0, 3, 0, 0, 0, 6, 0, 5, 0, 0, 5, 0, 7, 0, 0, 9, 1, 3, 0, 7, 0, 0, 4, 4, 0, : 9, 6, 4, 2, 1, 1, 8, 9, 7, 3, 6, 5, 5, 7, 9, 1, 3, 7, 4, 4, 
2: 0, 60, 66, 8, 8, 0, 0, 9, 63, 9, 1, 6, 2, 0, 0, 0, 8, 62, 0, 0, 9, 0, 0, 0, 10, 3, 4, 4, 0, 0, 0, 3, 0, 0, 5, 0, 0, 3, 0, 0, : 60, 66, 8, 8, 9, 63, 9, 1, 6, 2, 8, 62, 9, 10, 3, 4, 4, 3, 5, 3, 
30: 0, 2, 0, 2, 1, 10, 1, 6, 2, 5, 6, 0, 4, 2, 0, 0, 6, 9, 0, 0, 5, 1, 0, 0, 0, 9, 0, 7, 0, 0, 0, 2, 9, 0, 1, 0, 0, 1, 1, 0, : 2, 2, 1, 10, 1, 6, 2, 5, 6, 4, 2, 6, 9, 5, 1, 9, 7, 2, 9, 1, 1, 1, 
153: 0, 0, 0, 3, 0, 8, 0, 10, 0, 1, 0, 5, 10, 0, 0, 0, 0, 0, 0, 1, 5, 3, 0, 0, 0, 2, 4, 10, 8, 0, 0, 8, 6, 2, 6, 0, 3, 5, 0, 10, : 3, 8, 10, 1, 5, 10, 1, 5, 3, 2, 4, 10, 8, 8, 6, 2, 6, 3, 5, 10, 
112: 5, 0, 0, 10, 0, 9, 0, 0, 0, 1, 60, 0, 9, 60, 0, 1, 4, 0, 1, 0, 7, 0, 0, 0, 0, 7, 1, 10, 0, 0, 0, 5, 7, 0, 4, 0, 0, 1, 8, 3, : 5, 10, 9, 1, 60, 9, 60, 1, 4, 1, 7, 7, 1, 10, 5, 7, 4, 1, 8, 3, 


253: 1, 0, 0, 0, 1, 0, 68, 3, 0, 0, 0, 0, 2, 0, 0, 0, 0, 0, 0, 0, 0, 5, 0, 0, 6, 0, 1, 6, 4, 1, 2, 5, 10, 9, 5, 0, 2, 0, 1, 0, : 1, 1, 68, 3, 2, 5, 6, 1, 6, 4, 1, 2, 5, 10, 9, 5, 2, 1, 
175: 5, 1, 0, 0, 0, 0, 0, 1, 0, 4, 0, 2, 7, 1, 0, 61, 0, 0, 0, 0, 0, 0, 0, 0, 6, 2, 1, 6, 0, 10, 2, 3, 6, 4, 0, 0, 0, 8, 0, 0, : 5, 1, 1, 4, 2, 7, 1, 61, 6, 2, 1, 6, 10, 2, 3, 6, 4, 8, 
282: 4, 0, 0, 0, 0, 0, 1, 0, 0, 4, 61, 2, 1, 9, 0, 2, 0, 0, 9, 5, 0, 8, 1, 0, 3, 1, 6, 5, 1, 3, 10, 3, 1, 6, 8, 0, 2, 4, 63, 0, : 4, 1, 4, 61, 2, 1, 9, 2, 9, 5, 8, 1, 3, 1, 6, 5, 1, 3, 10, 3, 1, 6, 8, 2, 4, 63, 
75: 3, 7, 7, 0, 0, 0, 2, 0, 9, 0, 0, 0, 2, 6, 0, 0, 62, 0, 0, 0, 0, 8, 0, 0, 6, 5, 9, 6, 1, 7, 5, 2, 2, 3, 6, 0, 0, 5, 0, 68, : 3, 7, 7, 2, 9, 2, 6, 62, 8, 6, 5, 9, 6, 1, 7, 5, 2, 2, 3, 6, 5, 68, 
376: 2, 0, 0, 2, 0, 0, 0, 0, 0, 0, 8, 4, 4, 0, 0, 0, 0, 0, 0, 0, 0, 10, 2, 3, 0, 3, 4, 0, 0, 0, 0, 1, 2, 8, 3, 0, 0, 1, 0, 8, : 2, 2, 8, 4, 4, 10, 2, 3, 3, 4, 1, 2, 8, 3, 1, 8, 
340: 0, 0, 0, 1, 5, 1, 2, 0, 0, 0, 0, 0, 2, 8, 0, 0, 1, 0, 69, 0, 60, 2, 0, 0, 8, 0, 5, 0, 7, 0, 0, 5, 2, 1, 9, 5, 2, 10, 0, 0, : 1, 5, 1, 2, 2, 8, 1, 69, 60, 2, 8, 5, 7, 5, 2, 1, 9, 5, 2, 10, 
189: 3, 2, 0, 0, 0, 0, 0, 0, 0, 0, 2, 0, 4, 0, 1, 0, 0, 1, 0, 0, 0, 4, 2, 4, 7, 0, 5, 1, 9, 8, 0, 10, 3, 8, 0, 0, 1, 1, 0, 0, : 3, 2, 2, 4, 1, 1, 4, 2, 4, 7, 5, 1, 9, 8, 10, 3, 8, 1, 1, 
97: 8, 0, 0, 0, 3, 0, 1, 5, 0, 3, 0, 2, 6, 0, 0, 0, 0, 0, 0, 0, 0, 2, 0, 0, 5, 6, 6, 3, 4, 0, 9, 9, 6, 1, 1, 0, 0, 1, 0, 0, : 8, 3, 1, 5, 3, 2, 6, 2, 5, 6, 6, 3, 4, 9, 9, 6, 1, 1, 1, 
179: 1, 0, 0, 0, 63, 0, 0, 64, 0, 0, 0, 0, 1, 0, 1, 1, 1, 0, 2, 2, 0, 0, 1, 0, 8, 7, 2, 1, 2, 9, 7, 5, 6, 5, 9, 2, 9, 4, 0, 0, : 1, 63, 64, 1, 1, 1, 1, 2, 2, 1, 8, 7, 2, 1, 2, 9, 7, 5, 6, 5, 9, 2, 9, 4, 
69: 4, 0, 60, 69, 0, 0, 0, 0, 0, 0, 0, 0, 2, 1, 0, 10, 0, 3, 0, 0, 0, 0, 8, 2, 1, 0, 3, 10, 8, 10, 0, 6, 6, 1, 1, 0, 61, 1, 5, 0, : 4, 60, 69, 2, 1, 10, 3, 8, 2, 1, 3, 10, 8, 10, 6, 6, 1, 1, 61, 1, 5, 
39: 9, 0, 0, 0, 0, 1, 3, 1, 0, 0, 0, 0, 7, 9, 5, 0, 0, 4, 0, 10, 0, 2, 2, 0, 0, 0, 1, 6, 2, 3, 6, 4, 9, 4, 2, 0, 0, 1, 0, 0, : 9, 1, 3, 1, 7, 9, 5, 4, 10, 2, 2, 1, 6, 2, 3, 6, 4, 9, 4, 2, 1, 
187: 1, 0, 7, 5, 0, 68, 0, 5, 0, 0, 0, 1, 2, 7, 5, 0, 1, 1, 0, 0, 0, 0, 60, 0, 2, 4, 6, 6, 5, 3, 0, 3, 4, 7, 0, 0, 0, 0, 1, 0, : 1, 7, 5, 68, 5, 1, 2, 7, 5, 1, 1, 60, 2, 4, 6, 6, 5, 3, 3, 4, 7, 1, 
271: 6, 0, 0, 0, 0, 0, 1, 0, 0, 0, 0, 66, 0, 0, 0, 4, 0, 0, 0, 0, 9, 0, 0, 3, 1, 8, 6, 0, 5, 7, 0, 1, 8, 9, 7, 0, 0, 5, 0, 0, : 6, 1, 66, 4, 9, 3, 1, 8, 6, 5, 7, 1, 8, 9, 7, 5, 
58: 6, 0, 3, 0, 0, 0, 0, 0, 0, 65, 0, 1, 3, 9, 0, 0, 0, 0, 0, 1, 3, 9, 1, 1, 5, 9, 1, 5, 8, 8, 5, 7, 8, 0, 6, 9, 3, 9, 0, 0, : 6, 3, 65, 1, 3, 9, 1, 3, 9, 1, 1, 5, 9, 1, 5, 8, 8, 5, 7, 8, 6, 9, 3, 9, 
306: 6, 0, 0, 0, 0, 0, 0, 1, 0, 0, 0, 1, 7, 4, 0, 0, 5, 0, 0, 0, 0, 0, 0, 3, 5, 7, 3, 2, 3, 1, 9, 0, 4, 0, 0, 0, 0, 3, 0, 0, : 6, 1, 1, 7, 4, 5, 3, 5, 7, 3, 2, 3, 1, 9, 4, 3, 
353: 9, 1, 0, 0, 0, 0, 2, 0, 0, 0, 0, 0, 8, 8, 68, 0, 9, 0, 0, 0, 0, 0, 0, 2, 2, 9, 0, 5, 6, 2, 5, 5, 1, 5, 3, 0, 0, 9, 0, 0, : 9, 1, 2, 8, 8, 68, 9, 2, 2, 9, 5, 6, 2, 5, 5, 1, 5, 3, 9, 
47: 8, 0, 3, 3, 0, 0, 0, 0, 0, 0, 0, 0, 3, 0, 0, 0, 1, 64, 0, 60, 0, 10, 2, 61, 3, 10, 10, 0, 10, 0, 2, 3, 0, 7, 3, 63, 0, 10, 0, 0, : 8, 3, 3, 3, 1, 64, 60, 10, 2, 61, 3, 10, 10, 10, 2, 3, 7, 3, 63, 10, 
82: 1, 0, 0, 0, 8, 0, 0, 0, 7, 0, 0, 0, 9, 8, 0, 0, 0, 0, 0, 2, 0, 7, 0, 1, 5, 2, 8, 4, 3, 0, 9, 2, 0, 0, 7, 1, 0, 2, 1, 2, : 1, 8, 7, 9, 8, 2, 7, 1, 5, 2, 8, 4, 3, 9, 2, 7, 1, 2, 1, 2, 
281: 0, 69, 0, 0, 0, 10, 0, 0, 64, 4, 0, 1, 0, 0, 0, 0, 0, 0, 0, 0, 3, 6, 1, 0, 7, 5, 0, 6, 0, 8, 2, 6, 2, 1, 10, 0, 0, 3, 0, 2, : 69, 10, 64, 4, 1, 3, 6, 1, 7, 5, 6, 8, 2, 6, 2, 1, 10, 3, 2, 
388: 3, 0, 0, 0, 0, 0, 0, 0, 0, 0, 9, 0, 10, 10, 0, 2, 0, 7, 0, 0, 5, 7, 0, 0, 0, 2, 3, 8, 2, 0, 7, 0, 0, 1, 0, 0, 0, 3, 9, 0, : 3, 9, 10, 10, 2, 7, 5, 7, 2, 3, 8, 2, 7, 1, 3, 9, 


21: 0, 2, 7, 3, 2, 1, 1, 0, 0, 4, 0, 0, 0, 6, 1, 8, 10, 0, 2, 0, 10, 9, 0, 1, 0, 0, 0, 0, 7, 0, 3, 0, 0, 5, 0, 2, 0, 0, 10, 0, : 2, 7, 3, 2, 1, 1, 4, 6, 1, 8, 10, 2, 10, 9, 1, 7, 3, 5, 2, 10, 
241: 7, 9, 3, 61, 0, 0, 3, 0, 60, 0, 0, 0, 0, 0, 7, 0, 63, 0, 0, 0, 10, 4, 5, 1, 0, 5, 5, 0, 9, 0, 10, 0, 1, 0, 6, 0, 0, 1, 2, 1, : 7, 9, 3, 61, 3, 60, 7, 63, 10, 4, 5, 1, 5, 5, 9, 10, 1, 6, 1, 2, 1, 
389: 0, 7, 0, 0, 0, 0, 0, 0, 0, 8, 0, 0, 0, 0, 4, 0, 0, 0, 0, 0, 2, 0, 4, 9, 0, 8, 10, 5, 0, 6, 6, 0, 0, 0, 0, 3, 6, 0, 1, 3, : 7, 8, 4, 2, 4, 9, 8, 10, 5, 6, 6, 3, 6, 1, 3, 
195: 0, 4, 4, 0, 1, 0, 0, 0, 0, 4, 0, 0, 0, 1, 0, 0, 0, 0, 1, 0, 2, 1, 6, 8, 0, 8, 0, 0, 5, 0, 10, 0, 0, 0, 0, 0, 2, 0, 8, 0, : 4, 4, 1, 4, 1, 1, 2, 1, 6, 8, 8, 5, 10, 2, 8, 
289: 0, 0, 3, 7, 0, 0, 0, 0, 0, 0, 0, 0, 0, 0, 8, 0, 0, 0, 0, 1, 0, 8, 6, 8, 61, 9, 0, 0, 2, 0, 0, 0, 0, 0, 1, 0, 0, 1, 1, 0, : 3, 7, 8, 1, 8, 6, 8, 61, 9, 2, 1, 1, 1, 
67: 0, 8, 0, 0, 0, 10, 2, 6, 0, 10, 0, 0, 60, 0, 7, 0, 0, 0, 5, 0, 9, 6, 10, 7, 1, 5, 5, 7, 1, 4, 0, 2, 0, 3, 0, 70, 0, 0, 0, 0, : 8, 10, 2, 6, 10, 60, 7, 5, 9, 6, 10, 7, 1, 5, 5, 7, 1, 4, 2, 3, 70, 
111: 0, 0, 6, 0, 0, 0, 0, 0, 0, 0, 0, 4, 0, 0, 0, 0, 0, 5, 0, 0, 3, 9, 0, 8, 3, 6, 4, 0, 3, 63, 8, 2, 0, 0, 0, 2, 0, 0, 4, 4, : 6, 4, 5, 3, 9, 8, 3, 6, 4, 3, 63, 8, 2, 2, 4, 4, 
304: 0, 2, 5, 0, 1, 0, 0, 0, 0, 7, 0, 63, 9, 0, 10, 0, 3, 4, 0, 0, 6, 1, 10, 7, 0, 5, 6, 0, 0, 0, 10, 0, 0, 0, 0, 0, 0, 1, 5, 0, : 2, 5, 1, 7, 63, 9, 10, 3, 4, 6, 1, 10, 7, 5, 6, 10, 1, 5, 
7: 0, 3, 5, 0, 0, 0, 2, 0, 0, 1, 0, 0, 7, 9, 3, 0, 0, 0, 0, 8, 3, 5, 7, 1, 5, 1, 1, 0, 0, 0, 0, 0, 0, 0, 0, 0, 0, 0, 0, 4, : 3, 5, 2, 1, 7, 9, 3, 8, 3, 5, 7, 1, 5, 1, 1, 4, 
149: 68, 9, 8, 0, 0, 0, 0, 0, 9, 0, 0, 0, 3, 2, 3, 6, 0, 6, 0, 0, 10, 6, 9, 0, 0, 5, 8, 0, 3, 0, 0, 0, 60, 0, 4, 0, 3, 0, 9, 2, : 68, 9, 8, 9, 3, 2, 3, 6, 6, 10, 6, 9, 5, 8, 3, 60, 4, 3, 9, 2, 
14: 0, 0, 10, 0, 0, 0, 0, 0, 0, 7, 1, 0, 0, 0, 8, 0, 2, 0, 0, 0, 0, 0, 1, 0, 1, 5, 7, 0, 7, 0, 3, 1, 0, 0, 0, 0, 0, 6, 0, 0, : 10, 7, 1, 8, 2, 1, 1, 5, 7, 7, 3, 1, 6, 
55: 0, 8, 0, 0, 0, 0, 62, 0, 0, 7, 4, 4, 0, 0, 3, 0, 0, 0, 0, 0, 0, 5, 8, 0, 2, 5, 2, 0, 1, 0, 0, 0, 5, 0, 2, 0, 62, 0, 5, 66, : 8, 62, 7, 4, 4, 3, 5, 8, 2, 5, 2, 1, 5, 2, 62, 5, 66, 
216: 0, 10, 0, 0, 0, 0, 0, 5, 0, 8, 1, 6, 0, 0, 0, 0, 0, 0, 61, 0, 0, 2, 1, 0, 0, 1, 3, 0, 2, 0, 6, 0, 9, 2, 0, 0, 0, 0, 7, 0, : 10, 5, 8, 1, 6, 61, 2, 1, 1, 3, 2, 6, 9, 2, 7, 
33: 0, 6, 3, 0, 0, 0, 10, 3, 0, 0, 0, 0, 0, 0, 0, 0, 0, 0, 0, 0, 6, 6, 0, 1, 0, 0, 6, 0, 0, 0, 2, 0, 0, 1, 67, 3, 0, 0, 9, 0, : 6, 3, 10, 3, 6, 6, 1, 6, 2, 1, 67, 3, 9, 
96: 0, 0, 4, 6, 0, 69, 0, 0, 0, 5, 6, 0, 0, 61, 5, 0, 0, 0, 0, 0, 0, 0, 0, 1, 0, 0, 6, 0, 6, 0, 5, 1, 0, 0, 0, 0, 7, 0, 7, 0, : 4, 6, 69, 5, 6, 61, 5, 1, 6, 6, 5, 1, 7, 7, 
36: 0, 0, 8, 3, 0, 0, 0, 0, 4, 3, 0, 3, 0, 0, 8, 66, 0, 62, 0, 7, 0, 4, 5, 7, 2, 0, 0, 7, 9, 0, 4, 66, 1, 1, 0, 0, 0, 8, 0, 0, : 8, 3, 4, 3, 3, 8, 66, 62, 7, 4, 5, 7, 2, 7, 9, 4, 66, 1, 1, 8, 
211: 5, 9, 0, 0, 66, 0, 0, 0, 0, 0, 0, 0, 0, 0, 5, 0, 0, 2, 3, 0, 9, 5, 0, 6, 0, 2, 6, 0, 6, 0, 2, 8, 0, 0, 0, 0, 0, 0, 0, 0, : 5, 9, 66, 5, 2, 3, 9, 5, 6, 2, 6, 6, 2, 8, 
181: 0, 0, 7, 0, 0, 0, 0, 0, 0, 9, 0, 0, 1, 1, 1, 0, 0, 1, 0, 0, 6, 9, 8, 1, 0, 7, 0, 61, 0, 0, 5, 0, 0, 0, 0, 0, 0, 0, 3, 0, : 7, 9, 1, 1, 1, 1, 6, 9, 8, 1, 7, 61, 5, 3, 
178: 0, 0, 0, 0, 10, 0, 0, 0, 4, 7, 68, 0, 0, 0, 1, 0, 2, 0, 8, 64, 4, 0, 0, 9, 5, 8, 8, 0, 10, 7, 6, 0, 1, 68, 0, 0, 0, 63, 0, 0, : 10, 4, 7, 68, 1, 2, 8, 64, 4, 9, 5, 8, 8, 10, 7, 6, 1, 68, 63, 
196: 0, 3, 7, 0, 0, 0, 0, 66, 3, 0, 0, 0, 0, 0, 6, 0, 0, 0, 0, 0, 0, 0, 0, 5, 0, 0, 3, 0, 9, 0, 0, 0, 3, 0, 0, 0, 0, 0, 9, 0, : 3, 7, 66, 3, 6, 5, 3, 9, 3, 9, 


125: 2, 0, 1, 6, 66, 7, 1, 0, 2, 62, 6, 6, 0, 2, 0, 0, 63, 0, 1, 0, 0, 0, 0, 2, 9, 0, 0, 0, 0, 10, 5, 0, 0, 0, 60, 0, 5, 1, 0, 6, : 2, 1, 6, 66, 7, 1, 2, 62, 6, 6, 2, 63, 1, 2, 9, 10, 5, 60, 5, 1, 6, 
192: 8, 0, 1, 6, 1, 2, 0, 0, 0, 0, 1, 6, 68, 0, 0, 0, 0, 2, 70, 0, 0, 0, 2, 3, 7, 0, 0, 0, 0, 0, 0, 7, 8, 1, 0, 0, 0, 0, 0, 62, : 8, 1, 6, 1, 2, 1, 6, 68, 2, 70, 2, 3, 7, 7, 8, 1, 62, 
300: 8, 0, 5, 7, 0, 0, 0, 0, 10, 0, 0, 0, 0, 5, 0, 9, 0, 0, 0, 2, 1, 3, 0, 4, 1, 0, 0, 0, 0, 1, 7, 0, 6, 9, 0, 0, 0, 0, 0, 0, : 8, 5, 7, 10, 5, 9, 2, 1, 3, 4, 1, 1, 7, 6, 9, 
87: 10, 1, 3, 3, 0, 3, 4, 0, 3, 0, 0, 0, 0, 0, 6, 0, 0, 0, 0, 1, 0, 0, 0, 0, 8, 3, 0, 5, 0, 0, 0, 0, 9, 0, 0, 0, 9, 0, 2, 0, : 10, 1, 3, 3, 3, 4, 3, 6, 1, 8, 3, 5, 9, 9, 2, 
269: 0, 0, 9, 0, 0, 1, 0, 0, 0, 9, 7, 4, 0, 0, 0, 9, 5, 0, 0, 0, 0, 0, 0, 7, 8, 0, 68, 10, 0, 60, 0, 0, 10, 4, 1, 1, 2, 10, 0, 0, : 9, 1, 9, 7, 4, 9, 5, 7, 8, 68, 10, 60, 10, 4, 1, 1, 2, 10, 
223: 7, 0, 4, 2, 0, 10, 0, 0, 0, 0, 0, 0, 0, 0, 0, 0, 0, 0, 1, 0, 0, 1, 0, 0, 5, 0, 0, 6, 4, 0, 9, 0, 4, 1, 1, 0, 7, 0, 0, 0, : 7, 4, 2, 10, 1, 1, 5, 6, 4, 9, 4, 1, 1, 7, 
61: 5, 0, 5, 9, 0, 4, 6, 60, 0, 0, 0, 0, 10, 0, 0, 0, 0, 0, 0, 0, 0, 2, 4, 0, 0, 0, 0, 1, 0, 0, 0, 0, 7, 3, 0, 3, 3, 8, 0, 0, : 5, 5, 9, 4, 6, 60, 10, 2, 4, 1, 7, 3, 3, 3, 8, 
377: 0, 0, 9, 0, 0, 4, 0, 0, 0, 4, 6, 6, 0, 0, 0, 9, 0, 0, 0, 5, 63, 2, 0, 0, 0, 0, 1, 9, 3, 0, 8, 0, 1, 8, 5, 0, 6, 0, 0, 2, : 9, 4, 4, 6, 6, 9, 5, 63, 2, 1, 9, 3, 8, 1, 8, 5, 6, 2, 
220: 3, 0, 3, 0, 0, 4, 10, 1, 0, 5, 6, 5, 0, 0, 0, 0, 0, 7, 0, 3, 0, 2, 0, 4, 0, 0, 0, 5, 0, 0, 3, 0, 4, 2, 0, 0, 2, 3, 0, 0, : 3, 3, 4, 10, 1, 5, 6, 5, 7, 3, 2, 4, 5, 3, 4, 2, 2, 3, 
163: 10, 0, 7, 2, 0, 10, 7, 1, 0, 0, 8, 0, 0, 0, 0, 6, 0, 3, 0, 0, 1, 0, 64, 7, 0, 0, 0, 7, 0, 0, 7, 0, 5, 0, 0, 0, 4, 10, 0, 0, : 10, 7, 2, 10, 7, 1, 8, 6, 3, 1, 64, 7, 7, 7, 5, 4, 10, 
245: 0, 1, 4, 6, 0, 0, 10, 0, 0, 0, 0, 8, 0, 0, 0, 7, 0, 0, 0, 69, 4, 0, 0, 8, 6, 0, 0, 0, 69, 0, 1, 0, 1, 3, 0, 65, 9, 4, 0, 0, : 1, 4, 6, 10, 8, 7, 69, 4, 8, 6, 69, 1, 1, 3, 65, 9, 4, 
115: 1, 61, 0, 1, 6, 0, 0, 0, 0, 0, 9, 9, 1, 0, 0, 5, 1, 0, 5, 0, 3, 1, 5, 2, 8, 0, 0, 9, 0, 0, 6, 0, 0, 8, 0, 0, 3, 10, 0, 0, : 1, 61, 1, 6, 9, 9, 1, 5, 1, 5, 3, 1, 5, 2, 8, 9, 6, 8, 3, 10, 
132: 0, 0, 0, 9, 0, 4, 9, 0, 0, 0, 8, 8, 1, 0, 0, 2, 0, 0, 0, 0, 0, 0, 0, 8, 0, 0, 0, 1, 3, 0, 9, 0, 0, 3, 0, 5, 8, 9, 8, 0, : 9, 4, 9, 8, 8, 1, 2, 8, 1, 3, 9, 3, 5, 8, 9, 8, 
355: 2, 3, 1, 0, 0, 6, 0, 0, 0, 0, 0, 9, 0, 0, 7, 4, 0, 0, 0, 0, 6, 0, 5, 10, 5, 0, 10, 8, 0, 8, 0, 0, 10, 7, 0, 0, 5, 0, 61, 0, : 2, 3, 1, 6, 9, 7, 4, 6, 5, 10, 5, 10, 8, 8, 10, 7, 5, 61, 
29: 5, 1, 7, 4, 1, 0, 4, 10, 65, 0, 0, 5, 0, 0, 0, 0, 0, 0, 0, 0, 1, 0, 0, 5, 1, 3, 0, 5, 0, 0, 5, 0, 3, 6, 4, 0, 6, 0, 0, 0, : 5, 1, 7, 4, 1, 4, 10, 65, 5, 1, 5, 1, 3, 5, 5, 3, 6, 4, 6, 
85: 5, 3, 0, 7, 0, 8, 8, 0, 0, 0, 10, 5, 0, 60, 0, 4, 0, 64, 0, 0, 0, 7, 0, 2, 6, 4, 1, 4, 0, 0, 3, 10, 3, 9, 0, 0, 3, 7, 0, 8, : 5, 3, 7, 8, 8, 10, 5, 60, 4, 64, 7, 2, 6, 4, 1, 4, 3, 10, 3, 9, 3, 7, 8, 
275: 1, 0, 0, 8, 0, 4, 9, 0, 0, 0, 9, 0, 0, 0, 67, 9, 0, 0, 3, 0, 1, 0, 0, 1, 8, 0, 0, 0, 0, 1, 4, 0, 5, 3, 0, 0, 2, 0, 0, 0, : 1, 8, 4, 9, 9, 67, 9, 3, 1, 1, 8, 1, 4, 5, 3, 2, 
254: 10, 10, 7, 2, 0, 0, 4, 7, 0, 0, 0, 5, 0, 0, 0, 6, 0, 0, 0, 0, 0, 62, 0, 10, 4, 0, 0, 1, 1, 0, 8, 0, 0, 2, 0, 0, 3, 1, 0, 0, : 10, 10, 7, 2, 4, 7, 5, 6, 62, 10, 4, 1, 1, 8, 2, 3, 1, 
267: 0, 0, 5, 1, 6, 7, 8, 0, 0, 0, 10, 4, 0, 8, 0, 10, 10, 0, 0, 0, 0, 0, 0, 7, 1, 1, 0, 9, 0, 0, 5, 61, 1, 2, 0, 6, 1, 7, 0, 2, : 5, 1, 6, 7, 8, 10, 4, 8, 10, 10, 7, 1, 1, 9, 5, 61, 1, 2, 6, 1, 7, 2, 
70: 3, 0, 9, 7, 0, 6, 0, 1, 0, 0, 0, 0, 0, 5, 0, 0, 1, 4, 0, 0, 0, 0, 0, 0, 3, 69, 0, 0, 0, 0, 0, 2, 3, 9, 9, 0, 2, 10, 9, 0, : 3, 9, 7, 6, 1, 5, 1, 4, 3, 69, 2, 3, 9, 9, 2, 10, 9, 


348: 9, 0, 0, 2, 0, 0, 0, 1, 0, 0, 0, 60, 0, 1, 5, 9, 1, 0, 0, 1, 1, 4, 63, 0, 62, 0, 2, 9, 0, 4, 0, 0, 63, 9, 0, 1, 0, 0, 0, 0, : 9, 2, 1, 60, 1, 5, 9, 1, 1, 1, 4, 63, 62, 2, 9, 4, 63, 9, 1, 
318: 5, 5, 0, 0, 0, 0, 0, 1, 2, 8, 0, 0, 69, 64, 0, 0, 0, 0, 0, 6, 5, 0, 0, 0, 0, 5, 8, 6, 0, 3, 0, 0, 0, 0, 63, 0, 0, 7, 4, 0, : 5, 5, 1, 2, 8, 69, 64, 6, 5, 5, 8, 6, 3, 63, 7, 4, 
205: 2, 6, 0, 0, 2, 0, 6, 5, 2, 0, 0, 0, 0, 1, 0, 0, 0, 2, 5, 3, 3, 1, 0, 0, 0, 7, 0, 3, 0, 2, 6, 62, 0, 0, 0, 0, 0, 0, 6, 0, : 2, 6, 2, 6, 5, 2, 1, 2, 5, 3, 3, 1, 7, 3, 2, 6, 62, 6, 
293: 3, 4, 0, 0, 0, 6, 2, 9, 0, 0, 0, 4, 0, 0, 0, 1, 4, 0, 0, 5, 9, 0, 10, 0, 0, 0, 8, 0, 64, 8, 0, 0, 0, 0, 0, 0, 69, 1, 6, 0, : 3, 4, 6, 2, 9, 4, 1, 4, 5, 9, 10, 8, 64, 8, 69, 1, 6, 
118: 5, 7, 0, 0, 0, 3, 0, 3, 63, 1, 0, 0, 0, 0, 4, 4, 0, 0, 0, 6, 1, 1, 2, 0, 0, 0, 5, 2, 0, 3, 69, 0, 0, 0, 0, 10, 6, 2, 10, 0, : 5, 7, 3, 3, 63, 1, 4, 4, 6, 1, 1, 2, 5, 2, 3, 69, 10, 6, 2, 10, 
191: 4, 3, 0, 0, 0, 0, 0, 0, 0, 0, 1, 4, 0, 0, 1, 0, 0, 6, 0, 2, 6, 0, 0, 0, 0, 0, 0, 5, 4, 2, 0, 2, 0, 0, 6, 0, 0, 1, 1, 1, : 4, 3, 1, 4, 1, 6, 2, 6, 5, 4, 2, 2, 6, 1, 1, 1, 
172: 0, 8, 0, 0, 2, 0, 0, 3, 0, 0, 0, 0, 0, 0, 0, 0, 0, 7, 0, 3, 10, 0, 0, 61, 0, 0, 3, 0, 0, 1, 0, 0, 0, 62, 0, 0, 0, 0, 9, 0, : 8, 2, 3, 7, 3, 10, 61, 3, 1, 62, 9, 
373: 4, 0, 0, 0, 7, 0, 61, 10, 0, 0, 0, 0, 0, 1, 0, 1, 0, 6, 0, 3, 8, 0, 0, 0, 0, 0, 5, 1, 0, 3, 0, 0, 10, 6, 0, 1, 0, 2, 0, 0, : 4, 7, 61, 10, 1, 1, 6, 3, 8, 5, 1, 3, 10, 6, 1, 2, 
164: 10, 6, 60, 0, 0, 0, 0, 10, 0, 3, 3, 0, 0, 0, 0, 0, 0, 0, 0, 2, 1, 0, 0, 0, 0, 3, 2, 3, 0, 7, 0, 0, 0, 0, 0, 0, 0, 0, 0, 5, : 10, 6, 60, 10, 3, 3, 2, 1, 3, 2, 3, 7, 5, 
243: 3, 9, 2, 1, 0, 0, 0, 2, 0, 0, 63, 0, 10, 3, 9, 1, 0, 10, 0, 0, 3, 1, 0, 0, 0, 60, 4, 0, 0, 8, 0, 0, 0, 0, 0, 0, 0, 10, 2, 0, : 3, 9, 2, 1, 2, 63, 10, 3, 9, 1, 10, 3, 1, 60, 4, 8, 10, 2, 
226: 3, 8, 0, 0, 0, 0, 9, 9, 7, 0, 0, 0, 0, 0, 0, 0, 0, 10, 3, 3, 0, 0, 0, 0, 0, 1, 4, 5, 9, 10, 0, 0, 0, 0, 1, 0, 0, 2, 0, 0, : 3, 8, 9, 9, 7, 10, 3, 3, 1, 4, 5, 9, 10, 1, 2, 
252: 7, 2, 0, 0, 60, 0, 0, 5, 0, 1, 2, 0, 1, 0, 0, 0, 3, 2, 0, 8, 1, 0, 0, 9, 0, 0, 7, 2, 0, 5, 0, 1, 0, 0, 0, 3, 3, 0, 7, 0, : 7, 2, 60, 5, 1, 2, 1, 3, 2, 8, 1, 9, 7, 2, 5, 1, 3, 3, 7, 
213: 5, 2, 0, 66, 0, 1, 0, 2, 3, 1, 0, 0, 0, 5, 61, 0, 0, 8, 0, 0, 2, 63, 3, 4, 0, 0, 8, 2, 0, 0, 3, 0, 0, 0, 0, 64, 0, 3, 3, 9, : 5, 2, 66, 1, 2, 3, 1, 5, 61, 8, 2, 63, 3, 4, 8, 2, 3, 64, 3, 3, 9, 
105: 1, 1, 1, 0, 0, 0, 0, 0, 0, 0, 0, 1, 0, 0, 0, 0, 0, 6, 0, 2, 6, 0, 0, 0, 4, 0, 0, 6, 0, 3, 0, 3, 0, 0, 9, 0, 0, 10, 4, 0, : 1, 1, 1, 1, 6, 2, 6, 4, 6, 3, 3, 9, 10, 4, 
154: 0, 5, 0, 0, 0, 0, 0, 3, 0, 0, 8, 3, 0, 0, 0, 0, 66, 1, 68, 0, 0, 0, 0, 0, 0, 0, 10, 10, 0, 4, 2, 0, 0, 0, 0, 0, 1, 9, 5, 65, : 5, 3, 8, 3, 66, 1, 68, 10, 10, 4, 2, 1, 9, 5, 65, 
342: 2, 2, 0, 0, 1, 2, 0, 7, 0, 66, 0, 0, 0, 0, 0, 2, 0, 7, 0, 9, 3, 0, 0, 0, 1, 0, 4, 10, 0, 5, 0, 0, 2, 0, 0, 0, 0, 8, 0, 0, : 2, 2, 1, 2, 7, 66, 2, 7, 9, 3, 1, 4, 10, 5, 2, 8, 
280: 3, 0, 6, 6, 0, 0, 0, 0, 0, 0, 0, 0, 0, 0, 0, 0, 6, 10, 0, 8, 10, 8, 0, 0, 4, 2, 1, 1, 0, 7, 0, 0, 0, 0, 1, 0, 0, 0, 7, 0, : 3, 6, 6, 6, 10, 8, 10, 8, 4, 2, 1, 1, 7, 1, 7, 
46: 5, 5, 3, 0, 0, 6, 0, 6, 0, 0, 0, 1, 0, 0, 0, 60, 0, 0, 0, 10, 3, 2, 0, 6, 0, 2, 1, 1, 0, 4, 0, 4, 0, 0, 0, 0, 0, 9, 2, 0, : 5, 5, 3, 6, 6, 1, 60, 10, 3, 2, 6, 2, 1, 1, 4, 4, 9, 2, 
357: 1, 0, 0, 5, 0, 0, 2, 4, 3, 0, 0, 7, 0, 5, 0, 2, 0, 5, 0, 8, 2, 0, 2, 0, 0, 0, 0, 9, 3, 1, 0, 8, 0, 3, 0, 0, 1, 7, 6, 0, : 1, 5, 2, 4, 3, 7, 5, 2, 5, 8, 2, 2, 9, 3, 1, 8, 3, 1, 7, 6, 
204: 8, 7, 8, 0, 8, 62, 0, 0, 0, 0, 3, 0, 0, 0, 0, 0, 0, 0, 4, 1, 6, 0, 0, 0, 9, 0, 8, 5, 0, 0, 0, 0, 5, 0, 0, 1, 0, 9, 8, 0, : 8, 7, 8, 8, 62, 3, 4, 1, 6, 9, 8, 5, 5, 1, 9, 8, 


379: 7, 10, 5, 0, 0, 3, 0, 0, 0, 0, 0, 1, 7, 1, 0, 0, 6, 0, 0, 0, 0, 5, 8, 4, 0, 0, 0, 2, 0, 3, 4, 0, 2, 3, 0, 1, 0, 0, 7, 4, : 7, 10, 5, 3, 1, 7, 1, 6, 5, 8, 4, 2, 3, 4, 2, 3, 1, 7, 4, 
372: 8, 0, 0, 4, 0, 0, 0, 0, 0, 1, 0, 3, 10, 9, 0, 68, 0, 0, 0, 0, 5, 4, 0, 7, 3, 1, 0, 1, 4, 4, 0, 10, 7, 6, 7, 8, 0, 5, 6, 10, : 8, 4, 1, 3, 10, 9, 68, 5, 4, 7, 3, 1, 1, 4, 4, 10, 7, 6, 7, 8, 5, 6, 10, 
151: 7, 7, 1, 62, 70, 0, 0, 0, 0, 8, 3, 8, 6, 10, 0, 2, 0, 0, 8, 6, 10, 4, 0, 7, 2, 3, 68, 1, 0, 0, 0, 0, 5, 2, 6, 10, 0, 4, 7, 5, : 7, 7, 1, 62, 70, 8, 3, 8, 6, 10, 2, 8, 6, 10, 4, 7, 2, 3, 68, 1, 5, 2, 6, 10, 4, 7, 5, 
237: 3, 4, 6, 0, 0, 0, 0, 0, 0, 0, 4, 6, 9, 3, 8, 0, 4, 60, 0, 3, 8, 1, 3, 6, 5, 2, 0, 2, 0, 4, 2, 10, 9, 8, 10, 0, 3, 0, 5, 0, : 3, 4, 6, 4, 6, 9, 3, 8, 4, 60, 3, 8, 1, 3, 6, 5, 2, 2, 4, 2, 10, 9, 8, 10, 3, 5, 
27: 4, 10, 4, 0, 0, 0, 0, 0, 0, 5, 0, 0, 5, 3, 0, 0, 5, 0, 2, 1, 4, 5, 0, 1, 0, 6, 0, 0, 3, 7, 0, 2, 8, 4, 1, 4, 8, 1, 1, 7, : 4, 10, 4, 5, 5, 3, 5, 2, 1, 4, 5, 1, 6, 3, 7, 2, 8, 4, 1, 4, 8, 1, 1, 7, 
110: 3, 3, 1, 0, 0, 0, 0, 0, 0, 7, 62, 0, 0, 0, 0, 2, 2, 0, 2, 0, 0, 7, 6, 2, 0, 9, 0, 2, 0, 6, 0, 0, 0, 6, 5, 0, 0, 6, 0, 5, : 3, 3, 1, 7, 62, 2, 2, 2, 7, 6, 2, 9, 2, 6, 6, 5, 6, 5, 
57: 4, 0, 0, 0, 8, 5, 0, 70, 0, 1, 2, 0, 5, 9, 0, 2, 9, 0, 0, 4, 7, 0, 9, 2, 9, 1, 0, 67, 0, 4, 0, 9, 2, 8, 2, 1, 0, 0, 8, 7, : 4, 8, 5, 70, 1, 2, 5, 9, 2, 9, 4, 7, 9, 2, 9, 1, 67, 4, 9, 2, 8, 2, 1, 8, 7, 
40: 2, 10, 10, 0, 2, 0, 0, 9, 0, 3, 4, 1, 5, 6, 60, 0, 0, 0, 0, 8, 8, 4, 0, 10, 0, 7, 0, 0, 0, 0, 0, 10, 5, 1, 0, 8, 0, 0, 5, 0, : 2, 10, 10, 2, 9, 3, 4, 1, 5, 6, 60, 8, 8, 4, 10, 7, 10, 5, 1, 8, 5, 
222: 5, 5, 7, 9, 0, 0, 0, 0, 0, 0, 0, 10, 4, 2, 0, 0, 0, 1, 0, 10, 0, 8, 2, 3, 0, 7, 0, 0, 1, 9, 0, 0, 7, 7, 0, 0, 6, 0, 0, 10, : 5, 5, 7, 9, 10, 4, 2, 1, 10, 8, 2, 3, 7, 1, 9, 7, 7, 6, 10, 
390: 3, 0, 0, 0, 0, 0, 0, 0, 0, 3, 4, 0, 1, 0, 0, 0, 0, 0, 0, 0, 0, 1, 10, 6, 10, 5, 0, 0, 2, 5, 0, 7, 0, 5, 2, 9, 0, 10, 0, 0, : 3, 3, 4, 1, 1, 10, 6, 10, 5, 2, 5, 7, 5, 2, 9, 10, 
381: 1, 9, 10, 0, 0, 0, 0, 1, 8, 8, 0, 7, 8, 6, 0, 0, 1, 0, 1, 0, 3, 8, 1, 0, 7, 3, 0, 0, 0, 6, 4, 8, 1, 3, 5, 7, 0, 10, 0, 0, : 1, 9, 10, 1, 8, 8, 7, 8, 6, 1, 1, 3, 8, 1, 7, 3, 6, 4, 8, 1, 3, 5, 7, 10, 
303: 1, 0, 0, 0, 0, 0, 60, 0, 0, 9, 1, 10, 2, 7, 0, 0, 10, 0, 0, 7, 6, 0, 1, 0, 8, 7, 0, 0, 67, 1, 0, 8, 4, 5, 2, 2, 0, 2, 7, 2, : 1, 60, 9, 1, 10, 2, 7, 10, 7, 6, 1, 8, 7, 67, 1, 8, 4, 5, 2, 2, 2, 7, 2, 
157: 8, 0, 7, 0, 0, 0, 10, 0, 0, 5, 0, 0, 0, 0, 0, 0, 4, 0, 0, 10, 9, 4, 0, 2, 8, 0, 0, 0, 0, 0, 0, 7, 3, 1, 10, 5, 0, 4, 3, 0, : 8, 7, 10, 5, 4, 10, 9, 4, 2, 8, 7, 3, 1, 10, 5, 4, 3, 
135: 4, 7, 2, 5, 0, 69, 0, 0, 0, 5, 0, 10, 4, 0, 8, 0, 4, 0, 0, 6, 1, 2, 4, 6, 0, 7, 2, 0, 0, 5, 0, 0, 1, 1, 2, 0, 0, 5, 8, 6, : 4, 7, 2, 5, 69, 5, 10, 4, 8, 4, 6, 1, 2, 4, 6, 7, 2, 5, 1, 1, 2, 5, 8, 6, 
239: 2, 0, 9, 0, 0, 0, 0, 0, 0, 1, 0, 7, 2, 6, 0, 0, 1, 0, 0, 4, 7, 3, 9, 0, 4, 1, 3, 5, 0, 0, 0, 0, 3, 1, 5, 2, 0, 3, 6, 9, : 2, 9, 1, 7, 2, 6, 1, 4, 7, 3, 9, 4, 1, 3, 5, 3, 1, 5, 2, 3, 6, 9, 
186: 1, 0, 1, 0, 0, 0, 10, 0, 3, 0, 0, 5, 2, 2, 1, 0, 10, 5, 0, 3, 0, 5, 2, 2, 6, 0, 0, 0, 2, 2, 0, 4, 2, 5, 10, 3, 0, 9, 10, 3, : 1, 1, 10, 3, 5, 2, 2, 1, 10, 5, 3, 5, 2, 2, 6, 2, 2, 4, 2, 5, 10, 3, 9, 10, 3, 
56: 2, 8, 10, 0, 0, 0, 0, 0, 0, 7, 0, 0, 2, 1, 0, 5, 9, 4, 0, 3, 2, 8, 8, 8, 7, 10, 7, 0, 0, 10, 4, 0, 8, 6, 8, 10, 0, 4, 0, 2, : 2, 8, 10, 7, 2, 1, 5, 9, 4, 3, 2, 8, 8, 8, 7, 10, 7, 10, 4, 8, 6, 8, 10, 4, 2, 
137: 6, 7, 3, 0, 0, 0, 0, 0, 69, 7, 0, 5, 1, 7, 0, 1, 0, 0, 0, 10, 9, 1, 8, 7, 1, 6, 0, 0, 0, 7, 0, 2, 4, 3, 1, 6, 0, 5, 4, 0, : 6, 7, 3, 69, 7, 5, 1, 7, 1, 10, 9, 1, 8, 7, 1, 6, 7, 2, 4, 3, 1, 6, 5, 4, 
165: 8, 0, 4, 0, 0, 2, 0, 0, 0, 4, 0, 3, 2, 1, 3, 0, 9, 10, 67, 4, 0, 1, 0, 3, 10, 5, 0, 0, 1, 0, 66, 3, 9, 1, 1, 1, 0, 8, 3, 0, : 8, 4, 2, 4, 3, 2, 1, 3, 9, 10, 67, 4, 1, 3, 10, 5, 1, 66, 3, 9, 1, 1, 1, 8, 3, 
128: 1, 0, 0, 0, 0, 1, 0, 0, 0, 6, 0, 4, 5, 7, 0, 0, 6, 0, 0, 1, 1, 9, 9, 4, 0, 0, 0, 0, 0, 7, 0, 0, 0, 4, 3, 3, 63, 4, 0, 10, : 1, 1, 6, 4, 5, 7, 6, 1, 1, 9, 9, 4, 7, 4, 3, 3, 63, 4, 10, 


76: 2, 1, 5, 0, 2, 2, 1, 0, 3, 0, 0, 3, 0, 0, 0, 9, 0, 0, 5, 6, 8, 9, 0, 1, 10, 0, 3, 1, 0, 0, 0, 0, 3, 7, 0, 3, 0, 0, 6, 0, : 2, 1, 5, 2, 2, 1, 3, 3, 9, 5, 6, 8, 9, 1, 10, 3, 1, 3, 7, 3, 6, 
81: 0, 0, 2, 8, 0, 1, 3, 0, 7, 5, 0, 0, 0, 0, 0, 0, 6, 3, 0, 0, 1, 8, 0, 0, 2, 7, 6, 8, 0, 0, 0, 0, 3, 3, 2, 0, 3, 0, 7, 1, : 2, 8, 1, 3, 7, 5, 6, 3, 1, 8, 2, 7, 6, 8, 3, 3, 2, 3, 7, 1, 
224: 0, 1, 1, 1, 0, 7, 9, 61, 5, 1, 0, 1, 1, 0, 0, 5, 7, 9, 0, 1, 4, 8, 8, 6, 0, 0, 4, 9, 0, 2, 0, 0, 1, 5, 0, 10, 0, 1, 0, 0, : 1, 1, 1, 7, 9, 61, 5, 1, 1, 1, 5, 7, 9, 1, 4, 8, 8, 6, 4, 9, 2, 1, 5, 10, 1, 
302: 0, 7, 2, 2, 0, 2, 3, 0, 0, 3, 0, 60, 0, 0, 0, 0, 6, 7, 0, 3, 1, 10, 0, 2, 3, 0, 2, 3, 2, 0, 3, 0, 1, 7, 1, 7, 1, 0, 7, 0, : 7, 2, 2, 2, 3, 3, 60, 6, 7, 3, 1, 10, 2, 3, 2, 3, 2, 3, 1, 7, 1, 7, 1, 7, 
121: 4, 0, 7, 0, 0, 2, 1, 5, 2, 0, 4, 0, 0, 0, 0, 0, 0, 0, 0, 0, 1, 0, 0, 10, 1, 0, 3, 1, 0, 6, 63, 8, 6, 0, 0, 9, 7, 0, 4, 0, : 4, 7, 2, 1, 5, 2, 4, 1, 10, 1, 3, 1, 6, 63, 8, 6, 9, 7, 4, 
62: 5, 9, 3, 8, 0, 5, 7, 2, 1, 1, 0, 4, 0, 7, 0, 0, 10, 2, 3, 0, 8, 5, 0, 4, 2, 0, 4, 0, 0, 0, 0, 0, 5, 3, 0, 2, 0, 69, 7, 0, : 5, 9, 3, 8, 5, 7, 2, 1, 1, 4, 7, 10, 2, 3, 8, 5, 4, 2, 4, 5, 3, 2, 69, 7, 
53: 0, 5, 1, 3, 1, 0, 8, 0, 5, 4, 0, 0, 0, 0, 1, 3, 0, 0, 0, 0, 1, 3, 0, 0, 10, 0, 9, 0, 0, 0, 0, 1, 2, 7, 0, 0, 0, 0, 10, 0, : 5, 1, 3, 1, 8, 5, 4, 1, 3, 1, 3, 10, 9, 1, 2, 7, 10, 
263: 1, 1, 0, 10, 1, 4, 1, 0, 0, 10, 0, 0, 0, 0, 0, 7, 9, 7, 0, 0, 10, 0, 8, 7, 0, 0, 2, 1, 0, 0, 0, 9, 9, 4, 5, 8, 1, 1, 1, 0, : 1, 1, 10, 1, 4, 1, 10, 7, 9, 7, 10, 8, 7, 2, 1, 9, 9, 4, 5, 8, 1, 1, 1, 
315: 0, 5, 0, 6, 68, 4, 0, 0, 4, 0, 8, 0, 7, 0, 0, 10, 5, 9, 0, 0, 3, 0, 0, 7, 3, 0, 7, 6, 0, 66, 0, 0, 6, 0, 0, 0, 0, 0, 2, 1, : 5, 6, 68, 4, 4, 8, 7, 10, 5, 9, 3, 7, 3, 7, 6, 66, 6, 2, 1, 
256: 0, 1, 8, 3, 0, 0, 5, 4, 3, 6, 0, 0, 0, 0, 0, 0, 0, 3, 0, 70, 3, 1, 0, 4, 3, 0, 0, 10, 1, 0, 0, 2, 10, 0, 0, 10, 0, 0, 3, 0, : 1, 8, 3, 5, 4, 3, 6, 3, 70, 3, 1, 4, 3, 10, 1, 2, 10, 10, 3, 
277: 4, 1, 1, 5, 0, 8, 8, 0, 8, 9, 67, 8, 1, 68, 0, 7, 0, 6, 0, 0, 10, 0, 60, 0, 9, 0, 5, 6, 0, 0, 0, 9, 4, 2, 0, 3, 0, 9, 0, 70, : 4, 1, 1, 5, 8, 8, 8, 9, 67, 8, 1, 68, 7, 6, 10, 60, 9, 5, 6, 9, 4, 2, 3, 9, 70, 
170: 0, 8, 10, 9, 0, 0, 9, 7, 4, 0, 0, 2, 0, 0, 0, 6, 4, 0, 60, 0, 2, 0, 0, 4, 0, 5, 5, 6, 0, 0, 0, 10, 8, 8, 0, 0, 61, 0, 0, 0, : 8, 10, 9, 9, 7, 4, 2, 6, 4, 60, 2, 4, 5, 5, 6, 10, 8, 8, 61, 
65: 0, 5, 10, 4, 7, 5, 5, 0, 2, 0, 0, 0, 0, 0, 4, 0, 8, 2, 0, 0, 7, 8, 0, 9, 6, 0, 1, 0, 1, 6, 0, 7, 3, 6, 0, 2, 1, 0, 6, 0, : 5, 10, 4, 7, 5, 5, 2, 4, 8, 2, 7, 8, 9, 6, 1, 1, 6, 7, 3, 6, 2, 1, 6, 
206: 0, 3, 0, 9, 0, 8, 2, 0, 2, 9, 0, 0, 0, 0, 0, 6, 0, 8, 4, 0, 2, 0, 0, 0, 5, 0, 10, 10, 0, 0, 8, 0, 4, 8, 0, 10, 0, 0, 9, 0, : 3, 9, 8, 2, 2, 9, 6, 8, 4, 2, 5, 10, 10, 8, 4, 8, 10, 9, 
94: 0, 5, 2, 1, 0, 0, 0, 0, 4, 3, 0, 0, 1, 4, 0, 4, 0, 4, 0, 0, 2, 9, 0, 0, 7, 0, 1, 3, 0, 0, 0, 6, 5, 7, 9, 2, 0, 0, 7, 0, : 5, 2, 1, 4, 3, 1, 4, 4, 4, 2, 9, 7, 1, 3, 6, 5, 7, 9, 2, 7, 
351: 2, 4, 2, 1, 0, 10, 3, 0, 9, 9, 0, 0, 0, 1, 3, 3, 4, 4, 4, 0, 1, 4, 0, 0, 2, 7, 9, 5, 8, 0, 0, 7, 2, 2, 63, 5, 0, 0, 4, 0, : 2, 4, 2, 1, 10, 3, 9, 9, 1, 3, 3, 4, 4, 4, 1, 4, 2, 7, 9, 5, 8, 7, 2, 2, 63, 5, 4, 
23: 0, 9, 2, 6, 0, 10, 3, 0, 1, 4, 1, 0, 70, 0, 3, 8, 4, 1, 4, 0, 3, 5, 4, 10, 7, 0, 4, 1, 61, 0, 0, 7, 2, 0, 0, 6, 6, 0, 1, 0, : 9, 2, 6, 10, 3, 1, 4, 1, 70, 3, 8, 4, 1, 4, 3, 5, 4, 10, 7, 4, 1, 61, 7, 2, 6, 6, 1, 
49: 0, 5, 10, 0, 1, 10, 1, 0, 9, 3, 0, 2, 0, 0, 0, 10, 7, 4, 0, 0, 5, 0, 0, 3, 1, 60, 0, 0, 7, 0, 0, 1, 1, 10, 0, 1, 0, 0, 2, 8, : 5, 10, 1, 10, 1, 9, 3, 2, 10, 7, 4, 5, 3, 1, 60, 7, 1, 1, 10, 1, 2, 8, 
322: 0, 0, 5, 1, 0, 2, 9, 1, 6, 10, 0, 0, 0, 0, 0, 0, 0, 1, 0, 0, 5, 0, 0, 7, 4, 0, 1, 10, 0, 0, 1, 9, 2, 0, 0, 0, 0, 0, 0, 0, : 5, 1, 2, 9, 1, 6, 10, 1, 5, 7, 4, 1, 10, 1, 9, 2, 
364: 62, 10, 9, 3, 0, 0, 2, 0, 5, 3, 0, 0, 0, 0, 69, 2, 10, 10, 0, 0, 3, 10, 0, 6, 5, 1, 4, 0, 0, 0, 5, 4, 3, 1, 0, 2, 0, 0, 4, 0, : 62, 10, 9, 3, 2, 5, 3, 69, 2, 10, 10, 3, 10, 6, 5, 1, 4, 5, 4, 3, 1, 2, 4, 


197: 5, 3, 7, 5, 4, 7, 0, 0, 0, 3, 0, 0, 0, 7, 0, 0, 0, 0, 0, 7, 0, 4, 0, 10, 3, 0, 10, 7, 0, 0, 6, 6, 7, 4, 0, 0, 0, 9, 4, 3, : 5, 3, 7, 5, 4, 7, 3, 7, 7, 4, 10, 3, 10, 7, 6, 6, 7, 4, 9, 4, 3, 
86: 7, 1, 7, 8, 4, 7, 0, 0, 1, 0, 3, 0, 0, 4, 0, 0, 0, 0, 0, 1, 3, 9, 0, 4, 5, 0, 0, 0, 7, 66, 0, 0, 0, 1, 10, 0, 3, 8, 4, 0, : 7, 1, 7, 8, 4, 7, 1, 3, 4, 1, 3, 9, 4, 5, 7, 66, 1, 10, 3, 8, 4, 
117: 1, 0, 3, 5, 2, 1, 3, 0, 0, 5, 1, 2, 0, 9, 2, 0, 0, 1, 0, 10, 0, 10, 0, 0, 8, 9, 0, 0, 4, 0, 4, 5, 1, 0, 0, 6, 0, 0, 7, 4, : 1, 3, 5, 2, 1, 3, 5, 1, 2, 9, 2, 1, 10, 10, 8, 9, 4, 4, 5, 1, 6, 7, 4, 
25: 6, 64, 4, 1, 1, 6, 0, 63, 0, 8, 0, 0, 3, 10, 3, 60, 0, 0, 0, 4, 0, 2, 0, 10, 1, 0, 0, 0, 9, 0, 2, 4, 6, 9, 8, 5, 0, 0, 1, 8, : 6, 64, 4, 1, 1, 6, 63, 8, 3, 10, 3, 60, 4, 2, 10, 1, 9, 2, 4, 6, 9, 8, 5, 1, 8, 
272: 2, 0, 0, 0, 0, 0, 61, 4, 0, 0, 0, 0, 0, 1, 1, 7, 0, 68, 10, 8, 9, 4, 0, 10, 0, 0, 0, 1, 1, 2, 1, 0, 0, 1, 7, 7, 0, 0, 1, 1, : 2, 61, 4, 1, 1, 7, 68, 10, 8, 9, 4, 10, 1, 1, 2, 1, 1, 7, 7, 1, 1, 
292: 4, 0, 3, 2, 3, 2, 0, 5, 0, 7, 0, 0, 0, 1, 0, 0, 0, 0, 63, 0, 7, 1, 0, 0, 0, 0, 0, 0, 10, 0, 2, 5, 6, 6, 6, 7, 0, 0, 7, 4, : 4, 3, 2, 3, 2, 5, 7, 1, 63, 7, 1, 10, 2, 5, 6, 6, 6, 7, 7, 4, 
208: 1, 0, 4, 9, 10, 9, 0, 0, 0, 0, 0, 0, 1, 2, 2, 5, 0, 2, 0, 2, 0, 0, 7, 4, 1, 0, 0, 0, 0, 3, 4, 0, 1, 6, 1, 1, 10, 0, 5, 1, : 1, 4, 9, 10, 9, 1, 2, 2, 5, 2, 2, 7, 4, 1, 3, 4, 1, 6, 1, 1, 10, 5, 1, 
158: 7, 0, 9, 9, 1, 1, 0, 1, 0, 0, 0, 9, 0, 3, 3, 0, 10, 0, 0, 0, 9, 6, 0, 3, 7, 65, 0, 0, 1, 0, 9, 0, 8, 4, 0, 2, 0, 8, 4, 3, : 7, 9, 9, 1, 1, 1, 9, 3, 3, 10, 9, 6, 3, 7, 65, 1, 9, 8, 4, 2, 8, 4, 3, 
297: 3, 0, 5, 5, 0, 6, 0, 0, 0, 6, 7, 0, 67, 7, 0, 0, 0, 0, 0, 1, 0, 6, 0, 3, 0, 0, 0, 8, 0, 0, 2, 7, 0, 9, 5, 5, 0, 9, 1, 6, : 3, 5, 5, 6, 6, 7, 67, 7, 1, 6, 3, 8, 2, 7, 9, 5, 5, 9, 1, 6, 
371: 6, 0, 5, 0, 0, 8, 2, 6, 0, 7, 0, 1, 0, 8, 0, 0, 0, 0, 0, 0, 0, 0, 0, 1, 8, 0, 0, 0, 0, 9, 2, 6, 1, 0, 1, 0, 0, 1, 0, 10, : 6, 5, 8, 2, 6, 7, 1, 8, 1, 8, 9, 2, 6, 1, 1, 1, 10, 
183: 3, 0, 0, 8, 1, 4, 0, 0, 0, 9, 0, 0, 8, 0, 0, 5, 0, 0, 0, 5, 10, 6, 0, 9, 10, 0, 0, 4, 0, 0, 5, 7, 5, 6, 6, 5, 0, 4, 10, 2, : 3, 8, 1, 4, 9, 8, 5, 5, 10, 6, 9, 10, 4, 5, 7, 5, 6, 6, 5, 4, 10, 2, 
337: 4, 0, 1, 2, 0, 0, 0, 0, 0, 7, 0, 0, 0, 0, 0, 0, 0, 0, 0, 8, 10, 1, 0, 4, 10, 0, 0, 0, 0, 0, 3, 4, 9, 5, 0, 1, 63, 9, 10, 1, : 4, 1, 2, 7, 8, 10, 1, 4, 10, 3, 4, 9, 5, 1, 63, 9, 10, 1, 
84: 2, 0, 7, 0, 5, 4, 0, 0, 0, 9, 4, 0, 0, 0, 0, 0, 0, 0, 0, 9, 10, 9, 7, 0, 10, 0, 0, 0, 9, 0, 3, 0, 0, 4, 2, 8, 0, 7, 2, 4, : 2, 7, 5, 4, 9, 4, 9, 10, 9, 7, 10, 9, 3, 4, 2, 8, 7, 2, 4, 
305: 6, 0, 3, 8, 4, 2, 5, 0, 69, 6, 0, 0, 0, 9, 0, 0, 1, 9, 0, 6, 9, 3, 2, 5, 3, 0, 0, 0, 9, 0, 5, 0, 8, 2, 10, 8, 1, 8, 1, 6, : 6, 3, 8, 4, 2, 5, 69, 6, 9, 1, 9, 6, 9, 3, 2, 5, 3, 9, 5, 8, 2, 10, 8, 1, 8, 1, 6, 
90: 5, 2, 0, 2, 9, 2, 3, 0, 0, 0, 0, 0, 0, 6, 0, 0, 0, 0, 0, 0, 0, 0, 0, 3, 1, 2, 0, 0, 2, 0, 3, 0, 1, 0, 2, 4, 0, 3, 6, 2, : 5, 2, 2, 9, 2, 3, 6, 3, 1, 2, 2, 3, 1, 2, 4, 3, 6, 2, 
19: 4, 2, 3, 0, 10, 1, 2, 0, 0, 6, 0, 0, 0, 8, 0, 3, 0, 0, 0, 6, 0, 4, 64, 3, 0, 0, 0, 0, 7, 0, 6, 9, 5, 6, 4, 10, 1, 9, 2, 1, : 4, 2, 3, 10, 1, 2, 6, 8, 3, 6, 4, 64, 3, 7, 6, 9, 5, 6, 4, 10, 1, 9, 2, 1, 
93: 2, 0, 3, 6, 10, 9, 1, 0, 0, 2, 60, 64, 0, 2, 0, 0, 69, 0, 7, 6, 0, 5, 0, 6, 0, 0, 70, 60, 8, 0, 6, 7, 0, 4, 1, 1, 1, 3, 5, 8, : 2, 3, 6, 10, 9, 1, 2, 60, 64, 2, 69, 7, 6, 5, 6, 70, 60, 8, 6, 7, 4, 1, 1, 1, 3, 5, 8, 
35: 10, 8, 4, 0, 0, 5, 2, 1, 0, 0, 0, 0, 0, 1, 62, 0, 0, 0, 0, 4, 7, 0, 0, 0, 6, 0, 0, 0, 4, 0, 4, 7, 9, 1, 0, 8, 1, 0, 0, 8, : 10, 8, 4, 5, 2, 1, 1, 62, 4, 7, 6, 4, 4, 7, 9, 1, 8, 1, 8, 
180: 0, 0, 10, 1, 10, 6, 1, 0, 0, 2, 0, 0, 0, 0, 6, 0, 0, 0, 0, 0, 0, 2, 0, 5, 6, 0, 0, 0, 9, 0, 4, 8, 10, 2, 10, 2, 0, 0, 5, 5, : 10, 1, 10, 6, 1, 2, 6, 2, 5, 6, 9, 4, 8, 10, 2, 10, 2, 5, 5, 
246: 2, 0, 2, 9, 6, 0, 0, 0, 10, 3, 5, 4, 1, 2, 1, 0, 0, 0, 0, 3, 6, 8, 0, 0, 1, 4, 0, 0, 0, 0, 9, 5, 3, 10, 7, 0, 0, 2, 5, 3, : 2, 2, 9, 6, 10, 3, 5, 4, 1, 2, 1, 3, 6, 8, 1, 4, 9, 5, 3, 10, 7, 2, 5, 3, 


133: 0, 0, 2, 1, 1, 8, 0, 0, 0, 0, 0, 2, 9, 0, 9, 8, 0, 3, 5, 10, 0, 1, 8, 3, 0, 10, 2, 7, 0, 8, 1, 10, 0, 9, 7, 0, 1, 0, 10, 0, : 2, 1, 1, 8, 2, 9, 9, 8, 3, 5, 10, 1, 8, 3, 10, 2, 7, 8, 1, 10, 9, 7, 1, 10, 
68: 0, 0, 7, 0, 6, 6, 0, 0, 0, 0, 1, 0, 0, 0, 7, 1, 8, 8, 8, 2, 0, 8, 9, 0, 63, 9, 0, 0, 0, 6, 0, 1, 0, 8, 0, 0, 1, 0, 0, 0, : 7, 6, 6, 1, 7, 1, 8, 8, 8, 2, 8, 9, 63, 9, 6, 1, 8, 1, 
102: 0, 0, 2, 60, 1, 0, 0, 0, 0, 3, 0, 9, 5, 6, 0, 2, 0, 2, 0, 9, 0, 61, 6, 0, 0, 4, 0, 0, 2, 6, 0, 3, 0, 6, 5, 68, 0, 0, 3, 0, : 2, 60, 1, 3, 9, 5, 6, 2, 2, 9, 61, 6, 4, 2, 6, 3, 6, 5, 68, 3, 
63: 0, 10, 4, 0, 7, 3, 7, 1, 0, 2, 0, 5, 0, 8, 1, 6, 0, 2, 5, 7, 60, 0, 9, 3, 0, 8, 0, 0, 0, 2, 0, 1, 0, 3, 0, 0, 3, 0, 0, 0, : 10, 4, 7, 3, 7, 1, 2, 5, 8, 1, 6, 2, 5, 7, 60, 9, 3, 8, 2, 1, 3, 3, 
395: 4, 0, 0, 0, 2, 9, 0, 67, 0, 2, 0, 7, 7, 0, 2, 3, 0, 1, 2, 3, 0, 0, 2, 0, 0, 0, 0, 2, 0, 0, 0, 3, 0, 9, 8, 0, 6, 7, 4, 0, : 4, 2, 9, 67, 2, 7, 7, 2, 3, 1, 2, 3, 2, 2, 3, 9, 8, 6, 7, 4, 
382: 0, 1, 1, 0, 4, 0, 0, 4, 0, 2, 1, 4, 6, 1, 0, 4, 4, 1, 9, 6, 0, 0, 8, 0, 0, 8, 0, 61, 0, 1, 7, 0, 0, 0, 0, 0, 6, 0, 2, 67, : 1, 1, 4, 4, 2, 1, 4, 6, 1, 4, 4, 1, 9, 6, 8, 8, 61, 1, 7, 6, 2, 67, 
257: 0, 0, 0, 4, 4, 9, 0, 0, 0, 2, 0, 8, 8, 0, 9, 4, 10, 4, 0, 0, 1, 0, 2, 0, 0, 9, 1, 0, 0, 2, 3, 10, 0, 0, 3, 0, 9, 0, 5, 0, : 4, 4, 9, 2, 8, 8, 9, 4, 10, 4, 1, 2, 9, 1, 2, 3, 10, 3, 9, 5, 
51: 0, 0, 0, 0, 7, 2, 0, 5, 6, 10, 0, 10, 1, 2, 0, 6, 5, 0, 0, 0, 6, 0, 0, 0, 0, 0, 0, 5, 0, 6, 0, 0, 0, 2, 2, 0, 1, 0, 10, 0, : 7, 2, 5, 6, 10, 10, 1, 2, 6, 5, 6, 5, 6, 2, 2, 1, 10, 
169: 8, 0, 10, 0, 6, 4, 0, 0, 0, 8, 0, 0, 2, 0, 7, 6, 4, 1, 0, 0, 0, 0, 0, 1, 0, 4, 3, 0, 0, 2, 0, 9, 0, 0, 10, 0, 0, 2, 10, 0, : 8, 10, 6, 4, 8, 2, 7, 6, 4, 1, 1, 4, 3, 2, 9, 10, 2, 10, 
259: 0, 0, 0, 0, 6, 7, 0, 0, 3, 0, 0, 1, 9, 9, 8, 3, 8, 6, 6, 5, 0, 0, 7, 0, 0, 1, 0, 0, 68, 8, 0, 1, 0, 3, 0, 0, 6, 0, 7, 0, : 6, 7, 3, 1, 9, 9, 8, 3, 8, 6, 6, 5, 7, 1, 68, 8, 1, 3, 6, 7, 
156: 68, 0, 7, 2, 3, 9, 0, 0, 0, 7, 1, 0, 9, 5, 0, 3, 4, 2, 3, 5, 0, 6, 0, 0, 9, 7, 0, 0, 0, 7, 3, 2, 7, 9, 0, 0, 2, 0, 10, 0, : 68, 7, 2, 3, 9, 7, 1, 9, 5, 3, 4, 2, 3, 5, 6, 9, 7, 7, 3, 2, 7, 9, 2, 10, 
392: 0, 0, 7, 7, 3, 0, 0, 0, 0, 1, 0, 0, 8, 0, 6, 7, 4, 3, 6, 4, 3, 0, 0, 5, 8, 6, 0, 0, 0, 2, 0, 6, 7, 5, 8, 0, 6, 0, 0, 2, : 7, 7, 3, 1, 8, 6, 7, 4, 3, 6, 4, 3, 5, 8, 6, 2, 6, 7, 5, 8, 6, 2, 
258: 0, 0, 2, 0, 7, 0, 1, 0, 0, 0, 0, 10, 9, 7, 0, 8, 0, 6, 7, 0, 0, 0, 6, 0, 0, 7, 0, 0, 0, 3, 61, 2, 0, 3, 10, 9, 9, 6, 0, 0, : 2, 7, 1, 10, 9, 7, 8, 6, 7, 6, 7, 3, 61, 2, 3, 10, 9, 9, 6, 
370: 0, 0, 6, 0, 4, 5, 70, 3, 0, 8, 0, 0, 0, 0, 7, 3, 9, 4, 5, 0, 0, 0, 0, 5, 0, 3, 0, 0, 0, 6, 0, 10, 2, 0, 5, 0, 4, 0, 1, 5, : 6, 4, 5, 70, 3, 8, 7, 3, 9, 4, 5, 5, 3, 6, 10, 2, 5, 4, 1, 5, 
13: 0, 7, 6, 0, 3, 0, 0, 0, 0, 3, 5, 4, 0, 8, 4, 2, 0, 7, 4, 7, 0, 3, 0, 0, 0, 1, 0, 2, 6, 0, 2, 2, 2, 1, 8, 0, 3, 65, 1, 1, : 7, 6, 3, 3, 5, 4, 8, 4, 2, 7, 4, 7, 3, 1, 2, 6, 2, 2, 2, 1, 8, 3, 65, 1, 1, 
325: 0, 0, 1, 0, 2, 2, 0, 0, 1, 8, 62, 4, 0, 9, 0, 3, 3, 3, 0, 8, 0, 0, 8, 1, 0, 1, 0, 0, 4, 5, 0, 6, 62, 7, 3, 0, 1, 0, 3, 0, : 1, 2, 2, 1, 8, 62, 4, 9, 3, 3, 3, 8, 8, 1, 1, 4, 5, 6, 62, 7, 3, 1, 3, 
240: 0, 61, 10, 1, 1, 5, 0, 0, 0, 5, 0, 2, 5, 0, 4, 5, 4, 9, 4, 0, 7, 0, 1, 0, 0, 0, 3, 0, 0, 4, 3, 1, 0, 3, 0, 3, 1, 0, 0, 0, : 61, 10, 1, 1, 5, 5, 2, 5, 4, 5, 4, 9, 4, 7, 1, 3, 4, 3, 1, 3, 3, 1, 
207: 0, 0, 2, 0, 3, 1, 2, 0, 70, 10, 0, 0, 0, 7, 9, 1, 10, 5, 4, 6, 3, 1, 10, 61, 0, 1, 2, 0, 0, 5, 0, 10, 0, 5, 0, 0, 3, 0, 4, 0, : 2, 3, 1, 2, 70, 10, 7, 9, 1, 10, 5, 4, 6, 3, 1, 10, 61, 1, 2, 5, 10, 5, 3, 4, 
146: 0, 0, 5, 5, 3, 0, 0, 0, 0, 8, 10, 7, 0, 8, 6, 2, 0, 6, 9, 8, 0, 0, 4, 1, 0, 0, 1, 1, 0, 4, 0, 2, 0, 0, 5, 0, 9, 0, 10, 0, : 5, 5, 3, 8, 10, 7, 8, 6, 2, 6, 9, 8, 4, 1, 1, 1, 4, 2, 5, 9, 10, 
74: 0, 1, 8, 0, 7, 10, 0, 0, 0, 1, 0, 7, 2, 10, 1, 3, 7, 7, 3, 0, 0, 0, 0, 0, 0, 1, 68, 2, 0, 3, 0, 1, 0, 7, 6, 0, 9, 0, 0, 5, : 1, 8, 7, 10, 1, 7, 2, 10, 1, 3, 7, 7, 3, 1, 68, 2, 3, 1, 7, 6, 9, 5, 


104: 5, 0, 0, 2, 0, 67, 0, 0, 0, 0, 5, 7, 8, 3, 2, 0, 0, 0, 0, 7, 0, 9, 6, 5, 4, 1, 0, 0, 66, 10, 1, 0, 0, 66, 0, 3, 0, 0, 0, 0, : 5, 2, 67, 5, 7, 8, 3, 2, 7, 9, 6, 5, 4, 1, 66, 10, 1, 66, 3, 
234: 5, 0, 3, 0, 6, 0, 0, 2, 0, 0, 3, 3, 7, 1, 5, 10, 0, 0, 8, 6, 0, 1, 0, 0, 4, 0, 0, 0, 0, 6, 7, 0, 66, 0, 0, 0, 1, 60, 0, 10, : 5, 3, 6, 2, 3, 3, 7, 1, 5, 10, 8, 6, 1, 4, 6, 7, 66, 1, 60, 10, 
9: 0, 0, 1, 10, 0, 0, 0, 1, 0, 1, 0, 0, 0, 0, 3, 8, 8, 0, 8, 0, 0, 2, 0, 3, 0, 2, 0, 0, 0, 0, 0, 0, 0, 4, 0, 5, 9, 0, 0, 1, : 1, 10, 1, 1, 3, 8, 8, 8, 2, 3, 2, 4, 5, 9, 1, 
238: 0, 60, 5, 0, 9, 0, 0, 10, 0, 10, 0, 3, 8, 0, 5, 0, 0, 6, 0, 4, 0, 5, 6, 1, 5, 0, 0, 0, 0, 1, 0, 0, 0, 0, 0, 6, 1, 0, 0, 2, : 60, 5, 9, 10, 10, 3, 8, 5, 6, 4, 5, 6, 1, 5, 1, 6, 1, 2, 
278: 0, 0, 10, 6, 1, 0, 0, 0, 0, 4, 2, 2, 0, 0, 1, 4, 0, 9, 0, 7, 0, 8, 0, 0, 7, 2, 1, 63, 0, 10, 1, 5, 0, 0, 61, 0, 6, 0, 0, 0, : 10, 6, 1, 4, 2, 2, 1, 4, 9, 7, 8, 7, 2, 1, 63, 10, 1, 5, 61, 6, 
155: 0, 0, 8, 2, 4, 2, 0, 0, 0, 6, 10, 9, 1, 0, 0, 0, 0, 3, 8, 3, 65, 2, 0, 0, 1, 0, 0, 6, 1, 8, 1, 6, 0, 0, 0, 6, 5, 0, 0, 7, : 8, 2, 4, 2, 6, 10, 9, 1, 3, 8, 3, 65, 2, 1, 6, 1, 8, 1, 6, 6, 5, 7, 
296: 63, 0, 3, 5, 1, 0, 7, 0, 0, 8, 0, 8, 8, 0, 9, 8, 0, 6, 8, 0, 0, 7, 0, 8, 1, 0, 0, 0, 0, 2, 0, 61, 0, 0, 1, 4, 4, 4, 0, 5, : 63, 3, 5, 1, 7, 8, 8, 8, 9, 8, 6, 8, 7, 8, 1, 2, 61, 1, 4, 4, 4, 5, 
113: 0, 0, 5, 0, 4, 0, 0, 0, 8, 2, 9, 8, 0, 0, 2, 0, 69, 3, 1, 0, 2, 7, 60, 8, 6, 8, 0, 0, 6, 6, 10, 0, 9, 0, 0, 10, 3, 3, 0, 2, : 5, 4, 8, 2, 9, 8, 2, 69, 3, 1, 2, 7, 60, 8, 6, 8, 6, 6, 10, 9, 10, 3, 3, 2, 
346: 1, 0, 0, 1, 6, 0, 0, 0, 0, 7, 7, 1, 3, 66, 3, 3, 0, 6, 10, 4, 8, 0, 0, 8, 10, 0, 2, 0, 1, 2, 5, 0, 0, 6, 1, 1, 4, 0, 6, 0, : 1, 1, 6, 7, 7, 1, 3, 66, 3, 3, 6, 10, 4, 8, 8, 10, 2, 1, 2, 5, 6, 1, 1, 4, 6, 
120: 0, 0, 7, 10, 1, 2, 0, 0, 1, 1, 6, 1, 0, 0, 8, 0, 0, 4, 0, 7, 0, 6, 0, 5, 10, 0, 65, 0, 0, 10, 0, 0, 2, 0, 1, 7, 6, 0, 0, 10, : 7, 10, 1, 2, 1, 1, 6, 1, 8, 4, 7, 6, 5, 10, 65, 10, 2, 1, 7, 6, 10, 
369: 2, 2, 7, 0, 1, 0, 0, 1, 0, 2, 2, 1, 10, 0, 7, 0, 0, 5, 0, 5, 0, 9, 0, 10, 5, 0, 0, 0, 0, 0, 7, 0, 0, 1, 0, 5, 10, 10, 0, 7, : 2, 2, 7, 1, 1, 2, 2, 1, 10, 7, 5, 5, 9, 10, 5, 7, 1, 5, 10, 10, 7, 
129: 0, 0, 2, 1, 3, 6, 0, 0, 1, 2, 5, 8, 6, 0, 10, 2, 0, 10, 10, 0, 2, 3, 1, 0, 2, 0, 0, 0, 1, 2, 0, 0, 1, 3, 0, 4, 8, 3, 6, 7, : 2, 1, 3, 6, 1, 2, 5, 8, 6, 10, 2, 10, 10, 2, 3, 1, 2, 1, 2, 1, 3, 4, 8, 3, 6, 7, 
286: 3, 0, 1, 4, 7, 0, 0, 1, 0, 2, 0, 5, 10, 0, 1, 6, 0, 5, 7, 7, 2, 4, 0, 9, 2, 0, 0, 0, 0, 6, 10, 0, 0, 0, 7, 8, 0, 0, 0, 0, : 3, 1, 4, 7, 1, 2, 5, 10, 1, 6, 5, 7, 7, 2, 4, 9, 2, 6, 10, 7, 8, 
334: 0, 0, 9, 2, 9, 0, 0, 0, 66, 1, 5, 10, 4, 10, 0, 8, 0, 1, 3, 10, 0, 2, 7, 4, 3, 0, 5, 0, 0, 0, 6, 0, 0, 0, 8, 5, 0, 0, 2, 7, : 9, 2, 9, 66, 1, 5, 10, 4, 10, 8, 1, 3, 10, 2, 7, 4, 3, 5, 6, 8, 5, 2, 7, 
217: 0, 0, 7, 8, 10, 0, 70, 2, 0, 7, 3, 0, 1, 0, 0, 9, 0, 8, 0, 10, 0, 2, 0, 9, 0, 1, 0, 10, 0, 9, 10, 0, 0, 0, 0, 1, 9, 0, 6, 5, : 7, 8, 10, 70, 2, 7, 3, 1, 9, 8, 10, 2, 9, 1, 10, 9, 10, 1, 9, 6, 5, 
225: 0, 0, 1, 0, 9, 1, 2, 2, 0, 5, 7, 0, 2, 0, 8, 5, 0, 0, 5, 0, 0, 5, 0, 3, 0, 66, 1, 0, 2, 0, 2, 6, 0, 0, 0, 2, 2, 0, 0, 0, : 1, 9, 1, 2, 2, 5, 7, 2, 8, 5, 5, 5, 3, 66, 1, 2, 2, 6, 2, 2, 
319: 0, 3, 5, 2, 2, 0, 1, 61, 0, 5, 6, 0, 10, 0, 6, 6, 3, 8, 5, 4, 1, 0, 0, 0, 6, 0, 0, 0, 3, 0, 7, 2, 2, 0, 0, 8, 2, 0, 0, 0, : 3, 5, 2, 2, 1, 61, 5, 6, 10, 6, 6, 3, 8, 5, 4, 1, 6, 3, 7, 2, 2, 8, 2, 
242: 0, 9, 5, 9, 0, 0, 0, 0, 0, 3, 9, 7, 0, 0, 5, 4, 0, 2, 7, 6, 0, 3, 0, 2, 7, 0, 5, 1, 0, 8, 7, 0, 0, 0, 0, 0, 0, 0, 60, 10, : 9, 5, 9, 3, 9, 7, 5, 4, 2, 7, 6, 3, 2, 7, 5, 1, 8, 7, 60, 10, 
212: 0, 0, 1, 10, 7, 0, 0, 0, 4, 9, 0, 4, 2, 0, 0, 2, 0, 0, 0, 0, 0, 4, 0, 0, 6, 0, 0, 0, 0, 0, 1, 0, 0, 0, 1, 5, 10, 0, 0, 7, : 1, 10, 7, 4, 9, 4, 2, 2, 4, 6, 1, 1, 5, 10, 7, 
347: 1, 6, 0, 8, 0, 2, 0, 0, 0, 5, 1, 3, 0, 0, 5, 5, 0, 4, 0, 0, 0, 1, 0, 5, 1, 0, 1, 0, 0, 0, 5, 0, 0, 0, 0, 0, 0, 0, 0, 0, : 1, 6, 8, 2, 5, 1, 3, 5, 5, 4, 1, 5, 1, 1, 5, 


229: 0, 9, 0, 1, 0, 0, 1, 0, 0, 0, 0, 7, 0, 0, 0, 0, 0, 2, 1, 0, 0, 1, 0, 0, 9, 0, 2, 0, 4, 3, 68, 1, 0, 1, 0, 0, 10, 0, 0, 0, : 9, 1, 1, 7, 2, 1, 1, 9, 2, 4, 3, 68, 1, 1, 10, 
345: 0, 9, 0, 1, 1, 0, 10, 2, 1, 70, 1, 8, 0, 0, 0, 0, 0, 2, 0, 0, 1, 4, 1, 0, 3, 0, 1, 0, 3, 0, 0, 0, 1, 1, 0, 0, 10, 3, 0, 3, : 9, 1, 1, 10, 2, 1, 70, 1, 8, 2, 1, 4, 1, 3, 1, 3, 1, 1, 10, 3, 3, 
4: 0, 0, 0, 5, 9, 0, 0, 2, 0, 1, 8, 2, 0, 0, 0, 0, 5, 5, 0, 70, 0, 3, 2, 0, 9, 0, 8, 0, 0, 62, 0, 4, 61, 2, 0, 0, 4, 0, 61, 7, : 5, 9, 2, 1, 8, 2, 5, 5, 70, 3, 2, 9, 8, 62, 4, 61, 2, 4, 61, 7, 
10: 0, 1, 0, 5, 0, 68, 5, 0, 5, 0, 1, 1, 0, 0, 5, 0, 62, 5, 0, 0, 5, 8, 5, 0, 5, 0, 0, 7, 0, 0, 0, 10, 0, 1, 2, 0, 4, 3, 0, 9, : 1, 5, 68, 5, 5, 1, 1, 5, 62, 5, 5, 8, 5, 5, 7, 10, 1, 2, 4, 3, 9, 
307: 9, 0, 0, 9, 0, 0, 7, 1, 1, 0, 5, 1, 0, 0, 0, 0, 0, 0, 0, 0, 8, 3, 6, 0, 1, 0, 0, 0, 2, 0, 0, 2, 0, 6, 0, 0, 0, 4, 9, 0, : 9, 9, 7, 1, 1, 5, 1, 8, 3, 6, 1, 2, 2, 6, 4, 9, 
72: 0, 0, 0, 5, 10, 1, 0, 5, 0, 0, 0, 0, 70, 0, 0, 8, 0, 2, 0, 0, 5, 1, 8, 1, 0, 0, 61, 64, 0, 0, 0, 7, 0, 4, 0, 0, 0, 0, 0, 7, : 5, 10, 1, 5, 70, 8, 2, 5, 1, 8, 1, 61, 64, 7, 4, 7, 
66: 0, 8, 0, 2, 1, 3, 8, 0, 0, 0, 10, 1, 0, 0, 0, 0, 1, 7, 0, 0, 5, 5, 4, 60, 1, 0, 0, 4, 0, 0, 0, 9, 0, 7, 0, 0, 10, 8, 0, 10, : 8, 2, 1, 3, 8, 10, 1, 1, 7, 5, 5, 4, 60, 1, 4, 9, 7, 10, 8, 10, 
330: 5, 9, 0, 5, 5, 0, 6, 9, 1, 0, 0, 10, 0, 0, 0, 0, 0, 3, 0, 0, 6, 4, 7, 0, 0, 0, 4, 2, 0, 0, 9, 10, 0, 1, 0, 0, 0, 4, 1, 3, : 5, 9, 5, 5, 6, 9, 1, 10, 3, 6, 4, 7, 4, 2, 9, 10, 1, 4, 1, 3, 
362: 3, 0, 10, 4, 4, 0, 1, 7, 0, 0, 9, 8, 1, 0, 0, 0, 0, 0, 0, 0, 8, 2, 1, 0, 2, 0, 0, 0, 2, 1, 0, 3, 0, 2, 0, 0, 8, 0, 5, 0, : 3, 10, 4, 4, 1, 7, 9, 8, 1, 8, 2, 1, 2, 2, 1, 3, 2, 8, 5, 
32: 0, 0, 9, 2, 8, 0, 5, 4, 0, 0, 8, 1, 0, 0, 0, 0, 0, 3, 0, 0, 4, 2, 3, 4, 2, 4, 0, 0, 1, 0, 1, 1, 0, 3, 0, 8, 1, 10, 0, 0, : 9, 2, 8, 5, 4, 8, 1, 3, 4, 2, 3, 4, 2, 4, 1, 1, 1, 3, 8, 1, 10, 
324: 0, 9, 0, 2, 5, 0, 1, 1, 0, 1, 1, 3, 3, 0, 60, 1, 1, 1, 1, 2, 0, 8, 0, 0, 7, 68, 0, 0, 64, 0, 0, 3, 0, 3, 0, 0, 7, 4, 0, 4, : 9, 2, 5, 1, 1, 1, 1, 3, 3, 60, 1, 1, 1, 1, 2, 8, 7, 68, 64, 3, 3, 7, 4, 4, 
310: 0, 0, 0, 8, 6, 0, 7, 8, 0, 0, 9, 7, 0, 64, 9, 0, 0, 6, 0, 0, 1, 1, 9, 0, 3, 0, 0, 0, 0, 0, 0, 7, 0, 6, 1, 0, 0, 7, 0, 0, : 8, 6, 7, 8, 9, 7, 64, 9, 6, 1, 1, 9, 3, 7, 6, 1, 7, 
250: 0, 5, 0, 0, 1, 0, 0, 4, 0, 0, 9, 6, 0, 8, 0, 0, 8, 9, 6, 0, 3, 6, 0, 0, 8, 0, 0, 0, 0, 9, 0, 6, 1, 7, 9, 0, 0, 9, 2, 2, : 5, 1, 4, 9, 6, 8, 8, 9, 6, 3, 6, 8, 9, 6, 1, 7, 9, 9, 2, 2, 
233: 0, 4, 0, 5, 2, 0, 7, 5, 0, 0, 0, 2, 0, 0, 0, 67, 0, 5, 0, 0, 2, 3, 2, 6, 0, 0, 0, 0, 1, 2, 0, 0, 8, 7, 0, 9, 8, 3, 0, 0, : 4, 5, 2, 7, 5, 2, 67, 5, 2, 3, 2, 6, 1, 2, 8, 7, 9, 8, 3, 
261: 0, 0, 0, 8, 6, 0, 3, 10, 0, 0, 0, 5, 6, 0, 0, 1, 0, 7, 0, 0, 1, 4, 7, 9, 7, 0, 3, 0, 0, 0, 0, 0, 0, 9, 0, 63, 2, 6, 0, 10, : 8, 6, 3, 10, 5, 6, 1, 7, 1, 4, 7, 9, 7, 3, 9, 63, 2, 6, 10, 
162: 2, 10, 0, 9, 9, 0, 10, 1, 0, 1, 9, 9, 0, 0, 0, 0, 2, 5, 0, 0, 10, 9, 2, 0, 7, 8, 0, 0, 0, 0, 0, 6, 0, 2, 0, 0, 0, 0, 0, 10, : 2, 10, 9, 9, 10, 1, 1, 9, 9, 2, 5, 10, 9, 2, 7, 8, 6, 2, 10, 
138: 0, 8, 60, 0, 0, 0, 0, 4, 10, 0, 0, 1, 0, 8, 0, 0, 1, 2, 0, 0, 4, 5, 1, 0, 4, 0, 0, 0, 1, 3, 0, 7, 0, 6, 0, 0, 0, 7, 2, 3, : 8, 60, 4, 10, 1, 8, 1, 2, 4, 5, 1, 4, 1, 3, 7, 6, 7, 2, 3, 
335: 0, 4, 0, 8, 0, 8, 9, 8, 0, 0, 2, 5, 0, 0, 0, 3, 0, 1, 0, 8, 9, 2, 7, 0, 2, 0, 1, 3, 2, 0, 0, 3, 9, 3, 0, 0, 8, 8, 0, 2, : 4, 8, 8, 9, 8, 2, 5, 3, 1, 8, 9, 2, 7, 2, 1, 3, 2, 3, 9, 3, 8, 8, 2, 
16: 61, 0, 1, 0, 5, 0, 0, 0, 0, 2, 0, 3, 0, 0, 0, 0, 0, 9, 69, 0, 4, 7, 5, 0, 10, 0, 0, 0, 0, 0, 0, 0, 0, 1, 68, 0, 6, 0, 0, 3, : 61, 1, 5, 2, 3, 9, 69, 4, 7, 5, 10, 1, 68, 6, 3, 
262: 0, 4, 0, 1, 8, 0, 0, 9, 62, 5, 8, 0, 0, 0, 6, 0, 0, 6, 3, 0, 4, 2, 10, 0, 0, 0, 0, 0, 0, 0, 2, 1, 0, 8, 0, 0, 2, 4, 0, 7, : 4, 1, 8, 9, 62, 5, 8, 6, 6, 3, 4, 2, 10, 2, 1, 8, 2, 4, 7, 


391: 0, 0, 10, 8, 7, 0, 0, 4, 6, 10, 1, 0, 5, 4, 0, 0, 6, 60, 5, 7, 7, 0, 6, 0, 5, 0, 3, 0, 1, 10, 9, 0, 5, 5, 3, 0, 1, 4, 5, 7, : 10, 8, 7, 4, 6, 10, 1, 5, 4, 6, 60, 5, 7, 7, 6, 5, 3, 1, 10, 9, 5, 5, 3, 1, 4, 5, 7, 
11: 0, 0, 8, 4, 3, 0, 0, 0, 0, 9, 0, 0, 0, 0, 8, 0, 0, 0, 6, 0, 4, 2, 6, 5, 0, 0, 7, 64, 8, 0, 6, 0, 10, 9, 0, 6, 0, 6, 0, 65, : 8, 4, 3, 9, 8, 6, 4, 2, 6, 5, 7, 64, 8, 6, 10, 9, 6, 6, 65, 
248: 0, 0, 6, 8, 10, 0, 0, 4, 0, 1, 0, 0, 0, 0, 0, 0, 0, 0, 4, 0, 9, 5, 1, 10, 3, 0, 8, 0, 0, 0, 0, 0, 4, 1, 4, 0, 0, 7, 0, 0, : 6, 8, 10, 4, 1, 4, 9, 5, 1, 10, 3, 8, 4, 1, 4, 7, 
203: 0, 0, 6, 1, 0, 0, 0, 2, 2, 2, 0, 0, 9, 0, 1, 0, 0, 0, 6, 3, 0, 0, 2, 7, 5, 0, 2, 6, 6, 0, 1, 0, 6, 5, 1, 0, 0, 0, 9, 0, : 6, 1, 2, 2, 2, 9, 1, 6, 3, 2, 7, 5, 2, 6, 6, 1, 6, 5, 1, 9, 
152: 0, 0, 5, 3, 0, 0, 0, 4, 2, 0, 0, 0, 6, 0, 4, 0, 0, 0, 0, 5, 10, 0, 2, 0, 7, 0, 3, 0, 4, 0, 3, 0, 0, 2, 9, 0, 4, 0, 0, 0, : 5, 3, 4, 2, 6, 4, 5, 10, 2, 7, 3, 4, 3, 2, 9, 4, 
64: 0, 0, 6, 1, 1, 0, 0, 8, 0, 5, 0, 60, 5, 1, 0, 2, 2, 0, 6, 0, 0, 64, 2, 10, 0, 0, 8, 0, 2, 0, 2, 60, 3, 7, 10, 0, 7, 0, 9, 7, : 6, 1, 1, 8, 5, 60, 5, 1, 2, 2, 6, 64, 2, 10, 8, 2, 2, 60, 3, 7, 10, 7, 9, 7, 
130: 0, 1, 8, 4, 10, 0, 0, 1, 0, 0, 0, 7, 0, 0, 9, 0, 0, 0, 1, 0, 7, 9, 5, 5, 7, 0, 0, 0, 10, 0, 4, 0, 0, 1, 3, 0, 0, 0, 3, 1, : 1, 8, 4, 10, 1, 7, 9, 1, 7, 9, 5, 5, 7, 10, 4, 1, 3, 3, 1, 
141: 0, 1, 6, 3, 5, 0, 0, 3, 1, 1, 1, 0, 4, 1, 0, 70, 0, 0, 1, 9, 1, 0, 1, 1, 8, 0, 2, 0, 2, 0, 8, 0, 0, 3, 3, 0, 0, 4, 7, 0, : 1, 6, 3, 5, 3, 1, 1, 1, 4, 1, 70, 1, 9, 1, 1, 1, 8, 2, 2, 8, 3, 3, 4, 7, 
383: 70, 0, 0, 6, 7, 2, 0, 1, 10, 0, 0, 5, 0, 0, 0, 0, 1, 2, 8, 8, 4, 0, 9, 9, 10, 0, 1, 0, 2, 0, 6, 0, 8, 9, 0, 0, 0, 0, 9, 0, : 70, 6, 7, 2, 1, 10, 5, 1, 2, 8, 8, 4, 9, 9, 10, 1, 2, 6, 8, 9, 9, 
83: 0, 0, 3, 8, 6, 0, 1, 3, 0, 6, 5, 1, 10, 0, 8, 0, 0, 0, 5, 8, 3, 0, 3, 3, 3, 0, 1, 0, 1, 0, 0, 0, 8, 0, 1, 0, 68, 7, 1, 0, : 3, 8, 6, 1, 3, 6, 5, 1, 10, 8, 5, 8, 3, 3, 3, 3, 1, 1, 8, 1, 68, 7, 1, 
290: 0, 69, 0, 2, 0, 0, 69, 1, 9, 5, 0, 0, 6, 9, 0, 8, 0, 0, 8, 8, 0, 0, 0, 1, 8, 0, 4, 3, 10, 0, 10, 0, 8, 6, 2, 69, 0, 9, 6, 0, : 69, 2, 69, 1, 9, 5, 6, 9, 8, 8, 8, 1, 8, 4, 3, 10, 10, 8, 6, 2, 69, 9, 6, 
236: 0, 0, 0, 1, 4, 0, 0, 3, 8, 0, 0, 0, 10, 1, 8, 0, 0, 9, 8, 0, 0, 0, 2, 10, 0, 1, 3, 3, 1, 0, 5, 2, 1, 10, 7, 0, 0, 8, 1, 0, : 1, 4, 3, 8, 10, 1, 8, 9, 8, 2, 10, 1, 3, 3, 1, 5, 2, 1, 10, 7, 8, 1, 
283: 0, 0, 0, 3, 5, 0, 0, 3, 6, 9, 0, 0, 8, 0, 3, 0, 0, 0, 0, 0, 3, 0, 1, 8, 5, 8, 5, 0, 0, 0, 4, 6, 5, 1, 3, 0, 0, 3, 9, 0, : 3, 5, 3, 6, 9, 8, 3, 3, 1, 8, 5, 8, 5, 4, 6, 5, 1, 3, 3, 9, 
77: 2, 0, 9, 8, 1, 0, 0, 2, 2, 0, 0, 2, 0, 0, 10, 0, 1, 0, 0, 10, 0, 0, 4, 0, 0, 0, 6, 0, 0, 0, 2, 0, 4, 1, 10, 0, 0, 5, 10, 0, : 2, 9, 8, 1, 2, 2, 2, 10, 1, 10, 4, 6, 2, 4, 1, 10, 5, 10, 
329: 5, 0, 1, 8, 2, 10, 0, 8, 8, 2, 61, 1, 0, 0, 5, 0, 0, 0, 5, 5, 8, 0, 1, 0, 0, 0, 10, 2, 9, 1, 7, 5, 0, 6, 10, 0, 0, 7, 1, 0, : 5, 1, 8, 2, 10, 8, 8, 2, 61, 1, 5, 5, 5, 8, 1, 10, 2, 9, 1, 7, 5, 6, 10, 7, 1, 
397: 3, 0, 0, 4, 7, 0, 0, 9, 10, 7, 3, 0, 7, 64, 4, 0, 0, 0, 2, 10, 3, 0, 10, 0, 5, 0, 4, 1, 4, 0, 7, 0, 9, 2, 6, 0, 0, 8, 0, 0, : 3, 4, 7, 9, 10, 7, 3, 7, 64, 4, 2, 10, 3, 10, 5, 4, 1, 4, 7, 9, 2, 6, 8, 
276: 0, 0, 0, 1, 5, 0, 0, 9, 7, 8, 9, 4, 10, 0, 4, 0, 61, 1, 0, 3, 5, 0, 8, 7, 0, 0, 2, 0, 3, 69, 0, 0, 2, 10, 4, 0, 0, 0, 0, 0, : 1, 5, 9, 7, 8, 9, 4, 10, 4, 61, 1, 3, 5, 8, 7, 2, 3, 69, 2, 10, 4, 
44: 0, 3, 0, 2, 2, 0, 10, 2, 5, 6, 0, 0, 0, 0, 7, 0, 9, 1, 9, 0, 9, 0, 8, 0, 3, 1, 1, 0, 2, 0, 6, 7, 5, 0, 2, 4, 0, 0, 7, 0, : 3, 2, 2, 10, 2, 5, 6, 7, 9, 1, 9, 9, 8, 3, 1, 1, 2, 6, 7, 5, 2, 4, 7, 
41: 0, 6, 2, 4, 0, 68, 0, 8, 4, 2, 0, 0, 0, 0, 0, 0, 0, 7, 2, 0, 3, 0, 7, 0, 2, 70, 1, 0, 10, 0, 0, 0, 0, 0, 2, 0, 0, 5, 3, 0, : 6, 2, 4, 68, 8, 4, 2, 7, 2, 3, 7, 2, 70, 1, 10, 2, 5, 3, 
228: 0, 0, 10, 1, 5, 0, 0, 5, 0, 7, 0, 0, 0, 0, 9, 0, 0, 0, 4, 4, 4, 0, 2, 4, 9, 0, 9, 1, 5, 0, 0, 0, 2, 2, 0, 1, 0, 7, 0, 0, : 10, 1, 5, 5, 7, 9, 4, 4, 4, 2, 4, 9, 9, 1, 5, 2, 2, 1, 7, 


311: 0, 0, 7, 3, 0, 0, 8, 0, 3, 0, 0, 6, 0, 0, 6, 1, 0, 0, 1, 0, 0, 0, 9, 0, 5, 0, 0, 0, 0, 0, 0, 1, 9, 7, 0, 0, 0, 0, 0, 5, : 7, 3, 8, 3, 6, 6, 1, 1, 9, 5, 1, 9, 7, 5, 
134: 0, 0, 0, 1, 0, 2, 1, 0, 1, 0, 3, 1, 8, 0, 2, 61, 2, 0, 3, 60, 0, 0, 5, 0, 8, 0, 0, 5, 0, 2, 0, 2, 8, 8, 2, 0, 3, 8, 10, 0, : 1, 2, 1, 1, 3, 1, 8, 2, 61, 2, 3, 60, 5, 8, 5, 2, 2, 8, 8, 2, 3, 8, 10, 
173: 6, 0, 10, 4, 0, 0, 0, 0, 1, 0, 6, 1, 0, 0, 0, 0, 2, 0, 7, 0, 0, 0, 0, 0, 4, 5, 0, 6, 0, 0, 0, 2, 5, 6, 60, 1, 10, 10, 60, 5, : 6, 10, 4, 1, 6, 1, 2, 7, 4, 5, 6, 2, 5, 6, 60, 1, 10, 10, 60, 5, 
3: 6, 0, 3, 4, 0, 60, 0, 0, 0, 0, 5, 6, 1, 0, 0, 0, 3, 0, 2, 0, 0, 4, 10, 0, 2, 0, 0, 0, 6, 4, 0, 10, 8, 7, 0, 0, 5, 0, 0, 0, : 6, 3, 4, 60, 5, 6, 1, 3, 2, 4, 10, 2, 6, 4, 10, 8, 7, 5, 
59: 5, 68, 0, 8, 6, 0, 10, 0, 10, 0, 0, 0, 0, 0, 0, 2, 0, 0, 2, 0, 6, 0, 0, 0, 2, 1, 0, 0, 0, 5, 0, 5, 0, 1, 0, 0, 0, 0, 0, 0, : 5, 68, 8, 6, 10, 10, 2, 2, 6, 2, 1, 5, 5, 1, 
316: 1, 1, 3, 2, 0, 9, 1, 0, 2, 0, 10, 3, 8, 7, 0, 0, 4, 0, 8, 5, 2, 0, 9, 4, 1, 1, 4, 9, 7, 1, 0, 2, 0, 6, 0, 0, 9, 4, 0, 0, : 1, 1, 3, 2, 9, 1, 2, 10, 3, 8, 7, 4, 8, 5, 2, 9, 4, 1, 1, 4, 9, 7, 1, 2, 6, 9, 4, 
20: 9, 0, 10, 7, 0, 0, 5, 69, 8, 1, 2, 3, 2, 0, 0, 0, 0, 0, 6, 0, 0, 0, 10, 1, 9, 0, 0, 4, 0, 9, 0, 6, 1, 3, 0, 0, 5, 1, 0, 0, : 9, 10, 7, 5, 69, 8, 1, 2, 3, 2, 6, 10, 1, 9, 4, 9, 6, 1, 3, 5, 1, 
50: 7, 0, 9, 5, 0, 0, 7, 0, 0, 1, 3, 9, 9, 0, 0, 0, 3, 0, 7, 0, 0, 0, 1, 0, 7, 0, 0, 0, 0, 0, 1, 7, 4, 2, 1, 68, 3, 5, 0, 0, : 7, 9, 5, 7, 1, 3, 9, 9, 3, 7, 1, 7, 1, 7, 4, 2, 1, 68, 3, 5, 
136: 1, 0, 9, 8, 0, 0, 0, 0, 4, 0, 4, 6, 0, 63, 0, 7, 5, 10, 0, 1, 0, 0, 4, 0, 9, 0, 0, 3, 0, 1, 3, 10, 5, 1, 0, 0, 9, 1, 0, 0, : 1, 9, 8, 4, 4, 6, 63, 7, 5, 10, 1, 4, 9, 3, 1, 3, 10, 5, 1, 9, 1, 
365: 2, 0, 0, 9, 0, 0, 5, 0, 9, 0, 2, 1, 0, 0, 0, 0, 6, 0, 6, 0, 0, 9, 2, 0, 7, 6, 0, 7, 0, 5, 67, 2, 6, 4, 0, 0, 3, 6, 0, 0, : 2, 9, 5, 9, 2, 1, 6, 6, 9, 2, 7, 6, 7, 5, 67, 2, 6, 4, 3, 6, 
143: 1, 9, 4, 4, 68, 0, 10, 9, 8, 0, 6, 0, 10, 0, 0, 0, 4, 4, 5, 4, 0, 1, 3, 0, 0, 62, 0, 0, 0, 6, 0, 3, 0, 1, 0, 6, 5, 0, 0, 0, : 1, 9, 4, 4, 68, 10, 9, 8, 6, 10, 4, 4, 5, 4, 1, 3, 62, 6, 3, 1, 6, 5, 
161: 7, 0, 0, 5, 0, 0, 1, 0, 2, 0, 10, 0, 5, 0, 0, 0, 0, 0, 2, 0, 7, 0, 6, 4, 0, 0, 2, 4, 67, 10, 6, 5, 3, 4, 9, 0, 4, 6, 0, 66, : 7, 5, 1, 2, 10, 5, 2, 7, 6, 4, 2, 4, 67, 10, 6, 5, 3, 4, 9, 4, 6, 66, 
279: 9, 1, 1, 1, 0, 0, 10, 0, 7, 0, 0, 4, 8, 0, 0, 0, 2, 60, 1, 1, 1, 62, 1, 2, 1, 0, 0, 10, 0, 10, 0, 1, 10, 7, 0, 0, 0, 6, 2, 0, : 9, 1, 1, 1, 10, 7, 4, 8, 2, 60, 1, 1, 1, 62, 1, 2, 1, 10, 10, 1, 10, 7, 6, 2, 
127: 0, 0, 10, 1, 0, 0, 4, 1, 2, 0, 0, 1, 3, 0, 1, 9, 7, 3, 10, 0, 0, 1, 2, 3, 0, 0, 65, 5, 0, 5, 0, 0, 3, 5, 0, 0, 0, 5, 0, 0, : 10, 1, 4, 1, 2, 1, 3, 1, 9, 7, 3, 10, 1, 2, 3, 65, 5, 5, 3, 5, 5, 
386: 0, 0, 1, 0, 0, 0, 0, 0, 8, 0, 7, 3, 2, 1, 0, 0, 7, 0, 4, 3, 3, 0, 1, 0, 9, 0, 0, 5, 0, 2, 0, 8, 0, 0, 0, 0, 6, 2, 0, 0, : 1, 8, 7, 3, 2, 1, 7, 4, 3, 3, 1, 9, 5, 2, 8, 6, 2, 
367: 10, 0, 6, 6, 0, 0, 4, 0, 0, 70, 4, 8, 3, 0, 0, 0, 10, 0, 5, 0, 0, 0, 4, 1, 5, 0, 0, 1, 0, 8, 1, 7, 9, 2, 0, 0, 2, 3, 0, 0, : 10, 6, 6, 4, 70, 4, 8, 3, 10, 5, 4, 1, 5, 1, 8, 1, 7, 9, 2, 2, 3, 
201: 6, 0, 0, 5, 6, 6, 7, 0, 0, 0, 10, 10, 10, 8, 70, 0, 0, 3, 0, 0, 61, 3, 4, 0, 0, 0, 3, 10, 0, 1, 0, 0, 0, 7, 0, 3, 6, 6, 2, 1, : 6, 5, 6, 6, 7, 10, 10, 10, 8, 70, 3, 61, 3, 4, 3, 10, 1, 7, 3, 6, 6, 2, 1, 
380: 0, 0, 4, 1, 0, 0, 6, 0, 5, 8, 5, 10, 0, 1, 0, 0, 10, 0, 2, 0, 0, 0, 7, 0, 7, 0, 0, 5, 0, 3, 0, 3, 2, 0, 7, 0, 9, 2, 0, 0, : 4, 1, 6, 5, 8, 5, 10, 1, 10, 2, 7, 7, 5, 3, 3, 2, 7, 9, 2, 
193: 0, 1, 0, 6, 0, 0, 1, 1, 9, 0, 2, 2, 6, 0, 0, 0, 8, 0, 8, 0, 0, 0, 2, 0, 2, 5, 0, 0, 0, 8, 0, 0, 7, 1, 1, 0, 0, 10, 6, 3, : 1, 6, 1, 1, 9, 2, 2, 6, 8, 8, 2, 2, 5, 8, 7, 1, 1, 10, 6, 3, 
235: 10, 0, 3, 0, 0, 3, 0, 0, 1, 0, 1, 6, 5, 0, 1, 0, 7, 0, 1, 6, 0, 0, 0, 65, 2, 0, 6, 6, 0, 0, 2, 6, 0, 8, 0, 2, 1, 5, 0, 0, : 10, 3, 3, 1, 1, 6, 5, 1, 7, 1, 6, 65, 2, 6, 6, 2, 6, 8, 2, 1, 5, 


274: 0, 0, 0, 0, 4, 64, 0, 0, 0, 0, 0, 0, 0, 1, 0, 0, 0, 0, 0, 7, 5, 6, 7, 7, 0, 2, 9, 9, 1, 2, 4, 0, 1, 4, 0, 6, 1, 0, 4, 0, : 4, 64, 1, 7, 5, 6, 7, 7, 2, 9, 9, 1, 2, 4, 1, 4, 6, 1, 4, 
366: 0, 0, 9, 9, 6, 0, 0, 0, 1, 9, 5, 0, 9, 0, 0, 2, 0, 0, 0, 0, 1, 0, 9, 3, 0, 8, 2, 70, 0, 0, 3, 0, 6, 0, 0, 5, 65, 0, 1, 67, : 9, 9, 6, 1, 9, 5, 9, 2, 1, 9, 3, 8, 2, 70, 3, 6, 5, 65, 1, 67, 
114: 2, 0, 0, 6, 0, 0, 0, 0, 8, 0, 5, 2, 0, 4, 9, 0, 62, 9, 0, 0, 4, 1, 0, 0, 1, 1, 3, 0, 0, 1, 9, 2, 2, 10, 0, 3, 0, 0, 10, 0, : 2, 6, 8, 5, 2, 4, 9, 62, 9, 4, 1, 1, 1, 3, 1, 9, 2, 2, 10, 3, 10, 
123: 1, 0, 10, 6, 0, 1, 70, 0, 0, 0, 0, 0, 6, 1, 0, 0, 0, 1, 0, 0, 0, 9, 8, 0, 6, 5, 4, 0, 0, 4, 0, 0, 1, 2, 8, 2, 7, 0, 7, 0, : 1, 10, 6, 1, 70, 6, 1, 1, 9, 8, 6, 5, 4, 4, 1, 2, 8, 2, 7, 7, 
167: 0, 0, 0, 0, 0, 0, 1, 0, 0, 0, 2, 0, 0, 2, 4, 0, 0, 0, 0, 0, 5, 1, 2, 2, 0, 7, 1, 0, 63, 6, 10, 5, 4, 4, 0, 0, 0, 66, 9, 0, : 1, 2, 2, 4, 5, 1, 2, 2, 7, 1, 63, 6, 10, 5, 4, 4, 66, 9, 
327: 8, 0, 2, 0, 3, 0, 0, 0, 7, 2, 7, 0, 0, 0, 9, 0, 1, 0, 0, 0, 8, 7, 5, 4, 1, 8, 2, 0, 0, 5, 8, 5, 5, 6, 0, 0, 0, 10, 7, 0, : 8, 2, 3, 7, 2, 7, 9, 1, 8, 7, 5, 4, 1, 8, 2, 5, 8, 5, 5, 6, 10, 7, 
28: 0, 0, 0, 1, 9, 0, 0, 63, 0, 2, 0, 0, 0, 3, 10, 0, 8, 0, 7, 0, 10, 4, 5, 9, 0, 3, 0, 0, 9, 7, 0, 0, 9, 0, 7, 5, 0, 0, 0, 0, : 1, 9, 63, 2, 3, 10, 8, 7, 10, 4, 5, 9, 3, 9, 7, 9, 7, 5, 
244: 0, 0, 3, 9, 10, 0, 0, 0, 0, 3, 9, 0, 0, 1, 7, 6, 0, 0, 0, 0, 1, 2, 0, 0, 62, 5, 10, 0, 2, 8, 4, 0, 10, 0, 0, 1, 0, 0, 3, 0, : 3, 9, 10, 3, 9, 1, 7, 6, 1, 2, 62, 5, 10, 2, 8, 4, 10, 1, 3, 
215: 0, 10, 7, 9, 0, 0, 0, 0, 0, 0, 3, 1, 0, 7, 9, 66, 0, 0, 65, 0, 0, 10, 0, 10, 4, 1, 2, 0, 0, 0, 4, 0, 5, 7, 65, 7, 0, 2, 8, 0, : 10, 7, 9, 3, 1, 7, 9, 66, 65, 10, 10, 4, 1, 2, 4, 5, 7, 65, 7, 2, 8, 
174: 0, 0, 0, 0, 10, 0, 0, 3, 0, 0, 8, 0, 0, 0, 3, 0, 0, 0, 0, 9, 0, 0, 6, 3, 0, 0, 0, 0, 0, 1, 1, 1, 3, 4, 0, 8, 0, 0, 1, 0, : 10, 3, 8, 3, 9, 6, 3, 1, 1, 1, 3, 4, 8, 1, 
140: 4, 0, 10, 3, 9, 0, 0, 0, 0, 62, 0, 1, 0, 5, 3, 0, 4, 0, 0, 0, 9, 0, 7, 1, 1, 2, 6, 0, 0, 9, 0, 0, 0, 8, 0, 2, 0, 0, 2, 0, : 4, 10, 3, 9, 62, 1, 5, 3, 4, 9, 7, 1, 1, 2, 6, 9, 8, 2, 2, 
291: 1, 0, 0, 1, 4, 0, 1, 9, 0, 0, 5, 0, 0, 8, 2, 0, 0, 68, 0, 0, 7, 7, 10, 2, 0, 10, 3, 0, 2, 5, 2, 0, 1, 9, 0, 4, 0, 0, 9, 0, : 1, 1, 4, 1, 9, 5, 8, 2, 68, 7, 7, 10, 2, 10, 3, 2, 5, 2, 1, 9, 4, 9, 
378: 1, 0, 10, 8, 3, 0, 0, 1, 64, 2, 8, 0, 0, 6, 2, 3, 0, 0, 0, 0, 8, 5, 6, 1, 2, 7, 0, 0, 0, 5, 7, 0, 9, 5, 0, 6, 0, 0, 0, 0, : 1, 10, 8, 3, 1, 64, 2, 8, 6, 2, 3, 8, 5, 6, 1, 2, 7, 5, 7, 9, 5, 6, 
249: 1, 69, 9, 0, 5, 8, 8, 0, 0, 0, 0, 6, 0, 10, 6, 0, 0, 0, 0, 0, 0, 2, 10, 6, 0, 8, 6, 0, 0, 8, 4, 0, 8, 2, 0, 3, 4, 0, 8, 1, : 1, 69, 9, 5, 8, 8, 6, 10, 6, 2, 10, 6, 8, 6, 8, 4, 8, 2, 3, 4, 8, 1, 
320: 0, 0, 5, 1, 1, 0, 0, 1, 0, 0, 3, 9, 5, 0, 8, 0, 0, 0, 1, 0, 8, 0, 0, 1, 0, 2, 3, 0, 0, 0, 6, 0, 0, 3, 0, 0, 0, 1, 0, 0, : 5, 1, 1, 1, 3, 9, 5, 8, 1, 8, 1, 2, 3, 6, 3, 1, 
255: 0, 0, 0, 7, 10, 0, 0, 3, 0, 0, 7, 0, 0, 8, 0, 0, 0, 0, 0, 0, 3, 6, 0, 10, 0, 1, 5, 0, 0, 5, 5, 0, 0, 4, 0, 8, 0, 0, 5, 0, : 7, 10, 3, 7, 8, 3, 6, 10, 1, 5, 5, 5, 4, 8, 5, 
301: 0, 0, 1, 1, 0, 0, 0, 0, 0, 0, 0, 1, 0, 7, 0, 0, 5, 0, 4, 0, 2, 10, 0, 2, 2, 4, 5, 0, 0, 10, 2, 66, 4, 2, 0, 0, 0, 0, 1, 0, : 1, 1, 1, 7, 5, 4, 2, 10, 2, 2, 4, 5, 10, 2, 66, 4, 2, 1, 
361: 0, 0, 1, 7, 4, 0, 0, 0, 0, 0, 8, 0, 0, 6, 0, 3, 0, 0, 0, 0, 0, 0, 0, 5, 1, 1, 10, 1, 0, 3, 6, 0, 3, 8, 0, 0, 0, 0, 0, 0, : 1, 7, 4, 8, 6, 3, 5, 1, 1, 10, 1, 3, 6, 3, 8, 
350: 62, 0, 10, 9, 2, 0, 0, 0, 0, 0, 10, 0, 0, 8, 1, 0, 0, 0, 3, 64, 4, 0, 3, 4, 0, 0, 5, 0, 0, 1, 4, 0, 8, 2, 0, 10, 3, 0, 1, 7, : 62, 10, 9, 2, 10, 8, 1, 3, 64, 4, 3, 4, 5, 1, 4, 8, 2, 10, 3, 1, 7, 
43: 0, 1, 3, 3, 0, 7, 0, 0, 0, 0, 0, 60, 60, 3, 7, 0, 0, 2, 0, 0, 5, 10, 2, 10, 0, 5, 4, 0, 3, 0, 1, 1, 1, 0, 0, 10, 0, 1, 4, 5, : 1, 3, 3, 7, 60, 60, 3, 7, 2, 5, 10, 2, 10, 5, 4, 3, 1, 1, 1, 10, 1, 4, 5, 


331: 0, 0, 0, 0, 1, 1, 8, 0, 0, 64, 61, 7, 0, 0, 3, 6, 0, 0, 2, 0, 0, 0, 3, 0, 62, 2, 7, 0, 0, 0, 7, 0, 0, 3, 2, 0, 9, 0, 0, 7, : 1, 1, 8, 64, 61, 7, 3, 6, 2, 3, 62, 2, 7, 7, 3, 2, 9, 7, 
399: 7, 2, 0, 2, 0, 9, 8, 0, 3, 10, 0, 6, 0, 62, 0, 5, 0, 1, 4, 62, 0, 5, 1, 4, 0, 4, 9, 0, 10, 2, 10, 0, 0, 0, 3, 0, 0, 2, 0, 8, : 7, 2, 2, 9, 8, 3, 10, 6, 62, 5, 1, 4, 62, 5, 1, 4, 4, 9, 10, 2, 10, 3, 2, 8, 
332: 0, 61, 1, 0, 0, 9, 3, 67, 6, 0, 2, 0, 65, 0, 0, 7, 0, 0, 1, 0, 0, 10, 3, 0, 0, 0, 5, 0, 62, 8, 3, 9, 0, 9, 3, 0, 6, 0, 0, 2, : 61, 1, 9, 3, 67, 6, 2, 65, 7, 1, 10, 3, 5, 62, 8, 3, 9, 9, 3, 6, 2, 
176: 0, 0, 0, 0, 7, 8, 0, 0, 7, 0, 1, 3, 0, 2, 0, 10, 0, 0, 1, 0, 0, 2, 6, 8, 0, 10, 2, 0, 0, 0, 0, 0, 0, 5, 1, 2, 0, 8, 0, 6, : 7, 8, 7, 1, 3, 2, 10, 1, 2, 6, 8, 10, 2, 5, 1, 2, 8, 6, 
230: 0, 0, 0, 1, 9, 3, 6, 0, 1, 3, 3, 0, 9, 0, 8, 10, 0, 0, 2, 6, 0, 7, 9, 0, 0, 8, 4, 0, 0, 5, 2, 0, 0, 5, 1, 3, 0, 0, 2, 2, : 1, 9, 3, 6, 1, 3, 3, 9, 8, 10, 2, 6, 7, 9, 8, 4, 5, 2, 5, 1, 3, 2, 2, 
101: 1, 0, 6, 0, 6, 0, 7, 5, 4, 0, 0, 5, 0, 0, 8, 4, 0, 1, 10, 0, 0, 10, 0, 4, 4, 10, 0, 0, 0, 8, 8, 61, 0, 2, 1, 0, 0, 62, 0, 6, : 1, 6, 6, 7, 5, 4, 5, 8, 4, 1, 10, 10, 4, 4, 10, 8, 8, 61, 2, 1, 62, 6, 
168: 0, 0, 0, 0, 1, 0, 0, 6, 9, 0, 1, 6, 0, 0, 2, 6, 0, 1, 2, 0, 0, 10, 3, 5, 0, 3, 10, 0, 1, 0, 2, 7, 0, 9, 10, 3, 0, 0, 8, 4, : 1, 6, 9, 1, 6, 2, 6, 1, 2, 10, 3, 5, 3, 10, 1, 2, 7, 9, 10, 3, 8, 4, 
344: 1, 0, 2, 0, 10, 0, 5, 0, 5, 3, 3, 0, 0, 0, 0, 2, 1, 0, 3, 1, 0, 4, 6, 1, 0, 9, 5, 66, 0, 0, 0, 0, 0, 0, 5, 0, 0, 0, 67, 4, : 1, 2, 10, 5, 5, 3, 3, 2, 1, 3, 1, 4, 6, 1, 9, 5, 66, 5, 67, 4, 
219: 0, 0, 0, 0, 5, 0, 6, 0, 6, 0, 9, 5, 0, 1, 4, 4, 0, 2, 6, 0, 0, 8, 0, 5, 0, 4, 4, 6, 0, 8, 2, 1, 0, 8, 5, 0, 62, 7, 0, 0, : 5, 6, 6, 9, 5, 1, 4, 4, 2, 6, 8, 5, 4, 4, 6, 8, 2, 1, 8, 5, 62, 7, 
343: 65, 0, 0, 3, 1, 0, 0, 0, 4, 0, 0, 9, 2, 0, 9, 2, 5, 0, 8, 0, 61, 3, 2, 1, 0, 0, 1, 0, 0, 8, 7, 0, 0, 7, 7, 0, 2, 0, 0, 3, : 65, 3, 1, 4, 9, 2, 9, 2, 5, 8, 61, 3, 2, 1, 1, 8, 7, 7, 7, 2, 3, 
89: 0, 7, 0, 0, 2, 8, 8, 0, 4, 0, 0, 0, 0, 0, 9, 1, 3, 0, 2, 0, 0, 0, 5, 7, 0, 2, 6, 0, 0, 0, 1, 0, 0, 0, 0, 0, 1, 0, 0, 2, : 7, 2, 8, 8, 4, 9, 1, 3, 2, 5, 7, 2, 6, 1, 1, 2, 
199: 0, 0, 0, 0, 5, 6, 9, 2, 3, 0, 0, 3, 2, 4, 0, 1, 0, 0, 2, 0, 0, 2, 5, 6, 0, 2, 1, 3, 1, 8, 7, 1, 0, 9, 6, 0, 0, 0, 0, 9, : 5, 6, 9, 2, 3, 3, 2, 4, 1, 2, 2, 5, 6, 2, 1, 3, 1, 8, 7, 1, 9, 6, 9, 
266: 0, 0, 5, 0, 5, 0, 0, 0, 1, 0, 0, 6, 0, 8, 9, 1, 0, 0, 5, 0, 0, 5, 0, 0, 1, 0, 3, 0, 0, 1, 2, 0, 0, 2, 7, 0, 0, 0, 0, 4, : 5, 5, 1, 6, 8, 9, 1, 5, 5, 1, 3, 1, 2, 2, 7, 4, 
52: 0, 5, 0, 0, 3, 8, 1, 0, 0, 0, 0, 7, 0, 0, 7, 3, 10, 68, 0, 0, 0, 0, 10, 9, 0, 6, 3, 0, 0, 6, 10, 0, 0, 3, 3, 5, 0, 0, 0, 3, : 5, 3, 8, 1, 7, 7, 3, 10, 68, 10, 9, 6, 3, 6, 10, 3, 3, 5, 3, 
80: 3, 0, 0, 0, 9, 4, 6, 0, 1, 0, 0, 6, 0, 0, 9, 0, 0, 0, 6, 0, 7, 0, 0, 9, 0, 0, 5, 5, 3, 6, 0, 0, 0, 7, 2, 0, 0, 0, 0, 7, : 3, 9, 4, 6, 1, 6, 9, 6, 7, 9, 5, 5, 3, 6, 7, 2, 7, 
60: 3, 0, 1, 0, 5, 10, 0, 0, 4, 0, 0, 6, 1, 0, 2, 1, 0, 4, 5, 0, 0, 3, 0, 3, 0, 3, 5, 0, 2, 5, 4, 0, 0, 2, 4, 6, 0, 0, 0, 0, : 3, 1, 5, 10, 4, 6, 1, 2, 1, 4, 5, 3, 3, 3, 5, 2, 5, 4, 2, 4, 6, 
260: 0, 5, 0, 5, 1, 5, 2, 0, 10, 0, 0, 1, 0, 2, 0, 5, 0, 1, 8, 1, 10, 5, 10, 1, 0, 5, 7, 0, 1, 1, 9, 1, 10, 0, 1, 61, 0, 0, 0, 9, : 5, 5, 1, 5, 2, 10, 1, 2, 5, 1, 8, 1, 10, 5, 10, 1, 5, 7, 1, 1, 9, 1, 10, 1, 61, 9, 
284: 0, 0, 0, 69, 0, 3, 7, 0, 1, 0, 0, 5, 0, 0, 7, 9, 0, 0, 3, 10, 0, 1, 8, 10, 0, 1, 0, 0, 0, 6, 0, 0, 0, 7, 1, 0, 0, 0, 0, 1, : 69, 3, 7, 1, 5, 7, 9, 3, 10, 1, 8, 10, 1, 6, 7, 1, 1, 
400: 0, 0, 65, 0, 8, 0, 0, 0, 5, 0, 0, 0, 0, 1, 3, 3, 61, 2, 5, 0, 2, 4, 2, 2, 10, 7, 2, 0, 0, 0, 0, 0, 70, 0, 10, 0, 0, 1, 3, 3, : 65, 8, 5, 1, 3, 3, 61, 2, 5, 2, 4, 2, 2, 10, 7, 2, 70, 10, 1, 3, 3, 
8: 0, 0, 0, 0, 2, 6, 4, 0, 6, 0, 0, 5, 1, 0, 0, 0, 0, 0, 5, 0, 0, 1, 7, 5, 3, 4, 1, 0, 0, 8, 6, 0, 0, 2, 8, 0, 0, 0, 0, 0, : 2, 6, 4, 6, 5, 1, 5, 1, 7, 5, 3, 4, 1, 8, 6, 2, 8, 


142: 0, 1, 9, 0, 0, 0, 0, 1, 0, 65, 10, 2, 0, 0, 0, 1, 62, 0, 0, 8, 0, 10, 0, 0, 0, 8, 0, 1, 2, 8, 1, 0, 0, 0, 2, 1, 7, 0, 7, 0, : 1, 9, 1, 65, 10, 2, 1, 62, 8, 10, 8, 1, 2, 8, 1, 2, 1, 7, 7, 
218: 0, 1, 0, 2, 0, 0, 9, 1, 0, 0, 9, 0, 0, 0, 1, 0, 0, 0, 1, 7, 4, 8, 0, 0, 0, 8, 0, 4, 7, 2, 1, 2, 0, 9, 1, 1, 0, 7, 4, 0, : 1, 2, 9, 1, 9, 1, 1, 7, 4, 8, 8, 4, 7, 2, 1, 2, 9, 1, 1, 7, 4, 
312: 0, 0, 7, 0, 63, 0, 0, 62, 0, 8, 6, 1, 0, 0, 0, 0, 0, 0, 9, 10, 2, 4, 0, 0, 0, 1, 0, 3, 0, 2, 9, 1, 0, 2, 7, 0, 6, 9, 6, 67, : 7, 63, 62, 8, 6, 1, 9, 10, 2, 4, 1, 3, 2, 9, 1, 2, 7, 6, 9, 6, 67, 
387: 0, 1, 6, 8, 0, 0, 3, 3, 9, 0, 0, 8, 0, 0, 0, 0, 7, 60, 8, 10, 0, 1, 0, 0, 0, 1, 0, 1, 63, 2, 7, 7, 0, 1, 0, 0, 1, 7, 9, 1, : 1, 6, 8, 3, 3, 9, 8, 7, 60, 8, 10, 1, 1, 1, 63, 2, 7, 7, 1, 1, 7, 9, 1, 
166: 0, 8, 5, 3, 3, 0, 7, 0, 0, 0, 7, 8, 0, 1, 0, 60, 0, 0, 1, 0, 0, 3, 70, 0, 1, 8, 0, 0, 1, 7, 5, 0, 0, 0, 0, 0, 8, 3, 0, 2, : 8, 5, 3, 3, 7, 7, 8, 1, 60, 1, 3, 70, 1, 8, 1, 7, 5, 8, 3, 2, 
298: 9, 7, 3, 0, 0, 0, 3, 0, 0, 1, 0, 9, 2, 2, 0, 0, 0, 1, 0, 0, 0, 9, 0, 0, 0, 3, 0, 3, 0, 3, 1, 0, 0, 2, 0, 0, 4, 8, 6, 1, : 9, 7, 3, 3, 1, 9, 2, 2, 1, 9, 3, 3, 3, 1, 2, 4, 8, 6, 1, 
108: 2, 10, 6, 4, 0, 0, 4, 0, 0, 0, 0, 10, 0, 0, 0, 0, 3, 0, 5, 9, 3, 5, 0, 6, 8, 4, 0, 5, 0, 3, 0, 0, 0, 0, 6, 65, 4, 0, 2, 0, : 2, 10, 6, 4, 4, 10, 3, 5, 9, 3, 5, 6, 8, 4, 5, 3, 6, 65, 4, 2, 
17: 0, 8, 1, 2, 3, 0, 1, 0, 1, 5, 3, 2, 0, 0, 0, 0, 0, 0, 3, 2, 0, 1, 0, 0, 65, 1, 0, 0, 0, 4, 2, 0, 0, 0, 1, 0, 6, 10, 0, 0, : 8, 1, 2, 3, 1, 1, 5, 3, 2, 3, 2, 1, 65, 1, 4, 2, 1, 6, 10, 
184: 64, 4, 6, 4, 0, 0, 3, 0, 0, 0, 9, 2, 6, 0, 0, 0, 0, 0, 6, 5, 0, 8, 1, 0, 0, 5, 4, 6, 7, 2, 5, 4, 0, 0, 7, 0, 1, 7, 7, 0, : 64, 4, 6, 4, 3, 9, 2, 6, 6, 5, 8, 1, 5, 4, 6, 7, 2, 5, 4, 7, 1, 7, 7, 
326: 0, 2, 0, 2, 1, 0, 2, 0, 1, 0, 1, 1, 1, 8, 0, 5, 0, 0, 7, 0, 0, 3, 7, 0, 0, 0, 3, 9, 0, 8, 3, 0, 0, 0, 0, 0, 9, 8, 1, 0, : 2, 2, 1, 2, 1, 1, 1, 1, 8, 5, 7, 3, 7, 3, 9, 8, 3, 9, 8, 1, 
26: 1, 6, 1, 10, 0, 0, 0, 0, 0, 0, 8, 10, 0, 0, 3, 0, 0, 0, 3, 0, 0, 9, 0, 0, 0, 10, 3, 0, 0, 3, 3, 0, 6, 0, 8, 0, 3, 0, 9, 0, : 1, 6, 1, 10, 8, 10, 3, 3, 9, 10, 3, 3, 3, 6, 8, 3, 9, 
299: 0, 0, 1, 0, 1, 2, 1, 0, 2, 0, 2, 0, 0, 0, 66, 0, 0, 0, 10, 0, 2, 1, 0, 7, 0, 1, 0, 0, 0, 2, 5, 0, 3, 0, 8, 0, 1, 0, 8, 0, : 1, 1, 2, 1, 2, 2, 66, 10, 2, 1, 7, 1, 2, 5, 3, 8, 1, 8, 
79: 1, 3, 9, 0, 0, 0, 10, 0, 0, 0, 8, 0, 0, 0, 1, 0, 1, 0, 0, 5, 60, 3, 0, 5, 0, 1, 1, 4, 0, 8, 1, 64, 0, 0, 8, 1, 2, 1, 2, 2, : 1, 3, 9, 10, 8, 1, 1, 5, 60, 3, 5, 1, 1, 4, 8, 1, 64, 8, 1, 2, 1, 2, 2, 
122: 0, 9, 8, 6, 5, 0, 8, 2, 0, 0, 7, 2, 1, 0, 0, 7, 0, 0, 10, 4, 9, 0, 0, 0, 0, 0, 0, 7, 0, 6, 1, 0, 0, 0, 2, 0, 3, 3, 3, 0, : 9, 8, 6, 5, 8, 2, 7, 2, 1, 7, 10, 4, 9, 7, 6, 1, 2, 3, 3, 3, 
339: 1, 3, 4, 10, 0, 2, 2, 10, 0, 0, 0, 10, 0, 0, 0, 0, 3, 0, 0, 0, 0, 0, 0, 1, 1, 10, 68, 10, 0, 2, 7, 0, 0, 0, 3, 0, 5, 4, 2, 0, : 1, 3, 4, 10, 2, 2, 10, 10, 3, 1, 1, 10, 68, 10, 2, 7, 3, 5, 4, 2, 
368: 0, 0, 2, 8, 0, 0, 4, 0, 0, 0, 1, 7, 64, 0, 0, 0, 0, 9, 2, 10, 0, 0, 0, 0, 4, 3, 0, 7, 0, 6, 9, 0, 0, 0, 6, 0, 0, 0, 0, 0, : 2, 8, 4, 1, 7, 64, 9, 2, 10, 4, 3, 7, 6, 9, 6, 
221: 1, 8, 3, 0, 0, 0, 10, 0, 0, 0, 0, 0, 0, 1, 1, 5, 0, 0, 0, 10, 0, 4, 0, 0, 0, 4, 0, 6, 0, 3, 9, 0, 1, 0, 2, 4, 1, 9, 0, 0, : 1, 8, 3, 10, 1, 1, 5, 10, 4, 4, 6, 3, 9, 1, 2, 4, 1, 9, 
95: 0, 3, 0, 1, 0, 67, 3, 0, 0, 0, 1, 0, 1, 67, 0, 1, 1, 3, 7, 0, 0, 1, 0, 61, 1, 0, 0, 5, 0, 6, 2, 2, 66, 0, 5, 0, 0, 4, 9, 0, : 3, 1, 67, 3, 1, 1, 67, 1, 1, 3, 7, 1, 61, 1, 5, 6, 2, 2, 66, 5, 4, 9, 
78: 1, 1, 3, 10, 3, 0, 1, 1, 63, 1, 5, 8, 0, 1, 0, 0, 0, 0, 0, 0, 0, 5, 2, 0, 0, 2, 0, 2, 0, 1, 8, 0, 0, 66, 5, 8, 10, 0, 4, 7, : 1, 1, 3, 10, 3, 1, 1, 63, 1, 5, 8, 1, 5, 2, 2, 2, 1, 8, 66, 5, 8, 10, 4, 7, 
92: 0, 5, 6, 10, 1, 9, 9, 0, 4, 0, 3, 0, 5, 0, 8, 1, 3, 7, 8, 0, 0, 5, 0, 0, 0, 10, 1, 7, 0, 2, 1, 0, 4, 0, 9, 0, 9, 0, 1, 0, : 5, 6, 10, 1, 9, 9, 4, 3, 5, 8, 1, 3, 7, 8, 5, 10, 1, 7, 2, 1, 4, 9, 9, 1, 


160: 0, 0, 0, 0, 2, 9, 0, 0, 0, 7, 6, 0, 0, 0, 0, 0, 0, 1, 1, 0, 61, 4, 0, 0, 10, 4, 0, 0, 0, 5, 5, 10, 0, 1, 0, 64, 0, 7, 9, 0, : 2, 9, 7, 6, 1, 1, 61, 4, 10, 4, 5, 5, 10, 1, 64, 7, 9, 
45: 3, 0, 8, 0, 8, 10, 0, 0, 9, 0, 0, 0, 0, 1, 0, 0, 3, 0, 9, 10, 0, 0, 0, 0, 0, 3, 6, 0, 0, 4, 0, 5, 0, 4, 0, 0, 68, 6, 7, 3, : 3, 8, 8, 10, 9, 1, 3, 9, 10, 3, 6, 4, 5, 4, 68, 6, 7, 3, 
352: 7, 0, 62, 0, 0, 0, 0, 0, 9, 2, 0, 0, 0, 0, 0, 5, 0, 2, 0, 0, 0, 3, 0, 0, 66, 0, 3, 0, 62, 6, 8, 9, 0, 0, 2, 0, 0, 0, 5, 10, : 7, 62, 9, 2, 5, 2, 3, 66, 3, 62, 6, 8, 9, 2, 5, 10, 
314: 4, 0, 1, 0, 9, 8, 5, 0, 0, 1, 0, 0, 0, 0, 2, 0, 0, 7, 9, 0, 0, 0, 0, 3, 0, 0, 0, 0, 0, 6, 1, 9, 5, 0, 0, 0, 0, 9, 1, 0, : 4, 1, 9, 8, 5, 1, 2, 7, 9, 3, 6, 1, 9, 5, 9, 1, 
24: 1, 69, 0, 0, 3, 0, 0, 64, 0, 8, 0, 0, 0, 0, 5, 0, 1, 7, 4, 0, 0, 0, 0, 0, 0, 0, 0, 4, 0, 1, 3, 1, 0, 2, 0, 0, 0, 6, 3, 0, : 1, 69, 3, 64, 8, 5, 1, 7, 4, 4, 1, 3, 1, 2, 6, 3, 
5: 1, 0, 0, 0, 0, 9, 0, 0, 0, 7, 0, 0, 1, 3, 68, 2, 0, 0, 9, 61, 0, 0, 0, 7, 0, 2, 0, 0, 0, 9, 5, 0, 0, 9, 0, 2, 0, 2, 1, 67, : 1, 9, 7, 1, 3, 68, 2, 9, 61, 7, 2, 9, 5, 9, 2, 2, 1, 67, 
270: 4, 0, 9, 0, 0, 0, 0, 0, 0, 1, 0, 0, 0, 0, 0, 0, 0, 0, 0, 0, 0, 0, 5, 0, 1, 0, 0, 0, 0, 1, 0, 4, 0, 2, 1, 3, 4, 1, 8, 0, : 4, 9, 1, 5, 1, 1, 4, 2, 1, 3, 4, 1, 8, 
126: 0, 0, 0, 4, 0, 0, 0, 0, 0, 1, 0, 0, 4, 0, 2, 0, 0, 0, 0, 0, 0, 1, 1, 0, 0, 0, 0, 0, 0, 9, 0, 10, 0, 10, 0, 0, 0, 0, 3, 0, : 4, 1, 4, 2, 1, 1, 9, 10, 10, 3, 
308: 7, 0, 0, 1, 0, 0, 3, 0, 0, 3, 0, 0, 0, 62, 0, 0, 0, 3, 0, 0, 0, 0, 0, 0, 0, 0, 0, 0, 0, 1, 6, 0, 0, 3, 0, 0, 0, 9, 10, 0, : 7, 1, 3, 3, 62, 3, 1, 6, 3, 9, 10, 
71: 0, 9, 0, 0, 0, 3, 0, 0, 7, 8, 0, 0, 0, 0, 0, 0, 6, 9, 8, 0, 0, 0, 0, 0, 0, 0, 0, 3, 0, 0, 3, 10, 0, 1, 0, 0, 0, 4, 5, 0, : 9, 3, 7, 8, 6, 9, 8, 3, 3, 10, 1, 4, 5, 
177: 7, 0, 0, 0, 10, 0, 1, 0, 9, 4, 63, 0, 63, 4, 1, 0, 0, 0, 3, 0, 0, 0, 1, 0, 0, 6, 0, 2, 0, 3, 4, 0, 0, 0, 7, 0, 0, 3, 0, 0, : 7, 10, 1, 9, 4, 63, 63, 4, 1, 3, 1, 6, 2, 3, 4, 7, 3, 
119: 10, 0, 0, 0, 8, 5, 0, 3, 0, 3, 0, 0, 2, 0, 0, 0, 0, 9, 0, 0, 0, 0, 0, 3, 0, 0, 0, 0, 0, 1, 0, 0, 1, 10, 0, 0, 0, 6, 0, 0, : 10, 8, 5, 3, 3, 2, 9, 3, 1, 1, 10, 6, 
294: 1, 0, 0, 0, 2, 0, 0, 3, 0, 1, 0, 1, 2, 0, 0, 0, 0, 5, 4, 0, 0, 0, 0, 0, 2, 0, 0, 2, 0, 2, 8, 3, 0, 10, 0, 0, 0, 0, 7, 0, : 1, 2, 3, 1, 1, 2, 5, 4, 2, 2, 2, 8, 3, 10, 7, 
209: 9, 0, 0, 8, 10, 2, 0, 0, 3, 0, 0, 0, 1, 0, 0, 9, 70, 1, 6, 0, 0, 5, 0, 0, 0, 0, 65, 3, 0, 2, 0, 0, 0, 0, 64, 0, 0, 4, 0, 0, : 9, 8, 10, 2, 3, 1, 9, 70, 1, 6, 5, 65, 3, 2, 64, 4, 
309: 4, 0, 0, 0, 5, 0, 62, 0, 10, 8, 0, 0, 0, 0, 0, 0, 0, 10, 6, 0, 10, 65, 0, 0, 1, 60, 6, 0, 0, 4, 9, 0, 0, 7, 0, 0, 0, 0, 2, 0, : 4, 5, 62, 10, 8, 10, 6, 10, 65, 1, 60, 6, 4, 9, 7, 2, 
398: 1, 2, 0, 0, 9, 10, 0, 0, 8, 10, 0, 8, 0, 6, 0, 0, 0, 9, 6, 5, 0, 0, 0, 63, 0, 0, 0, 1, 2, 4, 1, 0, 0, 2, 0, 0, 0, 4, 1, 0, : 1, 2, 9, 10, 8, 10, 8, 6, 9, 6, 5, 63, 1, 2, 4, 1, 2, 4, 1, 
12: 1, 0, 0, 66, 0, 6, 5, 0, 10, 0, 1, 5, 0, 0, 0, 4, 0, 9, 1, 0, 9, 0, 0, 0, 0, 1, 0, 4, 6, 9, 7, 8, 0, 7, 0, 0, 0, 2, 6, 0, : 1, 66, 6, 5, 10, 1, 5, 4, 9, 1, 9, 1, 4, 6, 9, 7, 8, 7, 2, 6, 
384: 5, 0, 0, 0, 10, 9, 0, 2, 6, 8, 0, 65, 7, 0, 0, 0, 0, 0, 0, 4, 0, 0, 8, 0, 0, 3, 0, 1, 0, 9, 7, 5, 65, 0, 0, 0, 0, 7, 5, 0, : 5, 10, 9, 2, 6, 8, 65, 7, 4, 8, 3, 1, 9, 7, 5, 65, 7, 5, 
227: 7, 0, 0, 1, 1, 4, 0, 8, 0, 1, 10, 1, 0, 0, 2, 60, 0, 1, 5, 0, 0, 2, 0, 0, 0, 0, 0, 0, 10, 1, 8, 3, 0, 3, 6, 6, 8, 10, 2, 0, : 7, 1, 1, 4, 8, 1, 10, 1, 2, 60, 1, 5, 2, 10, 1, 8, 3, 3, 6, 6, 8, 10, 2, 
34: 8, 0, 0, 0, 3, 5, 4, 0, 9, 7, 0, 0, 0, 4, 0, 0, 0, 7, 9, 0, 0, 0, 65, 4, 0, 1, 0, 60, 0, 3, 5, 3, 9, 9, 0, 5, 0, 0, 5, 0, : 8, 3, 5, 4, 9, 7, 4, 7, 9, 65, 4, 1, 60, 3, 5, 3, 9, 9, 5, 5, 


131: 0, 0, 5, 8, 0, 0, 3, 8, 0, 1, 0, 0, 0, 0, 5, 0, 10, 0, 2, 61, 0, 0, 3, 7, 2, 1, 0, 6, 6, 9, 0, 8, 0, 0, 7, 0, 0, 0, 0, 0, : 5, 8, 3, 8, 1, 5, 10, 2, 61, 3, 7, 2, 1, 6, 6, 9, 8, 7, 
18: 0, 6, 4, 5, 10, 0, 2, 2, 0, 0, 0, 0, 0, 1, 0, 0, 3, 0, 0, 0, 0, 0, 8, 4, 0, 9, 0, 6, 0, 10, 0, 0, 0, 1, 10, 8, 5, 4, 1, 69, : 6, 4, 5, 10, 2, 2, 1, 3, 8, 4, 9, 6, 10, 1, 10, 8, 5, 4, 1, 69, 
100: 0, 0, 1, 4, 0, 66, 5, 3, 0, 7, 0, 0, 0, 68, 2, 0, 0, 0, 6, 6, 0, 0, 10, 10, 0, 1, 0, 3, 0, 0, 7, 7, 0, 10, 5, 3, 5, 0, 0, 0, : 1, 4, 66, 5, 3, 7, 68, 2, 6, 6, 10, 10, 1, 3, 7, 7, 10, 5, 3, 5, 
48: 0, 0, 7, 3, 0, 0, 0, 8, 0, 8, 0, 0, 0, 0, 1, 0, 6, 0, 1, 0, 0, 2, 0, 5, 0, 6, 0, 2, 0, 3, 7, 2, 1, 10, 0, 7, 4, 0, 8, 0, : 7, 3, 8, 8, 1, 6, 1, 2, 5, 6, 2, 3, 7, 2, 1, 10, 7, 4, 8, 
148: 8, 0, 0, 5, 0, 0, 0, 7, 0, 4, 0, 0, 1, 0, 10, 0, 0, 0, 5, 0, 3, 4, 1, 0, 0, 1, 0, 3, 2, 2, 0, 1, 0, 10, 0, 5, 0, 0, 0, 0, : 8, 5, 7, 4, 1, 10, 5, 3, 4, 1, 1, 3, 2, 2, 1, 10, 5, 
393: 6, 4, 0, 4, 60, 0, 7, 6, 0, 5, 4, 1, 0, 0, 6, 0, 4, 5, 6, 5, 0, 0, 1, 1, 0, 3, 5, 0, 2, 1, 0, 9, 0, 0, 0, 6, 4, 0, 0, 9, : 6, 4, 4, 60, 7, 6, 5, 4, 1, 6, 4, 5, 6, 5, 1, 1, 3, 5, 2, 1, 9, 6, 4, 9, 
200: 0, 2, 3, 1, 7, 0, 3, 0, 4, 10, 0, 3, 0, 0, 3, 0, 9, 0, 3, 0, 6, 0, 4, 1, 0, 3, 0, 8, 2, 3, 1, 2, 0, 0, 4, 0, 9, 2, 0, 0, : 2, 3, 1, 7, 3, 4, 10, 3, 3, 9, 3, 6, 4, 1, 3, 8, 2, 3, 1, 2, 4, 9, 2, 
182: 0, 9, 9, 0, 0, 5, 6, 4, 0, 3, 0, 8, 0, 0, 9, 0, 0, 0, 7, 0, 0, 0, 3, 1, 0, 5, 4, 4, 2, 7, 6, 0, 60, 10, 0, 0, 0, 1, 0, 0, : 9, 9, 5, 6, 4, 3, 8, 9, 7, 3, 1, 5, 4, 4, 2, 7, 6, 60, 10, 1, 
359: 3, 0, 1, 0, 0, 0, 4, 0, 0, 10, 0, 0, 0, 9, 7, 0, 3, 6, 0, 0, 0, 0, 9, 6, 0, 10, 0, 1, 10, 2, 2, 1, 0, 9, 1, 2, 10, 1, 0, 0, : 3, 1, 4, 10, 9, 7, 3, 6, 9, 6, 10, 1, 10, 2, 2, 1, 9, 1, 2, 10, 1, 
374: 0, 8, 0, 0, 0, 0, 7, 9, 60, 1, 0, 0, 0, 0, 2, 0, 7, 0, 4, 2, 0, 1, 0, 1, 0, 1, 0, 0, 10, 3, 7, 4, 7, 2, 0, 8, 7, 0, 0, 0, : 8, 7, 9, 60, 1, 2, 7, 4, 2, 1, 1, 1, 10, 3, 7, 4, 7, 2, 8, 7, 
264: 0, 0, 0, 10, 0, 0, 0, 0, 0, 4, 1, 1, 0, 0, 3, 3, 6, 0, 1, 0, 65, 0, 5, 9, 6, 1, 63, 10, 10, 10, 0, 1, 0, 10, 4, 9, 5, 0, 0, 0, : 10, 4, 1, 1, 3, 3, 6, 1, 65, 5, 9, 6, 1, 63, 10, 10, 10, 1, 10, 4, 9, 5, 
116: 0, 10, 9, 10, 0, 2, 6, 2, 8, 7, 9, 0, 0, 0, 3, 0, 4, 0, 6, 0, 1, 69, 8, 8, 4, 1, 0, 0, 1, 4, 1, 0, 0, 1, 6, 2, 10, 0, 0, 0, : 10, 9, 10, 2, 6, 2, 8, 7, 9, 3, 4, 6, 1, 69, 8, 8, 4, 1, 1, 4, 1, 1, 6, 2, 10, 
1: 0, 8, 3, 8, 1, 2, 4, 7, 0, 0, 0, 0, 7, 0, 8, 69, 4, 1, 9, 0, 4, 2, 9, 2, 2, 8, 0, 0, 3, 0, 0, 8, 0, 1, 1, 4, 0, 0, 0, 0, : 8, 3, 8, 1, 2, 4, 7, 7, 8, 69, 4, 1, 9, 4, 2, 9, 2, 2, 8, 3, 8, 1, 1, 4, 
147: 0, 1, 9, 4, 0, 0, 5, 10, 0, 2, 0, 0, 0, 0, 4, 0, 0, 0, 0, 2, 0, 0, 7, 4, 0, 7, 1, 6, 9, 1, 10, 6, 0, 0, 1, 0, 2, 0, 0, 0, : 1, 9, 4, 5, 10, 2, 4, 2, 7, 4, 7, 1, 6, 9, 1, 10, 6, 1, 2, 
190: 0, 8, 4, 0, 0, 0, 7, 0, 6, 2, 0, 0, 0, 0, 7, 4, 0, 6, 6, 1, 0, 0, 1, 0, 0, 4, 0, 6, 10, 10, 8, 7, 0, 0, 9, 3, 1, 6, 0, 0, : 8, 4, 7, 6, 2, 7, 4, 6, 6, 1, 1, 4, 6, 10, 10, 8, 7, 9, 3, 1, 6, 
363: 0, 0, 1, 3, 0, 0, 4, 0, 0, 4, 0, 0, 0, 0, 0, 0, 8, 0, 7, 0, 0, 0, 2, 9, 1, 5, 0, 10, 1, 5, 3, 8, 0, 0, 10, 2, 6, 66, 0, 2, : 1, 3, 4, 4, 8, 7, 2, 9, 1, 5, 10, 1, 5, 3, 8, 10, 2, 6, 66, 2, 
91: 0, 10, 0, 1, 0, 0, 4, 0, 0, 3, 0, 0, 3, 0, 7, 4, 0, 0, 7, 2, 0, 0, 7, 0, 0, 8, 7, 4, 8, 3, 2, 0, 0, 0, 5, 10, 0, 0, 0, 0, : 10, 1, 4, 3, 3, 7, 4, 7, 2, 7, 8, 7, 4, 8, 3, 2, 5, 10, 
247: 63, 8, 8, 6, 0, 0, 10, 2, 0, 5, 64, 0, 0, 0, 0, 0, 0, 61, 2, 1, 0, 0, 0, 5, 3, 2, 0, 6, 0, 7, 6, 7, 0, 0, 10, 0, 1, 0, 7, 0, : 63, 8, 8, 6, 10, 2, 5, 64, 61, 2, 1, 5, 3, 2, 6, 7, 6, 7, 10, 1, 7, 
321: 0, 6, 6, 3, 0, 5, 0, 8, 2, 3, 0, 63, 69, 2, 0, 0, 8, 1, 4, 0, 0, 0, 2, 6, 62, 0, 0, 1, 0, 0, 10, 6, 10, 6, 1, 1, 4, 0, 0, 0, : 6, 6, 3, 5, 8, 2, 3, 63, 69, 2, 8, 1, 4, 2, 6, 62, 1, 10, 6, 10, 6, 1, 1, 4, 
214: 0, 0, 10, 5, 2, 0, 3, 4, 0, 1, 2, 4, 0, 0, 3, 0, 8, 0, 4, 0, 1, 2, 0, 1, 0, 4, 0, 4, 4, 0, 10, 3, 2, 10, 6, 10, 7, 0, 64, 0, : 10, 5, 2, 3, 4, 1, 2, 4, 3, 8, 4, 1, 2, 1, 4, 4, 4, 10, 3, 2, 10, 6, 10, 7, 64, 


150: 0, 0, 0, 7, 0, 1, 0, 1, 2, 0, 3, 0, 0, 0, 0, 0, 0, 0, 0, 3, 0, 9, 0, 0, 0, 7, 1, 0, 0, 5, 4, 0, 0, 4, 6, 2, 0, 0, 1, 3, : 7, 1, 1, 2, 3, 3, 9, 7, 1, 5, 4, 4, 6, 2, 1, 3, 
42: 3, 3, 0, 0, 0, 3, 2, 63, 0, 0, 0, 2, 8, 0, 0, 0, 69, 0, 0, 1, 0, 6, 3, 0, 1, 0, 2, 63, 0, 2, 1, 0, 0, 5, 0, 0, 0, 0, 0, 3, : 3, 3, 3, 2, 63, 2, 8, 69, 1, 6, 3, 1, 2, 63, 2, 1, 5, 3, 
268: 0, 1, 0, 2, 60, 7, 1, 0, 0, 0, 0, 0, 9, 2, 0, 0, 0, 0, 0, 1, 0, 0, 0, 0, 0, 3, 2, 1, 1, 3, 6, 9, 0, 0, 0, 0, 0, 8, 0, 4, : 1, 2, 60, 7, 1, 9, 2, 1, 3, 2, 1, 1, 3, 6, 9, 8, 4, 
144: 7, 0, 2, 0, 0, 1, 0, 0, 0, 10, 61, 0, 9, 6, 0, 0, 0, 0, 1, 9, 0, 10, 2, 0, 3, 1, 5, 0, 60, 4, 4, 3, 0, 9, 0, 3, 2, 8, 0, 0, : 7, 2, 1, 10, 61, 9, 6, 1, 9, 10, 2, 3, 1, 5, 60, 4, 4, 3, 9, 3, 2, 8, 
394: 0, 0, 0, 6, 0, 9, 4, 0, 0, 0, 0, 0, 0, 8, 0, 0, 0, 0, 1, 6, 0, 5, 0, 0, 0, 61, 1, 0, 0, 5, 0, 1, 0, 3, 0, 0, 0, 0, 0, 1, : 6, 9, 4, 8, 1, 6, 5, 61, 1, 5, 1, 3, 1, 
360: 2, 0, 67, 0, 1, 8, 6, 0, 69, 0, 0, 0, 0, 1, 0, 65, 0, 2, 0, 0, 0, 5, 0, 0, 0, 0, 9, 0, 1, 0, 8, 0, 0, 7, 0, 0, 60, 0, 63, 7, : 2, 67, 1, 8, 6, 69, 1, 65, 2, 5, 9, 1, 8, 7, 60, 63, 7, 
171: 0, 0, 0, 10, 0, 6, 7, 0, 0, 0, 0, 3, 9, 7, 7, 0, 0, 0, 0, 4, 0, 1, 0, 1, 0, 2, 9, 7, 6, 4, 0, 0, 0, 2, 0, 2, 3, 61, 6, 10, : 10, 6, 7, 3, 9, 7, 7, 4, 1, 1, 2, 9, 7, 6, 4, 2, 2, 3, 61, 6, 10, 
287: 4, 0, 0, 0, 0, 3, 5, 7, 0, 0, 0, 6, 0, 5, 0, 0, 0, 0, 0, 4, 6, 0, 0, 0, 0, 0, 3, 0, 0, 0, 2, 7, 0, 1, 0, 0, 0, 0, 0, 10, : 4, 3, 5, 7, 6, 5, 4, 6, 3, 2, 7, 1, 10, 
194: 62, 0, 1, 7, 5, 2, 0, 0, 0, 0, 0, 1, 8, 1, 0, 5, 0, 10, 0, 4, 0, 4, 0, 0, 0, 0, 6, 8, 2, 1, 10, 6, 0, 1, 7, 0, 0, 3, 0, 4, : 62, 1, 7, 5, 2, 1, 8, 1, 5, 10, 4, 4, 6, 8, 2, 1, 10, 6, 1, 7, 3, 4, 
396: 0, 2, 0, 1, 2, 7, 8, 0, 0, 0, 0, 0, 7, 4, 0, 0, 3, 63, 10, 10, 3, 9, 0, 0, 0, 0, 10, 0, 0, 7, 0, 8, 0, 9, 0, 0, 6, 0, 0, 1, : 2, 1, 2, 7, 8, 7, 4, 3, 63, 10, 10, 3, 9, 10, 7, 8, 9, 6, 1, 
358: 0, 0, 0, 4, 2, 1, 8, 2, 0, 0, 6, 0, 1, 0, 0, 0, 0, 0, 0, 0, 1, 0, 2, 0, 0, 0, 9, 0, 0, 2, 7, 7, 0, 3, 0, 0, 0, 0, 0, 5, : 4, 2, 1, 8, 2, 6, 1, 1, 2, 9, 2, 7, 7, 3, 5, 
210: 0, 62, 0, 10, 8, 7, 0, 0, 0, 0, 7, 0, 4, 2, 0, 0, 0, 0, 67, 5, 0, 0, 3, 0, 0, 6, 5, 0, 0, 7, 8, 1, 0, 7, 0, 61, 0, 0, 0, 2, : 62, 10, 8, 7, 7, 4, 2, 67, 5, 3, 6, 5, 7, 8, 1, 7, 61, 2, 
313: 0, 9, 4, 8, 0, 7, 6, 6, 0, 0, 0, 0, 1, 6, 0, 0, 0, 0, 0, 7, 4, 10, 1, 66, 0, 0, 1, 0, 0, 5, 9, 1, 10, 7, 0, 0, 0, 0, 0, 1, : 9, 4, 8, 7, 6, 6, 1, 6, 7, 4, 10, 1, 66, 1, 5, 9, 1, 10, 7, 1, 
232: 1, 0, 0, 9, 0, 8, 9, 0, 0, 0, 3, 0, 6, 10, 0, 0, 0, 0, 0, 0, 0, 10, 0, 8, 0, 0, 0, 0, 0, 0, 0, 7, 2, 1, 0, 0, 0, 0, 0, 1, : 1, 9, 8, 9, 3, 6, 10, 10, 8, 7, 2, 1, 1, 
336: 1, 0, 2, 0, 0, 0, 7, 0, 0, 0, 0, 0, 0, 10, 2, 0, 0, 0, 0, 7, 5, 0, 63, 0, 7, 0, 0, 0, 0, 10, 5, 7, 68, 0, 0, 0, 0, 0, 0, 6, : 1, 2, 7, 10, 2, 7, 5, 63, 7, 10, 5, 7, 68, 6, 
198: 0, 0, 4, 9, 0, 1, 0, 1, 0, 0, 0, 0, 2, 1, 66, 0, 0, 5, 0, 0, 0, 0, 0, 5, 66, 0, 3, 1, 0, 8, 4, 8, 0, 1, 65, 7, 2, 0, 3, 5, : 4, 9, 1, 1, 2, 1, 66, 5, 5, 66, 3, 1, 8, 4, 8, 1, 65, 7, 2, 3, 5, 
54: 0, 0, 0, 6, 0, 0, 0, 0, 0, 69, 0, 0, 0, 3, 0, 0, 8, 0, 0, 4, 0, 3, 6, 0, 0, 0, 0, 0, 0, 9, 9, 1, 0, 7, 0, 0, 0, 0, 0, 2, : 6, 69, 3, 8, 4, 3, 6, 9, 9, 1, 7, 2, 
106: 0, 0, 0, 0, 0, 2, 7, 0, 0, 0, 0, 0, 9, 2, 0, 10, 0, 0, 0, 5, 61, 6, 0, 0, 3, 0, 4, 0, 0, 7, 0, 5, 0, 4, 0, 0, 5, 0, 7, 5, : 2, 7, 9, 2, 10, 5, 61, 6, 3, 4, 7, 5, 4, 5, 7, 5, 
295: 0, 3, 0, 0, 0, 6, 0, 0, 9, 0, 0, 0, 3, 2, 5, 0, 0, 0, 0, 10, 0, 0, 0, 0, 0, 0, 2, 0, 0, 0, 3, 1, 0, 2, 0, 0, 1, 0, 0, 9, : 3, 6, 9, 3, 2, 5, 10, 2, 3, 1, 2, 1, 9, 
349: 0, 0, 0, 1, 2, 1, 10, 0, 0, 1, 0, 68, 4, 10, 0, 0, 0, 0, 1, 0, 0, 2, 0, 0, 0, 0, 8, 0, 10, 1, 0, 8, 0, 7, 2, 5, 1, 0, 0, 1, : 1, 2, 1, 10, 1, 68, 4, 10, 1, 2, 8, 10, 1, 8, 7, 2, 5, 1, 1, 


