
40
20
60
1

12: 3, 3, 54, 0, 0, 0, 1, 0, 0, 51, 51, 0, 0, 0, 0, 0, 0, 0, 0, 2, 5, 0, 0, 1, 4, 50, 0, 0, 0, 0, 0, 0, 1, 0, 4, 1, 3, 0, 0, 0, : 3, 3, 54, 1, 51, 51, 2, 5, 1, 4, 50, 1, 4, 1, 3, 
11: 1, 1, 0, 0, 0, 1, 1, 0, 0, 0, 0, 0, 0, 0, 0, 1, 0, 0, 0, 5, 2, 0, 54, 4, 6, 0, 0, 2, 0, 0, 0, 0, 0, 0, 4, 0, 2, 0, 1, 52, : 1, 1, 1, 1, 1, 5, 2, 54, 4, 6, 2, 4, 2, 1, 52, 
16: 4, 2, 0, 5, 0, 0, 0, 1, 0, 0, 0, 54, 0, 0, 0, 3, 1, 4, 0, 4, 5, 0, 0, 4, 4, 0, 0, 1, 0, 0, 1, 1, 51, 0, 5, 1, 1, 0, 0, 0, : 4, 2, 5, 1, 54, 3, 1, 4, 4, 5, 4, 4, 1, 1, 1, 51, 5, 1, 1, 
8: 1, 1, 0, 0, 0, 0, 0, 0, 1, 0, 0, 0, 0, 0, 5, 0, 0, 0, 0, 1, 1, 0, 0, 4, 1, 0, 4, 4, 0, 50, 2, 2, 0, 0, 3, 0, 5, 2, 0, 2, : 1, 1, 1, 5, 1, 1, 4, 1, 4, 4, 50, 2, 2, 3, 5, 2, 2, 
3: 3, 3, 2, 0, 0, 0, 0, 0, 0, 0, 0, 0, 1, 3, 0, 0, 0, 0, 0, 1, 2, 0, 1, 3, 3, 0, 0, 0, 0, 0, 0, 0, 0, 0, 3, 2, 1, 0, 0, 0, : 3, 3, 2, 1, 3, 1, 2, 1, 3, 3, 3, 2, 1, 
13: 1, 5, 0, 0, 0, 50, 0, 0, 0, 1, 0, 0, 0, 0, 0, 3, 0, 4, 0, 1, 3, 0, 0, 1, 1, 0, 0, 0, 0, 1, 0, 0, 0, 0, 5, 0, 2, 0, 0, 0, : 1, 5, 50, 1, 3, 4, 1, 3, 1, 1, 1, 5, 2, 
5: 1, 3, 0, 0, 2, 0, 0, 3, 0, 0, 0, 0, 0, 0, 0, 0, 55, 0, 3, 5, 0, 53, 0, 2, 3, 0, 1, 0, 0, 0, 2, 0, 0, 0, 4, 0, 0, 0, 55, 0, : 1, 3, 2, 3, 55, 3, 5, 53, 2, 3, 1, 2, 4, 55, 
14: 4, 8, 0, 0, 0, 0, 1, 0, 3, 2, 0, 2, 0, 0, 0, 0, 0, 0, 1, 3, 5, 0, 2, 1, 3, 0, 4, 0, 0, 5, 0, 1, 0, 0, 2, 0, 1, 0, 3, 0, : 4, 8, 1, 3, 2, 2, 1, 3, 5, 2, 1, 3, 4, 5, 1, 2, 1, 3, 
15: 5, 1, 0, 0, 0, 0, 0, 0, 0, 0, 0, 0, 3, 0, 0, 0, 3, 0, 0, 5, 5, 0, 0, 5, 2, 4, 0, 0, 0, 0, 0, 0, 0, 3, 1, 0, 5, 0, 0, 0, : 5, 1, 3, 3, 5, 5, 5, 2, 4, 3, 1, 5, 
17: 2, 5, 0, 0, 0, 0, 51, 0, 0, 5, 0, 3, 0, 1, 0, 0, 1, 0, 0, 1, 3, 0, 0, 4, 1, 0, 0, 0, 0, 0, 0, 0, 3, 4, 5, 0, 5, 0, 0, 0, : 2, 5, 51, 5, 3, 1, 1, 1, 3, 4, 1, 3, 4, 5, 5, 
20: 5, 4, 0, 0, 0, 0, 0, 0, 0, 0, 0, 0, 1, 0, 0, 1, 0, 0, 0, 5, 3, 0, 0, 5, 2, 0, 0, 0, 0, 0, 1, 50, 2, 0, 5, 0, 2, 0, 0, 0, : 5, 4, 1, 1, 5, 3, 5, 2, 1, 50, 2, 5, 2, 
2: 2, 2, 0, 0, 0, 0, 1, 0, 50, 0, 2, 0, 1, 0, 0, 0, 0, 0, 0, 1, 0, 0, 0, 4, 2, 1, 0, 0, 5, 3, 51, 1, 0, 0, 1, 0, 4, 0, 1, 0, : 2, 2, 1, 50, 2, 1, 1, 4, 2, 1, 5, 3, 51, 1, 1, 4, 1, 
6: 8, 2, 1, 50, 0, 0, 0, 0, 0, 0, 0, 0, 0, 0, 0, 0, 0, 0, 1, 1, 5, 0, 1, 4, 3, 0, 50, 0, 4, 0, 0, 4, 0, 0, 1, 0, 4, 3, 0, 0, : 8, 2, 1, 50, 1, 1, 5, 1, 4, 3, 50, 4, 4, 1, 4, 3, 
19: 3, 3, 0, 0, 4, 0, 0, 0, 1, 0, 0, 1, 0, 0, 0, 52, 0, 0, 3, 2, 3, 2, 0, 1, 5, 0, 0, 0, 0, 0, 2, 0, 0, 0, 2, 0, 5, 53, 0, 0, : 3, 3, 4, 1, 1, 52, 3, 2, 3, 2, 1, 5, 2, 2, 5, 53, 
18: 2, 5, 0, 0, 0, 0, 2, 0, 0, 0, 0, 0, 0, 0, 2, 0, 0, 0, 52, 5, 1, 0, 2, 2, 6, 0, 0, 52, 0, 0, 0, 1, 0, 0, 1, 0, 2, 0, 0, 0, : 2, 5, 2, 2, 52, 5, 1, 2, 2, 6, 52, 1, 1, 2, 
7: 4, 1, 0, 0, 0, 5, 0, 0, 0, 0, 4, 0, 0, 55, 0, 0, 0, 1, 0, 5, 3, 5, 0, 4, 2, 0, 0, 0, 0, 0, 0, 0, 0, 50, 3, 0, 3, 0, 0, 0, : 4, 1, 5, 4, 55, 1, 5, 3, 5, 4, 2, 50, 3, 3, 
4: 4, 2, 0, 0, 0, 4, 3, 5, 0, 1, 0, 0, 0, 0, 53, 0, 0, 51, 0, 5, 4, 0, 0, 2, 2, 5, 1, 0, 0, 0, 0, 0, 0, 1, 0, 51, 3, 2, 0, 5, : 4, 2, 4, 3, 5, 1, 53, 51, 5, 4, 2, 2, 5, 1, 1, 51, 3, 2, 5, 
10: 3, 5, 0, 0, 54, 0, 0, 50, 5, 0, 0, 0, 0, 1, 0, 0, 0, 0, 0, 2, 4, 0, 0, 3, 3, 0, 0, 1, 0, 0, 1, 0, 0, 0, 2, 0, 4, 0, 0, 0, : 3, 5, 54, 50, 5, 1, 2, 4, 3, 3, 1, 1, 2, 4, 
9: 1, 3, 3, 5, 0, 0, 0, 1, 0, 0, 3, 0, 52, 0, 0, 0, 0, 0, 0, 1, 2, 0, 0, 2, 2, 0, 0, 0, 51, 0, 0, 0, 0, 2, 5, 3, 4, 0, 0, 0, : 1, 3, 3, 5, 1, 3, 52, 1, 2, 2, 2, 51, 2, 5, 3, 4, 
1: 3, 1, 0, 0, 0, 0, 0, 0, 0, 0, 0, 0, 2, 0, 0, 0, 0, 0, 0, 5, 4, 0, 0, 4, 5, 0, 0, 0, 0, 1, 0, 0, 3, 0, 4, 2, 4, 0, 0, 1, : 3, 1, 2, 5, 4, 4, 5, 1, 3, 4, 2, 4, 1, 


