
20
20
80
1

13: 1, 0, 1, 0, 0, 0, 0, 0, 0, 0, 10, 0, 2, 0, 0, 1, 1, 1, 0, 61, : 1, 1, 10, 2, 1, 1, 1, 61, 
17: 0, 1, 10, 0, 0, 4, 0, 0, 5, 1, 1, 0, 0, 7, 0, 0, 0, 1, 0, 0, : 1, 10, 4, 5, 1, 1, 7, 1, 
20: 9, 1, 0, 0, 0, 1, 10, 1, 0, 0, 0, 66, 60, 0, 0, 4, 0, 6, 62, 0, : 9, 1, 1, 10, 1, 66, 60, 4, 6, 62, 
1: 0, 0, 0, 0, 3, 0, 0, 0, 62, 0, 1, 0, 0, 0, 0, 1, 2, 1, 0, 0, : 3, 62, 1, 1, 2, 1, 
3: 0, 3, 0, 0, 3, 0, 0, 0, 0, 0, 0, 0, 0, 0, 8, 0, 0, 4, 0, 0, : 3, 3, 8, 4, 
4: 0, 1, 0, 0, 0, 2, 0, 0, 0, 9, 62, 4, 0, 7, 0, 7, 1, 9, 0, 5, : 1, 2, 9, 62, 4, 7, 7, 1, 9, 5, 
14: 0, 5, 0, 0, 0, 0, 0, 0, 0, 0, 0, 0, 0, 0, 0, 0, 0, 6, 0, 0, : 5, 6, 
9: 0, 0, 0, 0, 7, 64, 0, 0, 0, 0, 0, 0, 9, 0, 61, 0, 0, 9, 0, 0, : 7, 64, 9, 61, 9, 
8: 0, 0, 0, 0, 0, 3, 0, 10, 0, 2, 0, 7, 0, 2, 0, 0, 0, 0, 0, 1, : 3, 10, 2, 7, 2, 1, 
18: 61, 1, 5, 0, 0, 3, 0, 3, 0, 0, 0, 0, 0, 0, 0, 0, 0, 0, 4, 4, : 61, 1, 5, 3, 3, 4, 4, 
15: 0, 0, 0, 0, 0, 1, 0, 0, 0, 5, 0, 0, 0, 0, 0, 0, 0, 9, 0, 0, : 1, 5, 9, 
7: 1, 65, 0, 9, 0, 0, 0, 0, 0, 0, 0, 0, 0, 0, 2, 0, 1, 7, 0, 0, : 1, 65, 9, 2, 1, 7, 
19: 0, 0, 2, 0, 66, 0, 0, 0, 0, 0, 0, 0, 0, 0, 0, 60, 0, 1, 8, 0, : 2, 66, 60, 1, 8, 
16: 0, 2, 0, 0, 0, 0, 0, 0, 9, 0, 2, 0, 0, 0, 0, 0, 0, 5, 0, 9, : 2, 9, 2, 5, 9, 
11: 0, 0, 0, 0, 0, 0, 0, 0, 0, 0, 1, 0, 0, 0, 0, 6, 0, 3, 0, 0, : 1, 6, 3, 
2: 1, 0, 0, 0, 1, 0, 10, 0, 0, 0, 2, 2, 0, 60, 0, 0, 1, 10, 3, 0, : 1, 1, 10, 2, 2, 60, 1, 10, 3, 
12: 0, 0, 0, 61, 0, 0, 0, 62, 2, 0, 0, 1, 0, 0, 0, 0, 9, 6, 3, 0, : 61, 62, 2, 1, 9, 6, 3, 
5: 0, 1, 62, 10, 0, 2, 60, 4, 0, 63, 0, 0, 0, 4, 9, 1, 5, 1, 0, 0, : 1, 62, 10, 2, 60, 4, 63, 4, 9, 1, 5, 1, 
10: 7, 0, 0, 0, 0, 0, 0, 0, 0, 0, 1, 0, 9, 0, 0, 0, 0, 1, 0, 0, : 7, 1, 9, 1, 
6: 0, 0, 0, 0, 0, 0, 0, 0, 2, 0, 0, 0, 0, 0, 0, 0, 60, 0, 0, 0, : 2, 60, 


