
200
100
60
5

64: 0, 0, 0, 0, 0, 0, 3, 0, 0, 4, 0, 53, 0, 1, 5, 0, 0, 4, 0, 0, 0, 0, 0, 0, 0, 0, 0, 2, 0, 0, 5, 0, 0, 1, 0, 54, 0, 0, 0, 0, 1, 0, 0, 0, 1, 0, 55, 5, 0, 6, 0, 2, 0, 0, 0, 0, 3, 0, 0, 53, 2, 0, 0, 2, 0, 1, 0, 4, 0, 1, 0, 0, 0, 0, 2, 0, 0, 0, 0, 4, 0, 0, 5, 3, 0, 0, 0, 0, 0, 0, 5, 1, 0, 0, 1, 0, 1, 0, 0, 0, 2, 0, 0, 5, 1, 0, 0, 0, 0, 4, 4, 54, 50, 0, 4, 4, 0, 0, 2, 2, 0, 0, 0, 3, 0, 3, 3, 0, 0, 5, 4, 5, 0, 0, 0, 0, 0, 0, 0, 0, 5, 3, 3, 0, 0, 0, 2, 0, 0, 1, 0, 1, 0, 0, 0, 0, 55, 0, 0, 1, 54, 0, 4, 0, 0, 0, 3, 2, 0, 0, 0, 51, 0, 0, 0, 0, 0, 1, 0, 0, 0, 0, 0, 0, 0, 0, 0, 0, 0, 2, 1, 0, 0, 0, 1, 0, 0, 0, 0, 0, : 3, 4, 53, 1, 5, 4, 2, 5, 1, 54, 1, 1, 55, 5, 6, 2, 3, 53, 2, 2, 1, 4, 1, 2, 4, 5, 3, 5, 1, 1, 1, 2, 5, 1, 4, 4, 54, 50, 4, 4, 2, 2, 3, 3, 3, 5, 4, 5, 5, 3, 3, 2, 1, 1, 55, 1, 54, 4, 3, 2, 51, 1, 2, 1, 1, 
71: 0, 1, 0, 1, 0, 0, 2, 0, 0, 0, 0, 0, 0, 0, 0, 0, 0, 4, 0, 0, 1, 0, 0, 0, 0, 0, 0, 5, 55, 0, 0, 1, 0, 0, 0, 0, 0, 0, 0, 0, 5, 0, 0, 0, 0, 0, 0, 0, 0, 2, 0, 3, 0, 55, 0, 0, 0, 0, 0, 0, 6, 52, 0, 2, 0, 4, 0, 0, 0, 4, 0, 3, 3, 0, 0, 52, 0, 0, 0, 0, 0, 0, 3, 0, 0, 0, 0, 1, 0, 0, 1, 1, 0, 52, 54, 0, 0, 0, 5, 0, 2, 5, 0, 5, 0, 0, 51, 0, 54, 0, 4, 0, 0, 0, 1, 5, 0, 0, 2, 0, 0, 0, 0, 4, 0, 1, 0, 0, 0, 5, 1, 0, 0, 0, 0, 0, 0, 0, 0, 0, 3, 4, 3, 0, 0, 0, 2, 0, 0, 0, 2, 0, 0, 0, 1, 0, 0, 0, 0, 0, 0, 1, 4, 0, 0, 1, 0, 51, 0, 0, 2, 0, 0, 1, 0, 1, 2, 0, 0, 3, 0, 0, 0, 0, 0, 0, 1, 0, 0, 2, 1, 0, 0, 1, 0, 4, 0, 0, 0, 0, : 1, 1, 2, 4, 1, 5, 55, 1, 5, 2, 3, 55, 6, 52, 2, 4, 4, 3, 3, 52, 3, 1, 1, 1, 52, 54, 5, 2, 5, 5, 51, 54, 4, 1, 5, 2, 4, 1, 5, 1, 3, 4, 3, 2, 2, 1, 1, 4, 1, 51, 2, 1, 1, 2, 3, 1, 2, 1, 1, 4, 
37: 0, 0, 0, 2, 0, 0, 4, 0, 1, 0, 0, 0, 0, 0, 0, 0, 3, 2, 0, 0, 0, 0, 0, 0, 0, 0, 1, 1, 0, 51, 0, 0, 0, 0, 0, 0, 0, 0, 0, 0, 1, 0, 0, 0, 1, 55, 0, 0, 0, 6, 0, 5, 0, 0, 0, 0, 0, 0, 0, 0, 4, 0, 0, 0, 0, 2, 5, 0, 0, 4, 0, 0, 0, 0, 0, 0, 0, 0, 0, 0, 0, 0, 1, 5, 0, 0, 0, 0, 0, 0, 2, 4, 0, 2, 0, 2, 5, 2, 0, 0, 1, 0, 0, 3, 0, 0, 0, 0, 0, 0, 4, 0, 1, 1, 5, 5, 0, 0, 4, 0, 0, 0, 0, 5, 0, 1, 2, 0, 0, 7, 1, 0, 0, 0, 5, 0, 0, 54, 0, 0, 1, 5, 2, 0, 3, 0, 1, 0, 0, 0, 0, 0, 0, 2, 0, 0, 0, 0, 0, 0, 0, 0, 1, 0, 0, 0, 0, 0, 0, 0, 2, 0, 0, 0, 0, 50, 0, 0, 54, 0, 0, 0, 0, 0, 0, 0, 0, 0, 0, 5, 0, 4, 0, 0, 0, 0, 0, 2, 2, 0, : 2, 4, 1, 3, 2, 1, 1, 51, 1, 1, 55, 6, 5, 4, 2, 5, 4, 1, 5, 2, 4, 2, 2, 5, 2, 1, 3, 4, 1, 1, 5, 5, 4, 5, 1, 2, 7, 1, 5, 54, 1, 5, 2, 3, 1, 2, 1, 2, 50, 54, 5, 4, 2, 2, 
36: 1, 0, 0, 0, 0, 0, 3, 54, 0, 0, 0, 0, 0, 1, 0, 2, 0, 1, 0, 0, 0, 0, 1, 1, 51, 0, 0, 3, 3, 0, 0, 0, 0, 0, 0, 0, 0, 0, 4, 0, 3, 0, 0, 0, 0, 0, 0, 0, 54, 4, 55, 4, 0, 1, 0, 0, 0, 0, 52, 0, 1, 0, 0, 0, 0, 2, 0, 0, 3, 2, 0, 0, 2, 0, 0, 0, 0, 0, 0, 0, 3, 0, 1, 1, 5, 1, 0, 3, 0, 0, 3, 3, 0, 0, 0, 0, 0, 0, 0, 0, 4, 0, 0, 1, 0, 0, 0, 0, 0, 0, 4, 0, 0, 0, 3, 3, 1, 0, 4, 0, 1, 0, 0, 2, 0, 5, 1, 0, 0, 1, 1, 0, 0, 0, 0, 0, 1, 0, 0, 0, 3, 3, 2, 2, 0, 0, 2, 0, 0, 0, 2, 0, 0, 0, 0, 52, 0, 0, 2, 0, 0, 1, 2, 52, 0, 0, 0, 0, 0, 2, 0, 0, 0, 0, 0, 0, 0, 0, 0, 1, 0, 0, 0, 0, 0, 0, 0, 0, 1, 3, 3, 0, 0, 0, 1, 0, 0, 2, 0, 0, : 1, 3, 54, 1, 2, 1, 1, 1, 51, 3, 3, 4, 3, 54, 4, 55, 4, 1, 52, 1, 2, 3, 2, 2, 3, 1, 1, 5, 1, 3, 3, 3, 4, 1, 4, 3, 3, 1, 4, 1, 2, 5, 1, 1, 1, 1, 3, 3, 2, 2, 2, 2, 52, 2, 1, 2, 52, 2, 1, 1, 3, 3, 1, 2, 
13: 0, 0, 51, 0, 1, 0, 2, 0, 0, 0, 54, 1, 0, 0, 0, 0, 4, 3, 0, 4, 1, 1, 0, 0, 0, 0, 0, 4, 0, 3, 1, 0, 1, 0, 4, 1, 0, 0, 0, 0, 4, 0, 0, 0, 0, 0, 0, 0, 0, 3, 0, 1, 0, 0, 0, 1, 0, 0, 0, 0, 3, 0, 0, 0, 0, 5, 0, 1, 0, 4, 1, 0, 0, 0, 0, 2, 0, 0, 0, 0, 0, 0, 1, 2, 0, 1, 0, 0, 0, 0, 4, 4, 0, 0, 0, 0, 0, 0, 0, 0, 4, 0, 4, 2, 0, 0, 0, 0, 0, 0, 3, 0, 5, 0, 2, 4, 0, 4, 2, 0, 0, 0, 0, 1, 0, 2, 0, 0, 0, 1, 3, 0, 0, 0, 0, 0, 0, 0, 0, 3, 4, 4, 4, 0, 0, 0, 2, 4, 0, 0, 0, 0, 0, 0, 0, 1, 0, 0, 1, 0, 0, 0, 5, 0, 0, 0, 0, 0, 3, 2, 4, 0, 0, 0, 0, 0, 1, 0, 0, 0, 0, 0, 0, 2, 0, 1, 0, 3, 5, 3, 0, 0, 0, 0, 0, 0, 0, 0, 0, 0, : 51, 1, 2, 54, 1, 4, 3, 4, 1, 1, 4, 3, 1, 1, 4, 1, 4, 3, 1, 1, 3, 5, 1, 4, 1, 2, 1, 2, 1, 4, 4, 4, 4, 2, 3, 5, 2, 4, 4, 2, 1, 2, 1, 3, 3, 4, 4, 4, 2, 4, 1, 1, 5, 3, 2, 4, 1, 2, 1, 3, 5, 3, 
66: 1, 0, 0, 0, 0, 2, 3, 0, 0, 0, 0, 0, 50, 0, 0, 0, 0, 4, 0, 51, 0, 0, 0, 0, 0, 0, 0, 3, 0, 2, 0, 0, 1, 52, 1, 0, 54, 52, 0, 0, 3, 0, 0, 0, 0, 0, 0, 0, 0, 2, 0, 1, 0, 0, 0, 0, 53, 0, 0, 0, 4, 0, 2, 1, 0, 5, 0, 51, 0, 0, 0, 0, 0, 0, 2, 0, 0, 52, 0, 0, 0, 1, 4, 3, 0, 0, 52, 0, 0, 0, 3, 2, 0, 0, 1, 0, 0, 0, 0, 3, 2, 0, 0, 2, 0, 0, 0, 0, 0, 1, 4, 0, 0, 0, 1, 1, 4, 0, 4, 0, 0, 0, 0, 5, 0, 2, 0, 0, 0, 1, 4, 0, 0, 0, 0, 0, 0, 0, 0, 0, 2, 3, 4, 0, 2, 0, 4, 0, 1, 0, 4, 0, 51, 0, 0, 1, 0, 0, 0, 0, 1, 0, 3, 4, 0, 52, 51, 0, 0, 0, 0, 0, 4, 1, 0, 4, 0, 1, 0, 0, 1, 0, 0, 0, 53, 0, 0, 0, 0, 2, 0, 0, 1, 0, 0, 0, 0, 0, 0, 2, : 1, 2, 3, 50, 4, 51, 3, 2, 1, 52, 1, 54, 52, 3, 2, 1, 53, 4, 2, 1, 5, 51, 2, 52, 1, 4, 3, 52, 3, 2, 1, 3, 2, 2, 1, 4, 1, 1, 4, 4, 5, 2, 1, 4, 2, 3, 4, 2, 4, 1, 4, 51, 1, 1, 3, 4, 52, 51, 4, 1, 4, 1, 1, 53, 2, 1, 2, 
35: 0, 0, 0, 0, 3, 0, 3, 0, 0, 0, 0, 0, 1, 0, 0, 0, 52, 5, 0, 0, 0, 0, 0, 0, 4, 0, 0, 2, 0, 2, 0, 0, 0, 0, 0, 0, 0, 0, 0, 0, 3, 0, 50, 0, 1, 0, 0, 0, 0, 3, 0, 4, 0, 2, 0, 54, 0, 0, 0, 0, 2, 0, 4, 0, 0, 3, 0, 0, 5, 5, 2, 0, 55, 0, 0, 0, 0, 0, 1, 0, 0, 0, 3, 0, 0, 0, 0, 0, 0, 0, 5, 3, 0, 0, 0, 55, 0, 50, 0, 51, 4, 0, 0, 5, 0, 0, 0, 0, 0, 0, 1, 0, 0, 0, 5, 4, 4, 51, 1, 0, 0, 0, 0, 2, 0, 4, 0, 0, 52, 3, 2, 0, 0, 0, 0, 0, 4, 0, 0, 0, 2, 4, 3, 0, 0, 4, 4, 0, 0, 0, 0, 0, 2, 50, 0, 0, 0, 0, 0, 0, 0, 0, 1, 0, 0, 0, 0, 0, 0, 1, 0, 0, 0, 0, 52, 0, 0, 0, 0, 0, 0, 0, 0, 0, 0, 0, 1, 1, 0, 3, 0, 0, 0, 0, 0, 0, 0, 0, 5, 2, : 3, 3, 1, 52, 5, 4, 2, 2, 3, 50, 1, 3, 4, 2, 54, 2, 4, 3, 5, 5, 2, 55, 1, 3, 5, 3, 55, 50, 51, 4, 5, 1, 5, 4, 4, 51, 1, 2, 4, 52, 3, 2, 4, 2, 4, 3, 4, 4, 2, 50, 1, 1, 52, 1, 1, 3, 5, 2, 
43: 0, 1, 0, 5, 4, 4, 2, 0, 52, 0, 0, 4, 1, 4, 0, 0, 1, 3, 0, 0, 0, 2, 0, 0, 0, 3, 1, 2, 0, 0, 0, 0, 0, 3, 0, 0, 0, 0, 0, 0, 5, 0, 1, 1, 1, 0, 4, 1, 0, 5, 0, 3, 0, 0, 3, 0, 3, 1, 0, 0, 3, 0, 0, 0, 0, 4, 54, 0, 0, 4, 2, 0, 0, 0, 0, 0, 0, 4, 5, 0, 0, 50, 5, 2, 0, 0, 2, 1, 3, 1, 4, 3, 3, 0, 1, 0, 0, 2, 0, 0, 4, 0, 0, 3, 0, 0, 0, 0, 0, 0, 1, 0, 0, 2, 2, 1, 0, 0, 3, 0, 0, 0, 0, 2, 0, 1, 0, 51, 0, 3, 4, 0, 0, 50, 0, 0, 50, 3, 0, 53, 3, 5, 1, 0, 0, 0, 4, 0, 0, 1, 0, 0, 0, 0, 0, 0, 0, 0, 0, 0, 0, 0, 5, 2, 4, 0, 0, 0, 55, 0, 0, 0, 0, 55, 0, 0, 0, 0, 0, 0, 0, 0, 0, 3, 3, 0, 0, 0, 0, 2, 2, 0, 0, 0, 0, 0, 0, 0, 0, 2, : 1, 5, 4, 4, 2, 52, 4, 1, 4, 1, 3, 2, 3, 1, 2, 3, 5, 1, 1, 1, 4, 1, 5, 3, 3, 3, 1, 3, 4, 54, 4, 2, 4, 5, 50, 5, 2, 2, 1, 3, 1, 4, 3, 3, 1, 2, 4, 3, 1, 2, 2, 1, 3, 2, 1, 51, 3, 4, 50, 50, 3, 53, 3, 5, 1, 4, 1, 5, 2, 4, 55, 55, 3, 3, 2, 2, 2, 
79: 0, 0, 0, 0, 0, 0, 1, 0, 0, 0, 0, 0, 1, 0, 0, 0, 0, 1, 0, 0, 0, 0, 0, 0, 0, 1, 0, 4, 0, 0, 0, 3, 0, 0, 0, 0, 0, 2, 1, 5, 5, 0, 0, 0, 1, 2, 0, 51, 2, 2, 0, 3, 53, 0, 0, 0, 0, 0, 0, 0, 2, 0, 0, 0, 0, 3, 0, 0, 0, 3, 0, 0, 0, 0, 2, 0, 0, 0, 0, 4, 5, 0, 5, 1, 0, 0, 0, 0, 2, 0, 0, 1, 0, 0, 0, 0, 0, 0, 0, 2, 4, 0, 0, 2, 0, 0, 0, 5, 5, 1, 4, 0, 0, 2, 3, 2, 0, 0, 5, 1, 0, 0, 0, 4, 0, 4, 0, 1, 0, 5, 1, 0, 0, 3, 0, 3, 0, 0, 0, 0, 1, 3, 4, 0, 0, 1, 2, 0, 0, 0, 0, 0, 5, 0, 0, 0, 0, 0, 2, 2, 0, 0, 5, 0, 0, 0, 0, 0, 0, 0, 0, 0, 0, 0, 2, 0, 0, 0, 0, 0, 0, 55, 0, 0, 0, 4, 0, 2, 0, 4, 0, 0, 0, 0, 0, 1, 0, 1, 0, 51, : 1, 1, 1, 1, 4, 3, 2, 1, 5, 5, 1, 2, 51, 2, 2, 3, 53, 2, 3, 3, 2, 4, 5, 5, 1, 2, 1, 2, 4, 2, 5, 5, 1, 4, 2, 3, 2, 5, 1, 4, 4, 1, 5, 1, 3, 3, 1, 3, 4, 1, 2, 5, 2, 2, 5, 2, 55, 4, 2, 4, 1, 1, 51, 
77: 0, 0, 0, 0, 0, 0, 2, 0, 3, 0, 0, 0, 0, 0, 0, 1, 0, 4, 0, 0, 0, 0, 0, 0, 0, 3, 0, 1, 0, 0, 0, 0, 2, 4, 0, 0, 0, 0, 51, 0, 4, 0, 0, 0, 0, 0, 0, 0, 0, 3, 0, 2, 3, 0, 0, 0, 0, 5, 3, 5, 5, 1, 0, 0, 55, 4, 0, 0, 0, 5, 0, 1, 0, 54, 0, 0, 0, 0, 1, 0, 0, 0, 4, 5, 0, 3, 1, 0, 0, 0, 4, 5, 0, 0, 0, 3, 0, 0, 0, 0, 5, 0, 0, 3, 4, 0, 0, 0, 0, 4, 2, 0, 2, 0, 4, 3, 0, 0, 5, 0, 1, 54, 0, 3, 3, 3, 2, 0, 1, 3, 5, 0, 0, 0, 55, 0, 0, 0, 0, 0, 4, 2, 4, 1, 0, 0, 1, 0, 0, 2, 0, 51, 0, 0, 0, 0, 0, 0, 0, 0, 0, 1, 1, 0, 0, 0, 0, 4, 0, 0, 0, 0, 4, 0, 1, 0, 0, 0, 0, 2, 2, 0, 53, 0, 0, 0, 2, 1, 0, 1, 0, 0, 0, 0, 0, 0, 0, 0, 0, 0, : 2, 3, 1, 4, 3, 1, 2, 4, 51, 4, 3, 2, 3, 5, 3, 5, 5, 1, 55, 4, 5, 1, 54, 1, 4, 5, 3, 1, 4, 5, 3, 5, 3, 4, 4, 2, 2, 4, 3, 5, 1, 54, 3, 3, 3, 2, 1, 3, 5, 55, 4, 2, 4, 1, 1, 2, 51, 1, 1, 4, 4, 1, 2, 2, 53, 2, 1, 1, 
98: 0, 0, 0, 0, 0, 0, 5, 0, 0, 0, 0, 1, 0, 0, 0, 0, 0, 1, 2, 0, 0, 3, 0, 0, 0, 0, 0, 5, 0, 0, 0, 0, 0, 0, 0, 0, 0, 0, 1, 0, 3, 0, 0, 55, 0, 0, 0, 0, 0, 1, 0, 5, 0, 0, 2, 0, 0, 0, 0, 0, 2, 0, 0, 3, 0, 2, 0, 0, 0, 4, 0, 0, 0, 0, 1, 0, 1, 0, 0, 0, 0, 0, 3, 4, 0, 0, 5, 1, 0, 0, 2, 1, 0, 0, 0, 0, 0, 0, 0, 1, 2, 0, 50, 2, 0, 5, 0, 50, 0, 0, 4, 0, 0, 51, 4, 1, 0, 0, 1, 0, 50, 5, 55, 2, 0, 4, 0, 1, 0, 1, 1, 0, 53, 0, 0, 0, 0, 1, 53, 0, 5, 0, 3, 0, 0, 0, 4, 0, 4, 0, 0, 3, 0, 3, 4, 0, 5, 0, 0, 4, 0, 0, 4, 0, 1, 0, 3, 0, 0, 55, 0, 5, 0, 0, 0, 0, 51, 3, 0, 0, 2, 1, 5, 0, 0, 0, 0, 0, 0, 4, 0, 1, 0, 0, 0, 1, 0, 0, 0, 0, : 5, 1, 1, 2, 3, 5, 1, 3, 55, 1, 5, 2, 2, 3, 2, 4, 1, 1, 3, 4, 5, 1, 2, 1, 1, 2, 50, 2, 5, 50, 4, 51, 4, 1, 1, 50, 5, 55, 2, 4, 1, 1, 1, 53, 1, 53, 5, 3, 4, 4, 3, 3, 4, 5, 4, 4, 1, 3, 55, 5, 51, 3, 2, 1, 5, 4, 1, 1, 
70: 51, 0, 2, 0, 50, 0, 5, 3, 1, 0, 0, 0, 0, 1, 0, 0, 0, 1, 4, 0, 0, 0, 0, 0, 0, 0, 0, 2, 0, 0, 54, 0, 3, 0, 0, 0, 0, 5, 0, 0, 1, 0, 0, 0, 3, 0, 0, 0, 0, 1, 0, 5, 0, 0, 0, 0, 0, 0, 1, 0, 1, 0, 0, 0, 0, 3, 0, 0, 0, 1, 0, 0, 0, 1, 0, 0, 4, 0, 3, 0, 0, 0, 3, 4, 0, 0, 0, 0, 0, 0, 5, 2, 1, 0, 1, 0, 1, 0, 0, 0, 2, 52, 0, 2, 0, 0, 0, 4, 0, 0, 2, 0, 0, 0, 5, 3, 0, 0, 2, 2, 0, 0, 0, 4, 0, 4, 0, 3, 0, 1, 5, 0, 4, 0, 0, 0, 0, 0, 2, 1, 4, 5, 3, 0, 0, 0, 5, 0, 0, 0, 0, 2, 0, 0, 0, 3, 0, 54, 1, 0, 0, 0, 4, 0, 3, 0, 0, 0, 0, 0, 0, 0, 52, 0, 0, 0, 0, 0, 5, 0, 0, 0, 1, 0, 0, 0, 0, 0, 0, 2, 0, 0, 0, 0, 0, 0, 0, 0, 0, 0, : 51, 2, 50, 5, 3, 1, 1, 1, 4, 2, 54, 3, 5, 1, 3, 1, 5, 1, 1, 3, 1, 1, 4, 3, 3, 4, 5, 2, 1, 1, 1, 2, 52, 2, 4, 2, 5, 3, 2, 2, 4, 4, 3, 1, 5, 4, 2, 1, 4, 5, 3, 5, 2, 3, 54, 1, 4, 3, 52, 5, 1, 2, 
73: 5, 5, 3, 0, 0, 0, 3, 0, 0, 2, 0, 0, 0, 0, 0, 1, 0, 4, 1, 0, 0, 0, 4, 0, 0, 2, 0, 5, 2, 0, 0, 1, 0, 0, 52, 0, 0, 1, 2, 0, 4, 3, 0, 3, 52, 0, 1, 0, 0, 2, 0, 1, 0, 0, 0, 1, 0, 0, 0, 0, 4, 0, 0, 0, 1, 3, 0, 0, 0, 5, 1, 0, 0, 0, 0, 0, 0, 0, 0, 51, 0, 5, 4, 5, 0, 0, 0, 0, 55, 0, 1, 5, 5, 0, 0, 0, 0, 0, 55, 0, 1, 1, 2, 3, 0, 0, 0, 0, 0, 0, 1, 0, 0, 0, 3, 2, 0, 1, 3, 3, 2, 0, 0, 5, 0, 5, 1, 0, 1, 2, 1, 53, 0, 1, 0, 0, 1, 0, 0, 0, 2, 2, 0, 0, 0, 0, 3, 0, 0, 0, 0, 0, 1, 0, 0, 2, 0, 5, 0, 1, 0, 0, 5, 0, 0, 0, 2, 0, 0, 0, 0, 0, 0, 0, 0, 0, 1, 0, 0, 0, 3, 0, 0, 0, 0, 0, 1, 0, 1, 1, 0, 0, 0, 0, 0, 0, 2, 0, 1, 1, : 5, 5, 3, 3, 2, 1, 4, 1, 4, 2, 5, 2, 1, 52, 1, 2, 4, 3, 3, 52, 1, 2, 1, 1, 4, 1, 3, 5, 1, 51, 5, 4, 5, 55, 1, 5, 5, 55, 1, 1, 2, 3, 1, 3, 2, 1, 3, 3, 2, 5, 5, 1, 1, 2, 1, 53, 1, 1, 2, 2, 3, 1, 2, 5, 1, 5, 2, 1, 3, 1, 1, 1, 2, 1, 1, 
88: 0, 53, 0, 52, 0, 0, 5, 0, 0, 0, 0, 0, 0, 0, 0, 0, 0, 2, 0, 0, 1, 0, 1, 54, 1, 0, 55, 5, 0, 0, 0, 0, 2, 0, 1, 0, 0, 0, 0, 0, 4, 1, 4, 0, 0, 0, 0, 3, 0, 4, 0, 1, 0, 0, 0, 0, 0, 2, 0, 0, 4, 3, 0, 1, 0, 4, 0, 0, 0, 5, 51, 0, 0, 0, 0, 0, 0, 0, 0, 0, 1, 0, 2, 2, 0, 0, 0, 4, 0, 0, 2, 2, 0, 3, 0, 0, 0, 0, 0, 0, 1, 0, 0, 1, 0, 52, 0, 0, 0, 0, 2, 0, 2, 0, 3, 1, 0, 0, 3, 50, 0, 0, 0, 1, 0, 4, 50, 1, 0, 5, 4, 0, 0, 0, 0, 2, 3, 0, 0, 0, 4, 3, 5, 5, 0, 0, 1, 0, 55, 0, 0, 0, 0, 0, 2, 0, 0, 0, 0, 0, 5, 52, 1, 0, 0, 1, 0, 0, 0, 0, 0, 0, 0, 0, 5, 0, 0, 0, 0, 1, 0, 0, 0, 1, 0, 0, 53, 0, 0, 4, 0, 52, 55, 0, 0, 0, 0, 0, 0, 0, : 53, 52, 5, 2, 1, 1, 54, 1, 55, 5, 2, 1, 4, 1, 4, 3, 4, 1, 2, 4, 3, 1, 4, 5, 51, 1, 2, 2, 4, 2, 2, 3, 1, 1, 52, 2, 2, 3, 1, 3, 50, 1, 4, 50, 1, 5, 4, 2, 3, 4, 3, 5, 5, 1, 55, 2, 5, 52, 1, 1, 5, 1, 1, 53, 4, 52, 55, 
97: 2, 0, 1, 0, 0, 51, 2, 2, 0, 0, 0, 0, 1, 0, 0, 0, 0, 5, 51, 2, 0, 0, 0, 0, 0, 0, 0, 5, 0, 0, 0, 0, 0, 0, 2, 5, 0, 0, 0, 1, 2, 0, 0, 0, 0, 0, 0, 0, 0, 5, 0, 4, 0, 0, 0, 0, 0, 52, 0, 0, 4, 4, 0, 0, 0, 3, 0, 2, 0, 4, 0, 4, 0, 0, 0, 4, 51, 0, 0, 1, 0, 0, 2, 4, 0, 0, 0, 0, 0, 0, 4, 5, 0, 0, 0, 0, 53, 0, 0, 1, 3, 0, 4, 3, 0, 0, 0, 0, 0, 0, 3, 0, 0, 0, 2, 3, 51, 0, 4, 0, 0, 1, 0, 3, 53, 2, 0, 3, 0, 4, 3, 0, 0, 0, 0, 52, 0, 0, 5, 0, 3, 3, 3, 0, 0, 55, 2, 0, 0, 1, 52, 0, 0, 1, 0, 0, 0, 0, 0, 0, 0, 0, 4, 0, 0, 0, 0, 0, 0, 0, 52, 2, 0, 0, 0, 0, 2, 0, 0, 0, 0, 2, 0, 54, 0, 0, 0, 0, 0, 2, 0, 0, 0, 4, 4, 2, 1, 0, 0, 0, : 2, 1, 51, 2, 2, 1, 5, 51, 2, 5, 2, 5, 1, 2, 5, 4, 52, 4, 4, 3, 2, 4, 4, 4, 51, 1, 2, 4, 4, 5, 53, 1, 3, 4, 3, 3, 2, 3, 51, 4, 1, 3, 53, 2, 3, 4, 3, 52, 5, 3, 3, 3, 55, 2, 1, 52, 1, 4, 52, 2, 2, 2, 54, 2, 4, 4, 2, 1, 
25: 0, 0, 2, 0, 0, 0, 5, 0, 0, 0, 5, 1, 0, 0, 55, 0, 0, 1, 0, 0, 1, 2, 0, 5, 2, 51, 3, 1, 0, 2, 0, 0, 51, 0, 0, 0, 5, 0, 0, 0, 3, 0, 5, 0, 0, 0, 0, 0, 0, 5, 5, 5, 4, 2, 0, 0, 0, 0, 0, 0, 2, 0, 0, 0, 3, 3, 0, 0, 0, 2, 0, 0, 0, 5, 0, 1, 0, 4, 0, 0, 0, 2, 1, 3, 55, 4, 0, 0, 0, 55, 5, 3, 0, 3, 0, 0, 0, 0, 0, 0, 4, 0, 0, 2, 0, 0, 2, 0, 0, 0, 3, 0, 0, 0, 0, 3, 0, 4, 2, 0, 0, 0, 0, 4, 0, 3, 0, 0, 1, 3, 4, 0, 0, 0, 0, 0, 0, 0, 0, 0, 3, 5, 4, 0, 0, 0, 5, 0, 0, 53, 0, 0, 0, 2, 53, 0, 0, 0, 0, 51, 0, 0, 1, 0, 0, 0, 0, 0, 0, 0, 0, 2, 0, 0, 0, 0, 0, 0, 1, 0, 51, 1, 0, 0, 0, 0, 0, 0, 0, 5, 0, 0, 0, 0, 0, 0, 2, 3, 51, 0, : 2, 5, 5, 1, 55, 1, 1, 2, 5, 2, 51, 3, 1, 2, 51, 5, 3, 5, 5, 5, 5, 4, 2, 2, 3, 3, 2, 5, 1, 4, 2, 1, 3, 55, 4, 55, 5, 3, 3, 4, 2, 2, 3, 3, 4, 2, 4, 3, 1, 3, 4, 3, 5, 4, 5, 53, 2, 53, 51, 1, 2, 1, 51, 1, 5, 2, 3, 51, 
34: 0, 0, 0, 0, 0, 1, 1, 0, 0, 0, 0, 0, 1, 51, 0, 0, 0, 2, 0, 0, 52, 0, 54, 0, 0, 0, 0, 4, 0, 0, 0, 3, 0, 0, 0, 0, 1, 0, 1, 50, 2, 3, 0, 0, 0, 0, 0, 0, 0, 1, 0, 5, 0, 0, 0, 2, 1, 0, 2, 1, 4, 0, 0, 0, 1, 5, 0, 0, 0, 2, 0, 0, 0, 0, 1, 0, 1, 0, 0, 0, 0, 0, 3, 5, 0, 0, 0, 0, 0, 0, 1, 5, 51, 0, 0, 0, 0, 0, 0, 1, 2, 0, 0, 4, 0, 0, 0, 0, 1, 0, 5, 1, 0, 0, 4, 3, 0, 0, 3, 0, 2, 0, 0, 1, 4, 1, 1, 0, 0, 1, 4, 0, 0, 1, 0, 0, 1, 0, 0, 0, 3, 0, 4, 2, 55, 0, 3, 0, 0, 2, 0, 0, 0, 0, 0, 0, 0, 1, 4, 0, 0, 0, 1, 0, 0, 0, 0, 0, 0, 0, 0, 0, 0, 0, 0, 0, 1, 0, 0, 0, 0, 0, 0, 0, 0, 0, 0, 0, 52, 5, 1, 0, 0, 0, 1, 52, 0, 0, 0, 0, : 1, 1, 1, 51, 2, 52, 54, 4, 3, 1, 1, 50, 2, 3, 1, 5, 2, 1, 2, 1, 4, 1, 5, 2, 1, 1, 3, 5, 1, 5, 51, 1, 2, 4, 1, 5, 1, 4, 3, 3, 2, 1, 4, 1, 1, 1, 4, 1, 1, 3, 4, 2, 55, 3, 2, 1, 4, 1, 1, 52, 5, 1, 1, 52, 
89: 0, 0, 1, 0, 2, 0, 4, 0, 0, 0, 0, 0, 5, 2, 0, 3, 0, 3, 0, 0, 0, 51, 0, 0, 0, 0, 0, 1, 0, 0, 0, 52, 0, 0, 0, 0, 0, 0, 0, 0, 1, 53, 0, 0, 0, 0, 0, 0, 0, 1, 0, 1, 0, 0, 50, 0, 0, 0, 0, 1, 5, 0, 3, 50, 0, 2, 1, 0, 50, 2, 0, 0, 0, 0, 51, 0, 0, 0, 50, 0, 0, 2, 2, 4, 0, 0, 0, 50, 0, 0, 4, 1, 0, 0, 1, 0, 0, 1, 0, 0, 5, 1, 0, 3, 54, 0, 0, 1, 0, 0, 1, 0, 0, 4, 3, 3, 0, 0, 5, 2, 4, 0, 0, 1, 0, 5, 0, 0, 0, 2, 5, 0, 0, 2, 0, 0, 0, 0, 0, 2, 1, 2, 4, 0, 0, 0, 3, 5, 0, 0, 0, 0, 0, 0, 0, 1, 0, 0, 0, 0, 0, 0, 2, 2, 0, 3, 0, 3, 2, 0, 0, 0, 0, 3, 0, 5, 0, 0, 0, 0, 0, 0, 0, 0, 0, 55, 0, 53, 1, 5, 1, 1, 4, 3, 0, 0, 55, 0, 0, 0, : 1, 2, 4, 5, 2, 3, 3, 51, 1, 52, 1, 53, 1, 1, 50, 1, 5, 3, 50, 2, 1, 50, 2, 51, 50, 2, 2, 4, 50, 4, 1, 1, 1, 5, 1, 3, 54, 1, 1, 4, 3, 3, 5, 2, 4, 1, 5, 2, 5, 2, 2, 1, 2, 4, 3, 5, 1, 2, 2, 3, 3, 2, 3, 5, 55, 53, 1, 5, 1, 1, 4, 3, 55, 
72: 0, 0, 0, 0, 0, 0, 1, 0, 0, 0, 1, 0, 0, 0, 0, 2, 0, 5, 0, 0, 4, 1, 0, 0, 1, 0, 0, 4, 0, 0, 0, 0, 0, 0, 0, 0, 0, 0, 0, 4, 3, 0, 0, 0, 0, 3, 0, 0, 4, 3, 0, 3, 0, 0, 5, 2, 0, 0, 0, 0, 1, 0, 50, 0, 0, 1, 0, 2, 0, 1, 3, 0, 0, 0, 0, 1, 0, 0, 0, 0, 51, 0, 5, 4, 0, 0, 0, 0, 0, 0, 5, 4, 0, 0, 0, 0, 0, 5, 0, 1, 1, 1, 0, 4, 0, 3, 2, 0, 0, 50, 4, 0, 0, 0, 2, 5, 0, 0, 1, 0, 0, 0, 5, 3, 0, 5, 0, 0, 0, 5, 5, 2, 0, 3, 0, 3, 0, 1, 0, 0, 4, 3, 0, 0, 0, 0, 5, 0, 0, 0, 0, 1, 0, 0, 0, 0, 0, 0, 50, 1, 0, 5, 5, 0, 0, 0, 0, 0, 0, 0, 0, 0, 0, 0, 0, 0, 0, 0, 0, 3, 1, 1, 0, 0, 4, 0, 2, 0, 0, 4, 51, 0, 0, 52, 53, 0, 0, 52, 0, 2, : 1, 1, 2, 5, 4, 1, 1, 4, 4, 3, 3, 4, 3, 3, 5, 2, 1, 50, 1, 2, 1, 3, 1, 51, 5, 4, 5, 4, 5, 1, 1, 1, 4, 3, 2, 50, 4, 2, 5, 1, 5, 3, 5, 5, 5, 2, 3, 3, 1, 4, 3, 5, 1, 50, 1, 5, 5, 3, 1, 1, 4, 2, 4, 51, 52, 53, 52, 2, 
5: 0, 0, 0, 0, 0, 2, 4, 1, 3, 54, 0, 0, 0, 0, 0, 51, 0, 5, 2, 3, 0, 0, 0, 0, 1, 0, 0, 1, 0, 0, 0, 0, 0, 0, 0, 0, 0, 0, 0, 0, 3, 0, 0, 1, 0, 0, 0, 0, 0, 1, 0, 2, 0, 0, 0, 0, 0, 0, 2, 0, 1, 0, 1, 1, 0, 1, 0, 0, 2, 2, 0, 52, 0, 0, 1, 0, 3, 0, 0, 0, 0, 0, 3, 3, 0, 51, 0, 0, 0, 4, 0, 5, 0, 0, 1, 0, 0, 0, 0, 0, 7, 0, 0, 5, 1, 0, 5, 0, 0, 0, 4, 5, 0, 0, 4, 4, 0, 0, 4, 0, 0, 0, 0, 5, 0, 1, 0, 0, 5, 2, 2, 0, 3, 0, 0, 0, 0, 1, 0, 1, 3, 1, 4, 50, 0, 0, 5, 51, 0, 0, 0, 2, 1, 2, 0, 0, 0, 0, 0, 0, 0, 0, 2, 0, 52, 3, 1, 0, 0, 0, 0, 0, 0, 0, 0, 0, 2, 55, 0, 50, 0, 0, 1, 0, 0, 0, 0, 0, 0, 1, 0, 2, 0, 0, 0, 0, 0, 0, 1, 0, : 2, 4, 1, 3, 54, 51, 5, 2, 3, 1, 1, 3, 1, 1, 2, 2, 1, 1, 1, 1, 2, 2, 52, 1, 3, 3, 3, 51, 4, 5, 1, 7, 5, 1, 5, 4, 5, 4, 4, 4, 5, 1, 5, 2, 2, 3, 1, 1, 3, 1, 4, 50, 5, 51, 2, 1, 2, 2, 52, 3, 1, 2, 55, 50, 1, 1, 2, 1, 


16: 0, 0, 0, 0, 0, 0, 0, 4, 0, 1, 0, 0, 3, 0, 2, 5, 0, 0, 5, 2, 0, 0, 0, 1, 4, 0, 0, 0, 0, 0, 0, 2, 0, 0, 5, 0, 3, 2, 0, 0, 0, 0, 0, 4, 0, 0, 0, 4, 0, 0, 0, 0, 0, 0, 4, 1, 0, 0, 0, 0, 0, 1, 4, 0, 5, 5, 0, 0, 0, 0, 0, 2, 1, 0, 0, 3, 0, 0, 0, 2, 1, 0, 0, 1, 2, 1, 0, 0, 3, 0, 51, 0, 0, 0, 5, 0, 0, 0, 0, 0, 4, 0, 0, 5, 50, 0, 3, 1, 0, 0, 4, 0, 6, 1, 5, 0, 0, 0, 0, 0, 0, 3, 0, 3, 1, 0, 0, 0, 1, 0, 0, 0, 0, 0, 1, 0, 0, 0, 0, 0, 0, 0, 0, 3, 1, 0, 0, 51, 55, 0, 0, 1, 3, 5, 0, 2, 0, 0, 0, 3, 0, 0, 0, 5, 0, 3, 0, 0, 0, 0, 4, 0, 1, 0, 0, 0, 0, 3, 4, 0, 50, 0, 2, 0, 2, 0, 0, 0, 0, 0, 0, 0, 2, 1, 0, 51, 0, 0, 3, 1, : 4, 1, 3, 2, 5, 5, 2, 1, 4, 2, 5, 3, 2, 4, 4, 4, 1, 1, 4, 5, 5, 2, 1, 3, 2, 1, 1, 2, 1, 3, 51, 5, 4, 5, 50, 3, 1, 4, 6, 1, 5, 3, 3, 1, 1, 1, 3, 1, 51, 55, 1, 3, 5, 2, 3, 5, 3, 4, 1, 3, 4, 50, 2, 2, 2, 1, 51, 3, 1, 
51: 0, 0, 3, 0, 0, 0, 0, 0, 1, 0, 0, 0, 1, 0, 2, 2, 0, 55, 1, 5, 0, 4, 0, 0, 0, 0, 0, 0, 0, 1, 3, 0, 52, 0, 0, 0, 3, 2, 0, 0, 0, 2, 0, 1, 2, 0, 0, 3, 0, 0, 0, 0, 0, 0, 1, 0, 0, 0, 0, 0, 0, 3, 0, 0, 5, 3, 0, 0, 0, 0, 0, 50, 3, 0, 3, 1, 0, 5, 0, 5, 3, 0, 0, 0, 3, 0, 1, 0, 0, 0, 0, 4, 0, 0, 3, 0, 0, 0, 0, 3, 1, 0, 0, 1, 0, 4, 5, 3, 1, 0, 0, 0, 4, 2, 2, 1, 0, 53, 0, 0, 0, 2, 0, 2, 5, 0, 0, 0, 0, 0, 0, 0, 1, 0, 2, 0, 0, 0, 5, 0, 2, 0, 0, 4, 0, 0, 0, 0, 0, 0, 0, 0, 0, 3, 0, 2, 0, 0, 0, 2, 0, 4, 1, 0, 0, 1, 0, 0, 0, 0, 2, 51, 0, 0, 0, 0, 0, 2, 1, 0, 0, 54, 0, 0, 4, 0, 1, 0, 0, 0, 0, 1, 0, 0, 0, 0, 0, 0, 1, 0, : 3, 1, 1, 2, 2, 55, 1, 5, 4, 1, 3, 52, 3, 2, 2, 1, 2, 3, 1, 3, 5, 3, 50, 3, 3, 1, 5, 5, 3, 3, 1, 4, 3, 3, 1, 1, 4, 5, 3, 1, 4, 2, 2, 1, 53, 2, 2, 5, 1, 2, 5, 2, 4, 3, 2, 2, 4, 1, 1, 2, 51, 2, 1, 54, 4, 1, 1, 1, 
20: 50, 0, 0, 0, 0, 0, 0, 0, 0, 4, 0, 1, 3, 0, 1, 5, 0, 0, 2, 1, 3, 0, 0, 0, 0, 0, 5, 0, 0, 4, 0, 0, 1, 4, 0, 0, 1, 2, 0, 0, 2, 0, 0, 4, 0, 0, 0, 1, 0, 0, 0, 2, 0, 0, 5, 0, 0, 0, 54, 0, 0, 3, 5, 54, 5, 1, 0, 0, 0, 0, 0, 0, 5, 2, 3, 5, 3, 0, 0, 3, 1, 0, 0, 0, 0, 50, 1, 0, 0, 0, 0, 0, 0, 0, 3, 0, 0, 0, 3, 0, 2, 0, 0, 2, 0, 0, 2, 5, 0, 0, 0, 1, 5, 5, 4, 0, 1, 0, 4, 52, 0, 2, 0, 5, 3, 54, 0, 0, 1, 0, 0, 0, 0, 2, 7, 1, 0, 0, 0, 0, 0, 1, 0, 2, 0, 0, 0, 0, 0, 0, 2, 0, 3, 1, 0, 0, 0, 1, 0, 1, 0, 0, 1, 0, 0, 4, 0, 0, 0, 0, 3, 0, 1, 0, 1, 0, 1, 3, 2, 0, 0, 0, 2, 1, 4, 0, 0, 0, 0, 0, 0, 54, 0, 0, 4, 0, 0, 0, 5, 0, : 50, 4, 1, 3, 1, 5, 2, 1, 3, 5, 4, 1, 4, 1, 2, 2, 4, 1, 2, 5, 54, 3, 5, 54, 5, 1, 5, 2, 3, 5, 3, 3, 1, 50, 1, 3, 3, 2, 2, 2, 5, 1, 5, 5, 4, 1, 4, 52, 2, 5, 3, 54, 1, 2, 7, 1, 1, 2, 2, 3, 1, 1, 1, 1, 4, 3, 1, 1, 1, 3, 2, 2, 1, 4, 54, 4, 5, 
60: 0, 0, 0, 0, 0, 53, 0, 2, 0, 2, 2, 0, 5, 0, 1, 3, 3, 0, 1, 5, 0, 0, 55, 3, 0, 0, 0, 0, 0, 0, 0, 0, 5, 0, 0, 0, 4, 1, 0, 0, 0, 0, 0, 5, 0, 0, 0, 3, 0, 2, 0, 0, 0, 0, 3, 0, 0, 0, 4, 3, 0, 2, 2, 0, 4, 1, 0, 0, 0, 0, 0, 0, 5, 0, 1, 4, 0, 0, 0, 1, 2, 3, 0, 0, 0, 0, 0, 0, 0, 0, 0, 2, 0, 0, 5, 0, 0, 0, 0, 0, 2, 0, 3, 2, 0, 0, 2, 1, 54, 5, 0, 0, 3, 5, 2, 51, 0, 0, 0, 0, 0, 1, 1, 0, 1, 0, 0, 0, 0, 0, 0, 0, 0, 0, 4, 0, 0, 0, 0, 0, 0, 0, 0, 2, 0, 2, 0, 0, 0, 0, 0, 0, 1, 5, 0, 0, 0, 0, 0, 3, 0, 0, 0, 0, 0, 4, 0, 0, 0, 0, 1, 0, 5, 0, 0, 1, 0, 1, 2, 4, 0, 0, 2, 0, 2, 0, 0, 0, 0, 0, 1, 0, 0, 0, 0, 0, 0, 0, 3, 0, : 53, 2, 2, 2, 5, 1, 3, 3, 1, 5, 55, 3, 5, 4, 1, 5, 3, 2, 3, 4, 3, 2, 2, 4, 1, 5, 1, 4, 1, 2, 3, 2, 5, 2, 3, 2, 2, 1, 54, 5, 3, 5, 2, 51, 1, 1, 1, 4, 2, 2, 1, 5, 3, 4, 1, 5, 1, 1, 2, 4, 2, 2, 1, 3, 
83: 0, 0, 0, 0, 0, 4, 0, 0, 1, 0, 3, 3, 1, 0, 2, 3, 0, 0, 4, 2, 0, 0, 1, 0, 0, 0, 0, 0, 0, 0, 0, 0, 0, 1, 50, 5, 1, 3, 1, 0, 0, 0, 0, 2, 0, 5, 0, 1, 50, 0, 0, 0, 1, 0, 4, 0, 2, 0, 0, 0, 0, 4, 5, 0, 4, 1, 0, 0, 0, 2, 0, 4, 5, 0, 0, 0, 2, 0, 0, 4, 3, 0, 0, 1, 0, 0, 0, 0, 0, 0, 0, 51, 0, 0, 2, 0, 0, 0, 0, 0, 5, 0, 0, 3, 0, 1, 4, 1, 0, 0, 0, 0, 2, 3, 4, 0, 0, 5, 0, 0, 0, 5, 0, 0, 2, 0, 0, 0, 1, 4, 0, 2, 0, 0, 2, 53, 0, 0, 0, 0, 0, 0, 0, 1, 51, 0, 0, 1, 0, 0, 0, 0, 3, 5, 0, 0, 0, 0, 0, 5, 0, 0, 0, 0, 0, 2, 0, 0, 0, 0, 5, 0, 0, 0, 0, 0, 0, 3, 5, 51, 0, 0, 0, 0, 1, 0, 50, 52, 0, 0, 0, 0, 3, 0, 0, 0, 0, 0, 3, 0, : 4, 1, 3, 3, 1, 2, 3, 4, 2, 1, 1, 50, 5, 1, 3, 1, 2, 5, 1, 50, 1, 4, 2, 4, 5, 4, 1, 2, 4, 5, 2, 4, 3, 1, 51, 2, 5, 3, 1, 4, 1, 2, 3, 4, 5, 5, 2, 1, 4, 2, 2, 53, 1, 51, 1, 3, 5, 5, 2, 5, 3, 5, 51, 1, 50, 52, 3, 3, 
100: 0, 0, 0, 0, 0, 1, 0, 1, 0, 51, 0, 0, 5, 0, 1, 1, 0, 5, 1, 1, 0, 0, 0, 1, 1, 0, 0, 0, 0, 0, 0, 0, 0, 2, 0, 51, 1, 2, 0, 5, 5, 0, 0, 2, 0, 0, 0, 2, 0, 0, 0, 0, 0, 0, 4, 0, 53, 0, 0, 0, 3, 1, 1, 0, 0, 2, 0, 53, 0, 52, 0, 0, 2, 0, 0, 4, 52, 0, 0, 3, 1, 0, 0, 1, 0, 0, 0, 0, 0, 0, 0, 3, 0, 50, 2, 0, 0, 0, 51, 0, 4, 0, 0, 5, 0, 0, 3, 5, 0, 0, 0, 0, 4, 5, 4, 0, 5, 0, 0, 0, 0, 2, 2, 4, 5, 0, 52, 0, 0, 0, 50, 50, 0, 0, 3, 0, 0, 0, 52, 0, 51, 0, 0, 0, 0, 0, 0, 0, 0, 1, 0, 50, 5, 3, 0, 0, 0, 3, 0, 1, 0, 0, 0, 0, 53, 3, 4, 54, 0, 0, 5, 0, 1, 4, 0, 1, 0, 3, 2, 0, 0, 0, 2, 0, 3, 0, 0, 0, 0, 0, 3, 0, 0, 0, 0, 0, 52, 0, 3, 0, : 1, 1, 51, 5, 1, 1, 5, 1, 1, 1, 1, 2, 51, 1, 2, 5, 5, 2, 2, 4, 53, 3, 1, 1, 2, 53, 52, 2, 4, 52, 3, 1, 1, 3, 50, 2, 51, 4, 5, 3, 5, 4, 5, 4, 5, 2, 2, 4, 5, 52, 50, 50, 3, 52, 51, 1, 50, 5, 3, 3, 1, 53, 3, 4, 54, 5, 1, 4, 1, 3, 2, 2, 3, 3, 52, 3, 
96: 0, 0, 0, 0, 0, 0, 52, 0, 4, 0, 3, 0, 2, 0, 2, 3, 0, 0, 5, 4, 0, 0, 0, 0, 0, 1, 0, 0, 0, 54, 0, 0, 0, 50, 0, 0, 4, 4, 0, 0, 0, 55, 0, 3, 0, 2, 0, 4, 0, 0, 0, 0, 0, 0, 2, 0, 0, 2, 0, 52, 0, 4, 0, 1, 0, 4, 0, 4, 0, 0, 0, 4, 5, 0, 0, 3, 0, 0, 0, 2, 5, 1, 0, 0, 0, 2, 0, 52, 0, 0, 0, 0, 0, 0, 4, 0, 0, 4, 1, 4, 1, 0, 0, 3, 0, 3, 5, 2, 0, 0, 0, 3, 1, 2, 5, 1, 0, 0, 0, 0, 0, 3, 0, 3, 5, 0, 0, 0, 0, 0, 0, 0, 0, 0, 1, 0, 50, 55, 0, 0, 0, 0, 0, 5, 0, 2, 1, 0, 1, 0, 2, 0, 3, 2, 52, 0, 0, 0, 0, 2, 0, 0, 0, 0, 0, 4, 1, 0, 0, 3, 1, 0, 0, 0, 0, 0, 0, 4, 4, 2, 0, 0, 0, 0, 1, 2, 0, 0, 0, 52, 0, 0, 0, 0, 0, 5, 0, 0, 3, 0, : 52, 4, 3, 2, 2, 3, 5, 4, 1, 54, 50, 4, 4, 55, 3, 2, 4, 2, 2, 52, 4, 1, 4, 4, 4, 5, 3, 2, 5, 1, 2, 52, 4, 4, 1, 4, 1, 3, 3, 5, 2, 3, 1, 2, 5, 1, 3, 3, 5, 1, 50, 55, 5, 2, 1, 1, 2, 3, 2, 52, 2, 4, 1, 3, 1, 4, 4, 2, 1, 2, 52, 5, 3, 
65: 0, 0, 0, 5, 2, 0, 0, 0, 0, 0, 0, 1, 1, 0, 2, 5, 0, 0, 5, 3, 0, 0, 0, 0, 4, 51, 0, 0, 53, 0, 5, 1, 0, 0, 0, 0, 5, 5, 0, 0, 0, 0, 0, 4, 5, 52, 0, 4, 0, 0, 52, 0, 0, 0, 4, 1, 0, 0, 0, 0, 2, 3, 4, 0, 5, 4, 0, 0, 0, 0, 5, 0, 1, 0, 0, 4, 0, 0, 1, 2, 2, 0, 5, 0, 0, 0, 0, 0, 0, 53, 5, 0, 51, 0, 1, 0, 0, 0, 0, 0, 4, 0, 0, 2, 0, 0, 5, 4, 0, 0, 53, 0, 2, 4, 5, 0, 0, 0, 0, 0, 0, 4, 0, 4, 4, 0, 0, 0, 5, 0, 0, 0, 5, 1, 2, 0, 1, 1, 0, 0, 4, 0, 0, 3, 0, 0, 1, 0, 0, 0, 4, 0, 3, 4, 0, 53, 54, 0, 0, 3, 0, 0, 5, 0, 0, 5, 0, 0, 0, 55, 3, 4, 0, 0, 0, 0, 0, 2, 3, 0, 4, 1, 0, 0, 3, 0, 0, 0, 0, 0, 0, 0, 0, 53, 0, 0, 0, 0, 1, 0, : 5, 2, 1, 1, 2, 5, 5, 3, 4, 51, 53, 5, 1, 5, 5, 4, 5, 52, 4, 52, 4, 1, 2, 3, 4, 5, 4, 5, 1, 4, 1, 2, 2, 5, 53, 5, 51, 1, 4, 2, 5, 4, 53, 2, 4, 5, 4, 4, 4, 5, 5, 1, 2, 1, 1, 4, 3, 1, 4, 3, 4, 53, 54, 3, 5, 5, 55, 3, 4, 2, 3, 4, 1, 3, 53, 1, 
4: 3, 0, 2, 0, 0, 0, 0, 0, 0, 1, 0, 0, 4, 0, 4, 5, 0, 0, 4, 5, 0, 0, 0, 0, 0, 0, 51, 0, 0, 0, 0, 0, 0, 0, 0, 0, 2, 2, 4, 0, 0, 0, 0, 1, 0, 0, 0, 3, 0, 0, 0, 1, 55, 0, 5, 0, 0, 0, 1, 0, 0, 4, 3, 0, 5, 2, 54, 0, 0, 1, 0, 0, 5, 0, 0, 3, 0, 0, 0, 4, 1, 0, 0, 0, 1, 0, 0, 0, 0, 3, 0, 0, 0, 0, 4, 0, 0, 0, 0, 0, 2, 50, 1, 2, 0, 0, 3, 4, 0, 52, 0, 0, 4, 1, 5, 5, 0, 0, 0, 0, 1, 4, 52, 3, 5, 0, 0, 0, 0, 0, 0, 0, 0, 0, 3, 0, 1, 4, 0, 1, 0, 0, 0, 2, 0, 0, 0, 5, 0, 0, 0, 0, 5, 4, 0, 0, 0, 0, 0, 3, 0, 0, 0, 0, 0, 5, 0, 0, 0, 0, 1, 0, 50, 0, 0, 3, 51, 4, 3, 2, 5, 0, 0, 0, 2, 0, 1, 2, 0, 0, 0, 0, 1, 0, 0, 0, 0, 0, 1, 0, : 3, 2, 1, 4, 4, 5, 4, 5, 51, 2, 2, 4, 1, 3, 1, 55, 5, 1, 4, 3, 5, 2, 54, 1, 5, 3, 4, 1, 1, 3, 4, 2, 50, 1, 2, 3, 4, 52, 4, 1, 5, 5, 1, 4, 52, 3, 5, 3, 1, 4, 1, 2, 5, 5, 4, 3, 5, 1, 50, 3, 51, 4, 3, 2, 5, 2, 1, 2, 1, 1, 
84: 0, 0, 0, 52, 0, 0, 0, 0, 0, 0, 0, 1, 3, 55, 1, 3, 52, 0, 3, 4, 51, 0, 0, 0, 0, 0, 0, 1, 0, 0, 0, 0, 0, 1, 0, 0, 4, 2, 0, 0, 0, 0, 50, 5, 0, 1, 0, 4, 0, 0, 0, 4, 0, 0, 4, 0, 0, 0, 0, 2, 0, 0, 5, 0, 3, 1, 0, 1, 0, 0, 51, 0, 1, 2, 0, 5, 0, 1, 1, 5, 2, 0, 0, 1, 0, 0, 0, 0, 53, 0, 2, 0, 0, 0, 4, 0, 0, 0, 0, 50, 3, 1, 0, 4, 0, 0, 5, 2, 0, 0, 0, 3, 1, 4, 3, 0, 53, 0, 0, 0, 0, 9, 0, 1, 4, 0, 0, 0, 52, 0, 0, 4, 54, 1, 3, 2, 0, 0, 0, 0, 1, 0, 0, 1, 3, 0, 0, 0, 0, 0, 2, 0, 4, 4, 0, 0, 0, 0, 4, 4, 0, 55, 0, 0, 0, 2, 2, 0, 0, 0, 1, 0, 0, 0, 1, 0, 0, 5, 3, 0, 0, 0, 0, 4, 5, 54, 1, 0, 0, 0, 0, 0, 0, 0, 0, 0, 0, 3, 2, 4, : 52, 1, 3, 55, 1, 3, 52, 3, 4, 51, 1, 1, 4, 2, 50, 5, 1, 4, 4, 4, 2, 5, 3, 1, 1, 51, 1, 2, 5, 1, 1, 5, 2, 1, 53, 2, 4, 50, 3, 1, 4, 5, 2, 3, 1, 4, 3, 53, 9, 1, 4, 52, 4, 54, 1, 3, 2, 1, 1, 3, 2, 4, 4, 4, 4, 55, 2, 2, 1, 1, 5, 3, 4, 5, 54, 1, 3, 2, 4, 
28: 0, 0, 0, 0, 0, 0, 3, 0, 0, 0, 52, 0, 5, 0, 5, 1, 0, 0, 2, 4, 0, 0, 1, 0, 0, 0, 0, 0, 0, 0, 1, 0, 0, 0, 0, 0, 2, 3, 0, 0, 0, 2, 0, 5, 52, 0, 0, 4, 0, 4, 1, 0, 0, 0, 5, 1, 0, 0, 0, 0, 0, 5, 5, 0, 3, 5, 0, 0, 0, 1, 0, 0, 4, 0, 0, 2, 0, 0, 0, 1, 2, 5, 0, 0, 0, 4, 0, 0, 0, 0, 0, 0, 2, 0, 3, 0, 0, 0, 0, 0, 4, 0, 0, 4, 0, 0, 4, 5, 0, 0, 0, 0, 1, 3, 5, 0, 0, 0, 0, 0, 1, 3, 0, 2, 5, 5, 0, 0, 0, 0, 0, 0, 0, 2, 3, 0, 3, 0, 0, 0, 1, 0, 0, 4, 0, 0, 2, 0, 0, 52, 0, 4, 4, 5, 0, 1, 0, 0, 0, 3, 0, 0, 1, 1, 4, 5, 0, 0, 0, 0, 2, 0, 0, 0, 0, 0, 1, 4, 4, 0, 0, 0, 50, 1, 5, 0, 3, 0, 2, 4, 0, 0, 0, 0, 0, 0, 0, 2, 3, 4, : 3, 52, 5, 5, 1, 2, 4, 1, 1, 2, 3, 2, 5, 52, 4, 4, 1, 5, 1, 5, 5, 3, 5, 1, 4, 2, 1, 2, 5, 4, 2, 3, 4, 4, 4, 5, 1, 3, 5, 1, 3, 2, 5, 5, 2, 3, 3, 1, 4, 2, 52, 4, 4, 5, 1, 3, 1, 1, 4, 5, 2, 1, 4, 4, 50, 1, 5, 3, 2, 4, 2, 3, 4, 
58: 0, 1, 0, 0, 0, 0, 1, 0, 1, 0, 0, 53, 5, 4, 5, 4, 0, 0, 5, 2, 1, 0, 0, 1, 51, 0, 2, 1, 0, 0, 0, 55, 0, 0, 0, 0, 4, 2, 0, 0, 0, 0, 0, 0, 1, 0, 5, 5, 0, 0, 0, 0, 0, 0, 4, 1, 2, 0, 0, 0, 0, 5, 4, 0, 4, 3, 0, 0, 55, 0, 0, 0, 1, 0, 50, 4, 0, 0, 0, 3, 5, 0, 0, 0, 0, 0, 52, 2, 0, 2, 2, 0, 0, 2, 5, 51, 2, 0, 0, 0, 2, 5, 0, 3, 0, 0, 2, 3, 0, 0, 0, 1, 3, 1, 2, 1, 0, 0, 0, 0, 0, 2, 1, 4, 1, 0, 0, 50, 0, 52, 1, 0, 0, 0, 4, 0, 0, 0, 0, 0, 0, 2, 0, 5, 0, 0, 0, 0, 0, 0, 0, 0, 3, 1, 0, 1, 0, 0, 0, 5, 2, 0, 0, 52, 1, 4, 0, 3, 1, 0, 4, 0, 0, 0, 1, 0, 1, 1, 1, 0, 0, 4, 0, 1, 3, 0, 0, 0, 1, 0, 0, 0, 54, 0, 0, 0, 3, 2, 2, 0, : 1, 1, 1, 53, 5, 4, 5, 4, 5, 2, 1, 1, 51, 2, 1, 55, 4, 2, 1, 5, 5, 4, 1, 2, 5, 4, 4, 3, 55, 1, 50, 4, 3, 5, 52, 2, 2, 2, 2, 5, 51, 2, 2, 5, 3, 2, 3, 1, 3, 1, 2, 1, 2, 1, 4, 1, 50, 52, 1, 4, 2, 5, 3, 1, 1, 5, 2, 52, 1, 4, 3, 1, 4, 1, 1, 1, 1, 4, 1, 3, 1, 54, 3, 2, 2, 
76: 5, 0, 0, 0, 0, 0, 0, 0, 0, 0, 0, 0, 2, 0, 5, 1, 0, 0, 1, 3, 3, 0, 0, 52, 0, 4, 1, 0, 0, 0, 0, 0, 2, 2, 0, 0, 4, 5, 0, 0, 0, 0, 1, 2, 0, 0, 0, 1, 0, 0, 0, 0, 0, 0, 1, 0, 1, 0, 0, 0, 0, 4, 1, 0, 5, 4, 4, 0, 0, 0, 0, 0, 5, 0, 0, 1, 0, 4, 0, 3, 5, 0, 0, 0, 0, 0, 0, 0, 0, 0, 0, 0, 0, 0, 4, 4, 0, 1, 0, 0, 5, 0, 0, 5, 5, 0, 2, 5, 0, 0, 1, 0, 4, 4, 1, 0, 0, 1, 52, 0, 50, 4, 0, 4, 4, 0, 0, 0, 0, 0, 0, 0, 0, 0, 1, 1, 0, 0, 1, 1, 0, 50, 3, 5, 0, 3, 0, 0, 1, 5, 0, 0, 0, 2, 0, 0, 0, 51, 0, 5, 0, 1, 0, 0, 0, 2, 0, 0, 54, 1, 5, 0, 2, 0, 0, 4, 0, 2, 4, 0, 0, 1, 0, 53, 5, 0, 0, 0, 0, 0, 0, 0, 0, 0, 1, 0, 0, 0, 1, 1, : 5, 2, 5, 1, 1, 3, 3, 52, 4, 1, 2, 2, 4, 5, 1, 2, 1, 1, 1, 4, 1, 5, 4, 4, 5, 1, 4, 3, 5, 4, 4, 1, 5, 5, 5, 2, 5, 1, 4, 4, 1, 1, 52, 50, 4, 4, 4, 1, 1, 1, 1, 50, 3, 5, 3, 1, 5, 2, 51, 5, 1, 2, 54, 1, 5, 2, 4, 2, 4, 1, 53, 5, 1, 1, 1, 
68: 0, 0, 0, 0, 0, 0, 0, 52, 0, 0, 0, 0, 4, 0, 3, 2, 0, 0, 1, 4, 2, 0, 0, 0, 0, 0, 0, 0, 0, 0, 51, 0, 0, 0, 0, 1, 4, 7, 0, 0, 52, 0, 0, 2, 0, 0, 0, 4, 0, 54, 0, 0, 0, 55, 1, 0, 0, 0, 0, 0, 55, 4, 2, 0, 4, 8, 0, 0, 0, 4, 0, 0, 2, 0, 3, 3, 0, 0, 1, 5, 4, 0, 0, 0, 0, 0, 0, 0, 2, 0, 0, 0, 2, 1, 1, 0, 0, 55, 0, 0, 2, 4, 54, 4, 0, 51, 3, 3, 0, 0, 0, 0, 5, 5, 1, 0, 0, 0, 0, 0, 0, 3, 0, 5, 1, 1, 0, 3, 0, 0, 0, 0, 0, 0, 5, 0, 0, 0, 1, 0, 1, 4, 0, 1, 0, 0, 0, 0, 0, 0, 0, 0, 5, 2, 2, 0, 5, 0, 55, 4, 0, 0, 0, 0, 0, 1, 0, 0, 0, 0, 4, 1, 0, 0, 0, 50, 0, 7, 4, 0, 1, 0, 0, 0, 2, 0, 0, 0, 0, 3, 55, 0, 0, 0, 2, 0, 0, 0, 3, 0, : 52, 4, 3, 2, 1, 4, 2, 51, 1, 4, 7, 52, 2, 4, 54, 55, 1, 55, 4, 2, 4, 8, 4, 2, 3, 3, 1, 5, 4, 2, 2, 1, 1, 55, 2, 4, 54, 4, 51, 3, 3, 5, 5, 1, 3, 5, 1, 1, 3, 5, 1, 1, 4, 1, 5, 2, 2, 5, 55, 4, 1, 4, 1, 50, 7, 4, 1, 2, 3, 55, 2, 3, 
93: 0, 0, 55, 0, 0, 0, 1, 0, 1, 0, 0, 0, 5, 0, 6, 2, 1, 0, 4, 5, 0, 0, 1, 1, 0, 0, 0, 2, 3, 1, 0, 2, 0, 0, 0, 0, 5, 5, 1, 2, 0, 0, 0, 1, 0, 0, 0, 0, 0, 0, 2, 0, 0, 0, 1, 0, 0, 0, 0, 0, 0, 1, 3, 0, 0, 5, 2, 0, 0, 0, 0, 0, 1, 0, 0, 5, 0, 0, 0, 4, 6, 0, 0, 54, 0, 0, 0, 0, 0, 0, 0, 0, 0, 0, 3, 5, 53, 0, 0, 0, 5, 0, 0, 1, 0, 0, 1, 2, 0, 1, 0, 0, 4, 1, 3, 0, 0, 0, 0, 2, 0, 3, 0, 1, 3, 0, 0, 0, 0, 0, 4, 0, 0, 0, 5, 3, 0, 0, 1, 0, 0, 0, 0, 5, 0, 0, 53, 0, 0, 1, 0, 0, 4, 1, 0, 0, 0, 0, 0, 4, 3, 0, 0, 0, 0, 3, 0, 0, 0, 0, 4, 4, 0, 0, 1, 1, 0, 1, 1, 0, 0, 0, 1, 0, 2, 0, 3, 1, 5, 1, 0, 0, 0, 0, 0, 0, 2, 0, 4, 50, : 55, 1, 1, 5, 6, 2, 1, 4, 5, 1, 1, 2, 3, 1, 2, 5, 5, 1, 2, 1, 2, 1, 1, 3, 5, 2, 1, 5, 4, 6, 54, 3, 5, 53, 5, 1, 1, 2, 1, 4, 1, 3, 2, 3, 1, 3, 4, 5, 3, 1, 5, 53, 1, 4, 1, 4, 3, 3, 4, 4, 1, 1, 1, 1, 1, 2, 3, 1, 5, 1, 2, 4, 50, 
1: 0, 4, 0, 1, 1, 0, 0, 0, 0, 0, 0, 1, 2, 0, 4, 1, 0, 0, 5, 2, 0, 0, 2, 0, 0, 1, 0, 0, 0, 0, 0, 0, 0, 0, 0, 0, 1, 2, 0, 0, 0, 0, 5, 4, 0, 0, 55, 4, 0, 0, 0, 53, 0, 0, 4, 4, 0, 5, 0, 0, 0, 3, 1, 0, 2, 1, 0, 0, 1, 0, 0, 0, 4, 50, 0, 1, 0, 0, 3, 3, 4, 0, 55, 0, 0, 0, 0, 0, 2, 0, 0, 0, 1, 4, 5, 0, 0, 0, 0, 1, 2, 0, 0, 2, 0, 0, 4, 4, 0, 0, 0, 0, 1, 4, 1, 0, 0, 0, 0, 0, 0, 3, 0, 3, 4, 0, 2, 5, 0, 0, 0, 0, 0, 2, 1, 0, 0, 0, 0, 0, 0, 0, 0, 4, 3, 0, 0, 0, 0, 0, 50, 0, 4, 1, 0, 0, 0, 1, 1, 1, 55, 0, 0, 0, 1, 1, 3, 0, 5, 0, 1, 0, 0, 1, 51, 0, 0, 1, 5, 0, 0, 0, 0, 0, 4, 0, 0, 0, 0, 0, 0, 0, 0, 0, 1, 0, 3, 0, 13, 0, : 4, 1, 1, 1, 2, 4, 1, 5, 2, 2, 1, 1, 2, 5, 4, 55, 4, 53, 4, 4, 5, 3, 1, 2, 1, 1, 4, 50, 1, 3, 3, 4, 55, 2, 1, 4, 5, 1, 2, 2, 4, 4, 1, 4, 1, 3, 3, 4, 2, 5, 2, 1, 4, 3, 50, 4, 1, 1, 1, 1, 55, 1, 1, 3, 5, 1, 1, 51, 1, 5, 4, 1, 3, 13, 
33: 0, 52, 0, 0, 52, 0, 0, 0, 0, 0, 0, 0, 1, 1, 5, 1, 0, 0, 2, 3, 0, 51, 0, 1, 0, 0, 0, 0, 3, 0, 0, 0, 0, 0, 0, 0, 1, 4, 0, 0, 0, 0, 0, 2, 0, 0, 0, 1, 0, 0, 0, 0, 0, 5, 1, 0, 2, 0, 1, 0, 0, 2, 2, 0, 3, 1, 0, 0, 0, 0, 0, 0, 4, 5, 0, 3, 0, 0, 50, 1, 1, 0, 0, 0, 0, 0, 3, 0, 0, 0, 0, 0, 0, 0, 1, 0, 0, 0, 4, 0, 5, 0, 0, 4, 0, 1, 4, 2, 0, 2, 0, 0, 3, 1, 1, 1, 0, 0, 0, 0, 3, 2, 0, 5, 5, 0, 0, 1, 0, 0, 0, 0, 0, 0, 3, 0, 0, 0, 0, 5, 0, 0, 0, 4, 0, 3, 3, 0, 0, 0, 0, 0, 3, 4, 0, 1, 0, 0, 0, 4, 0, 0, 0, 0, 0, 1, 0, 0, 0, 0, 4, 0, 0, 0, 0, 0, 0, 5, 4, 1, 0, 0, 0, 0, 1, 0, 0, 0, 0, 0, 0, 0, 0, 0, 52, 0, 0, 0, 3, 0, : 52, 52, 1, 1, 5, 1, 2, 3, 51, 1, 3, 1, 4, 2, 1, 5, 1, 2, 1, 2, 2, 3, 1, 4, 5, 3, 50, 1, 1, 3, 1, 4, 5, 4, 1, 4, 2, 2, 3, 1, 1, 1, 3, 2, 5, 5, 1, 3, 5, 4, 3, 3, 3, 4, 1, 4, 1, 4, 5, 4, 1, 1, 52, 3, 
31: 2, 0, 0, 0, 3, 0, 0, 0, 0, 0, 0, 0, 4, 0, 2, 5, 0, 0, 1, 2, 0, 0, 0, 0, 0, 3, 0, 3, 0, 0, 0, 0, 0, 0, 0, 0, 4, 2, 0, 53, 1, 0, 1, 5, 0, 0, 0, 5, 0, 0, 5, 0, 0, 0, 1, 0, 0, 0, 0, 3, 0, 5, 5, 0, 1, 5, 0, 0, 0, 0, 4, 0, 1, 0, 0, 5, 3, 0, 0, 1, 4, 0, 0, 0, 51, 0, 3, 0, 0, 2, 0, 0, 0, 3, 4, 0, 5, 0, 1, 2, 1, 0, 0, 4, 0, 0, 0, 3, 0, 0, 1, 0, 2, 1, 2, 0, 1, 0, 0, 5, 2, 1, 0, 3, 2, 0, 2, 1, 0, 0, 5, 4, 0, 51, 5, 0, 0, 0, 0, 53, 0, 3, 52, 3, 0, 0, 0, 0, 3, 0, 0, 0, 1, 1, 0, 0, 0, 0, 0, 2, 0, 0, 52, 2, 0, 4, 50, 0, 0, 1, 2, 0, 0, 55, 0, 0, 2, 3, 4, 0, 0, 0, 1, 0, 5, 0, 0, 0, 0, 0, 0, 4, 0, 3, 0, 0, 0, 53, 1, 0, : 2, 3, 4, 2, 5, 1, 2, 3, 3, 4, 2, 53, 1, 1, 5, 5, 5, 1, 3, 5, 5, 1, 5, 4, 1, 5, 3, 1, 4, 51, 3, 2, 3, 4, 5, 1, 2, 1, 4, 3, 1, 2, 1, 2, 1, 5, 2, 1, 3, 2, 2, 1, 5, 4, 51, 5, 53, 3, 52, 3, 3, 1, 1, 2, 52, 2, 4, 50, 1, 2, 55, 2, 3, 4, 1, 5, 4, 3, 53, 1, 
48: 0, 0, 0, 2, 1, 1, 2, 1, 0, 1, 0, 0, 2, 0, 3, 5, 0, 0, 3, 1, 0, 5, 0, 0, 0, 0, 1, 0, 0, 0, 0, 0, 0, 0, 0, 0, 3, 4, 1, 0, 0, 1, 3, 5, 0, 0, 0, 5, 5, 0, 0, 0, 4, 0, 5, 52, 0, 0, 0, 0, 0, 1, 3, 5, 0, 1, 0, 0, 4, 0, 0, 0, 3, 1, 0, 1, 0, 50, 0, 4, 3, 51, 0, 0, 0, 0, 0, 4, 0, 0, 0, 0, 0, 0, 0, 0, 0, 0, 0, 0, 4, 0, 2, 3, 0, 0, 2, 3, 5, 0, 1, 0, 4, 1, 5, 0, 0, 1, 0, 1, 3, 2, 0, 3, 0, 0, 0, 0, 0, 4, 0, 0, 0, 1, 4, 0, 5, 0, 0, 0, 0, 0, 4, 2, 0, 0, 0, 0, 0, 0, 0, 0, 1, 4, 1, 0, 0, 3, 0, 1, 0, 0, 0, 0, 0, 5, 0, 0, 0, 0, 3, 0, 0, 0, 4, 0, 0, 1, 1, 0, 0, 0, 0, 0, 2, 4, 1, 5, 52, 0, 1, 0, 0, 3, 0, 0, 0, 0, 2, 0, : 2, 1, 1, 2, 1, 1, 2, 3, 5, 3, 1, 5, 1, 3, 4, 1, 1, 3, 5, 5, 5, 4, 5, 52, 1, 3, 5, 1, 4, 3, 1, 1, 50, 4, 3, 51, 4, 4, 2, 3, 2, 3, 5, 1, 4, 1, 5, 1, 1, 3, 2, 3, 4, 1, 4, 5, 4, 2, 1, 4, 1, 3, 1, 5, 3, 4, 1, 1, 2, 4, 1, 5, 52, 1, 3, 2, 
21: 0, 3, 0, 0, 1, 1, 1, 0, 52, 0, 0, 0, 2, 0, 4, 3, 4, 0, 5, 2, 0, 0, 0, 0, 0, 0, 0, 53, 1, 0, 0, 0, 0, 0, 5, 3, 4, 1, 53, 0, 0, 0, 0, 3, 0, 0, 0, 2, 5, 0, 0, 0, 0, 0, 1, 0, 0, 53, 0, 0, 0, 5, 5, 0, 2, 3, 0, 2, 0, 0, 0, 0, 2, 0, 0, 3, 0, 0, 4, 4, 5, 0, 0, 2, 3, 3, 0, 2, 0, 0, 0, 0, 4, 0, 1, 0, 0, 0, 0, 0, 2, 0, 0, 1, 5, 0, 1, 2, 0, 0, 0, 52, 1, 7, 0, 0, 0, 0, 4, 0, 0, 2, 4, 5, 0, 0, 4, 0, 0, 0, 0, 0, 0, 0, 1, 0, 0, 0, 0, 0, 0, 0, 1, 4, 2, 50, 0, 3, 0, 1, 0, 5, 5, 3, 5, 0, 1, 1, 0, 4, 0, 0, 0, 0, 1, 1, 0, 3, 0, 0, 5, 0, 0, 0, 1, 0, 4, 5, 3, 0, 0, 0, 0, 0, 4, 0, 0, 0, 0, 0, 0, 1, 0, 0, 0, 4, 0, 0, 3, 0, : 3, 1, 1, 1, 52, 2, 4, 3, 4, 5, 2, 53, 1, 5, 3, 4, 1, 53, 3, 2, 5, 1, 53, 5, 5, 2, 3, 2, 2, 3, 4, 4, 5, 2, 3, 3, 2, 4, 1, 2, 1, 5, 1, 2, 52, 1, 7, 4, 2, 4, 5, 4, 1, 1, 4, 2, 50, 3, 1, 5, 5, 3, 5, 1, 1, 4, 1, 1, 3, 5, 1, 4, 5, 3, 4, 1, 4, 3, 


56: 0, 0, 53, 5, 1, 0, 0, 0, 1, 0, 4, 3, 1, 0, 1, 0, 0, 1, 0, 0, 0, 5, 4, 0, 0, 0, 0, 2, 0, 3, 0, 0, 9, 0, 3, 0, 4, 0, 1, 0, 0, 5, 0, 0, 3, 1, 0, 2, 0, 0, 0, 0, 0, 1, 0, 0, 0, 0, 0, 0, 0, 2, 0, 1, 0, 0, 0, 5, 0, 4, 1, 2, 0, 0, 0, 2, 0, 3, 0, 3, 0, 2, 0, 0, 0, 1, 0, 0, 0, 5, 0, 0, 0, 0, 0, 0, 0, 3, 0, 0, 4, 4, 3, 0, 4, 0, 0, 0, 0, 0, 0, 0, 5, 0, 2, 0, 0, 1, 2, 0, 0, 2, 53, 1, 5, 0, 0, 0, 0, 2, 5, 5, 0, 0, 0, 6, 0, 4, 2, 0, 0, 0, 0, 1, 5, 0, 4, 0, 4, 4, 1, 4, 0, 1, 2, 0, 4, 0, 0, 0, 0, 0, 5, 1, 0, 0, 3, 0, 0, 0, 0, 0, 0, 3, 0, 53, 0, 0, 3, 0, 0, 0, 0, 0, 0, 1, 0, 0, 0, 0, 1, 4, 50, 4, 1, 1, 2, 0, 0, 0, : 53, 5, 1, 1, 4, 3, 1, 1, 1, 5, 4, 2, 3, 9, 3, 4, 1, 5, 3, 1, 2, 1, 2, 1, 5, 4, 1, 2, 2, 3, 3, 2, 1, 5, 3, 4, 4, 3, 4, 5, 2, 1, 2, 2, 53, 1, 5, 2, 5, 5, 6, 4, 2, 1, 5, 4, 4, 4, 1, 4, 1, 2, 4, 5, 1, 3, 3, 53, 3, 1, 1, 4, 50, 4, 1, 1, 2, 
82: 0, 0, 0, 1, 0, 3, 2, 0, 2, 3, 0, 0, 0, 0, 0, 0, 3, 4, 0, 0, 50, 0, 1, 0, 0, 0, 0, 0, 0, 0, 0, 0, 4, 0, 2, 4, 2, 0, 3, 0, 0, 0, 5, 0, 0, 0, 0, 1, 0, 0, 0, 1, 1, 5, 2, 0, 0, 0, 0, 0, 0, 1, 0, 1, 2, 0, 0, 5, 1, 2, 0, 51, 0, 0, 0, 4, 0, 1, 0, 5, 2, 5, 0, 0, 0, 0, 0, 0, 50, 4, 0, 0, 0, 0, 0, 0, 0, 2, 0, 0, 5, 5, 0, 0, 5, 0, 52, 0, 1, 1, 0, 0, 3, 2, 3, 2, 0, 3, 1, 0, 0, 3, 4, 0, 0, 0, 0, 0, 50, 0, 3, 5, 0, 0, 3, 1, 0, 2, 1, 0, 0, 0, 0, 1, 4, 0, 4, 0, 3, 1, 0, 2, 0, 2, 2, 50, 3, 0, 0, 0, 0, 0, 1, 1, 0, 0, 1, 0, 0, 0, 0, 5, 0, 3, 0, 0, 0, 1, 3, 0, 0, 2, 0, 0, 0, 0, 0, 0, 0, 0, 1, 0, 0, 3, 3, 0, 5, 4, 1, 0, : 1, 3, 2, 2, 3, 3, 4, 50, 1, 4, 2, 4, 2, 3, 5, 1, 1, 1, 5, 2, 1, 1, 2, 5, 1, 2, 51, 4, 1, 5, 2, 5, 50, 4, 2, 5, 5, 5, 52, 1, 1, 3, 2, 3, 2, 3, 1, 3, 4, 50, 3, 5, 3, 1, 2, 1, 1, 4, 4, 3, 1, 2, 2, 2, 50, 3, 1, 1, 1, 5, 3, 1, 3, 2, 1, 3, 3, 5, 4, 1, 
53: 0, 54, 0, 1, 3, 0, 1, 0, 3, 0, 0, 0, 0, 0, 0, 0, 0, 0, 0, 0, 0, 0, 0, 0, 1, 0, 0, 0, 0, 2, 0, 0, 5, 0, 1, 0, 1, 0, 3, 2, 1, 1, 0, 0, 0, 51, 0, 4, 0, 0, 0, 0, 0, 5, 0, 0, 0, 0, 0, 0, 1, 0, 0, 1, 2, 0, 5, 2, 1, 4, 0, 1, 3, 0, 0, 3, 0, 3, 0, 3, 3, 1, 0, 2, 0, 3, 0, 55, 0, 5, 0, 2, 0, 0, 0, 4, 55, 3, 0, 0, 1, 5, 51, 52, 5, 0, 0, 2, 0, 0, 0, 0, 1, 52, 5, 0, 0, 2, 5, 0, 0, 3, 0, 0, 0, 1, 0, 0, 1, 0, 4, 5, 1, 0, 0, 1, 0, 4, 4, 0, 2, 0, 0, 1, 0, 0, 1, 0, 5, 3, 2, 2, 0, 3, 1, 0, 3, 0, 0, 0, 2, 0, 2, 0, 0, 0, 0, 0, 52, 0, 0, 50, 0, 1, 0, 0, 4, 0, 1, 1, 0, 1, 0, 0, 0, 0, 0, 3, 0, 1, 0, 0, 2, 4, 2, 0, 5, 0, 0, 0, : 54, 1, 3, 1, 3, 1, 2, 5, 1, 1, 3, 2, 1, 1, 51, 4, 5, 1, 1, 2, 5, 2, 1, 4, 1, 3, 3, 3, 3, 3, 1, 2, 3, 55, 5, 2, 4, 55, 3, 1, 5, 51, 52, 5, 2, 1, 52, 5, 2, 5, 3, 1, 1, 4, 5, 1, 1, 4, 4, 2, 1, 1, 5, 3, 2, 2, 3, 1, 3, 2, 2, 52, 50, 1, 4, 1, 1, 1, 3, 1, 2, 4, 2, 5, 
41: 0, 0, 0, 2, 0, 0, 1, 0, 1, 0, 0, 0, 2, 4, 0, 0, 0, 0, 0, 5, 0, 0, 0, 0, 0, 0, 0, 52, 0, 0, 0, 0, 2, 0, 0, 51, 5, 0, 2, 0, 0, 0, 0, 0, 0, 0, 54, 4, 0, 0, 0, 0, 0, 3, 0, 1, 5, 0, 2, 0, 0, 0, 0, 5, 1, 0, 0, 1, 0, 4, 0, 2, 0, 0, 0, 5, 0, 1, 0, 2, 0, 9, 0, 0, 0, 0, 0, 0, 0, 1, 0, 0, 4, 0, 54, 0, 0, 4, 0, 3, 1, 3, 1, 0, 0, 0, 0, 3, 0, 0, 0, 0, 2, 3, 5, 0, 0, 4, 5, 0, 0, 1, 0, 0, 2, 0, 0, 0, 0, 0, 5, 1, 50, 0, 0, 3, 2, 1, 2, 0, 0, 0, 0, 3, 0, 0, 1, 0, 2, 3, 1, 5, 0, 2, 4, 1, 4, 0, 0, 3, 0, 0, 1, 1, 0, 0, 0, 5, 2, 54, 0, 0, 0, 1, 5, 0, 0, 1, 1, 0, 0, 2, 0, 0, 5, 0, 0, 0, 1, 0, 0, 2, 0, 1, 3, 0, 4, 50, 0, 0, : 2, 1, 1, 2, 4, 5, 52, 2, 51, 5, 2, 54, 4, 3, 1, 5, 2, 5, 1, 1, 4, 2, 5, 1, 2, 9, 1, 4, 54, 4, 3, 1, 3, 1, 3, 2, 3, 5, 4, 5, 1, 2, 5, 1, 50, 3, 2, 1, 2, 3, 1, 2, 3, 1, 5, 2, 4, 1, 4, 3, 1, 1, 5, 2, 54, 1, 5, 1, 1, 2, 5, 1, 2, 1, 3, 4, 50, 
94: 0, 0, 0, 4, 0, 0, 0, 0, 3, 0, 0, 0, 0, 0, 0, 2, 0, 53, 0, 0, 0, 0, 0, 2, 2, 3, 3, 0, 4, 0, 1, 2, 2, 0, 0, 1, 3, 0, 4, 0, 3, 0, 0, 0, 0, 0, 1, 1, 51, 0, 5, 0, 1, 5, 50, 0, 0, 0, 0, 0, 0, 5, 0, 3, 2, 2, 0, 1, 0, 1, 0, 2, 5, 0, 0, 5, 0, 3, 0, 1, 2, 5, 0, 0, 0, 50, 0, 0, 0, 1, 0, 0, 0, 0, 0, 0, 0, 2, 0, 0, 1, 1, 0, 0, 1, 1, 0, 0, 1, 0, 0, 2, 7, 0, 4, 0, 0, 5, 4, 1, 0, 1, 0, 0, 0, 0, 0, 5, 3, 3, 5, 4, 0, 0, 0, 5, 0, 1, 2, 0, 0, 54, 0, 5, 0, 0, 5, 0, 2, 3, 0, 2, 0, 2, 1, 0, 1, 0, 0, 0, 0, 0, 3, 0, 0, 0, 0, 0, 0, 0, 0, 0, 0, 3, 0, 0, 0, 0, 2, 0, 0, 0, 0, 0, 50, 0, 0, 0, 0, 0, 0, 1, 0, 1, 2, 0, 3, 0, 1, 0, : 4, 3, 2, 53, 2, 2, 3, 3, 4, 1, 2, 2, 1, 3, 4, 3, 1, 1, 51, 5, 1, 5, 50, 5, 3, 2, 2, 1, 1, 2, 5, 5, 3, 1, 2, 5, 50, 1, 2, 1, 1, 1, 1, 1, 2, 7, 4, 5, 4, 1, 1, 5, 3, 3, 5, 4, 5, 1, 2, 54, 5, 5, 2, 3, 2, 2, 1, 1, 3, 3, 2, 50, 1, 1, 2, 3, 1, 
49: 0, 0, 0, 3, 2, 0, 52, 0, 5, 0, 0, 0, 0, 0, 0, 0, 54, 0, 0, 1, 0, 0, 1, 0, 0, 0, 0, 0, 1, 1, 1, 0, 1, 4, 0, 0, 5, 50, 5, 0, 0, 0, 1, 0, 1, 0, 0, 5, 2, 0, 0, 0, 0, 4, 0, 0, 0, 0, 0, 4, 51, 0, 0, 1, 3, 0, 0, 1, 0, 4, 0, 0, 0, 0, 0, 4, 0, 2, 55, 5, 0, 3, 0, 0, 2, 1, 0, 0, 0, 5, 0, 52, 0, 0, 4, 0, 0, 4, 0, 0, 2, 3, 0, 3, 5, 0, 0, 0, 1, 4, 0, 2, 1, 0, 1, 0, 2, 4, 1, 2, 0, 0, 0, 0, 1, 1, 0, 0, 0, 0, 1, 3, 0, 0, 0, 1, 0, 5, 6, 0, 0, 0, 0, 2, 0, 0, 1, 0, 2, 4, 0, 5, 0, 5, 1, 0, 1, 0, 0, 0, 0, 0, 2, 0, 3, 0, 0, 2, 1, 0, 53, 0, 0, 3, 0, 0, 0, 0, 4, 0, 55, 0, 0, 0, 0, 0, 0, 0, 0, 2, 0, 1, 0, 3, 1, 0, 1, 5, 0, 50, : 3, 2, 52, 5, 54, 1, 1, 1, 1, 1, 1, 4, 5, 50, 5, 1, 1, 5, 2, 4, 4, 51, 1, 3, 1, 4, 4, 2, 55, 5, 3, 2, 1, 5, 52, 4, 4, 2, 3, 3, 5, 1, 4, 2, 1, 1, 2, 4, 1, 2, 1, 1, 1, 3, 1, 5, 6, 2, 1, 2, 4, 5, 5, 1, 1, 2, 3, 2, 1, 53, 3, 4, 55, 2, 1, 3, 1, 1, 5, 50, 
85: 0, 0, 0, 5, 0, 0, 0, 0, 3, 3, 0, 0, 0, 3, 1, 50, 0, 0, 0, 0, 2, 0, 0, 0, 0, 0, 0, 1, 0, 53, 0, 0, 1, 0, 0, 0, 1, 0, 1, 1, 0, 0, 0, 0, 0, 0, 0, 5, 0, 0, 0, 0, 0, 1, 0, 0, 0, 0, 0, 0, 0, 50, 54, 3, 3, 0, 0, 2, 0, 5, 0, 0, 51, 53, 2, 4, 0, 4, 0, 1, 0, 3, 0, 0, 1, 0, 0, 0, 0, 1, 4, 0, 4, 0, 0, 0, 0, 1, 0, 0, 2, 2, 0, 0, 1, 0, 0, 0, 1, 0, 53, 0, 4, 0, 5, 0, 2, 2, 4, 5, 50, 3, 1, 0, 0, 0, 1, 1, 0, 0, 2, 1, 0, 0, 0, 3, 0, 5, 4, 0, 0, 0, 0, 2, 0, 0, 1, 0, 3, 4, 51, 0, 0, 1, 3, 0, 3, 0, 0, 0, 0, 0, 1, 0, 0, 0, 0, 0, 0, 0, 0, 0, 0, 2, 1, 0, 0, 0, 2, 1, 0, 50, 5, 3, 3, 0, 1, 1, 0, 0, 0, 0, 0, 3, 2, 0, 2, 0, 0, 0, : 5, 3, 3, 3, 1, 50, 2, 1, 53, 1, 1, 1, 1, 5, 1, 50, 54, 3, 3, 2, 5, 51, 53, 2, 4, 4, 1, 3, 1, 1, 4, 4, 1, 2, 2, 1, 1, 53, 4, 5, 2, 2, 4, 5, 50, 3, 1, 1, 1, 2, 1, 3, 5, 4, 2, 1, 3, 4, 51, 1, 3, 3, 1, 2, 1, 2, 1, 50, 5, 3, 3, 1, 1, 3, 2, 2, 
47: 1, 3, 4, 2, 0, 1, 0, 0, 2, 1, 0, 0, 0, 0, 0, 0, 0, 0, 2, 0, 0, 0, 0, 0, 0, 0, 0, 0, 0, 0, 50, 3, 2, 0, 0, 0, 5, 0, 2, 2, 0, 2, 2, 0, 1, 0, 0, 5, 0, 1, 0, 1, 0, 3, 5, 0, 0, 0, 0, 0, 0, 0, 0, 2, 5, 1, 0, 2, 0, 3, 0, 0, 0, 0, 0, 4, 0, 1, 0, 4, 0, 2, 0, 0, 0, 0, 0, 0, 0, 2, 0, 0, 0, 0, 0, 1, 0, 4, 0, 50, 1, 3, 0, 0, 1, 0, 1, 0, 0, 0, 1, 54, 3, 0, 2, 53, 0, 4, 2, 0, 0, 1, 0, 0, 0, 0, 0, 0, 0, 50, 1, 2, 1, 0, 0, 5, 0, 3, 2, 5, 0, 0, 2, 4, 0, 0, 5, 0, 3, 1, 0, 3, 0, 3, 5, 0, 3, 0, 1, 0, 0, 0, 4, 0, 0, 0, 51, 0, 0, 0, 0, 0, 1, 2, 0, 0, 0, 5, 6, 3, 0, 0, 0, 0, 0, 0, 0, 0, 0, 0, 0, 0, 0, 2, 2, 0, 2, 0, 0, 0, : 1, 3, 4, 2, 1, 2, 1, 2, 50, 3, 2, 5, 2, 2, 2, 2, 1, 5, 1, 1, 3, 5, 2, 5, 1, 2, 3, 4, 1, 4, 2, 2, 1, 4, 50, 1, 3, 1, 1, 1, 54, 3, 2, 53, 4, 2, 1, 50, 1, 2, 1, 5, 3, 2, 5, 2, 4, 5, 3, 1, 3, 3, 5, 3, 1, 4, 51, 1, 2, 5, 6, 3, 2, 2, 2, 
27: 2, 0, 0, 3, 0, 4, 0, 0, 5, 0, 0, 0, 0, 2, 0, 0, 0, 1, 0, 0, 0, 0, 2, 0, 53, 0, 0, 0, 0, 0, 0, 0, 2, 0, 0, 0, 6, 4, 4, 0, 0, 0, 0, 50, 0, 0, 0, 1, 0, 0, 0, 0, 0, 3, 0, 3, 0, 0, 0, 0, 0, 0, 1, 2, 3, 0, 0, 2, 0, 1, 0, 0, 0, 5, 4, 5, 0, 2, 5, 5, 0, 1, 2, 2, 0, 0, 3, 0, 0, 5, 50, 0, 0, 0, 0, 0, 0, 3, 4, 0, 4, 3, 0, 1, 1, 4, 3, 0, 0, 0, 0, 2, 4, 0, 5, 0, 0, 5, 2, 0, 2, 5, 0, 4, 2, 2, 0, 0, 0, 0, 1, 2, 0, 0, 1, 5, 0, 3, 1, 0, 0, 0, 0, 5, 0, 5, 2, 51, 2, 2, 0, 5, 4, 1, 3, 0, 3, 0, 0, 0, 0, 0, 3, 0, 0, 2, 0, 0, 3, 2, 0, 0, 4, 2, 0, 4, 0, 0, 6, 0, 0, 1, 3, 2, 0, 0, 0, 0, 2, 0, 0, 0, 5, 5, 4, 1, 3, 0, 3, 3, : 2, 3, 4, 5, 2, 1, 2, 53, 2, 6, 4, 4, 50, 1, 3, 3, 1, 2, 3, 2, 1, 5, 4, 5, 2, 5, 5, 1, 2, 2, 3, 5, 50, 3, 4, 4, 3, 1, 1, 4, 3, 2, 4, 5, 5, 2, 2, 5, 4, 2, 2, 1, 2, 1, 5, 3, 1, 5, 5, 2, 51, 2, 2, 5, 4, 1, 3, 3, 3, 2, 3, 2, 4, 2, 4, 6, 1, 3, 2, 2, 5, 5, 4, 1, 3, 3, 3, 
78: 53, 0, 1, 3, 1, 51, 0, 0, 2, 0, 0, 0, 0, 0, 0, 3, 0, 0, 0, 0, 0, 50, 0, 1, 0, 0, 0, 0, 0, 0, 0, 0, 1, 0, 0, 4, 3, 0, 5, 4, 0, 0, 0, 0, 0, 2, 0, 1, 0, 0, 0, 0, 0, 1, 0, 0, 2, 50, 0, 2, 0, 0, 0, 4, 3, 0, 0, 5, 0, 3, 0, 0, 0, 0, 0, 5, 0, 3, 0, 1, 0, 4, 3, 0, 0, 0, 0, 0, 0, 4, 5, 4, 1, 0, 2, 0, 5, 3, 1, 0, 1, 3, 0, 0, 5, 2, 0, 0, 5, 0, 0, 0, 2, 0, 2, 2, 0, 2, 1, 0, 0, 2, 0, 0, 0, 0, 0, 0, 3, 3, 1, 2, 0, 0, 55, 1, 0, 4, 5, 0, 0, 0, 0, 0, 0, 0, 1, 0, 3, 5, 2, 2, 4, 3, 3, 3, 2, 0, 0, 0, 4, 0, 4, 0, 0, 0, 0, 0, 0, 0, 0, 4, 55, 2, 0, 0, 0, 0, 2, 0, 2, 0, 0, 50, 1, 5, 0, 0, 5, 5, 0, 0, 0, 4, 5, 3, 2, 0, 0, 0, : 53, 1, 3, 1, 51, 2, 3, 50, 1, 1, 4, 3, 5, 4, 2, 1, 1, 2, 50, 2, 4, 3, 5, 3, 5, 3, 1, 4, 3, 4, 5, 4, 1, 2, 5, 3, 1, 1, 3, 5, 2, 5, 2, 2, 2, 2, 1, 2, 3, 3, 1, 2, 55, 1, 4, 5, 1, 3, 5, 2, 2, 4, 3, 3, 3, 2, 4, 4, 4, 55, 2, 2, 2, 50, 1, 5, 5, 5, 4, 5, 3, 2, 
50: 0, 0, 0, 3, 52, 0, 0, 0, 4, 50, 0, 0, 0, 0, 0, 0, 0, 1, 0, 0, 4, 0, 0, 0, 4, 0, 0, 0, 0, 1, 0, 0, 4, 53, 2, 0, 1, 5, 1, 51, 0, 52, 0, 4, 0, 0, 1, 3, 0, 0, 0, 0, 0, 1, 0, 0, 0, 0, 0, 0, 5, 0, 0, 5, 5, 0, 0, 5, 0, 1, 1, 2, 0, 0, 0, 4, 0, 3, 0, 4, 0, 6, 0, 0, 54, 1, 0, 0, 0, 2, 0, 0, 1, 52, 0, 0, 0, 4, 1, 0, 3, 1, 0, 0, 2, 0, 0, 0, 0, 52, 0, 0, 5, 0, 1, 0, 0, 4, 1, 0, 3, 5, 0, 0, 0, 0, 0, 0, 1, 0, 5, 1, 0, 0, 0, 3, 1, 2, 2, 0, 0, 1, 0, 5, 51, 0, 5, 0, 3, 2, 0, 5, 0, 5, 5, 0, 5, 0, 52, 0, 0, 0, 5, 4, 0, 0, 0, 0, 0, 0, 0, 0, 0, 4, 0, 0, 0, 0, 4, 0, 0, 0, 50, 0, 1, 0, 54, 0, 0, 0, 4, 0, 0, 5, 4, 0, 4, 0, 0, 0, : 3, 52, 4, 50, 1, 4, 4, 1, 4, 53, 2, 1, 5, 1, 51, 52, 4, 1, 3, 1, 5, 5, 5, 5, 1, 1, 2, 4, 3, 4, 6, 54, 1, 2, 1, 52, 4, 1, 3, 1, 2, 52, 5, 1, 4, 1, 3, 5, 1, 5, 1, 3, 1, 2, 2, 1, 5, 51, 5, 3, 2, 5, 5, 5, 5, 52, 5, 4, 4, 4, 50, 1, 54, 4, 5, 4, 4, 
14: 0, 0, 0, 5, 0, 0, 0, 0, 3, 0, 0, 0, 0, 0, 0, 0, 0, 0, 0, 0, 0, 0, 0, 54, 0, 0, 0, 0, 0, 0, 2, 0, 1, 0, 1, 0, 1, 0, 5, 0, 0, 0, 0, 0, 0, 2, 1, 3, 5, 0, 0, 4, 0, 3, 0, 0, 0, 4, 50, 0, 0, 0, 0, 1, 5, 0, 0, 2, 53, 2, 1, 0, 0, 0, 1, 3, 0, 3, 0, 1, 3, 5, 2, 53, 0, 2, 1, 0, 0, 2, 0, 0, 0, 0, 0, 0, 0, 3, 0, 3, 4, 2, 0, 0, 2, 0, 0, 0, 1, 0, 0, 0, 1, 0, 3, 0, 53, 1, 4, 0, 0, 5, 0, 0, 0, 0, 0, 0, 0, 0, 3, 3, 0, 0, 1, 5, 5, 3, 4, 51, 5, 0, 0, 3, 0, 0, 3, 0, 4, 5, 0, 4, 51, 3, 1, 0, 4, 55, 0, 0, 0, 3, 5, 0, 0, 0, 0, 0, 0, 0, 0, 0, 0, 1, 0, 0, 0, 0, 1, 0, 0, 0, 0, 0, 0, 1, 0, 0, 0, 52, 0, 52, 0, 2, 3, 0, 2, 0, 2, 0, : 5, 3, 54, 2, 1, 1, 1, 5, 2, 1, 3, 5, 4, 3, 4, 50, 1, 5, 2, 53, 2, 1, 1, 3, 3, 1, 3, 5, 2, 53, 2, 1, 2, 3, 3, 4, 2, 2, 1, 1, 3, 53, 1, 4, 5, 3, 3, 1, 5, 5, 3, 4, 51, 5, 3, 3, 4, 5, 4, 51, 3, 1, 4, 55, 3, 5, 1, 1, 1, 52, 52, 2, 3, 2, 2, 
26: 0, 0, 1, 3, 0, 0, 0, 0, 3, 0, 0, 0, 0, 0, 0, 0, 3, 0, 1, 0, 0, 0, 0, 2, 0, 0, 0, 0, 0, 0, 0, 0, 3, 0, 0, 0, 3, 0, 2, 0, 0, 0, 0, 3, 0, 4, 0, 4, 0, 0, 1, 0, 0, 3, 0, 0, 0, 0, 0, 0, 0, 0, 0, 5, 3, 52, 55, 1, 0, 4, 0, 0, 0, 0, 0, 2, 0, 4, 0, 4, 0, 5, 0, 3, 0, 0, 4, 0, 4, 4, 0, 2, 0, 4, 0, 0, 0, 5, 0, 4, 3, 1, 0, 0, 2, 50, 3, 0, 0, 0, 0, 0, 1, 0, 2, 0, 1, 2, 2, 2, 0, 4, 0, 0, 0, 2, 0, 0, 0, 0, 3, 5, 0, 0, 0, 4, 0, 3, 2, 0, 2, 3, 0, 1, 0, 0, 4, 0, 3, 4, 0, 2, 0, 2, 4, 5, 2, 2, 5, 0, 0, 5, 1, 52, 2, 0, 1, 3, 0, 0, 0, 0, 0, 3, 0, 0, 0, 0, 1, 0, 0, 0, 1, 0, 0, 0, 3, 0, 0, 0, 3, 0, 0, 2, 5, 53, 4, 0, 0, 0, : 1, 3, 3, 3, 1, 2, 3, 3, 2, 3, 4, 4, 1, 3, 5, 3, 52, 55, 1, 4, 2, 4, 4, 5, 3, 4, 4, 4, 2, 4, 5, 4, 3, 1, 2, 50, 3, 1, 2, 1, 2, 2, 2, 4, 2, 3, 5, 4, 3, 2, 2, 3, 1, 4, 3, 4, 2, 2, 4, 5, 2, 2, 5, 5, 1, 52, 2, 1, 3, 3, 1, 1, 3, 3, 2, 5, 53, 4, 
46: 2, 1, 0, 2, 0, 0, 0, 53, 4, 0, 0, 0, 55, 0, 2, 0, 0, 0, 0, 50, 0, 0, 0, 1, 0, 0, 0, 0, 54, 0, 2, 0, 4, 3, 0, 0, 2, 0, 2, 0, 0, 0, 0, 0, 0, 0, 0, 5, 1, 0, 54, 53, 5, 2, 0, 0, 0, 4, 0, 0, 0, 0, 2, 5, 2, 0, 0, 1, 0, 5, 0, 0, 0, 0, 0, 2, 0, 5, 0, 4, 0, 2, 52, 0, 0, 0, 0, 0, 0, 5, 0, 0, 0, 0, 0, 0, 0, 1, 0, 0, 3, 4, 0, 0, 3, 0, 0, 0, 0, 0, 1, 0, 3, 0, 3, 0, 0, 4, 5, 0, 0, 4, 2, 0, 50, 0, 0, 0, 0, 0, 2, 1, 5, 2, 0, 2, 0, 1, 4, 0, 0, 0, 2, 4, 0, 55, 1, 1, 4, 1, 0, 3, 0, 6, 1, 0, 1, 0, 0, 2, 52, 0, 4, 1, 0, 53, 0, 50, 0, 0, 2, 0, 0, 4, 0, 0, 0, 1, 7, 51, 0, 0, 1, 5, 0, 2, 0, 0, 0, 0, 0, 0, 0, 3, 5, 0, 1, 0, 0, 0, : 2, 1, 2, 53, 4, 55, 2, 50, 1, 54, 2, 4, 3, 2, 2, 5, 1, 54, 53, 5, 2, 4, 2, 5, 2, 1, 5, 2, 5, 4, 2, 52, 5, 1, 3, 4, 3, 1, 3, 3, 4, 5, 4, 2, 50, 2, 1, 5, 2, 2, 1, 4, 2, 4, 55, 1, 1, 4, 1, 3, 6, 1, 1, 2, 52, 4, 1, 53, 50, 2, 4, 1, 7, 51, 1, 5, 2, 3, 5, 1, 
40: 1, 0, 0, 1, 0, 0, 0, 0, 1, 0, 3, 1, 0, 0, 5, 3, 0, 0, 0, 0, 3, 0, 0, 0, 0, 3, 0, 0, 0, 0, 0, 0, 5, 0, 51, 0, 3, 1, 1, 0, 4, 0, 0, 0, 1, 0, 0, 1, 0, 3, 0, 0, 1, 4, 0, 51, 0, 0, 0, 0, 0, 0, 0, 1, 5, 0, 0, 5, 0, 3, 2, 0, 0, 0, 0, 1, 0, 5, 0, 4, 0, 1, 0, 0, 0, 0, 0, 0, 0, 2, 0, 0, 50, 0, 0, 0, 0, 3, 54, 0, 5, 1, 0, 0, 5, 0, 1, 0, 0, 0, 0, 0, 5, 0, 1, 0, 0, 3, 3, 0, 5, 3, 0, 0, 0, 0, 0, 0, 2, 0, 1, 5, 0, 0, 0, 1, 0, 3, 4, 0, 0, 2, 1, 5, 0, 0, 3, 5, 2, 4, 0, 1, 1, 5, 5, 0, 5, 0, 2, 0, 0, 0, 3, 0, 1, 2, 4, 0, 0, 0, 0, 0, 0, 5, 0, 0, 50, 0, 3, 0, 0, 0, 0, 0, 0, 1, 0, 52, 0, 0, 0, 0, 0, 1, 4, 1, 2, 0, 0, 3, : 1, 1, 1, 3, 1, 5, 3, 3, 3, 5, 51, 3, 1, 1, 4, 1, 1, 3, 1, 4, 51, 1, 5, 5, 3, 2, 1, 5, 4, 1, 2, 50, 3, 54, 5, 1, 5, 1, 5, 1, 3, 3, 5, 3, 2, 1, 5, 1, 3, 4, 2, 1, 5, 3, 5, 2, 4, 1, 1, 5, 5, 5, 2, 3, 1, 2, 4, 5, 50, 3, 1, 52, 1, 4, 1, 2, 3, 
57: 1, 0, 0, 2, 0, 0, 0, 3, 4, 0, 2, 2, 2, 0, 50, 2, 0, 0, 53, 1, 0, 5, 50, 0, 0, 0, 0, 0, 0, 0, 0, 54, 1, 0, 0, 0, 4, 0, 4, 0, 0, 0, 0, 2, 0, 0, 0, 5, 1, 51, 0, 0, 0, 5, 0, 4, 0, 0, 0, 0, 0, 0, 0, 6, 5, 1, 0, 5, 4, 2, 55, 0, 0, 0, 3, 3, 0, 5, 0, 3, 0, 1, 0, 0, 0, 0, 0, 0, 4, 1, 0, 0, 0, 0, 0, 0, 0, 7, 0, 0, 5, 4, 3, 0, 5, 0, 0, 0, 0, 0, 4, 0, 4, 3, 4, 0, 2, 3, 5, 0, 0, 5, 0, 53, 0, 53, 4, 0, 0, 0, 5, 4, 0, 4, 0, 2, 0, 2, 5, 0, 0, 0, 0, 5, 0, 0, 5, 0, 4, 4, 0, 4, 0, 5, 3, 0, 5, 0, 0, 2, 0, 50, 3, 0, 0, 0, 0, 0, 0, 0, 0, 1, 0, 5, 53, 0, 0, 52, 1, 0, 0, 0, 0, 0, 0, 0, 0, 0, 0, 0, 0, 0, 0, 5, 4, 0, 5, 0, 50, 0, : 1, 2, 3, 4, 2, 2, 2, 50, 2, 53, 1, 5, 50, 54, 1, 4, 4, 2, 5, 1, 51, 5, 4, 6, 5, 1, 5, 4, 2, 55, 3, 3, 5, 3, 1, 4, 1, 7, 5, 4, 3, 5, 4, 4, 3, 4, 2, 3, 5, 5, 53, 53, 4, 5, 4, 4, 2, 2, 5, 5, 5, 4, 4, 4, 5, 3, 5, 2, 50, 3, 1, 5, 53, 52, 1, 5, 4, 5, 50, 
23: 0, 0, 0, 5, 0, 0, 0, 4, 5, 0, 0, 1, 0, 0, 0, 0, 0, 0, 3, 3, 0, 0, 2, 0, 0, 0, 3, 0, 0, 0, 0, 1, 4, 0, 0, 0, 1, 0, 5, 0, 0, 0, 0, 0, 54, 0, 0, 4, 0, 0, 0, 0, 51, 3, 0, 1, 0, 0, 4, 0, 0, 0, 1, 3, 4, 1, 0, 4, 0, 2, 0, 0, 0, 0, 0, 1, 0, 3, 0, 2, 0, 1, 1, 0, 3, 0, 0, 5, 0, 2, 0, 0, 0, 1, 0, 0, 0, 1, 0, 0, 5, 4, 0, 3, 5, 0, 0, 0, 50, 0, 1, 0, 2, 0, 1, 1, 0, 5, 5, 50, 0, 4, 0, 0, 0, 0, 0, 54, 0, 0, 1, 1, 0, 54, 0, 2, 0, 6, 2, 0, 0, 0, 55, 5, 0, 0, 3, 0, 3, 3, 1, 5, 0, 5, 5, 0, 6, 0, 0, 50, 2, 1, 1, 0, 0, 0, 0, 0, 0, 0, 5, 0, 0, 5, 0, 0, 1, 0, 1, 0, 0, 0, 0, 0, 0, 50, 0, 0, 51, 0, 51, 0, 0, 5, 1, 0, 5, 0, 0, 0, : 5, 4, 5, 1, 3, 3, 2, 3, 1, 4, 1, 5, 54, 4, 51, 3, 1, 4, 1, 3, 4, 1, 4, 2, 1, 3, 2, 1, 1, 3, 5, 2, 1, 1, 5, 4, 3, 5, 50, 1, 2, 1, 1, 5, 5, 50, 4, 54, 1, 1, 54, 2, 6, 2, 55, 5, 3, 3, 3, 1, 5, 5, 5, 6, 50, 2, 1, 1, 5, 5, 1, 1, 50, 51, 51, 5, 1, 5, 
91: 0, 1, 0, 5, 0, 0, 4, 0, 1, 0, 0, 53, 0, 1, 0, 0, 0, 0, 1, 0, 1, 0, 0, 0, 0, 0, 0, 0, 1, 0, 0, 0, 4, 0, 0, 0, 4, 0, 4, 0, 52, 0, 52, 0, 0, 0, 3, 1, 0, 1, 0, 0, 1, 2, 3, 0, 51, 0, 1, 0, 0, 0, 0, 3, 1, 0, 0, 2, 0, 4, 0, 0, 0, 0, 50, 1, 1, 2, 0, 4, 0, 1, 0, 0, 0, 0, 51, 0, 0, 2, 0, 0, 0, 0, 0, 55, 0, 1, 0, 0, 1, 3, 0, 0, 3, 3, 0, 0, 0, 0, 0, 0, 1, 0, 6, 0, 0, 3, 2, 0, 0, 0, 0, 1, 0, 0, 0, 0, 0, 0, 5, 1, 0, 0, 0, 4, 52, 5, 4, 0, 0, 0, 0, 0, 0, 0, 8, 0, 1, 4, 2, 2, 0, 2, 2, 1, 3, 1, 0, 3, 0, 0, 4, 0, 51, 0, 0, 0, 0, 4, 0, 0, 0, 4, 1, 3, 0, 0, 3, 0, 3, 0, 0, 0, 0, 0, 2, 0, 1, 0, 0, 0, 0, 3, 1, 0, 2, 1, 3, 0, : 1, 5, 4, 1, 53, 1, 1, 1, 1, 4, 4, 4, 52, 52, 3, 1, 1, 1, 2, 3, 51, 1, 3, 1, 2, 4, 50, 1, 1, 2, 4, 1, 51, 2, 55, 1, 1, 3, 3, 3, 1, 6, 3, 2, 1, 5, 1, 4, 52, 5, 4, 8, 1, 4, 2, 2, 2, 2, 1, 3, 1, 3, 4, 51, 4, 4, 1, 3, 3, 3, 2, 1, 3, 1, 2, 1, 3, 
2: 0, 1, 0, 2, 0, 0, 0, 0, 5, 3, 51, 0, 0, 50, 0, 0, 0, 0, 0, 0, 0, 0, 0, 0, 0, 0, 54, 5, 0, 0, 4, 0, 1, 0, 0, 0, 4, 0, 2, 0, 0, 0, 0, 0, 0, 0, 0, 4, 0, 0, 0, 1, 0, 5, 0, 0, 2, 0, 0, 51, 0, 2, 0, 3, 1, 3, 0, 5, 0, 1, 0, 0, 0, 2, 0, 1, 5, 3, 0, 1, 0, 2, 0, 0, 0, 2, 1, 0, 2, 5, 1, 0, 0, 3, 0, 0, 0, 2, 0, 0, 4, 4, 2, 0, 1, 0, 0, 55, 0, 0, 0, 0, 5, 0, 1, 2, 0, 1, 4, 0, 0, 4, 0, 1, 0, 1, 55, 0, 0, 0, 4, 4, 0, 0, 0, 3, 0, 1, 3, 3, 1, 0, 0, 5, 0, 0, 1, 0, 2, 1, 0, 2, 0, 3, 5, 0, 1, 0, 0, 0, 0, 1, 5, 0, 2, 0, 0, 0, 0, 0, 0, 0, 0, 5, 0, 0, 5, 0, 4, 4, 0, 0, 0, 0, 0, 0, 0, 0, 0, 0, 0, 0, 2, 3, 3, 0, 1, 0, 0, 4, : 1, 2, 5, 3, 51, 50, 54, 5, 4, 1, 4, 2, 4, 1, 5, 2, 51, 2, 3, 1, 3, 5, 1, 2, 1, 5, 3, 1, 2, 2, 1, 2, 5, 1, 3, 2, 4, 4, 2, 1, 55, 5, 1, 2, 1, 4, 4, 1, 1, 55, 4, 4, 3, 1, 3, 3, 1, 5, 1, 2, 1, 2, 3, 5, 1, 1, 5, 2, 5, 5, 4, 4, 2, 3, 3, 1, 4, 
86: 0, 0, 1, 3, 1, 1, 0, 0, 3, 0, 0, 0, 0, 0, 1, 0, 0, 0, 0, 0, 0, 0, 0, 0, 0, 54, 0, 0, 0, 0, 0, 0, 4, 0, 0, 0, 2, 0, 4, 0, 0, 0, 0, 1, 0, 0, 0, 1, 0, 4, 0, 0, 0, 1, 0, 0, 0, 2, 3, 3, 3, 0, 2, 5, 5, 0, 0, 4, 1, 5, 0, 0, 1, 0, 0, 1, 54, 4, 0, 3, 50, 1, 0, 0, 0, 0, 0, 0, 0, 2, 0, 0, 0, 0, 0, 0, 0, 4, 0, 0, 5, 4, 0, 1, 4, 0, 0, 0, 0, 3, 0, 0, 1, 0, 4, 0, 0, 2, 2, 0, 0, 5, 0, 0, 0, 0, 0, 0, 0, 2, 3, 5, 3, 0, 0, 3, 0, 2, 1, 1, 50, 0, 0, 3, 0, 0, 2, 3, 5, 2, 0, 2, 0, 1, 4, 0, 1, 2, 0, 0, 0, 0, 3, 0, 1, 3, 0, 0, 2, 0, 0, 0, 0, 2, 0, 0, 0, 0, 5, 0, 0, 4, 0, 0, 0, 0, 0, 4, 0, 0, 0, 0, 1, 1, 5, 1, 5, 0, 0, 0, : 1, 3, 1, 1, 3, 1, 54, 4, 2, 4, 1, 1, 4, 1, 2, 3, 3, 3, 2, 5, 5, 4, 1, 5, 1, 1, 54, 4, 3, 50, 1, 2, 4, 5, 4, 1, 4, 3, 1, 4, 2, 2, 5, 2, 3, 5, 3, 3, 2, 1, 1, 50, 3, 2, 3, 5, 2, 2, 1, 4, 1, 2, 3, 1, 3, 2, 2, 5, 4, 4, 1, 1, 5, 1, 5, 


92: 0, 52, 52, 0, 0, 0, 0, 0, 0, 1, 0, 0, 0, 0, 0, 54, 0, 0, 3, 3, 0, 4, 0, 0, 0, 2, 1, 1, 1, 0, 1, 0, 1, 0, 0, 0, 0, 0, 0, 0, 0, 0, 53, 0, 0, 2, 3, 4, 0, 0, 1, 3, 2, 0, 0, 2, 0, 5, 0, 0, 1, 0, 0, 0, 0, 0, 51, 0, 0, 52, 5, 0, 0, 0, 0, 0, 5, 2, 0, 0, 2, 0, 0, 4, 0, 0, 1, 0, 0, 0, 2, 0, 0, 3, 0, 0, 2, 0, 1, 1, 1, 1, 2, 50, 1, 4, 0, 0, 5, 0, 0, 0, 0, 1, 0, 0, 51, 0, 0, 0, 0, 2, 0, 0, 3, 0, 0, 0, 3, 0, 2, 0, 2, 0, 3, 1, 0, 0, 0, 3, 0, 0, 5, 0, 0, 0, 0, 3, 0, 5, 0, 5, 0, 0, 1, 0, 0, 50, 0, 0, 0, 2, 5, 1, 0, 0, 0, 2, 0, 0, 52, 0, 0, 0, 1, 0, 0, 5, 2, 0, 1, 0, 2, 0, 0, 0, 1, 3, 3, 2, 0, 4, 3, 0, 4, 0, 0, 3, 0, 1, : 52, 52, 1, 54, 3, 3, 4, 2, 1, 1, 1, 1, 1, 53, 2, 3, 4, 1, 3, 2, 2, 5, 1, 51, 52, 5, 5, 2, 2, 4, 1, 2, 3, 2, 1, 1, 1, 1, 2, 50, 1, 4, 5, 1, 51, 2, 3, 3, 2, 2, 3, 1, 3, 5, 3, 5, 5, 1, 50, 2, 5, 1, 2, 52, 1, 5, 2, 1, 2, 1, 3, 3, 2, 4, 3, 4, 3, 1, 
39: 2, 0, 1, 4, 5, 0, 0, 0, 0, 4, 0, 0, 0, 0, 0, 0, 1, 0, 5, 1, 0, 0, 50, 0, 0, 0, 4, 1, 0, 1, 1, 0, 0, 50, 0, 5, 0, 0, 0, 5, 0, 0, 1, 0, 0, 2, 4, 3, 0, 0, 4, 1, 1, 3, 0, 5, 0, 0, 0, 0, 0, 2, 0, 0, 0, 0, 0, 0, 0, 0, 1, 0, 0, 0, 0, 0, 2, 3, 0, 0, 0, 50, 2, 0, 0, 0, 0, 0, 0, 0, 5, 3, 0, 4, 5, 0, 0, 0, 0, 2, 1, 3, 1, 0, 1, 0, 0, 0, 3, 3, 0, 0, 1, 55, 0, 0, 0, 0, 0, 0, 0, 4, 0, 0, 4, 55, 1, 0, 2, 0, 0, 0, 0, 0, 3, 2, 0, 0, 0, 5, 0, 0, 2, 0, 2, 1, 4, 3, 0, 5, 50, 3, 0, 0, 0, 0, 0, 0, 0, 0, 4, 2, 0, 5, 0, 0, 0, 2, 0, 0, 0, 4, 0, 0, 0, 2, 52, 3, 0, 0, 2, 0, 3, 51, 0, 0, 0, 0, 2, 3, 0, 5, 3, 0, 5, 0, 0, 5, 0, 0, : 2, 1, 4, 5, 4, 1, 5, 1, 50, 4, 1, 1, 1, 50, 5, 5, 1, 2, 4, 3, 4, 1, 1, 3, 5, 2, 1, 2, 3, 50, 2, 5, 3, 4, 5, 2, 1, 3, 1, 1, 3, 3, 1, 55, 4, 4, 55, 1, 2, 3, 2, 5, 2, 2, 1, 4, 3, 5, 50, 3, 4, 2, 5, 2, 4, 2, 52, 3, 2, 3, 51, 2, 3, 5, 3, 5, 5, 
3: 0, 0, 5, 0, 1, 0, 0, 0, 0, 4, 0, 0, 0, 3, 0, 0, 0, 0, 1, 2, 0, 1, 3, 1, 0, 0, 1, 3, 3, 0, 2, 0, 0, 0, 1, 5, 2, 0, 0, 1, 0, 0, 0, 0, 0, 5, 2, 3, 0, 0, 2, 2, 0, 52, 0, 5, 0, 0, 0, 0, 4, 0, 0, 0, 0, 0, 0, 1, 0, 0, 4, 0, 0, 0, 0, 0, 2, 10, 0, 1, 0, 0, 0, 1, 0, 0, 0, 3, 0, 0, 1, 0, 0, 3, 5, 0, 0, 0, 0, 1, 5, 3, 3, 0, 0, 0, 0, 2, 3, 0, 0, 0, 0, 1, 0, 0, 0, 0, 0, 0, 2, 2, 0, 1, 2, 5, 0, 0, 0, 0, 0, 0, 0, 0, 1, 3, 0, 52, 0, 1, 4, 0, 5, 3, 1, 0, 0, 3, 4, 0, 0, 4, 0, 1, 52, 0, 0, 0, 1, 0, 0, 2, 0, 5, 0, 0, 0, 2, 0, 0, 0, 0, 1, 0, 0, 0, 0, 3, 0, 0, 1, 0, 0, 0, 0, 0, 0, 0, 3, 3, 0, 4, 5, 0, 3, 0, 0, 1, 3, 0, : 5, 1, 4, 3, 1, 2, 1, 3, 1, 1, 3, 3, 2, 1, 5, 2, 1, 5, 2, 3, 2, 2, 52, 5, 4, 1, 4, 2, 10, 1, 1, 3, 1, 3, 5, 1, 5, 3, 3, 2, 3, 1, 2, 2, 1, 2, 5, 1, 3, 52, 1, 4, 5, 3, 1, 3, 4, 4, 1, 52, 1, 2, 5, 2, 1, 3, 1, 3, 3, 4, 5, 3, 1, 3, 
9: 0, 3, 2, 0, 0, 0, 0, 2, 3, 3, 0, 0, 0, 0, 0, 0, 0, 1, 5, 3, 1, 0, 0, 0, 0, 0, 2, 2, 4, 0, 2, 0, 50, 0, 0, 5, 0, 0, 0, 0, 0, 50, 0, 0, 0, 0, 1, 1, 0, 0, 5, 4, 0, 0, 2, 2, 1, 0, 0, 1, 3, 0, 0, 0, 50, 0, 2, 0, 1, 1, 4, 0, 51, 0, 0, 0, 1, 3, 1, 0, 0, 0, 0, 0, 0, 0, 0, 0, 1, 4, 3, 0, 0, 5, 2, 0, 0, 0, 0, 0, 4, 3, 5, 0, 0, 5, 1, 0, 4, 0, 0, 0, 5, 0, 0, 0, 0, 0, 1, 1, 1, 2, 0, 0, 5, 0, 0, 0, 0, 0, 0, 0, 0, 0, 3, 1, 3, 0, 0, 6, 0, 0, 1, 0, 0, 0, 0, 2, 0, 4, 0, 3, 0, 0, 0, 0, 4, 0, 0, 52, 0, 1, 0, 3, 5, 0, 0, 1, 0, 0, 0, 0, 0, 4, 0, 53, 0, 1, 0, 0, 2, 0, 3, 4, 0, 1, 1, 0, 5, 4, 0, 1, 1, 0, 4, 0, 52, 5, 0, 0, : 3, 2, 2, 3, 3, 1, 5, 3, 1, 2, 2, 4, 2, 50, 5, 50, 1, 1, 5, 4, 2, 2, 1, 1, 3, 50, 2, 1, 1, 4, 51, 1, 3, 1, 1, 4, 3, 5, 2, 4, 3, 5, 5, 1, 4, 5, 1, 1, 1, 2, 5, 3, 1, 3, 6, 1, 2, 4, 3, 4, 52, 1, 3, 5, 1, 4, 53, 1, 2, 3, 4, 1, 1, 5, 4, 1, 1, 4, 52, 5, 
52: 0, 0, 0, 55, 0, 51, 0, 0, 0, 2, 0, 0, 0, 54, 0, 0, 0, 0, 1, 3, 3, 50, 0, 1, 0, 0, 1, 4, 0, 1, 3, 0, 0, 3, 0, 4, 0, 0, 0, 0, 0, 0, 2, 0, 0, 1, 5, 3, 0, 0, 5, 4, 2, 0, 0, 5, 0, 0, 0, 0, 3, 0, 0, 0, 1, 4, 0, 0, 0, 0, 0, 0, 0, 0, 1, 55, 2, 2, 0, 0, 0, 0, 2, 4, 0, 0, 0, 0, 0, 0, 0, 0, 0, 1, 5, 0, 0, 0, 1, 3, 5, 4, 1, 0, 0, 3, 3, 0, 3, 0, 0, 0, 0, 0, 0, 0, 5, 0, 2, 0, 0, 0, 0, 0, 3, 0, 0, 0, 0, 0, 0, 54, 0, 0, 0, 2, 4, 0, 0, 5, 3, 0, 4, 0, 0, 0, 1, 3, 2, 4, 0, 2, 0, 0, 5, 0, 0, 0, 0, 0, 0, 3, 5, 0, 0, 0, 0, 3, 0, 0, 1, 0, 0, 0, 1, 0, 0, 2, 50, 0, 4, 0, 2, 5, 4, 0, 0, 0, 5, 2, 1, 1, 8, 0, 2, 0, 0, 1, 4, 0, : 55, 51, 2, 54, 1, 3, 3, 50, 1, 1, 4, 1, 3, 3, 4, 2, 1, 5, 3, 5, 4, 2, 5, 3, 1, 4, 1, 55, 2, 2, 2, 4, 1, 5, 1, 3, 5, 4, 1, 3, 3, 3, 5, 2, 3, 54, 2, 4, 5, 3, 4, 1, 3, 2, 4, 2, 5, 3, 5, 3, 1, 1, 2, 50, 4, 2, 5, 4, 5, 2, 1, 1, 8, 2, 1, 4, 
7: 0, 4, 0, 0, 0, 4, 0, 0, 0, 0, 0, 0, 0, 0, 0, 1, 0, 0, 4, 5, 0, 0, 0, 0, 0, 1, 5, 4, 0, 0, 5, 0, 0, 0, 0, 2, 0, 0, 0, 0, 0, 0, 0, 5, 5, 5, 3, 3, 0, 0, 2, 4, 2, 0, 50, 2, 0, 0, 54, 0, 5, 5, 0, 0, 0, 0, 0, 0, 0, 0, 1, 0, 0, 0, 0, 0, 5, 4, 0, 0, 1, 0, 0, 5, 0, 0, 0, 2, 0, 0, 5, 0, 1, 3, 2, 0, 54, 0, 0, 2, 1, 3, 3, 0, 0, 1, 0, 2, 1, 0, 0, 0, 0, 0, 0, 0, 1, 0, 0, 0, 1, 4, 0, 0, 2, 0, 4, 2, 0, 0, 0, 0, 2, 53, 3, 2, 0, 0, 0, 1, 0, 0, 4, 0, 0, 0, 52, 1, 0, 0, 5, 3, 0, 0, 0, 4, 0, 0, 1, 0, 1, 1, 0, 5, 0, 0, 2, 4, 0, 0, 0, 0, 0, 0, 0, 1, 0, 2, 0, 0, 5, 0, 5, 0, 1, 0, 0, 0, 3, 3, 0, 3, 2, 0, 4, 0, 2, 4, 1, 0, : 4, 4, 1, 4, 5, 1, 5, 4, 5, 2, 5, 5, 5, 3, 3, 2, 4, 2, 50, 2, 54, 5, 5, 1, 5, 4, 1, 5, 2, 5, 1, 3, 2, 54, 2, 1, 3, 3, 1, 2, 1, 1, 1, 4, 2, 4, 2, 2, 53, 3, 2, 1, 4, 52, 1, 5, 3, 4, 1, 1, 1, 5, 2, 4, 1, 2, 5, 5, 1, 3, 3, 3, 2, 4, 2, 4, 1, 
80: 0, 0, 0, 1, 0, 2, 0, 0, 1, 5, 0, 0, 1, 0, 0, 0, 1, 0, 7, 5, 0, 0, 2, 0, 0, 0, 4, 4, 0, 0, 1, 0, 0, 0, 0, 0, 0, 1, 0, 0, 0, 5, 0, 0, 0, 4, 2, 1, 0, 0, 5, 4, 0, 0, 1, 2, 4, 2, 0, 2, 5, 50, 0, 1, 0, 0, 0, 0, 0, 0, 4, 0, 0, 0, 0, 0, 1, 1, 0, 0, 0, 3, 3, 5, 0, 2, 2, 0, 1, 0, 2, 0, 2, 4, 0, 4, 0, 5, 1, 5, 2, 3, 3, 0, 0, 1, 52, 0, 1, 1, 54, 0, 0, 0, 0, 0, 0, 1, 4, 0, 2, 4, 0, 0, 2, 0, 0, 0, 50, 0, 0, 0, 1, 1, 3, 5, 0, 0, 0, 4, 0, 0, 2, 52, 0, 0, 0, 5, 0, 2, 0, 4, 0, 0, 0, 0, 0, 0, 2, 2, 52, 10, 0, 3, 1, 4, 3, 3, 0, 0, 0, 0, 4, 3, 4, 0, 0, 7, 2, 0, 3, 3, 4, 0, 0, 0, 2, 0, 5, 2, 0, 5, 2, 0, 2, 0, 0, 2, 0, 0, : 1, 2, 1, 5, 1, 1, 7, 5, 2, 4, 4, 1, 1, 5, 4, 2, 1, 5, 4, 1, 2, 4, 2, 2, 5, 50, 1, 4, 1, 1, 3, 3, 5, 2, 2, 1, 2, 2, 4, 4, 5, 1, 5, 2, 3, 3, 1, 52, 1, 1, 54, 1, 4, 2, 4, 2, 50, 1, 1, 3, 5, 4, 2, 52, 5, 2, 4, 2, 2, 52, 10, 3, 1, 4, 3, 3, 4, 3, 4, 7, 2, 3, 3, 4, 2, 5, 2, 5, 2, 2, 2, 
42: 0, 0, 0, 0, 0, 0, 52, 0, 0, 4, 0, 0, 5, 0, 1, 0, 0, 3, 2, 1, 54, 0, 0, 0, 0, 0, 1, 14, 50, 0, 2, 0, 2, 0, 0, 4, 1, 0, 0, 52, 2, 0, 0, 0, 0, 2, 4, 5, 3, 0, 2, 2, 0, 0, 0, 5, 0, 0, 0, 0, 2, 0, 0, 54, 0, 0, 0, 0, 0, 0, 4, 3, 0, 0, 1, 0, 5, 1, 52, 0, 0, 0, 1, 2, 0, 0, 0, 0, 0, 0, 5, 0, 3, 2, 4, 0, 0, 0, 0, 5, 1, 1, 5, 0, 0, 1, 0, 0, 3, 0, 0, 0, 0, 0, 0, 0, 0, 53, 0, 0, 0, 4, 55, 2, 5, 0, 3, 0, 0, 0, 0, 0, 0, 1, 2, 4, 0, 0, 2, 2, 0, 0, 3, 0, 0, 0, 0, 2, 0, 1, 1, 2, 0, 0, 1, 0, 0, 0, 0, 0, 0, 2, 0, 5, 3, 0, 0, 2, 0, 0, 0, 0, 0, 0, 52, 1, 0, 5, 0, 55, 5, 0, 4, 0, 1, 1, 0, 0, 1, 2, 0, 2, 4, 1, 2, 54, 0, 1, 0, 0, : 52, 4, 5, 1, 3, 2, 1, 54, 1, 14, 50, 2, 2, 4, 1, 52, 2, 2, 4, 5, 3, 2, 2, 5, 2, 54, 4, 3, 1, 5, 1, 52, 1, 2, 5, 3, 2, 4, 5, 1, 1, 5, 1, 3, 53, 4, 55, 2, 5, 3, 1, 2, 4, 2, 2, 3, 2, 1, 1, 2, 1, 2, 5, 3, 2, 52, 1, 5, 55, 5, 4, 1, 1, 1, 2, 2, 4, 1, 2, 54, 1, 
44: 0, 0, 0, 0, 0, 0, 0, 51, 0, 5, 0, 0, 0, 0, 53, 0, 1, 0, 2, 2, 0, 0, 0, 0, 0, 0, 5, 1, 0, 0, 5, 0, 0, 0, 0, 1, 52, 0, 0, 0, 0, 0, 0, 0, 2, 5, 4, 5, 50, 0, 1, 3, 2, 0, 0, 2, 52, 0, 0, 0, 2, 0, 0, 0, 0, 52, 0, 0, 4, 0, 1, 0, 0, 5, 0, 0, 5, 3, 1, 0, 0, 0, 0, 1, 0, 0, 0, 0, 3, 0, 3, 0, 0, 3, 4, 0, 0, 3, 0, 2, 3, 1, 5, 0, 1, 3, 0, 50, 3, 52, 4, 0, 0, 0, 0, 1, 0, 2, 0, 52, 0, 4, 0, 54, 1, 0, 0, 0, 0, 0, 0, 5, 0, 1, 0, 2, 0, 1, 0, 3, 0, 2, 1, 0, 1, 5, 0, 1, 0, 5, 0, 2, 0, 0, 0, 0, 0, 1, 0, 0, 0, 1, 50, 4, 0, 1, 0, 5, 50, 5, 0, 0, 0, 0, 0, 1, 4, 2, 0, 0, 2, 51, 2, 0, 0, 2, 0, 55, 1, 5, 0, 2, 2, 3, 1, 0, 0, 3, 0, 0, : 51, 5, 53, 1, 2, 2, 5, 1, 5, 1, 52, 2, 5, 4, 5, 50, 1, 3, 2, 2, 52, 2, 52, 4, 1, 5, 5, 3, 1, 1, 3, 3, 3, 4, 3, 2, 3, 1, 5, 1, 3, 50, 3, 52, 4, 1, 2, 52, 4, 54, 1, 5, 1, 2, 1, 3, 2, 1, 1, 5, 1, 5, 2, 1, 1, 50, 4, 1, 5, 50, 5, 1, 4, 2, 2, 51, 2, 2, 55, 1, 5, 2, 2, 3, 1, 3, 
69: 0, 0, 0, 0, 0, 0, 3, 1, 0, 0, 0, 0, 52, 0, 0, 0, 0, 54, 2, 3, 2, 0, 1, 0, 2, 0, 3, 2, 0, 3, 2, 0, 5, 0, 0, 3, 0, 0, 2, 0, 4, 0, 0, 0, 0, 4, 2, 4, 4, 3, 3, 4, 0, 1, 0, 3, 0, 0, 0, 0, 1, 0, 0, 0, 0, 0, 5, 0, 1, 5, 1, 54, 0, 0, 0, 0, 1, 3, 0, 3, 0, 0, 0, 5, 50, 0, 0, 0, 0, 0, 4, 0, 1, 4, 3, 0, 0, 0, 0, 4, 2, 3, 2, 5, 0, 5, 0, 0, 1, 0, 0, 5, 0, 0, 0, 0, 0, 0, 0, 1, 0, 4, 1, 1, 5, 0, 0, 5, 1, 0, 51, 0, 0, 4, 5, 6, 1, 0, 0, 3, 0, 0, 4, 0, 0, 0, 0, 5, 0, 3, 4, 4, 0, 0, 0, 0, 55, 0, 0, 0, 0, 1, 0, 4, 0, 0, 0, 2, 0, 0, 0, 0, 0, 0, 0, 0, 1, 4, 0, 5, 3, 3, 0, 0, 0, 0, 1, 0, 4, 4, 0, 4, 1, 0, 4, 1, 0, 2, 0, 0, : 3, 1, 52, 54, 2, 3, 2, 1, 2, 3, 2, 3, 2, 5, 3, 2, 4, 4, 2, 4, 4, 3, 3, 4, 1, 3, 1, 5, 1, 5, 1, 54, 1, 3, 3, 5, 50, 4, 1, 4, 3, 4, 2, 3, 2, 5, 5, 1, 5, 1, 4, 1, 1, 5, 5, 1, 51, 4, 5, 6, 1, 3, 4, 5, 3, 4, 4, 55, 1, 4, 2, 1, 4, 5, 3, 3, 1, 4, 4, 4, 1, 4, 1, 2, 
87: 3, 0, 0, 0, 54, 1, 0, 1, 0, 5, 4, 2, 0, 1, 0, 3, 0, 0, 4, 4, 0, 0, 0, 3, 51, 0, 5, 5, 0, 0, 5, 2, 0, 0, 0, 5, 5, 0, 0, 0, 0, 5, 0, 0, 0, 5, 5, 1, 0, 0, 2, 4, 0, 0, 0, 3, 0, 0, 0, 0, 5, 0, 0, 0, 0, 0, 0, 0, 0, 2, 3, 0, 0, 5, 0, 0, 2, 1, 0, 0, 0, 0, 1, 1, 3, 3, 2, 0, 0, 0, 1, 0, 0, 0, 5, 0, 4, 50, 1, 4, 2, 3, 4, 0, 50, 5, 0, 4, 5, 4, 0, 0, 0, 0, 0, 0, 0, 0, 0, 1, 0, 5, 0, 0, 1, 0, 0, 0, 0, 0, 0, 0, 0, 0, 5, 3, 0, 0, 0, 5, 0, 0, 6, 0, 0, 0, 2, 1, 0, 2, 0, 3, 0, 0, 1, 0, 0, 0, 0, 1, 0, 2, 0, 5, 0, 0, 50, 4, 0, 0, 0, 50, 0, 0, 0, 0, 0, 2, 0, 0, 1, 0, 3, 0, 0, 0, 0, 0, 2, 1, 0, 2, 2, 0, 1, 1, 0, 3, 0, 0, : 3, 54, 1, 1, 5, 4, 2, 1, 3, 4, 4, 3, 51, 5, 5, 5, 2, 5, 5, 5, 5, 5, 1, 2, 4, 3, 5, 2, 3, 5, 2, 1, 1, 1, 3, 3, 2, 1, 5, 4, 50, 1, 4, 2, 3, 4, 50, 5, 4, 5, 4, 1, 5, 1, 5, 3, 5, 6, 2, 1, 2, 3, 1, 1, 2, 5, 50, 4, 50, 2, 1, 3, 2, 1, 2, 2, 1, 1, 3, 
24: 0, 1, 0, 0, 0, 0, 1, 0, 0, 3, 0, 3, 0, 1, 0, 0, 0, 0, 1, 2, 0, 0, 0, 0, 0, 0, 1, 1, 0, 50, 3, 0, 0, 0, 4, 3, 0, 0, 3, 0, 0, 0, 4, 0, 0, 1, 6, 2, 1, 0, 1, 2, 0, 0, 0, 5, 0, 0, 0, 0, 3, 0, 1, 0, 0, 0, 0, 0, 54, 0, 5, 0, 0, 50, 0, 0, 5, 5, 0, 2, 5, 0, 0, 4, 0, 1, 0, 0, 0, 51, 3, 1, 0, 1, 4, 0, 0, 0, 55, 0, 4, 5, 5, 0, 0, 4, 1, 0, 2, 0, 0, 0, 53, 0, 4, 0, 0, 0, 0, 0, 0, 1, 0, 0, 3, 0, 0, 0, 0, 2, 0, 0, 0, 0, 5, 7, 50, 0, 5, 2, 0, 0, 1, 0, 0, 2, 0, 1, 0, 5, 0, 4, 0, 54, 0, 0, 0, 0, 0, 1, 0, 3, 0, 0, 0, 0, 0, 1, 5, 0, 0, 0, 0, 0, 2, 1, 0, 5, 0, 0, 2, 0, 3, 0, 0, 1, 0, 0, 5, 4, 54, 3, 1, 0, 5, 1, 0, 4, 0, 0, : 1, 1, 3, 3, 1, 1, 2, 1, 1, 50, 3, 4, 3, 3, 4, 1, 6, 2, 1, 1, 2, 5, 3, 1, 54, 5, 50, 5, 5, 2, 5, 4, 1, 51, 3, 1, 1, 4, 55, 4, 5, 5, 4, 1, 2, 53, 4, 1, 3, 2, 5, 7, 50, 5, 2, 1, 2, 1, 5, 4, 54, 1, 3, 1, 5, 2, 1, 5, 2, 3, 1, 5, 4, 54, 3, 1, 5, 1, 4, 
63: 0, 0, 0, 0, 0, 2, 0, 0, 0, 5, 1, 0, 0, 1, 0, 0, 54, 0, 1, 5, 0, 4, 0, 0, 0, 1, 4, 3, 0, 0, 1, 0, 0, 0, 0, 2, 0, 0, 0, 0, 0, 0, 0, 0, 0, 2, 5, 1, 0, 0, 1, 5, 0, 0, 3, 1, 0, 0, 1, 1, 2, 0, 54, 0, 0, 0, 0, 53, 0, 0, 1, 0, 3, 0, 0, 0, 2, 2, 0, 52, 0, 0, 0, 4, 0, 0, 0, 0, 0, 0, 5, 0, 0, 5, 3, 1, 0, 0, 0, 3, 3, 6, 3, 0, 0, 3, 1, 1, 5, 0, 0, 0, 0, 0, 1, 1, 0, 0, 3, 1, 0, 2, 0, 2, 4, 0, 50, 0, 0, 0, 1, 0, 3, 0, 4, 2, 0, 1, 0, 3, 0, 0, 5, 5, 54, 52, 0, 3, 0, 5, 0, 1, 0, 0, 0, 0, 0, 0, 53, 0, 0, 4, 0, 3, 1, 1, 0, 3, 0, 0, 0, 0, 0, 0, 0, 0, 0, 2, 0, 0, 5, 1, 5, 0, 0, 0, 0, 0, 4, 3, 5, 3, 3, 0, 2, 3, 0, 2, 0, 3, : 2, 5, 1, 1, 54, 1, 5, 4, 1, 4, 3, 1, 2, 2, 5, 1, 1, 5, 3, 1, 1, 1, 2, 54, 53, 1, 3, 2, 2, 52, 4, 5, 5, 3, 1, 3, 3, 6, 3, 3, 1, 1, 5, 1, 1, 3, 1, 2, 2, 4, 50, 1, 3, 4, 2, 1, 3, 5, 5, 54, 52, 3, 5, 1, 53, 4, 3, 1, 1, 3, 2, 5, 1, 5, 4, 3, 5, 3, 3, 2, 3, 2, 3, 
61: 0, 0, 0, 0, 0, 0, 0, 5, 0, 2, 4, 0, 0, 0, 0, 2, 0, 0, 6, 3, 0, 0, 0, 1, 0, 3, 3, 1, 2, 0, 9, 0, 0, 0, 0, 3, 0, 4, 0, 1, 0, 0, 0, 0, 53, 5, 1, 4, 0, 0, 1, 2, 50, 0, 0, 1, 0, 0, 0, 0, 2, 0, 0, 0, 1, 3, 2, 4, 0, 0, 4, 0, 0, 0, 0, 1, 2, 1, 1, 0, 0, 0, 0, 5, 0, 0, 52, 0, 50, 3, 3, 0, 0, 2, 3, 0, 0, 0, 0, 5, 5, 1, 2, 0, 3, 5, 2, 0, 4, 0, 0, 0, 0, 0, 0, 0, 0, 0, 0, 0, 0, 3, 0, 0, 0, 0, 0, 0, 0, 1, 0, 0, 0, 0, 5, 5, 0, 2, 0, 5, 0, 54, 1, 0, 0, 0, 1, 2, 1, 5, 0, 1, 2, 5, 0, 0, 0, 0, 0, 0, 3, 1, 0, 0, 0, 0, 0, 1, 0, 0, 0, 0, 0, 2, 0, 0, 0, 2, 5, 0, 5, 0, 5, 0, 0, 2, 0, 1, 1, 3, 0, 2, 1, 0, 6, 0, 0, 5, 0, 0, : 5, 2, 4, 2, 6, 3, 1, 3, 3, 1, 2, 9, 3, 4, 1, 53, 5, 1, 4, 1, 2, 50, 1, 2, 1, 3, 2, 4, 4, 1, 2, 1, 1, 5, 52, 50, 3, 3, 2, 3, 5, 5, 1, 2, 3, 5, 2, 4, 3, 1, 5, 5, 2, 5, 54, 1, 1, 2, 1, 5, 1, 2, 5, 3, 1, 1, 2, 2, 5, 5, 5, 2, 1, 1, 3, 2, 1, 6, 5, 
18: 0, 0, 0, 0, 0, 0, 0, 0, 0, 2, 0, 0, 0, 0, 0, 0, 0, 0, 2, 1, 0, 0, 2, 0, 0, 0, 4, 2, 0, 0, 3, 54, 2, 0, 0, 0, 0, 0, 0, 0, 0, 0, 0, 0, 0, 3, 5, 4, 0, 0, 1, 1, 0, 0, 0, 1, 0, 0, 0, 1, 3, 1, 3, 5, 3, 0, 0, 1, 0, 0, 5, 0, 0, 0, 0, 0, 4, 3, 0, 2, 0, 0, 51, 5, 0, 0, 0, 0, 0, 0, 4, 1, 0, 4, 2, 53, 0, 0, 0, 1, 4, 1, 1, 5, 0, 4, 0, 1, 1, 0, 0, 52, 1, 0, 5, 1, 0, 0, 0, 0, 0, 2, 0, 0, 4, 0, 0, 0, 0, 0, 4, 0, 0, 0, 3, 3, 0, 0, 51, 3, 0, 0, 3, 0, 0, 0, 0, 5, 0, 5, 0, 1, 0, 0, 0, 0, 0, 0, 0, 0, 0, 5, 0, 4, 0, 0, 0, 5, 0, 2, 1, 4, 0, 51, 0, 0, 0, 3, 0, 0, 2, 0, 4, 0, 3, 0, 3, 1, 3, 4, 0, 4, 5, 0, 1, 0, 0, 1, 2, 52, : 2, 2, 1, 2, 4, 2, 3, 54, 2, 3, 5, 4, 1, 1, 1, 1, 3, 1, 3, 5, 3, 1, 5, 4, 3, 2, 51, 5, 4, 1, 4, 2, 53, 1, 4, 1, 1, 5, 4, 1, 1, 52, 1, 5, 1, 2, 4, 4, 3, 3, 51, 3, 3, 5, 5, 1, 5, 4, 5, 2, 1, 4, 51, 3, 2, 4, 3, 3, 1, 3, 4, 4, 5, 1, 1, 2, 52, 
75: 55, 0, 0, 0, 0, 0, 0, 0, 0, 1, 0, 0, 0, 0, 0, 0, 0, 2, 1, 4, 0, 0, 1, 0, 0, 0, 1, 1, 0, 0, 2, 0, 0, 4, 0, 5, 0, 0, 0, 0, 1, 0, 0, 2, 0, 1, 2, 1, 0, 0, 6, 2, 0, 1, 4, 1, 0, 0, 1, 52, 2, 2, 2, 0, 0, 0, 0, 0, 0, 0, 5, 0, 5, 0, 55, 0, 5, 1, 0, 0, 0, 4, 0, 4, 1, 1, 0, 0, 0, 0, 5, 55, 0, 5, 4, 0, 0, 2, 0, 5, 2, 1, 2, 0, 0, 1, 0, 0, 0, 0, 0, 0, 0, 0, 0, 2, 0, 0, 0, 0, 0, 4, 1, 0, 5, 0, 0, 0, 0, 0, 0, 1, 0, 0, 3, 4, 0, 2, 0, 3, 0, 0, 1, 0, 0, 0, 0, 1, 0, 1, 0, 5, 0, 0, 0, 1, 0, 0, 0, 0, 0, 5, 0, 0, 0, 0, 0, 5, 0, 0, 0, 0, 0, 0, 0, 0, 0, 1, 0, 0, 4, 0, 3, 0, 0, 0, 0, 0, 1, 1, 0, 4, 1, 5, 2, 0, 1, 4, 50, 0, : 55, 1, 2, 1, 4, 1, 1, 1, 2, 4, 5, 1, 2, 1, 2, 1, 6, 2, 1, 4, 1, 1, 52, 2, 2, 2, 5, 5, 55, 5, 1, 4, 4, 1, 1, 5, 55, 5, 4, 2, 5, 2, 1, 2, 1, 2, 4, 1, 5, 1, 3, 4, 2, 3, 1, 1, 1, 5, 1, 5, 5, 1, 4, 3, 1, 1, 4, 1, 5, 2, 1, 4, 50, 
55: 0, 0, 0, 0, 0, 0, 0, 0, 1, 4, 0, 2, 1, 0, 0, 0, 3, 0, 3, 1, 0, 0, 1, 53, 1, 53, 5, 5, 0, 1, 2, 4, 0, 3, 0, 4, 0, 1, 54, 1, 0, 0, 0, 0, 0, 1, 1, 4, 1, 2, 5, 1, 0, 0, 0, 4, 0, 0, 4, 1, 5, 0, 0, 0, 0, 1, 0, 0, 0, 0, 5, 0, 0, 0, 0, 4, 2, 3, 5, 0, 52, 0, 0, 4, 0, 1, 0, 2, 2, 0, 5, 0, 0, 3, 4, 0, 0, 0, 0, 3, 4, 6, 1, 0, 4, 2, 0, 0, 5, 0, 0, 0, 0, 0, 0, 0, 3, 4, 50, 4, 50, 5, 0, 0, 1, 0, 1, 0, 0, 3, 2, 0, 0, 0, 5, 2, 0, 2, 0, 1, 0, 0, 3, 0, 0, 0, 0, 3, 0, 3, 0, 4, 54, 0, 0, 0, 1, 5, 0, 0, 0, 4, 0, 3, 0, 0, 5, 4, 0, 3, 4, 0, 4, 0, 0, 0, 0, 3, 0, 0, 3, 2, 3, 0, 1, 0, 52, 0, 1, 3, 0, 4, 5, 51, 4, 0, 0, 3, 0, 0, : 1, 4, 2, 1, 3, 3, 1, 1, 53, 1, 53, 5, 5, 1, 2, 4, 3, 4, 1, 54, 1, 1, 1, 4, 1, 2, 5, 1, 4, 4, 1, 5, 1, 5, 4, 2, 3, 5, 52, 4, 1, 2, 2, 5, 3, 4, 3, 4, 6, 1, 4, 2, 5, 3, 4, 50, 4, 50, 5, 1, 1, 3, 2, 5, 2, 2, 1, 3, 3, 3, 4, 54, 1, 5, 4, 3, 5, 4, 3, 4, 4, 3, 3, 2, 3, 1, 52, 1, 3, 4, 5, 51, 4, 3, 
6: 0, 0, 0, 0, 0, 0, 4, 0, 55, 2, 0, 53, 1, 0, 3, 0, 0, 0, 4, 4, 0, 1, 0, 0, 5, 0, 1, 2, 0, 0, 3, 0, 0, 0, 1, 2, 0, 0, 0, 0, 0, 0, 0, 0, 0, 4, 1, 5, 0, 52, 3, 4, 1, 0, 0, 2, 0, 0, 0, 0, 4, 0, 0, 0, 0, 0, 0, 0, 0, 0, 4, 1, 0, 0, 3, 0, 2, 6, 0, 0, 0, 3, 0, 2, 1, 1, 3, 53, 1, 2, 2, 0, 53, 5, 0, 2, 0, 0, 1, 5, 5, 4, 3, 0, 0, 5, 0, 0, 2, 0, 0, 0, 0, 0, 0, 0, 0, 0, 0, 0, 0, 5, 0, 0, 3, 0, 1, 0, 0, 54, 0, 0, 0, 0, 4, 1, 2, 0, 0, 2, 0, 0, 2, 0, 2, 0, 0, 2, 0, 2, 0, 3, 0, 0, 0, 52, 0, 4, 0, 4, 0, 4, 0, 0, 0, 54, 0, 2, 0, 0, 2, 1, 0, 0, 0, 0, 3, 5, 0, 0, 4, 0, 5, 0, 0, 0, 0, 0, 3, 2, 0, 2, 4, 0, 5, 0, 5, 5, 0, 0, : 4, 55, 2, 53, 1, 3, 4, 4, 1, 5, 1, 2, 3, 1, 2, 4, 1, 5, 52, 3, 4, 1, 2, 4, 4, 1, 3, 2, 6, 3, 2, 1, 1, 3, 53, 1, 2, 2, 53, 5, 2, 1, 5, 5, 4, 3, 5, 2, 5, 3, 1, 54, 4, 1, 2, 2, 2, 2, 2, 2, 3, 52, 4, 4, 4, 54, 2, 2, 1, 3, 5, 4, 5, 3, 2, 2, 4, 5, 5, 5, 
90: 0, 0, 0, 0, 0, 0, 0, 0, 0, 3, 0, 0, 0, 0, 0, 0, 0, 0, 1, 3, 0, 0, 0, 1, 1, 0, 4, 3, 0, 4, 1, 0, 0, 0, 54, 4, 0, 54, 1, 0, 53, 0, 0, 53, 0, 4, 2, 1, 0, 0, 5, 4, 0, 0, 0, 4, 3, 53, 0, 2, 4, 0, 0, 0, 5, 0, 0, 1, 0, 0, 1, 2, 1, 0, 0, 0, 2, 3, 0, 0, 0, 0, 0, 1, 4, 51, 0, 0, 2, 0, 2, 0, 0, 2, 5, 0, 0, 0, 0, 5, 4, 1, 5, 0, 0, 4, 0, 0, 4, 0, 0, 0, 0, 0, 0, 55, 0, 0, 0, 0, 4, 2, 3, 0, 3, 0, 0, 52, 4, 0, 0, 0, 52, 0, 0, 3, 0, 0, 2, 2, 53, 0, 2, 0, 0, 0, 0, 7, 0, 1, 0, 5, 4, 0, 0, 0, 0, 0, 1, 0, 0, 5, 0, 5, 0, 0, 0, 5, 0, 50, 0, 1, 0, 0, 0, 0, 0, 1, 0, 0, 1, 0, 0, 0, 0, 0, 0, 0, 1, 5, 0, 2, 3, 0, 2, 0, 0, 5, 0, 0, : 3, 1, 3, 1, 1, 4, 3, 4, 1, 54, 4, 54, 1, 53, 53, 4, 2, 1, 5, 4, 4, 3, 53, 2, 4, 5, 1, 1, 2, 1, 2, 3, 1, 4, 51, 2, 2, 2, 5, 5, 4, 1, 5, 4, 4, 55, 4, 2, 3, 3, 52, 4, 52, 3, 2, 2, 53, 2, 7, 1, 5, 4, 1, 5, 5, 5, 50, 1, 1, 1, 1, 5, 2, 3, 2, 5, 
12: 0, 0, 0, 0, 0, 0, 0, 0, 0, 5, 51, 0, 0, 0, 3, 0, 0, 0, 5, 5, 0, 0, 0, 0, 0, 0, 5, 1, 0, 0, 7, 0, 0, 0, 0, 3, 0, 0, 0, 0, 0, 0, 0, 0, 0, 4, 2, 5, 1, 3, 5, 4, 0, 3, 0, 5, 0, 0, 0, 0, 4, 0, 0, 0, 0, 0, 0, 0, 0, 0, 2, 0, 0, 0, 0, 0, 5, 3, 0, 0, 0, 0, 0, 3, 1, 0, 0, 0, 0, 0, 0, 0, 0, 1, 0, 0, 0, 0, 0, 4, 2, 7, 4, 0, 0, 4, 0, 0, 5, 0, 2, 3, 0, 3, 50, 0, 0, 0, 0, 0, 0, 1, 0, 0, 4, 0, 0, 1, 0, 0, 0, 0, 0, 0, 3, 2, 0, 0, 0, 1, 0, 4, 5, 0, 0, 0, 0, 7, 53, 2, 0, 1, 0, 0, 0, 3, 0, 0, 2, 0, 0, 2, 0, 5, 50, 0, 0, 4, 5, 0, 0, 0, 51, 0, 0, 1, 0, 2, 1, 0, 5, 0, 4, 0, 50, 53, 0, 0, 7, 4, 0, 3, 4, 0, 1, 0, 0, 1, 0, 4, : 5, 51, 3, 5, 5, 5, 1, 7, 3, 4, 2, 5, 1, 3, 5, 4, 3, 5, 4, 2, 5, 3, 3, 1, 1, 4, 2, 7, 4, 4, 5, 2, 3, 3, 50, 1, 4, 1, 3, 2, 1, 4, 5, 7, 53, 2, 1, 3, 2, 2, 5, 50, 4, 5, 51, 1, 2, 1, 5, 4, 50, 53, 7, 4, 3, 4, 1, 1, 4, 


54: 3, 0, 0, 0, 4, 0, 0, 0, 2, 0, 0, 0, 0, 1, 0, 0, 0, 0, 0, 0, 0, 0, 0, 0, 4, 0, 2, 0, 2, 0, 50, 0, 8, 0, 0, 1, 0, 3, 0, 0, 0, 0, 0, 0, 2, 3, 3, 0, 0, 2, 5, 0, 0, 0, 0, 4, 0, 2, 1, 54, 1, 0, 0, 0, 0, 0, 0, 51, 1, 0, 5, 3, 2, 0, 0, 5, 0, 0, 0, 0, 0, 0, 2, 0, 0, 0, 2, 0, 0, 1, 0, 5, 1, 0, 0, 0, 0, 0, 0, 4, 0, 0, 0, 2, 0, 0, 0, 0, 3, 4, 1, 1, 0, 0, 0, 0, 0, 0, 0, 0, 5, 0, 5, 3, 0, 1, 0, 2, 0, 0, 0, 0, 1, 1, 2, 0, 0, 0, 0, 0, 3, 0, 0, 2, 0, 0, 0, 0, 0, 0, 0, 0, 4, 0, 0, 0, 0, 1, 0, 51, 0, 2, 1, 3, 0, 0, 0, 0, 2, 0, 5, 0, 0, 0, 0, 0, 0, 54, 0, 0, 50, 0, 0, 5, 1, 4, 0, 2, 0, 0, 5, 0, 2, 0, 0, 0, 3, 0, 0, 0, : 3, 4, 2, 1, 4, 2, 2, 50, 8, 1, 3, 2, 3, 3, 2, 5, 4, 2, 1, 54, 1, 51, 1, 5, 3, 2, 5, 2, 2, 1, 5, 1, 4, 2, 3, 4, 1, 1, 5, 5, 3, 1, 2, 1, 1, 2, 3, 2, 4, 1, 51, 2, 1, 3, 2, 5, 54, 50, 5, 1, 4, 2, 5, 2, 3, 
45: 0, 0, 0, 0, 0, 0, 0, 0, 1, 0, 1, 0, 0, 0, 0, 0, 50, 0, 0, 0, 0, 0, 0, 0, 0, 0, 3, 0, 2, 1, 0, 0, 2, 0, 2, 5, 0, 0, 0, 50, 0, 0, 0, 1, 5, 0, 2, 0, 0, 0, 0, 0, 1, 0, 0, 4, 2, 1, 5, 2, 0, 0, 1, 0, 0, 0, 0, 0, 0, 2, 1, 0, 3, 52, 0, 0, 0, 0, 0, 0, 0, 3, 5, 0, 0, 0, 5, 1, 0, 0, 0, 2, 54, 0, 0, 0, 0, 0, 0, 0, 4, 0, 0, 2, 1, 0, 0, 0, 2, 4, 0, 0, 0, 0, 0, 4, 0, 5, 0, 0, 0, 0, 0, 4, 0, 3, 0, 3, 1, 0, 0, 3, 0, 1, 0, 50, 0, 0, 0, 0, 0, 0, 51, 5, 0, 0, 0, 0, 0, 0, 0, 5, 4, 0, 0, 0, 3, 0, 0, 0, 0, 0, 1, 3, 5, 0, 0, 0, 0, 2, 5, 0, 0, 0, 51, 0, 0, 0, 0, 0, 5, 0, 0, 2, 0, 3, 0, 5, 0, 0, 1, 0, 2, 0, 52, 1, 1, 3, 0, 0, : 1, 1, 50, 3, 2, 1, 2, 2, 5, 50, 1, 5, 2, 1, 4, 2, 1, 5, 2, 1, 2, 1, 3, 52, 3, 5, 5, 1, 2, 54, 4, 2, 1, 2, 4, 4, 5, 4, 3, 3, 1, 3, 1, 50, 51, 5, 5, 4, 3, 1, 3, 5, 2, 5, 51, 5, 2, 3, 5, 1, 2, 52, 1, 1, 3, 
81: 0, 0, 0, 0, 1, 0, 1, 5, 0, 55, 0, 0, 0, 0, 0, 0, 3, 0, 0, 0, 0, 0, 0, 0, 51, 0, 3, 0, 5, 4, 0, 0, 1, 0, 0, 2, 0, 0, 0, 1, 0, 0, 2, 0, 5, 0, 4, 0, 52, 0, 0, 0, 0, 0, 0, 2, 0, 4, 5, 0, 0, 0, 0, 0, 50, 0, 4, 0, 0, 0, 4, 0, 0, 0, 55, 0, 0, 54, 0, 0, 0, 4, 3, 0, 0, 0, 2, 0, 4, 0, 0, 5, 0, 0, 0, 50, 0, 0, 0, 0, 1, 3, 0, 2, 3, 0, 0, 0, 4, 2, 0, 0, 0, 0, 0, 0, 50, 0, 0, 0, 50, 0, 5, 2, 0, 1, 0, 1, 0, 0, 0, 0, 0, 2, 0, 0, 0, 1, 0, 0, 0, 0, 0, 2, 1, 0, 0, 1, 0, 1, 0, 50, 3, 3, 0, 1, 0, 1, 1, 2, 51, 0, 0, 5, 50, 0, 0, 0, 0, 0, 5, 0, 52, 0, 0, 0, 2, 0, 0, 0, 0, 0, 0, 4, 0, 1, 54, 1, 0, 0, 5, 0, 5, 0, 0, 0, 5, 54, 0, 0, : 1, 1, 5, 55, 3, 51, 3, 5, 4, 1, 2, 1, 2, 5, 4, 52, 2, 4, 5, 50, 4, 4, 55, 54, 4, 3, 2, 4, 5, 50, 1, 3, 2, 3, 4, 2, 50, 50, 5, 2, 1, 1, 2, 1, 2, 1, 1, 1, 50, 3, 3, 1, 1, 1, 2, 51, 5, 50, 5, 52, 2, 4, 1, 54, 1, 5, 5, 5, 54, 
17: 0, 50, 0, 1, 0, 0, 0, 0, 0, 0, 0, 1, 4, 0, 1, 2, 0, 0, 0, 0, 0, 0, 0, 0, 0, 0, 2, 0, 1, 0, 2, 50, 5, 0, 0, 2, 0, 0, 0, 0, 0, 0, 0, 0, 5, 4, 0, 0, 0, 0, 0, 0, 4, 0, 4, 1, 0, 4, 5, 0, 0, 1, 2, 0, 0, 0, 0, 0, 54, 0, 3, 0, 0, 0, 0, 0, 0, 0, 3, 0, 0, 1, 3, 0, 0, 0, 5, 0, 0, 0, 0, 3, 1, 0, 1, 0, 0, 0, 0, 0, 0, 4, 0, 5, 0, 0, 1, 0, 4, 1, 0, 0, 0, 0, 0, 0, 0, 1, 50, 0, 0, 0, 2, 1, 0, 2, 0, 2, 0, 0, 0, 0, 5, 4, 0, 0, 0, 0, 0, 0, 0, 0, 0, 3, 0, 0, 0, 0, 0, 5, 0, 0, 3, 1, 0, 0, 2, 0, 3, 0, 0, 0, 0, 1, 0, 50, 0, 0, 0, 0, 2, 1, 0, 0, 0, 0, 4, 2, 2, 0, 3, 0, 0, 3, 0, 5, 0, 5, 0, 0, 4, 0, 1, 0, 0, 0, 5, 0, 0, 0, : 50, 1, 1, 4, 1, 2, 2, 1, 2, 50, 5, 2, 5, 4, 4, 4, 1, 4, 5, 1, 2, 54, 3, 3, 1, 3, 5, 3, 1, 1, 4, 5, 1, 4, 1, 1, 50, 2, 1, 2, 2, 5, 4, 3, 5, 3, 1, 2, 3, 1, 50, 2, 1, 4, 2, 2, 3, 3, 5, 5, 4, 1, 5, 
62: 0, 0, 0, 0, 0, 0, 0, 0, 0, 0, 0, 51, 0, 0, 0, 3, 0, 0, 0, 0, 0, 0, 0, 5, 0, 0, 1, 0, 4, 1, 1, 0, 4, 0, 0, 4, 52, 0, 3, 2, 53, 0, 0, 0, 2, 0, 4, 0, 0, 2, 0, 0, 0, 0, 0, 3, 1, 4, 1, 0, 0, 0, 1, 0, 0, 3, 0, 0, 0, 0, 4, 0, 0, 0, 2, 0, 0, 4, 50, 0, 52, 4, 4, 0, 0, 0, 5, 0, 0, 0, 54, 1, 0, 0, 3, 0, 0, 0, 0, 0, 0, 0, 1, 3, 2, 0, 0, 0, 4, 3, 3, 0, 0, 0, 0, 0, 0, 0, 1, 0, 0, 0, 4, 4, 51, 5, 5, 2, 0, 52, 0, 0, 0, 5, 0, 0, 0, 0, 0, 4, 0, 0, 0, 3, 3, 0, 0, 0, 4, 0, 0, 0, 1, 0, 0, 0, 0, 0, 0, 0, 3, 2, 0, 5, 0, 0, 0, 0, 0, 0, 2, 0, 0, 5, 1, 1, 0, 0, 2, 0, 0, 5, 0, 5, 1, 1, 0, 4, 1, 0, 0, 0, 2, 0, 0, 0, 5, 0, 0, 0, : 51, 3, 5, 1, 4, 1, 1, 4, 4, 52, 3, 2, 53, 2, 4, 2, 3, 1, 4, 1, 1, 3, 4, 2, 4, 50, 52, 4, 4, 5, 54, 1, 3, 1, 3, 2, 4, 3, 3, 1, 4, 4, 51, 5, 5, 2, 52, 5, 4, 3, 3, 4, 1, 3, 2, 5, 2, 5, 1, 1, 2, 5, 5, 1, 1, 4, 1, 2, 5, 
8: 0, 0, 0, 0, 0, 0, 0, 0, 5, 5, 4, 0, 50, 0, 1, 0, 0, 0, 0, 0, 4, 0, 2, 0, 0, 0, 2, 3, 4, 0, 0, 0, 3, 0, 0, 5, 0, 0, 53, 0, 0, 1, 0, 0, 2, 0, 4, 0, 3, 0, 0, 0, 0, 0, 0, 2, 0, 5, 3, 0, 0, 0, 0, 0, 0, 51, 0, 0, 0, 0, 2, 1, 0, 0, 0, 0, 0, 0, 0, 0, 0, 4, 4, 0, 5, 0, 2, 0, 0, 0, 0, 3, 1, 0, 0, 1, 0, 0, 0, 1, 0, 0, 0, 4, 0, 0, 0, 0, 3, 5, 0, 0, 0, 2, 0, 3, 0, 0, 0, 0, 3, 0, 5, 2, 0, 4, 0, 3, 0, 4, 0, 0, 0, 4, 3, 0, 1, 5, 55, 0, 0, 0, 0, 4, 0, 0, 0, 0, 3, 0, 0, 0, 3, 0, 0, 53, 0, 0, 0, 2, 0, 0, 0, 1, 0, 0, 0, 0, 0, 2, 1, 4, 5, 2, 0, 0, 0, 0, 1, 0, 0, 0, 3, 3, 0, 5, 2, 1, 2, 0, 4, 0, 3, 1, 0, 3, 4, 0, 0, 0, : 5, 5, 4, 50, 1, 4, 2, 2, 3, 4, 3, 5, 53, 1, 2, 4, 3, 2, 5, 3, 51, 2, 1, 4, 4, 5, 2, 3, 1, 1, 1, 4, 3, 5, 2, 3, 3, 5, 2, 4, 3, 4, 4, 3, 1, 5, 55, 4, 3, 3, 53, 2, 1, 2, 1, 4, 5, 2, 1, 3, 3, 5, 2, 1, 2, 4, 3, 1, 3, 4, 
11: 4, 0, 4, 0, 0, 0, 0, 0, 0, 0, 0, 4, 0, 0, 0, 0, 0, 4, 2, 1, 1, 54, 0, 0, 0, 0, 3, 0, 1, 0, 0, 1, 3, 5, 0, 3, 0, 0, 0, 0, 0, 0, 1, 0, 5, 1, 2, 0, 0, 0, 0, 1, 1, 2, 0, 3, 53, 5, 2, 0, 0, 0, 0, 5, 0, 0, 4, 0, 0, 0, 2, 5, 0, 0, 0, 0, 51, 0, 0, 0, 0, 1, 0, 0, 5, 0, 1, 0, 0, 1, 0, 4, 0, 0, 0, 0, 0, 0, 0, 0, 0, 0, 0, 0, 0, 1, 50, 0, 1, 3, 0, 0, 0, 0, 1, 0, 0, 52, 0, 0, 2, 0, 3, 5, 1, 5, 0, 5, 0, 0, 0, 0, 0, 3, 0, 0, 0, 0, 0, 0, 0, 0, 0, 5, 2, 53, 0, 0, 0, 0, 0, 0, 2, 0, 0, 0, 0, 0, 0, 0, 0, 0, 0, 5, 0, 3, 0, 0, 0, 0, 8, 0, 0, 0, 1, 0, 0, 0, 0, 0, 0, 0, 0, 3, 0, 4, 2, 2, 0, 0, 0, 0, 1, 0, 0, 0, 3, 0, 0, 0, : 4, 4, 4, 4, 2, 1, 1, 54, 3, 1, 1, 3, 5, 3, 1, 5, 1, 2, 1, 1, 2, 3, 53, 5, 2, 5, 4, 2, 5, 51, 1, 5, 1, 1, 4, 1, 50, 1, 3, 1, 52, 2, 3, 5, 1, 5, 5, 3, 5, 2, 53, 2, 5, 3, 8, 1, 3, 4, 2, 2, 1, 3, 
22: 0, 5, 3, 3, 0, 0, 0, 0, 0, 0, 1, 0, 0, 0, 0, 5, 0, 0, 0, 0, 3, 0, 0, 0, 0, 0, 1, 0, 2, 0, 0, 1, 3, 0, 0, 3, 2, 1, 2, 5, 0, 0, 0, 0, 2, 0, 5, 0, 0, 0, 0, 0, 0, 0, 0, 4, 0, 5, 3, 0, 53, 0, 0, 1, 2, 0, 0, 3, 0, 0, 2, 0, 0, 0, 0, 0, 0, 0, 0, 0, 0, 4, 1, 3, 0, 0, 5, 5, 0, 0, 0, 3, 3, 0, 0, 0, 0, 0, 0, 50, 0, 0, 0, 5, 0, 0, 0, 3, 3, 5, 0, 3, 0, 53, 0, 0, 0, 0, 3, 53, 0, 3, 5, 2, 1, 5, 0, 4, 0, 0, 0, 0, 0, 2, 0, 0, 0, 0, 0, 0, 0, 0, 0, 2, 0, 0, 0, 0, 0, 0, 51, 0, 2, 52, 0, 0, 4, 0, 0, 0, 0, 0, 0, 1, 0, 0, 0, 0, 0, 0, 4, 0, 0, 0, 1, 1, 0, 0, 0, 5, 0, 0, 0, 2, 0, 2, 0, 3, 0, 1, 5, 1, 3, 3, 0, 2, 5, 0, 0, 0, : 5, 3, 3, 1, 5, 3, 1, 2, 1, 3, 3, 2, 1, 2, 5, 2, 5, 4, 5, 3, 53, 1, 2, 3, 2, 4, 1, 3, 5, 5, 3, 3, 50, 5, 3, 3, 5, 3, 53, 3, 53, 3, 5, 2, 1, 5, 4, 2, 2, 51, 2, 52, 4, 1, 4, 1, 1, 5, 2, 2, 3, 1, 5, 1, 3, 3, 2, 5, 
67: 0, 0, 0, 2, 0, 0, 53, 0, 0, 0, 0, 0, 0, 0, 0, 0, 0, 0, 0, 0, 0, 0, 0, 0, 5, 2, 5, 0, 2, 0, 0, 1, 5, 0, 1, 5, 0, 0, 1, 0, 0, 0, 1, 0, 1, 0, 1, 0, 0, 0, 0, 0, 0, 0, 0, 3, 0, 1, 1, 0, 0, 0, 0, 54, 4, 0, 0, 0, 0, 0, 2, 0, 0, 2, 1, 0, 0, 0, 0, 0, 0, 3, 2, 0, 0, 0, 4, 0, 1, 1, 0, 1, 0, 4, 0, 0, 0, 0, 0, 0, 0, 0, 0, 2, 0, 0, 0, 0, 0, 3, 0, 0, 0, 0, 0, 0, 0, 0, 0, 0, 0, 3, 2, 3, 0, 1, 0, 3, 0, 1, 0, 52, 0, 5, 0, 0, 2, 0, 0, 0, 0, 0, 0, 1, 0, 0, 0, 0, 1, 0, 0, 0, 1, 0, 0, 0, 0, 4, 0, 0, 0, 0, 0, 3, 2, 0, 2, 2, 0, 0, 1, 0, 0, 0, 0, 54, 1, 0, 0, 0, 0, 0, 0, 2, 0, 4, 0, 5, 0, 4, 5, 0, 4, 0, 0, 0, 4, 0, 1, 0, : 2, 53, 5, 2, 5, 2, 1, 5, 1, 5, 1, 1, 1, 1, 3, 1, 1, 54, 4, 2, 2, 1, 3, 2, 4, 1, 1, 1, 4, 2, 3, 3, 2, 3, 1, 3, 1, 52, 5, 2, 1, 1, 1, 4, 3, 2, 2, 2, 1, 54, 1, 2, 4, 5, 4, 5, 4, 4, 1, 
10: 0, 0, 0, 0, 0, 0, 0, 0, 0, 0, 0, 0, 5, 2, 0, 50, 4, 0, 51, 0, 0, 0, 0, 0, 0, 0, 3, 52, 4, 0, 1, 0, 3, 0, 53, 5, 0, 0, 0, 0, 0, 0, 0, 0, 6, 1, 4, 0, 0, 0, 0, 0, 0, 0, 0, 3, 0, 2, 5, 0, 0, 52, 4, 0, 0, 0, 0, 0, 0, 55, 3, 0, 0, 0, 0, 0, 0, 0, 0, 0, 3, 5, 2, 0, 0, 0, 1, 0, 0, 0, 0, 2, 0, 0, 0, 0, 5, 0, 0, 4, 0, 0, 0, 5, 0, 0, 0, 0, 0, 3, 52, 0, 0, 0, 51, 0, 5, 0, 0, 0, 0, 0, 1, 5, 0, 5, 50, 1, 55, 0, 0, 0, 0, 1, 0, 0, 0, 0, 3, 0, 5, 0, 0, 5, 0, 0, 0, 0, 0, 0, 1, 1, 1, 0, 0, 0, 0, 0, 0, 0, 0, 51, 2, 3, 0, 0, 0, 0, 0, 50, 2, 0, 0, 0, 0, 0, 53, 0, 0, 0, 0, 0, 0, 1, 0, 4, 0, 5, 0, 0, 1, 0, 4, 0, 0, 54, 0, 0, 0, 0, : 5, 2, 50, 4, 51, 3, 52, 4, 1, 3, 53, 5, 6, 1, 4, 3, 2, 5, 52, 4, 55, 3, 3, 5, 2, 1, 2, 5, 4, 5, 3, 52, 51, 5, 1, 5, 5, 50, 1, 55, 1, 3, 5, 5, 1, 1, 1, 51, 2, 3, 50, 2, 53, 1, 4, 5, 1, 4, 54, 
19: 0, 0, 0, 0, 0, 0, 0, 0, 0, 0, 0, 0, 0, 0, 0, 0, 0, 0, 0, 55, 0, 0, 0, 0, 0, 53, 3, 1, 5, 0, 1, 1, 3, 51, 0, 5, 1, 0, 1, 0, 0, 0, 55, 0, 1, 0, 5, 0, 0, 0, 0, 0, 53, 0, 0, 1, 2, 5, 3, 0, 0, 0, 0, 0, 0, 4, 0, 0, 0, 0, 1, 0, 0, 1, 0, 0, 0, 0, 0, 0, 0, 5, 0, 52, 0, 0, 2, 1, 1, 0, 0, 1, 0, 0, 0, 0, 50, 0, 0, 0, 0, 3, 0, 2, 0, 0, 0, 0, 5, 1, 0, 0, 1, 0, 1, 0, 0, 0, 1, 0, 0, 0, 3, 4, 3, 5, 0, 5, 0, 0, 1, 0, 0, 5, 0, 0, 1, 0, 0, 54, 0, 4, 0, 3, 52, 5, 3, 0, 50, 0, 0, 0, 4, 0, 0, 0, 0, 0, 0, 0, 1, 0, 0, 5, 0, 0, 53, 54, 0, 0, 1, 0, 0, 0, 1, 3, 0, 0, 50, 0, 1, 0, 0, 4, 1, 3, 0, 5, 0, 0, 3, 1, 1, 0, 3, 0, 4, 0, 0, 0, : 55, 53, 3, 1, 5, 1, 1, 3, 51, 5, 1, 1, 55, 1, 5, 53, 1, 2, 5, 3, 4, 1, 1, 5, 52, 2, 1, 1, 1, 50, 3, 2, 5, 1, 1, 1, 1, 3, 4, 3, 5, 5, 1, 5, 1, 54, 4, 3, 52, 5, 3, 50, 4, 1, 5, 53, 54, 1, 1, 3, 50, 1, 4, 1, 3, 5, 3, 1, 1, 3, 4, 
32: 0, 1, 1, 52, 0, 1, 0, 0, 0, 0, 0, 0, 0, 2, 55, 0, 3, 0, 0, 0, 0, 0, 0, 0, 0, 0, 1, 0, 4, 0, 0, 0, 1, 0, 1, 2, 1, 0, 0, 0, 3, 3, 0, 0, 1, 0, 1, 0, 0, 1, 0, 0, 0, 0, 4, 2, 0, 1, 2, 3, 0, 0, 0, 0, 0, 0, 0, 1, 0, 0, 1, 0, 0, 0, 2, 0, 4, 0, 4, 0, 0, 5, 2, 0, 0, 0, 4, 0, 0, 0, 0, 3, 0, 51, 0, 5, 0, 3, 0, 0, 0, 0, 54, 3, 1, 0, 0, 55, 5, 2, 4, 0, 4, 0, 0, 0, 0, 0, 0, 3, 0, 0, 2, 5, 0, 2, 0, 4, 0, 0, 0, 0, 0, 4, 1, 5, 0, 0, 1, 0, 0, 54, 1, 1, 0, 0, 0, 50, 0, 1, 0, 0, 5, 0, 0, 0, 0, 0, 1, 0, 4, 0, 0, 2, 1, 0, 5, 2, 0, 3, 2, 0, 0, 0, 0, 0, 0, 0, 0, 0, 0, 1, 53, 3, 2, 3, 1, 2, 1, 0, 3, 0, 2, 51, 0, 0, 5, 0, 0, 0, : 1, 1, 52, 1, 2, 55, 3, 1, 4, 1, 1, 2, 1, 3, 3, 1, 1, 1, 4, 2, 1, 2, 3, 1, 1, 2, 4, 4, 5, 2, 4, 3, 51, 5, 3, 54, 3, 1, 55, 5, 2, 4, 4, 3, 2, 5, 2, 4, 4, 1, 5, 1, 54, 1, 1, 50, 1, 5, 1, 4, 2, 1, 5, 2, 3, 2, 1, 53, 3, 2, 3, 1, 2, 1, 3, 2, 51, 5, 
38: 0, 0, 0, 0, 0, 0, 0, 0, 50, 0, 0, 0, 0, 51, 0, 0, 0, 0, 0, 0, 1, 1, 0, 0, 0, 0, 5, 0, 1, 0, 0, 3, 3, 4, 0, 3, 0, 0, 0, 0, 4, 2, 0, 0, 1, 0, 3, 54, 0, 2, 1, 0, 0, 4, 52, 5, 0, 5, 5, 0, 3, 4, 0, 0, 1, 0, 0, 0, 0, 0, 4, 0, 54, 0, 0, 0, 1, 0, 0, 5, 0, 2, 3, 5, 0, 0, 3, 50, 54, 1, 1, 5, 0, 0, 0, 0, 0, 0, 0, 0, 0, 0, 0, 3, 0, 0, 0, 0, 4, 5, 0, 0, 50, 3, 2, 0, 0, 0, 0, 4, 0, 0, 2, 2, 1, 1, 0, 2, 0, 0, 0, 2, 1, 2, 0, 0, 0, 0, 0, 0, 0, 0, 4, 1, 0, 2, 0, 3, 0, 51, 0, 1, 5, 0, 4, 0, 50, 0, 0, 0, 0, 0, 54, 3, 0, 1, 0, 0, 0, 0, 3, 0, 1, 0, 0, 1, 0, 3, 1, 0, 0, 0, 0, 1, 0, 1, 0, 5, 0, 0, 4, 0, 5, 0, 0, 0, 1, 0, 0, 1, : 50, 51, 1, 1, 5, 1, 3, 3, 4, 3, 4, 2, 1, 3, 54, 2, 1, 4, 52, 5, 5, 5, 3, 4, 1, 4, 54, 1, 5, 2, 3, 5, 3, 50, 54, 1, 1, 5, 3, 4, 5, 50, 3, 2, 4, 2, 2, 1, 1, 2, 2, 1, 2, 4, 1, 2, 3, 51, 1, 5, 4, 50, 54, 3, 1, 3, 1, 1, 3, 1, 1, 1, 5, 4, 5, 1, 1, 
29: 0, 0, 0, 0, 0, 0, 0, 0, 0, 0, 54, 0, 0, 0, 0, 0, 0, 0, 0, 4, 0, 0, 0, 0, 0, 0, 5, 0, 1, 0, 0, 0, 1, 0, 1, 0, 0, 0, 0, 0, 0, 0, 0, 1, 2, 0, 4, 4, 1, 0, 0, 55, 0, 0, 0, 5, 0, 4, 2, 0, 0, 0, 0, 0, 0, 0, 52, 5, 0, 0, 3, 0, 0, 2, 0, 52, 4, 0, 0, 0, 0, 2, 5, 0, 0, 4, 1, 0, 0, 0, 0, 2, 0, 1, 0, 0, 0, 0, 5, 0, 5, 0, 0, 1, 0, 5, 2, 0, 5, 2, 0, 1, 0, 0, 1, 0, 0, 0, 2, 0, 0, 1, 5, 1, 0, 4, 4, 5, 0, 0, 0, 0, 2, 2, 1, 0, 0, 0, 0, 0, 0, 0, 0, 4, 0, 0, 0, 0, 2, 2, 4, 0, 4, 0, 0, 0, 0, 0, 0, 0, 1, 0, 0, 3, 0, 0, 0, 0, 0, 2, 6, 54, 0, 51, 0, 0, 0, 1, 0, 0, 0, 0, 0, 0, 0, 2, 0, 2, 0, 50, 2, 4, 2, 5, 0, 0, 1, 0, 5, 0, : 54, 4, 5, 1, 1, 1, 1, 2, 4, 4, 1, 55, 5, 4, 2, 52, 5, 3, 2, 52, 4, 2, 5, 4, 1, 2, 1, 5, 5, 1, 5, 2, 5, 2, 1, 1, 2, 1, 5, 1, 4, 4, 5, 2, 2, 1, 4, 2, 2, 4, 4, 1, 3, 2, 6, 54, 51, 1, 2, 2, 50, 2, 4, 2, 5, 1, 5, 
99: 0, 0, 50, 0, 50, 0, 0, 0, 0, 0, 0, 3, 0, 1, 0, 0, 0, 0, 0, 0, 0, 0, 0, 54, 0, 0, 4, 0, 3, 0, 1, 0, 2, 0, 0, 2, 4, 0, 0, 0, 0, 53, 0, 4, 5, 0, 4, 2, 0, 0, 54, 1, 0, 0, 0, 5, 0, 3, 4, 1, 0, 0, 0, 0, 0, 0, 0, 0, 0, 0, 5, 0, 0, 0, 0, 2, 0, 1, 0, 1, 5, 3, 5, 0, 0, 0, 2, 0, 0, 0, 0, 3, 0, 2, 2, 0, 0, 0, 0, 0, 0, 50, 0, 5, 0, 1, 0, 0, 2, 1, 0, 53, 0, 2, 1, 0, 0, 2, 0, 0, 0, 0, 3, 5, 3, 1, 0, 5, 0, 0, 0, 0, 0, 4, 0, 4, 0, 0, 0, 2, 1, 0, 0, 5, 0, 0, 0, 0, 0, 0, 0, 0, 4, 4, 52, 4, 0, 0, 0, 5, 0, 0, 0, 4, 0, 0, 0, 0, 0, 0, 1, 1, 1, 0, 0, 0, 0, 0, 0, 54, 0, 54, 0, 2, 2, 3, 1, 2, 0, 3, 3, 0, 3, 0, 3, 0, 0, 0, 0, 2, : 50, 50, 3, 1, 54, 4, 3, 1, 2, 2, 4, 53, 4, 5, 4, 2, 54, 1, 5, 3, 4, 1, 5, 2, 1, 1, 5, 3, 5, 2, 3, 2, 2, 50, 5, 1, 2, 1, 53, 2, 1, 2, 3, 5, 3, 1, 5, 4, 4, 2, 1, 5, 4, 4, 52, 4, 5, 4, 1, 1, 1, 54, 54, 2, 2, 3, 1, 2, 3, 3, 3, 3, 2, 
95: 0, 0, 0, 0, 0, 55, 0, 0, 0, 0, 0, 0, 0, 0, 0, 0, 0, 3, 2, 0, 0, 0, 0, 0, 0, 4, 6, 0, 4, 1, 0, 0, 3, 0, 0, 5, 0, 0, 0, 0, 0, 0, 0, 1, 2, 0, 5, 0, 0, 1, 0, 0, 0, 1, 0, 1, 0, 1, 5, 0, 0, 0, 0, 0, 2, 1, 0, 0, 0, 0, 2, 0, 1, 3, 0, 0, 0, 0, 3, 0, 0, 4, 4, 0, 0, 0, 2, 0, 0, 1, 5, 5, 0, 0, 0, 0, 0, 0, 0, 1, 0, 0, 0, 5, 0, 1, 0, 0, 1, 5, 0, 1, 0, 0, 3, 1, 1, 0, 3, 0, 0, 53, 3, 1, 0, 3, 0, 1, 0, 0, 0, 3, 51, 3, 0, 1, 0, 0, 0, 0, 0, 0, 1, 1, 0, 0, 51, 1, 0, 0, 0, 0, 5, 0, 0, 0, 1, 0, 55, 0, 0, 0, 1, 1, 0, 3, 0, 0, 0, 1, 4, 0, 0, 0, 5, 0, 0, 0, 2, 1, 0, 0, 4, 3, 0, 1, 0, 5, 0, 0, 3, 1, 5, 0, 2, 0, 4, 1, 0, 1, : 55, 3, 2, 4, 6, 4, 1, 3, 5, 1, 2, 5, 1, 1, 1, 1, 5, 2, 1, 2, 1, 3, 3, 4, 4, 2, 1, 5, 5, 1, 5, 1, 1, 5, 1, 3, 1, 1, 3, 53, 3, 1, 3, 1, 3, 51, 3, 1, 1, 1, 51, 1, 5, 1, 55, 1, 1, 3, 1, 4, 5, 2, 1, 4, 3, 1, 5, 3, 1, 5, 2, 4, 1, 1, 
59: 0, 0, 1, 1, 0, 4, 1, 0, 0, 0, 0, 1, 1, 0, 0, 0, 0, 3, 5, 0, 0, 0, 3, 0, 0, 0, 4, 0, 4, 53, 4, 0, 4, 0, 0, 3, 0, 1, 0, 0, 0, 1, 0, 51, 5, 0, 3, 0, 0, 0, 0, 0, 1, 53, 0, 2, 2, 1, 4, 0, 0, 0, 0, 0, 0, 0, 0, 0, 0, 0, 5, 1, 0, 0, 0, 0, 0, 0, 0, 52, 0, 4, 4, 0, 50, 0, 4, 1, 0, 0, 0, 2, 0, 0, 0, 4, 0, 54, 0, 0, 0, 0, 0, 1, 53, 51, 1, 0, 1, 2, 0, 0, 0, 0, 0, 52, 0, 0, 0, 0, 0, 0, 1, 3, 0, 1, 0, 3, 0, 2, 54, 0, 0, 1, 0, 0, 0, 0, 0, 0, 51, 1, 0, 5, 0, 0, 5, 0, 0, 0, 0, 0, 1, 0, 4, 0, 0, 0, 0, 0, 0, 0, 0, 3, 1, 3, 0, 0, 53, 0, 2, 0, 0, 2, 0, 0, 0, 0, 2, 0, 0, 0, 0, 5, 0, 5, 0, 0, 2, 0, 4, 0, 5, 0, 0, 0, 5, 0, 0, 55, : 1, 1, 4, 1, 1, 1, 3, 5, 3, 4, 4, 53, 4, 4, 3, 1, 1, 51, 5, 3, 1, 53, 2, 2, 1, 4, 5, 1, 52, 4, 4, 50, 4, 1, 2, 4, 54, 1, 53, 51, 1, 1, 2, 52, 1, 3, 1, 3, 2, 54, 1, 51, 1, 5, 5, 1, 4, 3, 1, 3, 53, 2, 2, 2, 5, 5, 2, 4, 5, 5, 55, 
30: 0, 4, 1, 1, 0, 0, 0, 53, 2, 0, 0, 0, 0, 3, 3, 0, 0, 50, 0, 0, 0, 0, 5, 0, 0, 1, 1, 0, 1, 0, 0, 1, 4, 0, 0, 0, 0, 4, 0, 2, 0, 0, 1, 0, 2, 0, 2, 0, 0, 0, 0, 3, 0, 0, 0, 5, 0, 1, 1, 0, 2, 3, 0, 0, 1, 0, 0, 0, 0, 0, 4, 0, 0, 0, 0, 0, 0, 0, 0, 0, 0, 1, 4, 0, 0, 54, 4, 0, 0, 0, 0, 2, 0, 2, 4, 0, 0, 0, 0, 0, 50, 0, 5, 1, 0, 0, 2, 0, 5, 3, 0, 0, 0, 0, 0, 0, 3, 0, 0, 0, 0, 0, 2, 1, 0, 4, 1, 2, 4, 0, 0, 0, 0, 3, 0, 0, 0, 54, 0, 0, 0, 1, 3, 1, 2, 0, 1, 5, 0, 0, 0, 3, 3, 0, 0, 0, 0, 0, 0, 0, 0, 0, 0, 7, 0, 0, 0, 0, 2, 0, 1, 0, 0, 0, 0, 0, 0, 0, 0, 0, 0, 0, 0, 4, 53, 2, 0, 2, 3, 0, 2, 50, 3, 0, 0, 0, 0, 0, 0, 0, : 4, 1, 1, 53, 2, 3, 3, 50, 5, 1, 1, 1, 1, 4, 4, 2, 1, 2, 2, 3, 5, 1, 1, 2, 3, 1, 4, 1, 4, 54, 4, 2, 2, 4, 50, 5, 1, 2, 5, 3, 3, 2, 1, 4, 1, 2, 4, 3, 54, 1, 3, 1, 2, 1, 5, 3, 3, 7, 2, 1, 4, 53, 2, 2, 3, 2, 50, 3, 
15: 0, 0, 0, 0, 5, 0, 3, 2, 0, 0, 0, 0, 0, 0, 0, 0, 0, 0, 0, 0, 1, 0, 0, 1, 0, 0, 5, 0, 5, 0, 0, 0, 1, 0, 2, 1, 0, 0, 0, 0, 0, 0, 0, 2, 5, 51, 3, 0, 4, 51, 0, 0, 0, 0, 0, 3, 0, 4, 1, 0, 1, 0, 0, 0, 0, 0, 0, 0, 0, 1, 2, 0, 0, 0, 0, 0, 0, 1, 0, 2, 0, 2, 4, 0, 0, 1, 1, 2, 0, 0, 0, 5, 0, 0, 50, 0, 0, 0, 0, 0, 0, 0, 0, 4, 0, 1, 4, 2, 4, 2, 0, 1, 5, 0, 0, 0, 0, 0, 0, 0, 0, 0, 3, 2, 0, 5, 0, 4, 0, 1, 3, 0, 0, 4, 0, 0, 51, 0, 0, 0, 0, 0, 0, 5, 0, 0, 0, 0, 0, 0, 4, 0, 3, 0, 0, 0, 0, 54, 0, 0, 0, 5, 0, 1, 0, 0, 0, 0, 3, 0, 1, 0, 0, 0, 0, 0, 0, 0, 0, 0, 0, 0, 0, 3, 0, 5, 0, 3, 51, 2, 5, 0, 2, 0, 0, 0, 4, 0, 54, 1, : 5, 3, 2, 1, 1, 5, 5, 1, 2, 1, 2, 5, 51, 3, 4, 51, 3, 4, 1, 1, 1, 2, 1, 2, 2, 4, 1, 1, 2, 5, 50, 4, 1, 4, 2, 4, 2, 1, 5, 3, 2, 5, 4, 1, 3, 4, 51, 5, 4, 3, 54, 5, 1, 3, 1, 3, 5, 3, 51, 2, 5, 2, 4, 54, 1, 
74: 53, 0, 0, 0, 0, 0, 2, 0, 0, 0, 0, 0, 0, 0, 0, 0, 0, 0, 0, 0, 50, 5, 50, 0, 0, 0, 1, 4, 5, 0, 0, 2, 1, 0, 0, 4, 0, 51, 0, 0, 0, 0, 0, 0, 1, 0, 1, 0, 0, 1, 0, 0, 0, 0, 0, 2, 0, 2, 2, 0, 0, 0, 52, 0, 0, 1, 0, 0, 5, 2, 5, 50, 0, 0, 0, 1, 0, 0, 0, 0, 0, 3, 3, 0, 0, 1, 5, 0, 0, 55, 0, 3, 0, 0, 0, 0, 5, 3, 55, 0, 0, 0, 0, 5, 0, 0, 0, 0, 4, 4, 0, 0, 0, 0, 0, 0, 1, 0, 0, 0, 0, 0, 4, 5, 0, 2, 0, 3, 0, 0, 2, 0, 0, 4, 53, 0, 5, 0, 1, 0, 0, 0, 0, 2, 0, 0, 0, 0, 0, 0, 0, 0, 2, 0, 0, 2, 0, 0, 0, 0, 0, 0, 1, 1, 1, 0, 0, 2, 0, 0, 4, 0, 1, 0, 0, 0, 0, 0, 0, 0, 1, 0, 0, 5, 0, 2, 0, 1, 0, 0, 1, 3, 5, 0, 0, 0, 1, 2, 0, 0, : 53, 2, 50, 5, 50, 1, 4, 5, 2, 1, 4, 51, 1, 1, 1, 2, 2, 2, 52, 1, 5, 2, 5, 50, 1, 3, 3, 1, 5, 55, 3, 5, 3, 55, 5, 4, 4, 1, 4, 5, 2, 3, 2, 4, 53, 5, 1, 2, 2, 2, 1, 1, 1, 2, 4, 1, 1, 5, 2, 1, 1, 3, 5, 1, 2, 


