
20
20
60
1

10: 0, 54, 5, 0, 0, 0, 2, 0, 3, 5, 3, 0, 0, 0, 0, 1, 2, 2, 0, 0, : 54, 5, 2, 3, 5, 3, 1, 2, 2, 
12: 0, 0, 4, 0, 0, 3, 0, 0, 1, 3, 0, 0, 0, 0, 0, 2, 0, 0, 0, 0, : 4, 3, 1, 3, 2, 
16: 0, 0, 1, 1, 0, 0, 0, 51, 3, 3, 0, 0, 5, 0, 0, 1, 0, 1, 0, 0, : 1, 1, 51, 3, 3, 5, 1, 1, 
6: 0, 0, 4, 0, 0, 0, 0, 0, 5, 4, 0, 0, 1, 0, 0, 5, 0, 0, 0, 2, : 4, 5, 4, 1, 5, 2, 
1: 0, 3, 5, 53, 0, 0, 2, 2, 1, 2, 0, 0, 51, 0, 3, 4, 0, 0, 3, 0, : 3, 5, 53, 2, 2, 1, 2, 51, 3, 4, 3, 
14: 0, 0, 2, 0, 0, 55, 1, 0, 4, 5, 0, 0, 0, 0, 0, 2, 0, 0, 0, 0, : 2, 55, 1, 4, 5, 2, 
13: 0, 0, 3, 1, 0, 0, 2, 0, 2, 3, 0, 0, 0, 0, 0, 2, 0, 0, 0, 0, : 3, 1, 2, 2, 3, 2, 
17: 5, 0, 3, 0, 0, 0, 1, 0, 1, 2, 0, 1, 0, 0, 0, 3, 0, 0, 0, 4, : 5, 3, 1, 1, 2, 1, 3, 4, 
3: 55, 3, 3, 0, 1, 0, 0, 0, 5, 2, 0, 0, 0, 3, 0, 3, 0, 3, 0, 2, : 55, 3, 3, 1, 5, 2, 3, 3, 3, 2, 
18: 0, 0, 1, 5, 2, 0, 0, 0, 3, 2, 51, 0, 0, 0, 0, 5, 0, 0, 0, 0, : 1, 5, 2, 3, 2, 51, 5, 
20: 0, 0, 1, 0, 0, 0, 50, 0, 4, 3, 0, 1, 0, 0, 0, 2, 0, 0, 0, 0, : 1, 50, 4, 3, 1, 2, 
8: 0, 0, 2, 0, 0, 0, 1, 0, 2, 3, 0, 2, 0, 0, 0, 1, 1, 0, 0, 0, : 2, 1, 2, 3, 2, 1, 1, 
5: 0, 0, 3, 0, 0, 0, 0, 4, 3, 1, 0, 0, 1, 0, 0, 5, 3, 52, 0, 0, : 3, 4, 3, 1, 1, 5, 3, 52, 
11: 0, 0, 4, 0, 54, 0, 1, 0, 4, 2, 4, 0, 2, 0, 0, 4, 0, 0, 51, 0, : 4, 54, 1, 4, 2, 4, 2, 4, 51, 
7: 0, 0, 3, 0, 0, 0, 0, 0, 2, 3, 0, 1, 0, 2, 0, 5, 1, 0, 0, 0, : 3, 2, 3, 1, 2, 5, 1, 
4: 0, 0, 4, 0, 0, 1, 0, 0, 5, 3, 0, 51, 0, 0, 5, 3, 0, 0, 0, 0, : 4, 1, 5, 3, 51, 5, 3, 
15: 0, 0, 5, 0, 0, 0, 0, 0, 2, 8, 0, 1, 0, 0, 0, 4, 0, 2, 5, 0, : 5, 2, 8, 1, 4, 2, 5, 
2: 0, 0, 1, 0, 0, 0, 0, 3, 6, 1, 1, 1, 0, 0, 52, 2, 0, 0, 0, 52, : 1, 3, 6, 1, 1, 1, 52, 2, 52, 
19: 0, 0, 5, 0, 3, 1, 0, 0, 3, 4, 0, 0, 0, 55, 0, 3, 0, 0, 1, 0, : 5, 3, 1, 3, 4, 55, 3, 1, 
9: 0, 0, 1, 0, 0, 0, 0, 0, 1, 1, 1, 2, 0, 0, 0, 3, 53, 0, 0, 0, : 1, 1, 1, 1, 2, 3, 53, 


