
20
20
80
1

3: 0, 4, 0, 4, 0, 0, 10, 0, 1, 0, 0, 0, 0, 6, 0, 2, 4, 4, 0, 61, : 4, 4, 10, 1, 6, 2, 4, 4, 61, 
4: 0, 0, 0, 0, 0, 0, 5, 0, 10, 0, 66, 0, 0, 1, 5, 0, 0, 0, 0, 0, : 5, 10, 66, 1, 5, 
6: 0, 3, 66, 0, 1, 0, 6, 0, 0, 0, 0, 0, 0, 6, 1, 0, 0, 10, 1, 0, : 3, 66, 1, 6, 6, 1, 10, 1, 
7: 0, 9, 0, 69, 0, 62, 0, 63, 0, 1, 0, 0, 0, 2, 4, 0, 0, 10, 0, 0, : 9, 69, 62, 63, 1, 2, 4, 10, 
16: 0, 0, 0, 0, 0, 0, 7, 1, 4, 62, 0, 0, 0, 1, 0, 0, 3, 2, 0, 0, : 7, 1, 4, 62, 1, 3, 2, 
1: 0, 10, 0, 0, 1, 0, 3, 0, 10, 0, 0, 64, 0, 3, 8, 0, 8, 3, 0, 0, : 10, 1, 3, 10, 64, 3, 8, 8, 3, 
19: 6, 9, 1, 0, 5, 0, 6, 4, 1, 8, 0, 0, 5, 0, 9, 0, 0, 1, 0, 0, : 6, 9, 1, 5, 6, 4, 1, 8, 5, 9, 1, 
12: 6, 6, 0, 0, 0, 3, 0, 0, 6, 6, 0, 0, 1, 6, 1, 0, 1, 8, 0, 0, : 6, 6, 3, 6, 6, 1, 6, 1, 1, 8, 
20: 0, 1, 8, 0, 0, 0, 10, 0, 9, 0, 0, 0, 0, 9, 0, 0, 60, 0, 0, 3, : 1, 8, 10, 9, 9, 60, 3, 
18: 68, 0, 0, 0, 0, 0, 0, 0, 3, 0, 0, 0, 0, 2, 2, 0, 0, 8, 0, 8, : 68, 3, 2, 2, 8, 8, 
17: 0, 2, 0, 0, 0, 0, 3, 0, 5, 1, 1, 5, 0, 5, 0, 6, 3, 3, 0, 0, : 2, 3, 5, 1, 1, 5, 5, 6, 3, 3, 
10: 0, 3, 0, 5, 0, 0, 7, 0, 6, 1, 0, 0, 0, 1, 7, 5, 0, 7, 0, 0, : 3, 5, 7, 6, 1, 1, 7, 5, 7, 
2: 0, 9, 0, 0, 69, 0, 0, 2, 10, 0, 3, 0, 1, 6, 0, 0, 1, 3, 0, 0, : 9, 69, 2, 10, 3, 1, 6, 1, 3, 
8: 0, 0, 0, 2, 0, 0, 9, 0, 0, 0, 0, 0, 0, 4, 10, 0, 0, 7, 0, 1, : 2, 9, 4, 10, 7, 1, 
9: 0, 0, 0, 0, 0, 0, 4, 0, 3, 0, 1, 5, 0, 5, 10, 0, 0, 0, 10, 0, : 4, 3, 1, 5, 5, 10, 10, 
15: 0, 4, 3, 0, 0, 0, 7, 0, 8, 1, 0, 0, 0, 5, 5, 0, 0, 0, 3, 5, : 4, 3, 7, 8, 1, 5, 5, 3, 5, 
5: 0, 0, 0, 0, 4, 0, 1, 0, 0, 0, 0, 0, 6, 3, 7, 0, 0, 0, 6, 0, : 4, 1, 6, 3, 7, 6, 
13: 0, 7, 1, 0, 0, 0, 0, 10, 1, 0, 9, 6, 0, 2, 1, 62, 0, 0, 0, 0, : 7, 1, 10, 1, 9, 6, 2, 1, 62, 
11: 0, 4, 0, 0, 0, 5, 0, 0, 0, 0, 0, 0, 67, 4, 0, 0, 0, 9, 60, 2, : 4, 5, 67, 4, 9, 60, 2, 
14: 0, 9, 1, 0, 0, 10, 2, 0, 3, 0, 0, 0, 0, 9, 10, 5, 0, 5, 0, 0, : 9, 1, 10, 2, 3, 9, 10, 5, 5, 


