
20
300
60
15

154: 3, 4, 0, 2, 0, 5, 3, 0, 0, 0, 2, 2, 2, 0, 1, 3, 0, 5, 0, 0, : 3, 4, 2, 5, 3, 2, 2, 2, 1, 3, 5, 
236: 5, 0, 0, 2, 0, 2, 5, 0, 0, 0, 4, 2, 0, 2, 4, 1, 0, 0, 0, 0, : 5, 2, 2, 5, 4, 2, 2, 4, 1, 
138: 1, 0, 0, 2, 0, 3, 3, 0, 0, 0, 3, 0, 0, 0, 4, 0, 0, 0, 0, 5, : 1, 2, 3, 3, 3, 4, 5, 
242: 2, 3, 5, 1, 52, 4, 2, 0, 0, 0, 0, 0, 54, 0, 4, 0, 0, 0, 0, 0, : 2, 3, 5, 1, 52, 4, 2, 54, 4, 
250: 4, 0, 0, 5, 0, 2, 5, 0, 0, 0, 1, 0, 0, 0, 5, 0, 0, 0, 0, 0, : 4, 5, 2, 5, 1, 5, 
53: 4, 0, 0, 1, 0, 4, 5, 0, 53, 0, 5, 0, 0, 0, 2, 2, 0, 0, 54, 0, : 4, 1, 4, 5, 53, 5, 2, 2, 54, 
210: 3, 0, 51, 5, 0, 4, 3, 0, 0, 2, 5, 1, 4, 0, 2, 0, 0, 1, 0, 0, : 3, 51, 5, 4, 3, 2, 5, 1, 4, 2, 1, 
25: 4, 51, 0, 4, 0, 4, 3, 0, 0, 0, 5, 1, 0, 0, 4, 0, 4, 0, 0, 0, : 4, 51, 4, 4, 3, 5, 1, 4, 4, 
108: 3, 0, 0, 3, 5, 5, 1, 0, 0, 50, 4, 50, 0, 0, 4, 0, 0, 0, 2, 0, : 3, 3, 5, 5, 1, 50, 4, 50, 4, 2, 
212: 1, 0, 0, 4, 0, 3, 2, 0, 0, 1, 1, 0, 0, 0, 1, 50, 0, 0, 0, 4, : 1, 4, 3, 2, 1, 1, 1, 50, 4, 
277: 4, 0, 0, 5, 0, 1, 5, 0, 0, 0, 3, 0, 0, 1, 3, 0, 0, 0, 0, 0, : 4, 5, 1, 5, 3, 1, 3, 
9: 4, 0, 2, 1, 2, 2, 4, 0, 3, 0, 2, 0, 0, 4, 5, 3, 0, 1, 4, 0, : 4, 2, 1, 2, 2, 4, 3, 2, 4, 5, 3, 1, 4, 
196: 4, 1, 0, 2, 0, 3, 4, 0, 0, 3, 3, 0, 0, 0, 4, 0, 0, 0, 0, 0, : 4, 1, 2, 3, 4, 3, 3, 4, 
256: 5, 0, 2, 5, 0, 2, 3, 0, 4, 1, 1, 0, 0, 2, 2, 0, 0, 0, 0, 51, : 5, 2, 5, 2, 3, 4, 1, 1, 2, 2, 51, 
272: 2, 0, 0, 4, 0, 3, 1, 55, 0, 0, 4, 0, 0, 0, 2, 0, 0, 0, 0, 0, : 2, 4, 3, 1, 55, 4, 2, 
42: 4, 0, 0, 3, 0, 5, 4, 2, 0, 3, 5, 0, 0, 0, 2, 0, 1, 0, 0, 0, : 4, 3, 5, 4, 2, 3, 5, 2, 1, 
75: 2, 0, 0, 2, 0, 3, 0, 0, 0, 0, 2, 0, 0, 0, 2, 0, 5, 0, 0, 0, : 2, 2, 3, 2, 2, 5, 
120: 4, 0, 0, 2, 0, 2, 2, 0, 0, 0, 0, 0, 0, 51, 1, 1, 0, 52, 0, 0, : 4, 2, 2, 2, 51, 1, 1, 52, 
232: 0, 0, 0, 3, 0, 1, 0, 0, 0, 0, 5, 3, 0, 0, 5, 0, 0, 0, 0, 0, : 3, 1, 5, 3, 5, 
10: 1, 1, 0, 4, 1, 2, 5, 3, 0, 0, 5, 1, 0, 0, 3, 0, 50, 1, 0, 0, : 1, 1, 4, 1, 2, 5, 3, 5, 1, 3, 50, 1, 


36: 0, 0, 4, 0, 5, 0, 0, 4, 4, 3, 3, 0, 3, 0, 0, 0, 0, 0, 3, 2, : 4, 5, 4, 4, 3, 3, 3, 3, 2, 
94: 1, 0, 3, 0, 4, 3, 0, 1, 1, 0, 1, 0, 5, 0, 0, 2, 0, 55, 0, 1, : 1, 3, 4, 3, 1, 1, 1, 5, 2, 55, 1, 
180: 1, 0, 4, 0, 1, 0, 0, 5, 0, 4, 0, 0, 5, 0, 0, 0, 0, 0, 0, 5, : 1, 4, 1, 5, 4, 5, 5, 
85: 3, 0, 2, 3, 1, 0, 1, 3, 1, 0, 0, 4, 5, 0, 0, 0, 0, 0, 0, 2, : 3, 2, 3, 1, 1, 3, 1, 4, 5, 2, 
135: 0, 0, 3, 0, 1, 1, 0, 3, 0, 0, 0, 5, 3, 0, 1, 0, 2, 0, 0, 2, : 3, 1, 1, 3, 5, 3, 1, 2, 2, 
41: 2, 5, 3, 0, 4, 0, 0, 5, 1, 0, 1, 0, 5, 3, 0, 0, 0, 0, 0, 3, : 2, 5, 3, 4, 5, 1, 1, 5, 3, 3, 
14: 52, 0, 1, 0, 4, 1, 0, 3, 0, 50, 1, 50, 2, 3, 0, 0, 0, 0, 0, 5, : 52, 1, 4, 1, 3, 50, 1, 50, 2, 3, 5, 
245: 0, 0, 3, 0, 4, 0, 52, 5, 0, 0, 0, 1, 2, 0, 0, 0, 0, 0, 0, 2, : 3, 4, 52, 5, 1, 2, 2, 
176: 0, 0, 4, 0, 2, 0, 0, 2, 1, 0, 1, 0, 0, 0, 0, 0, 0, 0, 0, 2, : 4, 2, 2, 1, 1, 2, 
26: 0, 0, 4, 0, 5, 0, 0, 2, 0, 0, 0, 0, 4, 0, 4, 0, 0, 3, 0, 4, : 4, 5, 2, 4, 4, 3, 4, 
46: 0, 2, 5, 0, 2, 50, 0, 3, 0, 0, 0, 0, 4, 0, 0, 0, 0, 0, 0, 1, : 2, 5, 2, 50, 3, 4, 1, 
274: 0, 0, 2, 0, 2, 0, 0, 2, 0, 0, 0, 0, 1, 0, 54, 0, 5, 0, 0, 4, : 2, 2, 2, 1, 54, 5, 4, 
170: 0, 0, 5, 5, 1, 0, 0, 3, 0, 0, 0, 0, 5, 0, 0, 0, 0, 0, 0, 3, : 5, 5, 1, 3, 5, 3, 
218: 1, 0, 2, 0, 4, 0, 0, 4, 0, 0, 0, 0, 1, 0, 0, 3, 51, 0, 0, 5, : 1, 2, 4, 4, 1, 3, 51, 5, 
186: 0, 51, 5, 0, 2, 5, 4, 5, 0, 0, 0, 0, 4, 50, 0, 51, 0, 0, 0, 4, : 51, 5, 2, 5, 4, 5, 4, 50, 51, 4, 
143: 0, 0, 1, 1, 4, 0, 0, 4, 0, 0, 1, 0, 2, 2, 0, 0, 0, 2, 3, 5, : 1, 1, 4, 4, 1, 2, 2, 2, 3, 5, 
11: 0, 2, 1, 0, 5, 0, 1, 1, 0, 0, 0, 0, 2, 0, 0, 0, 2, 0, 0, 4, : 2, 1, 5, 1, 1, 2, 2, 4, 
107: 0, 0, 3, 51, 2, 0, 2, 2, 0, 0, 0, 0, 0, 0, 0, 0, 0, 0, 0, 2, : 3, 51, 2, 2, 2, 2, 
104: 0, 0, 1, 0, 4, 0, 0, 2, 0, 0, 52, 0, 3, 1, 1, 0, 0, 0, 0, 2, : 1, 4, 2, 52, 3, 1, 1, 2, 
151: 0, 0, 4, 0, 3, 0, 0, 1, 52, 3, 0, 0, 4, 1, 0, 4, 0, 0, 54, 2, : 4, 3, 1, 52, 3, 4, 1, 4, 54, 2, 


227: 0, 51, 5, 0, 0, 0, 0, 4, 0, 0, 3, 0, 2, 0, 4, 0, 0, 50, 2, 1, : 51, 5, 4, 3, 2, 4, 50, 2, 1, 
49: 0, 2, 3, 0, 0, 0, 0, 2, 4, 0, 5, 1, 2, 3, 0, 0, 55, 1, 4, 1, : 2, 3, 2, 4, 5, 1, 2, 3, 55, 1, 4, 1, 
76: 5, 0, 2, 0, 0, 50, 0, 3, 0, 0, 5, 52, 4, 1, 0, 0, 0, 3, 0, 4, : 5, 2, 50, 3, 5, 52, 4, 1, 3, 4, 
260: 0, 0, 3, 0, 0, 0, 0, 2, 0, 0, 3, 0, 3, 1, 0, 0, 0, 0, 0, 0, : 3, 2, 3, 3, 1, 
244: 0, 4, 9, 4, 0, 0, 0, 1, 0, 0, 1, 0, 4, 0, 0, 3, 0, 0, 0, 5, : 4, 9, 4, 1, 1, 4, 3, 5, 
261: 0, 0, 2, 0, 0, 0, 0, 4, 0, 0, 2, 0, 4, 0, 0, 0, 1, 1, 0, 4, : 2, 4, 2, 4, 1, 1, 4, 
59: 0, 0, 3, 0, 1, 0, 0, 4, 0, 2, 2, 0, 5, 0, 0, 0, 0, 0, 1, 5, : 3, 1, 4, 2, 2, 5, 1, 5, 
122: 52, 0, 5, 0, 0, 0, 0, 3, 0, 0, 5, 0, 5, 0, 0, 3, 0, 0, 0, 4, : 52, 5, 3, 5, 5, 3, 4, 
233: 0, 0, 2, 0, 0, 0, 0, 4, 0, 4, 1, 0, 1, 0, 0, 0, 1, 0, 0, 1, : 2, 4, 4, 1, 1, 1, 1, 
299: 0, 0, 3, 0, 0, 0, 0, 3, 0, 0, 3, 0, 1, 0, 0, 1, 0, 2, 0, 2, : 3, 3, 3, 1, 1, 2, 2, 
54: 0, 0, 2, 0, 4, 3, 0, 5, 2, 53, 3, 0, 2, 0, 0, 0, 0, 0, 0, 4, : 2, 4, 3, 5, 2, 53, 3, 2, 4, 
179: 0, 0, 1, 0, 0, 0, 3, 1, 0, 0, 3, 2, 5, 0, 55, 0, 0, 0, 53, 3, : 1, 3, 1, 3, 2, 5, 55, 53, 3, 
131: 0, 0, 2, 0, 53, 0, 54, 3, 0, 0, 4, 5, 2, 0, 0, 0, 0, 0, 0, 5, : 2, 53, 54, 3, 4, 5, 2, 5, 
207: 0, 2, 2, 0, 0, 2, 0, 4, 0, 0, 3, 0, 2, 53, 0, 0, 3, 0, 0, 5, : 2, 2, 2, 4, 3, 2, 53, 3, 5, 
282: 0, 0, 3, 1, 0, 0, 0, 3, 0, 0, 2, 0, 1, 0, 0, 0, 0, 0, 0, 1, : 3, 1, 3, 2, 1, 1, 
71: 0, 0, 5, 0, 0, 2, 0, 2, 50, 0, 2, 0, 1, 0, 0, 52, 0, 0, 0, 4, : 5, 2, 2, 50, 2, 1, 52, 4, 
178: 1, 1, 1, 0, 2, 0, 0, 5, 0, 0, 1, 0, 5, 2, 0, 1, 0, 0, 0, 4, : 1, 1, 1, 2, 5, 1, 5, 2, 1, 4, 
174: 1, 0, 3, 0, 0, 3, 0, 1, 0, 1, 4, 0, 2, 0, 1, 0, 0, 0, 0, 1, : 1, 3, 3, 1, 1, 4, 2, 1, 1, 
194: 1, 0, 3, 55, 0, 0, 3, 2, 4, 0, 3, 0, 5, 0, 0, 0, 0, 0, 0, 3, : 1, 3, 55, 3, 2, 4, 3, 5, 3, 
130: 0, 0, 1, 0, 0, 0, 0, 4, 0, 0, 5, 0, 4, 0, 0, 0, 0, 3, 0, 3, : 1, 4, 5, 4, 3, 3, 


153: 3, 0, 0, 3, 0, 0, 0, 0, 0, 0, 3, 0, 2, 0, 1, 0, 3, 0, 0, 0, : 3, 3, 3, 2, 1, 3, 
4: 4, 0, 3, 5, 0, 0, 0, 1, 0, 1, 1, 0, 5, 50, 2, 0, 0, 0, 0, 4, : 4, 3, 5, 1, 1, 1, 5, 50, 2, 4, 
201: 2, 0, 0, 4, 0, 0, 0, 0, 1, 0, 0, 0, 0, 0, 4, 0, 51, 1, 0, 2, : 2, 4, 1, 4, 51, 1, 2, 
243: 3, 0, 0, 4, 0, 0, 2, 0, 5, 1, 0, 0, 0, 1, 2, 0, 0, 0, 0, 0, : 3, 4, 2, 5, 1, 1, 2, 
249: 6, 0, 0, 1, 0, 0, 2, 0, 0, 50, 0, 1, 0, 0, 5, 0, 0, 53, 51, 53, : 6, 1, 2, 50, 1, 5, 53, 51, 53, 
150: 6, 5, 0, 1, 0, 0, 4, 0, 0, 0, 0, 3, 52, 0, 5, 0, 0, 0, 1, 0, : 6, 5, 1, 4, 3, 52, 5, 1, 
220: 2, 0, 52, 4, 0, 2, 0, 0, 0, 0, 0, 0, 0, 0, 3, 3, 0, 0, 0, 0, : 2, 52, 4, 2, 3, 3, 
78: 4, 4, 1, 4, 0, 4, 0, 0, 0, 0, 0, 0, 0, 4, 2, 0, 0, 0, 2, 1, : 4, 4, 1, 4, 4, 4, 2, 2, 1, 
240: 1, 0, 4, 3, 0, 0, 1, 51, 0, 1, 3, 0, 0, 0, 0, 0, 0, 0, 0, 0, : 1, 4, 3, 1, 51, 1, 3, 
246: 4, 0, 0, 5, 0, 0, 1, 0, 0, 0, 1, 0, 0, 0, 2, 2, 0, 0, 0, 0, : 4, 5, 1, 1, 2, 2, 
273: 5, 1, 0, 3, 0, 0, 0, 2, 0, 0, 0, 0, 0, 0, 3, 0, 5, 0, 0, 0, : 5, 1, 3, 2, 3, 5, 
113: 2, 0, 0, 3, 4, 0, 0, 0, 51, 0, 0, 3, 0, 0, 3, 0, 0, 0, 0, 0, : 2, 3, 4, 51, 3, 3, 
98: 1, 0, 0, 2, 0, 0, 0, 0, 0, 0, 0, 0, 0, 0, 5, 3, 1, 0, 0, 0, : 1, 2, 5, 3, 1, 
23: 4, 0, 0, 1, 3, 1, 0, 2, 0, 0, 0, 53, 0, 0, 5, 0, 0, 5, 0, 0, : 4, 1, 3, 1, 2, 53, 5, 5, 
181: 1, 50, 0, 2, 0, 0, 0, 0, 0, 0, 0, 0, 0, 5, 4, 0, 0, 1, 0, 0, : 1, 50, 2, 5, 4, 1, 
264: 1, 0, 0, 5, 0, 53, 50, 1, 3, 0, 0, 0, 0, 0, 3, 0, 0, 0, 1, 0, : 1, 5, 53, 50, 1, 3, 3, 1, 
16: 1, 0, 0, 2, 53, 0, 0, 2, 0, 0, 52, 0, 0, 0, 1, 52, 0, 0, 0, 0, : 1, 2, 53, 2, 52, 1, 52, 
3: 4, 0, 0, 3, 0, 0, 0, 0, 0, 3, 0, 0, 1, 0, 1, 0, 0, 0, 0, 0, : 4, 3, 3, 1, 1, 
296: 1, 0, 0, 3, 0, 0, 0, 0, 0, 4, 0, 0, 0, 0, 5, 0, 0, 0, 0, 0, : 1, 3, 4, 5, 
87: 5, 0, 0, 2, 0, 0, 0, 1, 0, 0, 0, 0, 0, 0, 4, 0, 0, 0, 5, 0, : 5, 2, 1, 4, 5, 


20: 2, 5, 5, 3, 0, 4, 2, 3, 5, 0, 0, 3, 3, 0, 0, 0, 0, 0, 2, 3, : 2, 5, 5, 3, 4, 2, 3, 5, 3, 3, 2, 3, 
209: 0, 4, 3, 3, 53, 2, 1, 5, 2, 1, 0, 2, 0, 0, 0, 0, 0, 0, 3, 3, : 4, 3, 3, 53, 2, 1, 5, 2, 1, 2, 3, 3, 
145: 0, 3, 1, 2, 0, 5, 3, 1, 2, 0, 52, 5, 0, 0, 0, 0, 0, 0, 4, 0, : 3, 1, 2, 5, 3, 1, 2, 52, 5, 4, 
100: 2, 2, 3, 5, 0, 2, 1, 5, 2, 0, 0, 2, 0, 0, 55, 2, 0, 1, 2, 2, : 2, 2, 3, 5, 2, 1, 5, 2, 2, 55, 2, 1, 2, 2, 
47: 0, 2, 4, 3, 0, 4, 4, 0, 5, 1, 1, 1, 0, 0, 0, 0, 0, 2, 1, 3, : 2, 4, 3, 4, 4, 5, 1, 1, 1, 2, 1, 3, 
58: 0, 3, 3, 4, 0, 2, 3, 5, 4, 0, 0, 0, 3, 0, 0, 0, 0, 0, 3, 3, : 3, 3, 4, 2, 3, 5, 4, 3, 3, 3, 
79: 0, 3, 4, 4, 0, 5, 5, 4, 1, 3, 0, 4, 0, 0, 0, 0, 0, 0, 3, 3, : 3, 4, 4, 5, 5, 4, 1, 3, 4, 3, 3, 
60: 0, 3, 4, 4, 0, 4, 4, 1, 1, 1, 0, 0, 0, 0, 5, 0, 0, 0, 5, 3, : 3, 4, 4, 4, 4, 1, 1, 1, 5, 5, 3, 
208: 1, 1, 1, 1, 5, 4, 3, 4, 5, 0, 0, 4, 0, 3, 0, 0, 0, 0, 5, 4, : 1, 1, 1, 1, 5, 4, 3, 4, 5, 4, 3, 5, 4, 
292: 0, 5, 5, 4, 0, 3, 1, 4, 4, 51, 3, 4, 0, 0, 0, 0, 0, 0, 2, 1, : 5, 5, 4, 3, 1, 4, 4, 51, 3, 4, 2, 1, 
121: 0, 2, 2, 3, 0, 3, 2, 1, 1, 0, 0, 4, 0, 53, 0, 53, 2, 0, 2, 1, : 2, 2, 3, 3, 2, 1, 1, 4, 53, 53, 2, 2, 1, 
134: 52, 7, 1, 0, 0, 4, 4, 3, 5, 0, 0, 5, 0, 0, 0, 0, 0, 55, 4, 2, : 52, 7, 1, 4, 4, 3, 5, 5, 55, 4, 2, 
189: 1, 3, 3, 5, 0, 1, 1, 1, 3, 0, 0, 1, 0, 0, 0, 0, 3, 0, 3, 5, : 1, 3, 3, 5, 1, 1, 1, 3, 1, 3, 3, 5, 
288: 0, 1, 5, 4, 0, 1, 4, 5, 1, 0, 0, 5, 0, 0, 0, 0, 0, 2, 4, 4, : 1, 5, 4, 1, 4, 5, 1, 5, 2, 4, 4, 
73: 0, 3, 1, 4, 0, 3, 2, 4, 3, 0, 0, 5, 0, 0, 0, 1, 50, 0, 1, 5, : 3, 1, 4, 3, 2, 4, 3, 5, 1, 50, 1, 5, 
258: 0, 3, 5, 1, 0, 1, 5, 3, 2, 0, 0, 5, 0, 0, 0, 0, 2, 0, 2, 1, : 3, 5, 1, 1, 5, 3, 2, 5, 2, 2, 1, 
268: 0, 5, 4, 1, 0, 5, 2, 5, 2, 3, 4, 1, 3, 0, 0, 0, 3, 0, 1, 4, : 5, 4, 1, 5, 2, 5, 2, 3, 4, 1, 3, 3, 1, 4, 
64: 2, 2, 1, 2, 0, 4, 5, 1, 4, 0, 0, 1, 0, 4, 0, 4, 0, 0, 5, 5, : 2, 2, 1, 2, 4, 5, 1, 4, 1, 4, 4, 5, 5, 
40: 0, 1, 5, 3, 0, 2, 3, 3, 4, 0, 0, 3, 0, 0, 0, 0, 0, 0, 3, 3, : 1, 5, 3, 2, 3, 3, 4, 3, 3, 3, 
164: 0, 2, 0, 4, 2, 1, 5, 2, 4, 0, 0, 5, 51, 0, 0, 0, 0, 0, 5, 5, : 2, 4, 2, 1, 5, 2, 4, 5, 51, 5, 5, 


91: 0, 0, 5, 0, 0, 0, 0, 0, 50, 0, 4, 0, 4, 5, 1, 3, 5, 0, 1, 0, : 5, 50, 4, 4, 5, 1, 3, 5, 1, 
146: 0, 0, 2, 0, 0, 0, 0, 2, 0, 0, 3, 55, 2, 1, 0, 0, 3, 0, 4, 0, : 2, 2, 3, 55, 2, 1, 3, 4, 
69: 0, 0, 5, 0, 0, 0, 0, 0, 0, 0, 2, 2, 1, 5, 0, 3, 5, 0, 1, 0, : 5, 2, 2, 1, 5, 3, 5, 1, 
187: 0, 0, 4, 0, 0, 5, 0, 54, 0, 54, 5, 0, 4, 3, 0, 0, 0, 0, 1, 0, : 4, 5, 54, 54, 5, 4, 3, 1, 
290: 0, 0, 2, 0, 0, 0, 0, 0, 0, 0, 4, 0, 2, 2, 0, 0, 4, 0, 4, 0, : 2, 4, 2, 2, 4, 4, 
163: 0, 0, 2, 0, 0, 1, 5, 0, 0, 0, 3, 0, 3, 2, 0, 0, 4, 0, 5, 0, : 2, 1, 5, 3, 3, 2, 4, 5, 
172: 0, 0, 2, 0, 0, 0, 0, 0, 0, 1, 2, 0, 4, 3, 0, 0, 0, 0, 1, 1, : 2, 1, 2, 4, 3, 1, 1, 
106: 54, 0, 1, 3, 0, 0, 0, 0, 0, 0, 5, 0, 5, 4, 0, 2, 5, 0, 4, 3, : 54, 1, 3, 5, 5, 4, 2, 5, 4, 3, 
193: 0, 0, 2, 0, 0, 0, 0, 0, 0, 0, 1, 0, 4, 5, 4, 0, 0, 2, 5, 0, : 2, 1, 4, 5, 4, 2, 5, 
8: 0, 0, 1, 0, 0, 0, 0, 1, 5, 0, 1, 0, 2, 5, 51, 0, 4, 0, 3, 0, : 1, 1, 5, 1, 2, 5, 51, 4, 3, 
204: 0, 1, 2, 0, 5, 0, 2, 0, 0, 0, 4, 0, 5, 5, 0, 0, 3, 1, 5, 0, : 1, 2, 5, 2, 4, 5, 5, 3, 1, 5, 
285: 0, 0, 4, 1, 0, 0, 0, 0, 0, 0, 3, 0, 5, 1, 1, 0, 4, 51, 4, 0, : 4, 1, 3, 5, 1, 1, 4, 51, 4, 
112: 0, 2, 5, 0, 1, 0, 0, 1, 0, 0, 5, 0, 1, 3, 1, 0, 5, 0, 3, 0, : 2, 5, 1, 1, 5, 1, 3, 1, 5, 3, 
125: 0, 52, 2, 0, 0, 0, 0, 2, 0, 0, 5, 0, 2, 4, 1, 0, 5, 5, 4, 0, : 52, 2, 2, 5, 2, 4, 1, 5, 5, 4, 
89: 0, 2, 8, 0, 0, 54, 0, 0, 0, 0, 3, 0, 3, 0, 1, 0, 1, 0, 3, 0, : 2, 8, 54, 3, 3, 1, 1, 3, 
147: 1, 3, 1, 0, 0, 0, 0, 0, 0, 0, 2, 3, 0, 1, 0, 0, 5, 0, 3, 55, : 1, 3, 1, 2, 3, 1, 5, 3, 55, 
27: 0, 0, 3, 5, 0, 0, 0, 0, 1, 1, 2, 0, 4, 3, 0, 0, 0, 0, 4, 0, : 3, 5, 1, 1, 2, 4, 3, 4, 
17: 0, 0, 5, 51, 0, 0, 0, 0, 4, 4, 3, 0, 0, 3, 0, 0, 2, 0, 1, 1, : 5, 51, 4, 4, 3, 3, 2, 1, 1, 
293: 0, 0, 3, 0, 50, 0, 3, 0, 0, 0, 0, 0, 4, 3, 0, 2, 4, 0, 2, 0, : 3, 50, 3, 4, 3, 2, 4, 2, 
67: 5, 0, 1, 0, 4, 0, 50, 0, 0, 0, 3, 0, 5, 2, 0, 50, 1, 1, 2, 0, : 5, 1, 4, 50, 3, 5, 2, 50, 1, 1, 2, 


221: 0, 0, 0, 0, 55, 2, 0, 0, 0, 5, 2, 0, 4, 4, 0, 0, 1, 0, 0, 0, : 55, 2, 5, 2, 4, 4, 1, 
198: 0, 0, 0, 0, 0, 5, 0, 0, 0, 2, 0, 0, 1, 2, 4, 0, 4, 1, 0, 1, : 5, 2, 1, 2, 4, 4, 1, 1, 
117: 0, 1, 1, 0, 0, 2, 0, 0, 0, 2, 53, 0, 2, 5, 0, 0, 1, 50, 50, 4, : 1, 1, 2, 2, 53, 2, 5, 1, 50, 50, 4, 
200: 0, 0, 0, 0, 0, 2, 0, 0, 0, 3, 0, 5, 4, 1, 1, 0, 5, 0, 3, 0, : 2, 3, 5, 4, 1, 1, 5, 3, 
101: 0, 0, 52, 1, 0, 5, 0, 0, 0, 4, 0, 0, 5, 5, 0, 0, 5, 0, 1, 0, : 52, 1, 5, 4, 5, 5, 5, 1, 
263: 0, 0, 0, 0, 0, 1, 50, 0, 4, 4, 0, 0, 4, 5, 0, 0, 2, 0, 1, 0, : 1, 50, 4, 4, 4, 5, 2, 1, 
70: 53, 0, 0, 0, 0, 2, 0, 0, 0, 3, 0, 0, 2, 1, 0, 0, 2, 0, 0, 0, : 53, 2, 3, 2, 1, 2, 
157: 1, 0, 0, 0, 0, 3, 4, 0, 0, 1, 4, 0, 2, 2, 0, 0, 7, 0, 0, 0, : 1, 3, 4, 1, 4, 2, 2, 7, 
291: 5, 0, 4, 0, 0, 2, 0, 0, 0, 3, 0, 0, 5, 1, 0, 5, 3, 5, 0, 0, : 5, 4, 2, 3, 5, 1, 5, 3, 5, 
295: 0, 0, 0, 0, 0, 3, 0, 0, 2, 1, 0, 0, 1, 6, 0, 51, 3, 0, 0, 0, : 3, 2, 1, 1, 6, 51, 3, 
68: 0, 0, 0, 0, 0, 4, 0, 1, 0, 4, 0, 0, 2, 1, 0, 0, 3, 1, 0, 0, : 4, 1, 4, 2, 1, 3, 1, 
35: 0, 2, 0, 54, 4, 2, 0, 0, 1, 5, 1, 0, 4, 1, 0, 0, 1, 0, 2, 0, : 2, 54, 4, 2, 1, 5, 1, 4, 1, 1, 2, 
266: 0, 3, 0, 1, 0, 2, 1, 0, 0, 3, 0, 0, 1, 5, 0, 0, 2, 1, 0, 0, : 3, 1, 2, 1, 3, 1, 5, 2, 1, 
265: 0, 54, 0, 0, 0, 2, 0, 0, 0, 5, 0, 0, 1, 1, 55, 0, 1, 0, 0, 0, : 54, 2, 5, 1, 1, 55, 1, 
257: 0, 0, 2, 1, 0, 5, 0, 0, 0, 2, 0, 1, 5, 5, 0, 1, 4, 0, 0, 0, : 2, 1, 5, 2, 1, 5, 5, 1, 4, 
119: 0, 0, 0, 0, 1, 5, 0, 5, 53, 5, 0, 0, 5, 1, 0, 0, 1, 2, 0, 0, : 1, 5, 5, 53, 5, 5, 1, 1, 2, 
280: 0, 0, 0, 0, 0, 4, 0, 0, 0, 3, 0, 1, 4, 5, 0, 3, 2, 0, 0, 4, : 4, 3, 1, 4, 5, 3, 2, 4, 
22: 1, 0, 0, 3, 0, 3, 0, 54, 0, 2, 0, 0, 2, 3, 0, 0, 3, 0, 2, 50, : 1, 3, 3, 54, 2, 2, 3, 3, 2, 50, 
192: 0, 0, 0, 0, 0, 2, 5, 0, 0, 1, 0, 0, 5, 5, 0, 0, 5, 0, 1, 0, : 2, 5, 1, 5, 5, 5, 1, 
81: 0, 0, 1, 0, 0, 4, 0, 0, 0, 2, 0, 53, 1, 1, 0, 0, 5, 0, 0, 1, : 1, 4, 2, 53, 1, 1, 5, 1, 


144: 4, 5, 1, 3, 2, 0, 0, 0, 0, 3, 5, 2, 0, 0, 1, 0, 2, 5, 54, 0, : 4, 5, 1, 3, 2, 3, 5, 2, 1, 2, 5, 54, 
188: 4, 0, 0, 0, 0, 5, 0, 0, 0, 0, 1, 0, 1, 0, 4, 0, 2, 5, 0, 0, : 4, 5, 1, 1, 4, 2, 5, 
159: 3, 0, 0, 0, 4, 0, 1, 0, 3, 0, 0, 0, 0, 0, 2, 0, 1, 1, 0, 0, : 3, 4, 1, 3, 2, 1, 1, 
278: 1, 0, 0, 1, 2, 0, 0, 1, 2, 0, 0, 0, 0, 0, 2, 0, 4, 5, 5, 0, : 1, 1, 2, 1, 2, 2, 4, 5, 5, 
166: 3, 0, 0, 2, 5, 0, 0, 0, 0, 0, 4, 0, 0, 0, 4, 2, 5, 2, 0, 0, : 3, 2, 5, 4, 4, 2, 5, 2, 
162: 4, 0, 0, 0, 0, 0, 2, 4, 0, 0, 5, 0, 0, 0, 1, 0, 4, 2, 0, 53, : 4, 2, 4, 5, 1, 4, 2, 53, 
149: 1, 0, 0, 0, 3, 0, 0, 0, 3, 2, 5, 1, 0, 0, 5, 2, 4, 1, 0, 0, : 1, 3, 3, 2, 5, 1, 5, 2, 4, 1, 
12: 2, 0, 0, 0, 5, 0, 0, 0, 0, 0, 5, 0, 0, 0, 3, 0, 2, 3, 0, 0, : 2, 5, 5, 3, 2, 3, 
276: 3, 0, 0, 0, 5, 0, 0, 0, 0, 0, 5, 1, 2, 0, 4, 1, 1, 2, 0, 3, : 3, 5, 5, 1, 2, 4, 1, 1, 2, 3, 
140: 3, 0, 3, 0, 3, 50, 0, 51, 0, 0, 1, 0, 0, 0, 3, 0, 3, 4, 0, 0, : 3, 3, 3, 50, 51, 1, 3, 3, 4, 
219: 5, 0, 0, 0, 3, 0, 0, 0, 0, 53, 3, 0, 4, 0, 3, 0, 2, 4, 0, 1, : 5, 3, 53, 3, 4, 3, 2, 4, 1, 
251: 2, 0, 0, 0, 0, 0, 0, 0, 52, 0, 5, 0, 0, 0, 3, 0, 1, 2, 0, 0, : 2, 52, 5, 3, 1, 2, 
300: 7, 0, 0, 0, 5, 0, 0, 0, 0, 0, 3, 0, 0, 0, 4, 0, 2, 2, 0, 0, : 7, 5, 3, 4, 2, 2, 
213: 5, 0, 0, 0, 3, 1, 1, 0, 0, 0, 4, 0, 0, 0, 4, 53, 5, 2, 0, 0, : 5, 3, 1, 1, 4, 4, 53, 5, 2, 
30: 1, 0, 0, 0, 1, 4, 54, 4, 0, 1, 2, 0, 53, 0, 1, 0, 4, 5, 0, 0, : 1, 1, 4, 54, 4, 1, 2, 53, 1, 4, 5, 
161: 2, 0, 0, 0, 4, 0, 0, 0, 0, 1, 4, 51, 0, 0, 4, 2, 5, 1, 0, 3, : 2, 4, 1, 4, 51, 4, 2, 5, 1, 3, 
115: 2, 0, 0, 0, 2, 0, 2, 0, 0, 0, 3, 0, 0, 3, 4, 0, 5, 5, 0, 0, : 2, 2, 2, 3, 3, 4, 5, 5, 
203: 5, 55, 2, 1, 3, 0, 0, 0, 0, 0, 4, 0, 0, 53, 0, 0, 4, 4, 0, 0, : 5, 55, 2, 1, 3, 4, 53, 4, 4, 
289: 1, 0, 0, 3, 5, 0, 0, 0, 0, 0, 0, 0, 0, 0, 5, 0, 1, 3, 0, 0, : 1, 3, 5, 5, 1, 3, 
57: 2, 0, 54, 50, 5, 0, 0, 0, 0, 0, 1, 5, 0, 4, 3, 0, 3, 2, 1, 0, : 2, 54, 50, 5, 1, 5, 4, 3, 3, 2, 1, 


195: 0, 0, 4, 0, 0, 0, 0, 0, 0, 0, 5, 0, 0, 2, 0, 2, 4, 0, 3, 0, : 4, 5, 2, 2, 4, 3, 
148: 0, 5, 3, 0, 2, 1, 0, 1, 0, 0, 2, 1, 0, 2, 1, 0, 1, 0, 1, 0, : 5, 3, 2, 1, 1, 2, 1, 2, 1, 1, 1, 
205: 0, 0, 3, 2, 0, 0, 0, 0, 0, 0, 1, 3, 0, 5, 0, 0, 3, 0, 7, 53, : 3, 2, 1, 3, 5, 3, 7, 53, 
239: 0, 0, 3, 0, 0, 0, 0, 0, 0, 2, 2, 0, 0, 5, 0, 0, 4, 0, 1, 3, : 3, 2, 2, 5, 4, 1, 3, 
142: 2, 4, 5, 0, 0, 0, 1, 1, 0, 0, 5, 0, 3, 5, 0, 0, 4, 0, 3, 0, : 2, 4, 5, 1, 1, 5, 3, 5, 4, 3, 
2: 0, 0, 5, 0, 0, 0, 0, 55, 0, 0, 1, 0, 0, 2, 0, 0, 2, 1, 5, 0, : 5, 55, 1, 2, 2, 1, 5, 
139: 0, 0, 2, 1, 0, 0, 0, 0, 0, 0, 1, 1, 0, 1, 0, 0, 1, 0, 4, 0, : 2, 1, 1, 1, 1, 1, 4, 
102: 0, 0, 5, 0, 0, 0, 0, 1, 0, 0, 4, 0, 0, 1, 0, 0, 2, 1, 3, 0, : 5, 1, 4, 1, 2, 1, 3, 
156: 0, 0, 0, 0, 0, 0, 0, 0, 3, 0, 2, 2, 0, 3, 0, 0, 3, 4, 4, 0, : 3, 2, 2, 3, 3, 4, 4, 
231: 0, 50, 2, 0, 0, 51, 0, 0, 0, 0, 5, 0, 0, 1, 0, 0, 4, 0, 2, 0, : 50, 2, 51, 5, 1, 4, 2, 
253: 0, 0, 1, 54, 1, 3, 0, 0, 52, 50, 3, 0, 0, 1, 0, 0, 4, 0, 5, 2, : 1, 54, 1, 3, 52, 50, 3, 1, 4, 5, 2, 
165: 0, 0, 3, 1, 0, 0, 0, 0, 0, 0, 5, 0, 0, 5, 0, 0, 3, 0, 1, 0, : 3, 1, 5, 5, 3, 1, 
286: 0, 0, 3, 0, 0, 0, 54, 0, 0, 3, 4, 0, 3, 3, 0, 50, 2, 0, 3, 0, : 3, 54, 3, 4, 3, 3, 50, 2, 3, 
33: 0, 0, 1, 0, 5, 0, 0, 0, 0, 0, 2, 0, 2, 3, 0, 0, 2, 0, 5, 0, : 1, 5, 2, 2, 3, 2, 5, 
294: 0, 0, 5, 0, 0, 0, 0, 0, 0, 0, 2, 0, 0, 1, 0, 0, 4, 0, 1, 0, : 5, 2, 1, 4, 1, 
298: 0, 0, 0, 2, 0, 1, 0, 0, 0, 0, 5, 0, 0, 5, 0, 0, 3, 0, 5, 2, : 2, 1, 5, 5, 3, 5, 2, 
237: 3, 1, 0, 0, 1, 1, 0, 1, 0, 0, 2, 0, 0, 5, 0, 1, 5, 53, 1, 0, : 3, 1, 1, 1, 1, 2, 5, 1, 5, 53, 1, 
247: 0, 0, 5, 0, 0, 0, 0, 0, 0, 0, 1, 0, 52, 3, 55, 3, 1, 0, 2, 0, : 5, 1, 52, 3, 55, 3, 1, 2, 
45: 55, 0, 5, 0, 50, 3, 0, 0, 0, 0, 5, 52, 0, 2, 4, 4, 3, 1, 3, 0, : 55, 5, 50, 3, 5, 52, 2, 4, 4, 3, 1, 3, 
61: 0, 0, 5, 0, 1, 0, 5, 1, 5, 5, 3, 1, 0, 5, 0, 0, 5, 0, 1, 0, : 5, 1, 5, 1, 5, 5, 3, 1, 5, 5, 1, 


216: 1, 0, 0, 0, 0, 0, 5, 1, 1, 0, 5, 5, 0, 1, 4, 2, 0, 0, 0, 0, : 1, 5, 1, 1, 5, 5, 1, 4, 2, 
183: 0, 2, 0, 4, 0, 0, 2, 1, 4, 0, 0, 3, 0, 0, 1, 3, 3, 0, 0, 0, : 2, 4, 2, 1, 4, 3, 1, 3, 3, 
74: 0, 0, 0, 0, 0, 0, 4, 0, 3, 0, 5, 1, 2, 0, 5, 2, 4, 1, 51, 0, : 4, 3, 5, 1, 2, 5, 2, 4, 1, 51, 
88: 0, 0, 2, 0, 0, 0, 1, 1, 4, 0, 4, 0, 0, 0, 1, 4, 0, 1, 4, 1, : 2, 1, 1, 4, 4, 1, 4, 1, 4, 1, 
202: 0, 0, 0, 0, 2, 0, 3, 0, 5, 0, 4, 0, 54, 0, 3, 4, 0, 0, 0, 0, : 2, 3, 5, 4, 54, 3, 4, 
270: 0, 0, 1, 0, 0, 0, 1, 2, 2, 0, 2, 0, 0, 0, 3, 2, 1, 0, 1, 4, : 1, 1, 2, 2, 2, 3, 2, 1, 1, 4, 
84: 5, 0, 0, 0, 1, 0, 4, 0, 3, 0, 2, 0, 4, 55, 1, 3, 0, 0, 0, 0, : 5, 1, 4, 3, 2, 4, 55, 1, 3, 
5: 0, 0, 0, 0, 0, 0, 3, 0, 2, 0, 1, 0, 0, 0, 0, 3, 0, 1, 0, 54, : 3, 2, 1, 3, 1, 54, 
28: 0, 50, 0, 0, 0, 0, 1, 5, 1, 4, 5, 0, 0, 0, 3, 1, 0, 0, 0, 0, : 50, 1, 5, 1, 4, 5, 3, 1, 
155: 53, 0, 0, 0, 51, 0, 4, 0, 7, 5, 5, 51, 0, 0, 4, 5, 0, 0, 0, 0, : 53, 51, 4, 7, 5, 5, 51, 4, 5, 
182: 0, 0, 0, 55, 0, 0, 3, 0, 2, 0, 3, 0, 0, 3, 4, 5, 0, 5, 0, 0, : 55, 3, 2, 3, 3, 4, 5, 5, 
269: 0, 0, 0, 0, 0, 0, 1, 0, 1, 0, 0, 0, 0, 0, 2, 1, 0, 0, 0, 0, : 1, 1, 2, 1, 
65: 0, 0, 3, 1, 0, 0, 0, 0, 9, 0, 5, 0, 0, 0, 5, 2, 50, 0, 0, 0, : 3, 1, 9, 5, 5, 2, 50, 
141: 0, 0, 2, 0, 0, 0, 1, 0, 4, 0, 3, 0, 0, 1, 5, 1, 2, 0, 0, 0, : 2, 1, 4, 3, 1, 5, 1, 2, 
86: 1, 5, 0, 0, 2, 0, 5, 50, 1, 0, 5, 0, 0, 0, 3, 6, 0, 0, 0, 0, : 1, 5, 2, 5, 50, 1, 5, 3, 6, 
111: 0, 0, 0, 0, 2, 55, 5, 0, 3, 0, 3, 0, 0, 0, 3, 4, 0, 1, 0, 0, : 2, 55, 5, 3, 3, 3, 4, 1, 
116: 0, 0, 0, 0, 0, 1, 5, 0, 4, 51, 4, 0, 0, 0, 4, 3, 0, 0, 0, 1, : 1, 5, 4, 51, 4, 4, 3, 1, 
255: 0, 3, 0, 0, 0, 0, 3, 0, 1, 0, 2, 0, 0, 0, 4, 4, 0, 0, 2, 0, : 3, 3, 1, 2, 4, 4, 2, 
83: 0, 0, 52, 0, 0, 0, 5, 0, 2, 0, 1, 0, 0, 0, 3, 2, 0, 1, 0, 0, : 52, 5, 2, 1, 3, 2, 1, 
230: 0, 0, 0, 0, 2, 4, 4, 0, 1, 0, 1, 0, 0, 0, 2, 3, 0, 50, 2, 0, : 2, 4, 4, 1, 1, 2, 3, 50, 2, 


217: 0, 3, 0, 3, 0, 4, 0, 0, 3, 0, 0, 0, 1, 0, 4, 1, 0, 0, 5, 0, : 3, 3, 4, 3, 1, 4, 1, 5, 
283: 4, 3, 0, 0, 1, 4, 0, 0, 5, 0, 0, 0, 4, 0, 0, 0, 4, 0, 5, 0, : 4, 3, 1, 4, 5, 4, 4, 5, 
133: 0, 0, 0, 0, 55, 5, 0, 0, 4, 0, 0, 0, 2, 0, 5, 0, 1, 2, 1, 5, : 55, 5, 4, 2, 5, 1, 2, 1, 5, 
287: 1, 0, 0, 0, 0, 2, 0, 0, 5, 0, 0, 0, 4, 0, 5, 0, 0, 0, 2, 0, : 1, 2, 5, 4, 5, 2, 
197: 0, 0, 0, 0, 0, 3, 0, 4, 1, 0, 0, 0, 1, 4, 1, 53, 0, 3, 1, 0, : 3, 4, 1, 1, 4, 1, 53, 3, 1, 
6: 0, 0, 3, 51, 0, 4, 0, 0, 0, 5, 0, 0, 5, 2, 5, 0, 0, 0, 3, 0, : 3, 51, 4, 5, 5, 2, 5, 3, 
44: 0, 0, 0, 0, 0, 2, 0, 0, 3, 0, 0, 0, 3, 0, 3, 0, 0, 0, 2, 0, : 2, 3, 3, 3, 2, 
136: 0, 0, 0, 0, 0, 1, 0, 0, 4, 0, 0, 0, 5, 0, 3, 0, 4, 0, 4, 1, : 1, 4, 5, 3, 4, 4, 1, 
129: 0, 0, 0, 0, 0, 2, 0, 0, 5, 0, 1, 3, 5, 0, 2, 0, 0, 0, 4, 1, : 2, 5, 1, 3, 5, 2, 4, 1, 
127: 0, 0, 1, 0, 0, 3, 0, 53, 3, 0, 0, 0, 1, 0, 5, 0, 0, 1, 5, 0, : 1, 3, 53, 3, 1, 5, 1, 5, 
62: 0, 0, 0, 0, 4, 1, 5, 0, 5, 0, 0, 0, 2, 0, 3, 0, 0, 50, 4, 0, : 4, 1, 5, 5, 2, 3, 50, 4, 
37: 4, 52, 0, 0, 0, 2, 1, 0, 5, 0, 0, 0, 4, 1, 4, 0, 0, 0, 4, 3, : 4, 52, 2, 1, 5, 4, 1, 4, 4, 3, 
103: 0, 0, 50, 1, 0, 4, 0, 0, 3, 50, 4, 0, 2, 0, 3, 0, 0, 0, 0, 0, : 50, 1, 4, 3, 50, 4, 2, 3, 
48: 0, 2, 0, 1, 0, 5, 54, 0, 1, 0, 0, 0, 4, 1, 3, 0, 0, 0, 5, 0, : 2, 1, 5, 54, 1, 4, 1, 3, 5, 
152: 0, 0, 1, 0, 0, 4, 0, 0, 0, 0, 53, 0, 2, 0, 2, 5, 1, 0, 2, 0, : 1, 4, 53, 2, 2, 5, 1, 2, 
38: 0, 0, 5, 3, 0, 2, 0, 0, 3, 0, 2, 50, 5, 0, 4, 0, 50, 0, 1, 0, : 5, 3, 2, 3, 2, 50, 5, 4, 50, 1, 
1: 0, 0, 0, 0, 0, 5, 0, 3, 2, 0, 0, 2, 4, 52, 1, 0, 0, 4, 4, 0, : 5, 3, 2, 2, 4, 52, 1, 4, 4, 
168: 51, 0, 0, 0, 0, 4, 0, 0, 0, 0, 0, 0, 2, 0, 2, 0, 0, 0, 2, 50, : 51, 4, 2, 2, 2, 50, 
63: 0, 0, 0, 0, 0, 2, 0, 0, 4, 0, 0, 0, 1, 0, 0, 0, 0, 0, 2, 0, : 2, 4, 1, 2, 
21: 0, 0, 0, 1, 0, 1, 0, 0, 4, 5, 0, 5, 3, 0, 5, 1, 0, 0, 4, 0, : 1, 1, 4, 5, 5, 3, 5, 1, 4, 


167: 3, 0, 4, 0, 0, 0, 4, 2, 0, 0, 0, 0, 4, 55, 0, 5, 0, 51, 0, 0, : 3, 4, 4, 2, 4, 55, 5, 51, 
31: 1, 0, 1, 0, 3, 0, 2, 2, 1, 3, 0, 0, 5, 0, 0, 3, 0, 3, 0, 0, : 1, 1, 3, 2, 2, 1, 3, 5, 3, 3, 
160: 0, 0, 4, 2, 0, 1, 3, 3, 1, 0, 0, 0, 4, 0, 0, 2, 0, 0, 51, 0, : 4, 2, 1, 3, 3, 1, 4, 2, 51, 
169: 1, 0, 4, 0, 0, 0, 1, 2, 0, 0, 0, 0, 1, 0, 0, 4, 0, 0, 0, 0, : 1, 4, 1, 2, 1, 4, 
72: 50, 52, 5, 0, 3, 0, 1, 1, 0, 0, 5, 0, 2, 0, 0, 1, 0, 0, 0, 0, : 50, 52, 5, 3, 1, 1, 5, 2, 1, 
96: 0, 1, 5, 0, 0, 0, 2, 1, 2, 0, 0, 0, 3, 0, 1, 5, 0, 0, 0, 1, : 1, 5, 2, 1, 2, 3, 1, 5, 1, 
281: 2, 0, 1, 1, 0, 0, 5, 2, 53, 0, 0, 0, 7, 0, 0, 2, 4, 3, 0, 0, : 2, 1, 1, 5, 2, 53, 7, 2, 4, 3, 
80: 0, 0, 4, 0, 0, 0, 1, 3, 0, 0, 5, 1, 1, 0, 0, 2, 0, 0, 0, 0, : 4, 1, 3, 5, 1, 1, 2, 
206: 0, 0, 1, 5, 0, 0, 4, 4, 0, 0, 50, 1, 1, 0, 0, 5, 0, 0, 0, 0, : 1, 5, 4, 4, 50, 1, 1, 5, 
229: 0, 0, 4, 0, 0, 0, 5, 5, 3, 0, 0, 0, 1, 0, 0, 2, 0, 1, 5, 5, : 4, 5, 5, 3, 1, 2, 1, 5, 5, 
118: 0, 2, 3, 1, 0, 4, 4, 2, 0, 0, 0, 0, 5, 0, 51, 2, 0, 0, 0, 0, : 2, 3, 1, 4, 4, 2, 5, 51, 2, 
124: 0, 0, 1, 0, 4, 0, 1, 4, 0, 4, 0, 0, 4, 0, 0, 2, 0, 0, 0, 54, : 1, 4, 1, 4, 4, 4, 2, 54, 
137: 0, 0, 4, 0, 50, 0, 2, 5, 0, 0, 0, 0, 3, 0, 0, 8, 0, 1, 0, 0, : 4, 50, 2, 5, 3, 8, 1, 
252: 0, 4, 4, 0, 0, 2, 3, 5, 0, 53, 0, 0, 2, 5, 0, 1, 0, 0, 0, 0, : 4, 4, 2, 3, 5, 53, 2, 5, 1, 
109: 3, 0, 2, 0, 0, 53, 1, 4, 0, 0, 0, 0, 2, 0, 3, 1, 0, 1, 0, 0, : 3, 2, 53, 1, 4, 2, 3, 1, 1, 
52: 0, 1, 3, 0, 0, 0, 5, 5, 0, 0, 0, 55, 3, 0, 5, 4, 0, 0, 0, 0, : 1, 3, 5, 5, 55, 3, 5, 4, 
271: 0, 0, 0, 0, 0, 0, 4, 4, 0, 0, 0, 0, 3, 0, 0, 3, 1, 0, 0, 0, : 4, 4, 3, 3, 1, 
92: 0, 0, 4, 50, 0, 0, 5, 2, 0, 0, 0, 0, 1, 0, 0, 1, 0, 0, 0, 0, : 4, 50, 5, 2, 1, 1, 
190: 0, 0, 5, 1, 0, 0, 3, 1, 0, 0, 0, 3, 5, 0, 0, 5, 0, 0, 4, 0, : 5, 1, 3, 1, 3, 5, 5, 4, 
39: 0, 0, 1, 0, 0, 0, 4, 3, 0, 0, 0, 0, 3, 0, 0, 2, 55, 0, 0, 0, : 1, 4, 3, 3, 2, 55, 


259: 0, 0, 0, 4, 1, 0, 8, 0, 1, 4, 0, 0, 0, 0, 1, 0, 4, 0, 4, 4, : 4, 1, 8, 1, 4, 1, 4, 4, 4, 
215: 0, 0, 0, 0, 0, 3, 1, 0, 0, 0, 0, 0, 2, 0, 0, 4, 5, 0, 2, 0, : 3, 1, 2, 4, 5, 2, 
262: 0, 0, 2, 0, 50, 0, 2, 2, 0, 5, 0, 0, 0, 0, 0, 0, 2, 0, 3, 0, : 2, 50, 2, 2, 5, 2, 3, 
254: 0, 0, 0, 0, 5, 0, 2, 0, 0, 4, 0, 4, 0, 0, 0, 5, 2, 0, 1, 0, : 5, 2, 4, 4, 5, 2, 1, 
234: 0, 0, 0, 3, 0, 0, 3, 0, 0, 5, 5, 0, 0, 0, 0, 0, 2, 0, 5, 0, : 3, 3, 5, 5, 2, 5, 
29: 0, 0, 0, 0, 0, 0, 2, 0, 4, 0, 0, 2, 50, 52, 0, 0, 5, 3, 1, 1, : 2, 4, 2, 50, 52, 5, 3, 1, 1, 
55: 0, 0, 0, 0, 0, 0, 2, 0, 0, 4, 0, 0, 0, 3, 2, 0, 3, 50, 2, 0, : 2, 4, 3, 2, 3, 50, 2, 
214: 0, 0, 0, 0, 0, 0, 1, 0, 0, 3, 0, 0, 0, 0, 0, 0, 2, 0, 5, 0, : 1, 3, 2, 5, 
185: 0, 0, 0, 0, 0, 0, 3, 50, 0, 3, 0, 0, 0, 5, 0, 0, 1, 0, 3, 0, : 3, 50, 3, 5, 1, 3, 
222: 0, 2, 0, 0, 0, 52, 3, 0, 0, 5, 0, 0, 0, 0, 0, 0, 3, 0, 5, 0, : 2, 52, 3, 5, 3, 5, 
18: 1, 55, 0, 0, 0, 0, 5, 0, 4, 4, 0, 2, 2, 0, 0, 0, 4, 0, 4, 0, : 1, 55, 5, 4, 4, 2, 2, 4, 4, 
82: 2, 0, 2, 0, 0, 0, 5, 0, 0, 0, 0, 1, 0, 0, 0, 0, 2, 0, 3, 54, : 2, 2, 5, 1, 2, 3, 54, 
43: 1, 0, 1, 0, 4, 0, 1, 5, 0, 4, 0, 0, 0, 0, 0, 0, 2, 0, 3, 0, : 1, 1, 4, 1, 5, 4, 2, 3, 
284: 0, 0, 0, 0, 0, 0, 5, 0, 0, 0, 0, 1, 3, 0, 0, 0, 4, 2, 1, 0, : 5, 1, 3, 4, 2, 1, 
97: 0, 0, 0, 2, 0, 2, 4, 0, 0, 0, 0, 0, 3, 0, 0, 0, 3, 0, 1, 1, : 2, 2, 4, 3, 3, 1, 1, 
56: 0, 0, 0, 0, 0, 0, 2, 2, 0, 5, 54, 0, 0, 0, 0, 1, 4, 0, 9, 0, : 2, 2, 5, 54, 1, 4, 9, 
223: 0, 0, 55, 0, 0, 1, 6, 0, 0, 5, 0, 50, 0, 0, 0, 0, 4, 0, 3, 0, : 55, 1, 6, 5, 50, 4, 3, 
126: 0, 2, 0, 51, 0, 2, 1, 0, 51, 2, 0, 0, 0, 0, 2, 50, 1, 5, 3, 0, : 2, 51, 2, 1, 51, 2, 2, 50, 1, 5, 3, 
50: 53, 0, 0, 0, 0, 0, 2, 0, 0, 2, 1, 0, 0, 0, 55, 0, 5, 0, 1, 0, : 53, 2, 2, 1, 55, 5, 1, 
66: 3, 1, 0, 0, 0, 0, 2, 1, 0, 5, 0, 0, 0, 0, 0, 0, 2, 0, 1, 0, : 3, 1, 2, 1, 5, 2, 1, 


158: 5, 0, 0, 0, 2, 0, 0, 0, 1, 0, 0, 0, 4, 0, 0, 0, 0, 0, 1, 0, : 5, 2, 1, 4, 1, 
241: 4, 4, 0, 0, 1, 0, 0, 0, 1, 0, 51, 0, 2, 0, 0, 0, 0, 0, 0, 1, : 4, 4, 1, 1, 51, 2, 1, 
114: 3, 0, 4, 2, 4, 0, 0, 0, 4, 0, 0, 0, 4, 0, 0, 0, 0, 0, 0, 0, : 3, 4, 2, 4, 4, 4, 
32: 3, 1, 4, 0, 5, 0, 0, 50, 2, 0, 0, 53, 2, 0, 2, 3, 52, 1, 0, 0, : 3, 1, 4, 5, 50, 2, 53, 2, 2, 3, 52, 1, 
13: 1, 0, 2, 0, 3, 0, 0, 0, 4, 0, 5, 0, 4, 0, 0, 0, 0, 0, 1, 0, : 1, 2, 3, 4, 5, 4, 1, 
248: 2, 0, 0, 0, 3, 0, 0, 0, 3, 0, 0, 3, 3, 51, 0, 0, 1, 0, 0, 55, : 2, 3, 3, 3, 3, 51, 1, 55, 
51: 4, 0, 0, 3, 4, 5, 0, 0, 5, 0, 0, 0, 2, 5, 0, 1, 0, 2, 0, 0, : 4, 3, 4, 5, 5, 2, 5, 1, 2, 
226: 4, 2, 0, 0, 6, 0, 0, 5, 5, 0, 0, 0, 4, 0, 0, 0, 0, 0, 0, 0, : 4, 2, 6, 5, 5, 4, 
93: 2, 0, 0, 0, 2, 0, 5, 0, 1, 3, 0, 0, 1, 0, 3, 0, 0, 0, 1, 0, : 2, 2, 5, 1, 3, 1, 3, 1, 
173: 2, 0, 0, 0, 1, 0, 0, 0, 3, 53, 0, 0, 1, 0, 54, 4, 0, 0, 0, 0, : 2, 1, 3, 53, 1, 54, 4, 
275: 4, 2, 0, 0, 5, 0, 50, 0, 2, 0, 0, 0, 4, 0, 0, 0, 0, 0, 0, 0, : 4, 2, 5, 50, 2, 4, 
24: 2, 0, 0, 0, 4, 0, 0, 0, 3, 4, 0, 0, 3, 0, 0, 0, 4, 0, 1, 0, : 2, 4, 3, 4, 3, 4, 1, 
7: 5, 0, 0, 1, 2, 2, 0, 4, 5, 0, 0, 0, 2, 0, 0, 0, 0, 0, 0, 3, : 5, 1, 2, 2, 4, 5, 2, 3, 
267: 4, 0, 0, 0, 3, 0, 0, 0, 3, 0, 0, 2, 4, 0, 0, 0, 0, 3, 0, 0, : 4, 3, 3, 2, 4, 3, 
15: 1, 0, 0, 0, 4, 0, 0, 0, 4, 0, 4, 0, 2, 0, 0, 1, 0, 54, 4, 1, : 1, 4, 4, 4, 2, 1, 54, 4, 1, 
171: 3, 0, 50, 0, 5, 0, 0, 0, 5, 0, 0, 1, 4, 0, 0, 0, 0, 0, 0, 0, : 3, 50, 5, 5, 1, 4, 
19: 3, 0, 0, 54, 3, 0, 5, 1, 3, 0, 0, 0, 4, 0, 0, 0, 3, 0, 0, 0, : 3, 54, 3, 5, 1, 3, 4, 3, 
110: 3, 0, 0, 0, 1, 53, 0, 0, 2, 0, 0, 0, 4, 4, 0, 0, 0, 0, 0, 0, : 3, 1, 53, 2, 4, 4, 
123: 3, 51, 0, 0, 1, 0, 0, 0, 2, 0, 0, 0, 1, 0, 0, 0, 0, 0, 0, 0, : 3, 51, 1, 2, 1, 
224: 2, 0, 0, 0, 1, 0, 0, 0, 2, 0, 0, 1, 5, 0, 1, 51, 0, 0, 52, 0, : 2, 1, 2, 1, 5, 1, 51, 52, 


297: 0, 0, 0, 55, 5, 0, 2, 5, 0, 0, 3, 0, 3, 1, 0, 0, 0, 0, 0, 0, : 55, 5, 2, 5, 3, 3, 1, 
279: 0, 0, 0, 0, 1, 0, 2, 1, 0, 0, 2, 0, 1, 1, 0, 3, 0, 3, 0, 0, : 1, 2, 1, 2, 1, 1, 3, 3, 
175: 0, 0, 1, 0, 5, 0, 1, 2, 0, 0, 3, 0, 1, 4, 0, 1, 0, 3, 3, 0, : 1, 5, 1, 2, 3, 1, 4, 1, 3, 3, 
211: 0, 1, 0, 0, 2, 0, 1, 1, 0, 3, 2, 0, 5, 5, 2, 50, 0, 5, 0, 0, : 1, 2, 1, 1, 3, 2, 5, 5, 2, 50, 5, 
128: 0, 0, 0, 1, 1, 0, 0, 5, 0, 50, 4, 0, 2, 5, 0, 0, 0, 5, 1, 0, : 1, 1, 5, 50, 4, 2, 5, 5, 1, 
238: 0, 0, 0, 0, 5, 0, 0, 5, 0, 0, 4, 5, 1, 2, 0, 0, 2, 4, 0, 0, : 5, 5, 4, 5, 1, 2, 2, 4, 
95: 0, 0, 0, 0, 2, 0, 0, 5, 53, 0, 1, 0, 2, 3, 0, 0, 0, 5, 0, 0, : 2, 5, 53, 1, 2, 3, 5, 
34: 4, 54, 0, 0, 1, 4, 0, 5, 0, 5, 5, 2, 4, 5, 53, 0, 0, 5, 0, 50, : 4, 54, 1, 4, 5, 5, 5, 2, 4, 5, 53, 5, 50, 
77: 0, 0, 0, 1, 2, 0, 0, 1, 0, 2, 5, 0, 1, 2, 0, 0, 0, 1, 1, 0, : 1, 2, 1, 2, 5, 1, 2, 1, 1, 
235: 0, 0, 0, 0, 3, 0, 0, 1, 0, 0, 1, 0, 5, 3, 5, 0, 3, 3, 1, 0, : 3, 1, 1, 5, 3, 5, 3, 3, 1, 
199: 0, 0, 54, 0, 4, 54, 0, 3, 0, 0, 2, 0, 2, 5, 0, 3, 55, 1, 0, 0, : 54, 4, 54, 3, 2, 2, 5, 3, 55, 1, 
105: 1, 0, 1, 3, 2, 2, 1, 6, 0, 0, 5, 0, 5, 1, 0, 1, 0, 3, 0, 0, : 1, 1, 3, 2, 2, 1, 6, 5, 5, 1, 1, 3, 
177: 2, 0, 0, 0, 5, 0, 0, 1, 2, 0, 3, 0, 5, 3, 0, 0, 0, 2, 0, 5, : 2, 5, 1, 2, 3, 5, 3, 2, 5, 
132: 0, 0, 2, 0, 0, 0, 53, 5, 0, 0, 2, 0, 1, 5, 0, 0, 0, 5, 0, 0, : 2, 53, 5, 2, 1, 5, 5, 
225: 0, 2, 0, 0, 4, 0, 0, 1, 0, 0, 3, 50, 3, 1, 0, 0, 0, 2, 0, 0, : 2, 4, 1, 3, 50, 3, 1, 2, 
184: 0, 0, 0, 0, 4, 0, 0, 1, 0, 0, 2, 2, 3, 1, 0, 0, 0, 1, 3, 5, : 4, 1, 2, 2, 3, 1, 1, 3, 5, 
99: 0, 0, 0, 0, 5, 0, 0, 4, 0, 0, 3, 1, 3, 2, 0, 2, 0, 3, 0, 0, : 5, 4, 3, 1, 3, 2, 2, 3, 
90: 0, 0, 2, 0, 3, 0, 0, 1, 0, 0, 3, 0, 8, 5, 0, 0, 0, 2, 0, 0, : 2, 3, 1, 3, 8, 5, 2, 
228: 53, 3, 0, 0, 3, 0, 0, 5, 5, 0, 2, 0, 2, 2, 0, 0, 0, 4, 51, 0, : 53, 3, 3, 5, 5, 2, 2, 2, 4, 51, 
191: 0, 0, 0, 0, 3, 0, 0, 2, 0, 0, 5, 0, 3, 4, 0, 0, 0, 3, 0, 0, : 3, 2, 5, 3, 4, 3, 


