
20
100
60
5

36: 1, 1, 0, 5, 0, 0, 4, 1, 55, 5, 5, 0, 0, 0, 4, 4, 0, 0, 5, 0, : 1, 1, 5, 4, 1, 55, 5, 5, 4, 4, 5, 
93: 0, 4, 0, 0, 0, 0, 2, 0, 0, 3, 5, 0, 0, 0, 1, 0, 0, 0, 1, 0, : 4, 2, 3, 5, 1, 1, 
47: 0, 4, 0, 5, 0, 3, 3, 0, 0, 5, 4, 2, 0, 0, 5, 2, 0, 2, 0, 0, : 4, 5, 3, 3, 5, 4, 2, 5, 2, 2, 
72: 0, 2, 0, 0, 0, 0, 5, 0, 0, 1, 2, 2, 0, 0, 0, 1, 0, 0, 0, 0, : 2, 5, 1, 2, 2, 1, 
88: 0, 5, 0, 3, 1, 2, 6, 0, 0, 5, 4, 0, 0, 0, 5, 5, 0, 1, 0, 0, : 5, 3, 1, 2, 6, 5, 4, 5, 5, 1, 
80: 50, 3, 0, 4, 0, 0, 2, 0, 0, 3, 4, 0, 55, 0, 4, 4, 0, 0, 0, 0, : 50, 3, 4, 2, 3, 4, 55, 4, 4, 
46: 0, 3, 2, 0, 0, 0, 4, 0, 0, 5, 0, 0, 0, 0, 4, 5, 0, 4, 0, 55, : 3, 2, 4, 5, 4, 5, 4, 55, 
18: 2, 1, 0, 4, 0, 54, 3, 3, 0, 4, 5, 0, 3, 0, 4, 3, 0, 0, 0, 0, : 2, 1, 4, 54, 3, 3, 4, 5, 3, 4, 3, 
100: 0, 7, 0, 4, 0, 0, 5, 0, 0, 1, 1, 51, 0, 0, 1, 1, 0, 0, 0, 0, : 7, 4, 5, 1, 1, 51, 1, 1, 
90: 0, 1, 1, 4, 0, 1, 4, 0, 4, 4, 2, 0, 0, 0, 5, 5, 0, 2, 0, 0, : 1, 1, 4, 1, 4, 4, 4, 2, 5, 5, 2, 
83: 0, 2, 0, 2, 0, 0, 2, 0, 0, 2, 3, 0, 0, 0, 3, 5, 0, 0, 0, 0, : 2, 2, 2, 2, 3, 3, 5, 
70: 0, 2, 0, 5, 55, 0, 1, 0, 1, 0, 4, 1, 0, 0, 3, 0, 0, 0, 0, 0, : 2, 5, 55, 1, 1, 4, 1, 3, 
13: 0, 3, 50, 2, 0, 0, 1, 0, 0, 0, 2, 3, 0, 0, 5, 2, 5, 50, 0, 0, : 3, 50, 2, 1, 2, 3, 5, 2, 5, 50, 
15: 0, 4, 0, 0, 4, 0, 3, 55, 0, 3, 1, 0, 0, 2, 1, 2, 0, 0, 52, 0, : 4, 4, 3, 55, 3, 1, 2, 1, 2, 52, 
30: 0, 2, 1, 4, 0, 0, 3, 0, 0, 3, 0, 0, 0, 0, 2, 5, 0, 0, 0, 0, : 2, 1, 4, 3, 3, 2, 5, 
33: 2, 1, 0, 4, 0, 0, 4, 1, 0, 0, 4, 0, 0, 0, 3, 3, 2, 0, 0, 0, : 2, 1, 4, 4, 1, 4, 3, 3, 2, 
78: 0, 4, 0, 2, 0, 0, 3, 0, 0, 5, 5, 0, 0, 5, 2, 3, 52, 0, 0, 0, : 4, 2, 3, 5, 5, 5, 2, 3, 52, 
97: 1, 2, 3, 5, 0, 0, 1, 0, 0, 5, 0, 0, 2, 0, 2, 4, 1, 0, 0, 0, : 1, 2, 3, 5, 1, 5, 2, 2, 4, 1, 
60: 0, 4, 3, 4, 0, 0, 2, 0, 0, 1, 5, 0, 0, 0, 5, 2, 0, 0, 2, 5, : 4, 3, 4, 2, 1, 5, 5, 2, 2, 5, 
34: 4, 5, 0, 3, 0, 0, 2, 0, 0, 5, 4, 1, 0, 53, 1, 4, 0, 1, 0, 0, : 4, 5, 3, 2, 5, 4, 1, 53, 1, 4, 1, 


10: 0, 1, 0, 1, 0, 0, 2, 0, 54, 0, 0, 0, 4, 1, 1, 0, 0, 0, 0, 3, : 1, 1, 2, 54, 4, 1, 1, 3, 
32: 0, 0, 0, 0, 0, 0, 5, 0, 0, 0, 0, 4, 5, 0, 0, 0, 4, 0, 0, 52, : 5, 4, 5, 4, 52, 
79: 0, 0, 0, 1, 0, 0, 2, 0, 0, 52, 0, 0, 4, 0, 0, 0, 0, 2, 0, 0, : 1, 2, 52, 4, 2, 
44: 0, 0, 0, 0, 0, 52, 4, 0, 0, 0, 0, 0, 3, 3, 0, 55, 54, 2, 0, 0, : 52, 4, 3, 3, 55, 54, 2, 
17: 0, 0, 0, 0, 1, 0, 4, 0, 1, 0, 5, 0, 2, 0, 0, 0, 0, 52, 55, 0, : 1, 4, 1, 5, 2, 52, 55, 
62: 0, 0, 0, 0, 0, 0, 2, 0, 0, 3, 0, 0, 2, 0, 0, 0, 0, 0, 0, 0, : 2, 3, 2, 
99: 0, 0, 0, 0, 2, 0, 2, 0, 0, 0, 0, 0, 2, 55, 0, 4, 0, 0, 2, 0, : 2, 2, 2, 55, 4, 2, 
27: 0, 0, 0, 1, 0, 0, 2, 0, 0, 1, 0, 1, 1, 0, 1, 1, 0, 0, 0, 0, : 1, 2, 1, 1, 1, 1, 1, 
73: 0, 0, 0, 50, 0, 0, 2, 0, 0, 0, 4, 0, 5, 0, 4, 0, 0, 0, 0, 3, : 50, 2, 4, 5, 4, 3, 
22: 5, 0, 0, 0, 0, 0, 1, 0, 0, 0, 51, 0, 2, 0, 0, 0, 0, 0, 0, 0, : 5, 1, 51, 2, 
49: 1, 0, 0, 3, 0, 0, 4, 0, 0, 0, 0, 0, 3, 0, 0, 0, 0, 0, 0, 0, : 1, 3, 4, 3, 
85: 0, 0, 0, 1, 0, 0, 3, 0, 0, 1, 0, 0, 2, 0, 3, 0, 0, 0, 0, 0, : 1, 3, 1, 2, 3, 
96: 0, 0, 0, 0, 0, 3, 2, 1, 4, 0, 0, 0, 5, 1, 51, 0, 1, 0, 2, 0, : 3, 2, 1, 4, 5, 1, 51, 1, 2, 
61: 54, 54, 55, 0, 0, 0, 3, 54, 0, 0, 0, 0, 6, 0, 0, 0, 0, 0, 0, 0, : 54, 54, 55, 3, 54, 6, 
4: 0, 5, 5, 0, 1, 0, 5, 1, 0, 0, 0, 0, 1, 0, 0, 0, 0, 0, 0, 0, : 5, 5, 1, 5, 1, 1, 
86: 0, 0, 0, 1, 55, 5, 2, 0, 0, 0, 0, 0, 4, 0, 0, 0, 0, 0, 0, 1, : 1, 55, 5, 2, 4, 1, 
56: 0, 0, 0, 2, 0, 0, 3, 0, 1, 3, 0, 0, 5, 0, 0, 0, 1, 0, 1, 1, : 2, 3, 1, 3, 5, 1, 1, 1, 
12: 0, 0, 0, 0, 0, 0, 4, 0, 0, 0, 0, 55, 1, 0, 0, 0, 0, 4, 0, 0, : 4, 55, 1, 4, 
82: 0, 0, 0, 0, 0, 0, 1, 4, 0, 0, 0, 0, 1, 0, 0, 0, 0, 0, 0, 0, : 1, 4, 1, 
71: 0, 0, 0, 0, 1, 0, 7, 0, 0, 0, 0, 0, 2, 0, 0, 0, 0, 0, 0, 0, : 1, 7, 2, 


87: 0, 0, 1, 0, 1, 3, 0, 5, 0, 0, 0, 0, 0, 0, 0, 0, 1, 0, 0, 50, : 1, 1, 3, 5, 1, 50, 
24: 0, 0, 1, 3, 9, 0, 0, 2, 0, 0, 1, 0, 5, 0, 0, 1, 3, 0, 0, 0, : 1, 3, 9, 2, 1, 5, 1, 3, 
53: 0, 0, 3, 53, 5, 5, 0, 1, 52, 1, 0, 0, 0, 0, 0, 0, 54, 1, 55, 4, : 3, 53, 5, 5, 1, 52, 1, 54, 1, 55, 4, 
75: 0, 0, 1, 0, 5, 5, 0, 2, 0, 4, 0, 1, 0, 0, 0, 54, 0, 1, 0, 0, : 1, 5, 5, 2, 4, 1, 54, 1, 
39: 0, 0, 1, 0, 1, 5, 0, 5, 0, 0, 0, 0, 0, 1, 54, 0, 0, 0, 0, 0, : 1, 1, 5, 5, 1, 54, 
92: 0, 1, 3, 3, 2, 0, 0, 3, 0, 0, 0, 0, 0, 1, 0, 0, 0, 4, 0, 0, : 1, 3, 3, 2, 3, 1, 4, 
51: 0, 0, 4, 0, 1, 5, 0, 1, 0, 1, 0, 0, 0, 0, 0, 2, 0, 0, 0, 0, : 4, 1, 5, 1, 1, 2, 
26: 1, 0, 1, 0, 4, 2, 2, 1, 0, 0, 51, 0, 51, 0, 0, 1, 0, 3, 0, 0, : 1, 1, 4, 2, 2, 1, 51, 51, 1, 3, 
67: 52, 0, 3, 0, 4, 2, 0, 5, 0, 0, 1, 0, 0, 0, 0, 0, 0, 0, 0, 0, : 52, 3, 4, 2, 5, 1, 
43: 0, 0, 3, 0, 2, 2, 0, 4, 0, 0, 2, 0, 0, 0, 0, 0, 0, 0, 0, 0, : 3, 2, 2, 4, 2, 
58: 1, 0, 2, 0, 2, 0, 0, 2, 5, 0, 0, 0, 0, 3, 0, 0, 0, 0, 0, 0, : 1, 2, 2, 2, 5, 3, 
45: 1, 1, 4, 0, 5, 3, 5, 4, 0, 0, 0, 0, 0, 0, 0, 0, 0, 0, 2, 0, : 1, 1, 4, 5, 3, 5, 4, 2, 
11: 0, 0, 5, 0, 5, 0, 0, 4, 0, 0, 5, 53, 0, 0, 2, 0, 0, 0, 1, 0, : 5, 5, 4, 5, 53, 2, 1, 
37: 0, 3, 1, 0, 1, 3, 0, 4, 0, 0, 0, 1, 0, 0, 0, 0, 0, 0, 0, 0, : 3, 1, 1, 3, 4, 1, 
55: 5, 3, 5, 0, 3, 4, 0, 3, 0, 0, 0, 0, 0, 0, 0, 0, 0, 0, 2, 0, : 5, 3, 5, 3, 4, 3, 2, 
19: 0, 51, 4, 0, 3, 4, 0, 2, 0, 2, 0, 0, 0, 52, 3, 0, 0, 0, 0, 0, : 51, 4, 3, 4, 2, 2, 52, 3, 
1: 0, 0, 7, 0, 1, 4, 53, 4, 0, 1, 0, 5, 3, 0, 1, 0, 0, 0, 0, 2, : 7, 1, 4, 53, 4, 1, 5, 3, 1, 2, 
64: 0, 0, 5, 1, 1, 4, 0, 4, 0, 0, 0, 0, 0, 1, 0, 0, 0, 1, 0, 2, : 5, 1, 1, 4, 4, 1, 1, 2, 
6: 0, 0, 3, 0, 4, 5, 0, 2, 3, 0, 0, 0, 1, 2, 0, 2, 0, 0, 0, 1, : 3, 4, 5, 2, 3, 1, 2, 2, 1, 
94: 0, 1, 3, 0, 1, 4, 0, 2, 0, 51, 0, 0, 0, 0, 0, 0, 2, 50, 0, 1, : 1, 3, 1, 4, 2, 51, 2, 50, 1, 


31: 0, 0, 0, 0, 5, 0, 2, 5, 2, 0, 0, 1, 0, 0, 1, 5, 2, 0, 0, 0, : 5, 2, 5, 2, 1, 1, 5, 2, 
3: 0, 1, 0, 1, 3, 0, 2, 0, 4, 0, 0, 1, 2, 0, 4, 0, 2, 0, 5, 0, : 1, 1, 3, 2, 4, 1, 2, 4, 2, 5, 
66: 0, 0, 0, 1, 2, 0, 5, 5, 3, 0, 0, 2, 2, 0, 2, 0, 2, 0, 0, 2, : 1, 2, 5, 5, 3, 2, 2, 2, 2, 2, 
89: 0, 0, 1, 55, 3, 0, 2, 4, 5, 0, 0, 1, 0, 53, 1, 0, 2, 0, 2, 0, : 1, 55, 3, 2, 4, 5, 1, 53, 1, 2, 2, 
42: 0, 0, 0, 0, 3, 0, 5, 5, 5, 0, 0, 6, 2, 2, 4, 0, 2, 0, 0, 1, : 3, 5, 5, 5, 6, 2, 2, 4, 2, 1, 
50: 0, 0, 0, 0, 4, 52, 5, 0, 1, 0, 0, 5, 51, 0, 4, 0, 5, 0, 0, 0, : 4, 52, 5, 1, 5, 51, 4, 5, 
65: 2, 0, 0, 0, 2, 1, 4, 2, 2, 0, 0, 2, 0, 0, 2, 0, 4, 1, 0, 4, : 2, 2, 1, 4, 2, 2, 2, 2, 4, 1, 4, 
2: 0, 5, 0, 0, 4, 0, 3, 5, 2, 3, 50, 3, 0, 0, 3, 0, 4, 55, 0, 0, : 5, 4, 3, 5, 2, 3, 50, 3, 3, 4, 55, 
28: 0, 50, 0, 0, 3, 5, 4, 5, 4, 1, 0, 1, 0, 3, 6, 0, 4, 0, 0, 1, : 50, 3, 5, 4, 5, 4, 1, 1, 3, 6, 4, 1, 
23: 52, 0, 0, 3, 1, 0, 1, 2, 5, 0, 3, 6, 0, 0, 3, 0, 1, 0, 0, 0, : 52, 3, 1, 1, 2, 5, 3, 6, 3, 1, 
14: 0, 0, 0, 0, 4, 2, 3, 4, 5, 0, 4, 4, 0, 2, 1, 0, 1, 0, 0, 0, : 4, 2, 3, 4, 5, 4, 4, 2, 1, 1, 
8: 0, 0, 55, 0, 5, 0, 2, 4, 5, 0, 0, 3, 0, 0, 2, 0, 5, 0, 0, 0, : 55, 5, 2, 4, 5, 3, 2, 5, 
20: 0, 0, 0, 0, 1, 0, 3, 3, 0, 51, 0, 2, 0, 0, 4, 0, 1, 0, 0, 0, : 1, 3, 3, 51, 2, 4, 1, 
57: 0, 0, 0, 0, 1, 0, 4, 1, 2, 1, 3, 3, 0, 0, 3, 1, 2, 2, 0, 0, : 1, 4, 1, 2, 1, 3, 3, 3, 1, 2, 2, 
35: 1, 0, 0, 0, 3, 0, 4, 0, 3, 0, 0, 1, 0, 0, 1, 0, 3, 1, 0, 1, : 1, 3, 4, 3, 1, 1, 3, 1, 1, 
74: 0, 4, 0, 0, 4, 0, 3, 4, 5, 3, 0, 5, 0, 0, 3, 0, 3, 0, 0, 0, : 4, 4, 3, 4, 5, 3, 5, 3, 3, 
77: 5, 0, 0, 0, 4, 0, 1, 5, 4, 0, 0, 4, 2, 0, 5, 52, 5, 0, 0, 51, : 5, 4, 1, 5, 4, 4, 2, 5, 52, 5, 51, 
41: 0, 0, 1, 0, 3, 0, 1, 1, 0, 0, 0, 5, 0, 0, 5, 0, 3, 0, 0, 0, : 1, 3, 1, 1, 5, 5, 3, 
25: 0, 0, 0, 0, 1, 0, 4, 4, 1, 0, 0, 4, 0, 0, 2, 0, 5, 1, 0, 0, : 1, 4, 4, 1, 4, 2, 5, 1, 
5: 0, 0, 3, 0, 4, 0, 2, 1, 2, 1, 0, 1, 1, 0, 4, 2, 4, 0, 53, 0, : 3, 4, 2, 1, 2, 1, 1, 1, 4, 2, 4, 53, 


21: 0, 5, 3, 0, 0, 0, 0, 0, 1, 0, 0, 0, 0, 0, 0, 0, 3, 1, 0, 2, : 5, 3, 1, 3, 1, 2, 
63: 0, 3, 2, 0, 0, 0, 0, 0, 0, 0, 0, 0, 0, 0, 0, 54, 3, 0, 53, 0, : 3, 2, 54, 3, 53, 
38: 1, 2, 2, 52, 0, 54, 0, 1, 0, 0, 0, 51, 0, 0, 55, 0, 4, 0, 0, 0, : 1, 2, 2, 52, 54, 1, 51, 55, 4, 
40: 0, 4, 2, 0, 0, 0, 0, 0, 0, 0, 0, 3, 52, 0, 0, 0, 5, 0, 5, 0, : 4, 2, 3, 52, 5, 5, 
68: 0, 1, 4, 0, 0, 0, 0, 0, 0, 0, 0, 0, 3, 5, 0, 0, 3, 0, 0, 0, : 1, 4, 3, 5, 3, 
76: 0, 4, 3, 0, 0, 0, 0, 3, 0, 51, 0, 4, 0, 3, 0, 1, 2, 0, 0, 0, : 4, 3, 3, 51, 4, 3, 1, 2, 
98: 1, 1, 3, 0, 0, 0, 0, 0, 55, 0, 5, 0, 0, 0, 0, 0, 1, 0, 0, 0, : 1, 1, 3, 55, 5, 1, 
16: 55, 4, 2, 0, 3, 0, 0, 0, 2, 0, 0, 1, 2, 0, 1, 0, 2, 0, 0, 0, : 55, 4, 2, 3, 2, 1, 2, 1, 2, 
59: 0, 5, 5, 0, 1, 1, 1, 0, 0, 0, 0, 0, 0, 2, 0, 0, 2, 2, 0, 0, : 5, 5, 1, 1, 1, 2, 2, 2, 
84: 2, 2, 4, 4, 0, 0, 0, 0, 0, 0, 3, 0, 0, 0, 0, 0, 1, 0, 0, 0, : 2, 2, 4, 4, 3, 1, 
9: 0, 4, 2, 0, 0, 0, 0, 0, 0, 2, 0, 0, 0, 50, 0, 0, 5, 0, 0, 0, : 4, 2, 2, 50, 5, 
54: 0, 1, 5, 0, 0, 0, 0, 0, 0, 0, 1, 0, 0, 0, 0, 0, 1, 50, 0, 0, : 1, 5, 1, 1, 50, 
95: 0, 3, 4, 0, 0, 0, 0, 0, 0, 0, 0, 0, 0, 0, 0, 0, 5, 0, 0, 0, : 3, 4, 5, 
81: 0, 1, 5, 0, 0, 0, 0, 2, 0, 0, 0, 0, 0, 0, 0, 0, 3, 0, 0, 0, : 1, 5, 2, 3, 
7: 0, 6, 4, 4, 1, 5, 0, 0, 0, 0, 0, 0, 3, 0, 0, 0, 3, 4, 0, 0, : 6, 4, 4, 1, 5, 3, 3, 4, 
52: 1, 3, 4, 0, 0, 0, 53, 1, 0, 0, 51, 0, 0, 0, 0, 0, 4, 0, 0, 3, : 1, 3, 4, 53, 1, 51, 4, 3, 
48: 0, 2, 1, 0, 0, 0, 0, 53, 0, 4, 0, 1, 0, 0, 4, 2, 4, 0, 0, 1, : 2, 1, 53, 4, 1, 4, 2, 4, 1, 
69: 0, 2, 4, 0, 0, 0, 1, 0, 0, 0, 0, 0, 0, 0, 0, 0, 2, 3, 0, 0, : 2, 4, 1, 2, 3, 
91: 0, 3, 0, 0, 55, 0, 0, 0, 2, 3, 0, 0, 0, 0, 0, 0, 2, 0, 2, 0, : 3, 55, 2, 3, 2, 2, 
29: 0, 4, 1, 0, 0, 0, 5, 0, 0, 0, 0, 0, 0, 0, 0, 3, 5, 0, 0, 54, : 4, 1, 5, 3, 5, 54, 


