
20
300
80
15

265: 2, 0, 0, 0, 0, 2, 0, 0, 0, 0, 0, 0, 9, 3, 9, 0, 1, 0, 0, 1, : 2, 2, 9, 3, 9, 1, 1, 
97: 4, 0, 0, 0, 3, 0, 3, 5, 1, 0, 0, 2, 7, 6, 0, 0, 0, 0, 5, 0, : 4, 3, 3, 5, 1, 2, 7, 6, 5, 
187: 68, 0, 3, 0, 0, 0, 10, 9, 0, 0, 0, 9, 6, 1, 0, 0, 0, 0, 1, 0, : 68, 3, 10, 9, 9, 6, 1, 1, 
162: 0, 0, 0, 0, 65, 0, 1, 3, 0, 0, 5, 5, 7, 4, 0, 5, 7, 0, 0, 0, : 65, 1, 3, 5, 5, 7, 4, 5, 7, 
248: 0, 0, 0, 2, 0, 0, 6, 2, 0, 1, 0, 7, 3, 7, 1, 0, 5, 0, 0, 8, : 2, 6, 2, 1, 7, 3, 7, 1, 5, 8, 
151: 0, 0, 0, 0, 0, 0, 0, 0, 0, 68, 0, 1, 5, 3, 0, 0, 8, 0, 0, 60, : 68, 1, 5, 3, 8, 60, 
100: 0, 0, 0, 0, 0, 0, 0, 0, 0, 0, 6, 5, 0, 2, 7, 0, 2, 0, 4, 0, : 6, 5, 2, 7, 2, 4, 
106: 0, 60, 4, 2, 4, 0, 0, 10, 0, 0, 68, 1, 6, 5, 1, 0, 8, 0, 0, 0, : 60, 4, 2, 4, 10, 68, 1, 6, 5, 1, 8, 
105: 0, 0, 0, 0, 0, 0, 9, 1, 0, 0, 0, 1, 3, 2, 0, 0, 9, 0, 0, 2, : 9, 1, 1, 3, 2, 9, 2, 
92: 0, 0, 0, 0, 7, 0, 1, 9, 0, 0, 0, 3, 2, 10, 0, 63, 2, 1, 0, 0, : 7, 1, 9, 3, 2, 10, 63, 2, 1, 
78: 0, 0, 0, 0, 0, 0, 9, 0, 0, 0, 0, 8, 3, 7, 61, 0, 3, 0, 0, 0, : 9, 8, 3, 7, 61, 3, 
218: 0, 10, 61, 0, 0, 0, 0, 10, 9, 0, 0, 1, 0, 2, 0, 0, 0, 0, 67, 0, : 10, 61, 10, 9, 1, 2, 67, 
297: 0, 0, 0, 0, 0, 10, 3, 8, 0, 0, 0, 8, 0, 3, 1, 1, 1, 0, 0, 0, : 10, 3, 8, 8, 3, 1, 1, 1, 
148: 0, 0, 4, 7, 0, 0, 10, 5, 0, 0, 1, 7, 0, 4, 0, 0, 8, 9, 1, 0, : 4, 7, 10, 5, 1, 7, 4, 8, 9, 1, 
195: 0, 10, 0, 0, 0, 0, 5, 1, 0, 5, 0, 2, 8, 5, 0, 1, 3, 0, 2, 7, : 10, 5, 1, 5, 2, 8, 5, 1, 3, 2, 7, 
42: 0, 0, 0, 0, 0, 64, 0, 2, 0, 2, 0, 7, 3, 3, 0, 4, 0, 0, 0, 0, : 64, 2, 2, 7, 3, 3, 4, 
227: 6, 0, 0, 0, 0, 0, 2, 1, 0, 0, 0, 2, 0, 9, 0, 0, 9, 4, 0, 0, : 6, 2, 1, 2, 9, 9, 4, 
292: 0, 0, 0, 0, 1, 4, 9, 1, 0, 1, 0, 7, 1, 0, 0, 0, 3, 0, 0, 2, : 1, 4, 9, 1, 1, 7, 1, 3, 2, 
271: 0, 0, 8, 0, 0, 0, 10, 6, 70, 0, 0, 4, 7, 3, 0, 0, 5, 0, 0, 0, : 8, 10, 6, 70, 4, 7, 3, 5, 
16: 0, 0, 0, 69, 0, 0, 2, 7, 0, 3, 0, 0, 10, 1, 0, 6, 6, 66, 0, 0, : 69, 2, 7, 3, 10, 1, 6, 6, 66, 


262: 1, 0, 6, 0, 0, 5, 8, 0, 0, 9, 10, 0, 4, 9, 0, 0, 5, 6, 3, 5, : 1, 6, 5, 8, 9, 10, 4, 9, 5, 6, 3, 5, 
12: 0, 0, 2, 5, 0, 0, 0, 0, 66, 10, 8, 1, 5, 0, 0, 0, 0, 62, 0, 3, : 2, 5, 66, 10, 8, 1, 5, 62, 3, 
203: 0, 0, 6, 2, 1, 0, 0, 0, 0, 0, 1, 0, 2, 10, 0, 0, 0, 0, 5, 5, : 6, 2, 1, 1, 2, 10, 5, 5, 
288: 0, 0, 7, 4, 0, 8, 64, 0, 0, 4, 0, 0, 7, 0, 1, 66, 0, 8, 0, 10, : 7, 4, 8, 64, 4, 7, 1, 66, 8, 10, 
243: 69, 0, 7, 4, 0, 0, 0, 0, 0, 3, 2, 0, 0, 10, 5, 0, 0, 0, 0, 0, : 69, 7, 4, 3, 2, 10, 5, 
206: 0, 0, 8, 0, 0, 1, 7, 1, 0, 3, 9, 2, 3, 5, 0, 10, 0, 0, 0, 8, : 8, 1, 7, 1, 3, 9, 2, 3, 5, 10, 8, 
188: 3, 0, 3, 7, 5, 0, 0, 6, 0, 0, 1, 4, 2, 3, 0, 0, 0, 3, 0, 7, : 3, 3, 7, 5, 6, 1, 4, 2, 3, 3, 7, 
79: 0, 0, 8, 7, 64, 0, 1, 66, 8, 0, 4, 0, 9, 2, 0, 0, 0, 0, 0, 0, : 8, 7, 64, 1, 66, 8, 4, 9, 2, 
173: 0, 8, 6, 0, 0, 0, 0, 2, 0, 0, 6, 0, 0, 8, 0, 0, 0, 0, 1, 3, : 8, 6, 2, 6, 8, 1, 3, 
268: 0, 0, 0, 5, 0, 0, 0, 4, 0, 2, 6, 1, 0, 3, 60, 0, 0, 0, 0, 0, : 5, 4, 2, 6, 1, 3, 60, 
236: 0, 0, 1, 6, 0, 0, 0, 0, 0, 4, 1, 0, 4, 4, 0, 0, 0, 1, 0, 0, : 1, 6, 4, 1, 4, 4, 1, 
287: 0, 2, 0, 7, 1, 0, 0, 0, 0, 10, 4, 8, 0, 5, 1, 2, 0, 0, 0, 4, : 2, 7, 1, 10, 4, 8, 5, 1, 2, 4, 
44: 0, 0, 1, 9, 5, 0, 0, 0, 0, 5, 2, 63, 5, 0, 0, 1, 69, 0, 69, 8, : 1, 9, 5, 5, 2, 63, 5, 1, 69, 69, 8, 
101: 0, 0, 1, 1, 0, 6, 0, 0, 0, 3, 0, 0, 8, 3, 0, 0, 0, 0, 2, 7, : 1, 1, 6, 3, 8, 3, 2, 7, 
283: 0, 0, 2, 7, 0, 0, 0, 0, 0, 2, 10, 0, 4, 2, 0, 0, 0, 0, 0, 8, : 2, 7, 2, 10, 4, 2, 8, 
289: 0, 0, 4, 0, 0, 0, 0, 0, 0, 10, 3, 0, 7, 1, 6, 0, 4, 0, 0, 0, : 4, 10, 3, 7, 1, 6, 4, 
56: 0, 0, 8, 9, 2, 60, 0, 1, 0, 5, 0, 0, 2, 0, 0, 0, 0, 0, 0, 0, : 8, 9, 2, 60, 1, 5, 2, 
35: 0, 0, 5, 0, 0, 0, 0, 0, 0, 2, 6, 1, 8, 10, 0, 1, 2, 0, 0, 3, : 5, 2, 6, 1, 8, 10, 1, 2, 3, 
8: 7, 0, 1, 7, 2, 0, 0, 0, 6, 7, 0, 0, 8, 2, 3, 0, 0, 0, 0, 0, : 7, 1, 7, 2, 6, 7, 8, 2, 3, 
253: 0, 70, 4, 0, 0, 0, 0, 0, 0, 1, 7, 0, 2, 3, 4, 0, 0, 0, 0, 9, : 70, 4, 1, 7, 2, 3, 4, 9, 


45: 4, 1, 5, 0, 0, 4, 0, 61, 0, 4, 0, 4, 0, 1, 7, 0, 0, 0, 3, 0, : 4, 1, 5, 4, 61, 4, 4, 1, 7, 3, 
13: 5, 5, 0, 0, 0, 2, 0, 0, 7, 5, 0, 0, 67, 10, 0, 0, 0, 0, 4, 0, : 5, 5, 2, 7, 5, 67, 10, 4, 
183: 0, 9, 2, 0, 64, 0, 5, 0, 6, 9, 0, 0, 0, 3, 0, 0, 4, 60, 2, 4, : 9, 2, 64, 5, 6, 9, 3, 4, 60, 2, 4, 
272: 1, 0, 0, 0, 4, 0, 0, 0, 0, 7, 5, 0, 0, 2, 4, 0, 0, 0, 3, 10, : 1, 4, 7, 5, 2, 4, 3, 10, 
145: 1, 8, 0, 0, 0, 10, 0, 0, 3, 0, 3, 0, 0, 9, 6, 0, 0, 0, 3, 7, : 1, 8, 10, 3, 3, 9, 6, 3, 7, 
102: 1, 0, 2, 0, 1, 8, 1, 0, 0, 5, 6, 0, 0, 2, 0, 0, 0, 5, 4, 6, : 1, 2, 1, 8, 1, 5, 6, 2, 5, 4, 6, 
224: 5, 10, 5, 0, 0, 7, 0, 0, 10, 0, 0, 0, 3, 4, 1, 61, 0, 0, 5, 6, : 5, 10, 5, 7, 10, 3, 4, 1, 61, 5, 6, 
144: 2, 0, 1, 0, 0, 10, 0, 9, 3, 2, 64, 62, 0, 0, 6, 0, 0, 0, 3, 4, : 2, 1, 10, 9, 3, 2, 64, 62, 6, 3, 4, 
205: 6, 0, 9, 0, 0, 0, 0, 0, 0, 4, 0, 0, 0, 5, 5, 0, 0, 0, 2, 0, : 6, 9, 4, 5, 5, 2, 
85: 10, 0, 4, 0, 0, 1, 0, 0, 7, 0, 0, 0, 2, 0, 3, 0, 0, 0, 0, 10, : 10, 4, 1, 7, 2, 3, 10, 
247: 0, 8, 2, 5, 8, 1, 0, 0, 0, 0, 2, 0, 0, 2, 10, 9, 2, 1, 1, 6, : 8, 2, 5, 8, 1, 2, 2, 10, 9, 2, 1, 1, 6, 
95: 7, 1, 1, 0, 0, 0, 0, 0, 10, 0, 0, 0, 0, 10, 2, 0, 1, 4, 0, 10, : 7, 1, 1, 10, 10, 2, 1, 4, 10, 
199: 7, 0, 5, 0, 0, 10, 7, 10, 4, 4, 0, 0, 0, 0, 5, 0, 5, 0, 3, 1, : 7, 5, 10, 7, 10, 4, 4, 5, 5, 3, 1, 
275: 10, 9, 9, 67, 0, 2, 0, 0, 1, 8, 0, 0, 0, 8, 8, 1, 0, 0, 3, 2, : 10, 9, 9, 67, 2, 1, 8, 8, 8, 1, 3, 2, 
37: 2, 4, 9, 7, 0, 1, 0, 0, 9, 4, 0, 0, 0, 1, 5, 9, 2, 4, 3, 2, : 2, 4, 9, 7, 1, 9, 4, 1, 5, 9, 2, 4, 3, 2, 
189: 3, 9, 7, 0, 2, 4, 65, 0, 1, 9, 0, 0, 6, 4, 3, 0, 0, 3, 4, 0, : 3, 9, 7, 2, 4, 65, 1, 9, 6, 4, 3, 3, 4, 
138: 2, 7, 9, 0, 0, 9, 0, 0, 5, 8, 0, 4, 0, 1, 1, 0, 0, 0, 10, 2, : 2, 7, 9, 9, 5, 8, 4, 1, 1, 10, 2, 
296: 1, 5, 5, 0, 1, 4, 0, 0, 5, 0, 0, 0, 0, 9, 4, 0, 0, 0, 8, 1, : 1, 5, 5, 1, 4, 5, 9, 4, 8, 1, 
52: 7, 4, 4, 1, 0, 1, 2, 0, 0, 1, 0, 0, 2, 8, 5, 0, 66, 0, 9, 1, : 7, 4, 4, 1, 1, 2, 1, 2, 8, 5, 66, 9, 1, 
50: 6, 0, 1, 0, 0, 6, 0, 0, 9, 10, 0, 10, 0, 1, 5, 0, 0, 3, 10, 8, : 6, 1, 6, 9, 10, 10, 1, 5, 3, 10, 8, 


208: 0, 0, 0, 5, 8, 3, 0, 0, 0, 4, 1, 1, 0, 0, 3, 0, 8, 6, 4, 0, : 5, 8, 3, 4, 1, 1, 3, 8, 6, 4, 
126: 4, 0, 0, 0, 8, 5, 0, 0, 0, 8, 4, 0, 9, 0, 0, 0, 0, 4, 0, 0, : 4, 8, 5, 8, 4, 9, 4, 
237: 6, 6, 0, 0, 2, 6, 0, 70, 0, 10, 7, 0, 0, 0, 3, 63, 2, 0, 6, 0, : 6, 6, 2, 6, 70, 10, 7, 3, 63, 2, 6, 
157: 0, 0, 5, 0, 3, 4, 3, 0, 0, 0, 6, 0, 3, 4, 3, 4, 0, 8, 0, 0, : 5, 3, 4, 3, 6, 3, 4, 3, 4, 8, 
257: 5, 2, 5, 0, 3, 6, 2, 1, 0, 3, 0, 0, 7, 0, 0, 0, 0, 8, 0, 0, : 5, 2, 5, 3, 6, 2, 1, 3, 7, 8, 
112: 7, 0, 10, 0, 5, 10, 64, 0, 0, 5, 5, 0, 6, 0, 0, 0, 0, 9, 0, 0, : 7, 10, 5, 10, 64, 5, 5, 6, 9, 
55: 7, 0, 3, 0, 0, 9, 0, 0, 0, 0, 4, 0, 7, 0, 7, 0, 0, 2, 0, 0, : 7, 3, 9, 4, 7, 7, 2, 
74: 0, 63, 10, 0, 10, 3, 0, 0, 0, 0, 10, 4, 10, 0, 2, 0, 0, 2, 7, 8, : 63, 10, 10, 3, 10, 4, 10, 2, 2, 7, 8, 
219: 3, 0, 0, 0, 5, 2, 0, 4, 3, 10, 7, 0, 6, 65, 0, 1, 0, 6, 60, 0, : 3, 5, 2, 4, 3, 10, 7, 6, 65, 1, 6, 60, 
286: 6, 0, 7, 3, 0, 2, 0, 0, 0, 7, 0, 1, 2, 0, 4, 4, 0, 0, 0, 0, : 6, 7, 3, 2, 7, 1, 2, 4, 4, 
220: 1, 0, 0, 0, 0, 0, 0, 5, 0, 2, 8, 0, 1, 8, 8, 0, 0, 8, 2, 0, : 1, 5, 2, 8, 1, 8, 8, 8, 2, 
1: 7, 6, 0, 0, 3, 10, 0, 0, 5, 5, 2, 0, 0, 0, 10, 0, 0, 4, 0, 0, : 7, 6, 3, 10, 5, 5, 2, 10, 4, 
161: 6, 0, 2, 69, 6, 1, 0, 0, 0, 0, 9, 0, 7, 0, 0, 1, 0, 4, 0, 0, : 6, 2, 69, 6, 1, 9, 7, 1, 4, 
33: 0, 3, 10, 0, 6, 5, 0, 0, 0, 0, 3, 4, 4, 2, 6, 0, 66, 4, 0, 0, : 3, 10, 6, 5, 3, 4, 4, 2, 6, 66, 4, 
159: 6, 0, 10, 0, 8, 1, 0, 0, 5, 1, 0, 0, 0, 0, 10, 7, 3, 4, 1, 0, : 6, 10, 8, 1, 5, 1, 10, 7, 3, 4, 1, 
251: 1, 0, 5, 0, 8, 2, 1, 0, 0, 6, 0, 60, 4, 0, 0, 0, 0, 0, 0, 67, : 1, 5, 8, 2, 1, 6, 60, 4, 67, 
63: 5, 0, 9, 3, 0, 1, 0, 0, 5, 9, 8, 10, 5, 1, 1, 0, 1, 2, 0, 0, : 5, 9, 3, 1, 5, 9, 8, 10, 5, 1, 1, 1, 2, 
109: 1, 0, 0, 0, 2, 6, 6, 0, 0, 10, 0, 0, 1, 0, 9, 0, 0, 1, 0, 5, : 1, 2, 6, 6, 10, 1, 9, 1, 5, 
54: 10, 0, 0, 0, 1, 0, 0, 0, 0, 0, 2, 0, 8, 0, 8, 0, 0, 1, 0, 0, : 10, 1, 2, 8, 8, 1, 
282: 5, 0, 4, 0, 2, 4, 4, 0, 62, 0, 4, 0, 0, 0, 6, 0, 0, 7, 0, 0, : 5, 4, 2, 4, 4, 62, 4, 6, 7, 


299: 0, 0, 0, 0, 0, 0, 5, 3, 10, 0, 0, 8, 9, 0, 8, 2, 0, 0, 5, 0, : 5, 3, 10, 8, 9, 8, 2, 5, 
198: 0, 0, 0, 1, 7, 0, 2, 7, 8, 0, 7, 0, 6, 6, 10, 5, 0, 61, 1, 5, : 1, 7, 2, 7, 8, 7, 6, 6, 10, 5, 61, 1, 5, 
167: 0, 0, 3, 0, 7, 0, 7, 2, 0, 0, 3, 7, 1, 70, 1, 7, 0, 0, 1, 0, : 3, 7, 7, 2, 3, 7, 1, 70, 1, 7, 1, 
214: 0, 61, 0, 0, 2, 0, 0, 2, 3, 64, 6, 1, 0, 0, 1, 9, 0, 1, 9, 0, : 61, 2, 2, 3, 64, 6, 1, 1, 9, 1, 9, 
7: 0, 0, 0, 0, 2, 0, 5, 0, 6, 0, 0, 10, 4, 0, 3, 0, 60, 0, 1, 0, : 2, 5, 6, 10, 4, 3, 60, 1, 
120: 0, 0, 4, 9, 5, 0, 9, 6, 2, 2, 1, 2, 0, 2, 2, 9, 7, 0, 1, 0, : 4, 9, 5, 9, 6, 2, 2, 1, 2, 2, 2, 9, 7, 1, 
113: 0, 0, 0, 0, 4, 0, 6, 0, 0, 0, 7, 2, 3, 0, 9, 10, 0, 0, 3, 0, : 4, 6, 7, 2, 3, 9, 10, 3, 
232: 67, 0, 0, 3, 1, 0, 4, 6, 0, 0, 0, 6, 0, 0, 7, 1, 0, 5, 3, 0, : 67, 3, 1, 4, 6, 6, 7, 1, 5, 3, 
76: 0, 0, 0, 1, 8, 0, 6, 9, 2, 0, 6, 3, 7, 0, 4, 6, 0, 0, 0, 4, : 1, 8, 6, 9, 2, 6, 3, 7, 4, 6, 4, 
249: 0, 8, 1, 0, 0, 0, 3, 9, 7, 7, 9, 10, 0, 0, 2, 3, 0, 10, 4, 63, : 8, 1, 3, 9, 7, 7, 9, 10, 2, 3, 10, 4, 63, 
204: 7, 0, 0, 0, 0, 0, 7, 10, 4, 0, 5, 3, 4, 0, 0, 6, 1, 0, 5, 8, : 7, 7, 10, 4, 5, 3, 4, 6, 1, 5, 8, 
280: 0, 0, 0, 0, 6, 2, 3, 1, 9, 0, 3, 9, 10, 0, 10, 3, 4, 0, 5, 0, : 6, 2, 3, 1, 9, 3, 9, 10, 10, 3, 4, 5, 
258: 1, 0, 0, 0, 2, 0, 0, 4, 0, 0, 1, 0, 0, 0, 3, 9, 0, 0, 6, 0, : 1, 2, 4, 1, 3, 9, 6, 
223: 0, 0, 0, 0, 10, 0, 0, 0, 0, 0, 9, 0, 1, 0, 3, 0, 0, 0, 5, 0, : 10, 9, 1, 3, 5, 
217: 0, 1, 3, 0, 2, 68, 1, 3, 8, 0, 8, 6, 5, 0, 1, 8, 1, 0, 1, 0, : 1, 3, 2, 68, 1, 3, 8, 8, 6, 5, 1, 8, 1, 1, 
212: 5, 1, 0, 0, 6, 0, 4, 0, 0, 0, 2, 0, 6, 0, 1, 0, 1, 0, 8, 0, : 5, 1, 6, 4, 2, 6, 1, 1, 8, 
23: 0, 0, 0, 62, 4, 0, 7, 4, 9, 0, 8, 1, 6, 0, 1, 1, 0, 0, 9, 0, : 62, 4, 7, 4, 9, 8, 1, 6, 1, 1, 9, 
26: 0, 9, 3, 0, 7, 0, 0, 3, 10, 0, 0, 0, 7, 2, 6, 1, 6, 0, 6, 0, : 9, 3, 7, 3, 10, 7, 2, 6, 1, 6, 6, 
186: 0, 0, 66, 2, 2, 10, 3, 2, 2, 0, 0, 3, 7, 0, 1, 0, 0, 3, 6, 0, : 66, 2, 2, 10, 3, 2, 2, 3, 7, 1, 3, 6, 
124: 0, 0, 0, 2, 5, 0, 8, 9, 0, 7, 5, 9, 4, 0, 7, 0, 0, 0, 1, 0, : 2, 5, 8, 9, 7, 5, 9, 4, 7, 1, 


196: 7, 0, 0, 0, 2, 0, 0, 0, 7, 0, 8, 8, 0, 8, 0, 1, 0, 4, 6, 3, : 7, 2, 7, 8, 8, 8, 1, 4, 6, 3, 
285: 2, 0, 6, 1, 8, 1, 8, 0, 8, 1, 1, 2, 10, 6, 67, 0, 0, 1, 0, 0, : 2, 6, 1, 8, 1, 8, 8, 1, 1, 2, 10, 6, 67, 1, 
200: 0, 0, 0, 0, 3, 0, 0, 0, 10, 1, 5, 5, 5, 9, 0, 0, 0, 1, 0, 0, : 3, 10, 1, 5, 5, 5, 9, 1, 
21: 0, 0, 0, 0, 5, 0, 60, 0, 3, 0, 7, 2, 0, 2, 2, 8, 0, 5, 2, 0, : 5, 60, 3, 7, 2, 2, 2, 8, 5, 2, 
68: 1, 0, 3, 0, 6, 0, 0, 2, 0, 0, 6, 1, 0, 2, 0, 5, 0, 2, 0, 0, : 1, 3, 6, 2, 6, 1, 2, 5, 2, 
215: 4, 0, 5, 0, 6, 0, 1, 0, 3, 70, 9, 7, 9, 0, 0, 10, 0, 6, 6, 0, : 4, 5, 6, 1, 3, 70, 9, 7, 9, 10, 6, 6, 
263: 1, 0, 0, 1, 2, 9, 0, 0, 0, 0, 6, 9, 5, 4, 0, 10, 0, 9, 8, 2, : 1, 1, 2, 9, 6, 9, 5, 4, 10, 9, 8, 2, 
128: 7, 0, 0, 0, 2, 7, 2, 0, 4, 0, 1, 4, 0, 2, 0, 2, 0, 7, 8, 0, : 7, 2, 7, 2, 4, 1, 4, 2, 2, 7, 8, 
174: 5, 2, 7, 0, 0, 0, 0, 0, 6, 0, 1, 5, 0, 2, 1, 0, 70, 2, 9, 0, : 5, 2, 7, 6, 1, 5, 2, 1, 70, 2, 9, 
77: 10, 0, 5, 0, 3, 0, 2, 3, 0, 0, 3, 2, 3, 5, 0, 10, 3, 8, 2, 3, : 10, 5, 3, 2, 3, 3, 2, 3, 5, 10, 3, 8, 2, 3, 
221: 9, 0, 8, 5, 0, 0, 0, 0, 0, 0, 6, 7, 9, 1, 0, 0, 0, 4, 5, 2, : 9, 8, 5, 6, 7, 9, 1, 4, 5, 2, 
168: 10, 0, 0, 0, 0, 0, 0, 1, 4, 0, 6, 2, 9, 5, 0, 3, 0, 0, 1, 60, : 10, 1, 4, 6, 2, 9, 5, 3, 1, 60, 
291: 0, 3, 1, 0, 10, 0, 0, 1, 0, 0, 10, 1, 6, 9, 0, 9, 0, 10, 5, 0, : 3, 1, 10, 1, 10, 1, 6, 9, 9, 10, 5, 
178: 0, 0, 4, 0, 8, 0, 0, 0, 3, 0, 3, 3, 4, 0, 0, 4, 0, 7, 0, 0, : 4, 8, 3, 3, 3, 4, 4, 7, 
245: 8, 0, 0, 0, 8, 0, 0, 0, 0, 0, 6, 5, 0, 3, 3, 1, 2, 0, 4, 1, : 8, 8, 6, 5, 3, 3, 1, 2, 4, 1, 
40: 1, 65, 7, 0, 1, 0, 0, 70, 9, 0, 0, 7, 7, 7, 3, 0, 1, 4, 6, 3, : 1, 65, 7, 1, 70, 9, 7, 7, 7, 3, 1, 4, 6, 3, 
17: 8, 4, 8, 5, 0, 63, 1, 3, 6, 0, 0, 3, 7, 2, 1, 10, 4, 0, 3, 0, : 8, 4, 8, 5, 63, 1, 3, 6, 3, 7, 2, 1, 10, 4, 3, 
191: 3, 6, 10, 0, 1, 0, 1, 0, 5, 8, 0, 2, 6, 9, 1, 0, 0, 5, 1, 0, : 3, 6, 10, 1, 1, 5, 8, 2, 6, 9, 1, 5, 1, 
4: 0, 0, 9, 0, 9, 0, 2, 0, 9, 0, 0, 3, 0, 4, 2, 2, 0, 5, 4, 0, : 9, 9, 2, 9, 3, 4, 2, 2, 5, 4, 
175: 4, 0, 7, 68, 6, 0, 3, 0, 3, 0, 2, 2, 0, 0, 0, 5, 0, 0, 10, 6, : 4, 7, 68, 6, 3, 3, 2, 2, 5, 10, 6, 


117: 4, 2, 1, 0, 8, 1, 8, 0, 10, 3, 10, 7, 10, 7, 5, 7, 4, 0, 4, 10, : 4, 2, 1, 8, 1, 8, 10, 3, 10, 7, 10, 7, 5, 7, 4, 4, 10, 
240: 0, 1, 7, 3, 0, 0, 0, 1, 0, 0, 0, 1, 3, 0, 2, 0, 9, 7, 8, 5, : 1, 7, 3, 1, 1, 3, 2, 9, 7, 8, 5, 
2: 9, 60, 1, 0, 1, 4, 10, 0, 0, 0, 0, 0, 0, 0, 1, 0, 0, 1, 2, 4, : 9, 60, 1, 1, 4, 10, 1, 1, 2, 4, 
164: 1, 0, 4, 0, 10, 1, 8, 2, 0, 0, 0, 1, 0, 0, 8, 0, 0, 1, 3, 2, : 1, 4, 10, 1, 8, 2, 1, 8, 1, 3, 2, 
129: 10, 0, 0, 0, 0, 5, 0, 0, 0, 0, 3, 9, 0, 0, 1, 0, 8, 0, 3, 0, : 10, 5, 3, 9, 1, 8, 3, 
169: 7, 0, 3, 0, 8, 4, 5, 0, 0, 0, 8, 7, 4, 2, 7, 0, 8, 5, 1, 9, : 7, 3, 8, 4, 5, 8, 7, 4, 2, 7, 8, 5, 1, 9, 
25: 0, 5, 0, 0, 9, 3, 0, 3, 0, 0, 8, 3, 0, 0, 3, 0, 4, 3, 4, 0, : 5, 9, 3, 3, 8, 3, 3, 4, 3, 4, 
293: 2, 0, 1, 0, 8, 0, 9, 0, 0, 0, 5, 2, 10, 0, 4, 0, 0, 10, 8, 6, : 2, 1, 8, 9, 5, 2, 10, 4, 10, 8, 6, 
31: 5, 1, 7, 0, 0, 9, 8, 5, 0, 0, 0, 7, 0, 0, 2, 0, 5, 2, 1, 2, : 5, 1, 7, 9, 8, 5, 7, 2, 5, 2, 1, 2, 
125: 3, 0, 1, 0, 6, 8, 3, 10, 0, 4, 7, 1, 4, 0, 8, 0, 8, 0, 7, 2, : 3, 1, 6, 8, 3, 10, 4, 7, 1, 4, 8, 8, 7, 2, 
256: 3, 10, 5, 0, 0, 10, 4, 7, 0, 0, 0, 8, 3, 0, 4, 4, 0, 2, 8, 6, : 3, 10, 5, 10, 4, 7, 8, 3, 4, 4, 2, 8, 6, 
238: 1, 0, 1, 7, 4, 6, 3, 7, 0, 3, 0, 0, 0, 0, 9, 0, 9, 0, 5, 5, : 1, 1, 7, 4, 6, 3, 7, 3, 9, 9, 5, 5, 
177: 0, 0, 7, 0, 5, 3, 5, 9, 0, 0, 0, 8, 10, 0, 2, 4, 7, 9, 2, 0, : 7, 5, 3, 5, 9, 8, 10, 2, 4, 7, 9, 2, 
160: 8, 0, 9, 69, 2, 5, 1, 6, 0, 0, 0, 0, 6, 0, 3, 0, 0, 1, 5, 0, : 8, 9, 69, 2, 5, 1, 6, 6, 3, 1, 5, 
252: 0, 0, 3, 0, 7, 3, 4, 2, 0, 0, 0, 6, 0, 0, 8, 0, 1, 8, 1, 8, : 3, 7, 3, 4, 2, 6, 8, 1, 8, 1, 8, 
229: 0, 0, 1, 1, 1, 7, 2, 4, 1, 0, 7, 0, 5, 0, 1, 0, 8, 8, 3, 0, : 1, 1, 1, 7, 2, 4, 1, 7, 5, 1, 8, 8, 3, 
127: 10, 1, 7, 0, 9, 3, 0, 5, 60, 0, 8, 8, 7, 10, 2, 0, 0, 8, 4, 0, : 10, 1, 7, 9, 3, 5, 60, 8, 8, 7, 10, 2, 8, 4, 
28: 6, 0, 8, 0, 0, 3, 2, 7, 7, 0, 10, 8, 10, 0, 4, 0, 0, 1, 0, 7, : 6, 8, 3, 2, 7, 7, 10, 8, 10, 4, 1, 7, 
115: 5, 0, 4, 0, 1, 1, 1, 4, 0, 70, 4, 0, 0, 0, 4, 0, 7, 4, 10, 8, : 5, 4, 1, 1, 1, 4, 70, 4, 4, 7, 4, 10, 8, 
59: 6, 0, 10, 0, 1, 4, 7, 8, 2, 0, 10, 4, 8, 61, 2, 65, 2, 10, 1, 6, : 6, 10, 1, 4, 7, 8, 2, 10, 4, 8, 61, 2, 65, 2, 10, 1, 6, 


284: 0, 0, 0, 0, 0, 0, 2, 1, 62, 0, 5, 3, 4, 0, 4, 0, 0, 8, 1, 1, : 2, 1, 62, 5, 3, 4, 4, 8, 1, 1, 
300: 0, 5, 2, 0, 7, 0, 2, 0, 0, 0, 3, 0, 0, 8, 2, 0, 4, 0, 9, 10, : 5, 2, 7, 2, 3, 8, 2, 4, 9, 10, 
72: 0, 0, 5, 0, 3, 0, 7, 3, 0, 4, 4, 9, 0, 1, 7, 0, 0, 0, 7, 3, : 5, 3, 7, 3, 4, 4, 9, 1, 7, 7, 3, 
180: 0, 65, 6, 66, 10, 0, 2, 0, 5, 0, 3, 0, 4, 0, 5, 0, 0, 64, 2, 6, : 65, 6, 66, 10, 2, 5, 3, 4, 5, 64, 2, 6, 
10: 7, 0, 1, 0, 8, 0, 4, 0, 0, 0, 2, 1, 0, 0, 1, 3, 8, 0, 0, 1, : 7, 1, 8, 4, 2, 1, 1, 3, 8, 1, 
201: 0, 0, 3, 0, 3, 2, 2, 0, 0, 1, 0, 0, 6, 7, 7, 0, 2, 0, 5, 2, : 3, 3, 2, 2, 1, 6, 7, 7, 2, 5, 2, 
114: 0, 1, 0, 1, 5, 3, 10, 9, 3, 4, 6, 0, 4, 1, 4, 0, 1, 2, 6, 0, : 1, 1, 5, 3, 10, 9, 3, 4, 6, 4, 1, 4, 1, 2, 6, 
87: 0, 0, 0, 7, 10, 0, 8, 0, 0, 0, 9, 0, 2, 7, 9, 0, 6, 0, 9, 9, : 7, 10, 8, 9, 2, 7, 9, 6, 9, 9, 
213: 0, 0, 7, 0, 1, 2, 6, 0, 0, 0, 0, 0, 9, 0, 4, 0, 9, 0, 7, 6, : 7, 1, 2, 6, 9, 4, 9, 7, 6, 
15: 0, 0, 1, 0, 7, 0, 2, 1, 0, 0, 6, 0, 3, 2, 5, 0, 2, 0, 0, 8, : 1, 7, 2, 1, 6, 3, 2, 5, 2, 8, 
140: 0, 0, 8, 0, 3, 0, 6, 0, 0, 0, 1, 63, 0, 10, 0, 1, 9, 0, 3, 6, : 8, 3, 6, 1, 63, 10, 1, 9, 3, 6, 
83: 0, 0, 3, 1, 8, 0, 1, 0, 1, 3, 1, 2, 9, 2, 5, 0, 4, 0, 9, 7, : 3, 1, 8, 1, 1, 3, 1, 2, 9, 2, 5, 4, 9, 7, 
190: 1, 0, 0, 0, 0, 4, 2, 0, 0, 0, 7, 0, 9, 10, 1, 0, 6, 0, 8, 1, : 1, 4, 2, 7, 9, 10, 1, 6, 8, 1, 
228: 0, 0, 0, 5, 1, 0, 5, 0, 0, 0, 0, 0, 2, 3, 1, 0, 10, 0, 0, 6, : 5, 1, 5, 2, 3, 1, 10, 6, 
19: 0, 0, 7, 0, 0, 61, 0, 0, 5, 1, 0, 0, 10, 5, 10, 0, 0, 0, 2, 1, : 7, 61, 5, 1, 10, 5, 10, 2, 1, 
171: 60, 0, 7, 0, 6, 8, 7, 61, 2, 0, 8, 0, 1, 8, 2, 65, 9, 6, 2, 0, : 60, 7, 6, 8, 7, 61, 2, 8, 1, 8, 2, 65, 9, 6, 2, 
261: 0, 0, 6, 0, 1, 0, 9, 0, 0, 0, 10, 0, 0, 3, 1, 5, 5, 0, 0, 4, : 6, 1, 9, 10, 3, 1, 5, 5, 4, 
278: 0, 9, 8, 0, 5, 0, 0, 0, 2, 3, 6, 0, 8, 9, 1, 0, 0, 0, 5, 5, : 9, 8, 5, 2, 3, 6, 8, 9, 1, 5, 5, 
226: 10, 0, 9, 0, 0, 0, 0, 5, 0, 64, 7, 2, 1, 4, 1, 1, 4, 0, 3, 0, : 10, 9, 5, 64, 7, 2, 1, 4, 1, 1, 4, 3, 
27: 2, 0, 7, 0, 2, 0, 5, 0, 0, 0, 2, 0, 8, 0, 10, 5, 1, 0, 2, 4, : 2, 7, 2, 5, 2, 8, 10, 5, 1, 2, 4, 


255: 8, 10, 0, 6, 0, 4, 3, 5, 0, 0, 8, 10, 7, 3, 0, 0, 0, 0, 0, 3, : 8, 10, 6, 4, 3, 5, 8, 10, 7, 3, 3, 
116: 2, 0, 0, 5, 10, 4, 5, 8, 0, 0, 2, 0, 0, 0, 0, 6, 0, 0, 0, 0, : 2, 5, 10, 4, 5, 8, 2, 6, 
69: 4, 1, 0, 1, 0, 5, 10, 0, 0, 0, 10, 8, 8, 62, 66, 6, 5, 0, 4, 3, : 4, 1, 1, 5, 10, 10, 8, 8, 62, 66, 6, 5, 4, 3, 
134: 8, 0, 8, 3, 5, 7, 2, 1, 0, 0, 1, 2, 2, 10, 0, 5, 3, 0, 3, 4, : 8, 8, 3, 5, 7, 2, 1, 1, 2, 2, 10, 5, 3, 3, 4, 
75: 7, 0, 0, 1, 0, 0, 1, 2, 1, 9, 2, 2, 6, 0, 2, 0, 0, 0, 2, 6, : 7, 1, 1, 2, 1, 9, 2, 2, 6, 2, 2, 6, 
143: 2, 0, 0, 6, 6, 8, 7, 9, 0, 0, 5, 7, 6, 0, 0, 10, 0, 9, 8, 0, : 2, 6, 6, 8, 7, 9, 5, 7, 6, 10, 9, 8, 
66: 3, 0, 0, 5, 9, 6, 4, 2, 0, 1, 1, 10, 2, 0, 6, 2, 0, 0, 0, 2, : 3, 5, 9, 6, 4, 2, 1, 1, 10, 2, 6, 2, 2, 
165: 3, 0, 9, 8, 9, 7, 9, 6, 0, 0, 0, 0, 0, 0, 0, 7, 0, 0, 1, 4, : 3, 9, 8, 9, 7, 9, 6, 7, 1, 4, 
274: 7, 0, 0, 3, 2, 1, 0, 3, 0, 0, 4, 6, 0, 0, 0, 5, 63, 0, 5, 7, : 7, 3, 2, 1, 3, 4, 6, 5, 63, 5, 7, 
264: 6, 0, 0, 4, 0, 5, 0, 0, 3, 60, 8, 3, 0, 4, 0, 7, 0, 0, 6, 8, : 6, 4, 5, 3, 60, 8, 3, 4, 7, 6, 8, 
91: 6, 0, 0, 1, 9, 9, 5, 8, 0, 1, 0, 0, 8, 0, 0, 9, 9, 70, 4, 1, : 6, 1, 9, 9, 5, 8, 1, 8, 9, 9, 70, 4, 1, 
5: 7, 67, 0, 1, 0, 3, 0, 10, 3, 9, 8, 5, 8, 0, 0, 0, 0, 0, 4, 10, : 7, 67, 1, 3, 10, 3, 9, 8, 5, 8, 4, 10, 
108: 4, 0, 0, 2, 9, 0, 2, 9, 0, 0, 10, 2, 8, 0, 0, 0, 0, 0, 6, 0, : 4, 2, 9, 2, 9, 10, 2, 8, 6, 
254: 1, 0, 0, 9, 1, 1, 0, 0, 0, 0, 0, 8, 1, 0, 0, 0, 0, 0, 5, 5, : 1, 9, 1, 1, 8, 1, 5, 5, 
147: 2, 0, 0, 3, 0, 0, 3, 6, 9, 0, 9, 9, 0, 0, 0, 3, 0, 0, 3, 10, : 2, 3, 3, 6, 9, 9, 9, 3, 3, 10, 
60: 2, 2, 0, 7, 8, 8, 5, 0, 4, 0, 5, 1, 2, 0, 4, 7, 0, 1, 10, 0, : 2, 2, 7, 8, 8, 5, 4, 5, 1, 2, 4, 7, 1, 10, 
233: 3, 0, 0, 4, 2, 0, 8, 8, 0, 0, 3, 4, 3, 1, 0, 0, 0, 0, 8, 3, : 3, 4, 2, 8, 8, 3, 4, 3, 1, 8, 3, 
133: 0, 0, 63, 2, 10, 2, 9, 0, 0, 0, 1, 2, 10, 0, 2, 0, 0, 0, 8, 8, : 63, 2, 10, 2, 9, 1, 2, 10, 2, 8, 8, 
234: 0, 0, 0, 8, 0, 7, 4, 2, 0, 0, 1, 0, 9, 0, 0, 9, 0, 0, 0, 5, : 8, 7, 4, 2, 1, 9, 9, 5, 
225: 5, 0, 0, 1, 0, 3, 3, 1, 60, 0, 2, 1, 0, 0, 0, 4, 0, 0, 3, 1, : 5, 1, 3, 3, 1, 60, 2, 1, 4, 3, 1, 


3: 0, 5, 8, 5, 0, 1, 1, 0, 0, 0, 9, 7, 0, 0, 0, 0, 5, 1, 2, 0, : 5, 8, 5, 1, 1, 9, 7, 5, 1, 2, 
152: 0, 8, 6, 5, 62, 6, 0, 0, 0, 0, 0, 4, 7, 0, 10, 0, 1, 9, 6, 0, : 8, 6, 5, 62, 6, 4, 7, 10, 1, 9, 6, 
9: 0, 4, 1, 0, 0, 5, 0, 0, 0, 0, 3, 4, 9, 1, 0, 0, 10, 3, 6, 0, : 4, 1, 5, 3, 4, 9, 1, 10, 3, 6, 
158: 0, 1, 5, 0, 0, 2, 0, 0, 0, 1, 3, 1, 9, 0, 0, 0, 5, 5, 1, 0, : 1, 5, 2, 1, 3, 1, 9, 5, 5, 1, 
185: 0, 10, 3, 3, 0, 7, 0, 66, 6, 0, 0, 3, 10, 5, 0, 2, 9, 10, 0, 0, : 10, 3, 3, 7, 66, 6, 3, 10, 5, 2, 9, 10, 
121: 1, 3, 2, 0, 0, 4, 0, 4, 0, 3, 7, 1, 10, 3, 68, 62, 2, 2, 0, 0, : 1, 3, 2, 4, 4, 3, 7, 1, 10, 3, 68, 62, 2, 2, 
36: 68, 1, 3, 6, 4, 0, 0, 0, 0, 6, 1, 3, 1, 0, 1, 0, 8, 8, 3, 0, : 68, 1, 3, 6, 4, 6, 1, 3, 1, 1, 8, 8, 3, 
53: 0, 2, 10, 4, 0, 3, 0, 0, 0, 0, 5, 5, 1, 0, 0, 0, 0, 6, 8, 0, : 2, 10, 4, 3, 5, 5, 1, 6, 8, 
41: 0, 0, 7, 0, 0, 2, 0, 2, 0, 0, 0, 3, 1, 0, 0, 0, 5, 7, 4, 3, : 7, 2, 2, 3, 1, 5, 7, 4, 3, 
119: 0, 0, 8, 10, 0, 8, 0, 2, 0, 0, 10, 0, 3, 0, 0, 0, 0, 2, 7, 9, : 8, 10, 8, 2, 10, 3, 2, 7, 9, 
242: 0, 3, 1, 5, 10, 5, 0, 3, 0, 0, 10, 9, 0, 0, 0, 1, 2, 0, 1, 63, : 3, 1, 5, 10, 5, 3, 10, 9, 1, 2, 1, 63, 
103: 7, 1, 0, 0, 0, 1, 0, 0, 2, 2, 8, 3, 10, 0, 0, 0, 5, 8, 6, 0, : 7, 1, 1, 2, 2, 8, 3, 10, 5, 8, 6, 
207: 0, 8, 1, 9, 0, 2, 0, 0, 0, 0, 0, 3, 0, 1, 0, 4, 9, 0, 2, 0, : 8, 1, 9, 2, 3, 1, 4, 9, 2, 
30: 0, 7, 4, 0, 0, 3, 70, 0, 3, 0, 6, 5, 7, 0, 0, 0, 1, 8, 8, 5, : 7, 4, 3, 70, 3, 6, 5, 7, 1, 8, 8, 5, 
34: 0, 9, 0, 1, 0, 10, 9, 0, 1, 0, 2, 4, 1, 0, 0, 6, 0, 0, 1, 0, : 9, 1, 10, 9, 1, 2, 4, 1, 6, 1, 
250: 0, 0, 4, 3, 0, 0, 0, 0, 0, 0, 1, 6, 1, 0, 1, 0, 0, 3, 6, 0, : 4, 3, 1, 6, 1, 1, 3, 6, 
146: 0, 9, 1, 8, 4, 0, 0, 3, 0, 0, 0, 7, 2, 0, 0, 0, 0, 7, 5, 0, : 9, 1, 8, 4, 3, 7, 2, 7, 5, 
153: 0, 0, 6, 7, 0, 8, 0, 0, 8, 8, 5, 6, 4, 62, 0, 0, 10, 0, 2, 0, : 6, 7, 8, 8, 8, 5, 6, 4, 62, 10, 2, 
156: 0, 8, 5, 9, 0, 3, 0, 0, 0, 0, 0, 3, 0, 3, 0, 0, 3, 0, 6, 0, : 8, 5, 9, 3, 3, 3, 3, 6, 
193: 4, 1, 5, 5, 0, 10, 0, 0, 60, 60, 10, 3, 4, 5, 0, 5, 5, 1, 6, 0, : 4, 1, 5, 5, 10, 60, 60, 10, 3, 4, 5, 5, 5, 1, 6, 


61: 2, 0, 0, 3, 0, 1, 6, 0, 6, 1, 7, 10, 2, 0, 0, 4, 1, 10, 0, 2, : 2, 3, 1, 6, 6, 1, 7, 10, 2, 4, 1, 10, 2, 
38: 4, 1, 0, 7, 0, 1, 7, 0, 0, 10, 0, 0, 7, 0, 0, 8, 0, 0, 0, 10, : 4, 1, 7, 1, 7, 10, 7, 8, 10, 
192: 10, 1, 0, 0, 0, 0, 0, 0, 9, 8, 9, 3, 0, 2, 9, 0, 0, 9, 0, 6, : 10, 1, 9, 8, 9, 3, 2, 9, 9, 6, 
139: 0, 0, 60, 9, 0, 0, 9, 3, 5, 0, 2, 0, 5, 0, 2, 0, 0, 1, 70, 6, : 60, 9, 9, 3, 5, 2, 5, 2, 1, 70, 6, 
298: 5, 0, 0, 10, 0, 0, 0, 0, 0, 1, 7, 4, 6, 0, 9, 8, 0, 1, 0, 0, : 5, 10, 1, 7, 4, 6, 9, 8, 1, 
47: 0, 0, 0, 0, 0, 2, 0, 0, 9, 3, 9, 4, 5, 0, 0, 8, 0, 9, 0, 3, : 2, 9, 3, 9, 4, 5, 8, 9, 3, 
137: 6, 0, 0, 4, 0, 0, 3, 1, 1, 0, 3, 7, 2, 0, 0, 0, 65, 0, 0, 5, : 6, 4, 3, 1, 1, 3, 7, 2, 65, 5, 
154: 1, 0, 0, 7, 3, 0, 6, 0, 3, 7, 9, 0, 0, 70, 8, 10, 0, 7, 1, 7, : 1, 7, 3, 6, 3, 7, 9, 70, 8, 10, 7, 1, 7, 
39: 5, 0, 0, 10, 0, 0, 2, 0, 5, 2, 0, 6, 1, 0, 1, 5, 1, 6, 0, 4, : 5, 10, 2, 5, 2, 6, 1, 1, 5, 1, 6, 4, 
277: 0, 0, 0, 0, 0, 0, 7, 3, 3, 9, 0, 9, 6, 4, 0, 10, 0, 7, 0, 0, : 7, 3, 3, 9, 9, 6, 4, 10, 7, 
216: 8, 0, 0, 0, 64, 0, 6, 0, 3, 3, 0, 3, 0, 0, 3, 0, 0, 0, 0, 1, : 8, 64, 6, 3, 3, 3, 3, 1, 
48: 10, 0, 4, 4, 0, 0, 3, 70, 7, 4, 0, 6, 8, 0, 6, 0, 0, 7, 8, 0, : 10, 4, 4, 3, 70, 7, 4, 6, 8, 6, 7, 8, 
166: 0, 0, 0, 0, 10, 0, 0, 0, 4, 1, 9, 7, 10, 0, 1, 1, 2, 4, 0, 2, : 10, 4, 1, 9, 7, 10, 1, 1, 2, 4, 2, 
294: 9, 66, 0, 2, 0, 70, 1, 0, 1, 2, 5, 2, 1, 2, 7, 0, 0, 0, 0, 0, : 9, 66, 2, 70, 1, 1, 2, 5, 2, 1, 2, 7, 
98: 6, 0, 0, 4, 0, 0, 2, 0, 2, 1, 9, 0, 6, 0, 3, 6, 0, 3, 0, 3, : 6, 4, 2, 2, 1, 9, 6, 3, 6, 3, 3, 
197: 0, 0, 0, 2, 3, 0, 5, 0, 7, 4, 3, 8, 0, 0, 7, 0, 0, 5, 0, 8, : 2, 3, 5, 7, 4, 3, 8, 7, 5, 8, 
122: 10, 3, 9, 0, 0, 0, 10, 0, 1, 9, 2, 1, 0, 0, 10, 1, 0, 3, 0, 6, : 10, 3, 9, 10, 1, 9, 2, 1, 10, 1, 3, 6, 
210: 0, 0, 7, 0, 0, 0, 8, 3, 8, 4, 2, 7, 9, 0, 9, 0, 0, 8, 0, 9, : 7, 8, 3, 8, 4, 2, 7, 9, 9, 8, 9, 
57: 4, 9, 0, 9, 0, 0, 1, 0, 3, 7, 2, 0, 6, 2, 4, 9, 2, 0, 0, 6, : 4, 9, 9, 1, 3, 7, 2, 6, 2, 4, 9, 2, 6, 
62: 0, 0, 0, 9, 0, 6, 4, 0, 3, 4, 2, 3, 6, 0, 1, 10, 9, 0, 1, 2, : 9, 6, 4, 3, 4, 2, 3, 6, 1, 10, 9, 1, 2, 


99: 0, 1, 0, 0, 3, 0, 1, 5, 6, 6, 0, 0, 5, 0, 1, 0, 0, 1, 9, 0, : 1, 3, 1, 5, 6, 6, 5, 1, 1, 9, 
11: 0, 1, 0, 0, 3, 2, 0, 7, 0, 8, 0, 8, 0, 2, 9, 0, 0, 7, 2, 0, : 1, 3, 2, 7, 8, 8, 2, 9, 7, 2, 
222: 1, 5, 1, 0, 7, 2, 0, 3, 0, 1, 0, 0, 0, 0, 62, 0, 0, 10, 1, 0, : 1, 5, 1, 7, 2, 3, 1, 62, 10, 1, 
179: 1, 1, 0, 0, 4, 8, 3, 10, 0, 4, 9, 0, 0, 0, 0, 0, 2, 0, 10, 0, : 1, 1, 4, 8, 3, 10, 4, 9, 2, 10, 
295: 0, 1, 0, 1, 7, 10, 0, 7, 0, 10, 3, 0, 0, 0, 0, 0, 0, 7, 7, 0, : 1, 1, 7, 10, 7, 10, 3, 7, 7, 
267: 0, 4, 1, 0, 1, 10, 8, 4, 0, 5, 6, 0, 0, 0, 0, 0, 0, 4, 5, 0, : 4, 1, 1, 10, 8, 4, 5, 6, 4, 5, 
170: 0, 5, 0, 0, 6, 2, 0, 1, 0, 0, 4, 0, 3, 0, 0, 0, 1, 0, 0, 0, : 5, 6, 2, 1, 4, 3, 1, 
141: 9, 7, 0, 0, 5, 1, 1, 0, 0, 2, 6, 0, 0, 0, 0, 1, 4, 7, 3, 66, : 9, 7, 5, 1, 1, 2, 6, 1, 4, 7, 3, 66, 
230: 0, 10, 0, 0, 1, 4, 0, 0, 1, 1, 10, 0, 0, 0, 0, 62, 0, 0, 7, 0, : 10, 1, 4, 1, 1, 10, 62, 7, 
96: 0, 3, 1, 0, 0, 9, 1, 5, 0, 2, 1, 0, 68, 3, 0, 0, 0, 6, 2, 0, : 3, 1, 9, 1, 5, 2, 1, 68, 3, 6, 2, 
266: 2, 1, 0, 7, 5, 0, 65, 8, 0, 3, 8, 0, 0, 0, 0, 1, 0, 1, 0, 0, : 2, 1, 7, 5, 65, 8, 3, 8, 1, 1, 
80: 0, 0, 0, 0, 6, 3, 1, 2, 0, 7, 6, 4, 0, 0, 0, 0, 0, 8, 8, 0, : 6, 3, 1, 2, 7, 6, 4, 8, 8, 
90: 0, 10, 0, 0, 1, 9, 0, 3, 0, 5, 10, 0, 0, 3, 0, 1, 0, 8, 8, 9, : 10, 1, 9, 3, 5, 10, 3, 1, 8, 8, 9, 
131: 0, 2, 0, 0, 1, 0, 0, 6, 7, 5, 0, 5, 0, 0, 0, 0, 0, 0, 0, 5, : 2, 1, 6, 7, 5, 5, 5, 
259: 0, 2, 65, 1, 8, 1, 0, 3, 0, 4, 2, 0, 0, 3, 0, 1, 5, 10, 4, 0, : 2, 65, 1, 8, 1, 3, 4, 2, 3, 1, 5, 10, 4, 
276: 67, 5, 0, 1, 7, 2, 0, 6, 0, 1, 7, 63, 0, 0, 0, 6, 0, 0, 0, 0, : 67, 5, 1, 7, 2, 6, 1, 7, 63, 6, 
29: 0, 2, 0, 62, 1, 3, 0, 0, 0, 2, 1, 0, 0, 0, 0, 0, 3, 4, 8, 0, : 2, 62, 1, 3, 2, 1, 3, 4, 8, 
239: 0, 9, 0, 0, 7, 5, 0, 9, 66, 4, 0, 0, 1, 0, 0, 0, 0, 0, 0, 0, : 9, 7, 5, 9, 66, 4, 1, 
231: 0, 3, 5, 0, 4, 2, 0, 1, 0, 0, 0, 0, 0, 69, 0, 4, 63, 3, 5, 0, : 3, 5, 4, 2, 1, 69, 4, 63, 3, 5, 
88: 0, 8, 7, 8, 3, 7, 0, 0, 0, 10, 7, 0, 3, 0, 8, 4, 2, 4, 1, 0, : 8, 7, 8, 3, 7, 10, 7, 3, 8, 4, 2, 4, 1, 


86: 0, 5, 0, 0, 0, 4, 2, 0, 0, 0, 0, 3, 0, 0, 0, 0, 0, 0, 10, 4, : 5, 4, 2, 3, 10, 4, 
64: 0, 3, 0, 0, 0, 0, 5, 10, 0, 1, 0, 3, 0, 0, 0, 0, 1, 0, 4, 4, : 3, 5, 10, 1, 3, 1, 4, 4, 
130: 3, 1, 0, 0, 0, 0, 2, 0, 4, 0, 4, 2, 0, 0, 0, 0, 0, 0, 8, 3, : 3, 1, 2, 4, 4, 2, 8, 3, 
279: 0, 0, 0, 61, 0, 1, 0, 8, 0, 2, 0, 2, 0, 0, 0, 0, 7, 0, 0, 8, : 61, 1, 8, 2, 2, 7, 8, 
211: 0, 9, 4, 0, 5, 61, 9, 0, 1, 10, 0, 0, 0, 0, 0, 0, 5, 0, 0, 8, : 9, 4, 5, 61, 9, 1, 10, 5, 8, 
241: 0, 0, 0, 0, 0, 0, 3, 3, 1, 9, 0, 5, 0, 2, 0, 64, 0, 0, 5, 3, : 3, 3, 1, 9, 5, 2, 64, 5, 3, 
32: 0, 1, 0, 0, 10, 0, 6, 5, 0, 0, 0, 8, 0, 67, 69, 0, 6, 0, 6, 8, : 1, 10, 6, 5, 8, 67, 69, 6, 6, 8, 
132: 0, 1, 0, 0, 60, 0, 8, 9, 66, 0, 1, 2, 0, 0, 0, 1, 0, 0, 8, 1, : 1, 60, 8, 9, 66, 1, 2, 1, 8, 1, 
235: 0, 10, 0, 0, 0, 0, 10, 0, 0, 7, 0, 9, 0, 0, 0, 0, 5, 0, 0, 2, : 10, 10, 7, 9, 5, 2, 
82: 0, 0, 8, 2, 5, 0, 6, 7, 0, 3, 0, 2, 4, 0, 0, 0, 4, 63, 0, 4, : 8, 2, 5, 6, 7, 3, 2, 4, 4, 63, 4, 
142: 0, 6, 0, 0, 0, 0, 5, 9, 1, 0, 0, 6, 69, 0, 0, 0, 3, 0, 6, 7, : 6, 5, 9, 1, 6, 69, 3, 6, 7, 
135: 0, 5, 61, 0, 0, 0, 5, 0, 4, 4, 0, 4, 0, 6, 1, 10, 5, 7, 4, 2, : 5, 61, 5, 4, 4, 4, 6, 1, 10, 5, 7, 4, 2, 
84: 0, 10, 0, 0, 0, 10, 0, 2, 2, 10, 0, 6, 0, 0, 0, 2, 9, 0, 0, 3, : 10, 10, 2, 2, 10, 6, 2, 9, 3, 
22: 3, 8, 0, 0, 0, 0, 9, 0, 0, 3, 8, 0, 0, 0, 0, 0, 9, 7, 5, 3, : 3, 8, 9, 3, 8, 9, 7, 5, 3, 
70: 70, 2, 0, 0, 0, 0, 1, 8, 0, 0, 0, 7, 0, 0, 3, 0, 9, 1, 0, 1, : 70, 2, 1, 8, 7, 3, 9, 1, 1, 
269: 0, 9, 0, 0, 0, 4, 7, 10, 0, 5, 67, 2, 7, 0, 2, 3, 0, 1, 4, 3, : 9, 4, 7, 10, 5, 67, 2, 7, 2, 3, 1, 4, 3, 
155: 4, 1, 7, 0, 0, 0, 0, 0, 1, 8, 0, 1, 0, 0, 5, 0, 1, 0, 9, 5, : 4, 1, 7, 1, 8, 1, 5, 1, 9, 5, 
51: 0, 2, 0, 0, 0, 0, 2, 0, 0, 2, 0, 0, 0, 3, 0, 0, 8, 1, 0, 2, : 2, 2, 2, 3, 8, 1, 2, 
246: 0, 5, 0, 9, 0, 0, 0, 0, 0, 8, 0, 9, 0, 1, 0, 0, 2, 0, 1, 8, : 5, 9, 8, 9, 1, 2, 1, 8, 
163: 0, 2, 0, 8, 0, 0, 0, 9, 0, 8, 0, 9, 0, 1, 0, 0, 6, 0, 10, 1, : 2, 8, 9, 8, 9, 1, 6, 10, 1, 


65: 68, 3, 0, 5, 9, 3, 3, 10, 0, 7, 2, 10, 3, 0, 1, 3, 0, 4, 5, 1, : 68, 3, 5, 9, 3, 3, 10, 7, 2, 10, 3, 1, 3, 4, 5, 1, 
202: 0, 10, 8, 4, 0, 0, 0, 0, 0, 0, 14, 0, 6, 0, 1, 0, 0, 0, 5, 1, : 10, 8, 4, 14, 6, 1, 5, 1, 
20: 0, 5, 0, 0, 0, 67, 0, 0, 9, 2, 3, 0, 8, 6, 10, 10, 0, 0, 4, 0, : 5, 67, 9, 2, 3, 8, 6, 10, 10, 4, 
107: 6, 2, 4, 1, 0, 0, 0, 3, 0, 7, 5, 0, 6, 0, 0, 0, 0, 5, 8, 0, : 6, 2, 4, 1, 3, 7, 5, 6, 5, 8, 
273: 0, 6, 0, 6, 3, 0, 0, 10, 9, 3, 1, 0, 10, 1, 4, 5, 0, 2, 1, 0, : 6, 6, 3, 10, 9, 3, 1, 10, 1, 4, 5, 2, 1, 
104: 0, 7, 10, 5, 0, 0, 0, 0, 0, 9, 5, 0, 1, 0, 8, 0, 0, 8, 5, 0, : 7, 10, 5, 9, 5, 1, 8, 8, 5, 
181: 0, 0, 0, 0, 0, 0, 5, 6, 10, 0, 3, 0, 9, 0, 7, 0, 0, 7, 8, 9, : 5, 6, 10, 3, 9, 7, 7, 8, 9, 
81: 2, 4, 0, 5, 0, 0, 0, 0, 6, 9, 1, 67, 2, 0, 4, 0, 4, 5, 7, 0, : 2, 4, 5, 6, 9, 1, 67, 2, 4, 4, 5, 7, 
136: 0, 0, 8, 7, 0, 0, 0, 7, 2, 6, 2, 0, 10, 63, 8, 10, 10, 0, 0, 0, : 8, 7, 7, 2, 6, 2, 10, 63, 8, 10, 10, 
182: 0, 6, 0, 6, 62, 0, 0, 9, 9, 0, 6, 0, 5, 0, 0, 9, 0, 3, 0, 0, : 6, 6, 62, 9, 9, 6, 5, 9, 3, 
194: 0, 3, 3, 0, 0, 0, 0, 0, 0, 0, 2, 0, 1, 7, 0, 1, 62, 4, 0, 0, : 3, 3, 2, 1, 7, 1, 62, 4, 
149: 0, 1, 5, 7, 1, 0, 62, 8, 2, 7, 2, 0, 1, 0, 0, 0, 0, 10, 4, 0, : 1, 5, 7, 1, 62, 8, 2, 7, 2, 1, 10, 4, 
290: 4, 2, 6, 0, 2, 0, 0, 0, 5, 0, 2, 0, 1, 0, 8, 6, 0, 1, 3, 69, : 4, 2, 6, 2, 5, 2, 1, 8, 6, 1, 3, 69, 
111: 0, 8, 0, 7, 0, 0, 0, 8, 0, 1, 3, 0, 0, 0, 0, 7, 0, 1, 10, 0, : 8, 7, 8, 1, 3, 7, 1, 10, 
172: 0, 7, 10, 10, 0, 0, 0, 3, 5, 0, 1, 0, 6, 0, 8, 5, 1, 4, 5, 0, : 7, 10, 10, 3, 5, 1, 6, 8, 5, 1, 4, 5, 
209: 0, 6, 0, 5, 1, 0, 0, 8, 5, 0, 6, 0, 4, 2, 8, 3, 0, 9, 3, 0, : 6, 5, 1, 8, 5, 6, 4, 2, 8, 3, 9, 3, 
67: 0, 1, 10, 3, 0, 0, 0, 4, 0, 10, 4, 2, 3, 0, 2, 3, 1, 10, 4, 0, : 1, 10, 3, 4, 10, 4, 2, 3, 2, 3, 1, 10, 4, 
14: 0, 4, 6, 1, 0, 0, 0, 0, 10, 10, 9, 1, 2, 0, 9, 1, 0, 3, 1, 0, : 4, 6, 1, 10, 10, 9, 1, 2, 9, 1, 3, 1, 
71: 0, 0, 0, 8, 2, 0, 10, 1, 4, 5, 7, 0, 2, 1, 2, 8, 0, 3, 0, 0, : 8, 2, 10, 1, 4, 5, 7, 2, 1, 2, 8, 3, 
58: 0, 5, 10, 0, 0, 10, 0, 3, 4, 4, 2, 0, 0, 0, 0, 9, 2, 1, 7, 0, : 5, 10, 10, 3, 4, 4, 2, 9, 2, 1, 7, 


46: 0, 3, 7, 0, 2, 0, 0, 0, 10, 0, 0, 2, 0, 2, 0, 2, 1, 7, 1, 0, : 3, 7, 2, 10, 2, 2, 2, 1, 7, 1, 
110: 0, 0, 0, 66, 2, 0, 2, 0, 2, 9, 0, 4, 0, 0, 0, 1, 8, 10, 6, 1, : 66, 2, 2, 2, 9, 4, 1, 8, 10, 6, 1, 
184: 8, 0, 0, 0, 0, 67, 1, 0, 7, 4, 0, 8, 0, 0, 0, 3, 0, 2, 0, 1, : 8, 67, 1, 7, 4, 8, 3, 2, 1, 
93: 3, 5, 10, 0, 0, 0, 10, 0, 4, 0, 0, 8, 0, 0, 0, 3, 1, 5, 0, 8, : 3, 5, 10, 10, 4, 8, 3, 1, 5, 8, 
270: 1, 0, 0, 0, 0, 0, 10, 0, 5, 0, 0, 1, 7, 0, 2, 10, 5, 5, 0, 7, : 1, 10, 5, 1, 7, 2, 10, 5, 5, 7, 
24: 7, 0, 0, 0, 0, 2, 1, 0, 0, 0, 0, 10, 9, 0, 0, 1, 0, 1, 1, 5, : 7, 2, 1, 10, 9, 1, 1, 1, 5, 
73: 0, 63, 5, 0, 0, 0, 1, 1, 4, 2, 0, 6, 3, 67, 0, 1, 1, 0, 1, 1, : 63, 5, 1, 1, 4, 2, 6, 3, 67, 1, 1, 1, 1, 
94: 5, 0, 7, 7, 10, 0, 2, 0, 0, 4, 0, 3, 2, 0, 61, 10, 1, 8, 0, 7, : 5, 7, 7, 10, 2, 4, 3, 2, 61, 10, 1, 8, 7, 
260: 5, 0, 3, 0, 0, 0, 10, 0, 5, 2, 0, 4, 0, 0, 0, 5, 4, 1, 0, 3, : 5, 3, 10, 5, 2, 4, 5, 4, 1, 3, 
6: 10, 0, 8, 0, 0, 0, 10, 1, 4, 0, 0, 0, 7, 5, 0, 6, 3, 8, 63, 2, : 10, 8, 10, 1, 4, 7, 5, 6, 3, 8, 63, 2, 
176: 3, 0, 9, 6, 0, 0, 1, 0, 0, 0, 0, 0, 8, 0, 0, 6, 0, 1, 0, 1, : 3, 9, 6, 1, 8, 6, 1, 1, 
43: 3, 0, 4, 1, 0, 6, 0, 60, 7, 1, 10, 6, 9, 2, 0, 7, 1, 4, 0, 1, : 3, 4, 1, 6, 60, 7, 1, 10, 6, 9, 2, 7, 1, 4, 1, 
118: 3, 0, 4, 0, 0, 0, 4, 0, 6, 8, 68, 1, 7, 0, 0, 0, 4, 0, 0, 5, : 3, 4, 4, 6, 8, 68, 1, 7, 4, 5, 
281: 2, 0, 0, 0, 1, 0, 6, 4, 0, 0, 0, 2, 5, 0, 0, 2, 8, 0, 0, 5, : 2, 1, 6, 4, 2, 5, 2, 8, 5, 
49: 6, 0, 8, 0, 0, 0, 6, 3, 2, 3, 0, 1, 2, 0, 0, 6, 3, 1, 0, 9, : 6, 8, 6, 3, 2, 3, 1, 2, 6, 3, 1, 9, 
244: 0, 0, 0, 0, 0, 5, 0, 0, 2, 8, 0, 3, 0, 0, 0, 1, 10, 9, 0, 3, : 5, 2, 8, 3, 1, 10, 9, 3, 
18: 9, 0, 7, 0, 0, 0, 8, 0, 10, 9, 0, 10, 6, 0, 7, 2, 9, 7, 8, 3, : 9, 7, 8, 10, 9, 10, 6, 7, 2, 9, 7, 8, 3, 
89: 9, 1, 5, 0, 0, 0, 4, 0, 5, 10, 2, 1, 0, 0, 0, 3, 10, 1, 0, 2, : 9, 1, 5, 4, 5, 10, 2, 1, 3, 10, 1, 2, 
123: 3, 0, 3, 0, 65, 0, 4, 10, 4, 10, 0, 1, 5, 4, 0, 2, 5, 0, 0, 6, : 3, 3, 65, 4, 10, 4, 10, 1, 5, 4, 2, 5, 6, 
150: 3, 8, 0, 0, 0, 0, 0, 1, 3, 10, 0, 9, 10, 0, 10, 9, 6, 10, 0, 10, : 3, 8, 1, 3, 10, 9, 10, 10, 9, 6, 10, 10, 


