
20
40
80
2

31: 6, 0, 8, 1, 0, 0, 0, 0, 0, 6, 7, 2, 0, 2, 0, 0, 0, 0, 2, 0, : 6, 8, 1, 6, 7, 2, 2, 2, 
27: 4, 0, 0, 4, 8, 2, 0, 1, 63, 0, 1, 0, 0, 7, 0, 0, 8, 0, 6, 0, : 4, 4, 8, 2, 1, 63, 1, 7, 8, 6, 
17: 4, 0, 0, 8, 0, 8, 0, 1, 0, 9, 1, 6, 4, 1, 0, 0, 2, 1, 0, 0, : 4, 8, 8, 1, 9, 1, 6, 4, 1, 2, 1, 
21: 6, 0, 10, 1, 0, 2, 0, 0, 0, 3, 2, 0, 0, 2, 0, 8, 0, 0, 0, 2, : 6, 10, 1, 2, 3, 2, 2, 8, 2, 
28: 2, 0, 8, 0, 0, 0, 0, 0, 3, 0, 5, 0, 0, 1, 1, 0, 7, 0, 8, 61, : 2, 8, 3, 5, 1, 1, 7, 8, 61, 
18: 2, 0, 7, 1, 0, 0, 0, 0, 0, 8, 0, 0, 0, 10, 0, 0, 10, 0, 0, 1, : 2, 7, 1, 8, 10, 10, 1, 
30: 3, 0, 10, 2, 0, 0, 6, 0, 1, 2, 2, 66, 0, 0, 3, 62, 0, 0, 6, 0, : 3, 10, 2, 6, 1, 2, 2, 66, 3, 62, 6, 
32: 9, 10, 3, 7, 0, 0, 0, 0, 0, 2, 8, 0, 4, 0, 1, 0, 7, 9, 1, 0, : 9, 10, 3, 7, 2, 8, 4, 1, 7, 9, 1, 
38: 10, 0, 0, 10, 0, 0, 3, 0, 0, 4, 4, 0, 0, 10, 0, 0, 3, 0, 0, 0, : 10, 10, 3, 4, 4, 10, 3, 
15: 0, 0, 0, 7, 2, 7, 0, 9, 0, 10, 4, 0, 0, 0, 0, 0, 5, 0, 0, 0, : 7, 2, 7, 9, 10, 4, 5, 
20: 4, 0, 2, 6, 1, 0, 0, 0, 0, 7, 10, 0, 0, 9, 0, 4, 10, 0, 10, 0, : 4, 2, 6, 1, 7, 10, 9, 4, 10, 10, 
1: 0, 0, 8, 6, 2, 0, 0, 1, 0, 1, 1, 1, 0, 6, 63, 0, 0, 0, 10, 0, : 8, 6, 2, 1, 1, 1, 1, 6, 63, 10, 
11: 0, 0, 3, 3, 0, 0, 0, 0, 9, 8, 0, 1, 60, 0, 10, 6, 0, 61, 7, 0, : 3, 3, 9, 8, 1, 60, 10, 6, 61, 7, 
40: 3, 0, 0, 0, 0, 0, 0, 0, 0, 2, 10, 0, 4, 3, 0, 0, 7, 3, 5, 7, : 3, 2, 10, 4, 3, 7, 3, 5, 7, 
35: 7, 0, 0, 0, 0, 0, 0, 1, 0, 6, 0, 0, 0, 4, 0, 0, 8, 0, 1, 0, : 7, 1, 6, 4, 8, 1, 
26: 3, 0, 3, 10, 61, 0, 0, 0, 0, 1, 9, 0, 8, 7, 0, 0, 0, 1, 4, 0, : 3, 3, 10, 61, 1, 9, 8, 7, 1, 4, 
39: 5, 4, 2, 8, 6, 0, 61, 0, 0, 5, 8, 4, 0, 2, 2, 0, 10, 5, 2, 4, : 5, 4, 2, 8, 6, 61, 5, 8, 4, 2, 2, 10, 5, 2, 4, 
9: 10, 2, 1, 4, 0, 0, 0, 61, 0, 5, 6, 0, 0, 1, 0, 0, 0, 0, 5, 5, : 10, 2, 1, 4, 61, 5, 6, 1, 5, 5, 
33: 1, 64, 10, 2, 0, 61, 10, 0, 4, 0, 0, 0, 0, 9, 0, 0, 3, 0, 8, 0, : 1, 64, 10, 2, 61, 10, 4, 9, 3, 8, 
7: 1, 0, 5, 0, 0, 0, 0, 6, 0, 1, 2, 0, 0, 6, 0, 0, 0, 0, 5, 0, : 1, 5, 6, 1, 2, 6, 5, 


6: 0, 0, 0, 0, 0, 1, 2, 5, 1, 2, 4, 7, 0, 0, 1, 0, 10, 0, 0, 0, : 1, 2, 5, 1, 2, 4, 7, 1, 10, 
3: 0, 0, 5, 8, 7, 0, 0, 6, 64, 3, 0, 0, 0, 0, 3, 0, 5, 67, 4, 0, : 5, 8, 7, 6, 64, 3, 3, 5, 67, 4, 
16: 1, 1, 7, 9, 1, 10, 4, 9, 0, 2, 0, 1, 62, 0, 0, 0, 10, 0, 10, 0, : 1, 1, 7, 9, 1, 10, 4, 9, 2, 1, 62, 10, 10, 
14: 0, 0, 2, 10, 0, 10, 7, 1, 1, 0, 0, 8, 0, 0, 9, 2, 3, 2, 0, 0, : 2, 10, 10, 7, 1, 1, 8, 9, 2, 3, 2, 
10: 0, 66, 4, 7, 6, 8, 3, 8, 3, 0, 0, 6, 0, 0, 0, 0, 2, 1, 2, 0, : 66, 4, 7, 6, 8, 3, 8, 3, 6, 2, 1, 2, 
19: 0, 0, 8, 6, 1, 7, 0, 9, 0, 3, 0, 7, 0, 66, 2, 1, 0, 0, 0, 0, : 8, 6, 1, 7, 9, 3, 7, 66, 2, 1, 
34: 0, 4, 2, 8, 3, 5, 7, 2, 0, 62, 0, 0, 1, 0, 6, 0, 6, 0, 0, 0, : 4, 2, 8, 3, 5, 7, 2, 62, 1, 6, 6, 
36: 5, 0, 1, 9, 7, 9, 3, 1, 0, 0, 2, 1, 0, 0, 4, 0, 2, 0, 0, 4, : 5, 1, 9, 7, 9, 3, 1, 2, 1, 4, 2, 4, 
25: 0, 0, 4, 0, 3, 3, 0, 0, 7, 0, 1, 5, 0, 0, 3, 0, 6, 3, 0, 0, : 4, 3, 3, 7, 1, 5, 3, 6, 3, 
29: 1, 0, 9, 4, 5, 10, 7, 8, 0, 0, 0, 1, 0, 0, 0, 0, 1, 0, 0, 0, : 1, 9, 4, 5, 10, 7, 8, 1, 1, 
5: 3, 3, 0, 0, 10, 0, 6, 3, 0, 0, 0, 7, 0, 0, 8, 3, 0, 0, 0, 65, : 3, 3, 10, 6, 3, 7, 8, 3, 65, 
2: 63, 2, 5, 6, 10, 0, 1, 6, 0, 0, 0, 6, 0, 0, 1, 0, 8, 0, 0, 0, : 63, 2, 5, 6, 10, 1, 6, 6, 1, 8, 
24: 0, 0, 1, 0, 1, 1, 4, 0, 0, 0, 0, 6, 0, 9, 7, 64, 3, 0, 0, 2, : 1, 1, 1, 4, 6, 9, 7, 64, 3, 2, 
23: 0, 0, 0, 2, 4, 0, 1, 0, 0, 4, 0, 3, 0, 5, 6, 0, 0, 0, 1, 0, : 2, 4, 1, 4, 3, 5, 6, 1, 
37: 0, 0, 8, 0, 8, 0, 9, 10, 0, 0, 0, 0, 8, 0, 3, 1, 7, 0, 0, 0, : 8, 8, 9, 10, 8, 3, 1, 7, 
13: 7, 1, 7, 0, 1, 5, 0, 0, 0, 0, 0, 8, 0, 0, 3, 0, 5, 4, 0, 0, : 7, 1, 7, 1, 5, 8, 3, 5, 4, 
22: 0, 0, 9, 0, 0, 0, 0, 4, 3, 0, 6, 6, 1, 0, 8, 0, 7, 3, 0, 2, : 9, 4, 3, 6, 6, 1, 8, 7, 3, 2, 
8: 0, 3, 2, 0, 10, 10, 6, 0, 0, 3, 0, 1, 8, 0, 5, 0, 3, 0, 3, 0, : 3, 2, 10, 10, 6, 3, 1, 8, 5, 3, 3, 
4: 0, 0, 0, 8, 3, 1, 10, 2, 0, 1, 67, 5, 0, 0, 3, 0, 2, 0, 60, 1, : 8, 3, 1, 10, 2, 1, 67, 5, 3, 2, 60, 1, 
12: 0, 0, 6, 3, 0, 0, 10, 6, 1, 0, 0, 2, 0, 0, 8, 9, 0, 0, 0, 6, : 6, 3, 10, 6, 1, 2, 8, 9, 6, 


