
20
200
60
10

10: 0, 5, 0, 0, 5, 0, 2, 0, 0, 1, 0, 1, 3, 0, 0, 4, 0, 0, 0, 0, : 5, 5, 2, 1, 1, 3, 4, 
1: 0, 4, 1, 0, 2, 0, 3, 0, 0, 4, 0, 1, 2, 0, 0, 1, 0, 0, 1, 0, : 4, 1, 2, 3, 4, 1, 2, 1, 1, 
188: 0, 1, 0, 0, 5, 0, 3, 0, 0, 2, 0, 0, 3, 0, 0, 0, 0, 0, 0, 4, : 1, 5, 3, 2, 3, 4, 
40: 0, 1, 0, 0, 1, 0, 5, 0, 0, 2, 0, 0, 5, 0, 0, 0, 2, 0, 0, 2, : 1, 1, 5, 2, 5, 2, 2, 
92: 0, 2, 0, 0, 1, 0, 1, 0, 0, 1, 0, 50, 2, 0, 0, 0, 0, 0, 0, 0, : 2, 1, 1, 1, 50, 2, 
41: 1, 1, 0, 3, 2, 5, 5, 0, 0, 4, 3, 3, 1, 0, 0, 1, 0, 0, 0, 0, : 1, 1, 3, 2, 5, 5, 4, 3, 3, 1, 1, 
171: 2, 1, 0, 0, 3, 0, 4, 0, 0, 1, 55, 0, 3, 51, 0, 0, 0, 0, 4, 1, : 2, 1, 3, 4, 1, 55, 3, 51, 4, 1, 
129: 0, 5, 0, 0, 1, 0, 3, 0, 0, 3, 0, 0, 1, 1, 5, 2, 1, 0, 1, 0, : 5, 1, 3, 3, 1, 1, 5, 2, 1, 1, 
81: 0, 5, 0, 2, 3, 51, 1, 0, 0, 1, 0, 0, 3, 0, 0, 0, 0, 53, 0, 52, : 5, 2, 3, 51, 1, 1, 3, 53, 52, 
158: 0, 1, 0, 4, 9, 2, 3, 55, 0, 3, 0, 5, 5, 2, 0, 0, 51, 0, 0, 0, : 1, 4, 9, 2, 3, 55, 3, 5, 5, 2, 51, 
146: 4, 5, 0, 0, 3, 0, 1, 5, 0, 2, 0, 0, 5, 0, 0, 0, 0, 5, 0, 0, : 4, 5, 3, 1, 5, 2, 5, 5, 
195: 0, 1, 0, 0, 4, 0, 4, 0, 54, 8, 0, 0, 1, 2, 0, 0, 1, 0, 0, 0, : 1, 4, 4, 54, 8, 1, 2, 1, 
59: 2, 5, 0, 0, 5, 0, 3, 0, 0, 5, 0, 0, 5, 0, 0, 0, 0, 2, 54, 0, : 2, 5, 5, 3, 5, 5, 2, 54, 
199: 0, 4, 0, 0, 2, 2, 3, 0, 0, 1, 0, 0, 2, 0, 0, 0, 0, 0, 0, 1, : 4, 2, 2, 3, 1, 2, 1, 
191: 51, 2, 0, 0, 5, 0, 1, 0, 0, 1, 0, 0, 2, 0, 0, 0, 0, 0, 0, 0, : 51, 2, 5, 1, 1, 2, 
11: 0, 4, 53, 0, 1, 0, 2, 0, 0, 4, 0, 0, 1, 2, 0, 0, 0, 0, 0, 0, : 4, 53, 1, 2, 4, 1, 2, 
163: 0, 5, 5, 51, 1, 0, 4, 0, 0, 2, 0, 0, 4, 0, 0, 0, 0, 0, 0, 0, : 5, 5, 51, 1, 4, 2, 4, 
185: 0, 3, 1, 0, 4, 0, 5, 0, 0, 5, 0, 0, 4, 0, 5, 1, 0, 0, 0, 0, : 3, 1, 4, 5, 5, 4, 5, 1, 
169: 0, 1, 0, 0, 2, 0, 5, 0, 5, 5, 0, 0, 3, 0, 0, 1, 0, 0, 0, 0, : 1, 2, 5, 5, 5, 3, 1, 
98: 0, 4, 0, 0, 1, 0, 2, 0, 1, 5, 2, 0, 5, 2, 50, 50, 5, 0, 0, 0, : 4, 1, 2, 1, 5, 2, 5, 2, 50, 50, 5, 


96: 0, 54, 0, 0, 0, 5, 0, 0, 0, 4, 0, 0, 0, 1, 0, 4, 0, 0, 0, 0, : 54, 5, 4, 1, 4, 
93: 0, 0, 0, 0, 0, 3, 4, 0, 0, 2, 1, 51, 1, 0, 0, 3, 0, 54, 0, 0, : 3, 4, 2, 1, 51, 1, 3, 54, 
114: 2, 0, 0, 50, 0, 5, 0, 0, 0, 5, 54, 0, 0, 0, 0, 1, 0, 0, 0, 0, : 2, 50, 5, 5, 54, 1, 
91: 1, 3, 0, 0, 0, 5, 0, 0, 0, 1, 0, 0, 5, 0, 0, 5, 55, 1, 0, 0, : 1, 3, 5, 1, 5, 5, 55, 1, 
161: 0, 0, 0, 0, 0, 2, 0, 0, 0, 1, 0, 4, 0, 0, 0, 5, 0, 0, 0, 0, : 2, 1, 4, 5, 
18: 0, 3, 0, 0, 5, 2, 0, 0, 0, 5, 1, 0, 1, 0, 4, 4, 0, 0, 1, 5, : 3, 5, 2, 5, 1, 1, 4, 4, 1, 5, 
186: 0, 0, 0, 0, 0, 3, 1, 5, 0, 2, 3, 1, 0, 0, 0, 4, 0, 5, 0, 0, : 3, 1, 5, 2, 3, 1, 4, 5, 
167: 0, 0, 0, 0, 0, 1, 0, 0, 0, 3, 0, 2, 0, 0, 0, 1, 0, 0, 55, 0, : 1, 3, 2, 1, 55, 
87: 1, 0, 0, 0, 0, 3, 0, 3, 0, 4, 0, 0, 2, 0, 0, 5, 1, 0, 0, 0, : 1, 3, 3, 4, 2, 5, 1, 
85: 2, 0, 53, 0, 1, 3, 0, 0, 0, 5, 1, 1, 0, 54, 0, 3, 0, 0, 2, 0, : 2, 53, 1, 3, 5, 1, 1, 54, 3, 2, 
180: 1, 0, 0, 0, 0, 4, 0, 0, 0, 1, 0, 0, 0, 0, 0, 2, 0, 0, 0, 0, : 1, 4, 1, 2, 
24: 0, 0, 0, 4, 0, 3, 0, 0, 0, 0, 0, 0, 0, 0, 0, 5, 0, 0, 0, 0, : 4, 3, 5, 
49: 0, 0, 0, 0, 0, 2, 0, 0, 0, 5, 0, 0, 0, 0, 0, 1, 0, 0, 0, 0, : 2, 5, 1, 
157: 1, 0, 0, 0, 0, 4, 53, 0, 5, 1, 0, 0, 0, 0, 0, 3, 0, 0, 0, 0, : 1, 4, 53, 5, 1, 3, 
16: 1, 0, 4, 0, 53, 2, 0, 0, 5, 5, 0, 0, 0, 2, 0, 3, 0, 0, 2, 0, : 1, 4, 53, 2, 5, 5, 2, 3, 2, 
12: 0, 0, 3, 2, 1, 1, 0, 52, 0, 1, 0, 0, 51, 0, 0, 0, 3, 0, 0, 0, : 3, 2, 1, 1, 52, 1, 51, 3, 
29: 0, 0, 0, 4, 0, 2, 0, 0, 0, 4, 0, 0, 0, 0, 54, 0, 0, 0, 0, 0, : 4, 2, 4, 54, 
121: 50, 0, 0, 0, 0, 5, 0, 0, 0, 4, 0, 0, 0, 0, 0, 3, 1, 0, 0, 50, : 50, 5, 4, 3, 1, 50, 
68: 0, 0, 0, 0, 0, 4, 0, 0, 0, 2, 0, 1, 0, 3, 0, 4, 0, 0, 0, 0, : 4, 2, 1, 3, 4, 
166: 1, 0, 0, 0, 0, 1, 2, 0, 50, 5, 0, 0, 0, 0, 2, 4, 0, 0, 0, 5, : 1, 1, 2, 50, 5, 2, 4, 5, 


144: 0, 2, 0, 0, 0, 0, 0, 2, 50, 2, 3, 0, 0, 0, 5, 2, 1, 0, 3, 2, : 2, 2, 50, 2, 3, 5, 2, 1, 3, 2, 
115: 0, 3, 0, 0, 0, 53, 0, 3, 0, 5, 4, 1, 0, 0, 0, 2, 4, 4, 3, 5, : 3, 53, 3, 5, 4, 1, 2, 4, 4, 3, 5, 
164: 0, 4, 0, 0, 0, 0, 4, 5, 0, 1, 5, 53, 0, 5, 0, 5, 5, 0, 5, 4, : 4, 4, 5, 1, 5, 53, 5, 5, 5, 5, 4, 
176: 0, 4, 0, 3, 0, 0, 2, 2, 0, 5, 2, 2, 0, 0, 0, 2, 4, 0, 1, 3, : 4, 3, 2, 2, 5, 2, 2, 2, 4, 1, 3, 
65: 0, 4, 0, 0, 0, 0, 0, 1, 5, 3, 5, 0, 0, 2, 0, 4, 4, 0, 2, 1, : 4, 1, 5, 3, 5, 2, 4, 4, 2, 1, 
43: 0, 3, 0, 0, 0, 0, 0, 5, 0, 0, 2, 0, 1, 0, 0, 4, 3, 0, 3, 4, : 3, 5, 2, 1, 4, 3, 3, 4, 
112: 2, 2, 0, 0, 0, 0, 0, 1, 0, 5, 2, 4, 0, 0, 0, 2, 2, 2, 2, 5, : 2, 2, 1, 5, 2, 4, 2, 2, 2, 2, 5, 
55: 0, 2, 0, 3, 0, 2, 0, 4, 0, 4, 2, 0, 0, 0, 53, 3, 4, 0, 4, 3, : 2, 3, 2, 4, 4, 2, 53, 3, 4, 4, 3, 
178: 0, 5, 0, 0, 50, 0, 0, 5, 0, 5, 2, 0, 0, 0, 0, 1, 2, 53, 4, 2, : 5, 50, 5, 5, 2, 1, 2, 53, 4, 2, 
160: 3, 1, 3, 51, 0, 0, 0, 1, 0, 5, 4, 0, 2, 0, 0, 1, 2, 0, 3, 3, : 3, 1, 3, 51, 1, 5, 4, 2, 1, 2, 3, 3, 
134: 1, 1, 2, 0, 5, 0, 0, 5, 0, 4, 1, 0, 0, 0, 0, 4, 4, 1, 5, 4, : 1, 1, 2, 5, 5, 4, 1, 4, 4, 1, 5, 4, 
83: 52, 4, 0, 0, 0, 0, 0, 5, 0, 2, 1, 0, 0, 1, 0, 1, 0, 0, 0, 3, : 52, 4, 5, 2, 1, 1, 1, 3, 
184: 1, 5, 0, 0, 0, 0, 52, 2, 0, 1, 1, 0, 0, 50, 0, 2, 4, 0, 4, 1, : 1, 5, 52, 2, 1, 1, 50, 2, 4, 4, 1, 
77: 0, 3, 0, 1, 3, 1, 0, 2, 0, 1, 4, 0, 0, 0, 0, 4, 4, 0, 2, 5, : 3, 1, 3, 1, 2, 1, 4, 4, 4, 2, 5, 
78: 0, 4, 0, 0, 0, 0, 0, 3, 0, 3, 5, 0, 1, 0, 0, 4, 1, 0, 2, 0, : 4, 3, 3, 5, 1, 4, 1, 2, 
107: 0, 0, 0, 0, 1, 0, 1, 5, 0, 4, 5, 0, 54, 0, 2, 4, 4, 0, 1, 3, : 1, 1, 5, 4, 5, 54, 2, 4, 4, 1, 3, 
72: 0, 5, 0, 0, 0, 1, 1, 4, 0, 5, 1, 0, 0, 0, 0, 4, 4, 0, 4, 4, : 5, 1, 1, 4, 5, 1, 4, 4, 4, 4, 
123: 0, 3, 0, 0, 1, 3, 0, 1, 0, 2, 5, 0, 0, 2, 0, 2, 1, 0, 5, 2, : 3, 1, 3, 1, 2, 5, 2, 2, 1, 5, 2, 
67: 1, 5, 0, 2, 0, 0, 0, 2, 0, 2, 3, 0, 2, 0, 0, 5, 4, 0, 2, 1, : 1, 5, 2, 2, 2, 3, 2, 5, 4, 2, 1, 
53: 0, 0, 55, 0, 0, 0, 0, 2, 5, 1, 3, 0, 0, 0, 0, 4, 3, 0, 5, 5, : 55, 2, 5, 1, 3, 4, 3, 5, 5, 


51: 1, 1, 0, 1, 0, 0, 5, 0, 0, 0, 0, 1, 4, 2, 5, 4, 2, 4, 0, 3, : 1, 1, 1, 5, 1, 4, 2, 5, 4, 2, 4, 3, 
155: 5, 0, 0, 2, 4, 0, 2, 0, 0, 0, 1, 2, 0, 2, 0, 4, 2, 2, 5, 4, : 5, 2, 4, 2, 1, 2, 2, 4, 2, 2, 5, 4, 
2: 4, 3, 2, 3, 55, 0, 5, 4, 0, 0, 1, 0, 0, 4, 4, 9, 3, 4, 2, 1, : 4, 3, 2, 3, 55, 5, 4, 1, 4, 4, 9, 3, 4, 2, 1, 
23: 2, 1, 0, 5, 0, 0, 3, 0, 0, 0, 0, 50, 0, 5, 1, 5, 1, 5, 2, 2, : 2, 1, 5, 3, 50, 5, 1, 5, 1, 5, 2, 2, 
125: 1, 0, 0, 1, 0, 0, 2, 0, 0, 0, 51, 0, 0, 1, 1, 4, 2, 3, 0, 4, : 1, 1, 2, 51, 1, 1, 4, 2, 3, 4, 
74: 3, 0, 0, 3, 0, 1, 2, 0, 0, 2, 0, 0, 0, 1, 5, 2, 2, 5, 0, 1, : 3, 3, 1, 2, 2, 1, 5, 2, 2, 5, 1, 
150: 5, 1, 1, 6, 0, 0, 1, 55, 4, 0, 0, 2, 0, 1, 3, 2, 3, 4, 0, 2, : 5, 1, 1, 6, 1, 55, 4, 2, 1, 3, 2, 3, 4, 2, 
128: 1, 0, 3, 3, 1, 54, 2, 0, 0, 0, 0, 0, 0, 3, 3, 1, 3, 1, 1, 4, : 1, 3, 3, 1, 54, 2, 3, 3, 1, 3, 1, 1, 4, 
117: 5, 0, 0, 3, 0, 0, 1, 0, 2, 0, 0, 0, 0, 2, 2, 3, 5, 0, 0, 2, : 5, 3, 1, 2, 2, 2, 3, 5, 2, 
179: 0, 0, 0, 2, 0, 0, 4, 0, 1, 0, 0, 0, 3, 5, 3, 5, 5, 1, 0, 5, : 2, 4, 1, 3, 5, 3, 5, 5, 1, 5, 
71: 2, 0, 0, 2, 0, 0, 3, 1, 0, 0, 0, 0, 0, 5, 5, 1, 3, 3, 0, 4, : 2, 2, 3, 1, 5, 5, 1, 3, 3, 4, 
4: 2, 0, 1, 3, 0, 0, 5, 0, 0, 1, 0, 0, 0, 1, 5, 1, 1, 2, 0, 4, : 2, 1, 3, 5, 1, 1, 5, 1, 1, 2, 4, 
152: 4, 0, 0, 5, 0, 0, 5, 0, 1, 2, 0, 0, 3, 5, 2, 1, 2, 5, 0, 2, : 4, 5, 5, 1, 2, 3, 5, 2, 1, 2, 5, 2, 
9: 4, 2, 0, 5, 0, 0, 5, 0, 0, 0, 0, 0, 0, 1, 5, 2, 3, 2, 0, 1, : 4, 2, 5, 5, 1, 5, 2, 3, 2, 1, 
126: 2, 0, 0, 1, 0, 4, 2, 0, 0, 55, 3, 0, 0, 4, 1, 4, 6, 4, 0, 4, : 2, 1, 4, 2, 55, 3, 4, 1, 4, 6, 4, 4, 
48: 4, 0, 0, 3, 0, 0, 3, 0, 0, 0, 0, 0, 0, 4, 2, 5, 4, 5, 0, 1, : 4, 3, 3, 4, 2, 5, 4, 5, 1, 
15: 3, 0, 53, 2, 0, 0, 2, 0, 0, 0, 0, 0, 0, 3, 4, 1, 3, 5, 50, 5, : 3, 53, 2, 2, 3, 4, 1, 3, 5, 50, 5, 
168: 3, 1, 0, 2, 0, 0, 3, 0, 0, 0, 4, 1, 0, 4, 4, 1, 3, 0, 0, 5, : 3, 1, 2, 3, 4, 1, 4, 4, 1, 3, 5, 
45: 4, 50, 0, 4, 0, 0, 4, 0, 0, 0, 0, 0, 50, 4, 3, 1, 4, 3, 0, 3, : 4, 50, 4, 4, 50, 4, 3, 1, 4, 3, 3, 
182: 5, 1, 0, 4, 0, 1, 1, 0, 52, 0, 0, 4, 0, 3, 2, 4, 3, 2, 0, 3, : 5, 1, 4, 1, 1, 52, 4, 3, 2, 4, 3, 2, 3, 


151: 0, 1, 1, 0, 5, 0, 1, 0, 0, 0, 0, 5, 0, 0, 0, 0, 0, 2, 0, 1, : 1, 1, 5, 1, 5, 2, 1, 
14: 0, 0, 1, 0, 0, 0, 50, 0, 53, 0, 0, 2, 0, 0, 0, 0, 1, 2, 0, 4, : 1, 50, 53, 2, 1, 2, 4, 
183: 0, 0, 3, 0, 0, 1, 5, 0, 0, 2, 0, 3, 0, 0, 0, 0, 0, 3, 0, 1, : 3, 1, 5, 2, 3, 3, 1, 
25: 0, 0, 13, 0, 0, 1, 0, 0, 0, 0, 0, 2, 0, 0, 0, 1, 54, 3, 5, 1, : 13, 1, 2, 1, 54, 3, 5, 1, 
13: 52, 0, 3, 50, 3, 0, 0, 0, 1, 0, 0, 5, 0, 0, 0, 0, 0, 3, 0, 1, : 52, 3, 50, 3, 1, 5, 3, 1, 
64: 0, 0, 2, 1, 0, 0, 0, 0, 0, 0, 0, 6, 0, 0, 0, 0, 0, 2, 0, 1, : 2, 1, 6, 2, 1, 
153: 0, 0, 3, 0, 0, 0, 0, 0, 0, 0, 1, 3, 53, 0, 0, 0, 0, 2, 0, 5, : 3, 1, 3, 53, 2, 5, 
97: 0, 2, 3, 0, 0, 2, 0, 0, 0, 0, 0, 5, 0, 0, 0, 5, 0, 4, 0, 3, : 2, 3, 2, 5, 5, 4, 3, 
192: 0, 0, 2, 0, 1, 0, 0, 0, 0, 0, 0, 1, 0, 1, 0, 0, 0, 1, 0, 10, : 2, 1, 1, 1, 1, 10, 
63: 0, 0, 5, 4, 0, 1, 0, 0, 0, 0, 0, 2, 0, 52, 0, 0, 0, 4, 0, 2, : 5, 4, 1, 2, 52, 4, 2, 
165: 0, 0, 1, 0, 0, 0, 0, 0, 2, 2, 2, 2, 0, 5, 0, 2, 0, 5, 0, 4, : 1, 2, 2, 2, 2, 5, 2, 5, 4, 
119: 0, 0, 4, 0, 50, 3, 0, 3, 0, 0, 0, 4, 0, 2, 1, 0, 0, 3, 0, 2, : 4, 50, 3, 3, 4, 2, 1, 3, 2, 
137: 0, 52, 1, 0, 1, 0, 0, 0, 0, 0, 4, 2, 5, 0, 0, 0, 0, 4, 0, 5, : 52, 1, 1, 4, 2, 5, 4, 5, 
102: 0, 0, 1, 0, 0, 0, 0, 0, 0, 0, 0, 4, 0, 0, 0, 0, 0, 3, 0, 4, : 1, 4, 3, 4, 
61: 0, 3, 3, 0, 0, 52, 0, 0, 3, 2, 0, 2, 2, 0, 2, 0, 0, 2, 1, 1, : 3, 3, 52, 3, 2, 2, 2, 2, 2, 1, 1, 
47: 3, 0, 1, 5, 0, 0, 0, 54, 1, 0, 0, 5, 0, 0, 0, 0, 0, 6, 0, 3, : 3, 1, 5, 54, 1, 5, 6, 3, 
62: 5, 0, 3, 0, 0, 0, 3, 0, 0, 0, 0, 1, 0, 0, 0, 50, 0, 5, 0, 5, : 5, 3, 3, 1, 50, 5, 5, 
109: 0, 2, 3, 0, 0, 0, 1, 0, 0, 54, 0, 1, 0, 0, 4, 0, 5, 3, 0, 1, : 2, 3, 1, 54, 1, 4, 5, 3, 1, 
135: 0, 0, 2, 0, 0, 0, 0, 0, 0, 0, 0, 4, 0, 0, 0, 0, 0, 2, 3, 3, : 2, 4, 2, 3, 3, 
133: 0, 0, 5, 0, 0, 0, 0, 3, 0, 0, 53, 1, 0, 0, 53, 2, 0, 1, 51, 3, : 5, 3, 53, 1, 53, 2, 1, 51, 3, 


73: 0, 0, 0, 0, 50, 2, 2, 1, 0, 0, 2, 1, 0, 4, 3, 0, 0, 1, 4, 0, : 50, 2, 2, 1, 2, 1, 4, 3, 1, 4, 
122: 0, 0, 0, 0, 1, 0, 0, 6, 0, 0, 0, 0, 0, 0, 0, 0, 0, 0, 0, 0, : 1, 6, 
17: 2, 4, 0, 0, 0, 0, 1, 2, 0, 0, 0, 0, 54, 0, 2, 0, 0, 0, 0, 0, : 2, 4, 1, 2, 54, 2, 
140: 0, 1, 0, 0, 2, 0, 0, 2, 0, 0, 0, 1, 0, 0, 0, 0, 0, 0, 0, 0, : 1, 2, 2, 1, 
39: 0, 0, 0, 0, 0, 2, 0, 3, 0, 4, 0, 4, 0, 0, 2, 1, 0, 0, 0, 0, : 2, 3, 4, 4, 2, 1, 
173: 1, 0, 0, 0, 0, 0, 53, 3, 4, 0, 0, 0, 0, 50, 0, 0, 0, 0, 0, 0, : 1, 53, 3, 4, 50, 
194: 0, 0, 4, 0, 0, 0, 0, 5, 0, 0, 0, 0, 0, 0, 2, 0, 0, 3, 0, 0, : 4, 5, 2, 3, 
36: 0, 0, 0, 0, 0, 0, 0, 5, 1, 0, 0, 0, 0, 0, 0, 0, 55, 1, 50, 0, : 5, 1, 55, 1, 50, 
54: 0, 1, 0, 0, 0, 0, 0, 4, 5, 0, 0, 0, 0, 0, 0, 1, 0, 4, 0, 0, : 1, 4, 5, 1, 4, 
105: 50, 0, 0, 52, 0, 0, 4, 3, 0, 0, 0, 0, 0, 0, 0, 1, 0, 0, 0, 0, : 50, 52, 4, 3, 1, 
88: 0, 0, 50, 5, 2, 0, 0, 2, 0, 0, 0, 0, 0, 0, 0, 0, 0, 0, 0, 0, : 50, 5, 2, 2, 
162: 0, 0, 2, 0, 0, 0, 0, 2, 0, 4, 0, 1, 0, 0, 51, 0, 0, 0, 0, 0, : 2, 2, 4, 1, 51, 
139: 3, 0, 0, 0, 0, 0, 0, 3, 0, 0, 0, 0, 0, 0, 0, 0, 1, 0, 0, 0, : 3, 3, 1, 
6: 0, 0, 1, 3, 3, 0, 0, 3, 0, 51, 0, 0, 0, 0, 0, 2, 0, 0, 0, 0, : 1, 3, 3, 3, 51, 2, 
42: 0, 0, 0, 0, 0, 0, 0, 3, 0, 0, 3, 0, 0, 4, 0, 0, 0, 0, 0, 1, : 3, 3, 4, 1, 
84: 3, 53, 0, 0, 1, 0, 0, 2, 0, 0, 0, 0, 0, 0, 0, 0, 1, 0, 0, 4, : 3, 53, 1, 2, 1, 4, 
104: 0, 0, 0, 0, 0, 0, 0, 3, 0, 0, 0, 3, 0, 0, 0, 0, 3, 51, 4, 55, : 3, 3, 3, 51, 4, 55, 
177: 0, 0, 0, 0, 0, 3, 0, 1, 50, 0, 53, 0, 0, 2, 0, 55, 0, 0, 0, 0, : 3, 1, 50, 53, 2, 55, 
30: 1, 1, 0, 0, 0, 53, 0, 4, 0, 1, 0, 0, 2, 0, 0, 0, 0, 0, 0, 0, : 1, 1, 53, 4, 1, 2, 
193: 0, 0, 3, 0, 1, 0, 0, 3, 0, 0, 2, 50, 4, 0, 0, 0, 0, 0, 2, 0, : 3, 1, 3, 2, 50, 4, 2, 


187: 5, 0, 0, 0, 0, 1, 4, 2, 0, 0, 3, 0, 2, 4, 0, 5, 0, 0, 0, 0, : 5, 1, 4, 2, 3, 2, 4, 5, 
58: 3, 0, 0, 0, 1, 5, 5, 0, 0, 1, 2, 1, 4, 5, 0, 0, 0, 0, 2, 0, : 3, 1, 5, 5, 1, 2, 1, 4, 5, 2, 
189: 1, 0, 0, 0, 1, 5, 1, 0, 0, 0, 5, 0, 4, 2, 1, 0, 0, 0, 0, 4, : 1, 1, 5, 1, 5, 4, 2, 1, 4, 
110: 4, 0, 0, 0, 5, 5, 2, 0, 0, 0, 5, 0, 3, 4, 51, 0, 0, 0, 0, 0, : 4, 5, 5, 2, 5, 3, 4, 51, 
143: 4, 0, 0, 0, 0, 5, 3, 0, 0, 0, 5, 0, 1, 5, 0, 0, 0, 0, 0, 52, : 4, 5, 3, 5, 1, 5, 52, 
138: 1, 1, 0, 0, 3, 2, 3, 2, 0, 0, 2, 0, 5, 1, 0, 0, 0, 0, 0, 0, : 1, 1, 3, 2, 3, 2, 2, 5, 1, 
94: 2, 0, 0, 0, 0, 1, 1, 0, 54, 51, 5, 0, 4, 0, 0, 0, 0, 0, 0, 0, : 2, 1, 1, 54, 51, 5, 4, 
127: 3, 0, 0, 54, 0, 5, 5, 51, 1, 0, 4, 0, 2, 3, 0, 3, 0, 0, 0, 0, : 3, 54, 5, 5, 51, 1, 4, 2, 3, 3, 
100: 3, 2, 0, 0, 0, 1, 2, 0, 5, 0, 0, 2, 2, 1, 3, 2, 53, 0, 0, 0, : 3, 2, 1, 2, 5, 2, 2, 1, 3, 2, 53, 
46: 1, 3, 0, 0, 0, 4, 4, 0, 0, 4, 1, 0, 1, 3, 0, 0, 0, 0, 1, 0, : 1, 3, 4, 4, 4, 1, 1, 3, 1, 
31: 2, 4, 0, 0, 0, 1, 3, 0, 0, 0, 1, 0, 4, 3, 0, 0, 3, 0, 0, 0, : 2, 4, 1, 3, 1, 4, 3, 3, 
56: 3, 0, 0, 0, 0, 5, 5, 0, 0, 1, 1, 0, 2, 5, 0, 50, 0, 0, 0, 0, : 3, 5, 5, 1, 1, 2, 5, 50, 
101: 4, 0, 0, 0, 0, 2, 0, 0, 0, 0, 3, 0, 2, 4, 5, 0, 0, 1, 0, 4, : 4, 2, 3, 2, 4, 5, 1, 4, 
103: 2, 0, 0, 0, 0, 3, 5, 0, 0, 1, 1, 1, 5, 3, 0, 0, 0, 0, 3, 0, : 2, 3, 5, 1, 1, 1, 5, 3, 3, 
141: 4, 50, 0, 0, 0, 0, 0, 0, 0, 0, 5, 0, 4, 4, 0, 0, 0, 0, 50, 0, : 4, 50, 5, 4, 4, 50, 
159: 5, 0, 0, 0, 0, 2, 4, 0, 0, 0, 5, 0, 5, 2, 0, 0, 0, 0, 0, 0, : 5, 2, 4, 5, 5, 2, 
37: 4, 0, 0, 0, 0, 5, 1, 5, 0, 2, 5, 51, 4, 4, 0, 0, 4, 55, 0, 0, : 4, 5, 1, 5, 2, 5, 51, 4, 4, 4, 55, 
142: 1, 0, 55, 0, 0, 0, 4, 0, 0, 0, 1, 0, 3, 0, 0, 0, 0, 4, 4, 0, : 1, 55, 4, 1, 3, 4, 4, 
8: 3, 0, 5, 2, 50, 4, 5, 0, 0, 0, 4, 5, 2, 4, 0, 0, 0, 0, 0, 0, : 3, 5, 2, 50, 4, 5, 4, 5, 2, 4, 
7: 5, 0, 0, 4, 0, 4, 3, 0, 0, 0, 2, 0, 1, 3, 0, 0, 0, 0, 0, 0, : 5, 4, 4, 3, 2, 1, 3, 


26: 50, 0, 5, 2, 2, 5, 4, 0, 5, 0, 5, 1, 2, 0, 0, 0, 0, 0, 0, 3, : 50, 5, 2, 2, 5, 4, 5, 5, 1, 2, 3, 
86: 0, 0, 0, 4, 0, 4, 0, 0, 4, 0, 5, 0, 53, 0, 0, 0, 0, 0, 54, 1, : 4, 4, 4, 5, 53, 54, 1, 
172: 0, 53, 0, 1, 55, 6, 0, 0, 3, 0, 2, 0, 0, 0, 53, 0, 0, 0, 0, 3, : 53, 1, 55, 6, 3, 2, 53, 3, 
147: 0, 0, 0, 2, 0, 2, 0, 0, 4, 0, 0, 0, 0, 0, 0, 0, 0, 0, 0, 1, : 2, 2, 4, 1, 
20: 0, 0, 0, 2, 0, 2, 0, 0, 2, 0, 1, 0, 1, 4, 2, 0, 0, 0, 1, 3, : 2, 2, 2, 1, 1, 4, 2, 1, 3, 
111: 0, 0, 5, 5, 0, 3, 0, 0, 4, 0, 1, 51, 4, 2, 0, 0, 2, 1, 0, 3, : 5, 5, 3, 4, 1, 51, 4, 2, 2, 1, 3, 
149: 0, 0, 0, 3, 0, 2, 0, 0, 6, 0, 3, 0, 0, 0, 0, 0, 0, 50, 0, 3, : 3, 2, 6, 3, 50, 3, 
32: 0, 0, 0, 2, 1, 1, 0, 0, 5, 0, 1, 0, 0, 54, 0, 0, 0, 5, 0, 1, : 2, 1, 1, 5, 1, 54, 5, 1, 
131: 0, 0, 0, 4, 2, 1, 0, 0, 4, 0, 4, 0, 0, 0, 1, 0, 0, 0, 1, 5, : 4, 2, 1, 4, 4, 1, 1, 5, 
57: 4, 0, 0, 4, 0, 5, 0, 0, 2, 5, 5, 0, 0, 0, 4, 4, 0, 0, 0, 4, : 4, 4, 5, 2, 5, 5, 4, 4, 4, 
89: 0, 0, 50, 2, 0, 5, 0, 0, 1, 52, 3, 0, 0, 0, 0, 0, 3, 2, 0, 4, : 50, 2, 5, 1, 52, 3, 3, 2, 4, 
79: 0, 0, 0, 4, 0, 4, 0, 0, 2, 0, 4, 5, 0, 0, 0, 3, 0, 0, 0, 4, : 4, 4, 2, 4, 5, 3, 4, 
136: 0, 0, 0, 5, 0, 1, 0, 0, 1, 0, 3, 0, 0, 0, 0, 0, 0, 0, 0, 3, : 5, 1, 1, 3, 3, 
181: 0, 0, 0, 4, 0, 3, 3, 0, 1, 0, 5, 0, 0, 0, 0, 0, 0, 0, 0, 5, : 4, 3, 3, 1, 5, 5, 
38: 4, 2, 0, 2, 0, 2, 0, 5, 3, 3, 1, 0, 0, 0, 0, 0, 0, 1, 0, 2, : 4, 2, 2, 2, 5, 3, 3, 1, 1, 2, 
175: 0, 0, 0, 4, 0, 1, 0, 55, 3, 0, 4, 0, 0, 0, 0, 0, 0, 0, 1, 4, : 4, 1, 55, 3, 4, 1, 4, 
130: 2, 0, 0, 1, 0, 2, 53, 0, 2, 0, 1, 0, 0, 0, 0, 53, 0, 0, 0, 1, : 2, 1, 2, 53, 2, 1, 53, 1, 
69: 0, 0, 0, 4, 0, 3, 0, 0, 4, 0, 3, 0, 0, 0, 0, 0, 0, 0, 0, 3, : 4, 3, 4, 3, 3, 
200: 0, 1, 0, 1, 0, 7, 0, 0, 1, 0, 5, 3, 0, 0, 0, 0, 2, 0, 0, 4, : 1, 1, 7, 1, 5, 3, 2, 4, 
5: 0, 4, 0, 4, 0, 1, 0, 0, 3, 0, 4, 0, 0, 0, 0, 0, 53, 1, 3, 3, : 4, 4, 1, 3, 4, 53, 1, 3, 3, 


148: 0, 1, 0, 1, 0, 0, 2, 0, 0, 2, 0, 50, 4, 0, 0, 0, 1, 0, 3, 1, : 1, 1, 2, 2, 50, 4, 1, 3, 1, 
44: 0, 54, 0, 0, 0, 0, 4, 0, 0, 0, 0, 0, 5, 0, 51, 0, 0, 0, 4, 5, : 54, 4, 5, 51, 4, 5, 
156: 0, 0, 0, 0, 54, 0, 5, 0, 0, 1, 0, 0, 4, 0, 0, 0, 0, 0, 3, 4, : 54, 5, 1, 4, 3, 4, 
108: 2, 0, 2, 0, 0, 0, 2, 0, 0, 0, 0, 1, 2, 0, 0, 0, 0, 0, 5, 2, : 2, 2, 2, 1, 2, 5, 2, 
198: 0, 0, 0, 0, 0, 0, 4, 0, 0, 0, 0, 0, 1, 1, 0, 0, 0, 0, 1, 4, : 4, 1, 1, 1, 4, 
34: 50, 0, 0, 0, 0, 0, 1, 2, 0, 0, 0, 2, 1, 2, 0, 0, 0, 0, 5, 2, : 50, 1, 2, 2, 1, 2, 5, 2, 
124: 0, 0, 0, 0, 0, 0, 2, 0, 51, 0, 0, 1, 1, 0, 0, 5, 0, 0, 3, 1, : 2, 51, 1, 1, 5, 3, 1, 
76: 0, 0, 1, 0, 0, 0, 5, 4, 0, 0, 0, 0, 4, 0, 0, 0, 0, 0, 2, 1, : 1, 5, 4, 4, 2, 1, 
120: 0, 5, 0, 0, 4, 0, 2, 0, 0, 51, 0, 1, 1, 0, 0, 0, 4, 0, 5, 7, : 5, 4, 2, 51, 1, 1, 4, 5, 7, 
118: 0, 0, 0, 0, 0, 1, 4, 1, 0, 0, 50, 0, 5, 0, 5, 0, 0, 0, 3, 4, : 1, 4, 1, 50, 5, 5, 3, 4, 
113: 0, 0, 54, 55, 0, 1, 4, 0, 2, 0, 1, 0, 2, 0, 1, 0, 0, 0, 3, 4, : 54, 55, 1, 4, 2, 1, 2, 1, 3, 4, 
19: 0, 0, 0, 0, 2, 2, 4, 0, 0, 4, 0, 0, 5, 1, 0, 0, 0, 0, 2, 3, : 2, 2, 4, 4, 5, 1, 2, 3, 
190: 0, 0, 0, 0, 0, 55, 3, 51, 2, 0, 0, 0, 3, 52, 0, 1, 54, 0, 2, 3, : 55, 3, 51, 2, 3, 52, 1, 54, 2, 3, 
154: 2, 0, 0, 0, 0, 0, 2, 0, 4, 0, 4, 0, 5, 0, 0, 0, 0, 2, 1, 4, : 2, 2, 4, 4, 5, 2, 1, 4, 
132: 0, 0, 0, 4, 0, 0, 3, 0, 0, 0, 4, 1, 2, 0, 0, 0, 0, 0, 3, 1, : 4, 3, 4, 1, 2, 3, 1, 
27: 4, 0, 1, 0, 0, 0, 0, 0, 0, 0, 0, 4, 1, 3, 0, 0, 0, 0, 5, 1, : 4, 1, 4, 1, 3, 5, 1, 
106: 0, 0, 0, 0, 0, 0, 1, 0, 0, 2, 1, 0, 5, 1, 0, 0, 0, 0, 1, 3, : 1, 2, 1, 5, 1, 1, 3, 
52: 0, 0, 2, 0, 0, 1, 4, 0, 0, 0, 0, 0, 1, 0, 0, 0, 0, 4, 2, 2, : 2, 1, 4, 1, 4, 2, 2, 
99: 0, 0, 0, 0, 0, 0, 3, 2, 0, 0, 0, 0, 4, 0, 3, 1, 0, 0, 4, 3, : 3, 2, 4, 3, 1, 4, 3, 
197: 2, 0, 0, 0, 0, 0, 5, 0, 1, 0, 0, 0, 4, 0, 0, 53, 1, 54, 3, 5, : 2, 5, 1, 4, 53, 1, 54, 3, 5, 


3: 0, 0, 1, 2, 2, 0, 5, 0, 1, 0, 0, 0, 5, 2, 5, 4, 0, 0, 0, 4, : 1, 2, 2, 5, 1, 5, 2, 5, 4, 4, 
22: 0, 0, 0, 3, 0, 3, 3, 0, 1, 0, 1, 0, 1, 0, 0, 5, 0, 1, 0, 5, : 3, 3, 3, 1, 1, 1, 5, 1, 5, 
33: 54, 3, 0, 2, 0, 0, 2, 0, 0, 0, 0, 5, 5, 0, 0, 2, 0, 0, 0, 3, : 54, 3, 2, 2, 5, 5, 2, 3, 
75: 0, 0, 2, 1, 0, 0, 2, 0, 0, 0, 0, 0, 4, 0, 0, 4, 0, 0, 0, 2, : 2, 1, 2, 4, 4, 2, 
28: 0, 0, 0, 5, 0, 0, 3, 0, 0, 0, 0, 0, 3, 0, 0, 1, 0, 0, 0, 4, : 5, 3, 3, 1, 4, 
174: 1, 2, 0, 3, 1, 0, 4, 0, 0, 0, 2, 0, 2, 2, 2, 2, 0, 0, 1, 3, : 1, 2, 3, 1, 4, 2, 2, 2, 2, 2, 1, 3, 
70: 0, 0, 0, 5, 0, 0, 4, 0, 0, 0, 0, 1, 0, 0, 0, 5, 50, 0, 0, 5, : 5, 4, 1, 5, 50, 5, 
66: 0, 0, 52, 1, 0, 55, 2, 0, 4, 0, 0, 0, 5, 0, 0, 4, 0, 0, 0, 3, : 52, 1, 55, 2, 4, 5, 4, 3, 
145: 0, 0, 0, 1, 2, 0, 5, 0, 0, 54, 0, 0, 3, 0, 0, 2, 1, 1, 3, 2, : 1, 2, 5, 54, 3, 2, 1, 1, 3, 2, 
196: 0, 0, 0, 5, 54, 1, 3, 0, 0, 0, 0, 1, 3, 0, 0, 3, 0, 0, 3, 6, : 5, 54, 1, 3, 1, 3, 3, 3, 6, 
170: 0, 0, 0, 4, 1, 0, 2, 0, 0, 0, 1, 0, 5, 0, 0, 3, 0, 0, 53, 2, : 4, 1, 2, 1, 5, 3, 53, 2, 
60: 2, 3, 0, 5, 0, 0, 4, 5, 0, 2, 0, 0, 1, 0, 0, 2, 0, 0, 0, 2, : 2, 3, 5, 4, 5, 2, 1, 2, 2, 
116: 0, 2, 0, 1, 0, 0, 4, 0, 0, 0, 0, 0, 3, 52, 0, 5, 0, 0, 0, 1, : 2, 1, 4, 3, 52, 5, 1, 
80: 0, 0, 5, 3, 0, 0, 1, 0, 2, 0, 0, 0, 2, 0, 0, 4, 0, 55, 0, 1, : 5, 3, 1, 2, 2, 4, 55, 1, 
82: 0, 0, 0, 1, 0, 0, 2, 0, 52, 0, 1, 0, 1, 0, 0, 2, 5, 0, 0, 2, : 1, 2, 52, 1, 1, 2, 5, 2, 
21: 0, 0, 0, 2, 0, 0, 3, 0, 0, 0, 52, 53, 4, 4, 0, 1, 3, 0, 0, 4, : 2, 3, 52, 53, 4, 4, 1, 3, 4, 
95: 0, 0, 0, 4, 0, 0, 0, 0, 0, 0, 0, 0, 4, 0, 0, 3, 0, 3, 0, 1, : 4, 4, 3, 3, 1, 
50: 0, 0, 0, 4, 0, 0, 4, 51, 0, 0, 3, 0, 1, 0, 53, 4, 0, 0, 0, 3, : 4, 4, 51, 3, 1, 53, 4, 3, 
35: 3, 0, 0, 4, 0, 1, 5, 0, 0, 3, 0, 0, 3, 0, 0, 2, 0, 0, 0, 5, : 3, 4, 1, 5, 3, 3, 2, 5, 
90: 0, 50, 0, 4, 0, 0, 2, 4, 0, 1, 0, 0, 5, 0, 0, 2, 1, 0, 0, 2, : 50, 4, 2, 4, 1, 5, 2, 1, 2, 


