
200
40
60
2

20: 0, 0, 0, 5, 0, 4, 4, 4, 0, 0, 5, 0, 2, 3, 0, 1, 0, 0, 0, 0, 0, 0, 0, 4, 3, 1, 3, 0, 4, 0, 0, 2, 2, 2, 3, 0, 0, 0, 0, 0, 0, 0, 1, 4, 0, 0, 0, 0, 0, 2, 0, 0, 0, 0, 0, 0, 0, 0, 0, 0, 0, 0, 0, 0, 1, 0, 50, 0, 0, 2, 2, 0, 2, 51, 0, 0, 0, 2, 4, 0, 0, 0, 0, 5, 1, 4, 0, 0, 0, 0, 3, 0, 0, 2, 53, 0, 0, 1, 1, 0, 0, 2, 0, 3, 1, 5, 0, 4, 4, 0, 4, 0, 0, 0, 2, 0, 1, 0, 0, 0, 0, 0, 1, 0, 0, 0, 0, 0, 0, 0, 0, 0, 0, 0, 3, 0, 0, 0, 0, 0, 0, 4, 0, 0, 0, 0, 53, 0, 0, 2, 0, 0, 0, 0, 0, 2, 0, 0, 3, 1, 0, 4, 5, 53, 0, 51, 0, 1, 0, 0, 0, 0, 4, 0, 0, 0, 0, 0, 0, 0, 0, 2, 0, 0, 0, 4, 0, 1, 1, 0, 0, 0, 0, 2, 4, 1, 1, 0, 0, 0, : 5, 4, 4, 4, 5, 2, 3, 1, 4, 3, 1, 3, 4, 2, 2, 2, 3, 1, 4, 2, 1, 50, 2, 2, 2, 51, 2, 4, 5, 1, 4, 3, 2, 53, 1, 1, 2, 3, 1, 5, 4, 4, 4, 2, 1, 1, 3, 4, 53, 2, 2, 3, 1, 4, 5, 53, 51, 1, 4, 2, 4, 1, 1, 2, 4, 1, 1, 
14: 0, 4, 0, 3, 1, 1, 0, 0, 0, 0, 2, 0, 0, 3, 4, 0, 0, 0, 51, 0, 0, 2, 51, 0, 2, 0, 2, 0, 5, 0, 0, 1, 0, 0, 2, 0, 0, 3, 2, 5, 0, 0, 53, 0, 3, 0, 0, 52, 0, 0, 1, 0, 3, 0, 0, 0, 0, 0, 0, 0, 0, 0, 0, 0, 0, 2, 0, 0, 0, 2, 0, 0, 0, 0, 0, 0, 0, 3, 3, 0, 0, 0, 0, 2, 0, 3, 0, 3, 0, 0, 4, 0, 1, 0, 0, 0, 0, 0, 0, 0, 0, 0, 0, 4, 0, 5, 0, 4, 0, 0, 5, 0, 4, 2, 0, 0, 2, 0, 0, 0, 0, 0, 3, 0, 0, 0, 0, 0, 0, 0, 0, 0, 3, 0, 2, 4, 0, 5, 5, 0, 0, 0, 0, 0, 0, 52, 0, 0, 0, 2, 0, 0, 0, 0, 0, 0, 1, 0, 1, 1, 0, 0, 2, 0, 0, 0, 3, 1, 0, 1, 0, 0, 2, 0, 2, 0, 0, 0, 0, 0, 0, 4, 0, 1, 0, 2, 0, 4, 0, 0, 0, 0, 51, 0, 0, 0, 7, 0, 5, 0, : 4, 3, 1, 1, 2, 3, 4, 51, 2, 51, 2, 2, 5, 1, 2, 3, 2, 5, 53, 3, 52, 1, 3, 2, 2, 3, 3, 2, 3, 3, 4, 1, 4, 5, 4, 5, 4, 2, 2, 3, 3, 2, 4, 5, 5, 52, 2, 1, 1, 1, 2, 3, 1, 1, 2, 2, 4, 1, 2, 4, 51, 7, 5, 
25: 0, 0, 0, 2, 0, 3, 0, 0, 0, 0, 5, 4, 0, 4, 52, 50, 0, 0, 0, 0, 4, 0, 0, 0, 5, 2, 1, 0, 4, 0, 2, 5, 0, 50, 4, 0, 1, 0, 2, 0, 0, 0, 1, 0, 1, 0, 3, 0, 0, 0, 54, 5, 0, 0, 0, 0, 0, 0, 1, 0, 0, 0, 50, 0, 50, 0, 0, 0, 0, 5, 0, 0, 0, 0, 0, 0, 0, 1, 1, 0, 0, 0, 0, 53, 1, 0, 0, 5, 0, 0, 0, 0, 1, 0, 0, 0, 0, 0, 52, 0, 0, 0, 0, 1, 4, 3, 0, 5, 0, 0, 3, 5, 2, 0, 0, 0, 1, 0, 0, 2, 50, 0, 3, 0, 0, 0, 0, 0, 1, 0, 0, 0, 0, 0, 5, 5, 2, 1, 0, 0, 0, 0, 0, 1, 1, 0, 0, 0, 0, 1, 0, 53, 2, 0, 0, 0, 0, 1, 2, 2, 0, 0, 2, 0, 0, 0, 0, 0, 1, 0, 1, 55, 0, 0, 3, 1, 1, 0, 5, 0, 0, 5, 0, 0, 4, 1, 0, 5, 0, 1, 0, 1, 0, 1, 1, 0, 1, 0, 0, 0, : 2, 3, 5, 4, 4, 52, 50, 4, 5, 2, 1, 4, 2, 5, 50, 4, 1, 2, 1, 1, 3, 54, 5, 1, 50, 50, 5, 1, 1, 53, 1, 5, 1, 52, 1, 4, 3, 5, 3, 5, 2, 1, 2, 50, 3, 1, 5, 5, 2, 1, 1, 1, 1, 53, 2, 1, 2, 2, 2, 1, 1, 55, 3, 1, 1, 5, 5, 4, 1, 5, 1, 1, 1, 1, 1, 
31: 0, 0, 0, 4, 53, 5, 0, 0, 0, 0, 4, 0, 0, 5, 1, 0, 0, 5, 0, 0, 0, 0, 0, 0, 5, 0, 2, 0, 2, 0, 0, 5, 0, 0, 2, 0, 0, 0, 2, 0, 0, 0, 0, 1, 0, 0, 1, 0, 0, 0, 0, 0, 0, 1, 54, 1, 0, 0, 1, 2, 0, 0, 0, 0, 1, 0, 1, 0, 0, 4, 0, 0, 0, 4, 0, 0, 0, 5, 5, 0, 1, 0, 0, 0, 5, 5, 51, 5, 3, 0, 4, 0, 0, 1, 0, 0, 0, 0, 0, 0, 52, 0, 0, 1, 0, 2, 0, 2, 0, 0, 1, 1, 0, 0, 0, 0, 4, 0, 0, 0, 1, 0, 3, 0, 0, 0, 0, 0, 3, 0, 0, 0, 0, 0, 1, 0, 2, 0, 1, 1, 3, 0, 1, 0, 0, 0, 0, 2, 0, 5, 0, 0, 0, 0, 0, 5, 0, 0, 3, 4, 0, 0, 1, 0, 0, 0, 0, 0, 0, 0, 0, 0, 0, 3, 1, 0, 0, 0, 0, 0, 0, 2, 4, 0, 0, 5, 0, 0, 0, 0, 1, 0, 1, 2, 0, 0, 1, 0, 0, 0, : 4, 53, 5, 4, 5, 1, 5, 5, 2, 2, 5, 2, 2, 1, 1, 1, 54, 1, 1, 2, 1, 1, 4, 4, 5, 5, 1, 5, 5, 51, 5, 3, 4, 1, 52, 1, 2, 2, 1, 1, 4, 1, 3, 3, 1, 2, 1, 1, 3, 1, 2, 5, 5, 3, 4, 1, 3, 1, 2, 4, 5, 1, 1, 2, 1, 
8: 2, 0, 0, 2, 0, 3, 0, 0, 0, 0, 5, 0, 0, 5, 0, 0, 0, 2, 0, 2, 0, 0, 0, 2, 5, 53, 6, 1, 5, 0, 0, 2, 0, 0, 4, 0, 0, 0, 0, 0, 0, 0, 0, 0, 0, 3, 0, 0, 0, 0, 0, 0, 0, 0, 0, 0, 0, 0, 1, 0, 0, 51, 4, 2, 3, 0, 0, 0, 4, 3, 3, 0, 0, 0, 2, 0, 0, 5, 3, 0, 0, 0, 0, 0, 0, 1, 0, 4, 0, 0, 3, 0, 0, 0, 0, 0, 0, 0, 0, 0, 0, 1, 0, 5, 0, 5, 0, 0, 50, 0, 4, 0, 0, 0, 1, 1, 4, 0, 5, 0, 0, 4, 0, 0, 5, 0, 0, 0, 0, 0, 0, 0, 0, 0, 4, 5, 0, 0, 0, 0, 0, 0, 0, 0, 0, 0, 0, 52, 0, 3, 0, 0, 0, 1, 0, 0, 0, 0, 4, 1, 0, 0, 1, 0, 0, 0, 0, 0, 0, 54, 1, 0, 50, 1, 0, 0, 0, 0, 51, 0, 0, 3, 0, 54, 4, 4, 0, 0, 1, 5, 0, 1, 0, 0, 0, 0, 2, 0, 0, 0, : 2, 2, 3, 5, 5, 2, 2, 2, 5, 53, 6, 1, 5, 2, 4, 3, 1, 51, 4, 2, 3, 4, 3, 3, 2, 5, 3, 1, 4, 3, 1, 5, 5, 50, 4, 1, 1, 4, 5, 4, 5, 4, 5, 52, 3, 1, 4, 1, 1, 54, 1, 50, 1, 51, 3, 54, 4, 4, 1, 5, 1, 2, 
9: 0, 0, 5, 5, 2, 3, 0, 0, 0, 0, 2, 0, 0, 5, 0, 2, 0, 0, 0, 5, 52, 0, 3, 0, 1, 4, 1, 4, 1, 0, 0, 5, 52, 0, 2, 0, 0, 0, 0, 0, 0, 55, 0, 2, 0, 0, 0, 0, 0, 0, 1, 2, 0, 0, 0, 0, 4, 0, 0, 0, 0, 0, 0, 0, 0, 0, 0, 0, 3, 1, 0, 0, 0, 0, 0, 2, 1, 5, 1, 1, 0, 0, 0, 0, 0, 1, 0, 5, 0, 0, 4, 0, 0, 0, 0, 0, 1, 0, 0, 0, 0, 0, 0, 3, 0, 4, 4, 1, 3, 0, 5, 0, 2, 0, 0, 0, 5, 0, 0, 0, 0, 0, 1, 55, 0, 0, 0, 0, 0, 0, 55, 0, 0, 0, 3, 4, 0, 0, 0, 0, 0, 0, 0, 5, 4, 0, 0, 0, 1, 2, 0, 0, 0, 0, 0, 0, 0, 0, 2, 2, 0, 54, 1, 0, 0, 0, 0, 0, 0, 0, 0, 0, 0, 0, 0, 0, 0, 0, 0, 0, 4, 2, 0, 0, 0, 3, 5, 0, 0, 0, 0, 2, 0, 0, 0, 0, 4, 51, 0, 0, : 5, 5, 2, 3, 2, 5, 2, 5, 52, 3, 1, 4, 1, 4, 1, 5, 52, 2, 55, 2, 1, 2, 4, 3, 1, 2, 1, 5, 1, 1, 1, 5, 4, 1, 3, 4, 4, 1, 3, 5, 2, 5, 1, 55, 55, 3, 4, 5, 4, 1, 2, 2, 2, 54, 1, 4, 2, 3, 5, 2, 4, 51, 
21: 0, 0, 0, 4, 0, 1, 0, 0, 2, 0, 2, 52, 0, 3, 0, 1, 0, 0, 2, 0, 0, 0, 0, 0, 2, 0, 4, 0, 4, 0, 0, 1, 0, 5, 2, 0, 0, 1, 0, 0, 0, 0, 0, 0, 0, 0, 0, 0, 53, 0, 0, 53, 0, 0, 0, 0, 0, 2, 0, 0, 0, 0, 0, 0, 0, 0, 0, 0, 0, 3, 3, 0, 55, 0, 0, 50, 0, 2, 5, 0, 0, 0, 0, 0, 0, 4, 3, 4, 0, 0, 4, 0, 0, 0, 0, 0, 3, 2, 0, 0, 0, 2, 0, 2, 0, 3, 4, 2, 2, 0, 1, 0, 0, 0, 0, 0, 1, 0, 0, 0, 3, 0, 5, 1, 0, 2, 1, 0, 0, 3, 0, 53, 0, 1, 3, 5, 0, 0, 0, 0, 0, 5, 1, 3, 50, 0, 0, 0, 0, 3, 0, 0, 4, 0, 1, 53, 0, 0, 5, 5, 0, 0, 1, 0, 4, 0, 0, 0, 0, 0, 2, 0, 0, 4, 0, 52, 0, 0, 0, 0, 1, 4, 0, 0, 0, 2, 0, 0, 0, 0, 4, 1, 1, 0, 51, 0, 3, 0, 0, 0, : 4, 1, 2, 2, 52, 3, 1, 2, 2, 4, 4, 1, 5, 2, 1, 53, 53, 2, 3, 3, 55, 50, 2, 5, 4, 3, 4, 4, 3, 2, 2, 2, 3, 4, 2, 2, 1, 1, 3, 5, 1, 2, 1, 3, 53, 1, 3, 5, 5, 1, 3, 50, 3, 4, 1, 53, 5, 5, 1, 4, 2, 4, 52, 1, 4, 2, 4, 1, 1, 51, 3, 
30: 0, 0, 0, 1, 0, 4, 0, 0, 4, 4, 1, 0, 0, 1, 0, 0, 0, 0, 0, 0, 0, 4, 0, 2, 1, 0, 2, 0, 0, 0, 0, 5, 0, 0, 3, 0, 0, 0, 1, 0, 0, 0, 0, 0, 52, 2, 3, 0, 2, 0, 0, 0, 0, 2, 0, 0, 0, 0, 3, 0, 0, 0, 0, 0, 0, 0, 0, 50, 51, 1, 0, 0, 0, 0, 1, 0, 53, 4, 4, 0, 0, 0, 1, 0, 0, 5, 0, 4, 5, 0, 5, 0, 51, 2, 0, 4, 0, 2, 0, 0, 0, 0, 0, 3, 0, 1, 0, 2, 0, 0, 5, 0, 0, 2, 0, 0, 1, 0, 0, 54, 0, 0, 5, 0, 0, 0, 0, 0, 0, 1, 0, 0, 0, 0, 2, 4, 1, 0, 0, 0, 0, 0, 0, 0, 0, 0, 0, 0, 0, 4, 0, 0, 0, 0, 0, 0, 0, 3, 4, 4, 0, 0, 4, 0, 0, 1, 50, 0, 0, 0, 0, 0, 0, 51, 0, 0, 0, 0, 0, 0, 0, 2, 51, 2, 0, 2, 0, 0, 50, 0, 0, 0, 0, 0, 0, 5, 5, 0, 0, 0, : 1, 4, 4, 4, 1, 1, 4, 2, 1, 2, 5, 3, 1, 52, 2, 3, 2, 2, 3, 50, 51, 1, 1, 53, 4, 4, 1, 5, 4, 5, 5, 51, 2, 4, 2, 3, 1, 2, 5, 2, 1, 54, 5, 1, 2, 4, 1, 4, 3, 4, 4, 4, 1, 50, 51, 2, 51, 2, 2, 50, 5, 5, 
24: 0, 0, 0, 5, 0, 2, 0, 0, 50, 0, 3, 0, 1, 4, 0, 0, 0, 0, 2, 0, 0, 0, 0, 0, 2, 0, 5, 0, 3, 0, 0, 4, 0, 0, 4, 0, 0, 54, 0, 0, 0, 0, 0, 0, 0, 0, 0, 0, 0, 3, 1, 0, 0, 2, 4, 0, 0, 0, 0, 0, 54, 0, 0, 0, 0, 0, 0, 0, 1, 4, 0, 0, 2, 4, 0, 0, 0, 1, 4, 4, 0, 0, 1, 0, 1, 3, 0, 0, 0, 0, 5, 2, 0, 0, 0, 0, 0, 0, 0, 0, 0, 0, 4, 5, 0, 1, 0, 2, 0, 53, 5, 0, 0, 0, 52, 0, 5, 0, 50, 0, 0, 2, 1, 0, 0, 0, 0, 2, 0, 0, 5, 0, 0, 2, 4, 4, 4, 3, 0, 0, 0, 0, 0, 0, 0, 0, 0, 0, 0, 1, 0, 0, 0, 50, 52, 0, 2, 0, 2, 5, 0, 0, 4, 3, 0, 0, 0, 0, 0, 1, 0, 0, 0, 1, 52, 4, 0, 0, 0, 0, 0, 3, 0, 0, 0, 5, 0, 0, 0, 0, 0, 50, 0, 0, 0, 0, 4, 1, 0, 0, : 5, 2, 50, 3, 1, 4, 2, 2, 5, 3, 4, 4, 54, 3, 1, 2, 4, 54, 1, 4, 2, 4, 1, 4, 4, 1, 1, 3, 5, 2, 4, 5, 1, 2, 53, 5, 52, 5, 50, 2, 1, 2, 5, 2, 4, 4, 4, 3, 1, 50, 52, 2, 2, 5, 4, 3, 1, 1, 52, 4, 3, 5, 50, 4, 1, 
3: 0, 0, 0, 1, 0, 5, 1, 3, 0, 50, 4, 0, 52, 3, 0, 0, 0, 53, 0, 0, 0, 1, 5, 0, 5, 0, 5, 0, 2, 1, 0, 5, 0, 0, 3, 0, 0, 0, 0, 0, 0, 0, 0, 0, 0, 0, 0, 3, 0, 0, 0, 0, 1, 0, 0, 0, 0, 4, 0, 0, 4, 0, 0, 0, 0, 0, 5, 5, 0, 5, 0, 55, 0, 0, 0, 0, 0, 1, 4, 0, 1, 0, 1, 0, 0, 2, 0, 5, 0, 0, 4, 0, 4, 3, 0, 0, 0, 0, 2, 0, 0, 55, 0, 2, 0, 1, 0, 4, 1, 0, 2, 1, 0, 0, 4, 0, 1, 0, 0, 0, 0, 0, 4, 0, 0, 0, 0, 1, 0, 0, 0, 0, 0, 0, 3, 0, 50, 0, 0, 0, 0, 50, 0, 0, 2, 0, 1, 0, 0, 3, 0, 0, 0, 4, 0, 0, 0, 0, 4, 5, 0, 0, 1, 0, 0, 0, 0, 0, 5, 0, 0, 0, 0, 0, 0, 0, 1, 0, 0, 1, 0, 3, 0, 1, 0, 4, 0, 0, 0, 0, 0, 0, 4, 0, 0, 0, 1, 1, 3, 0, : 1, 5, 1, 3, 50, 4, 52, 3, 53, 1, 5, 5, 5, 2, 1, 5, 3, 3, 1, 4, 4, 5, 5, 5, 55, 1, 4, 1, 1, 2, 5, 4, 4, 3, 2, 55, 2, 1, 4, 1, 2, 1, 4, 1, 4, 1, 3, 50, 50, 2, 1, 3, 4, 4, 5, 1, 5, 1, 1, 3, 1, 4, 4, 1, 1, 3, 
4: 0, 50, 4, 4, 0, 5, 0, 0, 0, 0, 5, 0, 0, 1, 0, 0, 4, 0, 0, 0, 0, 0, 0, 0, 3, 0, 1, 0, 3, 0, 1, 2, 2, 0, 2, 0, 55, 0, 0, 0, 0, 0, 5, 0, 0, 0, 0, 0, 0, 5, 0, 0, 52, 0, 0, 0, 0, 0, 0, 0, 0, 0, 0, 0, 0, 5, 0, 0, 0, 4, 1, 0, 0, 0, 0, 0, 5, 5, 1, 0, 50, 55, 3, 0, 0, 1, 0, 2, 0, 3, 1, 0, 0, 0, 5, 0, 0, 52, 0, 51, 1, 0, 5, 2, 0, 2, 0, 4, 0, 3, 5, 0, 0, 0, 0, 0, 2, 0, 0, 0, 2, 4, 2, 0, 55, 0, 0, 4, 0, 0, 0, 0, 1, 0, 3, 3, 0, 0, 0, 0, 0, 0, 55, 0, 0, 0, 5, 0, 1, 3, 2, 0, 0, 0, 0, 0, 1, 52, 4, 5, 0, 0, 4, 0, 52, 0, 0, 1, 54, 0, 0, 0, 0, 0, 0, 0, 0, 0, 4, 55, 0, 2, 0, 2, 0, 4, 0, 0, 1, 0, 0, 0, 0, 0, 0, 50, 1, 5, 0, 0, : 50, 4, 4, 5, 5, 1, 4, 3, 1, 3, 1, 2, 2, 2, 55, 5, 5, 52, 5, 4, 1, 5, 5, 1, 50, 55, 3, 1, 2, 3, 1, 5, 52, 51, 1, 5, 2, 2, 4, 3, 5, 2, 2, 4, 2, 55, 4, 1, 3, 3, 55, 5, 1, 3, 2, 1, 52, 4, 5, 4, 52, 1, 54, 4, 55, 2, 2, 4, 1, 50, 1, 5, 
16: 0, 0, 0, 1, 0, 2, 0, 0, 2, 0, 2, 1, 0, 2, 0, 0, 0, 0, 5, 0, 0, 0, 0, 0, 1, 0, 4, 0, 2, 0, 2, 1, 0, 0, 2, 0, 0, 0, 0, 0, 0, 0, 0, 0, 3, 0, 2, 0, 0, 50, 0, 0, 0, 0, 2, 0, 0, 0, 0, 0, 0, 0, 0, 4, 0, 0, 0, 0, 0, 1, 0, 0, 0, 0, 0, 1, 0, 2, 3, 1, 0, 0, 0, 0, 0, 3, 0, 5, 0, 0, 1, 0, 3, 50, 0, 0, 0, 1, 0, 1, 3, 0, 0, 3, 55, 5, 0, 3, 0, 0, 5, 0, 0, 3, 0, 0, 3, 5, 0, 0, 0, 0, 3, 0, 0, 0, 1, 0, 0, 0, 0, 0, 0, 0, 2, 0, 0, 0, 1, 0, 0, 0, 0, 0, 0, 2, 0, 0, 5, 5, 0, 0, 2, 0, 0, 0, 0, 0, 2, 3, 5, 0, 5, 0, 0, 0, 0, 0, 0, 0, 5, 0, 0, 0, 2, 0, 55, 1, 0, 0, 0, 2, 0, 0, 0, 8, 0, 0, 0, 54, 0, 0, 0, 0, 0, 0, 4, 2, 0, 0, : 1, 2, 2, 2, 1, 2, 5, 1, 4, 2, 2, 1, 2, 3, 2, 50, 2, 4, 1, 1, 2, 3, 1, 3, 5, 1, 3, 50, 1, 1, 3, 3, 55, 5, 3, 5, 3, 3, 5, 3, 1, 2, 1, 2, 5, 5, 2, 2, 3, 5, 5, 5, 2, 55, 1, 2, 8, 54, 4, 2, 
15: 0, 0, 0, 5, 0, 2, 0, 0, 2, 0, 2, 0, 0, 2, 0, 1, 0, 0, 0, 0, 0, 0, 0, 0, 5, 0, 2, 55, 1, 3, 0, 1, 0, 0, 5, 0, 4, 0, 0, 5, 4, 0, 0, 0, 0, 51, 0, 1, 0, 0, 0, 0, 0, 0, 0, 0, 53, 0, 0, 4, 2, 0, 0, 2, 0, 2, 0, 0, 0, 2, 0, 0, 1, 0, 0, 3, 0, 5, 1, 0, 0, 0, 54, 0, 0, 5, 4, 1, 52, 0, 3, 1, 0, 0, 0, 2, 1, 0, 5, 0, 0, 0, 0, 4, 0, 2, 0, 4, 0, 0, 1, 0, 0, 0, 0, 0, 3, 0, 0, 0, 0, 0, 5, 0, 0, 1, 0, 0, 0, 0, 0, 4, 0, 3, 3, 4, 0, 0, 53, 5, 0, 0, 0, 0, 1, 1, 1, 4, 0, 1, 0, 0, 0, 0, 0, 0, 0, 4, 5, 4, 0, 1, 5, 0, 0, 0, 0, 1, 0, 0, 1, 5, 0, 0, 0, 0, 0, 0, 0, 1, 0, 4, 0, 0, 0, 4, 0, 0, 0, 0, 0, 0, 0, 0, 0, 0, 5, 0, 50, 0, : 5, 2, 2, 2, 2, 1, 5, 2, 55, 1, 3, 1, 5, 4, 5, 4, 51, 1, 53, 4, 2, 2, 2, 2, 1, 3, 5, 1, 54, 5, 4, 1, 52, 3, 1, 2, 1, 5, 4, 2, 4, 1, 3, 5, 1, 4, 3, 3, 4, 53, 5, 1, 1, 1, 4, 1, 4, 5, 4, 1, 5, 1, 1, 5, 1, 4, 4, 5, 50, 
22: 0, 0, 50, 4, 0, 5, 5, 0, 0, 2, 3, 0, 0, 4, 0, 0, 0, 0, 0, 0, 0, 0, 0, 0, 4, 0, 3, 0, 5, 0, 0, 5, 0, 0, 3, 0, 0, 0, 0, 0, 0, 0, 0, 0, 0, 1, 0, 0, 0, 0, 1, 0, 0, 0, 0, 0, 0, 3, 54, 0, 0, 2, 1, 0, 0, 0, 0, 0, 0, 1, 0, 0, 0, 0, 0, 0, 0, 4, 3, 3, 0, 1, 0, 0, 0, 5, 0, 2, 0, 0, 1, 0, 0, 2, 0, 0, 1, 0, 0, 0, 2, 0, 0, 3, 0, 5, 0, 0, 0, 0, 3, 0, 52, 0, 0, 0, 6, 0, 3, 1, 0, 0, 5, 0, 0, 0, 0, 0, 2, 0, 0, 0, 0, 0, 3, 5, 0, 0, 0, 0, 3, 0, 2, 1, 1, 0, 0, 0, 53, 4, 0, 0, 0, 2, 0, 0, 0, 0, 4, 3, 0, 0, 5, 0, 4, 3, 1, 1, 0, 0, 0, 0, 0, 0, 0, 0, 0, 0, 0, 0, 0, 2, 0, 0, 0, 1, 0, 0, 0, 0, 0, 0, 0, 0, 0, 4, 3, 0, 0, 54, : 50, 4, 5, 5, 2, 3, 4, 4, 3, 5, 5, 3, 1, 1, 3, 54, 2, 1, 1, 4, 3, 3, 1, 5, 2, 1, 2, 1, 2, 3, 5, 3, 52, 6, 3, 1, 5, 2, 3, 5, 3, 2, 1, 1, 53, 4, 2, 4, 3, 5, 4, 3, 1, 1, 2, 1, 4, 3, 54, 
5: 3, 0, 1, 2, 2, 4, 0, 0, 0, 0, 2, 0, 0, 1, 0, 0, 50, 0, 0, 51, 4, 0, 1, 52, 3, 0, 4, 0, 4, 0, 0, 2, 0, 0, 4, 5, 0, 0, 0, 0, 4, 0, 0, 0, 0, 0, 0, 0, 0, 0, 0, 0, 0, 0, 0, 0, 0, 0, 0, 0, 0, 0, 1, 0, 5, 51, 3, 3, 0, 5, 1, 0, 0, 0, 0, 4, 0, 1, 1, 0, 0, 3, 0, 0, 0, 3, 0, 1, 0, 0, 5, 3, 0, 0, 0, 54, 0, 0, 0, 0, 0, 0, 0, 5, 0, 3, 0, 4, 0, 0, 3, 0, 0, 0, 0, 53, 1, 1, 0, 1, 0, 0, 3, 0, 0, 3, 52, 0, 0, 0, 0, 0, 0, 50, 5, 1, 0, 0, 0, 0, 2, 1, 0, 0, 0, 3, 0, 2, 0, 4, 0, 4, 0, 3, 0, 0, 51, 0, 5, 5, 0, 0, 4, 0, 0, 0, 5, 55, 0, 0, 0, 0, 0, 0, 0, 0, 0, 1, 0, 0, 54, 1, 0, 0, 0, 1, 55, 0, 0, 0, 0, 0, 0, 0, 0, 0, 3, 0, 0, 5, : 3, 1, 2, 2, 4, 2, 1, 50, 51, 4, 1, 52, 3, 4, 4, 2, 4, 5, 4, 1, 5, 51, 3, 3, 5, 1, 4, 1, 1, 3, 3, 1, 5, 3, 54, 5, 3, 4, 3, 53, 1, 1, 1, 3, 3, 52, 50, 5, 1, 2, 1, 3, 2, 4, 4, 3, 51, 5, 5, 4, 5, 55, 1, 54, 1, 1, 55, 3, 5, 
7: 0, 3, 0, 3, 0, 1, 0, 0, 0, 0, 1, 3, 0, 3, 0, 0, 0, 0, 0, 2, 0, 0, 0, 0, 0, 0, 1, 0, 3, 5, 0, 4, 0, 0, 1, 4, 0, 1, 51, 0, 2, 0, 0, 0, 0, 3, 0, 1, 0, 0, 0, 0, 4, 0, 0, 0, 0, 51, 0, 53, 0, 0, 0, 0, 0, 0, 0, 0, 0, 1, 0, 1, 0, 0, 0, 0, 0, 5, 5, 0, 0, 0, 0, 0, 0, 4, 2, 4, 0, 50, 3, 0, 0, 0, 0, 0, 0, 0, 0, 0, 0, 0, 50, 2, 0, 1, 0, 4, 0, 0, 1, 1, 0, 0, 0, 1, 3, 0, 0, 0, 0, 0, 1, 0, 0, 4, 1, 0, 1, 0, 0, 0, 0, 0, 4, 0, 0, 0, 0, 0, 0, 0, 0, 50, 1, 0, 0, 0, 0, 2, 0, 3, 0, 0, 3, 0, 0, 0, 5, 2, 0, 0, 3, 0, 0, 0, 0, 0, 0, 0, 0, 0, 0, 0, 0, 1, 3, 4, 0, 3, 0, 2, 0, 0, 0, 1, 0, 0, 2, 0, 0, 3, 0, 55, 0, 0, 2, 0, 0, 0, : 3, 3, 1, 1, 3, 3, 2, 1, 3, 5, 4, 1, 4, 1, 51, 2, 3, 1, 4, 51, 53, 1, 1, 5, 5, 4, 2, 4, 50, 3, 50, 2, 1, 4, 1, 1, 1, 3, 1, 4, 1, 1, 4, 50, 1, 2, 3, 3, 5, 2, 3, 1, 3, 4, 3, 2, 1, 2, 3, 55, 2, 
26: 55, 2, 0, 1, 2, 1, 50, 0, 0, 1, 1, 0, 0, 1, 2, 5, 3, 0, 0, 0, 0, 1, 0, 0, 4, 0, 5, 0, 5, 51, 0, 2, 0, 3, 5, 0, 0, 0, 0, 0, 0, 0, 0, 0, 1, 0, 0, 3, 0, 0, 1, 0, 0, 55, 0, 0, 0, 0, 0, 1, 0, 0, 0, 0, 0, 0, 0, 0, 0, 4, 0, 0, 0, 0, 55, 0, 1, 2, 3, 51, 5, 0, 0, 0, 0, 5, 0, 2, 0, 0, 0, 0, 0, 0, 0, 0, 51, 0, 0, 0, 2, 0, 0, 2, 0, 2, 52, 5, 0, 0, 2, 52, 0, 0, 1, 0, 5, 2, 0, 0, 0, 0, 1, 0, 0, 0, 0, 0, 51, 54, 0, 0, 54, 4, 1, 5, 1, 0, 0, 0, 0, 0, 0, 0, 0, 0, 0, 0, 0, 4, 4, 0, 0, 0, 0, 0, 2, 0, 1, 5, 0, 0, 2, 0, 0, 2, 0, 0, 0, 0, 0, 0, 0, 0, 0, 2, 0, 0, 0, 0, 1, 1, 5, 0, 0, 1, 0, 0, 0, 0, 2, 0, 0, 0, 4, 0, 5, 0, 0, 0, : 55, 2, 1, 2, 1, 50, 1, 1, 1, 2, 5, 3, 1, 4, 5, 5, 51, 2, 3, 5, 1, 3, 1, 55, 1, 4, 55, 1, 2, 3, 51, 5, 5, 2, 51, 2, 2, 2, 52, 5, 2, 52, 1, 5, 2, 1, 51, 54, 54, 4, 1, 5, 1, 4, 4, 2, 1, 5, 2, 2, 2, 1, 1, 5, 1, 2, 4, 5, 
13: 0, 0, 0, 2, 0, 4, 0, 0, 0, 0, 2, 0, 1, 5, 0, 0, 1, 0, 0, 0, 0, 52, 0, 0, 1, 0, 3, 0, 4, 0, 55, 2, 4, 0, 3, 50, 0, 0, 1, 50, 50, 5, 0, 50, 0, 0, 1, 0, 0, 0, 0, 0, 0, 0, 0, 54, 0, 0, 0, 0, 0, 0, 0, 0, 0, 0, 0, 0, 0, 3, 0, 4, 0, 0, 2, 0, 0, 3, 3, 0, 0, 0, 0, 0, 2, 0, 0, 3, 0, 5, 1, 51, 0, 0, 2, 0, 0, 0, 0, 0, 0, 0, 0, 3, 0, 2, 0, 5, 0, 4, 5, 0, 0, 2, 0, 0, 5, 0, 2, 0, 4, 50, 5, 4, 0, 50, 5, 0, 2, 0, 0, 3, 0, 0, 3, 4, 0, 50, 0, 0, 0, 0, 0, 0, 0, 2, 0, 0, 0, 3, 0, 0, 52, 0, 4, 0, 0, 0, 2, 1, 51, 0, 3, 0, 0, 3, 0, 0, 0, 1, 0, 0, 0, 0, 0, 0, 0, 0, 0, 0, 0, 5, 0, 0, 0, 4, 0, 50, 0, 0, 52, 0, 3, 0, 0, 0, 2, 0, 0, 0, : 2, 4, 2, 1, 5, 1, 52, 1, 3, 4, 55, 2, 4, 3, 50, 1, 50, 50, 5, 50, 1, 54, 3, 4, 2, 3, 3, 2, 3, 5, 1, 51, 2, 3, 2, 5, 4, 5, 2, 5, 2, 4, 50, 5, 4, 50, 5, 2, 3, 3, 4, 50, 2, 3, 52, 4, 2, 1, 51, 3, 3, 1, 5, 4, 50, 52, 3, 2, 
12: 0, 1, 0, 5, 0, 4, 0, 53, 0, 0, 5, 0, 0, 1, 0, 0, 2, 0, 0, 0, 0, 0, 0, 0, 3, 0, 1, 0, 2, 0, 0, 4, 0, 0, 5, 1, 0, 0, 1, 0, 0, 0, 0, 3, 0, 0, 0, 0, 0, 0, 0, 0, 0, 0, 0, 5, 3, 0, 0, 0, 0, 3, 0, 52, 0, 0, 1, 0, 0, 5, 50, 0, 0, 0, 0, 0, 0, 1, 5, 0, 0, 0, 0, 0, 0, 2, 0, 4, 0, 2, 5, 3, 0, 0, 0, 0, 3, 0, 0, 5, 0, 0, 0, 2, 0, 5, 0, 3, 0, 0, 0, 0, 0, 1, 0, 5, 5, 52, 0, 1, 0, 0, 4, 0, 0, 0, 0, 0, 0, 0, 0, 0, 0, 0, 4, 4, 0, 1, 0, 54, 0, 0, 0, 0, 0, 0, 0, 0, 0, 4, 54, 0, 0, 0, 0, 0, 0, 0, 2, 1, 0, 1, 2, 1, 0, 0, 1, 0, 0, 0, 0, 0, 0, 0, 0, 0, 0, 54, 0, 0, 0, 7, 0, 0, 0, 3, 0, 0, 0, 0, 1, 2, 0, 0, 0, 0, 2, 0, 0, 0, : 1, 5, 4, 53, 5, 1, 2, 3, 1, 2, 4, 5, 1, 1, 3, 5, 3, 3, 52, 1, 5, 50, 1, 5, 2, 4, 2, 5, 3, 3, 5, 2, 5, 3, 1, 5, 5, 52, 1, 4, 4, 4, 1, 54, 4, 54, 2, 1, 1, 2, 1, 1, 54, 7, 3, 1, 2, 2, 
2: 0, 0, 0, 1, 0, 1, 0, 0, 0, 3, 4, 0, 4, 4, 1, 0, 0, 0, 0, 0, 0, 0, 0, 0, 5, 0, 5, 0, 1, 0, 0, 2, 0, 0, 1, 0, 0, 1, 0, 0, 0, 0, 0, 0, 0, 0, 50, 0, 5, 0, 1, 0, 0, 0, 0, 0, 0, 0, 0, 0, 0, 4, 4, 0, 0, 0, 0, 2, 1, 4, 0, 0, 0, 1, 0, 0, 0, 3, 1, 0, 3, 1, 0, 0, 50, 4, 0, 1, 0, 0, 4, 0, 0, 0, 0, 0, 0, 2, 0, 3, 0, 0, 1, 5, 0, 3, 0, 2, 0, 0, 0, 0, 0, 50, 0, 0, 2, 0, 0, 1, 0, 0, 5, 0, 0, 0, 0, 53, 0, 2, 0, 0, 2, 0, 2, 3, 0, 0, 0, 0, 52, 0, 1, 0, 0, 0, 0, 0, 0, 4, 0, 0, 0, 0, 0, 0, 3, 0, 0, 1, 4, 0, 5, 3, 0, 0, 0, 0, 0, 3, 50, 0, 4, 0, 0, 0, 0, 0, 0, 0, 0, 4, 0, 0, 52, 1, 0, 0, 5, 0, 0, 0, 0, 0, 0, 0, 4, 0, 2, 1, : 1, 1, 3, 4, 4, 4, 1, 5, 5, 1, 2, 1, 1, 50, 5, 1, 4, 4, 2, 1, 4, 1, 3, 1, 3, 1, 50, 4, 1, 4, 2, 3, 1, 5, 3, 2, 50, 2, 1, 5, 53, 2, 2, 2, 3, 52, 1, 4, 3, 1, 4, 5, 3, 3, 50, 4, 4, 52, 1, 5, 4, 2, 1, 


10: 5, 0, 0, 52, 0, 0, 0, 0, 0, 0, 0, 0, 4, 0, 0, 0, 0, 55, 0, 0, 0, 2, 3, 5, 1, 1, 2, 2, 2, 0, 0, 4, 3, 50, 3, 0, 0, 4, 4, 0, 0, 0, 3, 1, 2, 0, 0, 1, 1, 1, 1, 0, 0, 0, 0, 0, 0, 1, 0, 0, 3, 0, 0, 4, 4, 0, 0, 0, 5, 2, 0, 0, 2, 5, 52, 0, 0, 0, 0, 53, 0, 0, 0, 0, 1, 2, 0, 5, 0, 0, 1, 0, 0, 5, 2, 2, 5, 5, 5, 0, 0, 1, 5, 0, 0, 0, 0, 0, 2, 0, 4, 51, 1, 0, 4, 0, 2, 0, 0, 0, 4, 4, 54, 0, 0, 2, 0, 0, 5, 0, 0, 0, 0, 0, 4, 3, 0, 0, 3, 0, 2, 0, 0, 0, 0, 0, 1, 0, 0, 0, 0, 0, 51, 4, 0, 0, 5, 0, 2, 3, 0, 0, 2, 0, 52, 0, 5, 0, 0, 1, 0, 1, 0, 0, 2, 3, 0, 0, 3, 0, 0, 0, 3, 4, 0, 2, 0, 54, 0, 0, 0, 0, 5, 0, 0, 0, 0, 1, 0, 51, : 5, 52, 4, 55, 2, 3, 5, 1, 1, 2, 2, 2, 4, 3, 50, 3, 4, 4, 3, 1, 2, 1, 1, 1, 1, 1, 3, 4, 4, 5, 2, 2, 5, 52, 53, 1, 2, 5, 1, 5, 2, 2, 5, 5, 5, 1, 5, 2, 4, 51, 1, 4, 2, 4, 4, 54, 2, 5, 4, 3, 3, 2, 1, 51, 4, 5, 2, 3, 2, 52, 5, 1, 1, 2, 3, 3, 3, 4, 2, 54, 5, 1, 51, 
34: 5, 0, 0, 0, 0, 0, 0, 0, 0, 0, 0, 0, 0, 0, 0, 0, 2, 2, 0, 0, 0, 7, 3, 4, 0, 0, 2, 0, 4, 0, 0, 0, 1, 0, 1, 0, 0, 5, 3, 1, 0, 0, 1, 5, 2, 0, 2, 0, 5, 1, 0, 53, 0, 0, 0, 0, 0, 0, 0, 0, 0, 0, 0, 3, 0, 0, 0, 0, 2, 0, 0, 0, 4, 3, 0, 0, 0, 0, 0, 1, 0, 0, 0, 0, 3, 0, 0, 0, 0, 0, 0, 3, 51, 0, 2, 0, 4, 3, 0, 1, 0, 0, 4, 0, 2, 0, 0, 1, 0, 0, 3, 0, 0, 0, 1, 4, 0, 0, 0, 0, 4, 4, 0, 0, 0, 3, 0, 3, 5, 0, 0, 0, 0, 0, 0, 0, 0, 0, 0, 0, 1, 5, 0, 0, 0, 0, 5, 3, 0, 0, 0, 0, 0, 0, 0, 0, 4, 0, 0, 5, 0, 0, 3, 0, 0, 0, 5, 0, 0, 0, 0, 0, 0, 0, 3, 0, 0, 0, 0, 2, 0, 0, 9, 2, 0, 1, 0, 0, 0, 0, 2, 0, 1, 3, 5, 1, 0, 3, 0, 1, : 5, 2, 2, 7, 3, 4, 2, 4, 1, 1, 5, 3, 1, 1, 5, 2, 2, 5, 1, 53, 3, 2, 4, 3, 1, 3, 3, 51, 2, 4, 3, 1, 4, 2, 1, 3, 1, 4, 4, 4, 3, 3, 5, 1, 5, 5, 3, 4, 5, 3, 5, 3, 2, 9, 2, 1, 2, 1, 3, 5, 1, 3, 1, 
39: 4, 0, 1, 0, 0, 0, 5, 0, 0, 0, 0, 0, 0, 0, 0, 0, 0, 0, 0, 0, 0, 1, 2, 4, 0, 55, 1, 0, 4, 0, 0, 1, 4, 0, 0, 0, 0, 1, 1, 0, 0, 0, 1, 3, 3, 0, 0, 0, 0, 0, 2, 0, 0, 0, 0, 0, 0, 0, 51, 0, 0, 1, 0, 4, 0, 0, 3, 1, 3, 0, 4, 0, 3, 3, 0, 3, 0, 0, 0, 0, 0, 0, 0, 54, 3, 0, 0, 0, 3, 51, 0, 1, 0, 0, 5, 0, 3, 5, 0, 0, 5, 50, 0, 0, 0, 1, 0, 0, 0, 2, 1, 0, 0, 0, 5, 0, 0, 0, 0, 0, 1, 4, 0, 0, 2, 4, 0, 0, 3, 0, 0, 0, 0, 0, 0, 0, 1, 0, 0, 1, 4, 0, 0, 0, 0, 0, 2, 1, 0, 2, 1, 0, 0, 0, 0, 0, 1, 0, 0, 3, 0, 0, 4, 55, 0, 0, 2, 0, 2, 0, 0, 3, 0, 0, 1, 0, 0, 0, 0, 0, 1, 0, 2, 4, 55, 0, 3, 0, 0, 0, 0, 53, 3, 0, 0, 3, 0, 5, 0, 3, : 4, 1, 5, 1, 2, 4, 55, 1, 4, 1, 4, 1, 1, 1, 3, 3, 2, 51, 1, 4, 3, 1, 3, 4, 3, 3, 3, 54, 3, 3, 51, 1, 5, 3, 5, 5, 50, 1, 2, 1, 5, 1, 4, 2, 4, 3, 1, 1, 4, 2, 1, 2, 1, 1, 3, 4, 55, 2, 2, 3, 1, 1, 2, 4, 55, 3, 53, 3, 3, 5, 3, 
6: 1, 0, 0, 0, 0, 0, 0, 0, 2, 1, 0, 0, 0, 0, 0, 0, 1, 0, 5, 0, 0, 2, 4, 2, 0, 0, 2, 0, 4, 0, 5, 0, 4, 0, 0, 0, 5, 4, 2, 0, 4, 0, 5, 4, 1, 0, 0, 0, 5, 0, 0, 0, 0, 0, 3, 0, 2, 0, 0, 0, 0, 0, 0, 2, 0, 2, 0, 0, 4, 0, 0, 0, 4, 4, 0, 0, 1, 0, 1, 0, 0, 4, 2, 0, 2, 2, 0, 0, 0, 0, 0, 0, 0, 0, 5, 0, 1, 4, 0, 0, 0, 0, 0, 1, 4, 0, 0, 4, 0, 4, 3, 0, 1, 0, 2, 0, 51, 50, 0, 0, 3, 2, 0, 5, 0, 4, 1, 0, 3, 0, 3, 0, 5, 55, 0, 0, 0, 3, 0, 0, 1, 0, 0, 0, 0, 0, 4, 0, 0, 0, 0, 0, 5, 50, 5, 0, 2, 0, 0, 0, 3, 0, 1, 0, 0, 0, 3, 0, 0, 0, 0, 0, 53, 2, 3, 0, 0, 0, 0, 0, 0, 0, 5, 4, 0, 0, 0, 0, 0, 0, 0, 0, 4, 0, 0, 0, 0, 6, 1, 0, : 1, 2, 1, 1, 5, 2, 4, 2, 2, 4, 5, 4, 5, 4, 2, 4, 5, 4, 1, 5, 3, 2, 2, 2, 4, 4, 4, 1, 1, 4, 2, 2, 2, 5, 1, 4, 1, 4, 4, 4, 3, 1, 2, 51, 50, 3, 2, 5, 4, 1, 3, 3, 5, 55, 3, 1, 4, 5, 50, 5, 2, 3, 1, 3, 53, 2, 3, 5, 4, 4, 6, 1, 
32: 3, 0, 0, 0, 0, 0, 0, 0, 0, 0, 0, 0, 3, 0, 0, 2, 0, 2, 0, 4, 0, 5, 1, 1, 1, 0, 4, 5, 2, 0, 0, 0, 6, 2, 0, 0, 0, 5, 5, 0, 0, 0, 3, 5, 1, 0, 1, 0, 5, 0, 0, 2, 4, 0, 0, 54, 0, 0, 0, 0, 0, 2, 0, 2, 0, 0, 0, 0, 1, 0, 0, 0, 2, 1, 0, 0, 0, 0, 0, 0, 0, 0, 0, 0, 4, 3, 4, 0, 0, 0, 3, 0, 0, 0, 4, 0, 4, 5, 53, 0, 0, 0, 1, 0, 0, 0, 0, 0, 0, 0, 4, 0, 0, 0, 3, 0, 0, 0, 0, 0, 2, 3, 0, 1, 0, 2, 0, 0, 5, 0, 1, 0, 0, 0, 0, 0, 0, 0, 0, 0, 3, 0, 0, 0, 0, 5, 1, 0, 0, 0, 0, 1, 0, 0, 0, 0, 2, 0, 0, 5, 0, 55, 4, 0, 0, 0, 3, 0, 0, 1, 0, 1, 0, 1, 4, 0, 52, 0, 0, 0, 4, 0, 3, 3, 0, 1, 0, 1, 0, 1, 1, 0, 3, 0, 0, 0, 3, 1, 0, 0, : 3, 3, 2, 2, 4, 5, 1, 1, 1, 4, 5, 2, 6, 2, 5, 5, 3, 5, 1, 1, 5, 2, 4, 54, 2, 2, 1, 2, 1, 4, 3, 4, 3, 4, 4, 5, 53, 1, 4, 3, 2, 3, 1, 2, 5, 1, 3, 5, 1, 1, 2, 5, 55, 4, 3, 1, 1, 1, 4, 52, 4, 3, 3, 1, 1, 1, 1, 3, 3, 1, 
11: 2, 0, 0, 0, 0, 0, 0, 0, 0, 0, 0, 0, 0, 0, 0, 0, 0, 0, 52, 0, 54, 3, 1, 1, 0, 0, 3, 0, 3, 0, 0, 0, 2, 0, 0, 0, 0, 5, 4, 1, 0, 4, 2, 5, 3, 50, 0, 2, 3, 0, 0, 0, 0, 0, 0, 4, 0, 51, 0, 0, 0, 0, 0, 5, 0, 0, 0, 0, 2, 0, 0, 0, 5, 4, 0, 0, 2, 0, 0, 0, 0, 0, 0, 3, 2, 0, 0, 0, 0, 0, 0, 0, 0, 0, 4, 0, 4, 5, 0, 0, 0, 0, 4, 2, 0, 0, 0, 0, 0, 0, 4, 0, 0, 0, 2, 0, 0, 0, 0, 0, 5, 2, 0, 0, 1, 1, 0, 51, 2, 0, 0, 0, 0, 0, 0, 0, 1, 0, 1, 2, 1, 0, 0, 52, 2, 0, 4, 0, 0, 0, 0, 0, 1, 0, 50, 0, 5, 0, 55, 2, 0, 1, 3, 0, 0, 0, 4, 0, 0, 51, 0, 1, 3, 0, 2, 0, 0, 0, 0, 0, 0, 0, 1, 2, 0, 0, 0, 0, 0, 5, 0, 0, 2, 0, 0, 0, 0, 4, 0, 0, : 2, 52, 54, 3, 1, 1, 3, 3, 2, 5, 4, 1, 4, 2, 5, 3, 50, 2, 3, 4, 51, 5, 2, 5, 4, 2, 3, 2, 4, 4, 5, 4, 2, 4, 2, 5, 2, 1, 1, 51, 2, 1, 1, 2, 1, 52, 2, 4, 1, 50, 5, 55, 2, 1, 3, 4, 51, 1, 3, 2, 1, 2, 5, 2, 4, 
29: 5, 0, 1, 0, 2, 0, 0, 0, 0, 0, 54, 4, 0, 1, 0, 2, 0, 0, 0, 0, 0, 1, 1, 2, 3, 0, 2, 1, 5, 3, 0, 0, 2, 0, 0, 0, 0, 1, 6, 0, 0, 0, 5, 1, 5, 0, 0, 0, 3, 0, 0, 0, 0, 0, 0, 0, 1, 0, 1, 0, 1, 0, 0, 5, 0, 0, 0, 0, 3, 0, 0, 0, 1, 4, 0, 0, 0, 3, 0, 0, 0, 0, 0, 0, 2, 2, 0, 0, 0, 4, 0, 0, 0, 0, 2, 0, 2, 3, 0, 0, 0, 0, 5, 4, 0, 0, 0, 55, 0, 0, 5, 0, 0, 0, 4, 0, 0, 0, 0, 0, 2, 2, 0, 0, 1, 5, 0, 0, 4, 0, 51, 0, 0, 1, 2, 54, 55, 1, 53, 0, 4, 0, 0, 0, 1, 0, 4, 0, 0, 0, 0, 0, 1, 0, 0, 1, 4, 0, 0, 2, 52, 1, 2, 0, 0, 50, 5, 54, 0, 0, 3, 0, 0, 0, 3, 0, 0, 0, 1, 0, 0, 50, 2, 6, 0, 55, 0, 0, 0, 0, 0, 0, 2, 55, 0, 0, 0, 1, 0, 0, : 5, 1, 2, 54, 4, 1, 2, 1, 1, 2, 3, 2, 1, 5, 3, 2, 1, 6, 5, 1, 5, 3, 1, 1, 1, 5, 3, 1, 4, 3, 2, 2, 4, 2, 2, 3, 5, 4, 55, 5, 4, 2, 2, 1, 5, 4, 51, 1, 2, 54, 55, 1, 53, 4, 1, 4, 1, 1, 4, 2, 52, 1, 2, 50, 5, 54, 3, 3, 1, 50, 2, 6, 55, 2, 55, 1, 
35: 2, 0, 0, 0, 0, 0, 2, 0, 0, 0, 0, 0, 1, 2, 4, 0, 0, 0, 0, 0, 0, 4, 5, 5, 0, 1, 3, 50, 3, 0, 0, 0, 1, 0, 1, 0, 0, 5, 5, 0, 0, 0, 5, 4, 4, 0, 0, 0, 4, 0, 0, 0, 0, 4, 0, 0, 3, 0, 0, 0, 0, 0, 55, 2, 0, 1, 1, 0, 0, 0, 0, 4, 4, 3, 0, 0, 0, 0, 0, 0, 0, 0, 0, 0, 2, 0, 0, 0, 0, 0, 0, 55, 0, 0, 3, 0, 1, 3, 0, 0, 53, 4, 1, 50, 0, 51, 3, 0, 0, 0, 4, 0, 0, 0, 6, 0, 0, 0, 0, 52, 2, 5, 0, 0, 0, 1, 0, 0, 3, 4, 1, 0, 0, 0, 0, 2, 0, 0, 1, 0, 2, 0, 0, 0, 4, 0, 2, 51, 0, 54, 4, 1, 0, 0, 0, 0, 2, 0, 0, 2, 0, 2, 4, 2, 0, 0, 4, 0, 50, 0, 0, 0, 0, 0, 5, 2, 0, 0, 0, 0, 0, 0, 2, 3, 2, 0, 0, 0, 0, 0, 0, 0, 4, 0, 0, 1, 0, 2, 0, 0, : 2, 2, 1, 2, 4, 4, 5, 5, 1, 3, 50, 3, 1, 1, 5, 5, 5, 4, 4, 4, 4, 3, 55, 2, 1, 1, 4, 4, 3, 2, 55, 3, 1, 3, 53, 4, 1, 50, 51, 3, 4, 6, 52, 2, 5, 1, 3, 4, 1, 2, 1, 2, 4, 2, 51, 54, 4, 1, 2, 2, 2, 4, 2, 4, 50, 5, 2, 2, 3, 2, 4, 1, 2, 
28: 5, 0, 0, 0, 0, 0, 0, 0, 0, 0, 0, 0, 0, 0, 0, 0, 0, 0, 0, 1, 5, 2, 5, 1, 0, 0, 3, 0, 2, 0, 0, 3, 2, 0, 0, 0, 0, 3, 2, 0, 4, 2, 2, 5, 4, 0, 5, 0, 5, 0, 0, 0, 0, 0, 2, 0, 0, 0, 1, 0, 0, 0, 0, 1, 0, 1, 0, 0, 5, 0, 0, 0, 1, 2, 0, 0, 0, 0, 0, 0, 3, 0, 0, 0, 1, 0, 1, 0, 0, 0, 50, 0, 2, 0, 5, 0, 5, 1, 0, 0, 1, 0, 5, 0, 0, 0, 0, 0, 0, 0, 1, 2, 0, 0, 2, 0, 0, 2, 0, 0, 5, 5, 0, 51, 0, 1, 2, 0, 5, 0, 0, 0, 0, 0, 1, 0, 3, 0, 0, 52, 3, 0, 2, 0, 0, 0, 2, 1, 0, 0, 0, 0, 0, 0, 0, 0, 5, 0, 0, 0, 0, 0, 0, 0, 0, 4, 4, 0, 3, 1, 0, 50, 0, 0, 3, 0, 2, 0, 51, 0, 0, 0, 4, 5, 0, 0, 50, 0, 0, 0, 0, 1, 1, 0, 0, 0, 0, 4, 0, 0, : 5, 1, 5, 2, 5, 1, 3, 2, 3, 2, 3, 2, 4, 2, 2, 5, 4, 5, 5, 2, 1, 1, 1, 5, 1, 2, 3, 1, 1, 50, 2, 5, 5, 1, 1, 5, 1, 2, 2, 2, 5, 5, 51, 1, 2, 5, 1, 3, 52, 3, 2, 2, 1, 5, 4, 4, 3, 1, 50, 3, 2, 51, 4, 5, 50, 1, 1, 4, 
18: 3, 0, 0, 0, 0, 5, 0, 0, 0, 50, 0, 2, 0, 0, 0, 50, 0, 0, 0, 0, 1, 3, 2, 4, 0, 0, 3, 0, 3, 51, 0, 0, 2, 0, 2, 0, 0, 3, 2, 5, 0, 0, 4, 1, 5, 0, 0, 2, 4, 4, 0, 0, 0, 0, 0, 0, 0, 0, 0, 0, 0, 0, 0, 5, 0, 0, 0, 0, 5, 0, 52, 0, 6, 5, 3, 1, 0, 0, 50, 1, 0, 0, 0, 0, 6, 0, 2, 0, 0, 0, 3, 0, 0, 2, 4, 3, 5, 3, 0, 0, 0, 1, 3, 2, 0, 3, 50, 0, 0, 2, 2, 0, 0, 0, 3, 53, 0, 0, 0, 0, 2, 5, 0, 0, 0, 2, 1, 0, 1, 0, 4, 0, 0, 0, 53, 0, 0, 0, 0, 0, 4, 0, 0, 0, 0, 0, 2, 0, 0, 0, 0, 0, 1, 3, 0, 55, 1, 53, 2, 4, 0, 1, 2, 0, 0, 0, 3, 3, 2, 1, 0, 0, 0, 0, 5, 0, 5, 0, 1, 50, 53, 0, 3, 2, 0, 0, 2, 3, 1, 0, 3, 3, 5, 0, 0, 1, 1, 2, 0, 0, : 3, 5, 50, 2, 50, 1, 3, 2, 4, 3, 3, 51, 2, 2, 3, 2, 5, 4, 1, 5, 2, 4, 4, 5, 5, 52, 6, 5, 3, 1, 50, 1, 6, 2, 3, 2, 4, 3, 5, 3, 1, 3, 2, 3, 50, 2, 2, 3, 53, 2, 5, 2, 1, 1, 4, 53, 4, 2, 1, 3, 55, 1, 53, 2, 4, 1, 2, 3, 3, 2, 1, 5, 5, 1, 50, 53, 3, 2, 2, 3, 1, 3, 3, 5, 1, 1, 2, 
17: 1, 0, 0, 1, 0, 0, 0, 0, 0, 0, 0, 0, 0, 0, 0, 0, 0, 0, 0, 0, 0, 1, 5, 5, 2, 0, 5, 2, 5, 3, 0, 0, 5, 0, 0, 1, 54, 1, 4, 0, 0, 0, 0, 2, 2, 2, 0, 0, 2, 0, 51, 4, 0, 0, 0, 0, 0, 0, 0, 55, 0, 0, 0, 3, 0, 0, 0, 0, 3, 52, 0, 51, 4, 5, 4, 52, 0, 0, 0, 0, 0, 0, 0, 0, 4, 1, 0, 0, 0, 0, 0, 0, 0, 0, 1, 0, 5, 3, 0, 0, 0, 2, 4, 0, 51, 2, 3, 0, 0, 0, 5, 0, 0, 0, 4, 2, 2, 0, 0, 0, 2, 2, 2, 0, 55, 5, 0, 0, 3, 0, 0, 52, 0, 0, 0, 0, 0, 54, 1, 0, 5, 0, 0, 0, 1, 3, 5, 0, 0, 0, 0, 0, 0, 0, 1, 1, 1, 0, 0, 2, 0, 0, 5, 2, 0, 3, 3, 3, 0, 3, 2, 0, 0, 5, 5, 0, 0, 0, 0, 0, 0, 0, 1, 2, 0, 0, 0, 0, 0, 0, 0, 0, 5, 0, 0, 0, 0, 4, 0, 0, : 1, 1, 1, 5, 5, 2, 5, 2, 5, 3, 5, 1, 54, 1, 4, 2, 2, 2, 2, 51, 4, 55, 3, 3, 52, 51, 4, 5, 4, 52, 4, 1, 1, 5, 3, 2, 4, 51, 2, 3, 5, 4, 2, 2, 2, 2, 2, 55, 5, 3, 52, 54, 1, 5, 1, 3, 5, 1, 1, 1, 2, 5, 2, 3, 3, 3, 3, 2, 5, 5, 1, 2, 5, 4, 
19: 4, 0, 0, 0, 0, 0, 0, 0, 0, 0, 0, 0, 51, 0, 0, 0, 0, 0, 0, 0, 0, 3, 2, 5, 0, 0, 3, 0, 5, 0, 0, 0, 1, 4, 0, 0, 0, 6, 6, 0, 0, 0, 1, 1, 1, 0, 0, 1, 4, 0, 0, 1, 0, 0, 0, 2, 0, 0, 4, 0, 0, 0, 0, 5, 0, 0, 0, 52, 2, 0, 2, 0, 1, 2, 0, 1, 0, 1, 5, 0, 0, 0, 3, 0, 5, 0, 3, 55, 1, 0, 0, 1, 2, 0, 1, 0, 5, 2, 0, 0, 1, 0, 4, 0, 0, 0, 0, 0, 54, 0, 5, 0, 0, 52, 5, 0, 0, 0, 0, 0, 4, 1, 0, 0, 0, 4, 0, 0, 2, 0, 0, 1, 0, 0, 0, 0, 0, 0, 0, 4, 4, 0, 0, 0, 0, 51, 2, 0, 1, 0, 0, 0, 0, 0, 1, 0, 5, 0, 0, 4, 0, 0, 2, 1, 0, 0, 4, 0, 0, 0, 0, 0, 0, 0, 4, 0, 1, 2, 0, 2, 2, 1, 5, 3, 0, 0, 0, 0, 0, 0, 0, 0, 3, 1, 0, 0, 0, 4, 0, 0, : 4, 51, 3, 2, 5, 3, 5, 1, 4, 6, 6, 1, 1, 1, 1, 4, 1, 2, 4, 5, 52, 2, 2, 1, 2, 1, 1, 5, 3, 5, 3, 55, 1, 1, 2, 1, 5, 2, 1, 4, 54, 5, 52, 5, 4, 1, 4, 2, 1, 4, 4, 51, 2, 1, 1, 5, 4, 2, 1, 4, 4, 1, 2, 2, 2, 1, 5, 3, 3, 1, 4, 
27: 2, 5, 0, 0, 0, 0, 0, 5, 0, 4, 2, 2, 1, 2, 0, 0, 0, 0, 0, 0, 0, 1, 1, 0, 0, 0, 3, 0, 2, 0, 0, 0, 3, 0, 1, 4, 0, 1, 4, 0, 0, 1, 3, 5, 2, 0, 0, 0, 2, 50, 0, 0, 0, 0, 0, 0, 54, 0, 0, 1, 0, 0, 2, 4, 1, 0, 1, 0, 3, 0, 0, 5, 1, 4, 0, 1, 0, 0, 0, 0, 0, 1, 0, 0, 1, 0, 0, 0, 0, 0, 0, 0, 0, 0, 5, 0, 1, 6, 0, 0, 0, 0, 3, 0, 0, 0, 1, 0, 0, 0, 1, 0, 0, 0, 1, 0, 0, 5, 5, 0, 5, 3, 0, 0, 0, 4, 0, 0, 4, 0, 0, 2, 0, 0, 0, 0, 0, 0, 0, 0, 4, 0, 2, 0, 0, 0, 5, 2, 0, 0, 0, 0, 0, 1, 0, 0, 4, 0, 0, 5, 0, 0, 1, 0, 4, 0, 1, 0, 0, 0, 0, 0, 1, 1, 1, 55, 0, 53, 0, 0, 0, 0, 5, 5, 3, 0, 0, 0, 0, 0, 0, 0, 1, 0, 1, 2, 0, 1, 0, 0, : 2, 5, 5, 4, 2, 2, 1, 2, 1, 1, 3, 2, 3, 1, 4, 1, 4, 1, 3, 5, 2, 2, 50, 54, 1, 2, 4, 1, 1, 3, 5, 1, 4, 1, 1, 1, 5, 1, 6, 3, 1, 1, 1, 5, 5, 5, 3, 4, 4, 2, 4, 2, 5, 2, 1, 4, 5, 1, 4, 1, 1, 1, 1, 55, 53, 5, 5, 3, 1, 1, 2, 1, 
23: 1, 52, 5, 0, 0, 5, 0, 0, 0, 0, 0, 50, 0, 0, 0, 1, 54, 0, 0, 2, 0, 2, 1, 1, 0, 2, 3, 0, 4, 0, 0, 0, 1, 0, 0, 0, 1, 1, 2, 0, 0, 0, 5, 1, 5, 0, 1, 0, 0, 0, 0, 0, 2, 0, 0, 0, 0, 0, 0, 4, 0, 0, 0, 1, 0, 0, 54, 2, 5, 1, 0, 0, 3, 1, 0, 0, 2, 0, 3, 0, 55, 0, 0, 0, 3, 0, 0, 0, 4, 3, 1, 0, 3, 0, 4, 0, 4, 1, 0, 0, 0, 0, 4, 0, 0, 0, 0, 0, 0, 52, 3, 3, 3, 2, 3, 0, 5, 0, 0, 0, 3, 1, 0, 0, 1, 5, 0, 0, 0, 0, 0, 0, 0, 0, 0, 0, 0, 0, 1, 0, 4, 1, 1, 2, 0, 1, 2, 1, 1, 0, 0, 55, 0, 0, 0, 0, 3, 0, 0, 2, 1, 0, 5, 0, 0, 0, 2, 0, 0, 0, 0, 2, 0, 0, 4, 0, 0, 0, 0, 1, 0, 4, 2, 1, 0, 0, 1, 0, 2, 0, 53, 3, 4, 1, 0, 0, 0, 5, 0, 0, : 1, 52, 5, 5, 50, 1, 54, 2, 2, 1, 1, 2, 3, 4, 1, 1, 1, 2, 5, 1, 5, 1, 2, 4, 1, 54, 2, 5, 1, 3, 1, 2, 3, 55, 3, 4, 3, 1, 3, 4, 4, 1, 4, 52, 3, 3, 3, 2, 3, 5, 3, 1, 1, 5, 1, 4, 1, 1, 2, 1, 2, 1, 1, 55, 3, 2, 1, 5, 2, 2, 4, 1, 4, 2, 1, 1, 2, 53, 3, 4, 1, 5, 
36: 1, 0, 0, 0, 3, 0, 0, 2, 51, 5, 1, 2, 0, 0, 0, 1, 0, 0, 1, 0, 0, 3, 5, 5, 0, 0, 4, 0, 1, 0, 0, 0, 6, 0, 0, 2, 0, 1, 1, 0, 0, 0, 4, 2, 5, 3, 0, 52, 4, 0, 1, 0, 0, 0, 2, 0, 0, 5, 3, 0, 0, 54, 3, 4, 0, 2, 0, 1, 5, 0, 2, 0, 1, 4, 0, 0, 0, 0, 0, 4, 0, 55, 55, 0, 4, 0, 0, 0, 52, 0, 2, 0, 0, 0, 1, 0, 3, 1, 0, 0, 0, 1, 2, 0, 0, 0, 0, 0, 0, 0, 5, 0, 0, 0, 2, 0, 0, 0, 0, 0, 2, 2, 0, 2, 0, 2, 52, 2, 5, 54, 0, 5, 0, 0, 0, 0, 0, 0, 0, 0, 1, 0, 0, 0, 0, 0, 2, 0, 0, 0, 0, 0, 0, 0, 0, 0, 4, 0, 0, 1, 0, 0, 5, 0, 0, 0, 4, 0, 0, 0, 0, 1, 0, 1, 5, 0, 0, 0, 0, 0, 0, 0, 4, 1, 0, 1, 0, 0, 1, 0, 1, 0, 2, 0, 50, 52, 1, 3, 0, 4, : 1, 3, 2, 51, 5, 1, 2, 1, 1, 3, 5, 5, 4, 1, 6, 2, 1, 1, 4, 2, 5, 3, 52, 4, 1, 2, 5, 3, 54, 3, 4, 2, 1, 5, 2, 1, 4, 4, 55, 55, 4, 52, 2, 1, 3, 1, 1, 2, 5, 2, 2, 2, 2, 2, 52, 2, 5, 54, 5, 1, 2, 4, 1, 5, 4, 1, 1, 5, 4, 1, 1, 1, 1, 2, 50, 52, 1, 3, 4, 
38: 2, 3, 53, 0, 0, 50, 52, 53, 0, 0, 3, 0, 0, 55, 2, 0, 0, 0, 2, 2, 0, 1, 5, 4, 0, 0, 1, 0, 1, 0, 51, 0, 3, 0, 0, 3, 0, 4, 2, 0, 0, 53, 2, 2, 2, 1, 51, 0, 4, 0, 0, 0, 0, 4, 0, 0, 0, 3, 0, 0, 0, 2, 0, 2, 3, 0, 0, 2, 1, 1, 0, 0, 2, 1, 0, 2, 0, 0, 0, 0, 0, 0, 0, 1, 8, 50, 0, 0, 0, 0, 0, 0, 0, 0, 5, 52, 0, 3, 0, 1, 0, 0, 0, 0, 0, 0, 1, 0, 0, 0, 4, 0, 55, 0, 1, 0, 0, 0, 0, 3, 5, 5, 4, 0, 0, 1, 4, 0, 5, 0, 0, 0, 0, 0, 0, 0, 0, 1, 0, 0, 5, 0, 0, 5, 0, 0, 5, 0, 0, 0, 51, 0, 1, 0, 0, 0, 3, 0, 1, 4, 0, 0, 4, 0, 0, 0, 1, 0, 0, 0, 0, 0, 3, 0, 3, 0, 0, 0, 0, 0, 0, 0, 3, 5, 0, 0, 0, 0, 0, 0, 0, 0, 4, 0, 3, 0, 0, 4, 0, 1, : 2, 3, 53, 50, 52, 53, 3, 55, 2, 2, 2, 1, 5, 4, 1, 1, 51, 3, 3, 4, 2, 53, 2, 2, 2, 1, 51, 4, 4, 3, 2, 2, 3, 2, 1, 1, 2, 1, 2, 1, 8, 50, 5, 52, 3, 1, 1, 4, 55, 1, 3, 5, 5, 4, 1, 4, 5, 1, 5, 5, 5, 51, 1, 3, 1, 4, 4, 1, 3, 3, 3, 5, 4, 3, 4, 1, 
1: 2, 0, 0, 3, 0, 0, 1, 0, 0, 0, 0, 0, 0, 0, 0, 0, 0, 0, 0, 0, 0, 3, 3, 3, 0, 0, 4, 0, 2, 3, 0, 0, 1, 0, 0, 50, 0, 2, 1, 0, 0, 0, 5, 1, 5, 0, 0, 0, 3, 0, 0, 0, 0, 0, 53, 0, 0, 0, 0, 0, 55, 0, 0, 2, 2, 0, 0, 2, 4, 0, 0, 0, 3, 1, 0, 0, 3, 0, 0, 1, 2, 0, 0, 0, 3, 0, 0, 0, 0, 0, 0, 0, 0, 0, 1, 0, 0, 2, 0, 3, 0, 0, 5, 1, 0, 3, 0, 0, 0, 0, 1, 0, 0, 1, 5, 0, 0, 0, 1, 2, 1, 3, 0, 0, 0, 5, 0, 0, 1, 0, 0, 0, 0, 0, 0, 0, 0, 0, 0, 0, 2, 53, 0, 0, 0, 0, 1, 0, 53, 3, 0, 0, 0, 0, 0, 0, 1, 0, 0, 5, 0, 0, 4, 0, 4, 2, 1, 0, 0, 0, 55, 1, 0, 0, 4, 0, 0, 0, 0, 0, 0, 0, 1, 1, 0, 0, 2, 2, 4, 0, 0, 0, 2, 0, 0, 0, 0, 1, 0, 0, : 2, 3, 1, 3, 3, 3, 4, 2, 3, 1, 50, 2, 1, 5, 1, 5, 3, 53, 55, 2, 2, 2, 4, 3, 1, 3, 1, 2, 3, 1, 2, 3, 5, 1, 3, 1, 1, 5, 1, 2, 1, 3, 5, 1, 2, 53, 1, 53, 3, 1, 5, 4, 4, 2, 1, 55, 1, 4, 1, 1, 2, 2, 4, 2, 1, 
33: 3, 0, 0, 0, 0, 0, 0, 0, 5, 0, 0, 0, 0, 0, 0, 1, 2, 0, 0, 1, 0, 5, 3, 2, 2, 1, 6, 0, 1, 0, 0, 0, 5, 4, 51, 0, 0, 1, 1, 0, 52, 0, 2, 3, 5, 3, 0, 1, 0, 0, 0, 0, 54, 0, 0, 0, 0, 0, 0, 0, 0, 0, 0, 1, 0, 54, 1, 0, 1, 1, 0, 0, 5, 1, 1, 0, 0, 0, 0, 0, 0, 0, 0, 0, 3, 0, 50, 0, 0, 0, 0, 0, 2, 53, 4, 0, 3, 3, 0, 0, 0, 0, 4, 0, 3, 0, 0, 0, 0, 0, 1, 4, 0, 0, 1, 0, 0, 2, 54, 0, 3, 4, 0, 0, 0, 3, 0, 0, 0, 0, 0, 0, 0, 0, 0, 0, 0, 0, 0, 1, 3, 0, 1, 0, 0, 0, 4, 1, 0, 0, 0, 2, 0, 2, 0, 0, 2, 0, 0, 4, 2, 0, 3, 0, 0, 0, 4, 0, 0, 0, 0, 0, 0, 0, 1, 0, 0, 0, 0, 4, 0, 5, 2, 2, 0, 0, 0, 0, 0, 0, 0, 0, 1, 0, 0, 0, 55, 4, 55, 0, : 3, 5, 1, 2, 1, 5, 3, 2, 2, 1, 6, 1, 5, 4, 51, 1, 1, 52, 2, 3, 5, 3, 1, 54, 1, 54, 1, 1, 1, 5, 1, 1, 3, 50, 2, 53, 4, 3, 3, 4, 3, 1, 4, 1, 2, 54, 3, 4, 3, 1, 3, 1, 4, 1, 2, 2, 2, 4, 2, 3, 4, 1, 4, 5, 2, 2, 1, 55, 4, 55, 
37: 5, 0, 0, 4, 52, 0, 0, 0, 0, 0, 0, 0, 0, 0, 54, 0, 0, 0, 0, 50, 0, 2, 5, 2, 51, 0, 2, 0, 5, 0, 0, 52, 5, 0, 0, 0, 0, 5, 4, 51, 0, 0, 4, 4, 2, 1, 0, 1, 5, 0, 5, 0, 0, 0, 0, 0, 0, 0, 0, 0, 1, 1, 0, 3, 0, 0, 0, 0, 3, 0, 0, 0, 5, 5, 0, 0, 51, 55, 0, 0, 0, 0, 0, 2, 1, 0, 0, 0, 0, 0, 0, 0, 0, 0, 1, 3, 1, 1, 0, 1, 0, 1, 1, 0, 0, 0, 0, 0, 0, 0, 1, 0, 0, 5, 1, 0, 0, 1, 0, 3, 4, 2, 0, 1, 0, 4, 0, 0, 4, 1, 0, 0, 55, 0, 0, 1, 0, 0, 0, 0, 5, 0, 0, 1, 52, 0, 2, 0, 5, 0, 3, 0, 0, 0, 0, 0, 5, 3, 0, 5, 2, 0, 5, 0, 0, 0, 1, 0, 0, 2, 0, 0, 0, 50, 1, 0, 0, 0, 4, 0, 0, 0, 1, 2, 0, 0, 0, 0, 0, 52, 0, 0, 3, 0, 0, 0, 0, 3, 0, 0, : 5, 4, 52, 54, 50, 2, 5, 2, 51, 2, 5, 52, 5, 5, 4, 51, 4, 4, 2, 1, 1, 5, 5, 1, 1, 3, 3, 5, 5, 51, 55, 2, 1, 1, 3, 1, 1, 1, 1, 1, 1, 5, 1, 1, 3, 4, 2, 1, 4, 4, 1, 55, 1, 5, 1, 52, 2, 5, 3, 5, 3, 5, 2, 5, 1, 2, 50, 1, 4, 1, 2, 52, 3, 3, 
40: 4, 0, 0, 0, 3, 0, 0, 0, 2, 0, 0, 0, 0, 0, 0, 3, 1, 1, 0, 0, 0, 9, 3, 4, 0, 0, 4, 0, 2, 0, 4, 0, 3, 0, 1, 0, 0, 2, 1, 2, 0, 0, 3, 5, 1, 0, 0, 0, 1, 4, 0, 0, 0, 52, 0, 0, 0, 0, 0, 0, 0, 0, 0, 2, 50, 0, 0, 0, 3, 3, 0, 0, 3, 2, 0, 0, 1, 1, 1, 0, 0, 0, 0, 0, 2, 0, 0, 0, 0, 2, 0, 0, 0, 0, 1, 0, 4, 1, 2, 54, 0, 0, 5, 0, 0, 0, 2, 0, 4, 0, 3, 0, 0, 0, 5, 1, 0, 0, 0, 0, 1, 1, 0, 0, 0, 2, 0, 4, 0, 1, 0, 0, 0, 4, 0, 0, 0, 1, 0, 0, 2, 1, 54, 0, 0, 0, 5, 0, 0, 1, 1, 1, 0, 0, 3, 3, 1, 4, 0, 2, 0, 0, 1, 0, 0, 1, 1, 0, 3, 0, 0, 0, 0, 0, 1, 0, 0, 5, 0, 1, 0, 0, 2, 3, 0, 0, 2, 0, 52, 2, 0, 0, 5, 0, 1, 0, 0, 2, 4, 0, : 4, 3, 2, 3, 1, 1, 9, 3, 4, 4, 2, 4, 3, 1, 2, 1, 2, 3, 5, 1, 1, 4, 52, 2, 50, 3, 3, 3, 2, 1, 1, 1, 2, 2, 1, 4, 1, 2, 54, 5, 2, 4, 3, 5, 1, 1, 1, 2, 4, 1, 4, 1, 2, 1, 54, 5, 1, 1, 1, 3, 3, 1, 4, 2, 1, 1, 1, 3, 1, 5, 1, 2, 3, 2, 52, 2, 5, 1, 2, 4, 


