
20
600
40
20

440: 11, 1, 0, 1, 2, 0, 0, 0, 0, 0, 4, 0, 0, 0, 1, 0, 0, 0, 12, 0, : 11, 1, 1, 2, 4, 1, 12, 
275: 1, 0, 0, 0, 0, 0, 0, 0, 0, 0, 2, 8, 0, 0, 0, 9, 1, 4, 0, 0, : 1, 2, 8, 9, 1, 4, 
114: 1, 0, 0, 13, 0, 0, 0, 1, 0, 12, 7, 0, 1, 0, 1, 1, 0, 1, 0, 1, : 1, 13, 1, 12, 7, 1, 1, 1, 1, 1, 
13: 0, 0, 2, 0, 0, 0, 0, 7, 0, 0, 0, 1, 2, 1, 0, 3, 0, 0, 0, 10, : 2, 7, 1, 2, 1, 3, 10, 
177: 0, 0, 0, 0, 0, 0, 30, 0, 0, 0, 1, 0, 1, 1, 0, 0, 0, 3, 0, 0, : 30, 1, 1, 1, 3, 
65: 1, 0, 0, 1, 0, 0, 1, 0, 0, 0, 0, 0, 0, 0, 0, 0, 0, 2, 0, 0, : 1, 1, 1, 2, 
278: 1, 0, 17, 0, 4, 0, 0, 5, 0, 0, 5, 4, 1, 11, 0, 3, 0, 1, 0, 0, : 1, 17, 4, 5, 5, 4, 1, 11, 3, 1, 
491: 0, 1, 0, 1, 0, 0, 0, 0, 0, 0, 0, 2, 0, 0, 0, 1, 0, 1, 0, 0, : 1, 1, 2, 1, 1, 
347: 0, 4, 0, 1, 0, 1, 0, 1, 0, 0, 1, 0, 1, 0, 0, 0, 0, 0, 0, 0, : 4, 1, 1, 1, 1, 1, 
301: 0, 0, 0, 0, 2, 0, 0, 0, 0, 0, 0, 0, 1, 0, 0, 4, 0, 1, 0, 0, : 2, 1, 4, 1, 
254: 1, 0, 0, 0, 0, 0, 0, 2, 0, 0, 0, 8, 0, 0, 0, 1, 0, 1, 0, 0, : 1, 2, 8, 1, 1, 
62: 3, 1, 1, 2, 0, 1, 0, 0, 0, 0, 1, 0, 1, 2, 0, 1, 0, 8, 0, 1, : 3, 1, 1, 2, 1, 1, 1, 2, 1, 8, 1, 
506: 1, 0, 2, 0, 0, 0, 0, 0, 0, 0, 3, 4, 12, 0, 1, 0, 0, 0, 0, 0, : 1, 2, 3, 4, 12, 1, 
222: 0, 1, 1, 2, 22, 0, 1, 0, 10, 0, 0, 0, 0, 1, 2, 0, 0, 0, 0, 0, : 1, 1, 2, 22, 1, 10, 1, 2, 
305: 0, 0, 1, 0, 0, 0, 0, 1, 0, 0, 1, 1, 0, 5, 0, 1, 0, 1, 0, 1, : 1, 1, 1, 1, 5, 1, 1, 1, 
391: 0, 0, 0, 3, 0, 1, 1, 1, 0, 0, 0, 0, 0, 0, 0, 1, 0, 1, 0, 0, : 3, 1, 1, 1, 1, 1, 
150: 1, 0, 6, 1, 4, 24, 0, 1, 0, 1, 1, 0, 0, 0, 0, 0, 5, 0, 24, 0, : 1, 6, 1, 4, 24, 1, 1, 1, 5, 24, 
346: 1, 0, 0, 0, 0, 0, 1, 0, 0, 3, 0, 8, 1, 1, 4, 0, 1, 2, 0, 0, : 1, 1, 3, 8, 1, 1, 4, 1, 2, 
227: 0, 1, 9, 2, 1, 2, 0, 2, 0, 0, 3, 1, 3, 4, 0, 2, 1, 1, 0, 1, : 1, 9, 2, 1, 2, 2, 3, 1, 3, 4, 2, 1, 1, 1, 
260: 1, 0, 1, 1, 0, 0, 0, 0, 0, 0, 0, 0, 1, 0, 1, 2, 0, 0, 0, 1, : 1, 1, 1, 1, 1, 2, 1, 
492: 0, 0, 0, 2, 0, 10, 0, 1, 0, 10, 0, 0, 0, 2, 0, 2, 14, 0, 0, 0, : 2, 10, 1, 10, 2, 2, 14, 
344: 0, 0, 0, 2, 0, 0, 1, 0, 0, 0, 4, 0, 1, 1, 0, 1, 0, 1, 0, 0, : 2, 1, 4, 1, 1, 1, 1, 
591: 0, 3, 0, 1, 0, 0, 0, 15, 0, 0, 0, 0, 0, 1, 0, 2, 0, 0, 0, 0, : 3, 1, 15, 1, 2, 
282: 3, 0, 0, 0, 1, 0, 3, 1, 0, 0, 3, 0, 2, 0, 6, 0, 0, 4, 3, 0, : 3, 1, 3, 1, 3, 2, 6, 4, 3, 
373: 0, 0, 0, 0, 0, 0, 1, 0, 0, 0, 1, 0, 0, 0, 0, 5, 1, 2, 0, 0, : 1, 1, 5, 1, 2, 
567: 11, 2, 0, 0, 3, 1, 0, 0, 0, 14, 1, 2, 6, 0, 0, 0, 16, 1, 0, 20, : 11, 2, 3, 1, 14, 1, 2, 6, 16, 1, 20, 
412: 1, 0, 0, 1, 1, 0, 1, 0, 0, 0, 1, 0, 0, 0, 0, 0, 0, 1, 0, 5, : 1, 1, 1, 1, 1, 1, 5, 
379: 2, 0, 0, 6, 0, 0, 0, 2, 30, 0, 0, 0, 5, 8, 0, 1, 0, 1, 0, 0, : 2, 6, 2, 30, 5, 8, 1, 1, 
253: 0, 1, 0, 0, 0, 0, 0, 0, 0, 0, 0, 0, 1, 1, 5, 0, 1, 3, 0, 0, : 1, 1, 1, 5, 1, 3, 
576: 0, 25, 0, 0, 0, 0, 0, 0, 0, 0, 1, 1, 0, 1, 19, 0, 0, 0, 1, 0, : 25, 1, 1, 1, 19, 1, 


170: 1, 0, 0, 0, 0, 0, 0, 7, 0, 0, 0, 0, 0, 1, 0, 0, 1, 2, 2, 0, : 1, 7, 1, 1, 2, 2, 
197: 1, 2, 1, 0, 1, 0, 0, 0, 0, 0, 0, 0, 3, 0, 0, 4, 0, 1, 0, 0, : 1, 2, 1, 1, 3, 4, 1, 
419: 1, 0, 0, 0, 1, 0, 16, 0, 0, 0, 0, 0, 0, 0, 0, 0, 0, 11, 0, 0, : 1, 1, 16, 11, 
534: 6, 15, 1, 0, 0, 0, 0, 0, 0, 0, 0, 0, 0, 0, 0, 0, 1, 0, 1, 0, : 6, 15, 1, 1, 1, 
113: 0, 0, 0, 0, 9, 0, 1, 0, 1, 3, 0, 0, 10, 0, 0, 0, 0, 0, 3, 0, : 9, 1, 1, 3, 10, 3, 
27: 0, 0, 2, 0, 0, 0, 0, 1, 0, 0, 0, 1, 1, 0, 3, 0, 0, 0, 0, 0, : 2, 1, 1, 1, 3, 
154: 1, 0, 0, 0, 1, 0, 1, 0, 3, 0, 0, 0, 0, 1, 0, 1, 0, 0, 0, 0, : 1, 1, 1, 3, 1, 1, 
144: 3, 0, 1, 0, 0, 0, 2, 0, 7, 0, 11, 5, 0, 0, 0, 1, 0, 0, 0, 1, : 3, 1, 2, 7, 11, 5, 1, 1, 
57: 0, 0, 2, 0, 13, 0, 0, 1, 0, 0, 1, 0, 0, 0, 0, 0, 5, 0, 7, 0, : 2, 13, 1, 1, 5, 7, 
564: 1, 0, 1, 0, 0, 1, 0, 1, 0, 0, 2, 18, 3, 0, 0, 0, 0, 1, 2, 0, : 1, 1, 1, 1, 2, 18, 3, 1, 2, 
426: 0, 0, 1, 0, 0, 0, 0, 1, 0, 0, 1, 1, 0, 0, 0, 5, 1, 2, 0, 1, : 1, 1, 1, 1, 5, 1, 2, 1, 
49: 1, 0, 0, 0, 0, 0, 0, 1, 0, 11, 1, 0, 6, 2, 1, 1, 3, 0, 0, 1, : 1, 1, 11, 1, 6, 2, 1, 1, 3, 1, 
173: 2, 0, 1, 14, 0, 0, 0, 0, 0, 0, 0, 2, 3, 0, 0, 0, 0, 0, 0, 0, : 2, 1, 14, 2, 3, 
444: 1, 0, 0, 19, 1, 1, 0, 0, 1, 21, 0, 0, 0, 0, 0, 0, 3, 0, 0, 13, : 1, 19, 1, 1, 1, 21, 3, 13, 
240: 0, 0, 0, 0, 1, 0, 0, 0, 7, 1, 0, 4, 5, 0, 0, 4, 1, 0, 0, 1, : 1, 7, 1, 4, 5, 4, 1, 1, 
92: 0, 0, 1, 2, 0, 0, 0, 0, 0, 0, 0, 1, 0, 0, 0, 0, 0, 0, 1, 1, : 1, 2, 1, 1, 1, 
80: 1, 7, 0, 0, 1, 0, 0, 2, 19, 0, 0, 0, 1, 0, 0, 0, 0, 0, 2, 0, : 1, 7, 1, 2, 19, 1, 2, 
5: 3, 0, 3, 1, 0, 0, 6, 0, 0, 0, 3, 0, 0, 11, 0, 0, 0, 0, 0, 0, : 3, 3, 1, 6, 3, 11, 
149: 8, 0, 1, 0, 0, 0, 1, 0, 0, 2, 0, 0, 0, 0, 0, 0, 0, 0, 0, 0, : 8, 1, 1, 2, 
63: 1, 2, 10, 1, 0, 0, 0, 0, 0, 0, 18, 0, 1, 0, 36, 0, 1, 1, 0, 0, : 1, 2, 10, 1, 18, 1, 36, 1, 1, 
274: 1, 0, 0, 0, 0, 0, 1, 0, 1, 0, 0, 0, 0, 0, 0, 0, 1, 0, 0, 2, : 1, 1, 1, 1, 2, 
82: 0, 2, 1, 0, 0, 1, 1, 0, 0, 0, 0, 0, 1, 0, 0, 2, 0, 8, 2, 13, : 2, 1, 1, 1, 1, 2, 8, 2, 13, 
137: 0, 0, 0, 0, 2, 3, 8, 0, 0, 2, 0, 3, 0, 3, 0, 0, 3, 1, 1, 0, : 2, 3, 8, 2, 3, 3, 3, 1, 1, 
353: 0, 0, 3, 0, 1, 0, 1, 0, 0, 0, 3, 0, 0, 4, 0, 22, 14, 5, 1, 0, : 3, 1, 1, 3, 4, 22, 14, 5, 1, 
172: 0, 0, 0, 0, 0, 1, 0, 0, 0, 0, 0, 0, 1, 0, 0, 0, 3, 0, 3, 1, : 1, 1, 3, 3, 1, 
18: 7, 0, 3, 0, 0, 0, 2, 0, 0, 0, 0, 1, 0, 9, 0, 0, 2, 0, 8, 0, : 7, 3, 2, 1, 9, 2, 8, 
252: 1, 12, 0, 0, 0, 0, 0, 22, 0, 0, 0, 3, 1, 0, 0, 0, 0, 4, 0, 0, : 1, 12, 22, 3, 1, 4, 
148: 0, 0, 0, 0, 1, 0, 0, 0, 0, 0, 0, 0, 0, 9, 0, 0, 1, 0, 2, 1, : 1, 9, 1, 2, 1, 
473: 0, 0, 1, 3, 0, 33, 0, 0, 1, 0, 0, 0, 1, 0, 0, 0, 0, 4, 5, 0, : 1, 3, 33, 1, 1, 4, 5, 
533: 0, 0, 7, 0, 8, 0, 0, 4, 0, 0, 0, 1, 3, 0, 0, 0, 0, 0, 0, 5, : 7, 8, 4, 1, 3, 5, 


41: 0, 1, 7, 1, 0, 0, 0, 0, 0, 0, 0, 0, 8, 0, 0, 0, 18, 0, 4, 0, : 1, 7, 1, 8, 18, 4, 
463: 3, 0, 0, 1, 0, 1, 0, 0, 0, 1, 0, 1, 1, 3, 0, 18, 0, 0, 0, 0, : 3, 1, 1, 1, 1, 1, 3, 18, 
271: 0, 1, 0, 0, 0, 1, 1, 0, 0, 2, 0, 0, 0, 7, 0, 1, 0, 0, 1, 0, : 1, 1, 1, 2, 7, 1, 1, 
207: 0, 1, 0, 0, 0, 0, 0, 0, 0, 3, 0, 0, 0, 0, 1, 1, 0, 0, 0, 1, : 1, 3, 1, 1, 1, 
60: 0, 0, 1, 1, 2, 0, 2, 0, 0, 1, 0, 3, 0, 0, 11, 0, 0, 0, 0, 0, : 1, 1, 2, 2, 1, 3, 11, 
295: 6, 1, 3, 0, 1, 0, 6, 1, 0, 0, 0, 1, 2, 0, 1, 0, 0, 0, 0, 1, : 6, 1, 3, 1, 6, 1, 1, 2, 1, 1, 
320: 0, 2, 0, 0, 0, 0, 1, 0, 2, 0, 0, 0, 0, 1, 1, 0, 0, 0, 0, 0, : 2, 1, 2, 1, 1, 
317: 0, 9, 0, 0, 0, 14, 0, 1, 0, 1, 0, 0, 13, 0, 0, 0, 0, 0, 0, 0, : 9, 14, 1, 1, 13, 
142: 0, 0, 13, 0, 0, 0, 0, 0, 1, 0, 0, 6, 2, 0, 1, 0, 0, 0, 0, 0, : 13, 1, 6, 2, 1, 
356: 0, 1, 0, 0, 4, 8, 0, 2, 0, 0, 0, 4, 1, 0, 1, 0, 0, 11, 0, 5, : 1, 4, 8, 2, 4, 1, 1, 11, 5, 
520: 0, 0, 0, 1, 1, 0, 1, 0, 1, 21, 0, 1, 0, 0, 1, 1, 0, 0, 0, 1, : 1, 1, 1, 1, 21, 1, 1, 1, 1, 
413: 7, 1, 0, 0, 0, 0, 1, 0, 0, 0, 0, 0, 2, 0, 1, 1, 0, 0, 2, 13, : 7, 1, 1, 2, 1, 1, 2, 13, 
358: 5, 1, 1, 0, 0, 0, 0, 20, 0, 0, 0, 0, 0, 0, 0, 0, 1, 0, 0, 0, : 5, 1, 1, 20, 1, 
508: 1, 1, 1, 0, 1, 0, 0, 0, 0, 1, 1, 0, 1, 1, 0, 0, 0, 0, 0, 0, : 1, 1, 1, 1, 1, 1, 1, 1, 
36: 0, 0, 1, 0, 0, 0, 1, 6, 21, 1, 0, 1, 1, 0, 0, 0, 0, 0, 0, 0, : 1, 1, 6, 21, 1, 1, 1, 
38: 1, 1, 1, 0, 0, 1, 16, 0, 0, 2, 0, 1, 0, 0, 0, 0, 0, 0, 0, 0, : 1, 1, 1, 1, 16, 2, 1, 
34: 0, 3, 2, 0, 0, 1, 0, 0, 0, 0, 0, 0, 0, 0, 2, 4, 0, 0, 0, 0, : 3, 2, 1, 2, 4, 
468: 1, 0, 1, 0, 4, 6, 2, 0, 0, 0, 0, 0, 1, 0, 0, 0, 0, 23, 0, 0, : 1, 1, 4, 6, 2, 1, 23, 
323: 0, 1, 0, 0, 1, 0, 0, 0, 1, 0, 5, 0, 1, 3, 3, 6, 0, 0, 0, 0, : 1, 1, 1, 5, 1, 3, 3, 6, 
263: 0, 0, 1, 0, 0, 0, 0, 0, 0, 0, 0, 17, 0, 18, 2, 6, 0, 0, 12, 0, : 1, 17, 18, 2, 6, 12, 
152: 0, 0, 2, 1, 1, 1, 1, 0, 0, 0, 0, 0, 1, 0, 0, 0, 0, 0, 0, 0, : 2, 1, 1, 1, 1, 1, 
598: 0, 1, 0, 0, 2, 1, 1, 10, 4, 0, 33, 0, 0, 0, 0, 0, 0, 0, 0, 0, : 1, 2, 1, 1, 10, 4, 33, 
242: 1, 8, 0, 0, 1, 0, 1, 0, 0, 0, 0, 3, 0, 1, 0, 0, 0, 4, 0, 0, : 1, 8, 1, 1, 3, 1, 4, 
465: 2, 0, 0, 18, 0, 0, 1, 0, 0, 2, 0, 0, 5, 0, 4, 1, 0, 0, 0, 0, : 2, 18, 1, 2, 5, 4, 1, 
210: 0, 0, 2, 0, 1, 0, 1, 0, 0, 0, 0, 1, 0, 0, 1, 0, 0, 0, 0, 0, : 2, 1, 1, 1, 1, 
161: 1, 3, 3, 15, 4, 0, 1, 0, 1, 2, 0, 0, 0, 1, 2, 0, 0, 0, 0, 0, : 1, 3, 3, 15, 4, 1, 1, 2, 1, 2, 
165: 0, 1, 0, 0, 0, 0, 1, 0, 3, 0, 1, 0, 0, 0, 1, 0, 0, 0, 0, 1, : 1, 1, 3, 1, 1, 1, 
596: 1, 1, 1, 1, 4, 0, 0, 0, 0, 1, 0, 0, 1, 0, 0, 0, 8, 2, 0, 0, : 1, 1, 1, 1, 4, 1, 1, 8, 2, 
86: 11, 1, 0, 1, 12, 0, 1, 0, 6, 1, 0, 0, 0, 5, 5, 1, 1, 0, 0, 17, : 11, 1, 1, 12, 1, 6, 1, 5, 5, 1, 1, 17, 
198: 0, 1, 0, 0, 1, 6, 1, 0, 0, 1, 0, 1, 0, 0, 2, 0, 12, 0, 21, 1, : 1, 1, 6, 1, 1, 1, 2, 12, 21, 1, 


56: 0, 1, 0, 0, 1, 0, 1, 0, 0, 0, 0, 0, 1, 0, 1, 0, 0, 7, 2, 2, : 1, 1, 1, 1, 1, 7, 2, 2, 
238: 0, 0, 0, 16, 3, 1, 0, 2, 0, 0, 0, 0, 0, 0, 0, 2, 0, 1, 2, 0, : 16, 3, 1, 2, 2, 1, 2, 
547: 1, 1, 11, 16, 4, 0, 0, 0, 3, 0, 2, 0, 0, 0, 1, 0, 1, 3, 0, 17, : 1, 1, 11, 16, 4, 3, 2, 1, 1, 3, 17, 
111: 0, 0, 0, 0, 1, 0, 8, 0, 2, 1, 0, 7, 7, 0, 0, 0, 0, 0, 0, 0, : 1, 8, 2, 1, 7, 7, 
580: 3, 1, 0, 1, 1, 0, 0, 6, 0, 0, 0, 0, 1, 1, 0, 0, 0, 1, 0, 0, : 3, 1, 1, 1, 6, 1, 1, 1, 
205: 0, 0, 3, 0, 0, 0, 2, 0, 12, 0, 0, 6, 1, 0, 0, 0, 0, 0, 0, 0, : 3, 2, 12, 6, 1, 
284: 9, 0, 0, 0, 1, 0, 1, 0, 0, 28, 0, 0, 0, 0, 0, 0, 0, 1, 0, 0, : 9, 1, 1, 28, 1, 
466: 0, 0, 0, 0, 1, 0, 1, 0, 0, 0, 0, 0, 1, 1, 0, 1, 0, 1, 0, 0, : 1, 1, 1, 1, 1, 1, 
307: 0, 0, 0, 0, 1, 1, 0, 1, 3, 1, 0, 0, 3, 1, 1, 0, 0, 0, 0, 10, : 1, 1, 1, 3, 1, 3, 1, 1, 10, 
220: 0, 1, 0, 0, 0, 0, 0, 1, 1, 1, 0, 0, 0, 1, 6, 8, 0, 0, 0, 0, : 1, 1, 1, 1, 1, 6, 8, 
572: 0, 2, 14, 0, 1, 0, 0, 1, 0, 0, 9, 0, 0, 3, 1, 0, 0, 1, 0, 0, : 2, 14, 1, 1, 9, 3, 1, 1, 
417: 0, 1, 0, 0, 0, 0, 0, 3, 0, 0, 0, 1, 2, 0, 1, 0, 0, 1, 0, 0, : 1, 3, 1, 2, 1, 1, 
66: 0, 8, 0, 0, 7, 4, 0, 0, 0, 0, 0, 0, 0, 0, 4, 0, 0, 0, 0, 0, : 8, 7, 4, 4, 
143: 0, 1, 0, 0, 5, 7, 0, 0, 0, 3, 0, 14, 0, 0, 0, 1, 32, 1, 0, 0, : 1, 5, 7, 3, 14, 1, 32, 1, 
11: 0, 3, 0, 0, 0, 6, 8, 1, 0, 0, 0, 2, 0, 3, 0, 5, 0, 0, 0, 0, : 3, 6, 8, 1, 2, 3, 5, 
135: 0, 0, 0, 0, 1, 3, 0, 7, 0, 0, 0, 0, 1, 0, 1, 5, 0, 0, 0, 6, : 1, 3, 7, 1, 1, 5, 6, 
104: 0, 0, 0, 6, 1, 2, 0, 0, 1, 2, 12, 0, 0, 0, 0, 0, 6, 4, 0, 0, : 6, 1, 2, 1, 2, 12, 6, 4, 
552: 0, 0, 0, 0, 0, 6, 0, 0, 0, 1, 0, 0, 2, 2, 0, 0, 0, 1, 0, 0, : 6, 1, 2, 2, 1, 
329: 10, 0, 1, 0, 0, 1, 0, 0, 7, 0, 0, 0, 19, 0, 0, 0, 0, 1, 0, 0, : 10, 1, 1, 7, 19, 1, 
524: 0, 0, 0, 0, 0, 0, 17, 0, 1, 0, 1, 1, 0, 1, 10, 0, 0, 0, 0, 0, : 17, 1, 1, 1, 1, 10, 
270: 0, 0, 1, 0, 2, 0, 0, 0, 5, 1, 0, 7, 0, 3, 0, 1, 0, 7, 0, 0, : 1, 2, 5, 1, 7, 3, 1, 7, 
12: 0, 1, 1, 0, 0, 1, 0, 15, 0, 1, 0, 0, 0, 0, 1, 0, 0, 0, 0, 0, : 1, 1, 1, 15, 1, 1, 
562: 0, 18, 0, 0, 1, 2, 0, 1, 0, 0, 0, 0, 2, 0, 1, 0, 0, 1, 0, 0, : 18, 1, 2, 1, 2, 1, 1, 
192: 4, 0, 9, 0, 1, 2, 0, 0, 1, 0, 2, 2, 0, 7, 0, 0, 0, 1, 0, 1, : 4, 9, 1, 2, 1, 2, 2, 7, 1, 1, 
151: 0, 1, 0, 0, 0, 0, 2, 1, 1, 0, 0, 0, 0, 0, 1, 0, 0, 3, 25, 0, : 1, 2, 1, 1, 1, 3, 25, 
105: 0, 1, 0, 0, 1, 0, 0, 1, 0, 0, 0, 0, 0, 0, 0, 2, 0, 2, 0, 0, : 1, 1, 1, 2, 2, 
61: 0, 0, 0, 1, 2, 2, 0, 0, 1, 0, 0, 0, 0, 1, 0, 1, 0, 0, 7, 0, : 1, 2, 2, 1, 1, 1, 7, 
570: 0, 0, 0, 0, 2, 0, 0, 0, 1, 1, 13, 0, 0, 15, 11, 4, 0, 0, 0, 0, : 2, 1, 1, 13, 15, 11, 4, 
418: 0, 0, 0, 0, 2, 1, 0, 0, 0, 0, 1, 0, 0, 0, 0, 10, 0, 1, 3, 4, : 2, 1, 1, 10, 1, 3, 4, 
23: 13, 0, 0, 0, 1, 1, 0, 0, 1, 0, 0, 0, 0, 1, 0, 0, 1, 2, 1, 0, : 13, 1, 1, 1, 1, 1, 2, 1, 


239: 9, 0, 0, 0, 3, 2, 2, 0, 0, 0, 0, 0, 0, 0, 0, 0, 0, 12, 0, 0, : 9, 3, 2, 2, 12, 
599: 11, 0, 0, 0, 0, 0, 22, 0, 6, 5, 29, 0, 0, 0, 0, 1, 10, 0, 0, 0, : 11, 22, 6, 5, 29, 1, 10, 
348: 0, 0, 0, 1, 0, 0, 1, 0, 2, 1, 0, 1, 2, 1, 4, 2, 0, 1, 1, 0, : 1, 1, 2, 1, 1, 2, 1, 4, 2, 1, 1, 
76: 0, 1, 0, 1, 0, 1, 1, 0, 0, 1, 0, 4, 13, 0, 0, 0, 1, 0, 6, 1, : 1, 1, 1, 1, 1, 4, 13, 1, 6, 1, 
339: 0, 0, 0, 2, 0, 0, 0, 0, 0, 0, 8, 1, 0, 0, 0, 0, 11, 0, 0, 0, : 2, 8, 1, 11, 
540: 0, 0, 20, 0, 0, 21, 1, 0, 0, 0, 0, 0, 1, 0, 0, 1, 0, 1, 0, 0, : 20, 21, 1, 1, 1, 1, 
476: 0, 0, 1, 3, 0, 0, 0, 0, 11, 0, 0, 0, 0, 1, 20, 0, 0, 0, 3, 0, : 1, 3, 11, 1, 20, 3, 
330: 0, 2, 2, 1, 0, 0, 0, 0, 0, 3, 0, 0, 0, 0, 1, 0, 0, 4, 0, 0, : 2, 2, 1, 3, 1, 4, 
499: 0, 0, 1, 1, 0, 0, 0, 0, 0, 0, 0, 0, 0, 0, 0, 0, 1, 5, 3, 0, : 1, 1, 1, 5, 3, 
304: 1, 0, 0, 3, 1, 1, 1, 0, 2, 1, 0, 0, 0, 1, 0, 0, 0, 0, 3, 0, : 1, 3, 1, 1, 1, 2, 1, 1, 3, 
443: 3, 4, 0, 1, 0, 0, 0, 0, 0, 0, 1, 0, 0, 0, 9, 0, 0, 1, 1, 0, : 3, 4, 1, 1, 9, 1, 1, 
234: 0, 0, 0, 0, 1, 0, 0, 0, 0, 0, 0, 1, 0, 0, 0, 0, 6, 1, 1, 0, : 1, 1, 6, 1, 1, 
298: 14, 0, 0, 1, 0, 2, 0, 0, 0, 0, 0, 3, 3, 0, 0, 1, 1, 0, 0, 0, : 14, 1, 2, 3, 3, 1, 1, 
541: 1, 30, 0, 0, 12, 2, 1, 0, 0, 0, 0, 19, 0, 1, 0, 0, 1, 0, 0, 19, : 1, 30, 12, 2, 1, 19, 1, 1, 19, 
566: 0, 2, 1, 9, 0, 0, 1, 1, 0, 0, 0, 0, 2, 1, 1, 0, 0, 0, 1, 0, : 2, 1, 9, 1, 1, 2, 1, 1, 1, 
193: 0, 0, 0, 4, 0, 0, 0, 0, 6, 0, 0, 3, 0, 8, 0, 0, 0, 0, 0, 3, : 4, 6, 3, 8, 3, 
159: 0, 0, 15, 1, 0, 0, 0, 0, 9, 16, 0, 0, 0, 0, 2, 0, 0, 4, 1, 0, : 15, 1, 9, 16, 2, 4, 1, 
385: 0, 0, 0, 1, 0, 0, 0, 0, 1, 0, 0, 0, 16, 0, 0, 0, 0, 0, 5, 0, : 1, 1, 16, 5, 
83: 0, 0, 0, 1, 1, 0, 0, 0, 0, 0, 0, 1, 0, 0, 0, 0, 0, 0, 1, 0, : 1, 1, 1, 1, 
236: 0, 0, 0, 0, 0, 0, 0, 0, 0, 0, 0, 1, 0, 3, 0, 0, 0, 1, 0, 0, : 1, 3, 1, 
571: 0, 0, 0, 0, 0, 1, 1, 0, 0, 0, 0, 0, 0, 1, 1, 0, 0, 0, 2, 0, : 1, 1, 1, 1, 2, 
189: 0, 0, 0, 0, 2, 0, 1, 26, 0, 0, 0, 0, 1, 0, 0, 1, 5, 0, 0, 0, : 2, 1, 26, 1, 1, 5, 
597: 0, 0, 0, 3, 0, 4, 0, 0, 0, 6, 0, 2, 1, 0, 1, 0, 1, 0, 0, 0, : 3, 4, 6, 2, 1, 1, 1, 
409: 0, 0, 0, 0, 0, 0, 0, 0, 3, 1, 0, 0, 0, 0, 0, 25, 0, 0, 9, 16, : 3, 1, 25, 9, 16, 
403: 0, 0, 0, 0, 0, 0, 2, 0, 0, 2, 0, 0, 0, 0, 0, 9, 0, 5, 1, 0, : 2, 2, 9, 5, 1, 
204: 0, 0, 0, 0, 0, 2, 0, 0, 0, 0, 1, 0, 0, 0, 0, 0, 3, 0, 1, 0, : 2, 1, 3, 1, 
217: 1, 0, 0, 1, 19, 4, 0, 13, 0, 1, 0, 0, 0, 0, 0, 0, 0, 4, 1, 0, : 1, 1, 19, 4, 13, 1, 4, 1, 
411: 0, 1, 0, 1, 0, 0, 2, 0, 0, 2, 1, 0, 0, 22, 1, 0, 0, 0, 0, 1, : 1, 1, 2, 2, 1, 22, 1, 1, 
503: 0, 0, 0, 5, 0, 0, 1, 0, 0, 0, 0, 1, 1, 1, 0, 0, 0, 1, 0, 0, : 5, 1, 1, 1, 1, 1, 
218: 0, 0, 0, 0, 1, 0, 3, 0, 0, 1, 0, 3, 0, 0, 0, 0, 0, 0, 0, 0, : 1, 3, 1, 3, 


574: 0, 1, 3, 0, 1, 0, 0, 0, 1, 1, 0, 1, 0, 0, 3, 0, 0, 0, 1, 7, : 1, 3, 1, 1, 1, 1, 3, 1, 7, 
39: 0, 0, 0, 0, 1, 0, 0, 0, 0, 1, 0, 0, 0, 1, 4, 19, 0, 23, 1, 0, : 1, 1, 1, 4, 19, 23, 1, 
126: 0, 0, 1, 1, 0, 1, 0, 0, 0, 0, 1, 0, 0, 5, 11, 0, 0, 0, 0, 3, : 1, 1, 1, 1, 5, 11, 3, 
106: 0, 0, 22, 0, 2, 0, 0, 0, 0, 0, 1, 0, 4, 1, 0, 0, 0, 0, 4, 0, : 22, 2, 1, 4, 1, 4, 
19: 0, 0, 0, 0, 0, 1, 0, 0, 19, 0, 0, 2, 0, 1, 1, 1, 0, 0, 0, 5, : 1, 19, 2, 1, 1, 1, 5, 
208: 0, 8, 0, 23, 6, 1, 1, 0, 0, 0, 0, 1, 0, 0, 1, 0, 0, 0, 2, 0, : 8, 23, 6, 1, 1, 1, 1, 2, 
354: 0, 1, 0, 0, 0, 4, 0, 0, 0, 0, 0, 16, 0, 2, 0, 0, 0, 0, 1, 1, : 1, 4, 16, 2, 1, 1, 
313: 14, 4, 1, 0, 0, 4, 0, 0, 0, 0, 0, 0, 0, 1, 0, 0, 0, 0, 0, 0, : 14, 4, 1, 4, 1, 
109: 0, 1, 1, 0, 1, 0, 0, 0, 0, 0, 0, 0, 1, 4, 0, 0, 20, 0, 1, 7, : 1, 1, 1, 1, 4, 20, 1, 7, 
174: 0, 0, 3, 0, 2, 2, 0, 19, 0, 4, 0, 0, 0, 0, 0, 1, 0, 0, 0, 0, : 3, 2, 2, 19, 4, 1, 
249: 0, 0, 2, 1, 0, 0, 0, 0, 0, 0, 3, 1, 0, 0, 0, 0, 0, 0, 0, 4, : 2, 1, 3, 1, 4, 
73: 0, 0, 1, 0, 1, 0, 0, 0, 0, 0, 0, 6, 0, 5, 0, 1, 0, 4, 0, 0, : 1, 1, 6, 5, 1, 4, 
342: 0, 0, 0, 0, 0, 0, 0, 0, 0, 0, 1, 1, 0, 1, 0, 0, 0, 0, 1, 0, : 1, 1, 1, 1, 
70: 0, 0, 0, 0, 0, 0, 2, 0, 0, 1, 1, 0, 0, 0, 1, 0, 0, 0, 0, 3, : 2, 1, 1, 1, 3, 
428: 0, 0, 1, 0, 0, 0, 0, 0, 0, 3, 0, 0, 0, 1, 3, 7, 0, 12, 1, 0, : 1, 3, 1, 3, 7, 12, 1, 
300: 0, 1, 0, 0, 0, 0, 0, 1, 18, 2, 0, 1, 5, 0, 2, 0, 0, 0, 0, 0, : 1, 1, 18, 2, 1, 5, 2, 
375: 0, 7, 0, 1, 0, 1, 0, 0, 0, 7, 1, 0, 0, 1, 0, 0, 0, 0, 0, 0, : 7, 1, 1, 7, 1, 1, 
293: 0, 0, 0, 0, 1, 1, 0, 0, 0, 3, 1, 0, 0, 0, 0, 0, 0, 0, 0, 0, : 1, 1, 3, 1, 
483: 0, 0, 0, 1, 4, 1, 25, 0, 0, 4, 3, 0, 0, 0, 0, 1, 0, 0, 0, 1, : 1, 4, 1, 25, 4, 3, 1, 1, 
538: 0, 0, 1, 0, 6, 0, 1, 0, 0, 4, 0, 1, 0, 6, 0, 2, 0, 0, 2, 0, : 1, 6, 1, 4, 1, 6, 2, 2, 
99: 21, 3, 0, 0, 0, 0, 0, 0, 1, 1, 0, 0, 0, 1, 1, 6, 0, 0, 11, 0, : 21, 3, 1, 1, 1, 1, 6, 11, 
54: 0, 3, 0, 0, 0, 4, 2, 0, 0, 0, 0, 3, 0, 0, 0, 0, 0, 0, 0, 0, : 3, 4, 2, 3, 
352: 0, 2, 4, 3, 0, 0, 2, 0, 0, 0, 4, 1, 0, 1, 4, 1, 0, 0, 0, 2, : 2, 4, 3, 2, 4, 1, 1, 4, 1, 2, 
52: 3, 0, 0, 8, 0, 0, 5, 0, 0, 0, 1, 1, 0, 0, 6, 0, 0, 0, 1, 1, : 3, 8, 5, 1, 1, 6, 1, 1, 
199: 2, 2, 0, 0, 0, 7, 0, 0, 0, 4, 0, 0, 26, 1, 3, 0, 0, 0, 0, 1, : 2, 2, 7, 4, 26, 1, 3, 1, 
50: 0, 2, 0, 0, 0, 0, 2, 0, 0, 0, 0, 0, 0, 1, 0, 0, 0, 1, 0, 1, : 2, 2, 1, 1, 1, 
512: 0, 1, 0, 0, 1, 0, 0, 0, 0, 1, 1, 1, 0, 5, 0, 0, 16, 0, 0, 4, : 1, 1, 1, 1, 1, 5, 16, 4, 
371: 0, 0, 0, 0, 2, 4, 0, 1, 0, 0, 16, 4, 0, 2, 0, 0, 0, 0, 6, 0, : 2, 4, 1, 16, 4, 2, 6, 
590: 0, 0, 0, 2, 0, 9, 0, 19, 0, 3, 3, 0, 1, 0, 0, 1, 4, 0, 8, 0, : 2, 9, 19, 3, 3, 1, 1, 4, 8, 
557: 0, 4, 0, 0, 12, 0, 0, 0, 1, 1, 3, 0, 3, 0, 0, 0, 0, 0, 0, 0, : 4, 12, 1, 1, 3, 3, 


398: 0, 17, 1, 0, 0, 0, 0, 0, 0, 1, 0, 0, 0, 0, 0, 3, 0, 7, 4, 4, : 17, 1, 1, 3, 7, 4, 4, 
581: 34, 0, 1, 0, 0, 1, 0, 1, 0, 0, 0, 0, 0, 0, 0, 0, 0, 0, 1, 2, : 34, 1, 1, 1, 1, 2, 
455: 0, 2, 1, 28, 2, 1, 2, 0, 1, 1, 1, 1, 0, 1, 0, 0, 0, 0, 1, 3, : 2, 1, 28, 2, 1, 2, 1, 1, 1, 1, 1, 1, 3, 
319: 0, 1, 6, 0, 0, 0, 0, 1, 0, 0, 0, 0, 1, 0, 3, 0, 20, 0, 1, 0, : 1, 6, 1, 1, 3, 20, 1, 
4: 0, 3, 0, 4, 0, 0, 0, 0, 0, 2, 0, 0, 0, 11, 0, 0, 0, 7, 1, 0, : 3, 4, 2, 11, 7, 1, 
171: 0, 0, 0, 0, 2, 0, 0, 0, 0, 1, 0, 1, 0, 0, 1, 0, 0, 0, 6, 0, : 2, 1, 1, 1, 6, 
388: 0, 1, 12, 0, 0, 0, 0, 1, 0, 0, 0, 1, 0, 19, 1, 0, 0, 1, 1, 0, : 1, 12, 1, 1, 19, 1, 1, 1, 
153: 0, 1, 0, 0, 0, 0, 0, 0, 4, 0, 0, 0, 1, 0, 1, 0, 0, 0, 4, 10, : 1, 4, 1, 1, 4, 10, 
424: 0, 0, 0, 0, 1, 0, 0, 0, 0, 1, 0, 1, 1, 0, 2, 22, 0, 1, 1, 0, : 1, 1, 1, 1, 2, 22, 1, 1, 
175: 0, 1, 0, 7, 0, 0, 1, 0, 0, 0, 1, 0, 1, 0, 1, 0, 0, 0, 0, 4, : 1, 7, 1, 1, 1, 1, 4, 
362: 0, 0, 0, 1, 0, 0, 0, 0, 0, 0, 1, 5, 1, 1, 1, 4, 10, 12, 0, 0, : 1, 1, 5, 1, 1, 1, 4, 10, 12, 
380: 0, 0, 0, 0, 1, 0, 0, 0, 0, 1, 0, 1, 4, 0, 0, 0, 0, 0, 2, 0, : 1, 1, 1, 4, 2, 
37: 1, 0, 0, 0, 2, 0, 0, 0, 4, 0, 0, 0, 0, 0, 2, 0, 2, 2, 0, 0, : 1, 2, 4, 2, 2, 2, 
554: 0, 0, 1, 0, 0, 0, 0, 0, 0, 7, 1, 0, 5, 0, 0, 1, 0, 0, 0, 0, : 1, 7, 1, 5, 1, 
55: 0, 1, 0, 0, 0, 0, 0, 0, 0, 0, 24, 0, 3, 0, 1, 0, 0, 1, 2, 7, : 1, 24, 3, 1, 1, 2, 7, 
280: 0, 4, 0, 0, 1, 0, 0, 8, 5, 1, 0, 0, 1, 0, 1, 0, 0, 0, 1, 1, : 4, 1, 8, 5, 1, 1, 1, 1, 1, 
549: 0, 2, 0, 0, 0, 0, 12, 0, 0, 0, 0, 0, 0, 0, 0, 0, 0, 0, 1, 0, : 2, 12, 1, 
88: 0, 1, 6, 0, 1, 7, 0, 0, 0, 1, 1, 0, 9, 1, 0, 0, 0, 0, 3, 0, : 1, 6, 1, 7, 1, 1, 9, 1, 3, 
26: 0, 1, 0, 0, 9, 0, 0, 0, 0, 0, 0, 0, 0, 0, 1, 6, 0, 0, 1, 0, : 1, 9, 1, 6, 1, 
340: 0, 1, 0, 0, 2, 0, 0, 6, 0, 1, 1, 0, 0, 0, 0, 0, 0, 0, 1, 4, : 1, 2, 6, 1, 1, 1, 4, 
16: 1, 0, 1, 0, 0, 0, 6, 20, 7, 0, 3, 0, 4, 0, 0, 0, 0, 2, 1, 0, : 1, 1, 6, 20, 7, 3, 4, 2, 1, 
133: 0, 0, 0, 0, 1, 0, 0, 1, 0, 0, 3, 4, 2, 0, 1, 1, 0, 4, 0, 0, : 1, 1, 3, 4, 2, 1, 1, 4, 
433: 4, 0, 1, 0, 9, 12, 0, 0, 0, 0, 0, 0, 1, 0, 13, 2, 0, 0, 0, 0, : 4, 1, 9, 12, 1, 13, 2, 
129: 0, 1, 0, 0, 2, 0, 0, 1, 0, 1, 0, 1, 0, 0, 0, 0, 0, 0, 1, 0, : 1, 2, 1, 1, 1, 1, 
311: 0, 0, 0, 0, 0, 0, 0, 0, 0, 1, 0, 0, 2, 0, 2, 0, 0, 0, 1, 1, : 1, 2, 2, 1, 1, 
588: 0, 2, 3, 0, 0, 13, 12, 0, 0, 0, 1, 0, 1, 7, 0, 0, 0, 2, 1, 0, : 2, 3, 13, 12, 1, 1, 7, 2, 1, 
585: 0, 0, 1, 0, 0, 0, 0, 1, 19, 2, 1, 0, 0, 0, 0, 0, 0, 1, 2, 0, : 1, 1, 19, 2, 1, 1, 2, 
216: 0, 0, 6, 0, 0, 0, 0, 0, 0, 1, 1, 23, 1, 0, 7, 0, 0, 0, 1, 3, : 6, 1, 1, 23, 1, 7, 1, 3, 
131: 0, 0, 0, 0, 3, 6, 7, 0, 0, 0, 1, 1, 1, 0, 0, 1, 8, 0, 1, 0, : 3, 6, 7, 1, 1, 1, 1, 8, 1, 
160: 0, 1, 0, 0, 4, 0, 0, 0, 0, 18, 0, 1, 1, 0, 2, 0, 0, 0, 1, 1, : 1, 4, 18, 1, 1, 2, 1, 1, 


203: 0, 0, 8, 1, 0, 0, 0, 12, 1, 1, 0, 1, 0, 0, 0, 0, 1, 0, 29, 0, : 8, 1, 12, 1, 1, 1, 1, 29, 
191: 0, 0, 0, 0, 0, 0, 0, 5, 4, 0, 7, 0, 0, 12, 0, 12, 1, 1, 0, 0, : 5, 4, 7, 12, 12, 1, 1, 
269: 0, 0, 0, 0, 0, 0, 0, 1, 0, 0, 0, 1, 2, 0, 0, 5, 0, 0, 0, 0, : 1, 1, 2, 5, 
470: 0, 8, 1, 1, 0, 0, 0, 1, 0, 0, 0, 0, 0, 0, 1, 0, 10, 0, 0, 0, : 8, 1, 1, 1, 1, 10, 
507: 0, 0, 3, 0, 0, 0, 0, 7, 0, 0, 0, 0, 0, 12, 1, 0, 0, 0, 0, 0, : 3, 7, 12, 1, 
190: 10, 0, 0, 0, 1, 1, 0, 0, 1, 0, 0, 0, 2, 0, 0, 0, 1, 11, 0, 3, : 10, 1, 1, 1, 2, 1, 11, 3, 
415: 5, 0, 0, 6, 0, 0, 0, 1, 0, 0, 0, 0, 1, 0, 16, 0, 4, 0, 0, 0, : 5, 6, 1, 1, 16, 4, 
589: 0, 0, 1, 1, 0, 0, 1, 0, 0, 0, 5, 1, 3, 0, 0, 0, 0, 0, 0, 0, : 1, 1, 1, 5, 1, 3, 
530: 6, 0, 9, 0, 2, 0, 2, 1, 0, 0, 0, 0, 0, 0, 0, 0, 0, 0, 0, 22, : 6, 9, 2, 2, 1, 22, 
487: 0, 0, 3, 0, 1, 30, 5, 0, 0, 0, 2, 0, 0, 0, 1, 0, 1, 0, 1, 0, : 3, 1, 30, 5, 2, 1, 1, 1, 
482: 6, 2, 0, 0, 12, 0, 0, 1, 0, 0, 0, 0, 1, 3, 6, 10, 1, 0, 0, 6, : 6, 2, 12, 1, 1, 3, 6, 10, 1, 6, 
84: 0, 0, 0, 1, 1, 1, 0, 0, 0, 0, 0, 1, 0, 0, 0, 0, 2, 0, 0, 2, : 1, 1, 1, 1, 2, 2, 
251: 0, 1, 0, 1, 0, 1, 0, 0, 1, 0, 1, 6, 3, 0, 0, 1, 4, 0, 0, 0, : 1, 1, 1, 1, 1, 6, 3, 1, 4, 
117: 0, 0, 0, 1, 2, 0, 0, 0, 0, 0, 0, 0, 1, 0, 4, 0, 0, 0, 0, 0, : 1, 2, 1, 4, 
35: 0, 1, 0, 1, 0, 0, 1, 0, 0, 0, 1, 2, 0, 0, 0, 7, 0, 0, 0, 1, : 1, 1, 1, 1, 2, 7, 1, 
281: 1, 0, 1, 1, 0, 2, 0, 0, 0, 0, 0, 0, 1, 0, 1, 0, 0, 0, 0, 0, : 1, 1, 1, 2, 1, 1, 
539: 0, 0, 1, 0, 0, 1, 0, 0, 2, 2, 1, 0, 2, 0, 0, 0, 0, 0, 0, 2, : 1, 1, 2, 2, 1, 2, 2, 
600: 1, 0, 1, 0, 1, 0, 6, 0, 13, 0, 0, 0, 11, 0, 0, 0, 0, 0, 0, 0, : 1, 1, 1, 6, 13, 11, 
526: 1, 1, 1, 0, 0, 0, 0, 0, 0, 0, 1, 22, 5, 0, 1, 2, 1, 5, 0, 0, : 1, 1, 1, 1, 22, 5, 1, 2, 1, 5, 
537: 2, 0, 2, 4, 0, 0, 20, 0, 0, 0, 2, 1, 1, 0, 0, 0, 0, 0, 0, 0, : 2, 2, 4, 20, 2, 1, 1, 
74: 0, 1, 0, 1, 0, 0, 0, 0, 0, 5, 1, 1, 0, 0, 2, 1, 0, 0, 0, 0, : 1, 1, 5, 1, 1, 2, 1, 
96: 0, 0, 0, 0, 8, 3, 0, 4, 0, 0, 1, 0, 0, 0, 6, 0, 0, 0, 0, 0, : 8, 3, 4, 1, 6, 
454: 6, 23, 0, 6, 2, 0, 0, 2, 1, 0, 0, 0, 2, 12, 0, 1, 0, 0, 9, 1, : 6, 23, 6, 2, 2, 1, 2, 12, 1, 9, 1, 
325: 0, 0, 0, 1, 6, 0, 0, 1, 13, 0, 3, 0, 4, 0, 0, 0, 0, 23, 0, 1, : 1, 6, 1, 13, 3, 4, 23, 1, 
232: 1, 0, 0, 1, 3, 0, 5, 0, 1, 0, 0, 2, 0, 0, 0, 0, 2, 0, 0, 0, : 1, 1, 3, 5, 1, 2, 2, 
382: 0, 1, 8, 0, 0, 0, 0, 0, 0, 16, 4, 1, 0, 0, 1, 1, 1, 0, 1, 0, : 1, 8, 16, 4, 1, 1, 1, 1, 1, 
45: 0, 2, 0, 0, 1, 1, 0, 0, 0, 0, 2, 1, 1, 0, 0, 0, 0, 0, 0, 0, : 2, 1, 1, 2, 1, 1, 
72: 0, 0, 1, 11, 0, 0, 0, 3, 0, 4, 8, 0, 0, 1, 0, 0, 10, 0, 0, 2, : 1, 11, 3, 4, 8, 1, 10, 2, 
276: 0, 0, 0, 1, 0, 0, 0, 0, 3, 0, 0, 0, 0, 0, 0, 0, 1, 0, 0, 0, : 1, 3, 1, 
289: 1, 0, 0, 1, 0, 0, 0, 1, 0, 12, 1, 0, 0, 0, 0, 0, 0, 0, 0, 0, : 1, 1, 1, 12, 1, 


432: 0, 0, 1, 1, 0, 0, 10, 17, 3, 0, 0, 0, 0, 0, 0, 0, 0, 1, 0, 0, : 1, 1, 10, 17, 3, 1, 
308: 0, 0, 0, 0, 0, 1, 1, 0, 0, 0, 4, 0, 0, 0, 0, 2, 0, 1, 5, 0, : 1, 1, 4, 2, 1, 5, 
237: 0, 0, 0, 0, 2, 0, 0, 4, 0, 0, 2, 1, 1, 9, 1, 1, 0, 3, 3, 3, : 2, 4, 2, 1, 1, 9, 1, 1, 3, 3, 3, 
360: 0, 0, 0, 0, 2, 0, 1, 0, 0, 0, 1, 1, 4, 0, 0, 0, 0, 1, 0, 5, : 2, 1, 1, 1, 4, 1, 5, 
364: 0, 0, 0, 2, 0, 0, 0, 1, 0, 3, 0, 0, 1, 0, 7, 0, 0, 1, 0, 0, : 2, 1, 3, 1, 7, 1, 
81: 0, 0, 0, 0, 0, 1, 0, 0, 0, 9, 0, 0, 0, 0, 5, 0, 0, 1, 0, 0, : 1, 9, 5, 1, 
219: 10, 0, 6, 0, 3, 5, 0, 0, 0, 0, 0, 0, 0, 0, 0, 3, 0, 0, 0, 1, : 10, 6, 3, 5, 3, 1, 
405: 6, 17, 4, 0, 0, 7, 0, 0, 17, 0, 1, 0, 0, 2, 0, 0, 0, 4, 0, 16, : 6, 17, 4, 7, 17, 1, 2, 4, 16, 
176: 0, 0, 0, 0, 0, 1, 1, 0, 0, 13, 0, 0, 0, 1, 0, 0, 0, 0, 0, 0, : 1, 1, 13, 1, 
77: 0, 0, 1, 0, 2, 0, 1, 2, 0, 0, 4, 0, 0, 0, 0, 0, 1, 0, 0, 0, : 1, 2, 1, 2, 4, 1, 
90: 0, 19, 3, 3, 0, 0, 0, 0, 0, 0, 0, 7, 1, 0, 0, 1, 0, 1, 1, 0, : 19, 3, 3, 7, 1, 1, 1, 1, 
187: 0, 0, 2, 0, 2, 0, 6, 0, 0, 0, 0, 0, 4, 0, 9, 2, 0, 4, 0, 0, : 2, 2, 6, 4, 9, 2, 4, 
102: 0, 0, 0, 1, 0, 0, 5, 1, 0, 11, 0, 0, 0, 0, 0, 0, 0, 4, 0, 0, : 1, 5, 1, 11, 4, 
231: 0, 0, 0, 0, 4, 0, 0, 0, 0, 1, 13, 0, 10, 0, 1, 0, 1, 2, 0, 0, : 4, 1, 13, 10, 1, 1, 2, 
357: 1, 0, 0, 1, 0, 0, 0, 0, 1, 0, 1, 0, 0, 0, 0, 0, 0, 1, 0, 2, : 1, 1, 1, 1, 1, 2, 
513: 0, 0, 1, 0, 0, 0, 9, 0, 0, 1, 1, 0, 6, 0, 0, 2, 0, 0, 1, 0, : 1, 9, 1, 1, 6, 2, 1, 
285: 0, 3, 0, 0, 3, 7, 0, 7, 0, 0, 0, 0, 1, 0, 6, 0, 0, 1, 0, 0, : 3, 3, 7, 7, 1, 6, 1, 
136: 0, 0, 2, 1, 0, 0, 1, 2, 0, 0, 1, 0, 0, 1, 0, 1, 0, 0, 4, 0, : 2, 1, 1, 2, 1, 1, 1, 4, 
20: 12, 0, 3, 13, 3, 0, 0, 0, 5, 0, 1, 0, 0, 0, 2, 0, 3, 0, 12, 2, : 12, 3, 13, 3, 5, 1, 2, 3, 12, 2, 
273: 0, 0, 5, 0, 0, 2, 0, 2, 0, 0, 0, 0, 0, 0, 2, 0, 0, 3, 0, 0, : 5, 2, 2, 2, 3, 
244: 0, 0, 0, 12, 2, 0, 0, 0, 0, 0, 2, 0, 11, 0, 0, 1, 0, 0, 1, 1, : 12, 2, 2, 11, 1, 1, 1, 
441: 1, 0, 1, 0, 2, 11, 0, 0, 0, 1, 0, 0, 0, 0, 0, 4, 0, 0, 0, 0, : 1, 1, 2, 11, 1, 4, 
577: 0, 0, 1, 2, 1, 0, 0, 0, 4, 0, 0, 10, 0, 0, 0, 0, 18, 3, 13, 8, : 1, 2, 1, 4, 10, 18, 3, 13, 8, 
258: 9, 0, 4, 0, 1, 0, 0, 0, 0, 0, 1, 0, 0, 0, 0, 4, 0, 1, 0, 1, : 9, 4, 1, 1, 4, 1, 1, 
436: 0, 0, 2, 0, 5, 1, 0, 0, 0, 0, 1, 0, 0, 2, 0, 0, 0, 2, 0, 0, : 2, 5, 1, 1, 2, 2, 
478: 0, 0, 0, 0, 2, 0, 0, 0, 2, 0, 1, 0, 0, 0, 0, 1, 0, 4, 0, 0, : 2, 2, 1, 1, 4, 
64: 0, 0, 1, 2, 1, 2, 1, 4, 0, 0, 4, 0, 1, 0, 0, 6, 5, 1, 0, 0, : 1, 2, 1, 2, 1, 4, 4, 1, 6, 5, 1, 
164: 1, 0, 0, 1, 5, 1, 1, 0, 0, 0, 1, 21, 0, 7, 1, 0, 1, 0, 0, 1, : 1, 1, 5, 1, 1, 1, 21, 7, 1, 1, 1, 
326: 0, 0, 1, 1, 0, 1, 0, 0, 1, 0, 0, 0, 0, 0, 6, 0, 0, 0, 0, 0, : 1, 1, 1, 1, 6, 
365: 0, 1, 2, 0, 0, 0, 3, 0, 7, 1, 1, 0, 0, 18, 0, 12, 11, 1, 0, 0, : 1, 2, 3, 7, 1, 1, 18, 12, 11, 1, 


97: 1, 0, 1, 4, 0, 1, 0, 1, 0, 0, 0, 0, 0, 0, 1, 0, 0, 0, 0, 0, : 1, 1, 4, 1, 1, 1, 
15: 0, 0, 1, 2, 0, 0, 5, 0, 0, 1, 0, 2, 0, 0, 3, 0, 0, 0, 1, 0, : 1, 2, 5, 1, 2, 3, 1, 
182: 0, 0, 0, 2, 0, 10, 0, 0, 0, 1, 23, 11, 0, 0, 0, 1, 0, 0, 0, 1, : 2, 10, 1, 23, 11, 1, 1, 
595: 0, 4, 0, 2, 0, 0, 2, 3, 0, 0, 0, 0, 0, 0, 8, 0, 0, 6, 1, 0, : 4, 2, 2, 3, 8, 6, 1, 
24: 0, 0, 0, 0, 0, 0, 0, 0, 0, 1, 0, 0, 0, 0, 0, 2, 0, 0, 3, 2, : 1, 2, 3, 2, 
51: 0, 8, 1, 12, 0, 0, 0, 3, 4, 0, 0, 0, 0, 14, 0, 0, 1, 0, 0, 0, : 8, 1, 12, 3, 4, 14, 1, 
315: 0, 0, 5, 0, 0, 0, 1, 0, 2, 1, 0, 0, 0, 0, 0, 15, 0, 0, 0, 0, : 5, 1, 2, 1, 15, 
449: 0, 5, 1, 1, 8, 1, 0, 22, 0, 1, 0, 0, 10, 0, 0, 1, 1, 2, 0, 0, : 5, 1, 1, 8, 1, 22, 1, 10, 1, 1, 2, 
573: 0, 0, 1, 0, 0, 2, 0, 0, 1, 1, 0, 0, 5, 0, 0, 0, 0, 0, 0, 0, : 1, 2, 1, 1, 5, 
115: 0, 0, 1, 4, 0, 3, 0, 0, 2, 2, 7, 0, 0, 0, 0, 1, 0, 3, 2, 28, : 1, 4, 3, 2, 2, 7, 1, 3, 2, 28, 
439: 0, 5, 0, 1, 0, 5, 1, 0, 0, 4, 0, 0, 0, 7, 0, 0, 6, 0, 2, 0, : 5, 1, 5, 1, 4, 7, 6, 2, 
272: 0, 0, 0, 0, 0, 0, 0, 0, 8, 0, 0, 1, 0, 0, 6, 0, 1, 0, 0, 0, : 8, 1, 6, 1, 
30: 0, 0, 0, 0, 0, 0, 0, 1, 1, 0, 0, 0, 1, 0, 0, 0, 0, 0, 1, 0, : 1, 1, 1, 1, 
569: 1, 1, 1, 0, 0, 2, 0, 0, 0, 8, 0, 0, 3, 1, 0, 0, 0, 16, 16, 0, : 1, 1, 1, 2, 8, 3, 1, 16, 16, 
431: 0, 13, 0, 2, 1, 0, 8, 0, 1, 0, 0, 0, 12, 0, 0, 0, 0, 0, 0, 2, : 13, 2, 1, 8, 1, 12, 2, 
575: 5, 0, 1, 1, 0, 0, 0, 0, 7, 1, 0, 0, 0, 0, 0, 0, 0, 0, 3, 1, : 5, 1, 1, 7, 1, 3, 1, 
378: 1, 0, 2, 0, 0, 6, 14, 1, 3, 0, 0, 1, 0, 1, 0, 1, 0, 0, 0, 0, : 1, 2, 6, 14, 1, 3, 1, 1, 1, 
490: 0, 0, 1, 2, 0, 3, 0, 2, 1, 0, 0, 0, 0, 0, 5, 0, 0, 0, 0, 0, : 1, 2, 3, 2, 1, 5, 
395: 0, 0, 5, 0, 0, 0, 0, 1, 2, 0, 0, 5, 1, 6, 0, 17, 0, 0, 0, 0, : 5, 1, 2, 5, 1, 6, 17, 
257: 0, 0, 1, 0, 0, 0, 1, 0, 1, 0, 0, 19, 8, 1, 0, 0, 0, 0, 0, 0, : 1, 1, 1, 19, 8, 1, 
461: 0, 3, 0, 2, 0, 0, 0, 0, 0, 1, 0, 0, 0, 0, 9, 0, 9, 1, 0, 0, : 3, 2, 1, 9, 9, 1, 
351: 4, 0, 1, 0, 0, 0, 0, 0, 0, 15, 0, 0, 0, 0, 0, 1, 3, 0, 1, 3, : 4, 1, 15, 1, 3, 1, 3, 
156: 0, 0, 11, 0, 1, 0, 0, 5, 0, 1, 0, 0, 0, 0, 0, 0, 0, 4, 1, 0, : 11, 1, 5, 1, 4, 1, 
296: 0, 0, 0, 1, 17, 0, 1, 0, 2, 0, 0, 0, 0, 0, 0, 0, 1, 0, 5, 2, : 1, 17, 1, 2, 1, 5, 2, 
327: 0, 0, 0, 0, 0, 0, 0, 1, 0, 0, 0, 0, 0, 8, 0, 0, 2, 0, 3, 0, : 1, 8, 2, 3, 
47: 27, 0, 3, 1, 0, 0, 1, 0, 0, 0, 0, 0, 0, 0, 0, 0, 0, 0, 0, 1, : 27, 3, 1, 1, 1, 
479: 0, 0, 0, 2, 12, 0, 0, 0, 1, 1, 0, 0, 0, 0, 2, 0, 0, 1, 0, 0, : 2, 12, 1, 1, 2, 1, 
372: 1, 0, 2, 0, 1, 7, 0, 0, 1, 1, 0, 1, 0, 0, 0, 1, 0, 0, 0, 0, : 1, 2, 1, 7, 1, 1, 1, 1, 
393: 0, 0, 1, 0, 0, 0, 5, 0, 2, 0, 0, 0, 0, 1, 3, 0, 16, 0, 1, 0, : 1, 5, 2, 1, 3, 16, 1, 
213: 0, 1, 0, 1, 0, 0, 1, 0, 1, 0, 10, 0, 0, 1, 3, 0, 0, 7, 0, 0, : 1, 1, 1, 1, 10, 1, 3, 7, 


402: 1, 0, 0, 0, 5, 1, 0, 1, 0, 16, 0, 27, 0, 1, 0, 0, 0, 0, 0, 1, : 1, 5, 1, 1, 16, 27, 1, 1, 
448: 0, 0, 0, 0, 2, 0, 0, 0, 1, 1, 1, 0, 3, 3, 1, 2, 0, 1, 0, 1, : 2, 1, 1, 1, 3, 3, 1, 2, 1, 1, 
328: 0, 0, 1, 1, 1, 0, 0, 0, 0, 2, 0, 1, 1, 1, 0, 0, 0, 0, 0, 0, : 1, 1, 1, 2, 1, 1, 1, 
44: 1, 0, 0, 1, 0, 0, 0, 0, 1, 1, 0, 0, 0, 0, 20, 1, 14, 0, 0, 0, : 1, 1, 1, 1, 20, 1, 14, 
28: 0, 0, 0, 0, 0, 1, 0, 1, 1, 1, 11, 0, 0, 0, 13, 1, 1, 0, 0, 0, : 1, 1, 1, 1, 11, 13, 1, 1, 
98: 2, 0, 0, 3, 14, 0, 0, 0, 20, 0, 11, 12, 0, 3, 0, 1, 5, 0, 2, 1, : 2, 3, 14, 20, 11, 12, 3, 1, 5, 2, 1, 
355: 1, 2, 0, 0, 0, 0, 9, 0, 0, 4, 0, 0, 0, 0, 0, 0, 1, 0, 0, 0, : 1, 2, 9, 4, 1, 
100: 0, 0, 0, 2, 2, 0, 0, 0, 0, 0, 0, 0, 0, 0, 0, 0, 5, 1, 0, 0, : 2, 2, 5, 1, 
246: 0, 1, 0, 0, 1, 0, 0, 3, 0, 2, 0, 0, 0, 0, 1, 4, 0, 1, 0, 6, : 1, 1, 3, 2, 1, 4, 1, 6, 
268: 0, 1, 0, 7, 3, 0, 0, 0, 0, 0, 0, 0, 1, 0, 1, 10, 0, 0, 0, 0, : 1, 7, 3, 1, 1, 10, 
121: 0, 1, 8, 0, 0, 15, 0, 3, 0, 0, 0, 0, 1, 1, 0, 4, 1, 0, 0, 0, : 1, 8, 15, 3, 1, 1, 4, 1, 
21: 1, 1, 0, 4, 0, 0, 2, 0, 0, 0, 0, 0, 0, 3, 0, 0, 0, 0, 0, 4, : 1, 1, 4, 2, 3, 4, 
517: 0, 0, 1, 0, 6, 0, 0, 0, 0, 0, 10, 0, 9, 1, 0, 0, 0, 0, 1, 2, : 1, 6, 10, 9, 1, 1, 2, 
525: 2, 0, 27, 0, 0, 0, 0, 7, 9, 0, 3, 0, 0, 2, 3, 0, 0, 1, 0, 1, : 2, 27, 7, 9, 3, 2, 3, 1, 1, 
519: 1, 1, 0, 1, 0, 0, 6, 0, 0, 2, 0, 0, 1, 0, 0, 6, 1, 0, 0, 0, : 1, 1, 1, 6, 2, 1, 6, 1, 
163: 0, 2, 0, 0, 0, 0, 0, 0, 0, 0, 0, 0, 1, 8, 1, 2, 2, 1, 0, 0, : 2, 1, 8, 1, 2, 2, 1, 
394: 0, 0, 0, 0, 0, 13, 0, 0, 0, 0, 0, 0, 0, 2, 0, 0, 1, 0, 0, 0, : 13, 2, 1, 
495: 0, 26, 0, 0, 0, 0, 0, 0, 0, 0, 0, 0, 9, 0, 0, 0, 1, 0, 0, 0, : 26, 9, 1, 
87: 0, 1, 2, 0, 1, 0, 0, 1, 0, 1, 2, 0, 0, 1, 0, 0, 0, 2, 0, 15, : 1, 2, 1, 1, 1, 2, 1, 2, 15, 
167: 21, 0, 1, 0, 0, 0, 0, 0, 0, 4, 1, 0, 2, 0, 0, 1, 1, 0, 0, 0, : 21, 1, 4, 1, 2, 1, 1, 
368: 0, 0, 0, 6, 0, 0, 0, 1, 0, 0, 0, 0, 0, 0, 0, 0, 0, 10, 0, 0, : 6, 1, 10, 
587: 2, 0, 0, 1, 1, 5, 0, 0, 0, 0, 0, 0, 5, 1, 0, 0, 0, 0, 0, 0, : 2, 1, 1, 5, 5, 1, 
46: 0, 3, 0, 0, 1, 0, 0, 0, 1, 1, 1, 0, 0, 1, 0, 1, 1, 5, 0, 4, : 3, 1, 1, 1, 1, 1, 1, 1, 5, 4, 
89: 1, 0, 0, 0, 0, 0, 0, 1, 0, 0, 0, 0, 4, 0, 0, 1, 1, 0, 0, 0, : 1, 1, 4, 1, 1, 
130: 0, 0, 0, 6, 0, 1, 0, 8, 0, 3, 0, 0, 1, 0, 0, 2, 0, 0, 0, 1, : 6, 1, 8, 3, 1, 2, 1, 
404: 2, 0, 0, 0, 0, 0, 0, 7, 7, 1, 0, 0, 0, 3, 0, 0, 0, 18, 35, 0, : 2, 7, 7, 1, 3, 18, 35, 
442: 0, 0, 0, 0, 3, 2, 0, 0, 0, 1, 0, 0, 2, 0, 0, 0, 1, 0, 0, 0, : 3, 2, 1, 2, 1, 
333: 1, 0, 0, 3, 0, 1, 23, 0, 0, 0, 0, 0, 0, 8, 0, 4, 0, 0, 0, 1, : 1, 3, 1, 23, 8, 4, 1, 
545: 4, 0, 0, 5, 0, 1, 0, 6, 0, 0, 0, 0, 0, 0, 0, 0, 2, 0, 2, 2, : 4, 5, 1, 6, 2, 2, 2, 
467: 0, 1, 0, 0, 0, 0, 0, 1, 0, 0, 0, 0, 0, 1, 0, 0, 2, 0, 0, 1, : 1, 1, 1, 2, 1, 


496: 0, 1, 12, 20, 0, 0, 1, 1, 0, 4, 0, 0, 0, 0, 2, 5, 4, 0, 2, 0, : 1, 12, 20, 1, 1, 4, 2, 5, 4, 2, 
139: 1, 0, 0, 0, 6, 1, 7, 0, 0, 1, 2, 2, 0, 0, 1, 2, 0, 9, 4, 1, : 1, 6, 1, 7, 1, 2, 2, 1, 2, 9, 4, 1, 
472: 0, 0, 0, 0, 0, 0, 7, 0, 6, 11, 1, 0, 0, 0, 0, 0, 1, 0, 0, 0, : 7, 6, 11, 1, 1, 
337: 0, 5, 2, 0, 0, 1, 0, 0, 2, 0, 0, 0, 7, 0, 1, 0, 0, 0, 0, 0, : 5, 2, 1, 2, 7, 1, 
494: 0, 0, 0, 0, 0, 0, 0, 0, 0, 0, 1, 1, 0, 0, 1, 6, 1, 0, 0, 0, : 1, 1, 1, 6, 1, 
592: 0, 0, 0, 3, 25, 0, 0, 0, 1, 2, 0, 0, 0, 0, 0, 0, 9, 0, 1, 0, : 3, 25, 1, 2, 9, 1, 
259: 1, 0, 0, 0, 2, 0, 0, 0, 1, 5, 1, 0, 0, 0, 0, 0, 4, 0, 0, 3, : 1, 2, 1, 5, 1, 4, 3, 
474: 0, 1, 0, 0, 0, 2, 0, 0, 0, 0, 17, 0, 0, 0, 2, 0, 1, 0, 0, 0, : 1, 2, 17, 2, 1, 
184: 1, 1, 0, 0, 0, 0, 1, 0, 2, 0, 2, 0, 1, 0, 2, 1, 1, 23, 0, 0, : 1, 1, 1, 2, 2, 1, 2, 1, 1, 23, 
146: 1, 9, 13, 0, 0, 0, 0, 0, 0, 7, 2, 2, 1, 0, 0, 1, 0, 0, 0, 4, : 1, 9, 13, 7, 2, 2, 1, 1, 4, 
336: 0, 0, 0, 0, 0, 0, 0, 6, 1, 0, 1, 0, 0, 0, 2, 0, 0, 0, 24, 0, : 6, 1, 1, 2, 24, 
292: 0, 4, 0, 0, 0, 0, 6, 9, 1, 1, 0, 1, 1, 0, 2, 0, 5, 0, 0, 7, : 4, 6, 9, 1, 1, 1, 1, 2, 5, 7, 
497: 0, 0, 3, 0, 0, 0, 1, 3, 2, 0, 0, 5, 0, 0, 0, 0, 0, 1, 1, 1, : 3, 1, 3, 2, 5, 1, 1, 1, 
59: 0, 0, 1, 0, 0, 0, 0, 1, 0, 0, 0, 0, 0, 0, 0, 0, 1, 1, 0, 0, : 1, 1, 1, 1, 
321: 0, 0, 0, 13, 0, 3, 0, 3, 0, 0, 1, 0, 0, 5, 4, 0, 1, 0, 0, 0, : 13, 3, 3, 1, 5, 4, 1, 
332: 0, 0, 1, 0, 0, 0, 2, 0, 2, 2, 1, 0, 0, 0, 1, 0, 0, 0, 0, 2, : 1, 2, 2, 2, 1, 1, 2, 
381: 0, 0, 0, 0, 2, 15, 2, 0, 1, 1, 3, 0, 0, 0, 0, 0, 0, 0, 3, 0, : 2, 15, 2, 1, 1, 3, 3, 
583: 0, 1, 0, 1, 0, 0, 0, 1, 0, 0, 1, 2, 1, 0, 6, 0, 0, 0, 0, 5, : 1, 1, 1, 1, 2, 1, 6, 5, 
310: 0, 0, 0, 0, 1, 6, 1, 1, 1, 0, 0, 0, 0, 0, 1, 22, 0, 0, 0, 0, : 1, 6, 1, 1, 1, 1, 22, 
8: 0, 0, 0, 0, 0, 1, 0, 0, 1, 1, 2, 0, 11, 0, 0, 0, 1, 0, 0, 1, : 1, 1, 1, 2, 11, 1, 1, 
283: 5, 0, 0, 0, 0, 0, 1, 0, 8, 0, 1, 14, 0, 0, 1, 0, 0, 0, 2, 0, : 5, 1, 8, 1, 14, 1, 2, 
392: 22, 0, 0, 2, 0, 0, 0, 0, 1, 1, 0, 0, 0, 11, 6, 0, 1, 0, 0, 1, : 22, 2, 1, 1, 11, 6, 1, 1, 
14: 0, 0, 0, 0, 1, 0, 0, 1, 2, 0, 0, 0, 0, 0, 0, 1, 0, 0, 0, 1, : 1, 1, 2, 1, 1, 
586: 0, 16, 0, 0, 0, 0, 0, 0, 3, 2, 1, 10, 3, 0, 0, 0, 0, 0, 0, 0, : 16, 3, 2, 1, 10, 3, 
288: 0, 0, 0, 1, 0, 0, 0, 9, 0, 1, 1, 0, 0, 0, 1, 0, 2, 0, 0, 0, : 1, 9, 1, 1, 1, 2, 
501: 0, 1, 0, 0, 3, 2, 0, 0, 1, 0, 1, 2, 8, 0, 0, 0, 4, 0, 0, 0, : 1, 3, 2, 1, 1, 2, 8, 4, 
78: 0, 1, 0, 0, 0, 0, 0, 0, 3, 0, 0, 1, 7, 6, 1, 0, 0, 6, 0, 5, : 1, 3, 1, 7, 6, 1, 6, 5, 
10: 8, 0, 0, 0, 0, 0, 0, 1, 1, 0, 1, 0, 0, 0, 0, 0, 0, 0, 1, 1, : 8, 1, 1, 1, 1, 1, 
397: 1, 0, 0, 0, 0, 0, 0, 4, 0, 1, 0, 0, 0, 18, 5, 2, 1, 0, 1, 5, : 1, 4, 1, 18, 5, 2, 1, 1, 5, 
215: 0, 0, 8, 0, 0, 9, 11, 0, 0, 0, 0, 0, 0, 0, 1, 0, 3, 0, 1, 3, : 8, 9, 11, 1, 3, 1, 3, 


196: 0, 0, 7, 0, 0, 0, 1, 5, 0, 0, 2, 0, 0, 6, 2, 2, 0, 0, 0, 0, : 7, 1, 5, 2, 6, 2, 2, 
112: 0, 1, 0, 0, 1, 0, 1, 0, 34, 2, 0, 1, 0, 0, 3, 3, 1, 0, 0, 0, : 1, 1, 1, 34, 2, 1, 3, 3, 1, 
410: 0, 0, 3, 0, 0, 0, 1, 0, 0, 2, 0, 0, 2, 6, 0, 0, 0, 2, 0, 0, : 3, 1, 2, 2, 6, 2, 
349: 0, 0, 9, 0, 0, 1, 1, 1, 0, 12, 4, 0, 0, 0, 1, 1, 0, 0, 1, 0, : 9, 1, 1, 1, 12, 4, 1, 1, 1, 
297: 0, 0, 0, 1, 0, 4, 6, 0, 0, 0, 0, 10, 13, 0, 0, 0, 0, 0, 0, 0, : 1, 4, 6, 10, 13, 
312: 0, 1, 3, 0, 12, 1, 0, 2, 0, 0, 1, 0, 5, 0, 0, 6, 0, 0, 1, 24, : 1, 3, 12, 1, 2, 1, 5, 6, 1, 24, 
212: 0, 0, 0, 0, 0, 11, 2, 0, 0, 0, 1, 0, 10, 0, 0, 1, 0, 4, 0, 6, : 11, 2, 1, 10, 1, 4, 6, 
553: 0, 1, 0, 0, 0, 0, 0, 1, 0, 0, 0, 0, 0, 2, 0, 1, 2, 1, 0, 0, : 1, 1, 2, 1, 2, 1, 
294: 3, 0, 1, 0, 6, 0, 0, 0, 1, 0, 0, 0, 0, 0, 24, 1, 0, 1, 1, 0, : 3, 1, 6, 1, 24, 1, 1, 1, 
582: 0, 1, 0, 1, 0, 1, 11, 0, 0, 3, 0, 0, 2, 0, 0, 0, 0, 0, 0, 0, : 1, 1, 1, 11, 3, 2, 
155: 0, 1, 0, 0, 1, 0, 0, 0, 0, 0, 0, 0, 1, 0, 0, 1, 4, 1, 1, 0, : 1, 1, 1, 1, 4, 1, 1, 
359: 0, 7, 0, 0, 1, 0, 2, 0, 0, 0, 1, 1, 0, 0, 0, 0, 3, 0, 18, 0, : 7, 1, 2, 1, 1, 3, 18, 
563: 0, 1, 0, 1, 10, 0, 3, 1, 0, 0, 0, 0, 0, 2, 0, 0, 0, 1, 1, 0, : 1, 1, 10, 3, 1, 2, 1, 1, 
58: 0, 7, 1, 3, 0, 0, 3, 0, 0, 2, 0, 0, 0, 2, 0, 1, 0, 0, 0, 1, : 7, 1, 3, 3, 2, 2, 1, 1, 
107: 13, 2, 0, 0, 2, 1, 0, 1, 0, 0, 0, 12, 0, 5, 0, 1, 1, 3, 1, 0, : 13, 2, 2, 1, 1, 12, 5, 1, 1, 3, 1, 
279: 0, 6, 0, 0, 5, 1, 0, 4, 0, 0, 0, 0, 3, 0, 0, 9, 0, 1, 0, 0, : 6, 5, 1, 4, 3, 9, 1, 
195: 0, 0, 0, 0, 0, 0, 0, 0, 0, 1, 0, 4, 0, 0, 0, 1, 3, 3, 0, 0, : 1, 4, 1, 3, 3, 
309: 16, 0, 0, 0, 0, 1, 3, 14, 0, 0, 0, 11, 1, 5, 0, 0, 1, 0, 1, 0, : 16, 1, 3, 14, 11, 1, 5, 1, 1, 
338: 0, 5, 0, 0, 0, 1, 0, 4, 0, 0, 0, 0, 0, 3, 0, 0, 0, 3, 2, 0, : 5, 1, 4, 3, 3, 2, 
3: 0, 1, 0, 0, 1, 5, 0, 2, 0, 0, 0, 0, 1, 0, 2, 1, 0, 1, 1, 0, : 1, 1, 5, 2, 1, 2, 1, 1, 1, 
350: 1, 0, 0, 16, 0, 3, 0, 0, 0, 0, 0, 1, 0, 1, 0, 1, 0, 0, 0, 0, : 1, 16, 3, 1, 1, 1, 
286: 0, 1, 0, 0, 0, 1, 1, 0, 0, 0, 1, 0, 0, 1, 0, 1, 8, 1, 0, 0, : 1, 1, 1, 1, 1, 1, 8, 1, 
430: 0, 1, 0, 18, 1, 0, 0, 0, 0, 14, 1, 0, 1, 0, 0, 0, 0, 2, 0, 0, : 1, 18, 1, 14, 1, 1, 2, 
399: 0, 0, 1, 0, 0, 1, 0, 1, 5, 2, 1, 0, 0, 0, 0, 1, 8, 0, 0, 0, : 1, 1, 1, 5, 2, 1, 1, 8, 
561: 0, 0, 0, 0, 0, 1, 0, 3, 0, 1, 1, 0, 0, 3, 0, 1, 8, 6, 10, 0, : 1, 3, 1, 1, 3, 1, 8, 6, 10, 
290: 6, 2, 1, 0, 0, 5, 1, 0, 0, 1, 0, 0, 0, 4, 0, 1, 0, 9, 0, 8, : 6, 2, 1, 5, 1, 1, 4, 1, 9, 8, 
235: 0, 0, 0, 0, 0, 1, 1, 1, 0, 0, 1, 0, 0, 0, 0, 0, 0, 0, 0, 0, : 1, 1, 1, 1, 
445: 0, 0, 5, 0, 0, 0, 0, 0, 0, 0, 22, 0, 1, 0, 0, 1, 0, 0, 0, 0, : 5, 22, 1, 1, 
147: 1, 2, 5, 0, 0, 0, 0, 0, 0, 0, 0, 0, 0, 0, 7, 1, 0, 0, 0, 1, : 1, 2, 5, 7, 1, 1, 
118: 0, 0, 4, 0, 0, 1, 3, 0, 0, 0, 4, 0, 0, 0, 1, 4, 1, 1, 2, 0, : 4, 1, 3, 4, 1, 4, 1, 1, 2, 


502: 0, 2, 6, 0, 0, 0, 0, 0, 6, 2, 0, 1, 11, 0, 1, 0, 0, 1, 0, 0, : 2, 6, 6, 2, 1, 11, 1, 1, 
101: 0, 5, 0, 20, 35, 1, 1, 0, 2, 1, 0, 1, 6, 0, 0, 0, 2, 0, 4, 1, : 5, 20, 35, 1, 1, 2, 1, 1, 6, 2, 4, 1, 
95: 0, 1, 0, 1, 0, 0, 0, 8, 1, 1, 0, 0, 7, 0, 1, 1, 10, 0, 0, 0, : 1, 1, 8, 1, 1, 7, 1, 1, 10, 
578: 1, 2, 2, 0, 0, 0, 0, 1, 1, 1, 0, 0, 0, 0, 1, 0, 1, 0, 6, 0, : 1, 2, 2, 1, 1, 1, 1, 1, 6, 
302: 5, 1, 7, 0, 0, 0, 4, 1, 0, 0, 1, 0, 0, 9, 0, 0, 1, 0, 0, 0, : 5, 1, 7, 4, 1, 1, 9, 1, 
421: 1, 0, 0, 2, 1, 0, 2, 0, 0, 0, 0, 0, 0, 1, 2, 1, 0, 0, 0, 4, : 1, 2, 1, 2, 1, 2, 1, 4, 
535: 2, 0, 0, 0, 1, 0, 0, 0, 1, 0, 0, 5, 1, 1, 0, 0, 9, 1, 6, 0, : 2, 1, 1, 5, 1, 1, 9, 1, 6, 
228: 0, 0, 0, 0, 0, 0, 0, 0, 1, 0, 0, 5, 3, 5, 0, 0, 0, 0, 0, 0, : 1, 5, 3, 5, 
202: 0, 0, 0, 0, 0, 0, 1, 0, 1, 0, 15, 1, 0, 0, 1, 1, 0, 0, 0, 0, : 1, 1, 15, 1, 1, 1, 
522: 0, 0, 0, 1, 0, 0, 1, 2, 0, 0, 0, 1, 1, 0, 1, 0, 4, 0, 0, 0, : 1, 1, 2, 1, 1, 1, 4, 
383: 0, 0, 0, 0, 0, 1, 6, 0, 0, 0, 1, 0, 0, 1, 4, 3, 1, 0, 1, 0, : 1, 6, 1, 1, 4, 3, 1, 1, 
469: 0, 0, 0, 1, 0, 0, 2, 0, 1, 0, 0, 11, 0, 0, 12, 0, 0, 0, 0, 0, : 1, 2, 1, 11, 12, 
370: 1, 2, 0, 1, 3, 0, 0, 0, 6, 0, 0, 0, 0, 2, 0, 0, 0, 9, 0, 0, : 1, 2, 1, 3, 6, 2, 9, 
125: 0, 0, 0, 0, 0, 0, 17, 8, 0, 0, 0, 1, 0, 1, 0, 0, 1, 0, 0, 0, : 17, 8, 1, 1, 1, 
500: 0, 20, 0, 0, 0, 0, 0, 3, 1, 0, 0, 0, 0, 0, 0, 3, 0, 2, 2, 2, : 20, 3, 1, 3, 2, 2, 2, 
510: 0, 0, 0, 0, 0, 0, 0, 0, 1, 21, 0, 0, 0, 0, 5, 0, 0, 2, 0, 0, : 1, 21, 5, 2, 
179: 2, 1, 2, 0, 0, 0, 1, 0, 0, 0, 0, 0, 0, 3, 0, 2, 0, 2, 1, 0, : 2, 1, 2, 1, 3, 2, 2, 1, 
550: 5, 0, 3, 0, 0, 8, 2, 0, 4, 1, 0, 0, 1, 2, 0, 0, 0, 1, 1, 0, : 5, 3, 8, 2, 4, 1, 1, 2, 1, 1, 
230: 2, 0, 1, 0, 0, 0, 0, 0, 0, 0, 0, 1, 0, 1, 0, 0, 0, 0, 0, 0, : 2, 1, 1, 1, 
168: 0, 0, 8, 7, 0, 0, 0, 0, 1, 0, 0, 5, 1, 0, 0, 1, 0, 1, 0, 0, : 8, 7, 1, 5, 1, 1, 1, 
6: 0, 0, 1, 1, 0, 0, 0, 0, 2, 0, 0, 0, 0, 0, 0, 0, 0, 0, 0, 0, : 1, 1, 2, 
306: 0, 0, 0, 0, 0, 0, 1, 8, 0, 0, 0, 1, 0, 0, 1, 20, 0, 1, 0, 12, : 1, 8, 1, 1, 20, 1, 12, 
224: 0, 0, 0, 0, 0, 1, 0, 1, 7, 0, 0, 1, 0, 4, 3, 0, 0, 0, 0, 11, : 1, 1, 7, 1, 4, 3, 11, 
488: 0, 0, 0, 3, 0, 2, 0, 0, 0, 0, 0, 1, 0, 0, 1, 0, 1, 9, 1, 0, : 3, 2, 1, 1, 1, 9, 1, 
248: 11, 0, 0, 0, 0, 7, 1, 0, 2, 0, 1, 1, 0, 1, 0, 4, 0, 5, 0, 0, : 11, 7, 1, 2, 1, 1, 1, 4, 5, 
214: 0, 5, 8, 0, 0, 0, 1, 8, 1, 13, 0, 0, 6, 0, 1, 0, 0, 0, 0, 0, : 5, 8, 1, 8, 1, 13, 6, 1, 
516: 4, 0, 0, 1, 0, 20, 0, 0, 1, 0, 1, 0, 0, 9, 1, 0, 0, 0, 0, 10, : 4, 1, 20, 1, 1, 9, 1, 10, 
423: 1, 0, 1, 1, 0, 0, 0, 0, 0, 0, 16, 0, 0, 0, 0, 0, 10, 3, 0, 0, : 1, 1, 1, 16, 10, 3, 
556: 0, 1, 0, 1, 0, 0, 0, 0, 0, 0, 1, 0, 0, 0, 1, 1, 0, 3, 18, 0, : 1, 1, 1, 1, 1, 3, 18, 
123: 5, 0, 1, 0, 0, 0, 0, 0, 0, 0, 4, 4, 3, 0, 4, 3, 0, 0, 0, 0, : 5, 1, 4, 4, 3, 4, 3, 


363: 0, 0, 0, 0, 0, 0, 2, 0, 5, 0, 0, 0, 0, 1, 0, 0, 0, 0, 0, 1, : 2, 5, 1, 1, 
416: 1, 9, 0, 0, 10, 0, 0, 0, 0, 1, 8, 5, 0, 4, 1, 14, 2, 0, 0, 2, : 1, 9, 10, 1, 8, 5, 4, 1, 14, 2, 2, 
245: 0, 0, 0, 3, 1, 2, 0, 0, 0, 1, 0, 0, 0, 1, 1, 0, 0, 19, 0, 0, : 3, 1, 2, 1, 1, 1, 19, 
335: 2, 1, 0, 1, 1, 0, 1, 1, 0, 1, 0, 0, 1, 0, 0, 0, 0, 0, 0, 2, : 2, 1, 1, 1, 1, 1, 1, 1, 2, 
536: 0, 2, 0, 2, 0, 0, 1, 1, 18, 1, 0, 3, 0, 1, 0, 0, 3, 1, 0, 1, : 2, 2, 1, 1, 18, 1, 3, 1, 3, 1, 1, 
255: 1, 2, 0, 0, 0, 0, 0, 0, 0, 5, 1, 0, 0, 0, 0, 0, 0, 1, 2, 2, : 1, 2, 5, 1, 1, 2, 2, 
505: 0, 1, 7, 0, 0, 0, 1, 1, 15, 0, 0, 0, 0, 0, 1, 0, 0, 1, 2, 1, : 1, 7, 1, 1, 15, 1, 1, 2, 1, 
267: 1, 0, 0, 0, 0, 8, 1, 0, 0, 0, 1, 0, 1, 0, 0, 0, 0, 4, 11, 0, : 1, 8, 1, 1, 1, 4, 11, 
128: 1, 4, 0, 0, 0, 1, 0, 1, 0, 0, 10, 0, 8, 0, 6, 0, 0, 4, 0, 4, : 1, 4, 1, 1, 10, 8, 6, 4, 4, 
422: 0, 1, 0, 1, 2, 0, 0, 14, 0, 0, 1, 0, 23, 1, 19, 12, 0, 3, 11, 5, : 1, 1, 2, 14, 1, 23, 1, 19, 12, 3, 11, 5, 
318: 0, 1, 0, 0, 2, 0, 0, 1, 0, 5, 0, 0, 1, 0, 2, 2, 0, 1, 0, 0, : 1, 2, 1, 5, 1, 2, 2, 1, 
206: 0, 0, 0, 0, 0, 0, 0, 1, 0, 0, 0, 0, 1, 0, 0, 0, 0, 0, 0, 1, : 1, 1, 1, 
53: 0, 6, 0, 0, 0, 1, 2, 0, 1, 0, 0, 0, 1, 0, 0, 1, 3, 0, 0, 0, : 6, 1, 2, 1, 1, 1, 3, 
453: 0, 0, 0, 14, 2, 0, 0, 0, 0, 5, 0, 1, 0, 3, 1, 0, 1, 0, 0, 0, : 14, 2, 5, 1, 3, 1, 1, 
559: 0, 1, 0, 0, 0, 0, 0, 0, 0, 0, 0, 0, 0, 1, 1, 3, 0, 0, 0, 2, : 1, 1, 1, 3, 2, 
134: 0, 2, 0, 1, 4, 0, 0, 1, 0, 0, 2, 0, 0, 0, 1, 0, 0, 1, 0, 1, : 2, 1, 4, 1, 2, 1, 1, 1, 
407: 6, 1, 1, 0, 0, 1, 0, 0, 0, 1, 0, 1, 0, 0, 1, 0, 0, 0, 1, 2, : 6, 1, 1, 1, 1, 1, 1, 1, 2, 
201: 1, 0, 0, 4, 0, 0, 0, 0, 0, 0, 0, 19, 1, 0, 0, 0, 1, 0, 2, 1, : 1, 4, 19, 1, 1, 2, 1, 
32: 1, 0, 0, 0, 0, 2, 0, 0, 0, 3, 1, 0, 0, 8, 0, 0, 0, 1, 9, 0, : 1, 2, 3, 1, 8, 1, 9, 
250: 0, 0, 27, 0, 0, 0, 0, 1, 0, 0, 0, 1, 1, 4, 0, 0, 0, 0, 0, 0, : 27, 1, 1, 1, 4, 
225: 0, 0, 5, 0, 0, 0, 15, 0, 0, 0, 0, 0, 1, 0, 1, 0, 0, 1, 1, 7, : 5, 15, 1, 1, 1, 1, 7, 
551: 13, 1, 0, 2, 3, 6, 11, 2, 0, 0, 0, 1, 0, 0, 1, 5, 6, 1, 0, 0, : 13, 1, 2, 3, 6, 11, 2, 1, 1, 5, 6, 1, 
452: 4, 4, 0, 9, 0, 1, 0, 2, 1, 7, 0, 0, 0, 3, 0, 1, 0, 0, 0, 0, : 4, 4, 9, 1, 2, 1, 7, 3, 1, 
277: 0, 1, 0, 0, 2, 0, 0, 2, 0, 2, 0, 5, 0, 0, 0, 1, 0, 0, 0, 0, : 1, 2, 2, 2, 5, 1, 
345: 0, 1, 0, 1, 0, 0, 2, 4, 0, 0, 13, 2, 0, 2, 4, 0, 0, 0, 1, 0, : 1, 1, 2, 4, 13, 2, 2, 4, 1, 
493: 1, 1, 0, 0, 0, 0, 2, 3, 0, 0, 1, 0, 0, 1, 0, 0, 23, 0, 0, 0, : 1, 1, 2, 3, 1, 1, 23, 
408: 5, 0, 0, 0, 0, 0, 1, 0, 0, 0, 2, 2, 0, 9, 0, 0, 0, 1, 0, 0, : 5, 1, 2, 2, 9, 1, 
141: 2, 0, 0, 0, 0, 0, 0, 3, 0, 2, 0, 0, 1, 0, 0, 0, 0, 1, 0, 0, : 2, 3, 2, 1, 1, 
390: 0, 1, 0, 1, 13, 0, 1, 1, 0, 6, 0, 0, 0, 1, 0, 0, 1, 0, 0, 1, : 1, 1, 13, 1, 1, 6, 1, 1, 1, 
361: 1, 0, 0, 1, 0, 18, 0, 1, 0, 0, 0, 0, 0, 0, 0, 1, 0, 0, 0, 7, : 1, 1, 18, 1, 1, 7, 


226: 1, 1, 0, 9, 0, 0, 0, 0, 0, 0, 0, 0, 4, 1, 0, 0, 0, 0, 0, 0, : 1, 1, 9, 4, 1, 
291: 1, 0, 0, 0, 0, 0, 0, 1, 0, 0, 0, 1, 0, 0, 0, 3, 6, 0, 0, 0, : 1, 1, 1, 3, 6, 
548: 1, 0, 0, 0, 1, 0, 12, 0, 2, 10, 1, 0, 0, 0, 1, 24, 0, 0, 0, 0, : 1, 1, 12, 2, 10, 1, 1, 24, 
341: 1, 2, 0, 12, 1, 0, 5, 0, 1, 0, 0, 0, 0, 1, 0, 0, 8, 0, 0, 0, : 1, 2, 12, 1, 5, 1, 1, 8, 
331: 1, 0, 23, 0, 0, 0, 0, 1, 4, 0, 6, 3, 0, 0, 0, 0, 0, 0, 3, 0, : 1, 23, 1, 4, 6, 3, 3, 
462: 0, 2, 1, 0, 0, 0, 2, 0, 1, 0, 22, 0, 0, 0, 1, 0, 0, 0, 0, 0, : 2, 1, 2, 1, 22, 1, 
459: 1, 0, 0, 0, 0, 0, 0, 0, 0, 0, 0, 11, 0, 0, 1, 0, 3, 27, 1, 0, : 1, 11, 1, 3, 27, 1, 
450: 2, 0, 1, 1, 1, 0, 1, 19, 3, 0, 0, 0, 0, 0, 6, 4, 0, 0, 0, 5, : 2, 1, 1, 1, 1, 19, 3, 6, 4, 5, 
264: 2, 1, 0, 0, 1, 0, 0, 1, 0, 0, 0, 0, 1, 1, 0, 0, 0, 0, 0, 0, : 2, 1, 1, 1, 1, 1, 
67: 0, 0, 0, 0, 8, 0, 0, 1, 1, 3, 1, 0, 0, 1, 0, 1, 0, 1, 2, 7, : 8, 1, 1, 3, 1, 1, 1, 1, 2, 7, 
40: 5, 2, 0, 0, 1, 0, 0, 0, 0, 2, 3, 0, 0, 1, 1, 0, 0, 1, 0, 6, : 5, 2, 1, 2, 3, 1, 1, 1, 6, 
166: 0, 0, 0, 0, 0, 0, 1, 4, 0, 1, 0, 0, 0, 0, 1, 0, 1, 0, 0, 0, : 1, 4, 1, 1, 1, 
579: 0, 0, 0, 3, 0, 0, 1, 0, 1, 1, 0, 4, 0, 1, 0, 0, 0, 0, 0, 0, : 3, 1, 1, 1, 4, 1, 
22: 0, 0, 3, 0, 0, 0, 3, 4, 0, 0, 0, 0, 0, 0, 0, 0, 0, 0, 9, 0, : 3, 3, 4, 9, 
316: 0, 1, 0, 0, 0, 13, 0, 0, 1, 2, 2, 0, 0, 0, 1, 0, 0, 0, 0, 0, : 1, 13, 1, 2, 2, 1, 
247: 0, 3, 0, 1, 0, 0, 0, 0, 0, 1, 1, 0, 7, 0, 0, 0, 0, 0, 0, 0, : 3, 1, 1, 1, 7, 
9: 9, 0, 0, 0, 25, 0, 0, 0, 2, 0, 0, 1, 10, 0, 0, 0, 1, 0, 1, 0, : 9, 25, 2, 1, 10, 1, 1, 
256: 0, 1, 3, 1, 0, 5, 0, 1, 1, 0, 0, 1, 0, 25, 0, 1, 9, 0, 0, 0, : 1, 3, 1, 5, 1, 1, 1, 25, 1, 9, 
79: 5, 2, 6, 1, 1, 1, 0, 1, 1, 1, 0, 0, 0, 0, 14, 0, 0, 0, 15, 10, : 5, 2, 6, 1, 1, 1, 1, 1, 1, 14, 15, 10, 
458: 1, 14, 0, 0, 0, 0, 1, 0, 0, 0, 0, 1, 12, 0, 1, 6, 0, 1, 0, 0, : 1, 14, 1, 1, 12, 1, 6, 1, 
367: 1, 0, 0, 6, 0, 0, 0, 0, 2, 2, 0, 0, 0, 0, 2, 0, 1, 0, 0, 0, : 1, 6, 2, 2, 2, 1, 
515: 0, 2, 1, 3, 0, 0, 2, 0, 10, 0, 1, 0, 0, 0, 10, 0, 7, 0, 0, 0, : 2, 1, 3, 2, 10, 1, 10, 7, 
414: 0, 0, 0, 0, 0, 0, 0, 0, 0, 2, 0, 7, 0, 3, 0, 0, 2, 0, 0, 1, : 2, 7, 3, 2, 1, 
406: 0, 1, 0, 0, 0, 0, 0, 0, 0, 0, 0, 4, 0, 0, 0, 1, 0, 0, 0, 0, : 1, 4, 1, 
140: 2, 0, 1, 0, 1, 0, 11, 1, 2, 0, 0, 0, 0, 2, 0, 0, 1, 0, 0, 0, : 2, 1, 1, 11, 1, 2, 2, 1, 
75: 3, 2, 0, 1, 0, 0, 0, 0, 7, 0, 0, 4, 0, 0, 0, 0, 0, 0, 0, 0, : 3, 2, 1, 7, 4, 
511: 3, 1, 0, 2, 0, 0, 0, 1, 0, 14, 0, 0, 0, 0, 0, 0, 0, 10, 0, 0, : 3, 1, 2, 1, 14, 10, 
514: 0, 0, 1, 0, 0, 21, 0, 0, 0, 1, 0, 0, 1, 1, 0, 0, 0, 0, 9, 5, : 1, 21, 1, 1, 1, 9, 5, 
180: 0, 1, 0, 0, 0, 0, 0, 3, 1, 0, 3, 2, 1, 2, 1, 0, 1, 0, 0, 6, : 1, 3, 1, 3, 2, 1, 2, 1, 1, 6, 
396: 1, 4, 0, 0, 0, 0, 1, 2, 0, 0, 0, 1, 4, 1, 0, 0, 0, 0, 0, 0, : 1, 4, 1, 2, 1, 4, 1, 


528: 4, 11, 5, 0, 0, 1, 1, 0, 4, 0, 0, 0, 0, 0, 0, 0, 0, 1, 4, 0, : 4, 11, 5, 1, 1, 4, 1, 4, 
265: 0, 0, 0, 0, 1, 0, 3, 0, 0, 0, 0, 3, 1, 0, 0, 0, 2, 1, 2, 0, : 1, 3, 3, 1, 2, 1, 2, 
543: 0, 0, 3, 0, 0, 0, 1, 0, 0, 0, 0, 0, 1, 0, 0, 0, 0, 0, 3, 0, : 3, 1, 1, 3, 
200: 0, 5, 0, 0, 0, 0, 0, 0, 1, 0, 0, 5, 0, 0, 0, 0, 1, 0, 0, 0, : 5, 1, 5, 1, 
420: 0, 0, 0, 0, 1, 13, 8, 0, 0, 0, 0, 0, 0, 0, 6, 0, 1, 4, 1, 18, : 1, 13, 8, 6, 1, 4, 1, 18, 
584: 1, 4, 3, 0, 0, 0, 3, 0, 0, 0, 0, 0, 0, 0, 0, 0, 0, 10, 0, 0, : 1, 4, 3, 3, 10, 
2: 0, 0, 0, 0, 0, 0, 3, 0, 0, 0, 0, 0, 1, 0, 0, 0, 0, 0, 1, 0, : 3, 1, 1, 
17: 10, 0, 1, 1, 0, 1, 0, 0, 0, 0, 1, 0, 0, 0, 0, 0, 0, 0, 10, 0, : 10, 1, 1, 1, 1, 10, 
262: 1, 0, 0, 1, 0, 0, 0, 2, 4, 0, 0, 0, 0, 0, 0, 0, 1, 0, 1, 0, : 1, 1, 2, 4, 1, 1, 
194: 0, 4, 0, 13, 7, 6, 2, 0, 0, 4, 0, 0, 2, 0, 0, 21, 1, 0, 0, 0, : 4, 13, 7, 6, 2, 4, 2, 21, 1, 
103: 0, 1, 0, 0, 7, 0, 2, 0, 0, 0, 7, 0, 18, 1, 0, 0, 0, 0, 0, 0, : 1, 7, 2, 7, 18, 1, 
124: 0, 0, 7, 9, 1, 17, 0, 15, 10, 1, 1, 0, 0, 0, 0, 0, 0, 0, 1, 0, : 7, 9, 1, 17, 15, 10, 1, 1, 1, 
185: 0, 0, 1, 0, 0, 0, 0, 0, 3, 0, 2, 0, 0, 0, 7, 0, 0, 6, 0, 0, : 1, 3, 2, 7, 6, 
521: 0, 6, 0, 0, 0, 0, 1, 0, 1, 23, 0, 3, 0, 5, 0, 0, 1, 0, 12, 0, : 6, 1, 1, 23, 3, 5, 1, 12, 
376: 4, 0, 1, 0, 1, 0, 0, 0, 0, 0, 0, 0, 2, 0, 0, 0, 0, 0, 1, 0, : 4, 1, 1, 2, 1, 
221: 0, 0, 0, 0, 1, 0, 1, 0, 0, 0, 2, 1, 0, 0, 0, 0, 0, 0, 0, 0, : 1, 1, 2, 1, 
183: 8, 0, 0, 0, 0, 0, 0, 0, 0, 0, 1, 0, 1, 0, 2, 0, 0, 1, 0, 0, : 8, 1, 1, 2, 1, 
518: 0, 6, 0, 0, 0, 0, 0, 0, 5, 0, 1, 0, 1, 0, 0, 0, 0, 7, 0, 0, : 6, 5, 1, 1, 7, 
565: 1, 0, 1, 11, 0, 0, 1, 0, 1, 0, 8, 0, 2, 1, 0, 0, 0, 0, 0, 0, : 1, 1, 11, 1, 1, 8, 2, 1, 
181: 0, 0, 1, 0, 0, 0, 0, 0, 0, 0, 1, 0, 0, 25, 0, 0, 0, 0, 0, 0, : 1, 1, 25, 
241: 0, 0, 1, 0, 0, 2, 0, 0, 0, 0, 1, 0, 0, 8, 0, 0, 2, 0, 3, 0, : 1, 2, 1, 8, 2, 3, 
532: 7, 0, 6, 0, 10, 0, 0, 1, 0, 0, 1, 0, 2, 0, 1, 0, 0, 4, 0, 0, : 7, 6, 10, 1, 1, 2, 1, 4, 
386: 1, 1, 0, 0, 0, 0, 0, 0, 1, 0, 0, 0, 1, 0, 3, 0, 0, 0, 0, 8, : 1, 1, 1, 1, 3, 8, 
531: 0, 0, 0, 2, 0, 0, 0, 0, 0, 12, 5, 0, 1, 0, 0, 0, 0, 0, 0, 5, : 2, 12, 5, 1, 5, 
369: 0, 0, 4, 0, 0, 0, 0, 0, 0, 0, 0, 0, 0, 0, 1, 5, 25, 0, 0, 1, : 4, 1, 5, 25, 1, 
486: 1, 0, 3, 0, 1, 0, 0, 0, 0, 0, 0, 8, 2, 0, 16, 0, 0, 0, 0, 7, : 1, 3, 1, 8, 2, 16, 7, 
427: 0, 1, 3, 2, 0, 0, 0, 0, 0, 0, 0, 0, 0, 0, 2, 0, 6, 4, 0, 0, : 1, 3, 2, 2, 6, 4, 
138: 0, 1, 0, 0, 0, 0, 14, 0, 1, 0, 9, 20, 0, 0, 0, 0, 0, 0, 0, 0, : 1, 14, 1, 9, 20, 
116: 1, 0, 0, 0, 0, 0, 0, 0, 1, 0, 0, 0, 1, 0, 2, 8, 0, 1, 0, 0, : 1, 1, 1, 2, 8, 1, 
343: 1, 0, 0, 1, 10, 0, 0, 22, 8, 0, 0, 0, 4, 0, 0, 6, 0, 1, 1, 1, : 1, 1, 10, 22, 8, 4, 6, 1, 1, 1, 


529: 0, 0, 0, 0, 0, 0, 0, 2, 0, 0, 1, 1, 0, 0, 0, 0, 0, 0, 0, 0, : 2, 1, 1, 
555: 1, 3, 1, 1, 0, 0, 0, 4, 7, 8, 0, 0, 5, 0, 2, 11, 1, 0, 1, 5, : 1, 3, 1, 1, 4, 7, 8, 5, 2, 11, 1, 1, 5, 
546: 0, 1, 16, 0, 0, 0, 0, 2, 1, 0, 0, 0, 0, 6, 1, 1, 0, 3, 4, 0, : 1, 16, 2, 1, 6, 1, 1, 3, 4, 
593: 2, 0, 2, 0, 1, 0, 0, 0, 1, 0, 0, 5, 2, 0, 11, 5, 0, 9, 1, 0, : 2, 2, 1, 1, 5, 2, 11, 5, 9, 1, 
389: 0, 12, 0, 0, 0, 0, 0, 0, 2, 1, 1, 0, 1, 0, 5, 0, 1, 1, 0, 0, : 12, 2, 1, 1, 1, 5, 1, 1, 
387: 2, 0, 0, 0, 0, 0, 0, 0, 6, 1, 3, 0, 2, 0, 1, 0, 0, 0, 4, 0, : 2, 6, 1, 3, 2, 1, 4, 
446: 0, 0, 0, 0, 0, 0, 0, 1, 0, 1, 2, 0, 2, 0, 0, 0, 0, 1, 2, 0, : 1, 1, 2, 2, 1, 2, 
94: 0, 11, 0, 0, 1, 0, 0, 0, 4, 0, 0, 0, 1, 0, 0, 0, 0, 0, 1, 0, : 11, 1, 4, 1, 1, 
447: 0, 0, 0, 0, 0, 0, 1, 0, 2, 0, 3, 11, 1, 0, 3, 0, 0, 0, 0, 0, : 1, 2, 3, 11, 1, 3, 
119: 0, 1, 0, 0, 1, 7, 0, 1, 0, 1, 0, 0, 1, 0, 1, 1, 0, 0, 0, 0, : 1, 1, 7, 1, 1, 1, 1, 1, 
157: 0, 0, 0, 0, 0, 0, 0, 0, 0, 0, 0, 0, 0, 0, 1, 3, 0, 2, 1, 5, : 1, 3, 2, 1, 5, 
85: 2, 3, 1, 0, 1, 1, 15, 6, 1, 0, 0, 5, 0, 0, 0, 2, 6, 0, 0, 0, : 2, 3, 1, 1, 1, 15, 6, 1, 5, 2, 6, 
471: 0, 0, 0, 4, 0, 0, 0, 0, 0, 0, 1, 0, 0, 0, 0, 7, 0, 0, 1, 0, : 4, 1, 7, 1, 
209: 1, 0, 0, 1, 6, 0, 0, 0, 1, 2, 1, 0, 0, 0, 0, 0, 1, 2, 0, 0, : 1, 1, 6, 1, 2, 1, 1, 2, 
229: 0, 3, 0, 0, 0, 0, 0, 0, 0, 1, 4, 1, 2, 0, 0, 0, 4, 2, 0, 1, : 3, 1, 4, 1, 2, 4, 2, 1, 
477: 0, 0, 1, 0, 6, 0, 11, 1, 8, 0, 1, 0, 1, 0, 0, 0, 6, 9, 0, 0, : 1, 6, 11, 1, 8, 1, 1, 6, 9, 
568: 3, 0, 0, 0, 1, 0, 0, 0, 4, 1, 0, 0, 0, 0, 1, 1, 0, 0, 2, 3, : 3, 1, 4, 1, 1, 1, 2, 3, 
69: 0, 0, 2, 0, 0, 13, 1, 1, 0, 0, 0, 0, 0, 0, 0, 0, 1, 1, 0, 0, : 2, 13, 1, 1, 1, 1, 
475: 1, 1, 14, 0, 0, 0, 0, 0, 0, 0, 1, 0, 0, 0, 0, 1, 0, 0, 0, 0, : 1, 1, 14, 1, 1, 
542: 0, 0, 0, 0, 0, 0, 0, 0, 0, 5, 1, 0, 0, 0, 0, 0, 0, 0, 12, 0, : 5, 1, 12, 
122: 0, 0, 0, 0, 0, 0, 0, 0, 0, 0, 1, 0, 2, 0, 7, 0, 0, 0, 0, 1, : 1, 2, 7, 1, 
429: 18, 0, 2, 0, 6, 11, 0, 0, 1, 4, 1, 2, 1, 0, 4, 2, 0, 0, 0, 0, : 18, 2, 6, 11, 1, 4, 1, 2, 1, 4, 2, 
324: 8, 0, 0, 0, 2, 0, 0, 0, 0, 1, 0, 0, 6, 34, 0, 0, 4, 4, 0, 0, : 8, 2, 1, 6, 34, 4, 4, 
456: 0, 1, 0, 0, 0, 0, 0, 0, 1, 1, 2, 0, 0, 0, 0, 0, 0, 3, 0, 0, : 1, 1, 1, 2, 3, 
162: 0, 1, 0, 0, 8, 7, 0, 0, 0, 0, 0, 0, 1, 0, 1, 0, 0, 2, 6, 0, : 1, 8, 7, 1, 1, 2, 6, 
158: 0, 0, 0, 33, 7, 0, 3, 0, 1, 0, 4, 1, 1, 0, 0, 0, 0, 0, 0, 0, : 33, 7, 3, 1, 4, 1, 1, 
93: 1, 0, 0, 0, 0, 1, 9, 2, 0, 0, 0, 13, 0, 0, 1, 0, 2, 0, 2, 0, : 1, 1, 9, 2, 13, 1, 2, 2, 
457: 1, 2, 1, 0, 0, 0, 0, 19, 0, 0, 11, 1, 6, 0, 0, 1, 0, 0, 1, 25, : 1, 2, 1, 19, 11, 1, 6, 1, 1, 25, 
434: 0, 0, 0, 0, 0, 0, 0, 0, 0, 13, 1, 0, 1, 0, 0, 0, 14, 0, 0, 0, : 13, 1, 1, 14, 
178: 0, 1, 0, 1, 0, 0, 0, 1, 0, 0, 1, 0, 4, 0, 1, 5, 0, 1, 2, 0, : 1, 1, 1, 1, 4, 1, 5, 1, 2, 


7: 7, 0, 0, 0, 0, 0, 0, 0, 8, 2, 7, 1, 0, 0, 1, 0, 2, 0, 1, 0, : 7, 8, 2, 7, 1, 1, 2, 1, 
464: 0, 0, 9, 0, 0, 0, 0, 0, 0, 0, 0, 1, 0, 2, 0, 0, 18, 1, 0, 0, : 9, 1, 2, 18, 1, 
594: 1, 0, 1, 1, 0, 1, 0, 3, 0, 0, 0, 1, 1, 0, 2, 0, 2, 0, 0, 0, : 1, 1, 1, 1, 3, 1, 1, 2, 2, 
120: 0, 0, 1, 0, 0, 1, 1, 1, 1, 0, 0, 0, 0, 0, 0, 0, 0, 1, 2, 0, : 1, 1, 1, 1, 1, 1, 2, 
425: 0, 0, 0, 9, 0, 0, 0, 1, 0, 7, 0, 0, 0, 0, 0, 0, 1, 0, 1, 0, : 9, 1, 7, 1, 1, 
33: 9, 1, 2, 0, 0, 0, 0, 0, 0, 1, 0, 1, 12, 1, 3, 1, 0, 0, 0, 3, : 9, 1, 2, 1, 1, 12, 1, 3, 1, 3, 
132: 0, 1, 8, 3, 0, 0, 0, 0, 0, 1, 0, 2, 0, 0, 0, 0, 2, 4, 10, 12, : 1, 8, 3, 1, 2, 2, 4, 10, 12, 
481: 0, 1, 1, 0, 0, 0, 20, 0, 4, 0, 19, 11, 0, 1, 0, 0, 2, 0, 0, 0, : 1, 1, 20, 4, 19, 11, 1, 2, 
438: 0, 0, 0, 0, 29, 0, 1, 0, 0, 0, 0, 1, 0, 0, 0, 0, 1, 1, 1, 0, : 29, 1, 1, 1, 1, 1, 
334: 2, 26, 0, 0, 0, 9, 0, 0, 0, 0, 2, 0, 1, 6, 2, 0, 0, 0, 1, 0, : 2, 26, 9, 2, 1, 6, 2, 1, 
211: 2, 0, 1, 0, 0, 1, 0, 1, 19, 2, 0, 0, 0, 0, 0, 0, 0, 0, 0, 13, : 2, 1, 1, 1, 19, 2, 13, 
223: 0, 0, 0, 1, 0, 12, 0, 0, 0, 0, 0, 0, 0, 0, 1, 0, 1, 1, 0, 0, : 1, 12, 1, 1, 1, 
374: 3, 0, 0, 0, 0, 1, 0, 0, 0, 1, 0, 0, 1, 0, 0, 0, 0, 0, 0, 4, : 3, 1, 1, 1, 4, 
384: 1, 0, 0, 0, 6, 7, 0, 0, 0, 1, 0, 3, 0, 0, 0, 0, 0, 0, 0, 4, : 1, 6, 7, 1, 3, 4, 
68: 1, 2, 1, 12, 0, 0, 2, 18, 0, 1, 0, 0, 0, 1, 0, 33, 0, 0, 0, 0, : 1, 2, 1, 12, 2, 18, 1, 1, 33, 
435: 2, 2, 0, 0, 0, 1, 4, 0, 0, 0, 0, 0, 0, 0, 1, 0, 0, 0, 7, 1, : 2, 2, 1, 4, 1, 7, 1, 
299: 1, 0, 0, 1, 0, 0, 0, 0, 0, 17, 7, 0, 0, 0, 0, 0, 0, 0, 3, 0, : 1, 1, 17, 7, 3, 
127: 0, 0, 0, 0, 0, 0, 0, 0, 0, 0, 0, 0, 0, 3, 3, 1, 1, 1, 1, 0, : 3, 3, 1, 1, 1, 1, 
48: 0, 0, 0, 0, 0, 0, 0, 0, 2, 0, 0, 0, 0, 0, 0, 0, 5, 1, 8, 0, : 2, 5, 1, 8, 
504: 3, 0, 12, 0, 0, 0, 1, 2, 0, 1, 0, 0, 0, 0, 1, 0, 0, 15, 1, 1, : 3, 12, 1, 2, 1, 1, 15, 1, 1, 
484: 1, 0, 0, 0, 0, 0, 0, 12, 0, 0, 0, 8, 0, 1, 0, 0, 0, 0, 0, 1, : 1, 12, 8, 1, 1, 
401: 1, 0, 0, 0, 0, 0, 2, 0, 0, 1, 0, 1, 0, 0, 0, 1, 1, 3, 0, 0, : 1, 2, 1, 1, 1, 1, 3, 
451: 0, 0, 1, 0, 0, 0, 1, 0, 5, 0, 0, 0, 0, 2, 4, 0, 3, 1, 0, 0, : 1, 1, 5, 2, 4, 3, 1, 
544: 0, 0, 0, 10, 2, 0, 0, 0, 1, 1, 0, 2, 0, 0, 0, 0, 0, 0, 0, 0, : 10, 2, 1, 1, 2, 
558: 0, 5, 0, 0, 0, 0, 0, 1, 0, 0, 0, 0, 0, 3, 4, 0, 0, 5, 1, 0, : 5, 1, 3, 4, 5, 1, 
186: 1, 0, 0, 1, 0, 0, 0, 1, 0, 1, 5, 1, 1, 0, 2, 0, 0, 2, 1, 1, : 1, 1, 1, 1, 5, 1, 1, 2, 2, 1, 1, 
1: 0, 0, 3, 1, 1, 0, 0, 0, 0, 0, 0, 7, 15, 20, 9, 1, 0, 0, 0, 0, : 3, 1, 1, 7, 15, 20, 9, 1, 
233: 4, 0, 0, 0, 0, 2, 2, 0, 0, 3, 0, 0, 0, 0, 0, 1, 1, 0, 0, 0, : 4, 2, 2, 3, 1, 1, 
400: 0, 0, 0, 1, 1, 3, 6, 0, 0, 0, 0, 0, 1, 0, 0, 0, 0, 3, 0, 0, : 1, 1, 3, 6, 1, 3, 
489: 1, 2, 0, 0, 1, 2, 0, 0, 0, 0, 0, 0, 8, 0, 7, 2, 0, 1, 2, 0, : 1, 2, 1, 2, 8, 7, 2, 1, 2, 


91: 0, 0, 0, 0, 0, 0, 11, 0, 0, 2, 0, 0, 1, 0, 5, 2, 0, 1, 0, 0, : 11, 2, 1, 5, 2, 1, 
366: 0, 1, 0, 0, 0, 6, 0, 0, 10, 0, 1, 0, 0, 0, 0, 0, 0, 10, 1, 0, : 1, 6, 10, 1, 10, 1, 
43: 0, 0, 21, 0, 14, 0, 0, 0, 0, 0, 1, 0, 0, 0, 1, 0, 0, 3, 7, 0, : 21, 14, 1, 1, 3, 7, 
266: 1, 0, 0, 0, 1, 0, 0, 11, 0, 0, 0, 0, 0, 0, 1, 25, 0, 5, 0, 1, : 1, 1, 11, 1, 25, 5, 1, 
480: 0, 1, 0, 0, 0, 0, 0, 0, 0, 0, 1, 0, 0, 0, 3, 0, 6, 0, 0, 13, : 1, 1, 3, 6, 13, 
243: 0, 1, 0, 0, 0, 16, 0, 0, 0, 0, 1, 0, 1, 0, 0, 0, 0, 3, 0, 0, : 1, 16, 1, 1, 3, 
287: 0, 1, 0, 2, 0, 0, 0, 0, 29, 0, 0, 0, 0, 0, 0, 0, 0, 0, 0, 0, : 1, 2, 29, 
108: 0, 5, 0, 0, 0, 0, 19, 0, 0, 0, 0, 2, 0, 0, 0, 0, 0, 0, 13, 0, : 5, 19, 2, 13, 
145: 0, 0, 1, 0, 0, 0, 0, 5, 0, 2, 6, 0, 7, 4, 0, 0, 0, 1, 0, 0, : 1, 5, 2, 6, 7, 4, 1, 
377: 0, 2, 10, 3, 2, 0, 0, 0, 0, 0, 1, 4, 0, 2, 0, 0, 0, 4, 1, 0, : 2, 10, 3, 2, 1, 4, 2, 4, 1, 
110: 0, 0, 0, 9, 0, 0, 0, 6, 0, 0, 1, 1, 1, 3, 0, 0, 0, 0, 0, 0, : 9, 6, 1, 1, 1, 3, 
42: 0, 0, 0, 0, 0, 0, 0, 0, 0, 3, 1, 2, 1, 0, 0, 1, 0, 0, 1, 0, : 3, 1, 2, 1, 1, 1, 
25: 0, 0, 0, 0, 0, 0, 7, 4, 0, 0, 2, 6, 0, 0, 0, 0, 0, 1, 0, 21, : 7, 4, 2, 6, 1, 21, 
314: 0, 6, 1, 1, 0, 0, 0, 0, 0, 0, 0, 1, 2, 0, 0, 0, 0, 0, 0, 0, : 6, 1, 1, 1, 2, 
31: 2, 2, 1, 0, 0, 0, 0, 0, 0, 0, 0, 2, 6, 0, 15, 0, 3, 0, 2, 2, : 2, 2, 1, 2, 6, 15, 3, 2, 2, 
460: 0, 0, 0, 7, 0, 8, 1, 4, 0, 0, 1, 0, 0, 13, 0, 0, 0, 0, 1, 0, : 7, 8, 1, 4, 1, 13, 1, 
303: 6, 2, 0, 10, 0, 0, 0, 1, 0, 0, 0, 2, 0, 0, 0, 0, 0, 0, 0, 0, : 6, 2, 10, 1, 2, 
485: 10, 0, 4, 0, 0, 7, 0, 0, 0, 0, 0, 1, 1, 0, 0, 0, 10, 1, 0, 0, : 10, 4, 7, 1, 1, 10, 1, 
523: 9, 0, 0, 0, 0, 0, 0, 0, 0, 0, 4, 0, 4, 0, 1, 1, 0, 1, 1, 0, : 9, 4, 4, 1, 1, 1, 1, 
29: 9, 1, 0, 1, 0, 1, 0, 0, 0, 0, 7, 0, 2, 17, 0, 0, 0, 0, 0, 0, : 9, 1, 1, 1, 7, 2, 17, 
169: 0, 4, 2, 1, 1, 1, 0, 1, 0, 1, 0, 2, 0, 0, 8, 1, 0, 1, 0, 0, : 4, 2, 1, 1, 1, 1, 1, 2, 8, 1, 1, 
527: 0, 0, 0, 0, 0, 0, 0, 0, 1, 0, 0, 0, 0, 0, 0, 1, 0, 5, 9, 0, : 1, 1, 5, 9, 
261: 1, 1, 0, 0, 0, 0, 0, 0, 0, 15, 0, 0, 0, 0, 0, 0, 0, 2, 0, 0, : 1, 1, 15, 2, 
498: 0, 2, 0, 0, 0, 0, 1, 0, 0, 0, 2, 5, 1, 0, 0, 0, 0, 0, 0, 0, : 2, 1, 2, 5, 1, 
322: 0, 2, 0, 0, 10, 0, 0, 1, 0, 0, 2, 9, 2, 0, 6, 4, 21, 0, 0, 0, : 2, 10, 1, 2, 9, 2, 6, 4, 21, 
71: 2, 4, 0, 0, 12, 0, 1, 0, 0, 12, 1, 1, 0, 1, 0, 5, 0, 0, 0, 0, : 2, 4, 12, 1, 12, 1, 1, 1, 5, 
509: 0, 1, 0, 3, 0, 1, 0, 0, 0, 5, 2, 0, 0, 0, 0, 0, 0, 0, 0, 0, : 1, 3, 1, 5, 2, 
560: 0, 0, 0, 3, 0, 0, 0, 0, 0, 0, 4, 1, 11, 0, 0, 0, 0, 1, 3, 3, : 3, 4, 1, 11, 1, 3, 3, 
188: 0, 0, 0, 0, 0, 0, 0, 7, 0, 0, 1, 1, 0, 0, 0, 0, 0, 1, 1, 0, : 7, 1, 1, 1, 1, 
437: 0, 4, 0, 0, 0, 0, 0, 0, 0, 0, 1, 0, 0, 0, 0, 0, 0, 0, 0, 0, : 4, 1, 


