
200
30
40
1

6: 2, 0, 0, 4, 1, 1, 0, 1, 0, 0, 11, 0, 0, 0, 0, 1, 0, 0, 0, 0, 0, 1, 0, 0, 0, 0, 0, 0, 0, 1, 0, 1, 4, 0, 0, 0, 16, 1, 0, 0, 0, 0, 0, 1, 0, 0, 0, 0, 1, 0, 0, 1, 2, 0, 1, 0, 0, 0, 1, 0, 0, 0, 3, 0, 1, 10, 1, 0, 0, 2, 0, 0, 1, 4, 0, 6, 1, 0, 1, 0, 3, 0, 0, 0, 21, 0, 0, 1, 0, 0, 0, 0, 1, 0, 0, 2, 0, 0, 0, 1, 0, 0, 0, 11, 0, 1, 0, 0, 2, 3, 0, 11, 0, 0, 3, 0, 0, 3, 1, 0, 0, 0, 0, 0, 0, 0, 0, 1, 0, 0, 0, 1, 1, 0, 0, 0, 0, 1, 0, 0, 1, 1, 0, 0, 20, 0, 1, 0, 0, 0, 0, 8, 3, 0, 0, 1, 15, 0, 0, 0, 1, 0, 0, 0, 14, 0, 0, 0, 0, 0, 0, 2, 0, 1, 0, 0, 1, 8, 3, 0, 0, 0, 1, 0, 0, 0, 1, 1, 3, 0, 0, 0, 0, 0, 0, 0, 2, 0, 0, 0, : 2, 4, 1, 1, 1, 11, 1, 1, 1, 1, 4, 16, 1, 1, 1, 1, 2, 1, 1, 3, 1, 10, 1, 2, 1, 4, 6, 1, 1, 3, 21, 1, 1, 2, 1, 11, 1, 2, 3, 11, 3, 3, 1, 1, 1, 1, 1, 1, 1, 20, 1, 8, 3, 1, 15, 1, 14, 2, 1, 1, 8, 3, 1, 1, 1, 3, 2, 
11: 0, 1, 1, 0, 3, 3, 0, 1, 0, 0, 0, 0, 6, 0, 0, 0, 0, 6, 0, 0, 0, 0, 0, 0, 0, 0, 0, 0, 0, 0, 4, 3, 2, 0, 1, 1, 0, 1, 1, 0, 0, 0, 0, 1, 1, 0, 0, 5, 0, 0, 4, 0, 0, 0, 0, 0, 0, 0, 0, 1, 0, 0, 0, 0, 0, 0, 0, 0, 0, 0, 5, 0, 2, 0, 1, 0, 0, 0, 0, 6, 0, 0, 0, 1, 0, 0, 1, 0, 1, 0, 0, 0, 0, 1, 0, 0, 0, 0, 1, 0, 7, 2, 0, 1, 0, 0, 0, 1, 1, 1, 17, 1, 0, 1, 1, 2, 0, 0, 2, 0, 0, 2, 0, 0, 17, 0, 0, 0, 0, 0, 0, 3, 0, 0, 0, 0, 1, 4, 0, 1, 0, 6, 0, 0, 0, 4, 0, 0, 0, 0, 0, 1, 0, 0, 0, 1, 4, 7, 0, 1, 0, 0, 1, 0, 3, 0, 0, 0, 0, 2, 1, 0, 1, 0, 0, 0, 0, 0, 0, 5, 0, 6, 0, 0, 0, 0, 4, 17, 0, 0, 0, 0, 0, 1, 0, 3, 13, 0, 0, 0, : 1, 1, 3, 3, 1, 6, 6, 4, 3, 2, 1, 1, 1, 1, 1, 1, 5, 4, 1, 5, 2, 1, 6, 1, 1, 1, 1, 1, 7, 2, 1, 1, 1, 1, 17, 1, 1, 1, 2, 2, 2, 17, 3, 1, 4, 1, 6, 4, 1, 1, 4, 7, 1, 1, 3, 2, 1, 1, 5, 6, 4, 17, 1, 3, 13, 
2: 0, 1, 0, 0, 1, 5, 0, 0, 2, 0, 1, 0, 0, 0, 4, 2, 0, 1, 0, 0, 1, 0, 0, 33, 5, 0, 0, 0, 0, 1, 0, 0, 0, 0, 9, 4, 0, 4, 0, 0, 0, 1, 0, 0, 1, 0, 0, 0, 10, 1, 1, 1, 5, 1, 0, 0, 0, 0, 0, 0, 0, 0, 0, 0, 1, 0, 0, 6, 0, 0, 0, 0, 0, 0, 0, 0, 0, 0, 0, 0, 0, 0, 0, 0, 0, 0, 4, 0, 0, 0, 0, 4, 7, 0, 0, 4, 0, 0, 7, 2, 0, 0, 0, 0, 0, 1, 0, 0, 3, 6, 0, 1, 0, 0, 0, 9, 1, 2, 0, 1, 0, 0, 1, 0, 0, 4, 0, 0, 5, 0, 4, 0, 3, 0, 1, 0, 14, 0, 0, 0, 1, 2, 0, 1, 2, 1, 7, 0, 0, 24, 0, 0, 0, 1, 0, 1, 0, 0, 0, 2, 4, 0, 0, 0, 1, 0, 0, 10, 0, 0, 0, 0, 0, 0, 0, 0, 0, 2, 0, 2, 0, 16, 0, 0, 8, 0, 0, 0, 0, 2, 0, 1, 23, 0, 1, 0, 4, 0, 0, 18, : 1, 1, 5, 2, 1, 4, 2, 1, 1, 33, 5, 1, 9, 4, 4, 1, 1, 10, 1, 1, 1, 5, 1, 1, 6, 4, 4, 7, 4, 7, 2, 1, 3, 6, 1, 9, 1, 2, 1, 1, 4, 5, 4, 3, 1, 14, 1, 2, 1, 2, 1, 7, 24, 1, 1, 2, 4, 1, 10, 2, 2, 16, 8, 2, 1, 23, 1, 4, 18, 
7: 0, 1, 0, 0, 0, 0, 2, 2, 1, 4, 0, 0, 0, 5, 0, 0, 18, 0, 0, 0, 3, 9, 1, 0, 0, 0, 0, 0, 0, 0, 0, 0, 1, 0, 0, 1, 0, 0, 1, 16, 22, 0, 1, 0, 2, 16, 0, 1, 0, 0, 0, 0, 1, 1, 21, 0, 3, 6, 3, 4, 0, 0, 0, 0, 0, 0, 0, 0, 1, 3, 0, 1, 15, 1, 0, 1, 5, 0, 0, 1, 0, 0, 0, 1, 0, 3, 0, 1, 0, 0, 0, 0, 1, 0, 0, 1, 1, 0, 0, 0, 1, 0, 0, 0, 0, 3, 0, 0, 4, 1, 0, 0, 0, 0, 0, 0, 0, 0, 11, 0, 0, 3, 0, 1, 0, 0, 0, 0, 0, 0, 0, 0, 0, 0, 0, 3, 0, 27, 3, 0, 0, 1, 8, 3, 0, 0, 1, 4, 0, 0, 0, 3, 0, 0, 0, 0, 0, 0, 0, 12, 1, 0, 0, 0, 0, 0, 4, 0, 0, 0, 7, 1, 1, 2, 7, 7, 0, 4, 0, 0, 0, 0, 0, 0, 16, 0, 7, 0, 0, 0, 0, 5, 1, 7, 0, 3, 0, 6, 0, 0, : 1, 2, 2, 1, 4, 5, 18, 3, 9, 1, 1, 1, 1, 16, 22, 1, 2, 16, 1, 1, 1, 21, 3, 6, 3, 4, 1, 3, 1, 15, 1, 1, 5, 1, 1, 3, 1, 1, 1, 1, 1, 3, 4, 1, 11, 3, 1, 3, 27, 3, 1, 8, 3, 1, 4, 3, 12, 1, 4, 7, 1, 1, 2, 7, 7, 4, 16, 7, 5, 1, 7, 3, 6, 
18: 4, 0, 1, 0, 1, 0, 17, 12, 4, 1, 3, 0, 0, 0, 0, 1, 0, 0, 0, 0, 0, 0, 0, 0, 0, 0, 0, 0, 0, 0, 1, 11, 0, 2, 1, 0, 1, 2, 0, 0, 0, 1, 14, 0, 1, 0, 3, 0, 0, 9, 0, 0, 0, 0, 0, 0, 0, 1, 0, 0, 0, 0, 0, 0, 3, 0, 0, 3, 0, 0, 4, 6, 0, 5, 1, 0, 0, 1, 0, 0, 0, 0, 0, 1, 3, 4, 0, 0, 0, 0, 4, 0, 1, 0, 0, 1, 1, 0, 0, 1, 6, 0, 0, 0, 0, 0, 0, 0, 1, 1, 0, 0, 6, 19, 0, 0, 0, 0, 0, 0, 1, 0, 0, 0, 0, 28, 0, 3, 4, 0, 0, 0, 0, 0, 0, 1, 1, 0, 0, 2, 1, 3, 0, 0, 0, 9, 8, 1, 1, 6, 0, 0, 0, 0, 0, 0, 2, 0, 0, 10, 0, 0, 0, 0, 14, 14, 0, 1, 0, 13, 0, 2, 0, 0, 0, 4, 3, 1, 0, 0, 1, 0, 0, 0, 0, 2, 3, 0, 1, 0, 0, 0, 0, 0, 0, 2, 0, 0, 0, 0, : 4, 1, 1, 17, 12, 4, 1, 3, 1, 1, 11, 2, 1, 1, 2, 1, 14, 1, 3, 9, 1, 3, 3, 4, 6, 5, 1, 1, 1, 3, 4, 4, 1, 1, 1, 1, 6, 1, 1, 6, 19, 1, 28, 3, 4, 1, 1, 2, 1, 3, 9, 8, 1, 1, 6, 2, 10, 14, 14, 1, 13, 2, 4, 3, 1, 1, 2, 3, 1, 2, 
28: 0, 0, 0, 0, 0, 1, 0, 1, 1, 0, 8, 0, 0, 0, 0, 13, 0, 0, 0, 16, 0, 1, 0, 0, 1, 2, 0, 0, 0, 0, 1, 0, 1, 0, 0, 4, 0, 0, 1, 0, 0, 5, 0, 0, 1, 0, 0, 0, 0, 0, 0, 1, 0, 0, 0, 5, 30, 0, 0, 0, 8, 0, 1, 1, 0, 0, 13, 0, 0, 0, 0, 0, 0, 0, 1, 0, 1, 0, 4, 0, 4, 0, 7, 3, 0, 0, 0, 0, 0, 0, 0, 0, 4, 0, 1, 0, 1, 0, 0, 0, 0, 0, 0, 0, 0, 0, 1, 0, 0, 3, 0, 0, 0, 0, 3, 11, 1, 0, 0, 0, 4, 3, 1, 1, 1, 0, 0, 0, 3, 0, 1, 1, 0, 1, 0, 0, 1, 0, 0, 0, 1, 2, 1, 2, 0, 0, 0, 3, 0, 0, 0, 0, 0, 0, 0, 1, 0, 0, 20, 1, 2, 0, 0, 0, 0, 3, 0, 0, 10, 0, 1, 0, 1, 0, 1, 0, 1, 0, 0, 1, 0, 0, 8, 1, 0, 0, 0, 0, 20, 0, 1, 0, 0, 0, 0, 0, 1, 0, 0, 0, : 1, 1, 1, 8, 13, 16, 1, 1, 2, 1, 1, 4, 1, 5, 1, 1, 5, 30, 8, 1, 1, 13, 1, 1, 4, 4, 7, 3, 4, 1, 1, 1, 3, 3, 11, 1, 4, 3, 1, 1, 1, 3, 1, 1, 1, 1, 1, 2, 1, 2, 3, 1, 20, 1, 2, 3, 10, 1, 1, 1, 1, 1, 8, 1, 20, 1, 1, 
19: 0, 2, 0, 0, 0, 0, 0, 2, 3, 2, 1, 0, 0, 8, 0, 0, 0, 1, 0, 1, 0, 0, 0, 0, 0, 1, 0, 0, 0, 0, 1, 0, 1, 0, 1, 1, 0, 0, 8, 0, 2, 1, 1, 0, 3, 0, 0, 0, 1, 0, 0, 0, 0, 1, 0, 0, 0, 1, 0, 1, 0, 0, 0, 8, 1, 1, 0, 6, 17, 0, 2, 0, 0, 0, 0, 1, 1, 0, 2, 0, 0, 3, 1, 0, 1, 2, 0, 0, 6, 1, 18, 0, 1, 1, 0, 2, 0, 0, 0, 3, 0, 2, 0, 0, 0, 0, 27, 0, 1, 0, 1, 0, 6, 0, 2, 3, 0, 0, 0, 0, 0, 1, 1, 0, 0, 0, 14, 7, 0, 0, 0, 7, 0, 0, 1, 0, 0, 0, 0, 1, 1, 3, 0, 1, 0, 11, 0, 0, 1, 0, 0, 4, 0, 0, 0, 0, 0, 0, 0, 0, 1, 0, 0, 0, 1, 0, 1, 0, 0, 0, 0, 0, 0, 1, 3, 5, 10, 0, 0, 1, 2, 0, 0, 0, 0, 0, 0, 0, 1, 0, 0, 0, 0, 0, 7, 0, 0, 0, 0, 0, : 2, 2, 3, 2, 1, 8, 1, 1, 1, 1, 1, 1, 1, 8, 2, 1, 1, 3, 1, 1, 1, 1, 8, 1, 1, 6, 17, 2, 1, 1, 2, 3, 1, 1, 2, 6, 1, 18, 1, 1, 2, 3, 2, 27, 1, 1, 6, 2, 3, 1, 1, 14, 7, 7, 1, 1, 1, 3, 1, 11, 1, 4, 1, 1, 1, 1, 3, 5, 10, 1, 2, 1, 7, 
26: 0, 6, 1, 0, 0, 11, 0, 0, 1, 1, 0, 0, 0, 2, 6, 0, 0, 13, 0, 0, 0, 5, 0, 0, 0, 0, 0, 0, 1, 4, 1, 1, 1, 1, 1, 0, 0, 4, 0, 5, 0, 0, 9, 0, 1, 0, 0, 0, 1, 2, 0, 1, 1, 1, 13, 26, 0, 0, 1, 0, 1, 1, 0, 0, 0, 0, 0, 0, 1, 1, 1, 2, 0, 0, 5, 8, 0, 0, 0, 0, 1, 0, 0, 1, 0, 13, 1, 2, 0, 0, 5, 0, 1, 0, 0, 1, 3, 1, 0, 0, 0, 0, 7, 1, 0, 7, 0, 0, 0, 4, 0, 0, 0, 4, 0, 0, 0, 0, 2, 0, 0, 1, 0, 0, 0, 0, 0, 0, 0, 24, 0, 0, 0, 1, 0, 0, 2, 2, 0, 0, 0, 1, 0, 0, 0, 0, 12, 0, 0, 0, 0, 0, 1, 0, 0, 33, 13, 0, 1, 2, 0, 1, 10, 0, 1, 0, 3, 0, 0, 0, 0, 1, 1, 1, 0, 0, 0, 0, 1, 2, 1, 6, 0, 0, 0, 0, 1, 7, 0, 0, 0, 0, 0, 0, 0, 6, 0, 0, 0, 0, : 6, 1, 11, 1, 1, 2, 6, 13, 5, 1, 4, 1, 1, 1, 1, 1, 4, 5, 9, 1, 1, 2, 1, 1, 1, 13, 26, 1, 1, 1, 1, 1, 1, 2, 5, 8, 1, 1, 13, 1, 2, 5, 1, 1, 3, 1, 7, 1, 7, 4, 4, 2, 1, 24, 1, 2, 2, 1, 12, 1, 33, 13, 1, 2, 1, 10, 1, 3, 1, 1, 1, 1, 2, 1, 6, 1, 7, 6, 
16: 1, 1, 0, 0, 0, 0, 0, 0, 1, 1, 0, 0, 0, 0, 0, 0, 0, 0, 4, 0, 0, 1, 0, 0, 0, 0, 0, 0, 2, 0, 2, 1, 0, 19, 0, 0, 0, 1, 0, 3, 0, 1, 1, 0, 0, 0, 0, 0, 4, 1, 0, 1, 0, 1, 0, 0, 0, 0, 1, 0, 0, 0, 1, 0, 1, 2, 0, 0, 0, 0, 0, 0, 1, 8, 4, 1, 0, 0, 3, 0, 0, 0, 0, 1, 2, 0, 0, 1, 0, 0, 0, 0, 2, 0, 0, 3, 3, 0, 0, 1, 1, 5, 11, 1, 0, 0, 0, 0, 1, 0, 0, 0, 1, 1, 0, 0, 1, 11, 1, 0, 0, 1, 11, 0, 2, 0, 0, 0, 1, 0, 4, 0, 0, 0, 1, 0, 0, 0, 1, 0, 1, 3, 1, 1, 12, 3, 0, 0, 0, 0, 2, 5, 1, 13, 0, 1, 0, 0, 1, 0, 1, 0, 0, 0, 0, 0, 2, 0, 0, 0, 1, 0, 0, 0, 10, 0, 1, 0, 0, 0, 0, 4, 0, 0, 0, 0, 5, 0, 0, 0, 1, 0, 0, 0, 1, 0, 0, 0, 1, 0, : 1, 1, 1, 1, 4, 1, 2, 2, 1, 19, 1, 3, 1, 1, 4, 1, 1, 1, 1, 1, 1, 2, 1, 8, 4, 1, 3, 1, 2, 1, 2, 3, 3, 1, 1, 5, 11, 1, 1, 1, 1, 1, 11, 1, 1, 11, 2, 1, 4, 1, 1, 1, 3, 1, 1, 12, 3, 2, 5, 1, 13, 1, 1, 1, 2, 1, 10, 1, 4, 5, 1, 1, 1, 
23: 6, 3, 0, 0, 13, 0, 0, 1, 1, 4, 3, 0, 6, 1, 1, 0, 0, 5, 0, 0, 0, 0, 0, 0, 0, 1, 0, 0, 0, 5, 1, 5, 1, 6, 3, 0, 0, 1, 0, 1, 0, 1, 0, 0, 4, 1, 0, 0, 0, 1, 0, 0, 0, 2, 0, 0, 0, 0, 0, 0, 6, 0, 0, 0, 0, 3, 2, 1, 0, 0, 0, 0, 1, 1, 1, 2, 0, 0, 1, 0, 1, 0, 0, 0, 0, 0, 1, 1, 0, 0, 2, 0, 0, 0, 0, 1, 0, 0, 0, 3, 1, 0, 0, 11, 0, 1, 0, 0, 0, 0, 0, 8, 0, 0, 17, 1, 0, 6, 0, 0, 0, 1, 1, 0, 8, 3, 0, 0, 0, 0, 0, 0, 0, 0, 0, 6, 0, 0, 0, 0, 2, 0, 2, 1, 0, 2, 1, 0, 0, 3, 5, 1, 0, 0, 0, 0, 0, 0, 0, 1, 1, 2, 0, 1, 0, 0, 0, 0, 0, 2, 0, 0, 0, 7, 4, 0, 1, 1, 0, 10, 0, 0, 0, 0, 0, 0, 0, 0, 1, 0, 0, 0, 0, 0, 14, 0, 0, 0, 0, 4, : 6, 3, 13, 1, 1, 4, 3, 6, 1, 1, 5, 1, 5, 1, 5, 1, 6, 3, 1, 1, 1, 4, 1, 1, 2, 6, 3, 2, 1, 1, 1, 1, 2, 1, 1, 1, 1, 2, 1, 3, 1, 11, 1, 8, 17, 1, 6, 1, 1, 8, 3, 6, 2, 2, 1, 2, 1, 3, 5, 1, 1, 1, 2, 1, 2, 7, 4, 1, 1, 10, 1, 14, 4, 
29: 0, 0, 0, 0, 0, 8, 0, 0, 1, 1, 1, 0, 0, 2, 0, 1, 4, 0, 0, 0, 0, 0, 0, 0, 18, 0, 0, 25, 32, 17, 0, 0, 0, 1, 1, 0, 0, 1, 0, 0, 3, 0, 0, 0, 1, 0, 0, 8, 0, 1, 5, 2, 1, 0, 0, 0, 0, 1, 1, 0, 2, 1, 0, 0, 0, 0, 0, 0, 0, 0, 0, 1, 0, 1, 1, 2, 2, 1, 2, 0, 0, 0, 1, 1, 0, 0, 0, 0, 13, 0, 0, 0, 11, 1, 14, 0, 0, 0, 0, 1, 0, 0, 1, 0, 0, 0, 0, 1, 1, 0, 0, 0, 0, 0, 1, 0, 0, 14, 3, 0, 0, 2, 0, 0, 0, 0, 0, 5, 3, 0, 2, 1, 0, 0, 0, 2, 0, 0, 3, 0, 4, 4, 0, 0, 0, 0, 0, 4, 0, 0, 0, 0, 0, 0, 0, 0, 1, 0, 0, 0, 0, 4, 1, 0, 2, 0, 0, 19, 0, 0, 0, 2, 0, 19, 0, 4, 1, 0, 2, 0, 0, 0, 0, 0, 0, 1, 3, 1, 1, 0, 0, 0, 3, 0, 1, 0, 0, 0, 0, 0, : 8, 1, 1, 1, 2, 1, 4, 18, 25, 32, 17, 1, 1, 1, 3, 1, 8, 1, 5, 2, 1, 1, 1, 2, 1, 1, 1, 1, 2, 2, 1, 2, 1, 1, 13, 11, 1, 14, 1, 1, 1, 1, 1, 14, 3, 2, 5, 3, 2, 1, 2, 3, 4, 4, 4, 1, 4, 1, 2, 19, 2, 19, 4, 1, 2, 1, 3, 1, 1, 3, 1, 
27: 0, 0, 0, 0, 1, 1, 0, 0, 0, 0, 1, 0, 0, 0, 0, 1, 0, 1, 0, 0, 0, 0, 0, 0, 0, 0, 9, 0, 0, 0, 0, 0, 5, 0, 1, 0, 0, 1, 0, 0, 2, 2, 0, 0, 5, 0, 17, 2, 5, 0, 0, 0, 6, 5, 0, 0, 0, 18, 2, 0, 1, 0, 0, 0, 2, 14, 0, 0, 6, 2, 0, 2, 0, 0, 0, 0, 0, 0, 0, 0, 0, 0, 0, 4, 0, 2, 3, 1, 4, 0, 0, 0, 0, 0, 0, 0, 1, 1, 0, 3, 0, 1, 0, 0, 0, 0, 0, 0, 0, 0, 1, 0, 0, 0, 0, 0, 0, 2, 0, 0, 0, 2, 0, 0, 0, 0, 21, 0, 7, 0, 0, 1, 0, 0, 2, 0, 0, 4, 0, 1, 4, 0, 0, 0, 0, 4, 0, 0, 0, 0, 0, 0, 0, 0, 4, 0, 0, 0, 0, 1, 1, 0, 0, 0, 0, 0, 0, 0, 0, 0, 1, 1, 0, 0, 5, 0, 1, 0, 1, 3, 0, 1, 0, 2, 0, 0, 0, 0, 0, 0, 0, 3, 1, 0, 0, 2, 0, 0, 29, 0, : 1, 1, 1, 1, 1, 9, 5, 1, 1, 2, 2, 5, 17, 2, 5, 6, 5, 18, 2, 1, 2, 14, 6, 2, 2, 4, 2, 3, 1, 4, 1, 1, 3, 1, 1, 2, 2, 21, 7, 1, 2, 4, 1, 4, 4, 4, 1, 1, 1, 1, 5, 1, 1, 3, 1, 2, 3, 1, 2, 29, 
13: 7, 2, 0, 0, 0, 0, 0, 0, 3, 0, 0, 0, 0, 0, 0, 3, 0, 0, 0, 0, 2, 1, 0, 0, 1, 0, 0, 0, 0, 1, 0, 1, 1, 0, 3, 12, 0, 0, 0, 0, 0, 0, 0, 1, 2, 0, 0, 0, 17, 1, 0, 1, 2, 0, 0, 0, 4, 1, 2, 0, 2, 0, 0, 1, 3, 0, 0, 0, 0, 4, 0, 1, 0, 0, 0, 0, 19, 0, 8, 0, 1, 0, 2, 6, 0, 0, 2, 2, 0, 0, 0, 9, 1, 1, 0, 1, 3, 0, 0, 1, 1, 0, 5, 0, 0, 0, 0, 5, 0, 5, 2, 0, 1, 2, 0, 0, 0, 0, 5, 0, 1, 1, 0, 0, 0, 4, 0, 0, 0, 0, 0, 3, 0, 0, 0, 0, 0, 0, 0, 3, 0, 0, 2, 1, 0, 2, 0, 0, 0, 0, 0, 0, 0, 0, 1, 0, 0, 0, 0, 0, 0, 0, 2, 0, 0, 0, 0, 0, 0, 0, 0, 4, 0, 0, 0, 5, 0, 1, 1, 0, 0, 0, 10, 0, 0, 0, 8, 0, 1, 0, 0, 14, 0, 8, 1, 0, 0, 0, 0, 0, : 7, 2, 3, 3, 2, 1, 1, 1, 1, 1, 3, 12, 1, 2, 17, 1, 1, 2, 4, 1, 2, 2, 1, 3, 4, 1, 19, 8, 1, 2, 6, 2, 2, 9, 1, 1, 1, 3, 1, 1, 5, 5, 5, 2, 1, 2, 5, 1, 1, 4, 3, 3, 2, 1, 2, 1, 2, 4, 5, 1, 1, 10, 8, 1, 14, 8, 1, 
22: 0, 0, 0, 2, 1, 0, 0, 0, 9, 7, 0, 19, 0, 3, 1, 0, 0, 0, 1, 0, 1, 0, 0, 0, 0, 1, 0, 0, 0, 0, 0, 7, 0, 0, 1, 0, 0, 0, 1, 0, 0, 3, 2, 0, 0, 0, 0, 1, 0, 0, 1, 1, 2, 0, 0, 0, 0, 0, 1, 2, 1, 0, 1, 0, 2, 0, 0, 0, 0, 0, 0, 2, 8, 0, 0, 3, 0, 0, 1, 1, 11, 7, 0, 0, 0, 0, 0, 10, 3, 0, 0, 0, 0, 0, 0, 0, 1, 0, 1, 3, 2, 5, 0, 0, 0, 0, 0, 0, 5, 1, 0, 0, 0, 1, 4, 6, 9, 0, 0, 20, 0, 2, 0, 0, 7, 0, 0, 0, 0, 0, 0, 1, 0, 1, 0, 6, 0, 2, 0, 0, 1, 1, 3, 1, 0, 0, 0, 0, 0, 0, 0, 0, 2, 8, 2, 0, 1, 0, 0, 0, 0, 0, 0, 0, 0, 0, 0, 0, 1, 5, 2, 0, 7, 0, 0, 2, 1, 3, 0, 0, 0, 0, 1, 0, 4, 0, 0, 0, 0, 0, 0, 1, 0, 1, 1, 0, 0, 0, 1, 0, : 2, 1, 9, 7, 19, 3, 1, 1, 1, 1, 7, 1, 1, 3, 2, 1, 1, 1, 2, 1, 2, 1, 1, 2, 2, 8, 3, 1, 1, 11, 7, 10, 3, 1, 1, 3, 2, 5, 5, 1, 1, 4, 6, 9, 20, 2, 7, 1, 1, 6, 2, 1, 1, 3, 1, 2, 8, 2, 1, 1, 5, 2, 7, 2, 1, 3, 1, 4, 1, 1, 1, 1, 
14: 0, 1, 1, 0, 2, 0, 0, 1, 2, 15, 0, 0, 0, 0, 0, 1, 0, 0, 3, 0, 0, 1, 0, 0, 7, 1, 9, 0, 1, 0, 0, 0, 0, 0, 0, 1, 0, 2, 2, 0, 0, 1, 0, 0, 1, 0, 0, 0, 0, 0, 0, 0, 1, 0, 0, 1, 0, 0, 0, 0, 0, 0, 0, 1, 1, 2, 0, 0, 0, 1, 2, 0, 0, 3, 0, 0, 0, 1, 8, 1, 1, 0, 1, 1, 0, 3, 0, 1, 2, 0, 0, 0, 0, 1, 0, 0, 0, 0, 7, 1, 2, 1, 6, 0, 0, 8, 0, 0, 5, 0, 0, 9, 1, 0, 0, 0, 5, 0, 1, 0, 0, 0, 0, 0, 0, 0, 1, 0, 0, 0, 1, 0, 0, 0, 0, 2, 1, 0, 0, 0, 0, 1, 0, 0, 0, 0, 0, 7, 0, 0, 1, 0, 0, 2, 0, 0, 0, 0, 0, 0, 0, 0, 0, 0, 0, 0, 0, 0, 0, 0, 0, 1, 0, 0, 0, 3, 0, 0, 9, 0, 1, 1, 0, 0, 3, 0, 0, 2, 0, 0, 7, 0, 0, 0, 0, 11, 14, 0, 0, 10, : 1, 1, 2, 1, 2, 15, 1, 3, 1, 7, 1, 9, 1, 1, 2, 2, 1, 1, 1, 1, 1, 1, 2, 1, 2, 3, 1, 8, 1, 1, 1, 1, 3, 1, 2, 1, 7, 1, 2, 1, 6, 8, 5, 9, 1, 5, 1, 1, 1, 2, 1, 1, 7, 1, 2, 1, 3, 9, 1, 1, 3, 2, 7, 11, 14, 10, 
4: 0, 0, 0, 1, 5, 3, 0, 2, 0, 1, 0, 0, 0, 0, 4, 0, 17, 1, 0, 0, 5, 0, 0, 0, 1, 0, 0, 0, 0, 1, 0, 1, 1, 0, 0, 0, 16, 0, 0, 0, 0, 2, 1, 9, 0, 0, 0, 0, 0, 6, 0, 0, 0, 10, 0, 0, 0, 0, 0, 0, 0, 0, 0, 0, 4, 0, 0, 1, 0, 0, 1, 4, 0, 1, 1, 4, 3, 1, 1, 0, 1, 0, 0, 0, 0, 0, 0, 5, 0, 2, 2, 0, 3, 0, 0, 2, 0, 0, 0, 0, 0, 0, 0, 0, 0, 1, 0, 0, 5, 2, 4, 0, 21, 1, 0, 0, 1, 1, 0, 2, 3, 1, 1, 13, 2, 0, 0, 0, 0, 0, 0, 1, 0, 0, 17, 0, 0, 0, 0, 0, 0, 2, 0, 7, 0, 0, 0, 0, 1, 0, 0, 0, 2, 0, 0, 0, 0, 0, 0, 3, 0, 2, 0, 0, 0, 0, 1, 0, 0, 2, 6, 3, 0, 0, 0, 0, 0, 0, 1, 1, 0, 0, 0, 0, 1, 24, 0, 0, 0, 5, 0, 0, 0, 1, 0, 0, 0, 0, 1, 0, : 1, 5, 3, 2, 1, 4, 17, 1, 5, 1, 1, 1, 1, 16, 2, 1, 9, 6, 10, 4, 1, 1, 4, 1, 1, 4, 3, 1, 1, 1, 5, 2, 2, 3, 2, 1, 5, 2, 4, 21, 1, 1, 1, 2, 3, 1, 1, 13, 2, 1, 17, 2, 7, 1, 2, 3, 2, 1, 2, 6, 3, 1, 1, 1, 24, 5, 1, 1, 
30: 0, 0, 1, 0, 0, 0, 0, 0, 3, 2, 0, 0, 0, 0, 0, 0, 0, 1, 0, 1, 0, 1, 0, 0, 0, 0, 0, 1, 0, 0, 1, 1, 1, 0, 2, 1, 0, 0, 3, 0, 0, 0, 0, 0, 1, 2, 12, 6, 0, 6, 0, 0, 1, 0, 0, 1, 0, 0, 1, 0, 0, 0, 0, 0, 0, 0, 17, 9, 0, 12, 0, 0, 0, 3, 0, 0, 0, 0, 2, 0, 0, 0, 1, 0, 3, 0, 0, 2, 1, 0, 2, 0, 1, 0, 0, 1, 0, 0, 0, 2, 0, 8, 0, 9, 0, 0, 0, 0, 0, 5, 0, 1, 1, 0, 1, 0, 4, 1, 2, 1, 1, 0, 0, 0, 0, 0, 0, 0, 0, 0, 0, 0, 5, 0, 0, 1, 1, 0, 5, 0, 0, 1, 0, 2, 0, 1, 0, 0, 0, 6, 0, 4, 1, 0, 0, 0, 0, 15, 0, 0, 1, 1, 0, 0, 0, 0, 0, 1, 0, 0, 0, 2, 3, 0, 0, 0, 0, 1, 0, 0, 5, 0, 0, 4, 0, 0, 1, 0, 0, 0, 0, 0, 0, 0, 0, 4, 0, 0, 0, 0, : 1, 3, 2, 1, 1, 1, 1, 1, 1, 1, 2, 1, 3, 1, 2, 12, 6, 6, 1, 1, 1, 17, 9, 12, 3, 2, 1, 3, 2, 1, 2, 1, 1, 2, 8, 9, 5, 1, 1, 1, 4, 1, 2, 1, 1, 5, 1, 1, 5, 1, 2, 1, 6, 4, 1, 15, 1, 1, 1, 2, 3, 1, 5, 4, 1, 4, 
25: 0, 0, 0, 0, 1, 1, 0, 0, 0, 0, 1, 0, 0, 0, 16, 1, 0, 0, 0, 0, 3, 0, 0, 0, 0, 1, 0, 1, 0, 5, 2, 1, 0, 1, 2, 3, 0, 1, 1, 0, 3, 1, 0, 1, 0, 0, 0, 12, 0, 0, 0, 0, 2, 0, 0, 0, 1, 0, 0, 0, 0, 12, 2, 0, 0, 0, 0, 0, 0, 0, 0, 0, 1, 1, 6, 1, 2, 0, 0, 0, 0, 0, 0, 0, 1, 1, 12, 4, 0, 0, 5, 3, 0, 0, 0, 0, 1, 0, 1, 0, 0, 0, 1, 2, 0, 0, 0, 0, 1, 0, 0, 1, 0, 0, 1, 0, 2, 0, 1, 0, 0, 0, 4, 17, 2, 0, 0, 0, 0, 1, 0, 0, 0, 0, 2, 0, 0, 0, 0, 0, 7, 0, 11, 0, 0, 0, 0, 0, 7, 0, 0, 4, 0, 0, 1, 0, 0, 0, 0, 0, 0, 0, 11, 0, 0, 16, 0, 0, 0, 0, 0, 0, 2, 2, 0, 3, 0, 0, 8, 2, 0, 1, 0, 0, 4, 0, 0, 0, 0, 2, 0, 0, 8, 1, 0, 0, 0, 0, 0, 0, : 1, 1, 1, 16, 1, 3, 1, 1, 5, 2, 1, 1, 2, 3, 1, 1, 3, 1, 1, 12, 2, 1, 12, 2, 1, 1, 6, 1, 2, 1, 1, 12, 4, 5, 3, 1, 1, 1, 2, 1, 1, 1, 2, 1, 4, 17, 2, 1, 2, 7, 11, 7, 4, 1, 11, 16, 2, 2, 3, 8, 2, 1, 4, 2, 8, 1, 
8: 18, 0, 0, 32, 0, 0, 0, 1, 1, 0, 0, 0, 0, 3, 0, 0, 0, 0, 5, 0, 0, 15, 34, 0, 0, 0, 1, 0, 1, 0, 0, 0, 0, 0, 0, 0, 0, 1, 0, 0, 2, 0, 0, 0, 0, 0, 0, 0, 0, 0, 0, 0, 3, 0, 0, 0, 0, 0, 3, 0, 3, 0, 5, 1, 0, 4, 0, 0, 1, 0, 0, 2, 0, 0, 1, 0, 0, 0, 2, 0, 0, 28, 4, 0, 0, 0, 5, 0, 2, 0, 2, 2, 2, 0, 0, 0, 4, 0, 0, 0, 13, 8, 0, 0, 4, 0, 0, 0, 0, 0, 0, 0, 0, 0, 0, 0, 3, 0, 1, 7, 8, 0, 0, 0, 0, 1, 0, 0, 6, 0, 0, 5, 0, 0, 4, 1, 11, 0, 0, 28, 1, 0, 0, 1, 0, 0, 0, 0, 1, 0, 2, 1, 0, 1, 0, 0, 0, 0, 4, 0, 0, 0, 2, 0, 0, 0, 1, 0, 29, 0, 0, 0, 1, 0, 0, 0, 2, 5, 0, 1, 1, 0, 3, 0, 1, 0, 3, 0, 0, 0, 1, 10, 2, 0, 0, 0, 0, 0, 0, 0, : 18, 32, 1, 1, 3, 5, 15, 34, 1, 1, 1, 2, 3, 3, 3, 5, 1, 4, 1, 2, 1, 2, 28, 4, 5, 2, 2, 2, 2, 4, 13, 8, 4, 3, 1, 7, 8, 1, 6, 5, 4, 1, 11, 28, 1, 1, 1, 2, 1, 1, 4, 2, 1, 29, 1, 2, 5, 1, 1, 3, 1, 3, 1, 10, 2, 
12: 0, 2, 24, 1, 1, 1, 1, 4, 0, 0, 0, 0, 0, 8, 1, 1, 0, 0, 0, 1, 8, 0, 0, 0, 0, 4, 0, 0, 0, 0, 1, 0, 0, 1, 1, 0, 0, 0, 5, 1, 0, 1, 0, 0, 7, 0, 1, 0, 0, 0, 0, 0, 0, 6, 1, 0, 1, 0, 5, 0, 0, 0, 0, 6, 2, 0, 0, 8, 0, 3, 0, 0, 0, 0, 0, 0, 0, 1, 0, 0, 0, 0, 2, 8, 0, 0, 2, 1, 2, 1, 0, 20, 0, 0, 16, 18, 0, 1, 0, 3, 0, 0, 0, 1, 0, 0, 0, 0, 0, 0, 0, 0, 0, 0, 1, 0, 0, 0, 1, 1, 0, 2, 0, 0, 0, 0, 0, 0, 0, 0, 0, 0, 14, 0, 0, 0, 0, 0, 1, 1, 0, 0, 0, 2, 0, 2, 0, 2, 1, 0, 0, 0, 0, 0, 0, 0, 0, 1, 0, 0, 1, 0, 0, 18, 1, 0, 0, 0, 0, 0, 0, 0, 0, 0, 0, 0, 0, 2, 0, 2, 0, 0, 12, 0, 1, 0, 1, 1, 0, 0, 0, 0, 1, 5, 0, 1, 1, 0, 0, 0, : 2, 24, 1, 1, 1, 1, 4, 8, 1, 1, 1, 8, 4, 1, 1, 1, 5, 1, 1, 7, 1, 6, 1, 1, 5, 6, 2, 8, 3, 1, 2, 8, 2, 1, 2, 1, 20, 16, 18, 1, 3, 1, 1, 1, 1, 2, 14, 1, 1, 2, 2, 2, 1, 1, 1, 18, 1, 2, 2, 12, 1, 1, 1, 1, 5, 1, 1, 
3: 0, 0, 0, 0, 1, 0, 0, 1, 1, 0, 1, 0, 3, 3, 0, 1, 0, 0, 0, 0, 0, 0, 0, 0, 0, 1, 0, 0, 0, 0, 3, 2, 8, 1, 1, 1, 0, 0, 0, 0, 0, 1, 0, 0, 1, 17, 0, 0, 0, 4, 0, 23, 0, 0, 0, 0, 0, 3, 1, 0, 0, 0, 8, 0, 1, 1, 0, 0, 1, 0, 0, 7, 0, 1, 0, 0, 1, 0, 1, 0, 0, 0, 0, 2, 0, 4, 4, 0, 0, 0, 0, 0, 1, 0, 0, 0, 0, 0, 3, 3, 1, 1, 0, 0, 0, 6, 0, 0, 1, 1, 1, 0, 0, 10, 1, 1, 0, 0, 0, 1, 8, 1, 11, 0, 0, 0, 3, 0, 0, 0, 1, 0, 1, 0, 1, 0, 0, 0, 3, 1, 1, 2, 0, 1, 0, 0, 0, 1, 10, 0, 2, 0, 1, 0, 0, 0, 0, 0, 1, 1, 3, 4, 0, 0, 0, 0, 11, 0, 0, 1, 11, 2, 0, 1, 0, 0, 0, 1, 0, 1, 1, 4, 0, 0, 0, 0, 0, 0, 0, 0, 0, 0, 0, 1, 1, 0, 0, 1, 0, 0, : 1, 1, 1, 1, 3, 3, 1, 1, 3, 2, 8, 1, 1, 1, 1, 1, 17, 4, 23, 3, 1, 8, 1, 1, 1, 7, 1, 1, 1, 2, 4, 4, 1, 3, 3, 1, 1, 6, 1, 1, 1, 10, 1, 1, 1, 8, 1, 11, 3, 1, 1, 1, 3, 1, 1, 2, 1, 1, 10, 2, 1, 1, 1, 3, 4, 11, 1, 11, 2, 1, 1, 1, 1, 4, 1, 1, 1, 
20: 1, 0, 2, 0, 0, 0, 0, 1, 0, 0, 0, 0, 0, 0, 0, 0, 0, 1, 0, 0, 0, 0, 0, 0, 0, 1, 21, 7, 0, 0, 6, 0, 0, 0, 0, 0, 0, 14, 0, 3, 2, 12, 2, 0, 2, 1, 0, 0, 0, 2, 0, 3, 1, 0, 1, 0, 0, 8, 0, 0, 1, 0, 0, 0, 0, 0, 0, 0, 3, 3, 0, 0, 0, 0, 0, 0, 0, 1, 0, 0, 4, 0, 0, 0, 0, 0, 0, 0, 0, 0, 0, 0, 1, 0, 0, 0, 0, 13, 0, 0, 0, 0, 0, 1, 0, 0, 0, 20, 0, 0, 6, 2, 1, 0, 0, 1, 0, 0, 0, 0, 10, 3, 0, 2, 0, 0, 0, 6, 0, 1, 0, 0, 5, 0, 1, 2, 2, 0, 2, 0, 1, 1, 0, 0, 0, 0, 0, 0, 0, 0, 0, 0, 6, 0, 0, 0, 0, 1, 0, 0, 9, 16, 0, 18, 0, 0, 0, 0, 0, 2, 0, 0, 22, 1, 7, 0, 2, 0, 1, 0, 0, 0, 0, 1, 0, 0, 0, 2, 1, 0, 0, 0, 0, 1, 1, 0, 0, 0, 0, 0, : 1, 2, 1, 1, 1, 21, 7, 6, 14, 3, 2, 12, 2, 2, 1, 2, 3, 1, 1, 8, 1, 3, 3, 1, 4, 1, 13, 1, 20, 6, 2, 1, 1, 10, 3, 2, 6, 1, 5, 1, 2, 2, 2, 1, 1, 6, 1, 9, 16, 18, 2, 22, 1, 7, 2, 1, 1, 2, 1, 1, 1, 
17: 0, 13, 0, 0, 2, 1, 1, 1, 0, 0, 0, 0, 0, 1, 0, 0, 0, 0, 0, 2, 0, 0, 0, 0, 0, 0, 0, 6, 0, 0, 1, 0, 1, 0, 4, 1, 0, 1, 0, 0, 1, 3, 0, 1, 1, 1, 0, 0, 0, 0, 21, 0, 1, 0, 0, 0, 0, 0, 1, 24, 3, 0, 0, 0, 1, 0, 5, 5, 0, 0, 19, 0, 1, 2, 10, 0, 0, 0, 0, 13, 12, 0, 0, 1, 0, 0, 0, 0, 0, 7, 0, 0, 0, 0, 0, 0, 0, 0, 0, 10, 0, 1, 0, 0, 0, 0, 12, 0, 0, 0, 0, 0, 0, 0, 1, 1, 1, 0, 1, 2, 0, 4, 0, 0, 0, 0, 0, 0, 0, 0, 0, 0, 0, 9, 6, 2, 0, 0, 1, 0, 3, 0, 0, 1, 0, 0, 1, 0, 0, 0, 1, 0, 1, 0, 19, 1, 0, 1, 0, 0, 1, 3, 0, 2, 0, 1, 0, 0, 0, 8, 0, 0, 0, 2, 0, 1, 4, 0, 1, 0, 0, 0, 1, 0, 0, 0, 0, 1, 0, 0, 0, 0, 0, 0, 2, 0, 1, 17, 0, 0, : 13, 2, 1, 1, 1, 1, 2, 6, 1, 1, 4, 1, 1, 1, 3, 1, 1, 1, 21, 1, 1, 24, 3, 1, 5, 5, 19, 1, 2, 10, 13, 12, 1, 7, 10, 1, 12, 1, 1, 1, 1, 2, 4, 9, 6, 2, 1, 3, 1, 1, 1, 1, 19, 1, 1, 1, 3, 2, 1, 8, 2, 1, 4, 1, 1, 1, 2, 1, 17, 
21: 0, 4, 0, 0, 0, 0, 7, 0, 2, 0, 7, 0, 0, 1, 1, 1, 0, 1, 0, 0, 1, 0, 0, 5, 0, 6, 0, 0, 0, 3, 1, 5, 3, 0, 0, 0, 0, 1, 1, 1, 0, 0, 0, 0, 0, 0, 0, 0, 0, 3, 0, 0, 0, 0, 0, 6, 0, 0, 1, 0, 3, 0, 9, 0, 0, 0, 0, 0, 0, 0, 0, 0, 4, 1, 1, 3, 1, 0, 1, 0, 0, 2, 6, 1, 0, 0, 2, 0, 1, 0, 0, 1, 1, 0, 0, 0, 0, 1, 2, 1, 0, 4, 0, 1, 0, 0, 0, 11, 1, 0, 4, 0, 1, 0, 0, 3, 7, 0, 0, 0, 0, 1, 1, 0, 0, 0, 0, 1, 0, 0, 1, 13, 0, 0, 0, 0, 2, 0, 3, 1, 3, 3, 0, 12, 0, 0, 0, 0, 0, 0, 0, 0, 0, 0, 2, 0, 0, 0, 0, 0, 1, 2, 0, 0, 1, 1, 0, 1, 0, 2, 0, 16, 0, 0, 0, 3, 1, 5, 0, 1, 2, 0, 0, 12, 0, 1, 1, 0, 0, 1, 0, 0, 0, 0, 9, 3, 1, 0, 0, 0, : 4, 7, 2, 7, 1, 1, 1, 1, 1, 5, 6, 3, 1, 5, 3, 1, 1, 1, 3, 6, 1, 3, 9, 4, 1, 1, 3, 1, 1, 2, 6, 1, 2, 1, 1, 1, 1, 2, 1, 4, 1, 11, 1, 4, 1, 3, 7, 1, 1, 1, 1, 13, 2, 3, 1, 3, 3, 12, 2, 1, 2, 1, 1, 1, 2, 16, 3, 1, 5, 1, 2, 12, 1, 1, 1, 9, 3, 1, 
1: 0, 0, 0, 0, 1, 0, 0, 6, 0, 1, 0, 21, 0, 0, 0, 0, 0, 0, 0, 0, 10, 0, 0, 0, 0, 0, 0, 0, 1, 0, 0, 0, 3, 0, 0, 0, 0, 0, 3, 0, 0, 1, 0, 0, 1, 0, 0, 1, 0, 0, 3, 3, 2, 1, 1, 0, 1, 1, 1, 0, 4, 0, 9, 10, 5, 0, 0, 0, 6, 0, 0, 0, 1, 0, 0, 1, 0, 18, 0, 0, 0, 0, 14, 0, 0, 5, 0, 1, 2, 0, 0, 0, 0, 0, 0, 0, 1, 0, 0, 0, 0, 0, 8, 0, 0, 0, 0, 0, 2, 0, 0, 0, 0, 1, 1, 0, 0, 0, 1, 0, 1, 0, 1, 0, 0, 0, 0, 0, 1, 0, 6, 0, 0, 0, 0, 9, 0, 0, 3, 0, 1, 0, 0, 0, 5, 0, 0, 12, 0, 0, 27, 0, 1, 15, 0, 0, 0, 0, 1, 1, 3, 1, 0, 0, 0, 0, 1, 8, 0, 1, 0, 0, 1, 0, 3, 1, 0, 0, 9, 1, 1, 0, 3, 1, 0, 0, 0, 8, 0, 1, 28, 3, 0, 0, 0, 0, 0, 1, 0, 0, : 1, 6, 1, 21, 10, 1, 3, 3, 1, 1, 1, 3, 3, 2, 1, 1, 1, 1, 1, 4, 9, 10, 5, 6, 1, 1, 18, 14, 5, 1, 2, 1, 8, 2, 1, 1, 1, 1, 1, 1, 6, 9, 3, 1, 5, 12, 27, 1, 15, 1, 1, 3, 1, 1, 8, 1, 1, 3, 1, 9, 1, 1, 3, 1, 8, 1, 28, 3, 1, 
5: 0, 0, 0, 0, 3, 1, 10, 0, 3, 0, 0, 0, 0, 2, 0, 0, 0, 3, 12, 0, 0, 1, 5, 0, 0, 8, 0, 0, 0, 1, 0, 0, 0, 0, 0, 6, 7, 1, 4, 0, 0, 1, 0, 25, 1, 1, 0, 0, 0, 1, 0, 2, 0, 1, 0, 1, 0, 0, 1, 3, 0, 0, 0, 8, 0, 0, 0, 0, 0, 3, 0, 0, 1, 1, 1, 4, 1, 0, 0, 4, 1, 0, 1, 1, 2, 0, 3, 0, 0, 0, 0, 0, 0, 3, 0, 0, 17, 10, 8, 1, 0, 0, 0, 0, 0, 0, 0, 1, 0, 0, 0, 0, 0, 0, 1, 0, 0, 0, 2, 0, 0, 1, 0, 3, 0, 0, 0, 0, 1, 14, 0, 1, 0, 28, 1, 0, 1, 0, 0, 0, 3, 0, 2, 0, 0, 1, 0, 0, 7, 0, 0, 4, 6, 0, 0, 0, 3, 0, 2, 4, 2, 0, 12, 0, 0, 0, 13, 0, 0, 1, 2, 1, 0, 0, 0, 0, 1, 0, 0, 0, 0, 0, 0, 0, 1, 0, 0, 0, 0, 0, 0, 1, 0, 0, 1, 0, 0, 0, 0, 0, : 3, 1, 10, 3, 2, 3, 12, 1, 5, 8, 1, 6, 7, 1, 4, 1, 25, 1, 1, 1, 2, 1, 1, 1, 3, 8, 3, 1, 1, 1, 4, 1, 4, 1, 1, 1, 2, 3, 3, 17, 10, 8, 1, 1, 1, 2, 1, 3, 1, 14, 1, 28, 1, 1, 3, 2, 1, 7, 4, 6, 3, 2, 4, 2, 12, 13, 1, 2, 1, 1, 1, 1, 1, 
9: 0, 0, 0, 0, 1, 0, 1, 0, 0, 0, 0, 0, 0, 0, 0, 1, 0, 1, 15, 0, 1, 0, 0, 0, 0, 0, 0, 0, 0, 0, 12, 0, 5, 1, 4, 2, 0, 1, 0, 6, 0, 0, 5, 0, 1, 0, 0, 0, 0, 2, 5, 0, 4, 2, 0, 0, 0, 0, 7, 0, 1, 0, 1, 1, 5, 2, 0, 0, 0, 1, 4, 1, 3, 0, 1, 2, 0, 0, 0, 0, 0, 0, 0, 1, 7, 1, 0, 5, 3, 0, 0, 1, 1, 0, 5, 0, 0, 1, 1, 0, 0, 0, 1, 0, 18, 1, 0, 0, 5, 1, 3, 1, 0, 0, 0, 0, 1, 0, 2, 1, 2, 1, 0, 0, 0, 0, 0, 0, 0, 0, 0, 0, 0, 0, 1, 5, 0, 0, 0, 1, 0, 1, 0, 1, 0, 0, 0, 0, 1, 0, 0, 1, 13, 0, 9, 0, 0, 0, 0, 0, 3, 4, 1, 0, 0, 0, 0, 0, 0, 0, 0, 0, 0, 0, 0, 0, 0, 1, 0, 2, 0, 0, 0, 7, 1, 11, 0, 0, 9, 1, 0, 0, 0, 7, 0, 5, 3, 0, 0, 1, : 1, 1, 1, 1, 15, 1, 12, 5, 1, 4, 2, 1, 6, 5, 1, 2, 5, 4, 2, 7, 1, 1, 1, 5, 2, 1, 4, 1, 3, 1, 2, 1, 7, 1, 5, 3, 1, 1, 5, 1, 1, 1, 18, 1, 5, 1, 3, 1, 1, 2, 1, 2, 1, 1, 5, 1, 1, 1, 1, 1, 13, 9, 3, 4, 1, 1, 2, 7, 1, 11, 9, 1, 7, 5, 3, 1, 
24: 1, 1, 0, 0, 1, 1, 0, 2, 0, 0, 1, 0, 0, 1, 4, 5, 0, 0, 0, 19, 0, 1, 0, 2, 0, 1, 0, 0, 0, 0, 1, 0, 1, 3, 2, 1, 0, 0, 0, 4, 0, 0, 1, 0, 0, 0, 0, 4, 0, 0, 0, 0, 1, 0, 1, 0, 0, 0, 0, 5, 1, 0, 0, 0, 3, 1, 1, 0, 0, 0, 1, 10, 0, 7, 4, 0, 0, 16, 0, 0, 0, 0, 0, 2, 0, 1, 0, 1, 0, 0, 0, 0, 0, 0, 1, 1, 0, 11, 0, 0, 0, 2, 0, 0, 18, 11, 0, 0, 0, 6, 0, 0, 1, 0, 2, 0, 0, 0, 1, 0, 0, 1, 0, 0, 1, 0, 1, 0, 3, 0, 19, 0, 0, 0, 0, 0, 2, 0, 0, 0, 1, 1, 0, 1, 0, 0, 5, 6, 10, 0, 0, 3, 0, 0, 2, 1, 0, 12, 10, 1, 1, 0, 0, 0, 1, 5, 3, 0, 0, 0, 0, 1, 0, 0, 0, 1, 0, 1, 1, 1, 1, 0, 0, 0, 0, 0, 0, 0, 1, 0, 2, 1, 0, 1, 0, 0, 0, 0, 0, 0, : 1, 1, 1, 1, 2, 1, 1, 4, 5, 19, 1, 2, 1, 1, 1, 3, 2, 1, 4, 1, 4, 1, 1, 5, 1, 3, 1, 1, 1, 10, 7, 4, 16, 2, 1, 1, 1, 1, 11, 2, 18, 11, 6, 1, 2, 1, 1, 1, 1, 3, 19, 2, 1, 1, 1, 5, 6, 10, 3, 2, 1, 12, 10, 1, 1, 1, 5, 3, 1, 1, 1, 1, 1, 1, 1, 2, 1, 1, 
15: 0, 2, 9, 0, 1, 1, 0, 1, 0, 0, 1, 0, 25, 0, 2, 5, 1, 3, 0, 0, 0, 3, 0, 0, 0, 1, 0, 0, 2, 0, 0, 0, 0, 4, 1, 0, 0, 1, 9, 0, 1, 1, 0, 1, 0, 0, 7, 0, 0, 0, 0, 0, 4, 0, 0, 0, 0, 0, 6, 0, 3, 1, 0, 2, 0, 0, 0, 1, 3, 0, 0, 1, 1, 0, 1, 0, 3, 0, 1, 14, 0, 0, 0, 0, 0, 0, 0, 1, 0, 29, 0, 0, 0, 14, 0, 0, 0, 1, 0, 0, 1, 0, 0, 0, 0, 0, 0, 0, 0, 0, 0, 4, 0, 0, 0, 0, 2, 0, 1, 2, 1, 2, 6, 3, 0, 0, 0, 17, 6, 0, 0, 2, 0, 0, 1, 0, 1, 0, 14, 0, 0, 0, 0, 1, 1, 0, 4, 0, 0, 1, 0, 1, 0, 0, 0, 0, 0, 3, 0, 0, 1, 0, 0, 0, 1, 0, 0, 0, 0, 0, 8, 0, 0, 1, 0, 1, 0, 0, 2, 2, 2, 1, 0, 12, 0, 1, 2, 0, 1, 28, 0, 1, 0, 6, 0, 0, 0, 0, 8, 7, : 2, 9, 1, 1, 1, 1, 25, 2, 5, 1, 3, 3, 1, 2, 4, 1, 1, 9, 1, 1, 1, 7, 4, 6, 3, 1, 2, 1, 3, 1, 1, 1, 3, 1, 14, 1, 29, 14, 1, 1, 4, 2, 1, 2, 1, 2, 6, 3, 17, 6, 2, 1, 1, 14, 1, 1, 4, 1, 1, 3, 1, 1, 8, 1, 1, 2, 2, 2, 1, 12, 1, 2, 1, 28, 1, 6, 8, 7, 
10: 0, 0, 0, 0, 0, 1, 1, 0, 1, 0, 0, 0, 0, 0, 0, 2, 0, 2, 0, 0, 5, 0, 0, 0, 7, 11, 0, 0, 0, 1, 1, 0, 0, 0, 1, 1, 0, 1, 0, 0, 2, 1, 3, 0, 2, 1, 0, 0, 1, 0, 0, 0, 0, 8, 1, 0, 0, 0, 1, 0, 0, 25, 0, 1, 4, 0, 1, 0, 1, 5, 1, 0, 0, 0, 0, 1, 0, 0, 2, 0, 0, 0, 0, 4, 0, 1, 0, 0, 0, 0, 0, 0, 0, 18, 3, 2, 3, 0, 9, 0, 4, 0, 0, 1, 0, 0, 0, 1, 1, 0, 1, 1, 0, 0, 0, 2, 2, 0, 1, 2, 0, 4, 1, 0, 0, 0, 0, 0, 0, 0, 1, 0, 11, 0, 1, 0, 0, 0, 1, 0, 2, 1, 10, 0, 0, 0, 0, 0, 0, 0, 0, 0, 2, 0, 0, 0, 1, 0, 0, 0, 2, 0, 0, 1, 0, 0, 0, 0, 0, 1, 0, 1, 0, 2, 0, 0, 10, 4, 0, 2, 22, 0, 1, 0, 0, 0, 0, 0, 0, 0, 0, 0, 1, 0, 0, 0, 0, 15, 0, 0, : 1, 1, 1, 2, 2, 5, 7, 11, 1, 1, 1, 1, 1, 2, 1, 3, 2, 1, 1, 8, 1, 1, 25, 1, 4, 1, 1, 5, 1, 1, 2, 4, 1, 18, 3, 2, 3, 9, 4, 1, 1, 1, 1, 1, 2, 2, 1, 2, 4, 1, 1, 11, 1, 1, 2, 1, 10, 2, 1, 2, 1, 1, 1, 2, 10, 4, 2, 22, 1, 1, 15, 


