
40
30
40
1

7: 0, 0, 1, 1, 0, 0, 0, 0, 4, 2, 0, 1, 5, 1, 0, 0, 2, 0, 22, 2, 0, 0, 1, 0, 0, 0, 0, 0, 0, 2, 0, 2, 6, 0, 4, 11, 0, 0, 0, 0, : 1, 1, 4, 2, 1, 5, 1, 2, 22, 2, 1, 2, 2, 6, 4, 11, 
23: 0, 19, 9, 0, 0, 16, 3, 0, 0, 1, 0, 0, 0, 0, 0, 0, 0, 0, 0, 0, 0, 0, 1, 0, 1, 1, 0, 2, 0, 4, 0, 1, 0, 0, 0, 0, 0, 0, 1, 0, : 19, 9, 16, 3, 1, 1, 1, 1, 2, 4, 1, 1, 
11: 0, 0, 0, 0, 3, 2, 1, 0, 0, 1, 0, 0, 2, 0, 0, 0, 0, 1, 0, 2, 0, 3, 1, 0, 1, 0, 4, 7, 0, 0, 0, 4, 0, 0, 8, 1, 0, 9, 0, 0, : 3, 2, 1, 1, 2, 1, 2, 3, 1, 1, 4, 7, 4, 8, 1, 9, 
20: 0, 0, 0, 1, 0, 0, 0, 0, 1, 1, 0, 1, 0, 1, 0, 1, 1, 0, 1, 8, 0, 16, 0, 0, 1, 0, 0, 2, 2, 0, 0, 0, 0, 1, 2, 0, 0, 4, 1, 0, : 1, 1, 1, 1, 1, 1, 1, 1, 8, 16, 1, 2, 2, 1, 2, 4, 1, 
19: 1, 0, 1, 0, 1, 0, 0, 1, 1, 1, 0, 3, 0, 0, 0, 0, 0, 0, 1, 0, 0, 0, 1, 1, 0, 0, 0, 0, 0, 0, 0, 1, 0, 0, 0, 0, 0, 0, 1, 0, : 1, 1, 1, 1, 1, 1, 3, 1, 1, 1, 1, 1, 
10: 0, 5, 0, 0, 0, 0, 2, 0, 0, 0, 1, 1, 0, 0, 0, 0, 0, 0, 0, 0, 0, 0, 4, 2, 0, 0, 2, 0, 0, 4, 1, 2, 0, 0, 0, 0, 0, 6, 15, 0, : 5, 2, 1, 1, 4, 2, 2, 4, 1, 2, 6, 15, 
28: 1, 2, 2, 0, 0, 8, 0, 1, 1, 0, 1, 0, 3, 0, 0, 2, 4, 6, 2, 1, 0, 1, 0, 0, 0, 0, 1, 4, 0, 1, 11, 0, 0, 17, 0, 2, 2, 0, 1, 3, : 1, 2, 2, 8, 1, 1, 1, 3, 2, 4, 6, 2, 1, 1, 1, 4, 1, 11, 17, 2, 2, 1, 3, 
17: 0, 3, 0, 0, 0, 1, 12, 0, 5, 0, 0, 2, 0, 4, 0, 0, 1, 0, 0, 2, 0, 0, 1, 0, 1, 0, 16, 0, 0, 0, 1, 0, 0, 0, 0, 0, 9, 1, 1, 0, : 3, 1, 12, 5, 2, 4, 1, 2, 1, 1, 16, 1, 9, 1, 1, 
13: 0, 1, 1, 3, 7, 0, 1, 1, 0, 0, 5, 1, 0, 1, 0, 0, 1, 0, 0, 4, 17, 3, 0, 0, 0, 0, 0, 0, 0, 0, 0, 1, 0, 3, 1, 1, 0, 0, 0, 0, : 1, 1, 3, 7, 1, 1, 5, 1, 1, 1, 4, 17, 3, 1, 3, 1, 1, 
27: 0, 0, 0, 0, 0, 0, 1, 0, 15, 0, 8, 1, 0, 5, 0, 0, 0, 0, 0, 13, 0, 7, 1, 0, 0, 0, 0, 0, 0, 0, 0, 3, 0, 0, 1, 0, 0, 1, 0, 0, : 1, 15, 8, 1, 5, 13, 7, 1, 3, 1, 1, 
16: 0, 0, 0, 0, 0, 0, 0, 4, 2, 0, 5, 1, 7, 2, 0, 4, 0, 0, 0, 0, 0, 0, 2, 0, 1, 0, 8, 1, 0, 2, 22, 0, 1, 0, 0, 2, 0, 1, 0, 0, : 4, 2, 5, 1, 7, 2, 4, 2, 1, 8, 1, 2, 22, 1, 2, 1, 
6: 0, 0, 5, 1, 0, 0, 0, 0, 1, 1, 6, 1, 0, 0, 0, 0, 10, 18, 0, 0, 0, 1, 2, 0, 1, 0, 7, 2, 0, 1, 0, 0, 12, 0, 1, 0, 0, 1, 1, 0, : 5, 1, 1, 1, 6, 1, 10, 18, 1, 2, 1, 7, 2, 1, 12, 1, 1, 1, 
15: 9, 0, 3, 13, 0, 0, 0, 0, 0, 0, 0, 0, 0, 1, 1, 1, 0, 14, 0, 0, 0, 1, 0, 0, 8, 1, 0, 0, 0, 1, 1, 0, 11, 0, 0, 0, 7, 3, 1, 8, : 9, 3, 13, 1, 1, 1, 14, 1, 8, 1, 1, 1, 11, 7, 3, 1, 8, 
2: 0, 0, 0, 0, 7, 1, 2, 0, 0, 0, 5, 1, 1, 0, 1, 8, 1, 0, 0, 1, 0, 1, 1, 0, 1, 0, 0, 0, 1, 1, 1, 0, 1, 0, 1, 0, 2, 1, 2, 0, : 7, 1, 2, 5, 1, 1, 1, 8, 1, 1, 1, 1, 1, 1, 1, 1, 1, 1, 2, 1, 2, 
1: 0, 4, 0, 0, 5, 1, 0, 3, 1, 0, 0, 0, 10, 0, 0, 0, 1, 0, 0, 0, 0, 1, 2, 16, 1, 0, 0, 0, 2, 1, 0, 0, 1, 0, 6, 0, 3, 0, 0, 0, : 4, 5, 1, 3, 1, 10, 1, 1, 2, 16, 1, 2, 1, 1, 6, 3, 
4: 0, 0, 0, 0, 1, 2, 0, 1, 0, 0, 1, 1, 0, 0, 0, 0, 0, 0, 0, 1, 0, 1, 0, 0, 0, 0, 0, 1, 0, 1, 1, 0, 0, 0, 1, 1, 1, 0, 1, 0, : 1, 2, 1, 1, 1, 1, 1, 1, 1, 1, 1, 1, 1, 1, 
14: 0, 1, 0, 0, 0, 5, 3, 0, 1, 0, 0, 1, 1, 0, 0, 0, 11, 0, 3, 0, 0, 1, 0, 19, 1, 1, 0, 0, 0, 0, 0, 18, 0, 0, 4, 3, 1, 4, 0, 19, : 1, 5, 3, 1, 1, 1, 11, 3, 1, 19, 1, 1, 18, 4, 3, 1, 4, 19, 
3: 0, 0, 1, 0, 0, 0, 0, 10, 1, 0, 1, 0, 1, 0, 3, 0, 5, 0, 1, 0, 0, 3, 5, 0, 6, 0, 0, 0, 1, 0, 0, 0, 0, 0, 0, 0, 1, 1, 0, 0, : 1, 10, 1, 1, 1, 3, 5, 1, 3, 5, 6, 1, 1, 1, 
26: 0, 1, 1, 1, 1, 0, 1, 0, 0, 0, 1, 2, 0, 2, 0, 5, 0, 1, 0, 1, 0, 0, 1, 0, 3, 0, 0, 1, 0, 8, 0, 0, 0, 0, 1, 0, 0, 0, 0, 1, : 1, 1, 1, 1, 1, 1, 2, 2, 5, 1, 1, 1, 3, 1, 8, 1, 1, 
24: 1, 0, 0, 2, 2, 0, 0, 0, 1, 0, 0, 1, 0, 0, 0, 8, 0, 0, 0, 0, 0, 0, 0, 0, 0, 0, 0, 2, 0, 7, 1, 0, 0, 0, 0, 0, 3, 0, 0, 0, : 1, 2, 2, 1, 1, 8, 2, 7, 1, 3, 
25: 0, 2, 1, 5, 0, 0, 1, 0, 0, 0, 0, 2, 0, 1, 5, 0, 0, 0, 0, 1, 0, 1, 1, 0, 2, 23, 0, 0, 4, 1, 0, 1, 0, 0, 0, 0, 0, 0, 0, 4, : 2, 1, 5, 1, 2, 1, 5, 1, 1, 1, 2, 23, 4, 1, 1, 4, 
9: 7, 0, 11, 0, 0, 0, 9, 13, 0, 1, 2, 1, 0, 16, 12, 1, 0, 0, 0, 0, 0, 0, 9, 1, 4, 12, 0, 0, 0, 0, 0, 2, 0, 10, 0, 3, 2, 2, 0, 0, : 7, 11, 9, 13, 1, 2, 1, 16, 12, 1, 9, 1, 4, 12, 2, 10, 3, 2, 2, 
29: 0, 1, 0, 0, 12, 0, 0, 0, 1, 4, 0, 3, 0, 0, 0, 5, 0, 0, 0, 0, 22, 0, 0, 1, 0, 0, 0, 0, 29, 2, 0, 1, 0, 1, 0, 15, 8, 0, 1, 2, : 1, 12, 1, 4, 3, 5, 22, 1, 29, 2, 1, 1, 15, 8, 1, 2, 
5: 0, 0, 2, 1, 0, 0, 1, 3, 0, 0, 0, 1, 5, 1, 15, 0, 1, 0, 0, 0, 0, 0, 0, 0, 0, 0, 1, 0, 0, 0, 0, 0, 0, 1, 0, 0, 0, 0, 0, 0, : 2, 1, 1, 3, 1, 5, 1, 15, 1, 1, 1, 
21: 21, 0, 0, 0, 0, 0, 1, 0, 0, 0, 0, 0, 0, 0, 0, 1, 0, 0, 0, 0, 0, 0, 1, 0, 0, 1, 0, 3, 1, 2, 0, 0, 0, 0, 1, 0, 0, 0, 1, 0, : 21, 1, 1, 1, 1, 3, 1, 2, 1, 1, 
18: 0, 0, 0, 2, 0, 3, 0, 0, 1, 0, 0, 1, 0, 0, 0, 1, 0, 0, 0, 1, 0, 0, 2, 0, 0, 0, 0, 0, 0, 0, 0, 0, 8, 1, 0, 0, 1, 4, 11, 0, : 2, 3, 1, 1, 1, 1, 2, 8, 1, 1, 4, 11, 
22: 0, 0, 2, 7, 0, 0, 2, 1, 0, 0, 1, 4, 0, 0, 1, 1, 0, 0, 5, 0, 1, 0, 1, 0, 7, 1, 0, 12, 0, 0, 0, 0, 0, 0, 8, 1, 0, 0, 1, 0, : 2, 7, 2, 1, 1, 4, 1, 1, 5, 1, 1, 7, 1, 12, 8, 1, 1, 
8: 0, 0, 0, 2, 0, 0, 0, 0, 1, 4, 0, 0, 2, 1, 0, 2, 0, 0, 0, 1, 0, 0, 1, 0, 0, 0, 0, 1, 0, 1, 1, 0, 0, 6, 0, 0, 0, 0, 0, 0, : 2, 1, 4, 2, 1, 2, 1, 1, 1, 1, 1, 6, 
30: 0, 0, 0, 1, 0, 1, 0, 0, 2, 0, 3, 8, 3, 3, 0, 0, 1, 0, 2, 1, 0, 0, 1, 0, 0, 0, 1, 1, 0, 0, 0, 1, 0, 0, 1, 0, 0, 1, 1, 3, : 1, 1, 2, 3, 8, 3, 3, 1, 2, 1, 1, 1, 1, 1, 1, 1, 1, 3, 
12: 0, 1, 0, 0, 1, 0, 0, 2, 1, 24, 0, 2, 0, 1, 2, 0, 1, 0, 3, 1, 0, 0, 1, 0, 1, 0, 0, 1, 0, 1, 0, 3, 0, 0, 0, 0, 0, 1, 0, 0, : 1, 1, 2, 1, 24, 2, 1, 2, 1, 3, 1, 1, 1, 1, 1, 3, 1, 


