
20
600
40
20

287: 1, 4, 0, 0, 0, 0, 0, 0, 0, 2, 4, 0, 3, 6, 0, 0, 0, 1, 0, 0, : 1, 4, 2, 4, 3, 6, 1, 
134: 2, 0, 1, 0, 0, 0, 0, 0, 1, 1, 0, 1, 0, 0, 0, 0, 0, 4, 0, 0, : 2, 1, 1, 1, 1, 4, 
164: 10, 0, 2, 5, 0, 0, 5, 0, 0, 2, 20, 0, 6, 0, 0, 0, 0, 1, 2, 9, : 10, 2, 5, 5, 2, 20, 6, 1, 2, 9, 
309: 0, 0, 4, 0, 0, 0, 0, 0, 1, 1, 0, 0, 0, 0, 0, 0, 0, 0, 0, 0, : 4, 1, 1, 
95: 0, 0, 1, 0, 19, 5, 1, 0, 1, 1, 1, 0, 0, 0, 0, 0, 7, 0, 7, 28, : 1, 19, 5, 1, 1, 1, 1, 7, 7, 28, 
351: 0, 0, 0, 0, 0, 12, 1, 5, 2, 1, 0, 0, 1, 0, 1, 35, 0, 4, 0, 0, : 12, 1, 5, 2, 1, 1, 1, 35, 4, 
300: 0, 0, 0, 0, 0, 3, 0, 16, 0, 0, 0, 4, 0, 0, 2, 0, 3, 0, 11, 1, : 3, 16, 4, 2, 3, 11, 1, 
296: 0, 1, 0, 0, 0, 1, 13, 1, 19, 1, 0, 0, 11, 0, 0, 3, 0, 2, 0, 0, : 1, 1, 13, 1, 19, 1, 11, 3, 2, 
580: 7, 1, 1, 0, 0, 0, 0, 1, 0, 0, 0, 0, 0, 0, 0, 0, 0, 0, 0, 0, : 7, 1, 1, 1, 
438: 1, 0, 0, 1, 0, 5, 1, 0, 0, 7, 0, 6, 0, 0, 1, 0, 0, 0, 1, 0, : 1, 1, 5, 1, 7, 6, 1, 1, 
374: 0, 0, 0, 0, 1, 0, 0, 0, 0, 1, 0, 0, 0, 0, 0, 0, 0, 0, 0, 0, : 1, 1, 
177: 0, 0, 0, 0, 1, 0, 0, 0, 1, 2, 0, 0, 0, 0, 1, 0, 0, 0, 0, 1, : 1, 1, 2, 1, 1, 
349: 0, 0, 0, 0, 0, 1, 0, 2, 0, 0, 0, 0, 0, 0, 12, 0, 1, 0, 0, 0, : 1, 2, 12, 1, 
176: 0, 23, 0, 0, 0, 0, 1, 0, 1, 2, 1, 2, 0, 0, 3, 0, 0, 0, 16, 0, : 23, 1, 1, 2, 1, 2, 3, 16, 
442: 0, 0, 26, 0, 0, 0, 0, 0, 0, 10, 0, 0, 0, 2, 0, 0, 0, 1, 0, 0, : 26, 10, 2, 1, 
41: 0, 0, 0, 0, 0, 0, 1, 0, 0, 0, 0, 2, 0, 19, 0, 0, 1, 3, 0, 0, : 1, 2, 19, 1, 3, 
336: 7, 0, 1, 0, 1, 0, 0, 4, 0, 0, 1, 0, 0, 0, 0, 0, 0, 7, 1, 0, : 7, 1, 1, 4, 1, 7, 1, 
388: 0, 1, 1, 0, 0, 0, 5, 0, 0, 0, 1, 5, 0, 0, 1, 0, 2, 0, 0, 0, : 1, 1, 5, 1, 5, 1, 2, 
226: 0, 0, 0, 1, 0, 0, 1, 0, 0, 0, 10, 0, 1, 0, 0, 0, 0, 1, 0, 0, : 1, 1, 10, 1, 1, 
409: 0, 4, 0, 0, 0, 0, 0, 0, 0, 3, 0, 0, 1, 0, 0, 1, 0, 1, 0, 0, : 4, 3, 1, 1, 1, 
596: 0, 0, 0, 0, 0, 1, 0, 0, 3, 0, 0, 0, 0, 0, 0, 0, 0, 1, 0, 0, : 1, 3, 1, 
204: 0, 0, 1, 0, 0, 0, 0, 0, 0, 0, 0, 15, 0, 0, 13, 0, 0, 0, 1, 0, : 1, 15, 13, 1, 
216: 1, 1, 0, 0, 0, 0, 3, 9, 0, 2, 1, 2, 0, 0, 3, 0, 22, 0, 0, 0, : 1, 1, 3, 9, 2, 1, 2, 3, 22, 
478: 0, 0, 0, 0, 0, 7, 0, 0, 1, 0, 0, 0, 10, 0, 0, 0, 0, 3, 0, 0, : 7, 1, 10, 3, 
568: 0, 0, 1, 0, 0, 0, 0, 0, 0, 1, 0, 0, 5, 0, 0, 0, 0, 1, 1, 0, : 1, 1, 5, 1, 1, 
531: 3, 0, 0, 0, 4, 1, 0, 0, 0, 0, 0, 0, 1, 0, 1, 1, 3, 0, 0, 1, : 3, 4, 1, 1, 1, 1, 3, 1, 
211: 0, 0, 1, 0, 0, 0, 0, 1, 0, 0, 0, 2, 0, 12, 0, 0, 0, 9, 0, 0, : 1, 1, 2, 12, 9, 
148: 1, 5, 0, 1, 0, 4, 8, 1, 0, 0, 1, 0, 1, 0, 1, 0, 0, 0, 0, 0, : 1, 5, 1, 4, 8, 1, 1, 1, 1, 
486: 7, 0, 0, 0, 8, 0, 0, 0, 0, 3, 0, 0, 0, 1, 0, 0, 1, 0, 0, 0, : 7, 8, 3, 1, 1, 
538: 0, 0, 0, 32, 6, 0, 0, 0, 10, 0, 0, 1, 0, 0, 1, 0, 0, 1, 0, 0, : 32, 6, 10, 1, 1, 1, 


184: 1, 1, 0, 0, 0, 13, 9, 2, 0, 0, 3, 0, 0, 0, 0, 0, 2, 1, 0, 0, : 1, 1, 13, 9, 2, 3, 2, 1, 
6: 0, 2, 0, 0, 1, 0, 0, 2, 0, 0, 9, 0, 1, 8, 0, 0, 0, 0, 1, 0, : 2, 1, 2, 9, 1, 8, 1, 
38: 2, 1, 2, 1, 2, 0, 0, 1, 0, 0, 0, 0, 0, 1, 0, 6, 0, 0, 0, 2, : 2, 1, 2, 1, 2, 1, 1, 6, 2, 
515: 8, 0, 1, 1, 0, 0, 0, 0, 5, 3, 0, 1, 1, 19, 0, 0, 0, 0, 0, 1, : 8, 1, 1, 5, 3, 1, 1, 19, 1, 
232: 0, 0, 0, 13, 1, 0, 0, 2, 0, 12, 0, 0, 0, 0, 0, 5, 1, 5, 0, 0, : 13, 1, 2, 12, 5, 1, 5, 
558: 0, 0, 1, 0, 0, 0, 0, 0, 0, 0, 6, 0, 0, 0, 0, 1, 1, 2, 0, 0, : 1, 6, 1, 1, 2, 
553: 0, 0, 0, 1, 1, 0, 6, 0, 0, 1, 0, 7, 0, 0, 2, 0, 1, 0, 1, 6, : 1, 1, 6, 1, 7, 2, 1, 1, 6, 
497: 0, 0, 1, 0, 1, 1, 0, 0, 0, 0, 1, 0, 0, 0, 0, 0, 0, 0, 1, 0, : 1, 1, 1, 1, 1, 
331: 1, 1, 1, 9, 0, 8, 0, 0, 1, 4, 2, 0, 32, 0, 0, 1, 0, 6, 0, 1, : 1, 1, 1, 9, 8, 1, 4, 2, 32, 1, 6, 1, 
195: 8, 6, 0, 0, 0, 0, 0, 0, 0, 16, 0, 0, 0, 0, 0, 0, 0, 1, 0, 0, : 8, 6, 16, 1, 
56: 0, 0, 1, 1, 17, 0, 0, 0, 0, 0, 0, 0, 0, 0, 0, 0, 0, 0, 0, 0, : 1, 1, 17, 
577: 0, 1, 1, 0, 2, 0, 10, 0, 0, 0, 3, 0, 1, 3, 0, 0, 1, 2, 1, 1, : 1, 1, 2, 10, 3, 1, 3, 1, 2, 1, 1, 
35: 0, 10, 14, 3, 0, 2, 1, 2, 0, 0, 0, 0, 0, 0, 0, 0, 0, 1, 6, 7, : 10, 14, 3, 2, 1, 2, 1, 6, 7, 
540: 13, 0, 0, 0, 2, 0, 0, 1, 0, 0, 0, 0, 0, 0, 0, 0, 0, 0, 0, 0, : 13, 2, 1, 
461: 0, 0, 1, 0, 1, 4, 0, 1, 12, 0, 0, 0, 0, 0, 0, 0, 0, 0, 1, 1, : 1, 1, 4, 1, 12, 1, 1, 
231: 0, 0, 0, 0, 0, 0, 0, 0, 0, 0, 3, 0, 0, 0, 0, 7, 1, 1, 3, 0, : 3, 7, 1, 1, 3, 
448: 0, 0, 0, 1, 0, 1, 0, 0, 0, 1, 0, 0, 0, 1, 0, 1, 0, 2, 1, 0, : 1, 1, 1, 1, 1, 2, 1, 
339: 2, 0, 0, 1, 0, 0, 0, 5, 0, 3, 0, 0, 2, 0, 30, 12, 0, 1, 0, 0, : 2, 1, 5, 3, 2, 30, 12, 1, 
480: 1, 0, 0, 0, 1, 0, 0, 0, 4, 0, 1, 25, 0, 1, 0, 0, 0, 0, 0, 0, : 1, 1, 4, 1, 25, 1, 
131: 0, 0, 2, 0, 0, 0, 7, 0, 18, 0, 0, 0, 0, 0, 0, 0, 0, 0, 0, 1, : 2, 7, 18, 1, 
305: 0, 13, 0, 0, 1, 0, 0, 1, 0, 0, 0, 0, 0, 0, 0, 0, 0, 1, 0, 0, : 13, 1, 1, 1, 
456: 1, 0, 12, 1, 0, 1, 0, 1, 0, 0, 0, 0, 0, 5, 0, 1, 0, 1, 0, 2, : 1, 12, 1, 1, 1, 5, 1, 1, 2, 
400: 0, 0, 0, 3, 0, 0, 1, 13, 0, 0, 0, 0, 0, 0, 7, 0, 0, 1, 1, 1, : 3, 1, 13, 7, 1, 1, 1, 
201: 0, 0, 0, 0, 0, 0, 1, 0, 0, 0, 1, 0, 0, 1, 0, 0, 2, 0, 0, 1, : 1, 1, 1, 2, 1, 
332: 0, 0, 0, 0, 1, 0, 0, 4, 0, 0, 1, 0, 0, 1, 0, 0, 1, 0, 1, 0, : 1, 4, 1, 1, 1, 1, 
106: 0, 2, 0, 0, 3, 0, 0, 4, 0, 0, 4, 0, 0, 0, 0, 0, 12, 0, 0, 8, : 2, 3, 4, 4, 12, 8, 
428: 3, 0, 1, 2, 5, 0, 0, 1, 0, 0, 1, 0, 0, 0, 0, 3, 0, 0, 6, 6, : 3, 1, 2, 5, 1, 1, 3, 6, 6, 
464: 0, 1, 0, 1, 0, 0, 1, 0, 0, 0, 0, 0, 1, 0, 1, 0, 9, 5, 1, 1, : 1, 1, 1, 1, 1, 9, 5, 1, 1, 
2: 0, 2, 1, 2, 0, 0, 0, 0, 0, 0, 4, 7, 0, 0, 0, 3, 1, 10, 16, 1, : 2, 1, 2, 4, 7, 3, 1, 10, 16, 1, 
563: 0, 0, 1, 0, 1, 10, 4, 0, 0, 0, 1, 0, 2, 0, 0, 0, 8, 0, 0, 0, : 1, 1, 10, 4, 1, 2, 8, 


52: 0, 0, 0, 0, 0, 5, 0, 0, 1, 2, 0, 0, 3, 0, 0, 0, 0, 1, 1, 4, : 5, 1, 2, 3, 1, 1, 4, 
19: 0, 1, 1, 1, 2, 1, 0, 0, 0, 1, 0, 0, 6, 0, 0, 1, 0, 7, 0, 0, : 1, 1, 1, 2, 1, 1, 6, 1, 7, 
100: 3, 5, 2, 0, 0, 2, 0, 0, 2, 1, 0, 2, 0, 0, 0, 0, 7, 0, 7, 0, : 3, 5, 2, 2, 2, 1, 2, 7, 7, 
241: 0, 6, 1, 0, 1, 0, 0, 0, 1, 0, 0, 2, 0, 4, 0, 3, 0, 0, 0, 0, : 6, 1, 1, 1, 2, 4, 3, 
435: 1, 0, 0, 0, 0, 0, 1, 0, 0, 3, 1, 1, 0, 1, 0, 3, 20, 1, 2, 1, : 1, 1, 3, 1, 1, 1, 3, 20, 1, 2, 1, 
492: 12, 0, 8, 0, 5, 0, 0, 5, 0, 0, 0, 0, 1, 0, 0, 0, 8, 0, 0, 0, : 12, 8, 5, 5, 1, 8, 
346: 0, 0, 0, 0, 2, 1, 0, 0, 1, 1, 0, 3, 1, 0, 0, 0, 0, 0, 0, 2, : 2, 1, 1, 1, 3, 1, 2, 
426: 0, 0, 1, 0, 11, 0, 0, 0, 0, 1, 1, 0, 1, 0, 0, 2, 0, 0, 1, 0, : 1, 11, 1, 1, 1, 2, 1, 
285: 1, 0, 1, 0, 2, 0, 1, 0, 0, 1, 3, 0, 1, 0, 0, 0, 1, 0, 0, 0, : 1, 1, 2, 1, 1, 3, 1, 1, 
256: 0, 0, 0, 17, 0, 2, 0, 6, 1, 7, 0, 0, 0, 0, 0, 0, 1, 0, 5, 1, : 17, 2, 6, 1, 7, 1, 5, 1, 
348: 0, 0, 3, 0, 1, 0, 1, 0, 1, 0, 1, 2, 1, 0, 0, 19, 0, 0, 5, 0, : 3, 1, 1, 1, 1, 2, 1, 19, 5, 
142: 0, 0, 0, 0, 0, 1, 1, 0, 0, 2, 0, 0, 7, 0, 4, 0, 0, 13, 1, 0, : 1, 1, 2, 7, 4, 13, 1, 
91: 0, 0, 2, 0, 0, 0, 5, 0, 1, 0, 0, 1, 1, 0, 0, 0, 1, 0, 1, 0, : 2, 5, 1, 1, 1, 1, 1, 
488: 0, 1, 1, 0, 0, 1, 0, 0, 10, 0, 0, 15, 1, 1, 1, 7, 1, 0, 2, 0, : 1, 1, 1, 10, 15, 1, 1, 1, 7, 1, 2, 
65: 0, 0, 1, 0, 1, 0, 0, 0, 0, 1, 2, 0, 1, 12, 0, 0, 0, 5, 0, 0, : 1, 1, 1, 2, 1, 12, 5, 
73: 0, 2, 0, 0, 1, 3, 0, 1, 0, 1, 9, 0, 0, 5, 0, 0, 0, 0, 1, 0, : 2, 1, 3, 1, 1, 9, 5, 1, 
89: 0, 1, 0, 0, 0, 0, 1, 0, 1, 0, 0, 0, 0, 0, 4, 0, 0, 1, 0, 0, : 1, 1, 1, 4, 1, 
153: 0, 1, 6, 0, 0, 0, 6, 5, 5, 0, 0, 9, 0, 2, 6, 0, 0, 0, 0, 0, : 1, 6, 6, 5, 5, 9, 2, 6, 
250: 0, 0, 1, 0, 2, 11, 11, 0, 0, 4, 0, 0, 0, 0, 2, 1, 0, 0, 0, 16, : 1, 2, 11, 11, 4, 2, 1, 16, 
187: 0, 0, 0, 0, 1, 0, 1, 0, 2, 0, 0, 0, 1, 5, 1, 1, 0, 0, 0, 9, : 1, 1, 2, 1, 5, 1, 1, 9, 
219: 1, 0, 0, 0, 1, 0, 0, 0, 0, 3, 0, 0, 1, 0, 0, 0, 0, 4, 0, 3, : 1, 1, 3, 1, 4, 3, 
472: 0, 2, 2, 0, 0, 8, 0, 8, 0, 1, 0, 0, 1, 1, 0, 0, 0, 0, 0, 0, : 2, 2, 8, 8, 1, 1, 1, 
167: 0, 11, 3, 0, 1, 0, 1, 0, 1, 0, 0, 0, 0, 0, 0, 0, 0, 0, 0, 0, : 11, 3, 1, 1, 1, 
119: 0, 0, 1, 0, 1, 0, 1, 3, 0, 0, 23, 0, 0, 1, 0, 1, 0, 0, 0, 0, : 1, 1, 1, 3, 23, 1, 1, 
85: 0, 8, 1, 5, 2, 0, 1, 0, 1, 11, 0, 1, 0, 3, 0, 0, 0, 4, 0, 1, : 8, 1, 5, 2, 1, 1, 11, 1, 3, 4, 1, 
550: 0, 0, 0, 0, 5, 0, 7, 11, 6, 0, 0, 0, 5, 0, 0, 1, 0, 0, 0, 2, : 5, 7, 11, 6, 5, 1, 2, 
389: 0, 1, 3, 0, 1, 1, 1, 1, 1, 0, 0, 0, 0, 0, 22, 0, 0, 0, 0, 1, : 1, 3, 1, 1, 1, 1, 1, 22, 1, 
546: 22, 0, 1, 0, 0, 1, 0, 0, 4, 0, 0, 0, 1, 0, 0, 1, 0, 4, 1, 0, : 22, 1, 1, 4, 1, 1, 4, 1, 
34: 0, 1, 0, 0, 0, 2, 0, 0, 1, 0, 0, 3, 1, 3, 0, 0, 1, 0, 9, 0, : 1, 2, 1, 3, 1, 3, 1, 9, 
494: 0, 0, 1, 17, 0, 1, 1, 0, 0, 0, 0, 1, 6, 2, 0, 0, 0, 0, 4, 0, : 1, 17, 1, 1, 1, 6, 2, 4, 


308: 1, 0, 2, 1, 0, 3, 0, 1, 0, 0, 0, 0, 0, 13, 0, 17, 0, 0, 0, 0, : 1, 2, 1, 3, 1, 13, 17, 
22: 2, 0, 0, 1, 1, 1, 1, 0, 0, 0, 0, 4, 0, 1, 12, 0, 0, 0, 0, 0, : 2, 1, 1, 1, 1, 4, 1, 12, 
367: 0, 0, 0, 0, 0, 1, 0, 1, 0, 15, 4, 0, 0, 0, 1, 0, 0, 0, 1, 0, : 1, 1, 15, 4, 1, 1, 
422: 0, 0, 0, 1, 5, 1, 0, 0, 0, 9, 0, 0, 7, 2, 1, 0, 1, 0, 0, 2, : 1, 5, 1, 9, 7, 2, 1, 1, 2, 
542: 1, 0, 1, 1, 1, 1, 1, 1, 0, 0, 3, 0, 0, 0, 0, 0, 1, 0, 16, 21, : 1, 1, 1, 1, 1, 1, 1, 3, 1, 16, 21, 
557: 0, 1, 1, 0, 1, 3, 0, 0, 0, 0, 0, 0, 0, 2, 0, 1, 0, 11, 4, 0, : 1, 1, 1, 3, 2, 1, 11, 4, 
307: 2, 2, 8, 0, 1, 0, 0, 0, 0, 0, 0, 0, 2, 0, 0, 0, 0, 4, 0, 1, : 2, 2, 8, 1, 2, 4, 1, 
13: 1, 1, 0, 1, 9, 0, 0, 0, 0, 0, 1, 0, 0, 0, 0, 3, 1, 0, 0, 1, : 1, 1, 1, 9, 1, 3, 1, 1, 
193: 1, 1, 0, 0, 7, 0, 0, 0, 0, 6, 2, 0, 0, 0, 4, 0, 1, 0, 1, 4, : 1, 1, 7, 6, 2, 4, 1, 1, 4, 
242: 0, 1, 3, 0, 0, 1, 25, 0, 0, 0, 0, 0, 0, 0, 0, 0, 5, 0, 0, 0, : 1, 3, 1, 25, 5, 
502: 1, 8, 2, 0, 0, 0, 0, 0, 0, 0, 2, 0, 0, 1, 1, 0, 3, 1, 0, 0, : 1, 8, 2, 2, 1, 1, 3, 1, 
26: 0, 3, 1, 1, 0, 0, 0, 0, 0, 0, 0, 0, 0, 8, 0, 0, 1, 0, 0, 0, : 3, 1, 1, 8, 1, 
248: 0, 1, 0, 0, 0, 0, 0, 0, 17, 0, 15, 0, 0, 0, 0, 0, 1, 0, 10, 0, : 1, 17, 15, 1, 10, 
369: 7, 0, 0, 2, 0, 1, 3, 1, 0, 1, 0, 0, 0, 0, 0, 0, 0, 0, 0, 0, : 7, 2, 1, 3, 1, 1, 
355: 0, 5, 5, 0, 1, 1, 0, 2, 0, 0, 0, 0, 0, 0, 2, 0, 1, 0, 0, 0, : 5, 5, 1, 1, 2, 2, 1, 
11: 20, 1, 0, 0, 0, 4, 0, 0, 0, 0, 0, 2, 0, 0, 1, 0, 2, 0, 0, 0, : 20, 1, 4, 2, 1, 2, 
192: 0, 3, 0, 0, 1, 4, 0, 0, 0, 0, 2, 0, 0, 1, 1, 0, 1, 0, 0, 1, : 3, 1, 4, 2, 1, 1, 1, 1, 
7: 0, 0, 1, 5, 0, 3, 3, 0, 0, 7, 3, 0, 0, 3, 0, 0, 0, 0, 1, 0, : 1, 5, 3, 3, 7, 3, 3, 1, 
318: 1, 0, 1, 0, 1, 0, 2, 0, 0, 1, 0, 0, 11, 1, 2, 0, 1, 0, 0, 6, : 1, 1, 1, 2, 1, 11, 1, 2, 1, 6, 
333: 0, 2, 3, 0, 1, 0, 0, 0, 0, 0, 0, 0, 8, 0, 1, 0, 0, 0, 0, 0, : 2, 3, 1, 8, 1, 
325: 0, 0, 1, 7, 0, 4, 0, 0, 23, 0, 0, 0, 0, 0, 0, 0, 1, 0, 0, 2, : 1, 7, 4, 23, 1, 2, 
541: 1, 1, 0, 0, 0, 1, 0, 33, 0, 0, 0, 0, 1, 2, 0, 0, 1, 0, 0, 0, : 1, 1, 1, 33, 1, 2, 1, 
255: 1, 1, 1, 1, 2, 0, 0, 0, 0, 0, 1, 3, 9, 0, 8, 13, 11, 0, 0, 0, : 1, 1, 1, 1, 2, 1, 3, 9, 8, 13, 11, 
507: 0, 1, 4, 0, 1, 0, 0, 0, 0, 0, 0, 0, 2, 0, 0, 0, 2, 0, 0, 0, : 1, 4, 1, 2, 2, 
137: 0, 0, 3, 0, 4, 1, 5, 0, 0, 0, 0, 3, 0, 0, 0, 0, 0, 0, 0, 0, : 3, 4, 1, 5, 3, 
561: 0, 0, 1, 0, 1, 0, 0, 0, 0, 0, 0, 0, 0, 0, 0, 0, 3, 1, 1, 0, : 1, 1, 3, 1, 1, 
529: 0, 0, 1, 0, 0, 9, 0, 0, 0, 0, 0, 0, 0, 2, 3, 6, 1, 0, 0, 0, : 1, 9, 2, 3, 6, 1, 
519: 0, 0, 1, 0, 3, 1, 0, 0, 0, 0, 0, 13, 0, 0, 1, 0, 0, 23, 5, 2, : 1, 3, 1, 13, 1, 23, 5, 2, 
180: 0, 2, 0, 19, 0, 0, 0, 1, 0, 1, 7, 0, 0, 4, 0, 0, 1, 0, 1, 0, : 2, 19, 1, 1, 7, 4, 1, 1, 
29: 1, 6, 0, 0, 0, 0, 0, 0, 0, 0, 0, 15, 0, 0, 2, 0, 1, 0, 0, 0, : 1, 6, 15, 2, 1, 


63: 0, 1, 1, 0, 0, 0, 0, 0, 1, 0, 0, 0, 14, 0, 1, 1, 12, 0, 0, 1, : 1, 1, 1, 14, 1, 1, 12, 1, 
368: 0, 0, 19, 0, 11, 0, 1, 0, 0, 0, 0, 0, 0, 0, 0, 0, 0, 0, 1, 1, : 19, 11, 1, 1, 1, 
152: 2, 0, 0, 0, 1, 0, 6, 0, 0, 2, 1, 0, 1, 0, 1, 0, 0, 1, 0, 3, : 2, 1, 6, 2, 1, 1, 1, 1, 3, 
210: 0, 0, 3, 0, 1, 0, 0, 0, 0, 0, 0, 1, 0, 0, 0, 0, 4, 1, 7, 0, : 3, 1, 1, 4, 1, 7, 
60: 0, 0, 0, 0, 0, 1, 1, 21, 0, 0, 0, 0, 5, 0, 1, 12, 0, 0, 0, 3, : 1, 1, 21, 5, 1, 12, 3, 
458: 0, 0, 1, 0, 0, 0, 5, 0, 0, 0, 6, 12, 1, 0, 0, 9, 1, 0, 0, 6, : 1, 5, 6, 12, 1, 9, 1, 6, 
408: 0, 0, 0, 0, 0, 1, 1, 0, 0, 0, 0, 1, 1, 0, 2, 0, 1, 0, 3, 0, : 1, 1, 1, 1, 2, 1, 3, 
566: 0, 16, 0, 0, 2, 2, 1, 0, 0, 0, 0, 0, 0, 0, 0, 0, 0, 0, 0, 0, : 16, 2, 2, 1, 
424: 2, 14, 1, 0, 1, 1, 1, 0, 0, 0, 0, 0, 0, 0, 0, 0, 0, 4, 1, 3, : 2, 14, 1, 1, 1, 1, 4, 1, 3, 
589: 2, 1, 2, 0, 1, 1, 0, 3, 0, 0, 0, 0, 0, 0, 16, 2, 0, 0, 1, 0, : 2, 1, 2, 1, 1, 3, 16, 2, 1, 
268: 0, 0, 0, 0, 1, 1, 0, 0, 1, 0, 0, 3, 1, 17, 1, 0, 0, 4, 0, 1, : 1, 1, 1, 3, 1, 17, 1, 4, 1, 
493: 0, 0, 0, 0, 1, 19, 1, 0, 0, 1, 0, 0, 0, 23, 0, 4, 1, 0, 0, 0, : 1, 19, 1, 1, 23, 4, 1, 
155: 0, 0, 0, 7, 0, 0, 0, 0, 13, 0, 7, 0, 0, 0, 0, 0, 0, 0, 0, 2, : 7, 13, 7, 2, 
245: 10, 0, 0, 1, 0, 0, 2, 0, 0, 0, 0, 0, 0, 0, 1, 1, 2, 1, 0, 6, : 10, 1, 2, 1, 1, 2, 1, 6, 
66: 0, 0, 1, 0, 0, 0, 0, 0, 0, 4, 1, 10, 5, 0, 0, 0, 1, 2, 6, 0, : 1, 4, 1, 10, 5, 1, 2, 6, 
533: 0, 0, 0, 0, 6, 0, 3, 1, 0, 0, 3, 0, 0, 0, 1, 0, 2, 1, 0, 0, : 6, 3, 1, 3, 1, 2, 1, 
576: 17, 1, 1, 21, 1, 0, 1, 0, 0, 2, 0, 0, 0, 0, 0, 0, 0, 1, 3, 0, : 17, 1, 1, 21, 1, 1, 2, 1, 3, 
345: 5, 0, 0, 0, 0, 0, 1, 0, 3, 1, 0, 0, 0, 0, 0, 0, 1, 0, 0, 1, : 5, 1, 3, 1, 1, 1, 
353: 0, 0, 1, 0, 1, 0, 0, 0, 0, 0, 10, 0, 1, 0, 0, 0, 1, 0, 4, 1, : 1, 1, 10, 1, 1, 4, 1, 
171: 0, 0, 0, 0, 0, 0, 2, 2, 10, 20, 0, 0, 0, 0, 2, 0, 1, 0, 1, 0, : 2, 2, 10, 20, 2, 1, 1, 
238: 0, 0, 9, 0, 4, 0, 0, 0, 1, 0, 1, 1, 0, 0, 0, 9, 0, 8, 5, 0, : 9, 4, 1, 1, 1, 9, 8, 5, 
390: 0, 5, 0, 1, 0, 1, 0, 0, 0, 0, 0, 0, 9, 0, 1, 0, 1, 5, 0, 0, : 5, 1, 1, 9, 1, 1, 5, 
228: 0, 1, 0, 0, 1, 0, 4, 0, 0, 1, 1, 0, 0, 0, 2, 1, 0, 7, 0, 6, : 1, 1, 4, 1, 1, 2, 1, 7, 6, 
124: 0, 0, 0, 0, 5, 1, 5, 0, 0, 0, 1, 0, 0, 0, 5, 0, 0, 0, 0, 1, : 5, 1, 5, 1, 5, 1, 
414: 0, 0, 0, 1, 0, 10, 0, 0, 0, 8, 6, 6, 0, 0, 0, 1, 3, 0, 0, 1, : 1, 10, 8, 6, 6, 1, 3, 1, 
530: 0, 0, 0, 0, 1, 0, 0, 0, 3, 0, 0, 0, 1, 0, 3, 0, 0, 0, 0, 1, : 1, 3, 1, 3, 1, 
17: 1, 0, 0, 1, 1, 1, 1, 13, 0, 0, 0, 1, 0, 0, 2, 0, 0, 5, 1, 0, : 1, 1, 1, 1, 1, 13, 1, 2, 5, 1, 
469: 0, 1, 1, 0, 0, 1, 1, 0, 0, 1, 1, 1, 0, 0, 0, 0, 0, 0, 6, 1, : 1, 1, 1, 1, 1, 1, 1, 6, 1, 
87: 0, 0, 0, 0, 0, 0, 2, 0, 1, 0, 1, 0, 1, 0, 1, 0, 9, 0, 1, 0, : 2, 1, 1, 1, 1, 9, 1, 
127: 1, 0, 0, 8, 1, 0, 1, 0, 7, 0, 1, 4, 0, 0, 0, 0, 0, 0, 0, 2, : 1, 8, 1, 1, 7, 1, 4, 2, 


315: 0, 0, 0, 0, 14, 0, 0, 0, 0, 2, 0, 1, 0, 5, 0, 1, 0, 0, 8, 1, : 14, 2, 1, 5, 1, 8, 1, 
350: 0, 1, 0, 0, 0, 0, 1, 7, 0, 0, 0, 0, 0, 0, 4, 0, 0, 2, 0, 0, : 1, 1, 7, 4, 2, 
543: 0, 1, 1, 0, 0, 0, 0, 0, 7, 6, 0, 1, 0, 0, 0, 0, 0, 5, 0, 0, : 1, 1, 7, 6, 1, 5, 
564: 1, 0, 0, 1, 0, 0, 0, 0, 0, 1, 0, 0, 0, 0, 0, 14, 0, 0, 0, 0, : 1, 1, 1, 14, 
549: 12, 0, 0, 0, 0, 1, 1, 0, 1, 0, 0, 4, 0, 0, 1, 0, 0, 3, 0, 1, : 12, 1, 1, 1, 4, 1, 3, 1, 
434: 1, 0, 0, 0, 0, 0, 3, 0, 2, 1, 0, 1, 0, 0, 0, 2, 0, 1, 0, 0, : 1, 3, 2, 1, 1, 2, 1, 
150: 1, 0, 0, 0, 0, 0, 0, 1, 0, 1, 0, 1, 0, 0, 0, 0, 0, 5, 0, 0, : 1, 1, 1, 1, 5, 
145: 1, 0, 0, 0, 0, 19, 0, 0, 0, 0, 5, 0, 7, 1, 0, 1, 2, 0, 0, 0, : 1, 19, 5, 7, 1, 1, 2, 
46: 3, 0, 0, 10, 0, 18, 0, 4, 0, 0, 0, 5, 0, 5, 0, 1, 0, 0, 0, 2, : 3, 10, 18, 4, 5, 5, 1, 2, 
437: 6, 0, 0, 1, 2, 2, 5, 8, 0, 0, 1, 0, 0, 1, 0, 1, 2, 0, 1, 0, : 6, 1, 2, 2, 5, 8, 1, 1, 1, 2, 1, 
313: 6, 0, 10, 2, 0, 0, 7, 4, 1, 9, 0, 0, 0, 1, 1, 0, 1, 0, 0, 3, : 6, 10, 2, 7, 4, 1, 9, 1, 1, 1, 3, 
101: 1, 0, 0, 0, 0, 0, 7, 1, 0, 1, 1, 4, 0, 3, 0, 0, 0, 0, 0, 0, : 1, 7, 1, 1, 1, 4, 3, 
364: 0, 0, 0, 1, 0, 0, 1, 6, 0, 0, 31, 1, 32, 0, 0, 1, 0, 0, 0, 2, : 1, 1, 6, 31, 1, 32, 1, 2, 
135: 0, 13, 0, 0, 0, 0, 1, 0, 4, 8, 0, 7, 0, 0, 0, 2, 0, 0, 5, 10, : 13, 1, 4, 8, 7, 2, 5, 10, 
175: 0, 0, 0, 0, 0, 0, 2, 0, 1, 0, 0, 0, 0, 2, 0, 0, 0, 0, 1, 0, : 2, 1, 2, 1, 
261: 0, 1, 18, 1, 0, 0, 1, 1, 1, 2, 0, 0, 0, 10, 0, 0, 0, 0, 0, 0, : 1, 18, 1, 1, 1, 1, 2, 10, 
107: 0, 1, 0, 0, 0, 0, 8, 4, 1, 0, 0, 0, 0, 1, 0, 0, 0, 1, 1, 1, : 1, 8, 4, 1, 1, 1, 1, 1, 
453: 1, 0, 0, 0, 0, 0, 0, 0, 4, 0, 0, 10, 0, 0, 0, 4, 3, 0, 0, 0, : 1, 4, 10, 4, 3, 
394: 0, 0, 6, 0, 0, 0, 0, 0, 0, 0, 0, 1, 1, 1, 0, 0, 0, 0, 0, 0, : 6, 1, 1, 1, 
272: 1, 2, 0, 0, 17, 0, 0, 0, 0, 0, 0, 0, 0, 0, 0, 0, 29, 0, 10, 0, : 1, 2, 17, 29, 10, 
23: 2, 0, 0, 15, 1, 0, 0, 0, 1, 0, 0, 1, 0, 1, 0, 0, 0, 0, 5, 0, : 2, 15, 1, 1, 1, 1, 5, 
105: 0, 1, 0, 6, 0, 0, 0, 2, 0, 3, 0, 1, 0, 2, 0, 0, 0, 0, 0, 0, : 1, 6, 2, 3, 1, 2, 
468: 0, 0, 0, 0, 1, 0, 1, 0, 1, 1, 0, 0, 0, 1, 12, 0, 0, 0, 1, 0, : 1, 1, 1, 1, 1, 12, 1, 
165: 0, 3, 2, 0, 0, 0, 0, 1, 0, 1, 0, 0, 0, 0, 0, 3, 0, 22, 0, 1, : 3, 2, 1, 1, 3, 22, 1, 
4: 0, 0, 1, 0, 0, 0, 0, 1, 1, 1, 0, 1, 0, 0, 0, 0, 0, 1, 2, 12, : 1, 1, 1, 1, 1, 1, 2, 12, 
31: 0, 0, 0, 2, 0, 0, 0, 0, 1, 3, 0, 0, 0, 0, 0, 2, 0, 0, 1, 0, : 2, 1, 3, 2, 1, 
495: 2, 17, 2, 0, 1, 0, 0, 0, 0, 0, 0, 0, 0, 1, 0, 6, 0, 0, 5, 0, : 2, 17, 2, 1, 1, 6, 5, 
393: 0, 0, 0, 1, 0, 0, 2, 0, 0, 0, 2, 0, 0, 5, 0, 1, 0, 0, 0, 0, : 1, 2, 2, 5, 1, 
572: 2, 0, 0, 0, 4, 0, 0, 0, 13, 0, 0, 0, 0, 0, 0, 0, 3, 0, 0, 7, : 2, 4, 13, 3, 7, 
240: 0, 0, 0, 0, 0, 0, 0, 0, 1, 0, 0, 1, 0, 0, 22, 1, 0, 0, 0, 0, : 1, 1, 22, 1, 


286: 0, 0, 0, 6, 3, 0, 0, 0, 2, 0, 0, 0, 1, 0, 0, 6, 1, 0, 0, 1, : 6, 3, 2, 1, 6, 1, 1, 
120: 0, 6, 1, 1, 2, 0, 11, 0, 0, 1, 0, 0, 0, 0, 10, 0, 0, 0, 0, 0, : 6, 1, 1, 2, 11, 1, 10, 
380: 1, 0, 1, 1, 0, 0, 0, 0, 0, 0, 1, 0, 0, 2, 2, 0, 1, 0, 1, 6, : 1, 1, 1, 1, 2, 2, 1, 1, 6, 
432: 0, 3, 0, 0, 0, 0, 0, 1, 1, 1, 0, 0, 0, 1, 1, 0, 0, 1, 0, 0, : 3, 1, 1, 1, 1, 1, 1, 
418: 3, 6, 9, 3, 0, 0, 1, 0, 0, 2, 16, 0, 0, 0, 0, 0, 5, 0, 0, 1, : 3, 6, 9, 3, 1, 2, 16, 5, 1, 
429: 0, 0, 0, 0, 0, 0, 1, 2, 0, 0, 0, 0, 0, 1, 0, 0, 3, 0, 1, 0, : 1, 2, 1, 3, 1, 
326: 0, 0, 0, 0, 1, 0, 2, 1, 0, 0, 0, 0, 0, 1, 0, 0, 0, 1, 0, 0, : 1, 2, 1, 1, 1, 
121: 0, 0, 0, 1, 0, 9, 1, 2, 4, 0, 0, 0, 0, 0, 1, 0, 0, 4, 0, 6, : 1, 9, 1, 2, 4, 1, 4, 6, 
213: 2, 1, 0, 0, 0, 0, 1, 0, 0, 0, 5, 6, 1, 0, 4, 0, 9, 0, 3, 0, : 2, 1, 1, 5, 6, 1, 4, 9, 3, 
109: 1, 1, 0, 1, 1, 0, 0, 0, 1, 0, 2, 0, 0, 0, 1, 1, 0, 0, 0, 5, : 1, 1, 1, 1, 1, 2, 1, 1, 5, 
233: 0, 1, 0, 5, 0, 0, 0, 0, 0, 0, 1, 0, 0, 7, 8, 0, 0, 0, 2, 0, : 1, 5, 1, 7, 8, 2, 
384: 0, 0, 0, 0, 0, 0, 0, 5, 1, 0, 4, 0, 0, 2, 0, 8, 0, 2, 10, 0, : 5, 1, 4, 2, 8, 2, 10, 
282: 0, 1, 0, 9, 0, 0, 1, 13, 1, 1, 0, 0, 0, 1, 0, 2, 0, 0, 0, 9, : 1, 9, 1, 13, 1, 1, 1, 2, 9, 
483: 0, 1, 0, 0, 0, 0, 0, 0, 18, 27, 0, 9, 1, 0, 0, 0, 7, 0, 0, 0, : 1, 18, 27, 9, 1, 7, 
582: 0, 0, 0, 0, 1, 0, 8, 1, 10, 0, 0, 7, 0, 0, 0, 0, 0, 0, 0, 0, : 1, 8, 1, 10, 7, 
411: 0, 0, 0, 0, 1, 0, 0, 0, 0, 4, 0, 0, 0, 2, 0, 0, 2, 1, 0, 0, : 1, 4, 2, 2, 1, 
290: 1, 0, 8, 2, 1, 0, 0, 0, 0, 0, 0, 0, 0, 3, 0, 0, 1, 1, 11, 2, : 1, 8, 2, 1, 3, 1, 1, 11, 2, 
427: 0, 1, 0, 0, 0, 0, 0, 0, 0, 4, 0, 0, 0, 7, 7, 0, 0, 0, 0, 0, : 1, 4, 7, 7, 
526: 0, 5, 0, 0, 1, 0, 6, 0, 1, 0, 0, 0, 11, 10, 0, 17, 0, 7, 2, 0, : 5, 1, 6, 1, 11, 10, 17, 7, 2, 
281: 0, 2, 0, 0, 0, 0, 0, 14, 0, 0, 1, 0, 1, 0, 0, 0, 3, 18, 0, 1, : 2, 14, 1, 1, 3, 18, 1, 
361: 0, 3, 14, 1, 0, 19, 0, 0, 0, 0, 0, 0, 0, 2, 0, 5, 1, 4, 8, 6, : 3, 14, 1, 19, 2, 5, 1, 4, 8, 6, 
344: 0, 1, 2, 0, 1, 0, 0, 0, 1, 0, 0, 0, 1, 0, 0, 0, 0, 0, 0, 1, : 1, 2, 1, 1, 1, 1, 
338: 0, 1, 0, 4, 0, 0, 1, 0, 0, 0, 0, 0, 0, 0, 0, 0, 0, 0, 0, 0, : 1, 4, 1, 
298: 31, 6, 0, 0, 0, 0, 6, 0, 0, 0, 0, 1, 0, 0, 1, 0, 0, 0, 1, 0, : 31, 6, 6, 1, 1, 1, 
379: 0, 1, 0, 0, 0, 0, 0, 0, 0, 0, 0, 15, 0, 1, 0, 0, 0, 0, 0, 0, : 1, 15, 1, 
451: 0, 0, 5, 1, 26, 0, 0, 0, 0, 0, 0, 0, 23, 0, 0, 0, 0, 0, 0, 0, : 5, 1, 26, 23, 
491: 0, 0, 0, 0, 1, 0, 1, 0, 0, 0, 0, 2, 1, 0, 0, 0, 0, 0, 0, 1, : 1, 1, 2, 1, 1, 
27: 1, 0, 0, 1, 1, 12, 0, 1, 0, 0, 7, 0, 0, 0, 4, 1, 4, 0, 0, 0, : 1, 1, 1, 12, 1, 7, 4, 1, 4, 
413: 0, 0, 0, 1, 0, 0, 0, 0, 0, 0, 3, 0, 0, 0, 0, 0, 1, 1, 0, 0, : 1, 3, 1, 1, 
173: 0, 0, 0, 3, 0, 0, 0, 0, 0, 0, 0, 0, 0, 0, 1, 0, 2, 0, 1, 1, : 3, 1, 2, 1, 1, 


407: 0, 0, 12, 0, 0, 0, 0, 0, 0, 0, 0, 0, 0, 2, 4, 22, 3, 0, 7, 0, : 12, 2, 4, 22, 3, 7, 
1: 0, 0, 2, 1, 0, 3, 0, 0, 5, 1, 0, 1, 0, 0, 0, 0, 0, 0, 0, 0, : 2, 1, 3, 5, 1, 1, 
293: 0, 0, 0, 0, 6, 2, 6, 0, 0, 0, 0, 1, 0, 0, 2, 0, 0, 0, 0, 0, : 6, 2, 6, 1, 2, 
284: 8, 4, 0, 0, 3, 3, 0, 4, 0, 0, 0, 0, 0, 0, 1, 0, 0, 0, 0, 0, : 8, 4, 3, 3, 4, 1, 
147: 0, 3, 0, 0, 0, 0, 0, 0, 0, 8, 8, 0, 14, 0, 0, 1, 0, 0, 0, 0, : 3, 8, 8, 14, 1, 
555: 12, 0, 0, 0, 5, 0, 0, 0, 1, 0, 0, 0, 0, 1, 0, 1, 0, 9, 6, 0, : 12, 5, 1, 1, 1, 9, 6, 
431: 1, 0, 0, 9, 4, 0, 0, 2, 2, 1, 0, 4, 0, 2, 0, 0, 1, 1, 0, 0, : 1, 9, 4, 2, 2, 1, 4, 2, 1, 1, 
14: 0, 0, 0, 0, 1, 0, 0, 0, 8, 0, 14, 0, 0, 0, 1, 3, 0, 8, 0, 0, : 1, 8, 14, 1, 3, 8, 
581: 0, 0, 0, 12, 5, 3, 0, 0, 0, 0, 2, 0, 0, 19, 0, 0, 0, 0, 0, 1, : 12, 5, 3, 2, 19, 1, 
556: 1, 0, 0, 0, 0, 0, 0, 3, 0, 0, 0, 0, 7, 0, 0, 0, 1, 16, 0, 0, : 1, 3, 7, 1, 16, 
183: 1, 0, 0, 0, 1, 0, 1, 0, 13, 0, 0, 0, 0, 0, 0, 0, 0, 0, 0, 0, : 1, 1, 1, 13, 
358: 0, 15, 0, 0, 1, 0, 0, 12, 0, 2, 0, 1, 0, 1, 1, 2, 0, 0, 0, 0, : 15, 1, 12, 2, 1, 1, 1, 2, 
508: 0, 0, 0, 0, 0, 0, 0, 0, 0, 6, 10, 1, 0, 0, 1, 0, 1, 0, 0, 0, : 6, 10, 1, 1, 1, 
371: 1, 0, 1, 0, 0, 0, 1, 0, 4, 13, 0, 0, 2, 0, 0, 0, 2, 0, 1, 0, : 1, 1, 1, 4, 13, 2, 2, 1, 
359: 0, 2, 0, 0, 0, 2, 0, 4, 0, 0, 0, 1, 0, 2, 3, 1, 0, 2, 0, 0, : 2, 2, 4, 1, 2, 3, 1, 2, 
191: 0, 0, 0, 0, 1, 6, 0, 3, 1, 0, 0, 5, 1, 0, 0, 0, 3, 0, 0, 0, : 1, 6, 3, 1, 5, 1, 3, 
239: 0, 0, 8, 0, 2, 0, 4, 0, 1, 0, 0, 0, 0, 0, 0, 7, 0, 0, 0, 0, : 8, 2, 4, 1, 7, 
257: 1, 0, 0, 6, 0, 2, 0, 0, 0, 1, 0, 1, 0, 0, 0, 0, 1, 0, 0, 0, : 1, 6, 2, 1, 1, 1, 
234: 10, 0, 5, 0, 0, 0, 1, 0, 0, 1, 0, 2, 6, 0, 0, 0, 0, 0, 0, 0, : 10, 5, 1, 1, 2, 6, 
329: 0, 0, 3, 0, 1, 0, 10, 1, 0, 0, 3, 0, 0, 0, 0, 0, 0, 0, 0, 0, : 3, 1, 10, 1, 3, 
224: 0, 0, 0, 1, 0, 3, 0, 0, 0, 0, 1, 0, 0, 11, 0, 0, 0, 0, 0, 0, : 1, 3, 1, 11, 
396: 2, 0, 0, 10, 1, 2, 2, 0, 2, 1, 0, 0, 10, 1, 2, 1, 1, 0, 0, 0, : 2, 10, 1, 2, 2, 2, 1, 10, 1, 2, 1, 1, 
61: 0, 10, 0, 0, 1, 0, 0, 0, 0, 0, 0, 2, 0, 0, 4, 0, 0, 4, 0, 0, : 10, 1, 2, 4, 4, 
412: 0, 0, 0, 0, 0, 2, 0, 2, 2, 1, 0, 0, 0, 0, 0, 1, 23, 0, 0, 0, : 2, 2, 2, 1, 1, 23, 
156: 0, 1, 0, 0, 0, 0, 0, 7, 0, 0, 1, 9, 0, 0, 0, 0, 3, 0, 0, 0, : 1, 7, 1, 9, 3, 
97: 0, 0, 5, 0, 0, 5, 1, 1, 0, 4, 0, 3, 0, 0, 3, 0, 0, 0, 26, 39, : 5, 5, 1, 1, 4, 3, 3, 26, 39, 
445: 2, 0, 3, 0, 0, 1, 0, 0, 0, 0, 0, 8, 0, 0, 6, 0, 0, 0, 0, 0, : 2, 3, 1, 8, 6, 
115: 1, 4, 0, 0, 1, 3, 0, 0, 0, 0, 0, 0, 0, 0, 5, 0, 1, 0, 0, 0, : 1, 4, 1, 3, 5, 1, 
370: 0, 0, 1, 1, 0, 2, 14, 0, 1, 0, 1, 0, 0, 1, 3, 0, 0, 0, 0, 0, : 1, 1, 2, 14, 1, 1, 1, 3, 
316: 0, 1, 0, 0, 7, 1, 0, 1, 0, 1, 0, 1, 0, 0, 4, 1, 0, 0, 0, 0, : 1, 7, 1, 1, 1, 1, 4, 1, 


535: 1, 0, 0, 0, 0, 0, 0, 5, 0, 0, 1, 0, 16, 0, 0, 14, 0, 0, 0, 0, : 1, 5, 1, 16, 14, 
138: 0, 0, 0, 6, 1, 0, 0, 11, 0, 1, 0, 0, 0, 0, 0, 0, 0, 0, 0, 0, : 6, 1, 11, 1, 
474: 1, 0, 0, 0, 1, 1, 0, 0, 1, 0, 9, 9, 5, 0, 0, 1, 0, 0, 0, 0, : 1, 1, 1, 1, 9, 9, 5, 1, 
398: 0, 0, 0, 0, 0, 0, 7, 0, 2, 0, 1, 0, 1, 0, 2, 0, 23, 0, 8, 0, : 7, 2, 1, 1, 2, 23, 8, 
528: 0, 3, 0, 0, 0, 2, 0, 1, 0, 0, 1, 0, 0, 0, 0, 0, 0, 0, 1, 1, : 3, 2, 1, 1, 1, 1, 
149: 3, 1, 0, 0, 1, 2, 0, 1, 0, 2, 0, 0, 0, 0, 0, 0, 6, 0, 0, 0, : 3, 1, 1, 2, 1, 2, 6, 
30: 0, 0, 0, 0, 1, 1, 0, 0, 0, 0, 0, 0, 0, 0, 0, 0, 5, 0, 0, 0, : 1, 1, 5, 
21: 0, 0, 0, 4, 0, 1, 6, 0, 0, 6, 5, 0, 0, 0, 0, 4, 0, 0, 0, 0, : 4, 1, 6, 6, 5, 4, 
94: 0, 0, 10, 0, 1, 1, 0, 0, 0, 4, 0, 0, 0, 0, 0, 0, 0, 0, 0, 0, : 10, 1, 1, 4, 
587: 0, 1, 0, 0, 1, 0, 0, 2, 0, 0, 1, 0, 1, 0, 0, 3, 0, 0, 0, 0, : 1, 1, 2, 1, 1, 3, 
159: 10, 0, 0, 0, 0, 0, 0, 0, 7, 0, 0, 0, 0, 0, 0, 0, 0, 0, 0, 0, : 10, 7, 
253: 0, 0, 0, 1, 1, 0, 0, 2, 0, 2, 0, 0, 0, 9, 0, 1, 0, 0, 0, 0, : 1, 1, 2, 2, 9, 1, 
466: 0, 0, 0, 2, 6, 0, 0, 0, 0, 0, 2, 0, 0, 3, 0, 0, 0, 1, 0, 0, : 2, 6, 2, 3, 1, 
123: 0, 0, 0, 0, 9, 1, 0, 0, 7, 1, 5, 0, 0, 0, 0, 0, 1, 0, 4, 0, : 9, 1, 7, 1, 5, 1, 4, 
186: 0, 0, 1, 0, 0, 0, 0, 0, 1, 0, 0, 0, 0, 0, 0, 3, 1, 0, 0, 0, : 1, 1, 3, 1, 
25: 1, 1, 0, 0, 7, 12, 1, 1, 0, 0, 0, 0, 0, 0, 0, 1, 0, 0, 2, 0, : 1, 1, 7, 12, 1, 1, 1, 2, 
163: 2, 0, 11, 0, 1, 0, 0, 0, 0, 1, 0, 0, 0, 0, 0, 0, 0, 8, 1, 0, : 2, 11, 1, 1, 8, 1, 
590: 1, 4, 1, 10, 0, 0, 18, 0, 0, 0, 0, 0, 0, 0, 0, 0, 0, 0, 0, 5, : 1, 4, 1, 10, 18, 5, 
39: 0, 28, 8, 1, 0, 0, 0, 1, 0, 0, 0, 0, 0, 5, 0, 0, 0, 0, 20, 3, : 28, 8, 1, 1, 5, 20, 3, 
439: 0, 1, 0, 13, 0, 1, 4, 0, 0, 0, 4, 0, 1, 0, 0, 0, 0, 1, 1, 0, : 1, 13, 1, 4, 4, 1, 1, 1, 
126: 2, 0, 0, 0, 0, 0, 0, 1, 2, 0, 0, 1, 0, 0, 0, 1, 0, 0, 0, 0, : 2, 1, 2, 1, 1, 
441: 0, 0, 0, 2, 0, 5, 0, 3, 0, 1, 3, 1, 9, 0, 0, 0, 0, 15, 0, 0, : 2, 5, 3, 1, 3, 1, 9, 15, 
207: 0, 0, 3, 0, 1, 2, 0, 1, 0, 0, 4, 1, 6, 0, 0, 11, 0, 0, 0, 0, : 3, 1, 2, 1, 4, 1, 6, 11, 
258: 0, 0, 1, 0, 1, 1, 0, 0, 9, 0, 0, 0, 0, 3, 0, 0, 0, 13, 0, 2, : 1, 1, 1, 9, 3, 13, 2, 
496: 0, 0, 5, 0, 0, 1, 4, 0, 0, 0, 0, 0, 0, 0, 0, 0, 0, 0, 0, 3, : 5, 1, 4, 3, 
405: 0, 0, 0, 0, 0, 2, 0, 0, 1, 0, 0, 0, 0, 0, 0, 0, 1, 0, 0, 5, : 2, 1, 1, 5, 
10: 1, 1, 0, 0, 6, 4, 0, 0, 5, 5, 0, 1, 1, 0, 36, 0, 1, 1, 1, 0, : 1, 1, 6, 4, 5, 5, 1, 1, 36, 1, 1, 1, 
514: 18, 0, 0, 0, 0, 0, 0, 10, 2, 16, 0, 26, 0, 17, 2, 0, 1, 1, 0, 11, : 18, 10, 2, 16, 26, 17, 2, 1, 1, 11, 
229: 0, 0, 0, 0, 1, 1, 0, 0, 3, 1, 4, 1, 0, 3, 0, 0, 1, 0, 1, 9, : 1, 1, 3, 1, 4, 1, 3, 1, 1, 9, 
110: 0, 0, 0, 1, 1, 2, 0, 1, 0, 0, 0, 0, 0, 0, 0, 1, 0, 0, 1, 1, : 1, 1, 2, 1, 1, 1, 1, 


129: 0, 0, 1, 0, 0, 0, 0, 1, 0, 0, 1, 0, 2, 0, 1, 1, 1, 0, 1, 2, : 1, 1, 1, 2, 1, 1, 1, 1, 2, 
334: 0, 1, 0, 0, 0, 0, 0, 0, 0, 0, 1, 0, 1, 0, 0, 0, 0, 0, 0, 1, : 1, 1, 1, 1, 
271: 0, 1, 0, 4, 0, 7, 0, 0, 1, 0, 8, 0, 2, 0, 1, 2, 4, 0, 1, 1, : 1, 4, 7, 1, 8, 2, 1, 2, 4, 1, 1, 
524: 0, 1, 0, 0, 0, 0, 0, 2, 0, 0, 1, 1, 0, 1, 0, 0, 0, 0, 0, 0, : 1, 2, 1, 1, 1, 
9: 0, 0, 0, 6, 0, 0, 0, 0, 0, 0, 0, 0, 0, 0, 30, 10, 1, 1, 0, 1, : 6, 30, 10, 1, 1, 1, 
392: 0, 0, 0, 0, 0, 1, 2, 1, 0, 1, 6, 1, 0, 0, 0, 0, 0, 0, 0, 1, : 1, 2, 1, 1, 6, 1, 1, 
433: 0, 0, 0, 0, 0, 0, 0, 1, 17, 0, 2, 0, 2, 0, 0, 0, 0, 0, 1, 0, : 1, 17, 2, 2, 1, 
450: 0, 0, 0, 0, 4, 0, 3, 0, 1, 0, 1, 1, 0, 0, 0, 0, 0, 0, 0, 1, : 4, 3, 1, 1, 1, 1, 
291: 0, 0, 1, 0, 1, 0, 0, 1, 0, 0, 5, 3, 0, 0, 0, 0, 0, 5, 1, 0, : 1, 1, 1, 5, 3, 5, 1, 
481: 0, 0, 0, 2, 0, 0, 7, 0, 0, 0, 0, 0, 3, 0, 0, 0, 7, 0, 0, 5, : 2, 7, 3, 7, 5, 
498: 0, 1, 0, 1, 0, 0, 1, 1, 5, 0, 1, 0, 0, 3, 0, 0, 1, 0, 5, 1, : 1, 1, 1, 1, 5, 1, 3, 1, 5, 1, 
103: 0, 0, 0, 0, 0, 2, 1, 1, 1, 0, 0, 1, 0, 1, 0, 0, 0, 1, 0, 0, : 2, 1, 1, 1, 1, 1, 1, 
323: 0, 2, 0, 8, 0, 8, 0, 0, 0, 0, 0, 3, 2, 1, 0, 20, 0, 0, 1, 0, : 2, 8, 8, 3, 2, 1, 20, 1, 
160: 0, 0, 0, 0, 0, 0, 0, 0, 0, 0, 1, 4, 1, 17, 0, 0, 0, 0, 0, 0, : 1, 4, 1, 17, 
50: 22, 1, 0, 0, 23, 1, 0, 0, 0, 1, 1, 0, 8, 0, 0, 0, 0, 0, 2, 1, : 22, 1, 23, 1, 1, 1, 8, 2, 1, 
579: 1, 0, 0, 5, 0, 0, 1, 4, 0, 6, 1, 0, 1, 2, 0, 0, 0, 0, 2, 4, : 1, 5, 1, 4, 6, 1, 1, 2, 2, 4, 
278: 0, 3, 3, 4, 4, 1, 0, 0, 0, 13, 1, 0, 0, 0, 0, 0, 1, 0, 0, 1, : 3, 3, 4, 4, 1, 13, 1, 1, 1, 
327: 1, 0, 4, 0, 0, 0, 0, 1, 0, 0, 0, 0, 0, 0, 0, 0, 0, 33, 0, 2, : 1, 4, 1, 33, 2, 
189: 4, 0, 5, 0, 5, 1, 0, 1, 8, 0, 1, 0, 1, 1, 0, 0, 0, 0, 0, 2, : 4, 5, 5, 1, 1, 8, 1, 1, 1, 2, 
354: 0, 0, 0, 0, 0, 0, 1, 4, 1, 0, 0, 20, 1, 1, 0, 1, 0, 0, 2, 1, : 1, 4, 1, 20, 1, 1, 1, 2, 1, 
44: 0, 0, 1, 4, 1, 0, 2, 1, 3, 0, 0, 0, 0, 0, 0, 1, 0, 0, 0, 1, : 1, 4, 1, 2, 1, 3, 1, 1, 
597: 0, 0, 2, 0, 0, 0, 21, 0, 0, 1, 0, 4, 1, 3, 1, 0, 0, 0, 0, 0, : 2, 21, 1, 4, 1, 3, 1, 
462: 0, 0, 0, 1, 0, 1, 1, 5, 0, 1, 2, 0, 1, 1, 0, 0, 0, 0, 1, 6, : 1, 1, 1, 5, 1, 2, 1, 1, 1, 6, 
178: 2, 29, 15, 1, 1, 0, 0, 0, 1, 5, 1, 0, 6, 0, 5, 0, 4, 0, 0, 4, : 2, 29, 15, 1, 1, 1, 5, 1, 6, 5, 4, 4, 
598: 0, 0, 7, 0, 1, 0, 0, 13, 0, 0, 1, 0, 0, 0, 0, 1, 0, 0, 0, 1, : 7, 1, 13, 1, 1, 1, 
312: 10, 1, 0, 0, 0, 15, 0, 1, 0, 11, 0, 0, 1, 9, 1, 0, 15, 0, 1, 1, : 10, 1, 15, 1, 11, 1, 9, 1, 15, 1, 1, 
32: 0, 0, 0, 1, 0, 0, 0, 1, 0, 0, 4, 2, 0, 0, 0, 1, 0, 0, 2, 0, : 1, 1, 4, 2, 1, 2, 
459: 0, 0, 0, 0, 0, 1, 0, 0, 2, 0, 1, 0, 0, 0, 0, 0, 2, 0, 20, 0, : 1, 2, 1, 2, 20, 
116: 0, 0, 0, 3, 0, 0, 0, 0, 0, 0, 0, 0, 0, 0, 0, 1, 4, 0, 0, 2, : 3, 1, 4, 2, 
517: 0, 0, 1, 0, 0, 2, 0, 1, 0, 1, 0, 0, 7, 0, 1, 2, 0, 0, 0, 1, : 1, 2, 1, 1, 7, 1, 2, 1, 


139: 0, 2, 0, 1, 0, 3, 2, 0, 0, 0, 4, 0, 0, 0, 0, 0, 0, 0, 2, 4, : 2, 1, 3, 2, 4, 2, 4, 
179: 0, 0, 0, 2, 3, 3, 0, 3, 3, 0, 2, 22, 1, 0, 3, 2, 1, 0, 0, 0, : 2, 3, 3, 3, 3, 2, 22, 1, 3, 2, 1, 
485: 3, 1, 2, 21, 0, 0, 32, 0, 1, 1, 4, 0, 0, 0, 0, 1, 0, 0, 5, 7, : 3, 1, 2, 21, 32, 1, 1, 4, 1, 5, 7, 
569: 32, 0, 0, 0, 5, 0, 0, 0, 0, 0, 0, 0, 0, 0, 0, 0, 1, 1, 0, 1, : 32, 5, 1, 1, 1, 
269: 0, 2, 8, 0, 1, 0, 0, 0, 0, 3, 0, 0, 0, 0, 1, 0, 1, 1, 0, 0, : 2, 8, 1, 3, 1, 1, 1, 
306: 0, 0, 0, 0, 0, 1, 0, 0, 0, 0, 1, 0, 0, 0, 6, 1, 0, 0, 0, 3, : 1, 1, 6, 1, 3, 
199: 0, 0, 0, 2, 7, 0, 0, 3, 0, 0, 5, 0, 0, 1, 16, 4, 0, 1, 0, 0, : 2, 7, 3, 5, 1, 16, 4, 1, 
506: 0, 0, 5, 1, 2, 0, 4, 0, 1, 0, 1, 11, 0, 1, 0, 0, 0, 0, 0, 0, : 5, 1, 2, 4, 1, 1, 11, 1, 
586: 1, 0, 5, 0, 0, 1, 0, 1, 0, 0, 0, 0, 0, 0, 0, 7, 0, 32, 0, 1, : 1, 5, 1, 1, 7, 32, 1, 
43: 0, 8, 0, 0, 0, 0, 0, 0, 0, 1, 6, 0, 0, 20, 0, 0, 0, 0, 0, 1, : 8, 1, 6, 20, 1, 
172: 0, 7, 0, 0, 1, 0, 0, 0, 6, 0, 0, 0, 0, 0, 1, 0, 21, 0, 0, 1, : 7, 1, 6, 1, 21, 1, 
539: 0, 0, 0, 10, 4, 0, 0, 0, 2, 0, 0, 1, 0, 0, 0, 1, 0, 0, 0, 1, : 10, 4, 2, 1, 1, 1, 
194: 0, 0, 1, 0, 1, 0, 0, 1, 1, 0, 1, 0, 0, 0, 0, 0, 0, 0, 3, 0, : 1, 1, 1, 1, 1, 3, 
96: 0, 6, 0, 0, 1, 12, 1, 2, 0, 0, 1, 0, 0, 1, 1, 0, 0, 0, 1, 3, : 6, 1, 12, 1, 2, 1, 1, 1, 1, 3, 
511: 0, 0, 0, 0, 2, 0, 0, 0, 1, 0, 1, 0, 0, 0, 1, 0, 0, 0, 0, 0, : 2, 1, 1, 1, 
584: 0, 0, 1, 0, 0, 0, 0, 0, 1, 1, 2, 0, 1, 1, 0, 0, 0, 0, 0, 1, : 1, 1, 1, 2, 1, 1, 1, 
51: 0, 7, 1, 0, 1, 0, 0, 1, 0, 0, 0, 0, 0, 0, 3, 0, 3, 0, 0, 0, : 7, 1, 1, 1, 3, 3, 
182: 0, 2, 15, 0, 0, 1, 0, 0, 0, 0, 0, 1, 1, 1, 0, 0, 1, 2, 0, 3, : 2, 15, 1, 1, 1, 1, 1, 2, 3, 
102: 0, 0, 0, 0, 2, 1, 0, 0, 1, 0, 0, 2, 0, 2, 0, 0, 1, 0, 0, 0, : 2, 1, 1, 2, 2, 1, 
68: 0, 0, 1, 0, 0, 2, 0, 5, 0, 0, 1, 0, 0, 2, 1, 0, 1, 0, 1, 0, : 1, 2, 5, 1, 2, 1, 1, 1, 
573: 0, 0, 0, 0, 0, 1, 0, 0, 1, 0, 1, 1, 0, 0, 0, 0, 0, 0, 0, 5, : 1, 1, 1, 1, 5, 
423: 0, 0, 0, 0, 0, 1, 0, 4, 2, 0, 1, 0, 0, 0, 1, 1, 1, 1, 0, 1, : 1, 4, 2, 1, 1, 1, 1, 1, 1, 
378: 0, 2, 0, 0, 0, 0, 0, 0, 0, 0, 4, 0, 6, 1, 0, 0, 0, 1, 0, 2, : 2, 4, 6, 1, 1, 2, 
45: 0, 0, 0, 0, 1, 0, 0, 3, 1, 0, 1, 0, 21, 0, 0, 5, 0, 0, 8, 1, : 1, 3, 1, 1, 21, 5, 8, 1, 
297: 0, 1, 0, 0, 0, 6, 0, 2, 1, 0, 0, 0, 0, 0, 0, 3, 5, 0, 0, 0, : 1, 6, 2, 1, 3, 5, 
565: 4, 0, 0, 0, 0, 3, 1, 0, 1, 0, 2, 1, 0, 1, 0, 0, 0, 0, 20, 1, : 4, 3, 1, 1, 2, 1, 1, 20, 1, 
151: 0, 0, 0, 2, 0, 4, 0, 2, 0, 12, 1, 0, 0, 2, 0, 0, 0, 0, 0, 1, : 2, 4, 2, 12, 1, 2, 1, 
113: 0, 0, 0, 0, 9, 0, 0, 1, 1, 0, 1, 1, 0, 0, 0, 0, 0, 1, 0, 3, : 9, 1, 1, 1, 1, 1, 3, 
230: 0, 1, 1, 1, 0, 0, 0, 11, 0, 12, 0, 0, 0, 7, 6, 15, 3, 0, 0, 0, : 1, 1, 1, 11, 12, 7, 6, 15, 3, 
319: 0, 1, 0, 0, 0, 1, 0, 1, 16, 10, 0, 0, 10, 0, 0, 0, 1, 0, 0, 0, : 1, 1, 1, 16, 10, 10, 1, 


221: 0, 0, 1, 0, 0, 0, 0, 0, 0, 0, 0, 0, 0, 1, 0, 9, 5, 2, 0, 0, : 1, 1, 9, 5, 2, 
304: 0, 0, 1, 6, 0, 0, 0, 0, 0, 0, 8, 2, 7, 0, 0, 0, 0, 1, 0, 0, : 1, 6, 8, 2, 7, 1, 
190: 0, 1, 0, 0, 0, 0, 0, 2, 1, 1, 2, 1, 0, 0, 0, 0, 1, 9, 0, 0, : 1, 2, 1, 1, 2, 1, 1, 9, 
243: 0, 0, 0, 0, 0, 0, 0, 8, 0, 0, 7, 5, 0, 0, 0, 0, 0, 0, 2, 4, : 8, 7, 5, 2, 4, 
322: 5, 0, 0, 1, 0, 0, 0, 0, 2, 0, 0, 0, 0, 0, 0, 0, 1, 0, 1, 1, : 5, 1, 2, 1, 1, 1, 
83: 1, 0, 0, 0, 0, 9, 6, 1, 5, 0, 1, 0, 0, 0, 0, 0, 0, 0, 0, 1, : 1, 9, 6, 1, 5, 1, 1, 
504: 0, 0, 1, 0, 0, 1, 0, 1, 1, 0, 0, 0, 1, 1, 0, 0, 0, 1, 3, 2, : 1, 1, 1, 1, 1, 1, 1, 3, 2, 
527: 0, 0, 0, 0, 0, 10, 0, 0, 1, 0, 6, 1, 0, 1, 0, 12, 2, 1, 0, 0, : 10, 1, 6, 1, 1, 12, 2, 1, 
158: 0, 0, 1, 29, 1, 0, 0, 2, 5, 0, 4, 0, 0, 0, 0, 0, 0, 1, 0, 0, : 1, 29, 1, 2, 5, 4, 1, 
599: 3, 0, 0, 0, 0, 0, 0, 0, 0, 11, 1, 0, 1, 0, 0, 0, 1, 1, 0, 2, : 3, 11, 1, 1, 1, 1, 2, 
521: 1, 0, 0, 0, 0, 0, 0, 9, 2, 0, 1, 0, 0, 12, 0, 2, 4, 0, 0, 0, : 1, 9, 2, 1, 12, 2, 4, 
5: 0, 5, 1, 0, 0, 0, 4, 0, 0, 1, 5, 1, 0, 0, 0, 0, 0, 4, 19, 1, : 5, 1, 4, 1, 5, 1, 4, 19, 1, 
217: 0, 2, 4, 0, 0, 0, 4, 8, 2, 0, 1, 0, 0, 16, 0, 0, 1, 1, 0, 2, : 2, 4, 4, 8, 2, 1, 16, 1, 1, 2, 
585: 1, 0, 0, 0, 0, 0, 0, 0, 0, 0, 1, 0, 0, 0, 0, 0, 0, 1, 0, 0, : 1, 1, 1, 
356: 0, 2, 1, 0, 0, 0, 0, 0, 0, 3, 0, 0, 0, 1, 1, 0, 1, 1, 7, 0, : 2, 1, 3, 1, 1, 1, 1, 7, 
452: 2, 1, 0, 0, 0, 0, 10, 4, 0, 0, 0, 0, 0, 0, 0, 0, 0, 1, 1, 1, : 2, 1, 10, 4, 1, 1, 1, 
505: 2, 0, 7, 0, 0, 2, 1, 0, 0, 0, 0, 1, 1, 2, 0, 0, 0, 11, 0, 1, : 2, 7, 2, 1, 1, 1, 2, 11, 1, 
600: 4, 0, 3, 0, 0, 5, 0, 0, 0, 1, 0, 0, 0, 0, 1, 13, 0, 1, 0, 1, : 4, 3, 5, 1, 1, 13, 1, 1, 
299: 0, 0, 0, 0, 0, 0, 4, 0, 0, 0, 0, 1, 0, 0, 8, 2, 0, 0, 1, 1, : 4, 1, 8, 2, 1, 1, 
548: 0, 5, 1, 0, 0, 0, 0, 1, 0, 0, 0, 0, 2, 1, 0, 0, 14, 0, 1, 1, : 5, 1, 1, 2, 1, 14, 1, 1, 
292: 14, 0, 0, 0, 0, 9, 0, 0, 0, 0, 0, 0, 2, 0, 29, 0, 0, 4, 1, 2, : 14, 9, 2, 29, 4, 1, 2, 
79: 0, 4, 1, 1, 0, 0, 0, 0, 0, 0, 0, 7, 26, 0, 0, 0, 0, 0, 0, 1, : 4, 1, 1, 7, 26, 1, 
108: 0, 0, 0, 0, 0, 0, 7, 0, 20, 0, 1, 0, 0, 0, 0, 0, 0, 0, 1, 1, : 7, 20, 1, 1, 1, 
36: 1, 0, 0, 0, 0, 1, 2, 0, 0, 0, 1, 0, 0, 0, 0, 0, 0, 0, 1, 2, : 1, 1, 2, 1, 1, 2, 
457: 5, 20, 0, 3, 0, 0, 0, 0, 0, 0, 0, 4, 0, 5, 1, 0, 0, 0, 1, 4, : 5, 20, 3, 4, 5, 1, 1, 4, 
321: 1, 0, 0, 0, 5, 0, 1, 1, 0, 0, 0, 15, 0, 0, 0, 0, 0, 0, 0, 1, : 1, 5, 1, 1, 15, 1, 
402: 0, 0, 0, 0, 0, 3, 1, 0, 0, 0, 0, 0, 0, 0, 0, 0, 1, 0, 1, 0, : 3, 1, 1, 1, 
516: 0, 0, 2, 0, 31, 0, 0, 1, 0, 0, 1, 1, 0, 0, 0, 2, 0, 0, 0, 1, : 2, 31, 1, 1, 1, 2, 1, 
209: 0, 0, 1, 0, 0, 0, 0, 1, 0, 23, 0, 1, 0, 0, 0, 0, 6, 0, 0, 1, : 1, 1, 23, 1, 6, 1, 
88: 0, 0, 15, 0, 3, 0, 0, 1, 1, 0, 0, 0, 0, 0, 0, 0, 3, 0, 0, 9, : 15, 3, 1, 1, 3, 9, 


440: 0, 1, 0, 5, 0, 0, 2, 0, 0, 0, 0, 0, 0, 0, 0, 0, 0, 1, 7, 1, : 1, 5, 2, 1, 7, 1, 
544: 0, 0, 0, 0, 8, 4, 0, 0, 0, 1, 0, 0, 1, 1, 0, 0, 0, 1, 0, 0, : 8, 4, 1, 1, 1, 1, 
518: 1, 23, 0, 0, 0, 0, 0, 0, 22, 0, 0, 2, 14, 3, 0, 23, 0, 0, 3, 0, : 1, 23, 22, 2, 14, 3, 23, 3, 
592: 0, 6, 0, 3, 0, 0, 4, 0, 0, 0, 0, 0, 0, 0, 0, 0, 0, 0, 0, 0, : 6, 3, 4, 
111: 0, 0, 0, 0, 0, 0, 0, 0, 0, 0, 3, 0, 0, 0, 2, 0, 0, 0, 0, 0, : 3, 2, 
71: 3, 0, 0, 1, 0, 0, 1, 0, 1, 3, 0, 0, 0, 0, 1, 0, 0, 1, 0, 0, : 3, 1, 1, 1, 3, 1, 1, 
455: 0, 2, 2, 1, 0, 1, 0, 1, 0, 0, 0, 0, 0, 0, 1, 0, 0, 1, 1, 8, : 2, 2, 1, 1, 1, 1, 1, 1, 8, 
343: 1, 0, 0, 0, 29, 5, 0, 0, 0, 0, 0, 0, 1, 2, 0, 0, 0, 0, 0, 0, : 1, 29, 5, 1, 2, 
99: 1, 0, 0, 0, 0, 0, 0, 0, 1, 3, 0, 4, 1, 0, 0, 0, 0, 0, 0, 2, : 1, 1, 3, 4, 1, 2, 
328: 0, 0, 1, 0, 0, 0, 0, 0, 0, 1, 0, 0, 0, 0, 0, 0, 0, 0, 0, 0, : 1, 1, 
310: 0, 0, 1, 0, 0, 6, 0, 0, 1, 0, 1, 1, 0, 0, 0, 0, 0, 0, 0, 0, : 1, 6, 1, 1, 1, 
161: 0, 0, 0, 0, 0, 0, 3, 1, 0, 0, 1, 0, 6, 0, 0, 0, 0, 0, 0, 4, : 3, 1, 1, 6, 4, 
500: 1, 0, 1, 0, 0, 15, 0, 0, 0, 0, 0, 0, 0, 0, 0, 0, 0, 3, 0, 0, : 1, 1, 15, 3, 
125: 2, 0, 0, 0, 0, 0, 1, 0, 0, 2, 0, 0, 0, 16, 0, 0, 0, 0, 0, 0, : 2, 1, 2, 16, 
205: 0, 0, 5, 11, 1, 0, 0, 1, 0, 1, 0, 0, 1, 2, 0, 0, 1, 0, 0, 0, : 5, 11, 1, 1, 1, 1, 2, 1, 
84: 0, 0, 17, 0, 0, 1, 0, 0, 0, 2, 1, 0, 1, 7, 1, 0, 0, 8, 0, 0, : 17, 1, 2, 1, 1, 7, 1, 8, 
320: 0, 1, 0, 0, 1, 0, 1, 0, 0, 4, 0, 0, 1, 0, 2, 0, 0, 0, 0, 0, : 1, 1, 1, 4, 1, 2, 
33: 2, 0, 1, 1, 0, 3, 0, 0, 1, 1, 0, 0, 0, 0, 19, 0, 0, 0, 0, 0, : 2, 1, 1, 3, 1, 1, 19, 
373: 0, 0, 0, 0, 1, 0, 0, 0, 0, 0, 1, 0, 2, 0, 0, 14, 0, 21, 12, 16, : 1, 1, 2, 14, 21, 12, 16, 
523: 26, 3, 9, 0, 0, 0, 0, 2, 10, 1, 1, 0, 0, 0, 0, 0, 0, 0, 0, 0, : 26, 3, 9, 2, 10, 1, 1, 
324: 0, 0, 0, 0, 0, 0, 0, 0, 0, 1, 0, 0, 0, 1, 1, 0, 0, 0, 0, 0, : 1, 1, 1, 
67: 0, 0, 1, 15, 0, 3, 0, 1, 0, 0, 0, 0, 7, 0, 0, 0, 10, 1, 0, 0, : 1, 15, 3, 1, 7, 10, 1, 
227: 1, 0, 0, 0, 0, 2, 7, 0, 0, 7, 0, 0, 0, 1, 0, 0, 0, 0, 0, 5, : 1, 2, 7, 7, 1, 5, 
168: 0, 2, 0, 0, 0, 0, 0, 0, 0, 1, 0, 0, 1, 5, 0, 1, 0, 0, 0, 0, : 2, 1, 1, 5, 1, 
471: 0, 0, 0, 0, 0, 0, 0, 0, 0, 0, 9, 1, 0, 1, 2, 0, 27, 0, 0, 0, : 9, 1, 1, 2, 27, 
154: 1, 0, 0, 0, 0, 0, 0, 0, 0, 1, 4, 5, 0, 0, 10, 0, 0, 0, 0, 1, : 1, 1, 4, 5, 10, 1, 
53: 1, 0, 1, 0, 0, 0, 4, 34, 0, 9, 16, 0, 1, 1, 1, 1, 0, 0, 0, 2, : 1, 1, 4, 34, 9, 16, 1, 1, 1, 1, 2, 
225: 0, 0, 0, 0, 0, 0, 0, 0, 4, 0, 2, 2, 0, 0, 0, 1, 0, 2, 0, 0, : 4, 2, 2, 1, 2, 
490: 0, 0, 1, 0, 0, 0, 4, 0, 0, 1, 1, 25, 0, 0, 0, 0, 2, 0, 17, 0, : 1, 4, 1, 1, 25, 2, 17, 
266: 0, 2, 0, 3, 0, 0, 13, 0, 0, 1, 0, 0, 3, 0, 0, 0, 0, 1, 0, 1, : 2, 3, 13, 1, 3, 1, 1, 


48: 2, 0, 0, 14, 0, 0, 0, 4, 1, 1, 0, 0, 0, 0, 0, 1, 9, 1, 0, 0, : 2, 14, 4, 1, 1, 1, 9, 1, 
366: 0, 0, 0, 0, 1, 0, 1, 0, 17, 2, 0, 0, 0, 0, 0, 5, 0, 2, 0, 0, : 1, 1, 17, 2, 5, 2, 
114: 1, 14, 0, 0, 0, 0, 1, 0, 0, 0, 1, 8, 1, 0, 0, 0, 0, 0, 0, 5, : 1, 14, 1, 1, 8, 1, 5, 
399: 0, 1, 1, 0, 0, 0, 6, 0, 0, 1, 2, 0, 0, 0, 0, 9, 0, 0, 8, 1, : 1, 1, 6, 1, 2, 9, 8, 1, 
341: 0, 7, 0, 0, 0, 2, 0, 9, 0, 4, 0, 0, 1, 0, 0, 0, 0, 0, 1, 1, : 7, 2, 9, 4, 1, 1, 1, 
275: 1, 0, 1, 5, 0, 3, 0, 0, 4, 0, 0, 0, 0, 0, 7, 2, 0, 0, 0, 1, : 1, 1, 5, 3, 4, 7, 2, 1, 
363: 0, 1, 2, 0, 0, 6, 1, 0, 1, 0, 0, 0, 0, 0, 0, 0, 0, 0, 0, 0, : 1, 2, 6, 1, 1, 
410: 1, 1, 17, 0, 0, 0, 2, 2, 0, 1, 0, 0, 31, 0, 6, 1, 0, 0, 2, 13, : 1, 1, 17, 2, 2, 1, 31, 6, 1, 2, 13, 
212: 0, 0, 0, 0, 0, 0, 0, 1, 0, 4, 10, 0, 0, 0, 0, 0, 0, 0, 1, 0, : 1, 4, 10, 1, 
75: 0, 0, 1, 0, 28, 1, 0, 8, 6, 0, 0, 6, 0, 0, 0, 0, 8, 0, 5, 0, : 1, 28, 1, 8, 6, 6, 8, 5, 
118: 0, 0, 0, 0, 5, 6, 5, 0, 0, 14, 1, 0, 0, 0, 0, 0, 0, 0, 0, 0, : 5, 6, 5, 14, 1, 
311: 0, 0, 3, 0, 0, 0, 0, 0, 0, 1, 0, 0, 0, 0, 0, 0, 0, 2, 13, 5, : 3, 1, 2, 13, 5, 
501: 18, 0, 0, 0, 1, 0, 0, 1, 1, 1, 0, 0, 0, 2, 0, 0, 3, 11, 0, 0, : 18, 1, 1, 1, 1, 2, 3, 11, 
169: 0, 0, 0, 0, 0, 0, 0, 0, 0, 0, 1, 0, 0, 0, 0, 0, 0, 0, 3, 9, : 1, 3, 9, 
170: 0, 0, 0, 0, 1, 1, 1, 0, 0, 1, 1, 3, 0, 0, 0, 0, 0, 8, 0, 0, : 1, 1, 1, 1, 1, 3, 8, 
214: 0, 0, 0, 0, 0, 0, 0, 0, 0, 0, 0, 0, 0, 3, 16, 1, 0, 2, 1, 0, : 3, 16, 1, 2, 1, 
215: 5, 0, 1, 0, 0, 0, 0, 1, 0, 0, 1, 0, 0, 0, 0, 7, 0, 0, 0, 0, : 5, 1, 1, 1, 7, 
591: 0, 0, 0, 0, 0, 0, 0, 5, 1, 1, 0, 0, 0, 0, 0, 2, 0, 0, 0, 1, : 5, 1, 1, 2, 1, 
449: 0, 1, 0, 0, 0, 0, 12, 0, 2, 0, 19, 0, 7, 2, 0, 0, 0, 11, 0, 0, : 1, 12, 2, 19, 7, 2, 11, 
64: 0, 1, 0, 4, 0, 0, 0, 0, 0, 0, 0, 0, 0, 1, 0, 1, 0, 0, 0, 0, : 1, 4, 1, 1, 
387: 3, 0, 0, 3, 0, 0, 0, 0, 0, 1, 0, 4, 0, 0, 1, 0, 0, 0, 1, 0, : 3, 3, 1, 4, 1, 1, 
352: 0, 0, 0, 1, 1, 9, 0, 1, 0, 0, 1, 0, 0, 0, 0, 0, 0, 0, 0, 0, : 1, 1, 9, 1, 1, 
567: 5, 12, 0, 0, 1, 6, 2, 1, 0, 0, 0, 0, 0, 0, 0, 0, 0, 0, 0, 0, : 5, 12, 1, 6, 2, 1, 
397: 0, 1, 1, 0, 0, 0, 0, 0, 5, 0, 0, 0, 0, 13, 0, 3, 0, 0, 1, 0, : 1, 1, 5, 13, 3, 1, 
467: 2, 0, 0, 1, 0, 0, 0, 5, 0, 1, 0, 0, 0, 0, 7, 0, 19, 0, 0, 2, : 2, 1, 5, 1, 7, 19, 2, 
181: 1, 0, 3, 6, 1, 0, 0, 1, 0, 2, 1, 0, 0, 0, 2, 1, 0, 0, 0, 0, : 1, 3, 6, 1, 1, 2, 1, 2, 1, 
419: 1, 0, 0, 6, 1, 0, 0, 0, 2, 1, 0, 0, 0, 19, 0, 0, 1, 2, 0, 1, : 1, 6, 1, 2, 1, 19, 1, 2, 1, 
42: 0, 0, 0, 0, 0, 0, 2, 0, 0, 0, 0, 17, 0, 0, 0, 1, 0, 0, 0, 0, : 2, 17, 1, 
166: 0, 0, 0, 0, 0, 6, 0, 1, 0, 3, 0, 0, 0, 0, 1, 6, 0, 1, 0, 1, : 6, 1, 3, 1, 6, 1, 1, 
381: 0, 1, 10, 0, 0, 0, 7, 0, 0, 1, 2, 2, 0, 0, 0, 0, 0, 0, 4, 0, : 1, 10, 7, 1, 2, 2, 4, 


144: 0, 5, 0, 0, 0, 1, 0, 0, 0, 1, 6, 1, 0, 0, 0, 1, 0, 0, 0, 0, : 5, 1, 1, 6, 1, 1, 
470: 0, 0, 0, 0, 0, 0, 1, 0, 0, 0, 0, 1, 0, 0, 0, 0, 0, 4, 0, 0, : 1, 1, 4, 
251: 0, 0, 0, 0, 0, 1, 0, 0, 0, 0, 0, 0, 0, 2, 0, 2, 0, 2, 0, 0, : 1, 2, 2, 2, 
391: 1, 0, 1, 0, 0, 1, 0, 0, 0, 0, 2, 5, 1, 0, 0, 1, 0, 3, 0, 0, : 1, 1, 1, 2, 5, 1, 1, 3, 
460: 14, 0, 5, 0, 1, 0, 0, 0, 0, 0, 0, 2, 0, 0, 25, 0, 0, 0, 0, 0, : 14, 5, 1, 2, 25, 
593: 0, 1, 20, 1, 0, 5, 0, 0, 0, 1, 0, 2, 1, 1, 0, 0, 0, 0, 0, 0, : 1, 20, 1, 5, 1, 2, 1, 1, 
72: 0, 4, 0, 1, 2, 0, 0, 0, 0, 0, 9, 0, 0, 0, 0, 0, 0, 4, 0, 8, : 4, 1, 2, 9, 4, 8, 
301: 3, 0, 0, 5, 1, 1, 0, 0, 5, 18, 0, 1, 0, 0, 0, 2, 0, 0, 1, 8, : 3, 5, 1, 1, 5, 18, 1, 2, 1, 8, 
594: 0, 3, 0, 2, 1, 8, 0, 0, 0, 0, 0, 3, 2, 0, 0, 0, 0, 1, 0, 1, : 3, 2, 1, 8, 3, 2, 1, 1, 
476: 0, 0, 1, 0, 1, 3, 31, 1, 0, 0, 0, 3, 6, 0, 0, 1, 0, 0, 0, 2, : 1, 1, 3, 31, 1, 3, 6, 1, 2, 
509: 1, 0, 0, 0, 1, 1, 0, 0, 0, 2, 0, 0, 0, 0, 0, 0, 2, 1, 1, 0, : 1, 1, 1, 2, 2, 1, 1, 
477: 0, 0, 0, 0, 0, 1, 1, 0, 0, 6, 0, 0, 1, 16, 0, 0, 0, 1, 15, 0, : 1, 1, 6, 1, 16, 1, 15, 
206: 0, 0, 0, 0, 3, 2, 0, 0, 9, 0, 0, 0, 1, 1, 0, 0, 0, 1, 5, 0, : 3, 2, 9, 1, 1, 1, 5, 
482: 1, 0, 0, 0, 6, 2, 0, 0, 0, 0, 0, 0, 1, 0, 0, 0, 0, 0, 5, 1, : 1, 6, 2, 1, 5, 1, 
360: 1, 0, 0, 0, 0, 0, 0, 0, 0, 4, 0, 0, 2, 1, 0, 9, 0, 2, 8, 0, : 1, 4, 2, 1, 9, 2, 8, 
536: 0, 1, 0, 0, 14, 2, 0, 0, 13, 1, 0, 1, 3, 3, 0, 0, 1, 1, 0, 2, : 1, 14, 2, 13, 1, 1, 3, 3, 1, 1, 2, 
49: 0, 0, 0, 0, 3, 0, 0, 0, 0, 1, 0, 0, 1, 0, 0, 1, 0, 0, 0, 0, : 3, 1, 1, 1, 
267: 1, 2, 2, 0, 1, 1, 0, 0, 1, 0, 0, 6, 0, 13, 15, 1, 1, 3, 0, 0, : 1, 2, 2, 1, 1, 1, 6, 13, 15, 1, 1, 3, 
223: 0, 0, 0, 11, 0, 1, 0, 0, 1, 1, 0, 1, 0, 0, 0, 1, 26, 0, 1, 0, : 11, 1, 1, 1, 1, 1, 26, 1, 
203: 0, 0, 0, 9, 0, 2, 7, 5, 1, 0, 0, 1, 0, 1, 0, 0, 1, 1, 0, 0, : 9, 2, 7, 5, 1, 1, 1, 1, 1, 
489: 10, 5, 0, 0, 1, 0, 0, 0, 3, 1, 0, 0, 3, 1, 0, 5, 1, 4, 0, 0, : 10, 5, 1, 3, 1, 3, 1, 5, 1, 4, 
198: 1, 1, 0, 1, 5, 0, 0, 0, 0, 0, 1, 0, 1, 0, 0, 13, 3, 1, 0, 0, : 1, 1, 1, 5, 1, 1, 13, 3, 1, 
375: 1, 1, 0, 0, 0, 1, 0, 0, 1, 0, 0, 0, 0, 0, 0, 0, 1, 0, 0, 6, : 1, 1, 1, 1, 1, 6, 
570: 3, 0, 0, 0, 0, 2, 0, 0, 0, 0, 22, 12, 7, 0, 0, 1, 1, 4, 0, 0, : 3, 2, 22, 12, 7, 1, 1, 4, 
335: 2, 6, 1, 0, 0, 0, 0, 0, 1, 1, 0, 0, 0, 0, 0, 0, 0, 0, 0, 0, : 2, 6, 1, 1, 1, 
513: 0, 0, 0, 9, 0, 1, 0, 0, 0, 1, 0, 1, 0, 0, 0, 1, 1, 0, 0, 12, : 9, 1, 1, 1, 1, 1, 12, 
69: 0, 0, 10, 0, 0, 0, 0, 0, 0, 1, 0, 0, 5, 0, 0, 0, 0, 2, 4, 0, : 10, 1, 5, 2, 4, 
406: 0, 1, 0, 0, 0, 1, 0, 0, 2, 0, 0, 0, 1, 1, 0, 0, 1, 1, 0, 0, : 1, 1, 2, 1, 1, 1, 1, 
220: 1, 9, 0, 0, 0, 3, 0, 0, 3, 0, 0, 0, 3, 0, 0, 1, 0, 3, 0, 0, : 1, 9, 3, 3, 3, 1, 3, 
484: 0, 1, 0, 1, 0, 0, 0, 34, 0, 1, 0, 0, 1, 0, 0, 0, 1, 1, 0, 0, : 1, 1, 34, 1, 1, 1, 1, 


545: 1, 0, 0, 1, 0, 0, 0, 1, 10, 0, 0, 0, 0, 1, 0, 0, 1, 0, 0, 0, : 1, 1, 1, 10, 1, 1, 
62: 0, 0, 29, 0, 0, 0, 0, 0, 1, 2, 0, 0, 0, 3, 0, 0, 1, 7, 0, 0, : 29, 1, 2, 3, 1, 7, 
174: 0, 0, 0, 0, 0, 3, 0, 0, 1, 0, 1, 13, 0, 0, 0, 0, 0, 0, 0, 0, : 3, 1, 1, 13, 
276: 0, 0, 0, 1, 2, 0, 0, 3, 1, 0, 4, 0, 1, 1, 1, 0, 0, 0, 0, 0, : 1, 2, 3, 1, 4, 1, 1, 1, 
487: 12, 0, 0, 1, 2, 0, 8, 0, 1, 0, 1, 0, 0, 0, 0, 1, 0, 0, 0, 0, : 12, 1, 2, 8, 1, 1, 1, 
54: 0, 0, 0, 1, 0, 0, 0, 0, 0, 0, 0, 0, 1, 3, 0, 0, 1, 1, 0, 0, : 1, 1, 3, 1, 1, 
337: 0, 0, 1, 1, 0, 2, 3, 0, 1, 0, 5, 0, 0, 0, 0, 0, 2, 0, 0, 0, : 1, 1, 2, 3, 1, 5, 2, 
420: 0, 0, 0, 1, 0, 0, 0, 0, 0, 2, 0, 0, 1, 2, 0, 0, 0, 1, 0, 0, : 1, 2, 1, 2, 1, 
425: 0, 0, 0, 2, 0, 0, 5, 0, 2, 2, 6, 8, 0, 0, 0, 0, 0, 0, 3, 0, : 2, 5, 2, 2, 6, 8, 3, 
365: 0, 0, 9, 8, 27, 0, 0, 0, 1, 0, 0, 0, 2, 2, 0, 4, 6, 1, 6, 0, : 9, 8, 27, 1, 2, 2, 4, 6, 1, 6, 
277: 0, 0, 0, 1, 0, 1, 0, 0, 5, 2, 1, 9, 2, 1, 0, 0, 8, 7, 0, 6, : 1, 1, 5, 2, 1, 9, 2, 1, 8, 7, 6, 
302: 0, 12, 0, 2, 0, 3, 0, 0, 0, 0, 0, 0, 0, 1, 0, 0, 5, 0, 0, 0, : 12, 2, 3, 1, 5, 
537: 1, 0, 0, 1, 2, 1, 4, 0, 0, 0, 0, 0, 3, 1, 0, 11, 0, 0, 0, 0, : 1, 1, 2, 1, 4, 3, 1, 11, 
595: 0, 0, 0, 3, 0, 0, 0, 2, 1, 0, 0, 0, 2, 1, 4, 1, 1, 0, 1, 1, : 3, 2, 1, 2, 1, 4, 1, 1, 1, 1, 
562: 5, 0, 0, 1, 3, 0, 0, 0, 1, 1, 0, 0, 0, 0, 0, 0, 1, 2, 0, 1, : 5, 1, 3, 1, 1, 1, 2, 1, 
249: 0, 0, 0, 1, 0, 0, 0, 1, 1, 0, 0, 3, 0, 4, 0, 0, 0, 0, 0, 0, : 1, 1, 1, 3, 4, 
122: 0, 0, 0, 0, 0, 6, 0, 4, 0, 3, 0, 0, 0, 2, 0, 0, 0, 2, 7, 0, : 6, 4, 3, 2, 2, 7, 
274: 6, 0, 0, 0, 0, 2, 0, 0, 0, 2, 0, 0, 1, 0, 3, 1, 0, 2, 0, 12, : 6, 2, 2, 1, 3, 1, 2, 12, 
522: 0, 0, 0, 1, 0, 0, 0, 0, 5, 3, 0, 0, 3, 1, 0, 0, 0, 2, 13, 0, : 1, 5, 3, 3, 1, 2, 13, 
252: 7, 0, 0, 0, 0, 0, 0, 15, 1, 0, 0, 0, 0, 8, 0, 1, 0, 4, 0, 1, : 7, 15, 1, 8, 1, 4, 1, 
262: 0, 0, 0, 3, 0, 0, 0, 0, 0, 0, 0, 0, 1, 0, 1, 0, 0, 0, 6, 0, : 3, 1, 1, 6, 
15: 0, 0, 0, 1, 0, 1, 2, 0, 1, 1, 0, 0, 1, 1, 0, 2, 0, 6, 0, 5, : 1, 1, 2, 1, 1, 1, 1, 2, 6, 5, 
554: 0, 0, 1, 0, 0, 3, 0, 1, 1, 1, 1, 0, 1, 0, 30, 5, 1, 0, 4, 1, : 1, 3, 1, 1, 1, 1, 1, 30, 5, 1, 4, 1, 
28: 0, 0, 0, 1, 0, 0, 0, 0, 0, 7, 1, 0, 1, 3, 1, 3, 0, 0, 0, 1, : 1, 7, 1, 1, 3, 1, 3, 1, 
143: 5, 0, 0, 2, 0, 18, 0, 0, 0, 0, 0, 0, 0, 4, 0, 1, 0, 1, 0, 0, : 5, 2, 18, 4, 1, 1, 
512: 0, 0, 0, 0, 0, 0, 8, 2, 1, 0, 1, 0, 12, 1, 0, 2, 10, 1, 0, 0, : 8, 2, 1, 1, 12, 1, 2, 10, 1, 
295: 3, 0, 0, 0, 0, 0, 0, 0, 1, 1, 1, 0, 1, 0, 0, 4, 1, 0, 0, 0, : 3, 1, 1, 1, 1, 4, 1, 
382: 0, 0, 0, 0, 0, 0, 10, 0, 1, 0, 18, 0, 0, 0, 0, 0, 1, 0, 0, 0, : 10, 1, 18, 1, 
247: 0, 0, 0, 7, 0, 0, 0, 10, 3, 1, 0, 0, 1, 0, 0, 0, 1, 2, 0, 6, : 7, 10, 3, 1, 1, 1, 2, 6, 
236: 0, 28, 0, 0, 4, 0, 0, 1, 0, 12, 0, 7, 6, 0, 0, 4, 0, 1, 0, 6, : 28, 4, 1, 12, 7, 6, 4, 1, 6, 


92: 0, 1, 1, 5, 0, 1, 0, 1, 6, 0, 0, 0, 9, 1, 1, 2, 0, 0, 0, 0, : 1, 1, 5, 1, 1, 6, 9, 1, 1, 2, 
70: 0, 1, 1, 1, 0, 0, 0, 7, 1, 0, 0, 1, 1, 0, 1, 0, 0, 7, 0, 3, : 1, 1, 1, 7, 1, 1, 1, 1, 7, 3, 
415: 0, 0, 0, 1, 0, 0, 2, 2, 1, 0, 0, 0, 0, 0, 0, 0, 1, 0, 0, 0, : 1, 2, 2, 1, 1, 
117: 17, 0, 0, 1, 1, 1, 0, 1, 0, 0, 2, 0, 0, 0, 1, 0, 0, 1, 0, 0, : 17, 1, 1, 1, 1, 2, 1, 1, 
78: 0, 10, 0, 0, 0, 2, 0, 2, 2, 0, 0, 1, 0, 6, 1, 1, 0, 1, 0, 0, : 10, 2, 2, 2, 1, 6, 1, 1, 1, 
133: 0, 12, 0, 2, 0, 0, 0, 1, 0, 0, 0, 0, 1, 1, 3, 0, 0, 0, 5, 0, : 12, 2, 1, 1, 1, 3, 5, 
57: 14, 0, 0, 4, 1, 1, 1, 3, 0, 0, 0, 15, 1, 0, 1, 1, 3, 0, 0, 3, : 14, 4, 1, 1, 1, 3, 15, 1, 1, 1, 3, 3, 
362: 0, 0, 0, 1, 3, 0, 2, 2, 0, 1, 0, 0, 1, 0, 1, 2, 0, 0, 0, 0, : 1, 3, 2, 2, 1, 1, 1, 2, 
259: 0, 0, 0, 0, 0, 0, 0, 4, 1, 0, 0, 0, 0, 2, 1, 0, 0, 0, 0, 1, : 4, 1, 2, 1, 1, 
12: 0, 0, 0, 0, 2, 0, 0, 0, 1, 0, 0, 1, 0, 0, 3, 1, 1, 0, 0, 10, : 2, 1, 1, 3, 1, 1, 10, 
58: 0, 0, 0, 1, 1, 2, 2, 3, 3, 0, 0, 0, 2, 6, 2, 1, 0, 0, 17, 0, : 1, 1, 2, 2, 3, 3, 2, 6, 2, 1, 17, 
132: 0, 0, 0, 1, 1, 0, 0, 2, 0, 0, 1, 0, 0, 0, 0, 1, 1, 1, 0, 1, : 1, 1, 2, 1, 1, 1, 1, 1, 
416: 0, 0, 0, 0, 2, 0, 12, 3, 0, 0, 0, 0, 1, 0, 2, 9, 1, 0, 0, 1, : 2, 12, 3, 1, 2, 9, 1, 1, 
222: 0, 0, 0, 0, 1, 4, 0, 1, 0, 0, 3, 0, 0, 2, 2, 0, 9, 0, 0, 0, : 1, 4, 1, 3, 2, 2, 9, 
157: 0, 0, 0, 3, 0, 0, 0, 0, 2, 6, 0, 0, 12, 1, 4, 8, 1, 0, 0, 0, : 3, 2, 6, 12, 1, 4, 8, 1, 
317: 0, 0, 0, 0, 0, 5, 0, 1, 1, 0, 0, 1, 1, 1, 1, 0, 0, 11, 0, 0, : 5, 1, 1, 1, 1, 1, 1, 11, 
55: 0, 0, 7, 2, 0, 2, 7, 1, 9, 0, 0, 1, 0, 9, 1, 1, 0, 0, 0, 1, : 7, 2, 2, 7, 1, 9, 1, 9, 1, 1, 1, 
140: 0, 0, 0, 7, 1, 0, 0, 2, 1, 1, 5, 0, 0, 8, 1, 0, 1, 2, 1, 1, : 7, 1, 2, 1, 1, 5, 8, 1, 1, 2, 1, 1, 
340: 2, 0, 0, 0, 1, 0, 0, 0, 1, 0, 0, 1, 1, 1, 0, 3, 5, 1, 1, 0, : 2, 1, 1, 1, 1, 1, 3, 5, 1, 1, 
260: 0, 1, 1, 0, 1, 0, 0, 1, 0, 0, 0, 0, 5, 0, 3, 0, 1, 0, 0, 0, : 1, 1, 1, 1, 5, 3, 1, 
235: 0, 0, 0, 0, 2, 0, 0, 1, 0, 22, 0, 0, 1, 0, 0, 0, 1, 0, 0, 1, : 2, 1, 22, 1, 1, 1, 
3: 0, 1, 0, 2, 7, 2, 11, 1, 1, 2, 1, 4, 0, 0, 0, 0, 1, 0, 0, 2, : 1, 2, 7, 2, 11, 1, 1, 2, 1, 4, 1, 2, 
443: 4, 0, 0, 1, 3, 1, 0, 0, 0, 0, 1, 2, 0, 0, 2, 1, 1, 0, 1, 1, : 4, 1, 3, 1, 1, 2, 2, 1, 1, 1, 1, 
8: 0, 11, 0, 2, 0, 5, 0, 0, 6, 0, 0, 1, 0, 0, 1, 0, 1, 0, 15, 3, : 11, 2, 5, 6, 1, 1, 1, 15, 3, 
447: 0, 0, 0, 0, 0, 9, 0, 0, 1, 0, 0, 2, 1, 0, 2, 0, 1, 2, 0, 7, : 9, 1, 2, 1, 2, 1, 2, 7, 
499: 0, 0, 0, 3, 6, 4, 0, 1, 0, 0, 0, 0, 1, 1, 3, 0, 1, 0, 0, 5, : 3, 6, 4, 1, 1, 1, 3, 1, 5, 
575: 3, 0, 30, 0, 0, 1, 0, 0, 1, 8, 20, 0, 1, 0, 1, 7, 0, 1, 0, 0, : 3, 30, 1, 1, 8, 20, 1, 1, 7, 1, 
197: 0, 0, 0, 0, 1, 0, 0, 0, 1, 0, 0, 8, 0, 1, 0, 0, 0, 11, 0, 0, : 1, 1, 8, 1, 11, 
383: 0, 2, 0, 1, 0, 0, 3, 0, 1, 0, 7, 2, 0, 0, 1, 2, 10, 2, 0, 0, : 2, 1, 3, 1, 7, 2, 1, 2, 10, 2, 
559: 0, 1, 0, 2, 6, 0, 0, 0, 0, 0, 0, 0, 1, 0, 1, 0, 0, 0, 0, 0, : 1, 2, 6, 1, 1, 


578: 0, 0, 0, 0, 1, 1, 0, 0, 0, 26, 0, 0, 0, 5, 0, 4, 0, 0, 1, 0, : 1, 1, 26, 5, 4, 1, 
280: 0, 0, 0, 0, 0, 1, 0, 0, 3, 0, 0, 0, 0, 0, 0, 1, 0, 0, 3, 0, : 1, 3, 1, 3, 
218: 1, 0, 0, 0, 2, 1, 0, 1, 0, 0, 0, 0, 0, 5, 0, 0, 11, 0, 11, 0, : 1, 2, 1, 1, 5, 11, 11, 
463: 0, 0, 0, 0, 0, 1, 0, 0, 2, 0, 1, 8, 0, 1, 9, 0, 0, 5, 0, 0, : 1, 2, 1, 8, 1, 9, 5, 
520: 0, 7, 0, 1, 0, 1, 1, 0, 0, 0, 0, 0, 0, 10, 1, 0, 0, 1, 0, 1, : 7, 1, 1, 1, 10, 1, 1, 1, 
525: 0, 0, 0, 0, 0, 1, 0, 0, 0, 2, 0, 0, 0, 6, 1, 0, 0, 0, 5, 2, : 1, 2, 6, 1, 5, 2, 
404: 0, 0, 0, 0, 0, 0, 0, 1, 0, 0, 0, 0, 0, 0, 22, 0, 0, 17, 1, 0, : 1, 22, 17, 1, 
283: 0, 0, 0, 15, 0, 0, 1, 1, 1, 0, 0, 0, 0, 0, 0, 2, 0, 0, 2, 0, : 15, 1, 1, 1, 2, 2, 
479: 0, 18, 16, 19, 0, 1, 0, 0, 0, 0, 1, 7, 0, 0, 0, 0, 0, 0, 0, 2, : 18, 16, 19, 1, 1, 7, 2, 
80: 0, 0, 0, 0, 0, 1, 0, 2, 0, 0, 3, 0, 17, 0, 4, 1, 0, 1, 0, 5, : 1, 2, 3, 17, 4, 1, 1, 5, 
273: 0, 0, 0, 0, 0, 1, 0, 0, 0, 0, 1, 1, 0, 0, 1, 0, 0, 0, 1, 1, : 1, 1, 1, 1, 1, 1, 
59: 0, 2, 0, 0, 0, 6, 0, 0, 0, 0, 2, 0, 1, 1, 0, 19, 0, 1, 4, 1, : 2, 6, 2, 1, 1, 19, 1, 4, 1, 
40: 0, 4, 0, 0, 0, 0, 1, 0, 0, 0, 19, 1, 1, 9, 0, 0, 1, 0, 0, 0, : 4, 1, 19, 1, 1, 9, 1, 
510: 0, 0, 0, 0, 0, 3, 0, 1, 14, 0, 2, 0, 1, 0, 0, 0, 0, 7, 0, 0, : 3, 1, 14, 2, 1, 7, 
446: 0, 0, 1, 0, 18, 1, 0, 0, 0, 1, 0, 0, 0, 0, 0, 1, 0, 0, 1, 0, : 1, 18, 1, 1, 1, 1, 
81: 0, 0, 0, 0, 0, 0, 0, 19, 0, 0, 0, 1, 0, 0, 0, 0, 0, 0, 0, 0, : 19, 1, 
254: 0, 2, 0, 0, 1, 1, 0, 3, 1, 0, 1, 0, 17, 0, 0, 0, 0, 0, 0, 17, : 2, 1, 1, 3, 1, 1, 17, 17, 
376: 4, 0, 0, 0, 1, 1, 0, 7, 13, 0, 2, 2, 0, 0, 0, 0, 0, 1, 0, 0, : 4, 1, 1, 7, 13, 2, 2, 1, 
571: 0, 0, 0, 2, 0, 0, 1, 0, 0, 0, 0, 0, 0, 0, 0, 0, 0, 0, 0, 7, : 2, 1, 7, 
289: 6, 0, 0, 1, 1, 0, 5, 0, 0, 1, 0, 8, 0, 3, 0, 1, 1, 0, 1, 0, : 6, 1, 1, 5, 1, 8, 3, 1, 1, 1, 
551: 10, 4, 7, 0, 1, 1, 0, 0, 0, 0, 4, 0, 0, 0, 0, 0, 0, 4, 1, 0, : 10, 4, 7, 1, 1, 4, 4, 1, 
246: 0, 0, 0, 0, 0, 6, 1, 3, 6, 0, 0, 1, 0, 0, 0, 0, 0, 2, 1, 0, : 6, 1, 3, 6, 1, 2, 1, 
532: 0, 0, 0, 0, 5, 0, 0, 1, 0, 0, 1, 0, 0, 0, 0, 3, 0, 0, 0, 0, : 5, 1, 1, 3, 
288: 0, 0, 0, 0, 3, 0, 1, 0, 0, 0, 0, 0, 0, 0, 0, 1, 21, 0, 2, 1, : 3, 1, 1, 21, 2, 1, 
93: 0, 0, 0, 0, 0, 1, 23, 0, 0, 0, 3, 0, 0, 0, 0, 1, 0, 0, 1, 2, : 1, 23, 3, 1, 1, 2, 
104: 3, 0, 0, 1, 5, 0, 0, 0, 0, 0, 0, 11, 2, 0, 2, 0, 0, 0, 3, 0, : 3, 1, 5, 11, 2, 2, 3, 
112: 8, 0, 0, 1, 0, 1, 6, 0, 0, 0, 0, 0, 1, 0, 0, 0, 3, 0, 1, 0, : 8, 1, 1, 6, 1, 3, 1, 
377: 8, 3, 0, 0, 1, 1, 0, 0, 0, 10, 0, 0, 0, 0, 0, 0, 0, 1, 1, 0, : 8, 3, 1, 1, 10, 1, 1, 
16: 0, 0, 16, 0, 0, 8, 0, 1, 0, 0, 0, 0, 0, 0, 0, 6, 2, 0, 0, 0, : 16, 8, 1, 6, 2, 
417: 0, 0, 0, 0, 1, 1, 0, 0, 0, 0, 0, 0, 0, 0, 0, 0, 1, 0, 0, 1, : 1, 1, 1, 1, 


473: 1, 3, 0, 4, 0, 1, 1, 1, 0, 0, 1, 0, 0, 7, 0, 0, 0, 0, 4, 4, : 1, 3, 4, 1, 1, 1, 1, 7, 4, 4, 
146: 9, 1, 0, 1, 9, 0, 0, 1, 0, 0, 0, 3, 0, 1, 1, 0, 0, 0, 0, 0, : 9, 1, 1, 9, 1, 3, 1, 1, 
314: 1, 3, 0, 3, 0, 0, 6, 0, 0, 0, 0, 2, 0, 16, 0, 0, 3, 1, 0, 1, : 1, 3, 3, 6, 2, 16, 3, 1, 1, 
37: 5, 0, 1, 0, 0, 0, 2, 0, 0, 0, 2, 9, 25, 0, 0, 0, 2, 0, 0, 3, : 5, 1, 2, 2, 9, 25, 2, 3, 
202: 0, 0, 0, 0, 0, 0, 2, 0, 1, 0, 1, 1, 0, 0, 0, 0, 1, 0, 1, 0, : 2, 1, 1, 1, 1, 1, 
237: 0, 0, 1, 0, 0, 0, 0, 0, 0, 0, 0, 1, 0, 0, 0, 0, 0, 0, 0, 0, : 1, 1, 
86: 6, 3, 0, 0, 7, 0, 1, 0, 0, 0, 2, 0, 0, 0, 0, 8, 0, 1, 0, 0, : 6, 3, 7, 1, 2, 8, 1, 
185: 0, 0, 1, 0, 0, 0, 2, 1, 1, 0, 0, 0, 0, 0, 14, 1, 2, 0, 1, 0, : 1, 2, 1, 1, 14, 1, 2, 1, 
444: 0, 0, 1, 2, 1, 0, 0, 7, 0, 0, 0, 0, 4, 0, 0, 0, 22, 1, 0, 0, : 1, 2, 1, 7, 4, 22, 1, 
386: 1, 1, 4, 0, 3, 0, 1, 0, 3, 0, 1, 0, 0, 0, 1, 2, 0, 0, 1, 3, : 1, 1, 4, 3, 1, 3, 1, 1, 2, 1, 3, 
265: 4, 1, 0, 1, 1, 0, 1, 2, 3, 0, 0, 1, 0, 1, 0, 2, 0, 0, 16, 0, : 4, 1, 1, 1, 1, 2, 3, 1, 1, 2, 16, 
503: 0, 4, 0, 0, 1, 0, 0, 1, 4, 0, 0, 0, 0, 0, 0, 0, 0, 0, 0, 0, : 4, 1, 1, 4, 
574: 0, 0, 3, 0, 0, 18, 1, 0, 4, 0, 0, 1, 1, 1, 3, 1, 0, 1, 0, 0, : 3, 18, 1, 4, 1, 1, 1, 3, 1, 1, 
347: 1, 2, 0, 0, 0, 0, 0, 0, 0, 0, 1, 1, 0, 0, 1, 0, 0, 2, 1, 0, : 1, 2, 1, 1, 1, 2, 1, 
372: 3, 0, 2, 1, 1, 0, 0, 1, 4, 0, 2, 3, 0, 0, 0, 0, 0, 5, 0, 0, : 3, 2, 1, 1, 1, 4, 2, 3, 5, 
454: 0, 0, 0, 0, 0, 9, 3, 6, 0, 0, 1, 0, 0, 0, 0, 0, 0, 2, 0, 0, : 9, 3, 6, 1, 2, 
401: 0, 0, 0, 9, 0, 12, 1, 1, 8, 0, 0, 0, 1, 0, 0, 3, 0, 11, 1, 0, : 9, 12, 1, 1, 8, 1, 3, 11, 1, 
436: 0, 1, 0, 1, 12, 0, 0, 0, 0, 0, 6, 0, 2, 0, 1, 1, 0, 0, 1, 0, : 1, 1, 12, 6, 2, 1, 1, 1, 
200: 2, 5, 0, 0, 1, 0, 1, 0, 0, 0, 9, 0, 0, 4, 1, 3, 0, 3, 0, 0, : 2, 5, 1, 1, 9, 4, 1, 3, 3, 
430: 1, 5, 0, 0, 0, 0, 4, 0, 1, 1, 0, 1, 0, 0, 1, 1, 0, 3, 0, 0, : 1, 5, 4, 1, 1, 1, 1, 1, 3, 
98: 0, 0, 2, 0, 0, 0, 1, 0, 0, 0, 3, 2, 2, 0, 7, 0, 3, 1, 0, 14, : 2, 1, 3, 2, 2, 7, 3, 1, 14, 
547: 0, 0, 0, 0, 0, 0, 5, 4, 1, 4, 0, 0, 0, 0, 1, 0, 2, 1, 0, 0, : 5, 4, 1, 4, 1, 2, 1, 
534: 0, 0, 0, 1, 0, 0, 0, 0, 2, 0, 1, 1, 5, 0, 2, 0, 3, 3, 0, 0, : 1, 2, 1, 1, 5, 2, 3, 3, 
76: 3, 0, 1, 0, 0, 0, 0, 0, 0, 35, 0, 0, 0, 0, 5, 10, 0, 1, 0, 6, : 3, 1, 35, 5, 10, 1, 6, 
264: 0, 5, 3, 0, 0, 0, 1, 0, 0, 0, 8, 1, 0, 1, 1, 4, 0, 0, 0, 1, : 5, 3, 1, 8, 1, 1, 1, 4, 1, 
385: 0, 0, 0, 16, 0, 0, 5, 1, 1, 0, 1, 1, 0, 0, 0, 0, 1, 0, 2, 1, : 16, 5, 1, 1, 1, 1, 1, 2, 1, 
357: 1, 1, 0, 1, 0, 0, 1, 14, 0, 0, 0, 0, 0, 1, 1, 1, 0, 4, 0, 1, : 1, 1, 1, 1, 14, 1, 1, 1, 4, 1, 
244: 2, 0, 21, 0, 3, 0, 0, 0, 2, 0, 0, 12, 0, 0, 0, 1, 0, 0, 1, 0, : 2, 21, 3, 2, 12, 1, 1, 
303: 0, 1, 0, 0, 1, 0, 0, 0, 0, 0, 1, 0, 0, 4, 0, 0, 0, 0, 10, 0, : 1, 1, 1, 4, 10, 
588: 0, 4, 0, 0, 0, 0, 1, 0, 5, 0, 0, 0, 0, 4, 0, 2, 1, 0, 1, 6, : 4, 1, 5, 4, 2, 1, 1, 6, 


196: 0, 0, 0, 12, 0, 0, 0, 10, 4, 0, 0, 0, 3, 0, 0, 0, 0, 1, 2, 1, : 12, 10, 4, 3, 1, 2, 1, 
421: 9, 0, 19, 0, 0, 0, 0, 0, 0, 0, 0, 0, 0, 0, 0, 0, 24, 3, 10, 0, : 9, 19, 24, 3, 10, 
47: 11, 1, 0, 0, 0, 0, 0, 0, 0, 1, 0, 0, 0, 0, 16, 0, 0, 1, 1, 0, : 11, 1, 1, 16, 1, 1, 
583: 0, 0, 1, 1, 2, 0, 0, 0, 1, 0, 0, 0, 0, 8, 0, 0, 0, 0, 0, 0, : 1, 1, 2, 1, 8, 
162: 0, 0, 1, 0, 2, 0, 0, 0, 8, 2, 0, 0, 23, 1, 0, 0, 0, 1, 12, 0, : 1, 2, 8, 2, 23, 1, 1, 12, 
560: 0, 0, 0, 7, 2, 7, 0, 0, 1, 0, 0, 0, 5, 1, 2, 2, 0, 1, 0, 0, : 7, 2, 7, 1, 5, 1, 2, 2, 1, 
208: 0, 0, 0, 0, 0, 0, 16, 0, 1, 0, 0, 13, 0, 0, 1, 0, 0, 4, 1, 0, : 16, 1, 13, 1, 4, 1, 
18: 0, 0, 0, 0, 0, 0, 0, 13, 4, 0, 5, 1, 6, 0, 0, 35, 0, 6, 0, 0, : 13, 4, 5, 1, 6, 35, 6, 
77: 1, 0, 0, 9, 0, 0, 2, 1, 4, 6, 0, 0, 0, 2, 11, 0, 0, 1, 1, 0, : 1, 9, 2, 1, 4, 6, 2, 11, 1, 1, 
403: 0, 8, 1, 0, 0, 0, 0, 0, 0, 0, 0, 1, 0, 1, 0, 0, 0, 1, 0, 0, : 8, 1, 1, 1, 1, 
279: 1, 0, 1, 0, 0, 0, 0, 0, 0, 0, 0, 0, 0, 0, 1, 0, 0, 2, 1, 0, : 1, 1, 1, 2, 1, 
188: 0, 4, 5, 3, 0, 0, 0, 0, 1, 0, 0, 0, 0, 9, 0, 0, 0, 0, 0, 3, : 4, 5, 3, 1, 9, 3, 
136: 0, 6, 1, 0, 0, 0, 1, 0, 0, 1, 0, 0, 0, 1, 0, 0, 0, 0, 0, 1, : 6, 1, 1, 1, 1, 1, 
475: 1, 17, 0, 0, 0, 0, 0, 12, 0, 0, 0, 3, 0, 0, 8, 0, 3, 1, 4, 9, : 1, 17, 12, 3, 8, 3, 1, 4, 9, 
263: 0, 0, 1, 0, 0, 0, 14, 0, 1, 3, 0, 0, 0, 0, 0, 0, 0, 0, 0, 0, : 1, 14, 1, 3, 
130: 10, 0, 4, 0, 0, 0, 4, 0, 0, 1, 0, 5, 0, 0, 0, 0, 0, 0, 0, 1, : 10, 4, 4, 1, 5, 1, 
90: 0, 0, 0, 0, 0, 0, 1, 0, 1, 1, 0, 0, 0, 5, 0, 0, 0, 0, 0, 2, : 1, 1, 1, 5, 2, 
342: 0, 0, 0, 0, 0, 0, 0, 3, 0, 0, 24, 1, 0, 0, 0, 0, 0, 1, 0, 2, : 3, 24, 1, 1, 2, 
294: 0, 0, 0, 1, 0, 0, 0, 0, 0, 0, 0, 12, 0, 0, 0, 0, 1, 3, 0, 0, : 1, 12, 1, 3, 
128: 0, 0, 0, 0, 1, 0, 0, 0, 1, 1, 0, 0, 1, 0, 0, 0, 1, 0, 0, 0, : 1, 1, 1, 1, 1, 
24: 0, 0, 1, 0, 0, 0, 0, 0, 1, 0, 0, 0, 0, 0, 0, 3, 0, 3, 0, 1, : 1, 1, 3, 3, 1, 
82: 0, 0, 0, 0, 0, 0, 0, 0, 0, 0, 0, 0, 0, 0, 0, 0, 0, 0, 1, 3, : 1, 3, 
270: 0, 0, 0, 0, 7, 0, 0, 1, 3, 0, 11, 0, 0, 0, 1, 0, 7, 1, 2, 0, : 7, 1, 3, 11, 1, 7, 1, 2, 
330: 0, 0, 1, 0, 0, 0, 0, 0, 0, 23, 0, 0, 0, 11, 0, 0, 1, 2, 2, 8, : 1, 23, 11, 1, 2, 2, 8, 
20: 0, 1, 0, 1, 0, 0, 0, 0, 6, 1, 0, 0, 0, 0, 0, 0, 0, 0, 0, 0, : 1, 1, 6, 1, 
141: 0, 0, 0, 6, 0, 0, 0, 0, 3, 0, 0, 1, 0, 0, 0, 0, 0, 1, 1, 6, : 6, 3, 1, 1, 1, 6, 
74: 0, 0, 1, 0, 0, 0, 0, 0, 0, 0, 0, 1, 2, 0, 0, 0, 3, 1, 1, 3, : 1, 1, 2, 3, 1, 1, 3, 
552: 7, 1, 1, 0, 0, 33, 0, 0, 0, 0, 0, 1, 0, 0, 0, 0, 0, 2, 1, 0, : 7, 1, 1, 33, 1, 2, 1, 
395: 0, 2, 0, 0, 0, 0, 0, 0, 0, 0, 0, 0, 0, 1, 0, 0, 0, 1, 0, 0, : 2, 1, 1, 
465: 0, 0, 2, 0, 26, 0, 2, 0, 0, 0, 0, 1, 0, 0, 0, 0, 0, 3, 0, 0, : 2, 26, 2, 1, 3, 


