
40
450
40
15

316: 2, 1, 11, 0, 0, 1, 0, 5, 0, 0, 1, 0, 7, 1, 0, 0, 0, 0, 0, 2, 0, 0, 0, 0, 0, 2, 4, 1, 0, 0, 1, 0, 0, 0, 0, 2, 0, 1, 0, 0, : 2, 1, 11, 1, 5, 1, 7, 1, 2, 2, 4, 1, 1, 2, 1, 
42: 0, 0, 0, 0, 0, 0, 10, 4, 2, 0, 0, 0, 0, 0, 1, 2, 9, 0, 0, 0, 0, 0, 13, 3, 1, 0, 0, 0, 1, 0, 1, 1, 2, 0, 3, 0, 1, 5, 0, 0, : 10, 4, 2, 1, 2, 9, 13, 3, 1, 1, 1, 1, 2, 3, 1, 5, 
118: 0, 1, 0, 2, 0, 0, 1, 0, 1, 0, 0, 0, 0, 0, 0, 0, 1, 4, 0, 1, 0, 1, 0, 0, 0, 0, 0, 1, 0, 0, 0, 0, 0, 0, 0, 4, 3, 2, 0, 0, : 1, 2, 1, 1, 1, 4, 1, 1, 1, 4, 3, 2, 
96: 1, 0, 0, 0, 0, 0, 1, 3, 2, 0, 1, 0, 0, 0, 0, 0, 0, 2, 0, 1, 0, 0, 1, 6, 0, 0, 5, 6, 8, 12, 2, 0, 0, 0, 0, 13, 1, 1, 1, 0, : 1, 1, 3, 2, 1, 2, 1, 1, 6, 5, 6, 8, 12, 2, 13, 1, 1, 1, 
212: 0, 8, 0, 0, 0, 0, 0, 0, 0, 0, 8, 0, 0, 0, 6, 1, 0, 0, 5, 0, 0, 0, 9, 5, 0, 0, 7, 1, 3, 0, 3, 0, 0, 0, 0, 0, 1, 5, 0, 0, : 8, 8, 6, 1, 5, 9, 5, 7, 1, 3, 3, 1, 5, 
228: 1, 1, 0, 0, 0, 1, 4, 0, 12, 0, 0, 1, 0, 1, 0, 0, 0, 3, 0, 5, 0, 6, 0, 0, 5, 0, 0, 0, 0, 0, 0, 0, 0, 7, 0, 0, 0, 1, 0, 0, : 1, 1, 1, 4, 12, 1, 1, 3, 5, 6, 5, 7, 1, 
430: 0, 1, 0, 1, 0, 0, 0, 0, 1, 0, 0, 0, 1, 0, 4, 0, 2, 0, 0, 0, 0, 1, 2, 0, 6, 0, 5, 6, 6, 0, 0, 0, 0, 2, 0, 0, 0, 0, 0, 0, : 1, 1, 1, 1, 4, 2, 1, 2, 6, 5, 6, 6, 2, 
266: 0, 1, 0, 5, 0, 0, 0, 0, 3, 6, 0, 1, 0, 0, 0, 0, 0, 0, 7, 1, 2, 0, 0, 0, 0, 0, 1, 5, 0, 0, 1, 2, 1, 14, 0, 1, 0, 0, 2, 0, : 1, 5, 3, 6, 1, 7, 1, 2, 1, 5, 1, 2, 1, 14, 1, 2, 
239: 6, 0, 16, 2, 1, 1, 0, 0, 1, 0, 10, 0, 0, 0, 1, 11, 1, 0, 0, 1, 1, 0, 0, 0, 2, 5, 0, 2, 1, 0, 1, 2, 1, 0, 0, 0, 0, 4, 1, 0, : 6, 16, 2, 1, 1, 1, 10, 1, 11, 1, 1, 1, 2, 5, 2, 1, 1, 2, 1, 4, 1, 
108: 0, 0, 1, 1, 0, 0, 0, 0, 0, 0, 10, 17, 0, 0, 1, 0, 0, 0, 0, 1, 0, 0, 0, 7, 0, 0, 1, 4, 0, 2, 0, 2, 18, 0, 1, 0, 1, 0, 0, 0, : 1, 1, 10, 17, 1, 1, 7, 1, 4, 2, 2, 18, 1, 1, 
229: 0, 0, 0, 0, 0, 1, 0, 1, 2, 26, 0, 0, 0, 22, 0, 0, 8, 0, 0, 0, 0, 16, 0, 0, 0, 1, 2, 1, 0, 1, 1, 10, 0, 0, 0, 0, 2, 0, 0, 2, : 1, 1, 2, 26, 22, 8, 16, 1, 2, 1, 1, 1, 10, 2, 2, 
187: 2, 0, 0, 0, 0, 0, 3, 0, 0, 0, 0, 0, 1, 0, 1, 1, 0, 0, 0, 2, 0, 0, 0, 0, 10, 0, 0, 0, 0, 1, 0, 0, 0, 0, 0, 0, 0, 0, 0, 0, : 2, 3, 1, 1, 1, 2, 10, 1, 
242: 0, 0, 0, 2, 8, 9, 0, 4, 1, 1, 0, 1, 0, 0, 0, 0, 1, 0, 0, 5, 0, 1, 0, 0, 0, 0, 0, 1, 0, 9, 1, 0, 0, 0, 0, 0, 0, 0, 0, 0, : 2, 8, 9, 4, 1, 1, 1, 1, 5, 1, 1, 9, 1, 
186: 0, 1, 0, 4, 0, 0, 0, 4, 0, 0, 1, 0, 0, 0, 0, 0, 0, 0, 0, 1, 0, 0, 0, 1, 0, 1, 0, 1, 0, 4, 0, 0, 0, 0, 0, 0, 13, 0, 0, 1, : 1, 4, 4, 1, 1, 1, 1, 1, 4, 13, 1, 
270: 1, 0, 0, 1, 10, 1, 0, 0, 1, 0, 0, 0, 0, 0, 0, 0, 0, 0, 0, 1, 0, 8, 0, 7, 1, 0, 0, 2, 0, 1, 5, 0, 1, 0, 4, 1, 2, 0, 0, 0, : 1, 1, 10, 1, 1, 1, 8, 7, 1, 2, 1, 5, 1, 4, 1, 2, 
439: 6, 1, 0, 0, 0, 0, 0, 2, 1, 0, 0, 0, 1, 10, 1, 0, 0, 8, 0, 3, 0, 0, 0, 0, 0, 0, 1, 1, 1, 1, 0, 7, 0, 0, 0, 8, 7, 0, 1, 0, : 6, 1, 2, 1, 1, 10, 1, 8, 3, 1, 1, 1, 1, 7, 8, 7, 1, 
157: 0, 1, 0, 0, 2, 3, 1, 0, 1, 0, 0, 0, 0, 1, 4, 0, 0, 0, 1, 4, 8, 1, 0, 0, 0, 0, 0, 1, 0, 1, 1, 0, 1, 0, 6, 0, 2, 0, 0, 0, : 1, 2, 3, 1, 1, 1, 4, 1, 4, 8, 1, 1, 1, 1, 1, 6, 2, 
438: 3, 1, 6, 1, 0, 0, 0, 0, 1, 0, 0, 0, 0, 0, 5, 0, 0, 8, 10, 2, 0, 0, 11, 0, 5, 0, 0, 0, 1, 0, 0, 7, 1, 0, 0, 0, 0, 0, 0, 0, : 3, 1, 6, 1, 1, 5, 8, 10, 2, 11, 5, 1, 7, 1, 
350: 0, 3, 5, 0, 0, 0, 0, 0, 1, 0, 0, 0, 0, 0, 0, 1, 1, 1, 0, 1, 3, 0, 0, 0, 0, 0, 6, 1, 10, 1, 0, 3, 0, 1, 0, 2, 0, 0, 0, 0, : 3, 5, 1, 1, 1, 1, 1, 3, 6, 1, 10, 1, 3, 1, 2, 
294: 1, 6, 0, 0, 0, 3, 0, 6, 1, 0, 0, 1, 1, 0, 0, 0, 0, 0, 0, 2, 0, 0, 1, 1, 0, 0, 1, 0, 0, 0, 1, 0, 10, 1, 1, 0, 1, 0, 0, 9, : 1, 6, 3, 6, 1, 1, 1, 2, 1, 1, 1, 1, 10, 1, 1, 1, 9, 
429: 2, 2, 0, 0, 0, 6, 2, 0, 0, 0, 1, 0, 0, 0, 1, 5, 0, 0, 0, 0, 0, 4, 2, 0, 5, 0, 1, 0, 0, 1, 12, 0, 2, 6, 0, 0, 1, 0, 32, 0, : 2, 2, 6, 2, 1, 1, 5, 4, 2, 5, 1, 1, 12, 2, 6, 1, 32, 
240: 3, 7, 0, 0, 0, 1, 0, 0, 0, 0, 0, 0, 0, 0, 11, 0, 2, 0, 0, 1, 0, 1, 0, 0, 0, 0, 0, 1, 3, 1, 2, 0, 0, 1, 22, 0, 0, 6, 0, 0, : 3, 7, 1, 11, 2, 1, 1, 1, 3, 1, 2, 1, 22, 6, 
174: 1, 0, 0, 1, 0, 0, 0, 0, 3, 0, 0, 0, 0, 4, 2, 0, 0, 0, 0, 3, 25, 0, 0, 0, 0, 0, 0, 0, 3, 1, 2, 0, 0, 0, 3, 5, 0, 2, 0, 0, : 1, 1, 3, 4, 2, 3, 25, 3, 1, 2, 3, 5, 2, 
205: 1, 0, 0, 0, 0, 0, 4, 0, 0, 0, 1, 0, 0, 0, 0, 0, 4, 14, 16, 1, 0, 0, 0, 1, 0, 1, 1, 2, 0, 1, 4, 3, 0, 0, 0, 0, 0, 0, 0, 1, : 1, 4, 1, 4, 14, 16, 1, 1, 1, 1, 2, 1, 4, 3, 1, 
426: 0, 0, 0, 7, 0, 4, 7, 5, 0, 0, 0, 7, 0, 0, 0, 13, 0, 0, 0, 2, 1, 0, 0, 1, 3, 5, 1, 1, 0, 1, 0, 1, 0, 0, 0, 1, 1, 0, 0, 0, : 7, 4, 7, 5, 7, 13, 2, 1, 1, 3, 5, 1, 1, 1, 1, 1, 1, 
258: 0, 1, 0, 0, 0, 9, 5, 3, 0, 0, 5, 0, 2, 0, 0, 0, 5, 0, 0, 0, 0, 0, 0, 8, 0, 0, 1, 0, 0, 1, 1, 1, 1, 0, 0, 0, 0, 13, 0, 0, : 1, 9, 5, 3, 5, 2, 5, 8, 1, 1, 1, 1, 1, 13, 
149: 1, 1, 0, 0, 0, 0, 0, 3, 1, 0, 1, 12, 0, 0, 1, 1, 1, 0, 1, 0, 0, 1, 0, 0, 1, 2, 2, 1, 0, 0, 0, 0, 0, 0, 0, 1, 0, 0, 0, 1, : 1, 1, 3, 1, 1, 12, 1, 1, 1, 1, 1, 1, 2, 2, 1, 1, 1, 
4: 2, 1, 1, 10, 2, 0, 0, 0, 1, 0, 1, 0, 17, 1, 1, 0, 0, 0, 0, 0, 0, 0, 0, 0, 0, 1, 0, 0, 0, 1, 1, 0, 0, 0, 0, 0, 1, 0, 0, 0, : 2, 1, 1, 10, 2, 1, 1, 17, 1, 1, 1, 1, 1, 1, 
176: 6, 1, 0, 3, 17, 0, 0, 0, 1, 7, 0, 0, 10, 0, 0, 5, 2, 0, 0, 0, 0, 0, 0, 0, 1, 0, 1, 1, 1, 0, 0, 0, 2, 0, 0, 2, 0, 0, 3, 25, : 6, 1, 3, 17, 1, 7, 10, 5, 2, 1, 1, 1, 1, 2, 2, 3, 25, 
128: 1, 1, 0, 0, 0, 0, 2, 0, 3, 0, 0, 0, 0, 0, 0, 0, 3, 0, 0, 0, 0, 0, 1, 0, 0, 22, 0, 0, 2, 0, 0, 1, 0, 8, 0, 0, 3, 0, 0, 1, : 1, 1, 2, 3, 3, 1, 22, 2, 1, 8, 3, 1, 


371: 0, 1, 17, 0, 0, 0, 1, 0, 0, 0, 1, 0, 3, 0, 0, 0, 0, 0, 0, 1, 0, 0, 0, 0, 0, 13, 23, 0, 1, 0, 0, 0, 1, 0, 0, 0, 0, 0, 0, 6, : 1, 17, 1, 1, 3, 1, 13, 23, 1, 1, 6, 
293: 9, 0, 0, 8, 0, 1, 1, 0, 1, 0, 20, 1, 0, 0, 0, 0, 1, 0, 5, 1, 0, 0, 0, 1, 0, 0, 0, 0, 2, 0, 0, 0, 0, 5, 0, 2, 1, 0, 1, 1, : 9, 8, 1, 1, 1, 20, 1, 1, 5, 1, 1, 2, 5, 2, 1, 1, 1, 
358: 0, 0, 0, 2, 0, 1, 0, 0, 0, 0, 0, 0, 1, 0, 0, 4, 2, 8, 0, 0, 0, 0, 1, 2, 1, 0, 0, 0, 2, 0, 1, 0, 3, 0, 0, 0, 0, 0, 0, 6, : 2, 1, 1, 4, 2, 8, 1, 2, 1, 2, 1, 3, 6, 
188: 0, 1, 0, 0, 1, 1, 0, 0, 0, 0, 0, 0, 1, 0, 0, 0, 1, 0, 2, 0, 0, 1, 0, 0, 0, 0, 0, 0, 1, 0, 1, 0, 1, 0, 0, 1, 0, 0, 0, 0, : 1, 1, 1, 1, 1, 2, 1, 1, 1, 1, 1, 
435: 0, 1, 0, 4, 2, 0, 7, 4, 0, 1, 0, 0, 0, 1, 0, 2, 0, 0, 0, 0, 0, 0, 0, 0, 0, 0, 5, 0, 1, 24, 21, 0, 0, 0, 14, 0, 0, 1, 0, 0, : 1, 4, 2, 7, 4, 1, 1, 2, 5, 1, 24, 21, 14, 1, 
159: 10, 3, 0, 0, 0, 0, 0, 0, 0, 0, 0, 0, 4, 0, 0, 0, 0, 0, 0, 12, 7, 12, 0, 0, 4, 1, 2, 4, 0, 1, 1, 1, 3, 0, 0, 1, 0, 2, 0, 0, : 10, 3, 4, 12, 7, 12, 4, 1, 2, 4, 1, 1, 1, 3, 1, 2, 
183: 0, 0, 0, 0, 0, 6, 0, 0, 7, 0, 13, 0, 0, 1, 0, 15, 0, 0, 24, 0, 1, 0, 0, 6, 1, 1, 0, 0, 0, 0, 1, 1, 0, 0, 2, 0, 0, 2, 0, 0, : 6, 7, 13, 1, 15, 24, 1, 6, 1, 1, 1, 1, 2, 2, 
396: 2, 0, 0, 0, 0, 1, 6, 0, 7, 0, 0, 0, 1, 5, 0, 1, 15, 1, 0, 0, 2, 0, 0, 2, 0, 0, 0, 0, 1, 0, 0, 0, 10, 13, 1, 3, 0, 0, 0, 11, : 2, 1, 6, 7, 1, 5, 1, 15, 1, 2, 2, 1, 10, 13, 1, 3, 11, 
28: 0, 0, 0, 0, 0, 0, 0, 0, 0, 0, 0, 0, 12, 2, 0, 0, 0, 2, 0, 0, 0, 0, 0, 1, 0, 4, 2, 0, 0, 3, 0, 0, 6, 1, 1, 0, 3, 0, 0, 0, : 12, 2, 2, 1, 4, 2, 3, 6, 1, 1, 3, 
260: 0, 1, 0, 0, 1, 2, 0, 0, 0, 1, 4, 0, 1, 0, 0, 0, 0, 8, 3, 0, 1, 0, 1, 2, 0, 2, 0, 0, 1, 0, 0, 7, 2, 0, 3, 6, 0, 1, 1, 2, : 1, 1, 2, 1, 4, 1, 8, 3, 1, 1, 2, 2, 1, 7, 2, 3, 6, 1, 1, 2, 
423: 0, 0, 0, 0, 0, 0, 1, 0, 1, 0, 0, 20, 0, 0, 0, 5, 0, 0, 0, 0, 1, 1, 0, 2, 0, 0, 0, 2, 3, 1, 0, 0, 0, 0, 0, 0, 0, 2, 0, 0, : 1, 1, 20, 5, 1, 1, 2, 2, 3, 1, 2, 
133: 0, 0, 0, 0, 0, 0, 0, 0, 1, 0, 0, 0, 0, 24, 18, 1, 0, 6, 0, 0, 4, 0, 0, 9, 0, 1, 0, 0, 0, 9, 0, 0, 1, 0, 1, 0, 2, 1, 0, 0, : 1, 24, 18, 1, 6, 4, 9, 1, 9, 1, 1, 2, 1, 
333: 0, 0, 2, 0, 0, 0, 5, 0, 0, 0, 0, 0, 2, 1, 0, 3, 0, 0, 0, 0, 0, 0, 0, 0, 0, 0, 0, 0, 5, 0, 0, 7, 0, 1, 1, 0, 1, 0, 0, 0, : 2, 5, 2, 1, 3, 5, 7, 1, 1, 1, 
181: 0, 2, 0, 2, 0, 1, 0, 0, 0, 0, 0, 0, 0, 1, 1, 0, 6, 0, 0, 1, 0, 0, 1, 0, 13, 0, 0, 0, 1, 0, 1, 1, 0, 0, 0, 0, 0, 0, 0, 0, : 2, 2, 1, 1, 1, 6, 1, 1, 13, 1, 1, 1, 
43: 2, 16, 0, 1, 0, 0, 0, 0, 0, 0, 0, 0, 0, 0, 0, 0, 0, 0, 0, 19, 0, 0, 4, 0, 11, 1, 0, 5, 0, 0, 0, 0, 0, 0, 1, 0, 2, 1, 8, 0, : 2, 16, 1, 19, 4, 11, 1, 5, 1, 2, 1, 8, 
33: 0, 0, 0, 1, 0, 0, 0, 35, 0, 32, 0, 0, 6, 0, 0, 0, 0, 0, 0, 0, 0, 0, 0, 0, 0, 1, 0, 0, 0, 0, 1, 0, 0, 0, 2, 3, 0, 1, 2, 3, : 1, 35, 32, 6, 1, 1, 2, 3, 1, 2, 3, 
98: 5, 7, 13, 0, 0, 1, 0, 0, 0, 0, 0, 0, 1, 0, 6, 0, 0, 0, 0, 0, 0, 0, 0, 0, 0, 0, 0, 1, 1, 0, 5, 6, 2, 0, 0, 0, 0, 0, 2, 0, : 5, 7, 13, 1, 1, 6, 1, 1, 5, 6, 2, 2, 
171: 1, 0, 0, 21, 0, 6, 0, 0, 6, 0, 0, 0, 1, 0, 12, 1, 1, 1, 0, 0, 1, 0, 0, 2, 0, 0, 1, 3, 0, 0, 0, 3, 0, 0, 1, 13, 0, 1, 0, 0, : 1, 21, 6, 6, 1, 12, 1, 1, 1, 1, 2, 1, 3, 3, 1, 13, 1, 
306: 0, 1, 0, 0, 2, 5, 0, 0, 0, 1, 0, 0, 0, 1, 0, 0, 0, 0, 0, 0, 3, 0, 0, 1, 0, 1, 1, 0, 1, 0, 0, 0, 0, 0, 0, 0, 2, 0, 16, 0, : 1, 2, 5, 1, 1, 3, 1, 1, 1, 1, 2, 16, 
150: 0, 1, 0, 0, 18, 0, 3, 0, 16, 1, 0, 5, 0, 0, 0, 0, 0, 0, 1, 2, 0, 1, 0, 3, 0, 0, 0, 0, 4, 1, 0, 0, 0, 0, 0, 1, 1, 2, 0, 3, : 1, 18, 3, 16, 1, 5, 1, 2, 1, 3, 4, 1, 1, 1, 2, 3, 
23: 0, 0, 0, 0, 1, 0, 0, 0, 0, 3, 1, 0, 0, 0, 0, 1, 0, 0, 0, 0, 0, 0, 0, 1, 0, 0, 1, 1, 1, 0, 0, 0, 4, 0, 0, 0, 0, 1, 0, 1, : 1, 3, 1, 1, 1, 1, 1, 1, 4, 1, 1, 
147: 0, 0, 5, 0, 0, 1, 5, 0, 0, 0, 0, 0, 0, 0, 1, 0, 1, 1, 0, 0, 0, 2, 0, 0, 0, 0, 0, 1, 3, 0, 0, 1, 1, 0, 0, 4, 0, 18, 0, 1, : 5, 1, 5, 1, 1, 1, 2, 1, 3, 1, 1, 4, 18, 1, 
369: 0, 0, 0, 0, 1, 8, 4, 0, 0, 0, 0, 11, 1, 1, 1, 2, 0, 0, 0, 0, 1, 0, 0, 4, 1, 0, 0, 11, 1, 0, 0, 0, 1, 5, 9, 0, 4, 1, 2, 0, : 1, 8, 4, 11, 1, 1, 1, 2, 1, 4, 1, 11, 1, 1, 5, 9, 4, 1, 2, 
338: 0, 0, 0, 0, 0, 1, 1, 0, 0, 0, 0, 0, 3, 0, 0, 4, 0, 0, 0, 0, 0, 2, 0, 2, 4, 12, 1, 0, 1, 0, 1, 0, 0, 1, 0, 0, 22, 1, 7, 0, : 1, 1, 3, 4, 2, 2, 4, 12, 1, 1, 1, 1, 22, 1, 7, 
166: 5, 0, 0, 1, 12, 3, 4, 0, 0, 0, 0, 0, 0, 1, 1, 0, 1, 0, 0, 1, 3, 5, 0, 0, 1, 1, 0, 0, 4, 0, 1, 0, 0, 14, 1, 4, 1, 3, 0, 0, : 5, 1, 12, 3, 4, 1, 1, 1, 1, 3, 5, 1, 1, 4, 1, 14, 1, 4, 1, 3, 
211: 6, 2, 0, 0, 0, 0, 0, 1, 0, 0, 0, 0, 0, 0, 0, 1, 10, 0, 0, 0, 16, 0, 1, 0, 1, 0, 1, 1, 3, 1, 0, 0, 0, 0, 1, 1, 0, 0, 0, 1, : 6, 2, 1, 1, 10, 16, 1, 1, 1, 1, 3, 1, 1, 1, 1, 
323: 0, 1, 0, 0, 1, 1, 2, 0, 1, 0, 0, 0, 0, 1, 0, 0, 2, 13, 0, 1, 0, 0, 0, 0, 2, 0, 0, 0, 1, 0, 0, 0, 0, 0, 1, 0, 0, 0, 1, 0, : 1, 1, 1, 2, 1, 1, 2, 13, 1, 2, 1, 1, 1, 
275: 0, 0, 3, 0, 1, 0, 0, 0, 0, 0, 0, 3, 0, 0, 0, 0, 0, 0, 0, 2, 0, 4, 12, 0, 0, 0, 2, 7, 2, 0, 6, 0, 1, 0, 1, 1, 0, 1, 0, 4, : 3, 1, 3, 2, 4, 12, 2, 7, 2, 6, 1, 1, 1, 1, 4, 
41: 0, 3, 0, 0, 0, 1, 0, 0, 0, 1, 1, 0, 2, 0, 0, 0, 0, 0, 5, 0, 0, 1, 0, 1, 0, 2, 0, 0, 0, 0, 0, 1, 0, 0, 0, 0, 0, 0, 0, 0, : 3, 1, 1, 1, 2, 5, 1, 1, 2, 1, 
102: 0, 0, 0, 0, 0, 0, 0, 0, 0, 0, 0, 0, 1, 1, 0, 0, 0, 0, 0, 0, 0, 11, 20, 1, 1, 0, 1, 4, 0, 0, 0, 12, 4, 0, 0, 0, 1, 1, 0, 1, : 1, 1, 11, 20, 1, 1, 1, 4, 12, 4, 1, 1, 1, 


301: 5, 0, 0, 6, 6, 0, 3, 18, 0, 3, 0, 0, 0, 0, 0, 0, 0, 1, 0, 0, 0, 2, 9, 0, 0, 1, 0, 0, 0, 0, 1, 0, 0, 0, 0, 0, 0, 9, 9, 0, : 5, 6, 6, 3, 18, 3, 1, 2, 9, 1, 1, 9, 9, 
203: 1, 2, 0, 1, 1, 0, 18, 2, 0, 0, 1, 0, 0, 1, 0, 0, 1, 1, 0, 1, 1, 15, 2, 1, 13, 0, 0, 0, 0, 1, 0, 0, 5, 0, 0, 13, 0, 3, 0, 0, : 1, 2, 1, 1, 18, 2, 1, 1, 1, 1, 1, 1, 15, 2, 1, 13, 1, 5, 13, 3, 
16: 0, 0, 0, 0, 0, 0, 0, 3, 1, 0, 0, 1, 0, 0, 0, 1, 0, 15, 4, 1, 0, 0, 0, 0, 2, 7, 3, 0, 1, 0, 0, 0, 5, 0, 0, 0, 1, 0, 0, 0, : 3, 1, 1, 1, 15, 4, 1, 2, 7, 3, 1, 5, 1, 
84: 0, 0, 0, 0, 0, 0, 0, 0, 0, 0, 2, 2, 0, 0, 0, 1, 4, 1, 0, 1, 0, 0, 7, 0, 1, 11, 1, 0, 20, 0, 0, 0, 1, 0, 0, 2, 0, 1, 0, 0, : 2, 2, 1, 4, 1, 1, 7, 1, 11, 1, 20, 1, 2, 1, 
313: 2, 0, 0, 0, 0, 2, 0, 0, 3, 0, 1, 1, 0, 0, 3, 0, 1, 0, 1, 0, 3, 2, 0, 0, 0, 0, 2, 0, 0, 0, 3, 0, 0, 28, 4, 0, 0, 0, 0, 7, : 2, 2, 3, 1, 1, 3, 1, 1, 3, 2, 2, 3, 28, 4, 7, 
401: 1, 0, 0, 2, 0, 0, 0, 5, 0, 0, 2, 18, 0, 0, 0, 0, 1, 0, 0, 0, 1, 0, 0, 0, 0, 0, 2, 0, 0, 0, 0, 4, 1, 1, 4, 2, 0, 1, 0, 0, : 1, 2, 5, 2, 18, 1, 1, 2, 4, 1, 1, 4, 2, 1, 
255: 0, 0, 0, 1, 0, 0, 0, 0, 3, 0, 1, 0, 0, 0, 1, 1, 1, 0, 2, 0, 0, 1, 0, 1, 2, 0, 1, 0, 0, 0, 0, 0, 0, 0, 0, 1, 0, 0, 0, 0, : 1, 3, 1, 1, 1, 1, 2, 1, 1, 2, 1, 1, 
345: 0, 0, 1, 1, 0, 0, 0, 0, 1, 1, 1, 0, 0, 6, 4, 3, 8, 0, 1, 2, 2, 0, 3, 0, 1, 0, 2, 2, 8, 0, 1, 0, 0, 0, 0, 0, 2, 0, 16, 0, : 1, 1, 1, 1, 1, 6, 4, 3, 8, 1, 2, 2, 3, 1, 2, 2, 8, 1, 2, 16, 
145: 13, 17, 0, 0, 1, 1, 8, 0, 0, 0, 3, 0, 0, 9, 0, 0, 0, 0, 1, 0, 7, 0, 0, 0, 0, 0, 1, 0, 0, 0, 1, 0, 15, 0, 0, 0, 0, 0, 0, 1, : 13, 17, 1, 1, 8, 3, 9, 1, 7, 1, 1, 15, 1, 
298: 0, 0, 7, 0, 4, 0, 0, 1, 0, 0, 0, 0, 0, 1, 0, 2, 0, 3, 1, 0, 0, 0, 0, 0, 0, 5, 2, 0, 0, 0, 0, 0, 0, 0, 0, 0, 0, 0, 0, 0, : 7, 4, 1, 1, 2, 3, 1, 5, 2, 
305: 0, 2, 0, 0, 8, 0, 0, 2, 21, 0, 1, 0, 0, 22, 5, 0, 0, 1, 1, 2, 1, 0, 1, 0, 0, 0, 0, 0, 0, 0, 0, 2, 1, 1, 0, 12, 0, 0, 0, 0, : 2, 8, 2, 21, 1, 22, 5, 1, 1, 2, 1, 1, 2, 1, 1, 12, 
19: 0, 0, 1, 0, 0, 0, 0, 0, 0, 0, 9, 0, 0, 0, 3, 0, 0, 1, 8, 0, 0, 0, 1, 0, 1, 0, 1, 0, 0, 0, 1, 0, 0, 0, 0, 0, 0, 2, 0, 0, : 1, 9, 3, 1, 8, 1, 1, 1, 1, 2, 
286: 0, 0, 0, 0, 2, 5, 1, 4, 0, 5, 1, 0, 0, 0, 0, 0, 0, 0, 0, 0, 7, 2, 0, 0, 3, 0, 2, 1, 0, 3, 1, 0, 0, 0, 0, 0, 10, 5, 0, 0, : 2, 5, 1, 4, 5, 1, 7, 2, 3, 2, 1, 3, 1, 10, 5, 
384: 0, 5, 0, 1, 1, 0, 0, 0, 1, 1, 1, 2, 17, 0, 4, 1, 0, 1, 0, 0, 0, 1, 0, 0, 1, 0, 0, 0, 0, 13, 0, 4, 0, 0, 2, 0, 0, 0, 0, 0, : 5, 1, 1, 1, 1, 1, 2, 17, 4, 1, 1, 1, 1, 13, 4, 2, 
162: 0, 0, 2, 1, 1, 3, 1, 0, 0, 2, 0, 0, 0, 0, 0, 0, 0, 0, 1, 2, 1, 3, 0, 6, 0, 2, 1, 0, 0, 0, 0, 2, 2, 0, 0, 0, 2, 0, 0, 0, : 2, 1, 1, 3, 1, 2, 1, 2, 1, 3, 6, 2, 1, 2, 2, 2, 
382: 1, 2, 17, 6, 0, 2, 0, 0, 0, 0, 0, 0, 0, 0, 0, 3, 0, 0, 0, 0, 0, 1, 1, 0, 0, 0, 0, 8, 0, 0, 0, 0, 0, 6, 0, 2, 0, 4, 3, 2, : 1, 2, 17, 6, 2, 3, 1, 1, 8, 6, 2, 4, 3, 2, 
235: 0, 0, 2, 0, 0, 2, 2, 2, 1, 0, 1, 0, 0, 0, 1, 1, 1, 6, 0, 2, 0, 3, 0, 0, 0, 1, 3, 0, 0, 0, 14, 6, 0, 0, 0, 1, 2, 0, 0, 0, : 2, 2, 2, 2, 1, 1, 1, 1, 1, 6, 2, 3, 1, 3, 14, 6, 1, 2, 
310: 0, 0, 1, 0, 0, 0, 0, 0, 0, 0, 1, 0, 14, 0, 0, 19, 0, 5, 0, 0, 0, 0, 11, 0, 0, 0, 1, 0, 0, 0, 6, 0, 0, 0, 1, 0, 0, 0, 0, 0, : 1, 1, 14, 19, 5, 11, 1, 6, 1, 
271: 0, 1, 0, 4, 0, 0, 0, 0, 4, 0, 1, 6, 2, 0, 0, 2, 0, 0, 3, 0, 11, 1, 0, 0, 6, 3, 1, 0, 0, 0, 6, 0, 4, 4, 0, 0, 7, 2, 0, 0, : 1, 4, 4, 1, 6, 2, 2, 3, 11, 1, 6, 3, 1, 6, 4, 4, 7, 2, 
5: 1, 0, 0, 0, 0, 1, 0, 0, 0, 2, 0, 0, 0, 0, 0, 1, 1, 0, 1, 2, 0, 0, 0, 0, 0, 2, 2, 0, 0, 0, 0, 0, 1, 0, 10, 0, 1, 3, 0, 0, : 1, 1, 2, 1, 1, 1, 2, 2, 2, 1, 10, 1, 3, 
247: 0, 9, 0, 13, 0, 5, 0, 1, 0, 1, 1, 0, 0, 1, 0, 0, 14, 1, 0, 0, 0, 1, 0, 0, 2, 2, 1, 0, 6, 0, 0, 21, 0, 0, 1, 0, 1, 0, 0, 1, : 9, 13, 5, 1, 1, 1, 1, 14, 1, 1, 2, 2, 1, 6, 21, 1, 1, 1, 
441: 0, 0, 1, 1, 0, 0, 6, 0, 0, 0, 0, 6, 2, 0, 5, 1, 0, 0, 1, 0, 0, 1, 1, 0, 0, 1, 0, 4, 0, 0, 1, 0, 0, 0, 0, 0, 4, 0, 0, 0, : 1, 1, 6, 6, 2, 5, 1, 1, 1, 1, 1, 4, 1, 4, 
326: 1, 1, 1, 0, 2, 0, 0, 1, 3, 0, 0, 3, 0, 0, 0, 0, 5, 0, 4, 0, 0, 1, 0, 0, 0, 0, 1, 0, 0, 0, 1, 0, 0, 0, 0, 1, 2, 0, 0, 0, : 1, 1, 1, 2, 1, 3, 3, 5, 4, 1, 1, 1, 1, 2, 
6: 0, 1, 0, 0, 1, 18, 0, 0, 0, 0, 1, 0, 2, 0, 12, 0, 0, 0, 2, 0, 0, 1, 1, 0, 1, 0, 7, 0, 0, 19, 2, 0, 0, 0, 0, 0, 1, 8, 3, 0, : 1, 1, 18, 1, 2, 12, 2, 1, 1, 1, 7, 19, 2, 1, 8, 3, 
21: 10, 0, 4, 0, 1, 0, 0, 0, 0, 0, 0, 0, 0, 0, 0, 0, 0, 0, 1, 0, 0, 3, 0, 0, 0, 0, 1, 3, 0, 0, 2, 0, 0, 0, 1, 3, 1, 0, 0, 1, : 10, 4, 1, 1, 3, 1, 3, 2, 1, 3, 1, 1, 
202: 0, 0, 0, 0, 9, 1, 0, 0, 0, 6, 4, 0, 0, 0, 0, 0, 0, 0, 2, 1, 1, 0, 0, 1, 1, 0, 2, 0, 0, 2, 0, 0, 2, 0, 0, 0, 5, 1, 0, 0, : 9, 1, 6, 4, 2, 1, 1, 1, 1, 2, 2, 2, 5, 1, 
210: 1, 0, 2, 0, 1, 0, 1, 0, 1, 16, 6, 1, 0, 0, 1, 0, 0, 0, 1, 0, 0, 1, 0, 0, 0, 5, 1, 0, 0, 1, 0, 0, 1, 0, 0, 1, 0, 0, 5, 0, : 1, 2, 1, 1, 1, 16, 6, 1, 1, 1, 1, 5, 1, 1, 1, 1, 5, 
309: 0, 0, 1, 0, 2, 0, 0, 0, 0, 1, 1, 0, 3, 0, 0, 1, 3, 4, 0, 15, 0, 0, 0, 1, 1, 0, 1, 0, 0, 0, 0, 1, 0, 0, 1, 1, 0, 0, 0, 20, : 1, 2, 1, 1, 3, 1, 3, 4, 15, 1, 1, 1, 1, 1, 1, 20, 
69: 1, 0, 0, 3, 0, 0, 0, 0, 0, 1, 1, 0, 0, 0, 1, 2, 0, 0, 0, 11, 0, 0, 1, 0, 5, 0, 0, 22, 5, 0, 0, 0, 0, 0, 6, 0, 1, 0, 0, 0, : 1, 3, 1, 1, 1, 2, 11, 1, 5, 22, 5, 6, 1, 
352: 3, 0, 0, 0, 0, 0, 0, 1, 1, 1, 0, 0, 0, 0, 0, 1, 0, 0, 5, 0, 5, 1, 2, 30, 0, 0, 1, 0, 0, 1, 0, 0, 2, 0, 10, 1, 0, 1, 4, 8, : 3, 1, 1, 1, 1, 5, 5, 1, 2, 30, 1, 1, 2, 10, 1, 1, 4, 8, 


321: 0, 0, 0, 1, 9, 0, 13, 0, 0, 0, 2, 0, 0, 8, 2, 0, 0, 0, 1, 0, 1, 0, 0, 0, 0, 0, 1, 0, 1, 0, 0, 1, 0, 0, 1, 1, 0, 0, 1, 0, : 1, 9, 13, 2, 8, 2, 1, 1, 1, 1, 1, 1, 1, 1, 
44: 0, 0, 0, 0, 0, 0, 2, 1, 11, 0, 1, 1, 1, 0, 8, 1, 2, 0, 0, 0, 17, 0, 0, 2, 0, 0, 0, 0, 0, 0, 0, 1, 1, 4, 1, 0, 0, 1, 0, 0, : 2, 1, 11, 1, 1, 1, 8, 1, 2, 17, 2, 1, 1, 4, 1, 1, 
29: 0, 0, 0, 0, 3, 0, 2, 0, 0, 0, 0, 3, 1, 0, 0, 0, 0, 1, 0, 0, 0, 1, 20, 0, 0, 0, 0, 0, 3, 1, 0, 0, 0, 0, 10, 0, 0, 0, 0, 0, : 3, 2, 3, 1, 1, 1, 20, 3, 1, 10, 
3: 0, 1, 0, 1, 0, 0, 1, 0, 0, 0, 0, 3, 0, 1, 1, 23, 0, 0, 5, 0, 1, 0, 0, 0, 0, 0, 3, 0, 1, 0, 0, 0, 0, 0, 0, 0, 0, 1, 0, 4, : 1, 1, 1, 3, 1, 1, 23, 5, 1, 3, 1, 1, 4, 
304: 1, 13, 0, 0, 0, 0, 0, 0, 1, 0, 0, 0, 2, 0, 0, 0, 0, 0, 0, 0, 0, 0, 2, 0, 0, 0, 0, 0, 0, 3, 0, 7, 0, 2, 11, 3, 0, 0, 0, 10, : 1, 13, 1, 2, 2, 3, 7, 2, 11, 3, 10, 
436: 0, 0, 1, 0, 0, 2, 0, 0, 0, 9, 3, 0, 1, 0, 0, 0, 0, 2, 2, 2, 0, 1, 12, 0, 0, 0, 1, 0, 0, 0, 0, 0, 0, 0, 1, 1, 1, 1, 0, 0, : 1, 2, 9, 3, 1, 2, 2, 2, 1, 12, 1, 1, 1, 1, 1, 
348: 0, 0, 30, 0, 0, 0, 3, 0, 0, 0, 0, 0, 0, 0, 1, 0, 7, 0, 0, 1, 0, 0, 0, 1, 0, 0, 1, 0, 2, 0, 0, 1, 2, 0, 0, 0, 0, 1, 0, 0, : 30, 3, 1, 7, 1, 1, 1, 2, 1, 2, 1, 
114: 0, 1, 0, 0, 1, 0, 0, 0, 14, 0, 6, 1, 2, 17, 2, 0, 2, 0, 0, 0, 0, 0, 0, 1, 0, 0, 0, 0, 4, 0, 0, 1, 2, 0, 1, 0, 4, 1, 0, 0, : 1, 1, 14, 6, 1, 2, 17, 2, 2, 1, 4, 1, 2, 1, 4, 1, 
103: 0, 0, 1, 0, 0, 23, 1, 0, 0, 0, 0, 1, 0, 1, 2, 0, 0, 0, 0, 1, 0, 0, 0, 1, 3, 0, 0, 0, 0, 0, 0, 1, 12, 0, 5, 0, 0, 1, 0, 1, : 1, 23, 1, 1, 1, 2, 1, 1, 3, 1, 12, 5, 1, 1, 
87: 1, 0, 0, 1, 0, 0, 0, 0, 0, 0, 0, 3, 0, 0, 0, 0, 0, 0, 0, 0, 0, 2, 0, 1, 0, 0, 0, 0, 2, 4, 4, 1, 0, 1, 0, 0, 0, 1, 0, 0, : 1, 1, 3, 2, 1, 2, 4, 4, 1, 1, 1, 
279: 6, 6, 0, 0, 1, 0, 0, 0, 0, 0, 0, 1, 1, 6, 0, 0, 0, 7, 5, 4, 0, 0, 0, 0, 2, 0, 1, 0, 1, 0, 0, 2, 1, 1, 0, 0, 2, 0, 0, 0, : 6, 6, 1, 1, 1, 6, 7, 5, 4, 2, 1, 1, 2, 1, 1, 2, 
154: 0, 6, 0, 1, 1, 0, 1, 3, 7, 0, 0, 1, 0, 0, 16, 0, 0, 0, 0, 1, 1, 6, 0, 1, 1, 15, 2, 0, 0, 8, 0, 1, 1, 0, 0, 0, 0, 2, 5, 2, : 6, 1, 1, 1, 3, 7, 1, 16, 1, 1, 6, 1, 1, 15, 2, 8, 1, 1, 2, 5, 2, 
303: 0, 0, 0, 1, 0, 0, 1, 0, 0, 0, 0, 4, 1, 0, 0, 0, 6, 0, 0, 0, 0, 0, 0, 17, 0, 0, 2, 17, 0, 4, 0, 2, 1, 0, 2, 7, 0, 0, 1, 1, : 1, 1, 4, 1, 6, 17, 2, 17, 4, 2, 1, 2, 7, 1, 1, 
65: 18, 1, 4, 1, 1, 0, 4, 0, 1, 15, 0, 1, 3, 0, 0, 0, 3, 2, 0, 3, 0, 0, 1, 0, 0, 18, 4, 1, 1, 0, 0, 0, 0, 14, 0, 4, 0, 0, 0, 2, : 18, 1, 4, 1, 1, 4, 1, 15, 1, 3, 3, 2, 3, 1, 18, 4, 1, 1, 14, 4, 2, 
400: 0, 0, 0, 6, 1, 0, 0, 0, 0, 0, 10, 0, 3, 0, 0, 0, 0, 1, 0, 0, 0, 0, 0, 0, 0, 0, 1, 0, 1, 0, 11, 1, 0, 0, 0, 0, 0, 0, 1, 0, : 6, 1, 10, 3, 1, 1, 1, 11, 1, 1, 
57: 0, 1, 1, 0, 4, 0, 0, 0, 4, 0, 0, 1, 1, 0, 0, 0, 0, 5, 0, 1, 3, 0, 3, 0, 1, 0, 0, 0, 0, 7, 0, 4, 6, 0, 0, 1, 1, 8, 1, 4, : 1, 1, 4, 4, 1, 1, 5, 1, 3, 3, 1, 7, 4, 6, 1, 1, 8, 1, 4, 
372: 0, 1, 0, 1, 0, 0, 0, 0, 0, 2, 0, 1, 1, 0, 7, 0, 0, 3, 0, 0, 0, 0, 0, 8, 0, 0, 1, 0, 2, 3, 0, 1, 0, 0, 0, 0, 0, 5, 1, 0, : 1, 1, 2, 1, 1, 7, 3, 8, 1, 2, 3, 1, 5, 1, 
329: 4, 0, 2, 0, 3, 0, 0, 0, 1, 0, 0, 0, 1, 0, 0, 0, 0, 0, 0, 0, 0, 0, 0, 1, 0, 0, 1, 20, 0, 0, 3, 5, 0, 2, 0, 0, 0, 0, 0, 0, : 4, 2, 3, 1, 1, 1, 1, 20, 3, 5, 2, 
169: 1, 0, 0, 0, 1, 0, 1, 9, 0, 0, 1, 3, 1, 5, 0, 0, 0, 0, 1, 0, 2, 0, 0, 0, 0, 0, 2, 0, 1, 2, 0, 0, 0, 4, 0, 5, 0, 0, 0, 0, : 1, 1, 1, 9, 1, 3, 1, 5, 1, 2, 2, 1, 2, 4, 5, 
215: 3, 1, 0, 0, 0, 0, 0, 6, 0, 0, 0, 1, 1, 0, 0, 0, 0, 0, 0, 8, 1, 0, 1, 0, 0, 0, 2, 0, 0, 0, 0, 2, 0, 0, 1, 0, 0, 0, 1, 14, : 3, 1, 6, 1, 1, 8, 1, 1, 2, 2, 1, 1, 14, 
409: 0, 2, 0, 5, 0, 0, 1, 1, 0, 0, 0, 7, 3, 0, 0, 11, 0, 0, 0, 1, 1, 0, 0, 1, 0, 0, 1, 0, 4, 0, 1, 0, 0, 0, 0, 1, 0, 1, 1, 0, : 2, 5, 1, 1, 7, 3, 11, 1, 1, 1, 1, 4, 1, 1, 1, 1, 
339: 0, 1, 0, 0, 0, 0, 0, 0, 0, 0, 6, 1, 2, 1, 0, 0, 2, 3, 0, 1, 0, 0, 0, 2, 1, 0, 0, 0, 0, 0, 2, 1, 0, 0, 0, 0, 0, 2, 1, 1, : 1, 6, 1, 2, 1, 2, 3, 1, 2, 1, 2, 1, 2, 1, 1, 
132: 2, 0, 1, 0, 8, 0, 4, 0, 0, 0, 0, 1, 0, 0, 0, 0, 16, 0, 1, 1, 0, 0, 0, 0, 1, 0, 0, 0, 16, 0, 18, 2, 3, 8, 0, 1, 0, 0, 4, 0, : 2, 1, 8, 4, 1, 16, 1, 1, 1, 16, 18, 2, 3, 8, 1, 4, 
414: 1, 3, 0, 0, 5, 1, 1, 1, 0, 0, 0, 0, 1, 1, 0, 0, 0, 1, 7, 0, 0, 11, 0, 1, 11, 0, 3, 1, 0, 0, 0, 1, 0, 0, 0, 16, 20, 1, 6, 0, : 1, 3, 5, 1, 1, 1, 1, 1, 1, 7, 11, 1, 11, 3, 1, 1, 16, 20, 1, 6, 
24: 1, 2, 0, 1, 1, 0, 0, 0, 0, 0, 11, 5, 0, 0, 0, 0, 0, 3, 3, 0, 1, 0, 0, 0, 1, 1, 11, 1, 0, 0, 0, 0, 1, 0, 5, 0, 0, 0, 8, 0, : 1, 2, 1, 1, 11, 5, 3, 3, 1, 1, 1, 11, 1, 1, 5, 8, 
122: 0, 0, 0, 0, 0, 1, 2, 0, 0, 1, 0, 0, 5, 0, 0, 0, 1, 2, 15, 8, 0, 0, 0, 1, 0, 0, 0, 0, 1, 0, 0, 1, 1, 3, 0, 0, 0, 8, 0, 0, : 1, 2, 1, 5, 1, 2, 15, 8, 1, 1, 1, 1, 3, 8, 
153: 0, 0, 0, 0, 0, 0, 0, 0, 0, 0, 0, 1, 1, 0, 0, 0, 0, 6, 0, 4, 10, 18, 0, 1, 12, 6, 0, 0, 0, 0, 1, 1, 0, 0, 1, 0, 0, 4, 0, 0, : 1, 1, 6, 4, 10, 18, 1, 12, 6, 1, 1, 1, 4, 
251: 0, 0, 0, 0, 1, 13, 0, 1, 0, 0, 0, 0, 1, 0, 0, 1, 0, 0, 0, 0, 1, 1, 1, 0, 6, 0, 3, 0, 0, 0, 0, 1, 8, 0, 0, 0, 3, 0, 2, 0, : 1, 13, 1, 1, 1, 1, 1, 1, 6, 3, 1, 8, 3, 2, 
144: 0, 1, 0, 21, 0, 0, 1, 18, 1, 13, 0, 0, 2, 0, 0, 4, 0, 4, 0, 3, 0, 0, 0, 0, 1, 0, 0, 0, 0, 8, 0, 1, 1, 1, 1, 0, 1, 2, 1, 1, : 1, 21, 1, 18, 1, 13, 2, 4, 4, 3, 1, 8, 1, 1, 1, 1, 1, 2, 1, 1, 
431: 2, 0, 0, 0, 0, 0, 2, 0, 0, 0, 0, 0, 5, 0, 1, 0, 1, 0, 0, 1, 1, 0, 0, 1, 0, 0, 0, 0, 0, 0, 0, 1, 0, 0, 0, 0, 8, 0, 6, 0, : 2, 2, 5, 1, 1, 1, 1, 1, 1, 8, 6, 


411: 0, 17, 1, 0, 0, 0, 0, 0, 16, 2, 0, 1, 1, 0, 0, 0, 1, 0, 9, 0, 0, 0, 0, 13, 2, 1, 0, 20, 0, 0, 2, 0, 0, 0, 0, 7, 0, 1, 1, 0, : 17, 1, 16, 2, 1, 1, 1, 9, 13, 2, 1, 20, 2, 7, 1, 1, 
35: 0, 0, 0, 0, 1, 26, 15, 3, 0, 0, 0, 0, 1, 0, 0, 0, 0, 4, 0, 0, 0, 0, 0, 0, 0, 7, 0, 1, 8, 2, 0, 0, 0, 0, 17, 0, 0, 1, 1, 1, : 1, 26, 15, 3, 1, 4, 7, 1, 8, 2, 17, 1, 1, 1, 
378: 0, 0, 0, 3, 3, 1, 0, 0, 0, 0, 0, 2, 0, 1, 0, 0, 0, 0, 0, 1, 0, 0, 0, 0, 3, 0, 0, 0, 7, 0, 0, 0, 0, 0, 1, 2, 0, 2, 0, 0, : 3, 3, 1, 2, 1, 1, 3, 7, 1, 2, 2, 
201: 0, 0, 0, 0, 1, 0, 0, 0, 0, 0, 5, 0, 0, 0, 0, 0, 0, 0, 0, 1, 0, 0, 0, 0, 0, 0, 14, 1, 0, 1, 0, 0, 0, 23, 0, 0, 0, 1, 0, 0, : 1, 5, 1, 14, 1, 1, 23, 1, 
416: 0, 20, 7, 0, 0, 0, 0, 0, 0, 0, 0, 0, 0, 0, 0, 0, 0, 0, 0, 1, 1, 1, 0, 5, 0, 0, 0, 0, 1, 0, 2, 0, 0, 0, 1, 0, 0, 0, 0, 0, : 20, 7, 1, 1, 1, 5, 1, 2, 1, 
243: 0, 0, 0, 28, 0, 0, 0, 7, 1, 0, 0, 0, 0, 4, 0, 0, 5, 0, 1, 0, 1, 5, 1, 3, 0, 0, 0, 0, 0, 0, 0, 0, 0, 0, 0, 0, 0, 0, 0, 0, : 28, 7, 1, 4, 5, 1, 1, 5, 1, 3, 
443: 2, 0, 3, 0, 1, 2, 0, 0, 19, 0, 1, 0, 0, 1, 0, 1, 0, 1, 0, 0, 5, 0, 0, 0, 0, 0, 0, 1, 0, 0, 0, 0, 12, 0, 0, 0, 0, 0, 0, 0, : 2, 3, 1, 2, 19, 1, 1, 1, 1, 5, 1, 12, 
267: 0, 0, 0, 0, 17, 0, 0, 2, 2, 0, 5, 1, 0, 0, 0, 1, 1, 0, 0, 1, 19, 1, 0, 1, 0, 0, 1, 0, 22, 0, 0, 0, 0, 1, 1, 10, 0, 1, 8, 1, : 17, 2, 2, 5, 1, 1, 1, 1, 19, 1, 1, 1, 22, 1, 1, 10, 1, 8, 1, 
100: 1, 0, 0, 0, 0, 0, 0, 0, 0, 0, 0, 0, 0, 1, 0, 0, 0, 0, 6, 0, 1, 0, 1, 0, 1, 0, 0, 1, 0, 0, 2, 0, 0, 1, 0, 1, 0, 0, 2, 1, : 1, 1, 6, 1, 1, 1, 1, 2, 1, 1, 2, 1, 
50: 0, 0, 1, 0, 0, 0, 0, 1, 0, 0, 0, 0, 0, 0, 0, 0, 0, 0, 0, 0, 0, 0, 0, 0, 1, 0, 0, 0, 0, 0, 10, 22, 0, 0, 0, 0, 0, 1, 0, 10, : 1, 1, 1, 10, 22, 1, 10, 
311: 0, 1, 12, 0, 0, 0, 0, 4, 0, 0, 0, 0, 0, 0, 0, 0, 1, 0, 0, 0, 0, 0, 0, 1, 0, 0, 0, 2, 0, 0, 0, 0, 0, 1, 1, 1, 0, 1, 0, 0, : 1, 12, 4, 1, 1, 2, 1, 1, 1, 1, 
366: 1, 0, 0, 1, 3, 0, 0, 0, 0, 0, 1, 0, 0, 0, 0, 0, 0, 0, 0, 1, 0, 0, 0, 1, 0, 0, 0, 1, 0, 0, 1, 4, 1, 0, 15, 1, 0, 1, 0, 17, : 1, 1, 3, 1, 1, 1, 1, 1, 4, 1, 15, 1, 1, 17, 
444: 1, 0, 0, 0, 0, 0, 0, 0, 0, 0, 0, 0, 0, 0, 0, 4, 0, 0, 0, 1, 0, 0, 0, 1, 13, 0, 0, 1, 0, 0, 1, 0, 0, 2, 0, 4, 0, 1, 0, 0, : 1, 4, 1, 1, 13, 1, 1, 2, 4, 1, 
52: 1, 0, 0, 0, 0, 0, 0, 1, 0, 0, 0, 0, 6, 0, 1, 24, 0, 0, 0, 1, 1, 0, 1, 0, 0, 0, 0, 0, 0, 0, 0, 0, 0, 2, 0, 1, 3, 3, 0, 7, : 1, 1, 6, 1, 24, 1, 1, 1, 2, 1, 3, 3, 7, 
191: 0, 0, 0, 0, 0, 0, 3, 3, 0, 0, 1, 2, 1, 0, 0, 0, 0, 0, 0, 0, 0, 1, 1, 0, 1, 0, 0, 1, 0, 1, 0, 0, 4, 0, 0, 0, 0, 0, 0, 1, : 3, 3, 1, 2, 1, 1, 1, 1, 1, 1, 4, 1, 
113: 0, 0, 0, 0, 1, 0, 0, 1, 1, 0, 0, 0, 2, 0, 0, 0, 0, 1, 0, 1, 2, 6, 5, 1, 0, 0, 0, 0, 0, 0, 0, 0, 0, 0, 0, 0, 0, 0, 0, 0, : 1, 1, 1, 2, 1, 1, 2, 6, 5, 1, 
273: 0, 0, 2, 0, 0, 0, 0, 1, 1, 0, 0, 0, 14, 1, 3, 0, 0, 0, 0, 1, 1, 0, 0, 0, 0, 12, 1, 1, 0, 0, 2, 9, 0, 0, 0, 0, 0, 1, 0, 0, : 2, 1, 1, 14, 1, 3, 1, 1, 12, 1, 1, 2, 9, 1, 
74: 0, 0, 0, 0, 2, 0, 0, 1, 0, 0, 6, 0, 0, 0, 0, 1, 0, 0, 5, 1, 3, 2, 0, 1, 0, 0, 17, 1, 1, 2, 0, 0, 0, 0, 1, 0, 6, 2, 0, 0, : 2, 1, 6, 1, 5, 1, 3, 2, 1, 17, 1, 1, 2, 1, 6, 2, 
248: 5, 0, 0, 0, 3, 4, 0, 0, 0, 9, 1, 0, 0, 0, 0, 3, 0, 0, 14, 0, 0, 0, 1, 0, 8, 3, 0, 1, 0, 0, 0, 0, 2, 0, 0, 0, 0, 1, 0, 0, : 5, 3, 4, 9, 1, 3, 14, 1, 8, 3, 1, 2, 1, 
412: 0, 0, 0, 2, 0, 0, 15, 0, 0, 0, 0, 0, 2, 19, 17, 0, 0, 0, 0, 0, 1, 1, 1, 1, 0, 0, 0, 2, 0, 0, 15, 0, 1, 0, 0, 0, 4, 3, 0, 1, : 2, 15, 2, 19, 17, 1, 1, 1, 1, 2, 15, 1, 4, 3, 1, 
367: 0, 0, 2, 0, 3, 2, 0, 1, 0, 0, 3, 8, 8, 0, 0, 6, 0, 4, 2, 2, 0, 0, 0, 0, 0, 0, 0, 0, 0, 0, 1, 0, 20, 0, 0, 0, 0, 0, 0, 0, : 2, 3, 2, 1, 3, 8, 8, 6, 4, 2, 2, 1, 20, 
207: 1, 0, 10, 0, 0, 1, 0, 13, 0, 17, 0, 0, 0, 1, 0, 0, 1, 1, 0, 3, 0, 0, 11, 0, 0, 0, 0, 0, 0, 0, 0, 0, 0, 0, 0, 0, 27, 1, 11, 0, : 1, 10, 1, 13, 17, 1, 1, 1, 3, 11, 27, 1, 11, 
18: 0, 0, 0, 0, 0, 0, 0, 0, 0, 0, 1, 0, 1, 0, 0, 0, 11, 12, 0, 0, 0, 0, 0, 0, 6, 17, 0, 0, 0, 0, 0, 0, 0, 0, 0, 5, 0, 1, 0, 0, : 1, 1, 11, 12, 6, 17, 5, 1, 
295: 0, 0, 0, 0, 1, 0, 0, 0, 0, 6, 0, 8, 1, 11, 0, 0, 0, 0, 0, 4, 0, 0, 0, 1, 0, 0, 0, 0, 0, 0, 2, 0, 0, 1, 2, 1, 0, 9, 0, 1, : 1, 6, 8, 1, 11, 4, 1, 2, 1, 2, 1, 9, 1, 
94: 0, 0, 0, 2, 0, 1, 0, 0, 0, 2, 0, 0, 0, 0, 0, 0, 0, 0, 0, 2, 0, 20, 0, 1, 4, 0, 0, 3, 0, 34, 2, 0, 0, 8, 0, 4, 0, 1, 0, 0, : 2, 1, 2, 2, 20, 1, 4, 3, 34, 2, 8, 4, 1, 
276: 26, 2, 0, 1, 0, 2, 0, 0, 0, 0, 0, 4, 1, 0, 3, 0, 1, 12, 0, 4, 5, 0, 9, 2, 0, 0, 0, 1, 0, 0, 0, 0, 0, 0, 1, 2, 0, 1, 7, 0, : 26, 2, 1, 2, 4, 1, 3, 1, 12, 4, 5, 9, 2, 1, 1, 2, 1, 7, 
213: 0, 0, 0, 0, 1, 0, 0, 1, 0, 0, 0, 0, 0, 0, 0, 0, 2, 3, 0, 11, 0, 1, 1, 8, 0, 0, 0, 0, 1, 0, 0, 3, 0, 0, 0, 0, 0, 1, 2, 0, : 1, 1, 2, 3, 11, 1, 1, 8, 1, 3, 1, 2, 
70: 0, 0, 2, 3, 1, 0, 7, 0, 0, 0, 0, 3, 2, 0, 15, 0, 4, 2, 0, 0, 0, 2, 6, 0, 0, 0, 5, 1, 0, 0, 0, 2, 0, 0, 0, 0, 0, 1, 8, 0, : 2, 3, 1, 7, 3, 2, 15, 4, 2, 2, 6, 5, 1, 2, 1, 8, 
354: 0, 0, 0, 0, 0, 0, 0, 1, 0, 4, 7, 0, 0, 1, 0, 0, 5, 0, 0, 0, 0, 0, 0, 0, 0, 0, 0, 1, 0, 0, 0, 0, 0, 0, 0, 1, 0, 3, 0, 0, : 1, 4, 7, 1, 5, 1, 1, 3, 
7: 2, 0, 0, 0, 2, 1, 0, 0, 0, 0, 9, 11, 0, 0, 1, 0, 8, 0, 3, 4, 0, 0, 2, 0, 1, 0, 2, 0, 0, 0, 0, 0, 0, 1, 0, 0, 0, 2, 0, 0, : 2, 2, 1, 9, 11, 1, 8, 3, 4, 2, 1, 2, 1, 2, 


268: 1, 0, 0, 1, 0, 0, 0, 0, 1, 0, 0, 1, 0, 0, 0, 0, 0, 0, 0, 0, 0, 1, 0, 0, 0, 1, 0, 1, 6, 19, 0, 0, 1, 8, 5, 1, 0, 0, 0, 0, : 1, 1, 1, 1, 1, 1, 1, 6, 19, 1, 8, 5, 1, 
419: 0, 0, 1, 0, 0, 0, 2, 0, 0, 0, 0, 0, 7, 0, 0, 2, 0, 7, 0, 0, 12, 1, 0, 2, 0, 0, 1, 5, 0, 0, 0, 0, 6, 1, 0, 0, 0, 0, 0, 0, : 1, 2, 7, 2, 7, 12, 1, 2, 1, 5, 6, 1, 
231: 0, 0, 1, 4, 0, 0, 13, 0, 12, 1, 0, 0, 9, 4, 0, 2, 0, 0, 1, 0, 0, 7, 1, 0, 0, 0, 0, 0, 0, 1, 2, 0, 0, 0, 0, 0, 1, 1, 7, 0, : 1, 4, 13, 12, 1, 9, 4, 2, 1, 7, 1, 1, 2, 1, 1, 7, 
67: 1, 2, 0, 0, 0, 0, 1, 1, 6, 4, 0, 0, 1, 0, 0, 1, 0, 2, 1, 0, 0, 0, 1, 8, 0, 0, 0, 1, 0, 0, 0, 0, 1, 1, 0, 0, 7, 0, 24, 0, : 1, 2, 1, 1, 6, 4, 1, 1, 2, 1, 1, 8, 1, 1, 1, 7, 24, 
363: 0, 10, 1, 1, 0, 0, 1, 1, 0, 0, 0, 0, 5, 0, 2, 0, 0, 0, 1, 10, 0, 0, 0, 1, 2, 0, 0, 0, 0, 0, 0, 0, 0, 0, 0, 2, 1, 7, 0, 0, : 10, 1, 1, 1, 1, 5, 2, 1, 10, 1, 2, 2, 1, 7, 
405: 0, 0, 0, 1, 0, 0, 0, 1, 1, 3, 0, 0, 0, 1, 0, 2, 33, 0, 2, 0, 0, 3, 1, 1, 0, 0, 0, 0, 0, 0, 0, 1, 0, 7, 2, 0, 0, 0, 0, 16, : 1, 1, 1, 3, 1, 2, 33, 2, 3, 1, 1, 1, 7, 2, 16, 
222: 0, 0, 0, 0, 0, 10, 0, 4, 0, 0, 1, 0, 0, 1, 0, 0, 0, 0, 1, 0, 0, 0, 6, 0, 1, 0, 1, 1, 0, 1, 3, 0, 0, 0, 1, 0, 0, 0, 0, 0, : 10, 4, 1, 1, 1, 6, 1, 1, 1, 1, 3, 1, 
385: 0, 0, 0, 0, 0, 1, 0, 0, 0, 0, 0, 0, 0, 0, 0, 1, 0, 12, 0, 0, 0, 1, 6, 3, 0, 0, 0, 1, 0, 0, 0, 1, 0, 0, 0, 0, 0, 0, 0, 1, : 1, 1, 12, 1, 6, 3, 1, 1, 1, 
53: 1, 6, 0, 0, 0, 0, 0, 1, 0, 0, 1, 20, 1, 0, 3, 0, 0, 1, 1, 1, 0, 0, 0, 0, 0, 0, 0, 2, 3, 0, 3, 0, 0, 0, 0, 0, 0, 0, 0, 1, : 1, 6, 1, 1, 20, 1, 3, 1, 1, 1, 2, 3, 3, 1, 
346: 0, 2, 0, 0, 0, 0, 6, 0, 0, 1, 2, 1, 0, 0, 0, 1, 6, 0, 0, 0, 0, 0, 4, 0, 2, 0, 1, 4, 0, 0, 0, 0, 0, 0, 0, 0, 0, 21, 0, 0, : 2, 6, 1, 2, 1, 1, 6, 4, 2, 1, 4, 21, 
388: 0, 0, 0, 0, 0, 0, 0, 0, 0, 0, 1, 0, 0, 7, 0, 0, 0, 0, 4, 0, 0, 5, 1, 0, 0, 13, 1, 0, 0, 0, 0, 0, 0, 0, 0, 0, 0, 0, 0, 0, : 1, 7, 4, 5, 1, 13, 1, 
237: 4, 0, 0, 0, 1, 0, 0, 11, 2, 4, 0, 0, 2, 0, 0, 0, 0, 0, 2, 0, 1, 0, 0, 10, 1, 0, 1, 1, 0, 1, 0, 5, 0, 3, 0, 1, 0, 1, 0, 0, : 4, 1, 11, 2, 4, 2, 2, 1, 10, 1, 1, 1, 1, 5, 3, 1, 1, 
93: 1, 1, 0, 0, 0, 7, 0, 0, 0, 1, 1, 0, 0, 0, 0, 2, 0, 0, 0, 0, 0, 0, 1, 0, 0, 0, 0, 0, 24, 0, 10, 2, 0, 0, 1, 0, 0, 0, 0, 0, : 1, 1, 7, 1, 1, 2, 1, 24, 10, 2, 1, 
241: 1, 0, 19, 0, 0, 0, 0, 0, 4, 0, 2, 0, 0, 0, 0, 2, 0, 0, 0, 0, 0, 0, 0, 1, 0, 0, 3, 8, 0, 0, 2, 0, 0, 0, 1, 0, 3, 0, 1, 3, : 1, 19, 4, 2, 2, 1, 3, 8, 2, 1, 3, 1, 3, 
245: 1, 0, 0, 1, 0, 0, 0, 1, 0, 1, 1, 0, 0, 0, 0, 0, 0, 1, 1, 0, 1, 2, 1, 1, 1, 0, 1, 1, 0, 0, 0, 0, 0, 0, 0, 0, 3, 0, 0, 1, : 1, 1, 1, 1, 1, 1, 1, 1, 2, 1, 1, 1, 1, 1, 3, 1, 
417: 4, 0, 0, 0, 0, 0, 3, 0, 1, 0, 0, 0, 0, 0, 2, 0, 0, 1, 0, 10, 0, 0, 1, 10, 0, 0, 3, 1, 1, 1, 0, 0, 0, 0, 0, 0, 5, 0, 0, 0, : 4, 3, 1, 2, 1, 10, 1, 10, 3, 1, 1, 1, 5, 
386: 0, 9, 1, 0, 2, 0, 0, 0, 2, 0, 0, 5, 0, 10, 0, 1, 0, 0, 3, 1, 0, 0, 1, 0, 0, 0, 3, 1, 1, 0, 4, 1, 1, 1, 0, 1, 10, 2, 0, 0, : 9, 1, 2, 2, 5, 10, 1, 3, 1, 1, 3, 1, 1, 4, 1, 1, 1, 1, 10, 2, 
410: 0, 0, 10, 5, 0, 0, 0, 0, 1, 1, 17, 0, 0, 3, 0, 11, 0, 0, 0, 2, 24, 0, 0, 0, 8, 0, 3, 0, 0, 4, 1, 0, 0, 2, 0, 0, 0, 0, 0, 11, : 10, 5, 1, 1, 17, 3, 11, 2, 24, 8, 3, 4, 1, 2, 11, 
55: 2, 0, 1, 0, 0, 0, 1, 1, 0, 1, 6, 0, 0, 0, 1, 1, 0, 0, 0, 0, 0, 1, 5, 0, 13, 22, 0, 1, 3, 0, 1, 1, 0, 0, 3, 0, 1, 0, 0, 0, : 2, 1, 1, 1, 1, 6, 1, 1, 1, 5, 13, 22, 1, 3, 1, 1, 3, 1, 
335: 1, 2, 0, 0, 0, 0, 0, 1, 0, 3, 1, 0, 0, 0, 0, 7, 0, 0, 0, 0, 0, 0, 1, 0, 2, 0, 0, 0, 0, 0, 0, 0, 0, 0, 0, 0, 1, 0, 1, 0, : 1, 2, 1, 3, 1, 7, 1, 2, 1, 1, 
446: 0, 1, 1, 1, 0, 0, 0, 11, 1, 0, 2, 7, 0, 11, 14, 1, 0, 0, 0, 0, 0, 0, 1, 1, 2, 0, 9, 0, 0, 0, 0, 26, 0, 0, 25, 0, 0, 3, 0, 0, : 1, 1, 1, 11, 1, 2, 7, 11, 14, 1, 1, 1, 2, 9, 26, 25, 3, 
195: 0, 0, 2, 22, 22, 0, 2, 1, 2, 8, 0, 1, 0, 0, 4, 0, 0, 0, 4, 0, 0, 1, 1, 0, 1, 0, 0, 2, 1, 0, 3, 0, 0, 12, 0, 0, 2, 0, 0, 0, : 2, 22, 22, 2, 1, 2, 8, 1, 4, 4, 1, 1, 1, 2, 1, 3, 12, 2, 
190: 1, 0, 0, 0, 7, 21, 1, 1, 3, 0, 0, 0, 0, 2, 0, 5, 0, 8, 1, 0, 1, 1, 0, 0, 4, 0, 2, 2, 0, 0, 0, 0, 0, 0, 0, 0, 0, 2, 0, 0, : 1, 7, 21, 1, 1, 3, 2, 5, 8, 1, 1, 1, 4, 2, 2, 2, 
111: 2, 0, 2, 1, 0, 0, 0, 5, 0, 2, 0, 0, 0, 0, 0, 0, 1, 3, 1, 7, 0, 4, 0, 0, 0, 0, 4, 3, 0, 0, 1, 0, 6, 1, 0, 0, 0, 1, 0, 1, : 2, 2, 1, 5, 2, 1, 3, 1, 7, 4, 4, 3, 1, 6, 1, 1, 1, 
257: 11, 1, 0, 1, 0, 0, 0, 0, 0, 0, 0, 0, 0, 0, 1, 0, 0, 1, 6, 0, 1, 6, 0, 0, 0, 1, 0, 0, 0, 3, 8, 0, 0, 0, 2, 5, 3, 0, 0, 0, : 11, 1, 1, 1, 1, 6, 1, 6, 1, 3, 8, 2, 5, 3, 
246: 0, 0, 1, 0, 0, 0, 0, 0, 1, 1, 0, 0, 0, 0, 2, 0, 0, 1, 0, 0, 0, 0, 7, 0, 0, 0, 0, 1, 1, 0, 1, 0, 0, 0, 0, 8, 0, 0, 6, 1, : 1, 1, 1, 2, 1, 7, 1, 1, 1, 8, 6, 1, 
402: 1, 0, 0, 0, 5, 0, 0, 0, 0, 1, 0, 3, 0, 0, 0, 1, 0, 0, 9, 3, 0, 0, 1, 1, 0, 0, 2, 2, 0, 0, 1, 0, 0, 0, 0, 1, 3, 0, 0, 1, : 1, 5, 1, 3, 1, 9, 3, 1, 1, 2, 2, 1, 1, 3, 1, 
135: 1, 5, 0, 1, 3, 1, 2, 0, 2, 0, 5, 0, 0, 0, 3, 0, 0, 0, 0, 2, 0, 7, 0, 1, 0, 0, 5, 0, 0, 0, 0, 2, 22, 1, 0, 21, 0, 1, 0, 3, : 1, 5, 1, 3, 1, 2, 2, 5, 3, 2, 7, 1, 5, 2, 22, 1, 21, 1, 3, 
322: 5, 0, 0, 1, 0, 0, 0, 0, 0, 6, 0, 2, 15, 1, 8, 0, 0, 3, 0, 3, 0, 0, 0, 0, 3, 0, 0, 2, 0, 0, 0, 1, 0, 3, 0, 0, 0, 0, 0, 1, : 5, 1, 6, 2, 15, 1, 8, 3, 3, 3, 2, 1, 3, 1, 
200: 2, 1, 0, 0, 0, 0, 8, 0, 1, 2, 0, 0, 0, 0, 0, 0, 0, 0, 2, 1, 0, 0, 0, 0, 0, 3, 0, 0, 0, 10, 0, 0, 3, 0, 0, 0, 0, 1, 1, 0, : 2, 1, 8, 1, 2, 2, 1, 3, 10, 3, 1, 1, 


332: 0, 0, 2, 0, 0, 2, 0, 3, 2, 0, 1, 0, 0, 3, 0, 0, 0, 0, 6, 0, 14, 1, 0, 0, 1, 0, 0, 0, 0, 0, 0, 6, 0, 7, 1, 0, 0, 0, 1, 3, : 2, 2, 3, 2, 1, 3, 6, 14, 1, 1, 6, 7, 1, 1, 3, 
336: 0, 0, 1, 0, 1, 1, 0, 15, 1, 0, 0, 0, 0, 0, 5, 0, 0, 0, 0, 1, 0, 0, 0, 0, 1, 0, 0, 0, 0, 0, 0, 0, 0, 0, 8, 0, 0, 0, 0, 4, : 1, 1, 1, 15, 1, 5, 1, 1, 8, 4, 
277: 2, 0, 0, 0, 0, 0, 2, 0, 0, 0, 0, 0, 0, 1, 0, 1, 1, 0, 0, 0, 0, 1, 1, 0, 0, 0, 0, 1, 0, 1, 0, 2, 0, 1, 1, 0, 0, 2, 0, 1, : 2, 2, 1, 1, 1, 1, 1, 1, 1, 2, 1, 1, 2, 1, 
297: 0, 0, 0, 0, 0, 0, 1, 0, 4, 2, 0, 0, 1, 0, 5, 19, 0, 0, 2, 1, 2, 0, 8, 2, 0, 0, 8, 0, 0, 12, 1, 0, 0, 2, 0, 0, 2, 3, 0, 0, : 1, 4, 2, 1, 5, 19, 2, 1, 2, 8, 2, 8, 12, 1, 2, 2, 3, 
178: 0, 0, 0, 0, 0, 2, 0, 0, 0, 12, 0, 20, 0, 1, 0, 1, 1, 0, 1, 0, 0, 4, 0, 0, 0, 0, 6, 0, 1, 0, 1, 0, 27, 0, 0, 0, 0, 0, 0, 0, : 2, 12, 20, 1, 1, 1, 1, 4, 6, 1, 1, 27, 
161: 0, 0, 3, 2, 0, 2, 7, 0, 0, 0, 0, 12, 0, 1, 4, 5, 0, 7, 0, 0, 0, 0, 0, 0, 0, 0, 0, 3, 0, 7, 0, 1, 12, 0, 0, 0, 0, 1, 0, 1, : 3, 2, 2, 7, 12, 1, 4, 5, 7, 3, 7, 1, 12, 1, 1, 
49: 1, 3, 20, 1, 0, 2, 0, 0, 0, 0, 0, 0, 1, 7, 0, 0, 0, 0, 1, 0, 0, 0, 4, 0, 0, 0, 0, 0, 0, 0, 0, 0, 0, 0, 1, 0, 0, 1, 0, 1, : 1, 3, 20, 1, 2, 1, 7, 1, 4, 1, 1, 1, 
324: 4, 0, 0, 0, 0, 0, 3, 0, 2, 0, 7, 0, 0, 0, 1, 0, 3, 0, 1, 0, 0, 0, 0, 0, 0, 0, 11, 0, 0, 0, 16, 0, 0, 3, 1, 0, 0, 0, 0, 1, : 4, 3, 2, 7, 1, 3, 1, 11, 16, 3, 1, 1, 
130: 0, 0, 0, 2, 0, 1, 0, 1, 0, 2, 7, 0, 1, 2, 0, 0, 0, 0, 2, 3, 6, 0, 12, 0, 3, 0, 0, 0, 0, 0, 0, 0, 0, 0, 0, 0, 13, 1, 0, 1, : 2, 1, 1, 2, 7, 1, 2, 2, 3, 6, 12, 3, 13, 1, 1, 
368: 1, 3, 0, 8, 9, 0, 8, 1, 0, 1, 0, 6, 5, 0, 1, 0, 1, 0, 1, 0, 0, 1, 0, 19, 0, 0, 0, 0, 0, 6, 1, 0, 0, 0, 2, 1, 0, 0, 26, 0, : 1, 3, 8, 9, 8, 1, 1, 6, 5, 1, 1, 1, 1, 19, 6, 1, 2, 1, 26, 
280: 1, 3, 0, 0, 26, 1, 1, 0, 1, 0, 0, 0, 3, 1, 0, 0, 0, 0, 1, 1, 3, 5, 0, 0, 0, 0, 0, 0, 0, 1, 0, 4, 0, 0, 0, 1, 1, 0, 1, 0, : 1, 3, 26, 1, 1, 1, 3, 1, 1, 1, 3, 5, 1, 4, 1, 1, 1, 
448: 0, 0, 0, 1, 1, 1, 10, 0, 0, 0, 1, 1, 0, 1, 0, 0, 0, 2, 0, 0, 0, 0, 0, 1, 0, 19, 0, 1, 1, 0, 0, 0, 1, 0, 0, 2, 5, 1, 5, 1, : 1, 1, 1, 10, 1, 1, 1, 2, 1, 19, 1, 1, 1, 2, 5, 1, 5, 1, 
62: 0, 0, 2, 0, 3, 1, 2, 1, 1, 0, 1, 0, 0, 9, 1, 0, 1, 1, 0, 0, 0, 1, 0, 7, 0, 0, 0, 8, 0, 0, 0, 3, 0, 0, 2, 0, 0, 1, 0, 0, : 2, 3, 1, 2, 1, 1, 1, 9, 1, 1, 1, 1, 7, 8, 3, 2, 1, 
75: 0, 0, 0, 10, 0, 0, 0, 0, 11, 1, 0, 0, 2, 0, 2, 2, 0, 0, 0, 0, 0, 5, 1, 0, 1, 1, 0, 0, 2, 1, 0, 2, 0, 0, 3, 0, 8, 0, 1, 0, : 10, 11, 1, 2, 2, 2, 5, 1, 1, 1, 2, 1, 2, 3, 8, 1, 
116: 2, 3, 5, 1, 0, 1, 0, 1, 0, 0, 1, 0, 17, 0, 3, 0, 1, 2, 0, 1, 0, 2, 2, 0, 0, 1, 0, 0, 2, 1, 1, 0, 0, 1, 0, 0, 0, 0, 3, 9, : 2, 3, 5, 1, 1, 1, 1, 17, 3, 1, 2, 1, 2, 2, 1, 2, 1, 1, 1, 3, 9, 
165: 0, 0, 0, 0, 0, 0, 0, 0, 5, 0, 0, 0, 0, 1, 0, 1, 0, 0, 0, 18, 0, 0, 0, 1, 0, 1, 0, 0, 0, 10, 0, 0, 0, 0, 0, 0, 0, 1, 0, 1, : 5, 1, 1, 18, 1, 1, 10, 1, 1, 
140: 16, 0, 0, 7, 0, 4, 4, 0, 0, 0, 1, 0, 0, 0, 0, 1, 0, 2, 12, 1, 1, 1, 4, 0, 0, 0, 0, 3, 0, 0, 0, 0, 0, 2, 8, 1, 0, 0, 0, 1, : 16, 7, 4, 4, 1, 1, 2, 12, 1, 1, 1, 4, 3, 2, 8, 1, 1, 
125: 0, 20, 0, 1, 0, 3, 0, 0, 2, 8, 3, 0, 0, 1, 1, 0, 0, 0, 3, 1, 0, 4, 0, 0, 0, 0, 0, 0, 0, 0, 0, 0, 0, 0, 0, 0, 0, 1, 0, 0, : 20, 1, 3, 2, 8, 3, 1, 1, 3, 1, 4, 1, 
359: 0, 0, 0, 2, 0, 1, 0, 1, 1, 0, 0, 0, 0, 0, 9, 0, 1, 25, 0, 0, 1, 0, 0, 0, 0, 0, 0, 1, 11, 0, 5, 0, 0, 0, 0, 0, 0, 4, 0, 0, : 2, 1, 1, 1, 9, 1, 25, 1, 1, 11, 5, 4, 
193: 1, 0, 0, 0, 0, 7, 0, 2, 1, 1, 0, 0, 0, 0, 0, 0, 0, 0, 1, 0, 0, 4, 0, 1, 0, 0, 5, 19, 0, 0, 0, 1, 0, 8, 1, 25, 0, 2, 1, 1, : 1, 7, 2, 1, 1, 1, 4, 1, 5, 19, 1, 8, 1, 25, 2, 1, 1, 
60: 0, 0, 0, 0, 0, 1, 0, 0, 0, 0, 10, 0, 4, 5, 0, 8, 7, 0, 1, 0, 0, 0, 0, 0, 0, 0, 0, 0, 0, 0, 0, 0, 0, 0, 0, 0, 0, 0, 0, 1, : 1, 10, 4, 5, 8, 7, 1, 1, 
148: 0, 0, 0, 0, 0, 0, 0, 0, 1, 0, 5, 0, 0, 4, 0, 0, 0, 0, 2, 1, 1, 8, 1, 0, 0, 0, 0, 0, 0, 0, 0, 0, 0, 10, 1, 0, 7, 2, 0, 0, : 1, 5, 4, 2, 1, 1, 8, 1, 10, 1, 7, 2, 
432: 0, 0, 0, 0, 0, 0, 1, 0, 0, 0, 1, 1, 0, 0, 2, 0, 0, 0, 5, 0, 0, 0, 0, 0, 2, 0, 0, 1, 1, 0, 0, 0, 0, 2, 0, 10, 0, 0, 0, 2, : 1, 1, 1, 2, 5, 2, 1, 1, 2, 10, 2, 
265: 0, 2, 0, 4, 0, 2, 0, 1, 0, 1, 0, 0, 1, 0, 0, 0, 17, 0, 0, 1, 7, 2, 0, 0, 0, 12, 4, 0, 19, 0, 0, 0, 0, 1, 3, 0, 3, 0, 0, 0, : 2, 4, 2, 1, 1, 1, 17, 1, 7, 2, 12, 4, 19, 1, 3, 3, 
422: 1, 0, 0, 0, 0, 0, 0, 1, 1, 0, 1, 0, 0, 0, 0, 1, 1, 0, 0, 0, 3, 0, 1, 0, 8, 0, 0, 1, 0, 0, 0, 0, 0, 1, 0, 0, 0, 0, 1, 0, : 1, 1, 1, 1, 1, 1, 3, 1, 8, 1, 1, 1, 
39: 0, 0, 0, 0, 0, 3, 0, 12, 0, 1, 0, 0, 3, 0, 1, 0, 0, 0, 0, 0, 0, 0, 0, 3, 0, 1, 4, 0, 0, 0, 0, 0, 0, 0, 3, 0, 0, 0, 0, 0, : 3, 12, 1, 3, 1, 3, 1, 4, 3, 
300: 0, 0, 7, 0, 0, 1, 0, 1, 0, 9, 1, 0, 0, 0, 1, 1, 6, 0, 0, 1, 2, 0, 4, 0, 0, 3, 2, 1, 0, 0, 0, 7, 0, 0, 0, 0, 0, 1, 0, 1, : 7, 1, 1, 9, 1, 1, 1, 6, 1, 2, 4, 3, 2, 1, 7, 1, 1, 
442: 0, 6, 0, 0, 0, 3, 0, 0, 0, 1, 0, 0, 0, 3, 1, 0, 0, 0, 0, 0, 0, 0, 0, 0, 0, 1, 0, 0, 0, 0, 5, 0, 0, 0, 1, 0, 0, 3, 1, 0, : 6, 3, 1, 3, 1, 1, 5, 1, 3, 1, 
179: 11, 0, 0, 0, 0, 1, 0, 0, 6, 0, 0, 0, 1, 0, 0, 0, 0, 1, 0, 0, 0, 1, 0, 0, 24, 0, 0, 1, 3, 1, 0, 14, 0, 2, 3, 0, 0, 0, 0, 0, : 11, 1, 6, 1, 1, 1, 24, 1, 3, 1, 14, 2, 3, 
38: 0, 0, 0, 1, 0, 0, 1, 0, 1, 1, 0, 0, 1, 0, 3, 0, 0, 0, 1, 10, 0, 0, 2, 6, 0, 1, 0, 0, 0, 0, 10, 0, 0, 0, 1, 0, 1, 16, 0, 11, : 1, 1, 1, 1, 1, 3, 1, 10, 2, 6, 1, 10, 1, 1, 16, 11, 


288: 0, 0, 0, 0, 31, 0, 0, 12, 1, 0, 17, 0, 0, 0, 0, 0, 0, 0, 1, 1, 0, 5, 2, 0, 17, 1, 1, 0, 0, 0, 0, 0, 0, 0, 0, 0, 0, 0, 1, 0, : 31, 12, 1, 17, 1, 1, 5, 2, 17, 1, 1, 1, 
127: 0, 1, 0, 0, 0, 0, 0, 0, 0, 4, 0, 0, 0, 0, 4, 0, 1, 1, 1, 0, 0, 0, 12, 0, 0, 2, 0, 2, 24, 0, 2, 0, 1, 1, 0, 1, 0, 0, 1, 0, : 1, 4, 4, 1, 1, 1, 12, 2, 2, 24, 2, 1, 1, 1, 1, 
97: 1, 1, 13, 0, 0, 0, 1, 0, 3, 0, 0, 0, 0, 0, 0, 17, 0, 0, 0, 1, 1, 0, 10, 0, 0, 0, 0, 0, 0, 1, 23, 0, 0, 0, 0, 1, 0, 0, 1, 0, : 1, 1, 13, 1, 3, 17, 1, 1, 10, 1, 23, 1, 1, 
383: 0, 0, 0, 0, 0, 0, 1, 0, 9, 0, 0, 1, 2, 0, 0, 9, 1, 12, 1, 0, 0, 0, 0, 0, 0, 0, 4, 0, 0, 1, 0, 0, 4, 0, 2, 1, 0, 0, 0, 0, : 1, 9, 1, 2, 9, 1, 12, 1, 4, 1, 4, 2, 1, 
360: 1, 2, 1, 5, 0, 0, 0, 0, 0, 0, 1, 2, 0, 2, 1, 0, 0, 3, 4, 0, 0, 0, 1, 1, 5, 1, 1, 0, 1, 0, 5, 0, 4, 0, 0, 5, 1, 0, 14, 0, : 1, 2, 1, 5, 1, 2, 2, 1, 3, 4, 1, 1, 5, 1, 1, 1, 5, 4, 5, 1, 14, 
141: 1, 1, 0, 1, 0, 1, 0, 1, 0, 0, 0, 0, 0, 0, 0, 0, 0, 13, 6, 0, 0, 0, 2, 4, 1, 1, 0, 0, 0, 0, 0, 1, 1, 2, 0, 0, 2, 0, 0, 0, : 1, 1, 1, 1, 1, 13, 6, 2, 4, 1, 1, 1, 1, 2, 2, 
224: 0, 0, 0, 3, 0, 0, 1, 0, 0, 0, 0, 0, 0, 1, 4, 0, 1, 0, 0, 6, 0, 3, 0, 0, 0, 0, 1, 0, 0, 0, 0, 1, 0, 1, 0, 0, 1, 1, 0, 0, : 3, 1, 1, 4, 1, 6, 3, 1, 1, 1, 1, 1, 
334: 0, 0, 0, 0, 0, 0, 0, 1, 0, 0, 1, 1, 0, 0, 1, 0, 2, 0, 0, 0, 0, 0, 0, 0, 0, 2, 0, 0, 0, 1, 8, 4, 0, 0, 0, 1, 0, 0, 0, 0, : 1, 1, 1, 1, 2, 2, 1, 8, 4, 1, 
302: 0, 4, 0, 0, 0, 0, 1, 1, 0, 0, 0, 0, 0, 0, 6, 3, 0, 0, 0, 1, 0, 0, 0, 20, 0, 0, 3, 0, 3, 3, 0, 2, 1, 0, 0, 3, 0, 0, 0, 0, : 4, 1, 1, 6, 3, 1, 20, 3, 3, 3, 2, 1, 3, 
349: 1, 0, 0, 1, 0, 0, 11, 0, 7, 0, 1, 1, 7, 6, 2, 0, 0, 0, 0, 1, 0, 2, 0, 0, 0, 0, 0, 0, 0, 0, 0, 0, 0, 0, 8, 0, 0, 0, 1, 0, : 1, 1, 11, 7, 1, 1, 7, 6, 2, 1, 2, 8, 1, 
284: 0, 0, 0, 1, 0, 5, 0, 0, 0, 0, 0, 2, 0, 0, 1, 0, 0, 0, 1, 2, 0, 9, 3, 0, 0, 0, 1, 1, 0, 4, 1, 10, 3, 0, 0, 0, 1, 0, 0, 0, : 1, 5, 2, 1, 1, 2, 9, 3, 1, 1, 4, 1, 10, 3, 1, 
22: 0, 2, 0, 10, 0, 1, 0, 0, 3, 0, 2, 0, 0, 0, 1, 0, 11, 0, 1, 2, 0, 0, 0, 0, 0, 0, 0, 0, 2, 0, 0, 2, 0, 10, 6, 1, 8, 0, 0, 0, : 2, 10, 1, 3, 2, 1, 11, 1, 2, 2, 2, 10, 6, 1, 8, 
217: 0, 6, 0, 4, 0, 0, 0, 0, 0, 0, 0, 0, 0, 9, 1, 1, 1, 0, 0, 0, 0, 1, 0, 0, 0, 0, 1, 0, 1, 0, 0, 0, 0, 0, 0, 0, 0, 0, 0, 0, : 6, 4, 9, 1, 1, 1, 1, 1, 1, 
355: 0, 2, 0, 0, 0, 0, 0, 0, 0, 0, 1, 4, 0, 0, 0, 0, 0, 0, 0, 1, 0, 0, 0, 1, 0, 7, 1, 0, 0, 0, 0, 0, 1, 0, 1, 6, 0, 10, 0, 6, : 2, 1, 4, 1, 1, 7, 1, 1, 1, 6, 10, 6, 
199: 0, 4, 0, 1, 0, 7, 0, 0, 0, 0, 5, 4, 0, 0, 0, 2, 0, 0, 1, 1, 0, 2, 7, 3, 0, 0, 0, 0, 0, 3, 0, 1, 3, 2, 0, 1, 6, 0, 1, 0, : 4, 1, 7, 5, 4, 2, 1, 1, 2, 7, 3, 3, 1, 3, 2, 1, 6, 1, 
138: 0, 0, 0, 0, 0, 0, 0, 0, 2, 0, 0, 0, 18, 0, 0, 2, 1, 6, 1, 0, 0, 1, 0, 0, 0, 12, 0, 1, 6, 0, 1, 0, 6, 0, 15, 1, 1, 0, 0, 0, : 2, 18, 2, 1, 6, 1, 1, 12, 1, 6, 1, 6, 15, 1, 1, 
20: 18, 5, 17, 0, 0, 3, 1, 1, 0, 0, 0, 7, 0, 0, 1, 3, 0, 0, 5, 5, 22, 7, 0, 0, 0, 0, 6, 1, 0, 0, 0, 0, 0, 0, 1, 0, 0, 1, 1, 4, : 18, 5, 17, 3, 1, 1, 7, 1, 3, 5, 5, 22, 7, 6, 1, 1, 1, 1, 4, 
249: 0, 0, 0, 3, 7, 0, 0, 0, 0, 0, 0, 0, 0, 0, 9, 1, 1, 0, 2, 0, 4, 0, 0, 0, 10, 0, 10, 0, 2, 1, 0, 3, 1, 7, 0, 0, 3, 0, 0, 16, : 3, 7, 9, 1, 1, 2, 4, 10, 10, 2, 1, 3, 1, 7, 3, 16, 
51: 0, 1, 0, 2, 1, 1, 3, 0, 0, 0, 0, 6, 11, 2, 2, 0, 1, 1, 0, 1, 1, 0, 0, 0, 0, 4, 0, 0, 0, 1, 0, 2, 2, 0, 4, 0, 1, 21, 5, 0, : 1, 2, 1, 1, 3, 6, 11, 2, 2, 1, 1, 1, 1, 4, 1, 2, 2, 4, 1, 21, 5, 
134: 0, 1, 1, 5, 0, 0, 11, 4, 0, 0, 1, 0, 0, 0, 0, 0, 1, 0, 0, 1, 5, 0, 0, 0, 0, 1, 0, 0, 1, 14, 0, 0, 5, 4, 0, 2, 0, 0, 0, 0, : 1, 1, 5, 11, 4, 1, 1, 1, 5, 1, 1, 14, 5, 4, 2, 
30: 4, 0, 1, 0, 0, 1, 0, 0, 0, 0, 0, 2, 0, 0, 1, 0, 0, 0, 0, 7, 1, 0, 0, 0, 0, 1, 0, 0, 0, 0, 0, 0, 0, 3, 0, 0, 1, 0, 0, 5, : 4, 1, 1, 2, 1, 7, 1, 1, 3, 1, 5, 
72: 0, 0, 0, 0, 0, 6, 2, 4, 0, 0, 9, 0, 0, 19, 1, 1, 0, 2, 1, 0, 0, 0, 1, 0, 0, 1, 0, 0, 0, 0, 0, 0, 2, 0, 0, 1, 1, 1, 3, 2, : 6, 2, 4, 9, 19, 1, 1, 2, 1, 1, 1, 2, 1, 1, 1, 3, 2, 
219: 0, 0, 0, 1, 0, 2, 0, 0, 0, 0, 0, 1, 0, 0, 0, 0, 0, 0, 7, 0, 0, 0, 0, 1, 0, 0, 1, 0, 0, 1, 0, 1, 0, 0, 0, 1, 0, 0, 0, 0, : 1, 2, 1, 7, 1, 1, 1, 1, 1, 
58: 1, 3, 0, 0, 0, 1, 0, 0, 0, 0, 1, 4, 0, 0, 0, 0, 0, 1, 1, 5, 0, 0, 0, 0, 1, 0, 0, 8, 0, 2, 0, 0, 1, 8, 2, 1, 0, 6, 2, 0, : 1, 3, 1, 1, 4, 1, 1, 5, 1, 8, 2, 1, 8, 2, 1, 6, 2, 
407: 0, 1, 0, 1, 0, 2, 0, 0, 15, 36, 0, 1, 0, 0, 3, 0, 13, 0, 1, 1, 3, 6, 0, 0, 0, 0, 2, 27, 0, 0, 0, 1, 1, 0, 0, 3, 0, 0, 10, 2, : 1, 1, 2, 15, 36, 1, 3, 13, 1, 1, 3, 6, 2, 27, 1, 1, 3, 10, 2, 
337: 0, 1, 5, 0, 1, 0, 5, 0, 0, 0, 0, 0, 0, 0, 0, 0, 2, 0, 0, 3, 0, 2, 1, 0, 0, 1, 0, 0, 0, 1, 0, 1, 0, 0, 0, 9, 1, 0, 0, 0, : 1, 5, 1, 5, 2, 3, 2, 1, 1, 1, 1, 9, 1, 
399: 0, 3, 1, 0, 0, 0, 2, 0, 0, 0, 0, 2, 0, 0, 2, 0, 0, 0, 1, 0, 2, 1, 0, 0, 0, 0, 0, 0, 0, 2, 0, 0, 1, 0, 0, 1, 0, 0, 0, 1, : 3, 1, 2, 2, 2, 1, 2, 1, 2, 1, 1, 1, 
233: 8, 0, 0, 0, 0, 0, 0, 0, 0, 0, 0, 0, 0, 0, 0, 0, 0, 0, 1, 1, 0, 0, 1, 1, 0, 5, 7, 0, 0, 4, 0, 5, 0, 1, 0, 1, 3, 0, 0, 1, : 8, 1, 1, 1, 1, 5, 7, 4, 5, 1, 1, 3, 1, 
27: 0, 0, 1, 0, 0, 1, 0, 16, 0, 0, 0, 1, 2, 1, 0, 0, 4, 0, 2, 0, 0, 0, 0, 8, 1, 1, 0, 0, 0, 1, 0, 6, 3, 1, 0, 0, 0, 0, 0, 2, : 1, 1, 16, 1, 2, 1, 4, 2, 8, 1, 1, 1, 6, 3, 1, 2, 
194: 5, 2, 0, 2, 0, 9, 1, 0, 0, 0, 1, 1, 0, 0, 0, 1, 0, 1, 2, 0, 1, 1, 0, 1, 5, 0, 1, 0, 0, 0, 0, 0, 0, 0, 1, 0, 10, 0, 0, 1, : 5, 2, 2, 9, 1, 1, 1, 1, 1, 2, 1, 1, 1, 5, 1, 1, 10, 1, 


420: 0, 0, 0, 1, 0, 4, 0, 0, 0, 8, 0, 0, 4, 8, 0, 5, 0, 0, 0, 0, 5, 1, 0, 2, 3, 0, 0, 0, 0, 0, 0, 0, 0, 0, 0, 0, 0, 0, 0, 1, : 1, 4, 8, 4, 8, 5, 5, 1, 2, 3, 1, 
99: 1, 0, 12, 0, 0, 0, 5, 0, 24, 0, 0, 1, 2, 0, 0, 29, 14, 0, 0, 6, 0, 0, 0, 1, 4, 0, 0, 1, 4, 0, 1, 0, 0, 0, 8, 2, 2, 2, 1, 0, : 1, 12, 5, 24, 1, 2, 29, 14, 6, 1, 4, 1, 4, 1, 8, 2, 2, 2, 1, 
68: 28, 1, 1, 0, 1, 0, 0, 0, 0, 0, 0, 0, 0, 0, 2, 0, 20, 0, 0, 0, 0, 1, 0, 1, 0, 0, 0, 0, 0, 0, 1, 0, 0, 0, 0, 2, 0, 0, 0, 0, : 28, 1, 1, 1, 2, 20, 1, 1, 1, 2, 
232: 0, 1, 1, 10, 22, 0, 20, 0, 0, 3, 1, 0, 0, 1, 0, 0, 0, 0, 0, 8, 0, 3, 0, 0, 0, 2, 19, 0, 0, 0, 0, 0, 0, 0, 0, 1, 0, 0, 0, 1, : 1, 1, 10, 22, 20, 3, 1, 1, 8, 3, 2, 19, 1, 1, 
86: 1, 1, 0, 0, 0, 0, 0, 0, 0, 0, 0, 6, 1, 0, 1, 0, 0, 5, 0, 0, 0, 14, 0, 0, 2, 0, 0, 0, 0, 0, 0, 0, 0, 5, 6, 5, 19, 1, 0, 4, : 1, 1, 6, 1, 1, 5, 14, 2, 5, 6, 5, 19, 1, 4, 
330: 0, 0, 2, 1, 1, 0, 0, 0, 0, 0, 0, 0, 1, 4, 0, 0, 1, 0, 2, 0, 0, 0, 0, 0, 0, 0, 18, 0, 0, 0, 1, 1, 1, 4, 2, 0, 0, 0, 1, 1, : 2, 1, 1, 1, 4, 1, 2, 18, 1, 1, 1, 4, 2, 1, 1, 
450: 0, 0, 0, 1, 0, 0, 0, 0, 2, 0, 2, 15, 1, 0, 6, 0, 0, 0, 0, 1, 0, 0, 0, 0, 3, 7, 0, 5, 0, 0, 1, 4, 1, 3, 0, 0, 0, 0, 0, 0, : 1, 2, 2, 15, 1, 6, 1, 3, 7, 5, 1, 4, 1, 3, 
82: 0, 8, 0, 0, 2, 0, 0, 7, 1, 1, 3, 0, 0, 2, 0, 0, 0, 1, 0, 0, 0, 1, 19, 1, 1, 0, 1, 0, 0, 0, 0, 0, 1, 1, 0, 0, 0, 0, 1, 0, : 8, 2, 7, 1, 1, 3, 2, 1, 1, 19, 1, 1, 1, 1, 1, 1, 
15: 0, 0, 3, 7, 1, 1, 0, 12, 1, 1, 0, 0, 1, 0, 1, 0, 0, 1, 0, 0, 0, 1, 0, 0, 0, 0, 0, 0, 0, 8, 0, 0, 9, 11, 0, 0, 1, 0, 0, 0, : 3, 7, 1, 1, 12, 1, 1, 1, 1, 1, 1, 8, 9, 11, 1, 
89: 0, 0, 0, 0, 1, 1, 0, 1, 0, 2, 0, 0, 0, 1, 0, 0, 0, 4, 0, 0, 2, 1, 0, 0, 4, 0, 0, 0, 0, 0, 3, 6, 1, 0, 0, 7, 0, 14, 0, 1, : 1, 1, 1, 2, 1, 4, 2, 1, 4, 3, 6, 1, 7, 14, 1, 
356: 0, 4, 1, 0, 0, 0, 0, 6, 0, 0, 0, 0, 0, 0, 0, 4, 0, 10, 0, 1, 0, 1, 1, 1, 2, 0, 0, 0, 0, 0, 1, 0, 1, 0, 0, 1, 2, 0, 6, 0, : 4, 1, 6, 4, 10, 1, 1, 1, 1, 2, 1, 1, 1, 2, 6, 
272: 0, 0, 0, 0, 1, 0, 0, 1, 0, 0, 0, 0, 2, 5, 1, 0, 0, 3, 0, 1, 0, 1, 0, 0, 1, 0, 0, 3, 0, 0, 0, 0, 0, 1, 0, 0, 0, 3, 0, 13, : 1, 1, 2, 5, 1, 3, 1, 1, 1, 3, 1, 3, 13, 
10: 0, 1, 8, 0, 1, 0, 0, 1, 11, 0, 0, 0, 1, 1, 0, 0, 0, 0, 0, 0, 0, 0, 2, 2, 1, 0, 0, 0, 0, 4, 0, 0, 2, 1, 0, 11, 0, 0, 1, 0, : 1, 8, 1, 1, 11, 1, 1, 2, 2, 1, 4, 2, 1, 11, 1, 
291: 0, 0, 0, 0, 0, 0, 0, 0, 0, 0, 0, 1, 1, 1, 1, 0, 0, 0, 13, 1, 0, 0, 0, 0, 0, 0, 0, 0, 0, 0, 3, 19, 0, 8, 0, 0, 0, 1, 0, 0, : 1, 1, 1, 1, 13, 1, 3, 19, 8, 1, 
107: 0, 1, 0, 0, 2, 1, 2, 1, 0, 0, 0, 1, 1, 0, 0, 0, 0, 1, 1, 0, 0, 0, 0, 0, 0, 1, 0, 29, 0, 1, 0, 0, 0, 2, 0, 4, 0, 0, 2, 0, : 1, 2, 1, 2, 1, 1, 1, 1, 1, 1, 29, 1, 2, 4, 2, 
397: 0, 1, 0, 1, 0, 0, 0, 0, 0, 0, 0, 0, 0, 0, 1, 0, 0, 0, 0, 7, 0, 0, 0, 3, 1, 0, 0, 0, 29, 16, 8, 0, 2, 0, 0, 1, 1, 0, 0, 1, : 1, 1, 1, 7, 3, 1, 29, 16, 8, 2, 1, 1, 1, 
261: 0, 1, 0, 0, 0, 0, 0, 3, 0, 0, 0, 2, 0, 0, 0, 0, 0, 1, 1, 0, 7, 0, 0, 0, 2, 0, 0, 0, 0, 1, 1, 1, 0, 0, 8, 1, 4, 10, 0, 0, : 1, 3, 2, 1, 1, 7, 2, 1, 1, 1, 8, 1, 4, 10, 
158: 0, 0, 0, 0, 1, 0, 2, 0, 1, 0, 0, 0, 1, 0, 0, 0, 0, 0, 2, 6, 22, 2, 0, 0, 0, 1, 0, 0, 0, 1, 1, 0, 8, 0, 2, 0, 0, 0, 2, 0, : 1, 2, 1, 1, 2, 6, 22, 2, 1, 1, 1, 8, 2, 2, 
189: 8, 10, 0, 0, 0, 0, 1, 0, 0, 1, 0, 0, 0, 0, 2, 0, 0, 0, 7, 0, 1, 0, 0, 1, 1, 0, 0, 0, 0, 1, 1, 0, 1, 1, 0, 0, 0, 7, 0, 1, : 8, 10, 1, 1, 2, 7, 1, 1, 1, 1, 1, 1, 1, 7, 1, 
262: 1, 0, 0, 0, 0, 0, 5, 0, 0, 0, 1, 0, 2, 3, 3, 0, 0, 9, 0, 0, 0, 1, 0, 0, 9, 0, 0, 0, 0, 1, 2, 0, 0, 0, 0, 3, 0, 0, 0, 8, : 1, 5, 1, 2, 3, 3, 9, 1, 9, 1, 2, 3, 8, 
296: 0, 0, 1, 1, 0, 1, 0, 0, 0, 9, 2, 4, 2, 0, 3, 0, 0, 0, 0, 0, 0, 1, 0, 0, 1, 0, 0, 0, 0, 0, 2, 1, 0, 0, 0, 0, 2, 0, 0, 0, : 1, 1, 1, 9, 2, 4, 2, 3, 1, 1, 2, 1, 2, 
353: 0, 2, 0, 3, 0, 0, 0, 0, 0, 0, 0, 0, 1, 1, 0, 0, 4, 2, 0, 6, 1, 2, 1, 1, 1, 0, 0, 0, 0, 2, 0, 0, 0, 0, 9, 0, 2, 0, 0, 0, : 2, 3, 1, 1, 4, 2, 6, 1, 2, 1, 1, 1, 2, 9, 2, 
375: 0, 0, 5, 1, 1, 6, 0, 2, 0, 0, 0, 1, 0, 0, 1, 0, 0, 0, 0, 0, 0, 1, 0, 1, 0, 23, 1, 1, 0, 1, 0, 0, 0, 0, 0, 0, 0, 0, 1, 1, : 5, 1, 1, 6, 2, 1, 1, 1, 1, 23, 1, 1, 1, 1, 1, 
1: 0, 0, 0, 1, 0, 1, 0, 1, 0, 7, 0, 0, 1, 0, 0, 0, 0, 0, 7, 2, 0, 0, 0, 14, 0, 0, 0, 1, 0, 1, 0, 0, 0, 1, 0, 1, 2, 0, 1, 0, : 1, 1, 1, 7, 1, 7, 2, 14, 1, 1, 1, 1, 2, 1, 
434: 0, 4, 0, 2, 0, 0, 1, 5, 0, 5, 0, 2, 0, 0, 16, 0, 0, 0, 0, 0, 0, 0, 0, 0, 0, 0, 0, 0, 0, 0, 2, 1, 0, 1, 1, 1, 0, 1, 0, 5, : 4, 2, 1, 5, 5, 2, 16, 2, 1, 1, 1, 1, 1, 5, 
225: 0, 3, 0, 9, 0, 0, 0, 0, 0, 1, 0, 0, 0, 1, 0, 0, 0, 1, 0, 0, 0, 0, 0, 0, 0, 0, 0, 0, 0, 1, 0, 7, 0, 0, 0, 0, 0, 0, 0, 1, : 3, 9, 1, 1, 1, 1, 7, 1, 
395: 0, 0, 2, 0, 2, 9, 1, 0, 0, 0, 0, 6, 0, 0, 0, 0, 0, 0, 0, 0, 0, 4, 0, 11, 0, 6, 0, 0, 6, 0, 1, 0, 0, 0, 0, 0, 0, 0, 0, 0, : 2, 2, 9, 1, 6, 4, 11, 6, 6, 1, 
112: 1, 0, 1, 2, 4, 0, 1, 0, 0, 2, 24, 0, 0, 0, 1, 2, 0, 0, 5, 0, 0, 4, 17, 1, 1, 0, 1, 0, 1, 0, 4, 0, 0, 0, 0, 0, 3, 1, 1, 0, : 1, 1, 2, 4, 1, 2, 24, 1, 2, 5, 4, 17, 1, 1, 1, 1, 4, 3, 1, 1, 
81: 0, 2, 0, 0, 0, 0, 2, 0, 0, 0, 0, 0, 0, 1, 1, 0, 0, 2, 0, 0, 0, 1, 0, 0, 1, 0, 0, 0, 0, 0, 6, 0, 0, 0, 4, 0, 0, 0, 10, 1, : 2, 2, 1, 1, 2, 1, 1, 6, 4, 10, 1, 
9: 0, 0, 3, 0, 0, 16, 0, 0, 0, 0, 7, 1, 18, 11, 0, 0, 1, 0, 2, 1, 2, 0, 0, 0, 2, 0, 0, 0, 0, 2, 1, 0, 13, 1, 0, 0, 2, 0, 13, 1, : 3, 16, 7, 1, 18, 11, 1, 2, 1, 2, 2, 2, 1, 13, 1, 2, 13, 1, 


208: 0, 0, 0, 1, 0, 0, 0, 0, 2, 1, 0, 0, 0, 0, 1, 6, 0, 0, 0, 0, 5, 0, 6, 0, 0, 7, 0, 0, 0, 0, 1, 0, 0, 0, 1, 0, 2, 0, 7, 0, : 1, 2, 1, 1, 6, 5, 6, 7, 1, 1, 2, 7, 
17: 2, 5, 1, 0, 0, 4, 17, 0, 0, 0, 2, 1, 0, 0, 0, 0, 0, 0, 0, 1, 1, 11, 0, 4, 0, 1, 0, 0, 0, 0, 0, 1, 0, 1, 0, 0, 0, 0, 0, 4, : 2, 5, 1, 4, 17, 2, 1, 1, 1, 11, 4, 1, 1, 1, 4, 
182: 0, 0, 1, 1, 0, 0, 0, 0, 0, 0, 0, 0, 0, 0, 3, 0, 0, 9, 0, 0, 1, 4, 0, 0, 0, 0, 0, 0, 0, 1, 0, 3, 0, 0, 0, 5, 1, 1, 0, 1, : 1, 1, 3, 9, 1, 4, 1, 3, 5, 1, 1, 1, 
143: 0, 9, 1, 0, 0, 0, 0, 1, 0, 0, 1, 0, 13, 0, 1, 1, 0, 0, 0, 0, 1, 0, 0, 1, 0, 0, 0, 0, 0, 0, 0, 0, 10, 2, 0, 1, 0, 0, 0, 0, : 9, 1, 1, 1, 13, 1, 1, 1, 1, 10, 2, 1, 
192: 1, 1, 0, 0, 0, 0, 1, 6, 0, 1, 0, 0, 3, 0, 0, 1, 0, 0, 0, 0, 0, 5, 0, 0, 0, 3, 0, 0, 0, 0, 9, 0, 0, 0, 0, 0, 0, 0, 0, 11, : 1, 1, 1, 6, 1, 3, 1, 5, 3, 9, 11, 
64: 2, 0, 0, 0, 0, 7, 0, 0, 0, 0, 0, 0, 0, 0, 0, 0, 1, 0, 0, 0, 0, 0, 0, 0, 0, 0, 2, 3, 0, 0, 5, 0, 11, 0, 0, 1, 0, 0, 0, 0, : 2, 7, 1, 2, 3, 5, 11, 1, 
252: 3, 0, 1, 1, 0, 0, 0, 1, 0, 0, 0, 0, 0, 2, 1, 3, 0, 0, 0, 0, 8, 8, 0, 0, 0, 1, 0, 0, 0, 15, 0, 0, 0, 0, 1, 0, 0, 0, 0, 7, : 3, 1, 1, 1, 2, 1, 3, 8, 8, 1, 15, 1, 7, 
234: 0, 3, 0, 0, 0, 0, 0, 0, 1, 0, 0, 1, 0, 0, 25, 1, 0, 0, 0, 1, 2, 2, 0, 1, 0, 3, 0, 0, 0, 0, 10, 0, 0, 10, 1, 0, 0, 0, 15, 4, : 3, 1, 1, 25, 1, 1, 2, 2, 1, 3, 10, 10, 1, 15, 4, 
146: 0, 3, 1, 1, 0, 11, 16, 0, 0, 1, 0, 1, 0, 0, 0, 2, 0, 0, 0, 0, 0, 0, 0, 0, 0, 1, 0, 1, 0, 1, 0, 7, 0, 6, 1, 0, 0, 18, 0, 0, : 3, 1, 1, 11, 16, 1, 1, 2, 1, 1, 1, 7, 6, 1, 18, 
152: 1, 2, 0, 14, 0, 3, 0, 0, 0, 0, 0, 0, 0, 0, 0, 0, 2, 0, 30, 0, 0, 1, 0, 0, 0, 2, 1, 9, 0, 0, 0, 0, 0, 0, 0, 0, 0, 0, 0, 2, : 1, 2, 14, 3, 2, 30, 1, 2, 1, 9, 2, 
281: 0, 1, 0, 2, 5, 2, 1, 0, 0, 0, 0, 0, 0, 0, 2, 0, 0, 10, 0, 0, 1, 0, 0, 1, 0, 0, 1, 0, 0, 0, 0, 1, 0, 0, 0, 0, 3, 1, 0, 0, : 1, 2, 5, 2, 1, 2, 10, 1, 1, 1, 1, 3, 1, 
427: 0, 0, 0, 0, 0, 1, 0, 0, 0, 0, 0, 0, 0, 10, 0, 12, 1, 2, 0, 0, 0, 0, 0, 6, 1, 1, 2, 2, 0, 0, 0, 0, 0, 0, 0, 0, 0, 0, 0, 0, : 1, 10, 12, 1, 2, 6, 1, 1, 2, 2, 
167: 1, 1, 7, 0, 18, 0, 1, 0, 0, 4, 14, 0, 0, 1, 0, 1, 0, 1, 3, 0, 0, 0, 0, 0, 0, 0, 6, 0, 0, 9, 8, 0, 0, 0, 0, 0, 0, 2, 1, 0, : 1, 1, 7, 18, 1, 4, 14, 1, 1, 1, 3, 6, 9, 8, 2, 1, 
278: 5, 0, 0, 3, 5, 5, 0, 0, 2, 0, 0, 1, 0, 0, 3, 0, 4, 0, 7, 0, 0, 5, 7, 6, 0, 0, 0, 0, 0, 0, 0, 1, 0, 0, 0, 0, 0, 0, 5, 0, : 5, 3, 5, 5, 2, 1, 3, 4, 7, 5, 7, 6, 1, 5, 
389: 1, 0, 0, 0, 0, 0, 0, 1, 1, 0, 0, 0, 0, 2, 1, 1, 0, 1, 0, 8, 0, 1, 0, 0, 0, 3, 0, 0, 0, 0, 0, 0, 0, 1, 3, 1, 16, 0, 0, 0, : 1, 1, 1, 2, 1, 1, 1, 8, 1, 3, 1, 3, 1, 16, 
104: 0, 0, 1, 1, 2, 0, 0, 1, 0, 1, 1, 0, 0, 4, 0, 1, 0, 0, 0, 0, 0, 0, 0, 0, 0, 3, 0, 0, 0, 1, 1, 3, 0, 10, 3, 10, 1, 2, 6, 0, : 1, 1, 2, 1, 1, 1, 4, 1, 3, 1, 1, 3, 10, 3, 10, 1, 2, 6, 
362: 0, 1, 0, 3, 1, 0, 1, 28, 0, 2, 0, 0, 0, 1, 0, 1, 1, 0, 0, 1, 0, 2, 0, 1, 0, 5, 0, 0, 0, 0, 0, 0, 0, 0, 0, 3, 0, 1, 0, 4, : 1, 3, 1, 1, 28, 2, 1, 1, 1, 1, 2, 1, 5, 3, 1, 4, 
172: 5, 1, 6, 0, 0, 0, 0, 0, 0, 2, 0, 0, 0, 2, 0, 0, 0, 1, 0, 12, 0, 1, 0, 4, 0, 1, 0, 0, 22, 0, 2, 1, 0, 0, 1, 0, 0, 1, 2, 4, : 5, 1, 6, 2, 2, 1, 12, 1, 4, 1, 22, 2, 1, 1, 1, 2, 4, 
36: 0, 1, 1, 0, 3, 0, 1, 0, 0, 1, 0, 0, 1, 0, 1, 0, 8, 0, 0, 0, 3, 0, 0, 0, 0, 1, 0, 0, 0, 0, 0, 2, 0, 0, 0, 0, 0, 1, 1, 0, : 1, 1, 3, 1, 1, 1, 1, 8, 3, 1, 2, 1, 1, 
283: 2, 0, 0, 2, 0, 0, 2, 2, 0, 0, 4, 1, 1, 0, 0, 0, 1, 3, 0, 1, 2, 0, 21, 0, 27, 0, 0, 0, 0, 0, 0, 0, 0, 6, 22, 0, 0, 1, 0, 0, : 2, 2, 2, 2, 4, 1, 1, 1, 3, 1, 2, 21, 27, 6, 22, 1, 
264: 0, 0, 0, 1, 1, 0, 0, 0, 0, 1, 0, 8, 0, 0, 1, 0, 1, 0, 0, 15, 5, 0, 0, 0, 0, 0, 0, 9, 1, 0, 0, 0, 1, 0, 0, 0, 0, 0, 1, 2, : 1, 1, 1, 8, 1, 1, 15, 5, 9, 1, 1, 1, 2, 
32: 0, 1, 0, 3, 0, 6, 0, 0, 0, 0, 0, 0, 0, 1, 0, 1, 0, 1, 0, 0, 3, 0, 0, 1, 0, 0, 0, 0, 0, 0, 0, 0, 0, 1, 3, 0, 0, 1, 0, 0, : 1, 3, 6, 1, 1, 1, 3, 1, 1, 3, 1, 
308: 0, 1, 0, 5, 1, 1, 0, 0, 0, 3, 5, 10, 0, 1, 0, 3, 1, 2, 0, 0, 0, 0, 6, 1, 0, 0, 1, 0, 0, 1, 1, 0, 0, 0, 0, 0, 0, 0, 0, 0, : 1, 5, 1, 1, 3, 5, 10, 1, 3, 1, 2, 6, 1, 1, 1, 1, 
123: 8, 0, 3, 0, 1, 0, 0, 0, 0, 0, 3, 0, 4, 0, 0, 5, 8, 0, 0, 0, 3, 0, 0, 0, 0, 3, 0, 1, 12, 4, 0, 0, 0, 3, 0, 0, 0, 1, 0, 0, : 8, 3, 1, 3, 4, 5, 8, 3, 3, 1, 12, 4, 3, 1, 
307: 1, 0, 6, 0, 2, 0, 0, 0, 0, 1, 0, 0, 0, 0, 0, 0, 10, 0, 0, 1, 0, 0, 0, 11, 0, 0, 0, 0, 5, 0, 0, 1, 1, 0, 0, 0, 0, 0, 0, 0, : 1, 6, 2, 1, 10, 1, 11, 5, 1, 1, 
160: 0, 1, 9, 0, 0, 0, 0, 0, 0, 6, 0, 0, 0, 4, 1, 0, 1, 7, 0, 0, 3, 0, 0, 1, 12, 0, 1, 0, 0, 0, 1, 0, 0, 0, 4, 0, 0, 2, 0, 0, : 1, 9, 6, 4, 1, 1, 7, 3, 1, 12, 1, 1, 4, 2, 
119: 1, 0, 1, 0, 0, 0, 0, 0, 4, 8, 5, 16, 0, 0, 0, 0, 1, 1, 0, 0, 0, 0, 0, 0, 0, 1, 1, 15, 0, 0, 0, 0, 0, 0, 0, 2, 0, 4, 0, 1, : 1, 1, 4, 8, 5, 16, 1, 1, 1, 1, 15, 2, 4, 1, 
377: 1, 0, 0, 0, 0, 0, 0, 0, 0, 1, 1, 0, 0, 12, 0, 0, 0, 1, 0, 0, 0, 0, 0, 1, 0, 2, 21, 0, 0, 0, 0, 0, 16, 0, 0, 2, 17, 0, 0, 0, : 1, 1, 1, 12, 1, 1, 2, 21, 16, 2, 17, 
170: 0, 3, 0, 2, 1, 0, 0, 0, 20, 7, 0, 0, 0, 0, 0, 1, 0, 0, 0, 0, 1, 0, 0, 1, 0, 1, 4, 0, 0, 8, 0, 20, 1, 0, 0, 10, 0, 4, 1, 0, : 3, 2, 1, 20, 7, 1, 1, 1, 1, 4, 8, 20, 1, 10, 4, 1, 
364: 6, 6, 1, 0, 0, 0, 0, 0, 10, 0, 4, 1, 18, 0, 0, 0, 0, 1, 0, 0, 1, 0, 0, 0, 0, 1, 0, 0, 0, 0, 2, 0, 0, 0, 0, 5, 0, 0, 1, 0, : 6, 6, 1, 10, 4, 1, 18, 1, 1, 1, 2, 5, 1, 


254: 0, 0, 0, 5, 1, 1, 0, 8, 1, 0, 0, 0, 2, 0, 0, 0, 29, 11, 25, 8, 0, 0, 1, 7, 0, 1, 0, 4, 1, 1, 0, 1, 7, 1, 0, 0, 0, 0, 1, 0, : 5, 1, 1, 8, 1, 2, 29, 11, 25, 8, 1, 7, 1, 4, 1, 1, 1, 7, 1, 1, 
90: 0, 6, 0, 0, 0, 0, 0, 1, 0, 2, 12, 1, 0, 0, 2, 0, 1, 0, 0, 4, 0, 0, 0, 0, 0, 1, 0, 2, 1, 0, 0, 0, 0, 0, 0, 0, 5, 0, 13, 0, : 6, 1, 2, 12, 1, 2, 1, 4, 1, 2, 1, 5, 13, 
282: 2, 0, 0, 0, 0, 0, 0, 1, 0, 12, 1, 0, 0, 0, 0, 0, 2, 0, 0, 0, 0, 0, 0, 1, 1, 1, 0, 5, 0, 1, 0, 0, 1, 0, 0, 1, 1, 0, 2, 2, : 2, 1, 12, 1, 2, 1, 1, 1, 5, 1, 1, 1, 1, 2, 2, 
351: 0, 0, 17, 0, 0, 2, 0, 1, 1, 0, 0, 0, 0, 0, 0, 1, 0, 0, 0, 2, 0, 0, 0, 0, 0, 0, 0, 0, 0, 1, 7, 0, 0, 0, 0, 0, 18, 0, 4, 0, : 17, 2, 1, 1, 1, 2, 1, 7, 18, 4, 
287: 0, 0, 0, 0, 0, 0, 1, 0, 0, 0, 0, 0, 0, 0, 0, 26, 0, 0, 0, 0, 1, 0, 0, 1, 0, 1, 1, 0, 1, 1, 6, 5, 0, 3, 0, 0, 0, 1, 0, 0, : 1, 26, 1, 1, 1, 1, 1, 1, 6, 5, 3, 1, 
47: 0, 0, 0, 0, 0, 0, 0, 1, 0, 0, 0, 3, 0, 2, 2, 0, 0, 7, 0, 2, 0, 0, 1, 0, 0, 6, 0, 0, 0, 1, 1, 2, 2, 0, 0, 0, 0, 0, 0, 1, : 1, 3, 2, 2, 7, 2, 1, 6, 1, 1, 2, 2, 1, 
129: 0, 0, 0, 1, 0, 4, 2, 0, 11, 1, 0, 0, 0, 0, 0, 0, 0, 0, 1, 0, 5, 1, 0, 0, 7, 0, 0, 1, 0, 1, 0, 1, 0, 7, 0, 0, 0, 0, 1, 2, : 1, 4, 2, 11, 1, 1, 5, 1, 7, 1, 1, 1, 7, 1, 2, 
14: 0, 0, 0, 1, 0, 0, 14, 1, 0, 17, 1, 0, 0, 0, 0, 0, 1, 0, 2, 0, 1, 0, 2, 0, 0, 0, 2, 1, 0, 1, 0, 0, 4, 2, 11, 0, 0, 0, 1, 2, : 1, 14, 1, 17, 1, 1, 2, 1, 2, 2, 1, 1, 4, 2, 11, 1, 2, 
197: 0, 9, 0, 0, 7, 2, 0, 1, 3, 2, 1, 2, 0, 1, 0, 0, 1, 0, 0, 0, 1, 4, 4, 0, 0, 0, 0, 1, 2, 1, 9, 1, 11, 0, 0, 7, 0, 2, 0, 0, : 9, 7, 2, 1, 3, 2, 1, 2, 1, 1, 1, 4, 4, 1, 2, 1, 9, 1, 11, 7, 2, 
163: 0, 0, 0, 0, 1, 1, 0, 1, 1, 0, 0, 2, 0, 0, 4, 0, 0, 0, 0, 0, 1, 3, 0, 0, 0, 5, 0, 1, 0, 2, 0, 1, 1, 2, 1, 0, 0, 0, 4, 0, : 1, 1, 1, 1, 2, 4, 1, 3, 5, 1, 2, 1, 1, 2, 1, 4, 
256: 0, 0, 0, 0, 0, 4, 0, 2, 1, 0, 1, 0, 9, 1, 0, 0, 1, 0, 0, 7, 0, 0, 0, 0, 0, 2, 0, 1, 0, 0, 0, 1, 0, 1, 0, 0, 0, 0, 1, 0, : 4, 2, 1, 1, 9, 1, 1, 7, 2, 1, 1, 1, 1, 
425: 3, 0, 1, 0, 1, 0, 3, 1, 2, 0, 2, 0, 5, 0, 0, 0, 0, 1, 0, 0, 0, 0, 1, 7, 0, 2, 0, 3, 0, 1, 0, 0, 1, 0, 0, 0, 0, 1, 1, 0, : 3, 1, 1, 3, 1, 2, 2, 5, 1, 1, 7, 2, 3, 1, 1, 1, 1, 
34: 0, 5, 0, 0, 2, 0, 0, 5, 0, 0, 0, 6, 1, 16, 0, 0, 2, 0, 0, 6, 1, 1, 1, 0, 0, 5, 0, 1, 0, 1, 0, 2, 7, 0, 1, 1, 0, 4, 0, 0, : 5, 2, 5, 6, 1, 16, 2, 6, 1, 1, 1, 5, 1, 1, 2, 7, 1, 1, 4, 
136: 0, 0, 0, 6, 1, 0, 0, 1, 1, 5, 0, 0, 0, 1, 2, 0, 0, 0, 1, 4, 0, 0, 0, 0, 0, 2, 0, 2, 9, 1, 2, 2, 0, 0, 1, 0, 0, 3, 0, 0, : 6, 1, 1, 1, 5, 1, 2, 1, 4, 2, 2, 9, 1, 2, 2, 1, 3, 
325: 0, 0, 1, 0, 0, 0, 0, 0, 0, 0, 0, 1, 0, 0, 0, 0, 0, 0, 2, 0, 1, 0, 0, 1, 0, 2, 0, 0, 0, 1, 0, 0, 0, 0, 0, 0, 6, 0, 1, 0, : 1, 1, 2, 1, 1, 2, 1, 6, 1, 
289: 0, 0, 0, 0, 1, 9, 0, 1, 5, 1, 2, 0, 0, 1, 0, 0, 0, 0, 1, 0, 3, 0, 2, 0, 0, 3, 0, 0, 2, 3, 0, 6, 0, 0, 4, 0, 0, 0, 0, 0, : 1, 9, 1, 5, 1, 2, 1, 1, 3, 2, 3, 2, 3, 6, 4, 
394: 0, 0, 0, 0, 2, 0, 1, 3, 1, 0, 7, 1, 0, 0, 1, 0, 0, 0, 0, 2, 1, 0, 0, 1, 0, 0, 0, 2, 0, 0, 0, 0, 0, 2, 0, 2, 0, 21, 1, 0, : 2, 1, 3, 1, 7, 1, 1, 2, 1, 1, 2, 2, 2, 21, 1, 
342: 0, 1, 0, 4, 0, 1, 0, 1, 2, 0, 0, 1, 17, 1, 0, 0, 0, 0, 1, 0, 7, 0, 3, 1, 10, 1, 0, 1, 1, 0, 0, 0, 2, 2, 1, 24, 0, 0, 1, 0, : 1, 4, 1, 1, 2, 1, 17, 1, 1, 7, 3, 1, 10, 1, 1, 1, 2, 2, 1, 24, 1, 
403: 0, 0, 0, 0, 3, 0, 0, 0, 0, 0, 0, 1, 0, 1, 1, 0, 0, 0, 1, 0, 2, 1, 0, 19, 0, 0, 0, 1, 3, 0, 1, 1, 0, 3, 0, 1, 1, 0, 1, 0, : 3, 1, 1, 1, 1, 2, 1, 19, 1, 3, 1, 1, 3, 1, 1, 1, 
92: 13, 0, 1, 4, 0, 1, 0, 1, 0, 0, 0, 8, 0, 1, 0, 0, 0, 0, 0, 5, 2, 0, 1, 1, 0, 1, 0, 1, 3, 5, 13, 1, 0, 2, 0, 0, 0, 0, 0, 0, : 13, 1, 4, 1, 1, 8, 1, 5, 2, 1, 1, 1, 1, 3, 5, 13, 1, 2, 
406: 0, 0, 0, 0, 0, 0, 0, 1, 0, 0, 0, 0, 0, 1, 0, 0, 0, 0, 0, 0, 0, 0, 6, 0, 0, 0, 28, 0, 1, 4, 0, 0, 1, 2, 8, 0, 5, 0, 1, 1, : 1, 1, 6, 28, 1, 4, 1, 2, 8, 5, 1, 1, 
312: 6, 0, 6, 0, 0, 7, 0, 1, 0, 0, 12, 0, 1, 0, 2, 0, 0, 13, 2, 0, 1, 0, 16, 0, 0, 1, 0, 0, 0, 1, 0, 4, 0, 0, 0, 0, 0, 0, 0, 0, : 6, 6, 7, 1, 12, 1, 2, 13, 2, 1, 16, 1, 1, 4, 
413: 0, 0, 0, 0, 0, 0, 0, 1, 0, 0, 0, 1, 1, 2, 0, 0, 0, 0, 0, 0, 1, 13, 0, 0, 0, 0, 0, 0, 0, 0, 0, 0, 0, 0, 0, 0, 0, 0, 0, 0, : 1, 1, 1, 2, 1, 13, 
78: 3, 0, 0, 0, 0, 0, 0, 1, 0, 0, 1, 1, 0, 0, 0, 0, 0, 1, 2, 0, 2, 0, 0, 0, 5, 0, 9, 3, 4, 0, 0, 1, 0, 0, 2, 0, 1, 3, 1, 3, : 3, 1, 1, 1, 1, 2, 2, 5, 9, 3, 4, 1, 2, 1, 3, 1, 3, 
124: 0, 0, 1, 0, 2, 0, 0, 1, 7, 0, 0, 0, 0, 12, 0, 0, 0, 0, 0, 0, 0, 15, 0, 0, 9, 0, 0, 1, 4, 0, 0, 0, 0, 0, 11, 0, 0, 0, 0, 0, : 1, 2, 1, 7, 12, 15, 9, 1, 4, 11, 
404: 0, 1, 0, 7, 0, 7, 0, 1, 1, 0, 0, 0, 0, 0, 26, 0, 0, 0, 0, 0, 9, 1, 1, 0, 0, 1, 0, 5, 1, 1, 0, 1, 0, 0, 0, 2, 0, 5, 1, 0, : 1, 7, 7, 1, 1, 26, 9, 1, 1, 1, 5, 1, 1, 1, 2, 5, 1, 
206: 0, 0, 0, 1, 13, 0, 2, 1, 0, 0, 0, 0, 3, 0, 0, 0, 1, 0, 0, 0, 1, 0, 0, 0, 0, 0, 0, 1, 0, 12, 0, 1, 0, 6, 0, 0, 2, 0, 0, 2, : 1, 13, 2, 1, 3, 1, 1, 1, 12, 1, 6, 2, 2, 
292: 3, 0, 0, 6, 0, 0, 0, 1, 2, 0, 0, 3, 1, 0, 0, 12, 0, 1, 2, 0, 0, 0, 0, 0, 0, 3, 0, 0, 2, 0, 0, 4, 0, 0, 0, 0, 1, 0, 3, 0, : 3, 6, 1, 2, 3, 1, 12, 1, 2, 3, 2, 4, 1, 3, 
11: 1, 0, 0, 4, 6, 1, 1, 1, 0, 0, 0, 0, 0, 0, 0, 1, 2, 0, 0, 0, 0, 1, 1, 0, 8, 1, 0, 2, 5, 0, 1, 5, 3, 6, 0, 2, 0, 0, 0, 9, : 1, 4, 6, 1, 1, 1, 1, 2, 1, 1, 8, 1, 2, 5, 1, 5, 3, 6, 2, 9, 
48: 9, 18, 13, 1, 0, 0, 16, 1, 1, 0, 0, 9, 0, 0, 0, 0, 0, 6, 0, 0, 0, 0, 0, 1, 0, 1, 0, 1, 0, 0, 0, 0, 0, 1, 0, 0, 0, 0, 2, 18, : 9, 18, 13, 1, 16, 1, 1, 9, 6, 1, 1, 1, 1, 2, 18, 


91: 1, 0, 1, 0, 0, 0, 1, 0, 1, 0, 0, 0, 0, 3, 16, 0, 0, 1, 0, 2, 0, 0, 0, 2, 1, 6, 27, 1, 0, 0, 0, 0, 0, 20, 0, 3, 3, 0, 0, 0, : 1, 1, 1, 1, 3, 16, 1, 2, 2, 1, 6, 27, 1, 20, 3, 3, 
66: 0, 7, 1, 0, 0, 12, 0, 1, 0, 0, 32, 1, 0, 1, 19, 2, 2, 9, 0, 0, 0, 0, 0, 0, 0, 0, 0, 2, 0, 0, 0, 0, 0, 1, 0, 0, 1, 1, 0, 3, : 7, 1, 12, 1, 32, 1, 1, 19, 2, 2, 9, 2, 1, 1, 1, 3, 
421: 1, 0, 1, 0, 0, 0, 0, 2, 7, 0, 0, 3, 0, 0, 0, 0, 0, 0, 0, 0, 3, 0, 0, 1, 0, 8, 0, 7, 0, 0, 2, 0, 0, 0, 0, 0, 0, 1, 1, 0, : 1, 1, 2, 7, 3, 3, 1, 8, 7, 2, 1, 1, 
59: 8, 1, 0, 10, 0, 0, 0, 1, 1, 0, 0, 0, 1, 0, 0, 1, 0, 2, 1, 0, 2, 0, 0, 0, 0, 0, 0, 3, 1, 3, 0, 0, 0, 0, 1, 0, 1, 0, 0, 0, : 8, 1, 10, 1, 1, 1, 1, 2, 1, 2, 3, 1, 3, 1, 1, 
227: 1, 2, 1, 0, 0, 0, 0, 2, 0, 0, 0, 0, 18, 0, 0, 1, 1, 1, 0, 1, 0, 2, 0, 1, 5, 1, 0, 0, 0, 15, 4, 0, 12, 1, 0, 0, 3, 0, 1, 0, : 1, 2, 1, 2, 18, 1, 1, 1, 1, 2, 1, 5, 1, 15, 4, 12, 1, 3, 1, 
250: 0, 0, 5, 1, 0, 0, 0, 0, 2, 0, 0, 0, 3, 6, 0, 2, 0, 0, 2, 4, 9, 0, 7, 0, 2, 0, 0, 0, 0, 9, 0, 0, 9, 3, 0, 0, 0, 0, 1, 0, : 5, 1, 2, 3, 6, 2, 2, 4, 9, 7, 2, 9, 9, 3, 1, 
415: 0, 0, 0, 1, 12, 0, 0, 2, 1, 0, 1, 1, 0, 3, 0, 1, 1, 0, 17, 0, 0, 0, 0, 0, 16, 0, 1, 0, 0, 0, 1, 0, 0, 1, 0, 0, 3, 0, 1, 0, : 1, 12, 2, 1, 1, 1, 3, 1, 1, 17, 16, 1, 1, 1, 3, 1, 
449: 0, 0, 0, 0, 23, 0, 0, 0, 2, 29, 2, 1, 0, 0, 0, 0, 0, 0, 1, 1, 0, 0, 11, 0, 0, 0, 0, 4, 0, 2, 1, 0, 0, 0, 1, 0, 0, 0, 2, 0, : 23, 2, 29, 2, 1, 1, 1, 11, 4, 2, 1, 1, 2, 
390: 1, 0, 1, 0, 0, 0, 1, 3, 13, 0, 0, 1, 2, 0, 0, 6, 1, 0, 3, 2, 0, 20, 0, 0, 0, 16, 0, 1, 0, 1, 0, 0, 0, 1, 0, 0, 1, 1, 0, 1, : 1, 1, 1, 3, 13, 1, 2, 6, 1, 3, 2, 20, 16, 1, 1, 1, 1, 1, 1, 
85: 0, 0, 1, 1, 0, 0, 0, 0, 2, 0, 0, 0, 0, 0, 0, 0, 0, 1, 0, 0, 0, 1, 0, 2, 3, 1, 0, 0, 1, 0, 0, 0, 0, 0, 0, 0, 0, 0, 1, 0, : 1, 1, 2, 1, 1, 2, 3, 1, 1, 1, 
151: 1, 1, 1, 0, 0, 11, 10, 0, 0, 0, 0, 1, 0, 0, 0, 0, 13, 3, 0, 0, 0, 0, 13, 0, 0, 0, 0, 0, 0, 0, 0, 0, 0, 0, 0, 4, 0, 15, 0, 0, : 1, 1, 1, 11, 10, 1, 13, 3, 13, 4, 15, 
173: 0, 1, 1, 0, 0, 0, 0, 1, 0, 0, 0, 1, 0, 1, 0, 1, 0, 1, 0, 5, 1, 0, 0, 7, 0, 0, 0, 0, 0, 2, 12, 1, 0, 0, 1, 0, 0, 0, 6, 0, : 1, 1, 1, 1, 1, 1, 1, 5, 1, 7, 2, 12, 1, 1, 6, 
214: 0, 0, 0, 9, 0, 5, 4, 3, 0, 4, 0, 10, 1, 0, 0, 3, 0, 1, 0, 0, 0, 0, 8, 0, 0, 0, 0, 0, 2, 0, 0, 0, 0, 0, 4, 0, 1, 0, 0, 2, : 9, 5, 4, 3, 4, 10, 1, 3, 1, 8, 2, 4, 1, 2, 
263: 0, 1, 1, 0, 0, 0, 1, 0, 0, 0, 0, 1, 0, 1, 1, 0, 0, 0, 1, 1, 0, 5, 0, 1, 12, 1, 0, 0, 0, 0, 0, 0, 0, 5, 0, 1, 0, 0, 0, 0, : 1, 1, 1, 1, 1, 1, 1, 1, 5, 1, 12, 1, 5, 1, 
139: 0, 1, 0, 0, 0, 0, 0, 0, 0, 0, 0, 5, 0, 1, 0, 0, 1, 1, 0, 0, 0, 0, 0, 0, 0, 0, 0, 3, 15, 0, 0, 0, 0, 0, 2, 12, 0, 0, 1, 2, : 1, 5, 1, 1, 1, 3, 15, 2, 12, 1, 2, 
238: 1, 1, 6, 0, 0, 9, 0, 2, 0, 0, 0, 0, 0, 9, 0, 1, 0, 4, 0, 1, 0, 0, 0, 0, 0, 0, 0, 0, 0, 1, 3, 8, 0, 1, 0, 0, 0, 1, 0, 0, : 1, 1, 6, 9, 2, 9, 1, 4, 1, 1, 3, 8, 1, 1, 
380: 0, 1, 0, 0, 0, 0, 5, 1, 1, 0, 0, 1, 2, 0, 0, 0, 0, 1, 0, 0, 0, 0, 0, 0, 1, 0, 0, 3, 0, 0, 2, 3, 0, 0, 17, 0, 3, 0, 4, 0, : 1, 5, 1, 1, 1, 2, 1, 1, 3, 2, 3, 17, 3, 4, 
221: 0, 1, 6, 0, 0, 0, 1, 0, 0, 0, 0, 0, 0, 0, 1, 1, 13, 0, 8, 5, 15, 0, 0, 0, 0, 1, 1, 0, 0, 0, 0, 0, 0, 1, 1, 0, 0, 1, 5, 2, : 1, 6, 1, 1, 1, 13, 8, 5, 15, 1, 1, 1, 1, 1, 5, 2, 
445: 23, 1, 0, 0, 0, 0, 0, 0, 0, 0, 0, 0, 2, 0, 0, 4, 0, 4, 0, 0, 3, 0, 1, 9, 0, 1, 0, 1, 0, 0, 0, 0, 0, 0, 8, 0, 10, 1, 0, 13, : 23, 1, 2, 4, 4, 3, 1, 9, 1, 1, 8, 10, 1, 13, 
121: 0, 0, 2, 8, 0, 0, 0, 1, 6, 0, 0, 8, 0, 0, 0, 0, 1, 1, 1, 0, 0, 0, 0, 1, 0, 0, 0, 0, 10, 0, 0, 0, 0, 2, 0, 2, 0, 0, 1, 1, : 2, 8, 1, 6, 8, 1, 1, 1, 1, 10, 2, 2, 1, 1, 
12: 0, 2, 1, 0, 2, 0, 0, 1, 0, 3, 1, 0, 1, 0, 0, 0, 0, 0, 0, 0, 0, 0, 0, 0, 0, 0, 0, 1, 1, 0, 0, 0, 0, 0, 0, 0, 10, 1, 2, 0, : 2, 1, 2, 1, 3, 1, 1, 1, 1, 10, 1, 2, 
424: 0, 0, 2, 0, 0, 0, 0, 0, 3, 0, 1, 0, 1, 3, 0, 14, 0, 1, 1, 0, 1, 0, 0, 1, 0, 0, 1, 1, 0, 0, 0, 0, 0, 0, 0, 1, 3, 4, 0, 1, : 2, 3, 1, 1, 3, 14, 1, 1, 1, 1, 1, 1, 1, 3, 4, 1, 
184: 0, 0, 0, 0, 0, 0, 0, 0, 0, 0, 1, 1, 5, 0, 0, 0, 6, 3, 2, 2, 0, 0, 0, 1, 0, 0, 1, 0, 0, 0, 1, 0, 0, 0, 0, 0, 0, 0, 1, 0, : 1, 1, 5, 6, 3, 2, 2, 1, 1, 1, 1, 
317: 0, 8, 2, 5, 3, 0, 0, 6, 0, 0, 0, 0, 1, 5, 0, 0, 0, 2, 1, 1, 0, 0, 0, 0, 0, 0, 2, 4, 0, 0, 1, 0, 13, 0, 0, 10, 0, 9, 1, 0, : 8, 2, 5, 3, 6, 1, 5, 2, 1, 1, 2, 4, 1, 13, 10, 9, 1, 
61: 1, 4, 1, 0, 0, 0, 6, 1, 0, 0, 1, 2, 0, 0, 0, 0, 0, 0, 0, 4, 5, 0, 0, 1, 0, 0, 0, 8, 6, 0, 0, 0, 0, 0, 0, 0, 1, 3, 1, 0, : 1, 4, 1, 6, 1, 1, 2, 4, 5, 1, 8, 6, 1, 3, 1, 
428: 1, 1, 0, 0, 0, 2, 0, 11, 1, 0, 0, 0, 0, 0, 0, 1, 0, 1, 0, 1, 1, 0, 0, 0, 0, 0, 4, 1, 0, 0, 2, 0, 0, 3, 0, 1, 0, 0, 0, 0, : 1, 1, 2, 11, 1, 1, 1, 1, 1, 4, 1, 2, 3, 1, 
392: 0, 4, 1, 0, 0, 0, 5, 1, 0, 0, 0, 1, 0, 0, 0, 0, 0, 1, 0, 6, 0, 0, 0, 0, 0, 2, 1, 0, 0, 0, 10, 0, 0, 0, 1, 6, 0, 0, 0, 0, : 4, 1, 5, 1, 1, 1, 6, 2, 1, 10, 1, 6, 
374: 1, 1, 0, 4, 0, 0, 0, 0, 0, 0, 0, 0, 3, 7, 0, 1, 0, 1, 0, 2, 0, 0, 0, 0, 0, 3, 1, 0, 1, 0, 0, 28, 0, 0, 2, 0, 0, 2, 0, 0, : 1, 1, 4, 3, 7, 1, 1, 2, 3, 1, 1, 28, 2, 2, 
142: 0, 1, 4, 0, 0, 1, 6, 1, 0, 0, 0, 0, 0, 0, 0, 1, 0, 1, 2, 1, 0, 12, 0, 13, 0, 0, 0, 0, 3, 7, 0, 0, 0, 0, 1, 0, 0, 0, 10, 0, : 1, 4, 1, 6, 1, 1, 1, 2, 1, 12, 13, 3, 7, 1, 10, 
285: 0, 1, 1, 1, 0, 0, 0, 0, 0, 4, 1, 2, 0, 0, 3, 0, 1, 0, 0, 1, 0, 0, 0, 0, 0, 0, 1, 0, 0, 0, 1, 0, 6, 1, 1, 0, 0, 0, 1, 15, : 1, 1, 1, 4, 1, 2, 3, 1, 1, 1, 1, 6, 1, 1, 1, 15, 


26: 0, 0, 1, 0, 1, 0, 2, 0, 1, 11, 0, 1, 0, 1, 1, 0, 0, 0, 1, 0, 0, 0, 0, 0, 1, 0, 1, 2, 3, 0, 0, 0, 0, 0, 0, 0, 0, 2, 0, 0, : 1, 1, 2, 1, 11, 1, 1, 1, 1, 1, 1, 2, 3, 2, 
253: 34, 0, 0, 0, 1, 11, 1, 1, 3, 19, 11, 1, 0, 0, 0, 0, 0, 12, 0, 0, 1, 0, 0, 0, 1, 0, 1, 1, 0, 0, 0, 0, 3, 1, 0, 1, 0, 0, 0, 0, : 34, 1, 11, 1, 1, 3, 19, 11, 1, 12, 1, 1, 1, 1, 3, 1, 1, 
13: 0, 0, 0, 0, 0, 0, 23, 0, 0, 0, 0, 0, 0, 0, 3, 0, 0, 0, 0, 0, 0, 1, 3, 4, 0, 0, 0, 0, 0, 0, 15, 0, 1, 5, 0, 2, 0, 0, 0, 0, : 23, 3, 1, 3, 4, 15, 1, 5, 2, 
105: 1, 4, 6, 0, 3, 0, 2, 0, 1, 4, 0, 0, 0, 0, 0, 0, 0, 0, 1, 0, 0, 3, 1, 0, 0, 0, 0, 0, 0, 1, 0, 1, 0, 0, 1, 0, 3, 0, 0, 0, : 1, 4, 6, 3, 2, 1, 4, 1, 3, 1, 1, 1, 1, 3, 
209: 0, 8, 0, 4, 0, 0, 0, 0, 0, 0, 0, 4, 7, 19, 0, 0, 3, 2, 0, 0, 0, 0, 0, 0, 0, 1, 0, 0, 0, 0, 4, 1, 1, 2, 0, 0, 0, 0, 0, 0, : 8, 4, 4, 7, 19, 3, 2, 1, 4, 1, 1, 2, 
95: 2, 0, 0, 0, 2, 0, 0, 0, 2, 0, 0, 1, 2, 0, 4, 0, 0, 1, 2, 0, 0, 0, 0, 0, 0, 0, 1, 1, 0, 1, 0, 0, 4, 1, 0, 0, 0, 0, 0, 0, : 2, 2, 2, 1, 2, 4, 1, 2, 1, 1, 1, 4, 1, 
120: 0, 1, 2, 0, 0, 0, 0, 1, 9, 0, 0, 0, 0, 0, 1, 17, 0, 0, 0, 0, 0, 0, 1, 0, 0, 0, 0, 0, 0, 0, 0, 5, 0, 0, 0, 0, 1, 0, 0, 0, : 1, 2, 1, 9, 1, 17, 1, 5, 1, 
88: 0, 0, 0, 0, 1, 0, 1, 1, 0, 0, 3, 1, 3, 1, 0, 0, 1, 0, 1, 0, 19, 0, 0, 0, 0, 0, 2, 20, 0, 4, 0, 1, 0, 0, 0, 0, 1, 0, 0, 0, : 1, 1, 1, 3, 1, 3, 1, 1, 1, 19, 2, 20, 4, 1, 1, 
196: 0, 0, 1, 1, 13, 1, 0, 5, 2, 0, 1, 0, 0, 1, 0, 2, 3, 0, 10, 0, 11, 0, 0, 0, 0, 0, 0, 0, 0, 0, 0, 4, 0, 1, 0, 0, 0, 0, 1, 0, : 1, 1, 13, 1, 5, 2, 1, 1, 2, 3, 10, 11, 4, 1, 1, 
223: 1, 0, 0, 0, 0, 0, 0, 0, 0, 0, 6, 0, 0, 0, 0, 0, 0, 1, 0, 0, 0, 22, 0, 0, 0, 0, 0, 1, 14, 0, 0, 0, 1, 0, 0, 0, 0, 13, 0, 0, : 1, 6, 1, 22, 1, 14, 1, 13, 
164: 0, 1, 1, 0, 1, 0, 0, 0, 0, 0, 0, 0, 0, 0, 0, 16, 1, 0, 0, 0, 0, 1, 0, 0, 0, 0, 0, 5, 0, 3, 0, 0, 0, 16, 0, 0, 0, 3, 0, 0, : 1, 1, 1, 16, 1, 1, 5, 3, 16, 3, 
80: 0, 4, 1, 0, 3, 0, 0, 10, 0, 0, 0, 12, 1, 0, 2, 1, 1, 0, 0, 0, 0, 0, 0, 23, 21, 1, 0, 0, 0, 0, 0, 0, 2, 0, 2, 0, 4, 0, 0, 0, : 4, 1, 3, 10, 12, 1, 2, 1, 1, 23, 21, 1, 2, 2, 4, 
269: 0, 1, 1, 0, 4, 0, 1, 0, 0, 0, 0, 0, 21, 0, 0, 0, 17, 0, 0, 0, 0, 0, 2, 0, 0, 1, 1, 1, 3, 6, 6, 0, 0, 7, 0, 0, 0, 0, 0, 0, : 1, 1, 4, 1, 21, 17, 2, 1, 1, 1, 3, 6, 6, 7, 
156: 0, 0, 0, 13, 0, 0, 0, 1, 0, 6, 0, 0, 0, 1, 10, 0, 0, 0, 0, 12, 0, 0, 24, 1, 0, 0, 0, 0, 0, 0, 0, 0, 0, 1, 1, 25, 0, 0, 0, 0, : 13, 1, 6, 1, 10, 12, 24, 1, 1, 1, 25, 
137: 1, 0, 1, 1, 1, 1, 1, 6, 1, 0, 0, 0, 0, 11, 0, 0, 0, 7, 1, 0, 0, 0, 0, 0, 3, 0, 0, 0, 0, 0, 0, 0, 0, 1, 0, 0, 0, 0, 1, 0, : 1, 1, 1, 1, 1, 1, 6, 1, 11, 7, 1, 3, 1, 1, 
244: 0, 1, 0, 0, 0, 1, 6, 1, 0, 0, 0, 0, 0, 3, 0, 0, 0, 0, 1, 2, 0, 0, 1, 0, 0, 0, 0, 0, 0, 8, 0, 0, 0, 0, 1, 6, 1, 0, 3, 0, : 1, 1, 6, 1, 3, 1, 2, 1, 8, 1, 6, 1, 3, 
109: 0, 0, 0, 0, 0, 1, 0, 1, 4, 0, 0, 4, 0, 0, 1, 0, 0, 0, 3, 0, 0, 0, 0, 0, 0, 0, 1, 0, 0, 3, 0, 0, 0, 0, 0, 0, 0, 0, 11, 0, : 1, 1, 4, 4, 1, 3, 1, 3, 11, 
76: 0, 2, 1, 0, 0, 0, 0, 1, 0, 0, 0, 0, 0, 0, 0, 0, 3, 0, 0, 0, 0, 2, 1, 4, 0, 0, 0, 0, 9, 0, 0, 0, 0, 0, 0, 0, 0, 0, 8, 0, : 2, 1, 1, 3, 2, 1, 4, 9, 8, 
408: 0, 1, 0, 0, 0, 1, 0, 1, 6, 0, 0, 0, 0, 1, 0, 0, 0, 9, 0, 0, 0, 0, 0, 3, 0, 0, 1, 4, 3, 0, 3, 0, 0, 0, 0, 0, 0, 0, 1, 0, : 1, 1, 1, 6, 1, 9, 3, 1, 4, 3, 3, 1, 
340: 0, 1, 8, 0, 2, 1, 0, 0, 0, 0, 0, 4, 0, 0, 0, 0, 1, 1, 0, 0, 1, 2, 0, 0, 0, 2, 0, 1, 3, 4, 0, 0, 1, 1, 0, 0, 3, 0, 10, 0, : 1, 8, 2, 1, 4, 1, 1, 1, 2, 2, 1, 3, 4, 1, 1, 3, 10, 
226: 0, 1, 0, 0, 0, 16, 0, 2, 7, 0, 0, 2, 0, 0, 3, 1, 0, 0, 3, 25, 0, 0, 4, 0, 0, 32, 1, 0, 0, 0, 2, 0, 0, 0, 24, 5, 2, 0, 0, 0, : 1, 16, 2, 7, 2, 3, 1, 3, 25, 4, 32, 1, 2, 24, 5, 2, 
236: 0, 0, 0, 0, 0, 0, 0, 1, 0, 0, 0, 0, 1, 0, 2, 0, 0, 1, 1, 0, 0, 0, 0, 0, 0, 0, 0, 2, 4, 2, 0, 0, 2, 0, 0, 0, 2, 0, 0, 0, : 1, 1, 2, 1, 1, 2, 4, 2, 2, 2, 
331: 1, 0, 0, 0, 1, 2, 0, 4, 4, 0, 0, 1, 0, 0, 0, 0, 1, 0, 0, 0, 0, 0, 1, 0, 8, 0, 1, 1, 0, 7, 0, 20, 1, 4, 0, 0, 15, 0, 0, 0, : 1, 1, 2, 4, 4, 1, 1, 1, 8, 1, 1, 7, 20, 1, 4, 15, 
447: 0, 1, 11, 0, 3, 0, 0, 0, 0, 0, 19, 0, 0, 0, 3, 2, 1, 1, 1, 0, 0, 0, 0, 0, 0, 0, 18, 0, 1, 1, 10, 0, 0, 0, 11, 0, 0, 1, 1, 0, : 1, 11, 3, 19, 3, 2, 1, 1, 1, 18, 1, 1, 10, 11, 1, 1, 
259: 0, 2, 0, 0, 2, 5, 1, 1, 0, 0, 0, 3, 1, 0, 0, 0, 0, 1, 9, 0, 0, 0, 0, 0, 0, 0, 2, 0, 0, 0, 0, 0, 0, 0, 0, 1, 1, 3, 2, 0, : 2, 2, 5, 1, 1, 3, 1, 1, 9, 2, 1, 1, 3, 2, 
299: 0, 1, 2, 0, 2, 0, 0, 0, 0, 0, 0, 1, 0, 0, 0, 0, 1, 0, 6, 1, 2, 2, 0, 0, 0, 0, 1, 0, 0, 0, 0, 0, 0, 0, 0, 0, 0, 0, 0, 0, : 1, 2, 2, 1, 1, 6, 1, 2, 2, 1, 
381: 0, 4, 0, 0, 0, 0, 0, 0, 0, 0, 0, 0, 0, 0, 4, 1, 5, 4, 0, 0, 0, 1, 0, 0, 6, 0, 1, 0, 0, 0, 0, 1, 0, 0, 0, 0, 2, 1, 0, 7, : 4, 4, 1, 5, 4, 1, 6, 1, 1, 2, 1, 7, 
341: 0, 1, 4, 0, 0, 0, 0, 3, 0, 0, 0, 0, 1, 0, 0, 0, 1, 0, 0, 0, 0, 0, 1, 0, 0, 2, 7, 1, 0, 0, 0, 5, 0, 0, 0, 0, 5, 0, 1, 33, : 1, 4, 3, 1, 1, 1, 2, 7, 1, 5, 5, 1, 33, 
274: 0, 6, 0, 0, 0, 0, 1, 0, 0, 0, 0, 0, 1, 0, 5, 0, 0, 0, 0, 0, 0, 0, 0, 5, 0, 1, 1, 0, 0, 0, 0, 0, 9, 0, 0, 0, 0, 14, 0, 0, : 6, 1, 1, 5, 5, 1, 1, 9, 14, 
387: 0, 0, 0, 21, 0, 0, 1, 0, 0, 0, 0, 5, 2, 2, 1, 0, 1, 0, 0, 0, 6, 6, 1, 0, 0, 0, 0, 0, 0, 0, 0, 2, 15, 0, 0, 0, 0, 3, 1, 0, : 21, 1, 5, 2, 2, 1, 1, 6, 6, 1, 2, 15, 3, 1, 


126: 15, 0, 16, 0, 2, 4, 3, 3, 1, 0, 0, 4, 1, 0, 0, 26, 0, 0, 1, 5, 0, 0, 0, 1, 8, 1, 1, 0, 1, 0, 0, 1, 0, 0, 0, 1, 0, 0, 0, 1, : 15, 16, 2, 4, 3, 3, 1, 4, 1, 26, 1, 5, 1, 8, 1, 1, 1, 1, 1, 1, 
347: 2, 26, 0, 2, 1, 0, 6, 1, 0, 0, 0, 1, 1, 0, 0, 0, 0, 0, 0, 0, 0, 0, 0, 1, 0, 1, 1, 1, 0, 0, 0, 1, 0, 0, 1, 0, 0, 0, 0, 0, : 2, 26, 2, 1, 6, 1, 1, 1, 1, 1, 1, 1, 1, 1, 
361: 0, 0, 0, 1, 2, 0, 0, 0, 0, 0, 0, 17, 1, 1, 0, 0, 0, 0, 1, 0, 0, 2, 2, 0, 1, 1, 0, 0, 2, 0, 0, 2, 0, 1, 4, 0, 0, 5, 0, 1, : 1, 2, 17, 1, 1, 1, 2, 2, 1, 1, 2, 2, 1, 4, 5, 1, 
433: 0, 0, 0, 1, 0, 0, 1, 0, 1, 1, 0, 0, 7, 2, 1, 0, 0, 0, 0, 2, 0, 1, 1, 2, 0, 0, 1, 0, 0, 0, 0, 0, 0, 2, 1, 0, 0, 0, 0, 0, : 1, 1, 1, 1, 7, 2, 1, 2, 1, 1, 2, 1, 2, 1, 
328: 0, 0, 0, 2, 0, 0, 6, 2, 0, 4, 0, 0, 1, 0, 0, 0, 0, 6, 0, 1, 0, 0, 0, 0, 0, 1, 0, 0, 4, 0, 7, 0, 0, 0, 1, 0, 0, 0, 0, 0, : 2, 6, 2, 4, 1, 6, 1, 1, 4, 7, 1, 
314: 0, 1, 0, 1, 0, 0, 1, 0, 1, 0, 0, 0, 3, 1, 1, 10, 8, 0, 7, 0, 3, 1, 0, 0, 16, 0, 0, 0, 2, 0, 0, 0, 0, 2, 0, 0, 0, 0, 0, 0, : 1, 1, 1, 1, 3, 1, 1, 10, 8, 7, 3, 1, 16, 2, 2, 
398: 0, 0, 0, 1, 0, 2, 0, 0, 0, 0, 0, 1, 1, 0, 0, 1, 0, 0, 0, 1, 0, 0, 0, 1, 0, 0, 3, 1, 1, 1, 0, 13, 1, 1, 1, 0, 15, 0, 0, 0, : 1, 2, 1, 1, 1, 1, 1, 3, 1, 1, 1, 13, 1, 1, 1, 15, 
320: 0, 0, 1, 1, 25, 0, 0, 1, 0, 0, 0, 0, 0, 1, 0, 0, 1, 0, 0, 4, 0, 1, 1, 0, 1, 0, 11, 6, 0, 18, 0, 2, 1, 0, 2, 27, 0, 0, 2, 0, : 1, 1, 25, 1, 1, 1, 4, 1, 1, 1, 11, 6, 18, 2, 1, 2, 27, 2, 
168: 3, 0, 0, 0, 2, 1, 2, 0, 0, 0, 0, 0, 1, 0, 1, 0, 8, 0, 0, 1, 0, 1, 4, 0, 0, 2, 1, 0, 0, 0, 0, 0, 0, 0, 0, 1, 0, 0, 6, 0, : 3, 2, 1, 2, 1, 1, 8, 1, 1, 4, 2, 1, 1, 6, 
370: 0, 2, 3, 0, 0, 1, 0, 0, 1, 0, 0, 0, 0, 0, 0, 0, 0, 0, 0, 0, 0, 2, 0, 0, 0, 0, 1, 4, 1, 7, 0, 0, 0, 0, 0, 0, 0, 4, 5, 0, : 2, 3, 1, 1, 2, 1, 4, 1, 7, 4, 5, 
45: 0, 0, 1, 0, 0, 0, 0, 9, 2, 0, 0, 0, 1, 4, 0, 0, 0, 0, 0, 1, 0, 2, 0, 0, 3, 1, 1, 0, 0, 0, 0, 0, 0, 0, 1, 0, 13, 0, 0, 1, : 1, 9, 2, 1, 4, 1, 2, 3, 1, 1, 1, 13, 1, 
25: 0, 0, 1, 1, 1, 0, 0, 0, 1, 0, 0, 0, 0, 0, 1, 0, 0, 0, 0, 5, 0, 1, 0, 3, 0, 1, 0, 0, 1, 0, 0, 2, 1, 4, 1, 0, 0, 0, 0, 0, : 1, 1, 1, 1, 1, 5, 1, 3, 1, 1, 2, 1, 4, 1, 
106: 0, 0, 0, 0, 0, 1, 1, 0, 0, 0, 0, 0, 4, 0, 4, 0, 0, 0, 0, 0, 0, 1, 3, 26, 8, 5, 0, 0, 0, 0, 0, 8, 0, 1, 0, 0, 0, 0, 0, 0, : 1, 1, 4, 4, 1, 3, 26, 8, 5, 8, 1, 
391: 0, 0, 0, 0, 0, 1, 0, 0, 0, 0, 0, 0, 0, 12, 2, 0, 1, 0, 0, 0, 0, 2, 0, 0, 0, 1, 0, 0, 0, 0, 0, 2, 0, 6, 1, 0, 0, 0, 1, 0, : 1, 12, 2, 1, 2, 1, 2, 6, 1, 1, 
185: 0, 0, 1, 1, 0, 0, 0, 0, 0, 0, 0, 0, 2, 0, 1, 0, 0, 0, 0, 0, 0, 1, 2, 0, 0, 1, 1, 0, 2, 0, 0, 0, 0, 0, 0, 1, 0, 0, 0, 0, : 1, 1, 2, 1, 1, 2, 1, 1, 2, 1, 
290: 0, 0, 2, 1, 0, 0, 0, 0, 0, 1, 0, 0, 0, 7, 0, 0, 0, 0, 18, 0, 0, 0, 4, 0, 0, 1, 0, 3, 1, 0, 0, 0, 0, 0, 1, 0, 0, 0, 0, 0, : 2, 1, 1, 7, 18, 4, 1, 3, 1, 1, 
220: 0, 0, 0, 7, 0, 2, 0, 13, 0, 29, 0, 0, 1, 0, 10, 1, 0, 7, 0, 12, 0, 0, 0, 0, 0, 1, 3, 0, 0, 0, 1, 0, 5, 2, 5, 3, 0, 0, 21, 3, : 7, 2, 13, 29, 1, 10, 1, 7, 12, 1, 3, 1, 5, 2, 5, 3, 21, 3, 
40: 1, 1, 0, 11, 0, 0, 0, 0, 4, 0, 33, 5, 5, 0, 1, 0, 1, 0, 0, 0, 6, 0, 0, 4, 1, 7, 1, 1, 0, 0, 0, 0, 1, 0, 0, 0, 0, 0, 0, 0, : 1, 1, 11, 4, 33, 5, 5, 1, 1, 6, 4, 1, 7, 1, 1, 1, 
218: 0, 1, 0, 3, 0, 1, 1, 0, 0, 0, 0, 1, 3, 0, 4, 0, 0, 25, 0, 2, 0, 0, 2, 0, 0, 0, 0, 0, 0, 0, 0, 0, 1, 0, 5, 4, 8, 0, 1, 0, : 1, 3, 1, 1, 1, 3, 4, 25, 2, 2, 1, 5, 4, 8, 1, 
379: 8, 0, 2, 2, 0, 2, 6, 1, 0, 2, 7, 1, 1, 0, 0, 0, 8, 2, 0, 2, 0, 6, 0, 0, 2, 1, 0, 1, 8, 1, 3, 0, 0, 0, 3, 0, 0, 19, 0, 1, : 8, 2, 2, 2, 6, 1, 2, 7, 1, 1, 8, 2, 2, 6, 2, 1, 1, 8, 1, 3, 3, 19, 1, 
101: 0, 1, 0, 0, 1, 1, 0, 0, 0, 1, 0, 0, 0, 0, 1, 0, 0, 0, 0, 0, 2, 1, 0, 1, 0, 0, 3, 1, 1, 1, 0, 0, 0, 0, 1, 0, 0, 2, 0, 0, : 1, 1, 1, 1, 1, 2, 1, 1, 3, 1, 1, 1, 1, 2, 
365: 4, 0, 0, 1, 0, 15, 3, 1, 14, 0, 0, 0, 0, 1, 1, 0, 0, 0, 0, 1, 0, 0, 1, 0, 0, 0, 2, 0, 0, 0, 0, 0, 0, 0, 0, 0, 0, 3, 0, 0, : 4, 1, 15, 3, 1, 14, 1, 1, 1, 1, 2, 3, 
198: 4, 0, 1, 1, 0, 1, 9, 1, 0, 0, 0, 0, 0, 0, 0, 0, 2, 0, 0, 0, 8, 0, 0, 0, 0, 3, 1, 5, 0, 2, 17, 0, 17, 0, 0, 0, 0, 0, 0, 0, : 4, 1, 1, 1, 9, 1, 2, 8, 3, 1, 5, 2, 17, 17, 
437: 0, 1, 0, 1, 0, 2, 0, 0, 1, 0, 0, 0, 1, 1, 0, 0, 3, 0, 0, 0, 6, 0, 8, 1, 0, 0, 1, 7, 0, 4, 9, 0, 0, 0, 4, 0, 0, 0, 3, 0, : 1, 1, 2, 1, 1, 1, 3, 6, 8, 1, 1, 7, 4, 9, 4, 3, 
115: 0, 0, 1, 1, 6, 1, 0, 0, 5, 0, 0, 1, 0, 5, 1, 0, 0, 0, 7, 1, 0, 0, 1, 0, 0, 0, 3, 0, 0, 1, 1, 1, 0, 1, 1, 0, 0, 0, 0, 0, : 1, 1, 6, 1, 5, 1, 5, 1, 7, 1, 1, 3, 1, 1, 1, 1, 1, 
37: 0, 2, 11, 1, 0, 1, 1, 1, 4, 0, 0, 7, 0, 1, 0, 0, 0, 0, 0, 0, 0, 0, 4, 0, 0, 0, 0, 1, 7, 1, 0, 5, 3, 0, 3, 0, 0, 0, 1, 33, : 2, 11, 1, 1, 1, 1, 4, 7, 1, 4, 1, 7, 1, 5, 3, 3, 1, 33, 
77: 0, 1, 0, 0, 0, 0, 0, 0, 0, 0, 0, 0, 0, 3, 1, 0, 1, 0, 3, 0, 0, 1, 5, 0, 0, 0, 3, 1, 0, 1, 0, 1, 1, 0, 2, 0, 4, 0, 0, 0, : 1, 3, 1, 1, 3, 1, 5, 3, 1, 1, 1, 1, 2, 4, 
177: 0, 0, 0, 0, 0, 2, 0, 0, 0, 2, 0, 0, 6, 1, 7, 0, 1, 0, 3, 0, 15, 0, 0, 0, 0, 12, 0, 3, 0, 3, 0, 0, 0, 20, 1, 1, 0, 7, 0, 0, : 2, 2, 6, 1, 7, 1, 3, 15, 12, 3, 3, 20, 1, 1, 7, 
318: 3, 0, 0, 0, 0, 1, 0, 0, 4, 0, 0, 2, 0, 0, 1, 2, 5, 0, 0, 0, 0, 0, 0, 0, 0, 0, 1, 5, 3, 0, 2, 1, 0, 0, 1, 0, 0, 0, 0, 0, : 3, 1, 4, 2, 1, 2, 5, 1, 5, 3, 2, 1, 1, 
8: 0, 4, 0, 0, 0, 1, 0, 7, 1, 0, 0, 0, 0, 0, 2, 0, 1, 0, 0, 2, 0, 17, 2, 0, 0, 0, 1, 0, 6, 0, 0, 1, 9, 0, 0, 2, 0, 0, 0, 0, : 4, 1, 7, 1, 2, 1, 2, 17, 2, 1, 6, 1, 9, 2, 


110: 1, 0, 0, 0, 5, 0, 1, 0, 0, 0, 0, 0, 0, 0, 0, 0, 2, 1, 4, 0, 9, 1, 7, 1, 0, 1, 4, 6, 0, 0, 0, 0, 0, 0, 0, 0, 1, 1, 1, 3, : 1, 5, 1, 2, 1, 4, 9, 1, 7, 1, 1, 4, 6, 1, 1, 1, 3, 
418: 0, 1, 1, 12, 0, 4, 0, 0, 0, 0, 0, 0, 0, 1, 0, 0, 1, 0, 0, 0, 12, 0, 0, 0, 0, 0, 0, 0, 0, 2, 0, 0, 0, 0, 0, 0, 0, 0, 0, 0, : 1, 1, 12, 4, 1, 1, 12, 2, 
71: 2, 0, 2, 0, 4, 2, 0, 2, 1, 0, 11, 0, 11, 0, 0, 0, 10, 0, 0, 0, 0, 1, 1, 0, 0, 1, 1, 1, 15, 0, 0, 7, 0, 3, 13, 0, 0, 0, 0, 0, : 2, 2, 4, 2, 2, 1, 11, 11, 10, 1, 1, 1, 1, 1, 15, 7, 3, 13, 
216: 0, 2, 0, 0, 0, 0, 3, 0, 1, 3, 0, 0, 0, 0, 3, 0, 1, 0, 0, 0, 0, 0, 0, 0, 1, 6, 2, 0, 12, 0, 0, 4, 0, 0, 0, 0, 0, 9, 0, 0, : 2, 3, 1, 3, 3, 1, 1, 6, 2, 12, 4, 9, 
131: 1, 1, 0, 0, 7, 1, 0, 17, 9, 0, 3, 0, 0, 0, 0, 0, 0, 0, 1, 0, 1, 0, 0, 0, 0, 0, 1, 0, 0, 0, 5, 0, 0, 0, 0, 1, 0, 1, 0, 0, : 1, 1, 7, 1, 17, 9, 3, 1, 1, 1, 5, 1, 1, 
46: 0, 3, 0, 1, 1, 5, 3, 3, 0, 0, 0, 2, 15, 0, 0, 0, 5, 1, 9, 0, 0, 0, 1, 0, 0, 0, 2, 24, 0, 1, 1, 1, 0, 0, 0, 0, 0, 2, 4, 0, : 3, 1, 1, 5, 3, 3, 2, 15, 5, 1, 9, 1, 2, 24, 1, 1, 1, 2, 4, 
79: 0, 0, 0, 0, 0, 5, 13, 0, 0, 1, 0, 1, 2, 0, 0, 14, 0, 3, 0, 3, 0, 0, 5, 0, 8, 1, 5, 0, 0, 0, 2, 1, 1, 0, 0, 7, 0, 0, 0, 1, : 5, 13, 1, 1, 2, 14, 3, 3, 5, 8, 1, 5, 2, 1, 1, 7, 1, 
63: 0, 0, 1, 0, 2, 0, 0, 0, 3, 0, 0, 0, 0, 3, 0, 0, 0, 1, 0, 0, 0, 7, 1, 0, 0, 0, 6, 0, 0, 7, 3, 0, 0, 0, 0, 25, 7, 1, 0, 0, : 1, 2, 3, 3, 1, 7, 1, 6, 7, 3, 25, 7, 1, 
117: 10, 1, 0, 0, 0, 0, 9, 1, 0, 0, 0, 0, 0, 0, 0, 0, 0, 9, 0, 0, 0, 0, 0, 11, 1, 2, 1, 0, 0, 0, 0, 0, 2, 0, 4, 0, 12, 2, 1, 0, : 10, 1, 9, 1, 9, 11, 1, 2, 1, 2, 4, 12, 2, 1, 
31: 1, 0, 1, 2, 6, 3, 0, 1, 1, 1, 0, 1, 0, 0, 0, 0, 1, 1, 0, 0, 0, 3, 0, 0, 0, 7, 0, 2, 0, 0, 0, 1, 0, 0, 0, 0, 2, 0, 1, 8, : 1, 1, 2, 6, 3, 1, 1, 1, 1, 1, 1, 3, 7, 2, 1, 2, 1, 8, 
343: 0, 2, 4, 3, 0, 1, 0, 0, 0, 0, 0, 5, 0, 0, 0, 0, 0, 6, 0, 1, 1, 0, 0, 0, 4, 0, 2, 0, 0, 1, 0, 0, 5, 0, 19, 0, 0, 0, 0, 0, : 2, 4, 3, 1, 5, 6, 1, 1, 4, 2, 1, 5, 19, 
344: 0, 2, 1, 0, 1, 0, 1, 0, 0, 2, 2, 0, 0, 11, 3, 1, 0, 1, 0, 0, 1, 0, 4, 3, 1, 3, 1, 0, 0, 0, 1, 0, 0, 0, 0, 0, 0, 3, 0, 0, : 2, 1, 1, 1, 2, 2, 11, 3, 1, 1, 1, 4, 3, 1, 3, 1, 1, 3, 
204: 0, 0, 0, 1, 0, 1, 0, 0, 0, 2, 0, 0, 0, 0, 0, 0, 1, 2, 1, 0, 7, 0, 0, 0, 0, 1, 0, 0, 0, 1, 0, 1, 9, 0, 0, 4, 0, 0, 0, 0, : 1, 1, 2, 1, 2, 1, 7, 1, 1, 1, 9, 4, 
175: 1, 0, 1, 0, 1, 0, 1, 0, 0, 0, 3, 5, 0, 0, 0, 1, 2, 0, 12, 8, 0, 0, 0, 0, 0, 0, 3, 0, 0, 1, 1, 3, 6, 8, 2, 0, 0, 0, 0, 0, : 1, 1, 1, 1, 3, 5, 1, 2, 12, 8, 3, 1, 1, 3, 6, 8, 2, 
319: 9, 0, 1, 0, 0, 0, 1, 1, 0, 0, 1, 0, 0, 22, 1, 0, 0, 1, 0, 0, 0, 1, 0, 1, 1, 0, 0, 0, 12, 0, 0, 7, 0, 0, 0, 0, 0, 3, 0, 0, : 9, 1, 1, 1, 1, 22, 1, 1, 1, 1, 1, 12, 7, 3, 
440: 0, 0, 0, 1, 1, 0, 0, 0, 0, 6, 0, 0, 0, 2, 3, 0, 0, 0, 1, 1, 2, 0, 0, 0, 1, 0, 0, 0, 0, 0, 0, 1, 4, 5, 1, 0, 1, 3, 0, 0, : 1, 1, 6, 2, 3, 1, 1, 2, 1, 1, 4, 5, 1, 1, 3, 
155: 2, 7, 14, 0, 1, 0, 0, 3, 0, 0, 3, 0, 0, 0, 0, 0, 0, 0, 0, 0, 0, 0, 0, 1, 0, 0, 0, 0, 0, 0, 0, 0, 0, 2, 0, 0, 0, 0, 3, 0, : 2, 7, 14, 1, 3, 3, 1, 2, 3, 
54: 0, 0, 0, 3, 7, 0, 0, 5, 0, 0, 0, 0, 0, 0, 16, 0, 11, 1, 1, 0, 0, 0, 3, 5, 0, 14, 0, 0, 0, 0, 0, 0, 0, 0, 0, 0, 2, 0, 0, 22, : 3, 7, 5, 16, 11, 1, 1, 3, 5, 14, 2, 22, 
315: 3, 16, 2, 0, 0, 0, 0, 4, 0, 0, 4, 14, 0, 0, 0, 24, 1, 0, 3, 0, 0, 0, 0, 1, 1, 0, 0, 0, 0, 0, 0, 0, 0, 3, 0, 0, 1, 0, 0, 1, : 3, 16, 2, 4, 4, 14, 24, 1, 3, 1, 1, 3, 1, 1, 
73: 2, 0, 1, 0, 0, 1, 0, 0, 0, 0, 1, 0, 0, 0, 0, 0, 0, 0, 6, 0, 2, 0, 0, 0, 1, 0, 0, 0, 1, 0, 0, 7, 0, 0, 0, 0, 0, 0, 21, 0, : 2, 1, 1, 1, 6, 2, 1, 1, 7, 21, 
230: 0, 0, 3, 0, 0, 1, 1, 2, 1, 0, 1, 0, 2, 0, 0, 0, 0, 1, 0, 0, 0, 8, 1, 0, 0, 1, 0, 2, 0, 0, 1, 4, 0, 0, 0, 0, 6, 0, 0, 0, : 3, 1, 1, 2, 1, 1, 2, 1, 8, 1, 1, 2, 1, 4, 6, 
393: 1, 0, 3, 0, 0, 0, 0, 0, 3, 0, 2, 0, 0, 0, 0, 0, 0, 2, 0, 4, 0, 0, 0, 1, 4, 0, 0, 0, 0, 0, 0, 0, 8, 0, 0, 0, 0, 6, 0, 0, : 1, 3, 3, 2, 2, 4, 1, 4, 8, 6, 
56: 0, 0, 0, 1, 1, 7, 1, 0, 0, 0, 0, 1, 0, 0, 0, 0, 0, 0, 0, 1, 0, 0, 0, 0, 0, 0, 1, 0, 0, 0, 0, 1, 1, 16, 0, 3, 0, 0, 0, 0, : 1, 1, 7, 1, 1, 1, 1, 1, 1, 16, 3, 
83: 0, 2, 0, 0, 2, 0, 1, 0, 11, 0, 1, 0, 0, 0, 0, 0, 2, 0, 0, 0, 1, 9, 11, 0, 3, 0, 0, 0, 0, 1, 1, 0, 0, 0, 1, 0, 0, 2, 6, 0, : 2, 2, 1, 11, 1, 2, 1, 9, 11, 3, 1, 1, 1, 2, 6, 
327: 0, 0, 1, 0, 0, 2, 1, 0, 10, 1, 8, 0, 0, 0, 0, 0, 0, 3, 1, 0, 0, 2, 0, 0, 0, 1, 0, 0, 0, 25, 2, 1, 0, 0, 0, 0, 0, 1, 0, 0, : 1, 2, 1, 10, 1, 8, 3, 1, 2, 1, 25, 2, 1, 1, 
357: 1, 2, 1, 1, 0, 0, 3, 1, 0, 0, 0, 4, 0, 0, 0, 0, 0, 0, 1, 2, 1, 6, 1, 0, 0, 0, 0, 0, 0, 1, 0, 0, 0, 0, 0, 0, 7, 2, 0, 0, : 1, 2, 1, 1, 3, 1, 4, 1, 2, 1, 6, 1, 1, 7, 2, 
373: 0, 0, 1, 1, 0, 1, 1, 0, 0, 24, 0, 0, 0, 0, 0, 0, 0, 1, 0, 0, 1, 0, 1, 2, 0, 0, 10, 1, 0, 0, 0, 0, 0, 0, 0, 0, 0, 0, 1, 5, : 1, 1, 1, 1, 24, 1, 1, 1, 2, 10, 1, 1, 5, 
180: 0, 1, 2, 6, 0, 0, 0, 0, 0, 0, 0, 0, 10, 0, 14, 0, 0, 0, 0, 0, 1, 0, 0, 11, 13, 0, 1, 0, 0, 0, 0, 1, 2, 2, 0, 0, 0, 0, 1, 0, : 1, 2, 6, 10, 14, 1, 11, 13, 1, 1, 2, 2, 1, 
376: 0, 0, 0, 8, 0, 6, 0, 0, 0, 0, 0, 7, 0, 0, 0, 0, 0, 4, 0, 19, 0, 0, 2, 0, 1, 1, 0, 4, 0, 0, 3, 0, 1, 0, 0, 0, 0, 3, 0, 0, : 8, 6, 7, 4, 19, 2, 1, 1, 4, 3, 1, 3, 
2: 6, 0, 0, 0, 1, 0, 0, 0, 0, 0, 0, 0, 0, 1, 0, 0, 3, 2, 0, 1, 1, 2, 2, 3, 0, 1, 0, 0, 0, 0, 20, 0, 1, 1, 0, 0, 1, 1, 1, 0, : 6, 1, 1, 3, 2, 1, 1, 2, 2, 3, 1, 20, 1, 1, 1, 1, 1, 


