
40
60
40
2

25: 0, 0, 0, 18, 15, 0, 1, 1, 3, 0, 1, 0, 0, 7, 1, 5, 0, 0, 3, 1, 0, 0, 2, 0, 1, 0, 0, 0, 0, 0, 5, 3, 1, 0, 1, 0, 0, 5, 0, 9, : 18, 15, 1, 1, 3, 1, 7, 1, 5, 3, 1, 2, 1, 5, 3, 1, 1, 5, 9, 
18: 0, 0, 1, 0, 0, 1, 0, 0, 0, 0, 0, 0, 9, 1, 1, 0, 0, 0, 1, 0, 0, 16, 0, 0, 0, 0, 6, 0, 0, 9, 0, 2, 0, 1, 1, 0, 0, 0, 0, 1, : 1, 1, 9, 1, 1, 1, 16, 6, 9, 2, 1, 1, 1, 
8: 0, 0, 0, 0, 0, 1, 0, 0, 0, 1, 0, 0, 0, 0, 1, 0, 0, 0, 3, 15, 1, 0, 1, 0, 0, 1, 0, 1, 0, 0, 1, 1, 1, 3, 1, 0, 2, 0, 0, 0, : 1, 1, 1, 3, 15, 1, 1, 1, 1, 1, 1, 1, 3, 1, 2, 
34: 0, 0, 0, 1, 0, 0, 0, 0, 0, 1, 4, 0, 0, 0, 0, 0, 8, 1, 1, 1, 0, 0, 1, 0, 0, 0, 0, 1, 0, 0, 1, 0, 0, 0, 0, 0, 0, 1, 2, 12, : 1, 1, 4, 8, 1, 1, 1, 1, 1, 1, 1, 2, 12, 
47: 0, 1, 0, 0, 0, 0, 1, 1, 0, 0, 9, 7, 0, 0, 0, 18, 0, 3, 1, 0, 0, 0, 1, 0, 0, 0, 0, 2, 0, 5, 0, 0, 0, 0, 1, 0, 0, 1, 0, 0, : 1, 1, 1, 9, 7, 18, 3, 1, 1, 2, 5, 1, 1, 
32: 0, 7, 5, 5, 0, 2, 1, 0, 3, 1, 1, 0, 0, 0, 0, 0, 11, 1, 0, 0, 2, 10, 0, 0, 2, 0, 12, 1, 0, 0, 0, 0, 0, 0, 1, 3, 0, 0, 0, 0, : 7, 5, 5, 2, 1, 3, 1, 1, 11, 1, 2, 10, 2, 12, 1, 1, 3, 
60: 0, 0, 0, 0, 1, 1, 1, 3, 0, 1, 0, 0, 0, 0, 0, 0, 0, 8, 0, 0, 0, 0, 0, 0, 0, 0, 1, 0, 0, 0, 1, 1, 0, 0, 0, 0, 1, 14, 2, 0, : 1, 1, 1, 3, 1, 8, 1, 1, 1, 1, 14, 2, 
57: 0, 0, 1, 0, 1, 2, 0, 1, 0, 0, 0, 0, 0, 7, 0, 0, 0, 0, 6, 0, 0, 6, 1, 0, 0, 0, 0, 7, 0, 0, 0, 0, 0, 0, 0, 0, 4, 2, 1, 0, : 1, 1, 2, 1, 7, 6, 6, 1, 7, 4, 2, 1, 
21: 20, 0, 0, 2, 0, 0, 7, 0, 7, 0, 0, 0, 0, 7, 2, 1, 0, 2, 0, 0, 0, 0, 0, 2, 0, 0, 1, 0, 0, 0, 1, 0, 5, 1, 5, 6, 0, 0, 1, 2, : 20, 2, 7, 7, 7, 2, 1, 2, 2, 1, 1, 5, 1, 5, 6, 1, 2, 
46: 0, 0, 5, 0, 7, 2, 0, 0, 1, 1, 0, 5, 0, 1, 0, 2, 1, 0, 0, 2, 1, 0, 12, 0, 0, 1, 0, 0, 0, 0, 1, 0, 0, 0, 6, 0, 0, 0, 0, 5, : 5, 7, 2, 1, 1, 5, 1, 2, 1, 2, 1, 12, 1, 1, 6, 5, 
19: 7, 5, 0, 0, 14, 1, 1, 0, 2, 0, 0, 0, 0, 0, 2, 0, 0, 0, 0, 0, 1, 0, 0, 0, 6, 0, 0, 0, 0, 0, 1, 1, 0, 0, 1, 16, 0, 1, 0, 0, : 7, 5, 14, 1, 1, 2, 2, 1, 6, 1, 1, 1, 16, 1, 
16: 0, 0, 0, 0, 0, 1, 1, 0, 1, 4, 0, 0, 2, 4, 0, 0, 0, 0, 0, 0, 3, 1, 1, 0, 0, 0, 0, 0, 3, 0, 0, 0, 0, 0, 0, 0, 0, 0, 4, 1, : 1, 1, 1, 4, 2, 4, 3, 1, 1, 3, 4, 1, 
15: 0, 0, 4, 0, 0, 0, 1, 0, 0, 0, 0, 0, 0, 6, 11, 0, 15, 0, 0, 0, 0, 3, 0, 0, 1, 0, 0, 0, 1, 0, 3, 8, 8, 2, 0, 0, 0, 1, 0, 1, : 4, 1, 6, 11, 15, 3, 1, 1, 3, 8, 8, 2, 1, 1, 
48: 0, 0, 1, 0, 0, 5, 0, 0, 1, 0, 1, 2, 4, 0, 1, 0, 0, 2, 0, 1, 1, 0, 0, 0, 0, 0, 1, 1, 0, 0, 1, 0, 0, 0, 0, 0, 0, 11, 0, 0, : 1, 5, 1, 1, 2, 4, 1, 2, 1, 1, 1, 1, 1, 11, 
26: 3, 0, 0, 0, 0, 1, 1, 1, 0, 0, 0, 0, 1, 0, 0, 0, 0, 11, 0, 1, 7, 0, 0, 9, 0, 0, 0, 0, 0, 1, 1, 0, 0, 0, 0, 0, 0, 0, 0, 0, : 3, 1, 1, 1, 1, 11, 1, 7, 9, 1, 1, 
13: 0, 3, 18, 0, 0, 1, 1, 7, 0, 0, 0, 0, 4, 0, 0, 0, 0, 0, 1, 0, 0, 0, 0, 0, 0, 0, 0, 0, 1, 0, 3, 0, 1, 0, 0, 0, 0, 0, 0, 0, : 3, 18, 1, 1, 7, 4, 1, 1, 3, 1, 
4: 0, 0, 0, 0, 1, 2, 10, 3, 4, 0, 7, 3, 0, 0, 0, 0, 0, 1, 4, 1, 0, 1, 1, 0, 10, 1, 0, 0, 0, 0, 0, 0, 0, 1, 0, 0, 0, 0, 1, 0, : 1, 2, 10, 3, 4, 7, 3, 1, 4, 1, 1, 1, 10, 1, 1, 1, 
1: 0, 12, 1, 4, 0, 1, 1, 1, 1, 1, 0, 0, 0, 0, 0, 0, 2, 0, 0, 1, 3, 0, 1, 0, 1, 2, 3, 1, 0, 0, 0, 0, 1, 15, 2, 0, 5, 1, 0, 0, : 12, 1, 4, 1, 1, 1, 1, 1, 2, 1, 3, 1, 1, 2, 3, 1, 1, 15, 2, 5, 1, 
3: 0, 0, 0, 0, 0, 3, 1, 0, 0, 0, 1, 2, 1, 1, 1, 2, 0, 0, 2, 0, 0, 0, 0, 4, 1, 0, 12, 0, 2, 0, 1, 6, 4, 0, 1, 0, 0, 0, 0, 1, : 3, 1, 1, 2, 1, 1, 1, 2, 2, 4, 1, 12, 2, 1, 6, 4, 1, 1, 
53: 0, 1, 1, 0, 0, 1, 0, 0, 5, 2, 0, 3, 18, 0, 0, 7, 0, 0, 1, 1, 0, 0, 9, 0, 0, 16, 0, 1, 0, 0, 2, 0, 1, 1, 0, 0, 0, 0, 1, 0, : 1, 1, 1, 5, 2, 3, 18, 7, 1, 1, 9, 16, 1, 2, 1, 1, 1, 
23: 0, 0, 0, 0, 0, 0, 6, 1, 0, 1, 0, 0, 1, 0, 0, 1, 0, 3, 0, 1, 0, 0, 0, 0, 0, 0, 0, 0, 1, 0, 7, 0, 1, 0, 0, 1, 0, 1, 0, 1, : 6, 1, 1, 1, 1, 3, 1, 1, 7, 1, 1, 1, 1, 
52: 0, 0, 2, 0, 0, 1, 0, 0, 1, 1, 0, 0, 0, 0, 0, 0, 1, 1, 0, 5, 1, 0, 0, 1, 6, 0, 0, 24, 0, 13, 0, 1, 0, 0, 0, 0, 0, 0, 0, 1, : 2, 1, 1, 1, 1, 1, 5, 1, 1, 6, 24, 13, 1, 1, 
49: 5, 0, 0, 0, 0, 0, 1, 0, 7, 0, 16, 0, 0, 0, 0, 1, 0, 3, 0, 1, 0, 0, 0, 0, 0, 0, 0, 0, 1, 0, 1, 1, 2, 13, 1, 2, 13, 0, 0, 0, : 5, 1, 7, 16, 1, 3, 1, 1, 1, 1, 2, 13, 1, 2, 13, 
45: 0, 1, 0, 0, 0, 0, 2, 2, 0, 1, 0, 0, 0, 5, 0, 3, 1, 0, 6, 1, 0, 0, 0, 0, 0, 3, 0, 0, 17, 0, 0, 0, 8, 0, 0, 2, 0, 0, 25, 0, : 1, 2, 2, 1, 5, 3, 1, 6, 1, 3, 17, 8, 2, 25, 
43: 0, 0, 0, 0, 0, 1, 0, 0, 0, 1, 0, 17, 0, 0, 0, 0, 0, 0, 2, 2, 0, 1, 8, 24, 0, 0, 0, 0, 0, 0, 0, 0, 1, 0, 0, 3, 0, 0, 1, 0, : 1, 1, 17, 2, 2, 1, 8, 24, 1, 3, 1, 
44: 0, 0, 1, 0, 1, 11, 0, 0, 0, 2, 0, 0, 0, 0, 0, 0, 0, 1, 2, 0, 0, 0, 0, 0, 9, 0, 1, 0, 3, 0, 6, 0, 0, 0, 19, 2, 13, 0, 0, 0, : 1, 1, 11, 2, 1, 2, 9, 1, 3, 6, 19, 2, 13, 
39: 4, 2, 0, 0, 0, 1, 1, 0, 4, 1, 0, 0, 0, 0, 14, 0, 0, 1, 4, 1, 16, 0, 1, 0, 1, 0, 0, 0, 0, 1, 0, 5, 1, 2, 0, 1, 0, 1, 0, 1, : 4, 2, 1, 1, 4, 1, 14, 1, 4, 1, 16, 1, 1, 1, 5, 1, 2, 1, 1, 1, 
11: 0, 0, 0, 2, 0, 0, 0, 0, 0, 0, 0, 1, 0, 0, 6, 0, 1, 2, 0, 0, 3, 0, 1, 0, 1, 12, 1, 0, 11, 7, 2, 1, 4, 0, 0, 4, 0, 0, 0, 4, : 2, 1, 6, 1, 2, 3, 1, 1, 12, 1, 11, 7, 2, 1, 4, 4, 4, 
55: 1, 0, 0, 8, 0, 0, 0, 0, 0, 0, 0, 0, 0, 1, 0, 0, 0, 0, 0, 1, 1, 2, 0, 0, 1, 0, 1, 1, 0, 4, 2, 1, 1, 1, 0, 0, 0, 0, 0, 1, : 1, 8, 1, 1, 1, 2, 1, 1, 1, 4, 2, 1, 1, 1, 1, 
20: 0, 8, 0, 0, 0, 1, 2, 19, 0, 21, 0, 0, 0, 0, 0, 0, 0, 0, 3, 4, 0, 0, 0, 0, 0, 4, 1, 0, 0, 0, 0, 9, 0, 0, 0, 0, 2, 1, 2, 0, : 8, 1, 2, 19, 21, 3, 4, 4, 1, 9, 2, 1, 2, 


9: 0, 3, 0, 0, 1, 17, 0, 1, 1, 7, 1, 0, 2, 0, 0, 0, 0, 0, 1, 0, 0, 1, 0, 5, 1, 1, 0, 0, 1, 0, 0, 0, 15, 0, 0, 3, 0, 0, 1, 12, : 3, 1, 17, 1, 1, 7, 1, 2, 1, 1, 5, 1, 1, 1, 15, 3, 1, 12, 
14: 0, 0, 0, 0, 0, 1, 0, 1, 5, 0, 0, 0, 0, 0, 0, 0, 0, 0, 0, 0, 0, 0, 0, 0, 5, 3, 3, 0, 2, 0, 1, 0, 2, 0, 1, 0, 0, 0, 7, 7, : 1, 1, 5, 5, 3, 3, 2, 1, 2, 1, 7, 7, 
54: 0, 2, 0, 0, 24, 0, 2, 0, 0, 0, 0, 0, 0, 2, 0, 0, 2, 0, 2, 0, 24, 0, 0, 0, 0, 0, 0, 0, 0, 2, 0, 0, 0, 0, 0, 2, 0, 6, 0, 0, : 2, 24, 2, 2, 2, 2, 24, 2, 2, 6, 
35: 0, 2, 11, 0, 0, 0, 1, 0, 0, 1, 2, 4, 0, 0, 0, 0, 1, 0, 0, 0, 0, 0, 0, 0, 0, 1, 0, 0, 0, 0, 21, 3, 0, 4, 2, 0, 1, 4, 0, 5, : 2, 11, 1, 1, 2, 4, 1, 1, 21, 3, 4, 2, 1, 4, 5, 
59: 5, 5, 1, 4, 0, 0, 5, 0, 0, 0, 0, 0, 0, 1, 17, 2, 1, 0, 0, 8, 7, 0, 0, 1, 0, 0, 0, 11, 2, 0, 0, 0, 1, 0, 1, 0, 0, 0, 4, 0, : 5, 5, 1, 4, 5, 1, 17, 2, 1, 8, 7, 1, 11, 2, 1, 1, 4, 
28: 1, 0, 1, 1, 0, 0, 0, 0, 0, 0, 2, 0, 1, 0, 2, 0, 0, 0, 1, 0, 0, 7, 0, 1, 0, 7, 0, 0, 1, 21, 1, 0, 0, 1, 0, 1, 0, 13, 0, 0, : 1, 1, 1, 2, 1, 2, 1, 7, 1, 7, 1, 21, 1, 1, 1, 13, 
24: 1, 0, 2, 0, 2, 0, 0, 3, 0, 0, 0, 0, 0, 1, 0, 0, 0, 0, 0, 0, 0, 1, 6, 2, 0, 0, 1, 0, 0, 0, 1, 0, 0, 1, 2, 1, 0, 0, 8, 13, : 1, 2, 2, 3, 1, 1, 6, 2, 1, 1, 1, 2, 1, 8, 13, 
5: 1, 0, 0, 0, 0, 1, 1, 0, 1, 0, 0, 0, 0, 4, 0, 2, 1, 0, 7, 0, 0, 0, 0, 0, 1, 0, 0, 1, 3, 0, 0, 0, 1, 0, 0, 0, 0, 0, 1, 2, : 1, 1, 1, 1, 4, 2, 1, 7, 1, 1, 3, 1, 1, 2, 
36: 1, 0, 0, 1, 0, 2, 1, 0, 0, 14, 2, 0, 2, 13, 0, 1, 1, 0, 0, 0, 0, 2, 0, 0, 1, 1, 1, 0, 0, 0, 0, 0, 1, 4, 1, 1, 0, 0, 0, 0, : 1, 1, 2, 1, 14, 2, 2, 13, 1, 1, 2, 1, 1, 1, 1, 4, 1, 1, 
31: 1, 2, 0, 5, 0, 0, 0, 1, 1, 0, 1, 1, 1, 0, 10, 1, 0, 0, 8, 1, 0, 4, 0, 0, 0, 6, 0, 0, 0, 0, 0, 22, 0, 0, 4, 2, 0, 0, 0, 0, : 1, 2, 5, 1, 1, 1, 1, 1, 10, 1, 8, 1, 4, 6, 22, 4, 2, 
33: 9, 0, 0, 3, 0, 0, 2, 0, 0, 0, 7, 1, 0, 1, 0, 0, 1, 0, 0, 0, 0, 0, 0, 8, 1, 0, 0, 6, 0, 0, 0, 0, 0, 11, 0, 1, 22, 0, 0, 0, : 9, 3, 2, 7, 1, 1, 1, 8, 1, 6, 11, 1, 22, 
30: 0, 0, 2, 4, 1, 0, 0, 0, 1, 7, 0, 0, 1, 4, 0, 0, 1, 3, 1, 0, 0, 1, 0, 0, 0, 0, 0, 1, 8, 0, 3, 1, 1, 0, 1, 2, 0, 1, 1, 0, : 2, 4, 1, 1, 7, 1, 4, 1, 3, 1, 1, 1, 8, 3, 1, 1, 1, 2, 1, 1, 
58: 0, 0, 0, 1, 0, 0, 0, 0, 11, 0, 0, 0, 4, 1, 0, 0, 0, 0, 0, 0, 0, 17, 1, 0, 1, 2, 0, 0, 0, 0, 0, 0, 0, 0, 1, 1, 0, 0, 0, 0, : 1, 11, 4, 1, 17, 1, 1, 2, 1, 1, 
27: 0, 0, 0, 13, 1, 0, 1, 0, 0, 0, 0, 0, 0, 0, 0, 0, 0, 9, 0, 1, 1, 2, 0, 3, 0, 0, 0, 0, 0, 0, 6, 0, 1, 0, 0, 1, 14, 0, 1, 0, : 13, 1, 1, 9, 1, 1, 2, 3, 6, 1, 1, 14, 1, 
40: 11, 10, 0, 0, 0, 0, 0, 14, 0, 0, 0, 2, 2, 0, 0, 0, 1, 7, 0, 1, 0, 0, 0, 0, 16, 1, 0, 0, 0, 0, 0, 0, 0, 0, 0, 0, 0, 8, 0, 0, : 11, 10, 14, 2, 2, 1, 7, 1, 16, 1, 8, 
7: 1, 1, 1, 0, 3, 0, 0, 0, 1, 0, 0, 0, 0, 1, 0, 0, 1, 0, 1, 0, 0, 0, 0, 0, 0, 0, 0, 1, 3, 4, 0, 0, 0, 1, 5, 0, 0, 0, 1, 0, : 1, 1, 1, 3, 1, 1, 1, 1, 1, 3, 4, 1, 5, 1, 
51: 0, 0, 0, 0, 0, 0, 1, 4, 0, 5, 1, 0, 0, 4, 0, 5, 1, 0, 0, 0, 0, 0, 0, 11, 0, 3, 0, 0, 0, 0, 0, 0, 0, 0, 5, 0, 1, 0, 2, 0, : 1, 4, 5, 1, 4, 5, 1, 11, 3, 5, 1, 2, 
41: 1, 0, 0, 1, 0, 1, 0, 0, 2, 2, 0, 4, 5, 0, 0, 0, 1, 1, 0, 1, 0, 0, 0, 0, 0, 1, 0, 0, 0, 0, 0, 0, 0, 7, 0, 1, 0, 1, 0, 0, : 1, 1, 1, 2, 2, 4, 5, 1, 1, 1, 1, 7, 1, 1, 
22: 0, 0, 3, 0, 0, 0, 1, 2, 0, 2, 0, 11, 1, 0, 8, 2, 0, 0, 7, 0, 0, 1, 0, 0, 2, 1, 2, 0, 0, 0, 0, 0, 2, 0, 2, 1, 0, 0, 0, 0, : 3, 1, 2, 2, 11, 1, 8, 2, 7, 1, 2, 1, 2, 2, 2, 1, 
10: 0, 0, 0, 0, 1, 2, 20, 0, 0, 1, 1, 0, 0, 0, 0, 0, 2, 0, 1, 0, 0, 2, 0, 0, 1, 7, 0, 0, 0, 0, 0, 0, 1, 1, 1, 0, 0, 0, 1, 0, : 1, 2, 20, 1, 1, 2, 1, 2, 1, 7, 1, 1, 1, 1, 
29: 1, 0, 0, 0, 0, 0, 1, 0, 0, 0, 0, 0, 1, 2, 0, 20, 3, 1, 1, 19, 0, 0, 0, 2, 1, 0, 1, 0, 0, 0, 0, 0, 0, 0, 0, 1, 0, 0, 6, 0, : 1, 1, 1, 2, 20, 3, 1, 1, 19, 2, 1, 1, 1, 6, 
2: 0, 0, 14, 0, 0, 0, 0, 0, 1, 0, 5, 0, 0, 0, 0, 0, 1, 0, 0, 0, 0, 0, 0, 2, 1, 0, 0, 0, 7, 1, 0, 0, 0, 0, 2, 0, 0, 7, 1, 0, : 14, 1, 5, 1, 2, 1, 7, 1, 2, 7, 1, 
38: 1, 2, 1, 4, 0, 8, 0, 0, 0, 0, 10, 0, 2, 0, 1, 0, 10, 12, 0, 1, 1, 0, 0, 0, 0, 1, 0, 0, 6, 2, 0, 0, 4, 7, 1, 4, 0, 0, 0, 1, : 1, 2, 1, 4, 8, 10, 2, 1, 10, 12, 1, 1, 1, 6, 2, 4, 7, 1, 4, 1, 
50: 1, 4, 0, 2, 1, 4, 0, 0, 0, 1, 0, 0, 0, 0, 0, 4, 6, 0, 1, 1, 0, 0, 0, 0, 1, 0, 0, 2, 0, 0, 0, 0, 0, 0, 0, 1, 0, 0, 2, 0, : 1, 4, 2, 1, 4, 1, 4, 6, 1, 1, 1, 2, 1, 2, 
37: 1, 1, 3, 0, 1, 1, 1, 14, 0, 0, 0, 9, 2, 0, 0, 1, 2, 0, 2, 2, 0, 0, 0, 0, 0, 1, 0, 0, 0, 8, 0, 0, 0, 1, 0, 8, 0, 0, 0, 0, : 1, 1, 3, 1, 1, 1, 14, 9, 2, 1, 2, 2, 2, 1, 8, 1, 8, 
42: 3, 6, 0, 0, 0, 1, 3, 0, 7, 0, 0, 0, 0, 3, 0, 0, 3, 0, 5, 0, 0, 1, 0, 0, 1, 1, 0, 0, 3, 0, 2, 0, 0, 0, 1, 0, 0, 0, 0, 0, : 3, 6, 1, 3, 7, 3, 3, 5, 1, 1, 1, 3, 2, 1, 
56: 0, 2, 0, 1, 2, 0, 0, 0, 9, 0, 1, 0, 1, 0, 0, 0, 0, 1, 0, 0, 6, 0, 0, 2, 0, 0, 32, 0, 1, 0, 4, 0, 2, 1, 0, 1, 2, 0, 1, 0, : 2, 1, 2, 9, 1, 1, 1, 6, 2, 32, 1, 4, 2, 1, 1, 2, 1, 
17: 0, 0, 0, 0, 1, 0, 0, 0, 0, 0, 0, 8, 5, 0, 1, 0, 0, 2, 0, 4, 0, 0, 1, 1, 1, 2, 0, 16, 1, 0, 0, 13, 1, 1, 9, 7, 0, 0, 1, 0, : 1, 8, 5, 1, 2, 4, 1, 1, 1, 2, 16, 1, 13, 1, 1, 9, 7, 1, 
12: 0, 0, 1, 0, 0, 1, 0, 0, 0, 0, 6, 0, 0, 3, 0, 2, 1, 4, 2, 0, 1, 1, 32, 1, 5, 1, 0, 0, 1, 1, 0, 1, 1, 0, 0, 0, 0, 0, 0, 0, : 1, 1, 6, 3, 2, 1, 4, 2, 1, 1, 32, 1, 5, 1, 1, 1, 1, 1, 
6: 1, 0, 0, 0, 2, 1, 0, 0, 0, 0, 1, 0, 10, 0, 1, 0, 0, 0, 0, 1, 0, 0, 0, 1, 1, 0, 0, 2, 1, 1, 1, 0, 7, 0, 1, 1, 0, 0, 2, 0, : 1, 2, 1, 1, 10, 1, 1, 1, 1, 2, 1, 1, 1, 7, 1, 1, 2, 


